id, true label, predicted label 
26999, 0, 0 
7557, 0, 0 
33844, 0, 0 
34887, 0, 0 
10700, 0, 0 
51197, 1, 1 
57834, 1, 1 
34705, 1, 1 
50338, 1, 1 
7084, 1, 1 
51356, 2, 2 
51575, 2, 2 
18763, 2, 2 
48034, 2, 2 
15982, 2, 2 
52545, 3, 3 
29232, 3, 3 
50378, 3, 3 
49307, 3, 3 
59356, 3, 3 
17215, 4, 4 
14185, 4, 4 
20180, 4, 4 
57144, 4, 4 
40576, 4, 4 
28434, 5, 5 
25423, 5, 5 
58428, 5, 5 
40756, 5, 5 
23827, 5, 5 
28605, 6, 6 
32576, 6, 6 
55096, 6, 6 
39440, 6, 6 
18262, 6, 6 
33123, 7, 7 
995, 7, 7 
11907, 7, 7 
25816, 7, 7 
15, 7, 7 
16416, 8, 8 
10064, 8, 8 
55081, 8, 8 
19835, 8, 8 
43909, 8, 8 
37457, 9, 9 
9448, 9, 9 
29110, 9, 9 
8736, 9, 9 
33576, 9, 9 
