id, true label, predicted label 
326, 0, 0 
29750, 0, 0 
50281, 0, 0 
8046, 0, 0 
52831, 0, 0 
13090, 1, 1 
53001, 1, 1 
20988, 1, 1 
26539, 1, 1 
5882, 1, 1 
9712, 2, 2 
37307, 2, 2 
53984, 2, 2 
59734, 2, 2 
24876, 2, 2 
12828, 3, 3 
49254, 3, 3 
48264, 3, 3 
50688, 3, 3 
23563, 3, 3 
21935, 4, 4 
12227, 4, 4 
15852, 4, 4 
46498, 4, 4 
21340, 4, 4 
30991, 5, 5 
2248, 5, 5 
1592, 5, 5 
28161, 5, 5 
32699, 5, 5 
7847, 6, 6 
4828, 6, 6 
24304, 6, 6 
40356, 6, 6 
22383, 6, 6 
3894, 7, 7 
58816, 7, 7 
38133, 7, 7 
49209, 7, 7 
31730, 7, 7 
53181, 8, 8 
34669, 8, 8 
3762, 8, 8 
15546, 8, 8 
42617, 8, 8 
31353, 9, 9 
43650, 9, 9 
31893, 9, 9 
32594, 9, 9 
26068, 9, 9 
