id, true label, predicted label 
35612, 0, 0 
11657, 0, 0 
20622, 0, 0 
11072, 0, 0 
32162, 0, 0 
56010, 1, 1 
48464, 1, 1 
24628, 1, 1 
54182, 1, 1 
54557, 1, 1 
31813, 2, 2 
46414, 2, 2 
30762, 2, 2 
5289, 2, 2 
58771, 2, 2 
51237, 3, 3 
28803, 3, 3 
53035, 3, 3 
48485, 3, 3 
49431, 3, 3 
59240, 4, 4 
21627, 4, 4 
21936, 4, 4 
6833, 4, 4 
9091, 4, 4 
42509, 5, 5 
10333, 5, 5 
51079, 5, 5 
6735, 5, 5 
44821, 5, 5 
8561, 6, 6 
37859, 6, 6 
29015, 6, 6 
30648, 6, 6 
4249, 6, 6 
57196, 7, 7 
15172, 7, 7 
53094, 7, 7 
41660, 7, 7 
28558, 7, 7 
57870, 8, 8 
51769, 8, 8 
3026, 8, 8 
35295, 8, 8 
6017, 8, 8 
28808, 9, 9 
55978, 9, 9 
3186, 9, 9 
43138, 9, 9 
46284, 9, 9 
