id, true label, predicted label 
8387, 0, 0 
43556, 0, 0 
28325, 0, 0 
19871, 0, 0 
22816, 0, 0 
43951, 1, 1 
4300, 1, 1 
15316, 1, 1 
59545, 1, 1 
26726, 1, 1 
20502, 2, 2 
45486, 2, 2 
47226, 2, 2 
5528, 2, 2 
48951, 2, 2 
27870, 3, 3 
5738, 3, 3 
55283, 3, 3 
7132, 3, 3 
37555, 3, 3 
25086, 4, 4 
7464, 4, 4 
17576, 4, 4 
33889, 4, 4 
41192, 4, 4 
22205, 5, 5 
11260, 5, 5 
11817, 5, 5 
2329, 5, 5 
6096, 5, 5 
27491, 6, 6 
45986, 6, 6 
50266, 6, 6 
28708, 6, 6 
3451, 6, 6 
42831, 7, 7 
4530, 7, 7 
53699, 7, 7 
56028, 7, 7 
6375, 7, 7 
4814, 8, 8 
50176, 8, 8 
59340, 8, 8 
18439, 8, 8 
5997, 8, 8 
11089, 9, 9 
2438, 9, 9 
21774, 9, 9 
45528, 9, 9 
48388, 9, 9 
