id, true label, predicted label 
6928, 0, 0 
49497, 0, 0 
2770, 0, 0 
25707, 0, 0 
10645, 0, 0 
43829, 1, 1 
43071, 1, 1 
26492, 1, 1 
46809, 1, 1 
15435, 1, 1 
3244, 2, 2 
58472, 2, 2 
24213, 2, 2 
16482, 2, 2 
6515, 2, 2 
24373, 3, 3 
43658, 3, 3 
22643, 3, 3 
16861, 3, 3 
16019, 3, 3 
18589, 4, 4 
24514, 4, 4 
19340, 4, 4 
2289, 4, 4 
37239, 4, 4 
36697, 5, 5 
24792, 5, 5 
42762, 5, 5 
53497, 5, 5 
768, 5, 5 
52685, 6, 6 
48620, 6, 6 
28975, 6, 6 
44168, 6, 6 
49233, 6, 6 
48515, 7, 7 
59031, 7, 7 
20765, 7, 7 
59908, 7, 7 
54207, 7, 7 
47057, 8, 8 
34763, 8, 8 
20904, 8, 8 
29494, 8, 8 
37152, 8, 8 
39377, 9, 9 
12655, 9, 9 
51938, 9, 9 
5172, 9, 9 
22116, 9, 9 
