id, true label, predicted label 
36331, 0, 0 
18794, 0, 0 
31625, 0, 0 
32520, 0, 0 
48920, 0, 0 
40864, 1, 1 
4696, 1, 1 
23505, 1, 1 
52990, 1, 1 
26174, 1, 1 
6846, 2, 2 
27652, 2, 2 
49363, 2, 2 
45430, 2, 2 
50221, 2, 2 
27988, 3, 3 
48498, 3, 3 
3687, 3, 3 
53619, 3, 3 
19347, 3, 3 
6546, 4, 4 
22547, 4, 4 
36962, 4, 4 
7974, 4, 4 
1818, 4, 4 
32582, 5, 5 
21850, 5, 5 
7475, 5, 5 
28080, 5, 5 
4077, 5, 5 
57758, 6, 6 
24395, 6, 6 
25636, 6, 6 
55900, 6, 6 
40609, 6, 6 
10637, 7, 7 
24727, 7, 7 
22759, 7, 7 
29338, 7, 7 
4041, 7, 7 
15738, 8, 8 
17768, 8, 8 
2475, 8, 8 
7768, 8, 8 
34376, 8, 8 
4032, 9, 9 
11353, 9, 9 
31097, 9, 9 
45784, 9, 9 
11617, 9, 9 
