id, true label, predicted label 
50862, 0, 0 
52095, 0, 0 
30480, 0, 0 
23032, 0, 0 
32144, 0, 0 
48943, 1, 1 
51671, 1, 1 
30854, 1, 1 
53833, 1, 1 
16376, 1, 1 
2357, 2, 2 
7895, 2, 2 
40622, 2, 2 
2251, 2, 2 
9757, 2, 2 
31602, 3, 3 
46187, 3, 3 
13250, 3, 3 
25377, 3, 3 
28668, 3, 3 
14349, 4, 4 
19311, 4, 4 
38147, 4, 4 
50879, 4, 4 
29767, 4, 4 
29129, 5, 5 
55225, 5, 5 
53626, 5, 5 
28469, 5, 5 
25886, 5, 5 
31670, 6, 6 
54150, 6, 6 
15303, 6, 6 
43572, 6, 6 
9206, 6, 6 
59554, 7, 7 
30531, 7, 7 
3494, 7, 7 
22350, 7, 7 
27574, 7, 7 
51242, 8, 8 
45116, 8, 8 
52218, 8, 8 
35541, 8, 8 
57736, 8, 8 
53841, 9, 9 
50177, 9, 9 
40330, 9, 9 
58850, 9, 9 
27368, 9, 9 
