id, true label, predicted label 
9986, 0, 0 
4027, 0, 0 
37917, 0, 0 
10732, 0, 0 
58829, 0, 0 
6021, 1, 1 
21944, 1, 1 
9332, 1, 1 
16508, 1, 1 
13260, 1, 1 
29247, 2, 2 
39256, 2, 2 
39572, 2, 2 
13586, 2, 2 
41955, 2, 2 
6170, 3, 3 
13931, 3, 3 
26057, 3, 3 
5683, 3, 3 
8790, 3, 3 
35840, 4, 4 
4939, 4, 4 
34988, 4, 4 
47607, 4, 4 
54785, 4, 4 
4974, 5, 5 
15071, 5, 5 
50768, 5, 5 
20171, 5, 5 
7449, 5, 5 
47943, 6, 6 
5099, 6, 6 
38933, 6, 6 
3363, 6, 6 
25901, 6, 6 
15811, 7, 7 
17278, 7, 7 
59370, 7, 7 
58614, 7, 7 
17044, 7, 7 
35471, 8, 8 
27185, 8, 8 
36020, 8, 8 
10187, 8, 8 
13342, 8, 8 
49870, 9, 9 
41502, 9, 9 
5063, 9, 9 
49121, 9, 9 
1751, 9, 9 
