id, true label, predicted label 
9687, 0, 0 
23662, 0, 0 
41634, 0, 0 
4218, 0, 0 
47289, 0, 0 
21253, 1, 1 
32472, 1, 1 
33188, 1, 1 
43490, 1, 1 
57440, 1, 1 
52169, 2, 2 
39644, 2, 2 
26213, 2, 2 
44054, 2, 2 
47585, 2, 2 
43155, 3, 3 
21496, 3, 3 
51260, 3, 3 
26625, 3, 3 
41960, 3, 3 
49072, 4, 4 
24542, 4, 4 
54399, 4, 4 
4099, 4, 4 
3459, 4, 4 
36729, 5, 5 
11609, 5, 5 
10770, 5, 5 
37820, 5, 5 
33773, 5, 5 
33006, 6, 6 
20323, 6, 6 
739, 6, 6 
41659, 6, 6 
26641, 6, 6 
39314, 7, 7 
20759, 7, 7 
53548, 7, 7 
49516, 7, 7 
56510, 7, 7 
35438, 8, 8 
25072, 8, 8 
58011, 8, 8 
26743, 8, 8 
28902, 8, 8 
26536, 9, 9 
33358, 9, 9 
28574, 9, 9 
52357, 9, 9 
14816, 9, 9 
