id, true label, predicted label 
14334, 0, 0 
52817, 0, 0 
6023, 0, 0 
26784, 0, 0 
46837, 0, 0 
47236, 1, 1 
44891, 1, 1 
41333, 1, 1 
53140, 1, 1 
59517, 1, 1 
43184, 2, 2 
37925, 2, 2 
49757, 2, 2 
22083, 2, 2 
58896, 2, 2 
59178, 3, 3 
33139, 3, 3 
14916, 3, 3 
24575, 3, 3 
21775, 3, 3 
49647, 4, 4 
55983, 4, 4 
12055, 4, 4 
17469, 4, 4 
28703, 4, 4 
2739, 5, 5 
50592, 5, 5 
22650, 5, 5 
25335, 5, 5 
18446, 5, 5 
2662, 6, 6 
35750, 6, 6 
47497, 6, 6 
47047, 6, 6 
45425, 6, 6 
14832, 7, 7 
33988, 7, 7 
56382, 7, 7 
23230, 7, 7 
38246, 7, 7 
3114, 8, 8 
17658, 8, 8 
12923, 8, 8 
32244, 8, 8 
31569, 8, 8 
16839, 9, 9 
56348, 9, 9 
44351, 9, 9 
17817, 9, 9 
48413, 9, 9 
