id, true label, predicted label 
9257, 0, 0 
36213, 0, 0 
40241, 0, 0 
3429, 0, 0 
37047, 0, 0 
12591, 1, 1 
31447, 1, 1 
57849, 1, 1 
276, 1, 1 
56252, 1, 1 
5481, 2, 2 
48017, 2, 2 
16060, 2, 2 
42805, 2, 2 
5656, 2, 2 
30354, 3, 3 
12100, 3, 3 
46379, 3, 3 
55858, 3, 3 
33399, 3, 3 
7145, 4, 4 
43433, 4, 4 
46745, 4, 4 
51923, 4, 4 
44459, 4, 4 
55894, 5, 5 
30285, 5, 5 
30575, 5, 5 
19659, 5, 5 
437, 5, 5 
29149, 6, 6 
43857, 6, 6 
38187, 6, 6 
42475, 6, 6 
39383, 6, 6 
47362, 7, 7 
38743, 7, 7 
20435, 7, 7 
14307, 7, 7 
7423, 7, 7 
15640, 8, 8 
48351, 8, 8 
32349, 8, 8 
27995, 8, 8 
33997, 8, 8 
19403, 9, 9 
5008, 9, 9 
2553, 9, 9 
29956, 9, 9 
57432, 9, 9 
