id, true label, predicted label 
7018, 0, 0 
2718, 0, 0 
28358, 0, 0 
42217, 0, 0 
27082, 0, 0 
46915, 1, 1 
34513, 1, 1 
19482, 1, 1 
35829, 1, 1 
25414, 1, 1 
25004, 2, 2 
2824, 2, 2 
25551, 2, 2 
38124, 2, 2 
43317, 2, 2 
42117, 3, 3 
15872, 3, 3 
17893, 3, 3 
37578, 3, 3 
15701, 3, 3 
4768, 4, 4 
23188, 4, 4 
9585, 4, 4 
48357, 4, 4 
37295, 4, 4 
13663, 5, 5 
49360, 5, 5 
56038, 5, 5 
41475, 5, 5 
22866, 5, 5 
9692, 6, 6 
48409, 6, 6 
57015, 6, 6 
19881, 6, 6 
43594, 6, 6 
22454, 7, 7 
1564, 7, 7 
31100, 7, 7 
47399, 7, 7 
8698, 7, 7 
54280, 8, 8 
1214, 8, 8 
17975, 8, 8 
50044, 8, 8 
17924, 8, 8 
53204, 9, 9 
53623, 9, 9 
3063, 9, 9 
2702, 9, 9 
43086, 9, 9 
