id, true label, predicted label 
20117, 0, 0 
58523, 0, 0 
51753, 0, 0 
22829, 0, 0 
25312, 0, 0 
13492, 0, 0 
50559, 0, 0 
59696, 0, 0 
24615, 0, 0 
29809, 0, 0 
52291, 1, 1 
25825, 1, 1 
46304, 1, 1 
10568, 1, 1 
43897, 1, 1 
41372, 1, 1 
48510, 1, 1 
48537, 1, 1 
24625, 1, 1 
4944, 1, 1 
27490, 2, 2 
19737, 2, 2 
29064, 2, 2 
45661, 2, 2 
57270, 2, 2 
23777, 2, 2 
30365, 2, 2 
36142, 2, 2 
20715, 2, 2 
50096, 2, 2 
37996, 3, 3 
36242, 3, 3 
20626, 3, 3 
44282, 3, 3 
23483, 3, 3 
38193, 3, 3 
6594, 3, 3 
28119, 3, 3 
13983, 3, 3 
4490, 3, 3 
59522, 4, 4 
41749, 4, 4 
48288, 4, 4 
19923, 4, 4 
48172, 4, 4 
28327, 4, 4 
25188, 4, 4 
57127, 4, 4 
49609, 4, 4 
24530, 4, 4 
39573, 5, 5 
34913, 5, 5 
4416, 5, 5 
45963, 5, 5 
48606, 5, 5 
54639, 5, 5 
51298, 5, 5 
33700, 5, 5 
13276, 5, 5 
16682, 5, 5 
33794, 6, 6 
20978, 6, 6 
29275, 6, 6 
47486, 6, 6 
21617, 6, 6 
26347, 6, 6 
21781, 6, 6 
41157, 6, 6 
4408, 6, 6 
35791, 6, 6 
1832, 7, 7 
15106, 7, 7 
45188, 7, 7 
23433, 7, 7 
25649, 7, 7 
19262, 7, 7 
45615, 7, 7 
7961, 7, 7 
55887, 7, 7 
48095, 7, 7 
17162, 8, 8 
24370, 8, 8 
11210, 8, 8 
3665, 8, 8 
59685, 8, 8 
35477, 8, 8 
5257, 8, 8 
56409, 8, 8 
26805, 8, 9 
29702, 8, 8 
13982, 9, 9 
40631, 9, 9 
54076, 9, 9 
20235, 9, 9 
51713, 9, 9 
38265, 9, 9 
25625, 9, 9 
36587, 9, 9 
46168, 9, 9 
6589, 9, 9 
