id, true label, predicted label 
9983, 0, 0 
52039, 0, 0 
42732, 0, 0 
53401, 0, 0 
41588, 0, 0 
12888, 0, 0 
7281, 0, 0 
11060, 0, 0 
46459, 0, 0 
24188, 0, 0 
30137, 1, 1 
54886, 1, 1 
54005, 1, 1 
16907, 1, 1 
25910, 1, 8 
18444, 1, 1 
38095, 1, 1 
57433, 1, 1 
31862, 1, 1 
26205, 1, 1 
29351, 2, 2 
55443, 2, 2 
41516, 2, 2 
16237, 2, 2 
53512, 2, 2 
32437, 2, 2 
57509, 2, 2 
12861, 2, 2 
1735, 2, 2 
515, 2, 2 
3415, 3, 3 
26909, 3, 3 
38955, 3, 3 
27937, 3, 3 
16427, 3, 3 
5001, 3, 3 
1312, 3, 3 
26629, 3, 7 
48626, 3, 3 
36515, 3, 3 
6546, 4, 4 
14904, 4, 9 
12075, 4, 4 
50022, 4, 4 
51579, 4, 4 
42620, 4, 4 
33824, 4, 4 
59392, 4, 4 
46884, 4, 4 
32448, 4, 4 
41933, 5, 5 
31344, 5, 5 
44476, 5, 5 
21563, 5, 5 
16356, 5, 5 
19959, 5, 5 
39468, 5, 5 
45432, 5, 5 
15873, 5, 5 
59670, 5, 5 
29838, 6, 6 
30343, 6, 6 
40642, 6, 6 
17251, 6, 6 
29793, 6, 6 
9997, 6, 6 
15591, 6, 6 
23706, 6, 6 
31856, 6, 1 
31270, 6, 6 
11687, 7, 7 
5447, 7, 7 
29117, 7, 7 
53836, 7, 7 
41054, 7, 7 
41324, 7, 7 
40627, 7, 7 
27265, 7, 7 
58453, 7, 7 
9276, 7, 7 
23553, 8, 8 
43333, 8, 8 
47886, 8, 8 
9601, 8, 8 
3002, 8, 8 
47896, 8, 8 
57731, 8, 8 
49543, 8, 0 
10250, 8, 8 
54030, 8, 7 
7070, 9, 9 
19747, 9, 9 
31225, 9, 9 
11931, 9, 9 
24942, 9, 9 
5718, 9, 9 
45671, 9, 9 
52948, 9, 9 
44741, 9, 9 
30814, 9, 9 
