id, true label, predicted label 
13822, 0, 0 
52245, 0, 0 
54649, 0, 0 
51017, 0, 0 
30246, 0, 0 
7158, 0, 0 
38662, 0, 0 
39935, 0, 0 
31020, 0, 0 
10840, 0, 0 
57552, 1, 1 
35244, 1, 1 
37190, 1, 1 
39072, 1, 1 
15898, 1, 1 
40196, 1, 1 
7696, 1, 1 
24322, 1, 1 
40769, 1, 1 
10268, 1, 1 
19926, 2, 2 
5247, 2, 2 
12985, 2, 2 
43871, 2, 2 
20520, 2, 2 
29496, 2, 2 
12802, 2, 2 
52403, 2, 2 
12435, 2, 2 
23039, 2, 2 
34644, 3, 3 
13980, 3, 3 
57872, 3, 3 
10765, 3, 3 
48965, 3, 3 
6170, 3, 3 
26831, 3, 3 
4246, 3, 3 
181, 3, 3 
44681, 3, 3 
9701, 4, 4 
12125, 4, 4 
24274, 4, 4 
41307, 4, 4 
37419, 4, 4 
44027, 4, 4 
23083, 4, 4 
36817, 4, 4 
41206, 4, 4 
29588, 4, 6 
6569, 5, 8 
12733, 5, 5 
1482, 5, 5 
42387, 5, 5 
20718, 5, 5 
17504, 5, 5 
45624, 5, 5 
14994, 5, 5 
22186, 5, 5 
4723, 5, 5 
1567, 6, 6 
22385, 6, 6 
44070, 6, 6 
58755, 6, 6 
27161, 6, 6 
34624, 6, 6 
58442, 6, 6 
58136, 6, 6 
36038, 6, 6 
3046, 6, 6 
22662, 7, 7 
3914, 7, 7 
18671, 7, 7 
30017, 7, 7 
5569, 7, 7 
44111, 7, 7 
54100, 7, 7 
30442, 7, 7 
49615, 7, 7 
58912, 7, 7 
25213, 8, 8 
16860, 8, 8 
47008, 8, 8 
13489, 8, 8 
19000, 8, 8 
24589, 8, 8 
43165, 8, 8 
56126, 8, 8 
47183, 8, 8 
37324, 8, 8 
7200, 9, 9 
35125, 9, 9 
35506, 9, 9 
12989, 9, 9 
58437, 9, 9 
22125, 9, 9 
15349, 9, 9 
59127, 9, 9 
4523, 9, 9 
59287, 9, 9 
