id, true label, predicted label 
27628, 0, 0 
20843, 0, 0 
1502, 0, 0 
29490, 0, 0 
58754, 0, 0 
7052, 0, 0 
2718, 0, 0 
55666, 0, 0 
41077, 0, 0 
38614, 0, 0 
10118, 1, 1 
6747, 1, 1 
53273, 1, 1 
46747, 1, 1 
14758, 1, 1 
1031, 1, 1 
52562, 1, 1 
11112, 1, 1 
17661, 1, 1 
59149, 1, 1 
54318, 2, 2 
11250, 2, 2 
2450, 2, 2 
21527, 2, 2 
50899, 2, 2 
16025, 2, 2 
34907, 2, 2 
20454, 2, 2 
28454, 2, 2 
38288, 2, 2 
39595, 3, 3 
13543, 3, 3 
5605, 3, 3 
9420, 3, 3 
11813, 3, 3 
53447, 3, 3 
17864, 3, 3 
7800, 3, 3 
41491, 3, 3 
5328, 3, 3 
39867, 4, 4 
54009, 4, 4 
6812, 4, 4 
36675, 4, 4 
834, 4, 4 
14769, 4, 4 
20053, 4, 4 
25380, 4, 4 
6449, 4, 4 
4721, 4, 4 
37119, 5, 5 
58262, 5, 5 
19752, 5, 5 
47, 5, 5 
757, 5, 5 
39958, 5, 5 
36690, 5, 5 
5934, 5, 5 
29100, 5, 5 
24908, 5, 5 
27175, 6, 6 
4990, 6, 6 
13011, 6, 6 
13770, 6, 6 
32826, 6, 6 
39747, 6, 6 
56981, 6, 6 
8799, 6, 6 
36063, 6, 6 
52150, 6, 6 
41221, 7, 7 
56285, 7, 7 
48724, 7, 7 
20354, 7, 7 
53501, 7, 7 
59469, 7, 7 
16882, 7, 7 
8913, 7, 7 
36284, 7, 7 
22134, 7, 7 
17345, 8, 8 
51880, 8, 8 
17362, 8, 8 
58358, 8, 8 
27508, 8, 8 
37122, 8, 8 
59049, 8, 8 
51244, 8, 8 
40213, 8, 8 
2679, 8, 8 
8547, 9, 9 
15433, 9, 9 
49388, 9, 9 
54548, 9, 9 
20826, 9, 9 
974, 9, 9 
28330, 9, 9 
56726, 9, 9 
31074, 9, 9 
33061, 9, 9 
