id, true label, predicted label 
3709, 0, 0 
40277, 0, 0 
57760, 0, 0 
28628, 0, 0 
48267, 0, 0 
18836, 0, 0 
7325, 0, 0 
15761, 0, 0 
59659, 0, 0 
42369, 0, 0 
23822, 1, 1 
2708, 1, 1 
33231, 1, 1 
20988, 1, 1 
28232, 1, 1 
533, 1, 1 
21477, 1, 1 
47681, 1, 1 
3394, 1, 1 
4810, 1, 1 
58831, 2, 2 
57319, 2, 2 
29401, 2, 2 
28389, 2, 2 
3607, 2, 2 
32726, 2, 2 
16482, 2, 2 
52011, 2, 2 
58644, 2, 2 
9087, 2, 2 
19377, 3, 3 
6123, 3, 3 
56621, 3, 3 
34171, 3, 3 
18569, 3, 3 
4579, 3, 3 
46937, 3, 3 
16344, 3, 3 
38712, 3, 3 
25210, 3, 3 
17141, 4, 4 
5180, 4, 4 
35759, 4, 4 
52838, 4, 4 
1460, 4, 4 
21326, 4, 9 
4787, 4, 4 
47431, 4, 4 
21246, 4, 4 
38201, 4, 4 
1575, 5, 5 
20266, 5, 5 
55498, 5, 5 
51498, 5, 5 
42964, 5, 5 
1978, 5, 5 
59800, 5, 5 
47348, 5, 5 
40175, 5, 5 
33365, 5, 8 
31577, 6, 6 
12735, 6, 6 
47214, 6, 6 
6567, 6, 6 
52183, 6, 6 
56845, 6, 6 
13220, 6, 6 
24286, 6, 6 
21074, 6, 6 
27355, 6, 6 
48914, 7, 7 
12641, 7, 7 
3538, 7, 7 
4354, 7, 7 
12757, 7, 7 
10759, 7, 7 
52321, 7, 7 
41026, 7, 7 
53074, 7, 7 
58848, 7, 7 
25988, 8, 8 
18114, 8, 8 
38945, 8, 8 
6214, 8, 8 
49303, 8, 8 
30147, 8, 8 
36652, 8, 8 
26719, 8, 8 
41611, 8, 8 
52944, 8, 8 
8899, 9, 9 
29738, 9, 9 
53736, 9, 9 
31841, 9, 9 
39911, 9, 9 
20026, 9, 9 
45873, 9, 9 
41644, 9, 9 
4973, 9, 9 
32959, 9, 9 
