id, true label, predicted label 
33947, 0, 0 
51061, 0, 0 
4563, 0, 0 
38746, 0, 0 
50808, 0, 0 
2597, 0, 0 
6972, 0, 0 
58356, 0, 0 
31476, 0, 0 
29409, 0, 0 
16262, 1, 1 
20474, 1, 1 
37155, 1, 1 
18568, 1, 1 
59827, 1, 1 
37139, 1, 1 
43770, 1, 1 
14038, 1, 1 
11291, 1, 1 
33425, 1, 1 
23894, 2, 2 
9509, 2, 2 
33698, 2, 2 
15016, 2, 2 
57933, 2, 2 
30485, 2, 2 
47101, 2, 2 
55001, 2, 2 
10113, 2, 2 
25718, 2, 2 
5919, 3, 3 
25413, 3, 3 
21775, 3, 3 
52751, 3, 3 
33589, 3, 3 
34815, 3, 3 
39520, 3, 3 
21998, 3, 3 
35869, 3, 3 
10585, 3, 3 
36795, 4, 4 
55891, 4, 4 
11824, 4, 4 
43291, 4, 4 
15543, 4, 4 
48885, 4, 4 
14720, 4, 4 
28843, 4, 4 
47607, 4, 4 
35662, 4, 4 
29890, 5, 5 
1356, 5, 5 
49682, 5, 5 
29112, 5, 5 
56529, 5, 5 
47146, 5, 5 
41025, 5, 5 
5383, 5, 5 
23861, 5, 5 
48623, 5, 5 
29272, 6, 6 
31806, 6, 6 
43320, 6, 6 
38478, 6, 6 
35955, 6, 6 
32969, 6, 6 
37315, 6, 6 
19788, 6, 6 
54572, 6, 6 
46715, 6, 6 
57181, 7, 7 
942, 7, 7 
96, 7, 7 
33304, 7, 7 
25597, 7, 7 
45652, 7, 7 
57751, 7, 7 
52528, 7, 7 
22467, 7, 7 
29202, 7, 7 
26385, 8, 8 
34734, 8, 8 
11506, 8, 8 
48891, 8, 8 
30401, 8, 8 
53672, 8, 8 
39951, 8, 8 
6760, 8, 8 
2555, 8, 8 
50421, 8, 8 
8363, 9, 9 
34592, 9, 9 
24197, 9, 9 
1459, 9, 9 
3238, 9, 9 
29935, 9, 9 
5017, 9, 9 
31818, 9, 9 
27968, 9, 9 
27521, 9, 9 
