id, true label, predicted label 
43712, 0, 0 
4776, 0, 0 
7471, 0, 0 
54391, 0, 0 
47042, 0, 0 
15566, 0, 0 
19818, 0, 0 
2404, 0, 0 
39527, 0, 0 
28122, 0, 0 
59738, 1, 1 
40714, 1, 1 
34681, 1, 1 
59827, 1, 1 
17834, 1, 1 
2872, 1, 1 
20348, 1, 1 
1123, 1, 1 
2988, 1, 1 
41641, 1, 1 
57964, 2, 2 
6805, 2, 2 
35802, 2, 2 
21760, 2, 2 
50899, 2, 2 
50720, 2, 2 
44298, 2, 2 
40289, 2, 2 
39726, 2, 2 
32579, 2, 2 
47970, 3, 3 
20941, 3, 3 
51428, 3, 3 
21539, 3, 3 
55717, 3, 3 
54322, 3, 3 
22675, 3, 3 
30183, 3, 3 
42088, 3, 3 
51848, 3, 3 
22980, 4, 4 
54112, 4, 4 
27141, 4, 4 
30590, 4, 4 
56758, 4, 4 
56247, 4, 4 
35126, 4, 4 
20262, 4, 4 
11627, 4, 4 
58504, 4, 4 
41868, 5, 5 
17385, 5, 5 
14639, 5, 5 
51392, 5, 5 
37699, 5, 5 
31520, 5, 5 
53812, 5, 5 
33632, 5, 5 
43560, 5, 5 
1978, 5, 5 
3387, 6, 6 
41351, 6, 6 
34106, 6, 6 
1503, 6, 6 
7700, 6, 6 
50199, 6, 6 
23983, 6, 6 
21392, 6, 6 
36278, 6, 6 
57143, 6, 6 
24005, 7, 7 
25926, 7, 7 
46156, 7, 7 
26234, 7, 7 
2634, 7, 7 
13391, 7, 7 
4977, 7, 7 
58140, 7, 7 
25133, 7, 7 
39835, 7, 7 
40777, 8, 8 
43894, 8, 8 
43383, 8, 8 
43824, 8, 8 
8607, 8, 8 
4873, 8, 8 
15411, 8, 8 
10422, 8, 8 
51307, 8, 8 
44163, 8, 8 
16170, 9, 9 
27460, 9, 9 
23016, 9, 9 
1421, 9, 9 
50947, 9, 9 
11225, 9, 9 
41771, 9, 9 
35479, 9, 9 
14479, 9, 9 
49262, 9, 9 
