id, true label, predicted label 
48322, 0, 0 
35343, 0, 0 
29570, 0, 0 
30871, 0, 0 
36749, 0, 0 
2584, 0, 0 
15711, 0, 0 
59155, 0, 0 
16975, 0, 0 
41506, 0, 0 
9069, 1, 1 
38097, 1, 1 
15148, 1, 1 
39265, 1, 1 
4013, 1, 1 
40714, 1, 1 
24811, 1, 1 
44126, 1, 1 
27681, 1, 1 
20829, 1, 1 
33180, 2, 2 
21366, 2, 2 
47132, 2, 2 
34680, 2, 2 
55662, 2, 2 
1175, 2, 2 
1896, 2, 2 
31381, 2, 2 
21197, 2, 2 
17153, 2, 2 
27183, 3, 3 
45473, 3, 3 
23547, 3, 3 
31636, 3, 3 
4121, 3, 3 
52907, 3, 8 
19518, 3, 3 
39325, 3, 3 
56621, 3, 3 
14566, 3, 3 
40867, 4, 4 
11913, 4, 4 
29461, 4, 4 
2071, 4, 4 
34022, 4, 4 
6714, 4, 4 
12763, 4, 4 
35412, 4, 4 
32015, 4, 4 
30108, 4, 4 
13387, 5, 5 
44858, 5, 5 
35787, 5, 5 
24490, 5, 5 
191, 5, 5 
7249, 5, 5 
9381, 5, 5 
50786, 5, 5 
31746, 5, 5 
8569, 5, 5 
57742, 6, 6 
8733, 6, 6 
26768, 6, 6 
41561, 6, 6 
8881, 6, 6 
35537, 6, 6 
19151, 6, 6 
47383, 6, 6 
29160, 6, 6 
5365, 6, 6 
33280, 7, 7 
1023, 7, 7 
22826, 7, 7 
13421, 7, 7 
3498, 7, 7 
3283, 7, 7 
3641, 7, 7 
35553, 7, 7 
21459, 7, 7 
25211, 7, 7 
54308, 8, 8 
2476, 8, 8 
33452, 8, 8 
34563, 8, 8 
28480, 8, 8 
11070, 8, 8 
32667, 8, 8 
48394, 8, 8 
6795, 8, 8 
6744, 8, 8 
22086, 9, 9 
16480, 9, 9 
42924, 9, 9 
16137, 9, 9 
15112, 9, 9 
41948, 9, 9 
50239, 9, 9 
23027, 9, 9 
15369, 9, 9 
1518, 9, 9 
