id, true label, predicted label 
28242, 0, 0 
18073, 0, 0 
38523, 0, 0 
15695, 0, 0 
39363, 0, 0 
46192, 0, 0 
4343, 0, 0 
47476, 0, 0 
9874, 0, 0 
35012, 0, 0 
22899, 1, 1 
38909, 1, 1 
58017, 1, 1 
12071, 1, 1 
15612, 1, 1 
48663, 1, 1 
2225, 1, 1 
28133, 1, 1 
29233, 1, 1 
34980, 1, 1 
24427, 2, 2 
4096, 2, 2 
26800, 2, 2 
21014, 2, 2 
52611, 2, 2 
50247, 2, 2 
32678, 2, 2 
9542, 2, 2 
45073, 2, 2 
6105, 2, 2 
6894, 3, 3 
6405, 3, 3 
31636, 3, 3 
39721, 3, 3 
5379, 3, 3 
40734, 3, 3 
45862, 3, 3 
29014, 3, 3 
23419, 3, 3 
37229, 3, 3 
39063, 4, 4 
57443, 4, 4 
30921, 4, 4 
28028, 4, 4 
7442, 4, 4 
34855, 4, 4 
56886, 4, 4 
36970, 4, 4 
38789, 4, 4 
46352, 4, 4 
11596, 5, 5 
37589, 5, 5 
58330, 5, 5 
15116, 5, 5 
49950, 5, 5 
24001, 5, 5 
55804, 5, 5 
53100, 5, 5 
3669, 5, 5 
34952, 5, 5 
46272, 6, 6 
14641, 6, 6 
58770, 6, 6 
33497, 6, 6 
56840, 6, 6 
47047, 6, 6 
18221, 6, 6 
42295, 6, 6 
8638, 6, 6 
32, 6, 6 
2540, 7, 7 
17617, 7, 7 
8596, 7, 7 
27950, 7, 7 
13027, 7, 7 
9535, 7, 7 
8965, 7, 7 
33736, 7, 7 
14663, 7, 7 
22871, 7, 7 
44579, 8, 8 
47013, 8, 8 
5463, 8, 8 
51846, 8, 8 
59423, 8, 8 
4448, 8, 8 
58636, 8, 8 
823, 8, 8 
5140, 8, 8 
52913, 8, 8 
6699, 9, 9 
4901, 9, 9 
30342, 9, 9 
434, 9, 9 
31256, 9, 9 
38247, 9, 9 
44340, 9, 9 
24401, 9, 9 
48457, 9, 9 
12768, 9, 9 
