id, true label, predicted label 
21985, 0, 0 
50256, 0, 0 
16439, 0, 0 
28305, 0, 0 
39360, 0, 0 
19581, 0, 0 
18641, 0, 0 
53503, 0, 0 
27209, 0, 0 
17905, 0, 0 
42307, 1, 1 
29173, 1, 1 
39217, 1, 1 
28794, 1, 1 
41939, 1, 1 
56007, 1, 1 
21899, 1, 1 
4420, 1, 1 
21741, 1, 1 
18583, 1, 1 
10106, 2, 2 
31506, 2, 2 
12281, 2, 2 
26595, 2, 2 
20454, 2, 2 
24862, 2, 2 
30794, 2, 2 
37157, 2, 2 
46710, 2, 2 
20239, 2, 2 
56260, 3, 3 
9300, 3, 3 
58219, 3, 3 
57771, 3, 3 
31431, 3, 3 
13576, 3, 3 
1315, 3, 3 
11777, 3, 3 
31178, 3, 3 
20728, 3, 3 
27948, 4, 4 
8875, 4, 4 
56320, 4, 4 
2050, 4, 4 
23801, 4, 4 
41066, 4, 4 
5989, 4, 4 
18145, 4, 4 
14739, 4, 4 
11494, 4, 4 
35977, 5, 5 
14549, 5, 5 
32603, 5, 5 
25954, 5, 5 
32090, 5, 5 
13591, 5, 5 
7091, 5, 5 
480, 5, 5 
20342, 5, 5 
25832, 5, 5 
48116, 6, 6 
6657, 6, 6 
27198, 6, 6 
44315, 6, 6 
17728, 6, 6 
43485, 6, 6 
11048, 6, 6 
47191, 6, 6 
41346, 6, 6 
40176, 6, 6 
56346, 7, 7 
18969, 7, 7 
25500, 7, 7 
3795, 7, 7 
7525, 7, 7 
23070, 7, 7 
5676, 7, 7 
40170, 7, 7 
43401, 7, 7 
23985, 7, 7 
45813, 8, 8 
15988, 8, 8 
20758, 8, 8 
32712, 8, 8 
29139, 8, 8 
24558, 8, 8 
16762, 8, 8 
59995, 8, 8 
25851, 8, 8 
52933, 8, 8 
23901, 9, 9 
20333, 9, 9 
24082, 9, 9 
25502, 9, 9 
31786, 9, 9 
12833, 9, 9 
17958, 9, 9 
13209, 9, 9 
7087, 9, 9 
24556, 9, 9 
