id, true label, predicted label 
59450, 0, 0 
7243, 0, 0 
24388, 0, 0 
42374, 0, 0 
2310, 0, 0 
18921, 0, 0 
55501, 0, 0 
16122, 0, 0 
58461, 0, 0 
5690, 0, 0 
36943, 1, 1 
20674, 1, 1 
18452, 1, 1 
17815, 1, 1 
9240, 1, 1 
269, 1, 1 
38097, 1, 1 
32743, 1, 1 
1717, 1, 1 
12145, 1, 1 
4574, 2, 2 
57151, 2, 2 
3077, 2, 2 
13771, 2, 2 
37462, 2, 2 
8078, 2, 2 
47819, 2, 2 
37560, 2, 2 
47113, 2, 2 
14163, 2, 2 
9680, 3, 3 
20356, 3, 3 
4740, 3, 3 
34736, 3, 3 
28075, 3, 3 
13937, 3, 3 
56324, 3, 3 
27930, 3, 3 
6033, 3, 3 
55732, 3, 3 
1992, 4, 4 
55607, 4, 4 
52246, 4, 9 
21327, 4, 4 
1672, 4, 4 
30215, 4, 4 
16578, 4, 4 
11046, 4, 4 
11024, 4, 4 
59759, 4, 4 
26706, 5, 5 
21883, 5, 5 
16384, 5, 5 
5164, 5, 5 
33808, 5, 5 
14435, 5, 5 
33815, 5, 5 
34159, 5, 5 
31644, 5, 5 
18476, 5, 5 
13318, 6, 6 
41047, 6, 6 
5419, 6, 6 
5365, 6, 6 
27559, 6, 6 
57347, 6, 6 
40527, 6, 6 
24523, 6, 6 
41890, 6, 6 
14889, 6, 6 
8991, 7, 7 
25299, 7, 7 
33271, 7, 7 
47560, 7, 7 
9854, 7, 7 
3895, 7, 7 
40559, 7, 7 
52162, 7, 7 
47879, 7, 7 
17140, 7, 7 
11482, 8, 8 
25709, 8, 8 
15817, 8, 8 
21048, 8, 8 
726, 8, 9 
42238, 8, 8 
38588, 8, 8 
45027, 8, 8 
13189, 8, 8 
56872, 8, 8 
22050, 9, 9 
15212, 9, 9 
31767, 9, 9 
52018, 9, 9 
57483, 9, 9 
37764, 9, 9 
22319, 9, 9 
8238, 9, 9 
51667, 9, 9 
11442, 9, 9 
