id, true label, predicted label 
24985, 0, 0 
42896, 0, 0 
58316, 0, 8 
1877, 0, 0 
51226, 0, 0 
35311, 0, 0 
42752, 0, 0 
34237, 0, 0 
9965, 0, 0 
46926, 0, 0 
19598, 1, 1 
41526, 1, 1 
17856, 1, 1 
24647, 1, 1 
55686, 1, 1 
32439, 1, 1 
9804, 1, 1 
30281, 1, 1 
44198, 1, 1 
20802, 1, 1 
20313, 2, 2 
21436, 2, 2 
19248, 2, 2 
39022, 2, 2 
28787, 2, 4 
5965, 2, 2 
34851, 2, 2 
45672, 2, 2 
31354, 2, 2 
29741, 2, 2 
34721, 3, 3 
8544, 3, 3 
56073, 3, 3 
4866, 3, 7 
28107, 3, 3 
18588, 3, 3 
32339, 3, 0 
21637, 3, 3 
52891, 3, 3 
34712, 3, 3 
32829, 4, 6 
12873, 4, 4 
804, 4, 4 
18484, 4, 4 
36160, 4, 4 
27494, 4, 4 
24766, 4, 4 
10850, 4, 4 
52704, 4, 4 
4616, 4, 4 
45512, 5, 5 
27764, 5, 5 
1402, 5, 9 
11850, 5, 5 
27263, 5, 5 
26607, 5, 3 
33222, 5, 5 
25720, 5, 3 
15206, 5, 5 
49636, 5, 5 
4150, 6, 6 
35825, 6, 0 
58807, 6, 6 
59125, 6, 6 
32305, 6, 6 
31000, 6, 6 
49910, 6, 6 
48823, 6, 6 
35131, 6, 6 
10793, 6, 6 
13814, 7, 7 
9499, 7, 7 
52486, 7, 7 
51996, 7, 7 
44050, 7, 7 
54022, 7, 7 
35998, 7, 7 
54219, 7, 7 
17228, 7, 7 
55467, 7, 7 
50274, 8, 8 
58199, 8, 8 
25890, 8, 8 
17162, 8, 8 
58448, 8, 8 
55697, 8, 8 
12174, 8, 8 
10061, 8, 8 
23081, 8, 8 
19783, 8, 8 
32972, 9, 9 
38701, 9, 9 
22110, 9, 9 
57729, 9, 9 
20943, 9, 9 
24593, 9, 9 
35024, 9, 9 
16253, 9, 9 
33756, 9, 9 
34398, 9, 9 
