id, true label, predicted label 
20947, 0, 0 
22882, 0, 0 
3198, 0, 0 
55993, 0, 0 
24440, 0, 0 
49151, 0, 0 
1532, 0, 0 
57298, 0, 0 
40844, 0, 0 
43188, 0, 0 
27831, 1, 1 
37547, 1, 1 
47880, 1, 1 
4654, 1, 1 
33418, 1, 1 
33108, 1, 1 
8161, 1, 1 
1860, 1, 1 
18174, 1, 1 
16483, 1, 1 
39216, 2, 2 
12707, 2, 2 
54519, 2, 2 
56614, 2, 2 
25004, 2, 2 
4371, 2, 2 
3156, 2, 2 
268, 2, 2 
24390, 2, 2 
36624, 2, 2 
24597, 3, 3 
27527, 3, 3 
21647, 3, 3 
57207, 3, 3 
53083, 3, 3 
31431, 3, 3 
2200, 3, 3 
18477, 3, 3 
31274, 3, 3 
31395, 3, 3 
3573, 4, 4 
18767, 4, 4 
35482, 4, 4 
9189, 4, 4 
26465, 4, 4 
57841, 4, 4 
33614, 4, 4 
28237, 4, 4 
48487, 4, 4 
27689, 4, 4 
49202, 5, 5 
51433, 5, 5 
59731, 5, 5 
31821, 5, 5 
51963, 5, 5 
55506, 5, 5 
54671, 5, 5 
10954, 5, 5 
28666, 5, 5 
7989, 5, 5 
50595, 6, 6 
49633, 6, 6 
8153, 6, 6 
46594, 6, 6 
11132, 6, 6 
4214, 6, 6 
37315, 6, 6 
944, 6, 6 
31303, 6, 6 
14641, 6, 6 
35519, 7, 7 
17391, 7, 7 
1982, 7, 7 
35150, 7, 7 
28696, 7, 7 
44840, 7, 7 
14337, 7, 7 
3081, 7, 7 
11516, 7, 7 
4020, 7, 7 
26908, 8, 8 
38069, 8, 8 
46998, 8, 8 
19194, 8, 8 
45985, 8, 8 
19603, 8, 8 
56613, 8, 8 
22308, 8, 8 
37783, 8, 8 
49323, 8, 8 
32457, 9, 9 
8971, 9, 9 
18883, 9, 9 
38467, 9, 9 
48157, 9, 9 
46255, 9, 9 
56702, 9, 9 
20508, 9, 9 
47082, 9, 9 
31876, 9, 9 
