id, true label, predicted label 
22265, 0, 0 
8108, 0, 0 
19376, 0, 0 
8531, 0, 0 
44917, 0, 0 
34480, 0, 0 
37506, 0, 0 
22270, 0, 0 
57760, 0, 0 
34213, 0, 0 
16110, 1, 1 
55310, 1, 1 
28862, 1, 1 
55046, 1, 1 
42175, 1, 1 
25812, 1, 1 
33942, 1, 1 
8491, 1, 1 
46185, 1, 1 
52058, 1, 1 
8742, 2, 2 
46250, 2, 2 
9383, 2, 2 
31068, 2, 8 
42539, 2, 2 
36475, 2, 2 
36355, 2, 2 
19232, 2, 2 
41900, 2, 2 
28651, 2, 2 
14655, 3, 3 
25373, 3, 3 
29357, 3, 3 
39565, 3, 3 
43833, 3, 3 
40763, 3, 3 
43875, 3, 3 
843, 3, 3 
20902, 3, 3 
16861, 3, 3 
21503, 4, 4 
55197, 4, 4 
49994, 4, 4 
43150, 4, 4 
26015, 4, 4 
51261, 4, 4 
57861, 4, 4 
38111, 4, 4 
36399, 4, 4 
53384, 4, 4 
46608, 5, 5 
10871, 5, 5 
3682, 5, 5 
58085, 5, 5 
2395, 5, 5 
51380, 5, 5 
17981, 5, 5 
34509, 5, 5 
7659, 5, 5 
24394, 5, 5 
40282, 6, 6 
58216, 6, 6 
12005, 6, 6 
26372, 6, 6 
49418, 6, 6 
59679, 6, 6 
46626, 6, 6 
18907, 6, 6 
8384, 6, 6 
8577, 6, 6 
10050, 7, 7 
42427, 7, 7 
4394, 7, 7 
36307, 7, 7 
55238, 7, 7 
33737, 7, 7 
52528, 7, 7 
45045, 7, 7 
54218, 7, 7 
35668, 7, 7 
12163, 8, 8 
54047, 8, 8 
40808, 8, 8 
7101, 8, 8 
48475, 8, 8 
41183, 8, 8 
40939, 8, 8 
7477, 8, 8 
25859, 8, 8 
51645, 8, 8 
53735, 9, 9 
26179, 9, 9 
31400, 9, 9 
23710, 9, 9 
32067, 9, 9 
6787, 9, 9 
59910, 9, 9 
39621, 9, 9 
45487, 9, 9 
9810, 9, 9 
