id, true label, predicted label 
26292, 0, 0 
53073, 0, 0 
35746, 0, 0 
1600, 0, 0 
43404, 0, 0 
58360, 0, 0 
52039, 0, 0 
22787, 0, 0 
5147, 0, 0 
8089, 0, 0 
59373, 1, 1 
2688, 1, 1 
56953, 1, 1 
2731, 1, 1 
5903, 1, 1 
13273, 1, 1 
49612, 1, 1 
6946, 1, 1 
15001, 1, 1 
35448, 1, 1 
33967, 2, 2 
29408, 2, 2 
3536, 2, 2 
12911, 2, 2 
23018, 2, 2 
28795, 2, 2 
54305, 2, 2 
55172, 2, 2 
3179, 2, 2 
29050, 2, 2 
51519, 3, 3 
28199, 3, 3 
14692, 3, 3 
1634, 3, 3 
39384, 3, 3 
48817, 3, 3 
20400, 3, 3 
8795, 3, 3 
33709, 3, 3 
43235, 3, 3 
34281, 4, 4 
34428, 4, 4 
18730, 4, 4 
1380, 4, 4 
39529, 4, 4 
30868, 4, 4 
6536, 4, 4 
35166, 4, 4 
29584, 4, 4 
41993, 4, 4 
37031, 5, 5 
57327, 5, 5 
41674, 5, 5 
51955, 5, 5 
5939, 5, 5 
1997, 5, 5 
48374, 5, 5 
26913, 5, 5 
49424, 5, 5 
33993, 5, 5 
37872, 6, 6 
50199, 6, 6 
6131, 6, 6 
3098, 6, 6 
32783, 6, 6 
22716, 6, 6 
57409, 6, 6 
44070, 6, 6 
34284, 6, 6 
37576, 6, 6 
7287, 7, 7 
39579, 7, 7 
53783, 7, 7 
6088, 7, 7 
1342, 7, 7 
50868, 7, 7 
9494, 7, 7 
9276, 7, 7 
36069, 7, 7 
505, 7, 7 
57045, 8, 8 
19435, 8, 8 
14913, 8, 8 
22119, 8, 8 
15595, 8, 8 
3154, 8, 8 
7645, 8, 8 
43165, 8, 8 
31444, 8, 8 
51943, 8, 8 
26226, 9, 9 
17972, 9, 9 
34694, 9, 9 
2934, 9, 9 
11580, 9, 9 
34123, 9, 9 
6036, 9, 9 
42566, 9, 9 
35760, 9, 9 
56480, 9, 9 
