id, true label, predicted label 
4962, 0, 0 
8754, 0, 0 
14148, 0, 0 
53487, 0, 0 
44589, 0, 0 
15015, 0, 0 
40280, 0, 0 
29599, 0, 0 
59786, 0, 0 
36617, 0, 0 
40690, 0, 0 
54354, 0, 0 
303, 0, 0 
49770, 0, 0 
3035, 0, 0 
7219, 0, 0 
9934, 0, 0 
32109, 0, 0 
53747, 0, 0 
22245, 0, 0 
55006, 0, 0 
40396, 0, 0 
53562, 0, 0 
29102, 0, 0 
33647, 0, 0 
52323, 0, 0 
40074, 0, 0 
33078, 0, 0 
24105, 0, 0 
35982, 0, 0 
2058, 0, 0 
18858, 0, 0 
55481, 0, 0 
5187, 0, 0 
39906, 0, 0 
30434, 0, 0 
42801, 0, 0 
23293, 0, 0 
22636, 0, 0 
45539, 0, 0 
42925, 0, 0 
36351, 0, 0 
25576, 0, 0 
44599, 0, 0 
38103, 0, 0 
50123, 0, 0 
36780, 0, 0 
25773, 0, 0 
12095, 0, 0 
46812, 0, 0 
48128, 0, 0 
29994, 0, 0 
4203, 0, 0 
42100, 0, 0 
25836, 0, 0 
25312, 0, 0 
13547, 0, 0 
35302, 0, 0 
42865, 0, 0 
15559, 0, 0 
56803, 0, 0 
5286, 0, 0 
50518, 0, 0 
18208, 0, 0 
2557, 0, 0 
43960, 0, 0 
30212, 0, 0 
41100, 0, 0 
45817, 0, 0 
58510, 0, 0 
43011, 0, 0 
39321, 0, 0 
43265, 0, 0 
36476, 0, 0 
47476, 0, 0 
53173, 0, 0 
28230, 0, 0 
9523, 0, 0 
45812, 0, 0 
3024, 0, 0 
11019, 0, 0 
6008, 0, 0 
1771, 0, 0 
14668, 0, 0 
8527, 0, 0 
25755, 0, 0 
23598, 0, 0 
45145, 0, 0 
49419, 0, 0 
27407, 0, 0 
42720, 0, 0 
53014, 0, 0 
4563, 0, 0 
48727, 0, 0 
43728, 0, 0 
55398, 0, 0 
49097, 0, 0 
12180, 0, 0 
24445, 0, 0 
16163, 0, 0 
31567, 0, 0 
7882, 0, 0 
9101, 0, 0 
1712, 0, 0 
53932, 0, 0 
1625, 0, 0 
18586, 0, 0 
33492, 0, 0 
57027, 0, 0 
57186, 0, 0 
31361, 0, 0 
12542, 0, 0 
18759, 0, 0 
9720, 0, 0 
13030, 0, 0 
9790, 0, 0 
48529, 0, 0 
44900, 0, 0 
3882, 0, 0 
12670, 0, 0 
32388, 0, 0 
25152, 0, 0 
44656, 0, 0 
40732, 0, 0 
30668, 0, 0 
14158, 0, 0 
10604, 0, 0 
13411, 0, 0 
41384, 0, 0 
36484, 0, 0 
7709, 0, 0 
53174, 0, 0 
28607, 0, 0 
35739, 0, 0 
41485, 0, 0 
57092, 0, 0 
42771, 0, 0 
5541, 0, 0 
28125, 0, 0 
46391, 0, 0 
41880, 0, 0 
11615, 0, 0 
6681, 0, 0 
53444, 0, 0 
18073, 0, 0 
43092, 0, 0 
26761, 0, 0 
3001, 0, 0 
7466, 0, 0 
19156, 0, 0 
6406, 0, 0 
36919, 0, 0 
39279, 0, 0 
25529, 0, 0 
4415, 0, 0 
13734, 0, 0 
23013, 0, 0 
46144, 0, 0 
51546, 0, 0 
7465, 0, 0 
54349, 0, 0 
46654, 0, 0 
9209, 0, 0 
15825, 0, 0 
47371, 0, 0 
40428, 0, 0 
54873, 0, 0 
50862, 0, 0 
1304, 0, 0 
55361, 0, 0 
293, 0, 0 
38497, 0, 0 
2245, 0, 0 
6441, 0, 0 
9422, 0, 0 
32746, 0, 0 
2195, 0, 0 
48111, 0, 0 
29907, 0, 0 
18425, 0, 0 
16428, 0, 0 
34244, 0, 0 
29203, 0, 0 
21526, 0, 0 
44700, 0, 0 
27445, 0, 0 
13231, 0, 0 
50839, 0, 0 
47976, 0, 0 
58492, 0, 0 
35712, 0, 0 
18718, 0, 0 
29490, 0, 0 
39935, 0, 0 
32785, 0, 0 
5194, 0, 0 
12605, 0, 0 
6331, 0, 0 
12880, 0, 0 
49280, 0, 0 
5833, 1, 1 
39984, 1, 1 
43705, 1, 1 
56584, 1, 1 
40944, 1, 1 
22066, 1, 1 
52234, 1, 1 
24688, 1, 1 
6654, 1, 1 
9181, 1, 1 
2123, 1, 1 
56326, 1, 1 
35908, 1, 1 
14860, 1, 1 
47985, 1, 1 
30486, 1, 1 
16536, 1, 1 
28134, 1, 1 
11543, 1, 1 
33343, 1, 1 
4763, 1, 1 
10455, 1, 1 
59247, 1, 1 
21143, 1, 1 
19955, 1, 1 
40577, 1, 1 
40692, 1, 1 
12805, 1, 1 
51742, 1, 1 
6718, 1, 1 
10378, 1, 1 
13003, 1, 1 
35829, 1, 1 
3488, 1, 1 
47391, 1, 1 
1365, 1, 1 
54239, 1, 1 
55635, 1, 1 
24838, 1, 1 
269, 1, 1 
42261, 1, 1 
41392, 1, 1 
35592, 1, 1 
20365, 1, 1 
49473, 1, 1 
51900, 1, 1 
32063, 1, 1 
36928, 1, 1 
34412, 1, 1 
14906, 1, 1 
48913, 1, 1 
32472, 1, 1 
53140, 1, 1 
47153, 1, 1 
8332, 1, 1 
24483, 1, 1 
33658, 1, 1 
7764, 1, 1 
30145, 1, 1 
26827, 1, 1 
2791, 1, 1 
30389, 1, 1 
124, 1, 1 
55306, 1, 1 
20083, 1, 1 
54631, 1, 1 
16944, 1, 1 
42546, 1, 1 
11715, 1, 1 
29040, 1, 1 
47850, 1, 1 
46705, 1, 1 
7234, 1, 1 
27245, 1, 1 
56810, 1, 1 
7898, 1, 1 
23703, 1, 1 
52569, 1, 1 
53436, 1, 1 
1527, 1, 1 
38264, 1, 1 
11604, 1, 1 
48175, 1, 1 
10085, 1, 1 
16789, 1, 1 
21991, 1, 1 
59199, 1, 1 
10345, 1, 1 
27489, 1, 1 
55716, 1, 1 
33279, 1, 1 
15555, 1, 1 
12106, 1, 1 
30524, 1, 1 
55338, 1, 1 
39699, 1, 1 
45373, 1, 1 
34334, 1, 1 
36108, 1, 1 
48543, 1, 1 
24322, 1, 1 
416, 1, 1 
5221, 1, 1 
30068, 1, 1 
8513, 1, 1 
39560, 1, 1 
15397, 1, 1 
54213, 1, 1 
5301, 1, 1 
45220, 1, 1 
38731, 1, 1 
3954, 1, 1 
38976, 1, 1 
32038, 1, 1 
41282, 1, 1 
55232, 1, 1 
29114, 1, 1 
2907, 1, 1 
14656, 1, 1 
7668, 1, 1 
10852, 1, 1 
50261, 1, 1 
48860, 1, 1 
17775, 1, 1 
25513, 1, 1 
5903, 1, 1 
11236, 1, 1 
48848, 1, 1 
10409, 1, 1 
53593, 1, 1 
38226, 1, 1 
35596, 1, 1 
21905, 1, 1 
32852, 1, 1 
38700, 1, 1 
23660, 1, 1 
37058, 1, 1 
48629, 1, 1 
29902, 1, 1 
40682, 1, 1 
31264, 1, 1 
13106, 1, 1 
41139, 1, 1 
17925, 1, 1 
3532, 1, 1 
45438, 1, 1 
40056, 1, 1 
24139, 1, 1 
25307, 1, 1 
2497, 1, 1 
4162, 1, 1 
8705, 1, 1 
48537, 1, 1 
15507, 1, 1 
3103, 1, 1 
46893, 1, 1 
50313, 1, 1 
7303, 1, 1 
59150, 1, 1 
16838, 1, 1 
20802, 1, 1 
16159, 1, 1 
22937, 1, 1 
48326, 1, 1 
23931, 1, 1 
7716, 1, 1 
24102, 1, 1 
21554, 1, 1 
21791, 1, 1 
48458, 1, 1 
14021, 1, 1 
17964, 1, 1 
3230, 1, 1 
23477, 1, 1 
31771, 1, 1 
26925, 1, 1 
30372, 1, 1 
1496, 1, 1 
19691, 1, 1 
58677, 1, 1 
29265, 1, 1 
9121, 1, 1 
1230, 1, 1 
46934, 1, 1 
33045, 1, 1 
1521, 1, 1 
31570, 1, 1 
40860, 1, 1 
28834, 1, 1 
25336, 1, 1 
30364, 1, 1 
23118, 1, 1 
33652, 1, 1 
38455, 1, 1 
8987, 1, 1 
31427, 1, 1 
34923, 1, 1 
28244, 1, 1 
8574, 1, 1 
34215, 1, 1 
59833, 2, 2 
15948, 2, 2 
42839, 2, 2 
26690, 2, 2 
41936, 2, 2 
7790, 2, 2 
59298, 2, 2 
15083, 2, 2 
5232, 2, 2 
43394, 2, 2 
37083, 2, 2 
16456, 2, 2 
14852, 2, 2 
5259, 2, 2 
19802, 2, 2 
19886, 2, 2 
18260, 2, 2 
52987, 2, 2 
22269, 2, 2 
24552, 2, 2 
10957, 2, 2 
36460, 2, 2 
25147, 2, 2 
24014, 2, 2 
57619, 2, 2 
13930, 2, 2 
12718, 2, 2 
18361, 2, 2 
43436, 2, 2 
35571, 2, 2 
11718, 2, 2 
42568, 2, 2 
28454, 2, 2 
59326, 2, 2 
26341, 2, 2 
42883, 2, 2 
36229, 2, 2 
20967, 2, 2 
3329, 2, 2 
8433, 2, 2 
10308, 2, 2 
27598, 2, 2 
53926, 2, 2 
4851, 2, 2 
16320, 2, 2 
28929, 2, 2 
5129, 2, 2 
22278, 2, 2 
2875, 2, 2 
38901, 2, 2 
54286, 2, 2 
54831, 2, 2 
31823, 2, 2 
21952, 2, 2 
44847, 2, 2 
39487, 2, 2 
59186, 2, 2 
33695, 2, 2 
13818, 2, 2 
1923, 2, 2 
16638, 2, 2 
35483, 2, 2 
31258, 2, 2 
44520, 2, 2 
37610, 2, 2 
49070, 2, 2 
10629, 2, 2 
45977, 2, 2 
8229, 2, 2 
32726, 2, 2 
29819, 2, 2 
9964, 2, 2 
6126, 2, 2 
33819, 2, 2 
17548, 2, 2 
37412, 2, 2 
43514, 2, 2 
56558, 2, 2 
39979, 2, 2 
39020, 2, 2 
31665, 2, 2 
57331, 2, 2 
14617, 2, 2 
55001, 2, 2 
19391, 2, 2 
14381, 2, 2 
36522, 2, 2 
59721, 2, 2 
18643, 2, 2 
40369, 2, 2 
56335, 2, 2 
13694, 2, 2 
23020, 2, 2 
7414, 2, 2 
17927, 2, 2 
10824, 2, 2 
15836, 2, 2 
58783, 2, 2 
5762, 2, 2 
12302, 2, 2 
59667, 2, 2 
7510, 2, 2 
2073, 2, 2 
43854, 2, 2 
21323, 2, 2 
34157, 2, 2 
47531, 2, 2 
40740, 2, 2 
36077, 2, 2 
57939, 2, 2 
38124, 2, 2 
12204, 2, 2 
31935, 2, 2 
17123, 2, 2 
1894, 2, 2 
4697, 2, 2 
23957, 2, 2 
49363, 2, 2 
39299, 2, 2 
9772, 2, 2 
48178, 2, 2 
45094, 2, 2 
52796, 2, 2 
23268, 2, 2 
25069, 2, 2 
32250, 2, 2 
49475, 2, 2 
50105, 2, 2 
40318, 2, 2 
20299, 2, 2 
47710, 2, 2 
27456, 2, 2 
5529, 2, 2 
19568, 2, 2 
50716, 2, 2 
39921, 2, 2 
57342, 2, 2 
20850, 2, 2 
27874, 2, 2 
47199, 2, 2 
9575, 2, 2 
3176, 2, 2 
55157, 2, 2 
48334, 2, 2 
551, 2, 2 
49369, 2, 2 
17369, 2, 2 
16142, 2, 2 
11084, 2, 2 
31381, 2, 2 
27120, 2, 2 
14124, 2, 2 
45488, 2, 2 
29546, 2, 2 
50722, 2, 2 
40107, 2, 2 
49106, 2, 2 
9625, 2, 2 
56298, 2, 2 
27229, 2, 2 
17945, 2, 2 
55692, 2, 2 
42188, 2, 2 
57358, 2, 2 
49929, 2, 2 
59655, 2, 2 
16744, 2, 2 
36321, 2, 2 
19321, 2, 2 
55193, 2, 2 
55129, 2, 2 
12679, 2, 2 
22376, 2, 2 
29176, 2, 2 
57976, 2, 2 
42240, 2, 2 
3339, 2, 2 
35104, 2, 2 
38790, 2, 2 
42596, 2, 2 
57928, 2, 2 
4880, 2, 2 
31662, 2, 2 
46116, 2, 2 
56009, 2, 2 
18978, 2, 2 
40049, 2, 2 
55542, 2, 2 
41540, 2, 2 
49282, 2, 2 
4414, 2, 2 
20917, 2, 2 
43317, 2, 2 
39918, 2, 2 
13313, 2, 2 
27736, 2, 2 
50454, 2, 2 
59819, 2, 2 
52840, 2, 2 
57669, 2, 2 
56198, 3, 3 
49841, 3, 3 
42055, 3, 3 
32421, 3, 3 
4584, 3, 3 
19941, 3, 3 
23344, 3, 3 
9363, 3, 3 
15482, 3, 3 
43353, 3, 3 
55914, 3, 3 
21993, 3, 3 
56578, 3, 3 
27960, 3, 3 
57415, 3, 3 
46136, 3, 3 
55580, 3, 3 
14361, 3, 3 
35548, 3, 3 
14810, 3, 3 
19246, 3, 3 
1836, 3, 3 
20664, 3, 3 
14533, 3, 3 
46566, 3, 3 
3938, 3, 3 
46027, 3, 3 
4595, 3, 3 
3422, 3, 3 
56073, 3, 3 
46241, 3, 3 
20326, 3, 3 
45396, 3, 3 
26783, 3, 3 
3969, 3, 3 
22963, 3, 3 
7698, 3, 3 
26187, 3, 3 
55028, 3, 9 
21238, 3, 3 
5942, 3, 3 
9413, 3, 3 
27031, 3, 3 
34384, 3, 3 
2076, 3, 3 
57660, 3, 3 
12063, 3, 3 
20926, 3, 3 
12667, 3, 3 
43619, 3, 3 
10696, 3, 3 
19518, 3, 3 
48336, 3, 3 
50401, 3, 3 
5547, 3, 3 
12983, 3, 3 
1077, 3, 3 
17355, 3, 3 
11710, 3, 3 
4033, 3, 3 
38771, 3, 3 
47493, 3, 3 
47287, 3, 3 
9871, 3, 3 
52565, 3, 3 
58144, 3, 3 
21381, 3, 3 
37478, 3, 3 
28913, 3, 3 
36511, 3, 3 
35550, 3, 3 
2671, 3, 3 
49814, 3, 3 
55665, 3, 3 
51640, 3, 3 
43654, 3, 3 
51970, 3, 3 
59825, 3, 3 
17116, 3, 3 
58812, 3, 3 
10125, 3, 3 
40301, 3, 3 
48426, 3, 3 
25631, 3, 3 
56975, 3, 3 
18964, 3, 3 
9786, 3, 3 
37626, 3, 3 
53042, 3, 3 
49157, 3, 3 
235, 3, 3 
9443, 3, 3 
58048, 3, 3 
42477, 3, 3 
20565, 3, 3 
50378, 3, 3 
7422, 3, 3 
21092, 3, 3 
5919, 3, 3 
12463, 3, 3 
6340, 3, 3 
23218, 3, 3 
31952, 3, 3 
17442, 3, 3 
55062, 3, 3 
21515, 3, 3 
8946, 3, 3 
29483, 3, 3 
5871, 3, 3 
15052, 3, 3 
6766, 3, 3 
34788, 3, 3 
42391, 3, 3 
59471, 3, 3 
50431, 3, 9 
45704, 3, 3 
13579, 3, 3 
29097, 3, 3 
49529, 3, 3 
48642, 3, 3 
2734, 3, 3 
40811, 3, 3 
48281, 3, 3 
27763, 3, 3 
10765, 3, 3 
59070, 3, 3 
35582, 3, 3 
19878, 3, 3 
38859, 3, 3 
46856, 3, 3 
4996, 3, 3 
330, 3, 3 
20939, 3, 3 
52931, 3, 9 
38495, 3, 3 
30041, 3, 3 
16620, 3, 3 
30400, 3, 3 
26965, 3, 3 
14352, 3, 3 
29073, 3, 3 
31049, 3, 3 
13707, 3, 3 
57341, 3, 3 
2263, 3, 3 
11929, 3, 3 
45747, 3, 3 
37332, 3, 3 
29304, 3, 3 
44280, 3, 3 
808, 3, 3 
21775, 3, 3 
25535, 3, 3 
31759, 3, 3 
50470, 3, 3 
29023, 3, 3 
19708, 3, 3 
45239, 3, 3 
2529, 3, 3 
30304, 3, 3 
7043, 3, 3 
48806, 3, 3 
5788, 3, 3 
50976, 3, 3 
51474, 3, 3 
54829, 3, 3 
58084, 3, 3 
35248, 3, 3 
26284, 3, 3 
28936, 3, 3 
9617, 3, 3 
28955, 3, 3 
1007, 3, 3 
35649, 3, 3 
56225, 3, 3 
38368, 3, 3 
13026, 3, 3 
14166, 3, 3 
30398, 3, 3 
31178, 3, 3 
12783, 3, 3 
45945, 3, 3 
2011, 3, 3 
47245, 3, 3 
5798, 3, 3 
53704, 3, 3 
53975, 3, 3 
43298, 3, 3 
24524, 3, 3 
35491, 3, 3 
98, 3, 3 
26306, 3, 3 
28193, 3, 3 
279, 3, 3 
19500, 3, 3 
4491, 3, 3 
47605, 3, 3 
861, 3, 3 
2132, 3, 3 
30136, 3, 3 
43038, 4, 4 
12788, 4, 4 
21940, 4, 4 
48703, 4, 4 
45847, 4, 4 
42536, 4, 4 
11670, 4, 4 
12687, 4, 4 
41036, 4, 4 
28022, 4, 4 
51966, 4, 4 
11255, 4, 4 
55891, 4, 4 
25856, 4, 4 
40719, 4, 4 
21490, 4, 4 
52566, 4, 4 
34130, 4, 4 
53576, 4, 4 
18455, 4, 4 
26864, 4, 4 
25670, 4, 4 
58482, 4, 4 
22660, 4, 4 
27694, 4, 4 
33638, 4, 4 
21327, 4, 4 
8842, 4, 4 
6714, 4, 4 
10850, 4, 4 
700, 4, 4 
31051, 4, 4 
53631, 4, 4 
44464, 4, 4 
36160, 4, 9 
48313, 4, 4 
718, 4, 7 
9147, 4, 4 
8890, 4, 4 
34955, 4, 4 
50134, 4, 9 
47608, 4, 4 
32164, 4, 4 
8570, 4, 4 
8874, 4, 4 
19311, 4, 4 
58551, 4, 4 
54748, 4, 4 
24514, 4, 4 
15111, 4, 4 
12731, 4, 4 
50502, 4, 4 
43364, 4, 4 
23583, 4, 4 
15821, 4, 4 
22865, 4, 4 
39551, 4, 4 
16094, 4, 4 
54175, 4, 4 
47334, 4, 4 
20617, 4, 4 
59268, 4, 4 
5835, 4, 4 
31885, 4, 4 
47330, 4, 4 
52748, 4, 4 
19831, 4, 4 
43415, 4, 4 
15563, 4, 4 
6429, 4, 4 
4439, 4, 4 
2235, 4, 4 
50835, 4, 9 
18519, 4, 4 
45778, 4, 4 
26249, 4, 4 
14939, 4, 4 
5331, 4, 4 
46886, 4, 4 
54819, 4, 4 
3125, 4, 4 
36659, 4, 4 
15141, 4, 4 
9029, 4, 4 
41981, 4, 4 
22276, 4, 4 
44224, 4, 4 
16865, 4, 4 
2185, 4, 4 
36025, 4, 4 
11424, 4, 4 
51056, 4, 4 
55385, 4, 4 
3625, 4, 4 
52979, 4, 4 
57537, 4, 4 
47336, 4, 4 
2204, 4, 4 
34367, 4, 4 
32524, 4, 4 
21119, 4, 4 
34192, 4, 4 
58697, 4, 4 
44496, 4, 4 
37736, 4, 4 
23339, 4, 4 
48310, 4, 4 
32832, 4, 4 
58847, 4, 4 
50819, 4, 9 
37128, 4, 4 
50377, 4, 4 
18867, 4, 4 
54017, 4, 4 
10351, 4, 4 
7120, 4, 4 
33565, 4, 4 
24169, 4, 4 
29429, 4, 4 
26763, 4, 4 
56072, 4, 4 
27959, 4, 4 
35546, 4, 4 
59629, 4, 4 
46305, 4, 4 
58151, 4, 4 
42620, 4, 4 
6107, 4, 4 
3056, 4, 4 
3838, 4, 4 
15218, 4, 4 
57862, 4, 4 
28028, 4, 4 
13878, 4, 4 
15729, 4, 4 
45033, 4, 4 
11646, 4, 4 
29577, 4, 4 
8869, 4, 4 
46059, 4, 4 
16652, 4, 4 
8930, 4, 4 
46766, 4, 4 
42684, 4, 4 
56244, 4, 4 
39083, 4, 4 
27077, 4, 4 
20776, 4, 4 
15525, 4, 4 
53925, 4, 4 
33747, 4, 4 
53134, 4, 4 
4035, 4, 4 
46716, 4, 4 
21886, 4, 4 
19033, 4, 4 
39954, 4, 4 
6314, 4, 4 
15876, 4, 4 
53990, 4, 4 
12458, 4, 4 
53144, 4, 4 
46995, 4, 4 
10310, 4, 4 
44037, 4, 4 
8370, 4, 4 
21077, 4, 4 
22602, 4, 4 
46745, 4, 4 
38518, 4, 4 
55684, 4, 4 
43068, 4, 4 
43819, 4, 4 
12460, 4, 4 
31036, 4, 4 
58300, 4, 4 
48048, 4, 4 
42330, 4, 4 
27979, 4, 4 
11024, 4, 4 
55546, 4, 4 
17276, 4, 4 
51860, 4, 4 
52222, 4, 4 
7919, 4, 4 
39433, 4, 4 
48970, 4, 4 
18745, 4, 4 
39339, 4, 4 
45213, 4, 4 
52243, 4, 4 
26634, 4, 4 
48496, 4, 4 
7204, 4, 4 
42239, 4, 4 
54807, 4, 4 
2891, 4, 4 
21057, 4, 4 
25844, 4, 4 
37846, 4, 4 
15655, 5, 5 
19746, 5, 5 
58802, 5, 5 
32080, 5, 5 
6644, 5, 5 
16347, 5, 5 
53759, 5, 5 
35040, 5, 5 
24323, 5, 5 
33216, 5, 5 
5887, 5, 5 
13532, 5, 5 
34041, 5, 5 
17598, 5, 5 
16767, 5, 5 
53201, 5, 5 
17073, 5, 5 
34274, 5, 5 
6407, 5, 5 
10958, 5, 5 
5177, 5, 5 
13843, 5, 5 
21976, 5, 5 
16959, 5, 5 
37379, 5, 5 
10373, 5, 5 
41951, 5, 5 
50321, 5, 5 
56669, 5, 5 
7699, 5, 5 
28057, 5, 5 
23806, 5, 5 
30125, 5, 5 
32393, 5, 5 
9899, 5, 5 
53641, 5, 5 
17610, 5, 5 
26094, 5, 5 
45091, 5, 5 
37137, 5, 5 
48950, 5, 5 
43641, 5, 5 
49040, 5, 5 
51626, 5, 5 
54483, 5, 5 
17920, 5, 5 
30081, 5, 5 
38817, 5, 5 
10211, 5, 5 
42449, 5, 5 
40534, 5, 5 
3563, 5, 5 
44869, 5, 5 
32659, 5, 5 
43451, 5, 5 
4940, 5, 5 
30961, 5, 5 
18446, 5, 5 
55728, 5, 5 
50420, 5, 5 
7165, 5, 5 
37807, 5, 5 
56128, 5, 5 
19089, 5, 5 
27727, 5, 5 
55161, 5, 5 
30112, 5, 5 
7583, 5, 5 
14195, 5, 5 
23200, 5, 5 
17879, 5, 5 
58515, 5, 5 
9845, 5, 5 
7068, 5, 5 
19390, 5, 5 
51718, 5, 5 
3188, 5, 5 
49140, 5, 5 
915, 5, 5 
27038, 5, 5 
55734, 5, 5 
37740, 5, 5 
55229, 5, 5 
16499, 5, 5 
40125, 5, 5 
54225, 5, 5 
53461, 5, 5 
36453, 5, 5 
55908, 5, 5 
17680, 5, 5 
41509, 5, 5 
59190, 5, 5 
10543, 5, 5 
34448, 5, 5 
2037, 5, 5 
41001, 5, 5 
28854, 5, 5 
18167, 5, 5 
42436, 5, 5 
27400, 5, 5 
3467, 5, 5 
7531, 5, 5 
50138, 5, 5 
43638, 5, 5 
28846, 5, 5 
9232, 5, 5 
37409, 5, 5 
3638, 5, 5 
31242, 5, 5 
7900, 5, 5 
23920, 5, 5 
9947, 5, 5 
20994, 5, 5 
3062, 5, 5 
52559, 5, 5 
12818, 5, 5 
4076, 5, 5 
42337, 5, 5 
13229, 5, 5 
53741, 5, 5 
53063, 5, 5 
33502, 5, 5 
17951, 5, 5 
43937, 5, 5 
42193, 5, 5 
33632, 5, 5 
51639, 5, 5 
43111, 5, 5 
53268, 5, 5 
2605, 5, 5 
11638, 5, 5 
45024, 5, 5 
40824, 5, 5 
25283, 5, 5 
778, 5, 5 
2861, 5, 5 
18248, 5, 5 
9339, 5, 5 
43262, 5, 5 
11928, 5, 5 
9033, 5, 5 
46700, 5, 5 
24001, 5, 5 
45726, 5, 5 
13796, 5, 5 
19130, 5, 5 
20564, 5, 5 
43303, 5, 5 
52875, 5, 5 
50540, 5, 5 
15834, 5, 5 
8549, 5, 5 
8421, 5, 5 
14471, 5, 5 
22973, 5, 5 
25273, 5, 5 
14917, 5, 5 
43357, 5, 5 
19398, 5, 5 
54491, 5, 5 
43568, 5, 5 
14979, 5, 5 
36508, 5, 5 
50649, 5, 5 
51511, 5, 5 
24778, 5, 5 
27099, 5, 5 
6180, 5, 5 
48269, 5, 5 
35397, 5, 5 
43855, 5, 5 
34720, 5, 5 
13460, 5, 5 
19719, 5, 5 
41277, 5, 5 
12087, 5, 5 
48049, 5, 5 
6346, 5, 5 
6655, 5, 5 
9515, 5, 5 
38481, 5, 5 
13747, 5, 5 
42232, 5, 5 
44329, 5, 5 
34137, 5, 5 
40623, 5, 5 
42334, 5, 5 
7640, 5, 5 
54401, 5, 5 
15069, 5, 5 
28161, 5, 5 
29129, 5, 5 
56224, 5, 9 
40032, 5, 5 
14623, 5, 5 
27416, 5, 5 
22541, 5, 5 
44907, 5, 5 
23137, 5, 5 
48865, 5, 5 
37050, 6, 6 
56963, 6, 6 
57557, 6, 6 
49550, 6, 6 
43304, 6, 6 
52141, 6, 6 
45805, 6, 6 
41257, 6, 6 
59132, 6, 6 
56809, 6, 6 
42856, 6, 6 
24165, 6, 6 
49539, 6, 6 
43646, 6, 6 
9460, 6, 6 
36184, 6, 6 
51446, 6, 6 
17910, 6, 6 
33217, 6, 6 
32455, 6, 6 
36810, 6, 6 
59640, 6, 6 
38695, 6, 6 
22383, 6, 6 
43977, 6, 6 
57147, 6, 6 
17510, 6, 6 
57591, 6, 6 
53221, 6, 6 
1228, 6, 6 
13444, 6, 6 
32670, 6, 6 
46869, 6, 6 
32241, 6, 6 
25108, 6, 6 
8523, 6, 6 
13970, 6, 6 
29330, 6, 6 
40355, 6, 6 
35284, 6, 6 
52514, 6, 6 
37345, 6, 6 
23139, 6, 6 
18267, 6, 6 
41018, 6, 6 
28876, 6, 6 
1494, 6, 6 
12758, 6, 6 
54618, 6, 6 
52688, 6, 6 
41198, 6, 6 
17796, 6, 6 
14805, 6, 6 
30168, 6, 6 
46521, 6, 6 
41246, 6, 6 
39278, 6, 6 
15303, 6, 6 
50870, 6, 6 
11263, 6, 6 
25906, 6, 6 
54150, 6, 6 
46101, 6, 6 
21347, 6, 6 
58415, 6, 6 
48999, 6, 6 
35211, 6, 6 
23148, 6, 6 
3841, 6, 6 
18034, 6, 6 
50594, 6, 6 
17120, 6, 6 
24955, 6, 6 
29776, 6, 6 
4198, 6, 6 
129, 6, 6 
26394, 6, 6 
24851, 6, 6 
32140, 6, 6 
42530, 6, 6 
54841, 6, 6 
24146, 6, 6 
3726, 6, 6 
22257, 6, 6 
52781, 6, 6 
45154, 6, 6 
56718, 6, 6 
57754, 6, 6 
46665, 6, 6 
59503, 6, 6 
32050, 6, 6 
40023, 6, 6 
43592, 6, 6 
53557, 6, 6 
32255, 6, 6 
29439, 6, 6 
23415, 6, 6 
45686, 6, 6 
16695, 6, 6 
13427, 6, 6 
15625, 6, 6 
3537, 6, 6 
50387, 6, 6 
9187, 6, 6 
57213, 6, 6 
31342, 6, 6 
30689, 6, 6 
31521, 6, 6 
44808, 6, 6 
18134, 6, 6 
56805, 6, 6 
37895, 6, 6 
32658, 6, 6 
1781, 6, 6 
49900, 6, 6 
59583, 6, 6 
43305, 6, 6 
46024, 6, 6 
26016, 6, 6 
19356, 6, 6 
48707, 6, 6 
42869, 6, 6 
5230, 6, 6 
37888, 6, 6 
12452, 6, 6 
10697, 6, 6 
40019, 6, 6 
27190, 6, 6 
2296, 6, 6 
24474, 6, 6 
48380, 6, 6 
2153, 6, 6 
42978, 6, 6 
4560, 6, 6 
28397, 6, 6 
5920, 6, 6 
43581, 6, 6 
55638, 6, 6 
9094, 6, 6 
58259, 6, 6 
14190, 6, 6 
49109, 6, 6 
2156, 6, 6 
7970, 6, 6 
9177, 6, 6 
44358, 6, 6 
25462, 6, 6 
41782, 6, 6 
35385, 6, 6 
19431, 6, 6 
29362, 6, 6 
16056, 6, 6 
4531, 6, 6 
39340, 6, 6 
30727, 6, 6 
44817, 6, 6 
23790, 6, 6 
49969, 6, 6 
12271, 6, 6 
6930, 6, 6 
10913, 6, 6 
22654, 6, 6 
48430, 6, 6 
38535, 6, 6 
13912, 6, 6 
20076, 6, 6 
35868, 6, 6 
38101, 6, 6 
37222, 6, 6 
16736, 6, 6 
23453, 6, 6 
17829, 6, 6 
55824, 6, 6 
33560, 6, 6 
51066, 6, 6 
11336, 6, 6 
8981, 6, 6 
11551, 6, 6 
44410, 6, 6 
11173, 6, 6 
449, 6, 6 
51525, 6, 6 
26318, 6, 6 
26848, 6, 6 
43569, 6, 6 
42957, 6, 6 
28711, 6, 6 
57656, 6, 6 
31105, 6, 6 
30440, 6, 6 
40641, 6, 6 
47239, 6, 6 
44309, 6, 6 
11226, 6, 6 
2459, 6, 6 
794, 6, 6 
49293, 6, 6 
39212, 6, 6 
58404, 6, 6 
22969, 6, 6 
36583, 7, 7 
38763, 7, 7 
16641, 7, 7 
57204, 7, 7 
37508, 7, 7 
6140, 7, 7 
12599, 7, 7 
9082, 7, 7 
58310, 7, 7 
16394, 7, 7 
39813, 7, 7 
46260, 7, 7 
57485, 7, 7 
50520, 7, 7 
37994, 7, 7 
37834, 7, 1 
9276, 7, 7 
9885, 7, 7 
8142, 7, 7 
42613, 7, 7 
41472, 7, 7 
59552, 7, 7 
41009, 7, 7 
56815, 7, 7 
43384, 7, 7 
24412, 7, 7 
20002, 7, 7 
50075, 7, 7 
43707, 7, 7 
3065, 7, 7 
51025, 7, 7 
52791, 7, 7 
26838, 7, 7 
55494, 7, 7 
44965, 7, 7 
54882, 7, 7 
47666, 7, 7 
47717, 7, 7 
15465, 7, 7 
10517, 7, 7 
53986, 7, 7 
24141, 7, 7 
19453, 7, 7 
18020, 7, 7 
6770, 7, 7 
40679, 7, 7 
36465, 7, 7 
19334, 7, 7 
25021, 7, 7 
20600, 7, 7 
34951, 7, 7 
3620, 7, 7 
36748, 7, 7 
39387, 7, 7 
25833, 7, 7 
11247, 7, 7 
34687, 7, 7 
33913, 7, 7 
33656, 7, 7 
9519, 7, 7 
20370, 7, 7 
17513, 7, 7 
46752, 7, 7 
38191, 7, 7 
9598, 7, 7 
17813, 7, 7 
36767, 7, 7 
59839, 7, 7 
31614, 7, 7 
35834, 7, 7 
23445, 7, 7 
37665, 7, 7 
56096, 7, 7 
41958, 7, 7 
58635, 7, 7 
6777, 7, 7 
53699, 7, 7 
31137, 7, 7 
58342, 7, 7 
46964, 7, 7 
37583, 7, 7 
43039, 7, 7 
12048, 7, 7 
4332, 7, 7 
31882, 7, 7 
44972, 7, 7 
37811, 7, 7 
39712, 7, 7 
39913, 7, 7 
46376, 7, 7 
40684, 7, 7 
52750, 7, 7 
37775, 7, 7 
34485, 7, 7 
48208, 7, 7 
15909, 7, 7 
5546, 7, 7 
16623, 7, 7 
33307, 7, 7 
27872, 7, 7 
54022, 7, 7 
37133, 7, 7 
42296, 7, 7 
7278, 7, 7 
624, 7, 7 
27083, 7, 7 
35544, 7, 7 
4354, 7, 7 
18170, 7, 7 
8959, 7, 7 
57792, 7, 7 
32580, 7, 7 
19344, 7, 7 
47266, 7, 7 
30604, 7, 7 
53666, 7, 7 
29826, 7, 7 
44536, 7, 7 
58816, 7, 7 
483, 7, 7 
30339, 7, 7 
16379, 7, 7 
30610, 7, 7 
7210, 7, 7 
14238, 7, 7 
17718, 7, 7 
36603, 7, 7 
38728, 7, 7 
20227, 7, 7 
58204, 7, 7 
2118, 7, 7 
17809, 7, 7 
57479, 7, 7 
36156, 7, 7 
31533, 7, 7 
41892, 7, 7 
45200, 7, 7 
46737, 7, 7 
44737, 7, 7 
3343, 7, 7 
59494, 7, 7 
24064, 7, 7 
19842, 7, 7 
2381, 7, 7 
185, 7, 7 
14277, 7, 7 
11290, 7, 7 
13243, 7, 7 
8866, 7, 7 
48190, 7, 7 
45014, 7, 7 
1564, 7, 7 
9522, 7, 7 
12579, 7, 7 
34344, 7, 7 
56756, 7, 7 
28321, 7, 7 
30202, 7, 7 
2852, 7, 7 
38505, 7, 7 
42733, 7, 7 
43313, 7, 7 
36554, 7, 7 
17687, 7, 7 
25160, 7, 7 
33408, 7, 7 
42593, 7, 7 
18367, 7, 7 
24975, 7, 7 
34807, 7, 7 
44717, 7, 7 
1833, 7, 7 
55799, 7, 7 
29127, 7, 7 
34265, 7, 7 
20304, 7, 7 
35745, 7, 7 
636, 7, 7 
13651, 7, 7 
25985, 7, 7 
38075, 7, 7 
23388, 7, 7 
11898, 7, 7 
55413, 7, 7 
25756, 7, 7 
42897, 7, 7 
53261, 7, 7 
31101, 7, 7 
4545, 7, 7 
3915, 7, 7 
14727, 7, 7 
14710, 7, 7 
258, 7, 7 
59304, 7, 7 
47793, 7, 7 
22528, 7, 7 
31125, 7, 7 
19525, 7, 7 
58701, 7, 7 
50115, 7, 7 
31749, 8, 8 
48138, 8, 8 
36854, 8, 8 
36745, 8, 8 
36054, 8, 8 
6760, 8, 8 
16631, 8, 8 
9811, 8, 8 
37278, 8, 8 
44695, 8, 8 
19906, 8, 8 
35848, 8, 8 
56716, 8, 8 
53420, 8, 8 
23935, 8, 8 
11355, 8, 8 
51611, 8, 8 
36585, 8, 8 
34758, 8, 8 
16864, 8, 8 
23077, 8, 8 
3338, 8, 8 
52352, 8, 8 
53161, 8, 8 
52072, 8, 8 
24234, 8, 8 
36648, 8, 9 
9924, 8, 1 
30219, 8, 9 
15610, 8, 1 
11836, 8, 8 
51104, 8, 8 
47615, 8, 8 
48021, 8, 8 
33820, 8, 8 
46817, 8, 8 
48997, 8, 8 
3066, 8, 8 
2384, 8, 8 
33631, 8, 9 
34165, 8, 8 
43692, 8, 8 
32806, 8, 8 
7376, 8, 8 
8520, 8, 3 
37125, 8, 8 
29563, 8, 8 
30771, 8, 8 
45245, 8, 8 
22557, 8, 8 
25464, 8, 8 
30688, 8, 8 
33026, 8, 8 
16115, 8, 8 
27994, 8, 8 
27121, 8, 8 
19124, 8, 9 
4621, 8, 8 
16135, 8, 8 
20905, 8, 8 
8722, 8, 8 
26028, 8, 8 
46767, 8, 8 
14893, 8, 8 
27024, 8, 8 
19470, 8, 8 
52237, 8, 8 
11555, 8, 8 
27907, 8, 8 
28785, 8, 8 
16036, 8, 8 
40213, 8, 8 
23737, 8, 8 
35788, 8, 8 
9250, 8, 8 
9559, 8, 8 
32509, 8, 8 
11444, 8, 8 
16000, 8, 8 
56557, 8, 8 
17244, 8, 2 
38805, 8, 8 
53970, 8, 8 
37617, 8, 8 
51224, 8, 8 
22039, 8, 8 
32473, 8, 8 
11749, 8, 1 
14808, 8, 8 
14013, 8, 8 
31569, 8, 8 
48110, 8, 8 
22653, 8, 8 
46222, 8, 8 
39647, 8, 8 
31236, 8, 8 
37685, 8, 8 
5116, 8, 8 
21089, 8, 8 
58371, 8, 8 
38271, 8, 8 
43097, 8, 8 
52280, 8, 9 
12130, 8, 8 
57922, 8, 8 
43986, 8, 3 
55807, 8, 8 
1593, 8, 8 
41893, 8, 8 
3554, 8, 8 
31591, 8, 0 
42388, 8, 8 
2972, 8, 8 
49824, 8, 8 
23831, 8, 8 
202, 8, 8 
22526, 8, 8 
34068, 8, 8 
14669, 8, 8 
19877, 8, 8 
55182, 8, 8 
52290, 8, 1 
14754, 8, 8 
5360, 8, 3 
54337, 8, 8 
36541, 8, 8 
4305, 8, 8 
57054, 8, 8 
32078, 8, 8 
14075, 8, 8 
33813, 8, 8 
3144, 8, 8 
39291, 8, 8 
31168, 8, 8 
32181, 8, 8 
1362, 8, 8 
30173, 8, 8 
3014, 8, 8 
45122, 8, 8 
55811, 8, 8 
19685, 8, 8 
26852, 8, 8 
59343, 8, 0 
11827, 8, 8 
49073, 8, 8 
11872, 8, 8 
25692, 8, 9 
3196, 8, 8 
2555, 8, 8 
55002, 8, 8 
46175, 8, 8 
58933, 8, 8 
3254, 8, 8 
27646, 8, 8 
15941, 8, 8 
8584, 8, 0 
27998, 8, 8 
50442, 8, 8 
6957, 8, 8 
28902, 8, 8 
54726, 8, 8 
49572, 8, 8 
55165, 8, 2 
5743, 8, 8 
7763, 8, 1 
25776, 8, 8 
29303, 8, 8 
8431, 8, 8 
27008, 8, 8 
24829, 8, 8 
42299, 8, 8 
59361, 8, 8 
23458, 8, 8 
31030, 8, 8 
41560, 8, 8 
55269, 8, 8 
17361, 8, 8 
21593, 8, 8 
31622, 8, 8 
43182, 8, 8 
50171, 8, 8 
39344, 8, 8 
12494, 8, 8 
25254, 8, 8 
11322, 8, 8 
28198, 8, 8 
10973, 8, 8 
2043, 8, 8 
59220, 8, 8 
11450, 8, 8 
21943, 8, 8 
4063, 8, 8 
4147, 8, 8 
44676, 8, 8 
41652, 8, 8 
1267, 8, 8 
30777, 8, 8 
51424, 8, 8 
51846, 8, 8 
54492, 8, 8 
46909, 9, 9 
47894, 9, 9 
1316, 9, 9 
31376, 9, 9 
7194, 9, 9 
59109, 9, 9 
47878, 9, 9 
30698, 9, 9 
55465, 9, 9 
49213, 9, 9 
47853, 9, 9 
57047, 9, 9 
5426, 9, 9 
18009, 9, 9 
31326, 9, 9 
20170, 9, 9 
17455, 9, 9 
39842, 9, 9 
35127, 9, 9 
17317, 9, 9 
29861, 9, 9 
2728, 9, 9 
49656, 9, 9 
32930, 9, 9 
3847, 9, 9 
20130, 9, 9 
22243, 9, 9 
57290, 9, 9 
33746, 9, 9 
9817, 9, 9 
4045, 9, 9 
17612, 9, 9 
15367, 9, 9 
44081, 9, 9 
38031, 9, 9 
8271, 9, 9 
53396, 9, 9 
27876, 9, 9 
52324, 9, 9 
27479, 9, 9 
15302, 9, 9 
6886, 9, 9 
33308, 9, 9 
49226, 9, 9 
19212, 9, 9 
55313, 9, 9 
50226, 9, 9 
46972, 9, 9 
43918, 9, 9 
17531, 9, 9 
37664, 9, 9 
11884, 9, 9 
31841, 9, 9 
25640, 9, 9 
51248, 9, 9 
45654, 9, 9 
53437, 9, 9 
52311, 9, 9 
41135, 9, 9 
39660, 9, 9 
3348, 9, 9 
51209, 9, 9 
51654, 9, 9 
43120, 9, 9 
21786, 9, 9 
8316, 9, 9 
46929, 9, 9 
19477, 9, 9 
54300, 9, 9 
36807, 9, 9 
54827, 9, 9 
36044, 9, 9 
57688, 9, 9 
1925, 9, 9 
32123, 9, 9 
45380, 9, 9 
23365, 9, 9 
13437, 9, 9 
34013, 9, 9 
17562, 9, 9 
32715, 9, 9 
44001, 9, 9 
36960, 9, 9 
48708, 9, 9 
58696, 9, 9 
13739, 9, 9 
27873, 9, 9 
1272, 9, 9 
32051, 9, 9 
47010, 9, 9 
36666, 9, 9 
24057, 9, 9 
37934, 9, 9 
5339, 9, 9 
17190, 9, 9 
52709, 9, 9 
53623, 9, 9 
38647, 9, 9 
26921, 9, 9 
2798, 9, 9 
39428, 9, 9 
39753, 9, 9 
37301, 9, 9 
28195, 9, 9 
33336, 9, 9 
48996, 9, 9 
8404, 9, 9 
58169, 9, 9 
15644, 9, 9 
3508, 9, 9 
21859, 9, 9 
22174, 9, 9 
46802, 9, 9 
39351, 9, 9 
28765, 9, 9 
35956, 9, 9 
29292, 9, 9 
50767, 9, 9 
55201, 9, 9 
27565, 9, 9 
46800, 9, 9 
20084, 9, 9 
30144, 9, 9 
34844, 9, 9 
33862, 9, 9 
18756, 9, 9 
4219, 9, 9 
50659, 9, 9 
25712, 9, 9 
16521, 9, 9 
1905, 9, 9 
30636, 9, 9 
687, 9, 9 
5559, 9, 9 
14554, 9, 9 
13949, 9, 9 
29018, 9, 9 
26042, 9, 9 
51165, 9, 9 
35013, 9, 9 
3784, 9, 9 
24379, 9, 9 
45201, 9, 9 
45603, 9, 9 
11617, 9, 9 
39174, 9, 9 
49272, 9, 9 
56618, 9, 9 
43999, 9, 9 
28715, 9, 9 
39016, 9, 9 
26895, 9, 9 
25801, 9, 9 
45824, 9, 9 
3588, 9, 9 
49798, 9, 9 
35160, 9, 9 
56580, 9, 9 
18669, 9, 9 
44895, 9, 9 
32128, 9, 9 
51644, 9, 9 
15944, 9, 9 
35647, 9, 9 
36418, 9, 9 
26110, 9, 9 
19244, 9, 9 
52270, 9, 9 
42376, 9, 9 
3653, 9, 9 
46271, 9, 9 
4668, 9, 9 
55711, 9, 9 
32749, 9, 9 
11123, 9, 9 
9613, 9, 9 
38353, 9, 9 
18777, 9, 9 
49163, 9, 9 
45700, 9, 9 
3874, 9, 9 
36629, 9, 9 
25343, 9, 9 
23374, 9, 9 
17363, 9, 9 
6589, 9, 9 
2438, 9, 9 
12240, 9, 9 
41102, 9, 9 
7773, 9, 9 
41251, 9, 9 
419, 9, 9 
46602, 9, 9 
11367, 9, 9 
49565, 9, 9 
36757, 9, 9 
52462, 9, 9 
10588, 9, 9 
39148, 9, 9 
20641, 9, 9 
