id, true label, predicted label 
46125, 0, 0 
26258, 0, 0 
25389, 0, 0 
8093, 0, 0 
9459, 0, 0 
40441, 0, 0 
1571, 0, 0 
22429, 0, 0 
51041, 0, 0 
15854, 0, 0 
35959, 0, 0 
9440, 0, 0 
24952, 0, 0 
45596, 0, 0 
42913, 0, 0 
22453, 0, 0 
38332, 0, 0 
48727, 0, 0 
17050, 0, 0 
20175, 0, 0 
32036, 0, 0 
4653, 0, 0 
1904, 0, 0 
56353, 0, 0 
39859, 0, 0 
35943, 0, 0 
38574, 0, 0 
50511, 0, 0 
19845, 0, 0 
25729, 0, 0 
49750, 0, 0 
20420, 0, 0 
37678, 0, 0 
21848, 0, 0 
55907, 0, 0 
11320, 0, 0 
19009, 0, 0 
44103, 0, 0 
4629, 0, 0 
13873, 0, 0 
19908, 0, 0 
38946, 0, 0 
4009, 0, 0 
23754, 0, 0 
9869, 0, 0 
32493, 0, 0 
45230, 0, 0 
7708, 0, 0 
52955, 0, 0 
16428, 0, 0 
58396, 0, 0 
35505, 0, 0 
19189, 0, 0 
32237, 0, 0 
54620, 0, 0 
38808, 0, 0 
54873, 0, 0 
2996, 0, 0 
5612, 0, 0 
32690, 0, 0 
23884, 0, 0 
52228, 0, 0 
12357, 0, 0 
59585, 0, 0 
13916, 0, 0 
34653, 0, 0 
50127, 0, 0 
31127, 0, 0 
21546, 0, 0 
21628, 0, 0 
9456, 0, 0 
7372, 0, 0 
49974, 0, 0 
8288, 0, 0 
24858, 0, 0 
48607, 0, 0 
51059, 0, 0 
15524, 0, 0 
20632, 0, 0 
54502, 0, 0 
13826, 0, 0 
55890, 0, 0 
19008, 0, 0 
45426, 0, 0 
24463, 0, 0 
37902, 0, 0 
53657, 0, 0 
4748, 0, 0 
46653, 0, 0 
743, 0, 0 
7355, 0, 0 
3702, 0, 0 
3067, 0, 0 
59225, 0, 0 
54214, 0, 0 
38749, 0, 0 
790, 0, 0 
53051, 0, 0 
8917, 0, 0 
40043, 0, 0 
33192, 0, 0 
13853, 0, 0 
55023, 0, 0 
47174, 0, 0 
13184, 0, 0 
8979, 0, 0 
34451, 0, 0 
19504, 0, 0 
119, 0, 0 
26369, 0, 0 
27712, 0, 0 
29177, 0, 0 
26038, 0, 0 
35400, 0, 0 
39463, 0, 0 
47271, 0, 0 
51490, 0, 0 
13280, 0, 0 
949, 0, 0 
54464, 0, 0 
11920, 0, 0 
38744, 0, 0 
54433, 0, 0 
41877, 0, 0 
58108, 0, 0 
39236, 0, 0 
9034, 0, 0 
34656, 0, 0 
44744, 0, 0 
19060, 0, 0 
9197, 0, 0 
49595, 0, 0 
58649, 0, 6 
57298, 0, 0 
47822, 0, 0 
46963, 0, 0 
5196, 0, 0 
25497, 0, 0 
36484, 0, 0 
41291, 0, 0 
28740, 0, 0 
29562, 0, 0 
44518, 0, 0 
47639, 0, 0 
34619, 0, 0 
36780, 0, 0 
31639, 0, 0 
45669, 0, 0 
17360, 0, 0 
48337, 0, 0 
31567, 0, 0 
54865, 0, 0 
26176, 0, 0 
13054, 0, 0 
46992, 0, 0 
21308, 0, 0 
28456, 0, 0 
7458, 0, 0 
8129, 0, 0 
43527, 0, 0 
44730, 0, 0 
39861, 0, 0 
47488, 0, 0 
41350, 0, 0 
59898, 0, 0 
6330, 0, 0 
54853, 0, 0 
9983, 0, 0 
47860, 0, 0 
16640, 0, 0 
40630, 0, 0 
34057, 0, 0 
33390, 0, 0 
54272, 0, 0 
21903, 0, 0 
52847, 0, 0 
47275, 0, 0 
26262, 0, 0 
13889, 0, 0 
39848, 0, 0 
3829, 0, 0 
11172, 0, 0 
49208, 0, 0 
56704, 0, 0 
6245, 0, 0 
6757, 0, 0 
38766, 0, 0 
43422, 0, 0 
22744, 0, 0 
11027, 0, 0 
44513, 0, 0 
10806, 0, 0 
22912, 0, 0 
21932, 0, 0 
24615, 0, 0 
216, 0, 0 
33381, 0, 0 
13268, 0, 0 
22886, 0, 0 
2561, 0, 0 
51067, 1, 1 
26174, 1, 1 
12178, 1, 1 
40097, 1, 1 
6083, 1, 1 
19940, 1, 1 
20131, 1, 1 
1654, 1, 1 
33556, 1, 1 
47019, 1, 1 
54552, 1, 1 
20963, 1, 1 
58570, 1, 1 
16805, 1, 1 
21060, 1, 1 
53375, 1, 1 
59247, 1, 1 
42852, 1, 1 
9875, 1, 1 
28361, 1, 1 
39403, 1, 1 
6575, 1, 1 
14079, 1, 1 
26772, 1, 1 
11715, 1, 1 
11272, 1, 1 
28557, 1, 1 
53930, 1, 1 
37337, 1, 1 
56057, 1, 1 
36110, 1, 1 
6511, 1, 1 
14612, 1, 1 
6926, 1, 1 
50489, 1, 1 
52205, 1, 1 
38847, 1, 1 
32824, 1, 1 
41514, 1, 1 
58903, 1, 1 
54373, 1, 1 
51784, 1, 1 
58689, 1, 1 
17704, 1, 1 
57778, 1, 1 
5708, 1, 1 
17812, 1, 1 
22848, 1, 1 
7138, 1, 1 
40294, 1, 1 
14000, 1, 1 
30852, 1, 1 
29825, 1, 1 
27123, 1, 1 
45703, 1, 1 
7169, 1, 1 
15255, 1, 1 
27063, 1, 1 
28524, 1, 1 
30171, 1, 1 
24930, 1, 1 
29902, 1, 1 
10556, 1, 1 
36536, 1, 1 
42279, 1, 1 
4190, 1, 1 
3604, 1, 1 
52174, 1, 1 
4149, 1, 1 
13390, 1, 1 
49392, 1, 1 
15026, 1, 1 
34681, 1, 1 
58276, 1, 1 
31537, 1, 1 
44446, 1, 1 
59616, 1, 1 
23333, 1, 1 
45320, 1, 1 
7057, 1, 1 
11312, 1, 1 
58286, 1, 1 
58083, 1, 1 
20135, 1, 1 
29125, 1, 1 
10267, 1, 1 
10823, 1, 1 
17433, 1, 1 
19346, 1, 1 
25354, 1, 1 
1703, 1, 1 
40052, 1, 1 
35831, 1, 1 
31853, 1, 1 
637, 1, 1 
39484, 1, 1 
29215, 1, 1 
52119, 1, 1 
49359, 1, 1 
38806, 1, 1 
43267, 1, 1 
28695, 1, 1 
7837, 1, 1 
24762, 1, 1 
25989, 1, 1 
19096, 1, 1 
58830, 1, 1 
42586, 1, 1 
14309, 1, 1 
31487, 1, 1 
24624, 1, 1 
41487, 1, 1 
12734, 1, 1 
6206, 1, 1 
49919, 1, 1 
49628, 1, 1 
32921, 1, 1 
30305, 1, 1 
33354, 1, 1 
58618, 1, 1 
11445, 1, 1 
38928, 1, 1 
38490, 1, 1 
35698, 1, 1 
25474, 1, 1 
56575, 1, 1 
53103, 1, 1 
49706, 1, 1 
2366, 1, 1 
43684, 1, 1 
46178, 1, 1 
58056, 1, 1 
27879, 1, 1 
41591, 1, 1 
18229, 1, 1 
50914, 1, 1 
57170, 1, 1 
16660, 1, 1 
44277, 1, 1 
2316, 1, 1 
9011, 1, 1 
51540, 1, 1 
59768, 1, 1 
4979, 1, 1 
56757, 1, 1 
16233, 1, 1 
45861, 1, 1 
15224, 1, 1 
58341, 1, 1 
40694, 1, 1 
32083, 1, 1 
6372, 1, 1 
39106, 1, 1 
10040, 1, 1 
4971, 1, 1 
36814, 1, 2 
58427, 1, 1 
36687, 1, 1 
14945, 1, 1 
10834, 1, 1 
35257, 1, 1 
39462, 1, 1 
28439, 1, 1 
7938, 1, 1 
10537, 1, 1 
4470, 1, 1 
33332, 1, 1 
14298, 1, 1 
47545, 1, 1 
26925, 1, 1 
28857, 1, 1 
35907, 1, 1 
49035, 1, 1 
35108, 1, 1 
20327, 1, 1 
14466, 1, 1 
32462, 1, 1 
36297, 1, 1 
5439, 1, 1 
47382, 1, 1 
50498, 1, 1 
34588, 1, 1 
38463, 1, 1 
231, 1, 1 
10886, 1, 1 
41733, 1, 1 
56605, 1, 1 
27506, 1, 1 
26747, 1, 1 
4708, 1, 1 
35386, 1, 1 
58486, 1, 1 
27457, 1, 1 
9256, 1, 1 
30126, 1, 1 
21702, 1, 1 
30898, 1, 1 
1544, 1, 1 
37116, 1, 1 
11440, 1, 1 
41466, 2, 2 
55316, 2, 2 
35832, 2, 2 
2877, 2, 2 
37925, 2, 2 
30561, 2, 2 
47922, 2, 2 
432, 2, 2 
22386, 2, 2 
12740, 2, 2 
13384, 2, 2 
26688, 2, 2 
45993, 2, 2 
10122, 2, 2 
30227, 2, 2 
54315, 2, 2 
42596, 2, 2 
5250, 2, 2 
36522, 2, 2 
1972, 2, 2 
22701, 2, 2 
21857, 2, 2 
34253, 2, 2 
33695, 2, 2 
15457, 2, 2 
5751, 2, 2 
40832, 2, 2 
7567, 2, 2 
36326, 2, 2 
17500, 2, 2 
38080, 2, 2 
37580, 2, 2 
45825, 2, 2 
22800, 2, 2 
10317, 2, 2 
10073, 2, 2 
22442, 2, 2 
2847, 2, 2 
53121, 2, 2 
22187, 2, 2 
29244, 2, 2 
34155, 2, 2 
49029, 2, 2 
14295, 2, 2 
28013, 2, 2 
57112, 2, 2 
43590, 2, 2 
48674, 2, 2 
57503, 2, 2 
7792, 2, 2 
25487, 2, 2 
50153, 2, 2 
28537, 2, 2 
31807, 2, 2 
56612, 2, 2 
25148, 2, 2 
1140, 2, 2 
11491, 2, 2 
33413, 2, 2 
25838, 2, 2 
39398, 2, 2 
31381, 2, 2 
8886, 2, 2 
16654, 2, 2 
39342, 2, 2 
53835, 2, 2 
48748, 2, 2 
42472, 2, 2 
39146, 2, 2 
58441, 2, 2 
41292, 2, 2 
37798, 2, 2 
49285, 2, 2 
13159, 2, 2 
52582, 2, 2 
48008, 2, 2 
48837, 2, 2 
21537, 2, 2 
49098, 2, 2 
43211, 2, 2 
28577, 2, 2 
52874, 2, 2 
53088, 2, 2 
21254, 2, 2 
7587, 2, 2 
56514, 2, 2 
9031, 2, 2 
3017, 2, 2 
14267, 2, 2 
22548, 2, 2 
44525, 2, 2 
16567, 2, 2 
48277, 2, 2 
40413, 2, 2 
57387, 2, 2 
45838, 2, 2 
35489, 2, 2 
6466, 2, 2 
58068, 2, 2 
58611, 2, 2 
35128, 2, 2 
57966, 2, 2 
42598, 2, 2 
56919, 2, 2 
17482, 2, 2 
51575, 2, 2 
4183, 2, 2 
33075, 2, 2 
6204, 2, 2 
44401, 2, 2 
31150, 2, 2 
49181, 2, 2 
43996, 2, 2 
50521, 2, 2 
14569, 2, 2 
33672, 2, 2 
53571, 2, 2 
52956, 2, 2 
6605, 2, 2 
1539, 2, 2 
51064, 2, 2 
50475, 2, 2 
55782, 2, 2 
19444, 2, 2 
24790, 2, 2 
24450, 2, 2 
29726, 2, 2 
23764, 2, 2 
40498, 2, 2 
6349, 2, 2 
7614, 2, 2 
46001, 2, 2 
13535, 2, 2 
19568, 2, 2 
3578, 2, 2 
17805, 2, 2 
47088, 2, 2 
32650, 2, 2 
22036, 2, 2 
54768, 2, 2 
36884, 2, 2 
34768, 2, 2 
23268, 2, 2 
24862, 2, 2 
35454, 2, 2 
19694, 2, 2 
47228, 2, 2 
31773, 2, 2 
907, 2, 2 
53876, 2, 2 
10680, 2, 2 
26340, 2, 2 
41540, 2, 2 
46028, 2, 2 
33881, 2, 2 
59045, 2, 2 
57859, 2, 2 
36833, 2, 2 
24582, 2, 2 
45281, 2, 2 
31546, 2, 2 
11899, 2, 2 
2270, 2, 2 
39284, 2, 2 
39698, 2, 2 
35779, 2, 2 
35685, 2, 2 
22990, 2, 2 
31422, 2, 2 
17841, 2, 2 
23162, 2, 2 
32035, 2, 2 
34425, 2, 2 
57933, 2, 2 
40812, 2, 2 
57284, 2, 2 
7688, 2, 2 
32695, 2, 2 
55833, 2, 2 
17840, 2, 2 
20442, 2, 2 
34573, 2, 2 
25564, 2, 2 
18815, 2, 2 
6138, 2, 2 
18841, 2, 2 
10207, 2, 2 
38438, 2, 2 
45779, 2, 2 
42583, 2, 2 
17480, 2, 2 
59444, 2, 2 
33438, 2, 2 
7326, 2, 2 
52889, 2, 2 
25139, 2, 2 
31177, 2, 2 
48043, 2, 2 
11449, 2, 2 
25294, 2, 2 
21092, 3, 3 
13906, 3, 3 
50265, 3, 3 
46117, 3, 3 
500, 3, 3 
17911, 3, 3 
18679, 3, 3 
13568, 3, 3 
7225, 3, 3 
26247, 3, 3 
33240, 3, 3 
34931, 3, 3 
30934, 3, 3 
15176, 3, 3 
13773, 3, 3 
28900, 3, 3 
2379, 3, 3 
49678, 3, 3 
12153, 3, 2 
34898, 3, 3 
33908, 3, 3 
49057, 3, 3 
33986, 3, 3 
17624, 3, 3 
4179, 3, 3 
26478, 3, 3 
32371, 3, 3 
50770, 3, 3 
25695, 3, 3 
39855, 3, 3 
6706, 3, 3 
33649, 3, 3 
24218, 3, 3 
29896, 3, 3 
22049, 3, 3 
55974, 3, 3 
54270, 3, 3 
5970, 3, 3 
9786, 3, 3 
49814, 3, 3 
24294, 3, 3 
43208, 3, 3 
49981, 3, 3 
28825, 3, 3 
25553, 3, 3 
54888, 3, 3 
5471, 3, 3 
36242, 3, 3 
9255, 3, 3 
23977, 3, 3 
47587, 3, 3 
18587, 3, 3 
20222, 3, 3 
38580, 3, 3 
32881, 3, 3 
46555, 3, 3 
12024, 3, 3 
28264, 3, 3 
38109, 3, 3 
41143, 3, 3 
26053, 3, 3 
56934, 3, 3 
59769, 3, 3 
25867, 3, 3 
26013, 3, 3 
2720, 3, 7 
13222, 3, 3 
8254, 3, 3 
32703, 3, 3 
36946, 3, 3 
18766, 3, 3 
46157, 3, 3 
46424, 3, 3 
45970, 3, 3 
19865, 3, 3 
1233, 3, 3 
40104, 3, 3 
37280, 3, 3 
55054, 3, 3 
26909, 3, 3 
24886, 3, 3 
24899, 3, 3 
43466, 3, 3 
52098, 3, 3 
56191, 3, 3 
59691, 3, 3 
48091, 3, 3 
22206, 3, 3 
1295, 3, 3 
11480, 3, 3 
4154, 3, 3 
13879, 3, 3 
54730, 3, 3 
59996, 3, 3 
35723, 3, 3 
51706, 3, 3 
18485, 3, 3 
4138, 3, 3 
8773, 3, 3 
42585, 3, 3 
11755, 3, 3 
8227, 3, 3 
6912, 3, 3 
56006, 3, 3 
5958, 3, 3 
6016, 3, 3 
57308, 3, 3 
14624, 3, 3 
23439, 3, 3 
43509, 3, 3 
38986, 3, 3 
20942, 3, 3 
19338, 3, 3 
57373, 3, 3 
32330, 3, 3 
30574, 3, 3 
27649, 3, 3 
44188, 3, 3 
45171, 3, 3 
24326, 3, 3 
46689, 3, 2 
28157, 3, 3 
27701, 3, 3 
56139, 3, 3 
31788, 3, 3 
16239, 3, 3 
18225, 3, 3 
47913, 3, 3 
37118, 3, 3 
51421, 3, 3 
55726, 3, 3 
28983, 3, 3 
59512, 3, 3 
41048, 3, 3 
2423, 3, 3 
44397, 3, 3 
12225, 3, 3 
33400, 3, 3 
45979, 3, 3 
17787, 3, 3 
29613, 3, 3 
35796, 3, 3 
54856, 3, 3 
52164, 3, 3 
41978, 3, 3 
8684, 3, 3 
50603, 3, 3 
30642, 3, 3 
41491, 3, 3 
4359, 3, 3 
45441, 3, 3 
37443, 3, 3 
6710, 3, 3 
8120, 3, 3 
4736, 3, 3 
45093, 3, 3 
40858, 3, 3 
39215, 3, 3 
53987, 3, 3 
3920, 3, 3 
20685, 3, 3 
43448, 3, 3 
15226, 3, 3 
54250, 3, 3 
59016, 3, 3 
45791, 3, 3 
2469, 3, 3 
18280, 3, 3 
59624, 3, 3 
5922, 3, 3 
25855, 3, 3 
33633, 3, 3 
45089, 3, 3 
30048, 3, 3 
31719, 3, 3 
22149, 3, 3 
16954, 3, 3 
8936, 3, 3 
34684, 3, 3 
25728, 3, 3 
24531, 3, 3 
21496, 3, 3 
29357, 3, 3 
16645, 3, 3 
56578, 3, 3 
59308, 3, 3 
51196, 3, 3 
38732, 3, 3 
18049, 3, 3 
42248, 3, 3 
40375, 3, 3 
2315, 3, 3 
50213, 3, 3 
57278, 3, 3 
39933, 3, 3 
37940, 3, 3 
15076, 3, 3 
18001, 3, 3 
28137, 3, 3 
16074, 3, 3 
45213, 4, 4 
1379, 4, 4 
30637, 4, 4 
4952, 4, 4 
42710, 4, 4 
45353, 4, 4 
56620, 4, 4 
22974, 4, 4 
28599, 4, 4 
41307, 4, 4 
6351, 4, 4 
43291, 4, 4 
41625, 4, 4 
21814, 4, 4 
1232, 4, 4 
2647, 4, 4 
45280, 4, 4 
50183, 4, 4 
4361, 4, 4 
50432, 4, 4 
25894, 4, 4 
34240, 4, 4 
45670, 4, 4 
56417, 4, 4 
44712, 4, 4 
55585, 4, 4 
55577, 4, 4 
43634, 4, 4 
46568, 4, 4 
3218, 4, 4 
55522, 4, 4 
27955, 4, 4 
20144, 4, 4 
42825, 4, 4 
36379, 4, 4 
31790, 4, 4 
29367, 4, 4 
19198, 4, 4 
41576, 4, 4 
43621, 4, 4 
46022, 4, 4 
51549, 4, 4 
52267, 4, 4 
1827, 4, 4 
4746, 4, 4 
43078, 4, 4 
28373, 4, 4 
35513, 4, 4 
12187, 4, 4 
55684, 4, 4 
36817, 4, 4 
4758, 4, 4 
25995, 4, 4 
18596, 4, 4 
9109, 4, 4 
47981, 4, 4 
14957, 4, 4 
7919, 4, 4 
257, 4, 4 
57249, 4, 4 
28823, 4, 4 
40523, 4, 4 
24274, 4, 4 
13539, 4, 4 
31359, 4, 4 
15416, 4, 4 
59106, 4, 4 
52277, 4, 4 
52437, 4, 4 
50319, 4, 4 
16443, 4, 4 
17701, 4, 4 
52343, 4, 4 
24471, 4, 4 
40429, 4, 4 
12125, 4, 4 
35626, 4, 4 
17478, 4, 4 
142, 4, 4 
24253, 4, 4 
25073, 4, 4 
21776, 4, 4 
53093, 4, 4 
51170, 4, 4 
30593, 4, 4 
21119, 4, 4 
48853, 4, 4 
10724, 4, 4 
45048, 4, 4 
1248, 4, 4 
13943, 4, 4 
32911, 4, 4 
38852, 4, 4 
51677, 4, 4 
14592, 4, 4 
35256, 4, 4 
10778, 4, 4 
13143, 4, 4 
24713, 4, 4 
22766, 4, 4 
41825, 4, 4 
33849, 4, 4 
4252, 4, 4 
20496, 4, 4 
28468, 4, 4 
51966, 4, 4 
35748, 4, 4 
7100, 4, 4 
1275, 4, 4 
27857, 4, 4 
28248, 4, 4 
47558, 4, 4 
6996, 4, 4 
46716, 4, 4 
19819, 4, 4 
5122, 4, 4 
5117, 4, 4 
48710, 4, 4 
36909, 4, 4 
39368, 4, 4 
28310, 4, 4 
48466, 4, 4 
56970, 4, 4 
40846, 4, 4 
680, 4, 4 
30298, 4, 4 
54819, 4, 4 
8775, 4, 4 
11646, 4, 4 
32578, 4, 4 
16526, 4, 4 
20794, 4, 4 
11073, 4, 4 
22311, 4, 4 
30536, 4, 4 
35780, 4, 4 
35234, 4, 6 
37884, 4, 4 
39272, 4, 4 
5813, 4, 4 
21480, 4, 4 
35546, 4, 4 
18589, 4, 4 
42471, 4, 4 
48508, 4, 4 
29794, 4, 4 
41977, 4, 4 
8278, 4, 4 
44284, 4, 4 
38668, 4, 4 
27538, 4, 4 
15429, 4, 4 
9391, 4, 4 
1187, 4, 4 
43473, 4, 4 
5265, 4, 4 
16438, 4, 4 
35752, 4, 4 
9718, 4, 4 
2361, 4, 4 
17613, 4, 4 
39983, 4, 4 
35144, 4, 4 
6268, 4, 4 
4567, 4, 4 
34947, 4, 4 
7296, 4, 4 
24262, 4, 9 
40392, 4, 4 
11046, 4, 4 
55073, 4, 4 
59599, 4, 4 
33473, 4, 4 
59386, 4, 4 
52246, 4, 4 
8583, 4, 4 
21340, 4, 4 
54617, 4, 4 
57677, 4, 4 
15840, 4, 4 
53990, 4, 4 
16359, 4, 4 
56886, 4, 4 
2089, 4, 4 
57844, 4, 4 
18345, 4, 4 
2185, 4, 4 
8768, 4, 4 
24340, 4, 4 
13291, 4, 4 
27433, 4, 4 
43709, 4, 4 
14086, 4, 4 
45860, 4, 4 
45153, 4, 4 
57713, 4, 9 
39248, 4, 4 
54447, 4, 4 
2546, 4, 4 
35490, 4, 4 
10610, 5, 5 
3085, 5, 5 
51039, 5, 5 
5666, 5, 5 
22211, 5, 5 
4048, 5, 5 
12818, 5, 5 
11486, 5, 5 
26198, 5, 5 
12210, 5, 5 
40194, 5, 5 
54949, 5, 5 
38287, 5, 5 
45591, 5, 5 
24439, 5, 5 
27412, 5, 5 
8744, 5, 5 
5653, 5, 5 
41582, 5, 5 
27510, 5, 5 
13602, 5, 5 
53675, 5, 5 
1577, 5, 5 
29316, 5, 5 
24718, 5, 5 
21883, 5, 5 
7927, 5, 5 
59133, 5, 5 
48397, 5, 5 
51674, 5, 5 
39972, 5, 5 
53306, 5, 5 
57671, 5, 5 
36896, 5, 5 
24960, 5, 5 
48586, 5, 5 
57136, 5, 5 
35151, 5, 5 
44404, 5, 5 
0, 5, 5 
58731, 5, 5 
32393, 5, 5 
25577, 5, 5 
7249, 5, 5 
40489, 5, 5 
24166, 5, 5 
42447, 5, 5 
4515, 5, 5 
33733, 5, 5 
54671, 5, 5 
12358, 5, 5 
8339, 5, 5 
35077, 5, 5 
26020, 5, 5 
37590, 5, 5 
53641, 5, 5 
19083, 5, 5 
52683, 5, 5 
38678, 5, 5 
54510, 5, 5 
28372, 5, 5 
6983, 5, 5 
27176, 5, 7 
41587, 5, 5 
46458, 5, 5 
49581, 5, 5 
49892, 5, 7 
35187, 5, 5 
236, 5, 5 
47115, 5, 5 
29066, 5, 5 
31499, 5, 5 
37567, 5, 5 
15830, 5, 5 
9376, 5, 5 
18418, 5, 5 
16767, 5, 5 
40014, 5, 5 
21455, 5, 5 
16095, 5, 5 
47915, 5, 5 
14204, 5, 5 
29539, 5, 5 
25813, 5, 5 
48659, 5, 5 
46813, 5, 5 
19746, 5, 5 
45870, 5, 5 
54562, 5, 5 
6636, 5, 5 
40869, 5, 5 
46102, 5, 5 
50399, 5, 5 
16844, 5, 5 
18005, 5, 5 
55838, 5, 5 
43772, 5, 5 
29487, 5, 5 
28608, 5, 5 
22033, 5, 5 
10877, 5, 5 
24504, 5, 5 
59731, 5, 5 
34288, 5, 5 
46522, 5, 5 
29685, 5, 5 
39380, 5, 5 
50071, 5, 5 
2622, 5, 5 
799, 5, 5 
24608, 5, 5 
6749, 5, 5 
26195, 5, 5 
40674, 5, 5 
7833, 5, 5 
19288, 5, 5 
56782, 5, 5 
43328, 5, 5 
14887, 5, 5 
56061, 5, 5 
7884, 5, 5 
30575, 5, 5 
3271, 5, 5 
16384, 5, 5 
33605, 5, 5 
31031, 5, 5 
32614, 5, 5 
38254, 5, 5 
10770, 5, 5 
6772, 5, 5 
10703, 5, 5 
41798, 5, 5 
12695, 5, 5 
58477, 5, 5 
18947, 5, 5 
14623, 5, 5 
47319, 5, 5 
20342, 5, 5 
54598, 5, 5 
47554, 5, 5 
13248, 5, 5 
58939, 5, 5 
3126, 5, 5 
7368, 5, 5 
38378, 5, 5 
2250, 5, 5 
39482, 5, 5 
24180, 5, 3 
32501, 5, 5 
35147, 5, 5 
7848, 5, 5 
38280, 5, 5 
33046, 5, 5 
55356, 5, 5 
41970, 5, 5 
37375, 5, 5 
54233, 5, 5 
43056, 5, 5 
49107, 5, 5 
35040, 5, 5 
17156, 5, 5 
17544, 5, 5 
52507, 5, 5 
29361, 5, 5 
1024, 5, 5 
3205, 5, 5 
11456, 5, 5 
5363, 5, 5 
43574, 5, 5 
49460, 5, 5 
16959, 5, 5 
14106, 5, 5 
44106, 5, 5 
40902, 5, 5 
44907, 5, 5 
42480, 5, 5 
58456, 5, 5 
17869, 5, 5 
2948, 5, 5 
9899, 5, 5 
56306, 5, 5 
37341, 5, 5 
8103, 5, 5 
12637, 5, 5 
34114, 5, 5 
2279, 5, 5 
39120, 5, 5 
46924, 5, 5 
58871, 5, 5 
6290, 5, 5 
58970, 5, 5 
49568, 5, 5 
45716, 5, 5 
24516, 5, 5 
2605, 5, 5 
10211, 5, 5 
46576, 5, 5 
15232, 5, 5 
14917, 5, 5 
33815, 5, 5 
36344, 6, 6 
22075, 6, 6 
30083, 6, 6 
2849, 6, 6 
23179, 6, 6 
35284, 6, 6 
16097, 6, 6 
56937, 6, 6 
31104, 6, 6 
59549, 6, 6 
24837, 6, 6 
2239, 6, 6 
41242, 6, 6 
30345, 6, 6 
47162, 6, 6 
16666, 6, 6 
21041, 6, 6 
45630, 6, 6 
4392, 6, 6 
58766, 6, 6 
27850, 6, 6 
31736, 6, 6 
51977, 6, 6 
17034, 6, 6 
27796, 6, 6 
30715, 6, 6 
41814, 6, 6 
10792, 6, 6 
25219, 6, 6 
506, 6, 6 
25505, 6, 6 
27704, 6, 6 
46310, 6, 6 
35439, 6, 6 
23475, 6, 6 
31037, 6, 6 
20317, 6, 6 
16550, 6, 6 
56885, 6, 6 
7562, 6, 6 
43485, 6, 6 
28251, 6, 6 
41890, 6, 6 
11787, 6, 6 
51354, 6, 6 
15500, 6, 6 
48262, 6, 6 
6267, 6, 6 
44197, 6, 6 
12905, 6, 6 
43995, 6, 6 
13999, 6, 6 
53900, 6, 6 
3706, 6, 6 
36772, 6, 6 
10853, 6, 6 
44728, 6, 6 
23148, 6, 6 
40862, 6, 6 
18388, 6, 6 
15441, 6, 6 
39250, 6, 6 
18772, 6, 6 
11497, 6, 6 
15004, 6, 6 
38780, 6, 6 
2777, 6, 6 
35955, 6, 6 
5586, 6, 6 
35213, 6, 6 
19722, 6, 6 
7559, 6, 6 
39251, 6, 6 
1041, 6, 6 
51408, 6, 6 
24851, 6, 6 
59206, 6, 6 
5913, 6, 6 
19384, 6, 6 
36724, 6, 6 
45030, 6, 6 
54591, 6, 6 
25680, 6, 6 
15484, 6, 6 
29226, 6, 6 
11959, 6, 6 
27682, 6, 6 
59811, 6, 6 
51179, 6, 6 
54641, 6, 6 
55135, 6, 6 
43800, 6, 6 
38394, 6, 6 
30995, 6, 6 
20916, 6, 6 
26396, 6, 6 
15638, 6, 6 
48451, 6, 6 
10076, 6, 6 
6464, 6, 6 
41129, 6, 6 
37892, 6, 6 
9120, 6, 6 
21918, 6, 6 
25962, 6, 6 
8074, 6, 6 
46521, 6, 6 
18848, 6, 6 
33704, 6, 6 
43931, 6, 6 
2242, 6, 6 
18548, 6, 6 
11132, 6, 6 
30989, 6, 6 
37256, 6, 6 
3485, 6, 6 
48054, 6, 6 
31232, 6, 6 
17980, 6, 6 
54851, 6, 6 
8797, 6, 6 
17563, 6, 6 
41793, 6, 6 
13731, 6, 6 
1869, 6, 6 
42490, 6, 6 
3207, 6, 6 
8001, 6, 6 
19559, 6, 6 
20543, 6, 6 
1931, 6, 6 
1784, 6, 6 
52441, 6, 6 
49828, 6, 6 
29774, 6, 6 
2631, 6, 6 
34393, 6, 6 
54403, 6, 6 
7972, 6, 6 
28170, 6, 6 
4765, 6, 6 
58686, 6, 6 
46943, 6, 6 
3869, 6, 6 
53827, 6, 6 
51319, 6, 6 
49977, 6, 6 
22953, 6, 6 
34652, 6, 6 
41059, 6, 6 
21411, 6, 6 
17657, 6, 6 
28552, 6, 6 
21419, 6, 6 
29275, 6, 6 
4572, 6, 6 
52494, 6, 6 
1224, 6, 6 
34767, 6, 6 
35935, 6, 6 
2637, 6, 6 
25860, 6, 6 
2614, 6, 6 
48362, 6, 6 
57641, 6, 6 
8590, 6, 6 
26792, 6, 6 
53057, 6, 6 
21452, 6, 6 
29891, 6, 6 
4054, 6, 6 
49879, 6, 6 
23346, 6, 6 
34049, 6, 6 
9049, 6, 6 
4404, 6, 6 
34546, 6, 0 
26819, 6, 6 
18085, 6, 6 
34905, 6, 6 
31228, 6, 6 
5294, 6, 6 
12876, 6, 6 
32736, 6, 6 
24622, 6, 6 
3297, 6, 6 
36653, 6, 6 
33379, 6, 6 
47064, 6, 6 
36792, 6, 6 
43940, 6, 6 
45448, 6, 6 
47891, 6, 6 
27595, 6, 6 
27504, 6, 6 
32345, 6, 6 
4251, 6, 6 
1957, 6, 6 
22291, 6, 6 
29583, 6, 6 
27341, 7, 7 
53242, 7, 7 
58899, 7, 7 
42468, 7, 7 
55603, 7, 7 
43821, 7, 7 
50233, 7, 7 
56111, 7, 7 
56052, 7, 7 
42790, 7, 7 
46340, 7, 7 
20582, 7, 7 
30764, 7, 7 
19284, 7, 7 
23946, 7, 7 
57958, 7, 7 
16836, 7, 7 
54441, 7, 7 
30380, 7, 7 
36365, 7, 7 
37898, 7, 7 
53771, 7, 7 
37001, 7, 7 
5723, 7, 7 
30259, 7, 7 
56841, 7, 7 
28229, 7, 7 
52463, 7, 7 
44039, 7, 7 
57078, 7, 7 
57884, 7, 7 
25299, 7, 7 
31385, 7, 7 
34689, 7, 7 
20795, 7, 7 
4672, 7, 7 
48473, 7, 7 
16189, 7, 7 
37389, 7, 7 
51300, 7, 7 
18557, 7, 7 
57581, 7, 7 
51477, 7, 7 
52216, 7, 7 
4661, 7, 7 
25140, 7, 7 
42415, 7, 7 
29855, 7, 7 
25229, 7, 7 
6510, 7, 7 
41300, 7, 7 
17961, 7, 7 
50046, 7, 7 
56892, 7, 7 
43382, 7, 7 
15922, 7, 7 
13815, 7, 7 
18537, 7, 7 
54623, 7, 7 
26500, 7, 7 
30294, 7, 7 
58009, 7, 7 
13410, 7, 7 
47485, 7, 7 
39038, 7, 7 
46327, 7, 7 
52071, 7, 7 
13512, 7, 7 
5197, 7, 7 
55647, 7, 7 
42077, 7, 7 
49071, 7, 7 
56769, 7, 7 
19703, 7, 7 
31531, 7, 7 
40061, 7, 7 
7494, 7, 7 
51335, 7, 7 
16100, 7, 4 
28921, 7, 7 
22858, 7, 7 
18309, 7, 7 
21641, 7, 7 
26734, 7, 7 
50822, 7, 7 
12391, 7, 7 
23811, 7, 7 
56900, 7, 7 
42772, 7, 7 
52669, 7, 7 
52587, 7, 7 
52178, 7, 7 
37561, 7, 7 
44170, 7, 7 
18682, 7, 7 
51879, 7, 7 
51353, 7, 7 
12982, 7, 7 
34633, 7, 7 
15, 7, 7 
55826, 7, 7 
34835, 7, 7 
7384, 7, 7 
29436, 7, 7 
19448, 7, 7 
30165, 7, 7 
43840, 7, 7 
59162, 7, 7 
11517, 7, 7 
21429, 7, 7 
11805, 7, 7 
36334, 7, 7 
39497, 7, 7 
10002, 7, 7 
32580, 7, 7 
1652, 7, 7 
12252, 7, 7 
27529, 7, 7 
42798, 7, 7 
48404, 7, 7 
48619, 7, 7 
34914, 7, 7 
34055, 7, 7 
9911, 7, 7 
4984, 7, 7 
47504, 7, 7 
45392, 7, 7 
35518, 7, 7 
12676, 7, 7 
57549, 7, 7 
3228, 7, 7 
43886, 7, 7 
34909, 7, 7 
36691, 7, 7 
38688, 7, 7 
28443, 7, 7 
49024, 7, 7 
2867, 7, 7 
22018, 7, 7 
38814, 7, 7 
59963, 7, 7 
49584, 7, 7 
1057, 7, 7 
37168, 7, 7 
30018, 7, 7 
51911, 7, 7 
13243, 7, 7 
55171, 7, 7 
4363, 7, 7 
6597, 7, 7 
37034, 7, 7 
44552, 7, 7 
37353, 7, 7 
58204, 7, 7 
44212, 7, 7 
40838, 7, 7 
28106, 7, 7 
8517, 7, 7 
37819, 7, 7 
59977, 7, 7 
32236, 7, 7 
58631, 7, 7 
3206, 7, 7 
26529, 7, 7 
24505, 7, 7 
22057, 7, 7 
5897, 7, 7 
6339, 7, 7 
12395, 7, 7 
17833, 7, 7 
50440, 7, 7 
34233, 7, 7 
52568, 7, 7 
52471, 7, 7 
33406, 7, 7 
32728, 7, 7 
6287, 7, 7 
13064, 7, 7 
21501, 7, 7 
20857, 7, 7 
17776, 7, 7 
1154, 7, 7 
46515, 7, 7 
20032, 7, 7 
50706, 7, 7 
56274, 7, 7 
40143, 7, 7 
21412, 7, 7 
11332, 7, 7 
2759, 7, 7 
9502, 7, 7 
48377, 7, 7 
54937, 7, 7 
31100, 7, 7 
50894, 7, 7 
57380, 7, 7 
2766, 7, 7 
14871, 7, 7 
46253, 7, 7 
25133, 7, 7 
15738, 8, 4 
10901, 8, 8 
30703, 8, 8 
30874, 8, 8 
50413, 8, 8 
35629, 8, 8 
26273, 8, 8 
21613, 8, 8 
44576, 8, 8 
19124, 8, 9 
49044, 8, 8 
34313, 8, 8 
59393, 8, 8 
12936, 8, 2 
10189, 8, 8 
25213, 8, 8 
53817, 8, 8 
48062, 8, 8 
32404, 8, 8 
29780, 8, 8 
9591, 8, 4 
51746, 8, 8 
2476, 8, 8 
13151, 8, 8 
14075, 8, 8 
39011, 8, 8 
18642, 8, 8 
57666, 8, 8 
39575, 8, 8 
32093, 8, 8 
37431, 8, 8 
29589, 8, 8 
6952, 8, 8 
17290, 8, 8 
20859, 8, 8 
41504, 8, 8 
54054, 8, 9 
36489, 8, 8 
15629, 8, 8 
1045, 8, 8 
4419, 8, 8 
46629, 8, 8 
11070, 8, 8 
8300, 8, 8 
32116, 8, 8 
5087, 8, 8 
53208, 8, 8 
43687, 8, 8 
18635, 8, 8 
12400, 8, 8 
22060, 8, 8 
40012, 8, 4 
28474, 8, 8 
5220, 8, 8 
53701, 8, 8 
14766, 8, 8 
19194, 8, 9 
20945, 8, 8 
50607, 8, 8 
34577, 8, 8 
39756, 8, 8 
53865, 8, 8 
35576, 8, 8 
45859, 8, 8 
25859, 8, 8 
20968, 8, 8 
18994, 8, 8 
34933, 8, 8 
25657, 8, 8 
54198, 8, 8 
55392, 8, 8 
27048, 8, 8 
38912, 8, 8 
19079, 8, 8 
48312, 8, 8 
3872, 8, 8 
7376, 8, 8 
40274, 8, 8 
47563, 8, 8 
6533, 8, 8 
44267, 8, 8 
725, 8, 8 
8732, 8, 8 
40466, 8, 8 
16785, 8, 8 
42736, 8, 8 
1339, 8, 8 
57984, 8, 8 
33451, 8, 8 
56085, 8, 8 
15343, 8, 8 
36529, 8, 8 
41973, 8, 8 
28023, 8, 8 
33424, 8, 8 
44163, 8, 8 
52533, 8, 8 
37299, 8, 8 
58748, 8, 8 
7026, 8, 8 
5474, 8, 8 
4634, 8, 4 
31622, 8, 8 
20904, 8, 8 
18559, 8, 8 
57054, 8, 8 
15267, 8, 8 
24979, 8, 8 
13924, 8, 8 
20973, 8, 8 
14211, 8, 8 
56004, 8, 8 
33839, 8, 8 
43299, 8, 8 
41935, 8, 8 
38119, 8, 8 
13152, 8, 8 
26737, 8, 8 
2378, 8, 8 
13803, 8, 8 
29183, 8, 8 
31968, 8, 9 
42104, 8, 8 
15595, 8, 8 
23591, 8, 8 
976, 8, 8 
34929, 8, 8 
47034, 8, 1 
28664, 8, 8 
46789, 8, 8 
14438, 8, 8 
20037, 8, 5 
9008, 8, 2 
23562, 8, 8 
45918, 8, 8 
15286, 8, 8 
35730, 8, 8 
59793, 8, 8 
28247, 8, 8 
45181, 8, 8 
37628, 8, 8 
13281, 8, 8 
48428, 8, 8 
13258, 8, 9 
42749, 8, 8 
33278, 8, 8 
20785, 8, 8 
57189, 8, 8 
8234, 8, 8 
6544, 8, 8 
14162, 8, 8 
18109, 8, 8 
1170, 8, 8 
14913, 8, 8 
13171, 8, 8 
54884, 8, 8 
51087, 8, 8 
17547, 8, 8 
41118, 8, 8 
57602, 8, 8 
52425, 8, 8 
34068, 8, 8 
10513, 8, 8 
48739, 8, 8 
54636, 8, 8 
5430, 8, 2 
37479, 8, 8 
54423, 8, 8 
55430, 8, 8 
18310, 8, 8 
59129, 8, 8 
26028, 8, 8 
3737, 8, 8 
57580, 8, 8 
40324, 8, 8 
22324, 8, 8 
10359, 8, 8 
58024, 8, 8 
5763, 8, 8 
51861, 8, 8 
53721, 8, 8 
9852, 8, 8 
32516, 8, 8 
10817, 8, 8 
38878, 8, 8 
43901, 8, 8 
1025, 8, 8 
33337, 8, 8 
30450, 8, 8 
35950, 8, 8 
31298, 8, 8 
45737, 8, 8 
55163, 8, 2 
52950, 8, 8 
25546, 8, 2 
25362, 8, 8 
16365, 8, 8 
348, 8, 8 
3866, 8, 8 
36096, 8, 8 
36606, 9, 9 
49227, 9, 9 
49562, 9, 9 
7904, 9, 9 
21987, 9, 9 
41403, 9, 9 
14146, 9, 9 
35182, 9, 9 
44400, 9, 9 
59594, 9, 9 
35893, 9, 9 
41738, 9, 9 
43094, 9, 9 
11175, 9, 9 
53055, 9, 9 
4916, 9, 9 
25643, 9, 9 
54627, 9, 9 
28538, 9, 9 
22841, 9, 9 
21032, 9, 9 
35480, 9, 1 
25367, 9, 9 
45525, 9, 9 
20820, 9, 9 
24860, 9, 9 
40799, 9, 9 
29236, 9, 9 
18697, 9, 9 
13936, 9, 9 
1256, 9, 9 
14843, 9, 9 
2006, 9, 9 
52795, 9, 9 
59604, 9, 9 
52577, 9, 9 
27460, 9, 9 
13191, 9, 7 
35877, 9, 9 
56152, 9, 9 
46238, 9, 9 
44863, 9, 9 
8318, 9, 9 
1728, 9, 9 
48750, 9, 9 
40647, 9, 9 
58961, 9, 9 
1850, 9, 9 
9555, 9, 9 
41155, 9, 9 
54036, 9, 9 
3099, 9, 9 
15913, 9, 9 
20641, 9, 9 
44509, 9, 9 
42643, 9, 9 
32898, 9, 9 
27968, 9, 9 
31828, 9, 9 
19619, 9, 9 
45242, 9, 9 
34339, 9, 9 
22340, 9, 9 
7975, 9, 9 
4667, 9, 9 
56270, 9, 9 
11276, 9, 9 
5459, 9, 9 
50703, 9, 9 
34983, 9, 9 
14294, 9, 9 
15987, 9, 9 
24553, 9, 9 
428, 9, 9 
50163, 9, 9 
42298, 9, 9 
11947, 9, 9 
32396, 9, 9 
35641, 9, 9 
3745, 9, 9 
3414, 9, 9 
37318, 9, 9 
50248, 9, 9 
38293, 9, 9 
36777, 9, 9 
32350, 9, 9 
16035, 9, 9 
30805, 9, 9 
30010, 9, 9 
2141, 9, 9 
9729, 9, 9 
33764, 9, 9 
32909, 9, 9 
44854, 9, 9 
52406, 9, 9 
22321, 9, 9 
36392, 9, 9 
43830, 9, 9 
1441, 9, 9 
19814, 9, 3 
49653, 9, 9 
21087, 9, 9 
45487, 9, 9 
23447, 9, 9 
9933, 9, 9 
39464, 9, 9 
9969, 9, 9 
34769, 9, 9 
29475, 9, 9 
23266, 9, 9 
49383, 9, 9 
27130, 9, 9 
40997, 9, 9 
18744, 9, 9 
20126, 9, 9 
23868, 9, 8 
41684, 9, 9 
26359, 9, 9 
39331, 9, 9 
52478, 9, 9 
10102, 9, 9 
43425, 9, 9 
29591, 9, 9 
54334, 9, 9 
35695, 9, 9 
17463, 9, 9 
33974, 9, 9 
5829, 9, 9 
53950, 9, 9 
30633, 9, 9 
37772, 9, 9 
50414, 9, 9 
58539, 9, 9 
36080, 9, 9 
44104, 9, 9 
17427, 9, 9 
43864, 9, 9 
9129, 9, 9 
31922, 9, 9 
46662, 9, 9 
39733, 9, 9 
49679, 9, 9 
53592, 9, 9 
38205, 9, 9 
32433, 9, 9 
16106, 9, 9 
21423, 9, 9 
59135, 9, 9 
12868, 9, 9 
31896, 9, 9 
40174, 9, 9 
10501, 9, 9 
38704, 9, 9 
50528, 9, 9 
30551, 9, 9 
33249, 9, 9 
26571, 9, 9 
46444, 9, 9 
53238, 9, 9 
45810, 9, 9 
5765, 9, 9 
9893, 9, 9 
37333, 9, 9 
11452, 9, 9 
28853, 9, 9 
24942, 9, 9 
48654, 9, 9 
29165, 9, 9 
26870, 9, 9 
28523, 9, 9 
6294, 9, 9 
22902, 9, 9 
24230, 9, 9 
18060, 9, 9 
11853, 9, 9 
6295, 9, 9 
49468, 9, 9 
23016, 9, 9 
23170, 9, 9 
51036, 9, 9 
26005, 9, 9 
19729, 9, 9 
52709, 9, 9 
23950, 9, 9 
33576, 9, 9 
23224, 9, 9 
13461, 9, 9 
7690, 9, 9 
54677, 9, 9 
45301, 9, 9 
54085, 9, 9 
37586, 9, 9 
601, 9, 9 
26185, 9, 9 
18973, 9, 9 
25881, 9, 9 
21138, 9, 9 
24620, 9, 9 
42318, 9, 9 
53616, 9, 9 
