id, true label, predicted label 
52182, 0, 0 
24265, 0, 0 
43387, 0, 0 
8343, 0, 0 
37425, 0, 0 
17977, 0, 0 
35087, 0, 0 
37511, 0, 0 
5082, 0, 0 
11422, 0, 0 
15520, 0, 0 
39236, 0, 0 
14991, 0, 0 
16396, 0, 0 
49185, 0, 0 
17485, 0, 0 
18837, 0, 0 
57769, 0, 0 
31389, 0, 0 
10456, 0, 0 
29809, 0, 0 
7158, 0, 0 
58408, 0, 0 
54642, 0, 0 
58275, 0, 0 
26038, 0, 0 
17871, 0, 0 
9038, 0, 0 
11091, 0, 0 
27477, 0, 0 
23613, 0, 0 
49354, 0, 0 
4082, 0, 0 
52021, 0, 0 
51121, 0, 0 
43727, 0, 0 
13547, 0, 0 
48895, 0, 0 
47599, 0, 0 
51824, 0, 0 
8021, 0, 0 
33657, 0, 0 
27246, 0, 0 
1664, 0, 0 
34985, 0, 0 
14773, 0, 0 
45386, 0, 0 
14817, 0, 0 
48403, 0, 0 
1093, 0, 0 
13240, 0, 0 
24645, 0, 0 
59952, 0, 0 
48371, 0, 0 
43423, 0, 0 
56469, 0, 0 
4981, 0, 0 
1729, 0, 0 
41635, 0, 0 
9456, 0, 0 
15901, 0, 0 
19974, 0, 0 
57092, 0, 0 
52039, 0, 0 
42744, 0, 0 
50424, 0, 0 
35107, 0, 0 
59615, 0, 0 
50523, 0, 0 
33669, 0, 0 
19902, 0, 0 
1926, 0, 0 
21413, 0, 0 
56639, 0, 0 
16888, 0, 0 
10801, 0, 0 
27620, 0, 0 
1102, 0, 0 
50057, 0, 0 
17932, 0, 0 
31154, 0, 0 
31310, 0, 0 
9699, 0, 0 
31199, 0, 0 
50357, 0, 0 
3015, 0, 0 
11003, 0, 0 
44518, 0, 0 
54209, 0, 0 
49750, 0, 0 
55752, 0, 0 
44363, 0, 0 
30455, 0, 0 
43102, 0, 0 
689, 0, 0 
8387, 0, 0 
9523, 0, 0 
59372, 0, 0 
26315, 0, 0 
14325, 0, 0 
30929, 0, 0 
40888, 0, 0 
47031, 0, 0 
9297, 0, 0 
53270, 0, 0 
47466, 0, 0 
49311, 0, 0 
5809, 0, 0 
56450, 0, 0 
1626, 0, 0 
8812, 0, 0 
20801, 0, 0 
33292, 0, 0 
10245, 0, 0 
3896, 0, 0 
25987, 0, 0 
40563, 0, 0 
42599, 0, 0 
787, 0, 0 
2483, 0, 0 
40173, 0, 0 
53533, 0, 0 
5844, 0, 0 
43050, 0, 0 
44266, 0, 0 
47704, 0, 0 
50444, 0, 0 
42965, 0, 0 
19811, 0, 0 
30926, 0, 0 
11712, 0, 0 
44883, 0, 0 
29621, 0, 0 
58738, 0, 0 
20334, 0, 0 
43347, 0, 0 
55967, 0, 0 
36351, 0, 0 
53785, 0, 0 
2557, 0, 0 
50696, 0, 0 
57034, 0, 0 
55254, 0, 0 
14393, 0, 0 
59795, 0, 0 
46439, 0, 0 
39175, 0, 0 
23297, 0, 0 
22375, 0, 0 
17625, 0, 0 
3479, 0, 0 
17376, 0, 0 
5886, 0, 0 
27822, 0, 0 
2615, 0, 0 
12635, 0, 0 
41371, 0, 0 
8335, 0, 0 
48039, 0, 0 
28771, 0, 0 
56942, 0, 0 
49535, 0, 0 
35409, 0, 0 
668, 0, 0 
38889, 0, 0 
8449, 0, 0 
3492, 0, 0 
40179, 0, 0 
19554, 0, 0 
11848, 0, 0 
49939, 0, 0 
51490, 0, 0 
50511, 0, 0 
34283, 0, 0 
45255, 0, 0 
3806, 0, 0 
25427, 0, 0 
15559, 0, 0 
47572, 0, 0 
31297, 0, 0 
57887, 0, 0 
37495, 0, 0 
47447, 0, 0 
27380, 0, 0 
25518, 0, 0 
6023, 0, 0 
5192, 0, 0 
52831, 0, 0 
13926, 0, 0 
4009, 0, 0 
42632, 0, 0 
49774, 0, 0 
5228, 0, 0 
42776, 0, 0 
1645, 0, 0 
6928, 0, 0 
18832, 0, 0 
27247, 0, 0 
42389, 0, 0 
23601, 0, 0 
15105, 1, 1 
18983, 1, 1 
5090, 1, 1 
43539, 1, 1 
40220, 1, 1 
20475, 1, 1 
1118, 1, 1 
56252, 1, 1 
56343, 1, 1 
33370, 1, 1 
20409, 1, 1 
52032, 1, 1 
44556, 1, 1 
32937, 1, 1 
9755, 1, 1 
35404, 1, 1 
17605, 1, 1 
7973, 1, 1 
10455, 1, 1 
59979, 1, 1 
30372, 1, 1 
41424, 1, 1 
48303, 1, 1 
28649, 1, 1 
22916, 1, 1 
36033, 1, 1 
7650, 1, 1 
23204, 1, 1 
8402, 1, 1 
37670, 1, 1 
12056, 1, 1 
31122, 1, 1 
25745, 1, 1 
11968, 1, 1 
17806, 1, 1 
54720, 1, 1 
26961, 1, 1 
57243, 1, 1 
23656, 1, 1 
7788, 1, 1 
2547, 1, 1 
47434, 1, 1 
1252, 1, 1 
24183, 1, 1 
8934, 1, 1 
56138, 1, 1 
2906, 1, 1 
25287, 1, 1 
33166, 1, 1 
53135, 1, 1 
38595, 1, 1 
21682, 1, 1 
57931, 1, 1 
16946, 1, 1 
25474, 1, 1 
6254, 1, 4 
10834, 1, 1 
40635, 1, 1 
10667, 1, 1 
28018, 1, 1 
37036, 1, 1 
45087, 1, 1 
1321, 1, 1 
23492, 1, 1 
53018, 1, 1 
40, 1, 1 
36071, 1, 1 
4764, 1, 1 
21334, 1, 1 
41238, 1, 1 
32005, 1, 1 
32413, 1, 1 
9622, 1, 1 
12209, 1, 1 
10267, 1, 1 
40181, 1, 1 
11630, 1, 1 
11671, 1, 1 
39546, 1, 1 
49338, 1, 1 
31084, 1, 1 
15710, 1, 1 
56836, 1, 1 
47869, 1, 1 
6977, 1, 1 
14327, 1, 1 
19304, 1, 1 
47004, 1, 1 
30281, 1, 1 
22628, 1, 1 
38528, 1, 1 
15929, 1, 1 
37862, 1, 1 
11272, 1, 1 
28094, 1, 1 
16392, 1, 1 
18372, 1, 1 
27585, 1, 1 
56656, 1, 1 
21618, 1, 1 
38163, 1, 1 
34402, 1, 1 
40468, 1, 1 
6775, 1, 1 
8705, 1, 1 
4623, 1, 1 
7876, 1, 1 
41554, 1, 1 
20659, 1, 1 
23749, 1, 1 
59606, 1, 1 
22538, 1, 1 
50931, 1, 1 
1839, 1, 1 
24341, 1, 1 
57272, 1, 1 
5336, 1, 1 
37614, 1, 1 
10556, 1, 1 
32807, 1, 1 
29274, 1, 1 
6499, 1, 1 
21552, 1, 1 
59806, 1, 1 
45253, 1, 1 
59586, 1, 1 
16656, 1, 1 
46029, 1, 1 
18019, 1, 1 
34096, 1, 1 
47904, 1, 1 
31894, 1, 1 
30847, 1, 1 
3725, 1, 1 
44220, 1, 1 
12479, 1, 1 
40831, 1, 1 
39796, 1, 1 
56423, 1, 1 
57049, 1, 1 
59071, 1, 1 
14998, 1, 1 
26772, 1, 1 
40568, 1, 1 
6075, 1, 1 
8895, 1, 1 
42156, 1, 1 
12885, 1, 1 
21744, 1, 1 
17637, 1, 1 
4504, 1, 1 
26617, 1, 1 
13725, 1, 1 
36924, 1, 1 
40658, 1, 1 
16923, 1, 1 
47054, 1, 1 
56605, 1, 1 
39637, 1, 1 
55543, 1, 1 
27924, 1, 1 
57797, 1, 1 
51594, 1, 1 
34179, 1, 1 
27474, 1, 1 
16086, 1, 1 
34291, 1, 1 
50631, 1, 1 
55371, 1, 1 
9579, 1, 1 
48679, 1, 1 
12261, 1, 1 
17960, 1, 1 
7748, 1, 1 
3411, 1, 1 
12643, 1, 1 
4950, 1, 1 
16960, 1, 1 
23844, 1, 1 
46685, 1, 1 
12883, 1, 1 
5020, 1, 1 
47194, 1, 1 
23493, 1, 1 
38769, 1, 1 
55083, 1, 1 
48650, 1, 1 
52119, 1, 1 
56610, 1, 1 
21554, 1, 1 
23862, 1, 1 
10971, 1, 1 
34017, 1, 1 
47338, 1, 1 
40692, 1, 1 
37012, 1, 1 
19071, 1, 1 
55380, 1, 1 
58570, 1, 1 
58387, 1, 1 
38427, 2, 2 
43826, 2, 2 
24805, 2, 2 
57910, 2, 2 
18567, 2, 2 
22249, 2, 2 
45453, 2, 2 
8883, 2, 2 
33185, 2, 2 
233, 2, 2 
56583, 2, 2 
45133, 2, 2 
55149, 2, 2 
11306, 2, 2 
52207, 2, 2 
57694, 2, 2 
49264, 2, 2 
36006, 2, 2 
51037, 2, 2 
28366, 2, 2 
43124, 2, 2 
37918, 2, 2 
3444, 2, 2 
33832, 2, 2 
46551, 2, 2 
30600, 2, 2 
51937, 2, 2 
33250, 2, 2 
34831, 2, 2 
38839, 2, 2 
26341, 2, 2 
41466, 2, 2 
4165, 2, 2 
30420, 2, 2 
44847, 2, 2 
17153, 2, 2 
32818, 2, 2 
21633, 2, 2 
4157, 2, 2 
58936, 2, 2 
10029, 2, 2 
3981, 2, 2 
59807, 2, 2 
39434, 2, 2 
34850, 2, 2 
9604, 2, 2 
56665, 2, 2 
8922, 2, 2 
38665, 2, 2 
18356, 2, 2 
11017, 2, 2 
39688, 2, 2 
20517, 2, 2 
39330, 2, 2 
51317, 2, 2 
15605, 2, 2 
21615, 2, 2 
33505, 2, 2 
30596, 2, 2 
10078, 2, 2 
31024, 2, 2 
1662, 2, 2 
33695, 2, 2 
47270, 2, 2 
3105, 2, 2 
35110, 2, 2 
19815, 2, 2 
24552, 2, 2 
57503, 2, 2 
45287, 2, 2 
1438, 2, 2 
22620, 2, 2 
22132, 2, 2 
33096, 2, 2 
11521, 2, 2 
5318, 2, 2 
7782, 2, 2 
37646, 2, 2 
30522, 2, 2 
22252, 2, 2 
36100, 2, 2 
58572, 2, 2 
16309, 2, 2 
57588, 2, 2 
10739, 2, 2 
26540, 2, 2 
48640, 2, 2 
44502, 2, 2 
37241, 2, 2 
5250, 2, 2 
1053, 2, 2 
57604, 2, 2 
4649, 2, 2 
10264, 2, 2 
47499, 2, 2 
2065, 2, 2 
20967, 2, 2 
32650, 2, 2 
29220, 2, 2 
51869, 2, 2 
3042, 2, 2 
8433, 2, 2 
45920, 2, 2 
15867, 2, 2 
30762, 2, 2 
38261, 2, 2 
43122, 2, 2 
43176, 2, 2 
1602, 2, 2 
40416, 2, 2 
23859, 2, 2 
57289, 2, 2 
6492, 2, 2 
8201, 2, 2 
13820, 2, 2 
24849, 2, 2 
39006, 2, 2 
22807, 2, 2 
26006, 2, 2 
41708, 2, 2 
54796, 2, 2 
38784, 2, 2 
44265, 2, 2 
27026, 2, 2 
32169, 2, 2 
58182, 2, 2 
54318, 2, 2 
7554, 2, 2 
46620, 2, 2 
6348, 2, 2 
44316, 2, 2 
22792, 2, 2 
28210, 2, 2 
49781, 2, 2 
49115, 2, 2 
19432, 2, 2 
7895, 2, 2 
38356, 2, 2 
51214, 2, 2 
49381, 2, 2 
143, 2, 2 
40566, 2, 2 
28879, 2, 2 
21033, 2, 2 
27490, 2, 2 
28453, 2, 2 
50538, 2, 2 
21802, 2, 2 
53773, 2, 2 
1255, 2, 2 
35153, 2, 2 
16650, 2, 2 
5345, 2, 2 
55836, 2, 2 
45346, 2, 2 
29401, 2, 2 
25150, 2, 2 
29314, 2, 2 
17123, 2, 2 
27883, 2, 2 
42741, 2, 2 
23776, 2, 2 
10009, 2, 2 
33158, 2, 2 
2337, 2, 2 
39914, 2, 2 
38846, 2, 2 
59677, 2, 2 
7337, 2, 2 
19508, 2, 2 
24751, 2, 2 
20710, 2, 2 
31016, 2, 2 
41004, 2, 2 
12752, 2, 2 
21323, 2, 2 
16760, 2, 2 
23800, 2, 2 
55625, 2, 2 
2733, 2, 2 
44033, 2, 2 
1714, 2, 2 
15403, 2, 2 
44166, 2, 2 
34217, 2, 2 
57475, 2, 2 
41484, 2, 2 
18927, 2, 2 
22742, 2, 2 
24331, 2, 2 
18930, 2, 2 
21798, 2, 2 
12372, 2, 2 
30355, 2, 2 
51630, 2, 2 
16662, 2, 2 
57112, 2, 2 
51118, 2, 2 
49148, 2, 2 
11700, 2, 2 
19501, 3, 3 
26739, 3, 3 
36644, 3, 3 
7288, 3, 3 
22318, 3, 3 
41902, 3, 3 
25789, 3, 3 
7878, 3, 3 
20192, 3, 3 
32281, 3, 3 
46350, 3, 3 
17041, 3, 3 
57141, 3, 3 
10608, 3, 3 
12063, 3, 3 
13144, 3, 3 
11037, 3, 3 
4235, 3, 3 
51091, 3, 3 
51909, 3, 3 
29641, 3, 3 
19116, 3, 3 
59535, 3, 3 
59366, 3, 3 
57941, 3, 3 
6559, 3, 3 
43171, 3, 3 
21306, 3, 3 
19855, 3, 3 
27828, 3, 3 
8039, 3, 3 
3491, 3, 3 
26526, 3, 3 
15372, 3, 3 
40051, 3, 3 
43644, 3, 3 
26691, 3, 3 
2740, 3, 3 
46182, 3, 3 
8816, 3, 3 
50995, 3, 3 
56621, 3, 3 
7283, 3, 3 
5086, 3, 3 
50671, 3, 3 
59769, 3, 3 
10328, 3, 3 
44112, 3, 3 
44142, 3, 3 
8120, 3, 3 
21861, 3, 3 
9529, 3, 3 
57195, 3, 3 
30159, 3, 3 
16239, 3, 3 
11535, 3, 3 
1829, 3, 3 
26593, 3, 3 
31680, 3, 3 
56585, 3, 3 
12814, 3, 3 
55051, 3, 3 
59914, 3, 3 
18742, 3, 3 
3812, 3, 3 
11301, 3, 3 
6048, 3, 3 
629, 3, 3 
15346, 3, 3 
59808, 3, 3 
31379, 3, 3 
20166, 3, 3 
32990, 3, 3 
25266, 3, 3 
23043, 3, 3 
3402, 3, 3 
42441, 3, 3 
2146, 3, 3 
15769, 3, 3 
34695, 3, 3 
46838, 3, 3 
21154, 3, 3 
42087, 3, 3 
56139, 3, 3 
21284, 3, 3 
56198, 3, 3 
16867, 3, 3 
44439, 3, 3 
6427, 3, 3 
9696, 3, 3 
49648, 3, 3 
23320, 3, 3 
45150, 3, 3 
42804, 3, 3 
21654, 3, 3 
35086, 3, 3 
48355, 3, 3 
19307, 3, 3 
51332, 3, 3 
13221, 3, 3 
41639, 3, 3 
37082, 3, 3 
18069, 3, 3 
14454, 3, 3 
5036, 3, 3 
45377, 3, 3 
41552, 3, 3 
10745, 3, 3 
11714, 3, 3 
14792, 3, 3 
56207, 3, 3 
983, 3, 3 
18218, 3, 3 
31469, 3, 3 
23663, 3, 3 
6216, 3, 3 
46918, 3, 3 
34327, 3, 3 
38983, 3, 3 
46500, 3, 3 
58678, 3, 3 
48995, 3, 3 
36645, 3, 3 
38193, 3, 3 
18325, 3, 3 
27675, 3, 3 
57199, 3, 3 
10161, 3, 3 
31431, 3, 3 
24481, 3, 3 
51463, 3, 3 
1843, 3, 3 
1529, 3, 3 
13894, 3, 3 
24621, 3, 3 
4339, 3, 3 
27419, 3, 3 
44903, 3, 3 
5649, 3, 3 
659, 3, 3 
14761, 3, 3 
19266, 3, 3 
7295, 3, 3 
29391, 3, 3 
23439, 3, 3 
2535, 3, 3 
13202, 3, 3 
45959, 3, 3 
3347, 3, 3 
17116, 3, 3 
5193, 3, 3 
57734, 3, 3 
31153, 3, 3 
28263, 3, 3 
31428, 3, 3 
43654, 3, 3 
23490, 3, 3 
21525, 3, 3 
11693, 3, 3 
8946, 3, 3 
49312, 3, 3 
51471, 3, 3 
17699, 3, 3 
34351, 3, 3 
48873, 3, 3 
23029, 3, 3 
2671, 3, 3 
953, 3, 3 
15762, 3, 3 
4755, 3, 3 
16861, 3, 3 
55482, 3, 3 
32115, 3, 3 
15847, 3, 3 
51675, 3, 3 
48500, 3, 3 
8259, 3, 3 
17754, 3, 3 
56528, 3, 3 
21208, 3, 3 
39469, 3, 3 
52300, 3, 3 
16530, 3, 3 
45656, 3, 3 
45903, 3, 3 
32933, 3, 3 
32827, 3, 3 
30445, 3, 3 
34556, 3, 3 
36180, 3, 3 
39981, 3, 3 
20737, 3, 3 
34143, 3, 3 
19445, 3, 3 
16074, 3, 3 
3824, 3, 3 
32223, 3, 3 
36357, 3, 3 
10034, 3, 3 
2964, 3, 3 
40671, 4, 4 
44894, 4, 4 
48215, 4, 4 
39365, 4, 4 
57375, 4, 4 
54175, 4, 4 
2560, 4, 4 
34294, 4, 4 
35966, 4, 4 
12397, 4, 4 
257, 4, 4 
24169, 4, 4 
37328, 4, 4 
25169, 4, 4 
56406, 4, 4 
48405, 4, 4 
50069, 4, 4 
13071, 4, 4 
3388, 4, 4 
3984, 4, 4 
42822, 4, 4 
55954, 4, 4 
59722, 4, 4 
51221, 4, 4 
16612, 4, 4 
48288, 4, 4 
22064, 4, 4 
49546, 4, 4 
2036, 4, 4 
29941, 4, 4 
32286, 4, 4 
7487, 4, 4 
22031, 4, 4 
21430, 4, 4 
46097, 4, 4 
56758, 4, 4 
37785, 4, 4 
22472, 4, 4 
9046, 4, 4 
56596, 4, 4 
44956, 4, 4 
9108, 4, 4 
25006, 4, 4 
9109, 4, 4 
43621, 4, 4 
42697, 4, 4 
22547, 4, 4 
1738, 4, 4 
55944, 4, 4 
22786, 4, 4 
17493, 4, 4 
13385, 4, 4 
61, 4, 4 
16438, 4, 4 
30815, 4, 4 
11046, 4, 4 
10634, 4, 4 
8399, 4, 4 
17954, 4, 4 
7120, 4, 4 
28614, 4, 4 
5673, 4, 4 
36322, 4, 4 
28800, 4, 4 
36190, 4, 4 
56770, 4, 4 
59300, 4, 4 
49665, 4, 4 
52604, 4, 4 
22456, 4, 4 
33884, 4, 4 
36017, 4, 4 
7350, 4, 4 
50957, 4, 4 
14433, 4, 4 
43015, 4, 4 
2443, 4, 4 
17862, 4, 4 
53528, 4, 4 
20447, 4, 4 
50243, 4, 4 
38603, 4, 4 
57155, 4, 4 
45148, 4, 4 
914, 4, 4 
34895, 4, 4 
10778, 4, 4 
10928, 4, 4 
29130, 4, 4 
41580, 4, 4 
59210, 4, 4 
24986, 4, 4 
48710, 4, 4 
52572, 4, 4 
34101, 4, 4 
18708, 4, 4 
34497, 4, 4 
1440, 4, 4 
54582, 4, 4 
17067, 4, 4 
14972, 4, 4 
30321, 4, 4 
36941, 4, 4 
2208, 4, 4 
31111, 4, 4 
848, 4, 4 
59922, 4, 4 
38500, 4, 4 
31514, 4, 4 
6258, 4, 4 
59367, 4, 4 
32188, 4, 4 
34409, 4, 4 
46843, 4, 4 
56893, 4, 4 
28121, 4, 4 
35946, 4, 4 
9984, 4, 4 
42895, 4, 4 
52682, 4, 4 
37295, 4, 4 
41020, 4, 4 
57835, 4, 4 
3503, 4, 4 
49514, 4, 4 
13539, 4, 4 
16589, 4, 4 
43688, 4, 4 
834, 4, 4 
4954, 4, 4 
19875, 4, 4 
17592, 4, 4 
56227, 4, 4 
3280, 4, 4 
16995, 4, 4 
25960, 4, 4 
40970, 4, 4 
54710, 4, 4 
48000, 4, 4 
22233, 4, 4 
49850, 4, 4 
26653, 4, 4 
54813, 4, 4 
194, 4, 4 
17015, 4, 4 
58218, 4, 4 
897, 4, 4 
7637, 4, 4 
47240, 4, 4 
42952, 4, 4 
48646, 4, 4 
23664, 4, 4 
25844, 4, 4 
13052, 4, 4 
26627, 4, 4 
52424, 4, 4 
14027, 4, 4 
18487, 4, 4 
29744, 4, 4 
26582, 4, 4 
24244, 4, 4 
19907, 4, 4 
27919, 4, 4 
15668, 4, 4 
47128, 4, 4 
379, 4, 4 
7417, 4, 4 
25334, 4, 4 
56539, 4, 4 
49172, 4, 4 
15294, 4, 4 
53710, 4, 4 
46533, 4, 4 
54376, 4, 4 
54276, 4, 4 
12820, 4, 4 
48067, 4, 4 
58240, 4, 4 
21131, 4, 4 
42858, 4, 4 
44213, 4, 4 
55641, 4, 4 
15058, 4, 4 
59975, 4, 4 
12187, 4, 4 
10209, 4, 4 
45153, 4, 4 
56452, 4, 4 
48194, 4, 4 
31501, 4, 4 
4035, 4, 4 
3739, 4, 4 
58347, 4, 4 
12070, 4, 4 
22189, 4, 4 
29196, 4, 4 
14528, 4, 4 
40379, 4, 4 
35324, 4, 4 
24120, 4, 4 
14867, 5, 5 
12331, 5, 5 
20097, 5, 5 
56360, 5, 5 
57553, 5, 5 
54289, 5, 5 
5506, 5, 5 
29748, 5, 5 
28410, 5, 5 
960, 5, 5 
55958, 5, 5 
19888, 5, 5 
40172, 5, 5 
45049, 5, 5 
40674, 5, 5 
3416, 5, 5 
1813, 5, 5 
1276, 5, 5 
23597, 5, 5 
11492, 5, 5 
36750, 5, 5 
59731, 5, 5 
51097, 5, 5 
46086, 5, 5 
38604, 5, 5 
24630, 5, 5 
53063, 5, 5 
7144, 5, 5 
38486, 5, 5 
8104, 5, 5 
46576, 5, 5 
45604, 5, 5 
46768, 5, 5 
42863, 5, 5 
44381, 5, 5 
14251, 5, 5 
40032, 5, 5 
31242, 5, 5 
35228, 5, 5 
16558, 5, 5 
36193, 5, 5 
48230, 5, 5 
24235, 5, 5 
48249, 5, 5 
33044, 5, 5 
17217, 5, 5 
43127, 5, 5 
55718, 5, 5 
11182, 5, 5 
32724, 5, 5 
41719, 5, 5 
32533, 5, 5 
27482, 5, 5 
5177, 5, 5 
42889, 5, 5 
1481, 5, 5 
37662, 5, 5 
41486, 5, 5 
19551, 5, 5 
39748, 5, 5 
19130, 5, 5 
42141, 5, 5 
52792, 5, 5 
25840, 5, 5 
11782, 5, 5 
25521, 5, 5 
653, 5, 5 
43856, 5, 5 
53946, 5, 5 
47856, 5, 5 
28596, 5, 5 
18882, 5, 5 
14933, 5, 5 
40353, 5, 5 
28951, 5, 5 
17583, 5, 5 
10030, 5, 5 
40624, 5, 5 
24718, 5, 5 
40346, 5, 5 
11721, 5, 5 
10353, 5, 5 
21397, 5, 5 
38059, 5, 5 
33221, 5, 5 
21264, 5, 5 
34082, 5, 5 
53114, 5, 5 
34984, 5, 5 
33825, 5, 5 
12821, 5, 5 
28606, 5, 5 
8307, 5, 5 
51973, 5, 5 
25603, 5, 5 
11572, 5, 5 
44804, 5, 5 
41094, 5, 5 
45534, 5, 5 
50768, 5, 5 
37448, 5, 5 
50601, 5, 5 
55818, 5, 5 
23191, 5, 5 
44773, 5, 5 
52314, 5, 5 
31886, 5, 5 
25966, 5, 5 
19839, 5, 5 
18769, 5, 5 
14085, 5, 5 
33235, 5, 5 
3219, 5, 5 
2279, 5, 5 
13580, 5, 5 
45482, 5, 5 
42747, 5, 5 
25973, 5, 5 
5947, 5, 5 
36089, 5, 5 
23531, 5, 5 
287, 5, 5 
40546, 5, 5 
58280, 5, 5 
3289, 5, 5 
10255, 5, 5 
1650, 5, 5 
49334, 5, 5 
2182, 5, 5 
11265, 5, 5 
56725, 5, 5 
39625, 5, 5 
34438, 5, 5 
34841, 5, 5 
42511, 5, 5 
55388, 5, 5 
37817, 5, 5 
58005, 5, 5 
22015, 5, 5 
3669, 5, 5 
40431, 5, 5 
20933, 5, 5 
1978, 5, 5 
31290, 5, 5 
19741, 5, 5 
19319, 5, 5 
2258, 5, 5 
50633, 5, 5 
2405, 5, 5 
53992, 5, 5 
39780, 5, 5 
29058, 5, 5 
34674, 5, 5 
17514, 5, 5 
27942, 5, 5 
43540, 5, 5 
44930, 5, 5 
21329, 5, 5 
6276, 5, 5 
54429, 5, 5 
34857, 5, 5 
38459, 5, 5 
32134, 5, 5 
41072, 5, 5 
29804, 5, 5 
45282, 5, 5 
23903, 5, 5 
49023, 5, 5 
29712, 5, 5 
3266, 5, 5 
3752, 5, 5 
26896, 5, 5 
22704, 5, 5 
37830, 5, 5 
33700, 5, 5 
55261, 5, 5 
21810, 5, 5 
54111, 5, 5 
27179, 5, 5 
40824, 5, 5 
14806, 5, 5 
23972, 5, 5 
8569, 5, 5 
55325, 5, 5 
13958, 5, 5 
39065, 5, 5 
20693, 5, 5 
40144, 5, 5 
58193, 5, 5 
42321, 5, 5 
59330, 5, 5 
12804, 5, 5 
12561, 5, 5 
44819, 5, 5 
26842, 5, 5 
30797, 5, 5 
12574, 5, 5 
27441, 5, 5 
6385, 5, 5 
4309, 5, 5 
41459, 6, 6 
30199, 6, 6 
40676, 6, 6 
5849, 6, 6 
43359, 6, 6 
30904, 6, 6 
41814, 6, 6 
34186, 6, 6 
8590, 6, 6 
48605, 6, 6 
39019, 6, 6 
45154, 6, 6 
10135, 6, 6 
48145, 6, 6 
48451, 6, 6 
26285, 6, 6 
7379, 6, 6 
58781, 6, 6 
15862, 6, 6 
30577, 6, 6 
49769, 6, 6 
11866, 6, 6 
816, 6, 6 
24392, 6, 6 
39577, 6, 6 
22465, 6, 6 
3749, 6, 6 
16118, 6, 6 
59125, 6, 6 
6139, 6, 6 
17589, 6, 6 
33542, 6, 6 
47191, 6, 6 
30289, 6, 6 
12567, 6, 6 
22698, 6, 6 
29647, 6, 6 
38780, 6, 5 
37502, 6, 6 
28698, 6, 6 
38782, 6, 6 
32692, 6, 6 
7577, 6, 6 
57777, 6, 6 
3363, 6, 6 
34765, 6, 6 
12201, 6, 6 
50073, 6, 6 
13493, 6, 6 
59876, 6, 6 
16788, 6, 6 
44318, 6, 6 
58766, 6, 6 
5451, 6, 6 
20173, 6, 6 
56015, 6, 6 
53005, 6, 6 
10419, 6, 6 
10774, 6, 6 
24609, 6, 6 
18328, 6, 6 
37238, 6, 6 
21801, 6, 6 
5003, 6, 6 
59445, 6, 6 
15839, 6, 6 
15591, 6, 6 
494, 6, 6 
54994, 6, 6 
47827, 6, 6 
31705, 6, 6 
40367, 6, 6 
36403, 6, 6 
11530, 6, 6 
56231, 6, 6 
672, 6, 6 
28797, 6, 6 
15190, 6, 6 
53534, 6, 6 
49977, 6, 6 
26301, 6, 6 
26650, 6, 6 
8352, 6, 6 
30820, 6, 6 
46045, 6, 6 
47562, 6, 6 
8454, 6, 6 
26418, 6, 6 
14708, 6, 6 
38421, 6, 6 
9808, 6, 6 
51857, 6, 6 
8488, 6, 6 
256, 6, 6 
25010, 6, 6 
33258, 6, 6 
11964, 6, 6 
6548, 6, 6 
17814, 6, 6 
41089, 6, 6 
204, 6, 6 
48276, 6, 6 
11386, 6, 6 
4087, 6, 6 
25077, 6, 6 
39747, 6, 6 
42295, 6, 6 
536, 6, 6 
8638, 6, 6 
56130, 6, 6 
29950, 6, 6 
25435, 6, 6 
10709, 6, 6 
33154, 6, 6 
17204, 6, 6 
32302, 6, 6 
30474, 6, 6 
52518, 6, 6 
53621, 6, 6 
39736, 6, 6 
45643, 6, 6 
58251, 6, 6 
10270, 6, 6 
11195, 6, 6 
38676, 6, 6 
56105, 6, 6 
50817, 6, 6 
15051, 6, 6 
35601, 6, 6 
15780, 6, 6 
38853, 6, 6 
37195, 6, 6 
46682, 6, 6 
7661, 6, 6 
46611, 6, 6 
1113, 6, 6 
43979, 6, 6 
28680, 6, 6 
29362, 6, 6 
7868, 6, 6 
43925, 6, 6 
6796, 6, 6 
34522, 6, 6 
12758, 6, 6 
33341, 6, 6 
34125, 6, 6 
16077, 6, 6 
9446, 6, 6 
59257, 6, 6 
21103, 6, 6 
39379, 6, 6 
6267, 6, 6 
28320, 6, 6 
33692, 6, 6 
44168, 6, 6 
39318, 6, 6 
22775, 6, 6 
52584, 6, 6 
56988, 6, 6 
37351, 6, 6 
19384, 6, 6 
31670, 6, 6 
3221, 6, 6 
43063, 6, 6 
34741, 6, 6 
33434, 6, 6 
50122, 6, 6 
39766, 6, 6 
35579, 6, 6 
6402, 6, 6 
16583, 6, 6 
43061, 6, 6 
17855, 6, 6 
52426, 6, 6 
29769, 6, 6 
55797, 6, 6 
8500, 6, 6 
42160, 6, 6 
42530, 6, 6 
19970, 6, 6 
59251, 6, 6 
22157, 6, 6 
30279, 6, 6 
22277, 6, 6 
16335, 6, 6 
55143, 6, 6 
33207, 6, 6 
8282, 6, 6 
20324, 6, 6 
11927, 6, 6 
547, 6, 6 
22190, 6, 6 
449, 6, 6 
35861, 6, 6 
30454, 6, 6 
59284, 6, 6 
53553, 6, 6 
12596, 6, 6 
12853, 6, 6 
29526, 6, 6 
53418, 7, 7 
51819, 7, 7 
15243, 7, 7 
8718, 7, 7 
21803, 7, 7 
39847, 7, 7 
30428, 7, 7 
4604, 7, 7 
53159, 7, 7 
30935, 7, 7 
32551, 7, 7 
12863, 7, 7 
41919, 7, 7 
20504, 7, 7 
21159, 7, 7 
2271, 7, 7 
636, 7, 7 
30495, 7, 7 
34837, 7, 7 
23684, 7, 7 
1057, 7, 7 
57996, 7, 7 
50345, 7, 7 
10388, 7, 7 
22005, 7, 7 
58078, 7, 7 
53097, 7, 7 
31957, 7, 7 
13150, 7, 7 
4545, 7, 7 
50351, 7, 7 
28541, 7, 7 
54957, 7, 7 
30348, 7, 7 
30245, 7, 7 
57763, 7, 7 
57556, 7, 7 
33870, 7, 7 
14531, 7, 7 
55885, 7, 7 
45215, 7, 7 
33996, 7, 7 
1499, 7, 7 
3868, 7, 7 
14920, 7, 7 
27837, 7, 7 
26964, 7, 7 
31796, 7, 7 
38964, 7, 7 
25895, 7, 7 
15754, 7, 7 
3909, 7, 7 
54912, 7, 7 
35306, 7, 7 
44465, 7, 7 
55210, 7, 7 
10986, 7, 7 
4334, 7, 7 
28696, 7, 7 
17388, 7, 7 
37770, 7, 7 
26668, 7, 7 
40311, 7, 7 
52730, 7, 7 
15824, 7, 7 
45645, 7, 7 
59617, 7, 7 
50464, 7, 7 
9077, 7, 7 
15260, 7, 7 
18855, 7, 7 
24675, 7, 7 
6141, 7, 7 
38096, 7, 7 
50380, 7, 7 
3498, 7, 7 
41309, 7, 7 
730, 7, 7 
28661, 7, 7 
41009, 7, 7 
17373, 7, 7 
54287, 7, 7 
39183, 7, 7 
25871, 7, 7 
29694, 7, 7 
32988, 7, 7 
32282, 7, 7 
34267, 7, 7 
12292, 7, 7 
55709, 7, 7 
55167, 7, 7 
6202, 7, 7 
48208, 7, 7 
2759, 7, 7 
39060, 7, 7 
51558, 7, 7 
38758, 7, 7 
4946, 7, 7 
22097, 7, 7 
54623, 7, 7 
13205, 7, 7 
9307, 7, 7 
32728, 7, 7 
263, 7, 7 
49413, 7, 7 
47793, 7, 7 
53368, 7, 7 
31927, 7, 7 
27623, 7, 7 
49209, 7, 7 
58214, 7, 7 
16419, 7, 7 
16537, 7, 7 
55117, 7, 7 
14460, 7, 7 
34951, 7, 7 
50162, 7, 7 
5784, 7, 7 
29982, 7, 7 
36052, 7, 7 
33131, 7, 7 
9768, 7, 7 
35177, 7, 7 
19572, 7, 7 
58925, 7, 7 
43039, 7, 7 
39276, 7, 7 
10890, 7, 7 
55971, 7, 7 
9243, 7, 7 
37245, 7, 7 
2704, 7, 7 
2543, 7, 7 
46638, 7, 7 
58099, 7, 7 
38615, 7, 7 
2488, 7, 7 
5441, 7, 7 
14238, 7, 7 
4774, 7, 7 
59370, 7, 7 
57292, 7, 7 
23678, 7, 7 
35860, 7, 7 
33128, 7, 7 
4499, 7, 7 
57099, 7, 7 
4366, 7, 7 
10727, 7, 7 
15168, 7, 7 
40937, 7, 7 
8827, 7, 7 
53962, 7, 7 
6722, 7, 7 
34487, 7, 7 
38517, 7, 7 
49719, 7, 7 
16496, 7, 7 
34161, 7, 7 
43725, 7, 7 
14532, 7, 7 
51477, 7, 7 
47568, 7, 7 
53931, 7, 7 
47182, 7, 7 
47849, 7, 7 
14755, 7, 7 
18616, 7, 7 
39150, 7, 7 
3372, 7, 7 
32819, 7, 7 
16548, 7, 7 
28443, 7, 7 
30768, 7, 7 
38723, 7, 7 
15215, 7, 7 
36479, 7, 7 
16226, 7, 7 
8198, 7, 7 
32738, 7, 7 
11207, 7, 7 
51704, 7, 7 
16343, 7, 7 
35372, 7, 7 
16978, 7, 7 
59469, 7, 7 
13933, 7, 7 
17424, 7, 7 
6250, 7, 7 
56096, 7, 7 
10461, 7, 7 
44470, 7, 7 
55431, 7, 7 
39107, 7, 7 
59552, 7, 7 
54167, 7, 7 
23704, 7, 7 
11528, 7, 7 
45466, 7, 7 
23985, 7, 7 
21432, 8, 8 
48223, 8, 8 
5043, 8, 8 
15807, 8, 8 
24664, 8, 8 
56881, 8, 8 
6275, 8, 8 
12857, 8, 8 
25986, 8, 8 
36199, 8, 8 
27599, 8, 8 
52401, 8, 8 
24223, 8, 8 
2425, 8, 8 
30777, 8, 8 
10559, 8, 8 
9732, 8, 8 
4580, 8, 8 
245, 8, 8 
59303, 8, 8 
21211, 8, 8 
36099, 8, 8 
7871, 8, 8 
25228, 8, 8 
16036, 8, 8 
37949, 8, 8 
51412, 8, 8 
54137, 8, 8 
43271, 8, 8 
29627, 8, 8 
57701, 8, 8 
16965, 8, 8 
240, 8, 8 
33097, 8, 8 
46337, 8, 8 
50970, 8, 8 
17924, 8, 8 
4036, 8, 8 
4537, 8, 8 
23422, 8, 8 
1026, 8, 8 
31622, 8, 8 
39991, 8, 8 
53786, 8, 8 
18419, 8, 8 
47315, 8, 8 
36816, 8, 8 
20630, 8, 8 
37810, 8, 8 
11181, 8, 8 
777, 8, 8 
9309, 8, 8 
21089, 8, 8 
37473, 8, 8 
50571, 8, 8 
46789, 8, 8 
41764, 8, 8 
44652, 8, 8 
48684, 8, 8 
45874, 8, 8 
39291, 8, 8 
32503, 8, 8 
51907, 8, 8 
44615, 8, 8 
33453, 8, 8 
35353, 8, 8 
11722, 8, 8 
2215, 8, 8 
33072, 8, 8 
3689, 8, 8 
41115, 8, 8 
49851, 8, 8 
14638, 8, 8 
54056, 8, 8 
35338, 8, 8 
3816, 8, 8 
56544, 8, 8 
18710, 8, 8 
33579, 8, 8 
19365, 8, 8 
28959, 8, 8 
54920, 8, 8 
50762, 8, 8 
40689, 8, 8 
43511, 8, 8 
33946, 8, 8 
54190, 8, 8 
19603, 8, 8 
23263, 8, 8 
27849, 8, 8 
10948, 8, 8 
55537, 8, 8 
25715, 8, 8 
30494, 8, 8 
14441, 8, 8 
3762, 8, 8 
7539, 8, 8 
48081, 8, 8 
39611, 8, 8 
23729, 8, 8 
6942, 8, 8 
29618, 8, 8 
6976, 8, 8 
54180, 8, 8 
12534, 8, 8 
55610, 8, 8 
54280, 8, 8 
12130, 8, 8 
47212, 8, 8 
10710, 8, 8 
49457, 8, 8 
37109, 8, 8 
54757, 8, 8 
41431, 8, 8 
14406, 8, 8 
17765, 8, 8 
1505, 8, 8 
45199, 8, 8 
47525, 8, 8 
32456, 8, 8 
27650, 8, 8 
6017, 8, 8 
40957, 8, 8 
47942, 8, 8 
38588, 8, 8 
53155, 8, 8 
33150, 8, 8 
2210, 8, 8 
53721, 8, 8 
57736, 8, 8 
21556, 8, 8 
27513, 8, 8 
45948, 8, 8 
52465, 8, 8 
18644, 8, 8 
18353, 8, 8 
58762, 8, 8 
38589, 8, 8 
36656, 8, 8 
20106, 8, 8 
35783, 8, 8 
47723, 8, 8 
34437, 8, 8 
49088, 8, 8 
3420, 8, 8 
31655, 8, 8 
27372, 8, 8 
38092, 8, 8 
10837, 8, 8 
54352, 8, 8 
6831, 8, 8 
1319, 8, 8 
12163, 8, 8 
58849, 8, 8 
2067, 8, 8 
30407, 8, 8 
50745, 8, 8 
24110, 8, 8 
16597, 8, 8 
44061, 8, 8 
59763, 8, 8 
58693, 8, 8 
30013, 8, 8 
11288, 8, 8 
39094, 8, 8 
12419, 8, 8 
24130, 8, 8 
10515, 8, 8 
3438, 8, 8 
39131, 8, 8 
5775, 8, 8 
55263, 8, 8 
33278, 8, 8 
24768, 8, 8 
18078, 8, 8 
24498, 8, 8 
38309, 8, 8 
7215, 8, 8 
50117, 8, 8 
2013, 8, 8 
32349, 8, 8 
5574, 8, 8 
49323, 8, 8 
39806, 8, 8 
14730, 8, 8 
21188, 8, 8 
55632, 8, 8 
8918, 8, 8 
7908, 8, 8 
39191, 8, 8 
18890, 8, 8 
24027, 8, 8 
43846, 8, 8 
16741, 8, 8 
44880, 8, 8 
6703, 8, 8 
43268, 8, 8 
57392, 8, 8 
53131, 8, 8 
15343, 8, 8 
7171, 9, 9 
42306, 9, 9 
5806, 9, 9 
36935, 9, 9 
40391, 9, 9 
23327, 9, 9 
42124, 9, 9 
18506, 9, 9 
35605, 9, 9 
49371, 9, 9 
41701, 9, 9 
13472, 9, 9 
6699, 9, 9 
30693, 9, 9 
23090, 9, 9 
39537, 9, 9 
7056, 9, 9 
19938, 9, 9 
35330, 9, 9 
33783, 9, 9 
6383, 9, 9 
11215, 9, 9 
704, 9, 9 
17166, 9, 9 
52943, 9, 9 
58850, 9, 9 
13050, 9, 9 
14875, 9, 9 
48718, 9, 9 
19953, 9, 9 
41768, 9, 9 
58898, 9, 9 
13461, 9, 9 
43729, 9, 9 
16727, 9, 9 
45, 9, 9 
5212, 9, 9 
5320, 9, 9 
26302, 9, 9 
37553, 9, 9 
6599, 9, 9 
11668, 9, 9 
28665, 9, 9 
38292, 9, 9 
227, 9, 9 
28460, 9, 9 
8586, 9, 9 
47398, 9, 9 
20644, 9, 9 
59079, 9, 9 
50439, 9, 9 
2041, 9, 9 
26045, 9, 9 
30095, 9, 9 
50908, 9, 9 
45227, 9, 9 
59566, 9, 9 
13063, 9, 9 
52638, 9, 9 
1399, 9, 9 
32970, 9, 9 
48818, 9, 9 
25493, 9, 9 
7241, 9, 9 
29822, 9, 9 
13572, 9, 9 
47353, 9, 9 
11698, 9, 9 
51913, 9, 9 
50528, 9, 9 
5137, 9, 9 
47617, 9, 9 
19395, 9, 9 
2321, 9, 9 
29846, 9, 9 
9129, 9, 9 
18698, 9, 9 
52462, 9, 9 
3967, 9, 9 
4320, 9, 9 
20519, 9, 9 
5454, 9, 9 
7110, 9, 9 
31200, 9, 9 
35894, 9, 9 
22576, 9, 9 
49492, 9, 9 
53022, 9, 9 
2728, 9, 9 
21631, 9, 9 
49565, 9, 9 
37651, 9, 9 
39418, 9, 9 
16839, 9, 9 
44489, 9, 9 
19560, 9, 9 
19806, 9, 9 
45719, 9, 9 
50686, 9, 9 
52827, 9, 9 
12840, 9, 9 
42727, 9, 9 
2697, 9, 9 
52055, 9, 9 
36328, 9, 9 
51289, 9, 9 
58562, 9, 9 
14943, 9, 9 
49262, 9, 9 
14341, 9, 9 
39428, 9, 9 
55207, 9, 9 
52138, 9, 9 
1066, 9, 9 
44586, 9, 9 
25637, 9, 9 
6345, 9, 9 
50436, 9, 9 
57986, 9, 9 
6821, 9, 9 
3238, 9, 9 
14884, 9, 9 
6886, 9, 9 
42344, 9, 9 
48381, 9, 9 
30110, 9, 9 
9070, 9, 9 
56242, 9, 9 
57024, 9, 9 
21870, 9, 9 
36497, 9, 9 
14336, 9, 9 
44592, 9, 9 
10208, 9, 9 
37474, 9, 9 
10883, 9, 9 
11196, 9, 9 
6306, 9, 9 
57258, 9, 9 
25761, 9, 9 
980, 9, 9 
32916, 9, 9 
17447, 9, 9 
6934, 9, 9 
5044, 9, 9 
8408, 9, 9 
15446, 9, 9 
56877, 9, 9 
15560, 9, 9 
9311, 9, 9 
25905, 9, 9 
27839, 9, 9 
20462, 9, 9 
44010, 9, 9 
11900, 9, 9 
28383, 9, 9 
29419, 9, 9 
43028, 9, 9 
56859, 9, 9 
2677, 9, 9 
49261, 9, 9 
9771, 9, 9 
44028, 9, 9 
17181, 9, 9 
6491, 9, 9 
2465, 9, 9 
17346, 9, 9 
27174, 9, 9 
34063, 9, 9 
47540, 9, 9 
59644, 9, 9 
49925, 9, 9 
4589, 9, 9 
36486, 9, 9 
32260, 9, 9 
58059, 9, 9 
34476, 9, 9 
8030, 9, 9 
11208, 9, 9 
27342, 9, 9 
57449, 9, 9 
16132, 9, 9 
44236, 9, 9 
18552, 9, 9 
5672, 9, 9 
31394, 9, 9 
18138, 9, 9 
52094, 9, 9 
31675, 9, 9 
22804, 9, 9 
41932, 9, 9 
5093, 9, 9 
39795, 9, 9 
57006, 9, 9 
2514, 9, 9 
17817, 9, 9 
35732, 9, 9 
14579, 9, 9 
12832, 9, 9 
16568, 9, 9 
