id, true label, predicted label 
40150, 0, 0 
25092, 0, 0 
37946, 0, 0 
10005, 0, 0 
43129, 0, 0 
50291, 0, 0 
51210, 0, 0 
47197, 0, 0 
25953, 0, 0 
55288, 0, 0 
41331, 0, 0 
43915, 0, 0 
58036, 0, 0 
50423, 0, 0 
52978, 0, 0 
28835, 0, 0 
24444, 0, 0 
7272, 0, 0 
26620, 0, 0 
25823, 0, 0 
55666, 0, 0 
6875, 0, 0 
19772, 0, 0 
14890, 0, 0 
37758, 0, 0 
51925, 0, 0 
31026, 0, 0 
51226, 0, 0 
40173, 0, 0 
2996, 0, 0 
36116, 0, 0 
32313, 0, 0 
8545, 0, 0 
2310, 0, 0 
50407, 0, 0 
54083, 0, 0 
50331, 0, 0 
29456, 0, 0 
11597, 0, 0 
51415, 0, 0 
31310, 0, 0 
44578, 0, 0 
16045, 0, 0 
19133, 0, 0 
4374, 0, 0 
42552, 0, 0 
21898, 0, 0 
31341, 0, 0 
51479, 0, 0 
16227, 0, 0 
55576, 0, 0 
5694, 0, 0 
58784, 0, 0 
48601, 0, 0 
27246, 0, 0 
38025, 0, 0 
43706, 0, 0 
23662, 0, 0 
10992, 0, 0 
29421, 0, 0 
17877, 0, 0 
1377, 0, 0 
55027, 0, 0 
17169, 0, 0 
58897, 0, 0 
8187, 0, 0 
38200, 0, 0 
46746, 0, 0 
39746, 0, 0 
53212, 0, 0 
28993, 0, 0 
20625, 0, 0 
10840, 0, 0 
26832, 0, 0 
56248, 0, 0 
18022, 0, 0 
11636, 0, 0 
57359, 0, 0 
48547, 0, 0 
23643, 0, 0 
58275, 0, 0 
6461, 0, 0 
57542, 0, 0 
56608, 0, 0 
26308, 0, 0 
17134, 0, 0 
20085, 0, 0 
17479, 0, 0 
33112, 0, 0 
2621, 0, 0 
9027, 0, 0 
34045, 0, 0 
29540, 0, 0 
14334, 0, 0 
42081, 0, 0 
58575, 0, 0 
40414, 0, 0 
10140, 0, 0 
43276, 0, 0 
30320, 0, 0 
21513, 0, 0 
48631, 0, 0 
12872, 0, 0 
47406, 0, 0 
47205, 0, 0 
52698, 0, 0 
6991, 0, 0 
27109, 0, 0 
34273, 0, 0 
21573, 0, 0 
27749, 0, 0 
8527, 0, 0 
17625, 0, 0 
36621, 0, 0 
1769, 0, 0 
12723, 0, 0 
18641, 0, 0 
9439, 0, 0 
40003, 0, 0 
16520, 0, 0 
51499, 0, 0 
46344, 0, 0 
952, 0, 0 
6367, 0, 0 
54922, 0, 0 
58074, 0, 0 
15325, 0, 0 
55991, 0, 0 
16474, 0, 0 
49889, 0, 0 
26408, 0, 0 
54080, 0, 0 
15237, 0, 0 
50298, 0, 0 
6987, 0, 0 
818, 0, 0 
10471, 0, 0 
542, 0, 0 
35972, 0, 0 
54597, 0, 0 
15825, 0, 0 
10750, 0, 0 
15046, 0, 0 
33835, 0, 0 
50542, 0, 0 
8249, 0, 0 
20591, 0, 0 
3409, 0, 0 
16518, 0, 0 
9874, 0, 0 
26339, 0, 0 
23172, 0, 0 
46596, 0, 0 
19861, 0, 0 
52179, 0, 0 
11780, 0, 0 
1682, 0, 0 
10664, 0, 0 
39859, 0, 0 
6923, 0, 0 
668, 0, 0 
52613, 0, 0 
12796, 0, 0 
45840, 0, 0 
59878, 0, 0 
34197, 0, 0 
12584, 0, 0 
27951, 0, 0 
39207, 0, 0 
1907, 0, 0 
41286, 0, 0 
9742, 0, 0 
7485, 0, 0 
17977, 0, 0 
9151, 0, 0 
32333, 0, 0 
45494, 0, 0 
45426, 0, 0 
36842, 0, 0 
26923, 0, 0 
46371, 0, 0 
43536, 0, 0 
7050, 0, 0 
6723, 0, 0 
19180, 0, 0 
46535, 0, 0 
31020, 0, 0 
41012, 0, 0 
24245, 0, 0 
8763, 0, 0 
13454, 0, 0 
359, 0, 0 
56023, 0, 0 
34070, 0, 0 
59450, 0, 0 
22008, 0, 0 
14412, 0, 0 
15753, 0, 0 
20863, 0, 0 
15042, 0, 0 
45029, 1, 1 
17423, 1, 1 
31122, 1, 1 
35299, 1, 1 
22489, 1, 1 
19918, 1, 1 
29986, 1, 1 
50293, 1, 1 
3487, 1, 1 
3122, 1, 1 
11445, 1, 1 
4865, 1, 1 
18546, 1, 1 
57014, 1, 1 
29133, 1, 1 
34402, 1, 1 
11134, 1, 1 
52177, 1, 1 
13449, 1, 1 
57738, 1, 1 
34206, 1, 1 
37213, 1, 1 
3212, 1, 1 
43972, 1, 1 
38490, 1, 1 
26072, 1, 1 
14417, 1, 1 
34263, 1, 1 
47551, 1, 1 
40147, 1, 1 
13007, 1, 1 
10615, 1, 1 
24839, 1, 1 
13369, 1, 1 
1697, 1, 1 
29068, 1, 1 
33467, 1, 1 
2619, 1, 1 
17129, 1, 1 
31384, 1, 1 
12375, 1, 1 
17839, 1, 1 
905, 1, 1 
47817, 1, 1 
3113, 1, 1 
30179, 1, 1 
56169, 1, 1 
48079, 1, 1 
50550, 1, 1 
671, 1, 1 
36315, 1, 1 
19036, 1, 1 
49283, 1, 1 
32295, 1, 1 
42242, 1, 1 
4972, 1, 1 
42932, 1, 1 
50646, 1, 1 
9430, 1, 1 
58588, 1, 1 
27011, 1, 1 
52416, 1, 1 
57603, 1, 1 
52777, 1, 1 
55719, 1, 1 
2123, 1, 1 
33580, 1, 1 
34017, 1, 1 
50362, 1, 1 
26939, 1, 1 
41954, 1, 1 
54393, 1, 1 
23413, 1, 1 
13835, 1, 1 
20749, 1, 1 
45438, 1, 1 
16021, 1, 1 
3509, 1, 1 
42184, 1, 1 
5833, 1, 1 
12512, 1, 1 
56326, 1, 1 
50661, 1, 1 
34272, 1, 1 
30261, 1, 1 
42893, 1, 1 
45754, 1, 1 
39041, 1, 1 
37061, 1, 1 
23, 1, 1 
50120, 1, 1 
5955, 1, 1 
24357, 1, 1 
47446, 1, 1 
18411, 1, 1 
8891, 1, 1 
53627, 1, 1 
12336, 1, 1 
20279, 1, 1 
9199, 1, 1 
40897, 1, 1 
33319, 1, 1 
12166, 1, 1 
41897, 1, 1 
747, 1, 1 
10556, 1, 1 
45855, 1, 1 
11432, 1, 1 
32741, 1, 1 
59773, 1, 1 
5304, 1, 1 
32979, 1, 1 
37920, 1, 1 
17429, 1, 1 
34927, 1, 1 
1243, 1, 1 
18070, 1, 1 
3411, 1, 1 
41600, 1, 1 
10662, 1, 1 
13201, 1, 1 
43616, 1, 1 
16080, 1, 1 
27104, 1, 1 
3532, 1, 1 
5107, 1, 1 
8255, 1, 1 
33868, 1, 1 
19482, 1, 1 
42702, 1, 1 
46913, 1, 1 
19150, 1, 1 
50338, 1, 1 
47784, 1, 1 
31945, 1, 1 
31597, 1, 1 
54380, 1, 1 
29968, 1, 1 
24970, 1, 1 
14899, 1, 1 
14936, 1, 1 
51451, 1, 1 
40098, 1, 1 
30721, 1, 1 
31839, 1, 1 
35595, 1, 1 
2853, 1, 1 
52807, 1, 1 
32807, 1, 1 
3963, 1, 1 
52657, 1, 1 
53531, 1, 1 
50685, 1, 1 
49068, 1, 1 
26961, 1, 1 
19884, 1, 1 
26421, 1, 1 
52368, 1, 1 
36368, 1, 1 
50219, 1, 1 
37365, 1, 1 
44493, 1, 1 
46347, 1, 1 
20990, 1, 1 
34796, 1, 1 
56779, 1, 1 
15154, 1, 1 
12221, 1, 1 
13259, 1, 1 
10006, 1, 1 
41733, 1, 1 
22343, 1, 1 
50797, 1, 1 
1132, 1, 1 
11901, 1, 1 
25940, 1, 1 
49308, 1, 1 
58995, 1, 1 
36317, 1, 1 
14945, 1, 1 
20319, 1, 1 
27785, 1, 1 
39699, 1, 1 
57579, 1, 1 
58147, 1, 1 
30757, 1, 1 
6885, 1, 1 
31179, 1, 1 
4149, 1, 1 
22632, 1, 1 
58618, 1, 1 
8575, 1, 1 
34681, 1, 1 
48454, 1, 1 
17331, 1, 1 
36165, 1, 1 
21019, 1, 1 
49961, 1, 1 
39265, 1, 1 
2762, 1, 1 
46606, 2, 2 
26221, 2, 2 
59597, 2, 2 
39794, 2, 2 
10707, 2, 2 
41397, 2, 2 
10122, 2, 2 
39862, 2, 2 
23895, 2, 2 
51256, 2, 2 
32243, 2, 2 
57615, 2, 2 
21274, 2, 2 
9087, 2, 2 
41900, 2, 2 
25220, 2, 2 
18776, 2, 2 
16472, 2, 2 
5529, 2, 2 
8852, 2, 2 
41821, 2, 2 
57338, 2, 2 
36064, 2, 2 
11344, 2, 2 
40851, 2, 2 
40318, 2, 2 
6605, 2, 2 
39299, 2, 2 
53033, 2, 2 
57911, 2, 2 
7576, 2, 2 
5890, 2, 2 
17052, 2, 2 
13275, 2, 2 
19028, 2, 2 
56655, 2, 2 
57999, 2, 2 
20862, 2, 2 
55782, 2, 2 
37296, 2, 2 
46050, 2, 2 
12135, 2, 2 
5094, 2, 2 
51653, 2, 2 
27122, 2, 2 
59913, 2, 2 
46710, 2, 2 
33435, 2, 2 
7292, 2, 2 
23026, 2, 2 
30726, 2, 2 
49598, 2, 2 
52851, 2, 2 
16320, 2, 2 
47302, 2, 2 
52345, 2, 2 
40881, 2, 2 
22083, 2, 2 
17070, 2, 2 
381, 2, 2 
24841, 2, 2 
48070, 2, 2 
49416, 2, 2 
40090, 2, 2 
42327, 2, 2 
3274, 2, 2 
9989, 2, 2 
41112, 2, 2 
54375, 2, 2 
54454, 2, 2 
36942, 2, 2 
54078, 2, 2 
32949, 2, 2 
2189, 2, 2 
570, 2, 2 
22386, 2, 2 
16989, 2, 2 
9604, 2, 2 
20515, 2, 2 
37143, 2, 2 
5113, 2, 2 
49642, 2, 2 
1361, 2, 2 
48598, 2, 2 
5103, 2, 2 
56055, 2, 2 
13384, 2, 2 
41708, 2, 2 
10526, 2, 2 
49181, 2, 2 
43842, 2, 2 
9964, 2, 2 
32590, 2, 2 
3680, 2, 2 
49857, 2, 2 
47378, 2, 2 
37386, 2, 2 
17080, 2, 2 
14132, 2, 2 
27252, 2, 2 
30724, 2, 2 
53504, 2, 2 
27215, 2, 2 
54805, 2, 2 
20299, 2, 2 
26504, 2, 2 
21251, 2, 2 
28567, 2, 2 
45342, 2, 2 
19402, 2, 2 
53890, 2, 2 
45929, 2, 2 
26638, 2, 2 
38319, 2, 2 
54075, 2, 2 
16902, 2, 2 
46163, 2, 2 
40095, 2, 2 
31757, 2, 2 
18763, 2, 2 
49775, 2, 2 
28013, 2, 2 
16449, 2, 2 
5016, 2, 2 
20029, 2, 2 
2053, 2, 2 
38330, 2, 2 
34462, 2, 2 
7960, 2, 2 
44520, 2, 2 
1374, 2, 2 
51884, 2, 2 
37925, 2, 2 
1988, 2, 2 
26468, 2, 2 
37151, 2, 2 
57904, 2, 2 
36600, 2, 2 
52251, 2, 2 
53748, 2, 2 
56069, 2, 2 
59004, 2, 2 
46707, 2, 2 
56665, 2, 2 
42861, 2, 2 
31634, 2, 2 
58831, 2, 2 
15853, 2, 2 
21802, 2, 2 
46105, 2, 2 
47966, 2, 2 
21366, 2, 2 
37007, 2, 2 
2184, 2, 2 
46708, 2, 2 
23099, 2, 2 
22901, 2, 2 
56919, 2, 2 
693, 2, 2 
38733, 2, 2 
14121, 2, 2 
10776, 2, 2 
17230, 2, 2 
48643, 2, 2 
31185, 2, 2 
15510, 2, 2 
41541, 2, 2 
7732, 2, 2 
39002, 2, 2 
6344, 2, 2 
27614, 2, 2 
44021, 2, 2 
31372, 2, 2 
49369, 2, 2 
13491, 2, 2 
23814, 2, 2 
47965, 2, 2 
39421, 2, 2 
161, 2, 2 
12582, 2, 2 
51810, 2, 2 
7395, 2, 2 
45341, 2, 2 
32361, 2, 2 
34310, 2, 2 
31281, 2, 2 
45158, 2, 2 
21633, 2, 2 
13330, 2, 2 
24360, 2, 2 
5762, 2, 2 
5706, 2, 2 
45420, 2, 2 
52403, 2, 2 
43312, 2, 2 
39921, 2, 2 
25185, 2, 2 
42050, 2, 2 
1492, 2, 2 
41292, 2, 2 
45340, 3, 3 
51173, 3, 3 
17593, 3, 3 
59471, 3, 3 
46853, 3, 3 
20587, 3, 3 
58343, 3, 3 
279, 3, 3 
19601, 3, 3 
23265, 3, 3 
42082, 3, 3 
38536, 3, 3 
54249, 3, 3 
43031, 3, 3 
3576, 3, 3 
53987, 3, 3 
12602, 3, 3 
2087, 3, 3 
51085, 3, 3 
56515, 3, 3 
5092, 3, 3 
12656, 3, 3 
36802, 3, 3 
11645, 3, 3 
20570, 3, 3 
49230, 3, 3 
26678, 3, 3 
3336, 3, 3 
24063, 3, 3 
35794, 3, 3 
18287, 3, 3 
1924, 3, 3 
59242, 3, 3 
23029, 3, 3 
28709, 3, 3 
18225, 3, 3 
46588, 3, 3 
43192, 3, 3 
203, 3, 3 
42254, 3, 3 
15007, 3, 3 
26130, 3, 3 
15717, 3, 3 
23527, 3, 3 
291, 3, 3 
16075, 3, 3 
47496, 3, 3 
20842, 3, 3 
37566, 3, 3 
30362, 3, 3 
38986, 3, 3 
25480, 3, 3 
53104, 3, 3 
46354, 3, 3 
48868, 3, 3 
46409, 3, 3 
11874, 3, 3 
55336, 3, 3 
58612, 3, 3 
13676, 3, 3 
20072, 3, 3 
20597, 3, 3 
49882, 3, 3 
19495, 3, 3 
5097, 3, 3 
4073, 3, 3 
53758, 3, 3 
23304, 3, 3 
43775, 3, 3 
43198, 3, 3 
25225, 3, 3 
2915, 3, 3 
41015, 3, 3 
45696, 3, 3 
6904, 3, 3 
14765, 3, 3 
46634, 3, 3 
26692, 3, 3 
25911, 3, 3 
53558, 3, 3 
14255, 3, 3 
40931, 3, 3 
49324, 3, 3 
52269, 3, 3 
28841, 3, 3 
34293, 3, 3 
55485, 3, 3 
10765, 3, 3 
26448, 3, 3 
36247, 3, 3 
39215, 3, 3 
40447, 3, 3 
13294, 3, 3 
51717, 3, 3 
21980, 3, 3 
35723, 3, 3 
38771, 3, 3 
17386, 3, 3 
50915, 3, 3 
4418, 3, 3 
44426, 3, 3 
8795, 3, 3 
25922, 3, 3 
52904, 3, 3 
36488, 3, 3 
49673, 3, 3 
57739, 3, 3 
30062, 3, 3 
43475, 3, 3 
57373, 3, 3 
5359, 3, 3 
41428, 3, 3 
12546, 3, 3 
20096, 3, 3 
54377, 3, 3 
57771, 3, 3 
54524, 3, 3 
55851, 3, 3 
24610, 3, 3 
51257, 3, 3 
8936, 3, 3 
55751, 3, 3 
27540, 3, 3 
27534, 3, 3 
13438, 3, 3 
37503, 3, 3 
17253, 3, 3 
2023, 3, 3 
7415, 3, 3 
51333, 3, 3 
49763, 3, 3 
9324, 3, 3 
54616, 3, 3 
3920, 3, 3 
15377, 3, 3 
38892, 3, 3 
46918, 3, 3 
7771, 3, 3 
6687, 3, 3 
10921, 3, 3 
32031, 3, 3 
40572, 3, 3 
51571, 3, 3 
54285, 3, 3 
31579, 3, 3 
38130, 3, 3 
47510, 3, 3 
38058, 3, 3 
37085, 3, 3 
18615, 3, 3 
37188, 3, 3 
1566, 3, 3 
59550, 3, 3 
43875, 3, 3 
36206, 3, 3 
49376, 3, 3 
8163, 3, 3 
24784, 3, 3 
23929, 3, 3 
341, 3, 3 
31723, 3, 3 
27649, 3, 3 
44729, 3, 3 
48978, 3, 3 
33331, 3, 3 
31913, 3, 3 
54898, 3, 3 
25377, 3, 3 
33357, 3, 3 
4373, 3, 3 
50253, 3, 3 
57004, 3, 3 
32114, 3, 3 
41494, 3, 3 
52771, 3, 3 
34481, 3, 3 
17192, 3, 3 
45791, 3, 3 
51245, 3, 3 
2917, 3, 3 
47669, 3, 3 
40257, 3, 3 
40223, 3, 3 
2669, 3, 3 
4755, 3, 3 
7455, 3, 3 
23144, 3, 3 
28668, 3, 3 
18805, 3, 3 
33633, 3, 3 
34048, 3, 3 
5987, 3, 3 
23888, 3, 3 
48064, 3, 3 
9294, 3, 3 
7412, 3, 3 
10678, 3, 3 
54291, 3, 3 
19675, 3, 3 
19950, 3, 3 
39368, 4, 4 
54410, 4, 4 
54742, 4, 4 
36977, 4, 4 
11988, 4, 4 
33952, 4, 4 
4494, 4, 4 
48084, 4, 4 
32272, 4, 4 
57585, 4, 4 
616, 4, 4 
23272, 4, 4 
47028, 4, 4 
33991, 4, 4 
32015, 4, 4 
4035, 4, 4 
37490, 4, 4 
19672, 4, 4 
20338, 4, 4 
16874, 4, 4 
19621, 4, 4 
53476, 4, 4 
55990, 4, 4 
16719, 4, 4 
37104, 4, 4 
48357, 4, 4 
36171, 4, 4 
16929, 4, 4 
29418, 4, 4 
61, 4, 4 
4178, 4, 4 
35362, 4, 4 
45538, 4, 4 
17896, 4, 4 
36017, 4, 4 
54895, 4, 4 
20287, 4, 4 
23188, 4, 4 
50031, 4, 4 
842, 4, 4 
27809, 4, 4 
52988, 4, 4 
16464, 4, 4 
17203, 4, 4 
31743, 4, 4 
10433, 4, 4 
47871, 4, 4 
24437, 4, 4 
23150, 4, 4 
18988, 4, 4 
10869, 4, 4 
37492, 4, 4 
48487, 4, 4 
52756, 4, 4 
30361, 4, 4 
55944, 4, 4 
17823, 4, 4 
48410, 4, 4 
3457, 4, 4 
55141, 4, 4 
32776, 4, 4 
33740, 4, 4 
7722, 4, 4 
42128, 4, 4 
52087, 4, 4 
56970, 4, 4 
23286, 4, 4 
28767, 4, 4 
56406, 4, 4 
59020, 4, 4 
11641, 4, 4 
42553, 4, 4 
5944, 4, 4 
16450, 4, 4 
55024, 4, 4 
5581, 4, 4 
35583, 4, 4 
54906, 4, 4 
32911, 4, 4 
16290, 4, 4 
49382, 4, 4 
10252, 4, 4 
19875, 4, 4 
13350, 4, 4 
49325, 4, 4 
46677, 4, 4 
25866, 4, 4 
22456, 4, 4 
25194, 4, 4 
34570, 4, 4 
21448, 4, 4 
34035, 4, 4 
12306, 4, 4 
34349, 4, 4 
9025, 4, 4 
5064, 4, 4 
50510, 4, 4 
11468, 4, 4 
11040, 4, 4 
33761, 4, 4 
28086, 4, 4 
11131, 4, 4 
35769, 4, 4 
49195, 4, 4 
37616, 4, 4 
1006, 4, 4 
31517, 4, 4 
55812, 4, 4 
31163, 4, 4 
28190, 4, 4 
37311, 4, 4 
50547, 4, 4 
53378, 4, 4 
30573, 4, 4 
30637, 4, 4 
28700, 4, 4 
4837, 4, 4 
1448, 4, 4 
36092, 4, 4 
14432, 4, 4 
15352, 4, 4 
42779, 4, 4 
19287, 4, 4 
25616, 4, 4 
34947, 4, 4 
29321, 4, 4 
10952, 4, 4 
55564, 4, 4 
31965, 4, 4 
23781, 4, 4 
32014, 4, 4 
26985, 4, 4 
35673, 4, 4 
40933, 4, 4 
44791, 4, 4 
57537, 4, 4 
1050, 4, 4 
6733, 4, 4 
4318, 4, 4 
58504, 4, 4 
35003, 4, 4 
42484, 4, 4 
53411, 4, 4 
24033, 4, 4 
35304, 4, 4 
55178, 4, 4 
33955, 4, 4 
17015, 4, 4 
43228, 4, 4 
8006, 4, 4 
6621, 4, 4 
17561, 4, 4 
8657, 4, 4 
16765, 4, 4 
58496, 4, 4 
41870, 4, 4 
14957, 4, 4 
27676, 4, 4 
4197, 4, 4 
30886, 4, 4 
25831, 4, 4 
36160, 4, 4 
59743, 4, 4 
1973, 4, 4 
15416, 4, 4 
7703, 4, 4 
6761, 4, 4 
45578, 4, 4 
26352, 4, 4 
32069, 4, 4 
5954, 4, 4 
36364, 4, 4 
10320, 4, 4 
36359, 4, 4 
24019, 4, 4 
53808, 4, 4 
9362, 4, 4 
2490, 4, 4 
48522, 4, 4 
39954, 4, 4 
16886, 4, 4 
20056, 4, 4 
36455, 4, 4 
41576, 4, 4 
32769, 4, 4 
5322, 4, 4 
11956, 4, 4 
59821, 4, 4 
40495, 4, 4 
57389, 4, 4 
31106, 4, 4 
7817, 4, 4 
42953, 4, 4 
46925, 4, 4 
6009, 4, 4 
22614, 4, 4 
23896, 4, 4 
43700, 4, 4 
5046, 4, 4 
41444, 4, 4 
19638, 5, 5 
36026, 5, 5 
26211, 5, 5 
42983, 5, 5 
25315, 5, 5 
59291, 5, 5 
625, 5, 5 
24864, 5, 5 
20479, 5, 5 
30499, 5, 5 
59525, 5, 5 
42652, 5, 5 
11643, 5, 5 
28477, 5, 5 
14486, 5, 5 
45132, 5, 5 
14214, 5, 5 
34888, 5, 5 
52769, 5, 5 
21671, 5, 5 
58248, 5, 5 
49649, 5, 5 
41263, 5, 5 
56206, 5, 5 
9958, 5, 5 
45393, 5, 5 
30983, 5, 5 
12689, 5, 5 
26432, 5, 5 
11410, 5, 5 
48424, 5, 5 
35784, 5, 5 
49785, 5, 5 
14709, 5, 5 
39400, 5, 5 
54246, 5, 5 
50019, 5, 5 
28141, 5, 5 
26787, 5, 5 
51950, 5, 5 
19353, 5, 5 
33352, 5, 5 
30448, 5, 5 
22822, 5, 5 
3361, 5, 5 
2172, 5, 5 
22156, 5, 5 
54744, 5, 5 
22556, 5, 5 
41523, 5, 5 
24318, 5, 5 
13070, 5, 5 
58757, 5, 5 
56812, 5, 5 
21519, 5, 5 
46965, 5, 5 
59201, 5, 5 
54528, 5, 5 
16692, 5, 5 
34453, 5, 5 
40678, 5, 5 
7144, 5, 5 
29384, 5, 5 
31921, 5, 5 
22363, 5, 5 
46612, 5, 5 
14828, 5, 5 
37842, 5, 5 
50831, 5, 5 
14318, 5, 5 
51231, 5, 5 
40963, 5, 5 
37180, 5, 5 
42889, 5, 5 
9783, 5, 5 
51740, 5, 5 
50570, 5, 5 
8479, 5, 5 
6370, 5, 5 
837, 5, 5 
47554, 5, 5 
52190, 5, 5 
42372, 5, 5 
11182, 5, 5 
50071, 5, 5 
19702, 5, 5 
55229, 5, 5 
27502, 5, 5 
17608, 5, 5 
14994, 5, 5 
25675, 5, 5 
44647, 5, 5 
13796, 5, 5 
31976, 5, 5 
1071, 5, 5 
26680, 5, 5 
27510, 5, 5 
23514, 5, 5 
26331, 5, 5 
41938, 5, 5 
54442, 5, 5 
49343, 5, 5 
41786, 5, 5 
9646, 5, 5 
55718, 5, 5 
49892, 5, 5 
27042, 5, 5 
3752, 5, 5 
4969, 5, 5 
24765, 5, 5 
55708, 5, 5 
19609, 5, 5 
19130, 5, 5 
32344, 5, 5 
35535, 5, 5 
29659, 5, 5 
49481, 5, 5 
58005, 5, 5 
12736, 5, 5 
39978, 5, 5 
9384, 5, 5 
31820, 5, 5 
2405, 5, 5 
51072, 5, 5 
47845, 5, 5 
3637, 5, 5 
21093, 5, 5 
12016, 5, 5 
1516, 5, 5 
37049, 5, 5 
1806, 5, 5 
29705, 5, 5 
21252, 5, 5 
9464, 5, 5 
316, 5, 5 
42049, 5, 5 
34276, 5, 5 
924, 5, 5 
28717, 5, 5 
14009, 5, 5 
29525, 5, 5 
5383, 5, 5 
22846, 5, 5 
36556, 5, 5 
27997, 5, 5 
41152, 5, 5 
33437, 5, 5 
49935, 5, 5 
5210, 5, 5 
58799, 5, 5 
14748, 5, 5 
51736, 5, 5 
52561, 5, 5 
52610, 5, 5 
3180, 5, 5 
9366, 5, 5 
36989, 5, 5 
26538, 5, 5 
18417, 5, 5 
32831, 5, 5 
49291, 5, 5 
27417, 5, 5 
22302, 5, 5 
49922, 5, 5 
32961, 5, 5 
9738, 5, 5 
50786, 5, 5 
41693, 5, 5 
44634, 5, 5 
10877, 5, 5 
8126, 5, 5 
2651, 5, 5 
6888, 5, 5 
7998, 5, 5 
54465, 5, 5 
4617, 5, 5 
53024, 5, 5 
26978, 5, 5 
50060, 5, 5 
39280, 5, 5 
31287, 5, 5 
41719, 5, 5 
51874, 5, 5 
11154, 5, 5 
16446, 5, 5 
2266, 5, 5 
55453, 5, 5 
7848, 5, 5 
3205, 5, 5 
175, 5, 5 
50166, 5, 5 
44215, 5, 5 
27975, 5, 5 
33622, 5, 5 
52509, 5, 5 
23923, 5, 5 
51339, 5, 5 
44819, 5, 5 
9028, 5, 5 
26024, 5, 5 
39180, 6, 6 
17249, 6, 6 
32549, 6, 6 
6236, 6, 6 
14339, 6, 6 
56162, 6, 6 
31708, 6, 6 
22633, 6, 6 
40591, 6, 6 
45542, 6, 6 
42166, 6, 6 
10729, 6, 6 
22520, 6, 6 
8001, 6, 6 
40085, 6, 6 
20781, 6, 6 
33934, 6, 6 
18432, 6, 6 
22240, 6, 6 
57994, 6, 6 
27842, 6, 6 
54572, 6, 6 
5948, 6, 6 
55720, 6, 6 
10332, 6, 6 
49505, 6, 6 
54462, 6, 6 
22904, 6, 6 
41413, 6, 6 
59791, 6, 6 
26670, 6, 6 
19309, 6, 6 
50039, 6, 6 
43281, 6, 6 
24377, 6, 6 
4871, 6, 6 
37544, 6, 6 
39496, 6, 6 
26318, 6, 6 
21003, 6, 6 
44617, 6, 6 
25358, 6, 6 
53818, 6, 6 
28947, 6, 6 
32752, 6, 6 
53578, 6, 6 
52912, 6, 6 
48066, 6, 6 
26511, 6, 6 
311, 6, 6 
32670, 6, 6 
56727, 6, 6 
2059, 6, 6 
28281, 6, 6 
49478, 6, 6 
48636, 6, 6 
20891, 6, 6 
45846, 6, 6 
37477, 6, 6 
27807, 6, 6 
9123, 6, 6 
6474, 6, 6 
2494, 6, 6 
54717, 6, 6 
1020, 6, 6 
21712, 6, 6 
47045, 6, 6 
41488, 6, 6 
2156, 6, 6 
10307, 6, 6 
2516, 6, 6 
42975, 6, 6 
48276, 6, 6 
28508, 6, 6 
12853, 6, 6 
19947, 6, 6 
23379, 6, 6 
14768, 6, 6 
38933, 6, 6 
18957, 6, 6 
29836, 6, 6 
35918, 6, 6 
21426, 6, 6 
47011, 6, 6 
20775, 6, 6 
45460, 6, 6 
34024, 6, 6 
48689, 6, 6 
9094, 6, 6 
26759, 6, 6 
17251, 6, 6 
5121, 6, 6 
36383, 6, 6 
7398, 6, 6 
2638, 6, 6 
48883, 6, 6 
56098, 6, 6 
48491, 6, 6 
55670, 6, 6 
54496, 6, 6 
6150, 6, 6 
44168, 6, 6 
50818, 6, 6 
881, 6, 6 
11132, 6, 6 
9576, 6, 6 
21900, 6, 6 
13, 6, 6 
5684, 6, 6 
44346, 6, 6 
39200, 6, 6 
44011, 6, 6 
50387, 6, 6 
25944, 6, 6 
8140, 6, 6 
15419, 6, 6 
53320, 6, 6 
4526, 6, 6 
16550, 6, 6 
35825, 6, 6 
55012, 6, 6 
25889, 6, 6 
25673, 6, 6 
20013, 6, 6 
45262, 6, 6 
27101, 6, 6 
37044, 6, 6 
29769, 6, 6 
35426, 6, 6 
25770, 6, 6 
24383, 6, 6 
25010, 6, 6 
11927, 6, 6 
23186, 6, 6 
7163, 6, 6 
52640, 6, 6 
59801, 6, 6 
5485, 6, 6 
5561, 6, 6 
6638, 6, 6 
47300, 6, 6 
33779, 6, 6 
19228, 6, 6 
8898, 6, 6 
47694, 6, 6 
56862, 6, 6 
47738, 6, 6 
27724, 6, 6 
33030, 6, 6 
26342, 6, 6 
13731, 6, 6 
21122, 6, 6 
36798, 6, 6 
14676, 6, 6 
49347, 6, 6 
21100, 6, 6 
20383, 6, 6 
15417, 6, 6 
34621, 6, 6 
6388, 6, 6 
56441, 6, 6 
29454, 6, 6 
41848, 6, 6 
51977, 6, 6 
4360, 6, 6 
31481, 6, 6 
40492, 6, 6 
23720, 6, 6 
22809, 6, 6 
12685, 6, 6 
19723, 6, 6 
25771, 6, 6 
24526, 6, 6 
9409, 6, 6 
53007, 6, 6 
25113, 6, 6 
45549, 6, 6 
51096, 6, 6 
46735, 6, 6 
21941, 6, 6 
221, 6, 6 
22872, 6, 6 
40332, 6, 6 
4605, 6, 6 
13220, 6, 6 
30045, 6, 6 
46859, 6, 6 
22975, 6, 6 
16684, 6, 6 
34896, 6, 6 
28708, 6, 6 
19431, 6, 6 
25104, 6, 6 
34380, 6, 6 
25999, 6, 6 
35614, 6, 6 
21565, 6, 6 
6373, 6, 6 
17396, 6, 6 
48507, 6, 6 
45097, 7, 7 
13753, 7, 7 
51420, 7, 7 
29595, 7, 7 
43893, 7, 7 
34981, 7, 7 
47568, 7, 7 
56382, 7, 7 
3854, 7, 7 
12391, 7, 7 
12123, 7, 7 
11829, 7, 7 
48298, 7, 7 
2007, 7, 7 
24025, 7, 7 
27341, 7, 7 
43036, 7, 7 
15062, 7, 7 
48593, 7, 7 
46132, 7, 7 
3620, 7, 7 
43471, 7, 7 
58890, 7, 7 
59953, 7, 7 
24917, 7, 7 
1655, 7, 7 
53843, 7, 7 
10517, 7, 7 
54751, 7, 7 
25211, 7, 7 
16247, 7, 7 
18170, 7, 7 
47849, 7, 7 
53839, 7, 7 
971, 7, 7 
34485, 7, 7 
46638, 7, 7 
750, 7, 7 
18183, 7, 7 
40700, 7, 7 
47206, 7, 7 
56611, 7, 7 
11329, 7, 7 
11170, 7, 7 
6455, 7, 7 
54663, 7, 7 
10835, 7, 7 
43213, 7, 7 
57465, 7, 7 
57828, 7, 7 
43384, 7, 7 
942, 7, 7 
48622, 7, 7 
42283, 7, 7 
23588, 7, 7 
41176, 7, 7 
55535, 7, 7 
37297, 7, 7 
43919, 7, 7 
23704, 7, 7 
22301, 7, 7 
15425, 7, 7 
21710, 7, 7 
1208, 7, 7 
28563, 7, 7 
10171, 7, 7 
9545, 7, 7 
52149, 7, 7 
5811, 7, 7 
33504, 7, 7 
59332, 7, 7 
56794, 7, 7 
54606, 7, 7 
14850, 7, 7 
50923, 7, 7 
10911, 7, 7 
7287, 7, 7 
57323, 7, 7 
26446, 7, 7 
1891, 7, 7 
41164, 7, 7 
43461, 7, 7 
52196, 7, 7 
52568, 7, 7 
59003, 7, 7 
24699, 7, 7 
31731, 7, 7 
4995, 7, 7 
15127, 7, 7 
9102, 7, 7 
52752, 7, 7 
994, 7, 7 
58393, 7, 7 
32849, 7, 7 
23661, 7, 7 
26303, 7, 7 
39060, 7, 7 
46832, 7, 7 
22941, 7, 7 
6715, 7, 7 
58507, 7, 7 
51885, 7, 7 
59468, 7, 7 
52407, 7, 7 
50664, 7, 7 
37131, 7, 7 
42784, 7, 7 
56670, 7, 7 
8068, 7, 7 
4904, 7, 7 
13255, 7, 7 
22797, 7, 7 
39246, 7, 7 
44853, 7, 7 
24818, 7, 7 
19479, 7, 7 
44601, 7, 7 
58125, 7, 7 
14386, 7, 7 
47349, 7, 7 
56294, 7, 7 
36088, 7, 7 
7783, 7, 7 
53253, 7, 7 
19493, 7, 7 
56749, 7, 7 
101, 7, 7 
40029, 7, 7 
42672, 7, 7 
9273, 7, 7 
42639, 7, 7 
16528, 7, 7 
52261, 7, 7 
59661, 7, 7 
27498, 7, 7 
7610, 7, 7 
23070, 7, 7 
43796, 7, 7 
12781, 7, 7 
17830, 7, 7 
50075, 7, 7 
33128, 7, 7 
2691, 7, 7 
47232, 7, 7 
35834, 7, 7 
23192, 7, 7 
10181, 7, 7 
51839, 7, 7 
4024, 7, 7 
8637, 7, 7 
6889, 7, 7 
21318, 7, 7 
4354, 7, 7 
27039, 7, 7 
2701, 7, 7 
3840, 7, 7 
5652, 7, 7 
91, 7, 7 
30641, 7, 7 
49187, 7, 7 
33635, 7, 7 
6956, 7, 7 
21175, 7, 7 
11594, 7, 7 
55518, 7, 7 
27054, 7, 7 
5325, 7, 7 
27756, 7, 7 
45457, 7, 7 
36205, 7, 7 
49516, 7, 7 
58143, 7, 7 
57178, 7, 7 
3914, 7, 7 
17053, 7, 7 
50708, 7, 7 
43956, 7, 7 
37057, 7, 7 
56432, 7, 7 
5504, 7, 7 
33681, 7, 7 
8798, 7, 7 
29888, 7, 7 
27516, 7, 7 
58167, 7, 7 
59638, 7, 7 
9665, 7, 7 
33171, 7, 7 
43859, 7, 7 
53113, 7, 7 
20280, 7, 7 
2759, 7, 7 
20406, 7, 7 
28558, 7, 7 
5441, 7, 7 
45804, 7, 7 
9097, 7, 7 
38329, 7, 7 
8267, 7, 7 
34951, 7, 7 
38842, 8, 8 
20037, 8, 8 
29863, 8, 8 
19365, 8, 8 
14226, 8, 8 
40192, 8, 8 
29303, 8, 8 
26273, 8, 8 
13436, 8, 8 
15424, 8, 8 
54654, 8, 8 
42417, 8, 8 
46767, 8, 8 
57060, 8, 8 
55368, 8, 8 
22976, 8, 8 
56485, 8, 8 
47322, 8, 8 
24806, 8, 8 
54594, 8, 8 
44961, 8, 8 
32982, 8, 8 
36492, 8, 8 
36429, 8, 8 
59380, 8, 8 
3616, 8, 8 
45884, 8, 8 
35713, 8, 8 
52080, 8, 8 
40547, 8, 8 
6622, 8, 8 
6288, 8, 8 
34417, 8, 8 
9641, 8, 8 
50902, 8, 8 
56623, 8, 8 
31968, 8, 8 
3432, 8, 8 
45356, 8, 8 
9811, 8, 8 
3892, 8, 8 
53640, 8, 8 
48203, 8, 8 
15973, 8, 8 
7508, 8, 8 
30661, 8, 8 
39599, 8, 8 
17145, 8, 8 
25379, 8, 8 
43504, 8, 8 
24954, 8, 8 
34452, 8, 8 
43907, 8, 8 
12111, 8, 8 
5263, 8, 8 
7439, 8, 8 
54137, 8, 8 
38452, 8, 8 
10584, 8, 8 
25207, 8, 8 
37078, 8, 8 
21733, 8, 8 
12455, 8, 8 
30688, 8, 8 
8045, 8, 8 
30325, 8, 8 
47076, 8, 8 
16724, 8, 8 
44861, 8, 8 
56369, 8, 8 
50178, 8, 8 
59294, 8, 8 
15678, 8, 8 
17222, 8, 8 
1457, 8, 8 
55153, 8, 8 
25186, 8, 8 
12719, 8, 8 
47052, 8, 8 
10339, 8, 8 
17270, 8, 8 
12974, 8, 8 
59649, 8, 8 
57038, 8, 8 
7539, 8, 8 
37109, 8, 8 
56881, 8, 8 
54564, 8, 8 
50179, 8, 8 
49465, 8, 8 
51105, 8, 8 
53872, 8, 8 
4036, 8, 8 
18657, 8, 8 
20535, 8, 8 
24223, 8, 8 
55218, 8, 8 
15341, 8, 8 
39219, 8, 8 
48060, 8, 8 
14754, 8, 8 
46252, 8, 8 
17952, 8, 8 
11843, 8, 8 
17196, 8, 8 
41153, 8, 8 
21855, 8, 8 
22837, 8, 8 
21943, 8, 8 
32962, 8, 8 
9996, 8, 8 
48743, 8, 8 
52425, 8, 8 
8242, 8, 8 
5112, 8, 8 
53997, 8, 8 
57348, 8, 8 
23650, 8, 8 
17924, 8, 1 
35921, 8, 8 
59128, 8, 8 
41118, 8, 8 
38069, 8, 8 
43588, 8, 8 
52285, 8, 8 
40295, 8, 8 
29618, 8, 8 
13118, 8, 8 
2927, 8, 8 
44833, 8, 8 
3152, 8, 8 
30418, 8, 8 
33038, 8, 8 
13639, 8, 8 
1086, 8, 8 
48104, 8, 8 
46154, 8, 8 
8029, 8, 8 
52808, 8, 8 
50707, 8, 8 
43843, 8, 8 
51224, 8, 8 
47152, 8, 8 
35576, 8, 8 
23091, 8, 8 
39662, 8, 8 
54920, 8, 8 
42297, 8, 8 
41622, 8, 8 
40758, 8, 8 
37444, 8, 8 
16597, 8, 8 
49617, 8, 8 
2475, 8, 8 
55146, 8, 8 
52671, 8, 8 
6030, 8, 8 
44391, 8, 8 
16321, 8, 8 
57618, 8, 8 
20363, 8, 8 
1776, 8, 8 
5548, 8, 8 
27964, 8, 8 
35007, 8, 8 
49660, 8, 8 
26078, 8, 8 
1616, 8, 8 
33778, 8, 8 
14385, 8, 8 
35021, 8, 8 
54842, 8, 8 
44616, 8, 8 
39841, 8, 8 
40708, 8, 8 
7290, 8, 8 
20873, 8, 8 
29627, 8, 8 
59581, 8, 8 
26523, 8, 8 
17658, 8, 8 
15050, 8, 8 
19662, 8, 8 
32199, 8, 8 
3689, 8, 8 
55020, 8, 8 
4258, 8, 8 
15129, 8, 8 
43692, 8, 8 
20015, 8, 8 
9794, 8, 8 
19763, 8, 8 
55026, 8, 8 
26666, 8, 8 
43121, 8, 1 
3664, 8, 8 
11211, 8, 8 
5199, 8, 8 
33546, 8, 8 
40750, 8, 8 
28853, 9, 9 
33126, 9, 9 
434, 9, 9 
11245, 9, 9 
17398, 9, 9 
8547, 9, 9 
346, 9, 9 
41005, 9, 9 
6518, 9, 9 
25376, 9, 9 
18668, 9, 9 
23420, 9, 9 
39247, 9, 9 
41042, 9, 9 
17211, 9, 9 
37359, 9, 9 
21145, 9, 9 
2137, 9, 9 
26586, 9, 9 
48758, 9, 9 
30698, 9, 9 
40126, 9, 9 
1632, 9, 9 
18024, 9, 9 
57796, 9, 9 
26895, 9, 9 
34876, 9, 9 
42165, 9, 9 
53736, 9, 9 
28319, 9, 9 
28055, 9, 9 
31866, 9, 9 
25648, 9, 9 
3030, 9, 9 
34301, 9, 9 
9713, 9, 9 
51910, 9, 9 
755, 9, 9 
51140, 9, 9 
47865, 9, 9 
12840, 9, 9 
58004, 9, 9 
13108, 9, 9 
38680, 9, 9 
57145, 9, 9 
1684, 9, 9 
49383, 9, 9 
21495, 9, 9 
12380, 9, 9 
18666, 9, 9 
24210, 9, 9 
50490, 9, 9 
6205, 9, 9 
52214, 9, 9 
247, 9, 9 
19045, 9, 9 
35125, 9, 9 
20126, 9, 9 
13971, 9, 9 
12074, 9, 9 
16581, 9, 9 
47885, 9, 9 
12999, 9, 9 
21297, 9, 9 
49880, 9, 9 
47120, 9, 9 
33625, 9, 9 
8408, 9, 9 
31917, 9, 9 
1585, 9, 9 
56133, 9, 9 
16776, 9, 9 
12029, 9, 9 
28114, 9, 9 
27450, 9, 9 
34126, 9, 9 
3508, 9, 9 
20188, 9, 9 
20290, 9, 9 
31004, 9, 9 
32410, 9, 9 
53280, 9, 9 
31876, 9, 9 
55834, 9, 9 
32904, 9, 9 
39532, 9, 9 
41763, 9, 9 
33212, 9, 9 
22597, 9, 9 
46008, 9, 9 
31405, 9, 9 
19512, 9, 9 
23447, 9, 9 
16702, 9, 9 
16413, 9, 9 
31700, 9, 9 
18138, 9, 9 
6765, 9, 9 
52846, 9, 9 
58850, 9, 9 
37877, 9, 9 
43, 9, 9 
183, 9, 9 
35854, 9, 9 
21509, 9, 9 
17562, 9, 9 
36211, 9, 9 
34489, 9, 9 
15601, 9, 9 
56466, 9, 9 
39974, 9, 9 
18277, 9, 9 
34019, 9, 9 
30103, 9, 9 
21218, 9, 9 
26860, 9, 9 
48186, 9, 9 
26068, 9, 9 
9118, 9, 9 
8036, 9, 9 
13437, 9, 9 
4092, 9, 9 
39538, 9, 9 
55347, 9, 9 
20001, 9, 9 
16421, 9, 9 
51713, 9, 9 
27295, 9, 9 
25212, 9, 9 
29660, 9, 9 
10529, 9, 9 
3238, 9, 9 
55599, 9, 9 
13996, 9, 9 
34668, 9, 9 
30598, 9, 9 
5209, 9, 9 
55473, 9, 9 
50747, 9, 9 
43419, 9, 9 
59449, 9, 9 
30623, 9, 9 
58426, 9, 9 
1005, 9, 9 
16250, 9, 9 
2006, 9, 9 
38519, 9, 9 
44985, 9, 9 
57129, 9, 9 
20636, 9, 9 
5869, 9, 9 
23463, 9, 9 
6842, 9, 9 
1939, 9, 9 
16740, 9, 9 
13289, 9, 9 
42306, 9, 9 
35191, 9, 9 
8316, 9, 9 
35807, 9, 9 
21193, 9, 9 
56041, 9, 9 
3164, 9, 9 
25267, 9, 9 
31320, 9, 9 
5339, 9, 9 
41645, 9, 9 
10613, 9, 9 
26214, 9, 9 
9893, 9, 9 
44825, 9, 9 
53544, 9, 9 
48789, 9, 9 
53247, 9, 9 
36655, 9, 9 
1610, 9, 9 
4568, 9, 9 
12535, 9, 9 
2787, 9, 9 
3786, 9, 9 
59634, 9, 9 
19933, 9, 9 
39816, 9, 9 
28194, 9, 9 
3746, 9, 9 
1167, 9, 9 
54586, 9, 9 
53267, 9, 9 
21981, 9, 9 
11897, 9, 9 
21213, 9, 9 
27611, 9, 9 
28753, 9, 9 
45787, 9, 9 
55612, 9, 9 
19743, 9, 9 
34458, 9, 9 
51240, 9, 9 
49690, 9, 9 
24684, 9, 9 
