id, true label, predicted label 
5773, 0, 0 
48438, 0, 0 
36549, 0, 0 
47150, 0, 0 
41265, 0, 0 
50200, 0, 0 
31836, 0, 0 
43422, 0, 0 
19871, 0, 0 
4002, 0, 0 
51925, 0, 0 
39817, 0, 0 
25395, 0, 0 
22487, 0, 0 
29101, 0, 0 
5690, 0, 0 
48350, 0, 0 
36468, 0, 0 
32946, 0, 0 
8088, 0, 0 
33904, 0, 0 
33253, 0, 0 
20609, 0, 0 
28328, 0, 0 
23380, 0, 0 
57364, 0, 0 
37653, 0, 0 
30751, 0, 0 
4597, 0, 0 
9131, 0, 0 
39194, 0, 0 
12140, 0, 0 
22196, 0, 0 
30080, 0, 0 
20608, 0, 0 
4284, 0, 0 
27206, 0, 0 
44045, 0, 0 
2617, 0, 0 
39788, 0, 0 
21586, 0, 0 
55095, 0, 0 
11320, 0, 0 
31476, 0, 0 
56639, 0, 0 
39606, 0, 0 
24693, 0, 0 
39175, 0, 0 
957, 0, 0 
14089, 0, 0 
31369, 0, 0 
36569, 0, 0 
54080, 0, 0 
14949, 0, 0 
7648, 0, 0 
23616, 0, 0 
23120, 0, 0 
15542, 0, 0 
59477, 0, 0 
2624, 0, 0 
15734, 0, 0 
49268, 0, 0 
7427, 0, 0 
34283, 0, 0 
53916, 0, 0 
9753, 0, 0 
57686, 0, 0 
11588, 0, 0 
16520, 0, 0 
6630, 0, 0 
58316, 0, 0 
42074, 0, 0 
20407, 0, 0 
1423, 0, 0 
14723, 0, 0 
1512, 0, 0 
28992, 0, 0 
2996, 0, 0 
58073, 0, 0 
13872, 0, 0 
18645, 0, 0 
49596, 0, 0 
56217, 0, 0 
36919, 0, 0 
16081, 0, 0 
49949, 0, 0 
169, 0, 0 
36537, 0, 0 
27307, 0, 0 
53509, 0, 0 
50542, 0, 0 
3881, 0, 0 
21608, 0, 0 
12205, 0, 0 
40813, 0, 0 
21526, 0, 0 
33157, 0, 0 
36138, 0, 0 
48173, 0, 0 
50328, 0, 0 
48207, 0, 0 
32800, 0, 0 
21413, 0, 0 
37980, 0, 0 
39854, 0, 0 
1443, 0, 0 
31263, 0, 0 
14559, 0, 0 
48547, 0, 0 
36198, 0, 0 
48168, 0, 0 
35343, 0, 0 
29869, 0, 0 
16498, 0, 0 
29848, 0, 0 
36255, 0, 0 
54711, 0, 0 
27659, 0, 0 
19902, 0, 0 
24676, 0, 0 
45589, 0, 0 
46571, 0, 0 
59639, 0, 0 
18042, 0, 0 
40313, 0, 0 
53994, 0, 0 
26369, 0, 0 
55817, 0, 0 
55556, 0, 0 
13408, 0, 0 
997, 0, 0 
38484, 0, 0 
11848, 0, 0 
19303, 0, 0 
38744, 0, 0 
44276, 0, 0 
33078, 0, 0 
5192, 0, 0 
3720, 0, 0 
40844, 0, 0 
33848, 0, 0 
26836, 0, 0 
5674, 0, 0 
25166, 0, 0 
46680, 0, 0 
22596, 0, 0 
13377, 0, 0 
13054, 0, 0 
22646, 0, 0 
59940, 0, 0 
6645, 0, 0 
210, 0, 0 
27633, 0, 0 
12456, 0, 0 
28505, 0, 0 
656, 0, 0 
38289, 0, 0 
43347, 0, 0 
51809, 0, 0 
23828, 0, 0 
55840, 0, 0 
40803, 0, 0 
34538, 0, 0 
28647, 0, 0 
14148, 0, 0 
38816, 0, 0 
41557, 0, 0 
53881, 0, 0 
29235, 0, 0 
29151, 0, 0 
32489, 0, 0 
15191, 0, 0 
8108, 0, 0 
4981, 0, 0 
10530, 0, 0 
10343, 0, 0 
21789, 0, 0 
56352, 0, 0 
8855, 0, 0 
7708, 0, 0 
46560, 0, 0 
8533, 0, 0 
32160, 0, 0 
9744, 0, 0 
20060, 0, 0 
41291, 0, 0 
33330, 0, 0 
42817, 0, 0 
40633, 0, 0 
21064, 0, 0 
38590, 0, 0 
48612, 0, 0 
34653, 0, 0 
1819, 0, 0 
8369, 0, 0 
26038, 0, 0 
4239, 0, 0 
15868, 0, 0 
35612, 0, 0 
52934, 0, 0 
11975, 1, 1 
57109, 1, 1 
42184, 1, 1 
29323, 1, 1 
6226, 1, 1 
43269, 1, 1 
25057, 1, 1 
17367, 1, 1 
19528, 1, 1 
20361, 1, 1 
5691, 1, 1 
35487, 1, 1 
6356, 1, 1 
20845, 1, 1 
37305, 1, 1 
15224, 1, 1 
27250, 1, 1 
28569, 1, 1 
52780, 1, 1 
24625, 1, 1 
58091, 1, 1 
52984, 1, 1 
29828, 1, 1 
29544, 1, 1 
23413, 1, 1 
32536, 1, 1 
54293, 1, 1 
52359, 1, 1 
36185, 1, 1 
55299, 1, 1 
29746, 1, 1 
49600, 1, 1 
17806, 1, 1 
8255, 1, 1 
27256, 1, 1 
18695, 1, 1 
20699, 1, 1 
55825, 1, 1 
9045, 1, 1 
37802, 1, 1 
58207, 1, 1 
4993, 1, 1 
32038, 1, 1 
14945, 1, 1 
8160, 1, 1 
2791, 1, 1 
16988, 1, 1 
47642, 1, 1 
10134, 1, 1 
32447, 1, 1 
46302, 1, 1 
1680, 1, 1 
54579, 1, 1 
4953, 1, 1 
4933, 1, 1 
41826, 1, 1 
49569, 1, 1 
39622, 1, 1 
11809, 1, 1 
50799, 1, 1 
9492, 1, 1 
7831, 1, 1 
6885, 1, 1 
28208, 1, 1 
59517, 1, 1 
42586, 1, 1 
24924, 1, 1 
36442, 1, 1 
55719, 1, 1 
47022, 1, 1 
34017, 1, 1 
30854, 1, 1 
4924, 1, 1 
3113, 1, 1 
7119, 1, 1 
47194, 1, 1 
31729, 1, 1 
47446, 1, 1 
34884, 1, 1 
34927, 1, 1 
31537, 1, 1 
9678, 1, 1 
46840, 1, 1 
51932, 1, 1 
47601, 1, 1 
21771, 1, 1 
40976, 1, 1 
5530, 1, 1 
6142, 1, 1 
29114, 1, 1 
31169, 1, 1 
17012, 1, 1 
6864, 1, 1 
23444, 1, 1 
58763, 1, 1 
55939, 1, 1 
29901, 1, 1 
33332, 1, 1 
33374, 1, 1 
6104, 1, 1 
42371, 1, 1 
18148, 1, 1 
11057, 1, 1 
42113, 1, 1 
59954, 1, 1 
25549, 1, 1 
46199, 1, 1 
47777, 1, 1 
51509, 1, 1 
1181, 1, 1 
27969, 1, 1 
57283, 1, 1 
14849, 1, 1 
51882, 1, 1 
4137, 1, 1 
13334, 1, 1 
58953, 1, 1 
22628, 1, 1 
58368, 1, 1 
14992, 1, 1 
2878, 1, 1 
46547, 1, 1 
30335, 1, 1 
22937, 1, 1 
33580, 1, 1 
15697, 1, 1 
36490, 1, 1 
6859, 1, 1 
40664, 1, 1 
34383, 1, 1 
27064, 1, 1 
351, 1, 1 
55169, 1, 1 
52657, 1, 1 
53662, 1, 1 
15730, 1, 1 
19096, 1, 1 
54259, 1, 1 
492, 1, 1 
17213, 1, 1 
58685, 1, 1 
4971, 1, 1 
54438, 1, 1 
3145, 1, 1 
54719, 1, 1 
10823, 1, 1 
54501, 1, 1 
6408, 1, 1 
28583, 1, 1 
53326, 1, 1 
27792, 1, 1 
19011, 1, 1 
47869, 1, 1 
52223, 1, 1 
53611, 1, 1 
6834, 1, 1 
25421, 1, 1 
53899, 1, 1 
50585, 1, 1 
34617, 1, 1 
25118, 1, 1 
8348, 1, 1 
45502, 1, 1 
3019, 1, 1 
42716, 1, 1 
54428, 1, 1 
54631, 1, 1 
58511, 1, 1 
50621, 1, 1 
40071, 1, 1 
104, 1, 1 
42393, 1, 1 
10416, 1, 1 
27896, 1, 1 
17337, 1, 1 
21060, 1, 1 
13630, 1, 1 
23, 1, 1 
56308, 1, 1 
57037, 1, 1 
12166, 1, 1 
52575, 1, 1 
9895, 1, 1 
25961, 1, 1 
6043, 1, 1 
6419, 1, 1 
50847, 1, 1 
31784, 1, 1 
50561, 1, 1 
6328, 1, 1 
24624, 1, 1 
44988, 1, 1 
12362, 1, 1 
39684, 1, 1 
33936, 1, 1 
6413, 1, 1 
11677, 1, 1 
25600, 1, 1 
59912, 1, 1 
38840, 1, 1 
41335, 2, 2 
52812, 2, 2 
50901, 2, 2 
54025, 2, 2 
30726, 2, 2 
42142, 2, 2 
19391, 2, 2 
46974, 2, 2 
5545, 2, 2 
7484, 2, 2 
55629, 2, 2 
5162, 2, 2 
55220, 2, 2 
16794, 2, 2 
12311, 2, 2 
43314, 2, 2 
32751, 2, 2 
19680, 2, 2 
10699, 2, 2 
54271, 2, 2 
37418, 2, 2 
52782, 2, 2 
45498, 2, 2 
46710, 2, 2 
29496, 2, 2 
8598, 2, 2 
21727, 2, 2 
4706, 2, 2 
57442, 2, 2 
30054, 2, 2 
28218, 2, 2 
42918, 2, 2 
20055, 2, 2 
57496, 2, 2 
39688, 2, 2 
22353, 2, 2 
34479, 2, 2 
30487, 2, 2 
34833, 2, 2 
29267, 2, 2 
54075, 2, 2 
28140, 2, 2 
55157, 2, 2 
25672, 2, 2 
20289, 2, 2 
41878, 2, 2 
20831, 2, 2 
16958, 2, 2 
38547, 2, 2 
40096, 2, 2 
52975, 2, 2 
53138, 2, 2 
7787, 2, 2 
50368, 2, 2 
22994, 2, 2 
32508, 2, 2 
31709, 2, 2 
2908, 2, 2 
4096, 2, 2 
9318, 2, 2 
41985, 2, 2 
32634, 2, 2 
1572, 2, 2 
35489, 2, 2 
12587, 2, 2 
52251, 2, 2 
45584, 2, 2 
26031, 2, 2 
36401, 2, 2 
35112, 2, 2 
38108, 2, 2 
23525, 2, 2 
27600, 2, 2 
33897, 2, 2 
19587, 2, 2 
8211, 2, 2 
18662, 2, 2 
13148, 2, 2 
52142, 2, 2 
24321, 2, 2 
10347, 2, 2 
21857, 2, 2 
4428, 2, 2 
35685, 2, 2 
8097, 2, 2 
49340, 2, 2 
9853, 2, 2 
22661, 2, 2 
44374, 2, 2 
58896, 2, 2 
43040, 2, 2 
30810, 2, 2 
43996, 2, 2 
5094, 2, 2 
2205, 2, 2 
46219, 2, 2 
1262, 2, 2 
13310, 2, 2 
56498, 2, 2 
30443, 2, 2 
19688, 2, 2 
43689, 2, 2 
57377, 2, 2 
59222, 2, 2 
59913, 2, 2 
6948, 2, 2 
30336, 2, 2 
7014, 2, 2 
53878, 2, 2 
4851, 2, 2 
51443, 2, 2 
52456, 2, 2 
20257, 2, 2 
6138, 2, 2 
46082, 2, 2 
32525, 2, 2 
15440, 2, 2 
34405, 2, 2 
4999, 2, 2 
24206, 2, 2 
22554, 2, 2 
58910, 2, 2 
44639, 2, 2 
40155, 2, 2 
252, 2, 2 
931, 2, 2 
59742, 2, 2 
26237, 2, 2 
35445, 2, 2 
30027, 2, 2 
35453, 2, 2 
47652, 2, 2 
57992, 2, 2 
27385, 2, 2 
25526, 2, 2 
41260, 2, 2 
54924, 2, 2 
52169, 2, 2 
12370, 2, 2 
57342, 2, 2 
59607, 2, 2 
43850, 2, 2 
42092, 2, 2 
7257, 2, 2 
36680, 2, 2 
10194, 2, 2 
52016, 2, 2 
28744, 2, 2 
4541, 2, 2 
26326, 2, 2 
41541, 2, 2 
52453, 2, 2 
37486, 2, 2 
13022, 2, 2 
9186, 2, 2 
17434, 2, 2 
34157, 2, 2 
18017, 2, 2 
53284, 2, 2 
11394, 2, 2 
35076, 2, 2 
10072, 2, 2 
59875, 2, 2 
39545, 2, 2 
22922, 2, 2 
51787, 2, 2 
14273, 2, 2 
59896, 2, 2 
19028, 2, 2 
10583, 2, 2 
19373, 2, 2 
7370, 2, 2 
4427, 2, 2 
7960, 2, 2 
46997, 2, 2 
6805, 2, 2 
37386, 2, 2 
36039, 2, 2 
40597, 2, 2 
21436, 2, 2 
40936, 2, 2 
53089, 2, 2 
28278, 2, 2 
19087, 2, 2 
53245, 2, 2 
24632, 2, 2 
19423, 2, 2 
46163, 2, 2 
27458, 2, 2 
33591, 2, 2 
40160, 2, 2 
39256, 2, 2 
50875, 2, 2 
23319, 2, 2 
55857, 2, 2 
55678, 2, 2 
5624, 2, 2 
52413, 2, 2 
15475, 2, 2 
253, 2, 2 
30740, 3, 3 
57897, 3, 3 
19601, 3, 3 
19348, 3, 3 
18612, 3, 3 
18059, 3, 3 
56927, 3, 3 
14026, 3, 3 
39108, 3, 3 
26783, 3, 3 
31431, 3, 3 
7396, 3, 3 
39705, 3, 3 
59137, 3, 3 
37166, 3, 3 
51617, 3, 3 
27518, 3, 3 
48031, 3, 3 
32091, 3, 3 
37443, 3, 3 
2671, 3, 3 
59299, 3, 3 
5184, 3, 3 
24299, 3, 3 
19368, 3, 3 
32275, 3, 3 
43962, 3, 3 
32314, 3, 3 
24042, 3, 3 
24899, 3, 3 
28499, 3, 3 
50286, 3, 3 
16811, 3, 3 
39721, 3, 3 
9664, 3, 3 
47207, 3, 3 
21622, 3, 3 
14552, 3, 3 
53223, 3, 3 
23046, 3, 3 
40202, 3, 3 
31452, 3, 3 
56761, 3, 3 
30354, 3, 3 
50374, 3, 3 
13218, 3, 3 
10606, 3, 3 
13983, 3, 3 
24560, 3, 3 
55665, 3, 3 
47749, 3, 3 
43466, 3, 3 
11788, 3, 3 
3844, 3, 3 
30256, 3, 3 
38495, 3, 3 
9078, 3, 3 
5919, 3, 3 
54930, 3, 3 
2286, 3, 3 
34143, 3, 3 
49670, 3, 3 
53875, 3, 3 
6298, 3, 3 
4342, 3, 3 
52446, 3, 3 
43783, 3, 3 
28171, 3, 3 
5001, 3, 3 
28031, 3, 3 
45312, 3, 3 
3655, 3, 3 
53376, 3, 3 
47192, 3, 3 
35401, 3, 3 
15968, 3, 3 
11002, 3, 3 
12814, 3, 3 
57312, 3, 3 
4094, 3, 3 
21415, 3, 3 
19445, 3, 3 
13931, 3, 3 
36855, 3, 3 
12625, 3, 3 
509, 3, 3 
47655, 3, 3 
32984, 3, 3 
39704, 3, 3 
7987, 3, 3 
53084, 3, 3 
44567, 3, 3 
20426, 3, 3 
46600, 3, 3 
57781, 3, 3 
32505, 3, 3 
40914, 3, 3 
37035, 3, 3 
35366, 3, 3 
31157, 3, 3 
42073, 3, 3 
4742, 3, 3 
18079, 3, 3 
57472, 3, 3 
36180, 3, 3 
15080, 3, 3 
27078, 3, 3 
41411, 3, 3 
42257, 3, 3 
52379, 3, 3 
49318, 3, 3 
43224, 3, 3 
34547, 3, 3 
42441, 3, 3 
4073, 3, 3 
59490, 3, 3 
13615, 3, 3 
19347, 3, 3 
31936, 3, 3 
17629, 3, 3 
54530, 3, 3 
19413, 3, 3 
23373, 3, 3 
30540, 3, 3 
12783, 3, 3 
58678, 3, 3 
4369, 3, 3 
10520, 3, 3 
40789, 3, 3 
39933, 3, 3 
32964, 3, 3 
32234, 3, 3 
6362, 3, 3 
40532, 3, 3 
25630, 3, 3 
5455, 3, 3 
46563, 3, 3 
3051, 3, 3 
7600, 3, 3 
8077, 3, 3 
34026, 3, 3 
9424, 3, 3 
47795, 3, 3 
35949, 3, 3 
2275, 3, 3 
5616, 3, 3 
55845, 3, 3 
1533, 3, 3 
31136, 3, 3 
51237, 3, 3 
56383, 3, 3 
52027, 3, 3 
32931, 3, 3 
3462, 3, 3 
6420, 3, 3 
17588, 3, 3 
20942, 3, 3 
51701, 3, 3 
43775, 3, 3 
54772, 3, 3 
28571, 3, 3 
37017, 3, 3 
37134, 3, 3 
30489, 3, 3 
51798, 3, 3 
27570, 3, 3 
35271, 3, 3 
25040, 3, 3 
5649, 3, 3 
37691, 3, 3 
19280, 3, 3 
46306, 3, 3 
38989, 3, 3 
45862, 3, 3 
20626, 3, 3 
15889, 3, 3 
21306, 3, 3 
49946, 3, 3 
23860, 3, 3 
18770, 3, 3 
6415, 3, 3 
14789, 3, 3 
29366, 3, 3 
3320, 3, 3 
49589, 3, 3 
46971, 3, 3 
22668, 3, 3 
30895, 3, 3 
46899, 3, 3 
41507, 3, 3 
25689, 3, 3 
39595, 3, 3 
47461, 3, 3 
34828, 3, 3 
47651, 3, 3 
24066, 3, 3 
21570, 3, 3 
22569, 3, 3 
23879, 3, 3 
31274, 3, 3 
8207, 4, 4 
15521, 4, 4 
12711, 4, 4 
26567, 4, 4 
34379, 4, 4 
20835, 4, 4 
57934, 4, 4 
41511, 4, 4 
24039, 4, 4 
57443, 4, 4 
30506, 4, 4 
39867, 4, 4 
16593, 4, 4 
31598, 4, 4 
47961, 4, 4 
14683, 4, 4 
30039, 4, 4 
38188, 4, 4 
8887, 4, 4 
4939, 4, 4 
24169, 4, 4 
57861, 4, 4 
36634, 4, 4 
37239, 4, 4 
34281, 4, 4 
14036, 4, 4 
43604, 4, 4 
5101, 4, 4 
17238, 4, 4 
26111, 4, 4 
5324, 4, 4 
6312, 4, 4 
45685, 4, 4 
37104, 4, 4 
26000, 4, 4 
46357, 4, 4 
41977, 4, 4 
9391, 4, 4 
33064, 4, 4 
25050, 4, 4 
33671, 4, 4 
8415, 4, 4 
55280, 4, 4 
30005, 4, 4 
20059, 4, 4 
10888, 4, 4 
8925, 4, 4 
23208, 4, 4 
28767, 4, 4 
57950, 4, 4 
55073, 4, 4 
24506, 4, 4 
54197, 4, 4 
6669, 4, 4 
12948, 4, 4 
30736, 4, 4 
25170, 4, 4 
13008, 4, 4 
13653, 4, 4 
42816, 4, 4 
35748, 4, 4 
36733, 4, 4 
848, 4, 4 
9920, 4, 4 
55385, 4, 4 
19882, 4, 4 
35078, 4, 4 
24767, 4, 4 
22253, 4, 4 
38021, 4, 4 
48015, 4, 4 
34424, 4, 4 
1967, 4, 4 
22771, 4, 4 
46498, 4, 4 
36131, 4, 4 
50517, 4, 4 
12121, 4, 4 
22138, 4, 4 
14620, 4, 4 
57940, 4, 4 
25956, 4, 4 
43688, 4, 4 
53052, 4, 4 
11585, 4, 4 
4613, 4, 4 
2420, 4, 4 
35141, 4, 4 
12763, 4, 4 
18455, 4, 4 
36053, 4, 4 
59227, 4, 4 
40990, 4, 4 
54447, 4, 4 
13367, 4, 4 
18145, 4, 4 
33853, 4, 4 
55004, 4, 4 
23274, 4, 4 
13968, 4, 4 
45788, 4, 4 
20950, 4, 4 
21096, 4, 4 
4498, 4, 4 
2032, 4, 4 
2773, 4, 4 
12786, 4, 4 
19923, 4, 4 
8869, 4, 4 
21417, 4, 4 
4336, 4, 4 
35234, 4, 4 
19017, 4, 4 
7725, 4, 4 
2596, 4, 4 
2724, 4, 4 
804, 4, 4 
8539, 4, 4 
18823, 4, 4 
41724, 4, 4 
36151, 4, 4 
25292, 4, 4 
24327, 4, 4 
34290, 4, 4 
24120, 4, 4 
50164, 4, 4 
50531, 4, 4 
2441, 4, 4 
6351, 4, 4 
20337, 4, 4 
1508, 4, 4 
37687, 4, 4 
56452, 4, 4 
18807, 4, 4 
15551, 4, 4 
33204, 4, 4 
2800, 4, 4 
52572, 4, 4 
40238, 4, 4 
6049, 4, 4 
52919, 4, 4 
7036, 4, 4 
16037, 4, 4 
35771, 4, 4 
54628, 4, 4 
12779, 4, 4 
9993, 4, 4 
6454, 4, 4 
22905, 4, 4 
25218, 4, 4 
54130, 4, 4 
10571, 4, 4 
7285, 4, 4 
44291, 4, 4 
43600, 4, 4 
32556, 4, 4 
12028, 4, 4 
33726, 4, 4 
33306, 4, 4 
49753, 4, 4 
28493, 4, 4 
57687, 4, 4 
14207, 4, 4 
53452, 4, 4 
32498, 4, 4 
19418, 4, 4 
29542, 4, 4 
22012, 4, 4 
35686, 4, 4 
6794, 4, 4 
59020, 4, 4 
2204, 4, 4 
8706, 4, 4 
12581, 4, 4 
26365, 4, 4 
19561, 4, 4 
8943, 4, 4 
37731, 4, 4 
56642, 4, 4 
40970, 4, 4 
47299, 4, 4 
29884, 4, 4 
43612, 4, 4 
29929, 4, 4 
12867, 4, 4 
14415, 4, 4 
46766, 4, 4 
13861, 4, 4 
17573, 4, 4 
51423, 4, 4 
6596, 4, 4 
45821, 4, 4 
31029, 4, 4 
37492, 4, 4 
47627, 4, 4 
2819, 4, 4 
58843, 4, 4 
56743, 4, 4 
15218, 4, 4 
22694, 4, 4 
48814, 5, 5 
49785, 5, 5 
56748, 5, 5 
2946, 5, 5 
29890, 5, 5 
899, 5, 5 
8119, 5, 5 
41737, 5, 5 
40993, 5, 5 
25391, 5, 5 
37379, 5, 5 
53316, 5, 5 
45933, 5, 5 
58753, 5, 5 
50420, 5, 5 
26368, 5, 5 
26793, 5, 5 
12574, 5, 5 
2120, 5, 5 
47858, 5, 5 
59193, 5, 5 
912, 5, 5 
54470, 5, 5 
41321, 5, 5 
23923, 5, 5 
49995, 5, 5 
544, 5, 5 
57383, 5, 5 
15538, 5, 5 
15378, 5, 5 
25023, 5, 5 
44830, 5, 5 
37929, 5, 5 
21139, 5, 5 
51494, 5, 5 
5599, 5, 5 
34557, 5, 5 
31519, 5, 5 
12519, 5, 5 
18197, 5, 5 
49140, 5, 5 
48348, 5, 5 
25468, 5, 5 
26700, 5, 5 
31650, 5, 5 
45616, 5, 5 
22979, 5, 5 
47256, 5, 5 
17201, 5, 5 
32600, 5, 5 
31682, 5, 5 
15892, 5, 5 
9138, 5, 5 
18313, 5, 5 
16586, 5, 5 
10015, 5, 5 
13360, 5, 5 
32585, 5, 5 
43867, 5, 5 
44381, 5, 5 
22382, 5, 5 
12488, 5, 5 
27314, 5, 5 
47629, 5, 5 
23158, 5, 5 
53802, 5, 5 
35172, 5, 5 
31772, 5, 5 
47940, 5, 5 
28617, 5, 5 
55905, 5, 5 
46996, 5, 5 
23676, 5, 5 
22089, 5, 5 
56113, 5, 5 
46813, 5, 5 
49253, 5, 5 
2461, 5, 5 
19422, 5, 5 
57821, 5, 5 
43289, 5, 5 
24683, 5, 5 
57511, 5, 5 
6655, 5, 5 
29912, 5, 5 
11324, 5, 5 
24666, 5, 5 
9084, 5, 5 
28261, 5, 5 
12800, 5, 5 
40736, 5, 5 
35390, 5, 5 
44564, 5, 5 
58632, 5, 5 
58085, 5, 5 
16310, 5, 5 
36888, 5, 5 
554, 5, 5 
21671, 5, 5 
54045, 5, 5 
30405, 5, 5 
50904, 5, 5 
27340, 5, 5 
14659, 5, 5 
55775, 5, 5 
11396, 5, 5 
26842, 5, 5 
28345, 5, 5 
43560, 5, 5 
7907, 5, 5 
5303, 5, 5 
42753, 5, 5 
45018, 5, 5 
36454, 5, 5 
33044, 5, 5 
2622, 5, 5 
22907, 5, 5 
13747, 5, 5 
21484, 5, 5 
21588, 5, 5 
50779, 5, 5 
20017, 5, 5 
43603, 5, 5 
42626, 5, 5 
37548, 5, 5 
53201, 5, 5 
21338, 5, 5 
43882, 5, 5 
59022, 5, 5 
33053, 5, 5 
56202, 5, 5 
39689, 5, 5 
13305, 5, 5 
23912, 5, 5 
21530, 5, 5 
56765, 5, 5 
31344, 5, 5 
5109, 5, 5 
29384, 5, 5 
34309, 5, 5 
30042, 5, 5 
54131, 5, 5 
21034, 5, 5 
8128, 5, 5 
52739, 5, 5 
52608, 5, 5 
10822, 5, 5 
36690, 5, 5 
29539, 5, 5 
35029, 5, 5 
18481, 5, 5 
32217, 5, 5 
33448, 5, 5 
49503, 5, 5 
37180, 5, 5 
55643, 5, 5 
4327, 5, 5 
48838, 5, 5 
6988, 5, 5 
53410, 5, 5 
38019, 5, 5 
8909, 5, 5 
54902, 5, 5 
32943, 5, 5 
4573, 5, 5 
27049, 5, 5 
32323, 5, 5 
31346, 5, 5 
27421, 5, 5 
47284, 5, 5 
55223, 5, 5 
58477, 5, 5 
7480, 5, 5 
48134, 5, 5 
46312, 5, 5 
29705, 5, 5 
19590, 5, 5 
43262, 5, 5 
31473, 5, 5 
11492, 5, 5 
3416, 5, 5 
51461, 5, 5 
39460, 5, 5 
40253, 5, 5 
41049, 5, 5 
26236, 5, 5 
9163, 5, 5 
18237, 5, 5 
33288, 5, 5 
9387, 5, 5 
25654, 5, 5 
44858, 5, 5 
7270, 5, 5 
43936, 5, 5 
50223, 5, 5 
22156, 5, 5 
20093, 5, 5 
24217, 5, 5 
437, 5, 5 
12083, 5, 5 
35424, 6, 6 
19993, 6, 6 
37142, 6, 6 
4533, 6, 6 
48219, 6, 6 
25593, 6, 6 
56830, 6, 6 
21844, 6, 6 
46170, 6, 6 
16821, 6, 6 
28805, 6, 6 
7847, 6, 6 
37859, 6, 6 
36890, 6, 6 
36527, 6, 6 
11363, 6, 6 
26180, 6, 6 
15419, 6, 6 
9201, 6, 6 
19208, 6, 6 
32402, 6, 6 
36176, 6, 6 
46538, 6, 6 
59453, 6, 6 
7015, 6, 6 
25368, 6, 6 
29454, 6, 6 
16616, 6, 6 
55738, 6, 6 
49761, 6, 6 
33689, 6, 6 
592, 6, 6 
52897, 6, 6 
25680, 6, 6 
47045, 6, 6 
36980, 6, 6 
5810, 6, 6 
16436, 6, 6 
20137, 6, 6 
14136, 6, 6 
36910, 6, 6 
41201, 6, 6 
53717, 6, 6 
19723, 6, 6 
9917, 6, 6 
28440, 6, 6 
43462, 6, 6 
28177, 6, 6 
41793, 6, 6 
42591, 6, 6 
34741, 6, 6 
37033, 6, 6 
54255, 6, 6 
5329, 6, 6 
43839, 6, 6 
30968, 6, 6 
43720, 6, 6 
53993, 6, 6 
4232, 6, 6 
11769, 6, 6 
2637, 6, 6 
55515, 6, 6 
8420, 6, 6 
36444, 6, 6 
34284, 6, 6 
37345, 6, 6 
29997, 6, 6 
1642, 6, 6 
33073, 6, 6 
15220, 6, 6 
21900, 6, 6 
51370, 6, 6 
25646, 6, 6 
6486, 6, 6 
56736, 6, 6 
58554, 6, 6 
31175, 6, 6 
34535, 6, 6 
15114, 6, 6 
31654, 6, 6 
59206, 6, 6 
34336, 6, 6 
30142, 6, 6 
14147, 6, 6 
50303, 6, 6 
21801, 6, 6 
49965, 6, 6 
25076, 6, 6 
33794, 6, 6 
46825, 6, 6 
41346, 6, 6 
1520, 6, 6 
59693, 6, 6 
52544, 6, 6 
7503, 6, 6 
54885, 6, 6 
2723, 6, 6 
27046, 6, 6 
11140, 6, 6 
52441, 6, 6 
32572, 6, 6 
20931, 6, 6 
39320, 6, 6 
15320, 6, 6 
18312, 6, 6 
33154, 6, 6 
1100, 6, 6 
33901, 6, 6 
6562, 6, 6 
3109, 6, 6 
39440, 6, 6 
32050, 6, 6 
33272, 6, 6 
19986, 6, 6 
6194, 6, 6 
58766, 6, 6 
24871, 6, 6 
13349, 6, 6 
51607, 6, 6 
18771, 6, 6 
7880, 6, 6 
3736, 6, 6 
44358, 6, 6 
54298, 6, 6 
55703, 6, 6 
35385, 6, 6 
59583, 6, 6 
43752, 6, 6 
49178, 6, 6 
11905, 6, 6 
15634, 6, 6 
431, 6, 6 
16207, 6, 6 
17933, 6, 6 
13306, 6, 6 
48430, 6, 6 
52062, 6, 6 
19848, 6, 6 
12509, 6, 6 
27624, 6, 6 
40514, 6, 6 
28659, 6, 6 
56148, 6, 6 
45090, 6, 6 
50595, 6, 6 
12902, 6, 6 
26181, 6, 6 
14405, 6, 6 
49328, 6, 6 
9016, 6, 6 
23924, 6, 6 
47980, 6, 6 
44925, 6, 6 
31588, 6, 6 
44666, 6, 6 
2777, 6, 6 
27483, 6, 6 
55112, 6, 6 
49305, 6, 6 
8860, 6, 6 
27204, 6, 6 
41703, 6, 6 
14952, 6, 6 
50888, 6, 6 
46536, 6, 6 
55016, 6, 6 
12518, 6, 6 
33960, 6, 6 
27702, 6, 6 
11218, 6, 6 
10383, 6, 6 
53798, 6, 6 
44952, 6, 6 
8898, 6, 6 
2910, 6, 6 
28943, 6, 6 
39313, 6, 6 
9281, 6, 6 
33040, 6, 6 
51497, 6, 6 
53677, 6, 6 
44909, 6, 6 
30152, 6, 6 
31437, 6, 6 
22215, 6, 6 
2533, 6, 6 
37998, 6, 6 
56916, 6, 6 
45514, 6, 6 
16590, 6, 6 
18704, 6, 6 
44801, 6, 6 
51115, 6, 6 
41676, 6, 6 
16782, 6, 6 
23179, 6, 6 
18788, 6, 6 
40137, 6, 6 
26386, 6, 6 
21763, 6, 6 
51500, 7, 7 
50878, 7, 7 
1848, 7, 7 
33315, 7, 7 
18502, 7, 7 
35919, 7, 7 
49818, 7, 7 
18819, 7, 7 
2238, 7, 7 
8256, 7, 7 
45382, 7, 7 
5283, 7, 7 
32551, 7, 7 
27862, 7, 7 
38502, 7, 7 
19283, 7, 7 
11831, 7, 7 
723, 7, 7 
644, 7, 7 
28642, 7, 7 
44297, 7, 7 
7906, 7, 7 
34487, 7, 7 
14114, 7, 7 
21258, 7, 7 
39316, 7, 7 
30109, 7, 7 
22870, 7, 7 
41762, 7, 7 
16852, 7, 7 
15818, 7, 7 
32924, 7, 7 
19534, 7, 7 
35474, 7, 7 
1639, 7, 7 
10231, 7, 7 
56694, 7, 7 
39082, 7, 7 
47727, 7, 7 
14777, 7, 7 
25115, 7, 7 
32849, 7, 7 
21732, 7, 7 
54555, 7, 7 
5650, 7, 7 
52670, 7, 7 
39477, 7, 7 
20398, 7, 7 
15213, 7, 7 
52588, 7, 7 
1746, 7, 7 
3079, 7, 7 
35637, 7, 7 
29184, 7, 7 
13064, 7, 7 
43168, 7, 7 
9467, 7, 7 
41650, 7, 7 
46874, 7, 7 
25161, 7, 7 
33062, 7, 7 
46119, 7, 7 
6053, 7, 7 
59611, 7, 7 
8170, 7, 7 
29238, 7, 7 
45530, 7, 7 
58517, 7, 7 
1057, 7, 7 
33170, 7, 7 
43528, 7, 7 
21758, 7, 7 
47067, 7, 7 
45652, 7, 7 
54669, 7, 7 
43719, 7, 7 
26882, 7, 7 
45807, 7, 7 
1075, 7, 7 
20260, 7, 7 
820, 7, 7 
33796, 7, 7 
35372, 7, 7 
2658, 7, 7 
43483, 7, 7 
56850, 7, 7 
14802, 7, 7 
56109, 7, 7 
49958, 7, 7 
24443, 7, 7 
54435, 7, 7 
56640, 7, 7 
52680, 7, 7 
40387, 7, 7 
10086, 7, 7 
6715, 7, 7 
37762, 7, 7 
11763, 7, 7 
28880, 7, 7 
14460, 7, 7 
19592, 7, 7 
33304, 7, 7 
56037, 7, 7 
27265, 7, 7 
45392, 7, 7 
25639, 7, 7 
48298, 7, 7 
49540, 7, 7 
2754, 7, 7 
6510, 7, 7 
44538, 7, 7 
43860, 7, 7 
819, 7, 7 
40232, 7, 7 
1381, 7, 7 
43470, 7, 7 
51914, 7, 7 
8280, 7, 7 
16548, 7, 7 
37898, 7, 7 
49736, 7, 7 
25444, 7, 7 
15490, 7, 7 
11080, 7, 7 
1523, 7, 7 
35790, 7, 7 
11399, 7, 7 
29855, 7, 7 
58214, 7, 7 
51650, 7, 7 
54022, 7, 7 
17007, 7, 7 
55885, 7, 7 
48651, 7, 7 
46671, 7, 7 
39089, 7, 7 
40451, 7, 7 
45361, 7, 7 
33104, 7, 7 
25716, 7, 7 
44170, 7, 7 
16319, 7, 7 
43796, 7, 7 
56521, 7, 7 
45533, 7, 7 
14573, 7, 7 
42573, 7, 7 
6381, 7, 7 
22094, 7, 7 
52436, 7, 7 
44818, 7, 7 
13042, 7, 7 
37775, 7, 7 
10487, 7, 7 
49472, 7, 7 
31319, 7, 7 
39047, 7, 7 
55270, 7, 7 
6046, 7, 7 
31391, 7, 7 
31362, 7, 7 
14505, 7, 7 
23402, 7, 7 
55374, 7, 7 
29103, 7, 7 
10408, 7, 7 
52937, 7, 7 
31101, 7, 7 
23760, 7, 7 
56274, 7, 7 
57549, 7, 7 
24816, 7, 7 
17735, 7, 7 
52217, 7, 7 
13555, 7, 7 
936, 7, 7 
33885, 7, 7 
43555, 7, 7 
54760, 7, 7 
49053, 7, 7 
41062, 7, 7 
30998, 7, 7 
27054, 7, 7 
35834, 7, 7 
17380, 7, 7 
13123, 7, 7 
21063, 7, 7 
27151, 7, 7 
5855, 7, 7 
9143, 7, 7 
25792, 7, 7 
50783, 7, 7 
23507, 7, 7 
39659, 7, 7 
96, 7, 7 
41325, 7, 7 
13169, 7, 7 
46541, 7, 7 
1491, 7, 7 
37389, 7, 7 
31569, 8, 8 
42364, 8, 8 
51208, 8, 8 
51488, 8, 8 
59265, 8, 8 
43731, 8, 8 
2482, 8, 8 
34863, 8, 8 
19350, 8, 8 
24359, 8, 8 
6801, 8, 8 
28581, 8, 8 
45110, 8, 8 
54870, 8, 8 
20725, 8, 8 
52783, 8, 8 
16277, 8, 8 
758, 8, 8 
43515, 8, 8 
8694, 8, 8 
39599, 8, 8 
16972, 8, 8 
56315, 8, 8 
29780, 8, 8 
25879, 8, 8 
57616, 8, 8 
19067, 8, 8 
3153, 8, 8 
44789, 8, 8 
20690, 8, 8 
30397, 8, 8 
12032, 8, 8 
13422, 8, 8 
12513, 8, 8 
53756, 8, 8 
23190, 8, 8 
35365, 8, 8 
2068, 8, 8 
2699, 8, 8 
43091, 8, 8 
28206, 8, 8 
15919, 8, 8 
21578, 8, 8 
20618, 8, 8 
5633, 8, 8 
52536, 8, 8 
55436, 8, 8 
11398, 8, 8 
34225, 8, 8 
16416, 8, 8 
41679, 8, 8 
32061, 8, 8 
45679, 8, 8 
26100, 8, 8 
694, 8, 8 
2610, 8, 8 
27650, 8, 8 
23048, 8, 8 
26115, 8, 8 
6203, 8, 8 
42299, 8, 8 
59403, 8, 8 
21694, 8, 8 
40697, 8, 8 
17681, 8, 8 
14908, 8, 8 
35460, 8, 8 
41416, 8, 8 
55578, 8, 8 
20580, 8, 8 
16750, 8, 8 
38267, 8, 8 
59663, 8, 8 
10197, 8, 8 
6905, 8, 8 
59751, 8, 8 
41203, 8, 8 
1776, 8, 8 
559, 8, 8 
15502, 8, 8 
34921, 8, 8 
4148, 8, 8 
43042, 8, 8 
31600, 8, 8 
59967, 8, 8 
13365, 8, 8 
39291, 8, 8 
41611, 8, 8 
9537, 8, 8 
27947, 8, 8 
40777, 8, 8 
39450, 8, 8 
7638, 8, 8 
46817, 8, 8 
38065, 8, 8 
54920, 8, 8 
53312, 8, 8 
8306, 8, 8 
19194, 8, 8 
58849, 8, 8 
14831, 8, 8 
53806, 8, 8 
51645, 8, 8 
38387, 8, 8 
5369, 8, 8 
11478, 8, 8 
8686, 8, 8 
42226, 8, 8 
36785, 8, 8 
57411, 8, 8 
7136, 8, 8 
14733, 8, 8 
12609, 8, 8 
33273, 8, 8 
45956, 8, 8 
11602, 8, 8 
4580, 8, 8 
6477, 8, 8 
55772, 8, 8 
22438, 8, 8 
32805, 8, 8 
15467, 8, 8 
3601, 8, 8 
16624, 8, 8 
54308, 8, 8 
10281, 8, 8 
23865, 8, 8 
499, 8, 8 
26935, 8, 8 
54280, 8, 8 
34540, 8, 8 
197, 8, 8 
48494, 8, 8 
35339, 8, 8 
13639, 8, 8 
13079, 8, 8 
14474, 8, 8 
17290, 8, 8 
50651, 8, 8 
56505, 8, 8 
47116, 8, 8 
6512, 8, 8 
42107, 8, 8 
14013, 8, 8 
24686, 8, 8 
14385, 8, 8 
26996, 8, 8 
35591, 8, 8 
39350, 8, 8 
23458, 8, 8 
59399, 8, 8 
38251, 8, 8 
17545, 8, 8 
50871, 8, 8 
15724, 8, 8 
47122, 8, 8 
38014, 8, 8 
31474, 8, 8 
30994, 8, 8 
45106, 8, 8 
12586, 8, 8 
53099, 8, 8 
15115, 8, 8 
23436, 8, 8 
38870, 8, 8 
47656, 8, 8 
34779, 8, 8 
30450, 8, 8 
24123, 8, 8 
20607, 8, 8 
36745, 8, 8 
38142, 8, 8 
9661, 8, 8 
49165, 8, 8 
56070, 8, 8 
9900, 8, 8 
12112, 8, 8 
37198, 8, 8 
26557, 8, 8 
40503, 8, 8 
10551, 8, 8 
5296, 8, 8 
44122, 8, 8 
51143, 8, 8 
15757, 8, 8 
54047, 8, 8 
27048, 8, 8 
17291, 8, 8 
19665, 8, 8 
9057, 8, 8 
3555, 8, 8 
53952, 8, 8 
16230, 8, 8 
50015, 8, 8 
51431, 8, 8 
25429, 8, 8 
52496, 8, 8 
10057, 8, 8 
34669, 8, 8 
36008, 8, 8 
30636, 9, 9 
33174, 9, 9 
1643, 9, 9 
11897, 9, 9 
55265, 9, 9 
34797, 9, 9 
11423, 9, 7 
15162, 9, 9 
13439, 9, 9 
20445, 9, 9 
43660, 9, 9 
34715, 9, 9 
43499, 9, 9 
25224, 9, 9 
1659, 9, 9 
49039, 9, 9 
24911, 9, 9 
41783, 9, 9 
44776, 9, 9 
28530, 9, 9 
29802, 9, 9 
38369, 9, 9 
58484, 9, 9 
14497, 9, 9 
33653, 9, 9 
32368, 9, 9 
51531, 9, 9 
19254, 9, 9 
24566, 9, 9 
7538, 9, 9 
18859, 9, 9 
37283, 9, 9 
38647, 9, 9 
28838, 9, 9 
24891, 9, 9 
57880, 9, 9 
57670, 9, 9 
18722, 9, 9 
45163, 9, 9 
4975, 9, 9 
31744, 9, 9 
55835, 9, 9 
58422, 9, 9 
42696, 9, 9 
30085, 9, 9 
44769, 9, 9 
974, 9, 9 
25083, 9, 9 
4098, 9, 9 
18959, 9, 9 
12406, 9, 9 
43237, 9, 9 
24821, 9, 9 
54944, 9, 9 
35455, 9, 9 
34195, 9, 9 
37877, 9, 9 
23673, 9, 9 
595, 9, 9 
8547, 9, 9 
15131, 9, 9 
5964, 9, 9 
18377, 9, 9 
13437, 9, 9 
35194, 9, 9 
53530, 9, 9 
27993, 9, 9 
46885, 9, 9 
36991, 9, 9 
5224, 9, 9 
35084, 9, 9 
26336, 9, 9 
18668, 9, 9 
59532, 9, 9 
50020, 9, 9 
34517, 9, 9 
12417, 9, 9 
44926, 9, 9 
20901, 9, 9 
24153, 9, 9 
54389, 9, 9 
56883, 9, 9 
50248, 9, 9 
3653, 9, 9 
3510, 9, 9 
8802, 9, 9 
31693, 9, 9 
22610, 9, 9 
2795, 9, 9 
23057, 9, 9 
51595, 9, 9 
9889, 9, 9 
36863, 9, 9 
14787, 9, 9 
16185, 9, 9 
55473, 9, 9 
15498, 9, 9 
48057, 9, 9 
42457, 9, 9 
14547, 9, 9 
54166, 9, 9 
23738, 9, 9 
42643, 9, 9 
7264, 9, 9 
54647, 9, 9 
30360, 9, 9 
33144, 9, 9 
2763, 9, 9 
52180, 9, 9 
49710, 9, 9 
29743, 9, 9 
5607, 9, 9 
14127, 9, 9 
42173, 9, 9 
58577, 9, 9 
30712, 9, 9 
59917, 9, 9 
52148, 9, 9 
930, 9, 9 
11938, 9, 9 
48171, 9, 9 
24817, 9, 9 
18928, 9, 9 
29195, 9, 9 
59942, 9, 9 
40270, 9, 9 
14647, 9, 9 
14726, 9, 9 
47712, 9, 9 
15049, 9, 9 
42512, 9, 9 
10621, 9, 9 
31888, 9, 9 
53142, 9, 9 
4306, 9, 9 
29778, 9, 9 
49983, 9, 9 
6345, 9, 9 
39598, 9, 9 
12496, 9, 9 
26815, 9, 9 
38344, 9, 9 
58059, 9, 9 
11196, 9, 9 
27344, 9, 9 
5165, 9, 9 
13358, 9, 9 
2697, 9, 9 
42482, 9, 9 
16360, 9, 9 
28288, 9, 9 
7755, 9, 9 
34569, 9, 9 
36261, 9, 9 
43343, 9, 9 
28754, 9, 9 
31426, 9, 9 
18027, 9, 9 
9311, 9, 9 
33483, 9, 9 
12342, 9, 9 
20086, 9, 9 
48603, 9, 9 
31876, 9, 9 
45892, 9, 9 
38880, 9, 9 
22086, 9, 9 
20126, 9, 9 
19715, 9, 9 
52060, 9, 9 
20546, 9, 9 
26361, 9, 9 
48980, 9, 9 
59969, 9, 9 
3912, 9, 9 
5806, 9, 9 
30184, 9, 9 
37333, 9, 9 
23365, 9, 9 
11628, 9, 9 
35070, 9, 9 
44071, 9, 9 
11252, 9, 9 
7702, 9, 9 
31923, 9, 9 
13897, 9, 9 
9128, 9, 9 
27873, 9, 9 
54261, 9, 9 
11775, 9, 9 
38293, 9, 9 
39974, 9, 9 
5645, 9, 9 
8316, 9, 9 
39418, 9, 9 
45308, 9, 9 
49653, 9, 9 
32910, 9, 9 
33859, 9, 9 
5017, 9, 9 
