id, true label, predicted label 
34283, 0, 0 
55297, 0, 0 
45303, 0, 0 
42100, 0, 0 
4245, 0, 0 
7062, 0, 0 
45083, 0, 0 
10276, 0, 0 
44675, 0, 0 
26508, 0, 0 
7566, 0, 0 
45721, 0, 0 
21736, 0, 0 
19581, 0, 0 
31112, 0, 0 
58694, 0, 0 
54808, 0, 0 
58229, 0, 0 
17838, 0, 0 
11391, 0, 0 
45997, 0, 0 
25181, 0, 0 
14282, 0, 0 
20688, 0, 0 
42752, 0, 0 
42180, 0, 0 
55006, 0, 0 
15946, 0, 0 
35473, 0, 0 
44660, 0, 0 
58861, 0, 0 
7506, 0, 0 
41896, 0, 0 
42444, 0, 0 
16221, 0, 0 
54999, 0, 0 
4453, 0, 0 
40240, 0, 0 
44723, 0, 0 
51499, 0, 0 
53243, 0, 0 
20936, 0, 0 
57727, 0, 0 
1304, 0, 0 
56256, 0, 0 
47241, 0, 0 
12555, 0, 0 
35821, 0, 0 
37697, 0, 0 
3516, 0, 0 
39564, 0, 0 
29128, 0, 0 
27628, 0, 0 
49280, 0, 0 
57769, 0, 0 
54873, 0, 0 
20244, 0, 0 
28816, 0, 0 
20482, 0, 0 
34358, 0, 0 
5133, 0, 0 
25942, 0, 0 
26712, 0, 0 
22978, 0, 0 
33645, 0, 0 
473, 0, 0 
3024, 0, 0 
41401, 0, 0 
7066, 0, 0 
41285, 0, 0 
33350, 0, 0 
59805, 0, 0 
59296, 0, 0 
4142, 0, 0 
6970, 0, 0 
21909, 0, 0 
1678, 0, 0 
46557, 0, 0 
19225, 0, 0 
5622, 0, 0 
30651, 0, 0 
11240, 0, 0 
21028, 0, 0 
59203, 0, 0 
59972, 0, 0 
29907, 0, 0 
50192, 0, 0 
37261, 0, 0 
7451, 0, 0 
19361, 0, 0 
46017, 0, 0 
12217, 0, 0 
5512, 0, 0 
50081, 0, 0 
33608, 0, 0 
2373, 0, 0 
35012, 0, 0 
6421, 0, 0 
10821, 0, 0 
53403, 0, 0 
42674, 0, 0 
27620, 0, 0 
52696, 0, 0 
28946, 0, 0 
47572, 0, 0 
49622, 0, 0 
11588, 0, 0 
28403, 0, 0 
52599, 0, 0 
17693, 0, 0 
30384, 0, 0 
22764, 0, 0 
35700, 0, 0 
58532, 0, 0 
50205, 0, 0 
45608, 0, 0 
39606, 0, 0 
38198, 0, 0 
45728, 0, 0 
52305, 0, 0 
59859, 0, 0 
55065, 0, 0 
46868, 0, 0 
21308, 0, 0 
39600, 0, 0 
59639, 0, 0 
9473, 0, 0 
6832, 0, 0 
50523, 0, 0 
14991, 0, 0 
42342, 0, 0 
15318, 0, 0 
3286, 0, 0 
33522, 0, 0 
12351, 0, 0 
15868, 0, 0 
41137, 0, 0 
23884, 0, 0 
39321, 0, 0 
21497, 0, 0 
58952, 0, 0 
48187, 0, 0 
7371, 0, 0 
34036, 0, 0 
5192, 0, 0 
17709, 0, 0 
32531, 0, 0 
26639, 0, 0 
48025, 0, 0 
29211, 0, 0 
50617, 0, 0 
11269, 0, 0 
36391, 0, 0 
3514, 0, 0 
36621, 0, 0 
42270, 0, 0 
56775, 0, 0 
51148, 0, 0 
11340, 0, 0 
16192, 0, 0 
18923, 0, 0 
39620, 0, 0 
18357, 0, 0 
46111, 0, 0 
21132, 0, 0 
55986, 0, 0 
53118, 0, 0 
41252, 0, 0 
29559, 0, 0 
27811, 0, 0 
30438, 0, 0 
55721, 0, 0 
55892, 0, 0 
14148, 0, 0 
19811, 0, 0 
44951, 0, 0 
7164, 0, 0 
451, 0, 0 
10530, 0, 0 
19543, 0, 0 
16607, 0, 0 
43468, 0, 0 
18171, 0, 0 
55503, 0, 0 
30992, 0, 0 
24510, 0, 0 
2112, 0, 0 
4656, 0, 0 
48142, 0, 0 
39992, 0, 0 
40859, 0, 0 
49780, 0, 0 
17050, 0, 0 
16081, 0, 0 
29119, 0, 0 
9834, 0, 0 
10919, 0, 0 
20531, 0, 0 
47335, 0, 0 
57395, 0, 0 
10248, 1, 1 
17487, 1, 1 
15835, 1, 1 
13433, 1, 1 
15152, 1, 1 
2410, 1, 1 
1859, 1, 1 
39878, 1, 1 
9288, 1, 1 
54968, 1, 1 
48411, 1, 1 
5023, 1, 1 
23030, 1, 1 
44183, 1, 1 
8083, 1, 1 
14417, 1, 1 
31980, 1, 1 
36271, 1, 1 
51556, 1, 1 
6851, 1, 1 
2830, 1, 1 
51714, 1, 1 
58691, 1, 1 
20275, 1, 1 
7837, 1, 1 
53531, 1, 1 
77, 1, 1 
58887, 1, 1 
52416, 1, 1 
15974, 1, 1 
17984, 1, 1 
23788, 1, 1 
14767, 1, 1 
36765, 1, 1 
2012, 1, 1 
46915, 1, 1 
53791, 1, 1 
40716, 1, 1 
29939, 1, 1 
59625, 1, 1 
49359, 1, 1 
34033, 1, 1 
53896, 1, 1 
12049, 1, 1 
51067, 1, 1 
22330, 1, 1 
11440, 1, 1 
35370, 1, 1 
57979, 1, 1 
1365, 1, 1 
20787, 1, 1 
2688, 1, 1 
37938, 1, 1 
35586, 1, 1 
38629, 1, 1 
35912, 1, 1 
14980, 1, 1 
29746, 1, 1 
9350, 1, 1 
25264, 1, 1 
12486, 1, 1 
49664, 1, 1 
25324, 1, 1 
37038, 1, 1 
53176, 1, 1 
1696, 1, 1 
33918, 1, 1 
37849, 1, 1 
16300, 1, 1 
27262, 1, 1 
13470, 1, 1 
34849, 1, 1 
49623, 1, 1 
40909, 1, 1 
27831, 1, 1 
7169, 1, 1 
58022, 1, 1 
34945, 1, 1 
32204, 1, 1 
55825, 1, 1 
47035, 1, 1 
35856, 1, 1 
42184, 1, 1 
30966, 1, 1 
20361, 1, 1 
29040, 1, 1 
40399, 1, 1 
10136, 1, 1 
41694, 1, 1 
55502, 1, 1 
54809, 1, 1 
21446, 1, 1 
5375, 1, 1 
25899, 1, 1 
27630, 1, 1 
33706, 1, 1 
30667, 1, 1 
10123, 1, 1 
49641, 1, 1 
51801, 1, 1 
14041, 1, 1 
27020, 1, 1 
4623, 1, 1 
21698, 1, 1 
5643, 1, 1 
37624, 1, 1 
28361, 1, 1 
6665, 1, 1 
15555, 1, 1 
24923, 1, 1 
23034, 1, 1 
34158, 1, 1 
33457, 1, 1 
13297, 1, 1 
55286, 1, 1 
53484, 1, 1 
9404, 1, 1 
3113, 1, 1 
17191, 1, 1 
11735, 1, 1 
29567, 1, 1 
43849, 1, 1 
37978, 1, 1 
33774, 1, 1 
821, 1, 1 
16061, 1, 1 
2994, 1, 1 
27657, 1, 1 
16651, 1, 1 
33295, 1, 1 
35508, 1, 1 
33567, 1, 1 
59705, 1, 1 
44966, 1, 1 
17847, 1, 1 
49723, 1, 1 
11312, 1, 1 
2889, 1, 1 
53310, 1, 1 
37659, 1, 1 
41728, 1, 1 
12704, 1, 1 
43369, 1, 1 
51509, 1, 1 
40052, 1, 1 
50232, 1, 1 
408, 1, 1 
1080, 1, 1 
35367, 1, 1 
55567, 1, 1 
27639, 1, 1 
19282, 1, 1 
43118, 1, 1 
42888, 1, 1 
20817, 1, 1 
30368, 1, 1 
20589, 1, 1 
20298, 1, 1 
29598, 1, 1 
19652, 1, 1 
43653, 1, 1 
3628, 1, 1 
7806, 1, 1 
6698, 1, 1 
42332, 1, 1 
39084, 1, 1 
34640, 1, 1 
33516, 1, 1 
33856, 1, 1 
28857, 1, 1 
53604, 1, 1 
26059, 1, 1 
58763, 1, 1 
34206, 1, 1 
41386, 1, 1 
56099, 1, 1 
20465, 1, 1 
3955, 1, 1 
39018, 1, 1 
11308, 1, 1 
27759, 1, 1 
13137, 1, 1 
49840, 1, 1 
26502, 1, 1 
14725, 1, 1 
22776, 1, 1 
13631, 1, 1 
2853, 1, 1 
17540, 1, 1 
32406, 1, 1 
46984, 1, 1 
19804, 1, 1 
42974, 1, 1 
28063, 1, 1 
24567, 1, 1 
59586, 1, 1 
41637, 1, 1 
7819, 1, 1 
50667, 1, 1 
833, 1, 1 
35076, 2, 2 
48696, 2, 2 
27131, 2, 2 
50563, 2, 2 
51748, 2, 2 
2802, 2, 2 
12740, 2, 2 
29904, 2, 2 
19028, 2, 2 
13330, 2, 2 
52796, 2, 2 
58441, 2, 2 
42622, 2, 2 
12864, 2, 2 
51589, 2, 2 
54978, 2, 2 
32650, 2, 2 
57338, 2, 2 
42310, 2, 2 
53733, 2, 2 
25787, 2, 2 
30826, 2, 2 
12823, 2, 2 
8858, 2, 2 
47531, 2, 2 
23185, 2, 2 
15083, 2, 2 
51738, 2, 2 
31247, 2, 2 
56120, 2, 2 
39282, 2, 2 
20520, 2, 2 
57394, 2, 2 
49248, 2, 2 
11700, 2, 2 
48898, 2, 2 
18567, 2, 2 
21722, 2, 2 
50748, 2, 2 
57956, 2, 2 
47448, 2, 2 
3924, 2, 2 
54551, 2, 2 
14458, 2, 2 
40718, 2, 2 
30228, 2, 2 
33526, 2, 2 
19314, 2, 2 
4028, 2, 2 
277, 2, 2 
18585, 2, 2 
25530, 2, 2 
39470, 2, 2 
8843, 2, 2 
36680, 2, 2 
28932, 2, 2 
50716, 2, 2 
39170, 2, 2 
58868, 2, 2 
14392, 2, 2 
27223, 2, 2 
45889, 2, 2 
23814, 2, 2 
26355, 2, 2 
57139, 2, 2 
24215, 2, 2 
28559, 2, 2 
37063, 2, 2 
52630, 2, 2 
8372, 2, 2 
5191, 2, 2 
37631, 2, 2 
31608, 2, 2 
46394, 2, 2 
40272, 2, 2 
8493, 2, 2 
24015, 2, 2 
41881, 2, 2 
55950, 2, 2 
8631, 2, 2 
32854, 2, 2 
82, 2, 2 
41541, 2, 2 
56762, 2, 2 
12766, 2, 2 
375, 2, 2 
40129, 2, 2 
18763, 2, 2 
50504, 2, 2 
13627, 2, 2 
50568, 2, 2 
16046, 2, 2 
49776, 2, 2 
50753, 2, 2 
39644, 2, 2 
35679, 2, 2 
19939, 2, 2 
33906, 2, 2 
31177, 2, 2 
36685, 2, 2 
5357, 2, 2 
47114, 2, 2 
9377, 2, 2 
57153, 2, 2 
38509, 2, 2 
27165, 2, 2 
19545, 2, 2 
37322, 2, 2 
35653, 2, 2 
29200, 2, 2 
17080, 2, 2 
32035, 2, 2 
31133, 2, 2 
52153, 2, 2 
4446, 2, 2 
41181, 2, 2 
36051, 2, 2 
30329, 2, 2 
18290, 2, 2 
32981, 2, 2 
8565, 2, 2 
32818, 2, 2 
19397, 2, 2 
24067, 2, 2 
20179, 2, 2 
55833, 2, 2 
56355, 2, 2 
5744, 2, 2 
23319, 2, 2 
59374, 2, 2 
6743, 2, 2 
30831, 2, 2 
4843, 2, 2 
46001, 2, 2 
51957, 2, 2 
56824, 2, 2 
37386, 2, 2 
14113, 2, 2 
14800, 2, 2 
13406, 2, 2 
23942, 2, 2 
25627, 2, 2 
14118, 2, 2 
9853, 2, 2 
19524, 2, 2 
35510, 2, 2 
15887, 2, 2 
2305, 2, 2 
31813, 2, 2 
4805, 2, 2 
1894, 2, 2 
28228, 2, 2 
10945, 2, 2 
2721, 2, 2 
10406, 2, 2 
29546, 2, 2 
36375, 2, 2 
55172, 2, 2 
57615, 2, 2 
6628, 2, 2 
52660, 2, 2 
14230, 2, 2 
716, 2, 2 
54541, 2, 2 
21493, 2, 2 
3395, 2, 2 
44054, 2, 2 
48926, 2, 2 
360, 2, 2 
37560, 2, 2 
35405, 2, 2 
14023, 2, 2 
21638, 2, 2 
472, 2, 2 
36006, 2, 2 
32947, 2, 2 
30600, 2, 2 
20992, 2, 2 
9396, 2, 2 
23917, 2, 2 
17123, 2, 2 
7476, 2, 2 
24462, 2, 2 
46997, 2, 2 
4603, 2, 2 
23846, 2, 2 
53373, 2, 2 
53709, 2, 2 
199, 2, 2 
37403, 2, 2 
21881, 2, 2 
8292, 2, 2 
21435, 2, 2 
1262, 2, 2 
46044, 2, 2 
56055, 2, 2 
10429, 2, 2 
2053, 2, 2 
59706, 2, 2 
27432, 2, 2 
8395, 3, 3 
33624, 3, 3 
15443, 3, 3 
54746, 3, 3 
8065, 3, 3 
49294, 3, 3 
5041, 3, 3 
18343, 3, 3 
9592, 3, 3 
31936, 3, 3 
45712, 3, 3 
228, 3, 3 
7634, 3, 3 
12392, 3, 3 
25346, 3, 3 
43080, 3, 3 
49135, 3, 3 
1469, 3, 3 
16626, 3, 3 
15261, 3, 3 
57868, 3, 3 
32203, 3, 3 
46709, 3, 3 
46454, 3, 3 
30733, 3, 3 
24281, 3, 3 
11565, 3, 3 
38383, 3, 3 
45764, 3, 3 
3178, 3, 3 
11921, 3, 3 
14761, 3, 3 
20952, 3, 3 
58149, 3, 3 
14566, 3, 3 
56437, 3, 3 
19195, 3, 3 
54722, 3, 3 
54228, 3, 3 
20842, 3, 3 
33316, 3, 3 
6450, 3, 3 
53846, 3, 3 
38990, 3, 3 
58855, 3, 3 
52104, 3, 3 
15848, 3, 3 
16171, 3, 3 
10760, 3, 3 
35548, 3, 3 
39768, 3, 3 
31117, 3, 3 
452, 3, 3 
8663, 3, 3 
47207, 3, 3 
59461, 3, 3 
57171, 3, 3 
27651, 3, 3 
6170, 3, 3 
18964, 3, 3 
4755, 3, 3 
12100, 3, 3 
479, 3, 3 
6594, 3, 3 
53712, 3, 3 
56921, 3, 3 
8884, 3, 3 
13488, 3, 3 
52972, 3, 3 
11665, 3, 3 
157, 3, 3 
55941, 3, 3 
40068, 3, 3 
17569, 3, 3 
4418, 3, 3 
35615, 3, 3 
2895, 3, 3 
53084, 3, 3 
6667, 3, 3 
20869, 3, 3 
40575, 3, 3 
16134, 3, 3 
8879, 3, 3 
48667, 3, 3 
32586, 3, 3 
50922, 3, 3 
34685, 3, 3 
45862, 3, 3 
2114, 3, 3 
12990, 3, 3 
8338, 3, 3 
48426, 3, 3 
47352, 3, 3 
3233, 3, 3 
59535, 3, 3 
47481, 3, 3 
11797, 3, 3 
20439, 3, 3 
17104, 3, 3 
30468, 3, 3 
9779, 3, 3 
14935, 3, 3 
48761, 3, 3 
58602, 3, 3 
20181, 3, 3 
17929, 3, 3 
37332, 3, 3 
22717, 3, 3 
37468, 3, 3 
10369, 3, 3 
55932, 3, 3 
57734, 3, 3 
21035, 3, 3 
25257, 3, 3 
41391, 3, 3 
50946, 3, 3 
50516, 3, 3 
54603, 3, 3 
10647, 3, 3 
42150, 3, 3 
47872, 3, 3 
41755, 3, 3 
5562, 3, 3 
45796, 3, 3 
32071, 3, 3 
16867, 3, 3 
7367, 3, 3 
6559, 3, 3 
57265, 3, 3 
59471, 3, 3 
31791, 3, 3 
4878, 3, 3 
356, 3, 3 
58747, 3, 3 
34684, 3, 3 
55008, 3, 3 
2931, 3, 3 
5323, 3, 3 
17588, 3, 3 
55341, 3, 3 
12244, 3, 3 
27366, 3, 3 
13388, 3, 3 
7455, 3, 3 
36542, 3, 3 
55054, 3, 3 
48392, 3, 3 
39489, 3, 3 
17318, 3, 3 
23812, 3, 3 
31032, 3, 3 
35969, 3, 3 
33009, 3, 3 
23759, 3, 3 
16074, 3, 3 
31379, 3, 3 
32275, 3, 3 
40374, 3, 3 
38732, 3, 3 
50201, 3, 3 
29097, 3, 3 
51471, 3, 3 
24435, 3, 3 
18044, 3, 3 
58640, 3, 3 
57336, 3, 3 
23239, 3, 3 
20616, 3, 3 
29013, 3, 3 
25425, 3, 3 
2232, 3, 3 
35139, 3, 3 
38986, 3, 3 
37566, 3, 3 
20670, 3, 3 
21182, 3, 3 
15077, 3, 3 
49055, 3, 3 
22234, 3, 3 
16649, 3, 3 
28778, 3, 3 
22903, 3, 3 
3835, 3, 3 
37889, 3, 3 
10966, 3, 3 
2107, 3, 3 
20926, 3, 3 
22569, 3, 3 
14361, 3, 3 
19205, 3, 3 
31745, 3, 3 
55393, 3, 3 
5388, 3, 3 
16900, 3, 3 
49913, 3, 3 
56875, 3, 3 
14552, 3, 3 
19307, 3, 3 
17906, 3, 3 
2771, 3, 3 
5590, 4, 4 
46624, 4, 4 
56334, 4, 4 
55687, 4, 4 
17613, 4, 4 
48840, 4, 4 
51549, 4, 4 
52024, 4, 4 
25293, 4, 4 
9761, 4, 4 
30536, 4, 4 
58105, 4, 4 
18601, 4, 4 
50299, 4, 4 
1227, 4, 4 
20008, 4, 4 
54563, 4, 4 
47823, 4, 4 
33833, 4, 4 
57709, 4, 4 
29885, 4, 4 
13363, 4, 4 
54814, 4, 4 
21374, 4, 4 
42536, 4, 4 
35686, 4, 4 
31458, 4, 4 
26000, 4, 4 
11153, 4, 4 
1928, 4, 4 
41678, 4, 4 
27097, 4, 4 
41796, 4, 4 
48535, 4, 4 
43929, 4, 4 
29827, 4, 4 
6127, 4, 4 
4952, 4, 4 
12639, 4, 4 
1196, 4, 4 
33708, 4, 4 
38407, 4, 4 
29503, 4, 4 
33545, 4, 4 
54657, 4, 4 
1261, 4, 4 
53192, 4, 4 
59772, 4, 4 
32321, 4, 4 
3957, 4, 4 
58545, 4, 4 
52308, 4, 4 
53384, 4, 4 
46711, 4, 4 
25378, 4, 4 
40519, 4, 4 
25114, 4, 4 
51652, 4, 4 
58780, 4, 4 
804, 4, 4 
49934, 4, 4 
36097, 4, 4 
10854, 4, 4 
6724, 4, 4 
50844, 4, 4 
2046, 4, 4 
26352, 4, 4 
5796, 4, 4 
38041, 4, 4 
41749, 4, 4 
20680, 4, 4 
8587, 4, 4 
18990, 4, 4 
53988, 4, 4 
2222, 4, 4 
35752, 4, 4 
32801, 4, 4 
57940, 4, 4 
6653, 4, 4 
55258, 4, 4 
21743, 4, 4 
45280, 4, 4 
15432, 4, 4 
38518, 4, 4 
16155, 4, 4 
9821, 4, 4 
57937, 4, 4 
11073, 4, 4 
48876, 4, 4 
58023, 4, 4 
34465, 4, 4 
59759, 4, 4 
50050, 4, 4 
27825, 4, 4 
52348, 4, 4 
38737, 4, 4 
13650, 4, 4 
5361, 4, 4 
22189, 4, 4 
2443, 4, 4 
56316, 4, 4 
29960, 4, 4 
51678, 4, 4 
51926, 4, 4 
2323, 4, 4 
47763, 4, 4 
28487, 4, 4 
3639, 4, 4 
34109, 4, 4 
32513, 4, 4 
16942, 4, 4 
7152, 4, 4 
45173, 4, 4 
58895, 4, 4 
57803, 4, 4 
2290, 4, 4 
23083, 4, 4 
55490, 4, 4 
36200, 4, 4 
57417, 4, 4 
12830, 4, 4 
43228, 4, 4 
31407, 4, 4 
37487, 4, 4 
47033, 4, 4 
50134, 4, 4 
37799, 4, 4 
42329, 4, 4 
5533, 4, 4 
43473, 4, 4 
19281, 4, 4 
16851, 4, 4 
21472, 4, 4 
46846, 4, 4 
7211, 4, 4 
14602, 4, 4 
15400, 4, 4 
23636, 4, 4 
45339, 4, 4 
7722, 4, 4 
21738, 4, 4 
21931, 4, 4 
39414, 4, 4 
30422, 4, 4 
16450, 4, 4 
31711, 4, 4 
14433, 4, 4 
26109, 4, 4 
28706, 4, 4 
22098, 4, 4 
33165, 4, 4 
34185, 4, 4 
54637, 4, 4 
48399, 4, 4 
20069, 4, 4 
44345, 4, 4 
25887, 4, 4 
50694, 4, 4 
58218, 4, 4 
49155, 4, 4 
15841, 4, 4 
14546, 4, 4 
41724, 4, 4 
14185, 4, 4 
11495, 4, 4 
52087, 4, 4 
27424, 4, 4 
14785, 4, 4 
56648, 4, 4 
42116, 4, 4 
53633, 4, 4 
12192, 4, 4 
6733, 4, 4 
14198, 4, 4 
9148, 4, 4 
19794, 4, 4 
34781, 4, 4 
14537, 4, 4 
38500, 4, 4 
26193, 4, 4 
48410, 4, 4 
56770, 4, 4 
40081, 4, 4 
48669, 4, 4 
5969, 4, 4 
1099, 4, 4 
58210, 4, 4 
45670, 4, 4 
3857, 4, 4 
39298, 4, 4 
44771, 4, 4 
54130, 4, 4 
21797, 4, 4 
17733, 4, 4 
38786, 4, 4 
1477, 4, 4 
20208, 4, 4 
17730, 4, 4 
10704, 4, 4 
45025, 4, 4 
32277, 5, 5 
29880, 5, 5 
42687, 5, 5 
33528, 5, 5 
16210, 5, 5 
27421, 5, 5 
46713, 5, 5 
31424, 5, 5 
36984, 5, 5 
31520, 5, 5 
19083, 5, 5 
16646, 5, 5 
815, 5, 5 
51107, 5, 5 
24252, 5, 5 
34913, 5, 5 
42659, 5, 5 
27002, 5, 5 
15066, 5, 5 
38843, 5, 5 
26823, 5, 5 
57330, 5, 5 
47629, 5, 5 
2111, 5, 5 
10891, 5, 5 
9495, 5, 5 
2780, 5, 5 
57013, 5, 5 
33303, 5, 5 
45602, 5, 5 
37865, 5, 5 
48016, 5, 5 
51433, 5, 5 
49684, 5, 5 
2993, 5, 5 
5712, 5, 5 
19019, 5, 5 
44404, 5, 5 
26868, 5, 5 
27253, 5, 5 
16120, 5, 5 
36341, 5, 5 
10451, 5, 5 
17239, 5, 5 
24819, 5, 5 
54401, 5, 5 
48143, 5, 5 
46895, 5, 5 
50321, 5, 5 
56745, 5, 5 
31287, 5, 5 
44152, 5, 5 
5177, 5, 5 
52439, 5, 5 
49631, 5, 5 
26331, 5, 5 
10904, 5, 5 
42935, 5, 5 
13532, 5, 5 
21819, 5, 5 
45490, 5, 5 
51736, 5, 5 
55794, 5, 5 
27400, 5, 5 
40088, 5, 5 
51955, 5, 5 
35029, 5, 5 
43936, 5, 5 
1638, 5, 5 
6836, 5, 5 
56939, 5, 5 
15726, 5, 5 
22038, 5, 5 
27377, 5, 5 
48615, 5, 5 
13948, 5, 5 
46720, 5, 5 
29892, 5, 5 
4177, 5, 5 
28178, 5, 5 
40432, 5, 5 
11505, 5, 5 
46948, 5, 5 
29065, 5, 5 
48358, 5, 5 
32992, 5, 5 
35268, 5, 5 
7346, 5, 5 
37066, 5, 5 
25762, 5, 5 
35214, 5, 5 
13466, 5, 5 
3681, 5, 5 
1834, 5, 5 
19870, 5, 5 
4695, 5, 5 
32040, 5, 5 
4921, 5, 5 
44858, 5, 5 
3819, 5, 5 
24170, 5, 5 
34858, 5, 5 
19797, 5, 5 
29760, 5, 5 
12843, 5, 5 
28060, 5, 5 
36756, 5, 5 
47039, 5, 5 
18789, 5, 5 
55667, 5, 5 
1970, 5, 5 
10280, 5, 5 
622, 5, 5 
15155, 5, 5 
33288, 5, 5 
39722, 5, 5 
32107, 5, 5 
47591, 5, 5 
26553, 5, 5 
50019, 5, 5 
26451, 5, 5 
50352, 5, 5 
22566, 5, 5 
12804, 5, 5 
13619, 5, 5 
19670, 5, 5 
55388, 5, 5 
55099, 5, 5 
54045, 5, 5 
34817, 5, 5 
4309, 5, 5 
58255, 5, 5 
51886, 5, 5 
39400, 5, 5 
9652, 5, 5 
9259, 5, 5 
34800, 5, 5 
49568, 5, 5 
30448, 5, 5 
45512, 5, 5 
29817, 5, 5 
13248, 5, 5 
12289, 5, 5 
49428, 5, 5 
1089, 5, 5 
16499, 5, 5 
7848, 5, 5 
22030, 5, 5 
145, 5, 5 
41628, 5, 5 
41049, 5, 5 
41548, 5, 5 
14562, 5, 5 
54233, 5, 5 
4290, 5, 5 
40736, 5, 5 
32344, 5, 5 
41185, 5, 5 
48424, 5, 5 
46418, 5, 5 
28148, 5, 5 
14485, 5, 5 
4007, 5, 5 
3801, 5, 5 
5157, 5, 5 
6691, 5, 5 
52902, 5, 5 
13505, 5, 5 
57132, 5, 5 
3031, 5, 5 
38533, 5, 5 
14512, 5, 5 
57805, 5, 5 
18418, 5, 5 
34692, 5, 5 
17971, 5, 5 
26229, 5, 5 
35247, 5, 5 
21865, 5, 5 
54779, 5, 5 
51097, 5, 5 
52540, 5, 5 
21563, 5, 5 
11486, 5, 5 
52914, 5, 5 
49687, 5, 5 
12713, 5, 5 
12087, 5, 5 
49107, 5, 5 
36516, 5, 5 
18932, 5, 5 
53466, 5, 5 
54151, 5, 5 
36883, 5, 5 
14251, 5, 5 
1162, 5, 5 
39158, 5, 5 
11587, 5, 5 
43716, 5, 5 
13843, 5, 5 
8071, 6, 6 
54820, 6, 6 
17251, 6, 6 
41636, 6, 6 
17910, 6, 6 
31193, 6, 6 
54969, 6, 6 
29813, 6, 6 
27319, 6, 6 
51410, 6, 6 
498, 6, 6 
10774, 6, 6 
3820, 6, 6 
9187, 6, 6 
1070, 6, 6 
2923, 6, 6 
35614, 6, 6 
2723, 6, 6 
29138, 6, 6 
4210, 6, 6 
36344, 6, 6 
23983, 6, 6 
40331, 6, 6 
55166, 6, 6 
3229, 6, 6 
24257, 6, 6 
4054, 6, 6 
1503, 6, 6 
13845, 6, 6 
47663, 6, 6 
48538, 6, 6 
59982, 6, 6 
22758, 6, 6 
57622, 6, 6 
15441, 6, 6 
32455, 6, 6 
41188, 6, 6 
45335, 6, 6 
50780, 6, 6 
48086, 6, 6 
42151, 6, 6 
29035, 6, 6 
56405, 6, 6 
55897, 6, 6 
44963, 6, 6 
11784, 6, 6 
57260, 6, 6 
44309, 6, 6 
3172, 6, 6 
26735, 6, 6 
9574, 6, 6 
10754, 6, 6 
1637, 6, 6 
37788, 6, 6 
27149, 6, 6 
9765, 6, 6 
28829, 6, 6 
19464, 6, 6 
44533, 6, 6 
14576, 6, 6 
41380, 6, 6 
25430, 6, 6 
8009, 6, 6 
10996, 6, 6 
41675, 6, 6 
56148, 6, 6 
24945, 6, 6 
32003, 6, 6 
630, 6, 6 
12155, 6, 6 
34121, 6, 6 
19142, 6, 6 
52725, 6, 6 
19040, 6, 6 
39677, 6, 6 
9338, 6, 6 
31228, 6, 6 
31568, 6, 6 
40609, 6, 6 
1389, 6, 6 
32670, 6, 6 
37218, 6, 6 
25593, 6, 6 
41039, 6, 6 
1582, 6, 6 
21373, 6, 6 
25777, 6, 6 
5634, 6, 6 
43744, 6, 6 
35537, 6, 6 
34499, 6, 6 
13860, 6, 6 
48656, 6, 6 
22257, 6, 6 
38548, 6, 6 
27204, 6, 6 
53499, 6, 6 
3097, 6, 6 
9619, 6, 6 
32903, 6, 6 
43457, 6, 6 
55255, 6, 6 
19125, 6, 6 
12715, 6, 6 
15591, 6, 6 
48033, 6, 6 
8462, 6, 6 
40642, 6, 6 
29136, 6, 6 
36578, 6, 6 
44017, 6, 6 
39206, 6, 6 
44655, 6, 6 
47963, 6, 6 
12480, 6, 6 
11189, 6, 6 
37018, 6, 6 
59474, 6, 6 
4232, 6, 6 
49043, 6, 6 
2614, 6, 6 
26819, 6, 6 
4520, 6, 6 
47219, 6, 6 
17150, 6, 6 
52626, 6, 6 
26650, 6, 6 
16335, 6, 6 
25424, 6, 6 
54799, 6, 6 
14083, 6, 6 
28170, 6, 6 
8420, 6, 6 
24526, 6, 6 
35729, 6, 6 
50355, 6, 6 
11905, 6, 6 
19698, 6, 6 
20431, 6, 6 
32370, 6, 6 
29439, 6, 6 
36838, 6, 6 
977, 6, 6 
57850, 6, 6 
13010, 6, 6 
3794, 6, 6 
3445, 6, 6 
58686, 6, 6 
1536, 6, 6 
49718, 6, 6 
59181, 6, 6 
58226, 6, 6 
33486, 6, 6 
40501, 6, 6 
17623, 6, 6 
26168, 6, 6 
1366, 6, 6 
54018, 6, 6 
21854, 6, 6 
22698, 6, 6 
10512, 6, 6 
33305, 6, 6 
54652, 6, 6 
9201, 6, 6 
37236, 6, 6 
2212, 6, 6 
26934, 6, 6 
23256, 6, 6 
9816, 6, 6 
9828, 6, 6 
48827, 6, 6 
26889, 6, 6 
56936, 6, 6 
47891, 6, 6 
46521, 6, 6 
58835, 6, 6 
40751, 6, 6 
37724, 6, 6 
2487, 6, 6 
36966, 6, 6 
10534, 6, 6 
12541, 6, 6 
36049, 6, 6 
56809, 6, 6 
27369, 6, 6 
852, 6, 6 
58166, 6, 6 
16469, 6, 6 
2837, 6, 6 
36699, 6, 6 
43462, 6, 6 
57881, 6, 6 
37451, 6, 6 
25944, 6, 6 
16890, 6, 6 
17484, 6, 6 
449, 6, 6 
44238, 6, 6 
32754, 6, 6 
29327, 6, 6 
32906, 7, 7 
56806, 7, 7 
36188, 7, 7 
22955, 7, 7 
26966, 7, 7 
20866, 7, 7 
49415, 7, 7 
9660, 7, 7 
37971, 7, 7 
31713, 7, 7 
7213, 7, 7 
12524, 7, 7 
4499, 7, 7 
44623, 7, 7 
49184, 7, 7 
46153, 7, 7 
56794, 7, 7 
21603, 7, 7 
36234, 7, 7 
30302, 7, 7 
40668, 7, 7 
10019, 7, 7 
28004, 7, 7 
7616, 7, 7 
8991, 7, 7 
5223, 7, 7 
51806, 7, 7 
35573, 7, 7 
55885, 7, 7 
20720, 7, 7 
29833, 7, 7 
11821, 7, 7 
28012, 7, 7 
21666, 7, 7 
7092, 7, 7 
9445, 7, 7 
47978, 7, 7 
5946, 7, 7 
52146, 7, 7 
45551, 7, 7 
27956, 7, 7 
27225, 7, 7 
12025, 7, 7 
18951, 7, 7 
9724, 7, 7 
4331, 7, 7 
27357, 7, 7 
2612, 7, 7 
11703, 7, 7 
8375, 7, 7 
34661, 7, 7 
43024, 7, 7 
34959, 7, 7 
59617, 7, 7 
45571, 7, 7 
6696, 7, 7 
505, 7, 7 
36088, 7, 7 
20566, 7, 7 
32099, 7, 7 
21587, 7, 7 
40791, 7, 7 
9356, 7, 7 
24254, 7, 7 
22971, 7, 7 
58733, 7, 7 
4991, 7, 7 
44472, 7, 7 
30935, 7, 7 
48165, 7, 7 
55895, 7, 7 
55238, 7, 7 
28990, 7, 7 
17557, 7, 7 
2297, 7, 7 
46964, 7, 7 
3223, 7, 7 
57828, 7, 7 
34677, 7, 7 
27561, 7, 7 
50115, 7, 7 
35919, 7, 7 
44271, 7, 7 
22392, 7, 7 
56892, 7, 7 
19284, 7, 7 
59140, 7, 7 
56076, 7, 7 
29282, 7, 7 
8798, 7, 7 
26575, 7, 7 
51489, 7, 7 
8949, 7, 7 
3236, 7, 7 
728, 7, 7 
22057, 7, 7 
54478, 7, 7 
29512, 7, 7 
44505, 7, 7 
42592, 7, 7 
23609, 7, 7 
5178, 7, 7 
54278, 7, 7 
942, 7, 7 
5473, 7, 7 
26169, 7, 7 
32359, 7, 7 
53021, 7, 7 
40872, 7, 7 
14387, 7, 7 
57546, 7, 7 
54691, 7, 7 
12970, 7, 7 
27728, 7, 7 
6525, 7, 7 
39729, 7, 7 
59830, 7, 7 
38088, 7, 7 
21651, 7, 7 
30659, 7, 7 
44443, 7, 7 
12123, 7, 7 
57137, 7, 7 
48955, 7, 7 
54751, 7, 7 
28921, 7, 7 
44194, 7, 7 
27005, 7, 7 
6881, 7, 7 
52147, 7, 7 
42281, 7, 7 
58751, 7, 7 
9992, 7, 7 
45469, 7, 7 
45680, 7, 7 
53852, 7, 7 
10517, 7, 7 
58143, 7, 7 
48124, 7, 7 
55090, 7, 7 
33109, 7, 7 
19370, 7, 7 
54532, 7, 7 
16687, 7, 7 
53313, 7, 7 
20273, 7, 7 
38575, 7, 7 
15305, 7, 7 
57652, 7, 7 
41088, 7, 7 
56880, 7, 7 
2949, 7, 7 
26964, 7, 7 
46673, 7, 7 
57550, 7, 7 
35745, 7, 7 
50874, 7, 7 
55205, 7, 7 
47733, 7, 7 
52752, 7, 7 
43023, 7, 7 
32941, 7, 7 
59774, 7, 7 
42811, 7, 7 
51025, 7, 7 
57282, 7, 7 
34673, 7, 7 
12439, 7, 7 
56787, 7, 7 
11829, 7, 7 
52524, 7, 7 
9286, 7, 7 
26272, 7, 7 
43108, 7, 7 
17696, 7, 7 
9157, 7, 7 
48035, 7, 7 
40784, 7, 7 
48096, 7, 7 
47242, 7, 7 
4928, 7, 7 
43378, 7, 7 
31160, 7, 7 
31527, 7, 7 
53003, 7, 7 
12390, 7, 7 
51984, 7, 7 
48450, 7, 7 
11810, 7, 7 
25525, 7, 7 
38781, 7, 7 
1746, 7, 7 
47600, 7, 7 
41151, 7, 7 
11349, 7, 7 
35417, 7, 7 
12724, 7, 7 
18170, 7, 7 
28118, 7, 7 
36139, 7, 7 
1666, 8, 8 
18305, 8, 8 
17765, 8, 8 
58405, 8, 8 
21486, 8, 8 
30568, 8, 8 
50499, 8, 8 
28023, 8, 8 
49578, 8, 8 
3845, 8, 8 
8666, 8, 8 
34225, 8, 8 
24396, 8, 8 
20315, 8, 8 
18156, 8, 8 
27147, 8, 8 
11885, 8, 8 
44087, 8, 8 
3168, 8, 8 
45968, 8, 8 
31308, 8, 8 
24234, 8, 8 
44024, 8, 8 
28892, 8, 8 
25482, 8, 1 
21723, 8, 8 
55557, 8, 8 
27286, 8, 8 
54636, 8, 8 
58636, 8, 8 
12557, 8, 8 
16069, 8, 8 
18467, 8, 8 
53181, 8, 8 
9019, 8, 8 
33569, 8, 8 
1893, 8, 8 
9537, 8, 8 
50054, 8, 8 
14380, 8, 8 
25556, 8, 8 
19600, 8, 8 
29090, 8, 8 
3517, 8, 8 
14913, 8, 8 
28539, 8, 8 
57993, 8, 8 
44176, 8, 8 
20062, 8, 8 
53605, 8, 8 
56170, 8, 8 
47152, 8, 8 
2841, 8, 8 
23316, 8, 8 
40022, 8, 4 
9057, 8, 8 
25819, 8, 1 
7665, 8, 8 
54132, 8, 8 
32161, 8, 8 
6498, 8, 8 
6544, 8, 8 
43609, 8, 8 
57434, 8, 8 
694, 8, 8 
41718, 8, 8 
12513, 8, 8 
39308, 8, 8 
46346, 8, 2 
35776, 8, 8 
23553, 8, 8 
59015, 8, 8 
57038, 8, 8 
11908, 8, 8 
40324, 8, 3 
9501, 8, 8 
36927, 8, 8 
58178, 8, 8 
42003, 8, 8 
17894, 8, 8 
24646, 8, 8 
40852, 8, 8 
14494, 8, 8 
46650, 8, 8 
31889, 8, 8 
33074, 8, 8 
160, 8, 8 
15096, 8, 8 
54120, 8, 8 
54308, 8, 8 
47656, 8, 8 
545, 8, 8 
37431, 8, 8 
28247, 8, 8 
11989, 8, 8 
47420, 8, 8 
8378, 8, 8 
29145, 8, 8 
15723, 8, 8 
33517, 8, 8 
47425, 8, 8 
51656, 8, 8 
46154, 8, 8 
50970, 8, 8 
36199, 8, 8 
34577, 8, 8 
12255, 8, 8 
5205, 8, 8 
55697, 8, 8 
42961, 8, 8 
1016, 8, 8 
17654, 8, 8 
27105, 8, 8 
46753, 8, 8 
53240, 8, 8 
22507, 8, 8 
35783, 8, 8 
42688, 8, 8 
29563, 8, 8 
47597, 8, 8 
11108, 8, 8 
36681, 8, 8 
59729, 8, 8 
20106, 8, 8 
55611, 8, 8 
59565, 8, 8 
23263, 8, 8 
6417, 8, 8 
33636, 8, 8 
50790, 8, 8 
17244, 8, 2 
42147, 8, 8 
3737, 8, 8 
32770, 8, 8 
59235, 8, 8 
48773, 8, 8 
43342, 8, 8 
34257, 8, 8 
34966, 8, 8 
18205, 8, 8 
23232, 8, 8 
14772, 8, 8 
30654, 8, 8 
51615, 8, 8 
34901, 8, 8 
26414, 8, 8 
43121, 8, 8 
58156, 8, 8 
38386, 8, 8 
44861, 8, 8 
36915, 8, 8 
15807, 8, 8 
29979, 8, 8 
27236, 8, 8 
8366, 8, 8 
32480, 8, 8 
47989, 8, 8 
9769, 8, 8 
42540, 8, 8 
6873, 8, 8 
33151, 8, 8 
7570, 8, 8 
25321, 8, 8 
5474, 8, 8 
17407, 8, 8 
53660, 8, 8 
49548, 8, 8 
44206, 8, 8 
49438, 8, 8 
47034, 8, 1 
36745, 8, 8 
3482, 8, 8 
9208, 8, 8 
44527, 8, 8 
59718, 8, 8 
32000, 8, 8 
52465, 8, 8 
52389, 8, 8 
50191, 8, 8 
6275, 8, 8 
46231, 8, 8 
12609, 8, 8 
6066, 8, 8 
51158, 8, 6 
57596, 8, 8 
19253, 8, 8 
39187, 8, 8 
39071, 8, 8 
46864, 8, 8 
30635, 8, 8 
27386, 8, 8 
35096, 8, 8 
48528, 8, 8 
31119, 8, 8 
14808, 8, 8 
37720, 8, 3 
14754, 8, 8 
4036, 8, 8 
23817, 8, 8 
41200, 8, 8 
41738, 9, 9 
42497, 9, 9 
9127, 9, 9 
35804, 9, 9 
7873, 9, 9 
39569, 9, 9 
12380, 9, 9 
26997, 9, 9 
15029, 9, 9 
17398, 9, 9 
7239, 9, 9 
54586, 9, 9 
51840, 9, 9 
13763, 9, 9 
32239, 9, 9 
17311, 9, 9 
46477, 9, 9 
3355, 9, 9 
49495, 9, 9 
49469, 9, 9 
58470, 9, 9 
34090, 9, 9 
20248, 9, 9 
20792, 9, 9 
14331, 9, 9 
3834, 9, 9 
14579, 9, 9 
33308, 9, 9 
59006, 9, 9 
19747, 9, 9 
54166, 9, 9 
15644, 9, 9 
21087, 9, 9 
42529, 9, 9 
23944, 9, 9 
27605, 9, 9 
56906, 9, 9 
28283, 9, 9 
59385, 9, 9 
4095, 9, 9 
49007, 9, 9 
50686, 9, 9 
52462, 9, 9 
46662, 9, 9 
46492, 9, 9 
52333, 9, 9 
19629, 9, 9 
2553, 9, 9 
29495, 9, 9 
28213, 9, 9 
35332, 9, 9 
27391, 9, 9 
11293, 9, 9 
30562, 9, 9 
13323, 9, 9 
23555, 9, 9 
41326, 9, 9 
33360, 9, 9 
3371, 9, 9 
15413, 9, 9 
16814, 9, 9 
13428, 9, 9 
1083, 9, 9 
5999, 9, 9 
12562, 9, 9 
8750, 9, 9 
43174, 9, 9 
8953, 9, 9 
22948, 9, 9 
27774, 9, 9 
36827, 9, 9 
6564, 9, 9 
5224, 9, 9 
39025, 9, 9 
45345, 9, 9 
39911, 9, 9 
23619, 9, 9 
33329, 9, 9 
58242, 9, 9 
24946, 9, 9 
49489, 9, 9 
27966, 9, 9 
43896, 9, 9 
6459, 9, 9 
21724, 9, 9 
30778, 9, 9 
30987, 9, 9 
5918, 9, 9 
57681, 9, 9 
17297, 9, 9 
24071, 9, 9 
30814, 9, 9 
35854, 9, 9 
35524, 9, 9 
38625, 9, 9 
30394, 9, 9 
26870, 9, 9 
52151, 9, 9 
26860, 9, 9 
51156, 9, 9 
41589, 9, 9 
16778, 9, 9 
16801, 9, 9 
7538, 9, 9 
54874, 9, 9 
34306, 9, 9 
8674, 9, 9 
25528, 9, 9 
19098, 9, 9 
26895, 9, 9 
11367, 9, 9 
47588, 9, 9 
9306, 9, 9 
49836, 9, 9 
40753, 9, 9 
26353, 9, 9 
1500, 9, 9 
42438, 9, 9 
11196, 9, 9 
7627, 9, 9 
4260, 9, 9 
788, 9, 9 
11840, 9, 9 
28062, 9, 9 
33643, 9, 9 
34591, 9, 9 
49599, 9, 9 
55364, 9, 9 
50204, 9, 9 
39423, 9, 9 
2299, 9, 9 
12280, 9, 9 
47657, 9, 9 
14827, 9, 9 
11442, 9, 9 
25946, 9, 9 
24413, 9, 9 
25280, 9, 9 
46537, 9, 9 
46497, 9, 9 
3084, 9, 9 
42293, 9, 9 
40762, 9, 9 
2116, 9, 9 
11603, 9, 9 
48940, 9, 9 
24420, 9, 9 
30358, 9, 9 
501, 9, 9 
313, 9, 9 
42808, 9, 9 
51647, 9, 9 
35464, 9, 9 
29110, 9, 9 
57975, 9, 9 
43543, 9, 9 
28176, 9, 9 
20001, 9, 9 
41329, 9, 9 
26558, 9, 9 
20900, 9, 9 
19024, 9, 9 
167, 9, 9 
39532, 9, 9 
40499, 9, 9 
23480, 9, 9 
54048, 9, 9 
14875, 9, 9 
22117, 9, 9 
31141, 9, 9 
49313, 9, 9 
727, 9, 9 
15072, 9, 9 
54154, 9, 9 
52977, 9, 9 
53810, 9, 9 
17989, 9, 9 
18731, 9, 9 
30095, 9, 9 
35666, 9, 9 
20228, 9, 9 
57374, 9, 9 
50882, 9, 9 
53592, 9, 9 
34338, 9, 9 
3621, 9, 9 
55296, 9, 9 
48802, 9, 9 
14142, 9, 9 
38905, 9, 9 
11745, 9, 9 
19913, 9, 9 
12989, 9, 9 
59794, 9, 9 
2216, 9, 9 
23463, 9, 9 
54647, 9, 9 
26428, 9, 9 
27949, 9, 9 
58804, 9, 9 
