id, true label, predicted label 
46625, 0, 0 
55830, 0, 0 
43884, 0, 0 
14649, 0, 0 
41108, 0, 0 
59944, 0, 0 
41606, 0, 0 
57397, 0, 0 
29199, 0, 0 
23067, 0, 0 
18868, 0, 0 
10914, 0, 0 
34246, 0, 0 
22294, 0, 0 
59878, 0, 0 
58532, 0, 0 
53881, 0, 0 
20095, 0, 0 
33578, 0, 0 
53355, 0, 0 
9914, 0, 0 
7954, 0, 0 
36734, 0, 0 
18486, 0, 0 
12107, 0, 0 
57634, 0, 0 
53747, 0, 0 
21215, 0, 0 
29128, 0, 0 
27893, 0, 0 
26262, 0, 0 
9158, 0, 0 
20482, 0, 0 
48670, 0, 0 
59043, 0, 0 
57027, 0, 0 
14749, 0, 0 
1775, 0, 0 
2483, 0, 0 
9524, 0, 0 
22152, 0, 0 
296, 0, 0 
39801, 0, 0 
23616, 0, 0 
28968, 0, 0 
47722, 0, 0 
40760, 0, 0 
30473, 0, 0 
21960, 0, 0 
41646, 0, 0 
17124, 0, 0 
11027, 0, 0 
48607, 0, 0 
28607, 0, 0 
4656, 0, 0 
42402, 0, 0 
5015, 0, 0 
53381, 0, 0 
12732, 0, 0 
14137, 0, 0 
11562, 0, 0 
32846, 0, 0 
1725, 0, 0 
32905, 0, 0 
41588, 0, 0 
18337, 0, 0 
12785, 0, 0 
47190, 0, 0 
6468, 0, 0 
21546, 0, 0 
21513, 0, 0 
53670, 0, 0 
42632, 0, 4 
22487, 0, 0 
23842, 0, 0 
33427, 0, 0 
58121, 0, 0 
35994, 0, 0 
34273, 0, 0 
8096, 0, 0 
30156, 0, 0 
15901, 0, 0 
39029, 0, 0 
58665, 0, 0 
40965, 0, 0 
33173, 0, 0 
14752, 0, 0 
48808, 0, 0 
23277, 0, 0 
4994, 0, 0 
13918, 0, 0 
1363, 0, 0 
42081, 0, 0 
56351, 0, 0 
21985, 0, 0 
8682, 0, 0 
15590, 0, 0 
54836, 0, 2 
2051, 0, 0 
56259, 0, 0 
13807, 0, 0 
32514, 0, 0 
42720, 0, 0 
59615, 0, 0 
55217, 0, 0 
18914, 0, 0 
37977, 0, 0 
15828, 0, 0 
55817, 0, 0 
2403, 0, 0 
38200, 0, 0 
13926, 0, 0 
869, 0, 0 
9197, 0, 0 
42867, 0, 0 
46041, 0, 0 
36468, 0, 0 
1995, 0, 0 
49853, 0, 0 
12219, 0, 0 
48111, 0, 0 
28358, 0, 0 
35348, 0, 0 
4310, 0, 0 
40456, 0, 0 
11834, 0, 0 
25461, 0, 0 
43613, 0, 0 
33087, 0, 0 
7427, 0, 0 
23679, 0, 0 
20947, 0, 0 
45728, 0, 0 
57393, 0, 0 
9440, 0, 0 
53117, 0, 0 
57395, 0, 0 
16238, 0, 0 
33921, 0, 0 
27931, 0, 0 
49720, 0, 0 
37287, 0, 0 
35063, 0, 0 
32666, 0, 0 
27806, 0, 0 
22378, 0, 0 
2629, 0, 0 
41341, 0, 0 
19732, 0, 0 
56129, 0, 0 
45817, 0, 0 
22306, 0, 0 
44872, 0, 0 
27712, 0, 0 
47797, 0, 0 
11639, 0, 0 
45230, 0, 0 
7358, 0, 0 
38926, 0, 0 
55837, 0, 0 
19857, 0, 0 
35667, 0, 0 
46344, 0, 0 
8932, 0, 0 
33228, 0, 0 
25953, 0, 0 
53454, 0, 0 
33330, 0, 0 
40003, 0, 0 
40441, 0, 0 
46763, 0, 0 
22710, 0, 0 
33843, 0, 0 
11887, 0, 0 
32494, 0, 0 
19796, 0, 0 
9018, 0, 0 
8385, 0, 0 
30678, 0, 0 
42612, 0, 0 
35064, 0, 0 
34562, 0, 0 
15926, 0, 0 
45475, 0, 0 
53734, 0, 0 
11335, 0, 0 
6676, 0, 0 
29560, 0, 0 
33831, 0, 0 
47046, 0, 0 
25757, 0, 0 
57916, 0, 0 
39623, 0, 0 
24629, 0, 0 
26178, 0, 0 
30827, 0, 0 
28814, 0, 0 
40108, 0, 0 
39848, 0, 0 
8289, 0, 0 
43808, 1, 1 
37232, 1, 1 
37384, 1, 1 
7491, 1, 1 
51952, 1, 1 
46933, 1, 1 
29603, 1, 1 
4913, 1, 1 
4950, 1, 1 
18830, 1, 1 
7860, 1, 1 
52963, 1, 1 
8218, 1, 1 
51847, 1, 1 
2878, 1, 1 
52758, 1, 1 
39560, 1, 1 
8275, 1, 1 
18492, 1, 1 
59864, 1, 1 
35592, 1, 1 
23872, 1, 1 
43350, 1, 1 
36422, 1, 1 
1700, 1, 1 
25244, 1, 1 
18541, 1, 1 
45803, 1, 1 
23703, 1, 1 
41360, 1, 1 
36373, 1, 1 
9221, 1, 1 
5428, 1, 1 
48229, 1, 1 
51724, 1, 1 
19735, 1, 1 
46842, 1, 1 
31556, 1, 1 
52120, 1, 1 
11112, 1, 1 
12693, 1, 1 
8575, 1, 1 
22899, 1, 1 
2604, 1, 1 
33396, 1, 1 
12664, 1, 1 
27969, 1, 1 
7429, 1, 1 
52967, 1, 1 
44966, 1, 1 
45221, 1, 1 
9378, 1, 1 
27961, 1, 1 
27528, 1, 1 
18568, 1, 1 
53667, 1, 1 
2688, 1, 1 
39550, 1, 1 
8032, 1, 1 
23795, 1, 1 
49167, 1, 1 
35000, 1, 1 
16080, 1, 1 
27104, 1, 1 
40860, 1, 1 
50139, 1, 1 
26429, 1, 1 
29403, 1, 1 
30471, 1, 1 
17960, 1, 1 
43446, 1, 1 
50789, 1, 1 
11387, 1, 1 
24466, 1, 1 
40148, 1, 1 
8331, 1, 1 
39805, 1, 1 
34512, 1, 1 
16076, 1, 1 
23181, 1, 1 
16061, 1, 1 
43897, 1, 1 
16308, 1, 1 
11630, 1, 1 
23727, 1, 1 
15669, 1, 1 
47735, 1, 1 
59872, 1, 1 
47129, 1, 1 
35370, 1, 1 
47291, 1, 1 
16983, 1, 1 
46165, 1, 1 
8985, 1, 1 
44693, 1, 1 
44079, 1, 1 
6328, 1, 1 
6748, 1, 1 
2767, 1, 1 
30966, 1, 1 
58120, 1, 1 
11135, 1, 1 
45996, 1, 1 
30607, 1, 1 
32534, 1, 1 
10040, 1, 1 
20135, 1, 1 
7363, 1, 1 
45955, 1, 1 
16674, 1, 1 
36141, 1, 1 
51801, 1, 1 
39512, 1, 1 
49284, 1, 1 
18833, 1, 1 
59233, 1, 1 
7656, 1, 1 
11143, 1, 1 
40359, 1, 1 
5301, 1, 1 
53824, 1, 1 
19507, 1, 1 
21905, 1, 1 
38097, 1, 1 
56757, 1, 1 
23501, 1, 1 
20987, 1, 1 
25719, 1, 1 
39905, 1, 1 
27634, 1, 1 
22812, 1, 1 
3237, 1, 1 
4390, 1, 1 
43583, 1, 1 
18421, 1, 1 
19613, 1, 1 
15271, 1, 1 
1003, 1, 1 
5012, 1, 1 
38677, 1, 1 
54809, 1, 1 
26944, 1, 1 
48645, 1, 1 
13825, 1, 1 
32710, 1, 1 
20627, 1, 1 
32597, 1, 1 
18659, 1, 1 
15805, 1, 1 
56831, 1, 1 
36433, 1, 1 
34199, 1, 1 
57069, 1, 1 
10985, 1, 1 
1676, 1, 1 
52850, 1, 1 
8989, 1, 1 
59519, 1, 1 
58935, 1, 1 
52411, 1, 1 
39352, 1, 1 
44065, 1, 1 
21984, 1, 1 
8704, 1, 1 
28196, 1, 1 
54716, 1, 1 
39554, 1, 1 
54611, 1, 1 
16930, 1, 1 
1681, 1, 1 
593, 1, 1 
42175, 1, 1 
19486, 1, 1 
5174, 1, 1 
50356, 1, 1 
29479, 1, 1 
22452, 1, 1 
13090, 1, 1 
16805, 1, 1 
25687, 1, 1 
20887, 1, 1 
29480, 1, 1 
9895, 1, 1 
52254, 1, 1 
42602, 1, 1 
51932, 1, 1 
59671, 1, 1 
53627, 1, 1 
11604, 1, 1 
57516, 1, 1 
28292, 1, 1 
13113, 1, 1 
1936, 1, 1 
50130, 1, 1 
28100, 1, 1 
16181, 1, 1 
33433, 1, 1 
17232, 1, 1 
26087, 1, 1 
18940, 1, 1 
9809, 2, 2 
45745, 2, 2 
6637, 2, 2 
21636, 2, 2 
5890, 2, 2 
43351, 2, 2 
29594, 2, 2 
55089, 2, 2 
24036, 2, 2 
27587, 2, 2 
28453, 2, 2 
21366, 2, 2 
13313, 2, 2 
4371, 2, 2 
19886, 2, 2 
1727, 2, 2 
54956, 2, 2 
17339, 2, 2 
37631, 2, 2 
8831, 2, 2 
27385, 2, 2 
12091, 2, 2 
36568, 2, 2 
34131, 2, 2 
33213, 2, 2 
9939, 2, 2 
35644, 2, 2 
30561, 2, 2 
3826, 2, 2 
29626, 2, 2 
59855, 2, 2 
11552, 2, 2 
5013, 2, 2 
28284, 2, 2 
50218, 2, 2 
28566, 2, 2 
24203, 2, 2 
15039, 2, 2 
29267, 2, 2 
39434, 2, 2 
45958, 2, 2 
25991, 2, 2 
30810, 2, 2 
22236, 2, 2 
23194, 2, 2 
52011, 2, 2 
53029, 2, 2 
21788, 2, 2 
41348, 2, 2 
11971, 2, 2 
54551, 2, 2 
58728, 2, 2 
24015, 2, 2 
1714, 2, 2 
30291, 2, 2 
47573, 2, 2 
37491, 2, 2 
29717, 2, 2 
11519, 2, 2 
7654, 2, 2 
42633, 2, 2 
50640, 2, 2 
34202, 2, 2 
42019, 2, 2 
44585, 2, 2 
30027, 2, 2 
56335, 2, 2 
14458, 2, 2 
20930, 2, 2 
49598, 2, 2 
5095, 2, 2 
4851, 2, 2 
40151, 2, 2 
35315, 2, 2 
53491, 2, 2 
58373, 2, 2 
8631, 2, 2 
38547, 2, 2 
5297, 2, 2 
23371, 2, 2 
59897, 2, 2 
50953, 2, 2 
59797, 2, 2 
46212, 2, 2 
24249, 2, 2 
14302, 2, 2 
53571, 2, 2 
43826, 2, 2 
36982, 2, 2 
47228, 2, 2 
34436, 2, 2 
2309, 2, 2 
14835, 2, 2 
48063, 2, 2 
15461, 2, 2 
5345, 2, 2 
40622, 2, 2 
49067, 2, 2 
22930, 2, 2 
7673, 2, 2 
25974, 2, 2 
23982, 2, 2 
25492, 2, 2 
56655, 2, 2 
34310, 2, 2 
27652, 2, 2 
54541, 2, 2 
2346, 2, 2 
47649, 2, 2 
12135, 2, 2 
15391, 2, 2 
45414, 2, 2 
19939, 2, 2 
38221, 2, 2 
2979, 2, 2 
47113, 2, 2 
11242, 2, 2 
39587, 2, 2 
12815, 2, 2 
50705, 2, 2 
48536, 2, 2 
38033, 2, 2 
52016, 2, 2 
49089, 2, 2 
23718, 2, 2 
10368, 2, 2 
41672, 2, 2 
47598, 2, 2 
9604, 2, 2 
807, 2, 2 
16057, 2, 2 
4856, 2, 2 
51118, 2, 2 
11364, 2, 2 
13820, 2, 2 
45342, 2, 2 
58581, 2, 2 
47023, 2, 2 
813, 2, 2 
4437, 2, 2 
13722, 2, 2 
38430, 2, 2 
44847, 2, 2 
4835, 2, 2 
40948, 2, 2 
53013, 2, 2 
34964, 2, 2 
54350, 2, 2 
54033, 2, 2 
5744, 2, 2 
26431, 2, 2 
2450, 2, 2 
18084, 2, 2 
171, 2, 2 
36127, 2, 2 
15270, 2, 2 
30975, 2, 2 
7732, 2, 2 
4610, 2, 2 
53008, 2, 2 
22611, 2, 2 
4096, 2, 2 
21796, 2, 2 
49605, 2, 2 
51787, 2, 2 
31508, 2, 2 
45130, 2, 2 
14040, 2, 2 
13928, 2, 2 
58071, 2, 2 
26577, 2, 2 
42159, 2, 2 
22056, 2, 2 
25920, 2, 2 
180, 2, 2 
43254, 2, 2 
27888, 2, 2 
54271, 2, 2 
54330, 2, 2 
53340, 2, 2 
1213, 2, 2 
19602, 2, 2 
54674, 2, 2 
39147, 2, 2 
25787, 2, 2 
47515, 2, 2 
28436, 2, 2 
39918, 2, 2 
11203, 2, 2 
57999, 2, 2 
3791, 2, 2 
53322, 2, 2 
22612, 2, 2 
8293, 2, 2 
17265, 2, 2 
24269, 2, 2 
53772, 2, 2 
23675, 2, 2 
54848, 2, 2 
4550, 2, 2 
45088, 3, 3 
35613, 3, 3 
32794, 3, 3 
54845, 3, 3 
34995, 3, 3 
24338, 3, 3 
43762, 3, 3 
10415, 3, 3 
19865, 3, 3 
17295, 3, 3 
15647, 3, 3 
10034, 3, 3 
1935, 3, 3 
11321, 3, 3 
36093, 3, 3 
57920, 3, 3 
14025, 3, 3 
7433, 3, 3 
861, 3, 3 
14200, 3, 3 
2107, 3, 3 
54560, 3, 3 
3674, 3, 3 
22675, 3, 3 
22049, 3, 3 
22474, 3, 3 
3171, 3, 3 
59038, 3, 3 
33583, 3, 3 
33760, 3, 3 
31775, 3, 3 
24886, 3, 3 
46117, 3, 3 
27349, 3, 3 
27032, 3, 3 
6809, 3, 3 
42962, 3, 3 
22578, 3, 3 
31825, 3, 3 
33880, 3, 3 
28344, 3, 3 
7762, 3, 3 
36555, 3, 3 
39928, 3, 3 
52661, 3, 3 
43552, 3, 3 
14447, 3, 3 
14738, 3, 3 
59535, 3, 3 
26651, 3, 3 
10260, 3, 3 
19342, 3, 3 
11804, 3, 3 
46061, 3, 3 
48732, 3, 3 
29763, 3, 3 
33875, 3, 3 
18812, 3, 3 
6428, 3, 3 
2931, 3, 3 
34805, 3, 3 
50975, 3, 3 
17766, 3, 3 
25284, 3, 3 
13894, 3, 3 
25996, 3, 3 
25296, 3, 3 
27649, 3, 3 
42794, 3, 3 
11511, 3, 3 
10000, 3, 3 
43393, 3, 3 
3452, 3, 3 
36449, 3, 3 
56275, 3, 3 
19863, 3, 3 
24059, 3, 3 
8054, 3, 3 
53039, 3, 3 
38341, 3, 3 
35043, 3, 3 
59352, 3, 3 
42906, 3, 3 
17521, 3, 3 
5967, 3, 3 
41850, 3, 3 
21221, 3, 3 
45636, 3, 3 
48179, 3, 3 
20952, 3, 3 
29936, 3, 3 
55071, 3, 3 
41436, 3, 3 
20201, 3, 3 
29232, 3, 3 
47746, 3, 3 
9080, 3, 3 
5031, 3, 3 
43759, 3, 3 
26975, 3, 3 
49431, 3, 3 
59014, 3, 3 
39215, 3, 3 
1469, 3, 3 
42178, 3, 3 
38983, 3, 3 
39240, 3, 3 
15769, 3, 3 
878, 3, 3 
12117, 3, 3 
22695, 3, 3 
38797, 3, 3 
33146, 3, 3 
18120, 3, 3 
50012, 3, 3 
37373, 3, 3 
4506, 3, 3 
24731, 3, 3 
54140, 3, 3 
30284, 3, 3 
34672, 3, 3 
31379, 3, 3 
20800, 3, 3 
30041, 3, 3 
5567, 3, 3 
36542, 3, 3 
40382, 3, 3 
24042, 3, 3 
29504, 3, 3 
35376, 3, 3 
51196, 3, 3 
37042, 3, 3 
47539, 3, 3 
49859, 3, 3 
51534, 3, 3 
30571, 3, 3 
47481, 3, 3 
998, 3, 3 
1778, 3, 3 
37166, 3, 3 
28107, 3, 3 
47760, 3, 3 
48746, 3, 3 
54008, 3, 3 
32314, 3, 3 
52415, 3, 3 
38049, 3, 3 
54242, 3, 3 
6576, 3, 3 
24789, 3, 3 
26154, 3, 3 
17324, 3, 3 
27671, 3, 3 
23337, 3, 3 
3614, 3, 3 
32114, 3, 3 
2180, 3, 3 
44058, 3, 3 
48064, 3, 3 
46815, 3, 3 
13615, 3, 3 
24176, 3, 3 
15233, 3, 3 
11714, 3, 3 
32586, 3, 3 
24763, 3, 3 
3471, 3, 3 
44280, 3, 3 
40256, 3, 3 
51106, 3, 3 
36046, 3, 3 
56621, 3, 3 
12392, 3, 3 
47095, 3, 3 
38239, 3, 3 
14878, 3, 3 
22155, 3, 3 
38399, 3, 3 
32444, 3, 3 
43171, 3, 3 
49077, 3, 3 
21320, 3, 3 
5926, 3, 3 
6489, 3, 3 
10728, 3, 3 
18895, 3, 3 
2350, 3, 3 
36189, 3, 3 
37524, 3, 3 
17330, 3, 3 
34188, 3, 3 
46634, 3, 3 
18169, 3, 3 
58343, 3, 3 
40743, 3, 3 
40520, 3, 3 
37703, 3, 3 
15097, 3, 3 
32539, 3, 3 
6450, 3, 3 
38737, 4, 4 
41921, 4, 4 
59144, 4, 4 
22051, 4, 4 
39024, 4, 4 
43756, 4, 4 
15313, 4, 4 
18726, 4, 4 
25053, 4, 4 
59599, 4, 4 
8508, 4, 4 
21152, 4, 4 
8973, 4, 4 
15514, 4, 4 
49102, 4, 4 
53134, 4, 4 
21770, 4, 4 
19404, 4, 4 
20230, 4, 4 
59501, 4, 4 
29024, 4, 4 
27914, 4, 4 
31433, 4, 4 
39117, 4, 4 
32032, 4, 4 
25086, 4, 4 
10631, 4, 4 
20149, 4, 4 
48690, 4, 4 
29207, 4, 4 
43688, 4, 4 
15841, 4, 4 
14966, 4, 4 
42995, 4, 4 
677, 4, 4 
3184, 4, 4 
48595, 4, 4 
43370, 4, 4 
58847, 4, 4 
8011, 4, 4 
48660, 4, 4 
8874, 4, 4 
58151, 4, 4 
12711, 4, 4 
10912, 4, 4 
12033, 4, 4 
12687, 4, 4 
25255, 4, 4 
37076, 4, 4 
26352, 4, 4 
23103, 4, 4 
4169, 4, 4 
48313, 4, 4 
19375, 4, 4 
47252, 4, 4 
32558, 4, 4 
4410, 4, 4 
15543, 4, 4 
8534, 4, 4 
34406, 4, 3 
2089, 4, 4 
21999, 4, 4 
8560, 4, 4 
55351, 4, 4 
5854, 4, 4 
48819, 4, 4 
38270, 4, 4 
22771, 4, 4 
41913, 4, 4 
7204, 4, 4 
59589, 4, 4 
39368, 4, 4 
2753, 4, 4 
33650, 4, 4 
3235, 4, 4 
15783, 4, 4 
19059, 4, 4 
51482, 4, 4 
54729, 4, 4 
58231, 4, 4 
58840, 4, 4 
49501, 4, 4 
15852, 4, 4 
50189, 4, 4 
21792, 4, 4 
37311, 4, 4 
10558, 4, 4 
25313, 4, 4 
4433, 4, 4 
50889, 4, 4 
53149, 4, 4 
17934, 4, 4 
26652, 4, 4 
56620, 4, 4 
48376, 4, 4 
11740, 4, 4 
3018, 4, 4 
11967, 4, 4 
12398, 4, 4 
57530, 4, 4 
22434, 4, 4 
16969, 4, 4 
23692, 4, 4 
30529, 4, 4 
44213, 4, 4 
10549, 4, 4 
27979, 4, 4 
46530, 4, 4 
17076, 4, 4 
2317, 4, 4 
35904, 4, 4 
21830, 4, 4 
12922, 4, 4 
39551, 4, 4 
47558, 4, 4 
25410, 4, 4 
40169, 4, 4 
46097, 4, 4 
3074, 4, 4 
12064, 4, 4 
33679, 4, 4 
52522, 4, 4 
48410, 4, 4 
57209, 4, 4 
6127, 4, 4 
15615, 4, 4 
6519, 4, 4 
6812, 4, 4 
49994, 4, 4 
23208, 4, 4 
53327, 4, 4 
53965, 4, 4 
13901, 4, 4 
17321, 4, 4 
25380, 4, 4 
33204, 4, 4 
37899, 4, 4 
4959, 4, 4 
56375, 4, 4 
14424, 4, 4 
4782, 4, 4 
12102, 4, 4 
19299, 4, 4 
5796, 4, 4 
58823, 4, 4 
21077, 4, 4 
27948, 4, 4 
20396, 4, 4 
56951, 4, 4 
44731, 4, 4 
7357, 4, 4 
30506, 4, 4 
34744, 4, 4 
38671, 4, 4 
1473, 4, 4 
50486, 4, 4 
5689, 4, 4 
2451, 4, 4 
14976, 4, 4 
50339, 4, 4 
31860, 4, 4 
17604, 4, 4 
26890, 4, 4 
36791, 4, 4 
1762, 4, 4 
25419, 4, 4 
57279, 4, 4 
23135, 4, 4 
24084, 4, 4 
54179, 4, 4 
44053, 4, 4 
15719, 4, 4 
20447, 4, 4 
33952, 4, 4 
13878, 4, 4 
31235, 4, 4 
2264, 4, 4 
4346, 4, 4 
12028, 4, 4 
39791, 4, 4 
20702, 4, 4 
18905, 4, 4 
35227, 4, 4 
43364, 4, 4 
7464, 4, 4 
50846, 4, 4 
24506, 4, 4 
41626, 4, 4 
19192, 4, 4 
30868, 4, 4 
2416, 4, 4 
55860, 4, 4 
21797, 4, 4 
48970, 4, 4 
5945, 4, 4 
25194, 4, 4 
58650, 4, 4 
58432, 4, 4 
22607, 4, 4 
21561, 4, 4 
56224, 5, 5 
1955, 5, 5 
11338, 5, 5 
10441, 5, 5 
49991, 5, 5 
25259, 5, 5 
59701, 5, 6 
31554, 5, 5 
31820, 5, 5 
17794, 5, 5 
3988, 5, 5 
7444, 5, 5 
16629, 5, 5 
16494, 5, 5 
24128, 5, 5 
3705, 5, 5 
28477, 5, 5 
956, 5, 5 
35114, 5, 5 
56116, 5, 5 
26404, 5, 5 
55794, 5, 5 
36999, 5, 5 
26466, 5, 5 
13466, 5, 5 
3141, 5, 5 
37680, 5, 5 
59278, 5, 5 
7591, 5, 5 
14180, 5, 5 
40290, 5, 5 
22517, 5, 5 
11638, 5, 5 
28608, 5, 5 
53675, 5, 5 
10434, 5, 5 
55394, 5, 5 
54442, 5, 5 
2968, 5, 5 
837, 5, 5 
2775, 5, 5 
19980, 5, 5 
35247, 5, 5 
12488, 5, 5 
18882, 5, 5 
3819, 5, 5 
19676, 5, 5 
42687, 5, 5 
15041, 5, 5 
38285, 5, 5 
23264, 5, 5 
14251, 5, 5 
58270, 5, 5 
15358, 5, 5 
2412, 5, 5 
5453, 5, 5 
54091, 5, 5 
25295, 5, 5 
35274, 5, 5 
2755, 5, 5 
39516, 5, 5 
2172, 5, 5 
44253, 5, 5 
51886, 5, 5 
15116, 5, 5 
51822, 5, 5 
332, 5, 5 
19607, 5, 5 
44760, 5, 5 
40041, 5, 5 
19430, 5, 5 
6981, 5, 5 
48367, 5, 5 
32702, 5, 5 
43651, 5, 5 
53971, 5, 5 
58655, 5, 5 
26017, 5, 5 
50718, 5, 5 
2193, 5, 5 
48769, 5, 5 
47889, 5, 5 
19719, 5, 5 
45072, 5, 5 
2056, 5, 5 
38896, 5, 5 
33825, 5, 5 
47319, 5, 5 
32915, 5, 5 
48971, 5, 5 
54002, 5, 5 
59234, 5, 5 
30957, 5, 5 
13058, 5, 5 
13234, 5, 5 
15975, 5, 5 
47348, 5, 5 
2182, 5, 5 
17915, 5, 5 
25283, 5, 5 
51367, 5, 5 
19476, 5, 5 
57470, 5, 5 
29150, 5, 5 
18822, 5, 5 
23912, 5, 5 
614, 5, 5 
29924, 5, 5 
48249, 5, 5 
33137, 5, 5 
24792, 5, 5 
56032, 5, 5 
45894, 5, 5 
37226, 5, 5 
23918, 5, 5 
54246, 5, 5 
43221, 5, 5 
49825, 5, 5 
39271, 5, 5 
22470, 5, 5 
7279, 5, 5 
24166, 5, 5 
47591, 5, 5 
10536, 5, 5 
55905, 5, 5 
22186, 5, 5 
43523, 5, 5 
14854, 5, 5 
19001, 5, 5 
39952, 5, 5 
42337, 5, 5 
33713, 5, 5 
16592, 5, 5 
8392, 5, 5 
24708, 5, 5 
19759, 5, 5 
59430, 5, 5 
21563, 5, 5 
39573, 5, 5 
44753, 5, 5 
49905, 5, 3 
24232, 5, 5 
11587, 5, 5 
15000, 5, 5 
22030, 5, 5 
42237, 5, 5 
15378, 5, 5 
46787, 5, 5 
3301, 5, 5 
50398, 5, 5 
27053, 5, 5 
16780, 5, 5 
38698, 5, 5 
12937, 5, 5 
43587, 5, 5 
30572, 5, 5 
59196, 5, 5 
46576, 5, 5 
21206, 5, 5 
35628, 5, 5 
20381, 5, 5 
10814, 5, 5 
13716, 5, 5 
38533, 5, 5 
18934, 5, 5 
57489, 5, 5 
40434, 5, 5 
37448, 5, 5 
8260, 5, 5 
38477, 5, 5 
41278, 5, 5 
32724, 5, 5 
10804, 5, 5 
10871, 5, 5 
3635, 5, 5 
25483, 5, 5 
23920, 5, 5 
5378, 5, 5 
40748, 5, 5 
35310, 5, 5 
3126, 5, 5 
9171, 5, 5 
26823, 5, 5 
5056, 5, 5 
24960, 5, 5 
26655, 5, 5 
9450, 5, 5 
32039, 5, 5 
11569, 5, 5 
17869, 5, 5 
39765, 5, 5 
7137, 5, 5 
28762, 5, 5 
51973, 5, 5 
15070, 5, 5 
26615, 5, 5 
13551, 5, 5 
50549, 5, 5 
52284, 5, 5 
37582, 5, 5 
16648, 6, 6 
58027, 6, 6 
23694, 6, 6 
6876, 6, 6 
12468, 6, 6 
1980, 6, 6 
44649, 6, 6 
59000, 6, 6 
52494, 6, 6 
46898, 6, 6 
42921, 6, 6 
56830, 6, 6 
34628, 6, 6 
35047, 6, 6 
33919, 6, 6 
57508, 6, 6 
5948, 6, 6 
35817, 6, 6 
33548, 6, 6 
3869, 6, 6 
19723, 6, 6 
15188, 6, 6 
14437, 6, 6 
5709, 6, 6 
27190, 6, 6 
8733, 6, 6 
25834, 6, 6 
46994, 6, 6 
56916, 6, 6 
1323, 6, 6 
32357, 6, 6 
31411, 6, 6 
14676, 6, 6 
6673, 6, 6 
41060, 6, 6 
57529, 6, 6 
39887, 6, 6 
47045, 6, 6 
43281, 6, 6 
30440, 6, 6 
38185, 6, 6 
7581, 6, 6 
50938, 6, 6 
32381, 6, 6 
41308, 6, 6 
41242, 6, 6 
23566, 6, 6 
49296, 6, 6 
20949, 6, 6 
3229, 6, 6 
42729, 6, 6 
16088, 6, 6 
31998, 6, 6 
43457, 6, 6 
5931, 6, 6 
18094, 6, 6 
57140, 6, 6 
51293, 6, 6 
28255, 6, 6 
46189, 6, 6 
59907, 6, 6 
33474, 6, 6 
52387, 6, 6 
19960, 6, 6 
33178, 6, 6 
40798, 6, 6 
3706, 6, 6 
23780, 6, 6 
51734, 6, 6 
57463, 6, 6 
31268, 6, 6 
37254, 6, 6 
43225, 6, 6 
40484, 6, 6 
13977, 6, 6 
15386, 6, 6 
15320, 6, 6 
44365, 6, 6 
11819, 6, 6 
52351, 6, 6 
21195, 6, 6 
44330, 6, 6 
40009, 6, 6 
57587, 6, 6 
4943, 6, 6 
26777, 6, 6 
19881, 6, 6 
46861, 6, 6 
50932, 6, 6 
10174, 6, 6 
311, 6, 6 
35968, 6, 6 
39112, 6, 6 
4214, 6, 6 
1327, 6, 6 
24157, 6, 6 
23900, 6, 6 
41344, 6, 6 
47954, 6, 6 
238, 6, 6 
55725, 6, 6 
15032, 6, 6 
25777, 6, 6 
56582, 6, 6 
20736, 6, 6 
16957, 6, 6 
37277, 6, 6 
29275, 6, 6 
47705, 6, 6 
41586, 6, 6 
49931, 6, 6 
40641, 6, 6 
38681, 6, 6 
25183, 6, 6 
1398, 6, 6 
58176, 6, 6 
30387, 6, 6 
4463, 6, 6 
17332, 6, 6 
9635, 6, 6 
16668, 6, 6 
1414, 6, 6 
58443, 6, 6 
11401, 6, 6 
31147, 6, 6 
46676, 6, 6 
28576, 6, 6 
7389, 6, 6 
19066, 6, 6 
56936, 6, 6 
1726, 6, 6 
30818, 6, 6 
37370, 6, 6 
34776, 6, 6 
10930, 6, 6 
38996, 6, 6 
58111, 6, 6 
7991, 6, 6 
58554, 6, 6 
28333, 6, 6 
2533, 6, 6 
47343, 6, 6 
9719, 6, 6 
19385, 6, 6 
41111, 6, 6 
57010, 6, 6 
59679, 6, 6 
47772, 6, 6 
21844, 6, 6 
14328, 6, 6 
20637, 6, 6 
33076, 6, 6 
24458, 6, 6 
35033, 6, 6 
18608, 6, 6 
26482, 6, 6 
29147, 6, 6 
44319, 6, 6 
24488, 6, 6 
4249, 6, 6 
42450, 6, 6 
12088, 6, 6 
10289, 6, 6 
15652, 6, 6 
55245, 6, 6 
18772, 6, 6 
59853, 6, 6 
367, 6, 6 
21862, 6, 6 
15334, 6, 6 
35564, 6, 6 
29987, 6, 6 
32969, 6, 6 
27339, 6, 6 
24957, 6, 6 
18149, 6, 6 
17773, 6, 6 
20154, 6, 6 
52837, 6, 6 
49593, 6, 6 
21081, 6, 6 
3952, 6, 6 
1642, 6, 6 
33742, 6, 6 
30727, 6, 6 
5750, 6, 6 
58522, 6, 6 
55019, 6, 6 
42937, 6, 6 
5230, 6, 6 
29221, 6, 6 
30945, 6, 6 
23785, 6, 6 
19272, 6, 6 
6693, 6, 6 
42027, 6, 6 
17589, 6, 6 
38347, 6, 6 
48133, 6, 6 
59642, 6, 6 
56895, 7, 7 
56077, 7, 7 
50743, 7, 7 
1343, 7, 7 
13756, 7, 7 
20295, 7, 7 
21937, 7, 7 
8401, 7, 7 
59524, 7, 7 
29799, 7, 7 
54274, 7, 7 
36531, 7, 7 
30462, 7, 7 
58310, 7, 7 
51839, 7, 7 
48170, 7, 7 
11188, 7, 7 
16978, 7, 7 
22498, 7, 7 
683, 7, 7 
7380, 7, 7 
26356, 7, 7 
34677, 7, 7 
43461, 7, 7 
40700, 7, 7 
31992, 7, 7 
11778, 7, 7 
17282, 7, 7 
55444, 7, 7 
33062, 7, 7 
45844, 7, 7 
56472, 7, 7 
6866, 7, 7 
26894, 7, 7 
53525, 7, 7 
24975, 7, 7 
48562, 7, 7 
18873, 7, 7 
4353, 7, 7 
34934, 7, 7 
28982, 7, 7 
45645, 7, 7 
35372, 7, 7 
16594, 7, 7 
27357, 7, 7 
33499, 7, 7 
48146, 7, 7 
839, 7, 7 
38794, 7, 7 
37279, 7, 7 
32687, 7, 7 
17962, 7, 7 
948, 7, 7 
47416, 7, 7 
41113, 7, 7 
31879, 7, 7 
34935, 7, 7 
15792, 7, 7 
39053, 7, 7 
32649, 7, 7 
6986, 7, 7 
54995, 7, 7 
22911, 7, 7 
24797, 7, 7 
17696, 7, 7 
2187, 7, 7 
6528, 7, 7 
34233, 7, 7 
5264, 7, 7 
28399, 7, 7 
1353, 7, 7 
46160, 7, 7 
5472, 7, 7 
53725, 7, 7 
46429, 7, 7 
55422, 7, 7 
10648, 7, 7 
5447, 7, 7 
49516, 7, 7 
29109, 7, 7 
4317, 7, 7 
57365, 7, 7 
54696, 7, 7 
30313, 7, 7 
3948, 7, 7 
25705, 7, 7 
45865, 7, 7 
30513, 7, 7 
4946, 7, 7 
55535, 7, 7 
1157, 7, 7 
39659, 7, 7 
14053, 7, 7 
34951, 7, 7 
43710, 7, 7 
1072, 7, 7 
37573, 7, 7 
48490, 7, 7 
28205, 7, 7 
52181, 7, 7 
21710, 7, 7 
21915, 7, 7 
59745, 7, 7 
6600, 7, 7 
48874, 7, 7 
45895, 7, 7 
27709, 7, 7 
33455, 7, 7 
55518, 7, 7 
33082, 7, 7 
57376, 7, 7 
4799, 7, 7 
39868, 7, 7 
30672, 7, 7 
24964, 7, 7 
43528, 7, 7 
17946, 7, 7 
25348, 7, 7 
19493, 7, 7 
11085, 7, 7 
47325, 7, 7 
31331, 7, 7 
51523, 7, 7 
35845, 7, 7 
9429, 7, 7 
47117, 7, 7 
19592, 7, 7 
28201, 7, 7 
158, 7, 7 
44536, 7, 7 
12597, 7, 7 
9267, 7, 7 
41700, 7, 7 
40891, 7, 7 
51166, 7, 7 
33307, 7, 7 
16079, 7, 7 
9382, 7, 7 
3081, 7, 7 
44832, 7, 7 
51832, 7, 7 
20312, 7, 7 
2386, 7, 7 
42416, 7, 7 
30641, 7, 7 
8576, 7, 7 
46874, 7, 7 
16609, 7, 7 
518, 7, 7 
39013, 7, 7 
40675, 7, 7 
11736, 7, 7 
12278, 7, 7 
37898, 7, 7 
17440, 7, 7 
43860, 7, 7 
41919, 7, 7 
28180, 7, 7 
28053, 7, 7 
51174, 7, 7 
49472, 7, 7 
49921, 7, 7 
11798, 7, 7 
32291, 7, 7 
56680, 7, 7 
23164, 7, 7 
2852, 7, 7 
11566, 7, 7 
59348, 7, 7 
16990, 7, 7 
33988, 7, 7 
53431, 7, 7 
1114, 7, 7 
2881, 7, 7 
21133, 7, 7 
340, 7, 7 
8476, 7, 7 
39261, 7, 7 
10940, 7, 7 
57718, 7, 7 
1451, 7, 7 
42200, 7, 7 
38788, 7, 7 
1891, 7, 7 
30657, 7, 7 
888, 7, 7 
42094, 7, 7 
57099, 7, 7 
48691, 7, 7 
53094, 7, 7 
18844, 7, 7 
30259, 7, 7 
28417, 7, 7 
1412, 7, 7 
57949, 7, 7 
33504, 7, 7 
5089, 7, 7 
16197, 7, 7 
22626, 7, 7 
24181, 7, 7 
32093, 8, 8 
21593, 8, 8 
26379, 8, 8 
55611, 8, 8 
30964, 8, 8 
49377, 8, 8 
13422, 8, 8 
20938, 8, 8 
10444, 8, 8 
343, 8, 8 
39242, 8, 8 
38581, 8, 8 
31985, 8, 8 
52425, 8, 8 
9345, 8, 8 
31781, 8, 8 
49176, 8, 8 
16263, 8, 8 
35323, 8, 8 
3251, 8, 8 
16172, 8, 8 
4745, 8, 8 
48115, 8, 8 
9732, 8, 8 
33557, 8, 8 
31035, 8, 8 
37278, 8, 8 
13559, 8, 8 
48296, 8, 8 
33451, 8, 8 
2382, 8, 8 
56428, 8, 8 
11239, 8, 8 
39391, 8, 8 
31329, 8, 8 
36635, 8, 8 
16252, 8, 8 
14495, 8, 8 
33338, 8, 3 
26145, 8, 8 
13402, 8, 8 
22604, 8, 8 
17527, 8, 8 
40306, 8, 8 
38844, 8, 8 
51754, 8, 8 
29092, 8, 8 
11827, 8, 8 
54919, 8, 8 
51014, 8, 8 
43534, 8, 8 
13680, 8, 8 
3526, 8, 8 
1388, 8, 8 
14902, 8, 8 
24027, 8, 8 
24007, 8, 8 
23817, 8, 8 
7775, 8, 8 
52306, 8, 8 
33778, 8, 8 
48475, 8, 8 
29933, 8, 8 
40134, 8, 8 
21282, 8, 8 
37778, 8, 8 
3816, 8, 8 
36845, 8, 8 
3432, 8, 8 
2303, 8, 8 
20037, 8, 8 
11724, 8, 8 
20906, 8, 8 
48668, 8, 8 
36114, 8, 8 
3225, 8, 8 
32747, 8, 2 
58122, 8, 8 
48756, 8, 8 
27998, 8, 8 
27973, 8, 8 
51601, 8, 8 
26557, 8, 8 
38510, 8, 8 
58046, 8, 8 
29172, 8, 8 
25143, 8, 8 
57988, 8, 8 
42880, 8, 3 
25674, 8, 8 
13888, 8, 8 
28181, 8, 8 
13866, 8, 8 
35460, 8, 8 
53170, 8, 8 
10817, 8, 8 
17975, 8, 8 
49400, 8, 8 
31468, 8, 8 
26719, 8, 8 
15919, 8, 8 
16231, 8, 8 
39104, 8, 8 
5360, 8, 8 
25275, 8, 8 
18952, 8, 8 
32000, 8, 8 
10733, 8, 8 
44007, 8, 8 
2958, 8, 5 
13118, 8, 8 
3273, 8, 8 
29208, 8, 8 
39091, 8, 8 
47892, 8, 8 
42365, 8, 8 
44702, 8, 8 
35038, 8, 8 
31801, 8, 8 
59844, 8, 8 
55211, 8, 8 
43447, 8, 8 
17756, 8, 8 
39308, 8, 8 
50505, 8, 8 
58232, 8, 8 
35005, 8, 8 
26908, 8, 8 
30803, 8, 8 
26515, 8, 8 
53417, 8, 8 
42208, 8, 8 
25477, 8, 8 
5853, 8, 8 
47484, 8, 8 
11940, 8, 8 
25583, 8, 8 
44118, 8, 8 
19570, 8, 8 
7836, 8, 8 
2476, 8, 8 
33490, 8, 8 
1964, 8, 8 
58643, 8, 8 
25228, 8, 8 
1464, 8, 8 
49129, 8, 8 
2685, 8, 8 
45050, 8, 8 
13655, 8, 3 
35928, 8, 8 
36179, 8, 8 
28643, 8, 8 
48280, 8, 8 
15723, 8, 8 
6940, 8, 8 
38623, 8, 8 
7704, 8, 8 
13354, 8, 8 
48037, 8, 8 
24359, 8, 8 
25819, 8, 8 
8955, 8, 8 
27096, 8, 8 
48002, 8, 8 
30844, 8, 8 
12309, 8, 8 
17924, 8, 8 
57276, 8, 8 
59861, 8, 8 
26122, 8, 8 
18580, 8, 8 
23383, 8, 8 
14211, 8, 8 
51394, 8, 8 
27399, 8, 8 
25710, 8, 8 
46969, 8, 8 
51307, 8, 8 
49525, 8, 2 
11413, 8, 8 
29183, 8, 8 
7425, 8, 8 
57244, 8, 8 
7681, 8, 8 
35764, 8, 8 
2482, 8, 8 
38849, 8, 8 
31103, 8, 8 
51565, 8, 8 
44652, 8, 8 
57898, 8, 8 
56623, 8, 8 
28891, 8, 8 
25362, 8, 8 
38476, 8, 8 
33771, 8, 8 
34397, 8, 8 
45706, 8, 8 
18414, 8, 8 
45304, 9, 9 
57033, 9, 9 
18602, 9, 9 
6589, 9, 9 
2956, 9, 9 
19113, 9, 9 
3076, 9, 9 
28564, 9, 9 
39199, 9, 9 
32777, 9, 9 
33255, 9, 9 
58081, 9, 9 
5093, 9, 9 
11909, 9, 9 
5478, 9, 9 
24009, 9, 9 
23945, 9, 9 
7478, 9, 9 
27993, 9, 9 
31417, 9, 9 
14317, 9, 9 
167, 9, 9 
36402, 9, 9 
28279, 9, 9 
409, 9, 9 
17347, 9, 9 
27430, 9, 9 
45370, 9, 9 
14436, 9, 9 
37002, 9, 9 
525, 9, 9 
46645, 9, 9 
7949, 9, 9 
56690, 9, 9 
56906, 9, 9 
17319, 9, 9 
43146, 9, 9 
11452, 9, 9 
19619, 9, 9 
54081, 9, 9 
18060, 9, 9 
6306, 9, 9 
43873, 9, 9 
26042, 9, 9 
30887, 9, 9 
39192, 9, 9 
1591, 9, 9 
7853, 9, 9 
14358, 9, 9 
21686, 9, 9 
20763, 9, 9 
27304, 9, 9 
4345, 9, 9 
31809, 9, 9 
59899, 9, 9 
13435, 9, 9 
4127, 9, 9 
2312, 9, 9 
15881, 9, 9 
34892, 9, 9 
8630, 9, 9 
49432, 9, 9 
37127, 9, 9 
7946, 9, 9 
20103, 9, 9 
50522, 9, 9 
38632, 9, 9 
48927, 9, 9 
53868, 9, 9 
59058, 9, 9 
9051, 9, 9 
6285, 9, 9 
58470, 9, 9 
32816, 9, 9 
11186, 9, 9 
39447, 9, 9 
50439, 9, 9 
12846, 9, 9 
1905, 9, 9 
49007, 9, 9 
20997, 9, 9 
29281, 9, 9 
45445, 9, 9 
43207, 9, 9 
18728, 9, 9 
30583, 9, 9 
15832, 9, 7 
43000, 9, 9 
59127, 9, 9 
30877, 9, 9 
36348, 9, 7 
25404, 9, 9 
42597, 9, 9 
23539, 9, 9 
6379, 9, 9 
17235, 9, 9 
18996, 9, 9 
59634, 9, 9 
35695, 9, 9 
52883, 9, 9 
16280, 9, 9 
53623, 9, 7 
46021, 9, 9 
34163, 9, 9 
38674, 9, 9 
55856, 9, 9 
19126, 9, 9 
49640, 9, 9 
17921, 9, 9 
37352, 9, 9 
56300, 9, 9 
30646, 9, 9 
29868, 9, 9 
19269, 9, 9 
49495, 9, 9 
15222, 9, 9 
59594, 9, 9 
50408, 9, 9 
52538, 9, 9 
35694, 9, 3 
56348, 9, 9 
51036, 9, 9 
17061, 9, 9 
34608, 9, 9 
40583, 9, 9 
49599, 9, 9 
22125, 9, 9 
56087, 9, 9 
20421, 9, 9 
28308, 9, 9 
16580, 9, 9 
18828, 9, 9 
6577, 9, 9 
10799, 9, 9 
55477, 9, 9 
53801, 9, 9 
3044, 9, 9 
20644, 9, 9 
17674, 9, 9 
19457, 9, 9 
27230, 9, 9 
44048, 9, 9 
304, 9, 7 
24246, 9, 9 
16541, 9, 9 
13646, 9, 9 
40128, 9, 9 
58699, 9, 9 
52034, 9, 9 
12889, 9, 9 
30360, 9, 9 
50110, 9, 9 
4975, 9, 9 
36058, 9, 9 
53337, 9, 9 
45525, 9, 9 
3202, 9, 9 
20184, 9, 9 
37779, 9, 9 
16602, 9, 9 
4378, 9, 9 
13982, 9, 9 
39998, 9, 9 
28194, 9, 9 
13996, 9, 3 
16953, 9, 9 
17002, 9, 9 
46741, 9, 9 
39869, 9, 9 
39718, 9, 9 
19728, 9, 9 
52929, 9, 9 
42512, 9, 9 
501, 9, 9 
20567, 9, 9 
6382, 9, 9 
27780, 9, 3 
41270, 9, 9 
32356, 9, 9 
48618, 9, 9 
13797, 9, 9 
55159, 9, 9 
28313, 9, 9 
37357, 9, 9 
9896, 9, 9 
30756, 9, 9 
7157, 9, 9 
35755, 9, 9 
56205, 9, 9 
6564, 9, 9 
8608, 9, 9 
3169, 9, 9 
55814, 9, 9 
38519, 9, 9 
13116, 9, 9 
50239, 9, 9 
46572, 9, 9 
12739, 9, 9 
40781, 9, 9 
6751, 9, 9 
