id, true label, predicted label 
28072, 0, 0 
18572, 0, 0 
55361, 0, 0 
39656, 0, 0 
5368, 0, 0 
59795, 0, 0 
47190, 0, 0 
21933, 0, 0 
46494, 0, 0 
9035, 0, 0 
5330, 0, 0 
17726, 0, 0 
59680, 0, 0 
4465, 0, 0 
47479, 0, 0 
37261, 0, 0 
3541, 0, 0 
58402, 0, 0 
53487, 0, 0 
25957, 0, 0 
46144, 0, 0 
1682, 0, 0 
1927, 0, 0 
26197, 0, 0 
13366, 0, 0 
38889, 0, 0 
20205, 0, 0 
52202, 0, 0 
7664, 0, 0 
81, 0, 0 
6802, 0, 0 
45386, 0, 0 
22063, 0, 0 
9753, 0, 0 
45741, 0, 0 
7944, 0, 0 
40486, 0, 0 
8000, 0, 0 
40040, 0, 0 
35896, 0, 0 
34634, 0, 0 
41318, 0, 0 
37529, 0, 0 
29677, 0, 0 
42038, 0, 0 
57995, 0, 0 
24640, 0, 0 
15864, 0, 0 
55664, 0, 0 
25166, 0, 0 
59605, 0, 0 
37, 0, 0 
45165, 0, 0 
36277, 0, 0 
38310, 0, 0 
11780, 0, 0 
35012, 0, 0 
41027, 0, 0 
35327, 0, 0 
59558, 0, 0 
21534, 0, 0 
33945, 0, 0 
43963, 0, 0 
33645, 0, 0 
56256, 0, 0 
28423, 0, 0 
5074, 0, 0 
7025, 0, 0 
7052, 0, 0 
44867, 0, 0 
52221, 0, 0 
13918, 0, 0 
58102, 0, 0 
55576, 0, 0 
22202, 0, 0 
42170, 0, 0 
8273, 0, 0 
2435, 0, 0 
47647, 0, 0 
3849, 0, 0 
48807, 0, 0 
19407, 0, 0 
27023, 0, 0 
45908, 0, 0 
40780, 0, 0 
26103, 0, 0 
17987, 0, 0 
24807, 0, 0 
40003, 0, 0 
26117, 0, 0 
13873, 0, 0 
8129, 0, 0 
25803, 0, 0 
38663, 0, 0 
52847, 0, 0 
24320, 0, 0 
33661, 0, 0 
12907, 0, 0 
2147, 0, 0 
9083, 0, 0 
57407, 0, 0 
54927, 0, 0 
13880, 0, 0 
7882, 0, 0 
5801, 0, 0 
48274, 0, 0 
11661, 0, 0 
44578, 0, 0 
55315, 0, 0 
50463, 0, 0 
9707, 0, 0 
40396, 0, 0 
4749, 0, 0 
13454, 0, 0 
15064, 0, 0 
4485, 0, 0 
52596, 0, 0 
33534, 0, 0 
48532, 0, 0 
31445, 0, 0 
53524, 0, 0 
51464, 0, 0 
32109, 0, 0 
1837, 0, 0 
46235, 0, 0 
11029, 0, 0 
20012, 0, 0 
52995, 0, 0 
47860, 0, 0 
21960, 0, 0 
19216, 0, 0 
34508, 0, 0 
37977, 0, 0 
48715, 0, 0 
3479, 0, 0 
18581, 0, 0 
14890, 0, 0 
36741, 0, 0 
41922, 0, 0 
1078, 0, 0 
5469, 0, 0 
43827, 0, 0 
7050, 0, 0 
54313, 0, 0 
43706, 0, 0 
13030, 0, 0 
41101, 0, 0 
41371, 0, 0 
33864, 0, 0 
32162, 0, 0 
42446, 0, 0 
49737, 0, 0 
23395, 0, 0 
26645, 0, 0 
58829, 0, 0 
41052, 0, 0 
52039, 0, 0 
39581, 0, 0 
2935, 0, 0 
24636, 0, 0 
56103, 0, 0 
33732, 0, 0 
13240, 0, 0 
36842, 0, 0 
52064, 0, 0 
50353, 0, 0 
29199, 0, 0 
9310, 0, 0 
36391, 0, 0 
53928, 0, 0 
20531, 0, 0 
54414, 0, 0 
25567, 0, 0 
57707, 0, 0 
27658, 0, 0 
7597, 0, 0 
57068, 0, 0 
1372, 0, 0 
41108, 0, 0 
435, 0, 0 
38744, 0, 0 
30363, 0, 0 
6615, 0, 0 
59536, 0, 0 
51598, 0, 0 
57629, 0, 0 
34251, 0, 0 
51308, 0, 0 
9834, 0, 0 
36975, 0, 0 
46446, 0, 0 
5627, 0, 0 
36589, 0, 0 
10975, 0, 0 
23060, 0, 0 
57811, 0, 0 
53124, 0, 0 
58350, 0, 0 
36809, 0, 0 
17534, 0, 0 
36164, 1, 1 
6463, 1, 1 
53427, 1, 1 
34937, 1, 1 
47910, 1, 1 
21991, 1, 1 
57109, 1, 1 
17232, 1, 1 
59559, 1, 1 
13510, 1, 1 
55415, 1, 1 
43469, 1, 1 
12486, 1, 1 
36851, 1, 1 
3602, 1, 1 
18792, 1, 1 
58887, 1, 1 
48363, 1, 1 
19243, 1, 1 
2086, 1, 1 
46015, 1, 1 
15730, 1, 1 
41640, 1, 1 
26581, 1, 1 
44288, 1, 1 
28479, 1, 1 
30225, 1, 1 
24625, 1, 1 
9331, 1, 1 
21829, 1, 1 
59189, 1, 1 
16475, 1, 1 
40327, 1, 1 
18339, 1, 1 
19841, 1, 1 
7496, 1, 1 
33535, 1, 1 
1095, 1, 1 
45051, 1, 1 
58238, 1, 1 
52622, 1, 1 
11228, 1, 1 
59036, 1, 1 
52627, 1, 1 
16907, 1, 1 
49919, 1, 1 
21060, 1, 1 
43980, 1, 1 
53468, 1, 1 
54775, 1, 1 
46185, 1, 1 
16278, 1, 1 
12578, 1, 1 
55502, 1, 1 
50232, 1, 1 
47621, 1, 1 
20064, 1, 1 
40909, 1, 1 
22343, 1, 1 
51136, 1, 1 
19768, 1, 1 
32675, 1, 1 
34272, 1, 1 
54816, 1, 1 
55310, 1, 1 
9474, 1, 1 
15428, 1, 1 
1909, 1, 1 
52657, 1, 1 
52073, 1, 1 
26133, 1, 1 
33652, 1, 1 
57780, 1, 1 
26295, 1, 1 
20536, 1, 1 
29407, 1, 1 
59085, 1, 1 
58773, 1, 1 
41536, 1, 1 
1680, 1, 1 
40178, 1, 1 
27831, 1, 1 
4998, 1, 1 
49521, 1, 1 
21944, 1, 1 
29518, 1, 1 
3758, 1, 1 
53667, 1, 1 
8402, 1, 1 
30612, 1, 1 
20749, 1, 1 
466, 1, 1 
36591, 1, 1 
4861, 1, 1 
12499, 1, 1 
54968, 1, 1 
35669, 1, 1 
56955, 1, 1 
6682, 1, 1 
53870, 1, 1 
8873, 1, 1 
42182, 1, 1 
43006, 1, 1 
33175, 1, 1 
56768, 1, 1 
9987, 1, 1 
8578, 1, 1 
3996, 1, 1 
39980, 1, 1 
24923, 1, 1 
17240, 1, 1 
39217, 1, 1 
833, 1, 1 
5073, 1, 1 
21101, 1, 1 
5824, 1, 1 
35642, 1, 1 
54087, 1, 1 
39049, 1, 1 
8903, 1, 1 
21424, 1, 1 
16287, 1, 1 
41879, 1, 1 
33480, 1, 1 
40056, 1, 1 
47993, 1, 1 
2970, 1, 1 
46417, 1, 1 
50857, 1, 1 
15722, 1, 1 
18179, 1, 1 
57931, 1, 1 
41805, 1, 1 
32070, 1, 1 
10376, 1, 1 
3703, 1, 1 
49395, 1, 1 
30047, 1, 1 
58091, 1, 1 
48044, 1, 1 
44561, 1, 1 
3851, 1, 1 
5691, 1, 1 
2110, 1, 1 
23030, 1, 1 
25569, 1, 1 
8543, 1, 1 
17695, 1, 1 
21818, 1, 1 
5054, 1, 1 
50396, 1, 1 
16107, 1, 1 
29479, 1, 1 
18705, 1, 1 
5256, 1, 1 
6365, 1, 1 
48226, 1, 1 
1910, 1, 1 
35159, 1, 1 
36794, 1, 1 
7007, 1, 1 
27003, 1, 1 
27276, 1, 1 
24288, 1, 1 
19651, 1, 1 
50489, 1, 1 
38311, 1, 1 
31427, 1, 1 
31537, 1, 1 
43764, 1, 1 
54693, 1, 1 
5176, 1, 1 
22560, 1, 1 
17750, 1, 1 
9332, 1, 1 
14860, 1, 1 
30564, 1, 1 
10058, 1, 1 
58451, 1, 1 
8625, 1, 1 
48931, 1, 1 
2599, 1, 1 
6709, 1, 1 
7131, 1, 1 
3831, 1, 1 
57037, 1, 1 
7837, 1, 1 
5571, 1, 1 
49731, 1, 1 
15575, 1, 1 
56192, 1, 1 
30607, 1, 1 
5483, 1, 1 
19018, 1, 1 
8705, 1, 1 
24904, 1, 1 
12771, 1, 1 
56048, 1, 1 
33394, 1, 1 
58600, 1, 1 
43689, 2, 2 
40951, 2, 2 
44133, 2, 2 
14551, 2, 2 
17089, 2, 2 
40580, 2, 2 
49907, 2, 2 
43376, 2, 2 
14139, 2, 2 
12916, 2, 2 
51751, 2, 2 
39899, 2, 2 
57658, 2, 2 
30719, 2, 2 
2769, 2, 2 
9179, 2, 2 
19833, 2, 2 
21692, 2, 2 
32744, 2, 2 
49409, 2, 2 
26326, 2, 2 
477, 2, 2 
28282, 2, 2 
15205, 2, 2 
15262, 2, 2 
56795, 2, 2 
15228, 2, 2 
29735, 2, 2 
4437, 2, 2 
8453, 2, 2 
7986, 2, 2 
44611, 2, 2 
26630, 2, 2 
32424, 2, 2 
32654, 2, 2 
6492, 2, 2 
58533, 2, 2 
24552, 2, 2 
41579, 2, 2 
2700, 2, 2 
43105, 2, 2 
40614, 2, 2 
53512, 2, 2 
41429, 2, 2 
58929, 2, 2 
27052, 2, 2 
21023, 2, 2 
29071, 2, 2 
16108, 2, 2 
39921, 2, 2 
51073, 2, 2 
32973, 2, 2 
26540, 2, 2 
37660, 2, 2 
38667, 2, 2 
44393, 2, 2 
15470, 2, 2 
15137, 2, 2 
35882, 2, 2 
17464, 2, 2 
8611, 2, 2 
33951, 2, 2 
51435, 2, 2 
47223, 2, 2 
27989, 2, 2 
20612, 2, 2 
46540, 2, 2 
48354, 2, 2 
23041, 2, 2 
25519, 2, 2 
3329, 2, 2 
22133, 2, 2 
14121, 2, 2 
52410, 2, 2 
54834, 2, 2 
14760, 2, 2 
54292, 2, 2 
23177, 2, 2 
253, 2, 2 
57416, 2, 2 
15802, 2, 2 
48118, 2, 2 
16857, 2, 2 
39170, 2, 2 
48698, 2, 2 
49580, 2, 2 
25437, 2, 2 
24449, 2, 2 
29612, 2, 2 
48178, 2, 2 
37367, 2, 2 
30191, 2, 2 
23026, 2, 2 
15799, 2, 2 
20028, 2, 2 
58418, 2, 2 
12223, 2, 2 
32901, 2, 2 
48536, 2, 2 
4398, 2, 2 
14063, 2, 2 
30746, 2, 2 
15185, 2, 2 
54375, 2, 2 
48598, 2, 2 
21470, 2, 2 
44371, 2, 2 
37560, 2, 2 
12861, 2, 2 
17992, 2, 2 
32510, 2, 2 
2866, 2, 2 
5377, 2, 2 
31047, 2, 2 
8993, 2, 2 
32065, 2, 2 
37172, 2, 2 
41687, 2, 2 
31757, 2, 2 
59579, 2, 2 
55782, 2, 2 
49573, 2, 2 
1374, 2, 2 
28275, 2, 2 
5258, 2, 2 
41181, 2, 2 
57838, 2, 2 
23794, 2, 2 
24618, 2, 2 
46710, 2, 2 
25412, 2, 2 
36715, 2, 2 
58601, 2, 2 
25526, 2, 2 
7394, 2, 2 
41420, 2, 2 
2939, 2, 2 
36326, 2, 2 
2518, 2, 2 
43818, 2, 2 
4005, 2, 2 
23410, 2, 2 
20786, 2, 2 
40832, 2, 2 
13820, 2, 2 
11552, 2, 2 
9572, 2, 2 
10785, 2, 2 
40900, 2, 2 
8922, 2, 2 
46867, 2, 2 
11869, 2, 2 
25281, 2, 2 
32928, 2, 2 
33540, 2, 2 
14490, 2, 2 
14901, 2, 2 
32212, 2, 2 
4080, 2, 2 
48912, 2, 2 
33697, 2, 2 
53762, 2, 2 
40985, 2, 2 
32726, 2, 2 
4843, 2, 2 
29770, 2, 2 
22573, 2, 2 
9964, 2, 2 
51884, 2, 2 
36147, 2, 2 
15603, 2, 2 
33547, 2, 2 
4153, 2, 2 
29004, 2, 2 
55969, 2, 2 
55193, 2, 2 
9471, 2, 2 
38406, 2, 2 
5545, 2, 2 
20395, 2, 2 
43479, 2, 2 
22793, 2, 2 
7029, 2, 2 
20514, 2, 2 
35202, 2, 2 
46841, 2, 2 
54848, 2, 2 
27472, 2, 2 
45158, 2, 2 
8886, 2, 2 
21219, 2, 2 
35492, 2, 2 
31276, 2, 2 
159, 2, 2 
13019, 2, 2 
5707, 2, 2 
9727, 2, 2 
40967, 2, 2 
1660, 2, 2 
55987, 2, 2 
53382, 3, 3 
14878, 3, 3 
45389, 3, 3 
28032, 3, 3 
21306, 3, 3 
14691, 3, 3 
16125, 3, 3 
59643, 3, 3 
16239, 3, 3 
35156, 3, 3 
9412, 3, 3 
51474, 3, 3 
35346, 3, 3 
55791, 3, 3 
11921, 3, 3 
31636, 3, 3 
52160, 3, 3 
21607, 3, 3 
53975, 3, 3 
57612, 3, 3 
59699, 3, 3 
9779, 3, 3 
53325, 3, 3 
5143, 3, 3 
13543, 3, 3 
50378, 3, 3 
5870, 3, 3 
12117, 3, 3 
13161, 3, 3 
19865, 3, 3 
39122, 3, 3 
20220, 3, 3 
26433, 3, 3 
10011, 3, 3 
37860, 3, 3 
49966, 3, 3 
32653, 3, 3 
17634, 3, 3 
17893, 3, 3 
1677, 3, 3 
46506, 3, 3 
13026, 3, 3 
36990, 3, 3 
15793, 3, 3 
13250, 3, 3 
29521, 3, 3 
15651, 3, 3 
49670, 3, 3 
59070, 3, 3 
21278, 3, 3 
2627, 3, 3 
52818, 3, 3 
14686, 3, 3 
38218, 3, 3 
57424, 3, 3 
39140, 3, 3 
39553, 3, 3 
53724, 3, 3 
19713, 3, 3 
32013, 3, 3 
40618, 3, 3 
53488, 3, 3 
20377, 3, 3 
19967, 3, 3 
37163, 3, 3 
19495, 3, 3 
18249, 3, 3 
5358, 3, 3 
12344, 3, 3 
33962, 3, 3 
53846, 3, 3 
24204, 3, 3 
19337, 3, 3 
24059, 3, 3 
22663, 3, 3 
58800, 3, 3 
1551, 3, 3 
29823, 3, 3 
4638, 3, 3 
47684, 3, 3 
28528, 3, 3 
24667, 3, 3 
47280, 3, 3 
24356, 3, 3 
24119, 3, 3 
44440, 3, 3 
55926, 3, 3 
34642, 3, 3 
23287, 3, 3 
9418, 3, 3 
47655, 3, 3 
42908, 3, 3 
22149, 3, 3 
23130, 3, 3 
10678, 3, 3 
12780, 3, 3 
3812, 3, 3 
13332, 3, 3 
16645, 3, 3 
11037, 3, 3 
5941, 3, 3 
13478, 3, 3 
46449, 3, 3 
49826, 3, 3 
11221, 3, 3 
44231, 3, 3 
8236, 3, 3 
30306, 3, 3 
179, 3, 3 
18997, 3, 3 
12108, 3, 3 
4658, 3, 3 
33412, 3, 3 
8710, 3, 3 
19834, 3, 3 
36082, 3, 3 
3047, 3, 3 
18343, 3, 3 
50033, 3, 3 
39301, 3, 3 
34006, 3, 3 
33566, 3, 3 
7881, 3, 3 
49137, 3, 3 
59271, 3, 3 
16504, 3, 3 
25728, 3, 3 
27313, 3, 3 
52907, 3, 3 
7698, 3, 3 
11960, 3, 3 
40427, 3, 3 
8075, 3, 3 
14636, 3, 3 
59825, 3, 3 
8122, 3, 3 
27610, 3, 3 
48392, 3, 3 
54014, 3, 3 
15250, 3, 3 
20985, 3, 3 
16657, 3, 3 
57868, 3, 3 
13670, 3, 3 
11284, 3, 3 
15052, 3, 3 
47140, 3, 3 
49294, 3, 3 
19549, 3, 3 
8907, 3, 3 
43255, 3, 3 
30090, 3, 3 
13134, 3, 3 
49566, 3, 3 
20942, 3, 3 
31254, 3, 3 
18280, 3, 3 
55062, 3, 3 
7878, 3, 3 
55139, 3, 3 
43573, 3, 3 
53758, 3, 3 
54020, 3, 3 
30962, 3, 3 
37797, 3, 3 
40805, 3, 3 
42565, 3, 3 
6182, 3, 3 
24481, 3, 3 
52476, 3, 3 
26478, 3, 3 
57278, 3, 3 
10527, 3, 3 
51201, 3, 3 
15477, 3, 3 
18527, 3, 3 
36604, 3, 3 
26247, 3, 3 
46692, 3, 3 
3192, 3, 3 
1737, 3, 3 
4257, 3, 3 
26123, 3, 3 
30644, 3, 3 
49938, 3, 3 
55796, 3, 3 
59262, 3, 3 
7097, 3, 3 
32563, 3, 3 
18626, 3, 3 
58955, 3, 3 
20685, 3, 3 
45597, 3, 3 
34853, 3, 3 
38281, 3, 3 
25802, 3, 3 
24284, 3, 3 
41515, 3, 3 
4511, 3, 3 
56761, 3, 3 
49345, 4, 4 
44521, 4, 4 
30326, 4, 4 
17931, 4, 4 
6127, 4, 4 
44086, 4, 4 
11378, 4, 4 
34780, 4, 4 
6448, 4, 4 
15259, 4, 4 
25894, 4, 4 
20211, 4, 4 
11953, 4, 4 
2799, 4, 4 
4890, 4, 4 
37594, 4, 4 
2289, 4, 4 
20287, 4, 4 
5734, 4, 4 
27584, 4, 4 
42233, 4, 4 
29703, 4, 4 
46922, 4, 4 
26904, 4, 4 
48327, 4, 4 
11008, 4, 4 
45578, 4, 4 
16359, 4, 4 
11824, 4, 4 
4721, 4, 4 
46230, 4, 4 
31484, 4, 4 
9370, 4, 4 
38111, 4, 4 
37381, 4, 4 
692, 4, 4 
20303, 4, 4 
58744, 4, 4 
21999, 4, 4 
55197, 4, 4 
32032, 4, 4 
39117, 4, 4 
31541, 4, 4 
22531, 4, 4 
53254, 4, 4 
11962, 4, 4 
18184, 4, 4 
42263, 4, 4 
257, 4, 4 
10269, 4, 4 
10525, 4, 4 
37516, 4, 4 
59766, 4, 4 
12077, 4, 4 
24114, 4, 4 
38777, 4, 4 
9385, 4, 4 
41109, 4, 4 
40657, 4, 4 
28600, 4, 4 
28363, 4, 4 
22970, 4, 4 
42377, 4, 4 
58049, 4, 4 
7734, 4, 4 
25279, 4, 4 
49982, 4, 4 
39486, 4, 4 
36952, 4, 4 
1628, 4, 4 
13128, 4, 4 
54379, 4, 4 
3697, 4, 4 
18941, 4, 4 
32558, 4, 9 
13267, 4, 4 
19112, 4, 4 
275, 4, 4 
39248, 4, 4 
51098, 4, 4 
18578, 4, 4 
35780, 4, 4 
166, 4, 4 
45318, 4, 4 
21822, 4, 4 
35178, 4, 4 
23478, 4, 4 
35583, 4, 4 
23274, 4, 4 
19357, 4, 4 
4132, 4, 4 
17767, 4, 4 
48405, 4, 4 
38957, 4, 4 
56743, 4, 4 
37000, 4, 4 
20490, 4, 4 
51723, 4, 4 
32466, 4, 4 
10252, 4, 4 
9091, 4, 4 
26269, 4, 4 
17690, 4, 4 
37945, 4, 4 
54358, 4, 4 
57389, 4, 4 
47431, 4, 4 
50844, 4, 4 
4133, 4, 4 
32308, 4, 4 
48596, 4, 4 
19522, 4, 4 
19340, 4, 4 
14788, 4, 4 
53205, 4, 4 
17444, 4, 4 
45981, 4, 4 
33411, 4, 4 
23837, 4, 4 
29252, 4, 4 
19952, 4, 4 
38654, 4, 4 
34303, 4, 4 
21499, 4, 4 
21988, 4, 4 
12639, 4, 4 
14335, 4, 4 
10303, 4, 4 
27919, 4, 4 
5549, 4, 4 
10587, 4, 4 
3475, 4, 4 
38131, 4, 4 
38496, 4, 4 
576, 4, 4 
37585, 4, 4 
34742, 4, 4 
11986, 4, 4 
58947, 4, 4 
50694, 4, 4 
34428, 4, 4 
37067, 4, 4 
22402, 4, 4 
9465, 4, 4 
23592, 4, 4 
28747, 4, 4 
56642, 4, 4 
56516, 4, 4 
45611, 4, 4 
18297, 4, 4 
43112, 4, 4 
24874, 4, 4 
23529, 4, 4 
23150, 4, 4 
11283, 4, 4 
9709, 4, 4 
11767, 4, 4 
52949, 4, 4 
6753, 4, 4 
55178, 4, 4 
31984, 4, 4 
55109, 4, 4 
51350, 4, 4 
9172, 4, 4 
22670, 4, 4 
56184, 4, 4 
22400, 4, 4 
41655, 4, 4 
44894, 4, 4 
54452, 4, 4 
38645, 4, 4 
52112, 4, 4 
30151, 4, 4 
41870, 4, 4 
20208, 4, 4 
54279, 4, 4 
14739, 4, 4 
48730, 4, 4 
10060, 4, 4 
6532, 4, 4 
27014, 4, 4 
25878, 4, 4 
48282, 4, 4 
23878, 4, 4 
46716, 4, 4 
24327, 4, 4 
56400, 4, 4 
729, 4, 4 
42042, 4, 4 
12316, 4, 4 
22607, 4, 4 
34281, 4, 4 
55597, 4, 4 
33506, 4, 9 
51199, 4, 4 
37528, 4, 4 
9392, 4, 4 
18686, 4, 4 
37248, 4, 4 
3184, 4, 4 
50484, 5, 5 
5452, 5, 5 
40761, 5, 5 
18418, 5, 5 
39996, 5, 5 
15285, 5, 5 
22647, 5, 5 
43946, 5, 5 
6200, 5, 5 
17665, 5, 5 
239, 5, 5 
38252, 5, 5 
34908, 5, 5 
36381, 5, 5 
49728, 5, 5 
15144, 5, 5 
29705, 5, 5 
39253, 5, 5 
55661, 5, 5 
55839, 5, 5 
6217, 5, 5 
14672, 5, 5 
45526, 5, 5 
9898, 5, 5 
24995, 5, 5 
58604, 5, 5 
6504, 5, 5 
10227, 5, 5 
17461, 5, 5 
5828, 5, 5 
21011, 5, 5 
38360, 5, 5 
45780, 5, 5 
43855, 5, 5 
15000, 5, 5 
15834, 5, 5 
463, 5, 5 
55434, 5, 5 
55734, 5, 5 
6836, 5, 5 
32348, 5, 5 
26538, 5, 5 
35977, 5, 5 
47741, 5, 5 
33247, 5, 5 
43159, 5, 5 
21439, 5, 5 
53590, 5, 5 
4327, 5, 5 
236, 5, 5 
32519, 5, 5 
51425, 5, 5 
4786, 5, 5 
7323, 5, 5 
42317, 5, 5 
53796, 5, 5 
799, 5, 5 
31495, 5, 5 
11375, 5, 5 
29457, 5, 5 
20804, 5, 5 
50601, 5, 5 
43803, 5, 5 
59384, 5, 5 
8178, 5, 5 
19719, 5, 5 
7073, 5, 5 
22089, 5, 5 
48237, 5, 5 
53275, 5, 5 
24854, 5, 5 
9919, 5, 5 
37031, 5, 5 
16499, 5, 5 
13312, 5, 5 
26313, 5, 5 
32506, 5, 5 
9336, 5, 5 
36609, 5, 5 
2651, 5, 5 
33622, 5, 5 
41462, 5, 5 
2000, 5, 5 
40255, 5, 5 
42940, 5, 5 
14143, 5, 5 
8173, 5, 5 
9368, 5, 5 
42252, 5, 5 
43021, 5, 5 
49684, 5, 5 
1089, 5, 5 
50341, 5, 5 
57805, 5, 5 
40736, 5, 5 
34391, 5, 5 
45924, 5, 5 
54491, 5, 5 
58280, 5, 5 
13276, 5, 5 
16011, 5, 5 
51973, 5, 5 
25793, 5, 5 
23361, 5, 5 
18769, 5, 5 
29572, 5, 5 
54015, 5, 5 
17811, 5, 5 
41241, 5, 5 
45897, 5, 5 
1650, 5, 5 
6781, 5, 5 
26239, 5, 5 
48214, 5, 5 
50690, 5, 5 
56789, 5, 5 
27000, 5, 5 
15378, 5, 5 
53268, 5, 5 
29037, 5, 5 
10316, 5, 5 
45118, 5, 5 
48576, 5, 5 
29473, 5, 5 
52474, 5, 5 
3500, 5, 5 
12631, 5, 5 
29197, 5, 5 
544, 5, 5 
44781, 5, 5 
7260, 5, 5 
13253, 5, 5 
37180, 5, 5 
13724, 5, 5 
59968, 5, 5 
13058, 5, 5 
23783, 5, 5 
23377, 5, 5 
15362, 5, 5 
10051, 5, 5 
44625, 5, 5 
29344, 5, 5 
42604, 5, 5 
15915, 5, 5 
6829, 5, 5 
25580, 5, 5 
50430, 5, 5 
20476, 5, 5 
39645, 5, 5 
26570, 5, 5 
8307, 5, 5 
5856, 5, 5 
53201, 5, 5 
34112, 5, 5 
40347, 5, 5 
10400, 5, 5 
45607, 5, 5 
7592, 5, 5 
15238, 5, 5 
49950, 5, 5 
18326, 5, 5 
24614, 5, 5 
47, 5, 5 
14486, 5, 5 
837, 5, 5 
19590, 5, 5 
46322, 5, 5 
31979, 5, 5 
21820, 5, 5 
24683, 5, 5 
58753, 5, 5 
52875, 5, 5 
20586, 5, 5 
21707, 5, 5 
44662, 5, 5 
4450, 5, 5 
21902, 5, 5 
3525, 5, 5 
22779, 5, 5 
53461, 5, 5 
33700, 5, 5 
30262, 5, 5 
29008, 5, 5 
15685, 5, 5 
59525, 5, 5 
41185, 5, 5 
16028, 5, 5 
14074, 5, 5 
25335, 5, 5 
6830, 5, 5 
15528, 5, 5 
40473, 5, 5 
20209, 5, 5 
14918, 5, 5 
13345, 5, 5 
51433, 5, 5 
28040, 5, 5 
53470, 5, 5 
14854, 5, 5 
49490, 5, 5 
54802, 6, 6 
43225, 6, 6 
32701, 6, 6 
30685, 6, 6 
15047, 6, 6 
38514, 6, 6 
36195, 6, 6 
34343, 6, 6 
50159, 6, 6 
431, 6, 6 
55627, 6, 6 
25963, 6, 6 
17728, 6, 6 
57275, 6, 6 
30632, 6, 6 
39, 6, 6 
28459, 6, 6 
6178, 6, 6 
13772, 6, 6 
1189, 6, 6 
41735, 6, 6 
18702, 6, 6 
52265, 6, 6 
54539, 6, 6 
45294, 6, 6 
45856, 6, 6 
816, 6, 6 
39188, 6, 6 
48636, 6, 6 
13731, 6, 6 
8407, 6, 6 
7741, 6, 6 
44941, 6, 6 
3586, 6, 6 
47492, 6, 6 
48999, 6, 6 
5451, 6, 6 
29835, 6, 6 
7096, 6, 6 
30036, 6, 6 
47260, 6, 6 
53215, 6, 6 
23223, 6, 6 
56441, 6, 6 
37334, 6, 6 
49915, 6, 6 
50856, 6, 6 
4402, 6, 6 
58815, 6, 6 
12977, 6, 6 
33217, 6, 6 
21061, 6, 6 
39406, 6, 6 
51788, 6, 6 
20541, 6, 6 
37476, 6, 6 
24411, 6, 6 
39430, 6, 6 
14083, 6, 6 
25665, 6, 6 
19723, 6, 6 
21008, 6, 6 
21684, 6, 6 
27363, 6, 6 
43646, 6, 6 
3115, 6, 6 
607, 6, 6 
802, 6, 6 
26482, 6, 6 
29971, 6, 6 
27382, 6, 6 
38394, 6, 6 
28382, 6, 6 
47458, 6, 6 
57015, 6, 6 
34671, 6, 6 
53828, 6, 6 
7389, 6, 6 
395, 6, 6 
977, 6, 6 
42521, 6, 6 
33520, 6, 6 
37091, 6, 6 
9892, 6, 6 
32255, 6, 6 
3089, 6, 6 
34529, 6, 6 
14159, 6, 6 
39766, 6, 6 
23790, 6, 6 
15478, 6, 6 
44571, 6, 6 
42869, 6, 6 
8206, 6, 6 
4930, 6, 6 
1980, 6, 6 
32994, 6, 6 
56044, 6, 6 
9010, 6, 6 
43589, 6, 6 
30715, 6, 6 
28721, 6, 6 
57254, 6, 6 
9024, 6, 6 
47343, 6, 6 
40564, 6, 6 
6482, 6, 6 
32803, 6, 6 
41676, 6, 6 
4699, 6, 6 
31672, 6, 6 
32219, 6, 6 
15529, 6, 6 
54994, 6, 6 
58835, 6, 6 
38306, 6, 6 
47486, 6, 6 
2777, 6, 6 
26819, 6, 6 
1931, 6, 6 
49977, 6, 6 
57157, 6, 6 
13309, 6, 6 
1318, 6, 6 
32633, 6, 6 
6693, 6, 6 
35918, 6, 6 
53406, 6, 6 
7970, 6, 6 
52102, 6, 6 
53331, 6, 6 
28830, 6, 6 
34918, 6, 6 
6551, 6, 6 
35026, 6, 6 
11307, 6, 6 
8846, 6, 6 
13011, 6, 6 
7957, 6, 6 
45274, 6, 6 
34198, 6, 6 
11803, 6, 6 
27769, 6, 6 
52053, 6, 6 
33518, 6, 6 
8357, 6, 6 
33477, 6, 6 
38854, 6, 6 
45750, 6, 6 
13427, 6, 6 
47277, 6, 6 
29489, 6, 6 
47430, 6, 6 
15370, 6, 6 
26584, 6, 6 
34106, 6, 6 
4732, 6, 6 
26393, 6, 6 
19523, 6, 6 
51641, 6, 6 
59673, 6, 6 
49296, 6, 6 
9808, 6, 6 
12528, 6, 6 
38342, 6, 6 
44204, 6, 6 
26677, 6, 6 
23839, 6, 6 
5099, 6, 6 
23394, 6, 6 
22616, 6, 6 
4533, 6, 6 
4404, 6, 6 
56582, 6, 6 
26977, 6, 6 
16575, 6, 6 
58010, 6, 6 
54662, 6, 6 
8001, 6, 6 
36890, 6, 6 
701, 6, 6 
34915, 6, 6 
25489, 6, 6 
34741, 6, 6 
43995, 6, 6 
38571, 6, 6 
4463, 6, 6 
45265, 6, 6 
27504, 6, 6 
51427, 6, 6 
13546, 6, 6 
2422, 6, 6 
58686, 6, 6 
59841, 6, 6 
27149, 6, 6 
20931, 6, 6 
47772, 6, 6 
27685, 6, 6 
35828, 6, 6 
24948, 6, 6 
52405, 7, 7 
38191, 7, 7 
45524, 7, 7 
9831, 7, 7 
57445, 7, 7 
11919, 7, 7 
1322, 7, 7 
21217, 7, 7 
2512, 7, 7 
17054, 7, 7 
5778, 7, 7 
43821, 7, 7 
36615, 7, 7 
59812, 7, 7 
23951, 7, 7 
31055, 7, 7 
4548, 7, 7 
32687, 7, 7 
35863, 7, 7 
7255, 7, 7 
21021, 7, 7 
37875, 7, 7 
11786, 7, 7 
19284, 7, 7 
50137, 7, 7 
57181, 7, 7 
15425, 7, 7 
14455, 7, 7 
46879, 7, 7 
7423, 7, 7 
26851, 7, 7 
49921, 7, 7 
51353, 7, 7 
9793, 7, 7 
29, 7, 7 
48221, 7, 7 
49063, 7, 7 
2673, 7, 7 
42200, 7, 7 
19023, 7, 7 
36135, 7, 7 
36856, 7, 7 
25705, 7, 7 
5326, 7, 7 
17053, 7, 7 
49635, 7, 7 
32346, 7, 7 
31796, 7, 7 
21459, 7, 7 
16935, 7, 7 
22351, 7, 7 
5652, 7, 7 
56722, 7, 7 
51068, 7, 7 
27199, 7, 7 
56932, 7, 7 
5663, 7, 7 
19683, 7, 7 
7334, 7, 7 
2835, 7, 7 
51062, 7, 7 
6381, 7, 7 
16015, 7, 7 
54678, 7, 7 
23752, 7, 7 
56900, 7, 7 
41362, 7, 7 
21236, 7, 7 
4925, 7, 7 
22836, 7, 7 
17955, 7, 7 
49444, 7, 7 
15113, 7, 7 
19636, 7, 7 
14387, 7, 7 
42892, 7, 7 
57458, 7, 7 
56822, 7, 7 
50370, 7, 7 
39868, 7, 7 
13410, 7, 7 
55885, 7, 7 
4458, 7, 7 
47149, 7, 7 
33103, 7, 7 
32529, 7, 7 
40378, 7, 7 
14284, 7, 7 
38502, 7, 7 
50129, 7, 7 
84, 7, 7 
918, 7, 7 
33271, 7, 7 
4575, 7, 7 
26354, 7, 7 
35549, 7, 7 
41325, 7, 7 
45180, 7, 7 
624, 7, 7 
29450, 7, 7 
34528, 7, 7 
36650, 7, 7 
34317, 7, 7 
29210, 7, 7 
45114, 7, 7 
4604, 7, 7 
37811, 7, 7 
49554, 7, 7 
20067, 7, 7 
9724, 7, 7 
3151, 7, 7 
52587, 7, 7 
962, 7, 7 
15256, 7, 7 
5057, 7, 7 
40728, 7, 7 
14586, 7, 7 
14795, 7, 7 
53313, 7, 7 
50234, 7, 7 
5968, 7, 7 
30359, 7, 7 
20452, 7, 7 
27481, 7, 7 
15215, 7, 7 
35417, 7, 7 
44971, 7, 7 
49694, 7, 7 
43178, 7, 7 
18358, 7, 7 
11407, 7, 7 
23678, 7, 7 
12819, 7, 7 
56670, 7, 7 
21783, 7, 7 
54441, 7, 7 
1300, 7, 7 
11159, 7, 7 
51591, 7, 7 
15327, 7, 7 
15740, 7, 7 
25115, 7, 7 
58299, 7, 7 
17490, 7, 7 
58520, 7, 7 
54167, 7, 7 
37999, 7, 7 
38437, 7, 7 
23051, 7, 7 
58890, 7, 7 
32497, 7, 7 
21710, 7, 7 
27867, 7, 7 
25506, 7, 7 
18269, 7, 7 
52322, 7, 7 
50984, 7, 7 
38017, 7, 7 
8286, 7, 7 
10651, 7, 7 
16079, 7, 7 
21672, 7, 7 
48893, 7, 7 
38738, 7, 7 
10544, 7, 7 
42573, 7, 7 
140, 7, 7 
36583, 7, 7 
30017, 7, 7 
34518, 7, 7 
26933, 7, 7 
230, 7, 7 
57809, 7, 7 
3087, 7, 7 
51859, 7, 7 
52735, 7, 7 
42527, 7, 7 
31912, 7, 7 
49742, 7, 7 
59124, 7, 7 
39014, 7, 7 
4354, 7, 7 
25211, 7, 7 
47682, 7, 7 
46648, 7, 7 
43859, 7, 7 
55344, 7, 7 
29296, 7, 7 
52866, 7, 7 
49867, 7, 7 
29440, 7, 7 
43763, 7, 7 
34094, 7, 7 
32099, 7, 7 
17961, 7, 7 
1525, 7, 7 
8980, 7, 7 
9878, 7, 7 
7694, 7, 7 
30821, 7, 7 
49509, 8, 8 
7871, 8, 8 
42656, 8, 8 
1101, 8, 8 
18714, 8, 8 
59086, 8, 8 
16182, 8, 8 
30494, 8, 8 
8584, 8, 8 
17628, 8, 8 
20261, 8, 8 
32102, 8, 8 
26611, 8, 8 
24829, 8, 8 
44719, 8, 8 
20660, 8, 8 
4637, 8, 8 
27210, 8, 8 
24954, 8, 8 
4324, 8, 8 
33755, 8, 8 
21212, 8, 8 
22760, 8, 8 
39596, 8, 8 
49563, 8, 8 
12890, 8, 8 
28915, 8, 8 
27269, 8, 8 
1223, 8, 8 
32349, 8, 8 
49634, 8, 8 
38249, 8, 8 
59884, 8, 8 
25736, 8, 8 
26719, 8, 8 
9099, 8, 8 
58326, 8, 8 
7488, 8, 8 
28526, 8, 8 
15502, 8, 8 
43579, 8, 8 
5215, 8, 8 
4700, 8, 8 
41359, 8, 8 
37255, 8, 8 
33810, 8, 8 
42691, 8, 8 
7136, 8, 8 
39135, 8, 8 
1777, 8, 8 
41, 8, 8 
53506, 8, 8 
2097, 8, 8 
23637, 8, 8 
6976, 8, 8 
22261, 8, 8 
38119, 8, 8 
20116, 8, 8 
37608, 8, 8 
16631, 8, 8 
48243, 8, 8 
44122, 8, 8 
22039, 8, 8 
17056, 8, 8 
47309, 8, 8 
23456, 8, 8 
54295, 8, 8 
4151, 8, 8 
29335, 8, 8 
56647, 8, 8 
40792, 8, 8 
25400, 8, 8 
20035, 8, 8 
24925, 8, 8 
34929, 8, 8 
32982, 8, 8 
54505, 8, 8 
57133, 8, 8 
59999, 8, 8 
10797, 8, 8 
17975, 8, 8 
35193, 8, 8 
16440, 8, 8 
35300, 8, 8 
55118, 8, 8 
26397, 8, 8 
4982, 8, 8 
29126, 8, 8 
42226, 8, 8 
37219, 8, 8 
2555, 8, 8 
56193, 8, 8 
21190, 8, 8 
43731, 8, 8 
12130, 8, 8 
8306, 8, 8 
2699, 8, 8 
29545, 8, 8 
39432, 8, 8 
31985, 8, 8 
5917, 8, 8 
25890, 8, 8 
53400, 8, 8 
7844, 8, 8 
57355, 8, 8 
28338, 8, 8 
48003, 8, 8 
47274, 8, 8 
59265, 8, 8 
34696, 8, 8 
4468, 8, 8 
10632, 8, 8 
4370, 8, 8 
42749, 8, 8 
1773, 8, 8 
10559, 8, 8 
24110, 8, 8 
15487, 8, 8 
46508, 8, 8 
44699, 8, 8 
37709, 8, 8 
1064, 8, 8 
18887, 8, 8 
15616, 8, 8 
58709, 8, 8 
33089, 8, 8 
35383, 8, 8 
9900, 8, 8 
14975, 8, 8 
13065, 8, 8 
18348, 8, 8 
32837, 8, 8 
12014, 8, 8 
8313, 8, 8 
27185, 8, 8 
36299, 8, 8 
18369, 8, 8 
47304, 8, 8 
13320, 8, 8 
59183, 8, 8 
43464, 8, 8 
26385, 8, 8 
125, 8, 8 
8661, 8, 8 
29780, 8, 8 
42218, 8, 8 
23669, 8, 8 
43580, 8, 8 
28010, 8, 8 
57596, 8, 8 
3807, 8, 8 
55929, 8, 8 
40083, 8, 8 
16826, 8, 8 
817, 8, 8 
57404, 8, 8 
36747, 8, 8 
25455, 8, 8 
39191, 8, 8 
28739, 8, 8 
26079, 8, 8 
2394, 8, 8 
56180, 8, 8 
8465, 8, 8 
43388, 8, 8 
27076, 8, 8 
4381, 8, 8 
56874, 8, 8 
17825, 8, 8 
24396, 8, 8 
6153, 8, 8 
1780, 8, 8 
46767, 8, 8 
39756, 8, 8 
23750, 8, 8 
41235, 8, 8 
42006, 8, 8 
42208, 8, 8 
20269, 8, 8 
31972, 8, 8 
6321, 8, 8 
32309, 8, 8 
12619, 8, 8 
10711, 8, 8 
49016, 8, 8 
35364, 8, 8 
41231, 8, 8 
13812, 8, 8 
22745, 8, 8 
21825, 8, 8 
47298, 8, 8 
57501, 8, 8 
58195, 8, 8 
28226, 8, 8 
47053, 8, 8 
47420, 8, 8 
5574, 8, 8 
1059, 8, 8 
14679, 8, 8 
37771, 8, 8 
5577, 9, 9 
28873, 9, 9 
4378, 9, 9 
35068, 9, 9 
11647, 9, 9 
28538, 9, 9 
58213, 9, 9 
5559, 9, 9 
21377, 9, 9 
23170, 9, 9 
32201, 9, 9 
16681, 9, 9 
58804, 9, 9 
30814, 9, 9 
37935, 9, 9 
3371, 9, 9 
19320, 9, 9 
27732, 9, 9 
4425, 9, 9 
12294, 9, 9 
52718, 9, 9 
33246, 9, 9 
57796, 9, 9 
2119, 9, 9 
37702, 9, 9 
48843, 9, 9 
39657, 9, 9 
53723, 9, 9 
16753, 9, 9 
32443, 9, 9 
13041, 9, 9 
31184, 9, 9 
40800, 9, 9 
34013, 9, 9 
46100, 9, 9 
37046, 9, 9 
57294, 9, 9 
827, 9, 9 
26558, 9, 9 
3874, 9, 9 
19256, 9, 9 
7791, 9, 9 
18698, 9, 9 
43167, 9, 9 
58366, 9, 9 
19120, 9, 9 
29322, 9, 9 
46444, 9, 9 
13573, 9, 9 
19616, 9, 9 
59236, 9, 9 
19395, 9, 9 
11925, 9, 9 
27533, 9, 9 
11474, 9, 9 
32857, 9, 9 
20864, 9, 9 
9876, 9, 9 
17692, 9, 9 
33712, 9, 9 
31942, 9, 9 
6334, 9, 9 
20734, 9, 9 
8971, 9, 9 
50177, 9, 9 
7975, 9, 9 
27237, 9, 9 
13032, 9, 9 
29445, 9, 9 
167, 9, 9 
20307, 9, 9 
25933, 9, 9 
34824, 9, 9 
39692, 9, 9 
19567, 9, 9 
14607, 9, 9 
9129, 9, 9 
6717, 9, 9 
31566, 9, 9 
41562, 9, 9 
53386, 9, 9 
38747, 9, 9 
6162, 9, 9 
32771, 9, 9 
43392, 9, 9 
37318, 9, 9 
16201, 9, 9 
49219, 9, 9 
7713, 9, 9 
12738, 9, 9 
58967, 9, 9 
14790, 9, 9 
59695, 9, 9 
58385, 9, 9 
55571, 9, 9 
38082, 9, 9 
23638, 9, 9 
41599, 9, 9 
43526, 9, 9 
59939, 9, 9 
33041, 9, 9 
53126, 9, 9 
57148, 9, 9 
11536, 9, 9 
32377, 9, 9 
38519, 9, 9 
15745, 9, 9 
35480, 9, 1 
45465, 9, 9 
1569, 9, 9 
55068, 9, 9 
29379, 9, 9 
15387, 9, 9 
10142, 9, 9 
13480, 9, 9 
45323, 9, 9 
14254, 9, 9 
4065, 9, 9 
27748, 9, 9 
54546, 9, 9 
482, 9, 9 
53020, 9, 9 
59973, 9, 9 
12739, 9, 9 
12674, 9, 9 
3382, 9, 9 
2060, 9, 9 
51716, 9, 9 
18529, 9, 9 
20879, 9, 9 
31295, 9, 7 
18506, 9, 9 
22450, 9, 9 
12889, 9, 9 
47878, 9, 9 
39753, 9, 9 
38880, 9, 9 
52546, 9, 9 
51582, 9, 9 
22050, 9, 9 
56166, 9, 9 
31141, 9, 9 
34983, 9, 9 
22925, 9, 9 
32396, 9, 9 
38118, 9, 9 
3348, 9, 9 
54508, 9, 9 
35239, 9, 9 
47353, 9, 9 
12120, 9, 9 
5726, 9, 9 
35085, 9, 9 
9066, 9, 9 
30758, 9, 9 
44182, 9, 9 
3069, 9, 9 
48457, 9, 9 
12389, 9, 9 
34764, 9, 9 
59184, 9, 9 
53530, 9, 9 
26349, 9, 9 
54575, 9, 9 
40667, 9, 9 
48265, 9, 9 
48159, 9, 9 
40113, 9, 9 
26259, 9, 9 
21748, 9, 9 
33130, 9, 9 
9390, 9, 9 
31027, 9, 9 
49262, 9, 9 
48938, 9, 9 
13409, 9, 9 
1112, 9, 9 
34458, 9, 9 
20841, 9, 9 
47185, 9, 9 
3044, 9, 9 
32066, 9, 9 
423, 9, 9 
23748, 9, 9 
38829, 9, 9 
46987, 9, 9 
13563, 9, 9 
31336, 9, 9 
26949, 9, 9 
19178, 9, 9 
48097, 9, 9 
1383, 9, 9 
3653, 9, 9 
34688, 9, 9 
46655, 9, 9 
30845, 9, 9 
3594, 9, 9 
1659, 9, 9 
2795, 9, 9 
35194, 9, 9 
