id, true label, predicted label 
43273, 0, 0 
22317, 0, 0 
19857, 0, 0 
26656, 0, 0 
118, 0, 0 
27427, 0, 0 
34244, 0, 0 
29405, 0, 0 
56103, 0, 0 
22213, 0, 0 
7499, 0, 0 
45817, 0, 0 
32131, 0, 0 
2904, 0, 0 
1386, 0, 0 
38693, 0, 0 
30547, 0, 0 
37052, 0, 0 
48511, 0, 0 
12652, 0, 0 
20283, 0, 0 
15046, 0, 0 
7649, 0, 0 
31445, 0, 0 
57384, 0, 0 
31466, 0, 0 
48299, 0, 0 
56949, 0, 0 
43188, 0, 0 
23754, 0, 0 
21506, 0, 0 
31112, 0, 0 
42369, 0, 0 
36788, 0, 0 
20012, 0, 0 
10083, 0, 0 
21141, 0, 0 
41999, 0, 0 
42224, 0, 0 
52429, 0, 0 
31865, 0, 0 
23616, 0, 0 
36019, 0, 0 
46726, 0, 0 
5007, 0, 0 
47887, 0, 0 
34213, 0, 0 
53533, 0, 0 
17741, 0, 0 
44656, 0, 0 
4918, 0, 0 
55398, 0, 0 
32526, 0, 0 
13459, 0, 0 
51434, 0, 0 
9720, 0, 0 
51331, 0, 0 
47923, 0, 0 
1999, 0, 0 
17365, 0, 0 
23136, 0, 0 
52817, 0, 0 
50617, 0, 0 
46014, 0, 0 
50804, 0, 0 
54368, 0, 0 
5470, 0, 0 
36646, 0, 0 
49310, 0, 0 
7038, 0, 0 
7664, 0, 0 
41101, 0, 0 
5244, 0, 0 
53173, 0, 0 
19554, 0, 0 
48121, 0, 0 
25390, 0, 0 
43497, 0, 0 
47997, 0, 0 
46090, 0, 0 
38993, 0, 0 
25024, 0, 0 
59944, 0, 0 
59680, 0, 0 
40180, 0, 0 
11636, 0, 0 
3612, 0, 0 
48641, 0, 0 
11615, 0, 0 
34014, 0, 0 
53350, 0, 0 
15910, 0, 0 
11792, 0, 0 
19203, 0, 0 
24892, 0, 0 
9750, 0, 0 
10026, 0, 0 
51917, 0, 0 
10773, 0, 0 
52941, 0, 0 
14629, 0, 0 
58462, 0, 0 
39028, 0, 0 
30548, 0, 0 
26501, 0, 0 
31297, 0, 0 
20548, 0, 0 
56635, 0, 0 
35712, 0, 0 
32454, 0, 0 
48263, 0, 0 
42157, 0, 0 
52597, 0, 0 
33670, 0, 0 
49244, 0, 0 
45589, 0, 0 
10840, 0, 0 
45853, 0, 0 
45833, 0, 0 
11501, 0, 0 
39054, 0, 0 
10806, 0, 0 
44777, 0, 0 
28593, 0, 0 
29732, 0, 0 
57659, 0, 0 
48185, 0, 0 
48459, 0, 0 
49110, 0, 0 
35816, 0, 0 
2919, 0, 0 
33142, 0, 0 
42649, 0, 0 
17535, 0, 0 
15017, 0, 0 
7807, 0, 0 
40171, 0, 0 
38874, 0, 0 
35739, 0, 0 
41358, 0, 0 
36849, 0, 0 
47389, 0, 0 
47139, 0, 0 
49097, 0, 0 
5330, 0, 0 
41609, 0, 0 
24188, 0, 0 
46494, 0, 0 
59288, 0, 0 
19308, 0, 0 
17349, 0, 0 
45145, 0, 0 
32207, 0, 0 
46818, 0, 0 
28305, 0, 0 
15946, 0, 0 
18989, 0, 0 
48026, 0, 0 
23506, 0, 0 
48574, 0, 0 
52048, 0, 0 
56377, 0, 0 
53174, 0, 0 
22777, 0, 0 
39800, 0, 0 
15542, 0, 0 
47150, 0, 0 
2191, 0, 0 
36780, 0, 0 
36090, 0, 0 
11022, 0, 0 
43727, 0, 0 
45557, 0, 0 
35473, 0, 0 
19930, 0, 0 
9209, 0, 0 
33864, 0, 0 
13833, 0, 0 
30555, 0, 0 
26308, 0, 0 
33661, 0, 0 
52673, 0, 0 
55682, 0, 0 
59868, 0, 0 
43366, 0, 0 
44094, 0, 0 
18837, 0, 0 
2333, 0, 0 
52318, 0, 0 
16081, 0, 0 
42752, 0, 0 
12497, 0, 0 
57811, 0, 0 
20238, 0, 0 
49185, 0, 0 
27395, 0, 0 
14311, 0, 0 
9971, 0, 0 
12414, 0, 0 
57471, 0, 0 
17487, 1, 1 
42179, 1, 1 
5834, 1, 1 
30335, 1, 1 
38595, 1, 1 
56365, 1, 1 
31739, 1, 1 
33188, 1, 1 
23543, 1, 1 
50850, 1, 1 
44996, 1, 1 
38125, 1, 1 
38731, 1, 1 
22325, 1, 1 
21794, 1, 1 
16614, 1, 1 
30129, 1, 1 
48697, 1, 1 
41249, 1, 1 
31280, 1, 1 
44242, 1, 1 
19305, 1, 1 
408, 1, 1 
27961, 1, 1 
4884, 1, 1 
25651, 1, 1 
56602, 1, 1 
1838, 1, 1 
28479, 1, 1 
25103, 1, 1 
36594, 1, 1 
31971, 1, 1 
15241, 1, 1 
13102, 1, 1 
54342, 1, 1 
31166, 1, 1 
9705, 1, 1 
34038, 1, 1 
3797, 1, 1 
51110, 1, 1 
12647, 1, 1 
2110, 1, 1 
44065, 1, 1 
39007, 1, 1 
51169, 1, 1 
44281, 1, 1 
19837, 1, 1 
29428, 1, 1 
5882, 1, 1 
52887, 1, 1 
37716, 1, 1 
5245, 1, 1 
43813, 1, 1 
6443, 1, 1 
5731, 1, 1 
28609, 1, 1 
33377, 1, 1 
54023, 1, 1 
13947, 1, 1 
20108, 1, 1 
510, 1, 1 
50498, 1, 1 
41104, 1, 1 
17695, 1, 1 
17305, 1, 1 
38909, 1, 1 
14936, 1, 1 
59619, 1, 1 
5708, 1, 1 
53707, 1, 1 
40724, 1, 1 
12971, 1, 1 
27681, 1, 1 
13875, 1, 1 
57714, 1, 1 
33370, 1, 1 
54071, 1, 1 
35722, 1, 1 
3628, 1, 1 
3230, 1, 1 
43653, 1, 1 
39552, 1, 1 
17587, 1, 1 
7716, 1, 1 
24352, 1, 1 
19894, 1, 1 
45690, 1, 1 
355, 1, 1 
184, 1, 1 
26960, 1, 1 
24933, 1, 1 
24714, 1, 1 
23554, 1, 1 
52058, 1, 1 
11107, 1, 1 
22798, 1, 1 
40201, 1, 1 
20163, 1, 1 
11432, 1, 1 
38824, 1, 1 
16368, 1, 1 
36042, 1, 1 
55786, 1, 1 
18983, 1, 1 
31839, 1, 1 
34388, 1, 1 
47004, 1, 1 
42881, 1, 1 
30270, 1, 1 
22788, 1, 1 
57339, 1, 1 
39984, 1, 1 
47535, 1, 1 
4492, 1, 1 
14584, 1, 1 
57998, 1, 1 
39937, 1, 1 
42351, 1, 1 
5876, 1, 1 
9884, 1, 1 
59085, 1, 1 
10982, 1, 1 
35719, 1, 1 
38263, 1, 1 
12212, 1, 1 
51847, 1, 1 
36240, 1, 1 
39437, 1, 1 
50292, 1, 1 
27201, 1, 1 
40314, 1, 1 
16904, 1, 1 
38522, 1, 1 
29551, 1, 1 
54489, 1, 1 
49681, 1, 1 
15959, 1, 1 
38415, 1, 1 
37154, 1, 1 
49317, 1, 1 
6709, 1, 1 
23493, 1, 1 
44724, 1, 1 
40924, 1, 1 
46468, 1, 1 
28524, 1, 1 
13168, 1, 1 
25441, 1, 1 
17759, 1, 1 
59354, 1, 1 
26939, 1, 1 
53040, 1, 1 
2994, 1, 1 
16086, 1, 1 
36814, 1, 1 
40976, 1, 1 
31526, 1, 1 
23973, 1, 1 
1658, 1, 1 
3, 1, 1 
29375, 1, 1 
25003, 1, 1 
8778, 1, 1 
19651, 1, 1 
17029, 1, 1 
49961, 1, 1 
77, 1, 1 
30958, 1, 1 
23045, 1, 1 
42243, 1, 1 
54070, 1, 1 
57607, 1, 1 
27489, 1, 1 
29669, 1, 1 
15438, 1, 1 
59692, 1, 1 
19652, 1, 1 
58865, 1, 1 
49397, 1, 1 
51377, 1, 1 
12128, 1, 1 
2918, 1, 1 
23872, 1, 1 
16392, 1, 1 
53187, 1, 1 
3019, 1, 1 
45961, 1, 1 
2316, 1, 1 
19158, 1, 1 
29143, 1, 1 
57797, 1, 1 
32823, 1, 1 
43286, 1, 1 
16148, 1, 1 
19640, 1, 1 
47875, 1, 1 
24839, 1, 1 
20884, 1, 1 
42462, 1, 1 
2197, 1, 1 
31148, 2, 2 
11961, 2, 2 
20179, 2, 2 
1550, 2, 2 
55176, 2, 2 
25217, 2, 2 
1972, 2, 2 
59396, 2, 2 
2792, 2, 2 
49179, 2, 2 
1334, 2, 2 
31063, 2, 2 
23138, 2, 2 
50474, 2, 2 
51698, 2, 2 
39930, 2, 2 
12254, 2, 2 
19345, 2, 2 
42394, 2, 2 
24116, 2, 2 
55199, 2, 2 
34907, 2, 2 
18566, 2, 2 
25038, 2, 2 
4846, 2, 2 
44727, 2, 2 
58929, 2, 2 
3381, 2, 2 
472, 2, 2 
42513, 2, 2 
5449, 2, 2 
20100, 2, 2 
37291, 2, 2 
32637, 2, 2 
31146, 2, 2 
16456, 2, 2 
48527, 2, 2 
11306, 2, 2 
28140, 2, 2 
38403, 2, 2 
47706, 2, 2 
32872, 2, 2 
10785, 2, 2 
32170, 2, 2 
12352, 2, 2 
3710, 2, 2 
48767, 2, 2 
9479, 2, 2 
23916, 2, 2 
11475, 2, 2 
49907, 2, 2 
17927, 2, 2 
29839, 2, 2 
25700, 2, 2 
28126, 2, 2 
16925, 2, 2 
26626, 2, 2 
12517, 2, 2 
27700, 2, 2 
42734, 2, 2 
22177, 2, 2 
49028, 2, 2 
35691, 2, 2 
38195, 2, 2 
38679, 2, 2 
46593, 2, 2 
1947, 2, 2 
3765, 2, 2 
1124, 2, 2 
32361, 2, 2 
37533, 2, 2 
51599, 2, 2 
57899, 2, 2 
10941, 2, 2 
35835, 2, 2 
3305, 2, 2 
16544, 2, 2 
51216, 2, 2 
36423, 2, 2 
54840, 2, 2 
21121, 2, 2 
7196, 2, 2 
6125, 2, 2 
53762, 2, 2 
493, 2, 2 
46863, 2, 2 
43047, 2, 2 
58964, 2, 2 
48933, 2, 2 
37941, 2, 2 
42135, 2, 2 
7960, 2, 2 
3307, 2, 2 
1894, 2, 2 
23025, 2, 2 
39210, 2, 2 
15966, 2, 2 
57597, 2, 2 
56055, 2, 2 
57908, 2, 2 
37489, 2, 2 
27673, 2, 2 
318, 2, 2 
21136, 2, 2 
35137, 2, 2 
27834, 2, 2 
34116, 2, 2 
13525, 2, 2 
52488, 2, 2 
6252, 2, 2 
56643, 2, 2 
55429, 2, 2 
16697, 2, 2 
24728, 2, 2 
31016, 2, 2 
16108, 2, 2 
4414, 2, 2 
56298, 2, 2 
3679, 2, 2 
8212, 2, 2 
36229, 2, 2 
8844, 2, 2 
22620, 2, 2 
47231, 2, 2 
47235, 2, 2 
41881, 2, 2 
2273, 2, 2 
22994, 2, 2 
48877, 2, 2 
37020, 2, 2 
49191, 2, 2 
58572, 2, 2 
55011, 2, 2 
45125, 2, 2 
40900, 2, 2 
8480, 2, 1 
19321, 2, 2 
9727, 2, 2 
47686, 2, 2 
59061, 2, 2 
37832, 2, 2 
26888, 2, 2 
47614, 2, 2 
26541, 2, 2 
44707, 2, 2 
32337, 2, 2 
32792, 2, 2 
59742, 2, 2 
40617, 2, 2 
25442, 2, 2 
55528, 2, 2 
568, 2, 2 
15083, 2, 2 
57976, 2, 2 
21959, 2, 2 
55704, 2, 2 
57104, 2, 2 
41182, 2, 2 
47132, 2, 2 
3627, 2, 2 
22232, 2, 2 
12422, 2, 2 
6080, 2, 2 
50986, 2, 2 
44364, 2, 2 
8843, 2, 2 
36505, 2, 2 
14084, 2, 2 
18480, 2, 2 
49421, 2, 2 
47024, 2, 2 
48951, 2, 2 
40985, 2, 2 
34371, 2, 2 
11013, 2, 2 
20224, 2, 2 
35269, 2, 2 
49416, 2, 1 
35111, 2, 2 
44718, 2, 2 
5103, 2, 2 
8952, 2, 2 
8852, 2, 2 
26201, 2, 2 
7486, 2, 2 
59621, 2, 2 
37367, 2, 2 
42958, 2, 2 
54110, 2, 2 
48332, 2, 2 
54052, 2, 2 
30091, 2, 2 
44475, 2, 2 
21528, 2, 2 
42969, 2, 2 
35393, 2, 2 
1301, 2, 2 
56168, 2, 2 
57933, 2, 2 
4153, 2, 2 
47653, 3, 3 
55179, 3, 3 
29182, 3, 3 
7613, 3, 3 
55419, 3, 3 
32025, 3, 3 
2023, 3, 3 
51030, 3, 3 
8122, 3, 3 
54859, 3, 3 
51970, 3, 3 
16529, 3, 3 
38507, 3, 3 
2128, 3, 3 
45563, 3, 3 
57893, 3, 3 
28983, 3, 3 
13250, 3, 3 
49410, 3, 3 
130, 3, 3 
48599, 3, 3 
32730, 3, 3 
33953, 3, 3 
38180, 3, 3 
20080, 3, 3 
49648, 3, 3 
36103, 3, 3 
53584, 3, 3 
55698, 3, 3 
25619, 3, 3 
32234, 3, 3 
17580, 3, 3 
46592, 3, 3 
58249, 3, 3 
17280, 3, 3 
58324, 3, 3 
40892, 3, 3 
29675, 3, 3 
12933, 3, 3 
56697, 3, 3 
37309, 3, 3 
5753, 3, 3 
57308, 3, 3 
36046, 3, 5 
23047, 3, 3 
11665, 3, 3 
19348, 3, 3 
20615, 3, 3 
44716, 3, 3 
44004, 3, 3 
34183, 3, 3 
59229, 3, 3 
5433, 3, 3 
36511, 3, 3 
8551, 3, 3 
55062, 3, 3 
40068, 3, 3 
59512, 3, 3 
59930, 3, 3 
645, 3, 3 
46242, 3, 3 
3233, 3, 3 
50175, 3, 3 
31098, 3, 3 
33828, 3, 3 
17088, 3, 3 
46354, 3, 7 
46563, 3, 3 
53712, 3, 3 
8077, 3, 3 
14367, 3, 3 
7415, 3, 3 
8017, 3, 3 
24231, 3, 3 
34898, 3, 3 
36337, 3, 3 
21893, 3, 3 
10360, 3, 3 
12828, 3, 3 
4373, 3, 3 
57424, 3, 3 
32422, 3, 3 
51706, 3, 3 
15174, 3, 3 
49269, 3, 3 
43492, 3, 3 
12990, 3, 3 
15990, 3, 3 
44032, 3, 3 
6415, 3, 3 
55485, 3, 3 
38549, 3, 3 
6185, 3, 3 
32881, 3, 3 
43509, 3, 3 
22218, 3, 3 
52972, 3, 3 
16504, 3, 3 
40205, 3, 3 
25032, 3, 3 
18485, 3, 3 
56067, 3, 3 
51799, 3, 3 
49103, 3, 3 
17127, 3, 3 
20606, 3, 3 
57801, 3, 3 
392, 3, 3 
8818, 3, 3 
17308, 3, 3 
19620, 3, 3 
35922, 3, 3 
23759, 3, 3 
7463, 3, 3 
56741, 3, 3 
26194, 3, 3 
2286, 3, 3 
59416, 3, 3 
56321, 3, 3 
44385, 3, 3 
16191, 3, 3 
40962, 3, 3 
9253, 3, 3 
11645, 3, 7 
9153, 3, 3 
8065, 3, 3 
50516, 3, 3 
31217, 3, 3 
33840, 3, 3 
11111, 3, 3 
15651, 3, 3 
38811, 3, 3 
13750, 3, 3 
39267, 3, 3 
9848, 3, 3 
42971, 3, 3 
34846, 3, 3 
19230, 3, 3 
992, 3, 3 
14674, 3, 3 
9230, 3, 3 
20597, 3, 3 
13879, 3, 3 
24575, 3, 3 
46856, 3, 3 
45945, 3, 3 
28193, 3, 3 
27022, 3, 3 
18812, 3, 3 
3609, 3, 3 
46480, 3, 3 
49054, 3, 3 
3400, 3, 3 
44408, 3, 3 
57474, 3, 2 
6892, 3, 3 
14825, 3, 3 
7721, 3, 3 
40490, 3, 3 
5531, 3, 3 
56297, 3, 3 
55758, 3, 3 
38445, 3, 3 
13773, 3, 3 
39721, 3, 3 
2087, 3, 3 
4022, 3, 3 
48901, 3, 3 
32376, 3, 3 
11244, 3, 3 
51038, 3, 3 
45079, 3, 3 
54008, 3, 3 
16366, 3, 3 
39143, 3, 3 
49968, 3, 3 
24142, 3, 3 
25631, 3, 3 
47746, 3, 3 
45266, 3, 3 
57766, 3, 3 
13601, 3, 3 
36130, 3, 3 
28119, 3, 3 
53875, 3, 3 
43730, 3, 3 
15587, 3, 3 
55461, 3, 3 
48064, 3, 3 
29823, 3, 3 
41385, 3, 3 
26488, 3, 3 
11233, 3, 3 
35530, 3, 3 
50946, 3, 3 
26505, 3, 3 
3997, 3, 3 
13929, 3, 3 
23227, 3, 3 
38732, 3, 3 
19107, 4, 4 
34185, 4, 4 
23834, 4, 4 
33650, 4, 4 
6220, 4, 4 
10964, 4, 4 
30269, 4, 4 
49692, 4, 4 
5138, 4, 4 
56793, 4, 4 
21393, 4, 4 
26296, 4, 4 
2360, 4, 4 
25175, 4, 4 
8415, 4, 4 
22676, 4, 4 
48764, 4, 4 
23713, 4, 4 
13263, 4, 4 
3037, 4, 4 
51689, 4, 4 
44153, 4, 4 
14578, 4, 4 
45316, 4, 4 
7974, 4, 4 
3496, 4, 4 
35126, 4, 4 
15682, 4, 4 
48405, 4, 4 
41886, 4, 4 
33506, 4, 1 
31598, 4, 4 
3088, 4, 4 
23648, 4, 4 
19853, 4, 4 
46059, 4, 4 
53888, 4, 4 
41964, 4, 4 
56886, 4, 4 
29922, 4, 4 
31050, 4, 4 
4791, 4, 4 
32126, 4, 4 
21119, 4, 4 
53807, 4, 4 
37785, 4, 4 
34742, 4, 4 
36540, 4, 4 
56676, 4, 4 
5835, 4, 4 
24493, 4, 4 
22580, 4, 4 
47128, 4, 4 
39117, 4, 4 
43740, 4, 4 
15686, 4, 4 
2206, 4, 4 
40094, 4, 4 
13451, 4, 4 
51515, 4, 4 
1922, 4, 4 
13241, 4, 4 
5324, 4, 4 
28976, 4, 4 
50282, 4, 4 
41163, 4, 4 
12125, 4, 4 
34449, 4, 4 
851, 4, 4 
23307, 4, 4 
24295, 4, 4 
21814, 4, 4 
24032, 4, 4 
8370, 4, 4 
45752, 4, 4 
24174, 4, 4 
369, 4, 4 
31340, 4, 4 
41626, 4, 4 
7090, 4, 4 
34781, 4, 4 
40912, 4, 4 
33312, 4, 4 
45025, 4, 4 
41006, 4, 4 
3110, 4, 4 
31123, 4, 4 
57530, 4, 4 
32683, 4, 4 
4802, 4, 4 
36795, 4, 4 
37156, 4, 4 
1094, 4, 4 
20484, 4, 4 
57721, 4, 4 
6271, 4, 4 
39110, 4, 4 
38654, 4, 4 
33359, 4, 4 
35822, 4, 4 
33265, 4, 4 
25170, 4, 4 
35830, 4, 4 
32340, 4, 4 
28086, 4, 4 
24922, 4, 4 
12291, 4, 4 
48252, 4, 4 
49015, 4, 4 
56281, 4, 4 
1440, 4, 4 
43954, 4, 4 
36909, 4, 4 
17076, 4, 4 
42956, 4, 4 
4837, 4, 4 
8037, 4, 4 
39486, 4, 4 
39046, 4, 4 
29166, 4, 4 
32125, 4, 4 
54374, 4, 4 
27125, 4, 4 
1685, 4, 4 
4409, 4, 4 
39894, 4, 4 
6733, 4, 4 
50957, 4, 4 
53654, 4, 4 
49127, 4, 4 
55191, 4, 4 
1477, 4, 4 
46766, 4, 4 
29885, 4, 4 
38286, 4, 4 
5381, 4, 4 
3009, 4, 4 
59159, 4, 4 
56364, 4, 4 
57965, 4, 4 
51337, 4, 4 
34991, 4, 4 
15352, 4, 4 
12581, 4, 4 
25333, 4, 4 
39551, 4, 4 
32911, 4, 4 
10888, 4, 4 
6552, 4, 4 
9940, 4, 4 
33552, 4, 4 
1431, 4, 4 
34464, 4, 4 
27196, 4, 4 
35665, 4, 4 
17478, 4, 4 
23151, 4, 4 
51853, 4, 4 
11040, 4, 4 
30658, 4, 4 
13861, 4, 4 
40234, 4, 4 
36394, 4, 4 
53346, 4, 4 
5549, 4, 4 
37419, 4, 4 
5180, 4, 4 
11256, 4, 4 
39128, 4, 4 
2569, 4, 4 
25737, 4, 4 
48813, 4, 4 
56146, 4, 4 
4197, 4, 4 
5002, 4, 4 
48846, 4, 4 
57840, 4, 4 
53551, 4, 4 
32647, 4, 4 
49092, 4, 4 
2753, 4, 4 
39209, 4, 4 
27044, 4, 4 
15615, 4, 4 
14220, 4, 4 
804, 4, 4 
39536, 4, 4 
9149, 4, 4 
32776, 4, 4 
9920, 4, 4 
11113, 4, 4 
1232, 4, 4 
34545, 4, 4 
59700, 4, 4 
42455, 4, 4 
40062, 4, 4 
40766, 4, 4 
7011, 4, 4 
5689, 4, 4 
16180, 4, 4 
15552, 5, 5 
27941, 5, 5 
36690, 5, 5 
5452, 5, 5 
38038, 5, 5 
9367, 5, 5 
2857, 5, 5 
37589, 5, 5 
10995, 5, 5 
28375, 5, 5 
45390, 5, 5 
1111, 5, 5 
24166, 5, 5 
2272, 5, 5 
175, 5, 5 
20097, 5, 5 
8126, 5, 5 
15984, 5, 5 
22380, 5, 5 
16499, 5, 5 
44292, 5, 5 
2165, 5, 5 
30403, 5, 5 
25423, 5, 5 
27510, 5, 5 
33221, 5, 5 
13821, 5, 5 
18018, 5, 5 
6363, 5, 5 
52326, 5, 5 
6867, 5, 5 
32492, 5, 5 
34114, 5, 5 
43510, 5, 5 
6324, 5, 5 
24716, 5, 5 
42984, 5, 5 
19676, 5, 5 
10811, 5, 5 
56571, 5, 5 
21275, 5, 5 
33200, 5, 5 
3768, 5, 5 
18470, 5, 5 
47995, 5, 5 
43523, 5, 5 
22396, 5, 5 
26407, 5, 5 
48623, 5, 5 
54988, 5, 5 
18298, 5, 5 
8434, 5, 5 
16084, 5, 5 
49895, 5, 5 
35133, 5, 5 
25521, 5, 5 
30983, 5, 5 
1514, 5, 5 
40964, 5, 5 
14672, 5, 5 
47278, 5, 5 
25023, 5, 5 
22235, 5, 5 
25997, 5, 5 
26803, 5, 5 
13551, 5, 5 
47251, 5, 5 
34299, 5, 5 
41486, 5, 5 
5991, 5, 5 
19328, 5, 5 
56032, 5, 5 
12862, 5, 5 
40473, 5, 5 
44651, 5, 5 
57947, 5, 5 
34806, 5, 5 
45423, 5, 5 
18723, 5, 5 
50573, 5, 5 
29433, 5, 5 
31230, 5, 5 
13040, 5, 5 
59234, 5, 5 
39722, 5, 5 
16442, 5, 5 
3062, 5, 5 
25738, 5, 5 
15778, 5, 5 
34888, 5, 5 
34325, 5, 5 
6997, 5, 5 
33121, 5, 5 
26398, 5, 5 
57639, 5, 5 
36330, 5, 5 
43799, 5, 5 
40172, 5, 5 
9236, 5, 5 
35535, 5, 5 
34159, 5, 5 
43189, 5, 5 
31779, 5, 5 
11470, 5, 5 
29637, 5, 5 
5757, 5, 5 
51852, 5, 5 
2120, 5, 5 
18476, 5, 5 
23438, 5, 5 
54500, 5, 5 
47104, 5, 5 
53942, 5, 5 
13284, 5, 5 
21629, 5, 5 
23497, 5, 5 
11238, 5, 5 
6664, 5, 5 
22935, 5, 5 
23676, 5, 5 
14486, 5, 5 
28748, 5, 5 
46188, 5, 5 
28280, 5, 5 
26842, 5, 5 
59160, 5, 5 
41370, 5, 5 
14970, 5, 5 
49253, 5, 5 
13603, 5, 5 
25190, 5, 5 
43377, 5, 5 
35147, 5, 5 
15810, 5, 5 
57480, 5, 5 
513, 5, 5 
52962, 5, 5 
14799, 5, 5 
36495, 5, 5 
22393, 5, 5 
10065, 5, 5 
2329, 5, 5 
43454, 5, 5 
40347, 5, 5 
29539, 5, 5 
28395, 5, 5 
22470, 5, 5 
9009, 5, 5 
6929, 5, 5 
55223, 5, 5 
58117, 5, 5 
45160, 5, 5 
22354, 5, 5 
54122, 5, 5 
8479, 5, 5 
1806, 5, 5 
22186, 5, 5 
54024, 5, 5 
58802, 5, 5 
19089, 5, 5 
27403, 5, 5 
13619, 5, 5 
38843, 5, 5 
46675, 5, 5 
19846, 5, 5 
45616, 5, 5 
22581, 5, 5 
37983, 5, 5 
6735, 5, 5 
36126, 5, 5 
45607, 5, 5 
8056, 5, 5 
36804, 5, 5 
34882, 5, 5 
51562, 5, 5 
27627, 5, 5 
15800, 5, 5 
47934, 5, 5 
41752, 5, 5 
45344, 5, 5 
15812, 5, 5 
55661, 5, 5 
4076, 5, 5 
8731, 5, 5 
18925, 5, 5 
28161, 5, 5 
3385, 5, 5 
26313, 5, 5 
1263, 5, 5 
12917, 5, 5 
11707, 5, 5 
56812, 5, 5 
9028, 5, 5 
29027, 5, 5 
2639, 5, 5 
29150, 5, 5 
49568, 5, 5 
53732, 5, 5 
14204, 5, 5 
40194, 5, 5 
4520, 6, 6 
41303, 6, 6 
8697, 6, 6 
43581, 6, 6 
53697, 6, 6 
1980, 6, 6 
55390, 6, 6 
40757, 6, 6 
46581, 6, 6 
49711, 6, 6 
15673, 6, 6 
16788, 6, 6 
34827, 6, 6 
24616, 6, 6 
37350, 6, 6 
4251, 6, 6 
55185, 6, 6 
40514, 6, 6 
54771, 6, 6 
8658, 6, 6 
20383, 6, 6 
26077, 6, 6 
28727, 6, 6 
8526, 6, 6 
52441, 6, 6 
46521, 6, 6 
54830, 6, 6 
47810, 6, 6 
59320, 6, 6 
26168, 6, 6 
17953, 6, 6 
29944, 6, 6 
8145, 6, 6 
58043, 6, 6 
32791, 6, 6 
24750, 6, 6 
3127, 6, 6 
7490, 6, 6 
14044, 6, 6 
19617, 6, 6 
50619, 6, 6 
42541, 6, 6 
15978, 6, 6 
38876, 6, 6 
40538, 6, 6 
9281, 6, 6 
25860, 6, 6 
33010, 6, 6 
27536, 6, 6 
26915, 6, 6 
48141, 6, 6 
37346, 6, 6 
57514, 6, 6 
33242, 6, 6 
49396, 6, 6 
7063, 6, 6 
1117, 6, 6 
55012, 6, 6 
55475, 6, 6 
165, 6, 6 
15280, 6, 6 
52069, 6, 6 
8860, 6, 6 
28733, 6, 6 
55367, 6, 6 
56632, 6, 6 
8871, 6, 6 
8500, 6, 6 
13444, 6, 6 
49577, 6, 6 
598, 6, 6 
4702, 6, 6 
58271, 6, 6 
44460, 6, 6 
18869, 6, 6 
32180, 6, 6 
58473, 6, 6 
739, 6, 6 
9338, 6, 6 
28438, 6, 6 
14804, 6, 6 
6456, 6, 6 
3764, 6, 6 
36491, 6, 6 
24428, 6, 6 
5629, 6, 6 
19431, 6, 6 
3089, 6, 6 
20148, 6, 6 
7991, 6, 6 
27086, 6, 6 
40917, 6, 6 
35497, 6, 6 
41586, 6, 6 
40661, 6, 6 
58352, 6, 6 
40331, 6, 6 
15756, 6, 6 
56358, 6, 6 
7577, 6, 6 
14347, 6, 6 
3187, 6, 6 
8328, 6, 6 
52265, 6, 6 
241, 6, 6 
15924, 6, 6 
40596, 6, 6 
46207, 6, 6 
32003, 6, 6 
16703, 6, 6 
40862, 6, 6 
54572, 6, 6 
1536, 6, 6 
4426, 6, 6 
36702, 6, 6 
23720, 6, 6 
10930, 6, 6 
50270, 6, 6 
38260, 6, 6 
25142, 6, 6 
45425, 6, 6 
38853, 6, 6 
39292, 6, 6 
2570, 6, 6 
33116, 6, 6 
46096, 6, 6 
43679, 6, 6 
18302, 6, 6 
35468, 6, 6 
27794, 6, 6 
58900, 6, 6 
15448, 6, 6 
29454, 6, 6 
28281, 6, 6 
13133, 6, 6 
17796, 6, 6 
15634, 6, 6 
57959, 6, 6 
37345, 6, 6 
21821, 6, 6 
19964, 6, 6 
8820, 6, 6 
1189, 6, 6 
4709, 6, 6 
52518, 6, 6 
26777, 6, 6 
50160, 6, 6 
19559, 6, 6 
54820, 6, 6 
59417, 6, 6 
19851, 6, 6 
21728, 6, 6 
53754, 6, 6 
20320, 6, 6 
23363, 6, 6 
6338, 6, 6 
33730, 6, 6 
30182, 6, 6 
57518, 6, 6 
48810, 6, 6 
29620, 6, 6 
57353, 6, 6 
3869, 6, 6 
17773, 6, 6 
21084, 6, 6 
51995, 6, 6 
12834, 6, 6 
19745, 6, 6 
27757, 6, 6 
11316, 6, 6 
14423, 6, 6 
7581, 6, 6 
35948, 6, 6 
6313, 6, 6 
42172, 6, 6 
26490, 6, 6 
7571, 6, 6 
59273, 6, 6 
14109, 6, 6 
42350, 6, 6 
1642, 6, 6 
52163, 6, 6 
28619, 6, 6 
53900, 6, 6 
18907, 6, 6 
37707, 6, 6 
33006, 6, 6 
58949, 6, 6 
3700, 6, 6 
51246, 6, 6 
22709, 6, 6 
13809, 6, 6 
59736, 6, 6 
3615, 6, 6 
24214, 6, 6 
27350, 6, 6 
13290, 6, 6 
30945, 6, 6 
4827, 6, 6 
36155, 6, 6 
17659, 7, 7 
22052, 7, 7 
40216, 7, 7 
7352, 7, 7 
56679, 7, 7 
43354, 7, 7 
40916, 7, 7 
52568, 7, 7 
55492, 7, 7 
48979, 7, 7 
9052, 7, 7 
2095, 7, 7 
6315, 7, 7 
42177, 7, 7 
14841, 7, 7 
55117, 7, 7 
52497, 7, 7 
59389, 7, 7 
5422, 7, 7 
25897, 7, 7 
59204, 7, 7 
7403, 7, 7 
6088, 7, 7 
32681, 7, 7 
30018, 7, 7 
51205, 7, 7 
14643, 7, 7 
45257, 7, 7 
10131, 7, 7 
38422, 7, 7 
19635, 7, 7 
58836, 7, 7 
57867, 7, 7 
38794, 7, 7 
18358, 7, 7 
58826, 7, 7 
16186, 7, 7 
53338, 7, 7 
12413, 7, 7 
11137, 7, 7 
56670, 7, 7 
31291, 7, 7 
45114, 7, 7 
38776, 7, 7 
6375, 7, 7 
52736, 7, 7 
13064, 7, 7 
41151, 7, 7 
54453, 7, 7 
22513, 7, 7 
37898, 7, 7 
4372, 7, 7 
27166, 7, 7 
4774, 7, 7 
28541, 7, 7 
48736, 7, 7 
36238, 7, 7 
36969, 7, 7 
43725, 7, 7 
51916, 7, 7 
28437, 7, 7 
22791, 7, 7 
56453, 7, 7 
12491, 7, 7 
37298, 7, 7 
17113, 7, 7 
3408, 7, 7 
54372, 7, 7 
34378, 7, 7 
44717, 7, 7 
43400, 7, 7 
23803, 7, 7 
28697, 7, 7 
51704, 7, 7 
36156, 7, 7 
52486, 7, 7 
42824, 7, 7 
40358, 7, 7 
57825, 7, 7 
28848, 7, 7 
4255, 7, 7 
56983, 7, 7 
13600, 7, 7 
46031, 7, 7 
1652, 7, 7 
14969, 7, 7 
50878, 7, 7 
16299, 7, 7 
52460, 7, 7 
7509, 7, 7 
14245, 7, 7 
36563, 7, 7 
8698, 7, 7 
29376, 7, 7 
9545, 7, 7 
51825, 7, 7 
23969, 7, 7 
21133, 7, 7 
46349, 7, 7 
5540, 7, 7 
11829, 7, 7 
42169, 7, 7 
34153, 7, 7 
3942, 7, 7 
49327, 7, 7 
20909, 7, 7 
49738, 7, 7 
51465, 7, 7 
27862, 7, 7 
4000, 7, 7 
19183, 7, 7 
30801, 7, 7 
40911, 7, 7 
48308, 7, 7 
46042, 7, 7 
22955, 7, 7 
29632, 7, 7 
49662, 7, 7 
39013, 7, 7 
53415, 7, 7 
30501, 7, 7 
55444, 7, 7 
6319, 7, 7 
31319, 7, 7 
23571, 7, 7 
58524, 7, 7 
49909, 7, 7 
57204, 7, 7 
27683, 7, 7 
29032, 7, 7 
37769, 7, 7 
16871, 7, 7 
33737, 7, 7 
4618, 7, 7 
41527, 7, 7 
29963, 7, 7 
50706, 7, 7 
3617, 7, 7 
3469, 7, 7 
59843, 7, 7 
9157, 7, 7 
8049, 7, 7 
43802, 7, 7 
19525, 7, 7 
14403, 7, 7 
44836, 7, 7 
42461, 7, 7 
14898, 7, 7 
1846, 7, 7 
17762, 7, 7 
39880, 7, 7 
31257, 7, 7 
53986, 7, 7 
57564, 7, 7 
18894, 7, 7 
30768, 7, 7 
33571, 7, 7 
51335, 7, 7 
20404, 7, 7 
29867, 7, 7 
40906, 7, 7 
48080, 7, 7 
51363, 7, 7 
24990, 7, 7 
25833, 7, 7 
23666, 7, 7 
56846, 7, 7 
7284, 7, 7 
39651, 7, 7 
44219, 7, 7 
16395, 7, 7 
55494, 7, 7 
41309, 7, 7 
4042, 7, 7 
48893, 7, 7 
50046, 7, 7 
40357, 7, 7 
24138, 7, 7 
34118, 7, 7 
56694, 7, 7 
23978, 7, 7 
54212, 7, 7 
21641, 7, 7 
51988, 7, 7 
40505, 7, 7 
11399, 7, 7 
3140, 7, 7 
6600, 7, 7 
15202, 7, 7 
57809, 7, 7 
53159, 7, 7 
2187, 7, 7 
50805, 7, 7 
35474, 7, 7 
51766, 7, 7 
8665, 7, 7 
42077, 7, 7 
5821, 7, 7 
42976, 7, 7 
37420, 7, 7 
36854, 8, 8 
28480, 8, 8 
19928, 8, 8 
6728, 8, 8 
42699, 8, 8 
23466, 8, 8 
47038, 8, 8 
46223, 8, 8 
3584, 8, 8 
35103, 8, 8 
33089, 8, 8 
12848, 8, 8 
42009, 8, 8 
13588, 8, 8 
2833, 8, 8 
3011, 8, 8 
11406, 8, 8 
29829, 8, 8 
2139, 8, 8 
12255, 8, 8 
31540, 8, 8 
45156, 8, 8 
14250, 8, 8 
23669, 8, 8 
27447, 8, 8 
23086, 8, 8 
4992, 8, 8 
39658, 8, 8 
26661, 8, 8 
59649, 8, 8 
26200, 8, 8 
48106, 8, 8 
17679, 8, 8 
32012, 8, 8 
51189, 8, 8 
59949, 8, 8 
16040, 8, 8 
35264, 8, 8 
17808, 8, 8 
42504, 8, 8 
33898, 8, 8 
21177, 8, 8 
23426, 8, 8 
28726, 8, 8 
58762, 8, 8 
26813, 8, 8 
28226, 8, 8 
16445, 8, 8 
58960, 8, 8 
34209, 8, 8 
25207, 8, 8 
38423, 8, 8 
15626, 8, 8 
6924, 8, 8 
18406, 8, 8 
2699, 8, 8 
19148, 8, 8 
29142, 8, 8 
59447, 8, 8 
55405, 8, 8 
42384, 8, 8 
2016, 8, 8 
21085, 8, 8 
59844, 8, 8 
18239, 8, 8 
23436, 8, 8 
7871, 8, 8 
6470, 8, 8 
52070, 8, 8 
47505, 8, 8 
10398, 8, 8 
53170, 8, 8 
10064, 8, 8 
17506, 8, 8 
21432, 8, 8 
9970, 8, 8 
11720, 8, 8 
29090, 8, 8 
9847, 8, 8 
8269, 8, 8 
35309, 8, 8 
42688, 8, 1 
5140, 8, 8 
17705, 8, 8 
43524, 8, 8 
48339, 8, 8 
6659, 8, 8 
53660, 8, 8 
47212, 8, 8 
46508, 8, 8 
53240, 8, 8 
16937, 8, 8 
30219, 8, 8 
59926, 8, 8 
52115, 8, 8 
43322, 8, 8 
12609, 8, 8 
876, 8, 8 
25495, 8, 8 
38641, 8, 8 
42006, 8, 8 
31479, 8, 8 
5215, 8, 8 
45208, 8, 8 
20524, 8, 8 
4063, 8, 8 
51307, 8, 8 
34966, 8, 8 
14494, 8, 8 
10595, 8, 8 
47857, 8, 8 
9952, 8, 8 
52171, 8, 8 
16263, 8, 8 
57031, 8, 8 
12899, 8, 8 
3365, 8, 8 
35072, 8, 8 
16073, 8, 8 
4834, 8, 8 
55128, 8, 8 
26628, 8, 8 
53663, 8, 8 
17160, 8, 8 
4947, 8, 8 
5680, 8, 8 
38453, 8, 8 
56976, 8, 8 
40689, 8, 8 
44604, 8, 8 
2383, 8, 8 
28710, 8, 8 
48101, 8, 8 
40138, 8, 8 
29634, 8, 8 
18369, 8, 8 
49422, 8, 8 
58464, 8, 8 
16864, 8, 8 
8584, 8, 8 
10663, 8, 8 
23865, 8, 8 
20973, 8, 8 
25179, 8, 8 
28766, 8, 8 
16457, 8, 8 
12777, 8, 8 
53737, 8, 8 
22924, 8, 8 
4419, 8, 8 
43097, 8, 1 
46794, 8, 8 
43069, 8, 1 
56378, 8, 8 
18762, 8, 8 
1464, 8, 8 
17170, 8, 8 
26773, 8, 8 
49502, 8, 8 
2842, 8, 8 
2077, 8, 8 
517, 8, 8 
16860, 8, 8 
53208, 8, 8 
29545, 8, 8 
20954, 8, 8 
42029, 8, 2 
42479, 8, 8 
40092, 8, 8 
5557, 8, 8 
49618, 8, 8 
13204, 8, 8 
59666, 8, 8 
32615, 8, 8 
13888, 8, 8 
24654, 8, 1 
23674, 8, 1 
1966, 8, 8 
19618, 8, 8 
30581, 8, 8 
48655, 8, 8 
28739, 8, 8 
3148, 8, 8 
33770, 8, 8 
47154, 8, 8 
2026, 8, 8 
24256, 8, 8 
14396, 8, 8 
12400, 8, 8 
54505, 8, 8 
27798, 8, 8 
11984, 8, 8 
28682, 8, 8 
23789, 8, 8 
9918, 8, 8 
49572, 8, 8 
9314, 8, 8 
16284, 8, 8 
2001, 8, 8 
29223, 8, 8 
49130, 9, 9 
44618, 9, 9 
3483, 9, 9 
23365, 9, 9 
28645, 9, 9 
20689, 9, 9 
20086, 9, 9 
51334, 9, 9 
43544, 9, 9 
18082, 9, 9 
56292, 9, 9 
42318, 9, 9 
8220, 9, 9 
17152, 9, 9 
30453, 9, 7 
42222, 9, 9 
41948, 9, 9 
28460, 9, 9 
44854, 9, 9 
22312, 9, 9 
33531, 9, 9 
1291, 9, 9 
9817, 9, 9 
56156, 9, 9 
5063, 9, 9 
49690, 9, 9 
58369, 9, 9 
20444, 9, 9 
19140, 9, 9 
12768, 9, 9 
7873, 9, 9 
10387, 9, 9 
11300, 9, 9 
53022, 9, 9 
41503, 9, 9 
32552, 9, 9 
57085, 9, 9 
16035, 9, 9 
41135, 9, 9 
40063, 9, 9 
48077, 9, 9 
43034, 9, 9 
28592, 9, 9 
36510, 9, 9 
14497, 9, 9 
11550, 9, 9 
18458, 9, 9 
13130, 9, 9 
56607, 9, 9 
17537, 9, 7 
46282, 9, 9 
55473, 9, 9 
51316, 9, 9 
47517, 9, 9 
26970, 9, 9 
54170, 9, 9 
57638, 9, 9 
17475, 9, 9 
14928, 9, 9 
31072, 9, 9 
3232, 9, 9 
6969, 9, 9 
38880, 9, 9 
4306, 9, 9 
23084, 9, 9 
54467, 9, 9 
16341, 9, 9 
21072, 9, 9 
43001, 9, 9 
21840, 9, 9 
26806, 9, 9 
19322, 9, 9 
4313, 9, 9 
11196, 9, 9 
31131, 9, 9 
35694, 9, 9 
42192, 9, 9 
54038, 9, 9 
49640, 9, 9 
1811, 9, 9 
40028, 9, 9 
10132, 9, 9 
39073, 9, 9 
25216, 9, 9 
45323, 9, 9 
45415, 9, 9 
22195, 9, 9 
34603, 9, 9 
30694, 9, 9 
58838, 9, 9 
53544, 9, 9 
5008, 9, 9 
31094, 9, 9 
50467, 9, 9 
29495, 9, 9 
3773, 9, 9 
39016, 9, 9 
48980, 9, 9 
13194, 9, 9 
19597, 9, 9 
29663, 9, 9 
29536, 9, 9 
20667, 9, 9 
4788, 9, 9 
17860, 9, 9 
30491, 9, 9 
1574, 9, 9 
54146, 9, 9 
50391, 9, 9 
48758, 9, 9 
35892, 9, 9 
13173, 9, 9 
14977, 9, 9 
32676, 9, 9 
58761, 9, 9 
18697, 9, 9 
20915, 9, 9 
55978, 9, 9 
7886, 9, 9 
25648, 9, 9 
47148, 9, 9 
17737, 9, 9 
44780, 9, 9 
18241, 9, 9 
5893, 9, 9 
58054, 9, 9 
42882, 9, 9 
53505, 9, 9 
27730, 9, 9 
3696, 9, 7 
10449, 9, 9 
25237, 9, 9 
22406, 9, 9 
38005, 9, 9 
40585, 9, 9 
41942, 9, 9 
55783, 9, 9 
44075, 9, 9 
23512, 9, 9 
29001, 9, 9 
24920, 9, 9 
15503, 9, 9 
23868, 9, 9 
52061, 9, 9 
48968, 9, 9 
56003, 9, 9 
42360, 9, 9 
600, 9, 9 
36757, 9, 9 
43248, 9, 9 
51840, 9, 9 
16621, 9, 9 
56133, 9, 9 
29390, 9, 9 
33701, 9, 9 
46008, 9, 9 
39000, 9, 9 
41982, 9, 9 
30947, 9, 9 
44489, 9, 9 
44081, 9, 9 
17323, 9, 9 
24193, 9, 9 
53337, 9, 9 
36418, 9, 9 
42497, 9, 9 
56237, 9, 9 
46907, 9, 9 
133, 9, 9 
17427, 9, 9 
2460, 9, 9 
18143, 9, 9 
8238, 9, 9 
50414, 9, 9 
10292, 9, 9 
50124, 9, 9 
49213, 9, 9 
35991, 9, 9 
14142, 9, 9 
5261, 9, 9 
50386, 9, 9 
17119, 9, 9 
54389, 9, 9 
44534, 9, 9 
4032, 9, 9 
39816, 9, 9 
11617, 9, 9 
1794, 9, 9 
7208, 9, 9 
1036, 9, 9 
31312, 9, 9 
30334, 9, 9 
49898, 9, 9 
29841, 9, 7 
27234, 9, 9 
52180, 9, 9 
48057, 9, 9 
16470, 9, 9 
45785, 9, 9 
40372, 9, 9 
