id, true label, predicted label 
16352, 0, 0 
42369, 0, 0 
49471, 0, 0 
21380, 0, 0 
16484, 0, 0 
11129, 0, 0 
26665, 0, 0 
12144, 0, 0 
8515, 0, 0 
25181, 0, 0 
1018, 0, 0 
55624, 0, 0 
12553, 0, 0 
23009, 0, 0 
6103, 0, 0 
29386, 0, 0 
40895, 0, 0 
10523, 0, 0 
48371, 0, 0 
15108, 0, 0 
38850, 0, 0 
53460, 0, 0 
53353, 0, 0 
42989, 0, 0 
22938, 0, 0 
603, 0, 0 
25919, 0, 0 
23884, 0, 0 
9965, 0, 0 
16777, 0, 0 
34977, 0, 0 
41877, 0, 0 
52130, 0, 0 
23891, 0, 0 
36533, 0, 0 
5888, 0, 0 
4688, 0, 0 
30473, 0, 0 
4624, 0, 0 
51505, 0, 0 
6325, 0, 0 
45939, 0, 0 
15926, 0, 0 
29119, 0, 0 
28971, 0, 0 
21403, 0, 0 
46680, 0, 0 
38332, 0, 0 
5961, 0, 0 
48121, 0, 0 
37822, 0, 0 
28946, 0, 0 
28365, 0, 0 
49953, 0, 0 
17956, 0, 0 
22405, 0, 0 
56454, 0, 0 
21600, 0, 0 
36667, 0, 0 
49533, 0, 0 
35651, 0, 0 
5462, 0, 0 
23991, 0, 0 
55917, 0, 0 
22583, 0, 0 
19303, 0, 0 
35853, 0, 0 
16585, 0, 0 
33277, 0, 0 
11620, 0, 0 
29420, 0, 0 
3396, 0, 0 
5048, 0, 0 
12219, 0, 0 
23367, 0, 0 
7548, 0, 0 
38816, 0, 0 
55806, 0, 0 
42732, 0, 0 
19857, 0, 0 
1423, 0, 0 
39955, 0, 0 
6496, 0, 0 
48403, 0, 0 
9773, 0, 0 
58062, 0, 0 
14258, 0, 0 
7664, 0, 0 
15142, 0, 0 
5747, 0, 0 
927, 0, 0 
14160, 0, 0 
743, 0, 0 
7371, 0, 0 
39194, 0, 0 
39664, 0, 0 
1596, 0, 0 
36824, 0, 0 
37192, 0, 0 
37158, 0, 0 
47997, 0, 0 
27343, 0, 0 
33465, 0, 0 
40336, 0, 0 
34045, 0, 0 
45165, 0, 0 
15582, 0, 0 
58180, 0, 0 
36055, 0, 0 
45966, 0, 0 
11354, 0, 0 
25395, 0, 0 
3929, 0, 0 
5692, 0, 0 
48200, 0, 0 
31857, 0, 0 
5938, 0, 0 
9806, 0, 0 
25707, 0, 0 
40825, 0, 0 
7846, 0, 0 
20095, 0, 0 
28714, 0, 0 
24388, 0, 0 
21809, 0, 0 
59557, 0, 0 
35400, 0, 0 
52021, 0, 0 
42865, 0, 0 
2082, 0, 0 
12573, 0, 0 
246, 0, 0 
11532, 0, 0 
15863, 0, 0 
6935, 0, 0 
19584, 0, 0 
23980, 0, 0 
27290, 0, 0 
5475, 0, 0 
52428, 0, 0 
29623, 0, 0 
33442, 0, 0 
31173, 0, 0 
47902, 0, 0 
52064, 0, 0 
54728, 0, 0 
33847, 0, 0 
44844, 0, 0 
19061, 0, 0 
1742, 0, 0 
5505, 0, 0 
11845, 0, 0 
1729, 0, 0 
702, 0, 0 
2624, 0, 0 
12897, 0, 0 
31112, 0, 0 
10334, 0, 0 
32781, 0, 0 
54941, 0, 0 
21780, 0, 0 
29579, 0, 0 
20012, 0, 0 
11948, 0, 0 
7272, 0, 0 
58784, 0, 0 
7318, 0, 0 
37937, 0, 0 
4444, 0, 0 
3667, 0, 0 
8489, 0, 0 
4713, 0, 0 
15329, 0, 0 
63, 0, 0 
28489, 0, 0 
3529, 0, 0 
7710, 0, 0 
8343, 0, 0 
35634, 0, 0 
49014, 0, 0 
49280, 0, 0 
38662, 0, 0 
11526, 0, 0 
41989, 0, 0 
4356, 0, 0 
24696, 0, 0 
5131, 0, 0 
11217, 0, 0 
20642, 0, 0 
41100, 0, 0 
57707, 0, 0 
22603, 0, 0 
1015, 0, 0 
28402, 0, 0 
32550, 0, 0 
37189, 0, 0 
22646, 0, 0 
19225, 0, 0 
50566, 0, 0 
31943, 0, 0 
53539, 1, 1 
30848, 1, 1 
30556, 1, 1 
36682, 1, 1 
51493, 1, 1 
10448, 1, 1 
59266, 1, 1 
15423, 1, 1 
54329, 1, 1 
29518, 1, 1 
22004, 1, 1 
30337, 1, 1 
29669, 1, 1 
29098, 1, 1 
13947, 1, 1 
23255, 1, 1 
38764, 1, 1 
53489, 1, 1 
59247, 1, 1 
17423, 1, 1 
47776, 1, 1 
57412, 1, 1 
35856, 1, 1 
38951, 1, 1 
1860, 1, 1 
4972, 1, 1 
24461, 1, 1 
36794, 1, 1 
7536, 1, 1 
24376, 1, 1 
45516, 1, 1 
7651, 1, 1 
54614, 1, 1 
18261, 1, 1 
56506, 1, 1 
31663, 1, 1 
59189, 1, 1 
15697, 1, 1 
47187, 1, 1 
47601, 1, 1 
25898, 1, 1 
36892, 1, 1 
4933, 1, 1 
23382, 1, 1 
26029, 1, 1 
14767, 1, 1 
19091, 1, 1 
11677, 1, 1 
14906, 1, 1 
27836, 1, 1 
17960, 1, 1 
13283, 1, 1 
58557, 1, 1 
5957, 1, 1 
59036, 1, 1 
25970, 1, 1 
43232, 1, 1 
49154, 1, 1 
36928, 1, 1 
18282, 1, 1 
18451, 1, 1 
28834, 1, 1 
36786, 1, 1 
12209, 1, 1 
44524, 1, 1 
43044, 1, 1 
20212, 1, 1 
35831, 1, 1 
22785, 1, 1 
42618, 1, 1 
50589, 1, 1 
35109, 1, 1 
29377, 1, 1 
56435, 1, 1 
30612, 1, 1 
29087, 1, 1 
52850, 1, 1 
38164, 1, 1 
11835, 1, 1 
41591, 1, 1 
52075, 1, 1 
33586, 1, 1 
31370, 1, 1 
11272, 1, 1 
15967, 1, 1 
9354, 1, 1 
33658, 1, 1 
56273, 1, 1 
17005, 1, 1 
42888, 1, 1 
12013, 1, 1 
13961, 1, 1 
16211, 1, 1 
35435, 1, 1 
16713, 1, 1 
17802, 1, 1 
34566, 1, 1 
22478, 1, 1 
47268, 1, 1 
51801, 1, 1 
15095, 1, 1 
38823, 1, 1 
7747, 1, 1 
39888, 1, 1 
38918, 1, 1 
13007, 1, 1 
24126, 1, 1 
59832, 1, 1 
41733, 1, 1 
46782, 1, 1 
40716, 1, 1 
5234, 1, 1 
58266, 1, 1 
11995, 1, 1 
10669, 1, 1 
45078, 1, 1 
39159, 1, 1 
33183, 1, 1 
36558, 1, 1 
43567, 1, 1 
35710, 1, 1 
15933, 1, 1 
8351, 1, 1 
55499, 1, 1 
15835, 1, 1 
14016, 1, 1 
55524, 1, 1 
18880, 1, 1 
7330, 1, 1 
14321, 1, 1 
33628, 1, 1 
211, 1, 1 
24216, 1, 1 
40464, 1, 1 
52668, 1, 1 
41542, 1, 1 
25744, 1, 1 
38629, 1, 1 
22659, 1, 1 
24447, 1, 1 
36273, 1, 1 
37732, 1, 1 
57436, 1, 1 
12041, 1, 1 
10667, 1, 1 
6328, 1, 1 
57929, 1, 1 
18411, 1, 1 
3889, 1, 1 
15224, 1, 1 
34373, 1, 1 
24083, 1, 1 
32439, 1, 1 
23342, 1, 1 
9260, 1, 1 
9856, 1, 1 
15277, 1, 1 
54501, 1, 1 
24397, 1, 1 
7074, 1, 1 
47721, 1, 1 
16233, 1, 1 
37201, 1, 1 
25749, 1, 1 
38774, 1, 1 
6678, 1, 1 
55155, 1, 1 
33354, 1, 1 
37531, 1, 1 
35257, 1, 1 
50827, 1, 1 
22815, 1, 1 
42102, 1, 1 
44324, 1, 1 
10692, 1, 1 
45186, 1, 1 
23665, 1, 1 
57599, 1, 1 
57631, 1, 1 
53162, 1, 1 
1548, 1, 1 
22303, 1, 1 
5051, 1, 1 
21942, 1, 1 
22727, 1, 1 
22398, 1, 1 
14986, 1, 1 
11634, 1, 1 
24634, 1, 1 
13272, 1, 1 
16447, 1, 1 
24839, 1, 1 
48183, 1, 1 
57310, 1, 1 
41467, 1, 1 
59044, 1, 1 
9103, 1, 1 
3103, 1, 1 
48902, 1, 1 
39652, 1, 1 
10256, 2, 2 
54325, 2, 2 
36853, 2, 2 
41399, 2, 2 
42327, 2, 2 
26221, 2, 2 
31354, 2, 2 
32836, 2, 2 
27165, 2, 2 
24972, 2, 2 
29932, 2, 2 
55692, 2, 2 
8864, 2, 2 
35606, 2, 2 
7413, 2, 2 
20239, 2, 2 
35288, 2, 2 
7619, 2, 2 
19229, 2, 2 
57096, 2, 2 
34768, 2, 2 
18864, 2, 2 
35572, 2, 2 
53720, 2, 2 
36662, 2, 2 
42934, 2, 2 
6249, 2, 2 
25459, 2, 2 
50991, 2, 2 
52006, 2, 2 
37243, 2, 2 
45375, 2, 2 
29611, 2, 2 
56785, 2, 2 
55220, 2, 2 
35240, 2, 2 
39691, 2, 2 
18198, 2, 2 
44475, 2, 2 
50521, 2, 2 
55525, 2, 2 
49267, 2, 2 
17432, 2, 2 
49773, 2, 2 
20442, 2, 2 
56655, 2, 7 
563, 2, 2 
24513, 2, 2 
26157, 2, 2 
13491, 2, 2 
51131, 2, 2 
57654, 2, 2 
51100, 2, 2 
13432, 2, 2 
7510, 2, 2 
59721, 2, 2 
49790, 2, 2 
22579, 2, 2 
20721, 2, 2 
18201, 2, 2 
57597, 2, 2 
51419, 2, 2 
44140, 2, 2 
1129, 2, 2 
4071, 2, 2 
9722, 2, 2 
59252, 2, 2 
51064, 2, 2 
47990, 2, 2 
33333, 2, 2 
35885, 2, 2 
48420, 2, 2 
59855, 2, 2 
57506, 2, 2 
41955, 2, 2 
14847, 2, 2 
15887, 2, 2 
33716, 2, 2 
42491, 2, 4 
15751, 2, 2 
4914, 2, 2 
27739, 2, 2 
15823, 2, 2 
21023, 2, 9 
34902, 2, 8 
29017, 2, 2 
15132, 2, 2 
11600, 2, 2 
3589, 2, 2 
19680, 2, 2 
12286, 2, 2 
55352, 2, 2 
49936, 2, 2 
12204, 2, 2 
32022, 2, 2 
37234, 2, 2 
46050, 2, 2 
51682, 2, 2 
43257, 2, 2 
2625, 2, 2 
16089, 2, 2 
31338, 2, 2 
180, 2, 2 
5289, 2, 2 
33672, 2, 2 
16989, 2, 2 
8883, 2, 9 
9658, 2, 2 
48323, 2, 2 
53773, 2, 2 
44740, 2, 2 
20959, 2, 2 
16916, 2, 2 
34323, 2, 2 
48383, 2, 2 
36693, 2, 2 
59985, 2, 2 
15263, 2, 2 
53207, 2, 2 
26011, 2, 2 
43842, 2, 2 
59819, 2, 2 
35092, 2, 2 
7177, 2, 2 
45620, 2, 2 
10138, 2, 2 
33897, 2, 2 
54951, 2, 2 
55542, 2, 2 
693, 2, 2 
23171, 2, 2 
37570, 2, 2 
1246, 2, 2 
52851, 2, 2 
31933, 2, 2 
58135, 2, 2 
22019, 2, 2 
52841, 2, 2 
13370, 2, 2 
43632, 2, 2 
20522, 2, 2 
15279, 2, 2 
43077, 2, 2 
48356, 2, 2 
13452, 2, 7 
2305, 2, 2 
33987, 2, 2 
10194, 2, 2 
28185, 2, 2 
32430, 2, 2 
36593, 2, 2 
53377, 2, 2 
16482, 2, 2 
30580, 2, 2 
12234, 2, 2 
7432, 2, 2 
46935, 2, 2 
55969, 2, 2 
38381, 2, 2 
9036, 2, 2 
49369, 2, 2 
17566, 2, 2 
54674, 2, 2 
50689, 2, 2 
26932, 2, 2 
26357, 2, 2 
25994, 2, 2 
47973, 2, 2 
37532, 2, 2 
13086, 2, 2 
26638, 2, 2 
8007, 2, 2 
15731, 2, 2 
44758, 2, 2 
19764, 2, 2 
3333, 2, 2 
59489, 2, 2 
39008, 2, 2 
48446, 2, 2 
6948, 2, 2 
13023, 2, 2 
43292, 2, 2 
7787, 2, 2 
39032, 2, 2 
22548, 2, 2 
18998, 2, 2 
47254, 2, 2 
59971, 2, 2 
45484, 2, 2 
22500, 2, 2 
46094, 2, 2 
50381, 2, 2 
1264, 2, 2 
52839, 2, 2 
476, 2, 2 
43191, 2, 2 
40120, 2, 2 
30663, 2, 2 
42810, 2, 2 
21435, 2, 2 
40520, 3, 3 
13957, 3, 3 
57474, 3, 3 
46548, 3, 3 
6282, 3, 3 
7794, 3, 3 
54014, 3, 3 
32913, 3, 3 
21606, 3, 3 
40619, 3, 3 
34866, 3, 3 
18739, 3, 3 
50210, 3, 3 
14548, 3, 3 
29383, 3, 3 
10520, 3, 3 
5573, 3, 3 
43012, 3, 3 
41007, 3, 3 
44192, 3, 3 
5838, 3, 3 
48482, 3, 3 
2524, 3, 3 
48480, 3, 3 
25164, 3, 3 
40205, 3, 3 
8195, 3, 3 
33169, 3, 3 
18675, 3, 3 
52907, 3, 3 
46689, 3, 3 
40079, 3, 3 
28107, 3, 3 
52917, 3, 3 
35139, 3, 3 
59529, 3, 3 
24943, 3, 3 
48163, 3, 3 
25231, 3, 3 
36542, 3, 3 
57426, 3, 3 
36623, 3, 3 
22835, 3, 3 
58971, 3, 3 
58700, 3, 3 
16013, 3, 3 
4792, 3, 3 
14552, 3, 3 
19015, 3, 3 
37626, 3, 3 
12117, 3, 3 
54530, 3, 3 
35349, 3, 3 
32025, 3, 3 
23076, 3, 3 
11539, 3, 3 
38735, 3, 3 
4957, 3, 3 
15080, 3, 3 
59921, 3, 3 
35692, 3, 3 
14577, 3, 3 
12355, 3, 3 
34793, 3, 3 
17155, 3, 3 
6762, 3, 3 
41863, 3, 3 
37373, 3, 3 
17000, 3, 3 
12022, 3, 3 
22542, 3, 3 
31788, 3, 3 
49678, 3, 3 
7841, 3, 3 
22219, 3, 3 
50603, 3, 3 
17766, 3, 3 
52636, 3, 3 
50989, 3, 3 
4795, 3, 3 
20805, 3, 3 
28796, 3, 3 
40452, 3, 3 
7463, 3, 3 
8264, 3, 3 
19285, 3, 3 
49307, 3, 3 
29464, 3, 3 
39885, 3, 3 
54001, 3, 3 
16645, 3, 3 
23225, 3, 3 
49269, 3, 3 
7625, 3, 3 
1260, 3, 3 
53724, 3, 3 
32691, 3, 3 
49570, 3, 3 
57207, 3, 3 
28119, 3, 3 
28343, 3, 3 
55035, 3, 3 
34092, 3, 3 
27670, 3, 3 
59092, 3, 3 
54983, 3, 3 
11960, 3, 3 
6048, 3, 3 
1689, 3, 3 
20649, 3, 3 
35249, 3, 3 
51771, 3, 3 
23759, 3, 3 
22049, 3, 3 
11104, 3, 3 
30461, 3, 3 
10966, 3, 3 
38410, 3, 3 
16900, 3, 3 
57166, 3, 3 
31155, 3, 3 
40337, 3, 3 
39231, 3, 3 
58612, 3, 3 
3318, 3, 3 
38346, 3, 3 
18785, 3, 3 
57689, 3, 3 
10921, 3, 3 
198, 3, 3 
843, 3, 3 
28983, 3, 3 
20500, 3, 3 
53874, 3, 3 
37855, 3, 3 
43942, 3, 3 
34710, 3, 3 
53803, 3, 3 
10091, 3, 3 
27435, 3, 3 
48932, 3, 3 
46681, 3, 3 
58412, 3, 3 
56139, 3, 3 
20587, 3, 3 
44303, 3, 3 
1108, 3, 3 
7397, 3, 3 
11169, 3, 3 
12345, 3, 3 
40374, 3, 3 
14588, 3, 3 
405, 3, 3 
7666, 3, 3 
27022, 3, 3 
3893, 3, 3 
31913, 3, 3 
28392, 3, 3 
54402, 3, 3 
53560, 3, 3 
5036, 3, 3 
15372, 3, 3 
33507, 3, 3 
52476, 3, 3 
28193, 3, 3 
58343, 3, 3 
49763, 3, 3 
30251, 3, 3 
15815, 3, 3 
57920, 3, 3 
50611, 3, 3 
25210, 3, 3 
35765, 3, 3 
49654, 3, 3 
58421, 3, 3 
33760, 3, 3 
43833, 3, 3 
58564, 3, 3 
17676, 3, 3 
39081, 3, 3 
35132, 3, 3 
55038, 3, 3 
21647, 3, 3 
6123, 3, 3 
10998, 3, 3 
10470, 3, 3 
49749, 3, 3 
22598, 3, 3 
43230, 3, 3 
29894, 3, 3 
33917, 3, 3 
22675, 3, 3 
34853, 3, 3 
58173, 3, 3 
15869, 3, 3 
2871, 3, 3 
25454, 3, 3 
49431, 3, 3 
29521, 3, 3 
1035, 3, 3 
59185, 4, 4 
40671, 4, 4 
51288, 4, 4 
20368, 4, 4 
1160, 4, 4 
58417, 4, 4 
26797, 4, 4 
9976, 4, 4 
11016, 4, 4 
36970, 4, 4 
19192, 4, 4 
51678, 4, 4 
5631, 4, 4 
27715, 4, 4 
8579, 4, 4 
53649, 4, 4 
39667, 4, 4 
56227, 4, 4 
55085, 4, 4 
749, 4, 4 
12427, 4, 4 
54742, 4, 4 
6794, 4, 4 
19076, 4, 4 
10350, 4, 4 
21130, 4, 4 
53873, 4, 4 
1554, 4, 4 
22838, 4, 4 
55605, 4, 4 
40602, 4, 4 
37128, 4, 4 
59900, 4, 4 
14296, 4, 4 
46402, 4, 4 
40309, 4, 4 
31050, 4, 4 
36938, 4, 4 
42213, 4, 4 
3666, 4, 4 
40224, 4, 4 
28304, 4, 4 
40601, 4, 4 
48252, 4, 4 
57687, 4, 4 
6608, 4, 4 
37447, 4, 4 
12398, 4, 4 
6901, 4, 4 
50704, 4, 4 
7019, 4, 4 
39080, 4, 4 
42239, 4, 4 
1172, 4, 4 
54878, 4, 4 
6308, 4, 4 
54399, 4, 4 
11852, 4, 4 
43228, 4, 4 
24530, 4, 4 
52457, 4, 4 
29530, 4, 4 
36676, 4, 4 
20379, 4, 4 
45578, 4, 4 
56440, 4, 4 
16531, 4, 4 
38236, 4, 4 
19484, 4, 4 
46790, 4, 4 
237, 4, 4 
53439, 4, 4 
914, 4, 4 
23135, 4, 4 
42249, 4, 4 
25288, 4, 4 
28863, 4, 4 
6656, 4, 4 
58347, 4, 4 
20219, 4, 4 
50090, 4, 4 
10690, 4, 4 
15011, 4, 4 
36584, 4, 4 
58621, 4, 4 
40719, 4, 4 
34022, 4, 4 
8857, 4, 4 
35822, 4, 4 
3280, 4, 4 
5175, 4, 4 
3957, 4, 4 
49552, 4, 4 
35705, 4, 4 
37429, 4, 4 
1037, 4, 4 
2294, 4, 4 
28747, 4, 4 
17842, 4, 4 
49127, 4, 4 
24912, 4, 4 
31403, 4, 4 
5324, 4, 4 
52515, 4, 4 
56364, 4, 4 
20008, 4, 4 
28363, 4, 4 
1992, 4, 4 
16338, 4, 4 
50835, 4, 4 
51817, 4, 4 
52580, 4, 4 
42676, 4, 4 
47334, 4, 4 
29123, 4, 4 
37815, 4, 4 
31412, 4, 4 
20907, 4, 4 
26, 4, 4 
11879, 4, 4 
23199, 4, 4 
48405, 4, 4 
5047, 4, 4 
47109, 4, 4 
25471, 4, 4 
20529, 4, 4 
44291, 4, 4 
12763, 4, 4 
11369, 4, 4 
32108, 4, 4 
25334, 4, 4 
9431, 4, 4 
7399, 4, 4 
22652, 4, 4 
3708, 4, 4 
52229, 4, 4 
16985, 4, 4 
6714, 4, 4 
32939, 4, 4 
8570, 4, 4 
56268, 4, 4 
14537, 4, 4 
24506, 4, 4 
22544, 4, 4 
1215, 4, 4 
58843, 4, 4 
46234, 4, 4 
59809, 4, 4 
54116, 4, 4 
3701, 4, 4 
16802, 4, 4 
6990, 4, 4 
15931, 4, 4 
41166, 4, 4 
17492, 4, 4 
48466, 4, 4 
4959, 4, 4 
5490, 4, 4 
18637, 4, 4 
35078, 4, 4 
50981, 4, 4 
23031, 4, 4 
1446, 4, 4 
22992, 4, 4 
44620, 4, 4 
13987, 4, 4 
851, 4, 4 
50134, 4, 4 
24822, 4, 4 
48703, 4, 4 
28217, 4, 4 
40449, 4, 4 
25170, 4, 4 
14047, 4, 4 
34735, 4, 4 
59219, 4, 4 
937, 4, 4 
43487, 4, 4 
13241, 4, 4 
58906, 4, 4 
23175, 4, 4 
4178, 4, 4 
706, 4, 4 
23670, 4, 4 
53655, 4, 4 
31448, 4, 4 
8011, 4, 4 
34781, 4, 4 
53654, 4, 4 
18185, 4, 4 
25605, 4, 4 
54359, 4, 4 
48728, 4, 4 
8950, 4, 4 
46194, 4, 4 
33747, 4, 4 
44646, 4, 4 
6797, 4, 4 
43756, 4, 4 
43600, 4, 4 
51626, 5, 5 
15969, 5, 5 
35207, 5, 5 
10277, 5, 5 
21385, 5, 5 
55396, 5, 5 
6431, 5, 5 
27502, 5, 5 
6096, 5, 5 
58646, 5, 5 
44991, 5, 5 
2308, 5, 5 
20668, 5, 5 
7270, 5, 5 
40840, 5, 5 
26680, 5, 5 
59406, 5, 5 
4617, 5, 5 
15116, 5, 5 
35097, 5, 5 
37552, 5, 5 
25738, 5, 5 
10062, 5, 5 
40159, 5, 5 
29473, 5, 5 
21583, 5, 5 
20922, 5, 5 
29343, 5, 5 
21114, 5, 5 
29892, 5, 5 
3859, 5, 5 
2478, 5, 5 
24708, 5, 5 
16072, 5, 5 
51433, 5, 5 
19820, 5, 5 
1109, 5, 5 
32107, 5, 5 
51079, 5, 5 
23620, 5, 5 
31779, 5, 5 
26113, 5, 5 
31031, 5, 5 
41001, 5, 5 
39468, 5, 5 
31099, 5, 5 
43368, 5, 5 
38773, 5, 5 
7902, 5, 5 
55734, 5, 5 
50533, 5, 5 
47526, 5, 5 
32217, 5, 5 
41049, 5, 5 
40144, 5, 3 
11484, 5, 5 
4475, 5, 5 
15685, 5, 5 
47586, 5, 5 
44480, 5, 5 
46312, 5, 5 
41389, 5, 5 
56661, 5, 5 
35975, 5, 5 
13796, 5, 5 
17780, 5, 5 
21039, 5, 5 
12898, 5, 5 
47630, 5, 5 
16780, 5, 5 
12467, 5, 5 
12083, 5, 5 
41186, 5, 5 
21329, 5, 5 
14171, 5, 5 
55223, 5, 5 
34274, 5, 5 
53732, 5, 5 
48094, 5, 5 
16092, 5, 5 
20994, 5, 5 
2080, 5, 5 
4167, 5, 5 
36812, 5, 5 
9495, 5, 5 
11375, 5, 5 
29749, 5, 5 
36900, 5, 5 
53329, 5, 5 
13368, 5, 5 
40014, 5, 5 
32548, 5, 5 
13811, 5, 5 
31489, 5, 5 
3453, 5, 5 
50690, 5, 5 
18676, 5, 5 
7321, 5, 5 
56967, 5, 5 
15000, 5, 5 
4711, 5, 5 
16315, 5, 5 
31838, 5, 5 
39460, 5, 5 
28579, 5, 5 
2551, 5, 5 
50460, 5, 5 
56938, 5, 5 
9397, 5, 5 
27296, 5, 5 
41016, 5, 5 
9647, 5, 5 
12021, 5, 5 
44910, 5, 5 
30647, 5, 5 
19944, 5, 5 
36690, 5, 5 
19920, 5, 5 
44003, 5, 5 
51298, 5, 5 
23947, 5, 5 
36268, 5, 5 
11695, 5, 5 
18947, 5, 5 
20342, 5, 5 
34579, 5, 5 
29107, 5, 5 
45432, 5, 5 
37066, 5, 5 
44821, 5, 5 
16405, 5, 5 
39780, 5, 5 
2916, 5, 5 
5292, 5, 5 
52769, 5, 5 
59670, 5, 5 
6374, 5, 5 
59600, 5, 5 
55075, 5, 5 
3860, 5, 5 
5440, 5, 5 
19846, 5, 5 
34527, 5, 5 
16310, 5, 5 
49671, 5, 5 
7739, 5, 5 
38295, 5, 5 
332, 5, 5 
11656, 5, 5 
51371, 5, 5 
32711, 5, 5 
52739, 5, 5 
22186, 5, 5 
27668, 5, 5 
5550, 5, 5 
5653, 5, 5 
23630, 5, 5 
4801, 5, 5 
4304, 5, 5 
39065, 5, 5 
9845, 5, 5 
49785, 5, 5 
7480, 5, 5 
53859, 5, 5 
41322, 5, 5 
8103, 5, 5 
57743, 5, 5 
42322, 5, 5 
53122, 5, 5 
53751, 5, 5 
58537, 5, 5 
54828, 5, 5 
57848, 5, 5 
25603, 5, 5 
16908, 5, 5 
37864, 5, 5 
17747, 5, 5 
14213, 5, 5 
31352, 5, 5 
49490, 5, 5 
40587, 5, 5 
53715, 5, 5 
20718, 5, 5 
56014, 5, 5 
7444, 5, 5 
44713, 5, 5 
34362, 5, 5 
15378, 5, 5 
26062, 5, 5 
49040, 5, 5 
55161, 5, 5 
46531, 5, 5 
39807, 5, 5 
14090, 5, 5 
29049, 5, 5 
19909, 5, 5 
376, 5, 5 
16084, 5, 5 
11696, 5, 5 
52914, 5, 5 
58629, 6, 6 
25771, 6, 6 
46869, 6, 6 
46676, 6, 6 
32143, 6, 6 
22128, 6, 6 
16668, 6, 6 
10174, 6, 6 
30289, 6, 6 
44605, 6, 6 
56673, 6, 6 
57508, 6, 6 
45510, 6, 6 
44189, 6, 6 
41170, 6, 6 
35917, 6, 6 
29537, 6, 6 
13306, 6, 6 
51159, 6, 6 
26601, 6, 6 
52076, 6, 6 
36036, 6, 6 
22277, 6, 6 
16555, 6, 6 
8774, 6, 6 
52233, 6, 6 
50618, 6, 6 
20637, 6, 6 
58166, 6, 6 
20152, 6, 6 
50270, 6, 6 
37724, 6, 6 
34535, 6, 6 
34897, 6, 6 
8848, 6, 6 
32546, 6, 6 
35184, 6, 6 
44394, 6, 6 
2850, 6, 6 
30971, 6, 6 
52494, 6, 6 
23223, 6, 6 
1159, 6, 6 
35614, 6, 6 
41344, 6, 6 
56964, 6, 6 
8911, 6, 6 
43892, 6, 6 
57758, 6, 6 
36653, 6, 6 
39385, 6, 6 
16161, 6, 6 
660, 6, 6 
26988, 6, 6 
54153, 6, 6 
3050, 6, 6 
33584, 6, 6 
34117, 6, 6 
37177, 6, 6 
59966, 6, 6 
25297, 6, 6 
13493, 6, 6 
13999, 6, 6 
7086, 6, 6 
26654, 6, 6 
32631, 6, 6 
35750, 6, 6 
21900, 6, 6 
36305, 6, 6 
46411, 6, 6 
41842, 6, 6 
51778, 6, 6 
3268, 6, 6 
28585, 6, 6 
28435, 6, 6 
11610, 6, 6 
29766, 6, 6 
4198, 6, 6 
25742, 6, 6 
14634, 6, 6 
30822, 6, 6 
59008, 6, 6 
30839, 6, 6 
21712, 6, 6 
2296, 6, 6 
38478, 6, 6 
37707, 6, 6 
58869, 6, 6 
49255, 6, 6 
30106, 6, 6 
59284, 6, 6 
7661, 6, 6 
40991, 6, 6 
25860, 6, 6 
27769, 6, 6 
58626, 6, 6 
46536, 6, 6 
13020, 6, 6 
44483, 6, 6 
16349, 6, 6 
57802, 6, 6 
19681, 6, 6 
11483, 6, 6 
53068, 6, 6 
2295, 6, 6 
27724, 6, 6 
40979, 6, 6 
5804, 6, 6 
48839, 6, 6 
28170, 6, 6 
20156, 6, 6 
25944, 6, 6 
54572, 6, 6 
9719, 6, 6 
49022, 6, 6 
32969, 6, 6 
39709, 6, 6 
6267, 6, 6 
21234, 6, 6 
1323, 6, 6 
31152, 6, 6 
53106, 6, 6 
8352, 6, 6 
47450, 6, 6 
37071, 6, 6 
7379, 6, 6 
22840, 6, 6 
19349, 6, 6 
56172, 6, 6 
26511, 6, 6 
8314, 6, 6 
55797, 6, 6 
29835, 6, 6 
35079, 6, 6 
29832, 6, 6 
59928, 6, 6 
4818, 6, 6 
20076, 6, 6 
10725, 6, 6 
17829, 6, 6 
55638, 6, 6 
48359, 6, 6 
598, 6, 6 
16430, 6, 6 
30689, 6, 6 
23699, 6, 6 
36184, 6, 6 
37033, 6, 6 
44742, 6, 6 
41488, 6, 6 
36890, 6, 6 
45248, 6, 6 
57557, 6, 6 
14178, 6, 6 
27442, 6, 6 
40952, 6, 6 
5837, 6, 6 
30856, 6, 6 
10304, 6, 6 
13322, 6, 6 
10440, 6, 6 
14072, 6, 6 
45640, 6, 6 
10271, 6, 6 
58724, 6, 6 
331, 6, 6 
23742, 6, 6 
13912, 6, 6 
1801, 6, 6 
3325, 6, 6 
31626, 6, 6 
2828, 6, 6 
43379, 6, 6 
42714, 6, 6 
24673, 6, 6 
16065, 6, 6 
57754, 6, 6 
15839, 6, 6 
1784, 6, 6 
54699, 6, 6 
42450, 6, 6 
30796, 6, 6 
49816, 6, 6 
43620, 6, 6 
51711, 6, 6 
26490, 6, 6 
36403, 6, 6 
6635, 6, 6 
35888, 6, 6 
24377, 6, 6 
42080, 6, 6 
19125, 6, 6 
18869, 6, 6 
10813, 6, 6 
33560, 6, 6 
41829, 6, 6 
47474, 6, 6 
22191, 6, 6 
58682, 6, 6 
41890, 6, 6 
52463, 7, 7 
12676, 7, 7 
45102, 7, 7 
36554, 7, 7 
37770, 7, 7 
15485, 7, 7 
29324, 7, 7 
9882, 7, 7 
27827, 7, 7 
54115, 7, 7 
21429, 7, 7 
4680, 7, 7 
8828, 7, 7 
20155, 7, 7 
11516, 7, 7 
22513, 7, 7 
2766, 7, 7 
55189, 7, 7 
5946, 7, 7 
40204, 7, 7 
53501, 7, 7 
56679, 7, 7 
34673, 7, 7 
59462, 7, 7 
16577, 7, 7 
40500, 7, 7 
32220, 7, 7 
2018, 7, 7 
21169, 7, 7 
43483, 7, 7 
51832, 7, 7 
37480, 7, 7 
14814, 7, 7 
59182, 7, 7 
10154, 7, 7 
18309, 7, 7 
5472, 7, 7 
30936, 7, 7 
54148, 7, 7 
32542, 7, 7 
57621, 7, 7 
45811, 7, 7 
17525, 7, 7 
36612, 7, 7 
28220, 7, 7 
23021, 7, 7 
51236, 7, 7 
50215, 7, 7 
38210, 7, 7 
29184, 7, 7 
22313, 7, 7 
59031, 7, 7 
55518, 7, 7 
34231, 7, 7 
40791, 7, 7 
51103, 7, 7 
7423, 7, 7 
45645, 7, 7 
21456, 7, 7 
14403, 7, 7 
27302, 7, 7 
3236, 7, 7 
40510, 7, 7 
35549, 7, 7 
30260, 7, 7 
4393, 7, 7 
55034, 7, 7 
30670, 7, 7 
3008, 7, 7 
35101, 7, 7 
8559, 7, 7 
2814, 7, 7 
43005, 7, 7 
59469, 7, 7 
49849, 7, 7 
2391, 7, 7 
1618, 7, 7 
51502, 7, 7 
23978, 7, 7 
33995, 7, 7 
8232, 7, 7 
30674, 7, 7 
3246, 7, 7 
2618, 7, 7 
15319, 7, 7 
50233, 7, 7 
36691, 7, 7 
31799, 7, 7 
10357, 7, 7 
44853, 7, 7 
54632, 7, 7 
6507, 7, 7 
6932, 7, 7 
10517, 7, 7 
34200, 7, 7 
53368, 7, 7 
56611, 7, 7 
14777, 7, 7 
4175, 7, 7 
5584, 7, 7 
21624, 7, 7 
1225, 7, 7 
54751, 7, 7 
59745, 7, 7 
52302, 7, 7 
38096, 7, 7 
10940, 7, 7 
15449, 7, 7 
56650, 7, 7 
928, 7, 7 
51526, 7, 7 
39517, 7, 7 
42211, 7, 7 
35728, 7, 7 
57828, 7, 7 
31207, 7, 7 
5269, 7, 7 
59602, 7, 7 
2881, 7, 7 
2995, 7, 7 
7621, 7, 7 
58941, 7, 7 
25985, 7, 7 
6686, 7, 7 
4394, 7, 7 
32820, 7, 7 
26162, 7, 7 
2014, 7, 7 
30532, 7, 7 
15954, 7, 7 
1057, 7, 7 
56167, 7, 7 
24049, 7, 7 
24171, 7, 7 
45973, 7, 7 
4661, 7, 7 
49921, 7, 7 
44562, 7, 7 
11328, 7, 7 
41597, 7, 7 
9588, 7, 7 
36134, 7, 7 
10131, 7, 7 
8959, 7, 7 
57702, 7, 7 
14088, 7, 7 
42629, 7, 7 
11399, 7, 7 
54385, 7, 7 
51193, 7, 7 
50978, 7, 7 
40701, 7, 7 
13158, 7, 7 
42695, 7, 7 
3426, 7, 7 
6722, 7, 7 
50795, 7, 7 
14833, 7, 7 
41697, 7, 7 
1335, 7, 7 
9276, 7, 7 
12348, 7, 7 
26446, 7, 7 
41998, 7, 7 
40873, 7, 7 
49616, 7, 7 
15468, 7, 9 
55915, 7, 7 
25808, 7, 7 
47248, 7, 7 
21293, 7, 7 
29982, 7, 7 
46888, 7, 7 
58450, 7, 7 
17724, 7, 7 
39053, 7, 7 
6845, 7, 7 
38916, 7, 7 
38521, 7, 7 
16800, 7, 7 
57044, 7, 7 
52786, 7, 7 
25126, 7, 7 
19433, 7, 7 
7306, 7, 7 
50743, 7, 7 
2142, 7, 7 
12659, 7, 7 
37769, 7, 7 
55117, 7, 7 
24503, 7, 7 
19086, 7, 7 
2055, 7, 7 
21083, 7, 7 
45657, 7, 7 
16852, 7, 7 
11660, 7, 7 
48432, 7, 7 
13355, 7, 7 
48035, 7, 7 
26138, 8, 8 
30919, 8, 8 
37095, 8, 8 
36825, 8, 8 
10711, 8, 8 
46237, 8, 8 
47038, 8, 8 
52285, 8, 8 
312, 8, 8 
694, 8, 8 
46969, 8, 8 
50170, 8, 8 
14626, 8, 8 
19455, 8, 8 
15258, 8, 8 
39141, 8, 8 
55968, 8, 8 
14494, 8, 8 
17530, 8, 8 
35589, 8, 8 
3842, 8, 8 
49563, 8, 8 
17878, 8, 8 
23768, 8, 8 
734, 8, 8 
3616, 8, 8 
29082, 8, 8 
37644, 8, 8 
59568, 8, 8 
56594, 8, 8 
23750, 8, 8 
15935, 8, 8 
29493, 8, 8 
11469, 8, 8 
36708, 8, 8 
5346, 8, 8 
8933, 8, 8 
40549, 8, 8 
9832, 8, 8 
26090, 8, 8 
52932, 8, 8 
4324, 8, 8 
59593, 8, 8 
37715, 8, 8 
35617, 8, 8 
17, 8, 8 
43201, 8, 8 
10001, 8, 8 
39778, 8, 8 
30527, 8, 8 
3845, 8, 8 
46495, 8, 8 
29164, 8, 8 
36182, 8, 8 
3152, 8, 8 
55989, 8, 8 
55807, 8, 8 
1045, 8, 8 
21389, 8, 8 
3979, 8, 8 
4705, 8, 8 
50013, 8, 8 
54030, 8, 8 
35017, 8, 8 
21286, 8, 8 
26681, 8, 8 
23843, 8, 8 
27733, 8, 8 
44654, 8, 8 
35088, 8, 8 
35847, 8, 8 
58011, 8, 8 
628, 8, 8 
44391, 8, 8 
11681, 8, 8 
34678, 8, 8 
25143, 8, 8 
46475, 8, 8 
27891, 8, 8 
35783, 8, 8 
57335, 8, 8 
16955, 8, 8 
21085, 8, 8 
55368, 8, 8 
12609, 8, 8 
38956, 8, 8 
58371, 8, 8 
50413, 8, 8 
20524, 8, 8 
46222, 8, 8 
51128, 8, 8 
1790, 8, 8 
11859, 8, 8 
43051, 8, 8 
33570, 8, 8 
50191, 8, 8 
32078, 8, 8 
27972, 8, 8 
19725, 8, 8 
31440, 8, 8 
48773, 8, 8 
45576, 8, 8 
33451, 8, 8 
31704, 8, 8 
39547, 8, 8 
45249, 8, 8 
16972, 8, 8 
5435, 8, 8 
4700, 8, 8 
34974, 8, 8 
38146, 8, 8 
53236, 8, 8 
47549, 8, 8 
20261, 8, 8 
49545, 8, 8 
41183, 8, 8 
16658, 8, 8 
12663, 8, 8 
295, 8, 8 
33150, 8, 8 
13281, 8, 8 
53002, 8, 8 
2026, 8, 8 
41758, 8, 8 
7844, 8, 8 
34565, 8, 8 
53970, 8, 8 
57561, 8, 8 
26294, 8, 8 
32226, 8, 8 
1170, 8, 8 
40960, 8, 8 
31399, 8, 8 
46657, 8, 8 
12378, 8, 8 
26737, 8, 8 
53885, 8, 8 
2672, 8, 8 
4468, 8, 8 
13341, 8, 8 
44206, 8, 8 
17165, 8, 8 
15772, 8, 8 
34328, 8, 8 
59294, 8, 8 
18774, 8, 8 
23063, 8, 8 
25984, 8, 8 
35307, 8, 8 
57042, 8, 8 
41035, 8, 8 
43647, 8, 8 
37170, 8, 8 
42988, 8, 8 
31656, 8, 8 
6760, 8, 8 
29945, 8, 8 
29183, 8, 8 
24646, 8, 8 
33631, 8, 8 
44945, 8, 8 
10753, 8, 8 
41621, 8, 8 
46320, 8, 8 
37527, 8, 8 
44918, 8, 8 
30038, 8, 8 
50035, 8, 8 
46299, 8, 8 
11602, 8, 8 
8482, 8, 8 
44683, 8, 8 
1105, 8, 8 
43060, 8, 8 
36610, 8, 8 
26919, 8, 8 
11398, 8, 8 
15515, 8, 8 
36210, 8, 8 
27568, 8, 8 
17804, 8, 8 
19267, 8, 8 
51224, 8, 8 
35018, 8, 8 
55015, 8, 8 
16659, 8, 8 
2001, 8, 8 
10515, 8, 8 
16128, 8, 8 
28226, 8, 8 
5376, 8, 8 
15411, 8, 8 
52401, 8, 8 
58138, 8, 8 
26628, 8, 8 
46285, 8, 8 
34722, 8, 8 
3168, 8, 8 
36986, 8, 8 
31308, 8, 8 
13096, 9, 9 
35125, 9, 9 
56487, 9, 9 
23807, 9, 9 
59890, 9, 9 
53810, 9, 9 
27611, 9, 9 
53565, 9, 9 
5999, 9, 9 
7623, 9, 9 
24053, 9, 9 
49010, 9, 9 
29400, 9, 9 
53337, 9, 9 
43000, 9, 9 
41375, 9, 9 
44607, 9, 9 
7241, 9, 9 
46659, 9, 9 
12294, 9, 9 
19322, 9, 9 
30808, 9, 9 
5229, 9, 9 
6061, 9, 9 
32648, 9, 9 
28460, 9, 9 
22086, 9, 9 
31693, 9, 9 
25258, 9, 9 
32891, 9, 9 
32714, 9, 9 
55296, 9, 9 
39096, 9, 9 
43392, 9, 9 
7180, 9, 9 
31840, 9, 9 
32910, 9, 9 
41827, 9, 9 
48157, 9, 9 
14744, 9, 9 
47664, 9, 9 
41932, 9, 9 
58692, 9, 9 
34603, 9, 9 
23867, 9, 9 
58804, 9, 9 
17537, 9, 9 
21165, 9, 9 
2633, 9, 9 
26902, 9, 9 
35059, 9, 9 
38358, 9, 9 
34338, 9, 9 
6067, 9, 9 
3785, 9, 9 
17119, 9, 9 
43718, 9, 9 
3653, 9, 9 
38153, 9, 9 
40997, 9, 9 
23638, 9, 9 
23217, 9, 9 
47745, 9, 9 
31896, 9, 9 
14120, 9, 9 
21138, 9, 9 
18251, 9, 9 
43750, 9, 9 
55850, 9, 9 
32972, 9, 9 
32715, 9, 9 
38880, 9, 9 
25083, 9, 9 
56480, 9, 9 
58509, 9, 9 
1720, 9, 9 
6073, 9, 9 
6149, 9, 9 
30805, 9, 9 
29710, 9, 9 
10717, 9, 9 
18777, 9, 9 
974, 9, 9 
43107, 9, 9 
30328, 9, 9 
19914, 9, 9 
16173, 9, 9 
18598, 9, 9 
35666, 9, 9 
39593, 9, 9 
32767, 9, 9 
13265, 9, 9 
49714, 9, 9 
25247, 9, 9 
53456, 9, 9 
3704, 9, 9 
13153, 9, 9 
31854, 9, 9 
5137, 9, 9 
56494, 9, 9 
53166, 9, 9 
40977, 9, 9 
9998, 9, 9 
39973, 9, 9 
8030, 9, 9 
26730, 9, 9 
11891, 9, 9 
44328, 9, 9 
20864, 9, 9 
51985, 9, 9 
30646, 9, 9 
15827, 9, 9 
35245, 9, 9 
53511, 9, 9 
27846, 9, 9 
49319, 9, 9 
16628, 9, 9 
42020, 9, 9 
36013, 9, 9 
8358, 9, 9 
27932, 9, 9 
29281, 9, 9 
42482, 9, 9 
53055, 9, 9 
29305, 9, 9 
52772, 9, 9 
58187, 9, 9 
45841, 9, 9 
10219, 9, 9 
27066, 9, 9 
29445, 9, 9 
36370, 9, 9 
19729, 9, 9 
59135, 9, 9 
46831, 9, 9 
1820, 9, 9 
11139, 9, 9 
3678, 9, 9 
44223, 9, 9 
14235, 9, 9 
41097, 9, 9 
56304, 9, 9 
52843, 9, 9 
8220, 9, 9 
55780, 9, 9 
35374, 9, 9 
59650, 9, 9 
4689, 9, 9 
28713, 9, 9 
57986, 9, 9 
3784, 9, 9 
57638, 9, 9 
32360, 9, 9 
55792, 9, 3 
57072, 9, 9 
2787, 9, 9 
48297, 9, 9 
29975, 9, 9 
15089, 9, 9 
1083, 9, 9 
34753, 9, 9 
55347, 9, 9 
53530, 9, 9 
48603, 9, 9 
50124, 9, 9 
45605, 9, 9 
27511, 9, 9 
30110, 9, 9 
38552, 9, 9 
116, 9, 9 
755, 9, 9 
28547, 9, 9 
12237, 9, 9 
3186, 9, 9 
30693, 9, 9 
16839, 9, 9 
29486, 9, 9 
58294, 9, 9 
17689, 9, 9 
32163, 9, 9 
18624, 9, 9 
5276, 9, 9 
51590, 9, 9 
7680, 9, 9 
48747, 9, 9 
6964, 9, 9 
9247, 9, 9 
40458, 9, 9 
35160, 9, 9 
20830, 9, 9 
10839, 9, 9 
10539, 9, 9 
280, 9, 9 
18552, 9, 9 
14627, 9, 9 
42808, 9, 9 
9827, 9, 9 
31532, 9, 9 
12721, 9, 9 
58562, 9, 9 
