id, true label, predicted label 
7458, 0, 0 
47396, 0, 0 
12115, 0, 0 
33657, 0, 0 
37571, 0, 0 
31356, 0, 0 
31109, 0, 0 
11911, 0, 0 
40612, 0, 0 
45042, 0, 0 
40262, 0, 0 
10530, 0, 0 
14944, 0, 0 
30382, 0, 0 
1372, 0, 0 
16761, 0, 0 
55110, 0, 0 
55253, 0, 0 
51834, 0, 0 
22874, 0, 0 
38179, 0, 0 
3698, 0, 0 
33921, 0, 0 
26191, 0, 0 
20713, 0, 0 
46054, 0, 0 
58532, 0, 0 
27318, 0, 0 
54922, 0, 0 
16415, 0, 0 
38660, 0, 0 
17169, 0, 0 
55479, 0, 0 
10992, 0, 0 
3195, 0, 0 
10230, 0, 0 
5622, 0, 0 
849, 0, 0 
57176, 0, 0 
23586, 0, 0 
39224, 0, 0 
49903, 0, 0 
55242, 0, 0 
55105, 0, 0 
59510, 0, 0 
36143, 0, 0 
59342, 0, 0 
3622, 0, 0 
23884, 0, 0 
33302, 0, 0 
23032, 0, 0 
51479, 0, 0 
32237, 0, 0 
21769, 0, 0 
52655, 0, 0 
58362, 0, 0 
51669, 0, 0 
1877, 0, 0 
13214, 0, 0 
1645, 0, 0 
5665, 0, 0 
37411, 0, 0 
40075, 0, 0 
28543, 0, 0 
27429, 0, 0 
35823, 0, 0 
35612, 0, 0 
37739, 0, 0 
27153, 0, 0 
57536, 0, 0 
55806, 0, 0 
42664, 0, 0 
49224, 0, 0 
22886, 0, 0 
2218, 0, 0 
17051, 0, 0 
36476, 0, 0 
44161, 0, 0 
29873, 0, 0 
50723, 0, 0 
12691, 0, 0 
51127, 0, 0 
42053, 0, 0 
21809, 0, 0 
8387, 0, 0 
9055, 0, 0 
46344, 0, 0 
1, 0, 0 
44844, 0, 0 
55027, 0, 0 
50729, 0, 8 
29578, 0, 0 
33864, 0, 0 
37220, 0, 0 
58861, 0, 0 
27936, 0, 0 
16787, 0, 0 
13450, 0, 0 
20420, 0, 0 
36894, 0, 0 
59840, 0, 0 
10542, 0, 0 
32785, 0, 0 
41425, 0, 0 
23093, 0, 0 
2144, 0, 0 
6227, 0, 0 
38035, 0, 0 
51491, 0, 0 
17503, 0, 5 
48742, 0, 0 
41228, 0, 0 
52817, 0, 0 
15042, 0, 0 
6935, 0, 0 
28818, 0, 0 
30565, 0, 0 
49576, 0, 0 
26422, 0, 0 
28740, 0, 0 
51259, 0, 0 
16460, 0, 0 
57757, 0, 0 
13798, 0, 0 
56005, 0, 0 
9441, 0, 0 
26639, 0, 0 
44744, 0, 0 
22596, 0, 0 
54475, 0, 0 
47957, 0, 0 
33485, 0, 0 
49374, 0, 0 
47096, 0, 0 
42224, 0, 0 
43941, 0, 0 
108, 0, 0 
19119, 0, 0 
7708, 0, 0 
28160, 0, 0 
44768, 0, 0 
38706, 0, 0 
32793, 0, 0 
39874, 0, 0 
33003, 0, 0 
44872, 0, 0 
41357, 0, 0 
33848, 0, 0 
9209, 0, 0 
1712, 0, 0 
11754, 0, 0 
25750, 0, 0 
47124, 0, 0 
45467, 0, 0 
43283, 0, 0 
24877, 0, 0 
8349, 0, 0 
43913, 0, 0 
24636, 0, 0 
31112, 0, 0 
58316, 0, 8 
34381, 0, 0 
58223, 0, 0 
27094, 0, 0 
40922, 0, 0 
47186, 0, 0 
7557, 0, 0 
7286, 0, 0 
29345, 0, 0 
19547, 0, 0 
8354, 0, 0 
34639, 0, 0 
18022, 0, 0 
14752, 0, 0 
1443, 0, 0 
10456, 0, 0 
44867, 0, 0 
12533, 0, 0 
40188, 0, 0 
52312, 0, 0 
11526, 0, 0 
40649, 0, 0 
58110, 0, 0 
19542, 0, 0 
34867, 0, 0 
59187, 0, 0 
21903, 0, 0 
26427, 0, 0 
13719, 0, 0 
2253, 0, 0 
33844, 0, 0 
59452, 0, 0 
13492, 0, 0 
33112, 0, 0 
37425, 0, 0 
11304, 0, 0 
37554, 0, 0 
48716, 0, 0 
22752, 0, 0 
45953, 0, 0 
4566, 1, 1 
50632, 1, 1 
12145, 1, 1 
20443, 1, 1 
2202, 1, 8 
18516, 1, 1 
11895, 1, 1 
20951, 1, 1 
2957, 1, 1 
593, 1, 1 
26802, 1, 1 
10907, 1, 1 
53842, 1, 1 
56576, 1, 1 
49787, 1, 1 
32326, 1, 1 
30305, 1, 1 
16468, 1, 1 
24339, 1, 1 
6864, 1, 1 
35552, 1, 1 
47947, 1, 1 
20828, 1, 1 
53849, 1, 1 
11229, 1, 8 
52657, 1, 1 
24083, 1, 1 
29320, 1, 1 
36997, 1, 1 
48390, 1, 1 
2316, 1, 1 
1003, 1, 1 
21051, 1, 1 
37650, 1, 1 
47429, 1, 1 
58355, 1, 1 
30148, 1, 1 
25537, 1, 1 
19544, 1, 1 
1197, 1, 1 
30210, 1, 1 
32974, 1, 1 
3331, 1, 1 
41119, 1, 1 
53176, 1, 1 
44031, 1, 1 
53887, 1, 1 
8836, 1, 1 
45931, 1, 1 
35880, 1, 1 
49198, 1, 1 
47222, 1, 1 
5732, 1, 1 
4267, 1, 1 
19735, 1, 1 
14571, 1, 1 
4149, 1, 1 
24900, 1, 1 
53194, 1, 1 
57740, 1, 1 
18899, 1, 1 
18352, 1, 1 
31238, 1, 1 
3729, 1, 1 
34612, 1, 1 
49420, 1, 1 
42834, 1, 1 
23835, 1, 1 
38163, 1, 1 
4971, 1, 1 
50493, 1, 1 
52531, 1, 1 
23302, 1, 1 
2356, 1, 1 
6443, 1, 1 
18707, 1, 1 
54059, 1, 1 
58672, 1, 1 
22656, 1, 1 
29428, 1, 1 
28964, 1, 1 
55036, 1, 1 
17964, 1, 1 
24958, 1, 1 
46093, 1, 1 
12133, 1, 1 
59781, 1, 1 
32365, 1, 1 
31764, 1, 1 
34759, 1, 1 
56637, 1, 1 
52187, 1, 1 
37809, 1, 1 
11047, 1, 1 
27142, 1, 1 
28583, 1, 1 
15730, 1, 8 
15713, 1, 1 
7671, 1, 1 
17180, 1, 1 
40348, 1, 1 
16203, 1, 1 
14001, 1, 1 
39707, 1, 1 
14359, 1, 1 
46107, 1, 1 
32019, 1, 1 
45790, 1, 1 
6683, 1, 1 
44317, 1, 1 
2730, 1, 1 
6413, 1, 1 
23505, 1, 1 
38683, 1, 1 
5234, 1, 1 
58789, 1, 1 
6165, 1, 1 
21978, 1, 1 
45001, 1, 1 
18050, 1, 1 
23348, 1, 1 
31406, 1, 1 
52622, 1, 1 
47601, 1, 8 
7429, 1, 1 
5090, 1, 1 
56610, 1, 1 
40015, 1, 1 
13157, 1, 1 
24710, 1, 1 
17938, 1, 1 
45433, 1, 1 
57046, 1, 1 
33188, 1, 1 
33586, 1, 1 
7404, 1, 1 
58033, 1, 1 
51277, 1, 1 
2853, 1, 1 
57931, 1, 1 
30441, 1, 8 
45131, 1, 1 
32795, 1, 1 
51566, 1, 1 
2336, 1, 1 
36315, 1, 1 
16805, 1, 1 
8445, 1, 1 
58189, 1, 1 
17888, 1, 1 
1654, 1, 1 
39512, 1, 1 
23559, 1, 1 
49878, 1, 1 
53348, 1, 1 
43927, 1, 1 
12178, 1, 1 
24580, 1, 1 
15776, 1, 1 
36591, 1, 8 
40219, 1, 1 
11509, 1, 1 
49246, 1, 1 
38837, 1, 1 
33191, 1, 1 
48645, 1, 1 
2807, 1, 1 
24782, 1, 1 
11433, 1, 1 
738, 1, 1 
8916, 1, 1 
17101, 1, 1 
24306, 1, 1 
47216, 1, 1 
12128, 1, 1 
38974, 1, 1 
14252, 1, 1 
25981, 1, 1 
1155, 1, 1 
15633, 1, 1 
31739, 1, 1 
39262, 1, 1 
25264, 1, 1 
38664, 1, 1 
1579, 1, 1 
40924, 1, 1 
17664, 1, 1 
27677, 1, 1 
12705, 1, 1 
52450, 1, 1 
248, 1, 1 
59559, 1, 1 
3966, 1, 1 
39393, 1, 8 
57190, 1, 1 
40045, 1, 1 
4708, 1, 1 
58397, 1, 8 
6877, 1, 1 
17839, 1, 1 
27464, 2, 2 
12745, 2, 2 
28074, 2, 2 
28454, 2, 2 
34936, 2, 2 
40718, 2, 2 
6637, 2, 2 
35529, 2, 2 
45073, 2, 2 
44747, 2, 2 
35690, 2, 2 
8024, 2, 2 
27598, 2, 2 
15596, 2, 2 
27490, 2, 2 
3574, 2, 2 
32809, 2, 2 
34425, 2, 2 
2790, 2, 2 
36717, 2, 2 
35785, 2, 2 
3064, 2, 2 
28388, 2, 2 
14446, 2, 2 
15132, 2, 2 
56312, 2, 2 
24971, 2, 2 
34964, 2, 2 
4997, 2, 2 
26751, 2, 2 
34747, 2, 2 
31616, 2, 2 
32437, 2, 2 
42328, 2, 2 
14302, 2, 2 
8043, 2, 2 
49914, 2, 2 
40152, 2, 2 
53941, 2, 2 
41179, 2, 2 
21674, 2, 2 
18215, 2, 2 
57933, 2, 2 
33027, 2, 2 
48527, 2, 2 
42596, 2, 2 
34385, 2, 2 
22500, 2, 2 
10825, 2, 2 
59316, 2, 2 
30724, 2, 2 
30336, 2, 2 
10846, 2, 2 
6222, 2, 2 
13527, 2, 2 
23826, 2, 2 
40536, 2, 2 
3607, 2, 2 
49762, 2, 2 
45832, 2, 2 
55044, 2, 2 
13586, 2, 2 
863, 2, 2 
19815, 2, 2 
19843, 2, 2 
17432, 2, 2 
30997, 2, 2 
3112, 2, 2 
42014, 2, 2 
17516, 2, 2 
44049, 2, 2 
42814, 2, 2 
50315, 2, 2 
15067, 2, 2 
37989, 2, 2 
34450, 2, 2 
25147, 2, 2 
57992, 2, 2 
49936, 2, 2 
6063, 2, 2 
37007, 2, 2 
35509, 2, 2 
14962, 2, 2 
33819, 2, 2 
46047, 2, 2 
10514, 2, 2 
58783, 2, 2 
22100, 2, 2 
11491, 2, 2 
13384, 2, 2 
472, 2, 2 
56027, 2, 2 
22226, 2, 2 
24249, 2, 2 
12559, 2, 2 
59479, 2, 2 
27171, 2, 2 
21750, 2, 2 
51849, 2, 2 
17137, 2, 2 
37187, 2, 2 
17339, 2, 2 
50812, 2, 2 
28937, 2, 2 
10988, 2, 2 
36133, 2, 2 
53017, 2, 2 
20517, 2, 2 
31658, 2, 2 
49267, 2, 2 
15391, 2, 2 
13381, 2, 2 
55129, 2, 2 
44133, 2, 2 
50802, 2, 2 
6161, 2, 2 
5415, 2, 2 
35240, 2, 2 
31240, 2, 2 
14978, 2, 2 
54613, 2, 2 
59983, 2, 2 
5232, 2, 2 
28068, 2, 2 
27215, 2, 2 
39032, 2, 2 
16237, 2, 2 
18662, 2, 2 
41458, 2, 2 
55158, 2, 2 
21880, 2, 2 
55952, 2, 2 
51957, 2, 2 
23114, 2, 2 
55816, 2, 2 
15005, 2, 2 
45375, 2, 2 
6307, 2, 2 
20145, 2, 2 
36942, 2, 2 
30705, 2, 2 
31429, 2, 2 
59475, 2, 2 
8858, 2, 2 
16058, 2, 2 
41687, 2, 2 
23894, 2, 2 
8102, 2, 2 
49727, 2, 2 
41460, 2, 2 
56579, 2, 2 
53491, 2, 2 
25088, 2, 2 
55919, 2, 2 
26333, 2, 2 
38208, 2, 2 
47083, 2, 2 
45498, 2, 2 
55183, 2, 2 
42271, 2, 2 
23916, 2, 2 
19210, 2, 2 
8002, 2, 2 
52547, 2, 2 
13722, 2, 2 
36694, 2, 2 
9575, 2, 2 
47460, 2, 2 
45932, 2, 2 
36775, 2, 2 
50287, 2, 2 
22491, 2, 2 
21033, 2, 2 
22414, 2, 2 
16544, 2, 2 
16902, 2, 2 
9249, 2, 2 
41710, 2, 2 
29932, 2, 2 
7476, 2, 2 
9266, 2, 2 
58019, 2, 2 
14837, 2, 2 
3917, 2, 2 
25492, 2, 2 
19502, 2, 2 
3333, 2, 2 
6327, 2, 2 
11711, 2, 2 
28126, 2, 2 
59757, 2, 2 
58468, 2, 2 
12361, 2, 2 
23364, 2, 2 
32010, 2, 2 
24118, 2, 2 
43314, 2, 2 
17246, 2, 2 
35091, 2, 2 
43899, 2, 2 
56191, 3, 3 
16922, 3, 3 
37422, 3, 3 
3815, 3, 3 
29266, 3, 3 
12527, 3, 3 
20752, 3, 3 
36130, 3, 3 
9786, 3, 3 
7156, 3, 3 
33145, 3, 3 
20687, 3, 3 
4898, 3, 3 
7803, 3, 3 
17712, 3, 3 
54867, 3, 3 
7397, 3, 3 
35208, 3, 3 
41225, 3, 3 
22231, 3, 3 
33194, 3, 3 
22977, 3, 3 
45196, 3, 3 
8794, 3, 3 
2771, 3, 3 
30885, 3, 3 
57833, 3, 3 
12012, 3, 3 
54953, 3, 3 
35613, 3, 3 
47173, 3, 3 
37439, 3, 3 
14333, 3, 3 
27173, 3, 3 
29458, 3, 3 
23724, 3, 3 
33583, 3, 3 
12546, 3, 3 
25573, 3, 3 
9335, 3, 3 
49450, 3, 3 
18997, 3, 3 
55419, 3, 3 
30483, 3, 3 
2481, 3, 3 
13909, 3, 3 
25861, 3, 3 
54910, 3, 3 
22619, 3, 3 
58550, 3, 3 
44782, 3, 3 
17063, 3, 3 
42755, 3, 3 
34190, 3, 3 
8338, 3, 3 
6516, 3, 3 
7745, 3, 3 
3150, 3, 3 
43140, 3, 3 
18805, 3, 3 
46899, 3, 3 
5315, 3, 3 
36409, 3, 3 
37397, 3, 3 
49570, 3, 3 
37134, 3, 3 
57679, 3, 3 
51260, 3, 3 
34188, 3, 3 
15544, 3, 3 
54020, 3, 3 
25721, 3, 3 
36128, 3, 3 
32897, 3, 3 
54772, 3, 3 
29602, 3, 3 
9529, 3, 3 
38549, 3, 3 
43255, 3, 3 
22695, 3, 3 
10984, 3, 3 
9932, 3, 3 
12990, 3, 3 
36525, 3, 3 
18039, 3, 3 
18986, 3, 3 
54413, 3, 3 
21966, 3, 3 
40078, 3, 3 
33709, 3, 3 
57373, 3, 3 
43090, 3, 3 
8907, 3, 3 
16732, 3, 3 
56721, 3, 3 
49378, 3, 3 
50000, 3, 3 
15647, 3, 3 
34333, 3, 3 
57468, 3, 3 
49350, 3, 3 
59569, 3, 3 
59818, 3, 3 
18252, 3, 3 
44051, 3, 3 
44764, 3, 3 
7915, 3, 3 
1533, 3, 3 
1470, 3, 3 
43702, 3, 3 
4956, 3, 3 
9696, 3, 3 
1588, 3, 3 
10402, 3, 3 
15474, 3, 3 
24528, 3, 3 
13332, 3, 3 
1348, 3, 3 
36262, 3, 3 
45046, 3, 3 
34685, 3, 3 
6007, 3, 3 
18679, 3, 3 
11863, 3, 3 
45508, 3, 3 
22172, 3, 3 
52259, 3, 3 
21980, 3, 3 
52601, 3, 3 
24063, 3, 3 
41639, 3, 3 
23425, 3, 3 
29608, 3, 3 
51401, 3, 3 
44749, 3, 3 
7784, 3, 3 
15482, 3, 3 
43475, 3, 3 
2074, 3, 3 
59178, 3, 3 
55831, 3, 3 
48164, 3, 3 
27183, 3, 3 
26383, 3, 3 
3542, 3, 3 
33444, 3, 3 
35122, 3, 3 
28132, 3, 3 
1756, 3, 3 
21496, 3, 3 
48435, 3, 3 
46971, 3, 3 
48746, 3, 3 
21717, 3, 3 
14761, 3, 3 
49300, 3, 3 
10424, 3, 3 
36432, 3, 3 
36295, 3, 3 
11756, 3, 3 
54191, 3, 3 
14903, 3, 3 
10453, 3, 3 
33471, 3, 3 
18612, 3, 3 
12080, 3, 3 
23556, 3, 3 
35346, 3, 3 
27095, 3, 3 
19950, 3, 3 
18240, 3, 3 
33344, 3, 3 
41820, 3, 3 
18739, 3, 3 
49494, 3, 3 
25728, 3, 3 
7058, 3, 2 
8821, 3, 3 
18687, 3, 3 
29650, 3, 3 
8254, 3, 3 
53374, 3, 3 
37054, 3, 3 
23877, 3, 3 
52479, 3, 3 
32299, 3, 3 
42235, 3, 3 
15717, 3, 3 
58812, 3, 3 
56624, 3, 3 
34728, 3, 3 
30431, 3, 3 
6342, 3, 3 
15443, 3, 3 
32656, 3, 3 
30897, 3, 3 
13656, 3, 3 
23810, 3, 3 
5787, 3, 3 
7634, 3, 3 
23017, 4, 4 
24033, 4, 4 
35319, 4, 4 
10618, 4, 4 
30506, 4, 4 
58875, 4, 4 
56659, 4, 4 
46728, 4, 4 
48442, 4, 4 
3009, 4, 4 
25846, 4, 4 
23855, 4, 4 
40299, 4, 4 
329, 4, 4 
51684, 4, 4 
32512, 4, 4 
41043, 4, 4 
45391, 4, 4 
55641, 4, 4 
22660, 4, 4 
36483, 4, 4 
5764, 4, 4 
51225, 4, 4 
29256, 4, 4 
48252, 4, 4 
23837, 4, 4 
45915, 4, 4 
45299, 4, 4 
541, 4, 4 
131, 4, 4 
8534, 4, 4 
19875, 4, 4 
7551, 4, 4 
53, 4, 4 
14620, 4, 4 
52708, 4, 4 
9566, 4, 4 
15821, 4, 4 
38822, 4, 4 
44100, 4, 4 
46325, 4, 4 
35551, 4, 4 
32015, 4, 4 
37381, 4, 4 
15359, 4, 4 
51979, 4, 4 
32602, 4, 4 
58840, 4, 4 
20599, 4, 4 
45821, 4, 4 
3548, 4, 4 
29992, 4, 4 
24734, 4, 4 
53141, 4, 4 
12227, 4, 4 
52128, 4, 4 
53564, 4, 4 
50937, 4, 4 
30529, 4, 4 
32188, 4, 4 
52949, 4, 4 
39443, 4, 4 
49874, 4, 4 
17850, 4, 4 
38209, 4, 4 
32412, 4, 4 
52211, 4, 4 
1203, 4, 4 
39690, 4, 4 
17399, 4, 4 
11434, 4, 4 
41886, 4, 4 
13104, 4, 4 
4382, 4, 6 
33824, 4, 4 
9632, 4, 4 
58153, 4, 4 
12460, 4, 4 
55337, 4, 4 
5944, 4, 4 
11744, 4, 4 
1628, 4, 4 
49017, 4, 4 
2715, 4, 4 
27552, 4, 4 
13640, 4, 4 
25490, 4, 4 
42263, 4, 4 
54412, 4, 4 
49105, 4, 4 
16913, 4, 4 
37302, 4, 4 
57687, 4, 4 
16068, 4, 4 
25612, 4, 4 
40363, 4, 4 
41845, 4, 4 
11799, 4, 4 
49513, 4, 4 
8477, 4, 4 
48961, 4, 4 
2294, 4, 4 
8872, 4, 4 
10033, 4, 4 
6268, 4, 4 
29744, 4, 4 
26693, 4, 4 
23664, 4, 4 
7191, 4, 4 
41028, 4, 4 
21814, 4, 4 
7863, 4, 4 
14904, 4, 4 
46033, 4, 4 
35183, 4, 4 
35813, 4, 4 
35363, 4, 4 
52893, 4, 4 
47589, 4, 4 
50152, 4, 4 
17067, 4, 4 
24109, 4, 4 
1308, 4, 4 
9781, 4, 4 
53439, 4, 4 
23274, 4, 4 
35178, 4, 4 
20460, 4, 4 
50090, 4, 4 
28703, 4, 4 
988, 4, 4 
31050, 4, 4 
11424, 4, 4 
28600, 4, 4 
14927, 4, 4 
49015, 4, 4 
52229, 4, 4 
12121, 4, 4 
17141, 4, 4 
24262, 4, 9 
56316, 4, 4 
9931, 4, 4 
43709, 4, 4 
25811, 4, 4 
53519, 4, 4 
57382, 4, 4 
22992, 4, 4 
26309, 4, 4 
24894, 4, 4 
28043, 4, 4 
56376, 4, 4 
29251, 4, 4 
36053, 4, 4 
18888, 4, 4 
8869, 4, 4 
25575, 4, 4 
37687, 4, 4 
6101, 4, 4 
16195, 4, 4 
44027, 4, 4 
23409, 4, 4 
30745, 4, 4 
20617, 4, 4 
59708, 4, 4 
990, 4, 4 
58749, 4, 4 
36977, 4, 4 
51482, 4, 4 
30637, 4, 4 
16048, 4, 4 
56808, 4, 8 
55810, 4, 4 
12749, 4, 4 
29864, 4, 4 
51182, 4, 4 
40112, 4, 4 
33761, 4, 4 
53378, 4, 4 
54156, 4, 4 
5969, 4, 4 
44386, 4, 4 
54899, 4, 4 
50583, 4, 4 
13901, 4, 4 
4283, 4, 4 
44496, 4, 4 
28462, 4, 4 
2164, 4, 4 
51515, 4, 4 
17415, 4, 4 
14440, 4, 4 
28237, 4, 4 
31951, 4, 4 
57544, 4, 4 
16009, 4, 4 
54634, 4, 4 
38047, 4, 4 
24296, 4, 4 
53649, 4, 4 
18730, 4, 4 
19706, 5, 5 
25747, 5, 5 
23996, 5, 5 
25997, 5, 5 
52706, 5, 5 
35858, 5, 5 
34453, 5, 5 
53796, 5, 5 
57156, 5, 5 
41904, 5, 5 
13229, 5, 5 
27375, 5, 5 
28395, 5, 5 
57081, 5, 5 
11324, 5, 5 
30903, 5, 5 
38459, 5, 5 
26198, 5, 5 
20815, 5, 5 
7444, 5, 5 
26320, 5, 5 
6451, 5, 5 
18968, 5, 5 
54151, 5, 5 
4645, 5, 5 
41215, 5, 5 
59538, 5, 5 
23620, 5, 5 
44564, 5, 5 
30961, 5, 5 
38486, 5, 5 
42431, 5, 5 
29410, 5, 5 
48615, 5, 5 
25283, 5, 5 
25075, 5, 5 
59002, 5, 5 
53802, 5, 5 
10056, 5, 5 
48769, 5, 5 
7498, 5, 5 
32659, 5, 5 
56928, 5, 5 
49632, 5, 5 
2885, 5, 5 
49652, 5, 5 
16257, 5, 5 
5177, 5, 5 
7845, 5, 5 
49476, 5, 5 
35567, 5, 5 
21819, 5, 5 
7595, 5, 5 
5515, 5, 5 
53620, 5, 5 
34050, 5, 5 
24374, 5, 5 
48237, 5, 5 
45282, 5, 5 
57511, 5, 5 
46300, 5, 5 
45497, 5, 5 
53927, 5, 5 
51433, 5, 5 
38345, 5, 5 
18673, 5, 5 
53461, 5, 5 
9330, 5, 5 
50395, 5, 5 
18511, 5, 5 
43837, 5, 5 
28732, 5, 5 
33605, 5, 5 
17915, 5, 5 
3527, 5, 5 
30575, 5, 5 
27099, 5, 5 
26251, 5, 5 
59377, 5, 5 
8676, 5, 5 
20092, 5, 5 
30262, 5, 5 
50533, 5, 5 
29029, 5, 5 
14713, 5, 5 
39513, 5, 5 
15528, 5, 5 
1311, 5, 5 
50569, 5, 5 
42110, 5, 5 
44554, 5, 5 
8876, 5, 5 
16993, 5, 5 
58134, 5, 5 
40640, 5, 5 
10173, 5, 5 
31886, 5, 5 
9340, 5, 5 
40669, 5, 5 
45987, 5, 5 
34557, 5, 5 
16157, 5, 5 
54839, 5, 5 
18209, 5, 5 
33553, 5, 5 
10536, 5, 5 
49820, 5, 5 
12650, 5, 5 
39945, 5, 5 
40695, 5, 5 
36839, 5, 5 
27042, 5, 5 
8835, 5, 5 
44481, 5, 5 
31900, 5, 5 
15306, 5, 5 
13345, 5, 5 
47381, 5, 5 
27009, 5, 5 
9652, 5, 5 
56658, 5, 5 
55958, 5, 5 
18254, 5, 5 
30125, 5, 5 
53973, 5, 5 
44165, 5, 5 
34829, 5, 5 
28617, 5, 5 
14591, 5, 5 
17264, 5, 5 
15402, 5, 5 
49995, 5, 5 
32214, 5, 5 
21039, 5, 5 
13663, 5, 5 
10286, 5, 5 
19719, 5, 5 
4752, 5, 5 
33811, 5, 5 
27422, 5, 5 
22205, 5, 5 
26823, 5, 5 
14233, 5, 5 
33071, 5, 5 
35077, 5, 5 
11882, 5, 5 
16767, 5, 5 
5776, 5, 5 
7927, 5, 5 
36663, 5, 5 
48251, 5, 5 
5254, 5, 5 
39253, 5, 5 
7159, 5, 5 
2250, 5, 5 
20769, 5, 5 
25407, 5, 5 
48671, 5, 5 
34836, 5, 5 
13321, 5, 5 
15488, 5, 5 
6848, 5, 5 
28277, 5, 5 
16737, 5, 5 
31746, 5, 5 
15462, 5, 5 
50779, 5, 5 
4921, 5, 5 
45547, 5, 5 
21895, 5, 5 
40731, 5, 5 
51524, 5, 5 
56935, 5, 5 
9814, 5, 5 
39996, 5, 5 
15371, 5, 5 
7448, 5, 5 
4017, 5, 5 
34755, 5, 5 
53067, 5, 5 
2515, 5, 5 
28345, 5, 5 
23514, 5, 5 
47955, 5, 5 
9339, 5, 5 
30928, 5, 5 
2755, 5, 5 
11721, 5, 5 
43503, 5, 5 
9160, 5, 5 
11486, 5, 5 
4801, 5, 5 
8010, 5, 5 
47494, 5, 5 
33632, 5, 5 
56269, 5, 5 
39427, 5, 5 
59822, 5, 5 
8766, 5, 5 
42863, 5, 5 
26124, 6, 6 
23790, 6, 6 
47458, 6, 6 
35795, 6, 6 
1869, 6, 6 
18576, 6, 6 
32977, 6, 6 
23839, 6, 6 
31071, 6, 6 
40072, 6, 6 
8929, 6, 6 
33886, 6, 6 
10925, 6, 6 
5772, 6, 6 
9512, 6, 6 
52544, 6, 6 
16841, 6, 6 
9446, 6, 6 
7990, 6, 6 
53717, 6, 6 
34652, 6, 6 
14973, 6, 6 
28507, 6, 6 
32219, 6, 6 
15908, 6, 6 
51711, 6, 6 
28605, 6, 6 
44742, 6, 6 
59431, 6, 6 
58534, 6, 6 
3726, 6, 6 
19532, 6, 6 
58216, 6, 6 
17083, 6, 6 
58592, 6, 6 
51596, 6, 6 
3706, 6, 6 
49879, 6, 6 
50865, 6, 6 
41797, 6, 6 
52062, 6, 6 
53215, 6, 6 
34046, 6, 6 
8153, 6, 6 
25226, 6, 6 
48999, 6, 6 
40271, 6, 6 
32183, 6, 6 
19125, 6, 6 
28711, 6, 6 
55019, 6, 6 
6789, 6, 6 
48609, 6, 6 
5099, 6, 6 
2923, 6, 6 
14525, 6, 6 
17657, 6, 6 
34003, 6, 6 
52725, 6, 6 
5721, 6, 6 
25673, 6, 6 
49083, 6, 6 
28382, 6, 6 
9201, 6, 6 
31228, 6, 6 
58382, 6, 6 
12468, 6, 6 
18956, 6, 6 
55185, 6, 6 
13622, 6, 6 
46272, 6, 6 
32118, 6, 6 
58835, 6, 6 
54345, 6, 6 
44355, 6, 6 
50863, 6, 6 
27674, 6, 6 
13351, 6, 6 
20682, 6, 6 
36703, 6, 6 
57438, 6, 6 
5962, 6, 6 
37872, 6, 6 
52183, 6, 6 
31040, 6, 6 
23485, 6, 6 
44690, 6, 6 
46991, 6, 6 
35184, 6, 6 
10246, 6, 6 
20949, 6, 6 
51031, 6, 6 
56210, 6, 6 
19316, 6, 6 
4531, 6, 6 
29776, 6, 6 
55798, 6, 6 
22982, 6, 6 
30152, 6, 6 
38474, 6, 6 
47106, 6, 6 
5973, 6, 6 
27850, 6, 6 
15025, 6, 6 
33812, 6, 6 
4770, 6, 6 
41170, 6, 6 
28552, 6, 6 
25104, 6, 6 
28326, 6, 6 
26107, 6, 6 
21967, 6, 6 
55483, 6, 6 
38302, 6, 6 
23687, 6, 6 
41876, 6, 6 
31572, 6, 6 
42420, 6, 6 
10037, 6, 6 
55456, 6, 6 
26344, 6, 6 
18177, 6, 6 
20494, 6, 6 
10289, 6, 6 
45633, 6, 6 
44336, 6, 6 
6509, 6, 6 
7880, 6, 6 
58652, 6, 6 
49426, 6, 6 
35918, 6, 6 
48032, 6, 6 
51920, 6, 6 
55565, 6, 6 
35026, 6, 6 
23850, 6, 6 
52844, 6, 6 
27006, 6, 6 
11723, 6, 6 
56105, 6, 6 
2836, 6, 6 
50657, 6, 6 
14453, 6, 6 
41413, 6, 6 
50961, 6, 6 
16535, 6, 6 
14256, 6, 6 
19208, 6, 6 
54969, 6, 6 
58016, 6, 6 
42225, 6, 6 
35575, 6, 6 
45274, 6, 6 
3952, 6, 6 
204, 6, 6 
4712, 6, 6 
2020, 6, 6 
57198, 6, 6 
45241, 6, 6 
31705, 6, 6 
24581, 6, 6 
16782, 6, 6 
45080, 6, 6 
39767, 6, 6 
26912, 6, 6 
39098, 6, 6 
9468, 6, 6 
53983, 6, 6 
40356, 6, 6 
24385, 6, 6 
59877, 6, 6 
421, 6, 6 
58430, 6, 6 
23258, 6, 6 
14232, 6, 6 
43457, 6, 6 
30033, 6, 6 
19037, 6, 6 
17829, 6, 6 
57591, 6, 6 
41142, 6, 6 
48156, 6, 6 
10913, 6, 6 
13431, 6, 6 
30796, 6, 6 
1902, 6, 6 
50004, 6, 6 
1886, 6, 6 
35037, 6, 6 
20087, 6, 6 
2498, 6, 6 
31629, 6, 6 
54462, 6, 6 
24165, 6, 6 
18459, 6, 6 
10591, 6, 6 
24577, 6, 6 
53900, 6, 6 
54215, 6, 6 
55754, 6, 6 
45811, 7, 7 
2161, 7, 7 
30610, 7, 7 
36545, 7, 7 
25060, 7, 7 
15705, 7, 7 
2982, 7, 7 
39877, 7, 8 
50382, 7, 7 
45489, 7, 7 
23345, 7, 7 
44774, 7, 7 
43917, 7, 7 
18969, 7, 7 
20720, 7, 7 
5059, 7, 7 
16496, 7, 7 
39107, 7, 7 
52991, 7, 7 
18816, 7, 7 
11473, 7, 7 
49301, 7, 7 
12208, 7, 7 
22131, 7, 7 
34454, 7, 7 
4266, 7, 7 
48861, 7, 7 
53719, 7, 7 
45618, 7, 7 
30414, 7, 7 
21000, 7, 7 
45397, 7, 7 
26001, 7, 7 
18358, 7, 7 
23686, 7, 7 
53579, 7, 7 
6713, 7, 7 
51409, 7, 7 
29326, 7, 7 
40451, 7, 7 
37602, 7, 7 
2985, 7, 7 
31560, 7, 7 
1982, 7, 7 
12849, 7, 7 
44145, 7, 7 
28399, 7, 7 
39310, 7, 7 
26811, 7, 7 
37550, 7, 7 
22651, 7, 7 
53886, 7, 7 
32599, 7, 7 
25350, 7, 7 
14460, 7, 7 
30641, 7, 7 
14622, 7, 7 
59710, 7, 7 
42751, 7, 7 
54472, 7, 7 
11937, 7, 7 
15811, 7, 7 
17525, 7, 7 
12537, 7, 7 
2173, 7, 7 
20067, 7, 7 
19635, 7, 7 
52937, 7, 7 
19352, 7, 7 
10086, 7, 7 
27950, 7, 7 
25868, 7, 7 
46363, 7, 7 
32835, 7, 7 
28990, 7, 7 
57996, 7, 7 
34055, 7, 7 
46493, 7, 7 
12420, 7, 7 
7697, 7, 7 
12273, 7, 7 
18122, 7, 7 
41280, 7, 7 
12624, 7, 7 
42134, 7, 7 
48622, 7, 7 
34079, 7, 7 
59646, 7, 7 
27944, 7, 7 
37057, 7, 7 
49933, 7, 7 
31690, 7, 7 
46752, 7, 7 
42772, 7, 7 
50224, 7, 7 
29452, 7, 7 
36283, 7, 7 
46283, 7, 7 
33521, 7, 7 
23946, 7, 7 
24572, 7, 7 
5995, 7, 7 
27862, 7, 7 
884, 7, 7 
35102, 7, 7 
26886, 7, 7 
1229, 7, 7 
38215, 7, 7 
49553, 7, 7 
39497, 7, 7 
7943, 7, 7 
31291, 7, 7 
23220, 7, 7 
43414, 7, 7 
48648, 7, 7 
31330, 7, 7 
57663, 7, 7 
48151, 7, 7 
55090, 7, 7 
3728, 7, 7 
18979, 7, 7 
21937, 7, 7 
20403, 7, 7 
58972, 7, 7 
10759, 7, 7 
14833, 7, 7 
59802, 7, 7 
16240, 7, 7 
41472, 7, 7 
42146, 7, 7 
57134, 7, 7 
1075, 7, 7 
54148, 7, 7 
47806, 7, 7 
4189, 7, 7 
27758, 7, 7 
28229, 7, 7 
36230, 7, 7 
11757, 7, 7 
14770, 7, 7 
25110, 7, 7 
55928, 7, 7 
46035, 7, 7 
59533, 7, 7 
17053, 7, 7 
48473, 7, 7 
1281, 7, 7 
30982, 7, 7 
15531, 7, 7 
17163, 7, 7 
23283, 7, 7 
3618, 7, 7 
11185, 7, 7 
45978, 7, 7 
57828, 7, 7 
43178, 7, 7 
16169, 7, 7 
30541, 7, 7 
40311, 7, 7 
55270, 7, 7 
42798, 7, 7 
27984, 7, 7 
37947, 7, 7 
27912, 7, 7 
56017, 7, 7 
38506, 7, 7 
31698, 7, 7 
23932, 7, 7 
47793, 7, 7 
18819, 7, 7 
45215, 7, 7 
31300, 7, 7 
49209, 7, 7 
3270, 7, 7 
28520, 7, 7 
20504, 7, 7 
46945, 7, 7 
18161, 7, 7 
48165, 7, 7 
51856, 7, 2 
26091, 7, 7 
44610, 7, 7 
38437, 7, 7 
30879, 7, 7 
2743, 7, 7 
19184, 7, 7 
4242, 7, 7 
4559, 7, 7 
47253, 7, 7 
8375, 7, 7 
28812, 7, 7 
32174, 7, 7 
13883, 7, 7 
37245, 7, 7 
16194, 7, 7 
6221, 7, 7 
19003, 7, 7 
52466, 7, 7 
38783, 7, 7 
18671, 7, 7 
11796, 8, 8 
26708, 8, 8 
32722, 8, 8 
32300, 8, 8 
57257, 8, 8 
1749, 8, 8 
23509, 8, 8 
51164, 8, 8 
36224, 8, 8 
19067, 8, 8 
54665, 8, 8 
25254, 8, 8 
36010, 8, 8 
28662, 8, 8 
46616, 8, 8 
30867, 8, 8 
8171, 8, 8 
17160, 8, 8 
27994, 8, 8 
28364, 8, 8 
25873, 8, 8 
16252, 8, 8 
47546, 8, 8 
4482, 8, 8 
57467, 8, 8 
35375, 8, 8 
20387, 8, 8 
58734, 8, 8 
28999, 8, 8 
32770, 8, 8 
16797, 8, 8 
55192, 8, 8 
265, 8, 8 
7142, 8, 8 
43647, 8, 8 
23408, 8, 8 
32218, 8, 8 
24000, 8, 8 
28887, 8, 8 
28663, 8, 8 
38452, 8, 8 
38351, 8, 8 
17194, 8, 8 
26022, 8, 8 
53235, 8, 8 
51341, 8, 8 
11942, 8, 8 
3581, 8, 8 
5029, 8, 8 
3407, 8, 8 
12712, 8, 8 
42467, 8, 8 
49572, 8, 8 
7851, 8, 8 
23935, 8, 8 
16022, 8, 8 
45988, 8, 8 
23383, 8, 8 
9844, 8, 8 
50607, 8, 8 
25074, 8, 8 
32175, 8, 8 
43687, 8, 8 
15640, 8, 8 
55061, 8, 8 
15941, 8, 8 
15739, 8, 8 
40503, 8, 8 
41622, 8, 8 
20753, 8, 8 
15973, 8, 8 
4139, 8, 8 
29545, 8, 8 
25081, 8, 8 
10447, 8, 8 
35521, 8, 8 
41893, 8, 8 
54268, 8, 8 
14872, 8, 8 
8378, 8, 8 
44007, 8, 8 
14896, 8, 8 
34001, 8, 8 
10981, 8, 8 
34696, 8, 8 
5343, 8, 8 
44163, 8, 8 
19541, 8, 8 
49543, 8, 8 
58625, 8, 8 
22934, 8, 8 
13258, 8, 8 
42208, 8, 8 
923, 8, 8 
59286, 8, 8 
59764, 8, 8 
40089, 8, 8 
48150, 8, 8 
45877, 8, 8 
54594, 8, 8 
10936, 8, 8 
15963, 8, 8 
51391, 8, 8 
10632, 8, 8 
54362, 8, 8 
51601, 8, 8 
55293, 8, 8 
13979, 8, 8 
23674, 8, 8 
28381, 8, 8 
21589, 8, 8 
34375, 8, 8 
51326, 8, 8 
39450, 8, 8 
19362, 8, 8 
59361, 8, 8 
58305, 8, 8 
37278, 8, 8 
7168, 8, 8 
2057, 8, 8 
27323, 8, 8 
27372, 8, 8 
57513, 8, 8 
54117, 8, 8 
55683, 8, 8 
22281, 8, 8 
10339, 8, 8 
34212, 8, 8 
31710, 8, 8 
8310, 8, 8 
32404, 8, 8 
31507, 8, 8 
22682, 8, 8 
40957, 8, 8 
28959, 8, 8 
33193, 8, 8 
28749, 8, 8 
47100, 8, 8 
50272, 8, 8 
42880, 8, 8 
21467, 8, 8 
43525, 8, 8 
38142, 8, 8 
35096, 8, 8 
21457, 8, 8 
54327, 8, 8 
25207, 8, 8 
20657, 8, 8 
27927, 8, 8 
18439, 8, 8 
26947, 8, 8 
44866, 8, 8 
16365, 8, 8 
8680, 8, 8 
36582, 8, 8 
57087, 8, 8 
53653, 8, 8 
25195, 8, 8 
32965, 8, 8 
3816, 8, 8 
30397, 8, 8 
5609, 8, 8 
12848, 8, 8 
12658, 8, 8 
40110, 8, 8 
51645, 8, 8 
5972, 8, 8 
56313, 8, 8 
34933, 8, 8 
38863, 8, 8 
11662, 8, 8 
13917, 8, 8 
53464, 8, 8 
53071, 8, 8 
17975, 8, 8 
8148, 8, 8 
9982, 8, 8 
52496, 8, 8 
20511, 8, 8 
11823, 8, 8 
27819, 8, 8 
31599, 8, 8 
2845, 8, 8 
46719, 8, 8 
11322, 8, 8 
50597, 8, 8 
31760, 8, 8 
13680, 8, 8 
58990, 8, 8 
2555, 8, 8 
27636, 8, 8 
11239, 8, 8 
3293, 8, 8 
22241, 8, 8 
41504, 8, 8 
28226, 8, 8 
26971, 8, 8 
9490, 8, 8 
52848, 8, 8 
32102, 8, 8 
16388, 9, 9 
2331, 9, 9 
52367, 9, 9 
16006, 9, 9 
42315, 9, 9 
16039, 9, 9 
15387, 9, 9 
32064, 9, 9 
51200, 9, 9 
11246, 9, 9 
40670, 9, 9 
14844, 9, 9 
40174, 9, 9 
50029, 9, 9 
41042, 9, 9 
3193, 9, 9 
31107, 9, 9 
32904, 9, 9 
39694, 9, 9 
48257, 9, 9 
28445, 9, 9 
28676, 9, 9 
15832, 9, 9 
58338, 9, 9 
35325, 9, 9 
59939, 9, 9 
24468, 9, 9 
49801, 9, 9 
26254, 9, 9 
11947, 9, 9 
5457, 9, 9 
5165, 9, 9 
32311, 9, 9 
8393, 9, 9 
26060, 9, 9 
6734, 9, 9 
17570, 9, 8 
7069, 9, 9 
8127, 9, 9 
47048, 9, 9 
13456, 9, 9 
25933, 9, 9 
7198, 9, 9 
52553, 9, 9 
31132, 9, 9 
45603, 9, 9 
26822, 9, 9 
1748, 9, 9 
11366, 9, 9 
1161, 9, 9 
20825, 9, 9 
44592, 9, 9 
18973, 9, 9 
15349, 9, 9 
52123, 9, 9 
51271, 9, 9 
36971, 9, 9 
44855, 9, 9 
15413, 9, 9 
20341, 9, 9 
16992, 9, 9 
27231, 9, 9 
55938, 9, 9 
34196, 9, 9 
31744, 9, 9 
53597, 9, 9 
4503, 9, 9 
28604, 9, 9 
49836, 9, 9 
45824, 9, 9 
47165, 9, 9 
18111, 9, 9 
1352, 9, 9 
42289, 9, 9 
362, 9, 9 
31142, 9, 9 
1421, 9, 9 
3649, 9, 9 
11212, 9, 9 
43034, 9, 5 
1940, 9, 9 
22824, 9, 9 
14816, 9, 9 
21091, 9, 9 
38006, 9, 9 
23719, 9, 9 
31854, 9, 9 
44081, 9, 9 
39648, 9, 9 
14681, 9, 9 
41178, 9, 9 
39538, 9, 9 
35877, 9, 9 
54451, 9, 9 
17793, 9, 9 
51945, 9, 9 
34019, 9, 9 
14442, 9, 9 
12563, 9, 9 
19457, 9, 9 
52800, 9, 2 
38704, 9, 9 
50209, 9, 9 
57975, 9, 9 
10875, 9, 9 
18091, 9, 9 
12127, 9, 9 
52406, 9, 9 
47878, 9, 9 
8492, 9, 9 
53661, 9, 9 
13439, 9, 9 
34651, 9, 9 
33041, 9, 9 
29655, 9, 9 
7947, 9, 9 
1507, 9, 9 
27748, 9, 9 
59518, 9, 9 
41840, 9, 9 
29693, 9, 9 
47017, 9, 9 
31841, 9, 9 
13028, 9, 9 
39927, 9, 9 
8409, 9, 9 
48938, 9, 9 
38293, 9, 9 
2633, 9, 9 
40857, 9, 9 
17936, 9, 9 
8216, 9, 9 
32163, 9, 9 
10038, 9, 9 
35135, 9, 9 
35647, 9, 9 
29305, 9, 9 
29935, 9, 9 
52761, 9, 9 
21277, 9, 9 
52467, 9, 9 
47103, 9, 9 
6872, 9, 9 
29137, 9, 9 
12440, 9, 9 
44083, 9, 9 
22388, 9, 9 
43107, 9, 9 
17723, 9, 9 
22080, 9, 9 
37664, 9, 9 
48775, 9, 9 
1585, 9, 9 
32443, 9, 9 
39423, 9, 8 
21645, 9, 9 
54874, 9, 9 
21165, 9, 9 
43896, 9, 9 
32668, 9, 9 
43916, 9, 9 
55633, 9, 9 
11103, 9, 9 
57206, 9, 9 
13358, 9, 9 
19220, 9, 9 
7714, 9, 9 
43282, 9, 9 
53265, 9, 9 
33211, 9, 9 
50003, 9, 9 
18027, 9, 9 
49227, 9, 9 
19315, 9, 9 
32177, 9, 9 
24029, 9, 9 
27839, 9, 9 
28192, 9, 9 
13557, 9, 9 
32033, 9, 9 
45793, 9, 9 
4092, 9, 9 
15360, 9, 9 
53020, 9, 9 
44992, 9, 9 
28674, 9, 9 
16815, 9, 9 
7812, 9, 9 
1882, 9, 9 
50908, 9, 9 
13971, 9, 9 
43862, 9, 9 
46474, 9, 9 
14875, 9, 9 
2649, 9, 9 
37233, 9, 9 
9128, 9, 9 
28750, 9, 9 
755, 9, 9 
23042, 9, 9 
