id, true label, predicted label 
48322, 0, 0 
35343, 0, 0 
29570, 0, 0 
30871, 0, 0 
36749, 0, 0 
2584, 0, 0 
15711, 0, 0 
59155, 0, 0 
16975, 0, 0 
41506, 0, 0 
6832, 0, 0 
45129, 0, 0 
8157, 0, 0 
28451, 0, 0 
28946, 0, 0 
18219, 0, 0 
53404, 0, 0 
13583, 0, 0 
4485, 0, 0 
56509, 0, 0 
29862, 0, 0 
40277, 0, 0 
47923, 0, 0 
23506, 0, 0 
12907, 0, 0 
23589, 0, 0 
24189, 0, 0 
6958, 0, 0 
6292, 0, 0 
46410, 0, 0 
38605, 0, 0 
20731, 0, 0 
49304, 0, 0 
13926, 0, 0 
50808, 0, 0 
12142, 0, 0 
11712, 0, 0 
6461, 0, 0 
57241, 0, 0 
49575, 0, 0 
43468, 0, 0 
19407, 0, 0 
14752, 0, 0 
28945, 0, 0 
55348, 0, 0 
59203, 0, 0 
13184, 0, 0 
4123, 0, 0 
23643, 0, 0 
22932, 0, 0 
50559, 0, 0 
10992, 0, 0 
38543, 0, 0 
7830, 0, 0 
45467, 0, 0 
56940, 0, 0 
43463, 0, 0 
23023, 0, 0 
50205, 0, 0 
5192, 0, 8 
15695, 0, 0 
12555, 0, 0 
19419, 0, 0 
24024, 0, 0 
15770, 0, 0 
21534, 0, 0 
54941, 0, 0 
18538, 0, 0 
11973, 0, 0 
36533, 0, 0 
23389, 0, 0 
4962, 0, 0 
38729, 0, 0 
36055, 0, 0 
50929, 0, 0 
41030, 0, 0 
4265, 0, 0 
52226, 0, 0 
28357, 0, 0 
9874, 0, 0 
13547, 0, 0 
45383, 0, 0 
46775, 0, 0 
39664, 0, 0 
22208, 0, 0 
19686, 0, 0 
39714, 0, 0 
12764, 0, 0 
51057, 0, 0 
21273, 0, 0 
50958, 0, 0 
15130, 0, 0 
48287, 0, 0 
11661, 0, 0 
3881, 0, 0 
21759, 0, 0 
37153, 0, 0 
14137, 0, 0 
14919, 0, 0 
9934, 0, 0 
41315, 0, 0 
39631, 0, 0 
42915, 0, 0 
20334, 0, 0 
40336, 0, 0 
6422, 0, 0 
29599, 0, 0 
9067, 0, 0 
44744, 0, 0 
29684, 0, 0 
48176, 0, 0 
12276, 0, 0 
52354, 0, 0 
48715, 0, 0 
6967, 0, 0 
38025, 0, 0 
25892, 0, 0 
458, 0, 0 
56353, 0, 0 
55873, 0, 0 
52629, 0, 0 
11129, 0, 0 
19006, 0, 0 
8885, 0, 0 
18715, 0, 0 
56389, 0, 0 
15191, 0, 0 
20123, 0, 0 
51824, 0, 0 
59313, 0, 0 
22265, 0, 0 
14840, 0, 0 
5228, 0, 0 
44871, 0, 0 
16585, 0, 0 
15934, 0, 0 
39119, 0, 0 
45830, 0, 0 
21848, 0, 0 
8089, 0, 0 
18737, 0, 0 
58594, 0, 0 
2500, 0, 0 
37697, 0, 0 
31628, 0, 0 
34097, 0, 0 
33403, 0, 0 
59319, 0, 0 
52238, 0, 0 
20608, 0, 0 
28565, 0, 0 
50357, 0, 0 
34653, 0, 0 
582, 0, 0 
20584, 0, 0 
3016, 0, 0 
57176, 0, 0 
44325, 0, 0 
37452, 0, 0 
14991, 0, 0 
18486, 0, 0 
55290, 0, 0 
38232, 0, 0 
35505, 0, 0 
40649, 0, 0 
22040, 0, 0 
58360, 0, 0 
51629, 0, 0 
3603, 0, 0 
12839, 0, 0 
58408, 0, 0 
35107, 0, 0 
14165, 0, 0 
34562, 0, 0 
21266, 0, 0 
45455, 0, 0 
55588, 0, 0 
7158, 0, 0 
49306, 0, 0 
30246, 0, 0 
19872, 0, 0 
13230, 0, 0 
47473, 0, 0 
42871, 0, 0 
41252, 0, 0 
11636, 0, 0 
7978, 0, 0 
9027, 0, 0 
16045, 0, 0 
859, 0, 0 
15017, 0, 0 
44208, 0, 0 
19171, 0, 0 
14877, 0, 0 
52655, 0, 0 
12264, 0, 0 
10010, 0, 0 
6603, 0, 0 
21546, 0, 0 
20114, 0, 0 
9069, 1, 1 
38097, 1, 1 
15148, 1, 1 
39265, 1, 1 
4013, 1, 1 
40714, 1, 1 
24811, 1, 1 
44126, 1, 1 
27681, 1, 1 
20829, 1, 1 
8471, 1, 1 
17748, 1, 1 
29041, 1, 1 
32721, 1, 1 
54380, 1, 1 
15265, 1, 1 
53168, 1, 1 
20604, 1, 1 
40644, 1, 1 
29658, 1, 1 
58479, 1, 1 
14701, 1, 1 
16907, 1, 1 
2853, 1, 1 
5428, 1, 1 
25307, 1, 1 
12647, 1, 1 
3070, 1, 1 
39441, 1, 1 
19613, 1, 1 
39838, 1, 1 
43553, 1, 1 
55000, 1, 1 
20961, 1, 1 
10783, 1, 1 
36786, 1, 1 
3885, 1, 1 
36373, 1, 1 
29396, 1, 1 
22247, 1, 1 
36368, 1, 1 
35313, 1, 1 
7720, 1, 1 
17706, 1, 1 
33868, 1, 1 
47435, 1, 1 
19937, 1, 1 
39160, 1, 1 
58203, 1, 1 
12132, 1, 1 
41777, 1, 1 
9525, 1, 1 
31370, 1, 1 
510, 1, 1 
40864, 1, 1 
46181, 1, 1 
21829, 1, 1 
37023, 1, 1 
46880, 1, 1 
50550, 1, 1 
46507, 1, 1 
48112, 1, 1 
15438, 1, 1 
46933, 1, 1 
22004, 1, 1 
9735, 1, 1 
40896, 1, 1 
10293, 1, 1 
49440, 1, 1 
31894, 1, 1 
10257, 1, 1 
59391, 1, 1 
32079, 1, 1 
3811, 1, 1 
54552, 1, 1 
54611, 1, 1 
59979, 1, 1 
41908, 1, 1 
32482, 1, 1 
17135, 1, 1 
28331, 1, 1 
41119, 1, 1 
56772, 1, 1 
25027, 1, 1 
47272, 1, 1 
45078, 1, 1 
37564, 1, 1 
5114, 1, 1 
10301, 1, 1 
22888, 1, 1 
23290, 1, 1 
12793, 1, 1 
15224, 1, 1 
14964, 1, 1 
58597, 1, 1 
1838, 1, 1 
32808, 1, 1 
24688, 1, 1 
32133, 1, 1 
38490, 1, 1 
8160, 1, 1 
4942, 1, 1 
35299, 1, 1 
10886, 1, 1 
20990, 1, 1 
46433, 1, 1 
1242, 1, 1 
59289, 1, 1 
13501, 1, 1 
45955, 1, 1 
51876, 1, 1 
33086, 1, 1 
22847, 1, 1 
3295, 1, 1 
31848, 1, 1 
9775, 1, 1 
55412, 1, 1 
37289, 1, 1 
44693, 1, 1 
57813, 1, 1 
14133, 1, 1 
2858, 1, 1 
13260, 1, 1 
22476, 1, 1 
12221, 1, 1 
47935, 1, 1 
54373, 1, 1 
14992, 1, 1 
36110, 1, 1 
538, 1, 1 
12415, 1, 1 
47340, 1, 1 
54664, 1, 1 
56576, 1, 1 
15241, 1, 1 
57960, 1, 1 
58576, 1, 1 
3427, 1, 1 
8506, 1, 1 
40682, 1, 1 
35792, 1, 1 
10500, 1, 1 
37531, 1, 1 
13631, 1, 1 
22689, 1, 1 
18659, 1, 1 
37014, 1, 1 
23612, 1, 1 
48600, 1, 1 
14327, 1, 1 
23693, 1, 1 
2448, 1, 1 
24634, 1, 1 
6209, 1, 1 
20875, 1, 1 
56865, 1, 1 
13129, 1, 1 
2335, 1, 1 
30612, 1, 1 
25087, 1, 1 
27034, 1, 1 
43615, 1, 1 
2977, 1, 1 
20052, 1, 1 
24163, 1, 1 
52002, 1, 1 
41266, 1, 1 
52627, 1, 1 
54103, 1, 1 
30408, 1, 1 
55080, 1, 1 
32855, 1, 1 
13315, 1, 1 
1909, 1, 1 
39905, 1, 1 
53330, 1, 1 
27123, 1, 1 
4029, 1, 1 
28069, 1, 1 
1002, 1, 1 
34334, 1, 1 
51005, 1, 1 
58876, 1, 1 
17129, 1, 1 
19751, 1, 1 
53468, 1, 1 
39541, 1, 1 
33965, 1, 1 
2134, 1, 1 
53341, 1, 1 
45858, 1, 1 
56511, 1, 1 
53361, 1, 1 
37670, 1, 1 
42463, 1, 1 
1084, 1, 1 
38007, 1, 1 
27967, 1, 1 
2719, 1, 1 
15385, 1, 1 
33180, 2, 2 
21366, 2, 2 
47132, 2, 2 
34680, 2, 2 
55662, 2, 2 
1175, 2, 2 
1896, 2, 2 
31381, 2, 2 
21197, 2, 2 
17153, 2, 2 
17202, 2, 2 
6273, 2, 2 
11384, 2, 2 
31617, 2, 2 
44209, 2, 2 
27376, 2, 2 
11230, 2, 2 
6480, 2, 2 
317, 2, 2 
13022, 2, 2 
1727, 2, 2 
4016, 2, 2 
1397, 2, 2 
24968, 2, 2 
16813, 2, 2 
29853, 2, 2 
30344, 2, 2 
4914, 2, 2 
5306, 2, 2 
15603, 2, 2 
55044, 2, 2 
7792, 2, 2 
9186, 2, 2 
52335, 2, 2 
25927, 2, 2 
24520, 2, 2 
13374, 2, 2 
13705, 2, 2 
10805, 2, 2 
44395, 2, 2 
18117, 2, 2 
48681, 2, 2 
20289, 2, 2 
55545, 2, 2 
476, 2, 2 
26533, 2, 2 
37143, 2, 2 
57509, 2, 2 
40318, 2, 2 
58068, 2, 2 
381, 2, 2 
5480, 2, 8 
31373, 2, 2 
30561, 2, 8 
45977, 2, 2 
58297, 2, 2 
10029, 2, 2 
39698, 2, 2 
25507, 2, 2 
8428, 2, 1 
51931, 2, 2 
59734, 2, 2 
9249, 2, 2 
43513, 2, 2 
13295, 2, 2 
11106, 2, 2 
32065, 2, 2 
41997, 2, 2 
23114, 2, 2 
18318, 2, 2 
22353, 2, 2 
38078, 2, 2 
46219, 2, 2 
28169, 2, 2 
49189, 2, 2 
33941, 2, 2 
39794, 2, 2 
44950, 2, 2 
42982, 2, 2 
59316, 2, 2 
31354, 2, 2 
41668, 2, 2 
56795, 2, 2 
45259, 2, 2 
2693, 2, 2 
34432, 2, 2 
16858, 2, 2 
12426, 2, 2 
43032, 2, 2 
16675, 2, 2 
26121, 2, 2 
16989, 2, 2 
14043, 2, 2 
56739, 2, 2 
46377, 2, 8 
55300, 2, 2 
33951, 2, 2 
46394, 2, 2 
47862, 2, 2 
45672, 2, 2 
20761, 2, 2 
59281, 2, 2 
58044, 2, 2 
30191, 2, 2 
6921, 2, 2 
17555, 2, 2 
24724, 2, 2 
41579, 2, 2 
10629, 2, 2 
8599, 2, 2 
50689, 2, 2 
57654, 2, 2 
12682, 2, 2 
21450, 2, 2 
9972, 2, 2 
41256, 2, 2 
1900, 2, 2 
32135, 2, 2 
46197, 2, 2 
16281, 2, 2 
25412, 2, 2 
14121, 2, 2 
52796, 2, 2 
42538, 2, 2 
35652, 2, 2 
29851, 2, 2 
52602, 2, 2 
3848, 2, 2 
30811, 2, 2 
50971, 2, 2 
4880, 2, 2 
49790, 2, 2 
48738, 2, 2 
48991, 2, 8 
14914, 2, 2 
2332, 2, 2 
5289, 2, 2 
19069, 2, 2 
4576, 2, 2 
48502, 2, 2 
12861, 2, 2 
33449, 2, 2 
10714, 2, 2 
30794, 2, 2 
28388, 2, 2 
33775, 2, 2 
25487, 2, 2 
12620, 2, 2 
44019, 2, 2 
59489, 2, 2 
28577, 2, 2 
42633, 2, 2 
4610, 2, 2 
40445, 2, 2 
3672, 2, 8 
40289, 2, 2 
17339, 2, 2 
24796, 2, 2 
29654, 2, 2 
31508, 2, 2 
42095, 2, 2 
11531, 2, 2 
44541, 2, 2 
448, 2, 2 
50575, 2, 2 
25533, 2, 2 
37613, 2, 2 
18643, 2, 2 
51633, 2, 2 
16716, 2, 8 
51721, 2, 2 
12302, 2, 2 
56752, 2, 2 
29735, 2, 8 
47101, 2, 2 
31603, 2, 2 
59004, 2, 2 
49411, 2, 2 
41335, 2, 2 
1390, 2, 2 
43649, 2, 2 
45348, 2, 2 
2738, 2, 2 
15699, 2, 8 
774, 2, 2 
10327, 2, 2 
18097, 2, 2 
10073, 2, 2 
17713, 2, 2 
55429, 2, 2 
53637, 2, 2 
55404, 2, 2 
15605, 2, 2 
28234, 2, 2 
25939, 2, 2 
59252, 2, 2 
27165, 2, 2 
56282, 2, 2 
54956, 2, 2 
53650, 2, 2 
27183, 3, 3 
45473, 3, 3 
23547, 3, 3 
31636, 3, 3 
4121, 3, 3 
52907, 3, 8 
19518, 3, 3 
39325, 3, 3 
56621, 3, 3 
14566, 3, 3 
8568, 3, 3 
52281, 3, 3 
22989, 3, 3 
34644, 3, 3 
58793, 3, 3 
3124, 3, 3 
53987, 3, 3 
59798, 3, 3 
55093, 3, 3 
39327, 3, 3 
18039, 3, 3 
23986, 3, 3 
9324, 3, 3 
50940, 3, 3 
8557, 3, 3 
4506, 3, 3 
19863, 3, 3 
37943, 3, 3 
17354, 3, 3 
21539, 3, 3 
43064, 3, 3 
52816, 3, 3 
3047, 3, 3 
30057, 3, 3 
55566, 3, 3 
24867, 3, 3 
53374, 3, 3 
10125, 3, 3 
11233, 3, 8 
40763, 3, 3 
2529, 3, 3 
1320, 3, 3 
35170, 3, 3 
35066, 3, 3 
53547, 3, 3 
38368, 3, 3 
33607, 3, 3 
55881, 3, 3 
1599, 3, 3 
2580, 3, 3 
9059, 3, 3 
29249, 3, 8 
44837, 3, 3 
24111, 3, 3 
48746, 3, 3 
46666, 3, 3 
14115, 3, 3 
8709, 3, 3 
33029, 3, 3 
6233, 3, 3 
46525, 3, 3 
56515, 3, 3 
48849, 3, 3 
44305, 3, 3 
48700, 3, 3 
46211, 3, 3 
25855, 3, 3 
54724, 3, 3 
23221, 3, 3 
40722, 3, 3 
13242, 3, 3 
32975, 3, 3 
34105, 3, 3 
36032, 3, 3 
6561, 3, 3 
47280, 3, 3 
37913, 3, 3 
41171, 3, 3 
21559, 3, 3 
53874, 3, 3 
51903, 3, 8 
25034, 3, 1 
24560, 3, 3 
30733, 3, 3 
39981, 3, 3 
25882, 3, 3 
40298, 3, 3 
2503, 3, 3 
52378, 3, 3 
8790, 3, 3 
54304, 3, 3 
48701, 3, 3 
37517, 3, 3 
36623, 3, 3 
57877, 3, 3 
25950, 3, 3 
42777, 3, 3 
17242, 3, 3 
29889, 3, 3 
24512, 3, 8 
49868, 3, 3 
4881, 3, 3 
16793, 3, 3 
42210, 3, 3 
51522, 3, 3 
39768, 3, 3 
52272, 3, 8 
26871, 3, 3 
45945, 3, 3 
39240, 3, 3 
39900, 3, 3 
45400, 3, 3 
15701, 3, 8 
4792, 3, 8 
43670, 3, 8 
7982, 3, 3 
52972, 3, 3 
12430, 3, 3 
5770, 3, 3 
41053, 3, 3 
22451, 3, 3 
56754, 3, 3 
20849, 3, 3 
29231, 3, 3 
26154, 3, 3 
12218, 3, 3 
31641, 3, 3 
43739, 3, 3 
35249, 3, 3 
53595, 3, 3 
41969, 3, 3 
50401, 3, 3 
56228, 3, 3 
28476, 3, 3 
57967, 3, 3 
52974, 3, 3 
43711, 3, 3 
48091, 3, 8 
10730, 3, 3 
18477, 3, 3 
56645, 3, 3 
12942, 3, 3 
41337, 3, 3 
15052, 3, 3 
17766, 3, 3 
3422, 3, 3 
16504, 3, 3 
23439, 3, 3 
49055, 3, 3 
35407, 3, 3 
41165, 3, 3 
14275, 3, 3 
55343, 3, 3 
27423, 3, 3 
29701, 3, 3 
55051, 3, 3 
47533, 3, 3 
37250, 3, 3 
38116, 3, 3 
10034, 3, 3 
46427, 3, 3 
34646, 3, 3 
808, 3, 3 
20664, 3, 3 
41850, 3, 3 
19865, 3, 3 
715, 3, 3 
39445, 3, 3 
54535, 3, 3 
58227, 3, 3 
42343, 3, 3 
12265, 3, 3 
12416, 3, 3 
34793, 3, 3 
55527, 3, 3 
43180, 3, 3 
54493, 3, 3 
4508, 3, 3 
23304, 3, 3 
14527, 3, 3 
54603, 3, 3 
53846, 3, 3 
25346, 3, 3 
1603, 3, 3 
5738, 3, 3 
35376, 3, 3 
4957, 3, 3 
18249, 3, 3 
6081, 3, 3 
54028, 3, 3 
1651, 3, 3 
53182, 3, 3 
36227, 3, 3 
36119, 3, 3 
55292, 3, 3 
50431, 3, 3 
17752, 3, 3 
22049, 3, 3 
11929, 3, 3 
3995, 3, 3 
40867, 4, 4 
11913, 4, 4 
29461, 4, 4 
2071, 4, 4 
34022, 4, 4 
6714, 4, 4 
12763, 4, 4 
35412, 4, 4 
32015, 4, 4 
30108, 4, 4 
20633, 4, 4 
45729, 4, 4 
48854, 4, 4 
31793, 4, 4 
10459, 4, 4 
46757, 4, 4 
10850, 4, 4 
30890, 4, 4 
6804, 4, 4 
9714, 4, 4 
4336, 4, 4 
34067, 4, 4 
43983, 4, 4 
655, 4, 4 
18636, 4, 4 
28747, 4, 4 
21499, 4, 4 
2176, 4, 4 
21327, 4, 4 
34043, 4, 4 
6546, 4, 4 
48393, 4, 4 
34744, 4, 4 
44990, 4, 4 
33051, 4, 4 
38496, 4, 4 
41780, 4, 4 
13856, 4, 4 
4417, 4, 4 
45234, 4, 4 
37019, 4, 4 
8587, 4, 4 
33805, 4, 4 
20490, 4, 4 
29645, 4, 4 
1215, 4, 4 
56350, 4, 4 
5490, 4, 4 
37840, 4, 4 
58559, 4, 4 
45296, 4, 4 
57972, 4, 4 
58436, 4, 4 
59905, 4, 4 
11824, 4, 4 
26564, 4, 4 
15719, 4, 4 
7517, 4, 4 
19727, 4, 4 
8657, 4, 4 
52074, 4, 4 
28020, 4, 4 
11148, 4, 4 
44105, 4, 4 
1692, 4, 4 
412, 4, 4 
53965, 4, 4 
54668, 4, 4 
34409, 4, 4 
55385, 4, 4 
11323, 4, 4 
52414, 4, 4 
58340, 4, 4 
56516, 4, 4 
43600, 4, 4 
12397, 4, 4 
22970, 4, 4 
30458, 4, 4 
34949, 4, 4 
2485, 4, 4 
53144, 4, 4 
32466, 4, 4 
3694, 4, 4 
1738, 4, 4 
31458, 4, 4 
27979, 4, 4 
55924, 4, 4 
848, 4, 4 
38855, 4, 4 
2449, 4, 4 
58433, 4, 4 
4540, 4, 4 
48496, 4, 4 
9976, 4, 4 
53288, 4, 4 
39129, 4, 4 
40449, 4, 4 
4838, 4, 4 
12384, 4, 4 
16969, 4, 4 
12034, 4, 4 
4055, 4, 4 
59481, 4, 4 
25333, 4, 4 
10236, 4, 4 
35178, 4, 4 
24244, 4, 4 
56258, 4, 4 
1271, 4, 4 
18121, 4, 4 
28225, 4, 4 
7725, 4, 4 
11744, 4, 4 
34348, 4, 4 
9148, 4, 4 
48970, 4, 4 
2893, 4, 4 
45357, 4, 4 
22400, 4, 4 
47814, 4, 4 
37794, 4, 4 
25938, 4, 4 
9100, 4, 4 
48410, 4, 4 
29385, 4, 4 
24120, 4, 4 
6323, 4, 4 
51579, 4, 4 
40163, 4, 4 
5954, 4, 4 
13942, 4, 4 
27141, 4, 4 
20338, 4, 4 
2341, 4, 4 
5673, 4, 4 
23432, 4, 4 
59515, 4, 4 
30321, 4, 4 
21119, 4, 4 
47680, 4, 4 
7152, 4, 4 
4102, 4, 4 
37986, 4, 4 
54826, 4, 4 
54906, 4, 4 
38111, 4, 4 
44279, 4, 4 
6193, 4, 4 
4641, 4, 4 
6753, 4, 4 
2596, 4, 4 
34109, 4, 4 
31416, 4, 4 
56380, 4, 4 
29418, 4, 4 
44459, 4, 4 
51264, 4, 4 
54294, 4, 4 
51221, 4, 4 
23979, 4, 4 
834, 4, 4 
30588, 4, 4 
17604, 4, 4 
19107, 4, 4 
6160, 4, 4 
4172, 4, 4 
20258, 4, 4 
59941, 4, 4 
47282, 4, 4 
4791, 4, 4 
44352, 4, 4 
40593, 4, 4 
57111, 4, 4 
55427, 4, 4 
48282, 4, 4 
9362, 4, 4 
25484, 4, 4 
29854, 4, 4 
4433, 4, 4 
9216, 4, 4 
57043, 4, 4 
47379, 4, 4 
31814, 4, 4 
16572, 4, 4 
29542, 4, 4 
26872, 4, 4 
9957, 4, 4 
55597, 4, 4 
2217, 4, 4 
18877, 4, 4 
25401, 4, 4 
29992, 4, 4 
26494, 4, 4 
35771, 4, 4 
37372, 4, 4 
51703, 4, 4 
48582, 4, 4 
24114, 4, 4 
36962, 4, 4 
48286, 4, 4 
13387, 5, 5 
44858, 5, 5 
35787, 5, 5 
24490, 5, 5 
191, 5, 5 
7249, 5, 5 
9381, 5, 5 
50786, 5, 8 
31746, 5, 5 
8569, 5, 5 
28478, 5, 5 
48777, 5, 5 
28430, 5, 5 
51605, 5, 5 
24106, 5, 5 
38217, 5, 5 
43716, 5, 5 
42631, 5, 5 
8779, 5, 5 
20994, 5, 5 
24374, 5, 5 
45134, 5, 5 
26404, 5, 5 
30046, 5, 5 
53433, 5, 5 
43412, 5, 5 
32987, 5, 5 
22680, 5, 5 
1702, 5, 5 
53120, 5, 5 
7044, 5, 5 
39311, 5, 5 
2368, 5, 5 
10939, 5, 5 
34478, 5, 5 
57128, 5, 5 
5526, 5, 5 
28579, 5, 5 
9160, 5, 5 
25723, 5, 5 
36729, 5, 5 
44662, 5, 5 
28455, 5, 5 
26466, 5, 5 
43568, 5, 5 
25240, 5, 5 
2713, 5, 5 
15206, 5, 5 
37894, 5, 5 
41147, 5, 5 
53826, 5, 5 
56843, 5, 5 
25335, 5, 5 
19980, 5, 5 
12232, 5, 5 
23418, 5, 5 
31290, 5, 5 
2268, 5, 5 
38658, 5, 5 
10111, 5, 5 
33494, 5, 5 
27176, 5, 5 
24650, 5, 5 
6983, 5, 5 
32445, 5, 5 
26637, 5, 5 
23972, 5, 5 
8183, 5, 5 
47646, 5, 5 
54281, 5, 5 
57489, 5, 5 
15794, 5, 5 
514, 5, 5 
21563, 5, 5 
1514, 5, 5 
22805, 5, 5 
38459, 5, 5 
21956, 5, 5 
42122, 5, 5 
6290, 5, 5 
45562, 5, 5 
30864, 5, 5 
46453, 5, 5 
44006, 5, 5 
49038, 5, 5 
42760, 5, 5 
42321, 5, 5 
4562, 5, 5 
5403, 5, 5 
53992, 5, 5 
2655, 5, 5 
6610, 5, 8 
21548, 5, 5 
41673, 5, 5 
19719, 5, 5 
36756, 5, 5 
4723, 5, 5 
12917, 5, 5 
14180, 5, 5 
17739, 5, 5 
12548, 5, 5 
20109, 5, 5 
5109, 5, 5 
37117, 5, 5 
49476, 5, 5 
23676, 5, 5 
1847, 5, 5 
14659, 5, 5 
28748, 5, 5 
54828, 5, 5 
26204, 5, 5 
33200, 5, 5 
5934, 5, 5 
17819, 5, 5 
42121, 5, 5 
55442, 5, 5 
25178, 5, 5 
58622, 5, 5 
37680, 5, 5 
45726, 5, 5 
44939, 5, 5 
54811, 5, 5 
40959, 5, 5 
32567, 5, 5 
6305, 5, 5 
7448, 5, 5 
10182, 5, 5 
36579, 5, 5 
50570, 5, 5 
59823, 5, 5 
39405, 5, 5 
39903, 5, 5 
49360, 5, 5 
42101, 5, 5 
53812, 5, 5 
10740, 5, 5 
13466, 5, 5 
32600, 5, 5 
35609, 5, 5 
6096, 5, 8 
41533, 5, 5 
18696, 5, 5 
23725, 5, 5 
17716, 5, 5 
52314, 5, 5 
23746, 5, 5 
6004, 5, 5 
24473, 5, 5 
8548, 5, 5 
52040, 5, 5 
40326, 5, 5 
845, 5, 5 
10804, 5, 5 
13505, 5, 5 
23249, 5, 5 
17097, 5, 5 
41752, 5, 5 
1650, 5, 5 
26020, 5, 5 
56206, 5, 5 
56529, 5, 5 
50320, 5, 5 
57853, 5, 5 
58381, 5, 5 
26995, 5, 5 
17338, 5, 5 
22463, 5, 5 
51800, 5, 5 
31230, 5, 5 
1526, 5, 5 
26451, 5, 5 
4601, 5, 5 
47115, 5, 5 
31022, 5, 5 
30351, 5, 5 
55795, 5, 5 
54051, 5, 5 
17400, 5, 5 
42392, 5, 5 
32060, 5, 5 
4247, 5, 5 
51736, 5, 5 
6237, 5, 5 
2330, 5, 5 
41241, 5, 5 
41933, 5, 5 
17610, 5, 5 
26411, 5, 5 
26331, 5, 5 
173, 5, 5 
22244, 5, 5 
8909, 5, 5 
23183, 5, 5 
22275, 5, 5 
55108, 5, 5 
54233, 5, 5 
55531, 5, 5 
55223, 5, 5 
20804, 5, 5 
12692, 5, 5 
57742, 6, 6 
8733, 6, 6 
26768, 6, 6 
41561, 6, 6 
8881, 6, 6 
35537, 6, 6 
19151, 6, 6 
47383, 6, 6 
29160, 6, 6 
5365, 6, 6 
9237, 6, 6 
30648, 6, 6 
24957, 6, 6 
46704, 6, 6 
367, 6, 6 
36601, 6, 6 
59679, 6, 6 
9338, 6, 6 
16894, 6, 6 
35055, 6, 6 
23475, 6, 6 
26394, 6, 6 
51872, 6, 6 
46131, 6, 6 
19125, 6, 6 
24342, 6, 6 
35342, 6, 6 
49293, 6, 6 
16890, 6, 6 
10833, 6, 6 
58842, 6, 6 
55520, 6, 6 
26603, 6, 6 
34624, 6, 6 
14178, 6, 6 
39340, 6, 6 
49026, 6, 6 
52420, 6, 6 
45633, 6, 6 
48346, 6, 6 
7847, 6, 6 
56144, 6, 6 
41262, 6, 6 
43437, 6, 6 
11277, 6, 6 
24622, 6, 6 
16349, 6, 6 
19206, 6, 6 
25520, 6, 6 
26114, 6, 6 
14167, 6, 6 
23500, 6, 6 
6085, 6, 6 
40278, 6, 6 
3451, 6, 6 
47687, 6, 6 
7086, 6, 6 
12047, 6, 6 
55900, 6, 6 
52685, 6, 6 
9576, 6, 6 
27415, 6, 6 
1398, 6, 6 
11952, 6, 6 
1182, 6, 6 
721, 6, 6 
32140, 6, 6 
15591, 6, 6 
38214, 6, 6 
17083, 6, 6 
15756, 6, 6 
35828, 6, 6 
42730, 6, 6 
33588, 6, 6 
30582, 6, 6 
395, 6, 6 
27858, 6, 6 
23790, 6, 6 
2723, 6, 6 
10503, 6, 6 
32701, 6, 6 
15529, 6, 6 
57565, 6, 6 
23694, 6, 6 
28741, 6, 6 
29370, 6, 6 
38192, 6, 6 
5600, 6, 6 
12509, 6, 6 
23261, 6, 6 
36267, 6, 6 
10344, 6, 6 
15211, 6, 6 
35791, 6, 6 
30074, 6, 6 
5026, 6, 6 
54316, 6, 6 
4520, 6, 6 
16102, 6, 6 
42089, 6, 6 
44204, 6, 6 
16054, 6, 6 
40828, 6, 6 
43914, 6, 6 
47025, 6, 6 
31371, 6, 6 
13351, 6, 6 
54205, 6, 6 
22121, 6, 6 
38421, 6, 6 
8807, 6, 6 
43311, 6, 6 
43736, 6, 6 
1309, 6, 6 
10557, 6, 6 
51480, 6, 6 
14910, 6, 6 
29272, 6, 6 
51920, 6, 6 
46715, 6, 6 
36578, 6, 6 
36698, 6, 6 
15303, 6, 6 
30741, 6, 6 
29330, 6, 6 
33692, 6, 6 
28704, 6, 6 
49718, 6, 6 
15348, 6, 6 
6572, 6, 6 
46825, 6, 6 
27842, 6, 6 
12216, 6, 6 
29147, 6, 6 
55327, 6, 6 
53840, 6, 6 
4741, 6, 6 
13427, 6, 6 
22282, 6, 6 
48867, 6, 6 
45157, 6, 6 
16604, 6, 6 
20892, 6, 6 
39947, 6, 6 
16684, 6, 6 
3999, 6, 6 
40139, 6, 6 
16653, 6, 6 
20682, 6, 6 
5910, 6, 6 
2062, 6, 6 
40554, 6, 6 
41188, 6, 6 
22969, 6, 6 
41477, 6, 6 
14232, 6, 6 
37477, 6, 6 
26654, 6, 6 
23905, 6, 6 
14248, 6, 6 
23487, 6, 6 
32833, 6, 6 
17867, 6, 6 
31231, 6, 6 
43678, 6, 6 
16782, 6, 6 
34295, 6, 6 
41157, 6, 6 
13047, 6, 6 
43424, 6, 6 
50610, 6, 6 
22277, 6, 6 
9512, 6, 6 
29209, 6, 6 
46811, 6, 6 
46189, 6, 6 
38322, 6, 6 
41869, 6, 6 
13865, 6, 6 
25893, 6, 6 
44441, 6, 6 
53991, 6, 6 
623, 6, 6 
16847, 6, 6 
2320, 6, 6 
56863, 6, 6 
10792, 6, 6 
53169, 6, 6 
4210, 6, 6 
41636, 6, 6 
50242, 6, 6 
53499, 6, 6 
51514, 6, 6 
39515, 6, 6 
16822, 6, 6 
33178, 6, 6 
37370, 6, 6 
33056, 6, 6 
25541, 6, 6 
13085, 6, 6 
33280, 7, 7 
1023, 7, 7 
22826, 7, 7 
13421, 7, 7 
3498, 7, 3 
3283, 7, 7 
3641, 7, 7 
35553, 7, 9 
21459, 7, 7 
25211, 7, 7 
57325, 7, 7 
32893, 7, 7 
9356, 7, 7 
32853, 7, 7 
37193, 7, 7 
19262, 7, 7 
42621, 7, 7 
13056, 7, 7 
59552, 7, 1 
23540, 7, 7 
7236, 7, 7 
42784, 7, 7 
31210, 7, 9 
41379, 7, 8 
19283, 7, 7 
10828, 7, 7 
38504, 7, 7 
58109, 7, 7 
56030, 7, 7 
19812, 7, 7 
32662, 7, 7 
52525, 7, 7 
6956, 7, 7 
15106, 7, 8 
34410, 7, 7 
29491, 7, 7 
38076, 7, 7 
36177, 7, 7 
39497, 7, 7 
19800, 7, 7 
39863, 7, 9 
34094, 7, 7 
46119, 7, 7 
38018, 7, 7 
56915, 7, 7 
13561, 7, 7 
31835, 7, 7 
43491, 7, 7 
12865, 7, 7 
8798, 7, 7 
17206, 7, 7 
29867, 7, 7 
23153, 7, 7 
8980, 7, 7 
23054, 7, 7 
19663, 7, 7 
57923, 7, 7 
40117, 7, 7 
52579, 7, 7 
16711, 7, 7 
53779, 7, 7 
969, 7, 7 
7663, 7, 7 
2142, 7, 7 
45680, 7, 7 
47931, 7, 7 
30339, 7, 7 
14777, 7, 7 
43337, 7, 7 
21396, 7, 7 
57431, 7, 8 
36916, 7, 7 
31614, 7, 7 
57792, 7, 7 
22880, 7, 7 
59264, 7, 7 
10181, 7, 7 
17054, 7, 7 
17807, 7, 7 
8576, 7, 7 
18020, 7, 7 
21322, 7, 7 
9395, 7, 7 
22090, 7, 7 
38338, 7, 7 
636, 7, 7 
19312, 7, 7 
42368, 7, 7 
45691, 7, 7 
30619, 7, 7 
55448, 7, 7 
53478, 7, 1 
6176, 7, 7 
17946, 7, 7 
148, 7, 9 
42094, 7, 7 
34599, 7, 7 
59665, 7, 7 
798, 7, 7 
16594, 7, 7 
21387, 7, 7 
53188, 7, 7 
54022, 7, 7 
32906, 7, 7 
42725, 7, 7 
56503, 7, 7 
3282, 7, 7 
29186, 7, 7 
13810, 7, 7 
18472, 7, 7 
31207, 7, 7 
10893, 7, 7 
52997, 7, 7 
46874, 7, 7 
49301, 7, 7 
13174, 7, 7 
4074, 7, 7 
16394, 7, 9 
32538, 7, 7 
12287, 7, 7 
11329, 7, 7 
23164, 7, 7 
37876, 7, 7 
36041, 7, 7 
38890, 7, 7 
2223, 7, 7 
38964, 7, 7 
42195, 7, 9 
56780, 7, 7 
30558, 7, 7 
46673, 7, 7 
5206, 7, 7 
36840, 7, 7 
10377, 7, 7 
30310, 7, 7 
2659, 7, 7 
59592, 7, 7 
56567, 7, 7 
40239, 7, 7 
55779, 7, 7 
56888, 7, 7 
14930, 7, 7 
41871, 7, 7 
49799, 7, 7 
39586, 7, 7 
56432, 7, 7 
48452, 7, 7 
29786, 7, 8 
43771, 7, 7 
22613, 7, 7 
24550, 7, 7 
49120, 7, 7 
49662, 7, 2 
2014, 7, 9 
12571, 7, 7 
48593, 7, 7 
9999, 7, 7 
29338, 7, 7 
41339, 7, 7 
59724, 7, 7 
23192, 7, 7 
26964, 7, 7 
14598, 7, 7 
50553, 7, 7 
29859, 7, 7 
12524, 7, 7 
35277, 7, 7 
15209, 7, 7 
44927, 7, 9 
3887, 7, 7 
33093, 7, 7 
41313, 7, 7 
47613, 7, 7 
41707, 7, 7 
54219, 7, 7 
30599, 7, 7 
20795, 7, 7 
57357, 7, 7 
6315, 7, 9 
5300, 7, 7 
27830, 7, 7 
22588, 7, 7 
41472, 7, 7 
58974, 7, 7 
27529, 7, 7 
55171, 7, 7 
46964, 7, 7 
41872, 7, 7 
19235, 7, 7 
28641, 7, 7 
49257, 7, 7 
522, 7, 7 
50064, 7, 7 
8280, 7, 7 
7167, 7, 7 
48146, 7, 7 
46737, 7, 7 
57572, 7, 7 
33196, 7, 7 
15833, 7, 7 
54308, 8, 8 
2476, 8, 8 
33452, 8, 8 
34563, 8, 8 
28480, 8, 8 
11070, 8, 8 
32667, 8, 8 
48394, 8, 8 
6795, 8, 8 
6744, 8, 8 
35036, 8, 8 
51601, 8, 8 
10515, 8, 8 
44719, 8, 8 
49525, 8, 8 
12960, 8, 8 
33801, 8, 8 
35323, 8, 8 
47726, 8, 8 
21282, 8, 8 
37436, 8, 8 
42820, 8, 8 
12298, 8, 8 
14075, 8, 8 
32011, 8, 8 
36915, 8, 8 
1289, 8, 8 
47549, 8, 8 
28581, 8, 8 
54437, 8, 8 
46505, 8, 8 
31655, 8, 8 
28033, 8, 8 
53672, 8, 8 
13341, 8, 8 
2400, 8, 8 
36199, 8, 8 
40245, 8, 8 
19877, 8, 8 
8148, 8, 8 
50114, 8, 8 
9726, 8, 8 
36708, 8, 8 
40852, 8, 8 
17013, 8, 8 
47719, 8, 8 
18434, 8, 8 
52583, 8, 8 
24521, 8, 8 
18378, 8, 8 
11614, 8, 8 
43880, 8, 8 
15911, 8, 8 
57189, 8, 8 
7681, 8, 8 
7228, 8, 8 
15455, 8, 8 
10115, 8, 8 
52671, 8, 8 
48693, 8, 8 
57731, 8, 8 
34534, 8, 8 
57580, 8, 8 
37605, 8, 8 
20690, 8, 8 
15096, 8, 8 
48540, 8, 8 
43181, 8, 8 
44122, 8, 8 
38382, 8, 8 
23768, 8, 8 
31959, 8, 8 
11322, 8, 8 
1776, 8, 8 
20559, 8, 8 
30038, 8, 8 
43109, 8, 1 
27348, 8, 8 
12513, 8, 8 
50306, 8, 8 
22150, 8, 8 
37488, 8, 8 
40031, 8, 8 
25710, 8, 8 
58186, 8, 8 
41235, 8, 8 
4139, 8, 8 
57901, 8, 8 
27947, 8, 8 
31380, 8, 8 
28891, 8, 8 
5263, 8, 8 
56313, 8, 8 
15225, 8, 8 
37458, 8, 8 
22001, 8, 8 
52699, 8, 8 
17756, 8, 8 
25400, 8, 8 
48559, 8, 8 
52485, 8, 8 
47034, 8, 1 
57329, 8, 8 
20657, 8, 8 
46791, 8, 8 
49225, 8, 8 
31313, 8, 8 
46191, 8, 8 
22591, 8, 8 
58070, 8, 8 
50745, 8, 8 
51244, 8, 8 
54986, 8, 8 
24757, 8, 8 
23789, 8, 8 
39219, 8, 8 
23004, 8, 8 
35940, 8, 8 
31444, 8, 8 
59909, 8, 8 
35589, 8, 8 
43629, 8, 8 
53728, 8, 8 
35477, 8, 8 
12609, 8, 8 
48351, 8, 8 
58195, 8, 8 
3153, 8, 8 
8210, 8, 8 
36672, 8, 8 
43333, 8, 8 
12943, 8, 8 
5917, 8, 8 
42580, 8, 8 
52067, 8, 8 
36386, 8, 8 
13204, 8, 8 
7956, 8, 8 
38832, 8, 8 
51302, 8, 8 
12054, 8, 8 
9936, 8, 8 
6041, 8, 8 
57019, 8, 8 
30236, 8, 8 
51412, 8, 8 
23680, 8, 8 
35044, 8, 8 
25674, 8, 8 
53933, 8, 8 
30435, 8, 8 
5997, 8, 8 
27359, 8, 8 
5680, 8, 8 
11843, 8, 8 
19079, 8, 8 
11734, 8, 8 
2285, 8, 8 
39191, 8, 8 
16073, 8, 8 
2026, 8, 8 
15424, 8, 8 
12494, 8, 8 
59751, 8, 8 
42060, 8, 8 
50327, 8, 8 
53312, 8, 8 
58666, 8, 8 
6369, 8, 8 
32456, 8, 8 
20300, 8, 8 
42944, 8, 8 
12174, 8, 8 
41253, 8, 8 
55192, 8, 8 
2013, 8, 8 
43901, 8, 8 
58326, 8, 8 
15321, 8, 8 
831, 8, 8 
20204, 8, 8 
37933, 8, 8 
3570, 8, 8 
16172, 8, 8 
20640, 8, 8 
56296, 8, 8 
33019, 8, 8 
55122, 8, 8 
6677, 8, 8 
12288, 8, 8 
23161, 8, 8 
31847, 8, 8 
48655, 8, 8 
27994, 8, 8 
40158, 8, 8 
26385, 8, 8 
7636, 8, 8 
53872, 8, 8 
50116, 8, 8 
46793, 8, 8 
22086, 9, 9 
16480, 9, 9 
42924, 9, 9 
16137, 9, 9 
15112, 9, 9 
41948, 9, 9 
50239, 9, 9 
23027, 9, 9 
15369, 9, 9 
1518, 9, 9 
30395, 9, 9 
5829, 9, 9 
29822, 9, 9 
53342, 9, 9 
44074, 9, 9 
15844, 9, 9 
26199, 9, 9 
9631, 9, 9 
8669, 9, 9 
20683, 9, 9 
6872, 9, 9 
34031, 9, 9 
50947, 9, 9 
3030, 9, 9 
5718, 9, 9 
2514, 9, 9 
11139, 9, 9 
16635, 9, 9 
50578, 9, 9 
34254, 9, 9 
23738, 9, 9 
48157, 9, 9 
28213, 9, 9 
19515, 9, 9 
36880, 9, 9 
4630, 9, 9 
32443, 9, 9 
3346, 9, 9 
58717, 9, 9 
41483, 9, 9 
48245, 9, 9 
54098, 9, 9 
49143, 9, 9 
2787, 9, 9 
55296, 9, 9 
11633, 9, 9 
19512, 9, 9 
58222, 9, 9 
18111, 9, 9 
44375, 9, 9 
46362, 9, 9 
17983, 9, 9 
30887, 9, 9 
1794, 9, 9 
37664, 9, 9 
51442, 9, 9 
39593, 9, 9 
34983, 9, 9 
30753, 9, 9 
42144, 9, 9 
51581, 9, 9 
28197, 9, 9 
8059, 9, 9 
12442, 9, 9 
13904, 9, 9 
35503, 9, 9 
5478, 9, 9 
27515, 9, 9 
43343, 9, 9 
37611, 9, 9 
33764, 9, 9 
28564, 9, 9 
55849, 9, 9 
39694, 9, 9 
50806, 9, 9 
29947, 9, 9 
7975, 9, 9 
35824, 9, 9 
48077, 9, 9 
38541, 9, 9 
5454, 9, 9 
39889, 9, 9 
42882, 9, 9 
24821, 9, 9 
56238, 9, 9 
3322, 9, 9 
20138, 9, 9 
34818, 9, 9 
31573, 9, 9 
409, 9, 9 
15367, 9, 9 
24496, 9, 9 
772, 9, 9 
31400, 9, 9 
20594, 9, 9 
3374, 9, 9 
21756, 9, 9 
50373, 9, 9 
31041, 9, 9 
35556, 9, 9 
17656, 9, 9 
15601, 9, 9 
51281, 9, 9 
16170, 9, 9 
55369, 9, 9 
29938, 9, 9 
48802, 9, 9 
43167, 9, 9 
17152, 9, 9 
23548, 9, 9 
13265, 9, 9 
27277, 9, 9 
17671, 9, 9 
43718, 9, 9 
34377, 9, 9 
15728, 9, 9 
7791, 9, 9 
11202, 9, 9 
13646, 9, 9 
53438, 9, 9 
43237, 9, 9 
22540, 9, 9 
2579, 9, 9 
31094, 9, 9 
51472, 9, 9 
23772, 9, 9 
49599, 9, 9 
29281, 9, 9 
36991, 9, 9 
8356, 9, 9 
16561, 9, 9 
14554, 9, 9 
6769, 9, 9 
21145, 9, 9 
48484, 9, 9 
33141, 9, 9 
7447, 9, 9 
46020, 9, 9 
15881, 9, 9 
10193, 9, 9 
26346, 9, 9 
1683, 9, 9 
27448, 9, 9 
1560, 9, 9 
6036, 9, 9 
55441, 9, 9 
19728, 9, 9 
21193, 9, 9 
30181, 9, 9 
51574, 9, 9 
17283, 9, 9 
42020, 9, 9 
15593, 9, 9 
50329, 9, 9 
15709, 9, 9 
30629, 9, 9 
30138, 9, 9 
12789, 9, 9 
51194, 9, 9 
12753, 9, 9 
30446, 9, 9 
56087, 9, 9 
23420, 9, 9 
48224, 9, 9 
28416, 9, 9 
27661, 9, 9 
29935, 9, 9 
48964, 9, 9 
44509, 9, 9 
49880, 9, 9 
50522, 9, 9 
19024, 9, 9 
35524, 9, 9 
5201, 9, 9 
6589, 9, 9 
34838, 9, 9 
58338, 9, 9 
3069, 9, 9 
38426, 9, 9 
15357, 9, 9 
45739, 9, 9 
13752, 9, 9 
15654, 9, 9 
11442, 9, 9 
28088, 9, 9 
1643, 9, 9 
52372, 9, 9 
47755, 9, 9 
49358, 9, 9 
27692, 9, 9 
41918, 9, 9 
28713, 9, 9 
13936, 9, 9 
247, 9, 9 
58348, 9, 9 
56859, 9, 9 
11068, 9, 9 
24210, 9, 9 
34301, 9, 9 
38457, 9, 9 
