id, true label, predicted label 
2718, 0, 0 
37921, 0, 0 
20801, 0, 0 
20548, 0, 0 
31937, 0, 0 
54608, 0, 0 
50750, 0, 0 
14644, 0, 0 
42084, 0, 0 
47860, 0, 0 
16961, 0, 0 
48670, 0, 0 
10221, 0, 0 
13896, 0, 0 
57558, 0, 0 
56176, 0, 0 
17539, 0, 0 
59337, 0, 0 
1771, 0, 0 
53537, 0, 0 
49014, 0, 0 
49304, 0, 0 
13609, 0, 0 
49737, 0, 0 
10505, 0, 0 
29203, 0, 0 
43662, 0, 0 
11133, 0, 0 
36040, 0, 0 
41384, 0, 0 
23389, 0, 0 
53350, 0, 0 
36953, 0, 0 
4855, 0, 0 
12690, 0, 0 
28044, 0, 0 
44867, 0, 0 
43050, 0, 0 
23728, 0, 0 
13206, 0, 0 
16429, 0, 0 
27407, 0, 0 
37653, 0, 0 
4203, 0, 0 
39202, 0, 0 
9452, 0, 0 
14089, 0, 0 
4201, 0, 0 
12239, 0, 0 
45255, 0, 0 
41556, 0, 0 
2890, 0, 0 
25199, 0, 0 
5007, 0, 0 
28540, 0, 0 
7710, 0, 0 
40613, 0, 0 
16563, 0, 0 
45190, 0, 0 
30187, 0, 0 
19845, 0, 0 
57393, 0, 0 
43266, 0, 0 
38808, 0, 0 
27411, 0, 0 
33254, 0, 0 
4270, 0, 0 
10919, 0, 0 
32858, 0, 0 
59696, 0, 0 
57912, 0, 0 
40844, 0, 0 
3882, 0, 0 
46166, 0, 0 
30088, 0, 0 
55345, 0, 0 
53212, 0, 0 
22143, 0, 0 
11187, 0, 0 
45513, 0, 0 
55030, 0, 0 
24842, 0, 0 
49085, 0, 0 
28746, 0, 0 
16139, 0, 0 
320, 0, 0 
35432, 0, 0 
28565, 0, 0 
19871, 0, 0 
18222, 0, 0 
44558, 0, 0 
54102, 0, 0 
17334, 0, 0 
34553, 0, 0 
9530, 0, 0 
52609, 0, 0 
4931, 0, 0 
17648, 0, 0 
1578, 0, 0 
40115, 0, 0 
36764, 0, 0 
48920, 0, 0 
40421, 0, 0 
29873, 0, 0 
58110, 0, 0 
54808, 0, 0 
56397, 0, 0 
38599, 0, 0 
11217, 0, 0 
11222, 0, 0 
19612, 0, 0 
20731, 0, 0 
37758, 0, 0 
17106, 0, 0 
24978, 0, 0 
53657, 0, 0 
33512, 0, 0 
17508, 0, 0 
3128, 0, 0 
37027, 0, 0 
8158, 0, 0 
11615, 0, 0 
55873, 0, 0 
17503, 0, 0 
6987, 0, 0 
38161, 0, 0 
45042, 0, 0 
5809, 0, 0 
51925, 0, 0 
5612, 0, 0 
56704, 0, 0 
9083, 0, 0 
35185, 0, 0 
58035, 0, 0 
28835, 0, 0 
30625, 0, 0 
58599, 0, 0 
23104, 0, 0 
9142, 0, 0 
7247, 0, 0 
47716, 0, 0 
21533, 0, 0 
4749, 0, 0 
29394, 0, 0 
57214, 0, 0 
3247, 0, 0 
7597, 0, 0 
53502, 0, 0 
38099, 0, 0 
26820, 0, 0 
15491, 0, 0 
35934, 0, 0 
54320, 0, 0 
10384, 0, 0 
44413, 0, 0 
26475, 0, 0 
45589, 0, 0 
44700, 0, 0 
38297, 0, 0 
12662, 0, 0 
24024, 0, 0 
43045, 0, 0 
48180, 0, 0 
44777, 0, 0 
524, 0, 0 
25743, 0, 0 
16520, 0, 0 
46926, 0, 0 
34421, 0, 0 
2084, 0, 0 
15329, 0, 0 
23589, 0, 0 
19811, 0, 0 
56775, 0, 0 
36689, 0, 0 
12732, 0, 0 
12057, 0, 0 
40099, 0, 0 
21260, 0, 0 
56, 0, 0 
48523, 0, 0 
6730, 0, 0 
21353, 0, 0 
40249, 0, 0 
23331, 0, 0 
3541, 0, 0 
26323, 0, 0 
57642, 0, 0 
39890, 0, 0 
37079, 0, 0 
3610, 0, 0 
13544, 0, 0 
16352, 0, 0 
58546, 0, 0 
52204, 0, 0 
31769, 0, 0 
58784, 0, 0 
45476, 0, 0 
4588, 0, 0 
8116, 0, 0 
47327, 1, 1 
12371, 1, 1 
7658, 1, 1 
12145, 1, 1 
871, 1, 1 
31920, 1, 1 
53383, 1, 1 
18016, 1, 1 
43017, 1, 1 
13392, 1, 1 
58147, 1, 1 
37955, 1, 1 
36501, 1, 1 
9199, 1, 1 
52675, 1, 1 
52668, 1, 1 
1115, 1, 1 
19880, 1, 1 
47869, 1, 1 
23498, 1, 1 
46433, 1, 1 
39017, 1, 1 
48326, 1, 1 
32807, 1, 1 
23554, 1, 1 
2366, 1, 1 
26905, 1, 1 
40724, 1, 1 
31348, 1, 1 
11050, 1, 1 
56456, 1, 1 
269, 1, 1 
12038, 1, 1 
41961, 1, 1 
34641, 1, 1 
40373, 1, 1 
8772, 1, 1 
11337, 1, 1 
39818, 1, 1 
19441, 1, 1 
35538, 1, 1 
32743, 1, 1 
53176, 1, 1 
5256, 1, 1 
39757, 1, 1 
44422, 1, 1 
8679, 1, 1 
5484, 1, 1 
45063, 1, 1 
40615, 1, 1 
14606, 1, 1 
39193, 1, 1 
32741, 1, 1 
40359, 1, 1 
34585, 1, 1 
470, 1, 1 
26089, 1, 1 
21127, 1, 1 
959, 1, 1 
54428, 1, 1 
7752, 1, 1 
16234, 1, 1 
44582, 1, 1 
58486, 1, 1 
47935, 1, 1 
35395, 1, 1 
26072, 1, 1 
23444, 1, 1 
10376, 1, 1 
17286, 1, 1 
50652, 1, 1 
52552, 1, 1 
3592, 1, 1 
5957, 1, 1 
52058, 1, 1 
15710, 1, 1 
14612, 1, 1 
33508, 1, 1 
3431, 1, 1 
11249, 1, 1 
48600, 1, 1 
5305, 1, 1 
24974, 1, 1 
35386, 1, 1 
57973, 1, 1 
23511, 1, 1 
32474, 1, 1 
58737, 1, 1 
37518, 1, 1 
20787, 1, 1 
51195, 1, 1 
30721, 1, 1 
57436, 1, 1 
41103, 1, 1 
53314, 1, 1 
13475, 1, 1 
33369, 1, 1 
40924, 1, 1 
21601, 1, 1 
44786, 1, 1 
45974, 1, 1 
15933, 1, 1 
59382, 1, 1 
28361, 1, 1 
13574, 1, 1 
10085, 1, 1 
33462, 1, 1 
23911, 1, 1 
37923, 1, 1 
50857, 1, 1 
44368, 1, 1 
49392, 1, 1 
52291, 1, 1 
22888, 1, 1 
31296, 1, 1 
42731, 1, 1 
16468, 1, 1 
16300, 1, 1 
41723, 1, 1 
46452, 1, 1 
20348, 1, 1 
21402, 1, 1 
18400, 1, 1 
2572, 1, 1 
24811, 1, 1 
51554, 1, 1 
48517, 1, 1 
6003, 1, 1 
47035, 1, 1 
6208, 1, 1 
58276, 1, 1 
57599, 1, 1 
13266, 1, 1 
27455, 1, 1 
47553, 1, 1 
33176, 1, 1 
3897, 1, 1 
37547, 1, 1 
6083, 1, 1 
40468, 1, 1 
57738, 1, 1 
23493, 1, 1 
16371, 1, 1 
56261, 1, 1 
49606, 1, 1 
22627, 1, 1 
44065, 1, 1 
7761, 1, 1 
35389, 1, 1 
28681, 1, 1 
22689, 1, 1 
19304, 1, 1 
33339, 1, 1 
16722, 1, 1 
53939, 1, 1 
38769, 1, 1 
19517, 1, 1 
29811, 1, 1 
12971, 1, 1 
13643, 1, 1 
41392, 1, 1 
6913, 1, 1 
19461, 1, 1 
16757, 1, 1 
57968, 1, 1 
47960, 1, 1 
12106, 1, 1 
1181, 1, 1 
56764, 1, 1 
9110, 1, 1 
19850, 1, 1 
59958, 1, 1 
29514, 1, 1 
50068, 1, 1 
41685, 1, 1 
49787, 1, 1 
43879, 1, 1 
12166, 1, 1 
2906, 1, 1 
1458, 1, 1 
5239, 1, 1 
34566, 1, 1 
5336, 1, 1 
36042, 1, 1 
3593, 1, 1 
59872, 1, 1 
18389, 1, 1 
28411, 1, 1 
9590, 1, 1 
57969, 1, 1 
15920, 1, 1 
9277, 1, 1 
13399, 1, 1 
29088, 1, 1 
50472, 1, 1 
44198, 1, 1 
51901, 1, 1 
34388, 1, 1 
16495, 1, 1 
18266, 1, 1 
58215, 2, 2 
58896, 2, 2 
4096, 2, 2 
48933, 2, 2 
42323, 2, 2 
10300, 2, 2 
17520, 2, 2 
50705, 2, 2 
59675, 2, 2 
53639, 2, 2 
55032, 2, 2 
55157, 2, 2 
49425, 2, 2 
32008, 2, 2 
7594, 2, 2 
27229, 2, 2 
13086, 2, 2 
36001, 2, 2 
57506, 2, 2 
42746, 2, 2 
82, 2, 2 
22391, 2, 2 
46259, 2, 2 
36717, 2, 2 
6327, 2, 2 
35758, 2, 2 
13023, 2, 2 
24096, 2, 2 
36335, 2, 2 
17821, 2, 2 
28285, 2, 2 
52109, 2, 2 
37610, 2, 2 
22070, 2, 2 
30997, 2, 2 
10497, 2, 2 
24570, 2, 2 
49164, 2, 2 
25265, 2, 2 
44901, 2, 2 
40084, 2, 2 
58936, 2, 2 
16327, 2, 2 
20761, 2, 2 
32973, 2, 2 
12858, 2, 2 
25332, 2, 2 
54674, 2, 2 
49857, 2, 2 
26794, 2, 2 
29167, 2, 2 
13735, 2, 2 
17786, 2, 2 
42717, 2, 2 
48598, 2, 2 
14550, 2, 2 
59355, 2, 2 
9169, 2, 2 
49914, 2, 2 
59040, 2, 2 
16482, 2, 2 
14422, 2, 2 
26161, 2, 2 
35529, 2, 2 
14596, 2, 2 
2694, 2, 2 
22187, 2, 2 
40622, 2, 2 
51782, 2, 2 
22356, 2, 2 
56919, 2, 2 
6841, 2, 2 
47890, 2, 2 
33047, 2, 2 
8752, 2, 2 
41595, 2, 2 
801, 2, 2 
3679, 2, 2 
11841, 2, 2 
3300, 2, 2 
813, 2, 2 
29059, 2, 2 
3200, 2, 2 
28294, 2, 2 
7942, 2, 2 
16283, 2, 2 
15845, 2, 2 
39429, 2, 2 
55969, 2, 2 
49181, 2, 2 
9518, 2, 2 
46833, 2, 2 
31216, 2, 2 
41708, 2, 2 
1660, 2, 2 
11110, 2, 2 
8614, 2, 2 
50457, 2, 2 
24557, 2, 2 
47945, 2, 2 
19891, 2, 2 
8707, 2, 2 
51653, 2, 2 
199, 2, 2 
31240, 2, 2 
23330, 2, 2 
2879, 2, 2 
4646, 2, 2 
6204, 2, 2 
4716, 2, 2 
40718, 2, 2 
42068, 2, 2 
57583, 2, 2 
17892, 2, 2 
5758, 2, 2 
39338, 2, 2 
6056, 2, 2 
27883, 2, 2 
14369, 2, 2 
57139, 2, 2 
8727, 2, 2 
44492, 2, 2 
24290, 2, 2 
53984, 2, 2 
59218, 2, 2 
55443, 2, 2 
1972, 2, 2 
29244, 2, 2 
29425, 2, 2 
30530, 2, 2 
50221, 2, 2 
5013, 2, 2 
33197, 2, 2 
59788, 2, 2 
15279, 2, 2 
38171, 2, 2 
27787, 2, 2 
46921, 2, 2 
39698, 2, 2 
13491, 2, 2 
54325, 2, 2 
26357, 2, 2 
54432, 2, 2 
47231, 2, 2 
41087, 2, 2 
33489, 2, 2 
4355, 2, 2 
27864, 2, 2 
28067, 2, 2 
22076, 2, 2 
15263, 2, 2 
27537, 2, 2 
24841, 2, 2 
20930, 2, 2 
57889, 2, 2 
1053, 2, 2 
17263, 2, 2 
50446, 2, 2 
3390, 2, 2 
47685, 2, 2 
6391, 2, 2 
13299, 2, 2 
39282, 2, 2 
14446, 2, 2 
41672, 2, 2 
17448, 2, 2 
40812, 2, 2 
19444, 2, 2 
22236, 2, 2 
37015, 2, 2 
30826, 2, 2 
14484, 2, 2 
2939, 2, 2 
17841, 2, 2 
19737, 2, 2 
26237, 2, 2 
37838, 2, 2 
26646, 2, 2 
16196, 2, 2 
12361, 2, 2 
45505, 2, 2 
46951, 2, 2 
20874, 2, 2 
34643, 2, 2 
51443, 2, 2 
11718, 2, 2 
48248, 2, 2 
30724, 2, 2 
17482, 2, 2 
39627, 2, 2 
21197, 2, 2 
4428, 2, 2 
18841, 2, 2 
56993, 2, 2 
41074, 2, 2 
47649, 2, 2 
6231, 2, 2 
59076, 2, 2 
4550, 2, 2 
51569, 2, 2 
37293, 3, 3 
25536, 3, 3 
7678, 3, 3 
975, 3, 3 
16260, 3, 3 
254, 3, 3 
31488, 3, 3 
39851, 3, 3 
27828, 3, 3 
8765, 3, 3 
34145, 3, 3 
37013, 3, 3 
27132, 3, 3 
39619, 3, 3 
58678, 3, 3 
59436, 3, 3 
21570, 3, 3 
37996, 3, 3 
20675, 3, 3 
37889, 3, 3 
8094, 3, 3 
43126, 3, 3 
57141, 3, 3 
9180, 3, 3 
54915, 3, 3 
36595, 3, 3 
6427, 3, 3 
36119, 3, 3 
8381, 3, 3 
24142, 3, 3 
9230, 3, 3 
2788, 3, 3 
2895, 3, 3 
32691, 3, 3 
1862, 3, 3 
31450, 3, 3 
29398, 3, 3 
18268, 3, 3 
47140, 3, 3 
12645, 3, 3 
59202, 3, 3 
35522, 3, 3 
34396, 3, 3 
5870, 3, 3 
24205, 3, 3 
46986, 3, 3 
52747, 3, 3 
42534, 3, 3 
38771, 3, 3 
16019, 3, 3 
12260, 3, 3 
42678, 3, 3 
45610, 3, 3 
31049, 3, 3 
16911, 3, 3 
58327, 3, 3 
47539, 3, 3 
43256, 3, 3 
29232, 3, 3 
39290, 3, 3 
19865, 3, 3 
42962, 3, 3 
23986, 3, 3 
44848, 3, 3 
26358, 3, 3 
7634, 3, 3 
16111, 3, 3 
8773, 3, 3 
1677, 3, 3 
48917, 3, 3 
15080, 3, 3 
35640, 3, 3 
17274, 3, 3 
35049, 3, 3 
58324, 3, 3 
9255, 3, 3 
9182, 3, 3 
23488, 3, 3 
31691, 3, 3 
40254, 3, 3 
37566, 3, 3 
52939, 3, 3 
28716, 3, 3 
53165, 3, 3 
37266, 3, 3 
21559, 3, 3 
45196, 3, 3 
26013, 3, 3 
23425, 3, 3 
36057, 3, 3 
57879, 3, 3 
17242, 3, 3 
13114, 3, 3 
27060, 3, 3 
34235, 3, 3 
6827, 3, 3 
45408, 3, 3 
17155, 3, 3 
24414, 3, 3 
39774, 3, 3 
39081, 3, 3 
13242, 3, 3 
24575, 3, 3 
15090, 3, 3 
3466, 3, 3 
840, 3, 3 
38129, 3, 3 
12152, 3, 3 
14261, 3, 3 
6216, 3, 3 
44216, 3, 3 
26156, 3, 3 
37797, 3, 3 
23866, 3, 3 
18243, 3, 3 
20356, 3, 3 
34333, 3, 3 
58431, 3, 3 
12592, 3, 3 
56434, 3, 3 
42758, 3, 3 
28137, 3, 3 
4179, 3, 3 
15077, 3, 3 
40765, 3, 3 
23076, 3, 3 
2961, 3, 3 
27573, 3, 3 
15125, 3, 3 
37913, 3, 3 
39741, 3, 3 
29061, 3, 3 
26550, 3, 3 
45398, 3, 3 
42114, 3, 3 
6123, 3, 3 
24059, 3, 3 
23649, 3, 3 
27795, 3, 3 
35531, 3, 3 
12783, 3, 3 
27534, 3, 3 
42264, 3, 3 
32652, 3, 3 
56136, 3, 3 
50262, 3, 3 
34712, 3, 3 
10402, 3, 3 
48746, 3, 3 
57527, 3, 3 
20167, 3, 3 
56869, 3, 3 
12901, 3, 3 
28825, 3, 3 
7767, 3, 3 
44903, 3, 3 
12265, 3, 3 
5359, 3, 3 
40789, 3, 3 
8279, 3, 3 
52476, 3, 3 
38166, 3, 3 
30468, 3, 3 
3938, 3, 3 
16530, 3, 3 
33468, 3, 3 
57941, 3, 3 
16715, 3, 3 
8729, 3, 3 
4628, 3, 3 
15651, 3, 3 
53305, 3, 3 
3699, 3, 3 
16811, 3, 3 
12700, 3, 3 
47720, 3, 3 
8192, 3, 3 
15076, 3, 3 
55751, 3, 3 
15022, 3, 3 
14166, 3, 3 
10760, 3, 3 
49789, 3, 3 
5097, 3, 3 
50087, 3, 3 
21580, 3, 3 
17341, 3, 3 
13142, 3, 3 
341, 3, 3 
3013, 3, 3 
59038, 3, 3 
23029, 3, 3 
16029, 3, 3 
20606, 3, 3 
1130, 3, 3 
43298, 3, 3 
29528, 3, 3 
56574, 3, 3 
46953, 3, 3 
15477, 3, 3 
12915, 4, 4 
53834, 4, 4 
16865, 4, 4 
3239, 4, 4 
16048, 4, 4 
32188, 4, 4 
5755, 4, 4 
4837, 4, 4 
23648, 4, 4 
28248, 4, 4 
45709, 4, 4 
58551, 4, 4 
38891, 4, 4 
33317, 4, 4 
11685, 4, 4 
23196, 4, 4 
13520, 4, 4 
55073, 4, 4 
49005, 4, 4 
43415, 4, 4 
338, 4, 4 
36909, 4, 4 
22991, 4, 4 
3235, 4, 4 
43173, 4, 4 
56763, 4, 4 
24766, 4, 4 
47379, 4, 4 
7248, 4, 4 
15729, 4, 4 
58514, 4, 4 
48595, 4, 4 
54960, 4, 4 
12873, 4, 4 
50183, 4, 4 
24810, 4, 4 
42793, 4, 4 
11965, 4, 4 
56496, 4, 4 
34389, 4, 4 
10967, 4, 4 
39525, 4, 4 
38301, 4, 4 
7459, 4, 4 
40135, 4, 4 
24822, 4, 4 
4135, 4, 4 
34571, 4, 4 
18854, 4, 4 
29558, 4, 4 
54175, 4, 4 
16977, 4, 4 
8261, 4, 4 
44731, 4, 4 
5482, 4, 4 
16127, 4, 4 
55981, 4, 4 
4423, 4, 4 
33493, 4, 4 
30953, 4, 4 
35964, 4, 4 
2983, 4, 4 
11740, 4, 4 
55860, 4, 4 
57861, 4, 4 
44386, 4, 4 
4297, 4, 4 
19357, 4, 4 
36962, 4, 4 
46052, 4, 4 
17444, 4, 4 
38717, 4, 4 
56516, 4, 4 
55282, 4, 4 
39943, 4, 4 
373, 4, 4 
43022, 4, 4 
41921, 4, 4 
58380, 4, 4 
43152, 4, 4 
29590, 4, 4 
2181, 4, 4 
10679, 4, 4 
53125, 4, 4 
56825, 4, 4 
19378, 4, 4 
58325, 4, 4 
56564, 4, 4 
51689, 4, 4 
23896, 4, 4 
1473, 4, 4 
33285, 4, 4 
13267, 4, 4 
20040, 4, 4 
3697, 4, 4 
31419, 4, 4 
49146, 4, 4 
10311, 4, 4 
35179, 4, 4 
7489, 4, 4 
57371, 4, 4 
40703, 4, 4 
14335, 4, 4 
37171, 4, 4 
53025, 4, 4 
56143, 4, 4 
54650, 4, 4 
48448, 4, 4 
21561, 4, 4 
31227, 4, 4 
48478, 4, 4 
43906, 4, 4 
6220, 4, 4 
47068, 4, 4 
2772, 4, 4 
54770, 4, 4 
54991, 4, 4 
46622, 4, 4 
7903, 4, 4 
29550, 4, 4 
18551, 4, 4 
8950, 4, 4 
2235, 4, 4 
57002, 4, 4 
14274, 4, 4 
34988, 4, 4 
53192, 4, 4 
10191, 4, 4 
58289, 4, 4 
8677, 4, 4 
14616, 4, 4 
12001, 4, 4 
33262, 4, 4 
43156, 4, 4 
55552, 4, 4 
2190, 4, 4 
26367, 4, 4 
58101, 4, 4 
6596, 4, 4 
40392, 4, 4 
28799, 4, 4 
51351, 4, 4 
44294, 4, 4 
50427, 4, 4 
24901, 4, 4 
21340, 4, 4 
13052, 4, 4 
38236, 4, 4 
45827, 4, 4 
39046, 4, 4 
49546, 4, 4 
40910, 4, 4 
27882, 4, 4 
5069, 4, 4 
34279, 4, 4 
42198, 4, 4 
5813, 4, 4 
11547, 4, 4 
8567, 4, 4 
31111, 4, 4 
35186, 4, 4 
19287, 4, 4 
38496, 4, 4 
1554, 4, 4 
15352, 4, 4 
23174, 4, 4 
10997, 4, 4 
54376, 4, 4 
33563, 4, 4 
8787, 4, 4 
4038, 4, 4 
59657, 4, 4 
17922, 4, 4 
1663, 4, 4 
29141, 4, 4 
26985, 4, 4 
13302, 4, 4 
24378, 4, 4 
45172, 4, 4 
45876, 4, 4 
28652, 4, 4 
6608, 4, 4 
14781, 4, 4 
53411, 4, 4 
20059, 4, 4 
34093, 4, 4 
4379, 4, 4 
38402, 4, 4 
30588, 4, 4 
21830, 4, 4 
59515, 4, 4 
48313, 4, 4 
4789, 4, 4 
28043, 4, 4 
24316, 4, 4 
59126, 4, 4 
49211, 4, 4 
9984, 4, 4 
57459, 4, 4 
22786, 4, 4 
49905, 5, 5 
18696, 5, 5 
59212, 5, 5 
18829, 5, 5 
45519, 5, 5 
25111, 5, 5 
49490, 5, 5 
31335, 5, 5 
34005, 5, 5 
14512, 5, 5 
37740, 5, 5 
10652, 5, 5 
24056, 5, 5 
8676, 5, 5 
50779, 5, 5 
12210, 5, 5 
57345, 5, 5 
44152, 5, 5 
49687, 5, 5 
7848, 5, 5 
58318, 5, 5 
28430, 5, 5 
16210, 5, 5 
35187, 5, 5 
26381, 5, 5 
54381, 5, 5 
46700, 5, 5 
47130, 5, 5 
14562, 5, 5 
16494, 5, 5 
32052, 5, 5 
23746, 5, 5 
12962, 5, 5 
31999, 5, 5 
9464, 5, 5 
14688, 5, 5 
51854, 5, 5 
32748, 5, 5 
43809, 5, 5 
47412, 5, 5 
29359, 5, 5 
26675, 5, 5 
25813, 5, 5 
39225, 5, 5 
50383, 5, 5 
38594, 5, 5 
30405, 5, 5 
44793, 5, 5 
3271, 5, 5 
5866, 5, 5 
20325, 5, 5 
35287, 5, 5 
27255, 5, 5 
699, 5, 5 
33603, 5, 5 
19925, 5, 5 
3525, 5, 5 
55223, 5, 5 
37805, 5, 5 
47915, 5, 5 
21833, 5, 5 
56368, 5, 5 
56748, 5, 5 
14054, 5, 5 
554, 5, 5 
55910, 5, 5 
17502, 5, 5 
34242, 5, 5 
29344, 5, 5 
47591, 5, 5 
3205, 5, 5 
15206, 5, 5 
22205, 5, 5 
4462, 5, 5 
25765, 5, 5 
54446, 5, 5 
22101, 5, 5 
45070, 5, 5 
42687, 5, 5 
46169, 5, 5 
9073, 5, 5 
27176, 5, 5 
31352, 5, 5 
12087, 5, 5 
48367, 5, 5 
57639, 5, 5 
23568, 5, 5 
15880, 5, 5 
5254, 5, 5 
6852, 5, 5 
886, 5, 5 
49352, 5, 5 
47934, 5, 5 
771, 5, 5 
45883, 5, 5 
10333, 5, 5 
56663, 5, 5 
22650, 5, 5 
56327, 5, 5 
47995, 5, 5 
57768, 5, 5 
1955, 5, 5 
55204, 5, 5 
9228, 5, 5 
58723, 5, 5 
21836, 5, 5 
8909, 5, 5 
50399, 5, 5 
8938, 5, 5 
11260, 5, 5 
57248, 5, 5 
58040, 5, 5 
46862, 5, 5 
16784, 5, 5 
36309, 5, 5 
19839, 5, 5 
36683, 5, 5 
21989, 5, 5 
19162, 5, 5 
26134, 5, 5 
9336, 5, 5 
37894, 5, 5 
2968, 5, 5 
34720, 5, 5 
13940, 5, 5 
19578, 5, 5 
56711, 5, 5 
33404, 5, 5 
39722, 5, 5 
4015, 5, 5 
17277, 5, 5 
14639, 5, 5 
50734, 5, 5 
59889, 5, 5 
12405, 5, 5 
27627, 5, 5 
17819, 5, 5 
52003, 5, 5 
35369, 5, 5 
31230, 5, 5 
13237, 5, 5 
496, 5, 5 
50649, 5, 5 
21338, 5, 5 
3535, 5, 5 
3907, 5, 5 
13988, 5, 5 
57055, 5, 5 
38019, 5, 5 
22275, 5, 5 
36011, 5, 5 
57165, 5, 5 
22822, 5, 5 
56185, 5, 5 
35975, 5, 5 
55643, 5, 5 
33013, 5, 5 
50322, 5, 5 
23903, 5, 5 
44099, 5, 5 
19001, 5, 5 
52798, 5, 5 
16092, 5, 5 
49424, 5, 5 
52559, 5, 5 
13509, 5, 5 
37070, 5, 5 
27378, 5, 5 
28886, 5, 5 
40021, 5, 5 
45780, 5, 5 
38569, 5, 5 
1285, 5, 5 
40432, 5, 5 
3637, 5, 5 
32840, 5, 5 
10373, 5, 5 
46996, 5, 5 
2592, 5, 5 
34325, 5, 5 
54528, 5, 5 
2945, 5, 5 
44820, 5, 5 
32343, 5, 5 
39280, 5, 5 
4739, 5, 5 
50592, 5, 5 
41628, 5, 5 
18189, 5, 5 
24887, 5, 5 
50853, 5, 5 
48069, 5, 5 
52388, 5, 5 
837, 5, 5 
55722, 5, 5 
25158, 5, 5 
3875, 5, 5 
11596, 5, 5 
38113, 5, 5 
15371, 5, 5 
53625, 6, 6 
43505, 6, 6 
40775, 6, 6 
23958, 6, 6 
29169, 6, 6 
20124, 6, 6 
36578, 6, 6 
50865, 6, 6 
32994, 6, 6 
39506, 6, 6 
46491, 6, 6 
10108, 6, 6 
31568, 6, 6 
54204, 6, 6 
50165, 6, 6 
48714, 6, 6 
45949, 6, 6 
4732, 6, 6 
9723, 6, 6 
47430, 6, 6 
52062, 6, 6 
33436, 6, 6 
35709, 6, 6 
26186, 6, 6 
6355, 6, 6 
50168, 6, 6 
35910, 6, 6 
34456, 6, 6 
29138, 6, 6 
44989, 6, 6 
11347, 6, 6 
4871, 6, 6 
58291, 6, 6 
7385, 6, 6 
8770, 6, 6 
1782, 6, 6 
1784, 6, 6 
58246, 6, 6 
57823, 6, 6 
51920, 6, 6 
34698, 6, 6 
2158, 6, 6 
7718, 6, 6 
10671, 6, 6 
16088, 6, 6 
25673, 6, 6 
8500, 6, 6 
22698, 6, 6 
26101, 6, 6 
42256, 6, 6 
50776, 6, 6 
46844, 6, 6 
6085, 6, 6 
18140, 6, 6 
8001, 6, 6 
40411, 6, 6 
46229, 6, 6 
17783, 6, 6 
48409, 6, 6 
59206, 6, 6 
51690, 6, 6 
35734, 6, 6 
24475, 6, 6 
10709, 6, 6 
12354, 6, 6 
52912, 6, 6 
26439, 6, 6 
56098, 6, 6 
15706, 6, 6 
53127, 6, 6 
19954, 6, 6 
18381, 6, 6 
48427, 6, 6 
45934, 6, 6 
33715, 6, 6 
9460, 6, 6 
41089, 6, 6 
10816, 6, 6 
34956, 6, 6 
50276, 6, 6 
30855, 6, 6 
40351, 6, 6 
56885, 6, 6 
5593, 6, 6 
49802, 6, 6 
44952, 6, 6 
7717, 6, 6 
30192, 6, 6 
8326, 6, 6 
46524, 6, 6 
5486, 6, 6 
34671, 6, 6 
51661, 6, 6 
50880, 6, 6 
9816, 6, 6 
4770, 6, 6 
50503, 6, 6 
34374, 6, 6 
24963, 6, 6 
53677, 6, 6 
46715, 6, 6 
38721, 6, 6 
11479, 6, 6 
22940, 6, 6 
15625, 6, 6 
56706, 6, 6 
48493, 6, 6 
15620, 6, 6 
4765, 6, 6 
1515, 6, 6 
44078, 6, 6 
51475, 6, 6 
40641, 6, 6 
59098, 6, 6 
3939, 6, 6 
14778, 6, 6 
38571, 6, 6 
48433, 6, 6 
17953, 6, 6 
36857, 6, 6 
20081, 6, 6 
1706, 6, 6 
30576, 6, 6 
28496, 6, 6 
33559, 6, 6 
39496, 6, 6 
39406, 6, 6 
3764, 6, 6 
24220, 6, 6 
45269, 6, 6 
40917, 6, 6 
52806, 6, 6 
6578, 6, 6 
2545, 6, 6 
52514, 6, 6 
21752, 6, 6 
35206, 6, 6 
26884, 6, 6 
8636, 6, 6 
52076, 6, 6 
5962, 6, 6 
27505, 6, 6 
23558, 6, 6 
1669, 6, 6 
9619, 6, 6 
59775, 6, 6 
14500, 6, 6 
59470, 6, 6 
58271, 6, 6 
16064, 6, 6 
2662, 6, 6 
2925, 6, 6 
3572, 6, 6 
13085, 6, 6 
5466, 6, 6 
58259, 6, 6 
3245, 6, 6 
35886, 6, 6 
14805, 6, 6 
37033, 6, 6 
40355, 6, 6 
26934, 6, 6 
55162, 6, 6 
17395, 6, 6 
16297, 6, 6 
9187, 6, 6 
19956, 6, 6 
2178, 6, 6 
28070, 6, 6 
39934, 6, 6 
38694, 6, 6 
18536, 6, 6 
50921, 6, 6 
3749, 6, 6 
977, 6, 6 
45267, 6, 6 
34433, 6, 6 
11140, 6, 6 
49216, 6, 6 
30716, 6, 6 
57413, 6, 6 
39043, 6, 6 
38045, 6, 6 
55994, 6, 6 
44879, 6, 6 
27807, 6, 6 
48867, 6, 6 
43973, 6, 6 
26768, 6, 6 
16788, 6, 6 
17150, 6, 6 
46310, 6, 6 
42409, 6, 6 
13373, 6, 6 
17788, 6, 6 
35158, 6, 6 
53777, 6, 6 
12101, 6, 6 
57783, 6, 6 
39887, 6, 6 
24325, 7, 7 
47149, 7, 7 
22826, 7, 7 
32247, 7, 7 
5000, 7, 7 
47303, 7, 7 
8362, 7, 7 
2447, 7, 7 
467, 7, 7 
36157, 7, 7 
54186, 7, 7 
51806, 7, 7 
51074, 7, 7 
10965, 7, 7 
14111, 7, 7 
5465, 7, 7 
54100, 7, 7 
6914, 7, 7 
39069, 7, 7 
42416, 7, 7 
41892, 7, 7 
45187, 7, 7 
4421, 7, 7 
40060, 7, 7 
3617, 7, 7 
25506, 7, 7 
55971, 7, 7 
31423, 7, 7 
40186, 7, 7 
24351, 7, 7 
25998, 7, 7 
12659, 7, 7 
7906, 7, 7 
56272, 7, 7 
32820, 7, 7 
59845, 7, 7 
9711, 7, 7 
2431, 7, 7 
24644, 7, 7 
55329, 7, 7 
50115, 7, 7 
2543, 7, 7 
20723, 7, 7 
13380, 7, 7 
19448, 7, 7 
58975, 7, 7 
56846, 7, 7 
17144, 7, 7 
22129, 7, 7 
13192, 7, 7 
1127, 7, 7 
31648, 7, 7 
21894, 7, 7 
44853, 7, 7 
20067, 7, 7 
40729, 7, 7 
51166, 7, 7 
1019, 7, 7 
17053, 7, 7 
33867, 7, 7 
58282, 7, 7 
6550, 7, 7 
41656, 7, 7 
29983, 7, 7 
32924, 7, 7 
26234, 7, 7 
13169, 7, 7 
48250, 7, 7 
426, 7, 7 
37713, 7, 7 
26966, 7, 7 
17356, 7, 7 
26158, 7, 7 
46466, 7, 7 
39672, 7, 7 
25863, 7, 7 
56931, 7, 7 
35225, 7, 7 
38943, 7, 7 
44323, 7, 7 
22823, 7, 7 
42004, 7, 7 
36806, 7, 7 
22022, 7, 7 
37694, 7, 7 
19284, 7, 7 
37963, 7, 7 
47677, 7, 7 
51914, 7, 7 
8741, 7, 7 
6109, 7, 7 
47337, 7, 7 
41630, 7, 7 
46084, 7, 7 
84, 7, 7 
12439, 7, 7 
15019, 7, 7 
21313, 7, 7 
49327, 7, 7 
52124, 7, 7 
40784, 7, 7 
18122, 7, 7 
57458, 7, 7 
26568, 7, 7 
53779, 7, 7 
37853, 7, 7 
18720, 7, 7 
41002, 7, 7 
29002, 7, 7 
337, 7, 7 
21429, 7, 7 
32955, 7, 7 
8167, 7, 7 
55084, 7, 7 
45978, 7, 7 
38723, 7, 7 
1392, 7, 7 
7001, 7, 7 
18681, 7, 7 
56382, 7, 7 
12597, 7, 7 
52176, 7, 7 
8107, 7, 7 
44512, 7, 7 
40046, 7, 7 
44271, 7, 7 
41310, 7, 7 
36889, 7, 7 
2659, 7, 7 
57718, 7, 7 
8286, 7, 7 
8576, 7, 7 
8572, 7, 7 
45626, 7, 7 
17866, 7, 7 
46351, 7, 7 
13056, 7, 7 
48832, 7, 7 
33515, 7, 7 
24813, 7, 7 
54536, 7, 7 
3788, 7, 7 
9373, 7, 7 
36531, 7, 7 
51974, 7, 7 
43279, 7, 7 
54106, 7, 7 
16970, 7, 7 
29867, 7, 7 
8256, 7, 7 
28956, 7, 7 
22018, 7, 7 
5181, 7, 7 
14022, 7, 7 
9060, 7, 7 
31547, 7, 7 
15213, 7, 7 
31362, 7, 7 
49799, 7, 7 
28885, 7, 7 
41697, 7, 7 
30481, 7, 7 
44505, 7, 7 
5161, 7, 7 
6046, 7, 7 
7866, 7, 7 
27945, 7, 7 
37245, 7, 7 
54751, 7, 7 
19773, 7, 7 
5575, 7, 7 
3579, 7, 7 
28004, 7, 7 
23479, 7, 7 
4946, 7, 7 
26442, 7, 7 
5427, 7, 7 
34278, 7, 7 
57255, 7, 7 
14522, 7, 7 
10427, 7, 7 
4354, 7, 7 
30643, 7, 7 
16199, 7, 7 
17185, 7, 7 
7530, 7, 7 
45200, 7, 7 
37147, 7, 7 
50763, 7, 7 
51304, 7, 7 
5283, 7, 7 
12065, 7, 7 
56534, 7, 7 
50553, 7, 7 
29998, 7, 7 
43669, 7, 7 
59740, 7, 7 
4393, 7, 7 
28638, 7, 7 
54971, 7, 7 
35604, 8, 8 
34722, 8, 8 
44442, 8, 3 
13402, 8, 8 
28884, 8, 8 
28144, 8, 8 
14338, 8, 8 
23768, 8, 8 
58777, 8, 8 
11586, 8, 8 
48925, 8, 8 
39499, 8, 8 
44267, 8, 8 
59057, 8, 8 
20904, 8, 8 
10753, 8, 8 
42832, 8, 8 
1013, 8, 8 
44702, 8, 8 
11753, 8, 8 
17999, 8, 8 
52044, 8, 8 
2611, 8, 8 
23789, 8, 8 
27241, 8, 8 
34979, 8, 8 
30450, 8, 8 
6938, 8, 8 
43741, 8, 8 
38870, 8, 8 
34422, 8, 8 
36776, 8, 8 
52241, 8, 8 
28729, 8, 8 
7909, 8, 8 
59018, 8, 8 
42470, 8, 8 
32105, 8, 8 
6659, 8, 8 
55604, 8, 8 
17990, 8, 8 
19591, 8, 8 
16741, 8, 8 
44961, 8, 8 
50413, 8, 8 
19593, 8, 8 
25692, 8, 8 
40715, 8, 8 
11478, 8, 8 
28788, 8, 8 
29192, 8, 8 
14987, 8, 8 
32948, 8, 8 
54243, 8, 8 
28587, 8, 8 
39478, 8, 8 
11413, 8, 8 
5670, 8, 8 
50785, 8, 8 
35353, 8, 8 
913, 8, 8 
47387, 8, 8 
38420, 8, 8 
1419, 8, 8 
47886, 8, 8 
14452, 8, 8 
9178, 8, 8 
11611, 8, 8 
18623, 8, 8 
13518, 8, 8 
21569, 8, 8 
47964, 8, 8 
51008, 8, 8 
35145, 8, 8 
18887, 8, 8 
51615, 8, 8 
33481, 8, 8 
20116, 8, 8 
20271, 8, 8 
23804, 8, 8 
30325, 8, 8 
38251, 8, 8 
43823, 8, 8 
25455, 8, 8 
16639, 8, 8 
45813, 8, 8 
58232, 8, 8 
3961, 8, 8 
51266, 8, 8 
5205, 8, 8 
40016, 8, 8 
1542, 8, 8 
16901, 8, 8 
44320, 8, 8 
11398, 8, 8 
33101, 8, 8 
22119, 8, 8 
35921, 8, 8 
20858, 8, 8 
15333, 8, 8 
51488, 8, 8 
8918, 8, 8 
18657, 8, 8 
47967, 8, 8 
12513, 8, 8 
56636, 8, 8 
55620, 8, 8 
45948, 8, 8 
46330, 8, 8 
1294, 8, 8 
51307, 8, 8 
9014, 8, 8 
31630, 8, 8 
18872, 8, 8 
18740, 8, 8 
21825, 8, 8 
56409, 8, 8 
4275, 8, 8 
55368, 8, 8 
41078, 8, 8 
32073, 8, 8 
5163, 8, 8 
53420, 8, 8 
22001, 8, 8 
26807, 8, 8 
4021, 8, 8 
15950, 8, 8 
53506, 8, 8 
12242, 8, 8 
58156, 8, 8 
3425, 8, 8 
58748, 8, 8 
44604, 8, 8 
8067, 8, 8 
52968, 8, 8 
17957, 8, 8 
55557, 8, 8 
32553, 8, 8 
29335, 8, 8 
45110, 8, 8 
59343, 8, 8 
6072, 8, 8 
58138, 8, 8 
46405, 8, 8 
2303, 8, 8 
42941, 8, 1 
28348, 8, 8 
7051, 8, 8 
47304, 8, 8 
27907, 8, 8 
18614, 8, 8 
49088, 8, 8 
3744, 8, 8 
39178, 8, 8 
54569, 8, 8 
13960, 8, 8 
20945, 8, 8 
39071, 8, 8 
20621, 8, 8 
27076, 8, 8 
51907, 8, 8 
32116, 8, 8 
27096, 8, 8 
17179, 8, 8 
26115, 8, 8 
52711, 8, 8 
21708, 8, 8 
27974, 8, 8 
10222, 8, 8 
46475, 8, 8 
6604, 8, 8 
17784, 8, 8 
5034, 8, 8 
14845, 8, 8 
34929, 8, 8 
25951, 8, 8 
49630, 8, 8 
23193, 8, 8 
18933, 8, 8 
28891, 8, 8 
1016, 8, 8 
5463, 8, 8 
43091, 8, 8 
12466, 8, 8 
20785, 8, 8 
23184, 8, 1 
7856, 8, 8 
18434, 8, 8 
11331, 8, 8 
21183, 8, 8 
4825, 8, 8 
27105, 8, 8 
55623, 8, 8 
6017, 8, 8 
45646, 8, 8 
16115, 8, 8 
3730, 8, 8 
43894, 8, 8 
30322, 8, 8 
34794, 8, 8 
8751, 9, 9 
30778, 9, 9 
33336, 9, 9 
16522, 9, 9 
46238, 9, 9 
56905, 9, 9 
59761, 9, 9 
8581, 9, 9 
40507, 9, 9 
6155, 9, 9 
23880, 9, 9 
19047, 9, 9 
1221, 9, 9 
34292, 9, 9 
9247, 9, 9 
980, 9, 9 
32972, 9, 9 
7890, 9, 9 
40126, 9, 9 
25865, 9, 9 
56896, 9, 9 
2643, 9, 9 
43729, 9, 9 
34339, 9, 9 
57024, 9, 9 
1103, 9, 9 
6625, 9, 9 
20925, 9, 9 
15607, 9, 9 
32959, 9, 9 
36771, 9, 9 
42492, 9, 9 
7627, 9, 9 
14217, 9, 9 
15755, 9, 9 
27766, 9, 9 
16919, 9, 9 
4060, 9, 9 
36083, 9, 9 
22902, 9, 9 
27908, 9, 9 
39229, 9, 9 
52148, 9, 9 
26199, 9, 9 
6092, 9, 9 
11924, 9, 9 
8847, 9, 9 
14680, 9, 9 
33999, 9, 9 
31593, 9, 9 
27725, 9, 9 
30437, 9, 9 
3773, 9, 9 
19885, 9, 9 
20879, 9, 9 
34044, 9, 9 
38646, 9, 9 
16103, 9, 9 
39148, 9, 9 
48964, 9, 9 
58372, 9, 9 
11906, 9, 9 
10132, 9, 9 
1811, 9, 9 
40764, 9, 9 
28183, 9, 9 
44430, 9, 9 
55120, 9, 9 
55568, 9, 9 
44769, 9, 9 
52948, 9, 9 
54076, 9, 9 
23542, 9, 9 
59174, 9, 9 
167, 9, 9 
21224, 9, 9 
17848, 9, 9 
58426, 9, 9 
37242, 9, 9 
35068, 9, 9 
33252, 9, 9 
49388, 9, 9 
4879, 9, 9 
33757, 9, 9 
29261, 9, 9 
7492, 9, 9 
30446, 9, 9 
29737, 9, 9 
8971, 9, 9 
37877, 9, 9 
23673, 9, 9 
15602, 9, 9 
58641, 9, 9 
3099, 9, 9 
52093, 9, 9 
1855, 9, 9 
43253, 9, 9 
52117, 9, 9 
12852, 9, 9 
55454, 9, 9 
15167, 9, 9 
34801, 9, 9 
34300, 9, 9 
31866, 9, 9 
57259, 9, 9 
46497, 9, 9 
29170, 9, 9 
32201, 9, 9 
37211, 9, 9 
13797, 9, 9 
55633, 9, 9 
38333, 9, 9 
21924, 9, 9 
21213, 9, 9 
12563, 9, 9 
5878, 9, 9 
52638, 9, 9 
36777, 9, 9 
9950, 9, 9 
36670, 9, 9 
50144, 9, 9 
59817, 9, 9 
11773, 9, 9 
32149, 9, 9 
38456, 9, 9 
3742, 9, 9 
40477, 9, 9 
28260, 9, 9 
11015, 9, 9 
34176, 9, 9 
7757, 9, 9 
14790, 9, 9 
28213, 9, 9 
14647, 9, 9 
41982, 9, 9 
32552, 9, 9 
80, 9, 9 
57452, 9, 9 
52763, 9, 9 
23084, 9, 9 
45176, 9, 9 
55783, 9, 9 
27601, 9, 7 
48882, 9, 9 
53592, 9, 9 
441, 9, 9 
782, 9, 9 
20778, 9, 9 
12277, 9, 9 
51516, 9, 9 
53202, 9, 9 
23217, 9, 9 
31605, 9, 9 
36203, 9, 9 
24496, 9, 9 
30537, 9, 9 
28092, 9, 9 
3770, 9, 9 
36225, 9, 9 
57175, 9, 9 
10105, 9, 9 
4222, 9, 9 
58187, 9, 9 
37126, 9, 9 
45301, 9, 9 
29547, 9, 9 
27863, 9, 9 
31934, 9, 9 
319, 9, 9 
22521, 9, 9 
14844, 9, 9 
27734, 9, 9 
34341, 9, 9 
24914, 9, 9 
30500, 9, 9 
47237, 9, 9 
38353, 9, 9 
46261, 9, 9 
11276, 9, 9 
162, 9, 9 
14434, 9, 9 
47556, 9, 9 
5607, 9, 9 
48042, 9, 9 
29301, 9, 9 
26042, 9, 9 
58921, 9, 9 
6699, 9, 9 
27846, 9, 9 
29752, 9, 9 
41422, 9, 9 
17296, 9, 9 
24891, 9, 9 
13178, 9, 9 
34184, 9, 9 
27780, 9, 9 
47836, 9, 9 
21981, 9, 9 
8439, 9, 9 
39660, 9, 9 
