id, true label, predicted label 
56424, 0, 0 
55993, 0, 0 
35107, 0, 0 
2483, 0, 0 
54475, 0, 0 
12168, 0, 0 
34867, 0, 0 
33378, 0, 0 
32781, 0, 0 
20388, 0, 0 
20483, 0, 0 
32313, 0, 0 
58560, 0, 0 
54010, 0, 0 
53299, 0, 0 
43366, 0, 0 
48287, 0, 0 
53469, 0, 0 
17003, 0, 0 
48607, 0, 0 
7552, 0, 0 
7911, 0, 0 
47887, 0, 0 
58360, 0, 0 
27900, 0, 0 
43965, 0, 0 
47736, 0, 0 
54690, 0, 0 
49621, 0, 0 
46303, 0, 0 
29599, 0, 0 
49500, 0, 0 
16543, 0, 0 
1578, 0, 0 
58897, 0, 0 
54609, 0, 0 
43273, 0, 0 
2629, 0, 0 
50828, 0, 0 
43011, 0, 0 
39612, 0, 0 
2839, 0, 0 
44750, 0, 0 
42227, 0, 0 
11562, 0, 0 
27280, 0, 0 
45676, 0, 0 
34007, 0, 0 
8545, 0, 0 
47704, 0, 0 
45115, 0, 0 
51327, 0, 0 
58609, 0, 0 
48578, 0, 0 
33536, 0, 0 
37780, 0, 0 
39890, 0, 0 
9966, 0, 0 
18889, 0, 0 
23773, 0, 0 
10456, 0, 0 
42896, 0, 0 
2525, 0, 0 
16085, 0, 0 
30787, 0, 0 
3024, 0, 0 
12266, 0, 0 
16866, 0, 0 
3213, 0, 0 
44859, 0, 0 
9965, 0, 0 
41989, 0, 0 
38483, 0, 0 
22787, 0, 0 
45354, 0, 0 
52114, 0, 0 
11845, 0, 0 
18715, 0, 0 
9922, 0, 0 
41122, 0, 0 
34025, 0, 0 
30101, 0, 0 
27145, 0, 0 
8838, 0, 0 
24749, 0, 0 
30926, 0, 0 
18641, 0, 0 
49429, 0, 0 
43020, 0, 0 
29336, 0, 0 
19818, 0, 0 
33257, 0, 0 
19027, 0, 0 
33142, 0, 0 
9048, 0, 0 
58256, 0, 0 
27206, 0, 0 
38355, 0, 0 
6991, 0, 0 
4488, 0, 0 
5461, 0, 0 
5368, 0, 0 
6614, 0, 0 
55840, 0, 0 
37269, 0, 0 
9027, 0, 0 
28973, 0, 0 
33293, 0, 0 
10992, 0, 0 
53959, 0, 0 
47135, 0, 0 
53535, 0, 0 
43685, 0, 0 
49387, 0, 0 
712, 0, 0 
21142, 0, 0 
50476, 0, 0 
11712, 0, 0 
17449, 0, 0 
17314, 0, 0 
50929, 0, 0 
57120, 0, 0 
11222, 0, 0 
58306, 0, 0 
1040, 0, 0 
57154, 0, 0 
15765, 0, 0 
34519, 0, 0 
14773, 0, 0 
1723, 0, 0 
16941, 0, 0 
36290, 0, 0 
13230, 0, 0 
10750, 0, 0 
9986, 0, 0 
26176, 0, 0 
35175, 0, 0 
19709, 0, 0 
33843, 0, 0 
4321, 0, 0 
44314, 0, 0 
35681, 0, 0 
38835, 0, 0 
40040, 0, 0 
37981, 0, 0 
26836, 0, 0 
30425, 0, 0 
30955, 0, 0 
32727, 0, 0 
23372, 0, 0 
24985, 0, 0 
58402, 0, 0 
25399, 0, 0 
9840, 0, 0 
23606, 0, 0 
28946, 0, 0 
22886, 0, 0 
37027, 0, 0 
9869, 0, 0 
58462, 0, 0 
30624, 0, 0 
11105, 0, 0 
11969, 0, 0 
51733, 0, 0 
24940, 0, 0 
56005, 0, 0 
2955, 0, 0 
28105, 0, 0 
58461, 0, 0 
5196, 0, 0 
39115, 0, 0 
37901, 0, 0 
29848, 0, 0 
48627, 0, 0 
5072, 0, 0 
34639, 0, 0 
55664, 0, 0 
31410, 0, 0 
25137, 0, 0 
52397, 0, 0 
40335, 0, 0 
32925, 0, 0 
50852, 0, 0 
26315, 0, 0 
46183, 0, 0 
17770, 0, 0 
15566, 0, 0 
30088, 0, 0 
46069, 0, 0 
55277, 0, 0 
19492, 0, 0 
59363, 0, 0 
34237, 0, 0 
42180, 0, 0 
13913, 0, 0 
2084, 0, 0 
26832, 0, 0 
55217, 0, 0 
21971, 0, 0 
29579, 0, 0 
45790, 1, 1 
39217, 1, 1 
13399, 1, 1 
38554, 1, 1 
58361, 1, 1 
50313, 1, 1 
32472, 1, 1 
45893, 1, 1 
1699, 1, 1 
35345, 1, 1 
54979, 1, 1 
5443, 1, 1 
53177, 1, 1 
33535, 1, 1 
6262, 1, 1 
20691, 1, 1 
4685, 1, 1 
44650, 1, 1 
30143, 1, 1 
5876, 1, 1 
5225, 1, 1 
34173, 1, 1 
12791, 1, 1 
28583, 1, 1 
11214, 1, 1 
55299, 1, 1 
29897, 1, 1 
30966, 1, 1 
49811, 1, 1 
52552, 1, 1 
507, 1, 1 
26421, 1, 1 
58597, 1, 1 
47773, 1, 1 
24470, 1, 1 
27572, 1, 1 
32597, 1, 1 
45690, 1, 1 
29668, 1, 1 
16904, 1, 1 
49807, 1, 1 
19850, 1, 1 
40716, 1, 1 
18993, 1, 1 
53436, 1, 1 
12885, 1, 1 
23498, 1, 1 
59616, 1, 1 
22705, 1, 1 
37081, 1, 1 
4507, 1, 1 
35009, 1, 1 
711, 1, 1 
40098, 1, 1 
46089, 1, 1 
53594, 1, 1 
18270, 1, 1 
30301, 1, 1 
16735, 1, 1 
46434, 1, 1 
9110, 1, 1 
20036, 1, 1 
27969, 1, 1 
42243, 1, 1 
2202, 1, 1 
22325, 1, 1 
58580, 1, 1 
30436, 1, 1 
10667, 1, 1 
53040, 1, 1 
51932, 1, 1 
51390, 1, 1 
53308, 1, 1 
12042, 1, 1 
54236, 1, 1 
24405, 1, 1 
40459, 1, 1 
35737, 1, 1 
39281, 1, 1 
46880, 1, 1 
27564, 1, 1 
20611, 1, 1 
17005, 1, 1 
35925, 1, 1 
33279, 1, 1 
46006, 1, 1 
45186, 1, 1 
55931, 1, 1 
23302, 1, 1 
6665, 1, 1 
40693, 1, 1 
31406, 1, 1 
46199, 1, 1 
54373, 1, 1 
28355, 1, 1 
21618, 1, 1 
28094, 1, 1 
23818, 1, 1 
53804, 1, 1 
52498, 1, 1 
17072, 1, 1 
51781, 1, 1 
24624, 1, 1 
41372, 1, 1 
16960, 1, 1 
23477, 1, 1 
41146, 1, 1 
20802, 1, 1 
13213, 1, 1 
11061, 1, 1 
31250, 1, 1 
21178, 1, 1 
20461, 1, 1 
58466, 1, 1 
19211, 1, 1 
6537, 1, 1 
838, 1, 1 
2830, 1, 1 
1528, 1, 1 
57906, 1, 1 
48041, 1, 1 
45331, 1, 1 
49395, 1, 1 
47272, 1, 1 
19966, 1, 1 
22892, 1, 1 
32741, 1, 1 
54428, 1, 1 
31279, 1, 1 
31839, 1, 1 
33861, 1, 1 
3587, 1, 1 
8725, 1, 1 
25327, 1, 1 
2831, 1, 1 
44151, 1, 1 
7330, 1, 1 
9616, 1, 1 
10067, 1, 1 
25061, 1, 1 
33433, 1, 1 
31386, 1, 1 
26125, 1, 1 
55505, 1, 1 
53896, 1, 1 
36442, 1, 1 
39076, 1, 1 
10364, 1, 1 
49681, 1, 1 
39533, 1, 1 
42875, 1, 1 
3763, 1, 1 
10684, 1, 1 
31597, 1, 1 
40525, 1, 1 
6082, 1, 1 
27578, 1, 1 
104, 1, 1 
18409, 1, 1 
13649, 1, 1 
41744, 1, 1 
53310, 1, 1 
34884, 1, 1 
2188, 1, 1 
184, 1, 1 
51544, 1, 1 
1816, 1, 1 
17605, 1, 1 
26495, 1, 1 
52382, 1, 1 
23238, 1, 1 
28134, 1, 1 
47790, 1, 1 
6328, 1, 1 
24634, 1, 1 
57903, 1, 1 
50190, 1, 1 
3478, 1, 1 
10448, 1, 1 
20870, 1, 1 
47118, 1, 1 
4311, 1, 1 
14346, 1, 1 
52082, 1, 1 
57301, 1, 1 
52234, 1, 1 
47394, 1, 1 
49852, 1, 1 
5375, 1, 1 
58935, 1, 1 
7806, 1, 1 
6701, 1, 1 
50850, 1, 1 
20018, 1, 1 
29233, 1, 1 
43791, 1, 1 
20760, 1, 1 
57460, 1, 1 
47327, 1, 1 
26887, 1, 1 
39343, 2, 2 
3064, 2, 2 
52802, 2, 2 
10200, 2, 2 
23028, 2, 2 
1165, 2, 2 
11552, 2, 2 
26875, 2, 2 
29853, 2, 2 
2625, 2, 2 
33688, 2, 2 
1724, 2, 2 
34385, 2, 2 
27026, 2, 2 
2105, 2, 2 
57606, 2, 2 
51898, 2, 2 
18661, 2, 2 
813, 2, 2 
42675, 2, 2 
18230, 2, 2 
40198, 2, 2 
11380, 2, 2 
39283, 2, 2 
12938, 2, 2 
32751, 2, 2 
9600, 2, 2 
27131, 2, 2 
33644, 2, 2 
32010, 2, 2 
10029, 2, 2 
45661, 2, 2 
8212, 2, 2 
28234, 2, 2 
15836, 2, 2 
52068, 2, 2 
41489, 2, 2 
50897, 2, 2 
27600, 2, 2 
23934, 2, 2 
13930, 2, 2 
51517, 2, 2 
9396, 2, 2 
51458, 2, 2 
11521, 2, 2 
35410, 2, 2 
45028, 2, 2 
53388, 2, 2 
50028, 2, 2 
37985, 2, 2 
48841, 2, 2 
39518, 2, 2 
54128, 2, 2 
24067, 2, 2 
43314, 2, 2 
49454, 2, 2 
9249, 2, 2 
24036, 2, 2 
10477, 2, 2 
41216, 2, 2 
21597, 2, 2 
54168, 2, 2 
54299, 2, 2 
25329, 2, 2 
47270, 2, 2 
20440, 2, 2 
35301, 2, 2 
59903, 2, 2 
36100, 2, 2 
27874, 2, 2 
23039, 2, 2 
12372, 2, 2 
38427, 2, 2 
30596, 2, 2 
17482, 2, 2 
32779, 2, 2 
32947, 2, 2 
3975, 2, 2 
45631, 2, 2 
7839, 2, 2 
27989, 2, 2 
39655, 2, 2 
7732, 2, 2 
35882, 2, 2 
47164, 2, 2 
17595, 2, 2 
17880, 2, 2 
32709, 2, 2 
5907, 2, 2 
36505, 2, 2 
47652, 2, 2 
3934, 2, 2 
50543, 2, 2 
19654, 2, 2 
44054, 2, 2 
3826, 2, 2 
31681, 2, 2 
29967, 2, 2 
52630, 2, 2 
20944, 2, 2 
7782, 2, 2 
58585, 2, 2 
51786, 2, 2 
45094, 2, 2 
33364, 2, 2 
38618, 2, 2 
18036, 2, 2 
48383, 2, 2 
46556, 2, 2 
13486, 2, 2 
23117, 2, 2 
49314, 2, 2 
42726, 2, 2 
48463, 2, 2 
52006, 2, 2 
13313, 2, 2 
12603, 2, 2 
57191, 2, 2 
57503, 2, 2 
32606, 2, 2 
50271, 2, 2 
18634, 2, 2 
45993, 2, 2 
57894, 2, 2 
18201, 2, 2 
27641, 2, 2 
42126, 2, 2 
6168, 2, 2 
12352, 2, 2 
15263, 2, 2 
17052, 2, 2 
21366, 2, 2 
37084, 2, 2 
35167, 2, 2 
21773, 2, 2 
2851, 2, 2 
801, 2, 2 
15403, 2, 2 
40037, 2, 2 
41105, 2, 2 
15829, 2, 2 
9575, 2, 2 
46591, 2, 2 
2184, 2, 2 
25700, 2, 2 
8480, 2, 2 
19784, 2, 2 
4442, 2, 2 
4165, 2, 2 
27165, 2, 2 
53639, 2, 2 
21147, 2, 2 
46266, 2, 2 
34856, 2, 2 
15093, 2, 2 
35315, 2, 2 
26075, 2, 2 
37560, 2, 2 
26357, 2, 2 
43257, 2, 2 
22115, 2, 2 
55040, 2, 2 
17047, 2, 2 
59045, 2, 2 
27122, 2, 2 
30107, 2, 2 
1262, 2, 2 
9891, 2, 2 
19229, 2, 2 
58137, 2, 2 
7818, 2, 2 
38010, 2, 2 
49805, 2, 2 
53391, 2, 2 
42929, 2, 2 
56569, 2, 2 
23001, 2, 2 
56514, 2, 2 
32424, 2, 2 
12784, 2, 2 
30831, 2, 2 
15680, 2, 2 
35721, 2, 2 
40539, 2, 2 
14273, 2, 2 
584, 2, 2 
45412, 2, 2 
14836, 2, 2 
24803, 2, 2 
22624, 2, 2 
31241, 2, 2 
40968, 2, 2 
48674, 2, 2 
46546, 2, 2 
11344, 2, 2 
8613, 2, 2 
12481, 2, 2 
4401, 2, 2 
40076, 2, 2 
52550, 2, 2 
58268, 3, 3 
45781, 3, 3 
58931, 3, 3 
23337, 3, 3 
9797, 3, 3 
17421, 3, 3 
21866, 3, 3 
16249, 3, 3 
18986, 3, 3 
15014, 3, 3 
2481, 3, 3 
26981, 3, 3 
28174, 3, 3 
28418, 3, 3 
13607, 3, 3 
25590, 3, 3 
17274, 3, 3 
46409, 3, 3 
8077, 3, 3 
3435, 3, 3 
34552, 3, 3 
12437, 3, 3 
42902, 3, 3 
5683, 3, 3 
1108, 3, 3 
24787, 3, 3 
16748, 3, 3 
10328, 3, 3 
41629, 3, 3 
41513, 3, 3 
49054, 3, 3 
11075, 3, 3 
22567, 3, 3 
41136, 3, 3 
55190, 3, 3 
49431, 3, 3 
9663, 3, 3 
45273, 3, 3 
37996, 3, 3 
41969, 3, 3 
31868, 3, 3 
29991, 3, 3 
40256, 3, 3 
28861, 3, 3 
10775, 3, 3 
48626, 3, 3 
43076, 3, 3 
14738, 3, 3 
20780, 3, 3 
10674, 3, 3 
34259, 3, 3 
57886, 3, 3 
37244, 3, 3 
59957, 3, 3 
54029, 3, 3 
1315, 3, 3 
40307, 3, 3 
12995, 3, 3 
55932, 3, 3 
40382, 3, 3 
5193, 3, 3 
27419, 3, 3 
13417, 3, 3 
12260, 3, 3 
36132, 3, 3 
42199, 3, 3 
18397, 3, 3 
16366, 3, 3 
59366, 3, 3 
9915, 3, 3 
33845, 3, 3 
14236, 3, 3 
49249, 3, 3 
1378, 3, 3 
59271, 3, 3 
16911, 3, 3 
24680, 3, 3 
56136, 3, 3 
5139, 3, 3 
10847, 3, 3 
48500, 3, 3 
19548, 3, 3 
47802, 3, 3 
38441, 3, 3 
45586, 3, 3 
26307, 3, 3 
47725, 3, 3 
3415, 3, 3 
16587, 3, 3 
12463, 3, 3 
37991, 3, 3 
49645, 3, 3 
25454, 3, 3 
59678, 3, 3 
44504, 3, 3 
9006, 3, 3 
53223, 3, 3 
12645, 3, 3 
28571, 3, 3 
54535, 3, 3 
12617, 3, 3 
15045, 3, 3 
35615, 3, 3 
21176, 3, 3 
13993, 3, 3 
25172, 3, 3 
19169, 3, 3 
45878, 3, 3 
52240, 3, 3 
695, 3, 3 
38752, 3, 3 
42303, 3, 3 
39184, 3, 3 
7976, 3, 3 
46134, 3, 3 
26305, 3, 3 
57833, 3, 3 
26711, 3, 3 
9182, 3, 3 
33029, 3, 3 
27670, 3, 3 
47059, 3, 3 
31504, 3, 3 
21284, 3, 3 
20942, 3, 3 
6106, 3, 3 
46652, 3, 3 
50935, 3, 3 
49826, 3, 3 
6447, 3, 3 
5088, 3, 3 
30644, 3, 3 
26710, 3, 3 
18827, 3, 3 
9080, 3, 3 
24635, 3, 3 
38970, 3, 3 
15497, 3, 3 
18992, 3, 3 
14529, 3, 3 
39489, 3, 3 
37658, 3, 3 
38900, 3, 3 
25106, 3, 3 
25955, 3, 3 
27838, 3, 3 
57040, 3, 3 
56047, 3, 3 
15003, 3, 3 
13579, 3, 3 
37889, 3, 3 
19337, 3, 3 
18249, 3, 3 
44231, 3, 3 
49763, 3, 3 
51909, 3, 3 
51373, 3, 3 
24867, 3, 3 
10450, 3, 3 
58339, 3, 3 
46563, 3, 3 
59014, 3, 3 
36707, 3, 3 
59643, 3, 3 
6826, 3, 3 
30379, 3, 3 
4506, 3, 3 
29185, 3, 3 
2632, 3, 3 
6762, 3, 3 
36803, 3, 3 
48164, 3, 3 
17467, 3, 3 
50565, 3, 3 
43090, 3, 3 
52300, 3, 3 
30681, 3, 3 
17354, 3, 3 
4868, 3, 3 
55440, 3, 3 
8893, 3, 3 
33837, 3, 3 
38755, 3, 3 
43380, 3, 3 
47311, 3, 3 
43204, 3, 3 
40005, 3, 3 
4638, 3, 3 
51054, 3, 3 
54530, 3, 3 
23373, 3, 3 
2146, 3, 3 
37085, 3, 3 
59798, 3, 3 
24144, 3, 3 
3941, 3, 3 
59828, 3, 3 
6467, 3, 3 
2286, 3, 3 
6559, 3, 3 
12279, 4, 4 
52457, 4, 4 
55684, 4, 4 
45191, 4, 4 
21448, 4, 4 
11709, 4, 4 
39536, 4, 4 
54410, 4, 4 
7350, 4, 4 
46333, 4, 4 
16912, 4, 4 
14781, 4, 4 
50502, 4, 4 
9282, 4, 4 
1685, 4, 4 
46749, 4, 4 
57459, 4, 4 
44405, 4, 4 
49480, 4, 4 
35178, 4, 4 
37988, 4, 4 
19819, 4, 4 
9513, 4, 4 
8956, 4, 4 
24298, 4, 4 
4132, 4, 4 
6462, 4, 4 
1373, 4, 4 
3018, 4, 4 
44668, 4, 4 
36619, 4, 4 
55964, 4, 4 
16856, 4, 4 
32832, 4, 4 
44581, 4, 4 
33563, 4, 4 
12644, 4, 4 
38855, 4, 4 
58843, 4, 4 
58240, 4, 4 
16625, 4, 4 
6733, 4, 4 
20415, 4, 4 
43041, 4, 4 
52652, 4, 4 
31940, 4, 4 
26653, 4, 4 
27097, 4, 4 
39548, 4, 4 
13267, 4, 4 
38518, 4, 4 
36314, 4, 4 
7204, 4, 4 
37603, 4, 4 
834, 4, 4 
42952, 4, 4 
54960, 4, 4 
16942, 4, 4 
1498, 4, 4 
59055, 4, 4 
16216, 4, 4 
35551, 4, 4 
53288, 4, 4 
33509, 4, 4 
36907, 4, 4 
9887, 4, 4 
29584, 4, 4 
26281, 4, 4 
30079, 4, 4 
43364, 4, 4 
42933, 4, 4 
28248, 4, 4 
55178, 4, 4 
1613, 4, 4 
27800, 4, 4 
58603, 4, 4 
15207, 4, 4 
14927, 4, 4 
18101, 4, 4 
16601, 4, 4 
6653, 4, 4 
33411, 4, 4 
51929, 4, 4 
48608, 4, 4 
59922, 4, 4 
55753, 4, 4 
54748, 4, 4 
25014, 4, 4 
14432, 4, 4 
33106, 4, 4 
49001, 4, 4 
11578, 4, 4 
937, 4, 4 
41440, 4, 4 
14981, 4, 4 
25856, 4, 4 
2874, 4, 4 
24192, 4, 4 
23121, 4, 4 
3038, 4, 4 
37907, 4, 4 
40135, 4, 4 
57965, 4, 4 
34810, 4, 4 
7227, 4, 4 
25173, 4, 4 
18483, 4, 4 
23549, 4, 4 
45299, 4, 4 
19112, 4, 4 
19499, 4, 4 
35141, 4, 4 
33958, 4, 4 
53631, 4, 4 
51325, 4, 4 
53655, 4, 4 
48056, 4, 4 
21076, 4, 4 
52815, 4, 4 
10967, 4, 4 
26634, 4, 4 
21653, 4, 4 
42033, 4, 4 
46843, 4, 4 
10371, 4, 4 
21867, 4, 4 
58209, 4, 4 
40992, 4, 4 
1253, 4, 4 
48763, 4, 4 
53622, 4, 4 
44942, 4, 4 
48013, 4, 4 
12343, 4, 4 
49072, 4, 4 
45788, 4, 4 
12055, 4, 4 
31858, 4, 4 
5046, 4, 4 
40402, 4, 4 
54807, 4, 4 
35513, 4, 4 
9573, 4, 4 
19983, 4, 4 
36584, 4, 4 
43675, 4, 4 
46234, 4, 4 
24855, 4, 4 
46314, 4, 4 
20768, 4, 4 
56477, 4, 4 
27713, 4, 4 
47523, 4, 4 
14260, 4, 4 
14274, 4, 4 
7282, 4, 4 
16314, 4, 4 
45025, 4, 4 
46613, 4, 4 
6312, 4, 4 
7299, 4, 4 
16214, 4, 4 
31517, 4, 4 
48846, 4, 4 
39514, 4, 4 
22839, 4, 4 
56646, 4, 4 
13817, 4, 4 
58269, 4, 4 
16874, 4, 4 
52007, 4, 4 
39110, 4, 4 
23936, 4, 4 
16551, 4, 4 
64, 4, 4 
33554, 4, 4 
53226, 4, 4 
25255, 4, 4 
3417, 4, 4 
10191, 4, 4 
32262, 4, 4 
42822, 4, 4 
28461, 4, 4 
746, 4, 4 
20069, 4, 4 
40519, 4, 4 
45950, 4, 4 
706, 4, 4 
13223, 4, 4 
1273, 4, 4 
11005, 4, 4 
54175, 4, 4 
53654, 4, 4 
31761, 4, 4 
51056, 4, 4 
52015, 4, 4 
38872, 4, 4 
8906, 4, 4 
987, 4, 4 
1922, 4, 4 
48567, 5, 5 
10536, 5, 5 
58262, 5, 5 
17387, 5, 5 
29842, 5, 5 
55389, 5, 5 
12484, 5, 5 
45526, 5, 5 
33365, 5, 5 
24128, 5, 5 
23836, 5, 5 
59278, 5, 5 
5934, 5, 5 
33340, 5, 5 
39211, 5, 5 
10703, 5, 5 
42359, 5, 5 
27764, 5, 5 
13681, 5, 5 
53598, 5, 5 
39103, 5, 5 
47845, 5, 5 
52043, 5, 5 
5742, 5, 5 
1340, 5, 5 
23105, 5, 5 
28372, 5, 5 
31863, 5, 5 
2727, 5, 5 
53769, 5, 5 
12862, 5, 5 
39526, 5, 5 
37680, 5, 5 
47889, 5, 5 
2544, 5, 5 
39689, 5, 5 
9652, 5, 5 
44006, 5, 5 
22180, 5, 5 
46693, 5, 5 
31253, 5, 5 
44009, 5, 5 
54202, 5, 5 
3563, 5, 5 
6389, 5, 5 
44802, 5, 5 
24403, 5, 5 
39381, 5, 5 
28777, 5, 5 
2143, 5, 5 
33138, 5, 5 
37698, 5, 5 
38360, 5, 5 
38059, 5, 5 
2592, 5, 5 
57293, 5, 5 
1109, 5, 5 
29790, 5, 5 
47115, 5, 5 
1420, 5, 5 
50919, 5, 5 
34288, 5, 5 
34817, 5, 5 
43529, 5, 5 
34002, 5, 5 
21275, 5, 5 
55010, 5, 5 
9995, 5, 5 
55905, 5, 5 
56712, 5, 5 
36193, 5, 5 
11397, 5, 5 
6836, 5, 5 
11706, 5, 5 
41462, 5, 5 
19207, 5, 5 
11785, 5, 5 
41389, 5, 5 
23858, 5, 5 
34065, 5, 5 
45711, 5, 5 
55643, 5, 5 
28048, 5, 5 
29870, 5, 5 
6217, 5, 5 
13946, 5, 5 
34400, 5, 5 
44099, 5, 5 
46599, 5, 5 
59190, 5, 5 
59134, 5, 5 
43591, 5, 5 
12816, 5, 5 
56939, 5, 5 
32954, 5, 5 
12566, 5, 5 
16210, 5, 5 
51646, 5, 5 
44329, 5, 5 
11643, 5, 5 
16213, 5, 5 
43691, 5, 5 
29830, 5, 5 
50166, 5, 5 
52003, 5, 5 
21227, 5, 5 
40695, 5, 5 
42267, 5, 5 
35276, 5, 5 
45616, 5, 5 
51498, 5, 5 
59089, 5, 5 
30390, 5, 5 
39881, 5, 5 
27154, 5, 5 
9919, 5, 5 
35747, 5, 5 
42110, 5, 5 
25084, 5, 5 
14171, 5, 5 
19676, 5, 5 
51553, 5, 5 
31651, 5, 5 
38038, 5, 5 
32831, 5, 5 
7802, 5, 5 
53120, 5, 5 
14672, 5, 5 
32074, 5, 5 
28259, 5, 5 
42572, 5, 5 
14630, 5, 5 
7044, 5, 5 
40731, 5, 5 
45263, 5, 5 
49316, 5, 5 
58723, 5, 5 
31022, 5, 5 
28315, 5, 5 
46768, 5, 5 
33321, 5, 5 
50895, 5, 5 
43454, 5, 5 
44383, 5, 5 
16926, 5, 5 
34325, 5, 5 
17495, 5, 5 
16426, 5, 5 
17680, 5, 5 
52527, 5, 5 
25738, 5, 5 
9111, 5, 5 
9684, 5, 5 
9205, 5, 5 
6884, 5, 5 
40172, 5, 5 
38792, 5, 5 
0, 5, 5 
34806, 5, 5 
15481, 5, 5 
287, 5, 5 
53920, 5, 5 
2412, 5, 5 
41435, 5, 5 
33001, 5, 5 
49490, 5, 5 
21252, 5, 5 
23407, 5, 5 
24921, 5, 5 
55248, 5, 5 
51157, 5, 5 
47503, 5, 5 
2698, 5, 5 
21011, 5, 5 
37865, 5, 5 
24394, 5, 5 
42431, 5, 5 
55965, 5, 5 
47060, 5, 5 
53552, 5, 5 
40711, 5, 5 
24097, 5, 5 
36609, 5, 5 
44852, 5, 5 
15000, 5, 5 
48016, 5, 5 
50734, 5, 5 
32671, 5, 5 
19170, 5, 5 
49611, 5, 5 
31694, 5, 5 
29771, 5, 5 
554, 5, 5 
18929, 5, 5 
2329, 5, 5 
42659, 5, 5 
46999, 5, 5 
18456, 5, 5 
21204, 5, 5 
27539, 5, 5 
35205, 6, 6 
45839, 6, 6 
42667, 6, 6 
13846, 6, 6 
39043, 6, 6 
39212, 6, 6 
2059, 6, 6 
43311, 6, 6 
25795, 6, 6 
48071, 6, 6 
3910, 6, 6 
29163, 6, 6 
34767, 6, 6 
16739, 6, 6 
37175, 6, 6 
26092, 6, 6 
46198, 6, 6 
59876, 6, 6 
4408, 6, 6 
8546, 6, 6 
12673, 6, 6 
45265, 6, 6 
55226, 6, 6 
54265, 6, 6 
20136, 6, 6 
11483, 6, 6 
24383, 6, 6 
20543, 6, 6 
50921, 6, 6 
29838, 6, 6 
49396, 6, 6 
26402, 6, 6 
10440, 6, 6 
4765, 6, 6 
45013, 6, 6 
28386, 6, 6 
46323, 6, 6 
23905, 6, 6 
15145, 6, 6 
14147, 6, 6 
25374, 6, 6 
20291, 6, 6 
19896, 6, 6 
43908, 6, 6 
29138, 6, 6 
52472, 6, 6 
54933, 6, 6 
37707, 6, 6 
49083, 6, 6 
11832, 6, 6 
57463, 6, 6 
5084, 6, 6 
39313, 6, 6 
20272, 6, 6 
35726, 6, 6 
42785, 6, 6 
46684, 6, 6 
35158, 6, 6 
2657, 6, 6 
52578, 6, 6 
35962, 6, 6 
32932, 6, 6 
1398, 6, 6 
49651, 6, 6 
45881, 6, 6 
55420, 6, 6 
33548, 6, 6 
45090, 6, 6 
45324, 6, 6 
15441, 6, 6 
18085, 6, 6 
32692, 6, 6 
15314, 6, 6 
20431, 6, 6 
44319, 6, 6 
5267, 6, 6 
39987, 6, 6 
28698, 6, 6 
43694, 6, 6 
1801, 6, 6 
14186, 6, 6 
31714, 6, 6 
11174, 6, 6 
59273, 6, 6 
4930, 6, 6 
57807, 6, 6 
17083, 6, 6 
36079, 6, 6 
28163, 6, 6 
1540, 6, 6 
25108, 6, 6 
10748, 6, 6 
21764, 6, 6 
53318, 6, 6 
57456, 6, 6 
33100, 6, 6 
12975, 6, 6 
13085, 6, 6 
32183, 6, 6 
55943, 6, 6 
48673, 6, 6 
52156, 6, 6 
55725, 6, 6 
58605, 6, 6 
25104, 6, 6 
50289, 6, 6 
49426, 6, 6 
28251, 6, 6 
5311, 6, 6 
51535, 6, 6 
38421, 6, 6 
38460, 6, 6 
37788, 6, 6 
32977, 6, 6 
19062, 6, 6 
37231, 6, 6 
8206, 6, 6 
9816, 6, 6 
40105, 6, 6 
7163, 6, 6 
49403, 6, 6 
43726, 6, 6 
8688, 6, 6 
33601, 6, 6 
54830, 6, 6 
19805, 6, 6 
33934, 6, 6 
18555, 6, 6 
20978, 6, 6 
31708, 6, 6 
2311, 6, 6 
42745, 6, 6 
32876, 6, 6 
26810, 6, 6 
18911, 6, 6 
19277, 6, 6 
47430, 6, 6 
41746, 6, 6 
11673, 6, 6 
38511, 6, 6 
59292, 6, 6 
39098, 6, 6 
46310, 6, 6 
46626, 6, 6 
58301, 6, 6 
56918, 6, 6 
31954, 6, 6 
38050, 6, 6 
56463, 6, 6 
30755, 6, 6 
27285, 6, 6 
18971, 6, 6 
43857, 6, 6 
33975, 6, 6 
39, 6, 6 
19002, 6, 6 
6869, 6, 6 
33629, 6, 6 
36415, 6, 6 
21995, 6, 6 
58488, 6, 6 
28943, 6, 6 
58724, 6, 6 
15706, 6, 6 
5145, 6, 6 
47404, 6, 6 
28143, 6, 6 
37228, 6, 6 
35684, 6, 6 
10224, 6, 6 
59885, 6, 6 
20156, 6, 6 
41213, 6, 6 
26785, 6, 6 
34671, 6, 6 
5413, 6, 6 
33040, 6, 6 
48636, 6, 6 
5810, 6, 6 
46049, 6, 6 
34343, 6, 6 
4741, 6, 6 
12258, 6, 6 
59924, 6, 6 
20931, 6, 6 
1985, 6, 6 
41517, 6, 6 
8561, 6, 6 
27198, 6, 6 
54820, 6, 6 
31859, 6, 6 
49275, 6, 6 
28085, 6, 6 
13364, 6, 6 
27101, 6, 6 
47584, 6, 6 
15961, 6, 6 
41346, 6, 6 
6553, 6, 6 
32694, 6, 6 
42418, 7, 7 
27912, 7, 7 
46035, 7, 7 
54971, 7, 7 
4034, 7, 7 
26441, 7, 7 
11290, 7, 7 
57365, 7, 7 
59682, 7, 7 
33977, 7, 7 
44212, 7, 7 
59198, 7, 7 
42751, 7, 7 
39056, 7, 7 
42145, 7, 7 
52147, 7, 7 
46106, 7, 7 
49862, 7, 7 
33057, 7, 7 
54482, 7, 7 
29210, 7, 7 
44323, 7, 7 
17830, 7, 7 
42282, 7, 7 
49372, 7, 7 
44552, 7, 7 
41164, 7, 7 
14755, 7, 7 
27529, 7, 7 
6381, 7, 7 
57748, 7, 7 
39390, 7, 7 
56439, 7, 7 
49320, 7, 7 
18876, 7, 7 
3469, 7, 7 
3556, 7, 7 
53159, 7, 7 
15531, 7, 7 
10160, 7, 7 
148, 7, 7 
36554, 7, 7 
2522, 7, 7 
10533, 7, 7 
16169, 7, 7 
904, 7, 7 
37684, 7, 7 
44868, 7, 7 
45192, 7, 7 
30718, 7, 7 
7754, 7, 7 
23767, 7, 7 
56601, 7, 7 
32580, 7, 7 
36713, 7, 7 
59520, 7, 7 
51825, 7, 7 
39010, 7, 7 
4680, 7, 7 
36967, 7, 7 
27379, 7, 7 
2431, 7, 7 
24464, 7, 7 
38672, 7, 7 
24928, 7, 7 
51465, 7, 7 
55603, 7, 7 
10651, 7, 7 
49755, 7, 7 
18537, 7, 7 
40783, 7, 7 
611, 7, 7 
26004, 7, 7 
52803, 7, 7 
22037, 7, 7 
50972, 7, 7 
9882, 7, 7 
24742, 7, 7 
23068, 7, 7 
21400, 7, 7 
11642, 7, 7 
4296, 7, 7 
23479, 7, 7 
24705, 7, 7 
56510, 7, 7 
39261, 7, 7 
21412, 7, 7 
26882, 7, 7 
22007, 7, 7 
11020, 7, 7 
31477, 7, 7 
50244, 7, 7 
49180, 7, 7 
16840, 7, 7 
7568, 7, 7 
31330, 7, 7 
59839, 7, 7 
53291, 7, 7 
4876, 7, 7 
59646, 7, 7 
19434, 7, 7 
57215, 7, 7 
35417, 7, 7 
33836, 7, 7 
10377, 7, 7 
13150, 7, 7 
54681, 7, 7 
7226, 7, 7 
25286, 7, 7 
1392, 7, 7 
56017, 7, 7 
103, 7, 7 
12849, 7, 7 
1586, 7, 7 
30998, 7, 7 
19153, 7, 7 
52603, 7, 7 
1899, 7, 7 
27722, 7, 7 
10019, 7, 7 
29826, 7, 7 
41630, 7, 7 
38349, 7, 7 
22858, 7, 7 
48135, 7, 7 
18720, 7, 7 
28314, 7, 7 
54644, 7, 7 
54478, 7, 7 
7950, 7, 7 
17340, 7, 7 
54497, 7, 7 
33164, 7, 7 
8361, 7, 7 
29324, 7, 7 
55021, 7, 7 
58349, 7, 7 
5059, 7, 7 
10735, 7, 7 
42352, 7, 7 
53770, 7, 7 
38098, 7, 7 
12065, 7, 7 
36411, 7, 7 
28073, 7, 7 
52992, 7, 7 
59066, 7, 7 
30190, 7, 7 
54663, 7, 7 
8804, 7, 7 
38505, 7, 7 
45592, 7, 7 
13391, 7, 7 
14563, 7, 7 
19453, 7, 7 
52666, 7, 7 
17979, 7, 7 
48377, 7, 7 
15570, 7, 7 
52633, 7, 7 
49721, 7, 7 
8783, 7, 7 
9988, 7, 7 
32099, 7, 7 
41779, 7, 7 
20273, 7, 7 
8286, 7, 7 
40500, 7, 7 
5768, 7, 7 
11076, 7, 7 
30359, 7, 7 
56816, 7, 7 
33307, 7, 7 
11540, 7, 7 
32542, 7, 7 
54792, 7, 7 
25797, 7, 7 
56844, 7, 7 
56841, 7, 7 
43969, 7, 7 
4317, 7, 7 
10522, 7, 7 
2168, 7, 7 
7403, 7, 7 
1480, 7, 7 
8604, 7, 7 
24964, 7, 7 
58453, 7, 7 
948, 7, 7 
59370, 7, 7 
8502, 7, 7 
8401, 7, 7 
6666, 7, 7 
58197, 7, 7 
44367, 7, 7 
43723, 7, 7 
57337, 7, 7 
56892, 7, 7 
32873, 7, 7 
46095, 7, 7 
13440, 8, 8 
4767, 8, 8 
29179, 8, 8 
40274, 8, 8 
13626, 8, 8 
47903, 8, 8 
29381, 8, 8 
37149, 8, 8 
49545, 8, 8 
29095, 8, 8 
38267, 8, 8 
7048, 8, 8 
24416, 8, 8 
23347, 8, 8 
25661, 8, 8 
5042, 8, 8 
3082, 8, 8 
55674, 8, 8 
49578, 8, 8 
57745, 8, 8 
4147, 8, 8 
36367, 8, 8 
33771, 8, 8 
4848, 8, 8 
34382, 8, 8 
54423, 8, 8 
24664, 8, 8 
52389, 8, 8 
24404, 8, 8 
17506, 8, 8 
11070, 8, 8 
10151, 8, 8 
59034, 8, 8 
50097, 8, 8 
20968, 8, 8 
54916, 8, 8 
15724, 8, 8 
15598, 8, 8 
48028, 8, 8 
8661, 8, 8 
43548, 8, 8 
16417, 8, 8 
50054, 8, 8 
50548, 8, 8 
13083, 8, 8 
20014, 8, 8 
44360, 8, 8 
25132, 8, 8 
7704, 8, 1 
20859, 8, 8 
16282, 8, 8 
54870, 8, 8 
8535, 8, 8 
21825, 8, 8 
30219, 8, 8 
54920, 8, 8 
4468, 8, 8 
47597, 8, 8 
27048, 8, 8 
37078, 8, 8 
8366, 8, 8 
24344, 8, 8 
11322, 8, 8 
5536, 8, 8 
51747, 8, 8 
1064, 8, 8 
24757, 8, 8 
47328, 8, 1 
46270, 8, 8 
12857, 8, 8 
29511, 8, 8 
20107, 8, 8 
47747, 8, 8 
47212, 8, 8 
5916, 8, 8 
19000, 8, 8 
39865, 8, 8 
35246, 8, 8 
49465, 8, 8 
10881, 8, 8 
51943, 8, 8 
27545, 8, 8 
45208, 8, 8 
27892, 8, 8 
29417, 8, 8 
245, 8, 8 
56284, 8, 8 
6163, 8, 8 
41132, 8, 8 
20269, 8, 8 
50886, 8, 8 
13812, 8, 8 
58679, 8, 8 
32218, 8, 8 
19889, 8, 8 
37095, 8, 8 
18890, 8, 8 
3499, 8, 8 
1713, 8, 8 
31765, 8, 8 
47888, 8, 8 
58467, 8, 8 
9925, 8, 8 
37406, 8, 8 
18574, 8, 8 
9165, 8, 8 
2194, 8, 8 
18383, 8, 8 
26557, 8, 8 
15096, 8, 8 
21486, 8, 8 
15458, 8, 8 
42107, 8, 8 
42104, 8, 8 
57189, 8, 8 
6788, 8, 8 
15645, 8, 8 
34460, 8, 8 
29680, 8, 8 
53970, 8, 8 
32175, 8, 8 
18156, 8, 8 
15406, 8, 8 
36034, 8, 8 
13803, 8, 8 
12627, 8, 8 
57118, 8, 8 
4684, 8, 8 
50106, 8, 8 
16611, 8, 8 
3658, 8, 8 
6022, 8, 8 
33101, 8, 8 
33579, 8, 8 
57090, 8, 8 
16398, 8, 8 
31889, 8, 8 
39609, 8, 8 
43938, 8, 8 
46237, 8, 8 
33152, 8, 8 
14896, 8, 8 
40697, 8, 8 
935, 8, 8 
4580, 8, 8 
21855, 8, 8 
56068, 8, 8 
26791, 8, 8 
38452, 8, 8 
25736, 8, 8 
59340, 8, 8 
35950, 8, 8 
18114, 8, 8 
51769, 8, 8 
16597, 8, 8 
34042, 8, 8 
8242, 8, 8 
5819, 8, 8 
59294, 8, 8 
24598, 8, 8 
40403, 8, 8 
57093, 8, 8 
13316, 8, 8 
30267, 8, 8 
24051, 8, 8 
9982, 8, 8 
17055, 8, 8 
58960, 8, 8 
6017, 8, 8 
52901, 8, 8 
865, 8, 8 
30173, 8, 8 
35383, 8, 8 
51207, 8, 8 
16639, 8, 8 
34912, 8, 8 
33424, 8, 8 
41363, 8, 8 
8920, 8, 8 
16158, 8, 8 
12777, 8, 8 
48149, 8, 8 
35848, 8, 8 
33097, 8, 8 
39995, 8, 8 
24190, 8, 8 
8680, 8, 8 
52250, 8, 8 
144, 8, 8 
19067, 8, 8 
44866, 8, 8 
23456, 8, 8 
15950, 8, 8 
20079, 8, 8 
55263, 8, 8 
46313, 8, 8 
55015, 8, 8 
45199, 8, 8 
36825, 8, 8 
37644, 8, 8 
12753, 9, 9 
22061, 9, 9 
18143, 9, 9 
53396, 9, 9 
16753, 9, 9 
43738, 9, 9 
56703, 9, 9 
53456, 9, 9 
58222, 9, 9 
15654, 9, 9 
48938, 9, 9 
13499, 9, 9 
38813, 9, 9 
14436, 9, 9 
50110, 9, 9 
34517, 9, 9 
46435, 9, 9 
43950, 9, 9 
43785, 9, 9 
43365, 9, 9 
23867, 9, 9 
30517, 9, 9 
8408, 9, 9 
27450, 9, 9 
5592, 9, 9 
32152, 9, 9 
32970, 9, 9 
44670, 9, 9 
36378, 9, 9 
48030, 9, 9 
44234, 9, 9 
50537, 9, 9 
7690, 9, 9 
49464, 9, 9 
36172, 9, 9 
5836, 9, 9 
10588, 9, 9 
37757, 9, 9 
18628, 9, 9 
1169, 9, 9 
54627, 9, 9 
15222, 9, 9 
35741, 9, 9 
59765, 9, 9 
23100, 9, 9 
27391, 9, 9 
1138, 9, 9 
40628, 9, 9 
55835, 9, 9 
32679, 9, 9 
26845, 9, 9 
5402, 9, 9 
54509, 9, 9 
28213, 9, 9 
32729, 9, 9 
28424, 9, 9 
6821, 9, 9 
31120, 9, 9 
14915, 9, 9 
53683, 9, 9 
38674, 9, 9 
10047, 9, 9 
5669, 9, 9 
56480, 9, 9 
39428, 9, 9 
16522, 9, 9 
42884, 9, 9 
5704, 9, 9 
27773, 9, 9 
4989, 9, 9 
42826, 9, 9 
4483, 9, 9 
9968, 9, 9 
9933, 9, 9 
54738, 9, 9 
45775, 9, 9 
40371, 9, 9 
13178, 9, 9 
58243, 9, 9 
1194, 9, 9 
33144, 9, 9 
43210, 9, 9 
49904, 9, 9 
9469, 9, 9 
4523, 9, 9 
46255, 9, 9 
49511, 9, 9 
33599, 9, 9 
40994, 9, 9 
4091, 9, 9 
30342, 9, 9 
13666, 9, 9 
46985, 9, 9 
31295, 9, 9 
52576, 9, 9 
28873, 9, 9 
1732, 9, 9 
49358, 9, 9 
31942, 9, 9 
11617, 9, 9 
6145, 9, 9 
26683, 9, 9 
32380, 9, 9 
40028, 9, 9 
7545, 9, 9 
17978, 9, 9 
25585, 9, 9 
30701, 9, 9 
33300, 9, 9 
25258, 9, 9 
27926, 9, 9 
25565, 9, 9 
21032, 9, 9 
56622, 9, 9 
25643, 9, 9 
19185, 9, 9 
53868, 9, 9 
3827, 9, 9 
19268, 9, 9 
12496, 9, 9 
9066, 9, 9 
34688, 9, 9 
56317, 9, 9 
58746, 9, 9 
40302, 9, 9 
55563, 9, 9 
50490, 9, 9 
19778, 9, 9 
32648, 9, 9 
58859, 9, 9 
40772, 9, 9 
47657, 9, 9 
30277, 9, 9 
29009, 9, 9 
41033, 9, 9 
54389, 9, 9 
55763, 9, 9 
26834, 9, 9 
38760, 9, 9 
54261, 9, 9 
18668, 9, 9 
33597, 9, 9 
39781, 9, 9 
51595, 9, 9 
26885, 9, 9 
18529, 9, 9 
4377, 9, 9 
23447, 9, 9 
41042, 9, 9 
48603, 9, 9 
38519, 9, 9 
12240, 9, 9 
38265, 9, 9 
44947, 9, 9 
32767, 9, 9 
51757, 9, 9 
39694, 9, 9 
1855, 9, 9 
21378, 9, 9 
20879, 9, 9 
4544, 9, 9 
22927, 9, 9 
24199, 9, 9 
42512, 9, 9 
13191, 9, 9 
55007, 9, 9 
10681, 9, 9 
13891, 9, 9 
51840, 9, 9 
423, 9, 9 
45144, 9, 9 
10186, 9, 9 
55295, 9, 9 
58263, 9, 9 
21842, 9, 9 
49983, 9, 9 
19300, 9, 9 
24694, 9, 9 
35941, 9, 9 
56041, 9, 9 
50724, 9, 9 
44376, 9, 9 
21876, 9, 9 
53151, 9, 9 
32898, 9, 9 
31798, 9, 9 
14077, 9, 9 
54961, 9, 9 
39025, 9, 9 
3371, 9, 9 
227, 9, 9 
57072, 9, 9 
49143, 9, 9 
41162, 9, 9 
52772, 9, 9 
12203, 9, 9 
31097, 9, 9 
39293, 9, 9 
56829, 9, 9 
56270, 9, 9 
