id, true label, predicted label 
1040, 0, 0 
24510, 0, 0 
16429, 0, 0 
59319, 0, 0 
56332, 0, 0 
27820, 0, 0 
16975, 0, 0 
54822, 0, 0 
23395, 0, 0 
55217, 0, 0 
6406, 0, 0 
18538, 0, 0 
42008, 0, 0 
2532, 0, 0 
52449, 0, 0 
20816, 0, 0 
25214, 0, 0 
6023, 0, 0 
13005, 0, 0 
30585, 0, 0 
22429, 0, 0 
44199, 0, 0 
24320, 0, 0 
21640, 0, 0 
7135, 0, 0 
49310, 0, 0 
24371, 0, 0 
59653, 0, 0 
4389, 0, 0 
50523, 0, 0 
19369, 0, 0 
41609, 0, 0 
51638, 0, 0 
39788, 0, 0 
26277, 0, 0 
36019, 0, 0 
5144, 0, 0 
849, 0, 0 
27069, 0, 0 
38162, 0, 0 
47756, 0, 0 
33848, 0, 0 
56460, 0, 0 
48523, 0, 0 
21132, 0, 0 
22152, 0, 0 
59944, 0, 0 
46868, 0, 0 
9166, 0, 0 
22917, 0, 0 
47405, 0, 0 
34511, 0, 0 
49322, 0, 0 
11620, 0, 0 
4488, 0, 0 
58362, 0, 0 
59934, 0, 0 
45042, 0, 0 
47466, 0, 0 
10700, 0, 0 
48039, 0, 0 
16163, 0, 0 
16396, 0, 0 
33501, 0, 0 
37141, 0, 0 
47704, 0, 0 
27394, 0, 0 
21953, 0, 0 
5622, 0, 0 
23643, 0, 0 
12926, 0, 0 
9890, 0, 0 
34653, 0, 0 
18278, 0, 0 
55410, 0, 0 
22487, 0, 0 
25754, 0, 0 
50862, 0, 0 
7807, 0, 0 
27280, 0, 0 
42074, 0, 0 
14775, 0, 0 
25892, 0, 0 
20661, 0, 0 
30484, 0, 0 
11683, 0, 0 
52323, 0, 0 
52028, 0, 0 
11559, 0, 0 
56570, 0, 0 
25576, 0, 0 
47736, 0, 0 
16474, 0, 0 
15904, 0, 0 
13816, 0, 0 
4270, 0, 0 
32336, 0, 0 
43367, 0, 0 
37411, 0, 0 
24389, 0, 0 
59911, 0, 0 
43423, 0, 0 
31470, 0, 0 
31165, 0, 0 
23823, 0, 0 
34775, 0, 0 
21736, 0, 0 
55682, 0, 0 
36223, 0, 0 
19104, 0, 0 
1372, 0, 0 
48180, 0, 0 
39612, 0, 0 
24348, 0, 0 
57575, 0, 0 
7462, 0, 0 
43366, 0, 0 
10705, 0, 0 
16642, 0, 0 
36447, 0, 0 
16085, 0, 0 
32268, 0, 0 
18599, 0, 0 
43472, 0, 0 
33381, 0, 0 
23401, 0, 0 
56103, 0, 0 
8250, 0, 0 
3479, 0, 0 
59585, 0, 0 
69, 0, 0 
35697, 0, 0 
32097, 0, 0 
29750, 0, 0 
46412, 0, 0 
14329, 0, 0 
34, 0, 0 
51422, 0, 0 
19061, 0, 0 
57595, 0, 0 
13872, 0, 0 
54833, 0, 0 
59078, 0, 0 
17223, 0, 0 
17381, 0, 0 
2079, 0, 0 
52288, 0, 0 
54474, 0, 0 
26784, 0, 0 
14481, 0, 0 
22757, 0, 0 
59847, 0, 0 
51845, 0, 0 
51627, 0, 0 
44513, 0, 0 
210, 0, 0 
41606, 0, 0 
46446, 0, 0 
10025, 0, 0 
58738, 0, 0 
41557, 0, 0 
38126, 0, 0 
35717, 0, 0 
43536, 0, 0 
34251, 0, 0 
49675, 0, 0 
10167, 0, 0 
10204, 0, 0 
15046, 0, 0 
45544, 0, 0 
4288, 0, 0 
39955, 0, 0 
9101, 0, 0 
16286, 0, 0 
29623, 0, 0 
17122, 0, 0 
56625, 0, 0 
45760, 0, 0 
55617, 0, 0 
21069, 0, 0 
17941, 0, 0 
38590, 0, 0 
19261, 0, 0 
44768, 0, 0 
26619, 0, 0 
39202, 0, 0 
19811, 0, 0 
49220, 0, 0 
55541, 0, 0 
28816, 0, 0 
1029, 0, 0 
12703, 0, 0 
59103, 0, 0 
45383, 0, 0 
54368, 0, 0 
19861, 0, 0 
42720, 0, 0 
57397, 0, 0 
54080, 0, 0 
49278, 0, 0 
37881, 1, 1 
53899, 1, 1 
26238, 1, 1 
25235, 1, 1 
11857, 1, 1 
9256, 1, 1 
6303, 1, 1 
45693, 1, 1 
15575, 1, 1 
49260, 1, 1 
39757, 1, 1 
20232, 1, 1 
41939, 1, 1 
36388, 1, 1 
43232, 1, 1 
15561, 1, 1 
57778, 1, 1 
19091, 1, 1 
12145, 1, 1 
58203, 1, 1 
35052, 1, 1 
56728, 1, 1 
13721, 1, 1 
21474, 1, 1 
50956, 1, 1 
2858, 1, 1 
12847, 1, 1 
35865, 1, 1 
55825, 1, 1 
20108, 1, 1 
29428, 1, 1 
41715, 1, 1 
475, 1, 1 
25473, 1, 1 
34388, 1, 1 
16278, 1, 1 
5842, 1, 1 
52888, 1, 1 
30731, 1, 1 
35912, 1, 1 
32079, 1, 1 
35352, 1, 1 
48697, 1, 1 
49786, 1, 1 
27684, 1, 1 
2630, 1, 1 
8575, 1, 1 
2604, 1, 1 
18074, 1, 1 
37816, 1, 1 
6640, 1, 1 
24624, 1, 1 
7876, 1, 1 
12030, 1, 1 
2177, 1, 1 
7007, 1, 1 
54775, 1, 1 
27159, 1, 1 
14759, 1, 1 
13892, 1, 1 
11152, 1, 1 
23280, 1, 1 
49855, 1, 1 
19440, 1, 1 
44296, 1, 1 
17413, 1, 1 
13625, 1, 1 
53791, 1, 1 
18980, 1, 1 
23012, 1, 1 
20237, 1, 1 
19323, 1, 1 
47551, 1, 1 
17430, 1, 1 
48720, 1, 1 
49884, 1, 1 
13590, 1, 1 
38845, 1, 1 
466, 1, 1 
29315, 1, 1 
8891, 1, 1 
12722, 1, 1 
24721, 1, 1 
44151, 1, 1 
16565, 1, 1 
43784, 1, 1 
38206, 1, 1 
21171, 1, 1 
25336, 1, 1 
41029, 1, 1 
36947, 1, 1 
28000, 1, 1 
45861, 1, 1 
46178, 1, 1 
48024, 1, 1 
25196, 1, 1 
48751, 1, 1 
44269, 1, 1 
1815, 1, 1 
40924, 1, 1 
9697, 1, 1 
59738, 1, 1 
44919, 1, 1 
9423, 1, 1 
20643, 1, 1 
27665, 1, 1 
21143, 1, 1 
42618, 1, 1 
11901, 1, 1 
14585, 1, 1 
6783, 1, 1 
14061, 1, 1 
9616, 1, 1 
57310, 1, 1 
38522, 1, 1 
46705, 1, 1 
52056, 1, 1 
9884, 1, 1 
20963, 1, 1 
16262, 1, 1 
104, 1, 1 
32204, 1, 1 
28167, 1, 1 
18958, 1, 1 
9121, 1, 1 
891, 1, 1 
43269, 1, 1 
36141, 1, 1 
13697, 1, 1 
25513, 1, 1 
21818, 1, 1 
40178, 1, 1 
48993, 1, 1 
54393, 1, 1 
32718, 1, 1 
44724, 1, 1 
50055, 1, 1 
37862, 1, 1 
47158, 1, 1 
9043, 1, 1 
36037, 1, 1 
29114, 1, 1 
42348, 1, 1 
5966, 1, 1 
44368, 1, 1 
6206, 1, 1 
14794, 1, 1 
45893, 1, 1 
59658, 1, 1 
23142, 1, 1 
52051, 1, 1 
59382, 1, 1 
41226, 1, 1 
19036, 1, 1 
14870, 1, 1 
2811, 1, 1 
58903, 1, 1 
50907, 1, 1 
33918, 1, 1 
7176, 1, 1 
53409, 1, 1 
18258, 1, 1 
12805, 1, 1 
38490, 1, 1 
42182, 1, 1 
42406, 1, 1 
57948, 1, 1 
51739, 1, 1 
34757, 1, 1 
14821, 1, 1 
41332, 1, 1 
35657, 1, 1 
38466, 1, 1 
41514, 1, 1 
11058, 1, 1 
14631, 1, 1 
37607, 1, 1 
52627, 1, 1 
34004, 1, 1 
16983, 1, 1 
5708, 1, 1 
47391, 1, 1 
47735, 1, 1 
14734, 1, 1 
50016, 1, 1 
47041, 1, 1 
54418, 1, 1 
30408, 1, 1 
43791, 1, 1 
10545, 1, 1 
30100, 1, 1 
19304, 1, 1 
6859, 1, 1 
38941, 1, 1 
4569, 1, 1 
47075, 1, 1 
53427, 1, 1 
37384, 1, 1 
32439, 1, 1 
43905, 1, 1 
37526, 2, 2 
32590, 2, 2 
28067, 2, 2 
18713, 2, 2 
48951, 2, 2 
10009, 2, 2 
10554, 2, 2 
38784, 2, 2 
31373, 2, 2 
45319, 2, 2 
34675, 2, 2 
54737, 2, 2 
20448, 2, 2 
48784, 2, 2 
38667, 2, 2 
15699, 2, 2 
49819, 2, 2 
16057, 2, 2 
53644, 2, 2 
6948, 2, 2 
41489, 2, 2 
16754, 2, 2 
47043, 2, 2 
28958, 2, 2 
11380, 2, 2 
11865, 2, 2 
43874, 2, 2 
24602, 2, 2 
13299, 2, 2 
42805, 2, 2 
41469, 2, 2 
56957, 2, 2 
40948, 2, 2 
47598, 2, 2 
19982, 2, 2 
18526, 2, 2 
9894, 2, 2 
40461, 2, 2 
54893, 2, 2 
26341, 2, 2 
38542, 2, 2 
29401, 2, 2 
41348, 2, 2 
54680, 2, 2 
24012, 2, 2 
4851, 2, 2 
33297, 2, 2 
866, 2, 2 
22792, 2, 2 
31197, 2, 4 
9979, 2, 2 
47036, 2, 2 
22184, 2, 2 
31970, 2, 2 
551, 2, 2 
25574, 2, 2 
7408, 2, 2 
31233, 2, 2 
55723, 2, 2 
25185, 2, 2 
38396, 2, 2 
28388, 2, 2 
46002, 2, 2 
12243, 2, 2 
29453, 2, 2 
13022, 2, 2 
38560, 2, 2 
38356, 2, 2 
57509, 2, 2 
28324, 2, 2 
7292, 2, 2 
41105, 2, 2 
21507, 2, 2 
58044, 2, 2 
24546, 2, 2 
21692, 2, 2 
49773, 2, 2 
47101, 2, 2 
27150, 2, 2 
54145, 2, 2 
36936, 2, 2 
47990, 2, 2 
50475, 2, 2 
18164, 2, 2 
31512, 2, 2 
41438, 2, 2 
38417, 2, 2 
20874, 2, 2 
268, 2, 2 
17729, 2, 2 
24433, 2, 2 
33697, 2, 2 
6910, 2, 2 
7259, 2, 2 
53972, 2, 2 
17087, 2, 2 
10945, 2, 2 
1010, 2, 2 
56301, 2, 2 
20313, 2, 2 
45638, 2, 2 
14868, 2, 2 
40592, 2, 2 
8058, 2, 2 
2201, 2, 2 
55508, 2, 2 
31905, 2, 2 
24390, 2, 2 
26083, 2, 2 
30951, 2, 2 
7628, 2, 2 
32606, 2, 2 
49674, 2, 2 
20514, 2, 2 
40203, 2, 2 
58277, 2, 2 
46543, 2, 2 
5647, 2, 2 
42539, 2, 2 
30056, 2, 2 
30291, 2, 2 
57654, 2, 2 
13919, 2, 2 
47321, 2, 2 
51530, 2, 2 
18255, 2, 2 
16269, 2, 2 
44612, 2, 2 
35691, 2, 2 
43391, 2, 2 
35701, 2, 2 
59316, 2, 2 
47467, 2, 2 
40090, 2, 2 
18930, 2, 2 
26883, 2, 2 
57205, 2, 2 
2892, 2, 2 
16142, 2, 2 
22516, 2, 2 
54033, 2, 2 
38068, 2, 2 
45792, 2, 2 
46951, 2, 2 
58287, 2, 2 
22701, 2, 2 
28744, 2, 2 
15466, 2, 2 
19343, 2, 2 
16237, 2, 2 
52812, 2, 2 
53926, 2, 2 
40653, 2, 2 
38108, 2, 2 
13313, 2, 2 
58323, 2, 2 
14118, 2, 2 
34532, 2, 2 
17482, 2, 2 
8078, 2, 2 
16027, 2, 2 
55789, 2, 2 
18206, 2, 2 
30522, 2, 2 
7939, 2, 2 
33096, 2, 2 
13774, 2, 2 
49735, 2, 2 
23089, 2, 2 
53026, 2, 2 
7072, 2, 2 
58638, 2, 2 
37515, 2, 2 
44415, 2, 2 
49790, 2, 2 
18077, 2, 2 
48598, 2, 2 
36397, 2, 2 
27587, 2, 2 
47199, 2, 2 
21435, 2, 2 
34961, 2, 2 
21742, 2, 2 
42513, 2, 2 
14130, 2, 2 
51575, 2, 2 
11443, 2, 2 
57262, 2, 2 
27331, 2, 2 
21522, 2, 2 
44229, 2, 2 
36704, 2, 2 
28502, 2, 2 
48811, 2, 2 
17230, 2, 2 
47164, 2, 2 
1255, 2, 2 
58896, 2, 2 
3934, 2, 2 
57500, 2, 2 
9680, 3, 3 
20099, 3, 3 
21720, 3, 3 
25078, 3, 3 
40490, 3, 3 
41136, 3, 3 
35010, 3, 3 
6059, 3, 3 
52191, 3, 3 
55796, 3, 3 
51211, 3, 3 
55732, 3, 3 
26014, 3, 3 
32385, 3, 3 
1432, 3, 3 
23977, 3, 3 
2423, 3, 3 
24733, 3, 3 
55353, 3, 3 
29356, 3, 3 
46480, 3, 3 
23144, 3, 3 
58937, 3, 3 
50964, 3, 3 
51534, 3, 3 
39312, 3, 3 
1924, 3, 3 
6098, 3, 3 
13146, 3, 3 
20869, 3, 3 
27783, 3, 3 
33357, 3, 3 
2568, 3, 3 
2675, 3, 3 
48291, 3, 3 
3347, 3, 3 
36327, 3, 3 
35195, 3, 3 
38955, 3, 3 
43192, 3, 3 
26943, 3, 3 
58252, 3, 3 
51759, 3, 3 
51101, 3, 3 
356, 3, 3 
1244, 3, 8 
3192, 3, 3 
25601, 3, 3 
24095, 3, 3 
49108, 3, 3 
25509, 3, 3 
26433, 3, 3 
15980, 3, 3 
26692, 3, 3 
53376, 3, 3 
13969, 3, 6 
4276, 3, 3 
29121, 3, 3 
46409, 3, 3 
14266, 3, 3 
14388, 3, 3 
58640, 3, 3 
45946, 3, 3 
50680, 3, 3 
58086, 3, 3 
10137, 3, 3 
12747, 3, 3 
13222, 3, 3 
10569, 3, 3 
46350, 3, 3 
46208, 3, 3 
21381, 3, 3 
21998, 3, 3 
52692, 3, 3 
54697, 3, 3 
34712, 3, 3 
2232, 3, 3 
18155, 3, 3 
8557, 3, 3 
27115, 3, 8 
50403, 3, 3 
2834, 3, 3 
54199, 3, 3 
7225, 3, 3 
27261, 3, 3 
28119, 3, 3 
18812, 3, 3 
8635, 3, 3 
34289, 3, 3 
46465, 3, 3 
39804, 3, 5 
12437, 3, 3 
59930, 3, 3 
21466, 3, 5 
56073, 3, 3 
9974, 3, 3 
47225, 3, 3 
26831, 3, 3 
4891, 3, 3 
17911, 3, 3 
20080, 3, 3 
8360, 3, 3 
30229, 3, 3 
55869, 3, 3 
17409, 3, 3 
30048, 3, 3 
7192, 3, 3 
14624, 3, 3 
44749, 3, 3 
3264, 3, 3 
45586, 3, 5 
2252, 3, 3 
3171, 3, 3 
16190, 3, 3 
32275, 3, 3 
44462, 3, 5 
59001, 3, 3 
3051, 3, 3 
37314, 3, 3 
23265, 3, 3 
6213, 3, 3 
41632, 3, 3 
40382, 3, 3 
31269, 3, 3 
17041, 3, 3 
13190, 3, 3 
20565, 3, 3 
50181, 3, 3 
35058, 3, 3 
4584, 3, 3 
48396, 3, 3 
20430, 3, 3 
30400, 3, 3 
15003, 3, 3 
40307, 3, 3 
43064, 3, 3 
59500, 3, 3 
32192, 3, 3 
9932, 3, 3 
34203, 3, 3 
30883, 3, 3 
16569, 3, 3 
42264, 3, 3 
30226, 3, 3 
31136, 3, 3 
6405, 3, 3 
53958, 3, 3 
34058, 3, 3 
53357, 3, 3 
59598, 3, 3 
53108, 3, 3 
2803, 3, 3 
38089, 3, 3 
33146, 3, 3 
36990, 3, 3 
41776, 3, 3 
27701, 3, 3 
29294, 3, 3 
35949, 3, 3 
45599, 3, 3 
6233, 3, 3 
53107, 3, 3 
30885, 3, 3 
56869, 3, 3 
2029, 3, 3 
29097, 3, 3 
2740, 3, 3 
10349, 3, 3 
55547, 3, 3 
23076, 3, 3 
7106, 3, 3 
22569, 3, 3 
51063, 3, 3 
42041, 3, 3 
33568, 3, 3 
12153, 3, 2 
12300, 3, 3 
21515, 3, 3 
5748, 3, 3 
22404, 3, 3 
2456, 3, 3 
15412, 3, 3 
16220, 3, 3 
7982, 3, 3 
14184, 3, 3 
39678, 3, 1 
48498, 3, 3 
19250, 3, 3 
48233, 3, 3 
17588, 3, 3 
405, 3, 3 
8279, 3, 3 
13114, 3, 3 
50936, 3, 5 
856, 3, 3 
17966, 3, 3 
215, 3, 3 
37555, 3, 3 
14431, 3, 3 
11999, 3, 3 
8950, 4, 4 
33115, 4, 4 
3732, 4, 4 
47500, 4, 4 
40573, 4, 4 
13500, 4, 4 
14188, 4, 4 
3957, 4, 4 
10854, 4, 4 
20303, 4, 4 
48835, 4, 4 
39117, 4, 4 
56743, 4, 4 
57712, 4, 4 
25534, 4, 4 
25490, 4, 4 
7350, 4, 4 
25006, 4, 4 
14546, 4, 6 
27695, 4, 4 
48487, 4, 4 
28655, 4, 4 
41648, 4, 4 
55332, 4, 4 
23878, 4, 4 
804, 4, 4 
47368, 4, 4 
9558, 4, 4 
50844, 4, 4 
14539, 4, 4 
59863, 4, 4 
15405, 4, 4 
59185, 4, 4 
34424, 4, 4 
8341, 4, 4 
413, 4, 4 
115, 4, 4 
15058, 4, 4 
1220, 4, 4 
11641, 4, 4 
22771, 4, 4 
32798, 4, 4 
32301, 4, 4 
38323, 4, 4 
3370, 4, 4 
48782, 4, 4 
52893, 4, 4 
25790, 4, 4 
57841, 4, 4 
29558, 4, 4 
14720, 4, 4 
34101, 4, 4 
37958, 4, 4 
43217, 4, 4 
34596, 4, 4 
8243, 4, 4 
14939, 4, 4 
4114, 4, 4 
46894, 4, 4 
36346, 4, 4 
41846, 4, 4 
57582, 4, 4 
275, 4, 4 
47823, 4, 4 
58174, 4, 4 
56190, 4, 4 
25334, 4, 4 
15871, 4, 4 
5410, 4, 4 
35849, 4, 4 
23299, 4, 4 
27272, 4, 4 
41173, 4, 4 
30472, 4, 4 
4707, 4, 4 
12644, 4, 4 
33415, 4, 4 
40946, 4, 4 
52838, 4, 4 
7489, 4, 4 
42857, 4, 4 
16155, 4, 4 
18308, 4, 4 
55303, 4, 4 
13068, 4, 4 
8215, 4, 4 
50471, 4, 4 
3625, 4, 4 
49000, 4, 4 
55598, 4, 4 
20702, 4, 4 
20082, 4, 4 
55773, 4, 4 
17523, 4, 4 
54419, 4, 4 
25470, 4, 4 
53902, 4, 4 
33884, 4, 4 
21664, 4, 4 
55930, 4, 4 
52279, 4, 4 
15840, 4, 4 
36434, 4, 6 
29523, 4, 4 
16995, 4, 4 
34991, 4, 4 
50432, 4, 4 
44405, 4, 4 
46731, 4, 4 
48970, 4, 4 
21107, 4, 4 
34988, 4, 4 
24795, 4, 4 
34808, 4, 4 
24922, 4, 4 
18398, 4, 4 
54359, 4, 4 
20230, 4, 4 
31872, 4, 4 
51712, 4, 4 
18245, 4, 4 
12973, 4, 4 
24109, 4, 4 
59312, 4, 4 
52973, 4, 4 
27584, 4, 4 
10391, 4, 4 
19044, 4, 4 
2715, 4, 4 
42587, 4, 4 
54813, 4, 4 
25848, 4, 4 
37516, 4, 4 
25682, 4, 4 
56671, 4, 4 
9431, 4, 4 
33679, 4, 4 
16459, 4, 4 
13683, 4, 4 
53753, 4, 4 
39083, 4, 4 
39799, 4, 4 
56855, 4, 4 
25313, 4, 4 
50517, 4, 4 
57114, 4, 4 
18011, 4, 4 
45507, 4, 4 
27495, 4, 4 
15394, 4, 4 
28363, 4, 4 
44155, 4, 4 
18807, 4, 4 
34631, 4, 4 
50339, 4, 4 
15916, 4, 4 
48379, 4, 4 
4757, 4, 4 
6552, 4, 4 
51979, 4, 4 
49398, 4, 4 
26235, 4, 4 
32015, 4, 4 
18345, 4, 4 
13841, 4, 4 
40834, 4, 4 
58210, 4, 4 
54918, 4, 4 
54801, 4, 4 
1546, 4, 4 
12976, 4, 4 
48087, 4, 4 
2443, 4, 4 
12654, 4, 4 
20835, 4, 4 
13943, 4, 4 
31668, 4, 4 
25353, 4, 4 
48478, 4, 4 
36897, 4, 4 
35254, 4, 4 
5777, 4, 4 
52623, 4, 4 
3071, 4, 4 
39491, 4, 4 
46920, 4, 4 
5631, 4, 4 
28426, 4, 4 
17067, 4, 4 
16391, 4, 4 
680, 4, 4 
23913, 4, 4 
16338, 4, 4 
4522, 4, 4 
22670, 4, 4 
18365, 4, 4 
19389, 4, 4 
25550, 4, 4 
35183, 4, 4 
2424, 4, 4 
54202, 5, 5 
3563, 5, 5 
24232, 5, 5 
37004, 5, 5 
40733, 5, 5 
50782, 5, 5 
21671, 5, 5 
9738, 5, 5 
49141, 5, 5 
54465, 5, 5 
34159, 5, 5 
41980, 5, 5 
36812, 5, 5 
3356, 5, 5 
50366, 5, 5 
45263, 5, 5 
55718, 5, 5 
14074, 5, 5 
37358, 5, 5 
43144, 5, 5 
7073, 5, 5 
6472, 5, 5 
56200, 5, 5 
31746, 5, 5 
52540, 5, 5 
41023, 5, 5 
38902, 5, 5 
38604, 5, 5 
13040, 5, 5 
5757, 5, 5 
4192, 5, 5 
58663, 5, 5 
46453, 5, 5 
33448, 5, 5 
51793, 5, 5 
36918, 5, 5 
24250, 5, 5 
49783, 5, 5 
14534, 5, 5 
2478, 5, 5 
45872, 5, 5 
59846, 5, 5 
58365, 5, 5 
19638, 5, 5 
29685, 5, 5 
12695, 5, 5 
14471, 5, 5 
9849, 5, 5 
29534, 5, 5 
57168, 5, 5 
26098, 5, 5 
30957, 5, 5 
3558, 5, 5 
35114, 5, 5 
2758, 5, 5 
35247, 5, 5 
36839, 5, 5 
34139, 5, 5 
38944, 5, 5 
10798, 5, 5 
18508, 5, 5 
54671, 5, 5 
7739, 5, 5 
49689, 5, 5 
48966, 5, 9 
43882, 5, 5 
29759, 5, 5 
26018, 5, 5 
20530, 5, 5 
13603, 5, 5 
57951, 5, 5 
49631, 5, 5 
41390, 5, 5 
49203, 5, 5 
29204, 5, 5 
775, 5, 5 
6929, 5, 5 
514, 5, 5 
4290, 5, 5 
15949, 5, 5 
27745, 5, 5 
32996, 5, 5 
47889, 5, 5 
1996, 5, 5 
18550, 5, 5 
54975, 5, 5 
12507, 5, 5 
30288, 5, 5 
32711, 5, 5 
42322, 5, 5 
48971, 5, 5 
18470, 5, 5 
54203, 5, 5 
26913, 5, 5 
26727, 5, 5 
23434, 5, 5 
48567, 5, 5 
43218, 5, 5 
17338, 5, 5 
59670, 5, 5 
56277, 5, 5 
9899, 5, 5 
19578, 5, 5 
44738, 5, 5 
26857, 5, 5 
31230, 5, 5 
46713, 5, 5 
47021, 5, 5 
23629, 5, 5 
22907, 5, 5 
58005, 5, 5 
6557, 5, 5 
50624, 5, 5 
51731, 5, 5 
46369, 5, 5 
7595, 5, 5 
46108, 5, 5 
45490, 5, 5 
55060, 5, 5 
53794, 5, 5 
44329, 5, 5 
31099, 5, 5 
32052, 5, 5 
38019, 5, 5 
13279, 5, 5 
38726, 5, 5 
28141, 5, 5 
52192, 5, 5 
39253, 5, 5 
33605, 5, 5 
14451, 5, 5 
55602, 5, 5 
26621, 5, 5 
51559, 5, 5 
24235, 5, 5 
4113, 5, 5 
1135, 5, 5 
20091, 5, 5 
16165, 5, 5 
43603, 5, 5 
53193, 5, 5 
11324, 5, 5 
57821, 5, 5 
622, 5, 5 
32488, 5, 5 
5653, 5, 5 
31782, 5, 5 
24056, 5, 5 
24579, 5, 5 
10373, 5, 5 
20693, 5, 5 
3972, 5, 5 
23825, 5, 5 
44910, 5, 5 
19888, 5, 5 
6471, 5, 5 
46968, 5, 5 
28375, 5, 5 
41475, 5, 5 
23651, 5, 5 
23341, 5, 5 
35394, 5, 5 
24864, 5, 5 
53172, 5, 5 
39311, 5, 5 
46458, 5, 5 
47296, 5, 5 
49895, 5, 5 
54002, 5, 5 
14689, 5, 5 
27877, 5, 5 
19162, 5, 5 
40659, 5, 5 
28209, 5, 5 
15155, 5, 5 
24847, 5, 5 
14599, 5, 5 
43805, 5, 5 
40290, 5, 5 
14639, 5, 5 
7639, 5, 5 
42889, 5, 5 
33993, 5, 5 
5066, 5, 5 
12269, 5, 5 
51679, 5, 5 
13094, 5, 5 
56206, 5, 5 
48847, 5, 5 
42252, 5, 5 
1997, 5, 5 
52266, 5, 5 
46924, 5, 5 
47414, 5, 5 
53096, 5, 5 
20109, 5, 5 
37521, 5, 5 
43540, 5, 5 
58248, 5, 5 
43127, 5, 5 
37390, 6, 6 
4314, 6, 6 
33751, 6, 6 
20480, 6, 6 
52912, 6, 6 
21331, 6, 6 
4778, 6, 6 
57075, 6, 6 
59171, 6, 6 
49613, 6, 6 
39383, 6, 6 
30971, 6, 6 
3985, 6, 6 
36821, 6, 6 
55382, 6, 6 
48152, 6, 6 
59008, 6, 6 
11832, 6, 6 
12433, 6, 6 
39583, 6, 6 
36036, 6, 6 
7195, 6, 6 
7829, 6, 6 
47454, 6, 6 
21772, 6, 6 
25422, 6, 6 
26606, 6, 6 
52273, 6, 6 
1398, 6, 6 
41089, 6, 6 
9926, 6, 6 
40785, 6, 6 
3629, 6, 6 
28890, 6, 6 
40244, 6, 6 
18530, 6, 6 
45630, 6, 6 
15843, 6, 6 
55533, 6, 6 
28548, 6, 6 
32633, 6, 6 
35439, 6, 6 
35883, 6, 6 
25430, 6, 6 
12964, 6, 6 
39154, 6, 6 
33269, 6, 6 
20173, 6, 6 
43582, 6, 6 
17686, 6, 6 
48239, 6, 6 
25338, 6, 6 
53148, 6, 6 
10843, 6, 6 
23830, 6, 6 
17933, 6, 6 
35219, 6, 6 
3050, 6, 6 
22633, 6, 6 
27655, 6, 6 
50870, 6, 6 
37175, 6, 6 
29832, 6, 6 
40332, 6, 6 
23922, 6, 6 
49772, 6, 6 
16538, 6, 6 
9206, 6, 6 
20782, 6, 6 
11684, 6, 6 
52844, 6, 6 
31270, 6, 6 
56171, 6, 6 
34648, 6, 6 
24957, 6, 6 
10879, 6, 6 
19134, 6, 6 
24569, 6, 6 
18903, 6, 6 
3779, 6, 6 
22834, 6, 6 
4827, 6, 6 
58825, 6, 6 
45023, 6, 6 
9090, 6, 6 
11174, 6, 6 
2516, 6, 6 
30312, 6, 6 
41636, 6, 6 
12283, 6, 6 
19530, 6, 6 
24622, 6, 6 
7868, 6, 6 
22718, 6, 6 
42611, 6, 6 
39336, 6, 6 
1741, 6, 6 
31363, 6, 6 
21745, 6, 6 
52069, 6, 6 
58370, 6, 6 
26342, 6, 6 
22084, 6, 6 
10709, 6, 6 
50612, 6, 6 
13661, 6, 6 
50645, 6, 6 
47214, 6, 6 
37477, 6, 6 
8577, 6, 6 
29928, 6, 6 
56345, 6, 6 
8407, 6, 6 
13511, 6, 6 
39934, 6, 6 
53553, 6, 6 
24726, 6, 6 
30630, 6, 6 
33730, 6, 6 
24016, 6, 6 
50580, 6, 6 
30638, 6, 6 
51075, 6, 6 
49539, 6, 6 
30387, 6, 6 
1726, 6, 6 
7342, 6, 6 
56342, 6, 6 
35955, 6, 6 
26765, 6, 6 
3387, 6, 6 
52833, 6, 6 
54699, 6, 6 
8352, 6, 6 
51804, 6, 6 
2249, 6, 6 
2785, 6, 6 
56552, 6, 6 
6456, 6, 6 
31903, 6, 6 
29350, 6, 6 
58191, 6, 6 
24146, 6, 6 
23915, 6, 6 
46088, 6, 6 
50135, 6, 6 
57036, 6, 6 
9702, 6, 6 
10304, 6, 6 
12452, 6, 6 
55770, 6, 6 
33073, 6, 6 
50961, 6, 6 
19276, 6, 6 
30687, 6, 6 
46695, 6, 6 
48219, 6, 6 
9798, 6, 6 
51728, 6, 6 
49255, 6, 6 
18956, 6, 6 
15638, 6, 6 
19986, 6, 6 
3485, 6, 6 
31232, 6, 6 
45300, 6, 6 
55057, 6, 6 
3559, 6, 6 
9961, 6, 6 
37679, 6, 6 
16684, 6, 6 
46755, 6, 6 
16054, 6, 6 
35342, 6, 6 
44238, 6, 6 
20775, 6, 6 
41246, 6, 6 
762, 6, 6 
53336, 6, 6 
45623, 6, 6 
46567, 6, 6 
32205, 6, 6 
14593, 6, 6 
41561, 6, 6 
54583, 6, 6 
218, 6, 6 
10234, 6, 6 
51977, 6, 6 
33436, 6, 6 
2777, 6, 6 
51525, 6, 6 
29707, 6, 6 
21337, 6, 6 
56519, 6, 6 
32241, 6, 6 
1902, 6, 6 
41477, 6, 6 
46471, 6, 6 
6909, 6, 6 
15401, 6, 6 
38504, 7, 7 
55147, 7, 7 
43005, 7, 7 
37775, 7, 7 
7403, 7, 7 
14586, 7, 9 
57512, 7, 7 
24727, 7, 7 
54606, 7, 7 
13756, 7, 7 
11703, 7, 7 
24041, 7, 7 
47633, 7, 7 
40643, 7, 7 
16304, 7, 7 
5504, 7, 7 
31792, 7, 7 
24561, 7, 7 
58925, 7, 7 
28764, 7, 7 
58029, 7, 7 
48515, 7, 7 
33504, 7, 7 
5473, 7, 7 
44254, 7, 7 
15449, 7, 7 
23010, 7, 7 
1730, 7, 7 
51103, 7, 7 
22007, 7, 7 
35476, 7, 7 
38788, 7, 7 
53843, 7, 7 
34233, 7, 7 
5035, 7, 7 
36352, 7, 7 
55384, 7, 7 
25506, 7, 7 
52960, 7, 7 
59845, 7, 7 
40186, 7, 7 
4548, 7, 7 
9276, 7, 7 
25792, 7, 7 
22971, 7, 7 
56095, 7, 7 
45871, 7, 7 
12737, 7, 7 
11937, 7, 7 
29801, 7, 7 
28550, 7, 7 
38088, 7, 7 
20260, 7, 7 
5906, 7, 7 
56392, 7, 7 
51691, 7, 7 
3368, 7, 7 
36719, 7, 7 
58988, 7, 7 
28429, 7, 7 
140, 7, 7 
54555, 7, 7 
27561, 7, 7 
38586, 7, 4 
20971, 7, 7 
50872, 7, 7 
50254, 7, 7 
48250, 7, 7 
7348, 7, 7 
40590, 7, 7 
47071, 7, 7 
14219, 7, 7 
48593, 7, 7 
42427, 7, 7 
31396, 7, 7 
19073, 7, 7 
17206, 7, 7 
41310, 7, 7 
45978, 7, 7 
6881, 7, 7 
58177, 7, 7 
48709, 7, 7 
50999, 7, 7 
4592, 7, 7 
23345, 7, 7 
59812, 7, 7 
18160, 7, 7 
12478, 7, 7 
19636, 7, 7 
45535, 7, 7 
1982, 7, 7 
26041, 7, 7 
5569, 7, 7 
14777, 7, 7 
58272, 7, 7 
16419, 7, 7 
12007, 7, 7 
4893, 7, 7 
27683, 7, 7 
24571, 7, 7 
31385, 7, 7 
19611, 7, 7 
59908, 7, 7 
25115, 7, 7 
7197, 7, 7 
26734, 7, 7 
13123, 7, 7 
41630, 7, 7 
41151, 7, 7 
8167, 7, 7 
25797, 7, 7 
39399, 7, 7 
39113, 7, 7 
47351, 7, 7 
20277, 7, 7 
36411, 7, 7 
41700, 7, 7 
25123, 7, 7 
4164, 7, 7 
4661, 7, 7 
31914, 7, 7 
51663, 7, 7 
14833, 7, 7 
36611, 7, 7 
56042, 7, 7 
16016, 7, 7 
40435, 7, 7 
32497, 7, 7 
48575, 7, 7 
34516, 7, 7 
497, 7, 7 
55374, 7, 7 
48622, 7, 7 
26742, 7, 7 
11421, 7, 7 
22613, 7, 7 
47829, 7, 7 
37871, 7, 7 
17887, 7, 7 
19527, 7, 7 
26568, 7, 7 
20694, 7, 7 
43919, 7, 7 
41054, 7, 7 
42466, 7, 7 
12185, 7, 7 
27577, 7, 7 
52162, 7, 7 
2055, 7, 7 
20977, 7, 7 
13042, 7, 7 
11689, 7, 7 
38001, 7, 7 
868, 7, 7 
26707, 7, 9 
16848, 7, 7 
11528, 7, 7 
48275, 7, 7 
18513, 7, 7 
18736, 7, 7 
12982, 7, 7 
47596, 7, 7 
56722, 7, 7 
26679, 7, 7 
42468, 7, 7 
58214, 7, 7 
53771, 7, 7 
35101, 7, 7 
52525, 7, 7 
37073, 7, 7 
8502, 7, 7 
31698, 7, 7 
16577, 7, 7 
35555, 7, 7 
35177, 7, 7 
55174, 7, 7 
29920, 7, 7 
15531, 7, 7 
22016, 7, 7 
54882, 7, 7 
30432, 7, 7 
48050, 7, 7 
27906, 7, 7 
44185, 7, 7 
12296, 7, 7 
23360, 7, 7 
36763, 7, 7 
32195, 7, 7 
2743, 7, 7 
9200, 7, 7 
57292, 7, 7 
654, 7, 7 
19704, 7, 7 
40476, 7, 7 
47439, 7, 7 
7287, 7, 7 
47061, 7, 7 
57825, 7, 7 
12769, 7, 7 
20318, 7, 7 
2400, 8, 8 
23035, 8, 8 
18674, 8, 8 
2067, 8, 8 
17128, 8, 8 
23109, 8, 8 
25873, 8, 8 
35924, 8, 8 
9936, 8, 8 
39355, 8, 8 
43072, 8, 8 
4873, 8, 8 
46313, 8, 8 
53806, 8, 8 
7231, 8, 8 
24048, 8, 8 
52612, 8, 8 
44436, 8, 8 
58777, 8, 8 
53445, 8, 8 
44308, 8, 8 
29194, 8, 8 
12163, 8, 8 
5215, 8, 8 
54132, 8, 8 
45877, 8, 8 
15757, 8, 8 
24160, 8, 8 
49250, 8, 8 
22557, 8, 8 
42365, 8, 8 
14664, 8, 8 
45056, 8, 8 
22965, 8, 8 
14845, 8, 8 
36210, 8, 8 
48828, 8, 8 
53090, 8, 8 
46767, 8, 8 
22604, 8, 8 
58131, 8, 8 
50133, 8, 8 
16901, 8, 8 
17594, 8, 1 
25776, 8, 8 
17919, 8, 8 
9982, 8, 8 
52592, 8, 8 
46791, 8, 8 
51612, 8, 8 
37109, 8, 8 
13402, 8, 8 
13476, 8, 8 
58326, 8, 8 
50394, 8, 8 
7151, 8, 8 
44069, 8, 8 
57217, 8, 8 
24657, 8, 8 
25429, 8, 8 
19182, 8, 8 
40945, 8, 8 
3168, 8, 8 
17564, 8, 8 
56952, 8, 8 
36708, 8, 8 
54787, 8, 8 
59837, 8, 8 
47053, 8, 8 
23466, 8, 8 
41396, 8, 8 
13632, 8, 8 
6242, 8, 8 
31622, 8, 8 
46368, 8, 8 
55610, 8, 8 
40296, 8, 8 
9567, 8, 8 
34257, 8, 8 
43290, 8, 8 
37324, 8, 8 
16465, 8, 8 
7115, 8, 8 
44576, 8, 8 
20954, 8, 8 
37263, 8, 8 
47116, 8, 8 
34785, 8, 8 
31168, 8, 8 
54569, 8, 8 
25819, 8, 8 
31390, 8, 8 
7514, 8, 8 
9349, 8, 8 
7799, 8, 8 
37870, 8, 8 
30967, 8, 8 
59215, 8, 8 
20328, 8, 8 
8859, 8, 8 
59049, 8, 8 
42961, 8, 8 
42736, 8, 8 
43069, 8, 8 
48002, 8, 8 
33956, 8, 8 
57174, 8, 8 
19103, 8, 8 
30092, 8, 8 
59612, 8, 8 
11904, 8, 8 
13885, 8, 8 
46118, 8, 8 
13498, 8, 8 
27312, 8, 8 
40856, 8, 8 
59485, 8, 8 
9944, 8, 8 
49201, 8, 8 
46034, 8, 8 
16965, 8, 8 
32591, 8, 8 
32760, 8, 8 
11625, 8, 8 
44241, 8, 8 
2475, 8, 8 
47151, 8, 8 
42107, 8, 8 
29858, 8, 8 
39011, 8, 8 
28891, 8, 8 
4083, 8, 8 
25228, 8, 8 
51846, 8, 8 
46794, 8, 8 
52115, 8, 8 
29172, 8, 8 
23637, 8, 8 
42749, 8, 8 
22060, 8, 8 
32502, 8, 8 
38858, 8, 8 
22141, 8, 8 
32389, 8, 8 
29780, 8, 8 
37444, 8, 8 
50604, 8, 8 
41992, 8, 8 
27085, 8, 8 
43234, 8, 8 
34313, 8, 8 
53864, 8, 8 
40472, 8, 8 
55043, 8, 8 
29145, 8, 8 
26776, 8, 8 
39585, 8, 8 
19267, 8, 8 
39266, 8, 8 
30545, 8, 8 
4637, 8, 8 
33481, 8, 8 
54192, 8, 8 
43968, 8, 8 
52860, 8, 8 
36834, 8, 8 
13588, 8, 8 
56536, 8, 8 
791, 8, 8 
6976, 8, 8 
33979, 8, 8 
4434, 8, 8 
36598, 8, 8 
7872, 8, 8 
10124, 8, 8 
4040, 8, 8 
10649, 8, 8 
42313, 8, 8 
12118, 8, 8 
33309, 8, 8 
40012, 8, 8 
54550, 8, 8 
42635, 8, 8 
53809, 8, 8 
8662, 8, 8 
18660, 8, 8 
35788, 8, 8 
21913, 8, 8 
56412, 8, 8 
33631, 8, 8 
11989, 8, 8 
27076, 8, 8 
52219, 8, 8 
6506, 8, 8 
47730, 8, 8 
6354, 8, 8 
14062, 8, 8 
39530, 8, 8 
12616, 8, 8 
13895, 8, 8 
51938, 9, 9 
15049, 9, 9 
30263, 9, 9 
33860, 9, 9 
15167, 9, 8 
43814, 9, 9 
20376, 9, 9 
15659, 9, 9 
4277, 9, 9 
13646, 9, 9 
30469, 9, 9 
24759, 9, 9 
33308, 9, 9 
51930, 9, 9 
52510, 9, 9 
32706, 9, 9 
20683, 9, 9 
35836, 9, 9 
15367, 9, 9 
29802, 9, 9 
16588, 9, 9 
48654, 9, 9 
51812, 9, 9 
35084, 9, 9 
17983, 9, 9 
3594, 9, 9 
46497, 9, 9 
41589, 9, 9 
29161, 9, 9 
6520, 9, 9 
35024, 9, 9 
3982, 9, 9 
43028, 9, 9 
44236, 9, 9 
45555, 9, 9 
11139, 9, 9 
41665, 9, 9 
38767, 9, 9 
35807, 9, 9 
47017, 9, 9 
28007, 9, 9 
26336, 9, 9 
25801, 9, 9 
8276, 9, 9 
38204, 9, 9 
22148, 9, 9 
13209, 9, 9 
19824, 9, 9 
5874, 9, 9 
42709, 9, 9 
22875, 9, 9 
36261, 9, 9 
54827, 9, 9 
23990, 9, 9 
29846, 9, 9 
7893, 9, 9 
33899, 9, 9 
9950, 9, 9 
49880, 9, 9 
8416, 9, 9 
58054, 9, 9 
17019, 9, 9 
18021, 9, 9 
59756, 9, 9 
48154, 9, 9 
50698, 9, 9 
40855, 9, 9 
41042, 9, 9 
26199, 9, 9 
35188, 9, 9 
10023, 9, 9 
27615, 9, 9 
34031, 9, 9 
5878, 9, 9 
42924, 9, 9 
31798, 9, 9 
18350, 9, 9 
52018, 9, 9 
21827, 9, 9 
41102, 9, 9 
16541, 9, 9 
46946, 9, 9 
33461, 9, 9 
6790, 9, 9 
24920, 9, 9 
37123, 9, 9 
10860, 9, 9 
6010, 9, 9 
29213, 9, 9 
17166, 9, 9 
24153, 9, 9 
9838, 9, 9 
33052, 9, 9 
1169, 9, 9 
6850, 9, 9 
902, 9, 0 
49163, 9, 9 
35421, 9, 9 
41375, 9, 9 
55243, 9, 9 
5893, 9, 9 
39869, 9, 9 
20235, 9, 9 
3696, 9, 7 
56425, 9, 9 
31325, 9, 9 
59990, 9, 9 
34300, 9, 9 
22678, 9, 9 
11452, 9, 9 
52236, 9, 9 
2763, 9, 9 
27773, 9, 9 
54081, 9, 9 
48089, 9, 9 
11884, 9, 9 
47120, 9, 9 
5017, 9, 9 
23329, 9, 9 
39134, 9, 9 
6751, 9, 9 
50767, 9, 9 
31351, 9, 9 
54738, 9, 9 
41827, 9, 9 
38673, 9, 9 
57152, 9, 9 
17501, 9, 9 
59075, 9, 9 
37062, 9, 8 
15693, 9, 9 
55265, 9, 9 
35893, 9, 9 
41279, 9, 9 
28838, 9, 9 
39172, 9, 9 
47403, 9, 9 
8702, 9, 9 
3359, 9, 9 
34544, 9, 9 
20333, 9, 9 
18859, 9, 9 
5130, 9, 9 
12965, 9, 9 
8714, 9, 9 
52761, 9, 9 
7774, 9, 9 
59449, 9, 9 
12172, 9, 9 
21165, 9, 9 
59191, 9, 9 
54517, 9, 9 
9447, 9, 9 
21495, 9, 9 
23816, 9, 9 
19513, 9, 9 
14915, 9, 9 
59532, 9, 9 
36930, 9, 9 
50084, 9, 9 
21297, 9, 9 
35605, 9, 9 
48484, 9, 9 
1695, 9, 9 
28213, 9, 9 
3987, 9, 9 
12767, 9, 9 
41768, 9, 9 
40809, 9, 9 
14442, 9, 9 
48224, 9, 9 
46206, 9, 9 
52651, 9, 9 
6051, 9, 9 
57006, 9, 9 
46589, 9, 9 
55009, 9, 9 
10374, 9, 9 
53895, 9, 9 
35543, 9, 9 
13395, 9, 9 
154, 9, 9 
56690, 9, 9 
24178, 9, 9 
39953, 9, 9 
25258, 9, 9 
8424, 9, 9 
50544, 9, 9 
16770, 9, 9 
17311, 9, 9 
46778, 9, 9 
39199, 9, 9 
30701, 9, 9 
364, 9, 9 
13439, 9, 9 
32771, 9, 9 
17723, 9, 9 
29180, 9, 9 
2284, 9, 9 
49451, 9, 9 
