id, true label, predicted label 
52941, 0, 0 
34904, 0, 0 
12839, 0, 0 
33389, 0, 0 
22265, 0, 0 
25754, 0, 0 
11541, 0, 0 
59319, 0, 0 
3049, 0, 0 
44278, 0, 0 
55065, 0, 0 
25725, 0, 0 
23395, 0, 0 
56404, 0, 0 
11754, 0, 0 
22816, 0, 0 
42100, 0, 0 
29187, 0, 0 
31127, 0, 0 
4023, 0, 0 
21809, 0, 0 
16326, 0, 0 
38559, 0, 0 
54853, 0, 0 
59911, 0, 0 
41374, 0, 0 
11453, 0, 0 
29520, 0, 0 
20816, 0, 0 
787, 0, 0 
11116, 0, 0 
32869, 0, 0 
10689, 0, 0 
23032, 0, 0 
1999, 0, 0 
11654, 0, 0 
40586, 0, 0 
30087, 0, 0 
11933, 0, 0 
50328, 0, 0 
11217, 0, 0 
39119, 0, 0 
31505, 0, 0 
3247, 0, 0 
36537, 0, 0 
37079, 0, 0 
22436, 0, 0 
46625, 0, 0 
4201, 0, 0 
25529, 0, 0 
49443, 0, 0 
37141, 0, 0 
58754, 0, 0 
48180, 0, 0 
18232, 0, 0 
20840, 0, 0 
21064, 0, 0 
39564, 0, 0 
15863, 0, 0 
46192, 0, 0 
2935, 0, 0 
37914, 0, 0 
54783, 0, 0 
17122, 0, 0 
21308, 0, 0 
59078, 0, 0 
15288, 0, 0 
13730, 0, 0 
10265, 0, 0 
24777, 0, 0 
28079, 0, 0 
1000, 0, 0 
7855, 0, 0 
3377, 0, 0 
4002, 0, 0 
51127, 0, 0 
29235, 0, 0 
17458, 0, 0 
21299, 0, 0 
9677, 0, 0 
7506, 0, 0 
44871, 0, 0 
29736, 0, 0 
1102, 0, 0 
45230, 0, 0 
11391, 0, 0 
17755, 0, 0 
28875, 0, 0 
41371, 0, 0 
16498, 0, 0 
18759, 0, 0 
14857, 0, 0 
11320, 0, 0 
54101, 0, 0 
19419, 0, 0 
18515, 0, 0 
435, 0, 0 
37113, 0, 0 
19856, 0, 0 
4776, 0, 0 
37495, 0, 0 
17003, 0, 0 
17535, 0, 0 
51286, 0, 0 
18599, 0, 0 
17603, 0, 0 
52832, 0, 0 
50511, 0, 0 
249, 0, 0 
6337, 0, 0 
48459, 0, 0 
39213, 0, 0 
43443, 0, 0 
5921, 0, 0 
11267, 0, 0 
10045, 0, 0 
7183, 0, 0 
50235, 0, 0 
53785, 0, 0 
44917, 0, 0 
9834, 0, 0 
46661, 0, 0 
4347, 0, 0 
57349, 0, 0 
24212, 0, 0 
49322, 0, 0 
16777, 0, 0 
1179, 0, 0 
21469, 0, 0 
24842, 0, 0 
45189, 0, 0 
22294, 0, 0 
53928, 0, 0 
5321, 0, 0 
32162, 0, 0 
12266, 0, 0 
33831, 0, 0 
13126, 0, 0 
43020, 0, 0 
56129, 0, 0 
2245, 0, 0 
37183, 0, 0 
41012, 0, 0 
58647, 0, 0 
11588, 0, 0 
41368, 0, 0 
16402, 0, 0 
1386, 0, 0 
29148, 0, 0 
41191, 0, 0 
22832, 0, 0 
45905, 0, 0 
15471, 0, 0 
39326, 0, 0 
40965, 0, 0 
56651, 0, 0 
23315, 0, 0 
14991, 0, 0 
27153, 0, 0 
44704, 0, 0 
1725, 0, 0 
23786, 0, 0 
58882, 0, 0 
33302, 0, 0 
15825, 0, 0 
30665, 0, 0 
22432, 0, 0 
51299, 0, 0 
24749, 0, 0 
8172, 0, 0 
17738, 0, 0 
49311, 0, 0 
43712, 0, 0 
9027, 0, 0 
14276, 0, 0 
34706, 0, 0 
33378, 0, 0 
29684, 0, 0 
24345, 0, 0 
17549, 0, 0 
48511, 0, 0 
16163, 0, 0 
25839, 0, 0 
59267, 0, 0 
1701, 0, 0 
28628, 0, 0 
26183, 0, 0 
41341, 0, 0 
55501, 0, 0 
23709, 0, 0 
57041, 0, 0 
18650, 0, 0 
15765, 0, 0 
21078, 0, 0 
7874, 0, 0 
17327, 0, 0 
43981, 0, 0 
53705, 0, 0 
51365, 0, 0 
56573, 0, 0 
23203, 1, 1 
23219, 1, 1 
40052, 1, 1 
56605, 1, 1 
14154, 1, 1 
17639, 1, 1 
14701, 1, 1 
42307, 1, 1 
33752, 1, 1 
19243, 1, 1 
59036, 1, 1 
9674, 1, 1 
18013, 1, 1 
25569, 1, 1 
4128, 1, 1 
26096, 1, 1 
31323, 1, 1 
30068, 1, 1 
224, 1, 3 
1699, 1, 1 
32224, 1, 1 
31911, 1, 1 
1860, 1, 1 
51741, 1, 1 
30053, 1, 1 
53792, 1, 1 
44370, 1, 1 
9161, 1, 1 
28000, 1, 1 
15561, 1, 1 
152, 1, 1 
38528, 1, 1 
11608, 1, 1 
50951, 1, 1 
53467, 1, 1 
33069, 1, 1 
54103, 1, 1 
44277, 1, 1 
37915, 1, 1 
24431, 1, 1 
7324, 1, 1 
19339, 1, 1 
54683, 1, 1 
24678, 1, 1 
51397, 1, 1 
10922, 1, 1 
40097, 1, 1 
37433, 1, 1 
10110, 1, 1 
58196, 1, 1 
35149, 1, 1 
42986, 1, 2 
27489, 1, 1 
16991, 1, 1 
609, 1, 1 
1181, 1, 1 
52177, 1, 1 
57301, 1, 1 
55371, 1, 1 
29666, 1, 1 
26951, 1, 1 
19850, 1, 1 
49961, 1, 1 
4435, 1, 1 
3885, 1, 1 
4657, 1, 1 
25724, 1, 3 
35496, 1, 1 
20659, 1, 1 
25103, 1, 1 
11404, 1, 1 
15002, 1, 1 
28650, 1, 1 
33648, 1, 1 
32562, 1, 1 
28878, 1, 1 
34590, 1, 1 
37926, 1, 1 
50979, 1, 1 
22879, 1, 1 
16546, 1, 1 
27677, 1, 1 
37023, 1, 1 
46268, 1, 1 
55358, 1, 1 
44994, 1, 1 
33467, 1, 1 
35699, 1, 1 
1665, 1, 1 
59289, 1, 1 
24163, 1, 1 
12842, 1, 1 
11982, 1, 1 
52586, 1, 1 
58123, 1, 1 
45588, 1, 1 
24904, 1, 1 
35737, 1, 1 
26495, 1, 1 
23045, 1, 1 
9315, 1, 1 
19749, 1, 1 
27013, 1, 1 
47799, 1, 1 
35008, 1, 1 
36273, 1, 1 
16076, 1, 1 
7421, 1, 1 
41939, 1, 1 
52777, 1, 1 
31887, 1, 1 
10926, 1, 1 
14892, 1, 1 
54373, 1, 1 
5128, 1, 1 
16262, 1, 1 
58691, 1, 1 
22330, 1, 1 
27531, 1, 1 
48363, 1, 1 
40724, 1, 1 
290, 1, 1 
26125, 1, 1 
9616, 1, 1 
7574, 1, 1 
24996, 1, 1 
47553, 1, 1 
30909, 1, 1 
8330, 1, 1 
26070, 1, 1 
11057, 1, 1 
59571, 1, 1 
50477, 1, 1 
36786, 1, 1 
19099, 1, 1 
42586, 1, 1 
9277, 1, 1 
44065, 1, 1 
3567, 1, 1 
70, 1, 1 
49534, 1, 1 
1579, 1, 1 
33279, 1, 1 
1647, 1, 1 
31348, 1, 1 
33377, 1, 1 
7138, 1, 1 
17685, 1, 1 
33613, 1, 1 
33394, 1, 1 
45921, 1, 1 
29957, 1, 1 
29986, 1, 1 
27276, 1, 1 
33985, 1, 1 
47773, 1, 1 
3468, 1, 1 
27011, 1, 1 
29041, 1, 9 
34762, 1, 1 
39603, 1, 1 
59773, 1, 1 
27245, 1, 1 
22120, 1, 1 
53233, 1, 1 
45641, 1, 1 
4013, 1, 1 
41858, 1, 1 
33418, 1, 1 
44745, 1, 1 
25364, 1, 1 
6745, 1, 1 
4763, 1, 1 
20884, 1, 1 
55719, 1, 1 
34373, 1, 1 
8538, 1, 1 
23036, 1, 1 
17883, 1, 1 
30194, 1, 1 
42806, 1, 1 
3604, 1, 1 
28794, 1, 1 
1838, 1, 1 
9987, 1, 1 
29927, 1, 1 
43671, 1, 1 
44561, 1, 1 
43214, 1, 1 
2767, 1, 1 
32823, 1, 1 
25054, 1, 1 
21889, 1, 8 
39007, 1, 1 
22972, 1, 1 
39661, 1, 1 
1085, 1, 1 
11387, 1, 1 
31755, 1, 1 
53761, 1, 1 
53373, 2, 2 
33707, 2, 2 
51216, 2, 2 
2399, 2, 2 
27122, 2, 2 
3642, 2, 2 
13722, 2, 2 
30884, 2, 2 
55589, 2, 2 
56055, 2, 2 
35340, 2, 2 
7587, 2, 2 
9098, 2, 2 
56154, 2, 2 
50454, 2, 2 
30329, 2, 2 
55789, 2, 2 
14835, 2, 2 
55899, 2, 2 
33449, 2, 2 
49475, 2, 2 
32726, 2, 2 
6442, 2, 2 
42717, 2, 2 
25923, 2, 2 
43191, 2, 2 
28454, 2, 2 
27393, 2, 2 
57289, 2, 2 
23325, 2, 2 
36662, 2, 2 
9105, 2, 2 
36965, 2, 2 
24290, 2, 2 
28832, 2, 2 
21219, 2, 2 
17600, 2, 2 
52410, 2, 2 
22356, 2, 2 
54315, 2, 2 
52801, 2, 2 
46783, 2, 2 
6628, 2, 2 
27458, 2, 2 
38826, 2, 2 
13432, 2, 2 
693, 2, 2 
47922, 2, 2 
28795, 2, 2 
40360, 2, 2 
13952, 2, 2 
18386, 2, 2 
32155, 2, 2 
31401, 2, 2 
11772, 2, 2 
16858, 2, 2 
20305, 2, 2 
28502, 2, 2 
19767, 2, 2 
20224, 2, 2 
49434, 2, 2 
12361, 2, 2 
35023, 2, 2 
39726, 2, 2 
6626, 2, 2 
25907, 2, 2 
42394, 2, 2 
55183, 2, 2 
28566, 2, 2 
49474, 2, 2 
5902, 2, 2 
38679, 2, 2 
58704, 2, 2 
17173, 2, 2 
12281, 2, 2 
39644, 2, 2 
1539, 2, 2 
37145, 2, 2 
2105, 2, 2 
16142, 2, 2 
56664, 2, 2 
36568, 2, 2 
21804, 2, 2 
23721, 2, 2 
50546, 2, 2 
20242, 2, 2 
34747, 2, 2 
6172, 2, 2 
38846, 2, 2 
2518, 2, 2 
696, 2, 2 
8939, 2, 2 
16408, 2, 2 
8611, 2, 2 
6039, 2, 2 
814, 2, 2 
24865, 2, 2 
29175, 2, 2 
23776, 2, 2 
42671, 2, 2 
9479, 2, 2 
11109, 2, 2 
3826, 2, 2 
568, 2, 2 
23887, 2, 2 
14043, 2, 2 
33930, 2, 2 
48665, 2, 2 
31327, 2, 2 
37638, 2, 2 
25220, 2, 2 
29741, 2, 2 
27834, 2, 2 
53708, 2, 2 
48822, 2, 2 
12603, 2, 8 
34450, 2, 2 
22554, 2, 2 
56553, 2, 2 
44747, 2, 2 
42158, 2, 2 
13919, 2, 2 
58936, 2, 2 
15039, 2, 2 
11521, 2, 2 
19432, 2, 2 
39296, 2, 2 
17089, 2, 2 
29188, 2, 2 
10582, 2, 2 
16235, 2, 2 
26649, 2, 2 
30191, 2, 2 
39147, 2, 2 
46266, 2, 2 
25854, 2, 2 
25294, 2, 2 
13156, 2, 2 
40967, 2, 2 
3536, 2, 2 
20992, 2, 2 
46082, 2, 2 
8564, 2, 2 
33938, 2, 2 
52207, 2, 2 
25787, 2, 2 
26329, 2, 2 
44525, 2, 2 
12560, 2, 2 
20160, 2, 2 
42454, 2, 2 
30663, 2, 2 
25974, 2, 2 
45779, 2, 2 
32525, 2, 2 
4451, 2, 2 
49425, 2, 2 
40936, 2, 2 
41197, 2, 2 
45929, 2, 2 
14800, 2, 2 
27464, 2, 2 
7653, 2, 2 
53669, 2, 2 
58910, 2, 2 
59816, 2, 2 
1124, 2, 2 
55749, 2, 2 
13043, 2, 2 
50315, 2, 2 
22713, 2, 2 
12871, 2, 2 
16754, 2, 2 
47610, 2, 2 
27754, 2, 2 
53019, 2, 2 
20930, 2, 2 
10657, 2, 2 
23310, 2, 2 
3890, 2, 2 
14996, 2, 2 
54815, 2, 2 
17265, 2, 2 
12682, 2, 2 
30690, 2, 2 
32590, 2, 2 
33620, 2, 2 
42219, 2, 2 
33691, 2, 2 
10300, 2, 2 
19423, 2, 2 
42126, 2, 2 
52723, 2, 2 
385, 2, 2 
56687, 2, 2 
56682, 2, 2 
20414, 2, 2 
20770, 2, 2 
9862, 2, 2 
57605, 2, 2 
48311, 3, 3 
47803, 3, 3 
35688, 3, 3 
18252, 3, 3 
54983, 3, 3 
7250, 3, 3 
58966, 3, 3 
26824, 3, 3 
45275, 3, 3 
15216, 3, 3 
31582, 3, 3 
20377, 3, 3 
42264, 3, 3 
14255, 3, 3 
6516, 3, 3 
23157, 3, 3 
2098, 3, 3 
11960, 3, 3 
130, 3, 3 
1938, 3, 3 
26651, 3, 3 
17088, 3, 3 
500, 3, 3 
34120, 3, 3 
36032, 3, 3 
27691, 3, 3 
9140, 3, 3 
33758, 3, 3 
4011, 3, 3 
19495, 3, 3 
45031, 3, 3 
23239, 3, 3 
15412, 3, 3 
49570, 3, 3 
35898, 3, 3 
4490, 3, 3 
50946, 3, 3 
25245, 3, 3 
46406, 3, 3 
23563, 3, 3 
43833, 3, 3 
44497, 3, 3 
21487, 3, 3 
31155, 3, 3 
22674, 3, 3 
33445, 3, 3 
38529, 3, 3 
52350, 3, 3 
53084, 3, 3 
32444, 3, 3 
19333, 3, 3 
17781, 3, 3 
19976, 3, 3 
16510, 3, 3 
37889, 3, 3 
15226, 3, 3 
51555, 3, 3 
46246, 3, 3 
30720, 3, 3 
39222, 3, 3 
5284, 3, 3 
14552, 3, 3 
49318, 3, 3 
52287, 3, 3 
50378, 3, 3 
49294, 3, 3 
2130, 3, 3 
36263, 3, 3 
1474, 3, 3 
27132, 3, 3 
22459, 3, 3 
23939, 3, 3 
26662, 3, 3 
10369, 3, 3 
42627, 3, 3 
44380, 3, 3 
58173, 3, 3 
17127, 3, 3 
59120, 3, 3 
21390, 3, 3 
3462, 3, 3 
6825, 3, 3 
10644, 3, 3 
50824, 3, 3 
33240, 3, 3 
27467, 3, 3 
15210, 3, 3 
13836, 3, 3 
53474, 3, 3 
47496, 3, 3 
41007, 3, 3 
49135, 3, 3 
51640, 3, 3 
54694, 3, 3 
36755, 3, 3 
5958, 3, 3 
39127, 3, 3 
24528, 3, 3 
7980, 3, 3 
56754, 3, 3 
58602, 3, 3 
15847, 3, 3 
37361, 3, 3 
16512, 3, 3 
56966, 3, 3 
17574, 3, 3 
8013, 3, 3 
33099, 3, 3 
46061, 3, 3 
36206, 3, 3 
1529, 3, 3 
53325, 3, 3 
25222, 3, 3 
47461, 3, 3 
31562, 3, 3 
4246, 3, 3 
17318, 3, 3 
808, 3, 3 
58227, 3, 3 
47669, 3, 3 
58971, 3, 3 
30306, 3, 3 
34048, 3, 3 
1677, 3, 3 
10052, 3, 3 
54534, 3, 3 
29458, 3, 3 
21606, 3, 3 
6894, 3, 3 
59038, 3, 3 
38083, 3, 3 
26596, 3, 3 
14177, 3, 3 
32663, 3, 3 
59588, 3, 3 
25373, 3, 3 
17038, 3, 3 
53158, 3, 3 
55393, 3, 3 
46534, 3, 3 
36301, 3, 3 
52563, 3, 3 
14025, 3, 3 
25820, 3, 3 
4736, 3, 3 
23779, 3, 3 
25187, 3, 3 
21055, 3, 3 
47469, 3, 3 
4449, 3, 3 
42971, 3, 3 
39553, 3, 3 
3319, 3, 3 
28444, 3, 3 
48563, 3, 3 
27541, 3, 3 
14533, 3, 3 
56197, 3, 3 
55758, 3, 3 
29791, 3, 3 
12344, 3, 3 
19631, 3, 3 
54560, 3, 3 
6826, 3, 3 
39215, 3, 3 
3233, 3, 3 
14454, 3, 3 
3435, 3, 3 
36707, 3, 3 
6440, 3, 3 
24868, 3, 3 
5328, 3, 3 
25601, 3, 3 
11441, 3, 3 
44101, 3, 3 
38037, 3, 3 
38752, 3, 3 
8381, 3, 3 
56475, 3, 3 
12506, 3, 3 
15186, 3, 3 
31667, 3, 3 
52974, 3, 3 
49249, 3, 3 
45983, 3, 3 
1791, 3, 3 
13353, 3, 3 
31428, 3, 9 
29224, 3, 3 
48264, 3, 3 
2871, 3, 3 
45217, 3, 3 
17155, 3, 3 
32581, 3, 3 
22404, 3, 3 
53595, 3, 3 
3550, 3, 3 
35914, 3, 3 
32794, 3, 3 
27666, 3, 3 
44528, 4, 4 
43703, 4, 4 
35256, 4, 4 
19294, 4, 4 
3091, 4, 4 
59139, 4, 4 
11495, 4, 4 
32997, 4, 4 
11459, 4, 4 
40933, 4, 4 
14296, 4, 4 
38188, 4, 4 
33083, 4, 4 
53985, 4, 4 
46749, 4, 4 
52681, 4, 4 
21777, 4, 4 
51071, 4, 4 
14990, 4, 4 
32776, 4, 4 
33638, 4, 4 
1008, 4, 4 
14882, 4, 4 
32661, 4, 4 
31025, 4, 4 
42330, 4, 4 
41028, 4, 4 
40285, 4, 4 
45740, 4, 4 
39690, 4, 4 
34101, 4, 4 
13132, 4, 4 
10310, 4, 4 
18981, 4, 4 
40238, 4, 4 
30134, 4, 4 
35234, 4, 6 
40363, 4, 4 
58986, 4, 4 
12438, 4, 4 
31324, 4, 4 
19059, 4, 4 
44960, 4, 4 
35183, 4, 4 
51454, 4, 4 
17926, 4, 4 
38898, 4, 4 
32056, 4, 4 
55684, 4, 4 
23121, 4, 4 
3351, 4, 4 
38336, 4, 4 
53914, 4, 4 
5623, 4, 4 
10845, 4, 4 
19936, 4, 4 
1765, 4, 4 
45214, 4, 4 
54455, 4, 4 
17769, 4, 4 
24272, 4, 4 
1554, 4, 4 
7919, 4, 4 
7327, 4, 4 
12790, 4, 4 
21131, 4, 4 
37294, 4, 4 
27125, 4, 4 
53476, 4, 9 
36759, 4, 4 
16331, 4, 4 
55109, 4, 4 
12726, 4, 4 
12192, 4, 4 
51049, 4, 4 
41964, 4, 4 
54918, 4, 4 
20059, 4, 4 
31743, 4, 4 
48553, 4, 4 
9595, 4, 4 
4382, 4, 4 
25613, 4, 4 
700, 4, 4 
36923, 4, 4 
37144, 4, 4 
55320, 4, 4 
31514, 4, 4 
18767, 4, 4 
44771, 4, 4 
43291, 4, 4 
19700, 4, 4 
47210, 4, 4 
36494, 4, 4 
18294, 4, 4 
35293, 4, 4 
28963, 4, 4 
51684, 4, 4 
2164, 4, 4 
44942, 4, 4 
59951, 4, 4 
50149, 4, 4 
30316, 4, 4 
26109, 4, 4 
45278, 4, 4 
18203, 4, 4 
39339, 4, 4 
45299, 4, 4 
17733, 4, 4 
50858, 4, 4 
48442, 4, 4 
53618, 4, 4 
23326, 4, 4 
36160, 4, 4 
50267, 4, 4 
5863, 4, 4 
6865, 4, 4 
4833, 4, 4 
27055, 4, 4 
55511, 4, 4 
24296, 4, 4 
30851, 4, 4 
3694, 4, 4 
16338, 4, 4 
25931, 4, 4 
27351, 4, 4 
17991, 4, 4 
33846, 4, 4 
53249, 4, 4 
24894, 4, 4 
39151, 4, 4 
45472, 4, 4 
10150, 4, 4 
41626, 4, 4 
6329, 4, 4 
53710, 4, 4 
19840, 4, 4 
46766, 4, 4 
37712, 4, 4 
16851, 4, 4 
10912, 4, 4 
17478, 4, 4 
2390, 4, 4 
37395, 4, 4 
56659, 4, 4 
23664, 4, 4 
36817, 4, 4 
18297, 4, 4 
28049, 4, 4 
38919, 4, 4 
13852, 4, 4 
54710, 4, 4 
44584, 4, 4 
44256, 4, 4 
53693, 4, 4 
2689, 4, 4 
28020, 4, 4 
36877, 4, 4 
1812, 4, 4 
45507, 4, 4 
28683, 4, 4 
14067, 4, 4 
25605, 4, 4 
50801, 4, 4 
56856, 4, 4 
2569, 4, 4 
26480, 4, 4 
32069, 4, 4 
3334, 4, 4 
32976, 4, 4 
3666, 4, 4 
20429, 4, 4 
43819, 4, 4 
59941, 4, 4 
16093, 4, 4 
44037, 4, 4 
56276, 4, 4 
24456, 4, 4 
45252, 4, 4 
17916, 4, 4 
24327, 4, 4 
38229, 4, 4 
9993, 4, 4 
51693, 4, 4 
55687, 4, 4 
52979, 4, 4 
18846, 4, 4 
21430, 4, 4 
53446, 4, 4 
9116, 4, 4 
52958, 4, 4 
11184, 4, 4 
42536, 4, 4 
20399, 4, 4 
31522, 4, 4 
13069, 4, 4 
43614, 4, 4 
28551, 4, 4 
41022, 4, 4 
11343, 4, 4 
332, 5, 5 
59997, 5, 5 
43805, 5, 5 
52509, 5, 5 
44987, 5, 5 
6389, 5, 5 
10652, 5, 5 
43560, 5, 5 
10451, 5, 5 
21550, 5, 5 
10538, 5, 5 
27745, 5, 5 
53942, 5, 5 
13336, 5, 5 
36361, 5, 5 
5742, 5, 5 
43803, 5, 5 
33502, 5, 5 
34309, 5, 5 
13394, 5, 5 
17495, 5, 5 
18701, 5, 5 
10904, 5, 5 
46576, 5, 5 
15732, 5, 5 
50677, 5, 5 
11659, 5, 5 
26228, 5, 5 
13284, 5, 5 
39999, 5, 5 
36217, 5, 5 
47, 5, 5 
13229, 5, 5 
46365, 5, 5 
41610, 5, 5 
50601, 5, 5 
59269, 5, 5 
59406, 5, 5 
14688, 5, 5 
49202, 5, 5 
59234, 5, 5 
50398, 5, 5 
56938, 5, 5 
5515, 5, 5 
51718, 5, 5 
55356, 5, 5 
19487, 5, 5 
10434, 5, 5 
24516, 5, 5 
51258, 5, 5 
22329, 5, 5 
32059, 5, 5 
4844, 5, 5 
3864, 5, 5 
18947, 5, 5 
27291, 5, 5 
4290, 5, 5 
31472, 5, 5 
17468, 5, 5 
29066, 5, 5 
46073, 5, 5 
39409, 5, 5 
17819, 5, 5 
58039, 5, 5 
29129, 5, 5 
22310, 5, 5 
20266, 5, 5 
35743, 5, 5 
35838, 5, 5 
29112, 5, 5 
39436, 5, 5 
51366, 5, 5 
11882, 5, 5 
47319, 5, 5 
51364, 5, 5 
35187, 5, 5 
26020, 5, 5 
7382, 5, 5 
27814, 5, 5 
48921, 5, 5 
27921, 5, 5 
58731, 5, 5 
59960, 5, 5 
28267, 5, 5 
40624, 5, 5 
21819, 5, 5 
42436, 5, 5 
12039, 5, 5 
7232, 5, 5 
3289, 5, 5 
40133, 5, 5 
56277, 5, 5 
23903, 5, 5 
54589, 5, 5 
38577, 5, 5 
36086, 5, 5 
58870, 5, 5 
6680, 5, 5 
6786, 5, 5 
28886, 5, 5 
16442, 5, 5 
25832, 5, 5 
59201, 5, 5 
40824, 5, 5 
45497, 5, 5 
37472, 5, 5 
21093, 5, 5 
24402, 5, 5 
49785, 5, 5 
13699, 5, 5 
53356, 5, 5 
58217, 5, 5 
6555, 5, 5 
31554, 5, 5 
31886, 5, 5 
42560, 5, 5 
31782, 5, 5 
32040, 5, 5 
36695, 5, 5 
23676, 5, 5 
48777, 5, 5 
27378, 5, 5 
41072, 5, 5 
22463, 5, 5 
27000, 5, 5 
20590, 5, 5 
46720, 5, 5 
16393, 5, 5 
11674, 5, 5 
53822, 5, 5 
14096, 5, 5 
37726, 5, 5 
12016, 5, 5 
26648, 5, 5 
5403, 5, 5 
58739, 5, 5 
960, 5, 5 
46667, 5, 5 
34288, 5, 5 
7842, 5, 5 
25936, 5, 5 
59507, 5, 5 
41980, 5, 5 
41000, 5, 5 
32600, 5, 5 
7144, 5, 5 
4614, 5, 5 
39065, 5, 5 
9684, 5, 5 
11270, 5, 5 
34438, 5, 5 
22020, 5, 5 
23630, 5, 5 
7249, 5, 5 
4987, 5, 5 
17665, 5, 5 
33909, 5, 5 
37662, 5, 5 
2868, 5, 5 
5866, 5, 5 
49334, 5, 5 
22638, 5, 5 
6276, 5, 5 
11470, 5, 5 
44665, 5, 5 
37341, 5, 5 
51524, 5, 5 
16268, 5, 5 
10465, 5, 5 
47629, 5, 5 
27317, 5, 5 
30399, 5, 5 
19398, 5, 5 
21115, 5, 5 
17118, 5, 5 
34836, 5, 5 
15306, 5, 5 
54063, 5, 5 
12862, 5, 5 
42761, 5, 5 
54331, 5, 5 
13248, 5, 5 
14370, 5, 5 
15371, 5, 5 
52122, 5, 5 
22679, 5, 5 
1283, 5, 5 
4126, 5, 5 
18340, 5, 5 
29384, 5, 5 
50848, 5, 5 
51794, 5, 5 
53759, 5, 5 
47320, 5, 5 
13517, 5, 5 
58477, 5, 5 
24847, 5, 5 
4424, 5, 5 
54744, 5, 5 
40474, 5, 5 
45542, 6, 6 
23600, 6, 6 
6551, 6, 6 
5003, 6, 6 
19964, 6, 6 
52194, 6, 6 
8417, 6, 6 
15672, 6, 6 
18, 6, 6 
28438, 6, 6 
14973, 6, 6 
55168, 6, 6 
83, 6, 6 
33055, 6, 6 
55956, 6, 6 
29835, 6, 6 
21008, 6, 6 
11875, 6, 6 
57691, 6, 6 
19503, 6, 6 
49827, 6, 6 
13845, 6, 6 
13349, 6, 6 
15134, 6, 6 
4349, 6, 6 
32180, 6, 6 
13167, 6, 6 
7741, 6, 6 
41828, 6, 6 
52844, 6, 6 
30630, 6, 6 
4778, 6, 6 
40407, 6, 6 
32302, 6, 6 
41726, 6, 6 
19276, 6, 6 
47430, 6, 6 
26052, 6, 6 
51507, 6, 6 
48867, 6, 6 
39515, 6, 6 
42785, 6, 6 
238, 6, 6 
41800, 6, 6 
34100, 6, 6 
13587, 6, 6 
5267, 6, 6 
51310, 6, 6 
10356, 6, 6 
31954, 6, 6 
26347, 6, 6 
31626, 6, 6 
52420, 6, 6 
4404, 6, 6 
50793, 6, 6 
51602, 6, 6 
7096, 6, 6 
29872, 6, 6 
41488, 6, 6 
2044, 6, 6 
18128, 6, 6 
51232, 6, 6 
15652, 6, 6 
30608, 6, 6 
46389, 6, 6 
221, 6, 6 
51778, 6, 6 
8105, 6, 6 
33314, 6, 6 
51755, 6, 6 
49328, 6, 6 
57578, 6, 6 
31606, 6, 6 
24774, 6, 6 
9438, 6, 6 
2777, 6, 6 
15638, 6, 6 
8799, 6, 6 
52365, 6, 6 
23453, 6, 6 
14374, 6, 6 
52265, 6, 6 
24037, 6, 6 
37621, 6, 6 
31672, 6, 6 
6402, 6, 6 
56629, 6, 6 
37003, 6, 6 
16070, 6, 6 
35948, 6, 6 
15529, 6, 6 
41561, 6, 6 
15324, 6, 6 
18672, 6, 6 
11132, 6, 6 
4110, 6, 6 
52049, 6, 6 
57758, 6, 6 
39356, 6, 6 
23898, 6, 6 
29971, 6, 6 
53991, 6, 6 
22716, 6, 6 
38219, 6, 6 
5993, 6, 6 
8981, 6, 6 
51219, 6, 6 
56805, 6, 6 
45910, 6, 6 
23735, 6, 6 
47562, 6, 6 
10767, 6, 6 
35962, 6, 6 
28721, 6, 6 
19956, 6, 6 
21030, 6, 6 
48317, 6, 6 
33886, 6, 6 
48570, 6, 6 
12699, 6, 6 
23593, 6, 6 
1398, 6, 6 
20233, 6, 6 
2249, 6, 6 
24609, 6, 6 
48083, 6, 6 
18331, 6, 6 
25999, 6, 6 
8074, 6, 6 
24428, 6, 6 
9405, 6, 6 
43166, 6, 6 
54570, 6, 6 
57490, 6, 6 
41214, 6, 6 
2863, 6, 6 
50092, 6, 6 
22035, 6, 6 
19197, 6, 6 
56619, 6, 6 
38190, 6, 6 
58251, 6, 6 
59877, 6, 6 
126, 6, 6 
46859, 6, 6 
52441, 6, 6 
5566, 6, 6 
9649, 6, 6 
39372, 6, 6 
14576, 6, 6 
59431, 6, 6 
21392, 6, 6 
37804, 6, 6 
50220, 6, 6 
28554, 6, 6 
59445, 6, 6 
17619, 6, 6 
9063, 6, 6 
42921, 6, 6 
49175, 6, 6 
36857, 6, 6 
25142, 6, 6 
36893, 6, 6 
28281, 6, 6 
21929, 6, 6 
21298, 6, 6 
29048, 6, 6 
23394, 6, 6 
49484, 6, 6 
23450, 6, 6 
31623, 6, 6 
30182, 6, 6 
18904, 6, 6 
40139, 6, 6 
32219, 6, 6 
14400, 6, 6 
58430, 6, 6 
53221, 6, 6 
18422, 6, 6 
45269, 6, 6 
4143, 6, 6 
38694, 6, 6 
19523, 6, 6 
13731, 6, 6 
54933, 6, 6 
54823, 6, 6 
42611, 6, 6 
43742, 6, 6 
11905, 6, 6 
26697, 6, 6 
26677, 6, 6 
47014, 6, 6 
4430, 6, 6 
18517, 6, 6 
57314, 6, 6 
59378, 6, 6 
37238, 6, 6 
4243, 6, 6 
26318, 6, 6 
59146, 6, 6 
27219, 7, 7 
59048, 7, 7 
22539, 7, 7 
31387, 7, 7 
47262, 7, 7 
2502, 7, 7 
59871, 7, 7 
18322, 7, 3 
28229, 7, 7 
14519, 7, 7 
28437, 7, 7 
50795, 7, 7 
53858, 7, 7 
30924, 7, 7 
54871, 7, 7 
47775, 7, 7 
13355, 7, 7 
30801, 7, 7 
58816, 7, 7 
5986, 7, 7 
4551, 7, 7 
23402, 7, 7 
41871, 7, 7 
18170, 7, 7 
9432, 7, 7 
18020, 7, 7 
1022, 7, 7 
19658, 7, 7 
20304, 7, 7 
15173, 7, 7 
28298, 7, 7 
41062, 7, 7 
48473, 7, 7 
22082, 7, 7 
50978, 7, 7 
1821, 7, 7 
8655, 7, 7 
53600, 7, 7 
6902, 7, 7 
22348, 7, 7 
4000, 7, 7 
19648, 7, 7 
16264, 7, 7 
23590, 7, 7 
44005, 7, 7 
16496, 7, 7 
36583, 7, 7 
43990, 7, 7 
12395, 7, 7 
55668, 7, 7 
10302, 7, 7 
42169, 7, 9 
34600, 7, 7 
24699, 7, 7 
49615, 7, 7 
59925, 7, 7 
33797, 7, 7 
57098, 7, 7 
49277, 7, 7 
21518, 7, 7 
38921, 7, 7 
31799, 7, 7 
562, 7, 7 
50891, 7, 7 
22823, 7, 7 
11159, 7, 7 
41571, 7, 7 
16205, 7, 7 
34880, 7, 7 
5825, 7, 7 
3914, 7, 7 
47015, 7, 7 
20498, 7, 7 
8866, 7, 7 
18910, 7, 7 
49644, 7, 7 
10154, 7, 7 
1832, 7, 7 
1619, 7, 7 
8596, 7, 7 
28118, 7, 7 
17391, 7, 7 
52113, 7, 7 
38004, 7, 7 
25775, 7, 7 
39877, 7, 7 
44795, 7, 7 
53274, 7, 7 
51162, 7, 7 
50305, 7, 7 
31137, 7, 7 
12678, 7, 7 
40730, 7, 7 
969, 7, 7 
25877, 7, 7 
23661, 7, 7 
4173, 7, 7 
58526, 7, 7 
28450, 7, 7 
26356, 7, 7 
33271, 7, 7 
37494, 7, 7 
23309, 7, 7 
16613, 7, 7 
34501, 7, 7 
37963, 7, 7 
34772, 7, 7 
23433, 7, 7 
23173, 7, 7 
11334, 7, 7 
3282, 7, 7 
41892, 7, 7 
15230, 7, 7 
14448, 7, 7 
59812, 7, 7 
52524, 7, 7 
50115, 7, 7 
51161, 7, 7 
43774, 7, 7 
17795, 7, 7 
34317, 7, 7 
26151, 7, 7 
55562, 7, 7 
59665, 7, 7 
521, 7, 7 
23334, 7, 7 
1687, 7, 7 
33635, 7, 7 
26272, 7, 7 
11164, 7, 7 
5280, 7, 7 
40243, 7, 7 
20588, 7, 7 
30713, 7, 7 
42163, 7, 7 
40017, 7, 7 
24155, 7, 7 
32589, 7, 7 
11166, 7, 7 
7304, 7, 2 
10077, 7, 7 
14841, 7, 7 
24878, 7, 7 
45937, 7, 7 
32643, 7, 7 
56451, 7, 7 
31196, 7, 7 
48952, 7, 7 
1564, 7, 7 
6623, 7, 7 
31156, 7, 7 
14299, 7, 7 
14597, 7, 7 
59388, 7, 7 
49933, 7, 7 
26232, 7, 7 
37041, 7, 7 
31257, 7, 7 
30294, 7, 7 
7173, 7, 7 
32159, 7, 7 
50443, 7, 7 
53961, 7, 7 
7852, 7, 7 
53258, 7, 7 
8791, 7, 7 
35636, 7, 7 
1126, 7, 7 
52960, 7, 7 
17113, 7, 7 
20921, 7, 7 
16212, 7, 7 
56701, 7, 7 
32740, 7, 7 
52952, 7, 7 
8517, 7, 7 
24813, 7, 7 
16420, 7, 7 
20019, 7, 7 
20417, 7, 7 
20435, 7, 7 
15410, 7, 7 
55779, 7, 7 
44156, 7, 7 
31684, 7, 7 
22791, 7, 7 
24540, 7, 7 
12597, 7, 7 
34941, 7, 7 
51004, 7, 7 
45835, 7, 7 
3522, 7, 7 
54287, 7, 7 
36088, 7, 7 
50760, 7, 7 
20404, 7, 7 
47544, 7, 7 
57925, 7, 7 
8168, 7, 7 
5242, 7, 7 
54352, 8, 8 
6506, 8, 8 
38606, 8, 8 
27733, 8, 8 
3825, 8, 8 
11872, 8, 8 
34414, 8, 8 
22289, 8, 8 
43953, 8, 8 
43099, 8, 8 
10395, 8, 8 
43051, 8, 8 
22136, 8, 8 
57901, 8, 8 
47188, 8, 8 
50535, 8, 8 
20753, 8, 8 
50393, 8, 8 
23263, 8, 8 
34030, 8, 8 
2842, 8, 8 
19214, 8, 8 
32073, 8, 8 
40158, 8, 8 
16920, 8, 8 
26776, 8, 8 
55128, 8, 8 
26952, 8, 8 
42615, 8, 8 
6728, 8, 8 
24134, 8, 8 
32936, 8, 8 
51014, 8, 8 
51242, 8, 8 
48455, 8, 8 
12235, 8, 8 
38442, 8, 8 
37170, 8, 8 
17145, 8, 8 
38638, 8, 8 
18369, 8, 8 
19392, 8, 8 
54394, 8, 8 
16373, 8, 8 
24370, 8, 8 
36224, 8, 8 
51341, 8, 8 
13888, 8, 8 
58305, 8, 8 
15219, 8, 8 
3512, 8, 8 
32806, 8, 8 
19182, 8, 8 
29745, 8, 8 
19242, 8, 8 
59593, 8, 8 
18491, 8, 8 
25131, 8, 8 
35072, 8, 8 
59511, 8, 8 
49323, 8, 8 
40750, 8, 8 
23232, 8, 8 
8431, 8, 8 
20968, 8, 8 
57411, 8, 8 
25445, 8, 8 
25464, 8, 8 
3816, 8, 8 
14751, 8, 8 
27545, 8, 8 
9178, 8, 8 
56685, 8, 8 
25276, 8, 8 
29589, 8, 8 
26580, 8, 8 
28470, 8, 8 
13562, 8, 8 
11413, 8, 8 
36478, 8, 8 
13966, 8, 8 
15973, 8, 8 
11273, 8, 8 
725, 8, 8 
37444, 8, 8 
5949, 8, 8 
6606, 8, 8 
50191, 8, 8 
6976, 8, 8 
20945, 8, 8 
30416, 8, 8 
36776, 8, 8 
51754, 8, 8 
6288, 8, 8 
48555, 8, 8 
52932, 8, 8 
7768, 8, 8 
50886, 8, 8 
28813, 8, 8 
48540, 8, 8 
20607, 8, 8 
51484, 8, 8 
52496, 8, 8 
53782, 8, 8 
19763, 8, 8 
38844, 8, 8 
2805, 8, 8 
23582, 8, 8 
22241, 8, 8 
17547, 8, 8 
29092, 8, 8 
14766, 8, 8 
42712, 8, 8 
59049, 8, 8 
10559, 8, 8 
12112, 8, 8 
16597, 8, 8 
13477, 8, 8 
13626, 8, 8 
23400, 8, 8 
29335, 8, 8 
18577, 8, 8 
7477, 8, 8 
559, 8, 8 
685, 8, 8 
31540, 8, 8 
5220, 8, 8 
4887, 8, 8 
36708, 8, 8 
4853, 8, 8 
27849, 8, 8 
34669, 8, 8 
47857, 8, 8 
26122, 8, 8 
50258, 8, 8 
28539, 8, 8 
6801, 8, 8 
26583, 8, 8 
25545, 8, 8 
39219, 8, 8 
40408, 8, 8 
14093, 8, 8 
16365, 8, 8 
38391, 8, 8 
27646, 8, 8 
43342, 8, 8 
29116, 8, 8 
36816, 8, 8 
14733, 8, 8 
42979, 8, 8 
58837, 8, 8 
35338, 8, 8 
27048, 8, 8 
4677, 8, 8 
3029, 8, 8 
29656, 8, 8 
19948, 8, 8 
14728, 8, 8 
21375, 8, 8 
54082, 8, 8 
59865, 8, 8 
28364, 8, 8 
53765, 8, 8 
46998, 8, 8 
47525, 8, 8 
54916, 8, 8 
55026, 8, 8 
59544, 8, 8 
11796, 8, 8 
54884, 8, 8 
20954, 8, 8 
35467, 8, 8 
42009, 8, 8 
4621, 8, 8 
42060, 8, 8 
20819, 8, 8 
5661, 8, 8 
7924, 8, 8 
9982, 8, 8 
9208, 8, 8 
1598, 8, 8 
56842, 8, 8 
32982, 8, 8 
17596, 8, 8 
55610, 8, 8 
52290, 8, 8 
23316, 8, 8 
43321, 8, 8 
9057, 8, 8 
39307, 8, 8 
19362, 8, 8 
28915, 8, 8 
57665, 8, 8 
14140, 8, 8 
51218, 8, 8 
47549, 8, 8 
11984, 8, 8 
34534, 8, 8 
11311, 8, 8 
17564, 8, 8 
30808, 9, 9 
9238, 9, 9 
40876, 9, 9 
56480, 9, 9 
3169, 9, 9 
19113, 9, 9 
32593, 9, 9 
26594, 9, 9 
27908, 9, 9 
20270, 9, 9 
29322, 9, 9 
8745, 9, 9 
16137, 9, 9 
1292, 9, 9 
50767, 9, 9 
44878, 9, 9 
34301, 9, 9 
11626, 9, 9 
59050, 9, 9 
133, 9, 9 
17226, 9, 9 
47958, 9, 9 
13698, 9, 9 
52123, 9, 9 
36029, 9, 9 
27843, 9, 9 
50079, 9, 9 
38265, 9, 9 
40764, 9, 9 
580, 9, 9 
8220, 9, 9 
40781, 9, 9 
39974, 9, 9 
18043, 9, 9 
26828, 9, 9 
10501, 9, 9 
54323, 9, 9 
55120, 9, 9 
24694, 9, 9 
39227, 9, 9 
51020, 9, 9 
13791, 9, 9 
39447, 9, 9 
59835, 9, 9 
32715, 9, 9 
50439, 9, 9 
35283, 9, 9 
38880, 9, 9 
4968, 9, 9 
34504, 9, 9 
31262, 9, 9 
15367, 9, 9 
57018, 9, 9 
36934, 9, 9 
46243, 9, 9 
6893, 9, 9 
47865, 9, 9 
22552, 9, 9 
26631, 9, 9 
37108, 9, 9 
56649, 9, 9 
43416, 9, 9 
41599, 9, 9 
12272, 9, 9 
33147, 9, 9 
38031, 9, 9 
8601, 9, 9 
48057, 9, 9 
54827, 9, 9 
1855, 9, 9 
58004, 9, 9 
5024, 9, 9 
51609, 9, 9 
45873, 9, 9 
36993, 9, 9 
41563, 9, 9 
52055, 9, 9 
24741, 9, 9 
19140, 9, 9 
48816, 9, 9 
58426, 9, 9 
25303, 9, 9 
49956, 9, 9 
32491, 9, 9 
21145, 9, 9 
27519, 9, 9 
32771, 9, 9 
11388, 9, 9 
52605, 9, 9 
41701, 9, 9 
20773, 9, 9 
40485, 9, 9 
15991, 9, 9 
10934, 9, 9 
48159, 9, 9 
31605, 9, 9 
9061, 9, 9 
55938, 9, 9 
24898, 9, 9 
58401, 9, 9 
46315, 9, 9 
59644, 9, 9 
19814, 9, 9 
32368, 9, 9 
36988, 9, 9 
50522, 9, 9 
34104, 9, 9 
51730, 9, 9 
53196, 9, 9 
3083, 9, 9 
13646, 9, 9 
30753, 9, 9 
7217, 9, 9 
19322, 9, 9 
3645, 9, 9 
43526, 9, 9 
41501, 9, 9 
42020, 9, 9 
40772, 9, 9 
1850, 9, 9 
35325, 9, 9 
31400, 9, 9 
28114, 9, 9 
55406, 9, 9 
53342, 9, 9 
37268, 9, 9 
33329, 9, 9 
10794, 9, 9 
59942, 9, 9 
30782, 9, 9 
12203, 9, 9 
24194, 9, 9 
44400, 9, 9 
42285, 9, 9 
5208, 9, 9 
4824, 9, 9 
30712, 9, 9 
20683, 9, 9 
50787, 9, 9 
17983, 9, 9 
3662, 9, 9 
26428, 9, 9 
28597, 9, 9 
7478, 9, 9 
12889, 9, 9 
57551, 9, 9 
550, 9, 9 
37349, 9, 9 
31312, 9, 9 
34258, 9, 9 
47657, 9, 9 
33855, 9, 9 
12301, 9, 9 
36007, 9, 9 
5595, 9, 9 
44670, 9, 9 
27873, 9, 9 
19269, 9, 9 
27361, 9, 9 
3834, 9, 9 
33130, 9, 9 
3355, 9, 9 
5806, 9, 9 
39428, 9, 9 
13596, 9, 9 
23446, 9, 9 
9066, 9, 9 
37357, 9, 9 
19146, 9, 9 
264, 9, 9 
57744, 9, 9 
20763, 9, 9 
27771, 9, 9 
33699, 9, 9 
34942, 9, 9 
46970, 9, 9 
6999, 9, 9 
39640, 9, 9 
55859, 9, 9 
7511, 9, 9 
27430, 9, 9 
57006, 9, 9 
58469, 9, 9 
40507, 9, 9 
47056, 9, 9 
32908, 9, 9 
22762, 9, 9 
48234, 9, 9 
57024, 9, 9 
19690, 9, 9 
3998, 9, 9 
40293, 9, 9 
29724, 9, 9 
14037, 9, 9 
52977, 9, 9 
27334, 9, 9 
36122, 9, 9 
110, 9, 9 
17939, 9, 9 
520, 9, 9 
