id, true label, predicted label 
23943, 0, 0 
32274, 0, 0 
43965, 0, 0 
41265, 0, 0 
23589, 0, 0 
943, 0, 0 
45418, 0, 0 
42111, 0, 0 
54728, 0, 0 
29341, 0, 0 
39044, 0, 0 
54549, 0, 0 
8158, 0, 0 
40246, 0, 0 
3231, 0, 0 
37059, 0, 0 
4115, 0, 0 
54853, 0, 0 
53932, 0, 0 
19796, 0, 0 
47079, 0, 0 
9131, 0, 0 
9083, 0, 0 
7515, 0, 0 
33670, 0, 0 
6757, 0, 0 
51303, 0, 0 
11295, 0, 0 
43283, 0, 0 
28325, 0, 0 
26277, 0, 0 
2352, 0, 0 
320, 0, 0 
14644, 0, 0 
21078, 0, 0 
45676, 0, 0 
16423, 0, 0 
22375, 0, 0 
46751, 0, 0 
49075, 0, 0 
10025, 0, 0 
26073, 0, 0 
38929, 0, 0 
55588, 0, 0 
42483, 0, 0 
14857, 0, 0 
25547, 0, 0 
39624, 0, 0 
18896, 0, 0 
42862, 0, 0 
30699, 0, 0 
38297, 0, 0 
25022, 0, 0 
12691, 0, 0 
34555, 0, 0 
5115, 0, 0 
51585, 0, 0 
15028, 0, 0 
57784, 0, 0 
43554, 0, 0 
33904, 0, 0 
56429, 0, 0 
10821, 0, 0 
47555, 0, 0 
49011, 0, 0 
2854, 0, 0 
55254, 0, 0 
45042, 0, 0 
7052, 0, 0 
51685, 0, 0 
23032, 0, 0 
5074, 0, 0 
53615, 0, 0 
15567, 0, 0 
46596, 0, 0 
4374, 0, 0 
35209, 0, 0 
36468, 0, 0 
59659, 0, 0 
40821, 0, 0 
51866, 0, 0 
50379, 0, 0 
49739, 0, 0 
22209, 0, 0 
58523, 0, 0 
55030, 0, 0 
3715, 0, 0 
48350, 0, 0 
1049, 0, 0 
11045, 0, 0 
39263, 0, 0 
44451, 0, 0 
283, 0, 0 
6296, 0, 0 
54999, 0, 0 
43236, 0, 0 
27327, 0, 0 
8703, 0, 0 
29585, 0, 0 
50205, 0, 0 
1605, 0, 0 
25823, 0, 0 
13751, 0, 0 
11060, 0, 0 
59878, 0, 0 
27394, 0, 0 
42038, 0, 0 
25420, 0, 0 
21933, 0, 0 
47736, 0, 0 
29621, 0, 0 
40043, 0, 0 
45442, 0, 0 
40412, 0, 0 
15564, 0, 0 
50774, 0, 0 
56140, 0, 0 
43347, 0, 0 
39960, 0, 0 
2084, 0, 0 
49924, 0, 0 
51980, 0, 0 
39628, 0, 0 
25529, 0, 0 
10488, 0, 0 
49059, 0, 0 
27247, 0, 0 
35516, 0, 0 
45058, 0, 0 
59681, 0, 0 
13397, 0, 0 
50331, 0, 0 
582, 0, 0 
9034, 0, 0 
35697, 0, 0 
37642, 0, 0 
50492, 0, 0 
40171, 0, 0 
51466, 0, 0 
33687, 0, 0 
45766, 0, 0 
20713, 0, 0 
35408, 0, 0 
11577, 0, 0 
35708, 0, 0 
26923, 0, 0 
27332, 0, 0 
2396, 0, 0 
114, 0, 0 
56651, 0, 0 
11792, 0, 0 
156, 0, 0 
7130, 0, 0 
28992, 0, 0 
965, 0, 0 
6065, 0, 0 
34706, 0, 0 
46775, 0, 0 
56219, 0, 0 
55048, 0, 0 
33079, 0, 0 
38729, 0, 0 
22378, 0, 0 
35400, 0, 0 
13314, 0, 0 
37968, 0, 0 
3661, 0, 0 
10425, 0, 0 
57769, 0, 0 
49971, 0, 0 
1796, 0, 0 
11712, 0, 0 
46785, 0, 0 
46054, 0, 0 
16705, 0, 0 
57296, 0, 0 
44023, 0, 0 
27209, 0, 0 
5154, 0, 0 
5612, 0, 0 
23813, 0, 0 
22929, 0, 0 
14161, 0, 0 
15582, 0, 0 
54284, 0, 0 
28072, 0, 0 
46917, 0, 0 
52045, 0, 0 
43613, 0, 0 
5665, 0, 0 
59249, 0, 0 
47552, 0, 0 
15508, 0, 0 
30275, 0, 0 
5194, 0, 0 
28771, 0, 0 
44598, 0, 0 
11860, 0, 0 
11379, 0, 0 
15318, 0, 0 
55036, 1, 1 
28361, 1, 1 
13581, 1, 1 
27201, 1, 1 
56046, 1, 1 
40263, 1, 1 
22639, 1, 1 
41029, 1, 1 
14560, 1, 1 
39057, 1, 1 
58368, 1, 1 
24080, 1, 1 
43044, 1, 1 
25052, 1, 1 
5756, 1, 1 
32096, 1, 1 
38554, 1, 1 
18235, 1, 1 
24619, 1, 1 
48949, 1, 1 
32675, 1, 1 
27629, 1, 1 
19323, 1, 1 
42602, 1, 1 
2731, 1, 1 
29897, 1, 1 
52693, 1, 1 
38340, 1, 1 
30616, 1, 1 
34074, 1, 1 
11308, 1, 1 
44120, 1, 1 
59248, 1, 1 
44089, 1, 1 
23214, 1, 1 
45677, 1, 1 
28909, 1, 1 
42404, 1, 1 
23885, 1, 1 
3593, 1, 1 
52342, 1, 1 
11663, 1, 1 
21247, 1, 1 
53750, 1, 1 
35592, 1, 1 
25724, 1, 1 
38490, 1, 1 
290, 1, 1 
55988, 1, 1 
24738, 1, 1 
12845, 1, 1 
30866, 1, 1 
3373, 1, 1 
43339, 1, 1 
34681, 1, 1 
42630, 1, 1 
46637, 1, 1 
58675, 1, 1 
49961, 1, 1 
32892, 1, 1 
12078, 1, 1 
55543, 1, 1 
50572, 1, 1 
11337, 1, 1 
698, 1, 1 
19897, 1, 1 
23852, 1, 1 
42205, 1, 1 
20875, 1, 1 
53206, 1, 1 
54784, 1, 1 
22700, 1, 1 
54824, 1, 1 
46204, 1, 1 
19150, 1, 1 
19339, 1, 1 
53330, 1, 1 
52081, 1, 1 
24966, 1, 1 
2619, 1, 1 
44126, 1, 1 
26495, 1, 1 
6371, 1, 1 
57266, 1, 1 
9430, 1, 1 
48184, 1, 1 
44698, 1, 1 
38769, 1, 1 
36794, 1, 1 
54177, 1, 1 
14615, 1, 1 
51563, 1, 1 
57816, 1, 1 
57192, 1, 1 
15385, 1, 1 
22644, 1, 1 
15790, 1, 1 
10741, 1, 1 
12367, 1, 1 
39185, 1, 1 
27693, 1, 1 
51905, 1, 1 
25857, 1, 1 
24376, 1, 1 
42406, 1, 1 
57464, 1, 1 
40664, 1, 1 
29518, 1, 1 
36124, 1, 1 
4412, 1, 1 
38847, 1, 1 
19816, 1, 1 
39138, 1, 1 
33781, 1, 1 
51936, 1, 1 
45999, 1, 1 
4561, 1, 1 
52984, 1, 1 
15888, 1, 1 
31990, 1, 1 
8919, 1, 1 
9599, 1, 1 
44281, 1, 1 
42279, 1, 1 
5429, 1, 1 
33937, 1, 1 
23213, 1, 1 
43836, 1, 1 
33936, 1, 1 
36110, 1, 1 
46196, 1, 1 
58591, 1, 1 
26142, 1, 1 
41019, 1, 1 
52489, 1, 1 
36532, 1, 1 
41908, 1, 1 
59705, 1, 1 
29320, 1, 1 
41715, 1, 1 
10399, 1, 1 
4813, 1, 1 
1192, 1, 1 
47681, 1, 1 
58887, 1, 1 
40848, 1, 1 
56007, 1, 1 
28513, 1, 1 
1734, 1, 1 
51439, 1, 1 
54213, 1, 1 
30731, 1, 1 
46040, 1, 1 
52807, 1, 1 
24824, 1, 1 
46696, 1, 1 
35527, 1, 1 
18226, 1, 1 
58580, 1, 1 
34033, 1, 1 
20990, 1, 1 
43653, 1, 1 
29278, 1, 1 
59149, 1, 1 
57193, 1, 1 
10136, 1, 1 
48765, 1, 1 
39300, 1, 1 
2307, 1, 1 
53187, 1, 1 
29088, 1, 1 
40982, 1, 1 
37455, 1, 1 
44370, 1, 1 
10085, 1, 1 
57381, 1, 1 
59796, 1, 1 
45063, 1, 1 
10863, 1, 1 
43336, 1, 1 
24341, 1, 1 
33069, 1, 1 
42071, 1, 1 
38056, 1, 1 
11608, 1, 1 
14858, 1, 1 
18407, 1, 1 
17984, 1, 1 
24339, 1, 1 
23585, 1, 1 
6900, 1, 1 
30742, 1, 1 
38105, 1, 1 
43539, 1, 1 
57778, 1, 1 
58891, 1, 1 
8430, 1, 1 
30628, 1, 1 
34269, 1, 1 
17964, 1, 1 
558, 2, 2 
28369, 2, 2 
19373, 2, 2 
31047, 2, 2 
22083, 2, 2 
10312, 2, 2 
57592, 2, 2 
9087, 2, 2 
9246, 2, 2 
50840, 2, 2 
24794, 2, 2 
38770, 2, 2 
44727, 2, 2 
13015, 2, 2 
347, 2, 2 
3748, 2, 2 
44316, 2, 2 
46277, 2, 2 
15712, 2, 2 
29654, 2, 2 
48811, 2, 2 
36170, 2, 2 
50899, 2, 2 
17434, 2, 2 
11443, 2, 2 
49158, 2, 2 
37210, 2, 2 
26224, 2, 2 
41745, 2, 2 
7353, 2, 2 
10317, 2, 2 
4880, 2, 2 
31634, 2, 2 
52023, 2, 2 
50802, 2, 2 
8411, 2, 2 
55199, 2, 2 
26585, 2, 2 
54338, 2, 2 
24012, 2, 2 
53322, 2, 2 
20514, 2, 2 
39392, 2, 2 
34864, 2, 2 
7929, 2, 2 
23025, 2, 2 
12263, 2, 2 
46887, 2, 2 
56824, 2, 2 
4457, 2, 2 
4697, 2, 2 
38108, 2, 2 
47342, 2, 2 
11961, 2, 2 
44140, 2, 2 
189, 2, 2 
29449, 2, 2 
19688, 2, 2 
1584, 2, 2 
37416, 2, 2 
21274, 2, 2 
18065, 2, 2 
41335, 2, 2 
10723, 2, 2 
56340, 2, 2 
2499, 2, 2 
10739, 2, 2 
989, 2, 2 
58502, 2, 2 
34650, 2, 2 
8834, 2, 2 
59706, 2, 2 
58044, 2, 2 
35509, 2, 2 
49795, 2, 2 
27108, 2, 2 
51506, 2, 2 
52796, 2, 2 
24690, 2, 2 
30076, 2, 2 
28567, 2, 2 
15016, 2, 2 
46620, 2, 2 
58821, 2, 2 
12161, 2, 2 
56361, 2, 2 
18643, 2, 2 
37020, 2, 2 
24430, 2, 2 
17873, 2, 2 
3381, 2, 2 
57442, 2, 2 
2626, 2, 2 
22884, 2, 2 
9383, 2, 2 
25804, 2, 2 
45022, 2, 2 
22249, 2, 2 
24836, 2, 2 
41204, 2, 2 
8727, 2, 2 
53669, 2, 2 
48643, 2, 2 
24014, 2, 2 
36813, 2, 2 
40289, 2, 2 
40870, 2, 2 
38339, 2, 2 
42472, 2, 2 
16497, 2, 2 
35832, 2, 2 
31609, 2, 2 
30120, 2, 2 
24897, 2, 2 
45920, 2, 2 
15948, 2, 2 
43877, 2, 2 
20284, 2, 2 
56394, 2, 2 
40632, 2, 2 
26658, 2, 2 
25246, 2, 2 
33685, 2, 2 
39587, 2, 2 
43994, 2, 2 
57448, 2, 2 
29019, 2, 2 
29519, 2, 2 
48820, 2, 2 
48181, 2, 2 
36039, 2, 2 
58235, 2, 2 
29990, 2, 2 
58114, 2, 2 
18206, 2, 2 
16479, 2, 2 
2010, 2, 2 
10616, 2, 2 
37545, 2, 2 
37515, 2, 2 
34113, 2, 2 
43597, 2, 2 
12204, 2, 2 
50962, 2, 2 
1563, 2, 2 
49089, 2, 2 
56558, 2, 2 
44828, 2, 2 
308, 2, 2 
45638, 2, 2 
42929, 2, 2 
58831, 2, 2 
7792, 2, 2 
46408, 2, 2 
41881, 2, 2 
14050, 2, 2 
59252, 2, 2 
27356, 2, 2 
54350, 2, 2 
20786, 2, 2 
41581, 2, 2 
39032, 2, 2 
34442, 2, 2 
41710, 2, 2 
37638, 2, 2 
47228, 2, 2 
50527, 2, 2 
49775, 2, 2 
52331, 2, 2 
29624, 2, 2 
5885, 2, 2 
48483, 2, 2 
7223, 2, 2 
2125, 2, 2 
19296, 2, 2 
52186, 2, 2 
43831, 2, 2 
59831, 2, 2 
34657, 2, 2 
21219, 2, 2 
39145, 2, 2 
26540, 2, 2 
49951, 2, 2 
27472, 2, 2 
38354, 2, 2 
17089, 2, 2 
59875, 2, 2 
35571, 2, 2 
47862, 2, 2 
42271, 2, 2 
51630, 2, 2 
38785, 2, 2 
23222, 2, 2 
11896, 2, 2 
45287, 2, 2 
220, 2, 2 
59539, 2, 2 
23335, 2, 2 
54908, 2, 2 
6465, 2, 2 
22963, 3, 3 
25071, 3, 3 
21584, 3, 3 
42681, 3, 3 
15350, 3, 3 
30304, 3, 3 
59299, 3, 3 
48599, 3, 3 
38167, 3, 3 
19195, 3, 3 
6826, 3, 3 
26629, 3, 3 
21525, 3, 3 
47654, 3, 3 
13250, 3, 3 
14205, 3, 3 
8794, 3, 3 
47329, 3, 3 
9053, 3, 3 
43065, 3, 3 
8544, 3, 3 
56321, 3, 3 
19660, 3, 3 
51376, 3, 3 
47539, 3, 3 
2917, 3, 3 
5573, 3, 3 
7935, 3, 3 
58045, 3, 3 
53365, 3, 3 
26825, 3, 3 
37244, 3, 3 
42137, 3, 3 
30057, 3, 3 
8551, 3, 3 
23730, 3, 3 
35622, 3, 3 
34023, 3, 3 
11960, 3, 3 
57396, 3, 3 
2751, 3, 3 
34548, 3, 3 
28418, 3, 3 
42355, 3, 3 
32476, 3, 3 
30445, 3, 3 
12218, 3, 3 
45389, 3, 3 
38223, 3, 3 
29427, 3, 3 
19855, 3, 3 
6754, 3, 3 
613, 3, 3 
28458, 3, 3 
17526, 3, 3 
47493, 3, 3 
9230, 3, 3 
55851, 3, 3 
36511, 3, 3 
16013, 3, 3 
24539, 3, 3 
17632, 3, 3 
31636, 3, 3 
22723, 3, 3 
20377, 3, 3 
13607, 3, 3 
24621, 3, 3 
54436, 3, 3 
38193, 3, 3 
10745, 3, 3 
26561, 3, 3 
30070, 3, 3 
48064, 3, 3 
11296, 3, 3 
11583, 3, 3 
54858, 3, 3 
53691, 3, 3 
43428, 3, 3 
53358, 3, 3 
30000, 3, 3 
23897, 3, 3 
14856, 3, 3 
14026, 3, 3 
52327, 3, 3 
7666, 3, 3 
46130, 3, 3 
22322, 3, 3 
9427, 3, 3 
19708, 3, 3 
1486, 3, 3 
49673, 3, 3 
18742, 3, 3 
28193, 3, 3 
14624, 3, 3 
5831, 3, 3 
42775, 3, 3 
6106, 3, 3 
46689, 3, 3 
8230, 3, 3 
16370, 3, 3 
1959, 3, 3 
32203, 3, 3 
40901, 3, 3 
48930, 3, 9 
15651, 3, 3 
1144, 3, 3 
10787, 3, 3 
38239, 3, 3 
55321, 3, 3 
17318, 3, 3 
5717, 3, 3 
41436, 3, 3 
38089, 3, 3 
7046, 3, 3 
24278, 3, 8 
7433, 3, 3 
53938, 3, 3 
21864, 3, 3 
14286, 3, 3 
37186, 3, 3 
39384, 3, 3 
45704, 3, 3 
33445, 3, 3 
5396, 3, 3 
21866, 3, 3 
21986, 3, 3 
44555, 3, 3 
41165, 3, 3 
34105, 3, 3 
4276, 3, 3 
38277, 3, 3 
11232, 3, 3 
9386, 3, 3 
51421, 3, 3 
8557, 3, 3 
41565, 3, 3 
52700, 3, 3 
43067, 3, 3 
53083, 3, 3 
1317, 3, 3 
40247, 3, 3 
1971, 3, 3 
58983, 3, 3 
8169, 3, 3 
31404, 3, 3 
18826, 3, 3 
36032, 3, 3 
42257, 3, 3 
18895, 3, 3 
55717, 3, 3 
44388, 3, 3 
53704, 3, 3 
21284, 3, 3 
6040, 3, 3 
51890, 3, 3 
54174, 3, 3 
14255, 3, 3 
56337, 3, 3 
3215, 3, 3 
3756, 3, 3 
14065, 3, 3 
32827, 3, 3 
35504, 3, 3 
40520, 3, 3 
6089, 3, 3 
13208, 3, 3 
7635, 3, 3 
20752, 3, 3 
19518, 3, 3 
6966, 3, 3 
32665, 3, 3 
48981, 3, 3 
6447, 3, 3 
181, 3, 3 
31831, 3, 3 
8663, 3, 3 
6033, 3, 3 
14028, 3, 3 
39770, 3, 3 
15375, 3, 3 
58431, 3, 3 
2011, 3, 3 
46932, 3, 3 
56067, 3, 3 
25145, 3, 3 
54444, 3, 3 
19736, 3, 3 
14200, 3, 3 
7507, 3, 3 
55292, 3, 3 
2146, 3, 3 
7397, 3, 3 
54084, 3, 3 
37625, 3, 3 
38990, 3, 3 
4471, 3, 3 
15174, 3, 3 
42841, 3, 3 
55550, 3, 3 
19231, 3, 3 
54234, 4, 4 
2808, 4, 4 
3838, 4, 4 
59690, 4, 4 
3052, 4, 4 
14539, 4, 4 
7723, 4, 4 
37858, 4, 4 
59106, 4, 4 
1275, 4, 4 
47299, 4, 4 
40225, 4, 4 
20118, 4, 4 
32578, 4, 4 
31036, 4, 4 
37010, 4, 4 
53363, 4, 4 
47569, 4, 4 
30765, 4, 4 
54650, 4, 4 
57499, 4, 4 
53459, 4, 4 
5689, 4, 4 
706, 4, 4 
55085, 4, 4 
10618, 4, 4 
36923, 4, 4 
54319, 4, 4 
10033, 4, 4 
28700, 4, 4 
25760, 4, 4 
58992, 4, 4 
23878, 4, 4 
2050, 4, 4 
25053, 4, 4 
24120, 4, 4 
17749, 4, 4 
47805, 4, 4 
49707, 4, 4 
2071, 4, 4 
20303, 4, 4 
35178, 4, 4 
3631, 4, 4 
48669, 4, 4 
19311, 4, 4 
15420, 4, 9 
16985, 4, 4 
30121, 4, 4 
28976, 4, 4 
27584, 4, 4 
31563, 4, 4 
11131, 4, 4 
19608, 4, 4 
50609, 4, 4 
29600, 4, 4 
44689, 4, 4 
30198, 4, 4 
50510, 4, 4 
57059, 4, 4 
51923, 4, 4 
19059, 4, 4 
12790, 4, 4 
36434, 4, 4 
16206, 4, 4 
26172, 4, 4 
44283, 4, 4 
1928, 4, 4 
22331, 4, 4 
16929, 4, 4 
59647, 4, 4 
41531, 4, 4 
53295, 4, 4 
26269, 4, 4 
48835, 4, 4 
17451, 4, 4 
11283, 4, 4 
11981, 4, 4 
37767, 4, 4 
8037, 4, 4 
20711, 4, 4 
41068, 4, 4 
19033, 4, 4 
40460, 4, 4 
57582, 4, 4 
54007, 4, 4 
27487, 4, 4 
35534, 4, 4 
49552, 4, 4 
27077, 4, 4 
804, 4, 4 
40309, 4, 4 
39635, 4, 4 
5969, 4, 4 
18455, 4, 4 
6879, 4, 4 
38938, 4, 4 
15400, 4, 4 
7526, 4, 4 
56184, 4, 4 
26309, 4, 4 
10607, 4, 4 
15161, 4, 4 
48314, 4, 4 
57082, 4, 4 
54911, 4, 4 
36773, 4, 4 
89, 4, 4 
43928, 4, 4 
42587, 4, 4 
48288, 4, 9 
11652, 4, 4 
32084, 4, 4 
36557, 4, 4 
4641, 4, 4 
53613, 4, 4 
51396, 4, 4 
5777, 4, 4 
2665, 4, 4 
34185, 4, 4 
27308, 4, 4 
28493, 4, 4 
5046, 4, 4 
45391, 4, 4 
31453, 4, 4 
29864, 4, 4 
661, 4, 4 
14349, 4, 4 
3694, 4, 4 
56642, 4, 4 
24992, 4, 4 
50846, 4, 4 
17536, 4, 4 
55529, 4, 4 
692, 4, 4 
20525, 4, 4 
26544, 4, 4 
5863, 4, 4 
38966, 4, 4 
44731, 4, 4 
57102, 4, 4 
25353, 4, 4 
54852, 4, 4 
53476, 4, 9 
54991, 4, 4 
10558, 4, 4 
8553, 4, 4 
45485, 4, 4 
13291, 4, 4 
906, 4, 4 
32278, 4, 4 
55891, 4, 4 
55673, 4, 4 
25176, 4, 4 
55676, 4, 4 
35656, 4, 4 
27901, 4, 4 
35258, 4, 4 
51873, 4, 4 
37794, 4, 4 
7573, 4, 4 
1814, 4, 4 
3862, 4, 4 
17774, 4, 4 
38997, 4, 4 
10869, 4, 4 
41774, 4, 4 
45238, 4, 4 
14185, 4, 4 
50022, 4, 4 
17922, 4, 4 
30682, 4, 4 
54009, 4, 4 
27180, 4, 9 
43604, 4, 4 
22607, 4, 4 
41921, 4, 4 
16180, 4, 4 
8696, 4, 4 
14620, 4, 4 
29007, 4, 4 
36791, 4, 4 
25056, 4, 4 
32272, 4, 4 
30588, 4, 4 
52112, 4, 4 
15298, 4, 4 
43022, 4, 4 
15352, 4, 4 
2800, 4, 4 
54748, 4, 4 
17633, 4, 4 
33994, 4, 4 
2560, 4, 4 
11690, 4, 4 
50009, 4, 4 
25960, 4, 4 
7464, 4, 4 
15035, 4, 4 
47330, 4, 4 
42249, 4, 4 
12046, 5, 5 
23912, 5, 5 
20381, 5, 5 
42940, 5, 5 
1420, 5, 5 
33409, 5, 5 
26360, 5, 5 
41602, 5, 5 
37865, 5, 5 
51562, 5, 5 
18456, 5, 5 
7276, 5, 5 
56262, 5, 5 
14742, 5, 5 
35567, 5, 5 
29197, 5, 5 
12507, 5, 5 
40041, 5, 5 
9919, 5, 5 
4017, 5, 5 
46418, 5, 5 
40688, 5, 5 
16647, 5, 5 
43432, 5, 5 
17118, 5, 5 
59546, 5, 5 
17558, 5, 5 
52826, 5, 5 
12137, 5, 5 
49527, 5, 5 
30797, 5, 5 
55356, 5, 5 
55554, 5, 5 
52857, 5, 5 
51955, 5, 5 
14543, 5, 5 
28949, 5, 5 
38830, 5, 5 
35602, 5, 5 
57081, 5, 5 
37056, 5, 5 
22073, 5, 5 
40993, 5, 5 
58375, 5, 5 
57987, 5, 5 
5157, 5, 5 
35466, 5, 5 
38113, 5, 5 
1468, 5, 5 
30132, 5, 5 
54750, 5, 5 
17522, 5, 5 
34391, 5, 5 
27375, 5, 5 
45132, 5, 5 
26655, 5, 5 
56898, 5, 5 
37006, 5, 5 
3007, 5, 5 
28280, 5, 5 
11644, 5, 5 
30595, 5, 5 
3326, 5, 5 
16471, 5, 5 
26862, 5, 5 
10111, 5, 5 
57480, 5, 9 
15462, 5, 5 
37929, 5, 5 
8975, 5, 5 
43056, 5, 5 
19849, 5, 5 
4076, 5, 5 
59906, 5, 5 
43867, 5, 5 
13603, 5, 5 
24128, 5, 5 
26637, 5, 5 
48078, 5, 5 
18476, 5, 5 
50187, 5, 5 
7419, 5, 5 
15571, 5, 5 
41803, 5, 5 
5856, 5, 5 
54230, 5, 5 
58870, 5, 5 
45886, 5, 5 
32023, 5, 5 
13800, 5, 5 
6527, 5, 5 
10742, 5, 5 
23531, 5, 5 
4845, 5, 5 
57403, 5, 5 
28375, 5, 5 
2281, 5, 5 
28777, 5, 5 
37592, 5, 5 
31982, 5, 5 
11356, 5, 5 
29155, 5, 5 
35867, 5, 5 
19706, 5, 5 
49797, 5, 5 
43221, 5, 5 
9995, 5, 5 
36739, 5, 5 
2368, 5, 5 
27291, 5, 5 
59400, 5, 5 
46513, 5, 5 
10421, 5, 5 
8023, 5, 5 
56309, 5, 5 
22575, 5, 5 
50887, 5, 5 
9339, 5, 5 
15066, 5, 5 
33972, 5, 5 
58646, 5, 5 
55513, 5, 5 
54862, 5, 5 
39808, 5, 5 
56990, 5, 5 
7583, 5, 5 
29817, 5, 5 
26464, 5, 5 
40431, 5, 5 
51874, 5, 5 
28951, 5, 5 
23332, 5, 5 
12574, 5, 5 
8119, 5, 5 
15118, 5, 5 
47889, 5, 5 
3839, 5, 5 
27043, 5, 5 
1965, 5, 5 
38648, 5, 5 
30278, 5, 5 
42122, 5, 5 
13699, 5, 5 
36544, 5, 5 
57510, 5, 5 
49728, 5, 5 
47278, 5, 5 
29534, 5, 5 
31900, 5, 5 
50252, 5, 5 
18591, 5, 5 
6151, 5, 5 
50677, 5, 5 
17915, 5, 5 
49655, 5, 5 
1328, 5, 5 
9515, 5, 5 
13796, 5, 5 
15538, 5, 5 
273, 5, 5 
36193, 5, 5 
10492, 5, 5 
51792, 5, 5 
46203, 5, 5 
16210, 5, 5 
3271, 5, 5 
16126, 5, 5 
44804, 5, 5 
16737, 5, 5 
15012, 5, 5 
9763, 5, 5 
21963, 5, 5 
59377, 5, 5 
13070, 5, 5 
4119, 5, 5 
9899, 5, 5 
55712, 5, 5 
47683, 5, 5 
50142, 5, 5 
59669, 5, 5 
49190, 5, 5 
54091, 5, 5 
36559, 5, 5 
35350, 5, 5 
31078, 5, 5 
278, 5, 5 
35268, 5, 5 
24255, 5, 5 
34720, 5, 5 
43753, 5, 5 
30817, 5, 5 
9259, 5, 5 
25335, 5, 5 
49581, 5, 5 
57231, 5, 5 
46060, 5, 5 
26484, 5, 5 
7848, 5, 5 
16095, 5, 5 
11154, 5, 5 
11048, 6, 6 
56015, 6, 6 
50415, 6, 6 
7456, 6, 6 
41988, 6, 6 
12905, 6, 6 
49847, 6, 6 
13941, 6, 6 
32938, 6, 6 
58781, 6, 6 
40986, 6, 6 
5364, 6, 6 
14416, 6, 6 
55558, 6, 6 
28975, 6, 6 
39908, 6, 6 
49066, 6, 6 
51662, 6, 6 
50303, 6, 6 
19964, 6, 6 
26498, 6, 6 
4980, 6, 6 
52215, 6, 6 
36416, 6, 6 
57253, 6, 6 
17309, 6, 6 
23415, 6, 6 
24905, 6, 6 
18605, 6, 6 
30715, 6, 6 
24146, 6, 6 
52494, 6, 6 
26439, 6, 6 
21473, 6, 6 
35424, 6, 6 
57023, 6, 6 
34658, 6, 6 
1779, 6, 6 
34791, 6, 6 
11466, 6, 6 
39320, 6, 6 
28870, 6, 6 
5365, 6, 6 
59853, 6, 6 
46670, 6, 6 
25193, 6, 6 
8929, 6, 6 
39736, 6, 6 
7717, 6, 6 
32754, 6, 6 
40560, 6, 6 
40862, 6, 6 
56210, 6, 6 
41703, 6, 6 
42123, 6, 6 
5524, 6, 6 
53197, 6, 6 
5782, 6, 6 
11100, 6, 6 
27198, 6, 6 
51596, 6, 6 
29096, 6, 6 
9580, 6, 6 
39630, 6, 6 
51877, 6, 6 
58997, 6, 6 
10246, 6, 6 
45713, 6, 6 
44070, 6, 6 
12410, 6, 6 
49405, 6, 6 
34343, 6, 6 
15183, 6, 6 
8100, 6, 6 
2148, 6, 6 
17326, 6, 6 
50623, 6, 6 
18023, 6, 6 
20168, 6, 6 
8001, 6, 6 
50645, 6, 6 
1741, 6, 6 
15431, 6, 6 
22383, 6, 6 
49104, 6, 6 
19559, 6, 6 
45965, 6, 6 
56195, 6, 6 
1902, 6, 6 
18302, 6, 6 
4497, 6, 6 
19661, 6, 6 
2710, 6, 6 
32569, 6, 6 
19970, 6, 6 
20541, 6, 6 
30671, 6, 6 
1020, 6, 6 
51475, 6, 6 
9785, 6, 6 
46695, 6, 6 
31705, 6, 6 
28850, 6, 6 
16841, 6, 6 
48864, 6, 6 
24581, 6, 6 
28876, 6, 6 
26915, 6, 6 
55213, 6, 6 
56148, 6, 6 
26227, 6, 6 
3221, 6, 6 
10786, 6, 6 
19496, 6, 6 
3043, 6, 6 
42409, 6, 6 
999, 6, 6 
32783, 6, 6 
58629, 6, 6 
26940, 6, 6 
40191, 6, 6 
19316, 6, 6 
37549, 6, 6 
7126, 6, 6 
54547, 6, 6 
19431, 6, 6 
4923, 6, 6 
43655, 6, 6 
26641, 6, 6 
5837, 6, 6 
21781, 6, 6 
53869, 6, 6 
46665, 6, 6 
16054, 6, 6 
10271, 6, 6 
47045, 6, 6 
30142, 6, 6 
59493, 6, 6 
27285, 6, 6 
1184, 6, 6 
37292, 6, 6 
34135, 6, 6 
29835, 6, 6 
49305, 6, 6 
55561, 6, 6 
3366, 6, 6 
38318, 6, 6 
24411, 6, 6 
45127, 6, 6 
21128, 6, 6 
58900, 6, 6 
7970, 6, 6 
52461, 6, 6 
34447, 6, 6 
17616, 6, 6 
49769, 6, 6 
7741, 6, 6 
26920, 6, 6 
55713, 6, 6 
58442, 6, 6 
48114, 6, 6 
35709, 6, 6 
14721, 6, 6 
48673, 6, 6 
29317, 6, 6 
4905, 6, 6 
26425, 6, 6 
47472, 6, 6 
47415, 6, 6 
32242, 6, 6 
40707, 6, 6 
30128, 6, 6 
50594, 6, 6 
28333, 6, 6 
58522, 6, 6 
7063, 6, 6 
21762, 6, 6 
22789, 6, 6 
57147, 6, 6 
1159, 6, 6 
19426, 6, 6 
55951, 6, 6 
1515, 6, 6 
35037, 6, 6 
1849, 6, 6 
8726, 6, 6 
33450, 6, 6 
15043, 6, 6 
37175, 6, 6 
759, 6, 6 
58246, 6, 6 
37892, 6, 6 
45224, 6, 6 
30956, 6, 6 
33397, 6, 6 
13511, 6, 6 
38925, 6, 6 
51179, 6, 6 
55112, 6, 6 
38460, 6, 6 
51025, 7, 7 
6777, 7, 7 
43528, 7, 7 
5387, 7, 7 
43168, 7, 7 
5650, 7, 7 
39289, 7, 7 
46636, 7, 7 
12737, 7, 7 
20498, 7, 7 
43719, 7, 7 
56042, 7, 7 
17557, 7, 7 
57372, 7, 7 
8038, 7, 7 
50382, 7, 7 
55480, 7, 7 
47809, 7, 7 
26455, 7, 7 
3769, 7, 7 
30610, 7, 7 
6707, 7, 7 
21706, 7, 7 
19424, 7, 7 
5851, 7, 7 
36156, 7, 7 
26417, 7, 7 
2018, 7, 7 
6250, 7, 7 
29338, 7, 7 
42650, 7, 7 
58308, 7, 7 
22336, 7, 7 
35594, 7, 7 
31983, 7, 7 
37573, 7, 7 
49209, 7, 7 
42036, 7, 7 
25681, 7, 7 
21405, 7, 7 
40783, 7, 7 
53113, 7, 7 
21949, 7, 7 
34951, 7, 7 
24259, 7, 7 
20227, 7, 7 
57723, 7, 7 
1338, 7, 7 
17350, 7, 7 
31477, 7, 7 
46950, 7, 7 
11329, 7, 7 
10744, 7, 7 
58778, 7, 7 
58708, 7, 7 
39089, 7, 7 
36150, 7, 7 
37835, 7, 7 
56909, 7, 7 
17486, 7, 7 
56220, 7, 7 
26322, 7, 7 
48377, 7, 7 
47511, 7, 7 
45844, 7, 7 
31594, 7, 7 
39244, 7, 7 
9307, 7, 7 
22082, 7, 7 
8991, 7, 7 
2491, 7, 7 
17140, 7, 7 
13834, 7, 7 
9200, 7, 7 
9267, 7, 7 
33996, 7, 7 
49736, 7, 7 
21478, 7, 7 
56873, 7, 7 
38282, 7, 7 
48515, 7, 7 
55346, 7, 7 
48874, 7, 7 
21111, 7, 7 
33515, 7, 7 
22515, 7, 7 
30264, 7, 7 
40451, 7, 7 
36178, 7, 7 
34568, 7, 7 
2929, 7, 7 
10969, 7, 7 
25554, 7, 7 
5818, 7, 7 
9955, 7, 7 
44409, 7, 7 
12067, 7, 7 
52330, 7, 7 
8090, 7, 7 
31066, 7, 7 
17144, 7, 7 
57286, 7, 7 
12453, 7, 7 
17696, 7, 7 
30202, 7, 7 
54066, 7, 7 
43213, 7, 7 
29051, 7, 7 
53510, 7, 7 
24682, 7, 7 
3469, 7, 7 
44626, 7, 7 
35560, 7, 7 
57017, 7, 7 
14095, 7, 7 
41151, 7, 7 
41717, 7, 7 
37537, 7, 7 
14299, 7, 7 
30913, 7, 7 
91, 7, 7 
50891, 7, 7 
5059, 7, 7 
9990, 7, 7 
18367, 7, 7 
1789, 7, 7 
377, 7, 7 
33660, 7, 7 
55916, 7, 7 
14930, 7, 7 
19473, 7, 7 
43427, 7, 7 
36643, 7, 7 
53612, 7, 7 
27971, 7, 7 
24964, 7, 7 
45992, 7, 7 
16395, 7, 7 
58125, 7, 7 
45637, 7, 7 
57550, 7, 7 
29983, 7, 7 
3246, 7, 7 
29582, 7, 7 
39390, 7, 7 
55270, 7, 7 
46215, 7, 7 
48343, 7, 7 
36398, 7, 7 
48275, 7, 7 
27219, 7, 7 
58750, 7, 7 
51300, 7, 7 
3448, 7, 7 
18087, 7, 7 
25319, 7, 7 
16015, 7, 7 
58109, 7, 7 
46133, 7, 7 
46836, 7, 7 
51126, 7, 7 
50706, 7, 7 
3728, 7, 7 
12143, 7, 7 
58528, 7, 7 
50126, 7, 7 
8144, 7, 7 
14219, 7, 7 
50520, 7, 7 
43082, 7, 7 
26489, 7, 7 
31547, 7, 7 
29756, 7, 7 
44911, 7, 7 
9908, 7, 7 
15410, 7, 7 
56931, 7, 7 
59254, 7, 7 
12185, 7, 7 
6862, 7, 7 
59162, 7, 7 
13174, 7, 7 
8629, 7, 7 
703, 7, 7 
46055, 7, 7 
39401, 7, 7 
52463, 7, 7 
44526, 7, 7 
59140, 7, 7 
40742, 7, 7 
48208, 7, 7 
49933, 7, 7 
1412, 7, 7 
50760, 7, 7 
56503, 7, 7 
9833, 7, 7 
19978, 7, 7 
35474, 7, 7 
30495, 7, 7 
57949, 7, 7 
17270, 8, 8 
39948, 8, 8 
41663, 8, 8 
16232, 8, 8 
54120, 8, 8 
23215, 8, 8 
12899, 8, 8 
1141, 8, 8 
32884, 8, 8 
59101, 8, 8 
25236, 8, 8 
54645, 8, 8 
49660, 8, 8 
45717, 8, 8 
28226, 8, 8 
2805, 8, 8 
31486, 8, 8 
16979, 8, 8 
54352, 8, 8 
52485, 8, 8 
9794, 8, 8 
45884, 8, 8 
53315, 8, 8 
2358, 8, 8 
51158, 8, 8 
3499, 8, 8 
29545, 8, 8 
24954, 8, 8 
14826, 8, 8 
44180, 8, 8 
56026, 8, 8 
15501, 8, 8 
1804, 8, 8 
52070, 8, 8 
39499, 8, 8 
8535, 8, 8 
58933, 8, 8 
39005, 8, 8 
29988, 8, 8 
43051, 8, 8 
16820, 8, 8 
31060, 8, 8 
615, 8, 8 
58201, 8, 8 
38151, 8, 8 
44241, 8, 8 
45738, 8, 8 
32244, 8, 8 
32982, 8, 8 
56254, 8, 8 
19877, 8, 8 
30601, 8, 8 
24396, 8, 8 
32261, 8, 8 
25583, 8, 8 
58969, 8, 8 
8432, 8, 8 
12073, 8, 8 
32722, 8, 8 
28940, 8, 8 
55471, 8, 8 
58905, 8, 8 
41359, 8, 8 
48737, 8, 8 
28306, 8, 8 
31710, 8, 8 
34098, 8, 8 
45106, 8, 8 
40942, 8, 8 
20516, 8, 8 
31721, 8, 8 
28182, 8, 8 
44442, 8, 8 
22543, 8, 8 
51330, 8, 8 
13849, 8, 8 
52241, 8, 8 
28144, 8, 8 
17084, 8, 8 
10948, 8, 8 
38442, 8, 8 
52783, 8, 8 
16860, 8, 8 
6512, 8, 8 
2781, 8, 8 
29702, 8, 8 
23899, 8, 8 
16826, 8, 8 
43538, 8, 8 
734, 8, 8 
27729, 8, 8 
35987, 8, 8 
44272, 8, 8 
26078, 8, 8 
49250, 8, 8 
56891, 8, 8 
3211, 8, 8 
34766, 8, 8 
22324, 8, 8 
25988, 8, 8 
13420, 8, 8 
5977, 8, 8 
7871, 8, 8 
23674, 8, 8 
23347, 8, 8 
2285, 8, 8 
5534, 8, 8 
9501, 8, 8 
57174, 8, 8 
31851, 8, 8 
22849, 8, 8 
21733, 8, 8 
21926, 8, 8 
36828, 8, 8 
27608, 8, 8 
9213, 8, 8 
33439, 8, 8 
35120, 8, 8 
21110, 8, 8 
50410, 8, 8 
48075, 8, 8 
31611, 8, 8 
1788, 8, 8 
503, 8, 8 
48855, 8, 8 
45379, 8, 8 
49044, 8, 8 
50791, 8, 8 
2231, 8, 8 
47212, 8, 8 
16637, 8, 8 
40092, 8, 8 
26660, 8, 8 
54624, 8, 8 
5281, 8, 8 
31399, 8, 8 
46025, 8, 8 
11611, 8, 8 
50687, 8, 8 
26952, 8, 8 
30185, 8, 8 
40882, 8, 8 
23091, 8, 8 
45866, 8, 8 
34968, 8, 8 
37032, 8, 8 
2302, 8, 8 
5263, 8, 8 
5791, 8, 8 
47648, 8, 8 
2598, 8, 8 
58405, 8, 8 
35847, 8, 8 
51189, 8, 8 
4388, 8, 8 
18288, 8, 8 
29132, 8, 8 
19826, 8, 8 
42127, 8, 8 
32874, 8, 8 
26115, 8, 8 
16440, 8, 8 
22499, 8, 8 
9925, 8, 8 
57602, 8, 8 
45684, 8, 8 
50179, 8, 8 
46200, 8, 8 
2761, 8, 8 
25387, 8, 8 
8031, 8, 8 
37129, 8, 8 
23064, 8, 8 
49225, 8, 8 
16172, 8, 8 
6731, 8, 8 
14301, 8, 8 
14808, 8, 8 
42820, 8, 8 
5116, 8, 8 
10800, 8, 8 
15775, 8, 8 
11904, 8, 8 
48552, 8, 8 
42944, 8, 8 
21146, 8, 8 
24926, 8, 8 
28989, 8, 8 
8197, 8, 8 
7763, 8, 8 
32329, 8, 8 
51510, 8, 8 
8213, 8, 8 
24757, 8, 8 
21825, 8, 8 
27121, 8, 8 
33631, 8, 8 
925, 8, 8 
25710, 8, 8 
48753, 8, 8 
35647, 9, 9 
54578, 9, 9 
48072, 9, 9 
45174, 9, 9 
13414, 9, 9 
33249, 9, 9 
56577, 9, 9 
48504, 9, 9 
18111, 9, 9 
31783, 9, 9 
21872, 9, 9 
36988, 9, 9 
25640, 9, 9 
30825, 9, 9 
6162, 9, 9 
17019, 9, 9 
33899, 9, 9 
13573, 9, 9 
19143, 9, 9 
812, 9, 9 
12431, 9, 9 
31747, 9, 9 
9306, 9, 9 
24313, 9, 9 
43543, 9, 9 
18756, 9, 9 
29001, 9, 9 
1421, 9, 9 
38183, 9, 9 
46958, 9, 9 
43663, 9, 9 
20818, 9, 9 
20086, 9, 9 
36934, 9, 9 
11840, 9, 9 
53438, 9, 9 
27007, 9, 9 
3238, 9, 9 
10681, 9, 9 
14127, 9, 9 
34753, 9, 9 
12999, 9, 9 
20267, 9, 9 
26380, 9, 9 
37259, 9, 9 
37123, 9, 9 
5362, 9, 9 
33764, 9, 9 
8847, 9, 9 
36526, 9, 9 
3977, 9, 9 
21377, 9, 9 
54517, 9, 9 
46659, 9, 9 
25258, 9, 9 
48633, 9, 9 
45824, 9, 9 
48224, 9, 9 
28873, 9, 9 
22140, 9, 9 
49983, 9, 9 
27237, 9, 9 
24468, 9, 9 
59455, 9, 9 
5391, 9, 9 
59794, 9, 9 
14331, 9, 9 
16775, 9, 9 
51393, 9, 9 
40113, 9, 9 
33358, 9, 9 
19220, 9, 9 
40391, 9, 9 
33144, 9, 9 
30783, 9, 9 
8111, 9, 9 
19718, 9, 9 
39576, 9, 9 
51271, 9, 9 
51584, 9, 9 
50436, 9, 9 
52093, 9, 9 
322, 9, 9 
1903, 9, 9 
36062, 9, 9 
350, 9, 9 
42438, 9, 9 
21892, 9, 9 
35807, 9, 9 
17707, 9, 9 
47958, 9, 9 
9731, 9, 9 
53196, 9, 9 
18916, 9, 9 
14117, 9, 9 
58112, 9, 9 
5044, 9, 9 
56580, 9, 9 
27773, 9, 9 
18211, 9, 9 
10951, 9, 9 
45355, 9, 9 
30805, 9, 9 
54443, 9, 9 
54138, 9, 9 
54139, 9, 9 
800, 9, 9 
14015, 9, 9 
14582, 9, 9 
39172, 9, 9 
24153, 9, 9 
31400, 9, 9 
32029, 9, 9 
46206, 9, 9 
53682, 9, 9 
29846, 9, 9 
22842, 9, 9 
38293, 9, 9 
48089, 9, 9 
11333, 9, 9 
52315, 9, 9 
43107, 9, 9 
52570, 9, 9 
23447, 9, 9 
24061, 9, 9 
51472, 9, 9 
15312, 9, 9 
37009, 9, 9 
44948, 9, 9 
3786, 9, 9 
36172, 9, 9 
48225, 9, 9 
45525, 9, 9 
32066, 9, 9 
34338, 9, 9 
36083, 9, 9 
30776, 9, 9 
34248, 9, 9 
5130, 9, 9 
57079, 9, 9 
39501, 9, 9 
56238, 9, 9 
48148, 9, 9 
59804, 9, 9 
15414, 9, 9 
14974, 9, 9 
31132, 9, 9 
44285, 9, 9 
44421, 9, 9 
48205, 9, 9 
14409, 9, 9 
56883, 9, 9 
6376, 9, 9 
41329, 9, 9 
35812, 9, 9 
53204, 9, 9 
42696, 9, 9 
53202, 9, 9 
57187, 9, 9 
110, 9, 9 
35455, 9, 9 
50798, 9, 9 
1272, 9, 9 
52333, 9, 9 
7006, 9, 9 
13428, 9, 9 
9081, 9, 9 
31866, 9, 9 
41302, 9, 9 
14208, 9, 9 
51574, 9, 9 
47091, 9, 9 
9838, 9, 9 
29513, 9, 9 
30646, 9, 9 
30469, 9, 9 
14341, 9, 9 
27391, 9, 9 
17226, 9, 9 
19144, 9, 9 
58401, 9, 9 
18861, 9, 9 
59486, 9, 9 
162, 9, 9 
16303, 9, 9 
55570, 9, 9 
40235, 9, 9 
38137, 9, 9 
40446, 9, 9 
12272, 9, 9 
12074, 9, 9 
29445, 9, 9 
583, 9, 9 
22078, 9, 9 
30520, 9, 9 
7416, 9, 9 
39537, 9, 9 
56075, 9, 9 
5898, 9, 9 
37534, 9, 9 
