id, true label, predicted label 
38865, 0, 0 
9703, 0, 0 
38162, 0, 0 
36586, 0, 0 
57542, 0, 0 
28286, 0, 0 
29664, 0, 0 
28044, 0, 0 
34985, 0, 0 
38722, 0, 0 
20334, 0, 0 
3702, 0, 0 
25395, 0, 0 
9869, 0, 0 
27659, 0, 0 
12008, 0, 0 
20292, 0, 0 
12575, 0, 0 
26408, 0, 0 
29128, 0, 0 
25304, 0, 0 
4748, 0, 0 
37052, 0, 0 
53118, 0, 0 
46041, 0, 0 
39483, 0, 0 
11453, 0, 0 
13913, 0, 0 
59987, 0, 0 
58668, 0, 0 
40237, 0, 0 
4532, 0, 0 
54108, 0, 0 
46014, 0, 0 
19871, 0, 0 
1926, 0, 0 
15904, 0, 0 
46235, 0, 0 
54980, 0, 0 
49197, 0, 0 
5612, 0, 0 
53502, 0, 0 
25755, 0, 0 
8158, 0, 0 
32793, 0, 0 
49500, 0, 0 
58396, 0, 0 
303, 0, 0 
35823, 0, 0 
7858, 0, 0 
16192, 0, 0 
19491, 0, 0 
50769, 0, 0 
20388, 0, 0 
32575, 0, 0 
29560, 0, 0 
8354, 0, 0 
43778, 0, 0 
59353, 0, 0 
46410, 0, 0 
36304, 0, 0 
20843, 0, 0 
28910, 0, 0 
47124, 0, 0 
15383, 0, 0 
13066, 0, 0 
24541, 0, 0 
59059, 0, 0 
58694, 0, 0 
41490, 0, 0 
33148, 0, 0 
56259, 0, 0 
16286, 0, 0 
47815, 0, 0 
44243, 0, 0 
44589, 0, 0 
25278, 0, 0 
2709, 0, 0 
35536, 0, 0 
1709, 0, 0 
16355, 0, 0 
13926, 0, 0 
48479, 0, 0 
45544, 0, 0 
45669, 0, 0 
36468, 0, 0 
16921, 0, 0 
33844, 0, 0 
56404, 0, 0 
8110, 0, 0 
11526, 0, 0 
15567, 0, 0 
16085, 0, 0 
35739, 0, 0 
42818, 0, 0 
27547, 0, 0 
35815, 0, 0 
41606, 0, 0 
18425, 0, 0 
2624, 0, 0 
26427, 0, 0 
54873, 0, 0 
49429, 0, 0 
50637, 0, 0 
11003, 0, 0 
14897, 0, 0 
3337, 0, 0 
57811, 0, 0 
52821, 0, 0 
6461, 0, 0 
21358, 0, 0 
50924, 0, 0 
39494, 0, 0 
37697, 0, 0 
57995, 0, 0 
52617, 0, 0 
16081, 0, 0 
30037, 0, 0 
48695, 0, 0 
1701, 0, 0 
40251, 0, 0 
4002, 0, 0 
25957, 0, 0 
9710, 0, 0 
28818, 0, 0 
18837, 0, 0 
1956, 0, 0 
41368, 0, 0 
39263, 0, 0 
8926, 0, 0 
11974, 0, 0 
47786, 0, 0 
26508, 0, 0 
29869, 0, 0 
51228, 0, 0 
24828, 0, 0 
10625, 0, 0 
44788, 0, 0 
26761, 0, 0 
18563, 0, 0 
21970, 0, 0 
16151, 0, 0 
23124, 0, 0 
2257, 0, 0 
47069, 0, 0 
25803, 0, 0 
52613, 0, 0 
20713, 0, 0 
57536, 0, 0 
15169, 0, 0 
56415, 0, 0 
15692, 0, 0 
57003, 0, 0 
5298, 0, 0 
47386, 0, 0 
39789, 0, 0 
48612, 0, 0 
15065, 0, 0 
27206, 0, 0 
7128, 0, 0 
11315, 0, 0 
7985, 0, 0 
24636, 0, 0 
53678, 0, 0 
9035, 0, 0 
41338, 0, 0 
2066, 0, 0 
57053, 0, 0 
42270, 0, 0 
13719, 0, 0 
44598, 0, 0 
10022, 0, 0 
12665, 0, 0 
5905, 0, 0 
13097, 0, 0 
1359, 0, 0 
34662, 0, 0 
9983, 0, 0 
23088, 0, 0 
32454, 0, 0 
399, 0, 0 
57810, 0, 0 
40888, 0, 0 
54642, 0, 0 
30585, 0, 0 
37787, 0, 0 
12799, 0, 0 
26685, 0, 0 
37495, 0, 0 
29203, 0, 0 
31367, 0, 0 
28896, 0, 0 
18645, 0, 0 
1304, 0, 0 
8309, 0, 0 
25159, 0, 0 
50057, 0, 0 
31272, 0, 0 
54997, 0, 0 
53957, 0, 0 
29430, 1, 1 
55621, 1, 1 
48860, 1, 1 
57929, 1, 1 
18165, 1, 1 
12632, 1, 1 
37802, 1, 1 
32083, 1, 1 
58434, 1, 1 
33259, 1, 1 
28245, 1, 1 
47350, 1, 1 
15182, 1, 1 
37614, 1, 1 
4676, 1, 1 
54946, 1, 1 
5950, 1, 1 
35357, 1, 1 
16218, 1, 1 
37433, 1, 1 
47268, 1, 1 
6262, 1, 1 
43426, 1, 1 
46181, 1, 1 
29087, 1, 1 
21740, 1, 1 
33224, 1, 1 
48444, 1, 1 
3602, 1, 1 
24958, 1, 1 
42967, 1, 1 
17812, 1, 1 
38806, 1, 1 
33045, 1, 1 
16742, 1, 1 
21127, 1, 1 
36469, 1, 1 
37378, 1, 1 
1665, 1, 1 
54886, 1, 1 
17151, 1, 1 
50056, 1, 1 
26951, 1, 1 
32085, 1, 1 
26757, 1, 1 
36257, 1, 1 
37290, 1, 1 
42702, 1, 1 
16385, 1, 1 
40399, 1, 1 
14417, 1, 1 
22452, 1, 1 
53004, 1, 1 
671, 1, 1 
20384, 1, 1 
29615, 1, 1 
39484, 1, 1 
53375, 1, 1 
25764, 1, 1 
51436, 1, 1 
52175, 1, 1 
36908, 1, 1 
57378, 1, 1 
56081, 1, 1 
3440, 1, 1 
11533, 1, 1 
50032, 1, 1 
16392, 1, 1 
50600, 1, 1 
30225, 1, 1 
14936, 1, 1 
49600, 1, 1 
2040, 1, 1 
13748, 1, 1 
4105, 1, 1 
47022, 1, 1 
27250, 1, 1 
21618, 1, 1 
47169, 1, 1 
26598, 1, 1 
8963, 1, 1 
23559, 1, 1 
2623, 1, 1 
20427, 1, 1 
54803, 1, 1 
33487, 1, 1 
35001, 1, 1 
58341, 1, 1 
27875, 1, 1 
19917, 1, 1 
11895, 1, 1 
48027, 1, 1 
5779, 1, 1 
25961, 1, 1 
19918, 1, 1 
54693, 1, 1 
43044, 1, 1 
13006, 1, 1 
23204, 1, 1 
48395, 1, 1 
20047, 1, 1 
47108, 1, 1 
25196, 1, 1 
27746, 1, 1 
1365, 1, 1 
6586, 1, 1 
24020, 1, 1 
33684, 1, 1 
48177, 1, 1 
57160, 1, 1 
32334, 1, 1 
17378, 1, 1 
54416, 1, 1 
48871, 1, 1 
50249, 1, 1 
41518, 1, 1 
22545, 1, 1 
34884, 1, 1 
7020, 1, 1 
4300, 1, 1 
9815, 1, 1 
39173, 1, 1 
51556, 1, 1 
30270, 1, 1 
31701, 1, 1 
50561, 1, 1 
59958, 1, 1 
22192, 1, 1 
50582, 1, 1 
51129, 1, 1 
44724, 1, 1 
28622, 1, 1 
55523, 1, 1 
30073, 1, 1 
50572, 1, 1 
31647, 1, 1 
35600, 1, 1 
2630, 1, 1 
44569, 1, 1 
19145, 1, 1 
39717, 1, 1 
29968, 1, 1 
29323, 1, 1 
25785, 1, 1 
43332, 1, 1 
12441, 1, 1 
10684, 1, 1 
19051, 1, 1 
19400, 1, 1 
29746, 1, 1 
58286, 1, 1 
14846, 1, 1 
50477, 1, 1 
50447, 1, 1 
45032, 1, 1 
3380, 1, 1 
24973, 1, 1 
31134, 1, 1 
3070, 1, 1 
2894, 1, 1 
47394, 1, 1 
52731, 1, 1 
53521, 1, 1 
14462, 1, 1 
37200, 1, 1 
30194, 1, 1 
18229, 1, 1 
201, 1, 1 
40086, 1, 1 
27662, 1, 1 
34927, 1, 1 
35990, 1, 1 
23353, 1, 1 
7496, 1, 1 
23749, 1, 1 
18182, 1, 1 
41554, 1, 1 
59044, 1, 1 
50222, 1, 1 
6822, 1, 1 
32034, 1, 1 
54019, 1, 1 
17243, 1, 1 
36165, 1, 1 
47668, 1, 1 
4865, 1, 1 
33725, 1, 1 
23115, 1, 1 
45063, 1, 1 
42927, 1, 1 
43849, 1, 1 
44210, 1, 1 
29088, 1, 1 
40577, 1, 1 
17750, 1, 1 
52056, 1, 1 
14119, 1, 1 
7819, 1, 1 
11143, 1, 1 
11432, 1, 1 
24484, 2, 2 
8843, 2, 2 
58254, 2, 2 
390, 2, 2 
49911, 2, 2 
58373, 2, 2 
14819, 2, 2 
57416, 2, 2 
11110, 2, 2 
1894, 2, 2 
59807, 2, 2 
38636, 2, 2 
47945, 2, 2 
40420, 2, 2 
25574, 2, 2 
47743, 2, 2 
30580, 2, 2 
44098, 2, 2 
55655, 2, 2 
32845, 2, 2 
43254, 2, 2 
56188, 2, 2 
48549, 2, 2 
43450, 2, 2 
42842, 2, 2 
24177, 2, 2 
493, 2, 2 
37631, 2, 2 
52869, 2, 2 
35161, 2, 2 
47113, 2, 2 
23721, 2, 2 
10528, 2, 2 
26075, 2, 2 
8403, 2, 2 
9031, 2, 2 
26649, 2, 2 
19028, 2, 2 
58728, 2, 2 
36704, 2, 2 
18003, 2, 2 
27869, 2, 2 
19463, 2, 2 
22341, 2, 2 
40409, 2, 2 
26632, 2, 2 
14569, 2, 2 
30993, 2, 2 
45819, 2, 2 
56027, 2, 2 
26540, 2, 2 
25105, 2, 2 
6190, 2, 2 
42583, 2, 2 
33987, 2, 2 
27073, 2, 2 
55950, 2, 2 
7537, 2, 2 
12621, 2, 2 
48158, 2, 2 
1987, 2, 2 
32981, 2, 2 
4080, 2, 2 
11600, 2, 2 
3917, 2, 2 
34484, 2, 2 
2418, 2, 2 
56120, 2, 2 
20179, 2, 2 
50479, 2, 2 
19587, 2, 2 
41082, 2, 2 
2472, 2, 2 
39338, 2, 2 
24036, 2, 2 
13857, 2, 2 
7796, 2, 2 
3156, 2, 2 
7313, 2, 2 
54105, 2, 2 
58868, 2, 2 
23481, 2, 2 
1199, 2, 2 
25289, 2, 2 
21450, 2, 2 
59316, 2, 2 
36039, 2, 2 
27385, 2, 2 
23026, 2, 2 
6478, 2, 2 
19391, 2, 2 
34113, 2, 2 
12931, 2, 2 
32075, 2, 2 
50898, 2, 2 
27472, 2, 2 
27033, 2, 2 
46259, 2, 2 
37514, 2, 2 
45868, 2, 2 
41284, 2, 2 
24067, 2, 2 
12585, 2, 2 
24853, 2, 2 
54286, 2, 2 
13919, 2, 2 
24881, 2, 2 
12727, 2, 2 
17339, 2, 2 
53926, 2, 2 
20239, 2, 2 
5103, 2, 2 
46591, 2, 2 
59698, 2, 2 
989, 2, 2 
16952, 2, 2 
28502, 2, 2 
55070, 2, 2 
48621, 2, 2 
29624, 2, 2 
58104, 2, 2 
40968, 2, 2 
31185, 2, 4 
28537, 2, 2 
28566, 2, 2 
30802, 2, 2 
6494, 2, 2 
59177, 2, 2 
51986, 2, 2 
35240, 2, 2 
29990, 2, 2 
21006, 2, 2 
54292, 2, 2 
38862, 2, 2 
40152, 2, 2 
59819, 2, 2 
58068, 2, 2 
11601, 2, 2 
23058, 2, 2 
9780, 2, 2 
48294, 2, 2 
6627, 2, 2 
54168, 2, 2 
12352, 2, 2 
13257, 2, 2 
2305, 2, 2 
21674, 2, 2 
10699, 2, 2 
588, 2, 8 
52099, 2, 2 
32928, 2, 2 
43806, 2, 2 
49776, 2, 2 
37727, 2, 2 
7555, 2, 2 
58611, 2, 2 
22395, 2, 2 
44797, 2, 2 
38288, 2, 2 
55158, 2, 2 
20595, 2, 2 
33659, 2, 2 
30690, 2, 2 
18084, 2, 2 
25548, 2, 2 
41662, 2, 2 
59252, 2, 2 
24014, 2, 2 
52894, 2, 2 
13535, 2, 2 
1972, 2, 2 
12682, 2, 2 
43184, 2, 2 
4204, 2, 2 
22200, 2, 2 
52023, 2, 2 
37386, 2, 2 
4071, 2, 2 
11013, 2, 2 
40556, 2, 2 
11081, 2, 2 
37533, 2, 2 
33775, 2, 2 
22958, 2, 2 
43172, 2, 2 
50315, 2, 2 
11271, 2, 2 
13952, 2, 2 
29851, 2, 2 
37504, 2, 2 
41290, 2, 2 
4722, 2, 2 
46678, 2, 2 
43996, 2, 2 
52660, 2, 2 
27376, 2, 2 
27641, 2, 2 
46239, 2, 2 
13693, 2, 2 
1852, 2, 2 
8039, 3, 3 
47913, 3, 3 
19977, 3, 3 
37700, 3, 3 
37085, 3, 3 
14851, 3, 3 
57762, 3, 3 
18227, 3, 3 
11539, 3, 3 
41003, 3, 3 
843, 3, 3 
24697, 3, 3 
29476, 3, 3 
42931, 3, 3 
46525, 3, 3 
54856, 3, 3 
29763, 3, 3 
23281, 3, 3 
52565, 3, 3 
53724, 3, 3 
17699, 3, 3 
48859, 3, 3 
13647, 3, 3 
26998, 3, 3 
43252, 3, 3 
56615, 3, 3 
26554, 3, 3 
20805, 3, 3 
59178, 3, 3 
32881, 3, 3 
58431, 3, 3 
6585, 3, 3 
45836, 3, 3 
20259, 3, 3 
52871, 3, 3 
15372, 3, 3 
45990, 3, 3 
54858, 3, 3 
48798, 3, 3 
36023, 3, 3 
40481, 3, 3 
37013, 3, 3 
19368, 3, 3 
9977, 3, 3 
50, 3, 3 
9059, 3, 3 
16587, 3, 3 
25032, 3, 3 
52810, 3, 3 
5616, 3, 3 
28515, 3, 3 
56492, 3, 3 
34048, 3, 3 
17389, 3, 3 
7766, 3, 3 
35688, 3, 3 
6317, 3, 3 
27173, 3, 3 
39618, 3, 3 
29398, 3, 3 
51085, 3, 3 
17409, 3, 3 
15053, 3, 3 
56198, 3, 3 
57264, 3, 3 
53158, 3, 3 
30986, 3, 3 
48385, 3, 3 
9638, 3, 3 
54560, 3, 3 
35122, 3, 3 
11756, 3, 3 
13909, 3, 3 
28759, 3, 3 
43180, 3, 3 
28472, 3, 3 
58587, 3, 3 
9636, 3, 3 
32652, 3, 3 
31759, 3, 3 
111, 3, 3 
17929, 3, 3 
22492, 3, 3 
58339, 3, 3 
5770, 3, 3 
40257, 3, 3 
8865, 3, 3 
26081, 3, 3 
41704, 3, 3 
31775, 3, 3 
51934, 3, 3 
59119, 3, 3 
1551, 3, 3 
45396, 3, 3 
752, 3, 3 
5086, 3, 3 
15007, 3, 3 
37209, 3, 3 
56474, 3, 3 
5793, 3, 3 
11755, 3, 3 
40555, 3, 3 
9491, 3, 3 
52676, 3, 3 
19548, 3, 3 
43198, 3, 3 
59334, 3, 3 
856, 3, 3 
25536, 3, 3 
58084, 3, 3 
49725, 3, 3 
55893, 3, 3 
20797, 3, 3 
40618, 3, 3 
31868, 3, 3 
47380, 3, 3 
59271, 3, 3 
2740, 3, 3 
50372, 3, 3 
4836, 3, 3 
37622, 3, 3 
30398, 3, 3 
19713, 3, 3 
10527, 3, 3 
43064, 3, 3 
1559, 3, 3 
25291, 3, 3 
731, 3, 3 
26744, 3, 3 
23322, 3, 3 
45441, 3, 3 
38083, 3, 3 
49813, 3, 3 
57689, 3, 3 
33772, 3, 3 
13787, 3, 3 
5184, 3, 3 
29121, 3, 3 
15630, 3, 3 
34536, 3, 3 
26526, 3, 3 
33510, 3, 3 
43435, 3, 3 
7861, 3, 3 
39366, 3, 3 
30131, 3, 3 
37167, 3, 3 
6719, 3, 3 
9706, 3, 3 
51763, 3, 3 
57952, 3, 3 
15245, 3, 3 
52816, 3, 3 
22977, 3, 3 
760, 3, 3 
52636, 3, 3 
43171, 3, 3 
28224, 3, 3 
51211, 3, 3 
7387, 3, 3 
8888, 3, 3 
36329, 3, 3 
16755, 3, 3 
34597, 3, 3 
49431, 3, 3 
30511, 3, 3 
45398, 3, 3 
54568, 3, 3 
1476, 3, 3 
37540, 3, 3 
29391, 3, 3 
43353, 3, 3 
56528, 3, 3 
25328, 3, 3 
39591, 3, 3 
48431, 3, 3 
40588, 3, 3 
39741, 3, 3 
50946, 3, 3 
50955, 3, 3 
59818, 3, 3 
6543, 3, 3 
4878, 3, 3 
3264, 3, 3 
7675, 3, 3 
41720, 3, 3 
9294, 3, 3 
36337, 3, 3 
33969, 3, 3 
46900, 3, 3 
42210, 3, 3 
17777, 3, 3 
15743, 3, 3 
34407, 3, 3 
46228, 3, 3 
59299, 3, 3 
59408, 3, 3 
57173, 3, 3 
16867, 3, 3 
47746, 3, 3 
729, 4, 4 
30231, 4, 4 
59674, 4, 4 
44124, 4, 4 
30311, 4, 4 
10209, 4, 4 
18246, 4, 4 
17791, 4, 4 
26086, 4, 4 
32069, 4, 4 
27538, 4, 4 
40168, 4, 4 
17444, 4, 4 
24432, 4, 4 
24703, 4, 4 
47750, 4, 4 
13463, 4, 4 
59376, 4, 4 
2220, 4, 4 
32053, 4, 4 
29542, 4, 4 
24668, 4, 4 
32997, 4, 4 
4746, 4, 4 
47397, 4, 4 
37490, 4, 4 
57371, 4, 4 
58496, 4, 4 
29742, 4, 4 
16593, 4, 4 
7178, 4, 4 
28700, 4, 4 
16913, 4, 4 
2341, 4, 4 
20455, 4, 4 
48393, 4, 4 
7725, 4, 4 
30276, 4, 4 
55320, 4, 4 
47695, 4, 4 
58579, 4, 4 
51625, 4, 4 
46786, 4, 4 
4822, 4, 4 
42249, 4, 4 
45574, 4, 4 
8298, 4, 4 
48928, 4, 4 
48235, 4, 4 
29879, 4, 4 
8956, 4, 4 
57819, 4, 4 
24334, 4, 4 
38188, 4, 4 
36640, 4, 4 
5533, 4, 4 
48467, 4, 4 
53450, 4, 4 
10153, 4, 4 
31114, 4, 4 
46806, 4, 4 
31563, 4, 4 
26128, 4, 4 
11495, 4, 4 
58984, 4, 4 
38496, 4, 4 
20730, 4, 4 
53205, 4, 4 
828, 4, 4 
40123, 4, 4 
51873, 4, 4 
7999, 4, 4 
4707, 4, 4 
44535, 4, 4 
2129, 4, 4 
26673, 4, 4 
19427, 4, 4 
48582, 4, 4 
38041, 4, 4 
56334, 4, 4 
9337, 4, 4 
55337, 4, 4 
8208, 4, 4 
2896, 4, 4 
46884, 4, 4 
53914, 4, 4 
14241, 4, 4 
3666, 4, 4 
39763, 4, 4 
25635, 4, 4 
6037, 4, 4 
37907, 4, 4 
22676, 4, 4 
57114, 4, 4 
40946, 4, 4 
25555, 4, 4 
18708, 4, 4 
49881, 4, 4 
29075, 4, 4 
24340, 4, 4 
49423, 4, 4 
7282, 4, 4 
41159, 4, 4 
58240, 4, 4 
46533, 4, 4 
58101, 4, 4 
42995, 4, 4 
9931, 4, 4 
15604, 4, 4 
46220, 4, 4 
25931, 4, 4 
20702, 4, 4 
38343, 4, 4 
27267, 4, 4 
54324, 4, 4 
59620, 4, 4 
58400, 4, 4 
50216, 4, 4 
24713, 4, 4 
39101, 4, 4 
41355, 4, 4 
31514, 4, 4 
46790, 4, 4 
14296, 4, 4 
59432, 4, 4 
42684, 4, 4 
54109, 4, 4 
11256, 4, 4 
54791, 4, 4 
44905, 4, 4 
29054, 4, 4 
41886, 4, 4 
7083, 4, 4 
25956, 4, 4 
58627, 4, 4 
32419, 4, 4 
14657, 4, 4 
59582, 4, 4 
28669, 4, 4 
21461, 4, 4 
53346, 4, 4 
40955, 4, 4 
30283, 4, 4 
6778, 4, 4 
31776, 4, 4 
52424, 4, 4 
53439, 4, 4 
53767, 4, 4 
48890, 4, 4 
1098, 4, 4 
43934, 4, 4 
55860, 4, 4 
27141, 4, 4 
19794, 4, 4 
39186, 4, 4 
26652, 4, 4 
13340, 4, 4 
12227, 4, 4 
27948, 4, 4 
3417, 4, 4 
59690, 4, 4 
2827, 4, 4 
29258, 4, 4 
3261, 4, 4 
44091, 4, 4 
24316, 4, 4 
43123, 4, 4 
21936, 4, 4 
22262, 4, 4 
50819, 4, 4 
43721, 4, 4 
10854, 4, 4 
36097, 4, 4 
28159, 4, 4 
12639, 4, 4 
41298, 4, 4 
29007, 4, 4 
20110, 4, 4 
6323, 4, 4 
8412, 4, 4 
5077, 4, 4 
10942, 4, 4 
32308, 4, 4 
46745, 4, 4 
15373, 4, 4 
48418, 4, 4 
3608, 4, 4 
26319, 4, 4 
37010, 4, 4 
7045, 4, 4 
12543, 4, 4 
56977, 4, 4 
36932, 4, 4 
31872, 4, 4 
14976, 4, 4 
23549, 4, 4 
24642, 4, 4 
24273, 4, 4 
20294, 4, 4 
21655, 4, 4 
26017, 5, 5 
49636, 5, 5 
25240, 5, 5 
59201, 5, 5 
47130, 5, 5 
10943, 5, 5 
33511, 5, 5 
48564, 5, 5 
46365, 5, 5 
58731, 5, 5 
53316, 5, 5 
39120, 5, 5 
17159, 5, 5 
46300, 5, 5 
15720, 5, 5 
5382, 5, 5 
14368, 5, 5 
23066, 5, 5 
18340, 5, 5 
5719, 5, 5 
34882, 5, 5 
9647, 5, 5 
719, 5, 5 
19589, 5, 5 
26552, 5, 5 
52195, 5, 5 
29871, 5, 5 
19108, 5, 5 
10546, 5, 5 
9261, 5, 5 
25198, 5, 5 
19364, 5, 5 
42569, 5, 5 
42698, 5, 5 
36086, 5, 5 
32533, 5, 5 
30566, 5, 5 
9163, 5, 5 
45991, 5, 5 
31819, 5, 5 
44991, 5, 5 
29066, 5, 5 
57211, 5, 5 
11402, 5, 5 
53193, 5, 5 
10891, 5, 5 
22638, 5, 5 
43529, 5, 5 
22393, 5, 5 
4625, 5, 5 
19959, 5, 5 
13360, 5, 5 
10751, 5, 5 
14748, 5, 5 
44383, 5, 5 
6988, 5, 5 
29006, 5, 5 
26328, 5, 5 
51990, 5, 5 
25468, 5, 5 
41522, 5, 5 
19476, 5, 5 
54938, 5, 5 
23597, 5, 5 
42663, 5, 5 
51854, 5, 5 
41803, 5, 5 
19374, 5, 5 
42322, 5, 5 
13457, 5, 5 
53590, 5, 5 
7193, 5, 5 
7480, 5, 5 
18495, 5, 5 
14507, 5, 5 
52507, 5, 5 
44625, 5, 5 
28141, 5, 5 
56928, 5, 5 
23407, 5, 5 
53275, 5, 5 
14150, 5, 5 
22827, 5, 5 
28345, 5, 5 
39214, 5, 5 
36787, 5, 5 
23385, 5, 5 
11782, 5, 5 
29100, 5, 5 
4622, 5, 5 
43587, 5, 5 
11839, 5, 5 
52213, 5, 5 
13619, 5, 5 
6401, 5, 5 
21548, 5, 5 
58357, 5, 5 
2272, 5, 5 
4416, 5, 5 
51130, 5, 5 
13749, 5, 5 
1490, 5, 5 
3126, 5, 5 
52896, 5, 5 
10288, 5, 5 
56108, 5, 5 
50019, 5, 5 
652, 5, 5 
47107, 5, 5 
43837, 5, 5 
31545, 5, 5 
25762, 5, 5 
48400, 5, 5 
25675, 5, 5 
32134, 5, 5 
30315, 5, 5 
58321, 5, 5 
20091, 5, 5 
20601, 5, 5 
8728, 5, 5 
53096, 5, 5 
56517, 5, 5 
17811, 5, 5 
20185, 5, 5 
32136, 5, 5 
14628, 5, 5 
11549, 5, 5 
24864, 5, 5 
15594, 5, 5 
17387, 5, 5 
27648, 5, 5 
24235, 5, 5 
6086, 5, 5 
3385, 5, 5 
37717, 5, 5 
33260, 5, 5 
41772, 5, 5 
26547, 5, 5 
11674, 5, 5 
3326, 5, 5 
18476, 5, 5 
55260, 5, 5 
52106, 5, 5 
49291, 5, 5 
57088, 5, 5 
41548, 5, 5 
14085, 5, 5 
11472, 5, 5 
15378, 5, 5 
47433, 5, 5 
55905, 5, 5 
54868, 5, 5 
10035, 5, 5 
32902, 5, 5 
56499, 5, 5 
10192, 5, 5 
16931, 5, 5 
44621, 5, 5 
886, 5, 5 
42046, 5, 5 
39745, 5, 5 
11790, 5, 5 
9336, 5, 5 
28060, 5, 5 
48348, 5, 5 
28178, 5, 5 
58085, 5, 5 
59216, 5, 5 
47646, 5, 5 
22918, 5, 5 
47339, 5, 5 
50263, 5, 5 
7246, 5, 5 
49202, 5, 5 
9738, 5, 5 
14106, 5, 5 
26736, 5, 5 
26229, 5, 5 
12502, 5, 5 
16586, 5, 5 
24335, 5, 5 
13602, 5, 5 
5403, 5, 5 
43459, 5, 5 
22729, 5, 5 
51380, 5, 5 
55233, 5, 5 
34913, 5, 5 
36453, 5, 5 
43506, 5, 5 
23733, 5, 5 
2755, 5, 5 
58653, 5, 8 
47856, 5, 5 
12232, 5, 5 
12688, 5, 5 
625, 5, 5 
15528, 5, 5 
20342, 5, 5 
36885, 5, 5 
26498, 6, 6 
58010, 6, 6 
44953, 6, 6 
48492, 6, 6 
51069, 6, 6 
21003, 6, 6 
58835, 6, 6 
20701, 6, 6 
39369, 6, 6 
8290, 6, 6 
46845, 6, 6 
16821, 6, 6 
5026, 6, 6 
55900, 6, 6 
5576, 6, 6 
31071, 6, 6 
15780, 6, 6 
36, 6, 6 
35211, 6, 6 
28905, 6, 6 
331, 6, 6 
10725, 6, 6 
20978, 6, 6 
56105, 6, 6 
28425, 6, 6 
32111, 6, 6 
7785, 6, 6 
24079, 6, 6 
32222, 6, 6 
5671, 6, 6 
21291, 6, 6 
56373, 6, 6 
42080, 6, 6 
7095, 6, 6 
27217, 6, 6 
25113, 6, 6 
48570, 6, 6 
42972, 6, 6 
10754, 6, 6 
11401, 6, 6 
7341, 6, 6 
26530, 6, 6 
23628, 6, 6 
58766, 6, 6 
58224, 6, 6 
59540, 6, 6 
32043, 6, 6 
38084, 6, 6 
58271, 6, 6 
41167, 6, 6 
39893, 6, 6 
51570, 6, 6 
17014, 6, 6 
2397, 6, 6 
46529, 6, 6 
34621, 6, 6 
25815, 6, 6 
4232, 6, 6 
52365, 6, 6 
30128, 6, 6 
52754, 6, 6 
47418, 6, 6 
33542, 6, 6 
33549, 6, 6 
25901, 6, 6 
38754, 6, 6 
1553, 6, 6 
27175, 6, 6 
43141, 6, 6 
43095, 6, 6 
6574, 6, 6 
4587, 6, 6 
49418, 6, 6 
5846, 6, 6 
8488, 6, 6 
53499, 6, 6 
38640, 6, 6 
32903, 6, 6 
24832, 6, 6 
52544, 6, 6 
22986, 6, 6 
27702, 6, 6 
55447, 6, 6 
24266, 6, 6 
58682, 6, 6 
29728, 6, 6 
13020, 6, 6 
12462, 6, 6 
55943, 6, 6 
52504, 6, 6 
41380, 6, 6 
54841, 6, 6 
52518, 6, 6 
16054, 6, 6 
32381, 6, 6 
32312, 6, 6 
38347, 6, 6 
41586, 6, 6 
5230, 6, 6 
59853, 6, 6 
21419, 6, 6 
45881, 6, 6 
11832, 6, 6 
21918, 6, 6 
43640, 6, 6 
28639, 6, 6 
32345, 6, 6 
23742, 6, 6 
40229, 6, 6 
57691, 6, 6 
20855, 6, 6 
29221, 6, 6 
34295, 6, 6 
43804, 6, 6 
30426, 6, 6 
59895, 6, 6 
59959, 6, 6 
19851, 6, 6 
26252, 6, 6 
7741, 6, 6 
10190, 6, 6 
28249, 6, 6 
39067, 6, 6 
9438, 6, 6 
20087, 6, 6 
9015, 6, 6 
52421, 6, 6 
52273, 6, 6 
57158, 6, 6 
18194, 6, 6 
26396, 6, 6 
26920, 6, 6 
36195, 6, 6 
58473, 6, 6 
16188, 6, 6 
10481, 6, 6 
29981, 6, 6 
30161, 6, 6 
34380, 6, 6 
8777, 6, 6 
35564, 6, 6 
12452, 6, 6 
54255, 6, 6 
2470, 6, 6 
26563, 6, 6 
17867, 6, 6 
25316, 6, 6 
22190, 6, 6 
18388, 6, 6 
28572, 6, 6 
55162, 6, 6 
9645, 6, 6 
58869, 6, 6 
48430, 6, 6 
15324, 6, 6 
39372, 6, 6 
30689, 6, 6 
999, 6, 6 
16056, 6, 6 
41059, 6, 6 
54153, 6, 6 
7562, 6, 6 
274, 6, 6 
22702, 6, 6 
28377, 6, 6 
5877, 6, 6 
8145, 6, 6 
25614, 6, 6 
977, 6, 6 
2757, 6, 6 
20940, 6, 6 
36358, 6, 6 
15317, 6, 6 
11952, 6, 6 
50590, 6, 6 
8312, 6, 6 
10617, 6, 6 
2602, 6, 6 
9929, 6, 6 
31457, 6, 6 
58226, 6, 6 
23558, 6, 6 
9325, 6, 6 
11941, 6, 6 
26735, 6, 6 
9405, 6, 6 
46205, 6, 6 
18, 6, 6 
25424, 6, 6 
43035, 6, 6 
55111, 6, 6 
32477, 6, 6 
37121, 6, 6 
40754, 6, 6 
37829, 6, 6 
25435, 6, 6 
36383, 6, 6 
7641, 6, 6 
23983, 6, 6 
18267, 6, 6 
24041, 7, 7 
3060, 7, 7 
44601, 7, 7 
29607, 7, 7 
7438, 7, 7 
48125, 7, 7 
41660, 7, 7 
4422, 7, 7 
12537, 7, 7 
25350, 7, 9 
30339, 7, 7 
42528, 7, 7 
56694, 7, 7 
58676, 7, 7 
11334, 7, 7 
56462, 7, 7 
12139, 7, 7 
47232, 7, 7 
29714, 7, 7 
1125, 7, 7 
55021, 7, 7 
2852, 7, 7 
52969, 7, 7 
13064, 7, 7 
11810, 7, 7 
39989, 7, 7 
28337, 7, 7 
24412, 7, 7 
4394, 7, 7 
22005, 7, 7 
35476, 7, 7 
3059, 7, 7 
16041, 7, 7 
16613, 7, 7 
35860, 7, 7 
20729, 7, 7 
59894, 7, 7 
31533, 7, 7 
30713, 7, 7 
20354, 7, 7 
58708, 7, 7 
58826, 7, 7 
2133, 7, 7 
20404, 7, 7 
22259, 7, 7 
22420, 7, 7 
53781, 7, 7 
44669, 7, 7 
15531, 7, 7 
22346, 7, 7 
47149, 7, 7 
11170, 7, 7 
31804, 7, 7 
4432, 7, 7 
46215, 7, 7 
18843, 7, 7 
26441, 7, 7 
46873, 7, 7 
23684, 7, 7 
25200, 7, 7 
11516, 7, 7 
51941, 7, 7 
11564, 7, 7 
50455, 7, 7 
46278, 7, 7 
23451, 7, 7 
5146, 7, 7 
30912, 7, 7 
9273, 7, 7 
24990, 7, 7 
15168, 7, 7 
1422, 7, 7 
52330, 7, 7 
4661, 7, 7 
57066, 7, 7 
20223, 7, 7 
38076, 7, 7 
4530, 7, 7 
24699, 7, 7 
26322, 7, 7 
29297, 7, 7 
8137, 7, 7 
47600, 7, 9 
23283, 7, 7 
46799, 7, 7 
14197, 7, 7 
23140, 7, 7 
57564, 7, 7 
33676, 7, 7 
22220, 7, 7 
58844, 7, 7 
40406, 7, 7 
55237, 7, 7 
41919, 7, 7 
17798, 7, 7 
59963, 7, 7 
39357, 7, 7 
1332, 7, 7 
51300, 7, 7 
17897, 7, 7 
59988, 7, 7 
35337, 7, 7 
23787, 7, 7 
40397, 7, 7 
51409, 7, 7 
54691, 7, 7 
17683, 7, 7 
58788, 7, 7 
50732, 7, 7 
27970, 7, 7 
41184, 7, 7 
8069, 7, 7 
26234, 7, 7 
29376, 7, 7 
35101, 7, 7 
48166, 7, 7 
7808, 7, 7 
436, 7, 7 
14201, 7, 7 
59424, 7, 7 
42828, 7, 7 
20557, 7, 7 
8483, 7, 7 
20226, 7, 7 
4946, 7, 7 
2711, 7, 7 
43427, 7, 7 
56816, 7, 7 
8142, 7, 7 
34600, 7, 7 
15113, 7, 7 
45871, 7, 7 
24022, 7, 7 
15643, 7, 7 
24409, 7, 7 
58292, 7, 7 
22941, 7, 7 
27225, 7, 7 
33618, 7, 7 
25543, 7, 7 
36230, 7, 7 
14911, 7, 7 
44311, 7, 7 
19164, 7, 7 
19341, 7, 7 
35728, 7, 7 
18358, 7, 7 
19668, 7, 7 
17866, 7, 7 
53629, 7, 7 
35150, 7, 7 
45446, 7, 7 
31742, 7, 7 
57485, 7, 7 
4396, 7, 7 
26714, 7, 7 
33543, 7, 7 
51911, 7, 7 
18819, 7, 7 
4897, 7, 7 
21666, 7, 7 
25115, 7, 7 
42062, 7, 7 
53097, 7, 7 
42148, 7, 7 
6358, 7, 7 
3151, 7, 7 
39345, 7, 7 
57547, 7, 7 
47049, 7, 7 
21367, 7, 7 
44297, 7, 7 
27485, 7, 7 
39534, 7, 7 
54638, 7, 7 
40000, 7, 7 
39729, 7, 7 
38098, 7, 7 
918, 7, 7 
37775, 7, 7 
59441, 7, 7 
25300, 7, 7 
15173, 7, 7 
8516, 7, 7 
9954, 7, 7 
44254, 7, 7 
52071, 7, 7 
12492, 7, 7 
37811, 7, 7 
26056, 7, 7 
324, 7, 7 
48672, 7, 7 
48165, 7, 7 
30659, 7, 9 
27706, 7, 9 
57445, 7, 7 
59025, 7, 7 
11757, 7, 7 
36283, 7, 7 
32924, 7, 7 
25276, 8, 8 
47567, 8, 8 
40233, 8, 8 
14831, 8, 8 
51933, 8, 8 
769, 8, 8 
54495, 8, 8 
6957, 8, 8 
6199, 8, 8 
59718, 8, 8 
44206, 8, 8 
45326, 8, 8 
44913, 8, 8 
32300, 8, 8 
18317, 8, 8 
37617, 8, 8 
45874, 8, 8 
6816, 8, 8 
29798, 8, 8 
38613, 8, 8 
25741, 8, 8 
40364, 8, 8 
7168, 8, 8 
35847, 8, 8 
44123, 8, 8 
54498, 8, 8 
913, 8, 8 
21046, 8, 8 
6017, 8, 8 
28595, 8, 8 
39519, 8, 8 
47546, 8, 8 
25228, 8, 8 
29393, 8, 8 
25947, 8, 8 
57678, 8, 8 
6580, 8, 8 
30732, 8, 8 
12288, 8, 8 
59813, 8, 8 
29142, 8, 8 
19879, 8, 8 
44631, 8, 8 
30964, 8, 8 
31880, 8, 8 
48331, 8, 8 
18047, 8, 8 
12660, 8, 8 
6618, 8, 8 
54034, 8, 8 
38489, 8, 8 
15021, 8, 8 
31985, 8, 8 
33777, 8, 8 
11741, 8, 8 
35338, 8, 8 
44945, 8, 8 
40417, 8, 8 
48394, 8, 8 
12622, 8, 8 
35706, 8, 8 
46080, 8, 8 
37933, 8, 8 
21188, 8, 8 
12308, 8, 8 
45573, 8, 8 
51897, 8, 8 
20315, 8, 8 
25620, 8, 8 
28779, 8, 8 
32127, 8, 8 
26661, 8, 8 
59838, 8, 8 
52892, 8, 8 
41431, 8, 8 
24065, 8, 8 
18523, 8, 8 
40935, 8, 8 
45813, 8, 8 
40715, 8, 8 
45249, 8, 8 
6041, 8, 8 
14873, 8, 8 
25207, 8, 8 
54327, 8, 8 
29988, 8, 8 
36751, 8, 8 
20560, 8, 8 
3959, 8, 8 
33802, 8, 8 
1773, 8, 8 
21863, 8, 8 
42003, 8, 8 
41764, 8, 8 
22274, 8, 8 
43909, 8, 8 
7300, 8, 8 
54636, 8, 8 
12494, 8, 8 
41679, 8, 8 
16059, 8, 8 
50512, 8, 8 
43901, 8, 8 
59936, 8, 8 
3225, 8, 8 
36627, 8, 8 
29700, 8, 8 
29194, 8, 8 
33453, 8, 8 
15467, 8, 8 
16937, 8, 8 
13489, 8, 8 
10422, 8, 8 
32181, 8, 8 
55772, 8, 8 
15629, 8, 8 
10575, 8, 8 
33289, 8, 8 
57596, 8, 8 
41882, 8, 8 
34068, 8, 8 
28432, 8, 8 
42778, 8, 8 
2135, 8, 8 
21467, 8, 8 
41396, 8, 8 
14772, 8, 8 
43335, 8, 8 
8675, 8, 8 
13176, 8, 8 
45710, 8, 8 
30067, 8, 8 
16901, 8, 8 
3148, 8, 8 
5043, 8, 8 
20919, 8, 8 
57179, 8, 8 
4745, 8, 8 
34417, 8, 8 
53506, 8, 8 
9694, 8, 8 
18710, 8, 8 
15772, 8, 8 
49715, 8, 8 
35577, 8, 8 
55880, 8, 8 
2210, 8, 8 
54344, 8, 8 
37431, 8, 8 
17233, 8, 8 
34979, 8, 8 
58046, 8, 8 
14766, 8, 8 
22118, 8, 8 
20405, 8, 8 
43629, 8, 8 
56284, 8, 8 
8761, 8, 8 
9564, 8, 8 
39135, 8, 8 
24359, 8, 8 
43051, 8, 8 
52285, 8, 8 
29053, 8, 8 
11662, 8, 8 
7076, 8, 8 
17700, 8, 8 
52968, 8, 8 
33388, 8, 8 
6214, 8, 8 
24410, 8, 8 
41544, 8, 8 
40265, 8, 8 
46631, 8, 8 
19877, 8, 8 
34804, 8, 8 
2833, 8, 8 
25072, 8, 8 
56357, 8, 8 
44739, 8, 8 
8324, 8, 8 
2682, 8, 8 
11908, 8, 8 
47387, 8, 8 
16339, 8, 8 
58996, 8, 8 
11872, 8, 8 
56039, 8, 8 
16486, 8, 8 
50178, 8, 8 
13436, 8, 8 
36672, 8, 8 
32553, 8, 8 
30147, 8, 8 
16517, 8, 8 
23890, 8, 8 
44789, 8, 8 
3338, 8, 8 
51891, 8, 8 
25568, 8, 8 
9683, 9, 9 
21827, 9, 9 
23217, 9, 9 
4831, 9, 9 
37211, 9, 9 
14744, 9, 9 
23447, 9, 9 
24193, 9, 9 
54055, 9, 9 
31828, 9, 9 
13173, 9, 9 
38600, 9, 9 
40857, 9, 9 
35991, 9, 9 
6625, 9, 9 
48347, 9, 9 
9127, 9, 9 
54081, 9, 9 
24736, 9, 9 
46030, 9, 9 
49591, 9, 9 
56987, 9, 9 
9817, 9, 9 
2643, 9, 9 
54057, 9, 9 
1732, 9, 9 
52383, 9, 9 
35543, 9, 9 
41281, 9, 9 
45756, 9, 9 
51334, 9, 9 
39192, 9, 9 
44895, 9, 9 
16521, 9, 9 
44931, 9, 9 
8244, 9, 9 
34300, 9, 9 
46444, 9, 9 
15609, 9, 9 
21686, 9, 9 
35182, 9, 9 
27766, 9, 9 
8424, 9, 9 
5106, 9, 9 
56861, 9, 9 
8322, 9, 9 
59236, 9, 9 
55247, 9, 9 
55701, 9, 9 
46032, 9, 9 
30942, 9, 9 
34876, 9, 9 
10646, 9, 9 
17793, 9, 9 
9969, 9, 9 
4555, 9, 9 
54578, 9, 9 
33990, 9, 9 
6121, 9, 9 
27277, 9, 9 
37575, 9, 9 
20207, 9, 9 
8301, 9, 9 
49730, 9, 9 
25472, 9, 9 
42668, 9, 9 
17517, 9, 9 
20641, 9, 9 
41306, 9, 9 
11538, 9, 9 
31652, 9, 9 
1383, 9, 9 
51581, 9, 9 
21422, 9, 9 
57432, 9, 9 
18688, 9, 9 
28597, 9, 9 
58263, 9, 9 
56681, 9, 9 
54984, 9, 9 
30469, 9, 9 
52462, 9, 9 
20519, 9, 9 
42738, 9, 9 
26833, 9, 9 
21162, 9, 9 
1173, 9, 9 
6145, 9, 9 
57782, 9, 9 
16673, 9, 9 
41792, 9, 9 
19766, 9, 9 
18021, 9, 9 
18861, 9, 9 
12050, 9, 9 
26895, 9, 9 
17827, 9, 9 
30910, 9, 9 
22108, 9, 9 
22959, 9, 9 
11465, 9, 9 
56859, 9, 9 
24825, 9, 9 
38597, 9, 9 
40215, 9, 9 
7713, 9, 9 
52094, 9, 9 
58484, 9, 9 
8971, 9, 9 
52989, 9, 9 
13897, 9, 9 
40855, 9, 9 
13414, 9, 9 
10305, 9, 9 
52977, 9, 9 
15162, 9, 9 
20830, 9, 9 
24319, 9, 9 
27295, 9, 9 
43001, 9, 9 
30342, 9, 9 
2299, 9, 9 
41483, 9, 9 
58366, 9, 9 
43365, 9, 9 
26068, 9, 9 
29213, 9, 9 
44375, 9, 9 
32679, 9, 9 
42640, 9, 9 
29878, 9, 9 
31939, 9, 9 
59858, 9, 9 
52018, 9, 9 
3284, 9, 9 
58236, 9, 9 
53951, 9, 9 
18437, 9, 9 
17427, 9, 9 
2312, 9, 9 
35013, 9, 9 
36782, 9, 9 
10059, 9, 9 
41645, 9, 9 
17297, 9, 9 
17723, 9, 9 
5459, 9, 9 
55125, 9, 9 
43324, 9, 9 
31653, 9, 9 
37449, 9, 9 
24006, 9, 9 
2703, 9, 9 
26860, 9, 9 
56774, 9, 9 
51527, 9, 9 
49096, 9, 9 
58076, 9, 9 
49358, 9, 9 
19437, 9, 9 
4936, 9, 9 
36050, 9, 9 
5746, 9, 9 
23681, 9, 9 
57148, 9, 9 
12380, 9, 9 
22664, 9, 9 
53279, 9, 9 
50767, 9, 9 
28005, 9, 9 
17445, 9, 9 
27817, 9, 9 
47120, 9, 9 
24263, 9, 9 
31659, 9, 9 
36418, 9, 9 
21571, 9, 9 
812, 9, 9 
54069, 9, 9 
40050, 9, 9 
55849, 9, 9 
56494, 9, 9 
22246, 9, 9 
50833, 9, 9 
49714, 9, 9 
39718, 9, 9 
29305, 9, 9 
39139, 9, 9 
30110, 9, 9 
15913, 9, 9 
29956, 9, 9 
53561, 9, 9 
18813, 9, 9 
59164, 9, 9 
14127, 9, 9 
13557, 9, 9 
1740, 9, 9 
45465, 9, 9 
55072, 9, 9 
5063, 9, 9 
