id, true label, predicted label 
28357, 0, 0 
6973, 0, 0 
33148, 0, 0 
11701, 0, 0 
15581, 0, 0 
35327, 0, 0 
52558, 0, 0 
43960, 0, 0 
17049, 0, 0 
45695, 0, 0 
75, 0, 0 
15695, 0, 0 
44225, 0, 0 
53785, 0, 0 
9857, 0, 0 
3410, 0, 0 
10909, 0, 0 
17009, 0, 0 
40454, 0, 0 
42614, 0, 0 
11295, 0, 0 
6332, 0, 0 
14705, 0, 0 
24105, 0, 0 
47887, 0, 0 
21069, 0, 0 
49124, 0, 0 
22897, 0, 0 
40494, 0, 0 
16540, 0, 0 
216, 0, 0 
53894, 0, 0 
40850, 0, 0 
52396, 0, 0 
10195, 0, 0 
56556, 0, 0 
18896, 0, 0 
44859, 0, 0 
52064, 0, 0 
30653, 0, 0 
42703, 0, 0 
14229, 0, 0 
9963, 0, 0 
50492, 0, 0 
27477, 0, 0 
59059, 0, 0 
29498, 0, 0 
20088, 0, 0 
35302, 0, 0 
12351, 0, 0 
55752, 0, 0 
7458, 0, 0 
4793, 0, 0 
39811, 0, 0 
32605, 0, 0 
33496, 0, 0 
54221, 0, 0 
52809, 0, 0 
36975, 0, 0 
668, 0, 0 
56940, 0, 0 
41810, 0, 0 
47473, 0, 0 
29151, 0, 0 
26343, 0, 0 
41038, 0, 0 
49780, 0, 0 
40199, 0, 0 
5881, 0, 0 
13880, 0, 0 
49221, 0, 0 
58256, 0, 0 
45823, 0, 0 
17122, 0, 0 
55879, 0, 0 
39956, 0, 0 
15046, 0, 0 
27663, 0, 0 
57746, 0, 0 
22209, 0, 0 
11933, 0, 0 
1495, 0, 0 
7687, 0, 0 
45557, 0, 0 
41806, 0, 0 
14034, 0, 0 
58668, 0, 0 
20661, 0, 0 
39263, 0, 0 
38054, 0, 0 
55254, 0, 0 
22046, 0, 0 
40833, 0, 0 
41819, 0, 0 
52728, 0, 0 
6461, 0, 0 
46484, 0, 0 
52323, 0, 0 
51623, 0, 0 
53117, 0, 0 
1532, 0, 0 
38411, 0, 0 
40611, 0, 0 
1969, 0, 0 
32550, 0, 0 
44796, 0, 0 
7055, 0, 0 
46391, 0, 0 
16634, 0, 0 
44603, 0, 0 
46166, 0, 0 
10107, 0, 0 
57073, 0, 0 
12264, 0, 0 
26980, 0, 0 
6991, 0, 0 
24913, 0, 0 
1346, 0, 0 
27841, 0, 0 
37759, 0, 0 
40877, 0, 0 
52126, 0, 0 
5929, 0, 0 
32184, 0, 0 
25085, 0, 0 
1000, 0, 0 
39714, 0, 0 
39683, 0, 0 
29540, 0, 0 
1443, 0, 0 
47953, 0, 0 
46723, 0, 0 
14276, 0, 0 
56023, 0, 0 
25567, 0, 0 
17124, 0, 0 
49075, 0, 0 
24828, 0, 0 
21523, 0, 0 
12732, 0, 0 
1771, 0, 0 
57115, 0, 0 
23536, 0, 0 
56969, 0, 0 
4356, 0, 0 
9840, 0, 0 
3829, 0, 0 
22202, 0, 0 
10348, 0, 0 
57221, 0, 0 
4563, 0, 0 
25932, 0, 0 
38889, 0, 0 
12888, 0, 0 
47815, 0, 0 
29420, 0, 0 
24640, 0, 0 
56415, 0, 0 
50839, 0, 0 
39789, 0, 0 
43965, 0, 0 
22306, 0, 0 
18324, 0, 0 
13764, 0, 0 
20095, 0, 0 
50949, 0, 0 
29736, 0, 0 
51889, 0, 0 
9966, 0, 0 
30965, 0, 0 
3702, 0, 0 
55130, 0, 0 
37027, 0, 0 
13545, 0, 0 
37642, 0, 0 
19303, 0, 0 
44121, 0, 0 
18991, 0, 0 
41101, 0, 0 
47073, 0, 0 
52698, 0, 0 
35680, 0, 0 
45939, 0, 0 
34296, 0, 0 
10992, 0, 0 
26665, 0, 0 
39856, 0, 0 
34401, 0, 0 
57003, 0, 0 
50331, 0, 0 
31389, 0, 0 
13184, 0, 0 
52673, 0, 0 
1107, 0, 0 
47639, 0, 0 
41770, 0, 0 
40173, 0, 0 
689, 0, 0 
2436, 0, 0 
8159, 0, 0 
52411, 1, 1 
4810, 1, 1 
4069, 1, 1 
50678, 1, 1 
52849, 1, 1 
38328, 1, 1 
16686, 1, 1 
11445, 1, 1 
4507, 1, 1 
58806, 1, 1 
57385, 1, 1 
59658, 1, 1 
51901, 1, 1 
52317, 1, 1 
6925, 1, 1 
33725, 1, 1 
21908, 1, 1 
56384, 1, 1 
22952, 1, 1 
21019, 1, 1 
27506, 1, 1 
58965, 1, 1 
44113, 1, 1 
9562, 1, 1 
30043, 1, 1 
6208, 1, 1 
25948, 1, 1 
34531, 1, 1 
10555, 1, 1 
11868, 1, 1 
6423, 1, 1 
17538, 1, 1 
8032, 1, 1 
45994, 1, 1 
7533, 1, 1 
43071, 1, 1 
39776, 1, 1 
14, 1, 1 
50367, 1, 1 
50356, 1, 1 
33124, 1, 1 
38806, 1, 1 
48650, 1, 1 
46256, 1, 1 
53314, 1, 1 
55747, 1, 1 
50453, 1, 1 
14227, 1, 1 
1734, 1, 1 
4696, 1, 1 
55601, 1, 1 
2393, 1, 1 
24617, 1, 1 
29098, 1, 1 
30684, 1, 1 
53351, 1, 1 
23931, 1, 1 
56734, 1, 1 
41839, 1, 1 
17438, 1, 1 
28862, 1, 1 
397, 1, 1 
1031, 1, 1 
21379, 1, 1 
44359, 1, 1 
56057, 1, 1 
50731, 1, 1 
31365, 1, 1 
53178, 1, 1 
12415, 1, 1 
44047, 1, 1 
55150, 1, 1 
24555, 1, 1 
31332, 1, 1 
41816, 1, 1 
54223, 1, 1 
7075, 1, 1 
26476, 1, 1 
19674, 1, 1 
45087, 1, 1 
7720, 1, 1 
12634, 1, 1 
12909, 1, 1 
11297, 1, 1 
11855, 1, 1 
14758, 1, 1 
34206, 1, 1 
10020, 1, 1 
31679, 1, 1 
48720, 1, 1 
30508, 1, 1 
21765, 1, 1 
8452, 1, 1 
16468, 1, 1 
24737, 1, 1 
51112, 1, 1 
2103, 1, 1 
34166, 1, 1 
58675, 1, 1 
31265, 1, 1 
15473, 1, 1 
43761, 1, 1 
40976, 1, 1 
28019, 1, 1 
29615, 1, 1 
4751, 1, 1 
14849, 1, 1 
58887, 1, 1 
41898, 1, 1 
28793, 1, 1 
43030, 1, 1 
15763, 1, 1 
53627, 1, 1 
14466, 1, 1 
15789, 1, 1 
18958, 1, 1 
33924, 1, 1 
10926, 1, 1 
22325, 1, 1 
36297, 1, 1 
2362, 1, 1 
25885, 1, 1 
55635, 1, 1 
6665, 1, 1 
27558, 1, 1 
3956, 1, 1 
29986, 1, 1 
27013, 1, 1 
58763, 1, 1 
38276, 1, 1 
34033, 1, 1 
41536, 1, 1 
48044, 1, 1 
4014, 1, 1 
31901, 1, 1 
25202, 1, 1 
50951, 1, 1 
34927, 1, 1 
45861, 1, 1 
48041, 1, 1 
52143, 1, 1 
33918, 1, 1 
32890, 1, 1 
19622, 1, 1 
37014, 1, 1 
37102, 1, 1 
21166, 1, 1 
54947, 1, 1 
57969, 1, 1 
12367, 1, 1 
28411, 1, 1 
10834, 1, 1 
44856, 1, 1 
33012, 1, 1 
46850, 1, 1 
14268, 1, 1 
24102, 1, 1 
20027, 1, 1 
7303, 1, 1 
52575, 1, 1 
2307, 1, 1 
9251, 1, 1 
23885, 1, 1 
58033, 1, 1 
49697, 1, 1 
12226, 1, 1 
56660, 1, 1 
12929, 1, 1 
45690, 1, 1 
13700, 1, 1 
58567, 1, 1 
8218, 1, 1 
38464, 1, 1 
22656, 1, 1 
27744, 1, 1 
28479, 1, 1 
20036, 1, 1 
36239, 1, 1 
27886, 1, 1 
941, 1, 1 
20848, 1, 1 
36509, 1, 1 
19955, 1, 1 
39819, 1, 1 
21220, 1, 1 
9930, 1, 1 
4685, 1, 1 
18468, 1, 1 
5169, 1, 1 
41392, 1, 1 
23756, 1, 1 
44131, 1, 1 
37915, 1, 1 
15964, 1, 1 
32034, 1, 1 
14417, 1, 1 
8989, 1, 1 
19446, 1, 1 
27836, 1, 1 
31278, 1, 1 
29481, 2, 2 
56687, 2, 2 
43576, 2, 2 
19587, 2, 2 
41911, 2, 2 
2550, 2, 2 
53034, 2, 2 
27754, 2, 2 
32991, 2, 2 
12461, 2, 2 
23441, 2, 2 
22019, 2, 2 
1385, 2, 2 
2959, 2, 2 
55170, 2, 2 
5258, 2, 2 
33133, 2, 2 
28882, 2, 2 
13722, 2, 2 
40539, 2, 2 
8810, 2, 2 
46997, 2, 2 
59499, 2, 2 
34256, 2, 2 
37412, 2, 2 
58267, 2, 2 
42969, 2, 2 
26006, 2, 2 
34799, 2, 2 
35250, 2, 2 
31665, 2, 2 
2641, 2, 2 
40498, 2, 2 
55950, 2, 2 
8453, 2, 2 
28335, 2, 2 
22368, 2, 2 
26468, 2, 2 
53056, 2, 2 
39507, 2, 2 
52987, 2, 2 
45698, 2, 2 
59587, 2, 2 
41830, 2, 2 
59479, 2, 2 
16473, 2, 2 
1662, 2, 2 
12823, 2, 2 
17265, 2, 2 
19779, 2, 2 
6344, 2, 2 
25548, 2, 2 
52574, 2, 2 
14132, 2, 2 
44525, 2, 2 
25902, 2, 2 
8446, 2, 2 
9489, 2, 2 
55906, 2, 2 
38846, 2, 2 
46364, 2, 2 
53340, 2, 2 
2314, 2, 2 
12808, 2, 2 
18972, 2, 2 
55049, 2, 2 
29726, 2, 2 
3381, 2, 2 
57604, 2, 2 
30420, 2, 2 
36875, 2, 2 
20770, 2, 2 
55352, 2, 2 
13654, 2, 2 
57605, 2, 2 
22611, 2, 2 
7567, 2, 2 
11648, 2, 2 
46966, 2, 2 
13523, 2, 2 
53773, 2, 2 
54318, 2, 2 
39299, 2, 2 
54480, 2, 2 
59007, 2, 2 
58398, 2, 2 
12916, 2, 2 
10514, 2, 2 
13503, 2, 2 
28214, 2, 2 
20454, 2, 2 
52495, 2, 2 
27138, 2, 2 
7528, 2, 2 
17202, 2, 2 
25923, 2, 2 
47667, 2, 2 
11718, 2, 2 
56243, 2, 2 
15845, 2, 2 
21784, 2, 2 
1629, 2, 2 
5191, 2, 2 
30726, 2, 2 
27864, 2, 2 
53790, 2, 2 
38108, 2, 2 
38216, 2, 2 
7476, 2, 2 
48238, 2, 2 
40107, 2, 2 
51702, 2, 2 
49857, 2, 2 
46214, 2, 2 
58315, 2, 2 
49421, 2, 2 
37880, 2, 2 
58063, 2, 2 
23335, 2, 2 
35638, 2, 2 
33686, 2, 2 
49285, 2, 2 
25069, 2, 2 
2625, 2, 2 
50674, 2, 2 
14653, 2, 2 
16361, 2, 2 
25617, 2, 2 
31928, 2, 2 
1558, 2, 2 
18290, 2, 2 
3179, 2, 2 
52413, 2, 2 
31546, 2, 2 
9333, 2, 2 
830, 2, 2 
38438, 2, 2 
9689, 2, 2 
34747, 2, 2 
5216, 2, 2 
42095, 2, 2 
10113, 2, 2 
35457, 2, 2 
3329, 2, 2 
57654, 2, 2 
347, 2, 2 
17691, 2, 2 
40617, 2, 2 
59732, 2, 2 
58441, 2, 2 
17600, 2, 2 
34650, 2, 2 
42413, 2, 2 
5247, 2, 2 
1143, 2, 2 
39970, 2, 2 
43079, 2, 2 
52660, 2, 2 
30772, 2, 2 
46277, 2, 2 
27957, 2, 2 
37491, 2, 2 
29401, 2, 2 
12435, 2, 2 
48109, 2, 2 
58378, 2, 2 
44226, 2, 2 
9776, 2, 2 
25920, 2, 2 
1270, 2, 2 
3607, 2, 2 
55678, 2, 2 
11286, 2, 2 
30640, 2, 2 
31150, 2, 2 
2565, 2, 2 
28651, 2, 2 
30794, 2, 2 
24390, 2, 2 
25318, 2, 2 
52869, 2, 2 
22500, 2, 2 
39518, 2, 2 
14876, 2, 2 
27834, 2, 2 
16760, 2, 2 
16104, 2, 2 
59475, 2, 2 
33261, 2, 2 
6540, 2, 2 
31789, 2, 2 
40782, 2, 2 
58487, 2, 2 
5415, 2, 2 
39719, 2, 2 
40289, 2, 2 
24129, 2, 2 
56372, 2, 2 
47171, 2, 2 
12517, 2, 2 
9868, 3, 3 
19977, 3, 3 
40404, 3, 3 
12338, 3, 3 
43155, 3, 3 
6920, 3, 3 
45272, 3, 3 
51245, 3, 3 
54516, 3, 3 
15443, 3, 3 
16748, 3, 3 
26165, 3, 3 
5649, 3, 3 
20150, 3, 3 
35407, 3, 3 
8821, 3, 3 
39124, 3, 3 
330, 3, 3 
52636, 3, 3 
41287, 3, 3 
48065, 3, 3 
13773, 3, 3 
40636, 3, 3 
9797, 3, 3 
2489, 3, 3 
30673, 3, 3 
48701, 3, 3 
13676, 3, 3 
36032, 3, 3 
56006, 3, 3 
59978, 3, 3 
45854, 3, 3 
12300, 3, 3 
1158, 3, 3 
31897, 3, 3 
21156, 3, 3 
24284, 3, 3 
59777, 3, 3 
31952, 3, 3 
17041, 3, 3 
13931, 3, 3 
37746, 3, 3 
29073, 3, 3 
48794, 3, 3 
3075, 3, 3 
39904, 3, 3 
47950, 3, 3 
6089, 3, 3 
4506, 3, 3 
9080, 3, 3 
19601, 3, 3 
22619, 3, 3 
48935, 3, 3 
459, 3, 3 
51522, 3, 3 
32376, 3, 3 
51655, 3, 3 
20201, 3, 3 
39301, 3, 3 
57893, 3, 3 
44035, 3, 3 
42024, 3, 3 
48667, 3, 3 
32031, 3, 3 
53365, 3, 3 
9303, 3, 3 
37718, 3, 3 
32563, 3, 3 
32275, 3, 3 
56474, 3, 3 
38986, 3, 3 
39941, 3, 3 
35528, 3, 3 
2179, 3, 3 
15869, 3, 3 
19342, 3, 3 
44557, 3, 3 
50688, 3, 3 
48213, 3, 3 
29249, 3, 3 
59081, 3, 3 
5642, 3, 3 
42441, 3, 3 
2786, 3, 3 
21007, 3, 3 
41048, 3, 3 
58250, 3, 3 
55051, 3, 3 
8184, 3, 3 
31504, 3, 3 
43043, 3, 3 
3051, 3, 3 
25373, 3, 3 
1908, 3, 3 
15412, 3, 3 
19579, 3, 3 
17575, 3, 3 
13629, 3, 3 
5738, 3, 3 
15332, 3, 3 
25586, 3, 3 
1870, 3, 3 
33583, 3, 3 
54208, 3, 3 
53123, 3, 3 
53305, 3, 3 
27362, 3, 3 
23165, 3, 3 
57801, 3, 3 
6282, 3, 3 
54735, 3, 3 
36076, 3, 3 
56504, 3, 3 
27690, 3, 3 
26526, 3, 3 
49725, 3, 3 
5080, 3, 3 
37729, 3, 3 
14200, 3, 3 
28406, 3, 3 
38058, 3, 3 
20615, 3, 3 
34239, 3, 3 
28515, 3, 3 
23218, 3, 3 
33939, 3, 3 
16243, 3, 3 
58483, 3, 3 
50815, 3, 3 
10099, 3, 3 
26880, 3, 3 
6362, 3, 3 
8794, 3, 3 
50206, 3, 3 
52828, 3, 3 
44709, 3, 3 
27211, 3, 3 
44827, 3, 3 
26702, 3, 3 
45088, 3, 3 
27570, 3, 3 
47881, 3, 3 
41755, 3, 3 
31217, 3, 3 
18049, 3, 3 
18485, 3, 3 
2760, 3, 3 
34204, 3, 3 
18840, 3, 3 
40739, 3, 3 
22835, 3, 3 
2917, 3, 3 
54694, 3, 3 
54436, 3, 3 
58558, 3, 3 
30515, 3, 3 
36018, 3, 3 
44142, 3, 3 
25880, 3, 3 
43380, 3, 3 
54983, 3, 3 
9766, 3, 3 
5001, 3, 3 
13293, 3, 3 
21582, 3, 3 
58227, 3, 3 
26744, 3, 3 
20989, 3, 3 
57523, 3, 3 
27640, 3, 3 
52085, 3, 3 
8672, 3, 3 
21153, 3, 3 
45704, 3, 3 
35486, 3, 3 
42841, 3, 3 
44540, 3, 3 
57739, 3, 3 
37524, 3, 3 
26662, 3, 3 
38410, 3, 3 
33331, 3, 3 
12667, 3, 3 
52700, 3, 3 
1559, 3, 3 
21341, 3, 3 
27946, 3, 3 
39617, 3, 3 
1872, 3, 3 
18742, 3, 3 
11960, 3, 3 
33009, 3, 3 
2315, 3, 3 
25231, 3, 3 
5770, 3, 3 
21092, 3, 3 
39804, 3, 3 
30229, 3, 3 
29936, 3, 3 
23563, 3, 3 
56281, 4, 4 
51403, 4, 4 
37295, 4, 4 
17791, 4, 4 
41028, 4, 4 
59144, 4, 4 
21822, 4, 4 
4746, 4, 4 
1973, 4, 4 
52274, 4, 4 
22595, 4, 4 
15376, 4, 4 
2801, 4, 4 
19621, 4, 4 
7578, 4, 4 
53739, 4, 4 
35951, 4, 4 
42858, 4, 4 
23599, 4, 4 
33551, 4, 4 
29761, 4, 4 
24745, 4, 4 
48754, 4, 4 
44632, 4, 4 
4382, 4, 4 
53495, 4, 4 
28081, 4, 4 
30691, 4, 4 
4346, 4, 4 
18185, 4, 4 
11227, 4, 4 
53649, 4, 4 
37712, 4, 4 
9632, 4, 4 
32213, 4, 4 
59759, 4, 4 
1487, 4, 4 
46257, 4, 4 
58057, 4, 4 
58153, 4, 4 
36494, 4, 4 
32851, 4, 4 
746, 4, 4 
47313, 4, 4 
44419, 4, 4 
29683, 4, 4 
32053, 4, 4 
58300, 4, 4 
48486, 4, 4 
53945, 4, 4 
40946, 4, 4 
43904, 4, 4 
37273, 4, 4 
42607, 4, 4 
1763, 4, 4 
39255, 4, 4 
48310, 4, 4 
24922, 4, 4 
45234, 4, 4 
48745, 4, 4 
30875, 4, 4 
1006, 4, 4 
40702, 4, 4 
4038, 4, 4 
47334, 4, 4 
4954, 4, 4 
31541, 4, 4 
50416, 4, 4 
46644, 4, 4 
21131, 4, 4 
15283, 4, 4 
4318, 4, 4 
56946, 4, 4 
42822, 4, 4 
57499, 4, 4 
27738, 4, 4 
56445, 4, 4 
59716, 4, 4 
39433, 4, 4 
50450, 4, 4 
32776, 4, 4 
18981, 4, 4 
15683, 4, 4 
39218, 4, 4 
41977, 4, 4 
20730, 4, 4 
11167, 4, 4 
17991, 4, 4 
35201, 4, 4 
1762, 4, 4 
44105, 4, 4 
59063, 4, 4 
48514, 4, 4 
21988, 4, 4 
3573, 4, 4 
22472, 4, 4 
9040, 4, 4 
53222, 4, 4 
25660, 4, 4 
44544, 4, 4 
46232, 4, 4 
25498, 4, 4 
22838, 4, 4 
1979, 4, 4 
10494, 4, 4 
53867, 4, 4 
3625, 4, 4 
8887, 4, 4 
28327, 4, 4 
51657, 4, 4 
30745, 4, 4 
7285, 4, 4 
24018, 4, 4 
14134, 4, 4 
52631, 4, 4 
14981, 4, 4 
21867, 4, 4 
18717, 4, 4 
41930, 4, 4 
36399, 4, 4 
57370, 4, 4 
11886, 4, 4 
15682, 4, 4 
59335, 4, 4 
23596, 4, 4 
3946, 4, 4 
3783, 4, 4 
51921, 4, 4 
27612, 4, 4 
44765, 4, 4 
36795, 4, 4 
18438, 4, 4 
31514, 4, 4 
39182, 4, 4 
53249, 4, 4 
10104, 4, 4 
54412, 4, 4 
41096, 4, 4 
20652, 4, 4 
17769, 4, 4 
26816, 4, 4 
14578, 4, 4 
47033, 4, 4 
52979, 4, 4 
32139, 4, 4 
55585, 4, 4 
15525, 4, 4 
848, 4, 4 
21327, 4, 4 
661, 4, 4 
14285, 4, 4 
38891, 4, 4 
48047, 4, 4 
18504, 4, 4 
26435, 4, 4 
4833, 4, 4 
2888, 4, 4 
51449, 4, 4 
55385, 4, 4 
50801, 4, 4 
50005, 4, 4 
35490, 4, 4 
41206, 4, 4 
13339, 4, 4 
6653, 4, 4 
29593, 4, 4 
55773, 4, 4 
92, 4, 4 
22564, 4, 4 
56319, 4, 4 
54276, 4, 4 
15274, 4, 4 
45749, 4, 4 
17074, 4, 4 
18596, 4, 4 
41444, 4, 4 
40123, 4, 4 
57208, 4, 4 
4099, 4, 4 
5580, 4, 4 
32798, 4, 4 
51125, 4, 4 
27695, 4, 4 
5064, 4, 4 
34570, 4, 4 
4791, 4, 4 
48327, 4, 4 
22161, 4, 4 
26911, 4, 4 
30921, 4, 4 
20995, 4, 4 
56826, 4, 4 
33852, 4, 4 
35931, 4, 4 
2, 4, 4 
3457, 4, 4 
50609, 4, 4 
52112, 4, 4 
54473, 4, 4 
30554, 4, 4 
2279, 5, 5 
3301, 5, 5 
5440, 5, 5 
9807, 5, 5 
7091, 5, 5 
43699, 5, 5 
7884, 5, 5 
7165, 5, 5 
42414, 5, 5 
21027, 5, 5 
6370, 5, 5 
13796, 5, 5 
38513, 5, 5 
16165, 5, 5 
16333, 5, 5 
19746, 5, 5 
22802, 5, 5 
4940, 5, 5 
38658, 5, 5 
21956, 5, 0 
51492, 5, 5 
47138, 5, 5 
6255, 5, 5 
23438, 5, 5 
48615, 5, 5 
44009, 5, 5 
18141, 5, 5 
28410, 5, 5 
32198, 5, 5 
59889, 5, 5 
26615, 5, 5 
9531, 5, 5 
23249, 5, 5 
38362, 5, 5 
13991, 5, 5 
29344, 5, 5 
28040, 5, 5 
32023, 5, 5 
49360, 5, 5 
7998, 5, 5 
20935, 5, 5 
57311, 5, 5 
22866, 5, 5 
11338, 5, 5 
50091, 5, 5 
31434, 5, 5 
18347, 5, 5 
3141, 5, 5 
34984, 5, 5 
55212, 5, 5 
50484, 5, 5 
41602, 5, 5 
8504, 5, 5 
27228, 5, 5 
10244, 5, 5 
24504, 5, 5 
57403, 5, 5 
52190, 5, 5 
26432, 5, 5 
1691, 5, 5 
17558, 5, 5 
25508, 5, 5 
14171, 5, 5 
42337, 5, 5 
9336, 5, 5 
36695, 5, 5 
17739, 5, 0 
4462, 5, 5 
53443, 5, 5 
29705, 5, 5 
46847, 5, 5 
46469, 5, 5 
41548, 5, 5 
26239, 5, 5 
38408, 5, 5 
14106, 5, 5 
22428, 5, 5 
44099, 5, 5 
40290, 5, 5 
10749, 5, 5 
10412, 5, 5 
2038, 5, 5 
26143, 5, 5 
47683, 5, 5 
44753, 5, 5 
47949, 5, 5 
26467, 5, 5 
18949, 5, 5 
24166, 5, 5 
24864, 5, 5 
7480, 5, 5 
44991, 5, 5 
23676, 5, 5 
57168, 5, 5 
26024, 5, 5 
59358, 5, 5 
47938, 5, 5 
54750, 5, 5 
54839, 5, 5 
14214, 5, 5 
4596, 5, 5 
54470, 5, 5 
56554, 5, 5 
14122, 5, 5 
28512, 5, 5 
53626, 5, 5 
29329, 5, 5 
28116, 5, 5 
21016, 5, 5 
53634, 5, 5 
1245, 5, 5 
7323, 5, 5 
47339, 5, 5 
6980, 5, 5 
33767, 5, 5 
15140, 5, 5 
19759, 5, 5 
25391, 5, 5 
48572, 5, 5 
42660, 5, 5 
19487, 5, 5 
38459, 5, 5 
41032, 5, 5 
22622, 5, 5 
20881, 5, 5 
57812, 5, 5 
2515, 5, 5 
33866, 5, 5 
53695, 5, 5 
39978, 5, 5 
49668, 5, 5 
44916, 5, 5 
28332, 5, 5 
1109, 5, 5 
22264, 5, 5 
36639, 5, 5 
51425, 5, 5 
40478, 5, 5 
27903, 5, 5 
43508, 5, 5 
33340, 5, 0 
1824, 5, 5 
16780, 5, 5 
39114, 5, 5 
29066, 5, 5 
49427, 5, 5 
31242, 5, 5 
45282, 5, 5 
16095, 5, 5 
6782, 5, 5 
14090, 5, 5 
1481, 5, 5 
15116, 5, 5 
43206, 5, 5 
46720, 5, 5 
48358, 5, 5 
49783, 5, 5 
775, 5, 5 
36011, 5, 5 
26451, 5, 5 
51551, 5, 5 
35228, 5, 5 
6305, 5, 5 
9515, 5, 5 
12003, 5, 5 
13580, 5, 5 
10904, 5, 5 
8639, 5, 5 
17543, 5, 5 
29955, 5, 5 
52962, 5, 5 
44793, 5, 5 
37606, 5, 5 
51177, 5, 5 
14085, 5, 5 
32614, 5, 5 
32659, 5, 5 
20716, 5, 5 
56939, 5, 5 
24773, 5, 5 
27668, 5, 5 
14713, 5, 5 
53641, 5, 5 
2143, 5, 5 
55513, 5, 0 
778, 5, 5 
815, 5, 5 
28846, 5, 5 
19497, 5, 5 
37698, 5, 5 
30132, 5, 5 
13946, 5, 5 
23655, 5, 5 
27179, 5, 5 
23065, 5, 5 
36252, 5, 5 
29804, 5, 5 
58731, 5, 5 
11500, 5, 5 
27049, 5, 5 
48609, 6, 6 
45335, 6, 6 
52197, 6, 6 
51872, 6, 6 
38642, 6, 6 
21331, 6, 6 
25358, 6, 6 
48945, 6, 6 
10224, 6, 6 
46594, 6, 6 
58998, 6, 6 
49484, 6, 6 
21599, 6, 6 
22559, 6, 6 
15951, 6, 6 
50276, 6, 6 
41213, 6, 6 
18068, 6, 6 
13375, 6, 6 
30557, 6, 6 
44073, 6, 6 
31856, 6, 6 
49173, 6, 6 
4232, 6, 6 
26516, 6, 6 
41272, 6, 6 
36702, 6, 6 
3136, 6, 6 
34624, 6, 6 
24486, 6, 6 
53828, 6, 6 
49772, 6, 6 
1323, 6, 6 
52946, 6, 6 
17120, 6, 6 
28639, 6, 6 
13046, 6, 6 
40991, 6, 6 
27428, 6, 6 
36673, 6, 6 
5040, 6, 6 
31475, 6, 6 
16616, 6, 6 
5774, 6, 6 
2372, 6, 6 
29149, 6, 6 
4301, 6, 6 
29966, 6, 6 
45686, 6, 6 
1779, 6, 6 
49539, 6, 6 
29140, 6, 6 
17528, 6, 6 
16976, 6, 6 
55230, 6, 6 
57557, 6, 6 
56916, 6, 6 
30289, 6, 6 
26524, 6, 6 
3485, 6, 6 
32003, 6, 6 
47415, 6, 6 
9596, 6, 6 
29928, 6, 6 
1686, 6, 6 
10271, 6, 6 
17079, 6, 6 
15088, 6, 6 
9534, 6, 6 
18, 6, 6 
33595, 6, 6 
24453, 6, 6 
15831, 6, 6 
40560, 6, 6 
30671, 6, 6 
29639, 6, 6 
24179, 6, 6 
53877, 6, 6 
33477, 6, 6 
2849, 6, 6 
29776, 6, 6 
22986, 6, 6 
56098, 6, 6 
39385, 6, 6 
45593, 6, 6 
16317, 6, 6 
24944, 6, 6 
51857, 6, 6 
534, 6, 6 
55936, 6, 6 
2311, 6, 6 
21113, 6, 6 
10037, 6, 6 
8191, 6, 6 
9580, 6, 6 
54496, 6, 6 
14265, 6, 6 
59302, 6, 6 
4249, 6, 6 
48864, 6, 6 
30024, 6, 6 
9210, 6, 6 
47564, 6, 6 
21434, 6, 6 
59591, 6, 6 
14315, 6, 6 
47018, 6, 6 
53197, 6, 6 
8868, 6, 6 
51535, 6, 6 
29217, 6, 6 
3999, 6, 6 
47911, 6, 6 
18702, 6, 6 
58516, 6, 6 
19523, 6, 6 
54820, 6, 6 
38703, 6, 6 
40332, 6, 6 
32, 6, 6 
44941, 6, 6 
26347, 6, 6 
18125, 6, 6 
32549, 6, 6 
43914, 6, 6 
23179, 6, 6 
47458, 6, 6 
11635, 6, 6 
32436, 6, 6 
11062, 6, 6 
32942, 6, 6 
41346, 6, 6 
56044, 6, 6 
13427, 6, 6 
45080, 6, 6 
13468, 6, 6 
30518, 6, 6 
49969, 6, 6 
16830, 6, 6 
53359, 6, 6 
38754, 6, 6 
6799, 6, 6 
45013, 6, 6 
24523, 6, 6 
44217, 6, 6 
50294, 6, 6 
25337, 6, 6 
28415, 6, 6 
22291, 6, 6 
7460, 6, 6 
40407, 6, 6 
17985, 6, 6 
8091, 6, 6 
8497, 6, 6 
25113, 6, 6 
15924, 6, 6 
38450, 6, 6 
9174, 6, 6 
23198, 6, 6 
5384, 6, 6 
23415, 6, 6 
59141, 6, 6 
21392, 6, 6 
18652, 6, 6 
2035, 6, 6 
24955, 6, 6 
42992, 6, 6 
46088, 6, 0 
6373, 6, 6 
33100, 6, 6 
57213, 6, 6 
6517, 6, 6 
59098, 6, 6 
56171, 6, 6 
13772, 6, 6 
6721, 6, 6 
29527, 6, 6 
44463, 6, 6 
4709, 6, 6 
52000, 6, 6 
59853, 6, 6 
21473, 6, 6 
3451, 6, 6 
10654, 6, 6 
20480, 6, 6 
40137, 6, 6 
1917, 6, 6 
31481, 6, 6 
46991, 6, 6 
18076, 6, 6 
21257, 6, 6 
3597, 6, 6 
57254, 6, 6 
28507, 6, 6 
47220, 6, 6 
3335, 6, 6 
241, 6, 6 
4536, 6, 6 
27530, 6, 6 
14051, 6, 6 
35450, 7, 7 
31550, 7, 7 
51862, 7, 7 
50375, 7, 7 
11294, 7, 7 
58901, 7, 7 
25125, 7, 7 
3942, 7, 7 
49239, 7, 7 
20707, 7, 7 
42036, 7, 7 
49240, 7, 7 
57748, 7, 7 
32364, 7, 7 
52964, 7, 7 
53986, 7, 7 
10835, 7, 7 
48832, 7, 7 
38615, 7, 7 
4061, 7, 7 
41844, 7, 7 
43354, 7, 7 
15856, 7, 7 
5778, 7, 7 
9307, 7, 7 
7534, 7, 7 
2591, 7, 7 
13810, 7, 7 
59937, 7, 7 
7384, 7, 7 
32252, 7, 7 
8735, 7, 7 
8364, 7, 7 
38550, 7, 7 
52173, 7, 7 
50903, 7, 7 
29595, 7, 7 
15449, 7, 7 
30532, 7, 7 
12921, 7, 7 
3798, 7, 7 
45615, 7, 7 
11757, 7, 7 
33995, 7, 7 
41450, 7, 7 
28956, 7, 7 
20703, 7, 7 
1302, 7, 7 
42672, 7, 7 
15895, 7, 7 
46042, 7, 7 
9416, 7, 7 
19453, 7, 7 
20558, 7, 7 
47221, 7, 7 
59664, 7, 7 
51300, 7, 7 
1975, 7, 7 
10718, 7, 7 
942, 7, 7 
19344, 7, 7 
43924, 7, 7 
51384, 7, 7 
33616, 7, 7 
24818, 7, 7 
40435, 7, 7 
31196, 7, 7 
9787, 7, 7 
51663, 7, 7 
41044, 7, 7 
39357, 7, 7 
46879, 7, 7 
36150, 7, 7 
50143, 7, 7 
3505, 7, 7 
36105, 7, 7 
31100, 7, 9 
22790, 7, 7 
32004, 7, 7 
48768, 7, 7 
33241, 7, 7 
14755, 7, 7 
54022, 7, 7 
49742, 7, 7 
12757, 7, 7 
51583, 7, 7 
48050, 7, 7 
1075, 7, 7 
43374, 7, 7 
23968, 7, 7 
39913, 7, 9 
27976, 7, 7 
52110, 7, 7 
39712, 7, 7 
6695, 7, 7 
11616, 7, 7 
3782, 7, 7 
41892, 7, 7 
34899, 7, 7 
36954, 7, 7 
51204, 7, 7 
42831, 7, 7 
50910, 7, 7 
19642, 7, 7 
38098, 7, 7 
7284, 7, 7 
25339, 7, 7 
91, 7, 7 
55346, 7, 7 
30359, 7, 7 
49187, 7, 7 
4254, 7, 7 
8143, 7, 7 
31385, 7, 7 
43284, 7, 7 
51967, 7, 7 
31387, 7, 7 
18346, 7, 7 
17979, 7, 7 
59250, 7, 7 
58094, 7, 7 
467, 7, 7 
42146, 7, 7 
42548, 7, 7 
820, 7, 7 
31176, 7, 7 
1570, 7, 7 
21937, 7, 7 
49516, 7, 7 
10302, 7, 7 
50794, 7, 7 
34178, 7, 7 
16970, 7, 7 
18289, 7, 7 
59389, 7, 7 
36762, 7, 7 
51084, 7, 7 
33717, 7, 7 
13662, 7, 7 
30021, 7, 7 
52176, 7, 7 
58671, 7, 7 
13064, 7, 7 
58907, 7, 7 
29984, 7, 7 
14284, 7, 7 
24964, 7, 7 
30015, 7, 7 
9598, 7, 9 
37811, 7, 7 
11528, 7, 7 
41698, 7, 7 
17359, 7, 7 
22342, 7, 7 
4034, 7, 7 
59925, 7, 7 
29963, 7, 7 
5326, 7, 7 
12292, 7, 7 
41362, 7, 7 
33521, 7, 7 
46095, 7, 7 
23259, 7, 7 
51636, 7, 7 
11994, 7, 7 
611, 7, 7 
43555, 7, 7 
1332, 7, 7 
40712, 7, 7 
39847, 7, 7 
49024, 7, 7 
28764, 7, 7 
49615, 7, 7 
3081, 7, 7 
44573, 7, 7 
13842, 7, 7 
32896, 7, 7 
51465, 7, 7 
37960, 7, 7 
59953, 7, 7 
11455, 7, 7 
56931, 7, 7 
12491, 7, 7 
16194, 7, 7 
48450, 7, 7 
12439, 7, 7 
29105, 7, 7 
51984, 7, 7 
3209, 7, 7 
55480, 7, 7 
31910, 7, 7 
48315, 7, 7 
49862, 7, 7 
4528, 7, 7 
1619, 7, 7 
35834, 7, 7 
20996, 7, 7 
32150, 7, 7 
9494, 7, 7 
53258, 7, 7 
45208, 8, 8 
21529, 8, 8 
54407, 8, 8 
5360, 8, 8 
9651, 8, 8 
25968, 8, 8 
17919, 8, 8 
35007, 8, 8 
30568, 8, 8 
23659, 8, 8 
23035, 8, 8 
12719, 8, 8 
22292, 8, 8 
12622, 8, 8 
10726, 8, 8 
47597, 8, 8 
42478, 8, 8 
31906, 8, 8 
49502, 8, 8 
57773, 8, 8 
19889, 8, 8 
31139, 8, 8 
6808, 8, 8 
12084, 8, 8 
48668, 8, 8 
15289, 8, 8 
51484, 8, 8 
53520, 8, 8 
16141, 8, 8 
56299, 8, 8 
15341, 8, 8 
4063, 8, 8 
35501, 8, 8 
50702, 8, 8 
25870, 8, 8 
23448, 8, 8 
53580, 8, 8 
55264, 8, 8 
28813, 8, 8 
21825, 8, 8 
34257, 8, 8 
12534, 8, 8 
37620, 8, 8 
40265, 8, 8 
40149, 8, 8 
2124, 8, 8 
43069, 8, 8 
47546, 8, 8 
18419, 8, 8 
43042, 8, 8 
52689, 8, 8 
56667, 8, 8 
43004, 8, 8 
34649, 8, 8 
9952, 8, 8 
17270, 8, 8 
58752, 8, 8 
972, 8, 8 
21188, 8, 8 
32907, 8, 8 
29933, 8, 8 
42724, 8, 8 
53191, 8, 8 
39756, 8, 8 
32766, 8, 8 
52722, 8, 8 
9079, 8, 8 
48331, 8, 8 
3480, 8, 8 
15021, 8, 8 
1593, 8, 8 
28766, 8, 8 
4006, 8, 8 
53686, 8, 8 
3028, 8, 8 
40472, 8, 8 
27998, 8, 8 
56284, 8, 8 
30843, 8, 8 
8047, 8, 8 
50745, 8, 8 
34414, 8, 8 
36096, 8, 8 
30937, 8, 8 
34452, 8, 8 
23680, 8, 8 
13152, 8, 8 
40998, 8, 8 
26135, 8, 8 
6957, 8, 8 
16824, 8, 8 
50268, 8, 8 
57434, 8, 8 
42662, 8, 8 
31968, 8, 8 
8955, 8, 8 
20986, 8, 8 
17721, 8, 8 
25495, 8, 8 
18369, 8, 8 
48617, 8, 8 
23190, 8, 8 
54821, 8, 8 
25232, 8, 8 
50514, 8, 3 
26200, 8, 8 
27106, 8, 8 
27469, 8, 8 
19705, 8, 8 
58856, 8, 8 
12275, 8, 8 
9154, 8, 8 
43109, 8, 1 
15248, 8, 8 
52201, 8, 8 
1105, 8, 8 
43333, 8, 8 
49238, 8, 8 
58195, 8, 8 
44180, 8, 8 
17345, 8, 8 
27051, 8, 8 
49303, 8, 8 
24979, 8, 8 
39344, 8, 8 
17760, 8, 8 
50302, 8, 8 
1666, 8, 8 
47151, 8, 8 
42900, 8, 8 
35939, 8, 8 
13793, 8, 8 
34663, 8, 8 
56296, 8, 8 
1193, 8, 8 
9112, 8, 8 
1457, 8, 8 
27447, 8, 8 
49744, 8, 8 
48203, 8, 8 
47122, 8, 8 
5917, 8, 8 
42961, 8, 8 
34068, 8, 8 
29162, 8, 8 
41327, 8, 8 
7190, 8, 8 
36325, 8, 8 
23553, 8, 8 
59013, 8, 8 
35242, 8, 8 
2382, 8, 8 
58371, 8, 8 
35713, 8, 8 
22001, 8, 8 
17658, 8, 8 
20472, 8, 8 
26379, 8, 8 
57276, 8, 8 
26491, 8, 8 
20336, 8, 8 
47886, 8, 8 
5791, 8, 8 
45019, 8, 8 
29680, 8, 8 
53865, 8, 8 
3872, 8, 8 
7682, 8, 8 
37240, 8, 8 
59447, 8, 8 
8928, 8, 8 
38807, 8, 8 
41893, 8, 8 
32073, 8, 8 
51450, 8, 8 
33270, 8, 8 
23428, 8, 8 
50596, 8, 8 
740, 8, 8 
31889, 8, 8 
14382, 8, 8 
3163, 8, 8 
37721, 8, 8 
33452, 8, 8 
19716, 8, 8 
32426, 8, 8 
41154, 8, 8 
43182, 8, 8 
14209, 8, 8 
8029, 8, 8 
27650, 8, 8 
15616, 8, 8 
39308, 8, 8 
5055, 8, 8 
10124, 8, 8 
13869, 8, 8 
5199, 8, 8 
18533, 8, 8 
49493, 8, 8 
19177, 8, 8 
16175, 9, 9 
6149, 9, 9 
4399, 9, 9 
30696, 9, 9 
8745, 9, 9 
5339, 9, 9 
23285, 9, 9 
36720, 9, 9 
16622, 9, 9 
50318, 9, 9 
4025, 9, 9 
24891, 9, 9 
59927, 9, 9 
31097, 9, 9 
54546, 9, 9 
42315, 9, 9 
54766, 9, 9 
40753, 9, 9 
23090, 9, 9 
6078, 9, 9 
55642, 9, 9 
11388, 9, 9 
38279, 9, 9 
183, 9, 9 
54989, 9, 9 
17827, 9, 9 
37877, 9, 9 
41783, 9, 9 
53247, 9, 9 
26223, 9, 9 
41497, 9, 9 
55265, 9, 9 
29822, 9, 9 
54743, 9, 9 
53349, 9, 9 
37062, 9, 9 
374, 9, 9 
43086, 9, 9 
9708, 9, 9 
47874, 9, 9 
48225, 9, 9 
704, 9, 9 
46839, 9, 9 
29710, 9, 9 
19322, 9, 9 
57531, 9, 9 
14306, 9, 9 
11688, 9, 9 
8318, 9, 9 
58692, 9, 9 
1962, 9, 9 
29201, 9, 9 
1027, 9, 9 
35013, 9, 9 
49204, 9, 9 
38947, 9, 9 
20115, 9, 9 
7023, 9, 9 
28194, 9, 9 
56157, 9, 9 
36678, 9, 9 
34301, 9, 9 
36606, 9, 9 
35677, 9, 9 
54571, 9, 9 
7936, 9, 9 
28765, 9, 9 
3696, 9, 9 
45201, 9, 9 
57024, 9, 9 
40583, 9, 9 
33756, 9, 9 
434, 9, 9 
1307, 9, 9 
59496, 9, 9 
22725, 9, 9 
5539, 9, 9 
59238, 9, 9 
29465, 9, 9 
50102, 9, 9 
11150, 9, 9 
41763, 9, 9 
52546, 9, 9 
17793, 9, 9 
33215, 9, 9 
58608, 9, 9 
27342, 9, 9 
50285, 9, 9 
5492, 9, 9 
4769, 9, 9 
21224, 9, 9 
56702, 9, 9 
5426, 9, 9 
14922, 9, 9 
59111, 9, 9 
53280, 9, 9 
13057, 9, 9 
28473, 9, 9 
25865, 9, 9 
43358, 9, 9 
51783, 9, 9 
19515, 9, 9 
40283, 9, 9 
33744, 9, 9 
21842, 9, 9 
40762, 9, 9 
28713, 9, 9 
55493, 9, 9 
8073, 9, 9 
38344, 9, 9 
15517, 9, 9 
31218, 9, 9 
22780, 9, 9 
36655, 9, 9 
32816, 9, 9 
1610, 9, 9 
10660, 9, 9 
13409, 9, 9 
37611, 9, 9 
59969, 9, 9 
15844, 9, 9 
48157, 9, 9 
51531, 9, 9 
13326, 9, 9 
27929, 9, 9 
6694, 9, 9 
27325, 9, 9 
33360, 9, 9 
51688, 9, 9 
32033, 9, 9 
9070, 9, 9 
59243, 9, 9 
36567, 9, 9 
1574, 9, 9 
32368, 9, 9 
21957, 9, 9 
46741, 9, 9 
1250, 9, 9 
7217, 9, 9 
22437, 9, 9 
33643, 9, 9 
26314, 9, 9 
26302, 9, 9 
22, 9, 9 
21072, 9, 9 
38519, 9, 9 
50078, 9, 9 
4161, 9, 9 
56774, 9, 9 
8581, 9, 9 
42882, 9, 9 
53217, 9, 9 
25019, 9, 9 
22108, 9, 9 
30845, 9, 9 
43310, 9, 9 
7538, 9, 9 
9630, 9, 9 
11515, 9, 9 
14077, 9, 9 
32552, 9, 9 
29724, 9, 9 
26336, 9, 9 
41042, 9, 9 
8066, 9, 9 
42550, 9, 9 
37781, 9, 9 
58818, 9, 9 
52034, 9, 9 
17190, 9, 9 
38562, 9, 9 
13269, 9, 9 
8276, 9, 9 
1585, 9, 9 
56486, 9, 9 
7977, 9, 9 
5924, 9, 9 
7602, 9, 9 
30452, 9, 9 
2137, 9, 9 
59518, 9, 9 
56075, 9, 9 
54055, 9, 9 
33682, 9, 9 
14037, 9, 9 
28538, 9, 9 
13996, 9, 9 
58509, 9, 9 
29947, 9, 9 
51985, 9, 9 
16481, 9, 9 
24156, 9, 9 
25134, 9, 9 
40667, 9, 9 
929, 9, 9 
8899, 9, 9 
3785, 9, 9 
23102, 9, 9 
28604, 9, 9 
41326, 9, 9 
