id, true label, predicted label 
29873, 0, 0 
59319, 0, 0 
11217, 0, 0 
32966, 0, 0 
33111, 0, 0 
37092, 0, 0 
55666, 0, 0 
25783, 0, 0 
43981, 0, 0 
23504, 0, 0 
8349, 0, 0 
37153, 0, 0 
35408, 0, 0 
41401, 0, 0 
51669, 0, 0 
48267, 0, 0 
21780, 0, 0 
52799, 0, 0 
2310, 0, 0 
23741, 0, 0 
25542, 0, 0 
6302, 0, 0 
15777, 0, 0 
45544, 0, 0 
57491, 0, 0 
3106, 0, 0 
55177, 0, 0 
40074, 0, 0 
19459, 0, 0 
6357, 0, 0 
26178, 0, 0 
57629, 0, 0 
29860, 0, 0 
36251, 0, 0 
28546, 0, 0 
14393, 0, 0 
27326, 0, 0 
7934, 0, 0 
25389, 0, 0 
32273, 0, 0 
36788, 0, 0 
1995, 0, 0 
6684, 0, 0 
53195, 0, 0 
26930, 0, 0 
5698, 0, 0 
32531, 0, 0 
44411, 0, 0 
5884, 0, 0 
11758, 0, 0 
48807, 0, 0 
25304, 0, 0 
59187, 0, 0 
34538, 0, 0 
21137, 0, 0 
19649, 0, 0 
23351, 0, 0 
37744, 0, 0 
2112, 0, 0 
39346, 0, 0 
19872, 0, 0 
47626, 0, 0 
9296, 0, 0 
9840, 0, 0 
22832, 0, 0 
7364, 0, 0 
4682, 0, 0 
10240, 0, 0 
55095, 0, 0 
9151, 0, 0 
10471, 0, 0 
7465, 0, 0 
13076, 0, 0 
32098, 0, 0 
43169, 0, 0 
8932, 0, 0 
28814, 0, 0 
38835, 0, 0 
26176, 0, 0 
13833, 0, 0 
41341, 0, 0 
56103, 0, 0 
48364, 0, 0 
9750, 0, 0 
7566, 0, 0 
21308, 0, 0 
11902, 0, 0 
25408, 0, 0 
9820, 0, 0 
9523, 0, 0 
11451, 0, 0 
12457, 0, 0 
36506, 0, 0 
45608, 0, 0 
54445, 0, 0 
4656, 0, 0 
23601, 0, 0 
40586, 0, 0 
53051, 0, 0 
6645, 0, 0 
10664, 0, 0 
16119, 0, 0 
10384, 0, 0 
14564, 0, 0 
42262, 0, 0 
39213, 0, 0 
35717, 0, 0 
35720, 0, 0 
30080, 0, 0 
37047, 0, 0 
40888, 0, 0 
46775, 0, 0 
50480, 0, 0 
9890, 0, 0 
17003, 0, 0 
25701, 0, 0 
39527, 0, 0 
28763, 0, 0 
24276, 0, 0 
1195, 0, 0 
21521, 0, 0 
16484, 0, 0 
36440, 0, 0 
18837, 0, 0 
2538, 0, 0 
5167, 0, 0 
6917, 0, 0 
9313, 0, 0 
53982, 0, 0 
48547, 0, 0 
20632, 0, 0 
3269, 0, 0 
4597, 0, 0 
22440, 0, 0 
55664, 0, 0 
50629, 0, 0 
50390, 0, 0 
14649, 0, 0 
5747, 0, 0 
13521, 0, 0 
2436, 0, 0 
27822, 0, 0 
17293, 0, 0 
38746, 0, 0 
46627, 0, 0 
54221, 0, 0 
39564, 0, 0 
44629, 0, 0 
5344, 0, 0 
25725, 0, 0 
39701, 0, 0 
2525, 0, 0 
45960, 0, 0 
48371, 0, 0 
12764, 0, 0 
32130, 0, 0 
8323, 0, 0 
22981, 0, 0 
7948, 0, 0 
11354, 0, 0 
46726, 0, 0 
59439, 0, 0 
23273, 0, 0 
50630, 0, 0 
8682, 0, 0 
14137, 0, 0 
56775, 0, 0 
38123, 0, 0 
14269, 0, 0 
38355, 0, 0 
5627, 0, 0 
36789, 0, 0 
47513, 0, 0 
63, 0, 0 
8289, 0, 0 
34639, 0, 0 
40877, 0, 0 
40240, 0, 0 
15734, 0, 0 
4642, 0, 0 
41795, 0, 0 
9966, 0, 0 
59363, 0, 0 
37937, 0, 0 
1028, 0, 0 
23971, 0, 0 
22352, 0, 0 
50804, 0, 0 
51301, 0, 0 
38722, 0, 0 
48168, 0, 0 
9994, 0, 0 
229, 0, 0 
53469, 0, 0 
34016, 0, 0 
33732, 0, 0 
7835, 0, 0 
51286, 0, 0 
51491, 0, 0 
7129, 0, 0 
45220, 1, 1 
7898, 1, 1 
47063, 1, 1 
24895, 1, 1 
44745, 1, 1 
47279, 1, 1 
20045, 1, 1 
34269, 1, 1 
15224, 1, 1 
54438, 1, 1 
58230, 1, 1 
24465, 1, 1 
56117, 1, 1 
9312, 1, 1 
36033, 1, 1 
37809, 1, 1 
47400, 1, 1 
25103, 1, 1 
17171, 1, 1 
2039, 1, 1 
2688, 1, 1 
19150, 1, 1 
11728, 1, 1 
31526, 1, 1 
39462, 1, 1 
52382, 1, 1 
27104, 1, 1 
17043, 1, 1 
43232, 1, 1 
29057, 1, 1 
37938, 1, 1 
58991, 1, 1 
31375, 1, 1 
1012, 1, 1 
10040, 1, 1 
58926, 1, 1 
16211, 1, 1 
19411, 1, 1 
34083, 1, 1 
40976, 1, 1 
59530, 1, 1 
8112, 1, 1 
10110, 1, 1 
48266, 1, 1 
50661, 1, 1 
42837, 1, 1 
45186, 1, 1 
33396, 1, 1 
46598, 1, 1 
18760, 1, 1 
18800, 1, 1 
47601, 1, 1 
49338, 1, 1 
54855, 1, 1 
40210, 1, 1 
52616, 1, 1 
34077, 1, 1 
51563, 1, 1 
10205, 1, 1 
22137, 1, 1 
33861, 1, 1 
48902, 1, 1 
55819, 1, 1 
16121, 1, 1 
10345, 1, 1 
39937, 1, 1 
37674, 1, 1 
22639, 1, 1 
36422, 1, 1 
50525, 1, 1 
9643, 1, 1 
11069, 1, 1 
5149, 1, 1 
40509, 1, 1 
6880, 1, 1 
8937, 1, 1 
59414, 1, 1 
31286, 1, 1 
5957, 1, 1 
26960, 1, 1 
39661, 1, 1 
7752, 1, 1 
51556, 1, 1 
14268, 1, 1 
22512, 1, 1 
3771, 1, 1 
16385, 1, 1 
57931, 1, 1 
16665, 1, 1 
28804, 1, 1 
33556, 1, 1 
22227, 1, 1 
33383, 1, 1 
20365, 1, 1 
44473, 1, 1 
33113, 1, 1 
8970, 1, 1 
59041, 1, 1 
52811, 1, 1 
33865, 1, 1 
8491, 1, 1 
10692, 1, 1 
48720, 1, 1 
34215, 1, 1 
36608, 1, 1 
50397, 1, 1 
19100, 1, 1 
14133, 1, 1 
41649, 1, 1 
44207, 1, 1 
35352, 1, 1 
45204, 1, 1 
23255, 1, 1 
21109, 1, 1 
49167, 1, 1 
44093, 1, 1 
12133, 1, 1 
41332, 1, 1 
27454, 1, 1 
10684, 1, 1 
59912, 1, 1 
30564, 1, 1 
58702, 1, 1 
19168, 1, 1 
34723, 1, 1 
8772, 1, 1 
39542, 1, 1 
58022, 1, 1 
24619, 1, 1 
35942, 1, 1 
18761, 1, 1 
29080, 1, 1 
23030, 1, 1 
17599, 1, 1 
9161, 1, 1 
49068, 1, 1 
38465, 1, 1 
2202, 1, 1 
37661, 1, 1 
59768, 1, 1 
17213, 1, 1 
17433, 1, 1 
40359, 1, 1 
52822, 1, 1 
4160, 1, 1 
1838, 1, 1 
47004, 1, 1 
13334, 1, 1 
4639, 1, 1 
54931, 1, 1 
52624, 1, 1 
45205, 1, 1 
59460, 1, 1 
29961, 1, 1 
20475, 1, 1 
53383, 1, 1 
4561, 1, 1 
16946, 1, 1 
33310, 1, 1 
19765, 1, 1 
4351, 1, 1 
3605, 1, 1 
31920, 1, 1 
22586, 1, 1 
27604, 1, 1 
10156, 1, 1 
2731, 1, 1 
50023, 1, 1 
42581, 1, 1 
6208, 1, 1 
6142, 1, 1 
54071, 1, 1 
15974, 1, 1 
24996, 1, 1 
572, 1, 1 
738, 1, 1 
54968, 1, 1 
19346, 1, 1 
32034, 1, 1 
54716, 1, 1 
1786, 1, 1 
38951, 1, 1 
28794, 1, 1 
45438, 1, 1 
28099, 1, 1 
45297, 1, 1 
13648, 1, 1 
40348, 1, 1 
7234, 1, 1 
42967, 1, 1 
21908, 1, 1 
8610, 1, 1 
36943, 1, 1 
24834, 1, 1 
8704, 1, 1 
7561, 1, 1 
49697, 1, 1 
33998, 1, 1 
39017, 1, 1 
22004, 1, 1 
7170, 2, 2 
30905, 2, 2 
12672, 2, 2 
27791, 2, 2 
10194, 2, 2 
22356, 2, 2 
11086, 2, 2 
18998, 2, 2 
56168, 2, 2 
13287, 2, 2 
58512, 2, 2 
26533, 2, 2 
46259, 2, 2 
11601, 2, 2 
22198, 2, 2 
21982, 2, 2 
365, 2, 2 
28389, 2, 2 
51216, 2, 2 
4451, 2, 2 
14617, 2, 2 
39042, 2, 2 
22673, 2, 2 
20485, 2, 2 
38009, 2, 2 
42115, 2, 2 
45216, 2, 2 
31327, 2, 2 
50230, 2, 2 
16001, 2, 2 
23675, 2, 2 
43842, 2, 2 
2085, 2, 2 
55972, 2, 2 
28494, 2, 2 
32630, 2, 2 
8226, 2, 2 
6172, 2, 2 
40949, 2, 2 
15688, 2, 2 
21441, 2, 2 
11251, 2, 2 
15005, 2, 2 
4183, 2, 2 
14465, 2, 2 
27957, 2, 2 
30663, 2, 2 
11865, 2, 2 
39734, 2, 2 
2518, 2, 2 
15363, 2, 2 
42929, 2, 2 
8993, 2, 2 
39282, 2, 2 
15680, 2, 2 
37942, 2, 2 
20160, 2, 2 
44591, 2, 2 
58581, 2, 2 
54325, 2, 2 
42654, 2, 2 
30975, 2, 2 
11458, 2, 2 
9855, 2, 2 
24425, 2, 2 
37484, 2, 2 
19152, 2, 2 
12404, 2, 2 
52224, 2, 2 
16654, 2, 2 
36694, 2, 2 
44727, 2, 2 
9135, 2, 2 
28366, 2, 2 
27181, 2, 2 
22958, 2, 2 
52659, 2, 2 
24570, 2, 2 
4005, 2, 2 
2879, 2, 2 
22945, 2, 2 
16146, 2, 2 
32981, 2, 2 
1213, 2, 2 
59819, 2, 2 
50689, 2, 2 
21219, 2, 2 
2305, 2, 2 
36397, 2, 2 
8470, 2, 2 
42622, 2, 2 
55559, 2, 2 
50966, 2, 2 
34250, 2, 2 
34202, 2, 2 
11700, 2, 2 
53373, 2, 2 
53825, 2, 2 
40951, 2, 2 
3142, 2, 2 
9271, 2, 2 
17840, 2, 2 
16925, 2, 2 
40119, 2, 2 
24406, 2, 2 
9923, 2, 2 
12196, 2, 2 
13550, 2, 2 
26863, 2, 2 
36833, 2, 2 
7079, 2, 2 
3712, 2, 2 
41830, 2, 2 
43312, 2, 2 
14838, 2, 2 
34833, 2, 2 
41398, 2, 2 
30724, 2, 2 
6743, 2, 2 
14523, 2, 2 
14340, 2, 2 
47012, 2, 2 
6478, 2, 2 
10029, 2, 2 
18817, 2, 2 
6505, 2, 2 
59655, 2, 2 
34201, 2, 2 
45631, 2, 2 
48476, 2, 2 
47249, 2, 2 
56876, 2, 2 
9186, 2, 2 
37412, 2, 2 
3642, 2, 2 
20655, 2, 2 
56759, 2, 2 
6348, 2, 2 
49907, 2, 2 
35785, 2, 2 
48008, 2, 2 
53259, 2, 2 
24632, 2, 2 
34129, 2, 2 
28210, 2, 2 
42789, 2, 2 
1033, 2, 2 
54355, 2, 2 
27551, 2, 2 
9472, 2, 2 
59807, 2, 2 
33672, 2, 2 
8433, 2, 2 
58378, 2, 2 
57716, 2, 2 
23757, 2, 2 
45268, 2, 2 
27189, 2, 2 
39572, 2, 2 
15802, 2, 2 
3886, 2, 2 
18662, 2, 2 
38406, 2, 2 
51214, 2, 2 
7259, 2, 2 
12985, 2, 2 
56243, 2, 2 
36321, 2, 2 
28078, 2, 2 
22177, 2, 2 
37462, 2, 2 
29287, 2, 2 
38469, 2, 2 
16473, 2, 2 
29466, 2, 2 
14050, 2, 2 
17677, 2, 2 
10368, 2, 2 
28525, 2, 2 
50901, 2, 2 
33085, 2, 2 
8154, 2, 2 
52413, 2, 2 
18264, 2, 2 
31638, 2, 2 
22900, 2, 2 
25780, 2, 2 
45206, 2, 2 
34799, 2, 2 
15510, 2, 2 
57205, 2, 2 
58590, 2, 2 
31221, 2, 2 
50479, 2, 2 
49067, 2, 2 
34643, 2, 2 
19843, 2, 2 
53692, 2, 2 
51212, 2, 2 
24557, 2, 2 
36227, 3, 3 
33840, 3, 3 
31587, 3, 3 
36032, 3, 3 
18001, 3, 3 
41317, 3, 3 
8498, 3, 3 
40588, 3, 3 
21018, 3, 3 
32850, 3, 3 
28391, 3, 3 
52386, 3, 3 
35156, 3, 3 
15760, 3, 3 
6892, 3, 3 
59308, 3, 3 
46465, 3, 3 
42114, 3, 3 
30468, 3, 3 
48974, 3, 3 
38239, 3, 3 
28037, 3, 3 
26674, 3, 3 
9868, 3, 3 
659, 3, 3 
46182, 3, 3 
31548, 3, 3 
2803, 3, 3 
58278, 3, 3 
24435, 3, 3 
45246, 3, 3 
15647, 3, 3 
33399, 3, 3 
14878, 3, 3 
45046, 3, 3 
58874, 3, 3 
59760, 3, 3 
25257, 3, 3 
59081, 3, 3 
39941, 3, 3 
34203, 3, 3 
9617, 3, 3 
50297, 3, 3 
22204, 3, 3 
23547, 3, 3 
32883, 3, 3 
32422, 3, 3 
17646, 3, 3 
26550, 3, 3 
27838, 3, 3 
32539, 3, 3 
55947, 3, 3 
52907, 3, 3 
26928, 3, 3 
4584, 3, 3 
31108, 3, 3 
27480, 3, 3 
53083, 3, 3 
7225, 3, 3 
58924, 3, 3 
14810, 3, 3 
55726, 3, 3 
6489, 3, 3 
20903, 3, 3 
58064, 3, 3 
56134, 3, 3 
28571, 3, 3 
8425, 3, 3 
22451, 3, 3 
20965, 3, 3 
7935, 3, 3 
49149, 3, 3 
17271, 3, 3 
40502, 3, 3 
49529, 3, 3 
29269, 3, 3 
27060, 3, 3 
44555, 3, 3 
45601, 3, 3 
7123, 3, 3 
51561, 3, 3 
48137, 3, 3 
52435, 3, 3 
20616, 3, 3 
21261, 3, 3 
4508, 3, 3 
51333, 3, 3 
12709, 3, 3 
9696, 3, 3 
4762, 3, 3 
20737, 3, 3 
16414, 3, 3 
48360, 3, 3 
54291, 3, 3 
51486, 3, 3 
111, 3, 3 
49859, 3, 3 
39461, 3, 3 
38735, 3, 3 
53167, 3, 3 
46953, 3, 3 
51613, 3, 3 
2895, 3, 3 
59054, 3, 3 
48930, 3, 9 
46525, 3, 3 
54029, 3, 3 
29231, 3, 3 
41407, 3, 3 
42054, 3, 3 
34646, 3, 3 
42186, 3, 3 
1599, 3, 3 
7046, 3, 3 
13383, 3, 3 
35249, 3, 3 
38927, 3, 3 
16732, 3, 3 
2463, 3, 3 
26222, 3, 3 
2580, 3, 3 
43373, 3, 3 
11929, 3, 3 
48392, 3, 3 
19829, 3, 3 
25590, 3, 3 
18549, 3, 3 
45814, 3, 3 
48798, 3, 3 
36023, 3, 3 
11155, 3, 3 
17766, 3, 3 
42994, 3, 3 
20150, 3, 3 
30377, 3, 3 
11511, 3, 3 
57872, 3, 3 
28031, 3, 3 
1474, 3, 3 
53075, 3, 3 
58336, 3, 3 
14177, 3, 3 
16689, 3, 3 
25245, 3, 3 
52794, 3, 3 
56288, 3, 3 
53374, 3, 3 
17242, 3, 3 
17777, 3, 3 
57734, 3, 3 
44193, 3, 3 
58001, 3, 3 
12498, 3, 3 
38653, 3, 3 
52160, 3, 3 
31722, 3, 3 
27690, 3, 3 
13983, 3, 3 
14236, 3, 3 
10518, 3, 3 
38911, 3, 3 
4196, 3, 3 
46187, 3, 3 
27726, 3, 3 
18615, 3, 3 
48065, 3, 3 
12920, 3, 3 
40298, 3, 3 
1870, 3, 3 
46923, 3, 3 
30048, 3, 3 
25746, 3, 3 
54660, 3, 3 
32689, 3, 3 
6898, 3, 3 
27670, 3, 3 
59440, 3, 3 
8406, 3, 3 
9553, 3, 3 
35949, 3, 3 
22251, 3, 3 
54476, 3, 3 
59137, 3, 3 
40550, 3, 3 
43875, 3, 3 
15785, 3, 3 
11341, 3, 3 
55844, 3, 3 
51321, 3, 3 
10757, 3, 3 
10984, 3, 3 
39081, 3, 3 
23873, 3, 3 
33986, 3, 3 
56073, 3, 3 
2230, 3, 3 
24373, 3, 3 
157, 3, 3 
37786, 3, 3 
59631, 3, 3 
39486, 4, 4 
51351, 4, 4 
32917, 4, 4 
32458, 4, 4 
48972, 4, 4 
30039, 4, 4 
27914, 4, 4 
31340, 4, 4 
8370, 4, 4 
13463, 4, 4 
882, 4, 4 
10693, 4, 4 
33630, 4, 4 
29339, 4, 4 
46245, 4, 4 
56946, 4, 4 
35126, 4, 4 
58225, 4, 4 
22714, 4, 4 
8477, 4, 4 
31090, 4, 4 
19573, 4, 4 
27221, 4, 4 
13252, 4, 4 
22865, 4, 4 
9148, 4, 4 
1220, 4, 4 
41482, 4, 4 
7124, 4, 4 
15942, 4, 2 
34389, 4, 4 
30835, 4, 4 
6669, 4, 4 
28610, 4, 4 
10642, 4, 4 
7722, 4, 4 
44998, 4, 4 
52748, 4, 4 
34093, 4, 4 
2647, 4, 4 
38072, 4, 4 
3973, 4, 4 
8854, 4, 4 
46550, 4, 4 
52519, 4, 4 
21057, 4, 4 
25931, 4, 4 
1763, 4, 4 
35533, 4, 4 
30464, 4, 4 
34406, 4, 4 
59219, 4, 4 
47779, 4, 4 
31994, 4, 4 
2106, 4, 4 
12615, 4, 4 
18011, 4, 4 
41022, 4, 4 
24980, 4, 4 
49127, 4, 4 
33117, 4, 4 
5105, 4, 4 
30529, 4, 4 
46922, 4, 4 
35546, 4, 4 
5945, 4, 4 
38583, 4, 4 
46564, 4, 4 
38551, 4, 4 
12306, 4, 4 
10888, 4, 4 
30447, 4, 4 
36726, 4, 4 
35686, 4, 4 
57873, 4, 4 
19840, 4, 4 
32719, 4, 4 
8534, 4, 4 
52935, 4, 4 
42033, 4, 4 
24087, 4, 4 
57371, 4, 4 
2546, 4, 4 
25419, 4, 4 
26249, 4, 4 
58630, 4, 4 
51962, 4, 4 
13009, 4, 4 
29941, 4, 4 
39182, 4, 4 
12922, 4, 4 
41818, 4, 4 
855, 4, 4 
59312, 4, 4 
39339, 4, 4 
49982, 4, 4 
59259, 4, 4 
18589, 4, 4 
17822, 4, 4 
3340, 4, 4 
8825, 4, 4 
19192, 4, 4 
14296, 4, 4 
44124, 4, 4 
3611, 4, 4 
14424, 4, 4 
26435, 4, 4 
8495, 4, 4 
44842, 4, 4 
18767, 4, 4 
1079, 4, 1 
6556, 4, 4 
19794, 4, 4 
7019, 4, 4 
52442, 4, 4 
31951, 4, 4 
24052, 4, 4 
46781, 4, 4 
58174, 4, 4 
55424, 4, 4 
37227, 4, 4 
57530, 4, 4 
3945, 4, 4 
12763, 4, 4 
34682, 4, 4 
21916, 4, 4 
33285, 4, 4 
13878, 4, 4 
38296, 4, 4 
18031, 4, 4 
13367, 4, 4 
57524, 4, 4 
49102, 4, 4 
11256, 4, 4 
48745, 4, 4 
33411, 4, 4 
46128, 4, 4 
10114, 4, 4 
3484, 4, 4 
5138, 4, 4 
26506, 4, 4 
22771, 4, 4 
10758, 4, 4 
56799, 4, 4 
53446, 4, 4 
14572, 4, 4 
12830, 4, 4 
24781, 4, 4 
26573, 4, 4 
50567, 4, 4 
25184, 4, 4 
43713, 4, 4 
19657, 4, 4 
57733, 4, 4 
851, 4, 4 
57721, 4, 4 
1149, 4, 4 
55676, 4, 4 
49745, 4, 4 
27077, 4, 4 
48854, 4, 4 
37916, 4, 4 
26235, 4, 4 
8600, 4, 4 
50031, 4, 4 
46384, 4, 4 
21287, 4, 4 
29196, 4, 4 
58210, 4, 4 
22189, 4, 4 
6314, 4, 4 
44515, 4, 4 
42181, 4, 4 
17926, 4, 4 
32838, 4, 4 
28398, 4, 4 
19923, 4, 4 
38500, 4, 4 
41838, 4, 4 
4088, 4, 4 
46530, 4, 4 
46577, 4, 4 
57938, 4, 4 
18223, 4, 4 
58218, 4, 4 
19666, 4, 4 
4436, 4, 4 
58347, 4, 4 
35418, 4, 4 
50889, 4, 4 
2983, 4, 4 
51255, 4, 4 
7350, 4, 4 
20525, 4, 4 
5111, 4, 4 
46624, 4, 4 
42638, 4, 4 
39186, 4, 4 
18501, 4, 4 
897, 4, 4 
2527, 5, 5 
5947, 5, 5 
23763, 5, 5 
51972, 5, 5 
26553, 5, 5 
46576, 5, 5 
2646, 5, 5 
5653, 5, 5 
18313, 5, 5 
21749, 5, 5 
58217, 5, 5 
24324, 5, 5 
44106, 5, 5 
26368, 5, 5 
49445, 5, 5 
28748, 5, 5 
41867, 5, 5 
42312, 5, 5 
28477, 5, 5 
41000, 5, 5 
23912, 5, 5 
27500, 5, 5 
21833, 5, 5 
42589, 5, 5 
13466, 5, 5 
54934, 5, 5 
16692, 5, 5 
32343, 5, 5 
3025, 5, 5 
54640, 5, 5 
28097, 5, 5 
46675, 5, 5 
32506, 5, 5 
24792, 5, 5 
51822, 5, 5 
915, 5, 5 
53275, 5, 5 
9236, 5, 5 
4760, 5, 5 
45512, 5, 5 
16116, 5, 5 
46759, 5, 5 
23655, 5, 5 
47281, 5, 5 
33815, 5, 5 
11928, 5, 5 
50574, 5, 5 
2775, 5, 5 
58756, 5, 5 
40189, 5, 5 
49460, 5, 5 
8767, 5, 5 
6680, 5, 5 
24519, 5, 5 
25178, 5, 5 
31590, 5, 5 
51572, 5, 5 
11806, 5, 5 
43748, 5, 5 
29723, 5, 5 
6776, 5, 5 
9743, 5, 5 
54024, 5, 5 
20266, 5, 5 
36453, 5, 5 
45890, 5, 5 
48489, 5, 5 
50887, 5, 5 
42604, 5, 5 
56368, 5, 5 
12289, 5, 5 
15365, 5, 5 
25793, 5, 5 
54639, 5, 5 
7640, 5, 5 
5620, 5, 5 
15143, 5, 5 
28178, 5, 5 
37740, 5, 5 
40869, 5, 5 
14562, 5, 5 
7845, 5, 5 
41754, 5, 5 
3682, 5, 5 
33046, 5, 5 
4416, 5, 5 
37056, 5, 5 
19867, 5, 5 
24812, 5, 5 
50919, 5, 5 
25738, 5, 5 
17915, 5, 5 
15398, 5, 5 
44651, 5, 5 
42590, 5, 5 
39881, 5, 5 
8668, 5, 5 
29712, 5, 5 
403, 5, 5 
24275, 5, 5 
31005, 5, 5 
15118, 5, 5 
32393, 5, 5 
13328, 5, 5 
36207, 5, 5 
2401, 5, 5 
51775, 5, 5 
1577, 5, 5 
46312, 5, 5 
16834, 5, 5 
55208, 5, 5 
17217, 5, 5 
39946, 5, 5 
54970, 5, 5 
1482, 5, 5 
31242, 5, 5 
15415, 5, 5 
57489, 5, 5 
53946, 5, 5 
56982, 5, 5 
34370, 5, 5 
15778, 5, 5 
18947, 5, 5 
14009, 5, 5 
39807, 5, 5 
23449, 5, 5 
17665, 5, 5 
17159, 5, 5 
55322, 5, 5 
51473, 5, 5 
65, 5, 5 
28209, 5, 5 
32344, 5, 5 
51659, 5, 5 
23861, 5, 5 
47828, 5, 5 
51963, 5, 5 
5887, 5, 5 
13594, 5, 5 
24473, 5, 5 
49025, 5, 5 
32659, 5, 5 
11402, 5, 5 
57793, 5, 5 
27310, 5, 5 
6529, 5, 5 
38626, 5, 5 
11359, 5, 5 
9945, 5, 5 
2690, 5, 5 
23007, 5, 5 
16213, 5, 5 
15155, 5, 5 
12821, 5, 5 
47934, 5, 5 
19609, 5, 5 
33905, 5, 5 
47889, 5, 5 
15732, 5, 5 
16374, 5, 5 
59330, 5, 5 
34453, 5, 5 
56813, 5, 5 
11674, 5, 5 
54913, 5, 5 
23158, 5, 5 
15140, 5, 5 
10586, 5, 5 
39978, 5, 5 
38194, 5, 5 
33321, 5, 5 
59160, 5, 5 
49190, 5, 5 
22887, 5, 5 
40518, 5, 5 
37465, 5, 5 
7044, 5, 5 
15781, 5, 5 
57511, 5, 5 
24310, 5, 5 
31520, 5, 5 
41808, 5, 5 
7884, 5, 5 
28952, 5, 5 
9367, 5, 5 
59406, 5, 5 
9607, 5, 5 
41457, 5, 5 
10652, 5, 5 
20210, 5, 5 
26062, 5, 5 
28103, 5, 5 
7276, 5, 5 
11472, 5, 5 
10703, 5, 5 
6004, 5, 5 
46458, 5, 5 
51039, 5, 5 
56566, 5, 5 
59701, 5, 6 
45294, 6, 6 
37707, 6, 6 
43462, 6, 6 
26940, 6, 6 
56251, 6, 6 
21854, 6, 6 
5920, 6, 6 
11635, 6, 6 
2978, 6, 6 
16599, 6, 6 
28798, 6, 6 
38730, 6, 6 
39777, 6, 6 
59206, 6, 6 
43620, 6, 6 
46538, 6, 6 
48433, 6, 6 
57413, 6, 6 
21004, 6, 6 
32692, 6, 6 
17249, 6, 6 
50719, 6, 6 
53221, 6, 6 
19356, 6, 6 
37803, 6, 6 
28497, 6, 6 
6464, 6, 6 
4337, 6, 6 
51570, 6, 6 
12290, 6, 6 
40023, 6, 6 
23244, 6, 6 
955, 6, 6 
27669, 6, 6 
19710, 6, 6 
18849, 6, 6 
41912, 6, 6 
12964, 6, 6 
48649, 6, 6 
11282, 6, 6 
14813, 6, 6 
39589, 6, 6 
12715, 6, 6 
21025, 6, 6 
52150, 6, 6 
37228, 6, 6 
29707, 6, 6 
57409, 6, 6 
47810, 6, 6 
8870, 6, 6 
40564, 6, 6 
49405, 6, 6 
11691, 6, 6 
25559, 6, 6 
13838, 6, 6 
9929, 6, 6 
19788, 6, 6 
5576, 6, 6 
5931, 6, 6 
31752, 6, 6 
39632, 6, 6 
26077, 6, 6 
25646, 6, 6 
8994, 6, 6 
29597, 6, 6 
46482, 6, 6 
15431, 6, 6 
35219, 6, 6 
23922, 6, 6 
47798, 6, 6 
41631, 6, 6 
57226, 6, 6 
38444, 6, 6 
18032, 6, 6 
9460, 6, 6 
37310, 6, 6 
10440, 6, 6 
52441, 6, 6 
57463, 6, 6 
5037, 6, 6 
23688, 6, 6 
43161, 6, 6 
21918, 6, 6 
59981, 6, 6 
2590, 6, 6 
11592, 6, 6 
31118, 6, 6 
47699, 6, 6 
41889, 6, 6 
3650, 6, 6 
13349, 6, 6 
44315, 6, 6 
59976, 6, 6 
52338, 6, 6 
35828, 6, 6 
19970, 6, 6 
58940, 6, 6 
18907, 6, 6 
49022, 6, 6 
36985, 6, 6 
33269, 6, 6 
45127, 6, 6 
27161, 6, 6 
18140, 6, 6 
48437, 6, 6 
45686, 6, 6 
2044, 6, 1 
42335, 6, 6 
55135, 6, 6 
1540, 6, 6 
17652, 6, 6 
46524, 6, 6 
59885, 6, 6 
52494, 6, 6 
6574, 6, 6 
40349, 6, 6 
55475, 6, 6 
31903, 6, 6 
52514, 6, 6 
449, 6, 6 
9144, 6, 6 
37549, 6, 6 
44984, 6, 6 
24257, 6, 6 
2300, 6, 6 
40395, 6, 6 
42475, 6, 6 
28776, 6, 6 
3524, 6, 6 
331, 6, 6 
58271, 6, 6 
58027, 6, 6 
21081, 6, 6 
12402, 6, 6 
42072, 6, 6 
48219, 6, 6 
12520, 6, 6 
6721, 6, 6 
42160, 6, 6 
4039, 6, 6 
48117, 6, 6 
17344, 6, 6 
5329, 6, 6 
26796, 6, 6 
55904, 6, 6 
6828, 6, 6 
35037, 6, 6 
42667, 6, 6 
16728, 6, 6 
42558, 6, 6 
21752, 6, 6 
32111, 6, 6 
42025, 6, 6 
388, 6, 6 
22465, 6, 6 
8420, 6, 6 
35575, 6, 6 
46101, 6, 6 
48792, 6, 6 
33159, 6, 6 
6474, 6, 6 
29769, 6, 6 
46382, 6, 6 
4765, 6, 6 
28602, 6, 6 
46521, 6, 6 
58050, 6, 6 
18349, 6, 6 
701, 6, 6 
25108, 6, 6 
29537, 6, 6 
15831, 6, 6 
23261, 6, 6 
59431, 6, 6 
45228, 6, 6 
53625, 6, 6 
34522, 6, 6 
29832, 6, 6 
18388, 6, 6 
28702, 6, 6 
48778, 6, 6 
18094, 6, 6 
22212, 6, 6 
27382, 6, 6 
15145, 6, 6 
52069, 6, 6 
32228, 6, 6 
49931, 6, 6 
9635, 6, 6 
35844, 6, 6 
58815, 6, 6 
2850, 6, 6 
47705, 6, 6 
50556, 6, 6 
35200, 6, 6 
25037, 6, 6 
31588, 6, 6 
21074, 6, 6 
10697, 6, 6 
36601, 6, 6 
31792, 7, 7 
13789, 7, 7 
52166, 7, 7 
23002, 7, 7 
19683, 7, 7 
5437, 7, 7 
56521, 7, 7 
12941, 7, 7 
7889, 7, 7 
3599, 7, 7 
53956, 7, 7 
19334, 7, 7 
15531, 7, 7 
53699, 7, 7 
51502, 7, 7 
41660, 7, 7 
14891, 7, 7 
33131, 7, 7 
5269, 7, 7 
24171, 7, 7 
2491, 7, 7 
7028, 7, 7 
56503, 7, 7 
2095, 7, 7 
11686, 7, 7 
16197, 7, 7 
25578, 7, 7 
49365, 7, 7 
33996, 7, 7 
56892, 7, 7 
20996, 7, 7 
17383, 7, 7 
1480, 7, 7 
51583, 7, 7 
9774, 7, 7 
11054, 7, 7 
52471, 7, 7 
14563, 7, 7 
11987, 7, 7 
23054, 7, 7 
54194, 7, 7 
18392, 7, 7 
40668, 7, 7 
44972, 7, 7 
38422, 7, 7 
47242, 7, 7 
57465, 7, 7 
16004, 7, 7 
30560, 7, 7 
7697, 7, 7 
54114, 7, 7 
31387, 7, 7 
19183, 7, 7 
38246, 7, 7 
32956, 7, 7 
55826, 7, 7 
12558, 7, 7 
49364, 7, 7 
10154, 7, 7 
53129, 7, 7 
35102, 7, 7 
42976, 7, 7 
6378, 7, 7 
214, 7, 7 
42282, 7, 7 
8069, 7, 7 
48787, 7, 7 
79, 7, 7 
41009, 7, 7 
13571, 7, 7 
37090, 7, 7 
42548, 7, 7 
4041, 7, 7 
2246, 7, 7 
8991, 7, 7 
34231, 7, 7 
53589, 7, 7 
13794, 7, 7 
39244, 7, 7 
35391, 7, 7 
59254, 7, 7 
48562, 7, 7 
52732, 7, 7 
12524, 7, 7 
24816, 7, 7 
40386, 7, 7 
44015, 7, 7 
24568, 7, 7 
32347, 7, 7 
28972, 7, 7 
19509, 7, 7 
57431, 7, 7 
7906, 7, 7 
29582, 7, 7 
52998, 7, 7 
43036, 7, 7 
2447, 7, 7 
59360, 7, 7 
35203, 7, 7 
42733, 7, 7 
10989, 7, 7 
21405, 7, 7 
19086, 7, 7 
34670, 7, 7 
33107, 7, 7 
3405, 7, 7 
14073, 7, 7 
17350, 7, 7 
10590, 7, 7 
2574, 7, 7 
40783, 7, 7 
904, 7, 7 
53783, 7, 7 
25125, 7, 7 
928, 7, 7 
44803, 7, 7 
5407, 7, 7 
21823, 7, 7 
42646, 7, 7 
2427, 7, 7 
49531, 7, 7 
32470, 7, 7 
46349, 7, 7 
22171, 7, 7 
5855, 7, 7 
24662, 7, 7 
11786, 7, 7 
25200, 7, 7 
51389, 7, 7 
32294, 7, 7 
6932, 7, 7 
21456, 7, 7 
15754, 7, 7 
46156, 7, 7 
6432, 7, 7 
44868, 7, 7 
33093, 7, 7 
32099, 7, 7 
20214, 7, 7 
2706, 7, 7 
34344, 7, 7 
42695, 7, 7 
48893, 7, 7 
12143, 7, 7 
43493, 7, 7 
2844, 7, 7 
5897, 7, 7 
14470, 7, 7 
42997, 7, 7 
19704, 7, 7 
57600, 7, 7 
39917, 7, 7 
20707, 7, 7 
25871, 7, 7 
45314, 7, 7 
30008, 7, 7 
45865, 7, 7 
56432, 7, 7 
39399, 7, 7 
58959, 7, 7 
25079, 7, 7 
5575, 7, 7 
15192, 7, 7 
41336, 7, 7 
954, 7, 7 
51683, 7, 7 
59323, 7, 7 
8020, 7, 7 
39449, 7, 7 
3951, 7, 7 
25817, 7, 7 
55171, 7, 7 
11207, 7, 7 
23207, 7, 7 
12453, 7, 7 
22626, 7, 7 
40506, 7, 7 
6871, 7, 7 
25895, 7, 7 
14280, 7, 7 
2048, 7, 7 
55448, 7, 7 
2145, 7, 7 
10131, 7, 7 
42639, 7, 7 
15062, 7, 7 
55413, 7, 7 
54207, 7, 7 
48108, 7, 7 
33479, 7, 7 
14598, 7, 7 
32740, 7, 7 
58197, 7, 7 
22336, 7, 7 
103, 7, 7 
28205, 7, 7 
30672, 7, 7 
468, 7, 7 
40784, 7, 7 
6132, 7, 7 
12419, 8, 8 
56357, 8, 8 
45874, 8, 8 
20352, 8, 8 
38453, 8, 8 
57696, 8, 8 
46988, 8, 8 
44041, 8, 8 
51208, 8, 8 
44118, 8, 8 
11555, 8, 8 
51326, 8, 8 
7048, 8, 8 
28093, 8, 8 
10655, 8, 8 
37078, 8, 8 
7704, 8, 8 
48037, 8, 8 
15091, 8, 8 
11120, 8, 8 
42006, 8, 8 
40134, 8, 8 
52932, 8, 8 
16517, 8, 8 
25796, 8, 8 
3688, 8, 8 
2175, 8, 8 
5557, 8, 8 
42679, 8, 8 
39442, 8, 8 
9789, 8, 8 
39873, 8, 8 
40138, 8, 8 
26294, 8, 8 
46252, 8, 8 
17609, 8, 8 
29751, 8, 8 
6533, 8, 8 
6158, 8, 8 
38386, 8, 8 
13990, 8, 8 
24359, 8, 8 
8859, 8, 8 
9799, 8, 8 
8125, 8, 8 
49999, 8, 8 
9970, 8, 8 
33382, 8, 8 
50530, 8, 8 
15817, 8, 8 
22484, 8, 8 
53099, 8, 8 
40022, 8, 8 
19879, 8, 8 
57090, 8, 8 
37255, 8, 8 
36270, 8, 8 
3554, 8, 8 
13795, 8, 8 
35017, 8, 8 
19067, 8, 8 
56842, 8, 8 
12298, 8, 8 
5699, 8, 8 
14140, 8, 8 
7479, 8, 8 
53440, 8, 8 
24046, 8, 8 
31259, 8, 8 
8618, 8, 8 
25835, 8, 8 
49525, 8, 8 
7316, 8, 8 
26804, 8, 8 
15248, 8, 8 
6187, 8, 8 
35471, 8, 8 
55766, 8, 8 
43754, 8, 8 
21389, 8, 8 
52536, 8, 8 
36622, 8, 8 
54909, 8, 8 
23631, 8, 8 
11586, 8, 8 
22309, 8, 8 
49532, 8, 8 
33323, 8, 8 
13122, 8, 8 
23400, 8, 8 
11146, 8, 8 
46505, 8, 8 
32480, 8, 8 
31293, 8, 8 
33439, 8, 8 
33251, 8, 8 
39902, 8, 8 
55530, 8, 8 
27608, 8, 8 
27027, 8, 8 
43944, 8, 8 
28054, 8, 8 
18674, 8, 8 
14209, 8, 8 
22166, 8, 8 
59380, 8, 8 
35576, 8, 8 
6924, 8, 8 
29306, 8, 8 
46175, 8, 8 
12899, 8, 8 
50604, 8, 8 
43656, 8, 8 
24981, 8, 8 
21863, 8, 8 
37152, 8, 8 
23398, 8, 8 
8171, 8, 8 
22923, 8, 8 
23729, 8, 8 
58893, 8, 8 
21295, 8, 8 
30098, 8, 8 
28643, 8, 8 
56710, 8, 8 
34312, 8, 8 
26289, 8, 8 
52567, 8, 8 
33546, 8, 8 
2384, 8, 8 
54341, 8, 8 
53513, 8, 8 
44272, 8, 8 
42299, 8, 8 
7461, 8, 8 
58990, 8, 8 
31800, 8, 8 
41231, 8, 8 
36635, 8, 8 
6806, 8, 8 
44631, 8, 8 
15739, 8, 8 
34108, 8, 8 
38588, 8, 8 
25320, 8, 8 
8730, 8, 8 
33519, 8, 8 
21556, 8, 8 
19777, 8, 8 
10447, 8, 8 
15532, 8, 8 
23680, 8, 8 
19889, 8, 8 
27051, 8, 8 
36656, 8, 8 
37810, 8, 8 
34819, 8, 8 
10628, 8, 8 
46827, 8, 8 
10189, 8, 8 
20592, 8, 8 
19835, 8, 8 
14128, 8, 8 
24679, 8, 8 
49295, 8, 8 
25008, 8, 8 
26397, 8, 8 
42704, 8, 8 
39266, 8, 8 
27947, 8, 8 
21826, 8, 8 
36891, 8, 8 
26569, 8, 8 
11210, 8, 8 
42096, 8, 8 
35783, 8, 8 
3026, 8, 8 
21190, 8, 8 
33074, 8, 8 
30539, 8, 8 
19650, 8, 8 
21868, 8, 8 
33979, 8, 8 
52430, 8, 8 
50883, 8, 8 
972, 8, 8 
30892, 8, 8 
42665, 8, 8 
7793, 8, 8 
18348, 8, 8 
50394, 8, 8 
5800, 8, 8 
44579, 8, 8 
31414, 8, 8 
39653, 8, 8 
28003, 8, 8 
13327, 8, 8 
15640, 8, 8 
37324, 8, 8 
20938, 8, 8 
55120, 9, 9 
19558, 9, 9 
30069, 9, 9 
39148, 9, 9 
11682, 9, 9 
53045, 9, 9 
26426, 9, 9 
16853, 9, 9 
16476, 9, 9 
52510, 9, 9 
8321, 9, 9 
20767, 9, 7 
6074, 9, 9 
49261, 9, 9 
59449, 9, 9 
28984, 9, 9 
28597, 9, 9 
20763, 9, 9 
45381, 9, 9 
6272, 9, 9 
4056, 9, 9 
48224, 9, 9 
32100, 9, 9 
16881, 9, 9 
40528, 9, 9 
35724, 9, 9 
33746, 9, 9 
30096, 9, 9 
18728, 9, 9 
1552, 9, 9 
39997, 9, 9 
4092, 9, 9 
29861, 9, 9 
5233, 9, 9 
55295, 9, 9 
10088, 9, 9 
35421, 9, 9 
49447, 9, 9 
9437, 9, 9 
59381, 9, 9 
23945, 9, 9 
52910, 9, 9 
25432, 9, 9 
23772, 9, 9 
20594, 9, 9 
50110, 9, 9 
11293, 9, 9 
22316, 9, 9 
36550, 9, 7 
28677, 9, 9 
34786, 9, 9 
36922, 9, 9 
30237, 9, 9 
1292, 9, 9 
3533, 9, 9 
9896, 9, 9 
14735, 9, 9 
47010, 9, 9 
19190, 9, 9 
4771, 9, 9 
14925, 9, 9 
27966, 9, 3 
59362, 9, 9 
23624, 9, 9 
12738, 9, 9 
48580, 9, 9 
21449, 9, 9 
46987, 9, 9 
5937, 9, 9 
20519, 9, 9 
49740, 9, 9 
42400, 9, 9 
24082, 9, 9 
25216, 9, 9 
26527, 9, 9 
38456, 9, 9 
16360, 9, 9 
51590, 9, 9 
58692, 9, 9 
55401, 9, 9 
16147, 9, 9 
31077, 9, 9 
3787, 9, 9 
3190, 9, 9 
33014, 9, 9 
33472, 9, 9 
17167, 9, 9 
46569, 9, 9 
6589, 9, 9 
16799, 9, 9 
43210, 9, 9 
24194, 9, 9 
50807, 9, 9 
44701, 9, 9 
19860, 9, 9 
48290, 9, 9 
35941, 9, 9 
46973, 9, 9 
54038, 9, 9 
31833, 9, 9 
51239, 9, 9 
18666, 9, 9 
40264, 9, 9 
57299, 9, 9 
57545, 9, 9 
44081, 9, 9 
23480, 9, 9 
1733, 9, 9 
41326, 9, 9 
47148, 9, 9 
45879, 9, 9 
11628, 9, 9 
31532, 9, 9 
34176, 9, 9 
7714, 9, 9 
59776, 9, 9 
32356, 9, 9 
33311, 9, 9 
58509, 9, 9 
5276, 9, 9 
44074, 9, 9 
11373, 9, 9 
10142, 9, 9 
33021, 9, 9 
33961, 9, 9 
1695, 9, 9 
12570, 9, 9 
9346, 9, 9 
45308, 9, 9 
25478, 9, 9 
6934, 9, 9 
10524, 9, 9 
43058, 9, 9 
46958, 9, 9 
29865, 9, 9 
45431, 9, 9 
5093, 9, 9 
59887, 9, 9 
17445, 9, 9 
23257, 9, 9 
20982, 9, 9 
49468, 9, 9 
4824, 9, 9 
21040, 9, 9 
319, 9, 9 
43667, 9, 9 
24556, 9, 9 
24998, 9, 9 
53337, 9, 9 
29036, 9, 9 
35894, 9, 9 
46023, 9, 9 
52605, 9, 9 
53204, 9, 9 
1875, 9, 9 
46721, 9, 9 
25267, 9, 9 
32256, 9, 9 
20031, 9, 9 
17831, 9, 9 
38899, 9, 9 
36991, 9, 9 
46889, 9, 9 
11840, 9, 9 
34920, 9, 9 
29565, 9, 9 
30694, 9, 9 
23423, 9, 9 
38030, 9, 9 
30942, 9, 9 
13002, 9, 9 
46315, 9, 9 
23374, 9, 9 
14240, 9, 9 
8750, 9, 9 
22319, 9, 9 
51843, 9, 9 
20818, 9, 9 
32816, 9, 9 
2140, 9, 9 
54055, 9, 9 
12315, 9, 9 
53020, 9, 9 
24054, 9, 9 
9407, 9, 9 
45762, 9, 9 
55064, 9, 9 
7474, 9, 9 
50832, 9, 9 
58680, 9, 9 
3770, 9, 9 
17537, 9, 7 
42709, 9, 9 
10539, 9, 9 
2973, 9, 9 
31917, 9, 5 
37283, 9, 9 
11123, 9, 9 
53597, 9, 9 
32908, 9, 9 
