id, true label, predicted label 
27394, 0, 0 
37723, 0, 0 
31116, 0, 0 
52613, 0, 0 
4505, 0, 0 
55617, 0, 0 
59267, 0, 0 
54354, 0, 0 
54982, 0, 0 
46775, 0, 0 
50839, 0, 0 
49075, 0, 0 
29578, 0, 0 
4607, 0, 0 
39279, 0, 0 
11636, 0, 0 
17335, 0, 0 
31392, 0, 0 
28230, 0, 0 
4718, 0, 0 
46579, 0, 0 
18665, 0, 0 
31445, 0, 0 
15993, 0, 0 
9083, 0, 0 
7499, 0, 0 
11514, 0, 0 
59037, 0, 0 
25167, 0, 0 
50042, 0, 0 
56724, 0, 0 
24978, 0, 0 
27512, 0, 0 
49989, 0, 0 
9753, 0, 0 
13366, 0, 0 
9966, 0, 0 
36560, 0, 0 
52629, 0, 0 
39956, 0, 0 
40246, 0, 0 
45455, 0, 0 
5019, 0, 0 
34073, 0, 0 
28607, 0, 0 
1137, 0, 0 
34619, 0, 0 
35481, 0, 0 
1268, 0, 0 
50354, 0, 0 
26713, 0, 0 
46628, 0, 0 
47335, 0, 0 
13807, 0, 0 
19004, 0, 0 
36994, 0, 0 
21735, 0, 0 
32746, 0, 0 
12837, 0, 0 
55666, 0, 0 
27854, 0, 0 
19072, 0, 0 
32454, 0, 0 
45058, 0, 0 
9707, 0, 0 
30707, 0, 0 
10801, 0, 0 
56709, 0, 0 
3882, 0, 0 
55752, 0, 0 
39859, 0, 0 
3568, 0, 0 
12732, 0, 0 
32144, 0, 0 
50629, 0, 0 
23315, 0, 0 
27082, 0, 0 
293, 0, 0 
37738, 0, 0 
43976, 0, 0 
53851, 0, 0 
53344, 0, 0 
24276, 0, 0 
23504, 0, 0 
21078, 0, 0 
20814, 0, 0 
6968, 0, 0 
2325, 0, 0 
8885, 0, 0 
326, 0, 0 
36871, 0, 0 
5886, 0, 0 
46235, 0, 0 
36842, 0, 0 
6446, 0, 0 
12103, 0, 0 
51259, 0, 0 
47552, 0, 0 
39263, 0, 0 
42245, 0, 0 
52336, 0, 0 
11091, 0, 0 
1828, 0, 0 
47005, 0, 0 
54391, 0, 0 
50476, 0, 0 
26343, 0, 0 
43387, 0, 0 
37506, 0, 0 
33641, 0, 0 
5398, 0, 0 
40817, 0, 0 
36393, 0, 0 
16987, 0, 0 
22152, 0, 0 
21137, 0, 0 
38903, 0, 0 
49306, 0, 0 
53051, 0, 0 
32625, 0, 0 
24615, 0, 0 
11957, 0, 0 
14840, 0, 0 
40850, 0, 0 
35671, 0, 0 
51845, 0, 0 
6292, 0, 0 
32184, 0, 0 
25312, 0, 0 
58275, 0, 0 
28414, 0, 0 
6991, 0, 0 
20979, 0, 0 
45966, 0, 0 
18042, 0, 0 
19203, 0, 0 
38198, 0, 0 
47835, 0, 0 
49310, 0, 0 
23301, 0, 0 
33645, 0, 0 
22658, 0, 0 
29368, 0, 0 
50156, 0, 0 
30706, 0, 0 
37642, 0, 0 
5317, 0, 0 
7135, 0, 0 
81, 0, 0 
37752, 0, 0 
59547, 0, 0 
95, 0, 0 
3612, 0, 0 
20060, 0, 0 
21907, 0, 0 
32690, 0, 0 
15890, 0, 0 
44692, 0, 0 
19861, 0, 0 
12553, 0, 0 
57847, 0, 0 
48459, 0, 0 
58521, 0, 0 
12500, 0, 0 
9422, 0, 0 
57041, 0, 0 
40249, 0, 0 
43527, 0, 0 
8653, 0, 0 
16221, 0, 0 
50637, 0, 0 
55917, 0, 0 
6832, 0, 0 
45669, 0, 0 
4239, 0, 0 
57645, 0, 0 
5932, 0, 0 
38315, 0, 0 
41296, 0, 0 
49429, 0, 0 
15704, 0, 0 
26475, 0, 0 
26095, 0, 0 
19818, 0, 0 
14097, 0, 0 
54967, 0, 0 
28763, 0, 0 
3035, 0, 0 
9458, 0, 0 
22978, 0, 0 
2624, 0, 0 
20321, 0, 0 
38461, 0, 0 
29438, 0, 0 
56489, 0, 0 
15520, 0, 0 
44788, 0, 0 
14775, 0, 0 
18712, 0, 0 
399, 0, 0 
23501, 1, 1 
58147, 1, 1 
24357, 1, 1 
19188, 1, 1 
33176, 1, 1 
12811, 1, 1 
32204, 1, 1 
8970, 1, 1 
40658, 1, 1 
50647, 1, 1 
23756, 1, 1 
18407, 1, 1 
48074, 1, 1 
19440, 1, 1 
22644, 1, 1 
49855, 1, 1 
46046, 1, 1 
11883, 1, 1 
55495, 1, 1 
11249, 1, 1 
45092, 1, 1 
39367, 1, 1 
15345, 1, 1 
46302, 1, 1 
48897, 1, 1 
1277, 1, 1 
59354, 1, 1 
43813, 1, 1 
27569, 1, 1 
36373, 1, 1 
35487, 1, 1 
48326, 1, 1 
53273, 1, 1 
46782, 1, 1 
37732, 1, 1 
38629, 1, 1 
2415, 1, 1 
22347, 1, 1 
16076, 1, 1 
54489, 1, 1 
22776, 1, 1 
8575, 1, 1 
20899, 1, 1 
4504, 1, 1 
33458, 1, 1 
50608, 1, 1 
39007, 1, 1 
23604, 1, 1 
16735, 1, 1 
5840, 1, 1 
10985, 1, 1 
572, 1, 1 
24814, 1, 1 
34884, 1, 1 
30963, 1, 1 
39849, 1, 1 
14126, 1, 1 
22349, 1, 1 
54864, 1, 1 
36995, 1, 1 
14154, 1, 1 
5004, 1, 1 
59297, 1, 1 
27619, 1, 1 
11061, 1, 1 
7857, 1, 1 
36368, 1, 1 
59827, 1, 1 
57243, 1, 1 
51784, 1, 1 
42380, 1, 1 
30218, 1, 1 
43214, 1, 1 
36317, 1, 1 
42834, 1, 1 
54094, 1, 1 
32887, 1, 1 
14271, 1, 1 
3375, 1, 1 
573, 1, 1 
13648, 1, 1 
20237, 1, 1 
3963, 1, 1 
53409, 1, 1 
13947, 1, 1 
43426, 1, 1 
12746, 1, 1 
31529, 1, 1 
33394, 1, 1 
3197, 1, 1 
22555, 1, 1 
48751, 1, 1 
51067, 1, 1 
46372, 1, 1 
3464, 1, 1 
13956, 1, 1 
58139, 1, 1 
45931, 1, 1 
44151, 1, 1 
22931, 1, 1 
4913, 1, 1 
8992, 1, 1 
11939, 1, 1 
3878, 1, 1 
6395, 1, 1 
12030, 1, 1 
29517, 1, 1 
47670, 1, 1 
9103, 1, 1 
124, 1, 1 
20275, 1, 1 
14414, 1, 1 
59806, 1, 1 
20163, 1, 1 
58570, 1, 1 
45078, 1, 1 
29274, 1, 1 
56283, 1, 1 
9975, 1, 1 
9796, 1, 1 
35596, 1, 1 
36164, 1, 1 
12949, 1, 1 
10378, 1, 1 
20443, 1, 1 
18488, 1, 1 
27693, 1, 1 
24771, 1, 1 
10508, 1, 1 
34950, 1, 1 
44324, 1, 1 
41956, 1, 1 
18833, 1, 1 
17191, 1, 1 
14758, 1, 1 
35357, 1, 1 
36433, 1, 1 
22489, 1, 1 
35435, 1, 1 
34852, 1, 1 
52575, 1, 1 
17418, 1, 1 
25697, 1, 1 
3675, 1, 1 
59233, 1, 1 
48900, 1, 1 
37614, 1, 1 
24397, 1, 1 
10947, 1, 1 
56278, 1, 1 
55747, 1, 1 
24175, 1, 1 
8160, 1, 1 
20772, 1, 1 
19652, 1, 1 
20556, 1, 1 
19753, 1, 1 
23505, 1, 1 
47784, 1, 1 
55412, 1, 1 
4163, 1, 1 
28098, 1, 1 
21682, 1, 1 
39646, 1, 1 
29434, 1, 1 
38264, 1, 1 
27330, 1, 1 
57433, 1, 1 
26476, 1, 1 
48625, 1, 1 
1065, 1, 1 
11975, 1, 1 
59071, 1, 1 
53904, 1, 1 
14021, 1, 1 
28629, 1, 1 
20988, 1, 1 
13334, 1, 1 
8319, 1, 1 
34334, 1, 1 
11543, 1, 1 
21498, 1, 1 
58355, 1, 1 
4492, 1, 1 
13006, 1, 1 
1450, 1, 1 
12207, 1, 1 
53058, 1, 1 
45499, 1, 1 
27506, 1, 1 
13923, 1, 1 
18906, 1, 1 
52916, 1, 1 
39912, 1, 1 
31198, 1, 1 
21697, 1, 1 
5643, 1, 1 
15959, 1, 1 
11178, 1, 1 
28909, 1, 1 
8707, 2, 2 
21891, 2, 2 
5602, 2, 2 
58071, 2, 2 
6899, 2, 2 
47529, 2, 2 
15680, 2, 2 
18930, 2, 2 
2171, 2, 2 
5638, 2, 2 
41595, 2, 2 
32077, 2, 2 
18514, 2, 2 
28937, 2, 2 
12621, 2, 2 
45149, 2, 2 
46219, 2, 2 
49792, 2, 2 
4716, 2, 2 
45501, 2, 2 
54318, 2, 2 
37053, 2, 2 
46044, 2, 2 
7347, 2, 2 
56821, 2, 2 
7523, 2, 2 
40614, 2, 2 
44425, 2, 2 
31773, 2, 2 
36998, 2, 2 
10941, 2, 2 
27367, 2, 2 
1074, 2, 2 
48462, 2, 2 
49929, 2, 2 
16916, 2, 2 
28787, 2, 2 
36311, 2, 2 
34917, 2, 2 
59539, 2, 2 
59983, 2, 2 
2510, 2, 2 
54305, 2, 2 
2283, 2, 2 
14465, 2, 2 
44847, 2, 2 
3199, 2, 2 
37696, 2, 2 
10723, 2, 2 
664, 2, 2 
32155, 2, 2 
9923, 2, 2 
51037, 2, 2 
27223, 2, 2 
15466, 2, 2 
43122, 2, 2 
2601, 2, 2 
688, 2, 2 
3341, 2, 2 
26075, 2, 2 
20473, 2, 2 
58241, 2, 2 
43133, 2, 2 
9374, 2, 2 
50748, 2, 2 
38667, 2, 2 
36568, 2, 2 
28559, 2, 2 
51320, 2, 2 
41710, 2, 2 
56055, 2, 2 
47302, 2, 2 
51541, 2, 2 
35137, 2, 2 
32057, 2, 2 
25548, 2, 2 
5867, 2, 2 
31177, 2, 2 
7916, 2, 2 
54338, 2, 2 
54075, 2, 2 
30376, 2, 2 
49452, 2, 2 
29681, 2, 2 
6605, 2, 2 
3981, 2, 2 
9212, 2, 2 
53921, 2, 2 
15573, 2, 2 
49231, 2, 2 
53494, 2, 2 
20981, 2, 2 
13313, 2, 2 
30570, 2, 2 
21136, 2, 2 
22726, 2, 2 
42734, 2, 2 
24067, 2, 2 
2840, 2, 2 
40365, 2, 2 
42596, 2, 2 
19450, 2, 2 
35020, 2, 2 
16479, 2, 2 
53762, 2, 2 
37777, 2, 2 
24836, 2, 2 
3965, 2, 2 
18526, 2, 2 
2670, 2, 2 
32485, 2, 2 
11795, 2, 2 
46833, 2, 2 
58831, 2, 2 
38307, 2, 2 
56759, 2, 2 
28282, 2, 2 
30634, 2, 2 
51448, 2, 2 
26454, 2, 2 
14005, 2, 2 
12727, 2, 2 
48279, 2, 2 
34768, 2, 2 
34604, 2, 2 
50977, 2, 2 
20992, 2, 2 
18255, 2, 2 
12916, 2, 2 
24238, 2, 2 
46217, 2, 2 
6222, 2, 2 
24035, 2, 2 
18567, 2, 2 
31802, 2, 2 
18318, 2, 2 
56215, 2, 2 
51986, 2, 2 
43988, 2, 2 
12871, 2, 2 
29351, 2, 2 
57889, 2, 2 
58644, 2, 2 
120, 2, 2 
19694, 2, 2 
25281, 2, 2 
30064, 2, 2 
5103, 2, 2 
55525, 2, 2 
52189, 2, 2 
49349, 2, 2 
28436, 2, 2 
31696, 2, 2 
53708, 2, 2 
50563, 2, 2 
19466, 2, 2 
21014, 2, 2 
39079, 2, 2 
391, 2, 2 
50153, 2, 2 
12859, 2, 2 
38140, 2, 2 
47342, 2, 2 
44229, 2, 2 
26120, 2, 2 
30925, 2, 2 
53008, 2, 2 
37838, 2, 2 
57262, 2, 2 
56065, 2, 2 
32918, 2, 2 
40782, 2, 2 
8058, 2, 2 
11961, 2, 2 
22606, 2, 2 
37145, 2, 2 
2022, 2, 2 
40198, 2, 2 
53571, 2, 2 
49164, 2, 2 
16046, 2, 2 
24591, 2, 2 
51001, 2, 2 
6161, 2, 2 
2409, 2, 2 
9989, 2, 2 
27652, 2, 2 
52835, 2, 2 
49819, 2, 2 
21852, 2, 2 
29720, 2, 2 
18394, 2, 2 
551, 2, 2 
41512, 2, 2 
53245, 2, 2 
3054, 2, 2 
3871, 2, 2 
10078, 2, 2 
19891, 2, 2 
44415, 2, 2 
25231, 3, 3 
50481, 3, 3 
33587, 3, 3 
2074, 3, 3 
22536, 3, 3 
54746, 3, 3 
8888, 3, 3 
43140, 3, 3 
3159, 3, 3 
43135, 3, 3 
38982, 3, 3 
26222, 3, 3 
33445, 3, 3 
11781, 3, 3 
37886, 3, 3 
44504, 3, 3 
59062, 3, 3 
46555, 3, 3 
9610, 3, 3 
54430, 3, 3 
6719, 3, 3 
33239, 3, 3 
24196, 3, 3 
52116, 3, 3 
26358, 3, 3 
10074, 3, 3 
19333, 3, 3 
25480, 3, 3 
55771, 3, 3 
42902, 3, 3 
5396, 3, 3 
45046, 3, 3 
21946, 3, 3 
38827, 3, 3 
52240, 3, 3 
8537, 3, 3 
54140, 3, 3 
30960, 3, 3 
37169, 3, 3 
5640, 3, 3 
25631, 3, 3 
7162, 3, 3 
22315, 3, 3 
1668, 3, 3 
33132, 3, 3 
14855, 3, 3 
41573, 3, 3 
1981, 3, 3 
24095, 3, 3 
18765, 3, 3 
46908, 3, 3 
34203, 3, 3 
35354, 3, 3 
15681, 3, 3 
59471, 3, 3 
56504, 3, 3 
26412, 3, 3 
37022, 3, 3 
1959, 3, 3 
15842, 3, 9 
18287, 3, 3 
1336, 3, 3 
46702, 3, 3 
11002, 3, 3 
37042, 3, 3 
43080, 3, 3 
21974, 3, 3 
24099, 3, 3 
1077, 3, 3 
49294, 3, 3 
16462, 3, 3 
11097, 3, 3 
8923, 3, 3 
53960, 3, 3 
8729, 3, 3 
4403, 3, 3 
37625, 3, 3 
34183, 3, 3 
26866, 3, 3 
27173, 3, 3 
24448, 3, 3 
8122, 3, 3 
25431, 3, 3 
36154, 3, 3 
57598, 3, 3 
12392, 3, 3 
51811, 3, 3 
26678, 3, 3 
42505, 3, 3 
13134, 3, 3 
59416, 3, 3 
23101, 3, 3 
23657, 3, 3 
4836, 3, 3 
28561, 3, 3 
49566, 3, 3 
53083, 3, 3 
5092, 3, 3 
12186, 3, 3 
36716, 3, 3 
33114, 3, 3 
40570, 3, 3 
58853, 3, 3 
37626, 3, 3 
10635, 3, 3 
38549, 3, 3 
29671, 3, 3 
38049, 3, 3 
54377, 3, 3 
3220, 3, 3 
21948, 3, 3 
21038, 3, 3 
23344, 3, 3 
51768, 3, 3 
54296, 3, 3 
58288, 3, 3 
17471, 3, 3 
20500, 3, 3 
24603, 3, 3 
41902, 3, 3 
26008, 3, 3 
37284, 3, 3 
16492, 3, 3 
23796, 3, 3 
50837, 3, 3 
500, 3, 3 
32031, 3, 3 
57131, 3, 3 
10696, 3, 3 
7288, 3, 3 
8425, 3, 3 
36248, 3, 3 
8880, 3, 3 
41978, 3, 3 
25116, 3, 3 
3075, 3, 3 
34556, 3, 3 
46098, 3, 3 
48701, 3, 3 
1055, 3, 3 
2408, 3, 3 
37729, 3, 3 
41653, 3, 3 
26715, 3, 3 
45089, 3, 3 
1805, 3, 3 
49648, 3, 3 
22219, 3, 3 
51085, 3, 3 
17328, 3, 3 
37959, 3, 3 
41107, 3, 3 
25536, 3, 3 
1872, 3, 3 
23962, 3, 3 
38565, 3, 3 
52259, 3, 3 
22251, 3, 3 
43090, 3, 3 
41543, 3, 3 
50565, 3, 3 
45340, 3, 3 
53104, 3, 3 
7881, 3, 3 
56449, 3, 3 
28037, 3, 3 
16504, 3, 3 
11645, 3, 3 
45436, 3, 3 
27570, 3, 3 
21179, 3, 3 
34461, 3, 3 
45619, 3, 3 
22883, 3, 3 
6904, 3, 3 
34987, 3, 3 
6081, 3, 3 
19285, 3, 3 
49913, 3, 3 
59038, 3, 3 
4638, 3, 3 
17352, 3, 3 
57974, 3, 3 
9037, 3, 3 
18727, 3, 3 
27870, 3, 3 
23482, 3, 3 
18001, 3, 3 
34026, 3, 3 
17026, 3, 3 
8818, 3, 3 
26710, 3, 3 
44004, 3, 3 
6405, 3, 3 
54127, 3, 3 
50611, 3, 3 
12874, 3, 3 
46923, 3, 3 
47979, 3, 3 
59996, 3, 3 
49155, 4, 4 
47566, 4, 4 
54617, 4, 4 
21541, 4, 4 
4439, 4, 4 
20897, 4, 4 
58684, 4, 4 
53141, 4, 4 
6901, 4, 4 
51515, 4, 4 
52377, 4, 4 
26816, 4, 4 
10494, 4, 4 
9148, 4, 4 
1508, 4, 4 
2254, 4, 4 
4730, 4, 4 
18726, 4, 4 
50587, 4, 4 
21792, 4, 4 
58956, 4, 4 
9976, 4, 4 
17299, 4, 4 
20294, 4, 4 
5175, 4, 4 
21655, 4, 4 
35866, 4, 4 
38227, 4, 4 
48103, 4, 4 
49162, 4, 4 
12247, 4, 4 
47708, 4, 4 
51146, 4, 4 
45339, 4, 4 
37128, 4, 4 
54473, 4, 4 
52823, 4, 4 
45915, 4, 4 
32126, 4, 4 
30815, 4, 4 
22253, 4, 4 
28610, 4, 4 
2236, 4, 4 
34810, 4, 4 
58164, 4, 4 
36836, 4, 4 
3708, 4, 4 
30835, 4, 4 
30588, 4, 4 
53546, 4, 4 
53731, 4, 4 
58319, 4, 4 
412, 4, 4 
3611, 4, 4 
49299, 4, 4 
40493, 4, 4 
7489, 4, 4 
2485, 4, 4 
46925, 4, 4 
1110, 4, 4 
53451, 4, 4 
1099, 4, 4 
38373, 4, 4 
1845, 4, 4 
58840, 4, 4 
53564, 4, 4 
43600, 4, 4 
20696, 4, 4 
16912, 4, 4 
34953, 4, 4 
32939, 4, 4 
52229, 4, 4 
20172, 4, 4 
54112, 4, 4 
44646, 4, 4 
47665, 4, 4 
58813, 4, 4 
36659, 4, 4 
19498, 4, 4 
13650, 4, 4 
31977, 4, 4 
52727, 4, 4 
42377, 4, 4 
11495, 4, 4 
56646, 4, 4 
59915, 4, 7 
21057, 4, 4 
7350, 4, 4 
24607, 4, 4 
32188, 4, 4 
45033, 4, 4 
38236, 4, 4 
33922, 4, 4 
42956, 4, 4 
48393, 4, 4 
10104, 4, 4 
6804, 4, 4 
59647, 4, 4 
6260, 4, 4 
4838, 4, 4 
7843, 4, 4 
2361, 4, 4 
34240, 4, 4 
22660, 4, 4 
34497, 4, 4 
11585, 4, 4 
18398, 4, 4 
5755, 4, 4 
39525, 4, 4 
30253, 4, 4 
43571, 4, 4 
7863, 4, 4 
33561, 4, 4 
7487, 4, 4 
11148, 4, 4 
4205, 4, 4 
19666, 4, 4 
1176, 4, 4 
52437, 4, 4 
21886, 4, 4 
6448, 4, 4 
29467, 4, 4 
41950, 4, 4 
37884, 4, 4 
10923, 4, 4 
11024, 4, 4 
35780, 4, 4 
41381, 4, 4 
48520, 4, 4 
55340, 4, 4 
48514, 4, 4 
53654, 4, 4 
5038, 4, 4 
40793, 4, 4 
26573, 4, 4 
42620, 4, 4 
49102, 4, 4 
41125, 4, 4 
13987, 4, 4 
26808, 4, 4 
43608, 4, 4 
1163, 4, 4 
10990, 4, 4 
9701, 4, 4 
38568, 4, 4 
22670, 4, 4 
30016, 4, 4 
37519, 4, 4 
31817, 4, 4 
29024, 4, 4 
34823, 4, 4 
26769, 4, 4 
3694, 4, 4 
14695, 4, 4 
49196, 4, 4 
56452, 4, 4 
847, 4, 4 
9108, 4, 4 
16037, 4, 4 
17268, 4, 4 
3056, 4, 4 
28996, 4, 4 
52838, 4, 4 
40950, 4, 4 
42263, 4, 4 
742, 4, 4 
37227, 4, 4 
51929, 4, 4 
36025, 4, 4 
28248, 4, 4 
3761, 4, 4 
47937, 4, 4 
21797, 4, 4 
25662, 4, 4 
16387, 4, 4 
25931, 4, 4 
14260, 4, 4 
53254, 4, 4 
46624, 4, 4 
33262, 4, 4 
21442, 4, 4 
18637, 4, 4 
23913, 4, 4 
31580, 4, 4 
55005, 4, 4 
40025, 4, 4 
49733, 4, 4 
28705, 4, 4 
51454, 4, 4 
2458, 4, 4 
37000, 4, 4 
15719, 4, 4 
54046, 4, 4 
50164, 4, 4 
5091, 4, 4 
57382, 4, 4 
35590, 4, 4 
52564, 4, 4 
27919, 4, 4 
33994, 4, 4 
40393, 5, 5 
24773, 5, 5 
28606, 5, 5 
46365, 5, 5 
26098, 5, 5 
12269, 5, 5 
16558, 5, 5 
46312, 5, 5 
43529, 5, 5 
15611, 5, 5 
17514, 5, 5 
56630, 5, 5 
13060, 5, 5 
6983, 5, 5 
266, 5, 5 
50904, 5, 5 
48449, 5, 5 
42747, 5, 5 
36804, 5, 5 
39460, 5, 5 
4711, 5, 5 
35743, 5, 5 
21604, 5, 5 
29842, 5, 5 
19862, 5, 5 
2655, 5, 5 
24310, 5, 5 
44564, 5, 5 
14623, 5, 5 
29457, 5, 5 
18968, 5, 5 
35326, 5, 5 
21225, 5, 5 
47630, 5, 5 
45582, 5, 5 
49402, 5, 5 
32052, 5, 5 
18151, 5, 5 
50316, 5, 5 
54045, 5, 5 
33825, 5, 5 
49236, 5, 5 
11790, 5, 5 
25359, 5, 5 
19130, 5, 5 
59338, 5, 5 
21252, 5, 5 
31287, 5, 5 
54988, 5, 5 
36332, 5, 5 
34128, 5, 5 
8549, 5, 5 
43638, 5, 5 
26814, 5, 5 
48576, 5, 5 
39573, 5, 5 
46941, 5, 5 
31078, 5, 5 
44476, 5, 5 
41509, 5, 5 
31328, 5, 5 
15884, 5, 5 
15800, 5, 5 
40964, 5, 5 
32674, 5, 5 
31413, 5, 5 
59810, 5, 5 
31346, 5, 5 
56203, 5, 5 
20453, 5, 5 
59196, 5, 5 
22845, 5, 5 
36244, 5, 5 
17651, 5, 5 
3271, 5, 5 
41277, 5, 5 
38266, 5, 5 
52019, 5, 5 
22015, 5, 5 
48623, 5, 5 
6936, 5, 5 
49393, 5, 5 
2780, 5, 5 
25483, 5, 5 
620, 5, 5 
9368, 5, 5 
44976, 5, 5 
36639, 5, 5 
16011, 5, 5 
5424, 5, 5 
38851, 5, 5 
40227, 5, 5 
32107, 5, 5 
45452, 5, 5 
5210, 5, 5 
8479, 5, 5 
5991, 5, 5 
14609, 5, 5 
5188, 5, 5 
26131, 5, 5 
47366, 5, 5 
23923, 5, 5 
27127, 5, 5 
57497, 5, 5 
8713, 5, 5 
27259, 5, 5 
47204, 5, 5 
40032, 5, 5 
38907, 5, 5 
24890, 5, 5 
46522, 5, 5 
11696, 5, 5 
43957, 5, 5 
8128, 5, 5 
28951, 5, 5 
24330, 5, 5 
54289, 5, 5 
57369, 5, 5 
8676, 5, 5 
46996, 5, 5 
24166, 5, 5 
39513, 5, 5 
32755, 5, 5 
52474, 5, 5 
32501, 5, 5 
9028, 5, 5 
4077, 5, 5 
50768, 5, 5 
45562, 5, 5 
42338, 5, 5 
44783, 5, 5 
4529, 5, 5 
8623, 5, 5 
5453, 5, 5 
49668, 5, 5 
306, 5, 5 
30288, 5, 5 
9228, 5, 5 
1433, 5, 5 
31756, 5, 5 
46489, 5, 5 
43838, 5, 5 
8656, 5, 5 
59590, 5, 5 
5240, 5, 5 
13404, 5, 5 
55164, 5, 5 
49708, 5, 5 
34274, 5, 5 
46610, 5, 5 
49905, 5, 5 
3031, 5, 5 
16993, 5, 5 
16353, 5, 5 
53067, 5, 5 
19301, 5, 5 
48113, 5, 5 
23341, 5, 5 
38546, 5, 5 
39985, 5, 5 
2412, 5, 5 
26407, 5, 5 
58633, 5, 5 
51821, 5, 5 
6151, 5, 5 
13532, 5, 5 
21543, 5, 5 
41693, 5, 5 
44738, 5, 5 
57824, 5, 5 
9160, 5, 5 
25973, 5, 5 
3361, 5, 5 
34720, 5, 5 
40966, 5, 5 
4844, 5, 5 
1575, 5, 5 
54781, 5, 5 
25813, 5, 5 
22268, 5, 5 
56224, 5, 5 
36470, 5, 5 
40959, 5, 5 
51646, 5, 5 
49581, 5, 5 
34908, 5, 5 
13732, 5, 5 
1382, 5, 5 
22264, 5, 5 
10814, 5, 5 
30448, 5, 5 
3563, 5, 5 
19236, 5, 5 
23836, 5, 5 
38830, 5, 5 
8022, 5, 5 
55161, 5, 5 
57403, 5, 5 
32737, 5, 5 
45624, 5, 5 
21862, 6, 6 
18403, 6, 6 
41047, 6, 6 
9058, 6, 6 
24438, 6, 6 
14764, 6, 6 
31521, 6, 6 
3288, 6, 6 
29647, 6, 6 
24934, 6, 6 
9254, 6, 6 
35682, 6, 6 
23416, 6, 6 
26654, 6, 6 
22962, 6, 6 
16847, 6, 6 
2474, 6, 6 
5586, 6, 6 
35868, 6, 6 
26452, 6, 6 
54994, 6, 6 
31903, 6, 6 
12735, 6, 6 
42829, 6, 6 
3403, 6, 6 
1540, 6, 6 
31152, 6, 6 
17524, 6, 6 
17174, 6, 6 
7972, 6, 6 
44365, 6, 6 
47260, 6, 6 
10630, 6, 6 
22936, 6, 6 
20541, 6, 6 
46120, 6, 6 
430, 6, 6 
45566, 6, 6 
55185, 6, 6 
5070, 6, 6 
22592, 6, 6 
44963, 6, 6 
58442, 6, 6 
649, 6, 6 
852, 6, 6 
45634, 6, 6 
29776, 6, 6 
16346, 6, 6 
54699, 6, 6 
50793, 6, 6 
51778, 6, 6 
51804, 6, 6 
23922, 6, 6 
36570, 6, 6 
12251, 6, 6 
9917, 6, 6 
44441, 6, 6 
44617, 6, 6 
4170, 6, 6 
39506, 6, 6 
19563, 6, 6 
43225, 6, 6 
49418, 6, 6 
15447, 6, 6 
55447, 6, 6 
10853, 6, 6 
2573, 6, 6 
38555, 6, 6 
55742, 6, 6 
32546, 6, 6 
11972, 6, 6 
30715, 6, 6 
54252, 6, 6 
50619, 6, 6 
41735, 6, 6 
26934, 6, 6 
55274, 6, 6 
30345, 6, 6 
23830, 6, 6 
12462, 6, 6 
49524, 6, 6 
21419, 6, 6 
47891, 6, 6 
14256, 6, 6 
50387, 6, 6 
22618, 6, 6 
3950, 6, 6 
45750, 6, 6 
8224, 6, 6 
31754, 6, 6 
14912, 6, 6 
24411, 6, 6 
20931, 6, 6 
33314, 6, 6 
37238, 6, 6 
19788, 6, 6 
12468, 6, 6 
2519, 6, 6 
47772, 6, 6 
2723, 6, 6 
4882, 6, 6 
24837, 6, 6 
6139, 6, 6 
30597, 6, 6 
37277, 6, 6 
15145, 6, 6 
30945, 6, 6 
24685, 6, 6 
5721, 6, 6 
38022, 6, 6 
35154, 6, 6 
27669, 6, 6 
55558, 6, 6 
25031, 6, 6 
17874, 6, 6 
26425, 6, 6 
44011, 6, 6 
50132, 6, 6 
3474, 6, 6 
16118, 6, 6 
46538, 6, 6 
241, 6, 6 
21941, 6, 6 
34499, 6, 6 
54345, 6, 6 
13712, 6, 6 
8140, 6, 6 
18788, 6, 6 
31491, 6, 6 
6635, 6, 6 
46594, 6, 6 
16430, 6, 6 
38318, 6, 6 
50425, 6, 6 
44255, 6, 6 
30916, 6, 6 
38996, 6, 6 
15450, 6, 6 
34840, 6, 6 
49827, 6, 6 
18271, 6, 6 
30440, 6, 6 
46567, 6, 6 
35026, 6, 6 
16933, 6, 6 
57529, 6, 6 
17876, 6, 6 
14265, 6, 6 
44870, 6, 6 
11787, 6, 6 
3749, 6, 6 
24827, 6, 6 
41442, 6, 6 
42541, 6, 6 
41129, 6, 6 
19002, 6, 6 
38780, 6, 6 
47840, 6, 6 
29838, 6, 6 
5910, 6, 6 
58917, 6, 6 
48883, 6, 6 
53499, 6, 6 
22449, 6, 6 
1801, 6, 6 
6482, 6, 6 
5782, 6, 6 
33434, 6, 6 
29380, 6, 6 
592, 6, 6 
50108, 6, 6 
4526, 6, 6 
28382, 6, 6 
32305, 6, 6 
35828, 6, 6 
53526, 6, 6 
39987, 6, 6 
29020, 6, 6 
55841, 6, 6 
53621, 6, 6 
3520, 6, 6 
11819, 6, 6 
11183, 6, 6 
39455, 6, 6 
34260, 6, 6 
21696, 6, 6 
50645, 6, 6 
40591, 6, 6 
8667, 6, 6 
8850, 6, 6 
1768, 6, 6 
51139, 6, 6 
6692, 6, 6 
4301, 6, 6 
45154, 6, 6 
8100, 6, 6 
36014, 6, 6 
49886, 6, 6 
38347, 6, 6 
54150, 6, 6 
56272, 7, 7 
4907, 7, 7 
3228, 7, 7 
16049, 7, 7 
39060, 7, 7 
5555, 7, 7 
39649, 7, 7 
46053, 7, 7 
44972, 7, 7 
14643, 7, 7 
8699, 7, 7 
15646, 7, 7 
30001, 7, 7 
39305, 7, 7 
4840, 7, 7 
7418, 7, 7 
58635, 7, 7 
19780, 7, 7 
44835, 7, 7 
21043, 7, 7 
42105, 7, 7 
57884, 7, 7 
42451, 7, 7 
54532, 7, 7 
23526, 7, 7 
50360, 7, 7 
30713, 7, 7 
6091, 7, 7 
57692, 7, 7 
47879, 7, 7 
41717, 7, 7 
26679, 7, 7 
58925, 7, 7 
14866, 7, 7 
53261, 7, 7 
29282, 7, 7 
57334, 7, 7 
19842, 7, 7 
54558, 7, 7 
14348, 7, 7 
45720, 7, 7 
26838, 7, 7 
55363, 7, 7 
35899, 7, 7 
6050, 7, 7 
10171, 7, 7 
57600, 7, 7 
6740, 7, 7 
31927, 7, 7 
17380, 7, 7 
58676, 7, 7 
48166, 7, 7 
4946, 7, 7 
55689, 7, 7 
42169, 7, 7 
26500, 7, 7 
11566, 7, 7 
15983, 7, 7 
5657, 7, 7 
54882, 7, 7 
38422, 7, 7 
42619, 7, 7 
25693, 7, 7 
36158, 7, 7 
5569, 7, 7 
10357, 7, 7 
37168, 7, 7 
15577, 7, 7 
17918, 7, 7 
55724, 7, 7 
50697, 7, 7 
53977, 7, 7 
54678, 7, 7 
13119, 7, 7 
32645, 7, 7 
9545, 7, 7 
6965, 7, 7 
54695, 7, 7 
35121, 7, 7 
38210, 7, 7 
15460, 7, 7 
15213, 7, 7 
9023, 7, 7 
57292, 7, 7 
21388, 7, 7 
27984, 7, 7 
38781, 7, 7 
37673, 7, 7 
54152, 7, 7 
36823, 7, 7 
5325, 7, 7 
33131, 7, 7 
20380, 7, 7 
2223, 7, 7 
27498, 7, 7 
23535, 7, 7 
14850, 7, 7 
49584, 7, 7 
58826, 7, 7 
58725, 7, 7 
19259, 7, 7 
58480, 7, 7 
53549, 7, 7 
27717, 7, 7 
19611, 7, 7 
21160, 7, 7 
13091, 7, 7 
4799, 7, 7 
12478, 7, 7 
35130, 7, 7 
26642, 7, 7 
25985, 7, 7 
7125, 7, 7 
40681, 7, 7 
26933, 7, 7 
37098, 7, 7 
42784, 7, 7 
14094, 7, 7 
20301, 7, 7 
28004, 7, 7 
28624, 7, 7 
16882, 7, 7 
10828, 7, 7 
50655, 7, 7 
11733, 7, 7 
3909, 7, 7 
9162, 7, 7 
22797, 7, 7 
12420, 7, 7 
24172, 7, 7 
34118, 7, 7 
30165, 7, 7 
28158, 7, 7 
15204, 7, 7 
59745, 7, 7 
36234, 7, 7 
8805, 7, 7 
52588, 7, 7 
13469, 7, 7 
33885, 7, 7 
42939, 7, 7 
24159, 7, 7 
39003, 7, 7 
38615, 7, 7 
6597, 7, 7 
22740, 7, 7 
288, 7, 7 
37994, 7, 7 
12979, 7, 7 
3788, 7, 7 
49516, 7, 7 
32236, 7, 7 
51162, 7, 7 
34981, 7, 7 
44175, 7, 7 
54494, 7, 7 
22662, 7, 7 
13600, 7, 7 
2704, 7, 7 
32819, 7, 7 
19023, 7, 7 
38723, 7, 7 
8436, 7, 7 
34835, 7, 7 
19493, 7, 7 
53210, 7, 7 
36760, 7, 7 
30302, 7, 7 
44566, 7, 7 
3065, 7, 7 
56086, 7, 7 
13746, 7, 7 
34518, 7, 7 
46076, 7, 7 
30118, 7, 7 
41061, 7, 7 
43160, 7, 7 
21894, 7, 7 
2391, 7, 7 
14379, 7, 7 
2852, 7, 7 
39069, 7, 7 
51489, 7, 7 
30664, 7, 7 
47666, 7, 7 
56017, 7, 7 
34233, 7, 7 
10718, 7, 7 
42824, 7, 7 
56390, 7, 7 
21367, 7, 7 
868, 7, 7 
2835, 7, 7 
3721, 7, 7 
5778, 7, 7 
8182, 7, 7 
25554, 7, 7 
27254, 7, 7 
10510, 7, 7 
43108, 7, 7 
38858, 8, 8 
23263, 8, 8 
39391, 8, 8 
36727, 8, 8 
29545, 8, 8 
12198, 8, 8 
34455, 8, 8 
27118, 8, 8 
16266, 8, 8 
10927, 8, 8 
13924, 8, 8 
33074, 8, 8 
51943, 8, 8 
58156, 8, 8 
53203, 8, 8 
19367, 8, 8 
2672, 8, 8 
8915, 8, 8 
21650, 8, 8 
31738, 8, 8 
7359, 8, 8 
21286, 8, 8 
48382, 8, 8 
40398, 8, 8 
19557, 8, 8 
24404, 8, 8 
2243, 8, 8 
28788, 8, 8 
3420, 8, 8 
30116, 8, 8 
45802, 8, 8 
539, 8, 8 
42127, 8, 8 
14831, 8, 8 
18109, 8, 8 
14499, 8, 8 
42878, 8, 8 
54268, 8, 8 
27147, 8, 8 
21183, 8, 8 
46258, 8, 8 
55519, 8, 8 
48967, 8, 8 
41495, 8, 8 
9982, 8, 8 
28042, 8, 8 
27851, 8, 8 
40697, 8, 8 
43464, 8, 8 
48223, 8, 8 
50607, 8, 8 
37125, 8, 8 
41699, 8, 8 
17700, 8, 8 
792, 8, 8 
39668, 8, 8 
57737, 8, 8 
5257, 8, 8 
22760, 8, 8 
5205, 8, 8 
54569, 8, 8 
55430, 8, 8 
21943, 8, 8 
46573, 8, 8 
11101, 8, 8 
25379, 8, 8 
47525, 8, 8 
26583, 8, 8 
49422, 8, 8 
37885, 8, 8 
31329, 8, 8 
21146, 8, 8 
26719, 8, 8 
23205, 8, 8 
8306, 8, 8 
14477, 8, 8 
59485, 8, 8 
42778, 8, 8 
42104, 8, 8 
21925, 8, 8 
52890, 8, 8 
5170, 8, 8 
37431, 8, 8 
39187, 8, 8 
59309, 8, 8 
23674, 8, 8 
17675, 8, 8 
23509, 8, 8 
40364, 8, 8 
54550, 8, 8 
22079, 8, 8 
2511, 8, 8 
37672, 8, 8 
2679, 8, 8 
26385, 8, 8 
38866, 8, 8 
20732, 8, 8 
39135, 8, 8 
8148, 8, 8 
34912, 8, 8 
16073, 8, 8 
35025, 8, 8 
26351, 8, 8 
34863, 8, 8 
46699, 8, 8 
51747, 8, 8 
52171, 8, 8 
32874, 8, 8 
35847, 8, 8 
29995, 8, 8 
2070, 8, 8 
35103, 8, 8 
31292, 8, 8 
36913, 8, 8 
57080, 8, 8 
49129, 8, 8 
51964, 8, 8 
38386, 8, 8 
55674, 8, 8 
8686, 8, 8 
44714, 8, 8 
23296, 8, 8 
16301, 8, 8 
28884, 8, 8 
22745, 8, 8 
35253, 8, 8 
23789, 8, 8 
16552, 8, 8 
16246, 8, 8 
42624, 8, 8 
8607, 8, 8 
56097, 8, 8 
13014, 8, 8 
13152, 8, 8 
6905, 8, 8 
40706, 8, 8 
36944, 8, 8 
16252, 8, 8 
57678, 8, 8 
23147, 8, 8 
53782, 8, 8 
14162, 8, 8 
54958, 8, 8 
26616, 8, 8 
16994, 8, 8 
37240, 8, 8 
5360, 8, 8 
16901, 8, 8 
34794, 8, 8 
7810, 8, 8 
13079, 8, 8 
43986, 8, 8 
53580, 8, 8 
27286, 8, 8 
46505, 8, 8 
25207, 8, 8 
58787, 8, 8 
12379, 8, 8 
21733, 8, 8 
24457, 8, 8 
44702, 8, 8 
32884, 8, 8 
25320, 8, 8 
33460, 8, 8 
15766, 8, 8 
26090, 8, 8 
41504, 8, 8 
30743, 8, 8 
37720, 8, 8 
51224, 8, 8 
39609, 8, 8 
52848, 8, 8 
44839, 8, 8 
36576, 8, 8 
32279, 8, 8 
43099, 8, 8 
36891, 8, 8 
44968, 8, 8 
45660, 8, 8 
51347, 8, 8 
25988, 8, 8 
23408, 8, 8 
19877, 8, 8 
16322, 8, 8 
11611, 8, 8 
57030, 8, 8 
26865, 8, 8 
11108, 8, 8 
17112, 8, 8 
43051, 8, 8 
36825, 8, 8 
28364, 8, 8 
32667, 8, 8 
39322, 8, 8 
12928, 8, 8 
38971, 8, 8 
39141, 8, 8 
19650, 8, 8 
18577, 8, 8 
34020, 8, 8 
58699, 9, 9 
28523, 9, 9 
37321, 9, 9 
56090, 9, 9 
25562, 9, 7 
27698, 9, 9 
27344, 9, 9 
53317, 9, 9 
12529, 9, 9 
13116, 9, 9 
26426, 9, 9 
17081, 9, 9 
46497, 9, 9 
12696, 9, 9 
5165, 9, 9 
1235, 9, 9 
14984, 9, 9 
33187, 9, 9 
2697, 9, 9 
46545, 9, 9 
59027, 9, 9 
29738, 9, 9 
45739, 9, 9 
29078, 9, 9 
48255, 9, 9 
4826, 9, 9 
10055, 9, 9 
29959, 9, 9 
15827, 9, 9 
13949, 9, 9 
42109, 9, 9 
25881, 9, 9 
32121, 9, 9 
54504, 9, 9 
48589, 9, 9 
26215, 9, 9 
27440, 9, 9 
24967, 9, 9 
5645, 9, 9 
22824, 9, 9 
12884, 9, 9 
27773, 9, 9 
5558, 9, 9 
52034, 9, 9 
940, 9, 9 
57152, 9, 9 
13323, 9, 9 
28636, 9, 9 
15162, 9, 9 
5518, 9, 9 
49764, 9, 9 
8322, 9, 9 
52232, 9, 9 
7602, 9, 9 
5727, 9, 9 
29084, 9, 9 
29663, 9, 9 
33041, 9, 9 
58698, 9, 9 
26359, 9, 9 
19619, 9, 9 
30144, 9, 9 
41501, 9, 9 
44071, 9, 9 
21422, 9, 9 
13998, 9, 9 
30850, 9, 9 
38470, 9, 9 
34338, 9, 9 
26380, 9, 9 
9614, 9, 9 
19781, 9, 9 
59371, 9, 9 
9357, 9, 9 
8316, 9, 9 
51708, 9, 9 
7791, 9, 9 
20677, 9, 9 
3773, 9, 9 
59236, 9, 9 
55563, 9, 9 
50204, 9, 9 
30701, 9, 9 
28396, 9, 9 
50710, 9, 9 
27968, 9, 9 
46973, 9, 9 
28149, 9, 9 
42069, 9, 9 
6734, 9, 9 
37062, 9, 9 
33472, 9, 9 
43966, 9, 9 
11423, 9, 9 
22765, 9, 9 
15609, 9, 9 
42796, 9, 9 
23262, 9, 9 
4989, 9, 9 
16770, 9, 9 
47766, 9, 9 
43193, 9, 9 
806, 9, 9 
8563, 9, 9 
8363, 9, 9 
43982, 9, 9 
20267, 9, 9 
39418, 9, 9 
18131, 9, 9 
26949, 9, 9 
47783, 9, 9 
15268, 9, 9 
43777, 9, 9 
55235, 9, 9 
31312, 9, 9 
32729, 9, 9 
40448, 9, 9 
12655, 9, 9 
16350, 9, 9 
14827, 9, 9 
30910, 9, 9 
13096, 9, 9 
54538, 9, 9 
2553, 9, 9 
34300, 9, 9 
40943, 9, 9 
14142, 9, 9 
6491, 9, 9 
21842, 9, 9 
34301, 9, 9 
19494, 9, 9 
4894, 9, 9 
18985, 9, 9 
12840, 9, 9 
44855, 9, 9 
54548, 9, 9 
17758, 9, 9 
419, 9, 9 
9896, 9, 9 
26405, 9, 9 
42311, 9, 9 
13573, 9, 9 
31876, 9, 9 
4830, 9, 9 
1925, 9, 9 
6588, 9, 9 
19178, 9, 9 
54170, 9, 9 
14895, 9, 9 
41681, 9, 9 
4092, 9, 9 
30551, 9, 9 
7478, 9, 9 
24054, 9, 9 
980, 9, 9 
33336, 9, 9 
39911, 9, 9 
19747, 9, 9 
43970, 9, 9 
8669, 9, 9 
3169, 9, 9 
49656, 9, 9 
47958, 9, 9 
35421, 9, 9 
41239, 9, 9 
41840, 9, 9 
57187, 9, 9 
36988, 9, 9 
9949, 9, 9 
35440, 9, 9 
30836, 9, 9 
28473, 9, 9 
33130, 9, 9 
40685, 9, 9 
57079, 9, 9 
37268, 9, 9 
8318, 9, 9 
17792, 9, 9 
10414, 9, 9 
24825, 9, 9 
59573, 9, 9 
58641, 9, 9 
23635, 9, 9 
47909, 9, 9 
43028, 9, 9 
55510, 9, 9 
44824, 9, 9 
11853, 9, 9 
35893, 9, 9 
27839, 9, 9 
29905, 9, 9 
34211, 9, 9 
32201, 9, 9 
4544, 9, 9 
34377, 9, 9 
36793, 9, 9 
17921, 9, 9 
15302, 9, 9 
15072, 9, 9 
25933, 9, 9 
