id, true label, predicted label 
46797, 0, 0 
39639, 0, 0 
30088, 0, 0 
8294, 0, 0 
16888, 0, 0 
31389, 0, 0 
55907, 0, 0 
16640, 0, 0 
11612, 0, 0 
20225, 0, 0 
36414, 0, 0 
49013, 0, 0 
32333, 0, 0 
56954, 0, 0 
48807, 0, 0 
33835, 0, 0 
35936, 0, 0 
14820, 0, 0 
57595, 0, 0 
8250, 0, 0 
55521, 0, 0 
3849, 0, 0 
50492, 0, 0 
38364, 0, 0 
4608, 0, 0 
29918, 0, 0 
41388, 0, 0 
54486, 0, 0 
19480, 0, 0 
10348, 0, 0 
4159, 0, 0 
22225, 0, 0 
15971, 0, 0 
42005, 0, 0 
12500, 0, 0 
18412, 0, 0 
27289, 0, 0 
27290, 0, 0 
5773, 0, 0 
5010, 0, 0 
28505, 0, 0 
46328, 0, 0 
25512, 0, 0 
44844, 0, 0 
36953, 0, 0 
51777, 0, 0 
21413, 0, 0 
38926, 0, 0 
36620, 0, 0 
31263, 0, 0 
49459, 0, 0 
19292, 0, 0 
21586, 0, 0 
42795, 0, 0 
34541, 0, 0 
16119, 0, 0 
10859, 0, 0 
10849, 0, 0 
42599, 0, 0 
51546, 0, 0 
27512, 0, 0 
25092, 0, 0 
13196, 0, 0 
33442, 0, 0 
2435, 0, 0 
28295, 0, 0 
36842, 0, 0 
13545, 0, 0 
58864, 0, 0 
49497, 0, 0 
34985, 0, 0 
2440, 0, 0 
42389, 0, 0 
51052, 0, 0 
1040, 0, 0 
21945, 0, 0 
49974, 0, 0 
52048, 0, 0 
56436, 0, 0 
33363, 0, 0 
39306, 0, 0 
38696, 0, 0 
41806, 0, 0 
59659, 0, 0 
44578, 0, 0 
16705, 0, 0 
35463, 0, 0 
34699, 0, 0 
28044, 0, 0 
4985, 0, 0 
37970, 0, 0 
42848, 0, 0 
55805, 0, 0 
43074, 0, 0 
32423, 0, 0 
26422, 0, 0 
5319, 0, 0 
40613, 0, 0 
4343, 0, 0 
38100, 0, 0 
45035, 0, 0 
32800, 0, 0 
38211, 0, 0 
12796, 0, 0 
18443, 0, 0 
51520, 0, 0 
31683, 0, 0 
57917, 0, 0 
57810, 0, 0 
47202, 0, 0 
18278, 0, 0 
16543, 0, 0 
4181, 0, 0 
51892, 0, 0 
12168, 0, 0 
5514, 0, 0 
56801, 0, 0 
28486, 0, 0 
18712, 0, 0 
2899, 0, 0 
4962, 0, 0 
40240, 0, 0 
27257, 0, 0 
24034, 0, 0 
31476, 0, 0 
10352, 0, 0 
51491, 0, 0 
8288, 0, 0 
52323, 0, 0 
49952, 0, 0 
27446, 0, 0 
28428, 0, 0 
48364, 0, 0 
33163, 0, 0 
41445, 0, 0 
22658, 0, 0 
9677, 0, 0 
37708, 0, 0 
55631, 0, 0 
38543, 0, 0 
10732, 0, 0 
46975, 0, 0 
46748, 0, 0 
55556, 0, 0 
59639, 0, 0 
57214, 0, 0 
8739, 0, 0 
34562, 0, 0 
9840, 0, 0 
19845, 0, 0 
38212, 0, 0 
32514, 0, 0 
46723, 0, 0 
15928, 0, 0 
34237, 0, 0 
44730, 0, 0 
17828, 0, 0 
38043, 0, 0 
43981, 0, 0 
46494, 0, 0 
1742, 0, 0 
58718, 0, 0 
5340, 0, 0 
9455, 0, 0 
39037, 0, 0 
9195, 0, 0 
38355, 0, 0 
4994, 0, 0 
1029, 0, 0 
29151, 0, 0 
3175, 0, 0 
34064, 0, 0 
40922, 0, 0 
48574, 0, 0 
36146, 0, 0 
1930, 0, 0 
14717, 0, 0 
11422, 0, 0 
6723, 0, 0 
5502, 0, 0 
49500, 0, 0 
15318, 0, 0 
7281, 0, 0 
1443, 0, 0 
15288, 0, 0 
56803, 0, 0 
49815, 0, 0 
5961, 0, 0 
57390, 0, 0 
22430, 0, 0 
9406, 0, 0 
9881, 0, 0 
30992, 0, 0 
14775, 0, 0 
40284, 0, 0 
40843, 0, 0 
22373, 0, 0 
21789, 0, 0 
56755, 0, 0 
38200, 0, 0 
2889, 1, 1 
29575, 1, 1 
36955, 1, 1 
45767, 1, 1 
8806, 1, 1 
5234, 1, 1 
32096, 1, 1 
45029, 1, 1 
4950, 1, 1 
20852, 1, 1 
58570, 1, 1 
37881, 1, 1 
59571, 1, 1 
19273, 1, 1 
52042, 1, 1 
20298, 1, 1 
9570, 1, 1 
5484, 1, 1 
14849, 1, 1 
10257, 1, 1 
2957, 1, 1 
58234, 1, 1 
53206, 1, 1 
2335, 1, 1 
35595, 1, 1 
14038, 1, 1 
45331, 1, 1 
12971, 1, 1 
21143, 1, 1 
24376, 1, 1 
13413, 1, 1 
56945, 1, 1 
7275, 1, 1 
55306, 1, 1 
48513, 1, 1 
59832, 1, 1 
41959, 1, 1 
34467, 1, 1 
2977, 1, 1 
14123, 1, 1 
5262, 1, 1 
7761, 1, 1 
28300, 1, 1 
49283, 1, 1 
29740, 1, 1 
23740, 1, 1 
23885, 1, 1 
49440, 1, 1 
22892, 1, 1 
28069, 1, 1 
21460, 1, 1 
7363, 1, 1 
102, 1, 1 
18314, 1, 1 
11835, 1, 1 
43927, 1, 1 
17759, 1, 1 
28110, 1, 1 
27011, 1, 1 
12261, 1, 1 
33998, 1, 1 
37741, 1, 1 
39106, 1, 1 
36633, 1, 1 
47382, 1, 1 
41454, 1, 1 
10110, 1, 1 
3996, 1, 1 
19731, 1, 1 
2008, 1, 1 
42494, 1, 1 
19355, 1, 1 
6209, 1, 1 
54931, 1, 1 
2429, 1, 1 
7622, 1, 1 
25751, 1, 1 
19176, 1, 1 
22705, 1, 1 
33122, 1, 1 
19724, 1, 1 
44277, 1, 1 
22545, 1, 1 
7039, 1, 1 
30053, 1, 1 
17639, 1, 1 
23245, 1, 1 
12336, 1, 1 
46142, 1, 1 
25447, 1, 1 
54651, 1, 1 
14585, 1, 1 
47735, 1, 1 
1915, 1, 1 
17560, 1, 1 
58891, 1, 1 
51749, 1, 1 
17986, 1, 1 
28769, 1, 1 
49123, 1, 1 
43332, 1, 1 
59530, 1, 1 
17938, 1, 1 
34937, 1, 1 
8194, 1, 1 
17042, 1, 1 
10085, 1, 1 
40716, 1, 1 
30214, 1, 1 
41360, 1, 1 
40644, 1, 1 
26887, 1, 1 
33861, 1, 1 
5648, 1, 1 
56912, 1, 1 
56683, 1, 1 
24647, 1, 1 
32824, 1, 1 
10659, 1, 1 
42380, 1, 1 
39484, 1, 1 
18293, 1, 1 
3509, 1, 1 
53746, 1, 1 
4070, 1, 1 
43784, 1, 1 
587, 1, 1 
50709, 1, 1 
18165, 1, 1 
3850, 1, 1 
47446, 1, 1 
55621, 1, 1 
57094, 1, 1 
59071, 1, 1 
27875, 1, 1 
58887, 1, 1 
39297, 1, 1 
35303, 1, 1 
49232, 1, 1 
31843, 1, 1 
39462, 1, 1 
49326, 1, 1 
10712, 1, 1 
50855, 1, 1 
50931, 1, 1 
15574, 1, 1 
41518, 1, 1 
20409, 1, 1 
13296, 1, 1 
29222, 1, 1 
27792, 1, 1 
28893, 1, 1 
42618, 1, 1 
14821, 1, 1 
21740, 1, 1 
49837, 1, 1 
46954, 1, 1 
42506, 1, 1 
1095, 1, 1 
24879, 1, 1 
21474, 1, 1 
21376, 1, 1 
6925, 1, 1 
22831, 1, 1 
38272, 1, 1 
54631, 1, 1 
37405, 1, 1 
24222, 1, 1 
7315, 1, 1 
38684, 1, 1 
39594, 1, 1 
34403, 1, 1 
3004, 1, 1 
30471, 1, 1 
46679, 1, 1 
24888, 1, 1 
7860, 1, 1 
2878, 1, 1 
7877, 1, 1 
58763, 1, 1 
9804, 1, 1 
44210, 1, 1 
4710, 1, 1 
58198, 1, 1 
33850, 1, 1 
30592, 1, 1 
46452, 1, 1 
10156, 1, 1 
46185, 1, 1 
15300, 1, 1 
53662, 1, 1 
3321, 1, 1 
50130, 1, 1 
44327, 1, 1 
40724, 1, 1 
55719, 1, 1 
15099, 1, 1 
37659, 1, 1 
28223, 1, 1 
52416, 1, 1 
47164, 2, 2 
52144, 2, 2 
8632, 2, 2 
10308, 2, 2 
907, 2, 2 
28958, 2, 2 
43294, 2, 2 
161, 2, 2 
4856, 2, 2 
58215, 2, 2 
34494, 2, 2 
21880, 2, 2 
27915, 2, 2 
42271, 2, 2 
41766, 2, 2 
56282, 2, 2 
34056, 2, 2 
52099, 2, 2 
6138, 2, 2 
15712, 2, 2 
14835, 2, 2 
31373, 2, 2 
20867, 2, 2 
39698, 2, 2 
7897, 2, 2 
47782, 2, 2 
43312, 2, 2 
4646, 2, 2 
24853, 2, 2 
47467, 2, 2 
39146, 2, 2 
46951, 2, 2 
9689, 2, 2 
59177, 2, 2 
59223, 2, 2 
47650, 2, 2 
30609, 2, 2 
34116, 2, 2 
49267, 2, 2 
50229, 2, 2 
42126, 2, 2 
33180, 2, 2 
3574, 2, 2 
9036, 2, 2 
8740, 2, 2 
43885, 2, 2 
51016, 2, 2 
33659, 2, 2 
34308, 2, 2 
4576, 2, 2 
46047, 2, 2 
53504, 2, 2 
53033, 2, 2 
32744, 2, 2 
4541, 2, 2 
51787, 2, 2 
54837, 2, 2 
39691, 2, 2 
5845, 2, 2 
4955, 2, 2 
48951, 2, 2 
52319, 2, 2 
31740, 2, 2 
36485, 2, 2 
48181, 2, 2 
38221, 2, 2 
213, 2, 2 
35290, 2, 2 
8833, 2, 2 
39398, 2, 2 
20042, 2, 2 
1053, 2, 2 
51575, 2, 2 
33133, 2, 2 
29481, 2, 2 
48699, 2, 2 
49264, 2, 2 
13330, 2, 2 
12938, 2, 2 
6910, 2, 2 
3102, 2, 2 
27192, 2, 2 
48246, 2, 2 
46593, 2, 2 
6492, 2, 2 
4777, 2, 2 
10766, 2, 2 
54805, 2, 2 
570, 2, 2 
38356, 2, 2 
41080, 2, 2 
34961, 2, 2 
17520, 2, 2 
55545, 2, 2 
37904, 2, 2 
13523, 2, 2 
3799, 2, 2 
82, 2, 2 
37234, 2, 2 
55316, 2, 2 
43994, 2, 2 
44334, 2, 2 
38261, 2, 2 
30356, 2, 2 
58581, 2, 2 
48356, 2, 2 
24546, 2, 2 
9301, 2, 2 
50987, 2, 2 
21254, 2, 2 
57694, 2, 2 
45358, 2, 2 
54613, 2, 2 
56682, 2, 2 
3826, 2, 2 
36858, 2, 2 
29720, 2, 2 
57205, 2, 2 
42219, 2, 2 
13257, 2, 2 
51961, 2, 2 
47102, 2, 2 
33184, 2, 2 
28868, 2, 2 
40095, 2, 2 
378, 2, 2 
31247, 2, 2 
35405, 2, 2 
43617, 2, 2 
38637, 2, 2 
20029, 2, 2 
54795, 2, 2 
9777, 2, 2 
36209, 2, 2 
42814, 2, 2 
56998, 2, 2 
40212, 2, 2 
40333, 2, 2 
34864, 2, 2 
50913, 2, 2 
9508, 2, 2 
5216, 2, 2 
50575, 2, 2 
42686, 2, 2 
48460, 2, 2 
17137, 2, 2 
31449, 2, 2 
76, 2, 2 
15030, 2, 2 
18192, 2, 2 
50756, 2, 2 
26340, 2, 2 
47508, 2, 2 
36229, 2, 2 
35571, 2, 2 
31070, 2, 2 
24728, 2, 2 
31216, 2, 2 
29004, 2, 2 
10959, 2, 2 
41204, 2, 2 
1213, 2, 2 
18077, 2, 2 
18290, 2, 2 
59897, 2, 2 
52433, 2, 2 
47408, 2, 2 
14517, 2, 2 
42568, 2, 2 
14063, 2, 2 
54765, 2, 2 
12129, 2, 2 
34928, 2, 2 
12859, 2, 2 
25807, 2, 2 
19779, 2, 2 
33698, 2, 2 
58868, 2, 2 
1255, 2, 2 
36805, 2, 2 
53026, 2, 2 
4086, 2, 2 
24198, 2, 2 
35220, 2, 2 
8924, 2, 2 
50875, 2, 2 
54981, 2, 2 
1614, 2, 2 
52634, 2, 2 
46162, 2, 2 
23117, 2, 2 
40076, 2, 2 
6212, 2, 2 
56263, 2, 2 
40580, 2, 2 
28200, 2, 2 
7983, 2, 2 
38275, 2, 2 
30860, 2, 2 
5095, 2, 2 
36716, 3, 3 
53838, 3, 3 
52676, 3, 3 
42137, 3, 3 
35881, 3, 3 
36262, 3, 3 
50834, 3, 3 
18380, 3, 3 
17320, 3, 3 
19205, 3, 3 
49955, 3, 3 
54413, 3, 3 
10775, 3, 3 
48557, 3, 3 
13218, 3, 3 
20009, 3, 3 
40655, 3, 3 
35692, 3, 3 
50470, 3, 3 
38037, 3, 3 
9386, 3, 3 
42585, 3, 3 
41960, 3, 3 
11083, 3, 3 
43474, 3, 1 
21187, 3, 3 
6710, 3, 3 
32193, 3, 3 
45655, 3, 3 
11979, 3, 3 
23322, 3, 3 
35613, 3, 3 
29757, 3, 3 
59778, 3, 3 
11476, 3, 3 
13105, 3, 3 
58250, 3, 3 
38399, 3, 3 
966, 3, 3 
59394, 3, 3 
8865, 3, 3 
8264, 3, 3 
43460, 3, 3 
14916, 3, 3 
1631, 3, 3 
19633, 3, 3 
46246, 3, 3 
19246, 3, 3 
34481, 3, 3 
39706, 3, 3 
18739, 3, 3 
35231, 3, 3 
25535, 3, 3 
11619, 3, 3 
46117, 3, 3 
2023, 3, 3 
23029, 3, 3 
57472, 3, 3 
47975, 3, 3 
17853, 3, 3 
59461, 3, 3 
32688, 3, 3 
49147, 3, 3 
2535, 3, 3 
59978, 3, 3 
24095, 3, 3 
46306, 3, 3 
6040, 3, 3 
58183, 3, 3 
58327, 3, 3 
25071, 3, 3 
40205, 3, 3 
39675, 3, 3 
23820, 3, 3 
7322, 3, 3 
19285, 3, 3 
22894, 3, 3 
29875, 3, 3 
11813, 3, 3 
38894, 3, 3 
18955, 3, 3 
58558, 3, 3 
55791, 3, 3 
43043, 3, 3 
25809, 3, 3 
40307, 3, 3 
7556, 3, 3 
2286, 3, 3 
33263, 3, 3 
2771, 3, 3 
35122, 3, 3 
17207, 3, 3 
41071, 3, 3 
58021, 3, 3 
40996, 3, 3 
43666, 3, 3 
7721, 3, 3 
34366, 3, 3 
33357, 3, 3 
58491, 3, 3 
53758, 3, 3 
53554, 3, 3 
15412, 3, 3 
14286, 3, 3 
17155, 3, 3 
24145, 3, 3 
38277, 3, 3 
35226, 3, 3 
36295, 3, 3 
18895, 3, 3 
49810, 3, 3 
29383, 3, 3 
49307, 3, 3 
24597, 3, 3 
36048, 3, 3 
8200, 3, 3 
44349, 3, 3 
38361, 3, 3 
11104, 3, 3 
14099, 3, 3 
47520, 3, 3 
5578, 3, 3 
37566, 3, 3 
49913, 3, 3 
39189, 3, 3 
14514, 3, 3 
46621, 3, 3 
2917, 3, 3 
41003, 3, 3 
38653, 3, 3 
7584, 3, 3 
31667, 3, 3 
48978, 3, 3 
59092, 3, 3 
30431, 3, 3 
3047, 3, 3 
38445, 3, 3 
46354, 3, 7 
35986, 3, 3 
25172, 3, 3 
4681, 3, 3 
46911, 3, 3 
31759, 3, 3 
20616, 3, 3 
5031, 3, 3 
37443, 3, 3 
12877, 3, 3 
40734, 3, 3 
49882, 3, 3 
51918, 3, 3 
1843, 3, 3 
58855, 3, 3 
23281, 3, 3 
6912, 3, 3 
58892, 3, 3 
57265, 3, 3 
27261, 3, 3 
49249, 3, 3 
28778, 3, 3 
17947, 3, 3 
57967, 3, 3 
7189, 3, 3 
49494, 3, 3 
30571, 3, 3 
10827, 3, 3 
2207, 3, 3 
21625, 3, 3 
53123, 3, 3 
2580, 3, 3 
26644, 3, 3 
18687, 3, 3 
24099, 3, 3 
39489, 3, 3 
43448, 3, 3 
20423, 3, 3 
31745, 3, 3 
25191, 3, 3 
51463, 3, 3 
10214, 3, 3 
34183, 3, 3 
23239, 3, 3 
35944, 3, 3 
26503, 3, 3 
47724, 3, 3 
13026, 3, 3 
50033, 3, 3 
30645, 3, 3 
41015, 3, 3 
35869, 3, 3 
18485, 3, 3 
40662, 3, 3 
48291, 3, 3 
52891, 3, 3 
6543, 3, 3 
50658, 3, 3 
20675, 3, 3 
55926, 3, 3 
12186, 3, 3 
1312, 3, 3 
15764, 3, 3 
23596, 4, 4 
23286, 4, 4 
21340, 4, 4 
39361, 4, 4 
41981, 4, 4 
5969, 4, 4 
15840, 4, 4 
46852, 4, 4 
13183, 4, 4 
12332, 4, 4 
4952, 4, 4 
46881, 4, 4 
48703, 4, 4 
3278, 4, 4 
8677, 4, 4 
21037, 4, 4 
20490, 4, 4 
31750, 4, 4 
42952, 4, 4 
19875, 4, 4 
55630, 4, 4 
58984, 4, 4 
59259, 4, 4 
24767, 4, 4 
32191, 4, 4 
48962, 4, 4 
43934, 4, 4 
46305, 4, 4 
20496, 4, 4 
51263, 4, 4 
15543, 4, 4 
54807, 4, 4 
17931, 4, 4 
48558, 4, 4 
11986, 4, 4 
8869, 4, 4 
19414, 4, 4 
53955, 4, 4 
38021, 4, 4 
32053, 4, 4 
29864, 4, 4 
34570, 4, 4 
44515, 4, 4 
24912, 4, 4 
52246, 4, 4 
51926, 4, 4 
9071, 4, 4 
14390, 4, 4 
10209, 4, 4 
1545, 4, 4 
10437, 4, 4 
5590, 4, 4 
43364, 4, 4 
10858, 4, 4 
12530, 4, 4 
58478, 4, 4 
23580, 4, 4 
25188, 4, 4 
43700, 4, 4 
34249, 4, 4 
22367, 4, 4 
14981, 4, 4 
15752, 4, 4 
7725, 4, 4 
43433, 4, 4 
990, 4, 4 
25826, 4, 4 
35716, 4, 4 
11460, 4, 4 
13823, 4, 4 
30361, 4, 4 
17774, 4, 4 
30066, 4, 4 
28462, 4, 4 
17801, 4, 4 
26458, 4, 4 
49078, 4, 4 
7657, 4, 4 
49753, 4, 4 
38253, 4, 4 
44711, 4, 4 
24169, 4, 4 
15420, 4, 4 
27218, 4, 4 
30321, 4, 4 
51146, 4, 4 
41125, 4, 4 
53052, 4, 4 
11652, 4, 4 
9353, 4, 4 
22630, 4, 4 
30954, 4, 4 
20730, 4, 4 
37712, 4, 4 
1885, 4, 4 
23623, 4, 4 
41426, 4, 4 
17231, 4, 4 
30792, 4, 4 
12786, 4, 4 
49514, 4, 4 
1373, 4, 4 
43026, 4, 4 
45148, 4, 4 
49072, 4, 4 
29794, 4, 4 
53965, 4, 4 
13052, 4, 4 
59789, 4, 4 
41648, 4, 4 
37562, 4, 4 
54452, 4, 4 
13564, 4, 4 
56532, 4, 4 
20447, 4, 4 
37899, 4, 4 
29251, 4, 4 
4564, 4, 4 
1704, 4, 4 
40449, 4, 4 
25438, 4, 4 
46734, 4, 4 
46795, 4, 4 
8787, 4, 4 
40234, 4, 4 
40495, 4, 4 
56060, 4, 4 
20484, 4, 4 
412, 4, 4 
14469, 4, 4 
25154, 4, 4 
55074, 4, 4 
58895, 4, 4 
13071, 4, 4 
48961, 4, 4 
37176, 4, 4 
56659, 4, 4 
15821, 4, 4 
3340, 4, 4 
20293, 4, 4 
17749, 4, 4 
48890, 4, 4 
8026, 4, 4 
42455, 4, 4 
49144, 4, 4 
30736, 4, 4 
36923, 4, 4 
33359, 4, 4 
25737, 4, 4 
12755, 4, 4 
11658, 4, 4 
12538, 4, 4 
5533, 4, 4 
6312, 4, 4 
18854, 4, 4 
50416, 4, 4 
26510, 4, 4 
25197, 4, 4 
44521, 4, 4 
52708, 4, 4 
30846, 4, 4 
13664, 4, 4 
46124, 4, 4 
28614, 4, 4 
10618, 4, 4 
9025, 4, 4 
52920, 4, 4 
21181, 4, 4 
32286, 4, 4 
40354, 4, 4 
15092, 4, 4 
46993, 4, 4 
28948, 4, 4 
7211, 4, 4 
49206, 4, 4 
47276, 4, 4 
32032, 4, 4 
1692, 4, 4 
58325, 4, 4 
33083, 4, 4 
24514, 4, 4 
49417, 4, 4 
29115, 4, 4 
52642, 4, 4 
5805, 4, 4 
39080, 4, 4 
7011, 4, 4 
51225, 4, 4 
57002, 4, 4 
29946, 4, 4 
31436, 4, 4 
23644, 4, 4 
5366, 4, 4 
43781, 4, 4 
7426, 4, 4 
9461, 4, 4 
13870, 4, 4 
44345, 4, 4 
27552, 4, 4 
142, 4, 4 
28430, 5, 5 
41475, 5, 5 
58217, 5, 5 
34370, 5, 5 
56587, 5, 5 
18673, 5, 5 
12386, 5, 5 
1955, 5, 5 
278, 5, 5 
29457, 5, 5 
32254, 5, 5 
26481, 5, 5 
32750, 5, 5 
29029, 5, 5 
5857, 5, 5 
56529, 5, 5 
53907, 5, 5 
49032, 5, 5 
48113, 5, 5 
51157, 5, 5 
49820, 5, 5 
1485, 5, 5 
19173, 5, 5 
11609, 5, 5 
19699, 5, 5 
5603, 5, 5 
27043, 5, 5 
31031, 5, 5 
32394, 5, 5 
5599, 5, 5 
24170, 5, 5 
52857, 5, 5 
34148, 5, 5 
14609, 5, 5 
1514, 5, 5 
22255, 5, 5 
33220, 5, 5 
28534, 5, 5 
50540, 5, 5 
17578, 5, 5 
3921, 5, 5 
7482, 5, 5 
3031, 5, 5 
49905, 5, 5 
19590, 5, 5 
47146, 5, 5 
9171, 5, 5 
27314, 5, 5 
284, 5, 5 
11154, 5, 5 
48966, 5, 5 
15398, 5, 5 
39405, 5, 5 
26862, 5, 5 
18366, 5, 5 
24180, 5, 5 
52895, 5, 5 
55800, 5, 5 
38907, 5, 5 
23385, 5, 5 
58894, 5, 5 
37557, 5, 5 
47339, 5, 5 
52257, 5, 5 
49048, 5, 5 
13328, 5, 5 
46890, 5, 5 
30082, 5, 5 
14368, 5, 5 
32303, 5, 5 
32507, 5, 5 
24128, 5, 5 
1509, 5, 5 
32788, 5, 5 
24819, 5, 5 
45018, 5, 5 
29065, 5, 5 
14737, 5, 5 
29771, 5, 5 
27139, 5, 5 
49794, 5, 5 
23651, 5, 5 
27557, 5, 5 
1635, 5, 5 
12940, 5, 5 
5079, 5, 5 
48425, 5, 5 
8392, 5, 5 
19083, 5, 5 
41258, 5, 5 
8549, 5, 5 
26290, 5, 5 
59968, 5, 5 
19487, 5, 5 
51610, 5, 5 
13821, 5, 5 
6888, 5, 5 
54045, 5, 5 
15915, 5, 5 
10578, 5, 5 
18157, 5, 5 
12232, 5, 5 
14549, 5, 5 
55450, 5, 5 
22272, 5, 5 
18329, 5, 5 
17264, 5, 5 
9096, 5, 5 
49508, 5, 5 
34841, 5, 5 
45987, 5, 5 
37358, 5, 5 
23832, 5, 5 
17446, 5, 5 
28579, 5, 5 
54589, 5, 5 
53620, 5, 5 
16426, 5, 5 
50223, 5, 5 
3025, 5, 5 
58908, 5, 5 
55349, 5, 5 
26706, 5, 5 
58290, 5, 5 
49445, 5, 5 
3185, 5, 5 
18080, 5, 5 
29107, 5, 5 
19130, 5, 5 
53461, 5, 5 
46675, 5, 5 
46901, 5, 5 
41208, 5, 5 
41731, 5, 5 
58318, 5, 5 
48687, 5, 5 
52026, 5, 5 
38698, 5, 5 
20878, 5, 5 
57812, 5, 5 
26451, 5, 5 
39978, 5, 5 
40759, 5, 5 
38194, 5, 5 
59400, 5, 5 
6385, 5, 5 
24890, 5, 5 
2049, 5, 5 
41618, 5, 4 
39274, 5, 5 
49842, 5, 5 
30572, 5, 5 
20601, 5, 5 
14451, 5, 5 
28974, 5, 5 
47949, 5, 5 
38345, 5, 5 
19108, 5, 5 
25335, 5, 5 
14979, 5, 5 
30285, 5, 5 
43803, 5, 5 
43206, 5, 5 
24910, 5, 5 
19081, 5, 5 
26493, 5, 5 
35466, 5, 5 
9898, 5, 5 
25726, 5, 5 
23827, 5, 5 
53971, 5, 5 
29539, 5, 5 
14486, 5, 5 
9858, 5, 5 
52826, 5, 5 
15631, 5, 5 
22819, 5, 5 
57403, 5, 5 
25623, 5, 5 
47528, 5, 5 
47915, 5, 5 
15232, 5, 5 
10777, 5, 5 
516, 5, 5 
25973, 5, 5 
58731, 5, 5 
8459, 5, 5 
57128, 5, 5 
16745, 5, 5 
23567, 5, 5 
24718, 5, 5 
47661, 5, 5 
47629, 5, 5 
6472, 5, 5 
19706, 5, 5 
58569, 5, 5 
21039, 5, 5 
4562, 5, 5 
7276, 5, 5 
2948, 5, 5 
17174, 6, 6 
52581, 6, 6 
1190, 6, 6 
16430, 6, 6 
50961, 6, 6 
51507, 6, 6 
37256, 6, 6 
6705, 6, 6 
20745, 6, 6 
1844, 6, 6 
15317, 6, 6 
40616, 6, 6 
59591, 6, 6 
15960, 6, 6 
51993, 6, 6 
33010, 6, 6 
13813, 6, 6 
46943, 6, 6 
10855, 6, 6 
44318, 6, 6 
25579, 6, 6 
11218, 6, 6 
15500, 6, 6 
21004, 6, 6 
49624, 6, 6 
32381, 6, 6 
46218, 6, 6 
25963, 6, 6 
12251, 6, 6 
57075, 6, 6 
21821, 6, 6 
45949, 6, 6 
38933, 6, 6 
1503, 6, 6 
7972, 6, 6 
39165, 6, 6 
15957, 6, 6 
41167, 6, 6 
42558, 6, 6 
14731, 6, 6 
34174, 6, 6 
55703, 6, 6 
34447, 6, 6 
21426, 6, 6 
57023, 6, 6 
50818, 6, 6 
16297, 6, 6 
45107, 6, 6 
36686, 6, 6 
33484, 6, 6 
41800, 6, 6 
1980, 6, 6 
18, 6, 6 
53606, 6, 6 
3445, 6, 6 
17874, 6, 6 
17309, 6, 6 
27674, 6, 6 
8151, 6, 6 
43161, 6, 6 
30716, 6, 6 
43440, 6, 6 
59601, 6, 6 
44444, 6, 6 
10512, 6, 6 
56177, 6, 6 
56035, 6, 6 
58554, 6, 6 
4526, 6, 6 
30295, 6, 6 
6869, 6, 6 
15463, 6, 6 
40889, 6, 6 
48744, 6, 6 
58724, 6, 6 
22291, 6, 6 
38400, 6, 6 
51619, 6, 6 
53221, 6, 6 
18125, 6, 6 
47383, 6, 6 
4699, 6, 6 
802, 6, 6 
21084, 6, 6 
58415, 6, 6 
42541, 6, 6 
2474, 6, 6 
26677, 6, 6 
54288, 6, 6 
34125, 6, 6 
58392, 6, 6 
52837, 6, 6 
10164, 6, 6 
14044, 6, 6 
57490, 6, 6 
21025, 6, 6 
50793, 6, 6 
47179, 6, 6 
37666, 6, 6 
22559, 6, 6 
9929, 6, 6 
39630, 6, 6 
16332, 6, 6 
25141, 6, 6 
26884, 6, 6 
40533, 6, 6 
23758, 6, 6 
19851, 6, 6 
939, 6, 6 
20503, 6, 6 
55483, 6, 6 
43605, 6, 6 
4712, 6, 6 
29682, 6, 6 
54602, 6, 6 
4314, 6, 6 
3109, 6, 6 
40961, 6, 6 
5910, 6, 6 
50073, 6, 6 
9526, 6, 6 
56964, 6, 6 
46580, 6, 6 
46393, 6, 6 
10767, 6, 6 
55670, 6, 6 
35047, 6, 6 
15196, 6, 6 
15591, 6, 6 
50082, 6, 6 
53621, 6, 6 
9305, 6, 6 
39665, 6, 6 
13696, 6, 6 
37535, 6, 6 
36002, 6, 6 
40785, 6, 6 
24091, 6, 6 
13220, 6, 6 
58626, 6, 6 
4018, 6, 6 
27021, 6, 6 
1792, 6, 6 
46704, 6, 6 
1866, 6, 6 
5230, 6, 6 
49153, 6, 6 
16695, 6, 6 
33619, 6, 6 
46432, 6, 6 
56796, 6, 6 
401, 6, 6 
29643, 6, 6 
15951, 6, 6 
55168, 6, 6 
25424, 6, 6 
58291, 6, 6 
10996, 6, 6 
26092, 6, 6 
46109, 6, 6 
13760, 6, 6 
8994, 6, 6 
57314, 6, 6 
45566, 6, 6 
26962, 6, 6 
26931, 6, 6 
49977, 6, 6 
29527, 6, 6 
30882, 6, 6 
8290, 6, 6 
4612, 6, 6 
49711, 6, 6 
33167, 6, 6 
10671, 6, 6 
29554, 6, 6 
53197, 6, 6 
36310, 6, 6 
59801, 6, 6 
11635, 6, 6 
26065, 6, 6 
18388, 6, 6 
46559, 6, 6 
37803, 6, 6 
7580, 6, 6 
11673, 6, 6 
22384, 6, 6 
33934, 6, 6 
9233, 6, 6 
32345, 6, 6 
42103, 6, 6 
40661, 6, 6 
26472, 6, 6 
32633, 6, 6 
59255, 6, 6 
5517, 6, 6 
30971, 6, 6 
27369, 6, 6 
13845, 6, 6 
37523, 6, 6 
24423, 6, 6 
50984, 7, 7 
19838, 7, 7 
27406, 7, 7 
30973, 7, 7 
36767, 7, 7 
26500, 7, 7 
8107, 7, 7 
39524, 7, 7 
46429, 7, 7 
15172, 7, 7 
45170, 7, 7 
22287, 7, 7 
45179, 7, 7 
33103, 7, 7 
53334, 7, 7 
51971, 7, 7 
26442, 7, 7 
42004, 7, 7 
20582, 7, 7 
43382, 7, 7 
27912, 7, 7 
44940, 7, 7 
22454, 7, 7 
24928, 7, 7 
7869, 7, 7 
35372, 7, 7 
56096, 7, 7 
22342, 7, 7 
32812, 7, 7 
51138, 7, 7 
32681, 7, 7 
38349, 7, 7 
59462, 7, 7 
12176, 7, 7 
12599, 7, 7 
25561, 7, 7 
71, 7, 7 
11894, 7, 7 
33737, 7, 7 
58733, 7, 7 
47559, 7, 7 
15923, 7, 7 
26337, 7, 7 
16337, 7, 7 
59792, 7, 7 
45811, 7, 7 
23271, 7, 7 
933, 7, 7 
38776, 7, 7 
50483, 7, 7 
12391, 7, 7 
40430, 7, 7 
29117, 7, 7 
50100, 7, 7 
57526, 7, 7 
57646, 7, 7 
6770, 7, 7 
48146, 7, 7 
21843, 7, 7 
49116, 7, 7 
24984, 7, 7 
50992, 7, 7 
53779, 7, 7 
18142, 7, 7 
19912, 7, 7 
21482, 7, 7 
26964, 7, 7 
17955, 7, 7 
52124, 7, 7 
25979, 7, 7 
42061, 7, 7 
39523, 7, 7 
5821, 7, 7 
54096, 7, 7 
30245, 7, 7 
37994, 7, 7 
27722, 7, 7 
26851, 7, 7 
4000, 7, 7 
14307, 7, 7 
50224, 7, 7 
25782, 7, 7 
11059, 7, 7 
4298, 7, 7 
20048, 7, 7 
10548, 7, 7 
39371, 7, 7 
24990, 7, 7 
12208, 7, 7 
16949, 7, 7 
16710, 7, 7 
52591, 7, 7 
7686, 7, 7 
56510, 7, 7 
13329, 7, 7 
20765, 7, 7 
13000, 7, 7 
52147, 7, 7 
40397, 7, 7 
49891, 7, 7 
42145, 7, 7 
14898, 7, 7 
51537, 7, 7 
12123, 7, 7 
8049, 7, 7 
20385, 7, 7 
2447, 7, 7 
58143, 7, 7 
17963, 7, 7 
36284, 7, 7 
40470, 7, 7 
43036, 7, 7 
57991, 7, 7 
4946, 7, 7 
9395, 7, 7 
27098, 7, 7 
3463, 7, 7 
26097, 7, 7 
10788, 7, 7 
31408, 7, 7 
12439, 7, 7 
30021, 7, 7 
24561, 7, 7 
24723, 7, 7 
51914, 7, 7 
56846, 7, 7 
12296, 7, 7 
48736, 7, 7 
29144, 7, 7 
22534, 7, 7 
57672, 7, 7 
28011, 7, 7 
9548, 7, 7 
36230, 7, 7 
44868, 7, 7 
54218, 7, 7 
6871, 7, 7 
31912, 7, 7 
58848, 7, 7 
54072, 7, 7 
51858, 7, 7 
28864, 7, 7 
53866, 7, 7 
23207, 7, 7 
32877, 7, 7 
48333, 7, 7 
44595, 7, 7 
30109, 7, 7 
4659, 7, 7 
14969, 7, 7 
50438, 7, 7 
11763, 7, 7 
58507, 7, 7 
4725, 7, 7 
52760, 7, 7 
36563, 7, 7 
1154, 7, 7 
45040, 7, 7 
22876, 7, 7 
27546, 7, 7 
52964, 7, 7 
39651, 7, 7 
25500, 7, 7 
28550, 7, 7 
23686, 7, 7 
8647, 7, 7 
50382, 7, 7 
35101, 7, 7 
39013, 7, 7 
52603, 7, 7 
43924, 7, 7 
54212, 7, 7 
45978, 7, 7 
39390, 7, 7 
18048, 7, 7 
14231, 7, 7 
38291, 7, 7 
36152, 7, 7 
21086, 7, 7 
43039, 7, 7 
40557, 7, 7 
49239, 7, 7 
608, 7, 7 
6130, 7, 7 
18824, 7, 7 
16537, 7, 7 
23070, 7, 7 
7113, 7, 7 
50047, 7, 7 
47262, 7, 7 
21459, 7, 7 
32716, 7, 7 
37064, 7, 7 
5473, 7, 7 
16240, 7, 7 
5975, 7, 7 
26668, 7, 7 
55270, 7, 7 
25904, 7, 7 
37900, 7, 7 
58762, 8, 8 
16440, 8, 8 
18795, 8, 8 
26743, 8, 8 
50871, 8, 8 
47322, 8, 8 
12473, 8, 8 
22568, 8, 8 
23004, 8, 8 
17348, 8, 8 
34108, 8, 8 
37032, 8, 8 
37595, 8, 8 
13803, 8, 8 
28352, 8, 8 
59438, 8, 8 
4982, 8, 8 
57668, 8, 8 
56286, 8, 8 
35123, 8, 8 
33997, 8, 8 
58283, 8, 8 
9364, 8, 8 
19470, 8, 8 
11796, 8, 8 
44527, 8, 8 
18775, 8, 8 
55604, 8, 8 
59751, 8, 8 
49095, 8, 8 
20819, 8, 8 
48737, 8, 8 
47201, 8, 8 
2097, 8, 8 
10274, 8, 8 
34107, 8, 8 
1237, 8, 8 
31710, 8, 4 
50607, 8, 8 
51347, 8, 8 
30781, 8, 8 
27995, 8, 8 
54654, 8, 8 
44289, 8, 8 
6457, 8, 8 
42313, 8, 8 
37281, 8, 8 
28188, 8, 8 
29022, 8, 8 
48668, 8, 8 
26952, 8, 8 
41017, 8, 8 
10973, 8, 8 
51501, 8, 8 
4148, 8, 8 
16833, 8, 8 
30418, 8, 8 
14669, 8, 8 
30785, 8, 8 
26628, 8, 8 
57767, 8, 8 
58150, 8, 8 
40403, 8, 8 
45245, 8, 8 
9782, 8, 8 
50970, 8, 8 
3872, 8, 8 
29798, 8, 8 
57648, 8, 8 
18774, 8, 8 
24875, 8, 8 
39011, 8, 8 
51163, 8, 8 
31162, 8, 8 
25545, 8, 8 
22773, 8, 8 
7450, 8, 8 
59950, 8, 8 
40689, 8, 8 
197, 8, 8 
22261, 8, 8 
1239, 8, 8 
9359, 8, 8 
14075, 8, 8 
56430, 8, 8 
40275, 8, 8 
21046, 8, 1 
50513, 8, 8 
18205, 8, 8 
5521, 8, 8 
3432, 8, 8 
40398, 8, 8 
3601, 8, 8 
14625, 8, 8 
14993, 8, 8 
19350, 8, 8 
17375, 8, 8 
3979, 8, 8 
8690, 8, 8 
58178, 8, 8 
43945, 8, 8 
42595, 8, 8 
22484, 8, 8 
55578, 8, 8 
34061, 8, 8 
51437, 8, 8 
48003, 8, 8 
17193, 8, 8 
54216, 8, 8 
24410, 8, 8 
13258, 8, 8 
20539, 8, 8 
40698, 8, 8 
55430, 8, 8 
35843, 8, 8 
33481, 8, 8 
20873, 8, 8 
11351, 8, 8 
40417, 8, 8 
17096, 8, 8 
57741, 8, 8 
15115, 8, 8 
17170, 8, 8 
7297, 8, 8 
37527, 8, 8 
1434, 8, 8 
23253, 8, 8 
49114, 8, 8 
41873, 8, 8 
52469, 8, 8 
55211, 8, 8 
58201, 8, 8 
54082, 8, 8 
59763, 8, 8 
7021, 8, 8 
39938, 8, 8 
5034, 8, 8 
13316, 8, 8 
35928, 8, 8 
28297, 8, 8 
55606, 8, 8 
5389, 8, 8 
41235, 8, 8 
55153, 8, 8 
58239, 8, 8 
50238, 8, 8 
54920, 8, 8 
51611, 8, 8 
12609, 8, 8 
44875, 8, 8 
24297, 8, 8 
36770, 8, 8 
30738, 8, 8 
9900, 8, 8 
7775, 8, 8 
2991, 8, 8 
8432, 8, 8 
3158, 8, 8 
31880, 8, 8 
47076, 8, 8 
17688, 8, 8 
39092, 8, 8 
55790, 8, 8 
50306, 8, 8 
28042, 8, 8 
3744, 8, 8 
7035, 8, 8 
25582, 8, 8 
5281, 8, 8 
55250, 8, 8 
53286, 8, 8 
34883, 8, 8 
30732, 8, 8 
24137, 8, 8 
25276, 8, 8 
8536, 8, 8 
19313, 8, 8 
20966, 8, 8 
21110, 8, 8 
53913, 8, 8 
26805, 8, 8 
58358, 8, 8 
18104, 8, 8 
57696, 8, 8 
30703, 8, 8 
41106, 8, 8 
13365, 8, 8 
6369, 8, 8 
40408, 8, 8 
32641, 8, 8 
34900, 8, 8 
26100, 8, 8 
38453, 8, 8 
6187, 8, 8 
26936, 8, 8 
41751, 8, 8 
36179, 8, 8 
46231, 8, 8 
35353, 8, 8 
12182, 8, 8 
54504, 9, 9 
47009, 9, 9 
56238, 9, 9 
53276, 9, 9 
32016, 9, 9 
37331, 9, 9 
3374, 9, 9 
15991, 9, 9 
57744, 9, 4 
3773, 9, 9 
27766, 9, 9 
35543, 9, 9 
16878, 9, 9 
13304, 9, 9 
50020, 9, 9 
41177, 9, 9 
3232, 9, 9 
6294, 9, 9 
53279, 9, 9 
49383, 9, 9 
53393, 9, 9 
12515, 9, 9 
32033, 9, 9 
22890, 9, 9 
28911, 9, 9 
12999, 9, 9 
6634, 9, 9 
6694, 9, 9 
29973, 9, 9 
26400, 9, 9 
19513, 9, 9 
43086, 9, 9 
54702, 9, 9 
52638, 9, 9 
2060, 9, 9 
16451, 9, 9 
19163, 9, 9 
15171, 9, 9 
54449, 9, 9 
8968, 9, 9 
15222, 9, 9 
56408, 9, 9 
58639, 9, 9 
57072, 9, 9 
29865, 9, 9 
34090, 9, 9 
21827, 9, 9 
27773, 9, 9 
2764, 9, 9 
362, 9, 9 
26199, 9, 9 
11682, 9, 9 
48654, 9, 9 
53146, 9, 9 
50228, 9, 9 
39073, 9, 9 
8316, 9, 4 
47457, 9, 9 
41375, 9, 4 
2633, 9, 9 
7094, 9, 4 
50967, 9, 9 
18377, 9, 9 
52618, 9, 9 
29980, 9, 9 
1282, 9, 9 
11816, 9, 9 
17019, 9, 9 
19113, 9, 9 
16981, 9, 9 
37242, 9, 9 
37046, 9, 9 
57469, 9, 9 
5212, 9, 9 
55612, 9, 9 
51036, 9, 9 
39993, 9, 9 
31275, 9, 9 
16034, 9, 9 
48894, 9, 9 
36109, 9, 9 
38880, 9, 9 
55570, 9, 9 
27771, 9, 9 
52270, 9, 9 
50806, 9, 9 
16137, 9, 9 
22127, 9, 9 
43903, 9, 9 
17612, 9, 9 
40499, 9, 9 
8592, 9, 9 
41422, 9, 9 
27391, 9, 9 
31842, 9, 9 
42853, 9, 9 
42457, 9, 9 
22664, 9, 9 
3991, 9, 9 
34335, 9, 9 
37737, 9, 9 
20943, 9, 9 
2797, 9, 9 
24263, 9, 9 
11550, 9, 9 
14818, 9, 9 
46800, 9, 9 
7733, 9, 9 
13717, 9, 9 
44763, 9, 9 
40608, 9, 9 
58422, 9, 9 
12277, 9, 9 
59741, 9, 9 
50882, 9, 9 
17167, 9, 9 
26828, 9, 9 
53251, 9, 9 
44351, 9, 9 
26426, 9, 9 
32403, 9, 9 
44026, 9, 9 
35218, 9, 9 
26226, 9, 9 
2371, 9, 9 
4968, 9, 9 
59604, 9, 9 
54599, 9, 9 
36486, 9, 9 
17708, 9, 9 
22485, 9, 9 
6164, 9, 4 
21378, 9, 9 
10706, 9, 9 
43661, 9, 9 
35824, 9, 9 
2284, 9, 9 
10336, 9, 9 
35760, 9, 9 
53397, 9, 9 
20841, 9, 9 
43037, 9, 9 
39333, 9, 9 
32351, 9, 9 
54300, 9, 9 
6741, 9, 9 
3678, 9, 4 
16751, 9, 9 
14790, 9, 9 
26997, 9, 9 
49358, 9, 9 
55009, 9, 9 
58437, 9, 9 
57047, 9, 9 
57896, 9, 9 
17698, 9, 9 
21344, 9, 9 
50445, 9, 9 
43001, 9, 4 
19140, 9, 9 
56156, 9, 9 
50663, 9, 9 
24197, 9, 9 
15899, 9, 9 
35118, 9, 9 
4095, 9, 9 
21870, 9, 4 
14827, 9, 4 
37935, 9, 9 
18009, 9, 9 
9275, 9, 9 
53265, 9, 9 
57294, 9, 9 
58338, 9, 9 
22321, 9, 9 
26844, 9, 9 
22927, 9, 9 
36035, 9, 9 
56279, 9, 4 
27873, 9, 9 
44075, 9, 9 
26815, 9, 9 
15268, 9, 9 
18602, 9, 9 
20594, 9, 9 
49871, 9, 9 
11906, 9, 9 
42086, 9, 9 
45555, 9, 9 
17785, 9, 9 
25515, 9, 9 
47082, 9, 9 
3746, 9, 9 
24967, 9, 9 
32552, 9, 9 
43325, 9, 9 
36481, 9, 9 
31256, 9, 9 
41395, 9, 9 
44878, 9, 9 
