id, true label, predicted label 
25818, 0, 0 
29230, 0, 0 
48627, 0, 0 
4239, 0, 0 
29621, 0, 0 
51226, 0, 0 
29676, 0, 0 
7629, 0, 0 
57091, 0, 0 
39498, 0, 0 
48638, 0, 0 
29805, 0, 0 
43134, 0, 0 
49594, 0, 0 
47096, 0, 0 
19308, 0, 0 
14840, 0, 0 
38231, 0, 0 
33003, 0, 0 
3937, 0, 0 
59615, 0, 0 
11091, 0, 0 
3882, 0, 0 
10849, 0, 0 
31297, 0, 0 
58858, 0, 0 
55624, 0, 0 
40303, 0, 0 
8724, 0, 0 
27893, 0, 0 
9552, 0, 0 
39044, 0, 0 
14158, 0, 0 
50444, 0, 0 
18093, 0, 0 
47072, 0, 0 
57629, 0, 0 
23293, 0, 0 
35449, 0, 0 
28821, 0, 0 
54108, 0, 0 
40082, 0, 0 
41288, 0, 0 
21380, 0, 0 
30618, 0, 0 
23279, 0, 0 
40040, 0, 0 
26408, 0, 0 
50929, 0, 0 
49621, 0, 0 
46166, 0, 0 
3806, 0, 0 
58982, 0, 0 
20010, 0, 0 
8273, 0, 0 
40074, 0, 0 
16352, 0, 0 
7944, 0, 0 
32778, 0, 0 
44000, 0, 0 
40456, 0, 0 
50638, 0, 0 
7835, 0, 0 
41445, 0, 0 
14613, 0, 0 
46069, 0, 0 
39623, 0, 0 
9038, 0, 0 
15318, 0, 0 
30051, 0, 0 
52161, 0, 0 
35282, 0, 0 
51479, 0, 0 
48532, 0, 0 
21586, 0, 0 
8917, 0, 0 
29520, 0, 0 
34662, 0, 0 
43706, 0, 0 
15663, 0, 0 
10919, 0, 0 
20463, 0, 0 
7247, 0, 0 
51992, 0, 0 
5512, 0, 0 
9197, 0, 0 
57769, 0, 0 
18425, 0, 0 
38035, 0, 0 
16523, 0, 0 
46917, 0, 0 
7687, 0, 0 
8016, 0, 0 
15928, 0, 0 
3015, 0, 0 
25386, 0, 0 
39029, 0, 0 
7855, 0, 0 
45577, 0, 0 
54808, 0, 0 
44276, 0, 0 
49443, 0, 0 
39463, 0, 0 
4744, 0, 0 
38126, 0, 0 
30555, 0, 0 
15133, 0, 0 
30699, 0, 0 
44103, 0, 0 
56459, 0, 0 
12872, 0, 0 
20827, 0, 0 
33647, 0, 0 
17122, 0, 0 
15828, 0, 0 
42157, 0, 0 
50357, 0, 0 
58784, 0, 0 
9822, 0, 0 
44326, 0, 0 
38335, 0, 0 
45908, 0, 0 
6367, 0, 0 
18590, 0, 0 
56908, 0, 0 
10924, 0, 0 
43961, 0, 0 
27658, 0, 0 
1304, 0, 0 
42487, 0, 0 
52847, 0, 0 
23032, 0, 0 
26260, 0, 0 
9313, 0, 0 
33732, 0, 0 
1479, 0, 0 
39155, 0, 0 
59689, 0, 0 
19360, 0, 0 
5697, 0, 0 
10380, 0, 0 
4642, 0, 0 
40038, 0, 0 
22265, 0, 0 
20351, 0, 0 
56174, 0, 0 
39207, 0, 0 
39236, 0, 0 
57486, 0, 0 
52470, 0, 0 
57682, 0, 0 
4849, 0, 0 
16787, 0, 0 
51866, 0, 0 
45303, 0, 0 
56625, 0, 0 
19492, 0, 0 
55354, 0, 0 
28519, 0, 0 
29562, 0, 0 
51960, 0, 0 
44225, 0, 0 
5641, 0, 0 
52247, 0, 0 
3720, 0, 0 
22245, 0, 0 
8912, 0, 0 
23579, 0, 0 
18989, 0, 0 
31180, 0, 0 
15695, 0, 0 
49853, 0, 0 
13459, 0, 0 
49639, 0, 0 
36783, 0, 0 
42783, 0, 0 
16439, 0, 0 
3441, 0, 0 
108, 0, 0 
38696, 0, 0 
30080, 0, 0 
9048, 0, 0 
37192, 0, 0 
6103, 0, 0 
3376, 0, 0 
39494, 0, 0 
38128, 0, 0 
51466, 0, 0 
16151, 0, 0 
24892, 0, 0 
40320, 0, 0 
28992, 0, 0 
48755, 0, 0 
54980, 0, 0 
612, 0, 0 
54941, 0, 0 
27822, 0, 0 
1018, 0, 0 
16363, 0, 0 
7932, 0, 0 
21071, 1, 1 
10134, 1, 1 
42326, 1, 1 
24624, 1, 1 
49807, 1, 1 
51908, 1, 1 
25940, 1, 1 
16086, 1, 1 
54664, 1, 1 
29040, 1, 1 
31375, 1, 1 
36571, 1, 1 
17260, 1, 1 
50249, 1, 1 
37719, 1, 1 
5234, 1, 1 
19652, 1, 1 
2695, 1, 1 
38425, 1, 1 
31784, 1, 1 
1375, 1, 8 
56637, 1, 1 
12499, 1, 1 
45385, 1, 1 
18958, 1, 1 
13610, 1, 1 
49392, 1, 1 
33936, 1, 1 
23818, 1, 1 
20506, 1, 1 
20365, 1, 1 
37354, 1, 1 
54901, 1, 1 
5176, 1, 1 
43887, 1, 1 
4807, 1, 1 
6565, 1, 1 
15977, 1, 1 
21288, 1, 1 
14321, 1, 1 
7877, 1, 8 
40918, 1, 1 
41971, 1, 1 
35819, 1, 1 
37955, 1, 1 
11445, 1, 1 
45994, 1, 1 
44431, 1, 1 
28246, 1, 1 
57223, 1, 1 
22412, 1, 1 
58147, 1, 1 
41750, 1, 1 
10266, 1, 1 
14967, 1, 1 
26409, 1, 1 
29214, 1, 1 
24567, 1, 1 
49099, 1, 1 
57516, 1, 1 
11663, 1, 1 
4484, 1, 1 
42999, 1, 1 
22502, 1, 1 
31932, 1, 1 
47969, 1, 1 
406, 1, 1 
1155, 1, 1 
22627, 1, 1 
38465, 1, 1 
41392, 1, 1 
22815, 1, 1 
8578, 1, 1 
35359, 1, 1 
18863, 1, 1 
48326, 1, 1 
51784, 1, 1 
29609, 1, 1 
41623, 1, 1 
6110, 1, 1 
7609, 1, 1 
9507, 1, 1 
11968, 1, 1 
8131, 1, 1 
52032, 1, 1 
5204, 1, 1 
19841, 1, 1 
21088, 1, 1 
31432, 1, 1 
33508, 1, 1 
15241, 1, 1 
46417, 1, 1 
17184, 1, 1 
3851, 1, 1 
42133, 1, 1 
33166, 1, 1 
40561, 1, 1 
23762, 1, 1 
20427, 1, 1 
33191, 1, 1 
16012, 1, 1 
10565, 1, 1 
35596, 1, 1 
1293, 1, 1 
45229, 1, 1 
47621, 1, 1 
11502, 1, 1 
34388, 1, 1 
21709, 1, 1 
46185, 1, 1 
19643, 1, 1 
25751, 1, 1 
27020, 1, 1 
38463, 1, 1 
2937, 1, 1 
53930, 1, 1 
28794, 1, 1 
42927, 1, 1 
9251, 1, 1 
31498, 1, 1 
8258, 1, 1 
57418, 1, 1 
23756, 1, 1 
609, 1, 1 
59427, 1, 1 
35168, 1, 1 
41104, 1, 1 
56490, 1, 1 
40682, 1, 1 
33374, 1, 1 
50956, 1, 1 
809, 1, 1 
45931, 1, 1 
50928, 1, 1 
42765, 1, 1 
36618, 1, 1 
19273, 1, 1 
17888, 1, 1 
12521, 1, 1 
208, 1, 1 
13947, 1, 1 
24509, 1, 1 
21379, 1, 1 
17748, 1, 1 
52031, 1, 1 
32540, 1, 1 
54683, 1, 1 
19400, 1, 1 
26429, 1, 1 
56728, 1, 1 
3295, 1, 1 
6247, 1, 1 
13617, 1, 1 
50477, 1, 1 
24070, 1, 1 
31718, 1, 1 
32814, 1, 1 
21771, 1, 1 
15878, 1, 1 
2811, 1, 1 
1640, 1, 1 
43336, 1, 1 
33658, 1, 1 
11995, 1, 1 
29033, 1, 1 
3963, 1, 1 
3885, 1, 1 
36356, 1, 1 
38095, 1, 1 
13689, 1, 1 
46679, 1, 1 
38828, 1, 1 
23340, 1, 1 
20884, 1, 1 
18497, 1, 1 
24879, 1, 1 
5876, 1, 1 
56910, 1, 1 
38388, 1, 1 
48368, 1, 1 
10971, 1, 1 
47004, 1, 1 
3900, 1, 1 
3602, 1, 1 
10500, 1, 1 
50652, 1, 1 
10458, 1, 1 
40779, 1, 1 
39988, 1, 1 
53667, 1, 1 
10556, 1, 1 
9393, 1, 1 
31537, 1, 1 
36558, 1, 1 
35669, 1, 1 
46782, 1, 1 
26295, 1, 1 
34588, 1, 1 
59882, 1, 1 
40220, 1, 1 
24331, 2, 2 
21441, 2, 2 
45920, 2, 2 
38120, 2, 2 
55704, 2, 2 
16794, 2, 2 
35378, 2, 2 
20671, 2, 2 
54440, 2, 2 
57442, 2, 2 
18566, 2, 2 
36209, 2, 2 
5258, 2, 2 
44021, 2, 2 
24427, 2, 2 
58705, 2, 2 
40279, 2, 2 
37601, 2, 2 
31773, 2, 2 
50933, 2, 2 
657, 2, 2 
26850, 2, 2 
55997, 2, 2 
8201, 2, 2 
45268, 2, 2 
22800, 2, 2 
15751, 2, 2 
40152, 2, 2 
51976, 2, 2 
54674, 2, 2 
34155, 2, 2 
3444, 2, 2 
51100, 2, 2 
52726, 2, 2 
7818, 2, 2 
33197, 2, 2 
36056, 2, 2 
36958, 2, 2 
14515, 2, 2 
35023, 2, 2 
3924, 2, 2 
27264, 2, 2 
21006, 2, 2 
39572, 2, 2 
25507, 2, 2 
10072, 2, 2 
41399, 2, 2 
51530, 2, 2 
1427, 2, 2 
40699, 2, 2 
10699, 2, 2 
8413, 2, 2 
28275, 2, 2 
59177, 2, 2 
23028, 2, 2 
41860, 2, 2 
2664, 2, 2 
34657, 2, 2 
26213, 2, 2 
42563, 2, 2 
31757, 2, 2 
45206, 2, 2 
49009, 2, 2 
15660, 2, 2 
6144, 2, 2 
58235, 2, 2 
4846, 2, 2 
53089, 2, 2 
27928, 2, 2 
55950, 2, 2 
52433, 2, 2 
11865, 2, 2 
38288, 2, 2 
1874, 2, 2 
37825, 2, 2 
42562, 2, 2 
43292, 2, 2 
39467, 2, 2 
39929, 2, 2 
36680, 2, 2 
17369, 2, 2 
2513, 2, 2 
55919, 2, 2 
58487, 2, 2 
7170, 2, 2 
47743, 2, 2 
28525, 2, 2 
58502, 2, 2 
18633, 2, 2 
19524, 2, 2 
49106, 2, 2 
25902, 2, 2 
58468, 2, 2 
15440, 2, 2 
32065, 2, 2 
46678, 2, 2 
43314, 2, 2 
42598, 2, 2 
47467, 2, 2 
56355, 2, 2 
30078, 2, 2 
9658, 2, 2 
32901, 2, 2 
9031, 2, 2 
21502, 2, 2 
22067, 2, 2 
34484, 2, 2 
31512, 2, 2 
50563, 2, 2 
28289, 2, 2 
59489, 2, 2 
9218, 2, 2 
28537, 2, 2 
35035, 2, 2 
9689, 2, 2 
11346, 2, 2 
15363, 2, 2 
2626, 2, 2 
12815, 2, 2 
35653, 2, 2 
19245, 2, 2 
50901, 2, 2 
5900, 2, 2 
42936, 2, 2 
35872, 2, 2 
30826, 2, 2 
16952, 2, 2 
47101, 2, 2 
51787, 2, 2 
36292, 2, 2 
52602, 2, 2 
24746, 2, 2 
3710, 2, 2 
48881, 2, 2 
24570, 2, 2 
57694, 2, 2 
14938, 2, 2 
52132, 2, 2 
12621, 2, 2 
29060, 2, 2 
25732, 2, 2 
53963, 2, 2 
59009, 2, 2 
15203, 2, 2 
6038, 2, 2 
56752, 2, 2 
41234, 2, 2 
17246, 2, 2 
32269, 2, 2 
19568, 2, 2 
35301, 2, 2 
49021, 2, 2 
55308, 2, 2 
19343, 2, 2 
9772, 2, 2 
9193, 2, 2 
21435, 2, 2 
14523, 2, 2 
33620, 2, 2 
40542, 2, 2 
57628, 2, 2 
32792, 2, 2 
25780, 2, 2 
37143, 2, 2 
56049, 2, 2 
36718, 2, 2 
11110, 2, 2 
58644, 2, 2 
52144, 2, 2 
27033, 2, 2 
27311, 2, 2 
17071, 2, 2 
38427, 2, 2 
32606, 2, 2 
26330, 2, 2 
35331, 2, 2 
24722, 2, 2 
32763, 2, 2 
44347, 2, 2 
7207, 2, 2 
646, 2, 2 
8727, 2, 2 
53245, 2, 2 
41256, 2, 2 
46277, 2, 2 
30705, 2, 2 
457, 2, 2 
32035, 2, 2 
10514, 2, 2 
16449, 2, 2 
4662, 2, 2 
33821, 2, 2 
34326, 2, 2 
17697, 2, 2 
31740, 2, 2 
59475, 2, 2 
22900, 2, 2 
44455, 2, 2 
38609, 2, 2 
28701, 2, 2 
55312, 3, 3 
10161, 3, 3 
20285, 3, 3 
9293, 3, 3 
1486, 3, 3 
861, 3, 3 
59275, 3, 3 
8830, 3, 3 
51381, 3, 3 
14025, 3, 3 
44249, 3, 3 
58564, 3, 3 
33587, 3, 3 
7412, 3, 3 
23672, 3, 3 
2183, 3, 3 
16626, 3, 3 
8360, 3, 3 
48076, 3, 3 
24278, 3, 3 
12245, 3, 3 
18612, 3, 3 
53566, 3, 3 
40480, 3, 3 
43758, 3, 3 
50975, 3, 3 
48761, 3, 3 
16708, 3, 3 
8264, 3, 3 
21208, 3, 3 
7367, 3, 3 
19335, 3, 3 
20833, 3, 3 
33169, 3, 3 
59818, 3, 3 
53374, 3, 3 
27534, 3, 3 
53209, 3, 3 
4262, 3, 3 
14115, 3, 3 
57974, 3, 3 
34289, 3, 3 
330, 3, 3 
40298, 3, 3 
14548, 3, 3 
37166, 3, 3 
27, 3, 3 
7556, 3, 3 
55179, 3, 3 
53447, 3, 3 
48917, 3, 3 
44546, 3, 3 
57040, 3, 3 
23265, 3, 3 
7862, 3, 3 
59598, 3, 3 
32964, 3, 3 
25671, 3, 3 
38086, 3, 3 
9636, 3, 3 
54534, 3, 3 
31582, 3, 3 
41969, 3, 3 
55470, 3, 3 
37658, 3, 3 
2941, 3, 3 
28256, 3, 3 
34685, 3, 3 
15246, 3, 3 
50560, 3, 3 
21610, 3, 3 
55472, 3, 3 
16755, 3, 3 
50671, 3, 3 
46918, 3, 3 
13965, 3, 3 
55383, 3, 3 
14674, 3, 3 
38049, 3, 3 
13894, 3, 3 
52300, 3, 3 
3521, 3, 3 
40745, 3, 3 
50770, 3, 3 
11201, 3, 3 
56966, 3, 3 
14765, 3, 3 
52936, 3, 3 
2092, 3, 3 
43280, 3, 3 
54402, 3, 3 
43200, 3, 3 
13607, 3, 3 
18840, 3, 3 
13448, 3, 3 
2207, 3, 3 
44295, 3, 3 
15747, 3, 3 
43330, 3, 3 
9663, 3, 3 
15496, 3, 3 
43672, 3, 3 
3949, 3, 3 
22488, 3, 3 
19631, 3, 3 
3422, 3, 3 
20752, 3, 3 
12300, 3, 3 
30729, 3, 3 
26391, 3, 3 
24610, 3, 3 
26629, 3, 3 
10011, 3, 3 
203, 3, 3 
42054, 3, 3 
26694, 3, 3 
53740, 3, 3 
15227, 3, 3 
4674, 3, 3 
14883, 3, 3 
19413, 3, 3 
24575, 3, 3 
22717, 3, 3 
41453, 3, 3 
45008, 3, 3 
33412, 3, 3 
48783, 3, 3 
22049, 3, 3 
19247, 3, 3 
4735, 3, 3 
28571, 3, 3 
14456, 3, 3 
51230, 3, 3 
3264, 3, 3 
41850, 3, 3 
27803, 3, 3 
4694, 3, 3 
30974, 3, 3 
36357, 3, 3 
39125, 3, 3 
36623, 3, 3 
18390, 3, 3 
41619, 3, 3 
40836, 3, 3 
13831, 3, 3 
7980, 3, 3 
5184, 3, 3 
56198, 3, 3 
1218, 3, 3 
281, 3, 3 
12990, 3, 3 
59955, 3, 3 
14903, 3, 3 
1883, 3, 3 
39928, 3, 3 
45271, 3, 3 
20314, 3, 3 
45517, 3, 3 
41632, 3, 3 
19878, 3, 3 
48930, 3, 3 
23796, 3, 3 
54296, 3, 3 
49585, 3, 3 
5173, 3, 3 
51245, 3, 3 
10042, 3, 3 
29823, 3, 3 
45217, 3, 3 
1290, 3, 3 
32900, 3, 3 
37745, 3, 3 
49981, 3, 3 
56398, 3, 3 
43198, 3, 3 
56535, 3, 3 
18453, 3, 3 
58793, 3, 3 
56871, 3, 3 
55548, 3, 3 
44280, 3, 3 
25409, 3, 3 
49789, 3, 3 
16873, 3, 3 
25631, 3, 3 
1644, 3, 3 
31975, 3, 3 
30354, 3, 3 
15181, 3, 3 
50803, 3, 3 
19739, 3, 3 
18542, 3, 3 
39618, 3, 3 
8135, 3, 3 
38507, 3, 3 
55334, 3, 3 
6106, 3, 3 
4191, 3, 3 
31269, 3, 3 
11296, 3, 3 
18726, 4, 4 
6323, 4, 4 
50486, 4, 4 
43929, 4, 4 
17769, 4, 4 
1818, 4, 4 
47764, 4, 4 
38500, 4, 4 
48596, 4, 4 
26599, 4, 4 
58847, 4, 4 
57845, 4, 4 
20234, 4, 4 
43530, 4, 4 
28159, 4, 4 
33991, 4, 4 
50314, 4, 4 
50609, 4, 4 
54778, 4, 4 
56484, 4, 4 
53867, 4, 4 
33889, 4, 4 
23270, 4, 4 
23484, 4, 4 
11598, 4, 4 
11127, 4, 4 
59401, 4, 4 
25555, 4, 4 
16438, 4, 4 
35229, 4, 4 
33816, 4, 4 
21653, 4, 4 
30164, 4, 4 
44885, 4, 4 
54017, 4, 4 
19111, 4, 4 
25826, 4, 4 
26128, 4, 4 
22331, 4, 4 
36428, 4, 4 
58066, 4, 4 
55948, 4, 4 
20496, 4, 4 
49850, 4, 4 
53633, 4, 4 
22394, 4, 4 
25784, 4, 4 
45198, 4, 4 
17604, 4, 4 
39983, 4, 4 
57035, 4, 4 
24869, 4, 4 
1198, 4, 4 
38631, 4, 4 
17690, 4, 4 
882, 4, 4 
58559, 4, 4 
53873, 4, 4 
52267, 4, 4 
37156, 4, 4 
3039, 4, 4 
47823, 4, 4 
49920, 4, 4 
5069, 4, 4 
59144, 4, 4 
37722, 4, 4 
3573, 4, 4 
20972, 4, 4 
28706, 4, 4 
52517, 4, 4 
17157, 4, 4 
50149, 4, 4 
5954, 4, 4 
4613, 4, 4 
24992, 4, 4 
30321, 4, 4 
59335, 4, 4 
41775, 4, 4 
21130, 4, 4 
33882, 4, 4 
49982, 4, 4 
53149, 4, 4 
59647, 4, 4 
45815, 4, 4 
36674, 4, 4 
46038, 4, 4 
43621, 4, 4 
58744, 4, 4 
17949, 4, 4 
45550, 4, 4 
50981, 4, 4 
14067, 4, 4 
41865, 4, 4 
16331, 4, 4 
29788, 4, 4 
43713, 4, 4 
29754, 4, 4 
22563, 4, 4 
37616, 4, 4 
289, 4, 4 
50005, 4, 4 
14939, 4, 4 
7843, 4, 4 
57548, 4, 4 
54109, 4, 4 
5331, 4, 4 
55085, 4, 4 
26365, 4, 4 
50427, 4, 4 
25410, 4, 4 
46456, 4, 4 
52343, 4, 4 
33262, 4, 4 
8399, 4, 4 
3360, 4, 4 
20219, 4, 4 
18062, 4, 4 
39304, 4, 4 
9461, 4, 4 
39667, 4, 4 
5764, 4, 4 
37633, 4, 4 
4498, 4, 4 
27686, 4, 4 
12396, 4, 4 
53130, 4, 4 
58289, 4, 4 
7551, 4, 4 
41220, 4, 4 
3052, 4, 4 
25292, 4, 4 
38583, 4, 4 
20368, 4, 4 
32499, 4, 4 
12922, 4, 4 
47210, 4, 4 
30180, 4, 4 
29645, 4, 4 
21461, 4, 4 
51288, 4, 4 
50737, 4, 4 
47732, 4, 4 
52734, 4, 4 
1253, 4, 4 
51337, 4, 4 
32976, 4, 4 
48558, 4, 4 
34389, 4, 4 
29606, 4, 4 
1653, 4, 4 
2129, 4, 4 
51657, 4, 4 
27588, 4, 4 
48961, 4, 4 
25484, 4, 4 
51255, 4, 4 
33925, 4, 4 
11124, 4, 4 
5755, 4, 4 
12618, 4, 4 
44275, 4, 4 
51170, 4, 4 
21541, 4, 4 
5046, 4, 4 
49092, 4, 4 
15141, 4, 4 
14064, 4, 4 
6101, 4, 4 
52682, 4, 4 
28599, 4, 4 
142, 4, 4 
34464, 4, 4 
10216, 4, 4 
52499, 4, 4 
18145, 4, 4 
49325, 4, 4 
25184, 4, 4 
32262, 4, 4 
48942, 4, 4 
2050, 4, 4 
17498, 4, 4 
1508, 4, 4 
52299, 4, 4 
25438, 4, 4 
16214, 4, 4 
20455, 4, 4 
49858, 4, 4 
33711, 4, 4 
19138, 4, 4 
53559, 4, 4 
56705, 4, 4 
6901, 4, 4 
12966, 4, 4 
3350, 4, 4 
48928, 4, 4 
43217, 4, 4 
24114, 4, 4 
25006, 4, 4 
9046, 4, 4 
3738, 4, 4 
18172, 5, 5 
4259, 5, 5 
40869, 5, 5 
8521, 5, 5 
21707, 5, 5 
36354, 5, 5 
58119, 5, 5 
7444, 5, 5 
407, 5, 5 
13284, 5, 5 
4475, 5, 5 
28570, 5, 5 
27154, 5, 5 
1997, 5, 5 
15071, 5, 5 
13602, 5, 5 
11966, 5, 5 
20598, 5, 5 
38678, 5, 5 
23861, 5, 5 
10782, 5, 5 
3401, 5, 5 
12137, 5, 5 
16733, 5, 5 
42334, 5, 5 
32023, 5, 5 
42337, 5, 5 
45052, 5, 5 
18594, 5, 5 
57793, 5, 5 
27845, 5, 5 
19301, 5, 5 
46073, 5, 5 
55060, 5, 5 
27176, 5, 5 
28057, 5, 5 
34877, 5, 5 
474, 5, 5 
55908, 5, 5 
58270, 5, 5 
37726, 5, 5 
41926, 5, 5 
16698, 5, 5 
27996, 5, 5 
35390, 5, 5 
12341, 5, 5 
26196, 5, 5 
18929, 5, 5 
16011, 5, 5 
24660, 5, 5 
12804, 5, 5 
35171, 5, 5 
35838, 5, 5 
1929, 5, 5 
17461, 5, 5 
26637, 5, 5 
13094, 5, 5 
26381, 5, 5 
8549, 5, 5 
53568, 5, 5 
51177, 5, 5 
6555, 5, 5 
57168, 5, 5 
29404, 5, 5 
27499, 5, 5 
4739, 5, 5 
44406, 5, 5 
24854, 5, 5 
49632, 5, 5 
29890, 5, 5 
49672, 5, 5 
41786, 5, 5 
10831, 5, 5 
11980, 5, 5 
19236, 5, 5 
55794, 5, 5 
34581, 5, 5 
2414, 5, 5 
38189, 5, 5 
34674, 5, 5 
23007, 5, 5 
58646, 5, 5 
12561, 5, 5 
31434, 5, 5 
40711, 5, 5 
23870, 5, 5 
31702, 5, 5 
40773, 5, 5 
14887, 5, 5 
56517, 5, 5 
39482, 5, 5 
6264, 5, 5 
40172, 5, 5 
41610, 5, 5 
44830, 5, 5 
22264, 5, 5 
43442, 5, 5 
19328, 5, 5 
32348, 5, 5 
43459, 5, 5 
12736, 5, 5 
20210, 5, 5 
28280, 5, 5 
7302, 5, 5 
55965, 5, 5 
18234, 5, 5 
36493, 5, 5 
28029, 5, 5 
13145, 5, 5 
43098, 5, 5 
57987, 5, 5 
47130, 5, 5 
5079, 5, 5 
34453, 5, 5 
40431, 5, 5 
11500, 5, 5 
54281, 5, 5 
50010, 5, 5 
57330, 5, 5 
3988, 5, 5 
32107, 5, 5 
38959, 5, 5 
44262, 5, 5 
49892, 5, 5 
36722, 5, 5 
10049, 5, 5 
49316, 5, 5 
5440, 5, 5 
7848, 5, 5 
33247, 5, 5 
26926, 5, 5 
58753, 5, 5 
23146, 5, 5 
2111, 5, 5 
51444, 5, 5 
19820, 5, 5 
25720, 5, 5 
45470, 5, 5 
2651, 5, 5 
56033, 5, 5 
45334, 5, 5 
42520, 5, 5 
51416, 5, 5 
2622, 5, 5 
10386, 5, 5 
59269, 5, 5 
2605, 5, 5 
39460, 5, 5 
53200, 5, 5 
44625, 5, 5 
55839, 5, 5 
28874, 5, 5 
20092, 5, 5 
16633, 5, 5 
50202, 5, 5 
19719, 5, 5 
18379, 5, 5 
46996, 5, 5 
47115, 5, 5 
34115, 5, 5 
38907, 5, 5 
57942, 5, 5 
43568, 5, 5 
59701, 5, 5 
34041, 5, 5 
960, 5, 5 
55396, 5, 5 
1024, 5, 5 
33138, 5, 5 
24473, 5, 5 
18897, 5, 5 
34114, 5, 5 
41548, 5, 5 
39526, 5, 5 
25762, 5, 5 
28360, 5, 5 
757, 5, 5 
10277, 5, 5 
15720, 5, 5 
49040, 5, 5 
15984, 5, 5 
49152, 5, 5 
39972, 5, 5 
14069, 5, 5 
12818, 5, 5 
59400, 5, 5 
39065, 5, 5 
47284, 5, 5 
4037, 5, 5 
56407, 5, 5 
51887, 5, 5 
33748, 5, 5 
55639, 5, 5 
26814, 5, 5 
33903, 5, 5 
22541, 5, 5 
8744, 5, 5 
7165, 5, 5 
38762, 5, 5 
58824, 5, 5 
13759, 6, 6 
53534, 6, 6 
27428, 6, 6 
43063, 6, 6 
59470, 6, 6 
40230, 6, 6 
41631, 6, 6 
25462, 6, 6 
13671, 6, 6 
38371, 6, 6 
59453, 6, 6 
42714, 6, 6 
41198, 6, 6 
56981, 6, 6 
50941, 6, 6 
57125, 6, 6 
54153, 6, 6 
34859, 6, 6 
48145, 6, 6 
33484, 6, 6 
11062, 6, 6 
8807, 6, 6 
45177, 6, 6 
55447, 6, 6 
49337, 6, 6 
25680, 6, 6 
32701, 6, 6 
37277, 6, 6 
19481, 6, 6 
14576, 6, 6 
54188, 6, 6 
44358, 6, 6 
37509, 6, 6 
23566, 6, 6 
59257, 6, 6 
27769, 6, 6 
12728, 6, 6 
31268, 6, 6 
53516, 6, 6 
24286, 6, 6 
22240, 6, 6 
1184, 6, 6 
7564, 6, 6 
5832, 6, 6 
54572, 6, 6 
11140, 6, 6 
10289, 6, 6 
36439, 6, 6 
3615, 6, 6 
33486, 6, 6 
42396, 6, 6 
11610, 6, 6 
42335, 6, 6 
29136, 6, 6 
10108, 6, 6 
26962, 6, 6 
27208, 6, 6 
31118, 6, 6 
42498, 6, 6 
48565, 6, 6 
7829, 6, 6 
38185, 6, 6 
274, 6, 6 
43035, 6, 6 
53336, 6, 6 
55754, 6, 6 
41346, 6, 6 
51276, 6, 6 
57846, 6, 6 
27655, 6, 6 
50402, 6, 6 
43925, 6, 6 
22975, 6, 6 
15985, 6, 6 
28400, 6, 6 
27275, 6, 6 
49827, 6, 6 
38192, 6, 6 
51386, 6, 6 
15043, 6, 6 
59877, 6, 6 
2516, 6, 6 
57802, 6, 6 
6800, 6, 6 
56251, 6, 6 
7202, 6, 6 
15591, 6, 6 
14848, 6, 6 
28162, 6, 6 
30971, 6, 6 
21565, 6, 6 
53198, 6, 6 
36810, 6, 6 
16768, 6, 6 
37236, 6, 6 
1159, 6, 6 
59540, 6, 6 
8206, 6, 6 
4770, 6, 6 
19946, 6, 6 
43589, 6, 6 
54823, 6, 6 
15159, 6, 6 
25963, 6, 6 
56845, 6, 6 
14418, 6, 6 
49060, 6, 6 
54788, 6, 6 
50073, 6, 6 
51232, 6, 6 
55372, 6, 6 
52626, 6, 6 
16410, 6, 6 
762, 6, 6 
57959, 6, 6 
4087, 6, 6 
48239, 6, 6 
37018, 6, 6 
26159, 6, 6 
12258, 6, 6 
29370, 6, 6 
25368, 6, 6 
44336, 6, 6 
9095, 6, 6 
1582, 6, 6 
17126, 6, 6 
3939, 6, 6 
15862, 6, 6 
28377, 6, 6 
6574, 6, 6 
21257, 6, 6 
24673, 6, 6 
54032, 6, 6 
3043, 6, 6 
2757, 6, 6 
5039, 6, 6 
58043, 6, 6 
24277, 6, 6 
23958, 6, 6 
4392, 6, 6 
51406, 6, 6 
32692, 6, 6 
17796, 6, 6 
41876, 6, 6 
58949, 6, 6 
5334, 6, 6 
48883, 6, 6 
1488, 6, 6 
32517, 6, 6 
41538, 6, 6 
37445, 6, 6 
59378, 6, 6 
38444, 6, 6 
50612, 6, 6 
2494, 6, 6 
44319, 6, 6 
28890, 6, 6 
8826, 6, 6 
7064, 6, 6 
2756, 6, 6 
15565, 6, 6 
30916, 6, 6 
21473, 6, 6 
36285, 6, 6 
7268, 6, 6 
22277, 6, 6 
41190, 6, 6 
2635, 6, 6 
11731, 6, 6 
54802, 6, 6 
24871, 6, 6 
36144, 6, 6 
39336, 6, 6 
49960, 6, 6 
5629, 6, 6 
40407, 6, 6 
50004, 6, 6 
59145, 6, 6 
41828, 6, 6 
54332, 6, 6 
33341, 6, 6 
7593, 6, 6 
28591, 6, 6 
59255, 6, 6 
15463, 6, 6 
20781, 6, 6 
48792, 6, 6 
26606, 6, 6 
12851, 6, 6 
48114, 6, 6 
204, 6, 6 
32325, 6, 6 
19916, 6, 6 
9280, 6, 6 
10294, 6, 6 
33513, 6, 6 
52768, 6, 6 
21918, 6, 6 
55226, 6, 6 
35687, 6, 6 
58959, 7, 7 
31671, 7, 7 
33515, 7, 7 
43307, 7, 7 
11789, 7, 7 
15718, 7, 7 
29491, 7, 7 
13355, 7, 7 
49491, 7, 7 
56873, 7, 7 
24705, 7, 7 
4995, 7, 7 
48709, 7, 7 
683, 7, 7 
37298, 7, 7 
2754, 7, 7 
46752, 7, 7 
44971, 7, 7 
16004, 7, 7 
41297, 7, 7 
14111, 7, 7 
44005, 7, 7 
40810, 7, 7 
58836, 7, 7 
31643, 7, 7 
55344, 7, 7 
7380, 7, 7 
38149, 7, 7 
53766, 7, 7 
6889, 7, 7 
46016, 7, 7 
26721, 7, 7 
48648, 7, 7 
58308, 7, 7 
31804, 7, 7 
10946, 7, 7 
35645, 7, 7 
47303, 7, 7 
981, 7, 7 
5407, 7, 7 
19379, 7, 7 
54135, 7, 7 
10474, 7, 7 
28314, 7, 7 
15037, 7, 7 
16557, 7, 7 
42928, 7, 7 
41532, 7, 7 
57692, 7, 7 
43313, 7, 7 
13786, 7, 7 
13599, 7, 7 
57380, 7, 7 
55084, 7, 7 
12599, 7, 7 
7331, 7, 7 
54106, 7, 7 
38017, 7, 7 
15689, 7, 7 
28542, 7, 7 
1833, 7, 7 
53183, 7, 7 
37146, 7, 7 
46429, 7, 7 
56794, 7, 7 
45382, 7, 7 
56780, 7, 7 
3059, 7, 7 
32861, 7, 7 
28201, 7, 7 
33196, 7, 7 
43584, 7, 7 
41450, 7, 7 
30659, 7, 7 
48736, 7, 7 
13637, 7, 7 
12478, 7, 7 
29432, 7, 7 
13515, 7, 7 
59842, 7, 7 
52196, 7, 7 
30259, 7, 7 
12865, 7, 7 
16324, 7, 7 
51335, 7, 7 
54072, 7, 7 
43710, 7, 7 
49531, 7, 7 
51429, 7, 7 
35102, 7, 7 
25481, 7, 7 
58901, 7, 7 
9373, 7, 7 
4116, 7, 7 
562, 7, 7 
53836, 7, 7 
32589, 7, 7 
27862, 7, 7 
32195, 7, 7 
42901, 7, 7 
34344, 7, 7 
52606, 7, 7 
26026, 7, 7 
36719, 7, 7 
23526, 7, 7 
25350, 7, 7 
8068, 7, 7 
9276, 7, 7 
9793, 7, 7 
26234, 7, 7 
17497, 7, 7 
24788, 7, 7 
53261, 7, 7 
45735, 7, 7 
33571, 7, 7 
28641, 7, 7 
38224, 7, 7 
22823, 7, 7 
43337, 7, 7 
56542, 7, 7 
883, 7, 7 
52937, 7, 7 
46151, 7, 7 
30924, 7, 7 
27714, 7, 7 
25161, 7, 7 
32629, 7, 7 
9660, 7, 7 
56121, 7, 7 
32347, 7, 7 
21816, 7, 7 
47613, 7, 7 
5068, 7, 7 
25727, 7, 7 
51477, 7, 7 
47511, 7, 7 
38857, 7, 7 
55425, 7, 7 
45257, 7, 7 
45521, 7, 7 
49301, 7, 7 
51034, 7, 7 
7525, 7, 7 
42528, 7, 7 
15954, 7, 7 
45314, 7, 7 
50129, 7, 7 
3253, 7, 7 
5089, 7, 7 
53779, 7, 7 
2027, 7, 7 
55210, 7, 7 
9905, 7, 7 
54940, 7, 7 
16935, 7, 7 
11616, 7, 7 
15168, 7, 7 
8910, 7, 7 
24372, 7, 7 
55603, 7, 7 
27485, 7, 7 
49257, 7, 7 
59740, 7, 7 
11798, 7, 7 
12678, 7, 7 
2161, 7, 7 
54732, 7, 7 
46156, 7, 7 
34807, 7, 7 
5953, 7, 7 
16672, 7, 7 
13767, 7, 7 
1208, 7, 7 
7255, 7, 7 
47844, 7, 7 
42772, 7, 7 
14460, 7, 7 
17373, 7, 7 
12273, 7, 7 
6878, 7, 7 
773, 7, 7 
27292, 7, 7 
48105, 7, 7 
26964, 7, 7 
46466, 7, 7 
2014, 7, 7 
8401, 7, 7 
22109, 7, 7 
13513, 7, 7 
48762, 7, 7 
5716, 7, 7 
15229, 7, 7 
53635, 7, 7 
47362, 7, 7 
43533, 7, 7 
48453, 7, 7 
52147, 7, 7 
14643, 7, 7 
53629, 7, 7 
1848, 7, 7 
23243, 8, 8 
51163, 8, 8 
18619, 8, 8 
14893, 8, 8 
37312, 8, 8 
56731, 8, 8 
46633, 8, 8 
5335, 8, 8 
57304, 8, 8 
36598, 8, 8 
25018, 8, 8 
29116, 8, 8 
50660, 8, 8 
29634, 8, 8 
49704, 8, 8 
20578, 8, 8 
54243, 8, 8 
39456, 8, 8 
30116, 8, 8 
58138, 8, 8 
23063, 8, 8 
34042, 8, 8 
38387, 8, 8 
5042, 8, 8 
16040, 8, 8 
23659, 8, 8 
46200, 8, 8 
53681, 8, 8 
23052, 8, 8 
16073, 8, 8 
2685, 8, 8 
38844, 8, 8 
42662, 8, 8 
55430, 8, 8 
29381, 8, 8 
52612, 8, 8 
15458, 8, 8 
51746, 8, 8 
44343, 8, 8 
37768, 8, 8 
55764, 8, 8 
6508, 8, 8 
12616, 8, 8 
21494, 8, 8 
33152, 8, 8 
36913, 8, 8 
55192, 8, 8 
21249, 8, 8 
12173, 8, 8 
27348, 8, 8 
54749, 8, 8 
11555, 8, 8 
28010, 8, 8 
17222, 8, 8 
3961, 8, 8 
21183, 8, 8 
52932, 8, 8 
34870, 8, 8 
40252, 8, 8 
53115, 8, 8 
3665, 8, 8 
56369, 8, 8 
48382, 8, 8 
52157, 8, 8 
49830, 8, 8 
8365, 8, 8 
42479, 8, 8 
14845, 8, 8 
15248, 8, 8 
7121, 8, 8 
26519, 8, 8 
31801, 8, 8 
50552, 8, 8 
55311, 8, 8 
28474, 8, 8 
37030, 8, 8 
44122, 8, 8 
52201, 8, 8 
43953, 8, 8 
42384, 8, 8 
16440, 8, 8 
55674, 8, 8 
16321, 8, 8 
15115, 8, 8 
6703, 8, 8 
52430, 8, 8 
30994, 8, 8 
21925, 8, 8 
50532, 8, 8 
29053, 8, 8 
3152, 8, 8 
55696, 8, 8 
26948, 8, 8 
34863, 8, 8 
9164, 8, 8 
28662, 8, 8 
33546, 8, 8 
24147, 8, 8 
36320, 8, 8 
31540, 8, 8 
57277, 8, 8 
41495, 8, 8 
37909, 8, 8 
35096, 8, 8 
15408, 8, 8 
51487, 8, 8 
54407, 8, 8 
11881, 8, 8 
22163, 8, 8 
39926, 8, 8 
19224, 8, 8 
40882, 8, 8 
16036, 8, 8 
29494, 8, 8 
59542, 8, 8 
41481, 8, 8 
9125, 8, 8 
58996, 8, 8 
23015, 8, 8 
33097, 8, 8 
6111, 8, 8 
923, 8, 8 
53786, 8, 8 
52067, 8, 8 
48002, 8, 8 
16964, 8, 8 
58915, 8, 8 
55534, 8, 8 
13960, 8, 8 
25262, 8, 8 
25710, 8, 8 
37755, 8, 8 
14908, 8, 8 
34011, 8, 8 
57090, 8, 8 
54757, 8, 8 
19358, 8, 8 
56623, 8, 8 
18239, 8, 8 
53809, 8, 8 
25275, 8, 8 
47635, 8, 8 
3497, 8, 8 
10446, 8, 8 
47387, 8, 8 
15258, 8, 8 
46519, 8, 8 
14665, 8, 8 
23702, 8, 8 
37342, 8, 8 
41327, 8, 8 
30661, 8, 8 
31630, 8, 8 
19460, 8, 8 
45103, 8, 8 
35018, 8, 8 
40016, 8, 8 
34510, 8, 8 
40437, 8, 8 
39092, 8, 8 
43900, 8, 8 
32206, 8, 8 
47074, 8, 8 
29751, 8, 8 
27918, 8, 8 
10981, 8, 8 
9661, 8, 8 
55234, 8, 8 
1777, 8, 8 
21926, 8, 8 
46405, 8, 8 
3872, 8, 8 
18478, 8, 8 
49051, 8, 8 
26385, 8, 8 
31273, 8, 8 
39764, 8, 8 
51243, 8, 8 
21656, 8, 8 
30568, 8, 8 
52469, 8, 8 
36727, 8, 8 
24498, 8, 8 
34900, 8, 8 
46226, 8, 8 
36387, 8, 8 
16135, 8, 8 
15424, 8, 8 
33452, 8, 8 
37406, 8, 8 
41973, 8, 8 
30621, 8, 8 
43250, 8, 8 
38849, 8, 8 
24677, 8, 8 
23717, 8, 8 
8619, 8, 8 
33539, 8, 8 
51504, 8, 8 
50342, 8, 8 
45244, 9, 9 
32410, 9, 9 
45440, 9, 9 
54449, 9, 9 
51334, 9, 9 
58804, 9, 9 
13996, 9, 9 
6438, 9, 9 
35676, 9, 9 
7805, 9, 9 
11499, 9, 9 
15601, 9, 9 
3121, 9, 9 
13805, 9, 9 
35724, 9, 9 
2953, 9, 9 
13034, 9, 9 
45247, 9, 9 
29390, 9, 9 
11196, 9, 9 
42808, 9, 9 
31652, 9, 9 
29861, 9, 9 
6100, 9, 9 
40997, 9, 9 
3346, 9, 9 
54139, 9, 9 
44104, 9, 9 
2274, 9, 9 
3519, 9, 9 
12280, 9, 9 
29165, 9, 9 
34818, 9, 9 
7006, 9, 9 
20750, 9, 9 
43174, 9, 9 
44915, 9, 9 
44044, 9, 9 
31767, 9, 9 
37934, 9, 9 
48964, 9, 9 
43183, 9, 9 
24538, 9, 9 
42516, 9, 9 
13949, 9, 9 
35374, 9, 9 
22338, 9, 9 
39227, 9, 9 
20164, 9, 9 
25247, 9, 9 
43114, 9, 9 
14240, 9, 9 
46814, 9, 9 
34598, 9, 9 
19577, 9, 9 
16253, 9, 9 
14217, 9, 9 
17758, 9, 9 
2471, 9, 9 
8356, 9, 9 
38153, 9, 9 
41924, 9, 9 
42209, 9, 9 
43001, 9, 9 
55539, 9, 9 
11150, 9, 9 
52258, 9, 9 
16877, 9, 9 
58242, 9, 9 
31783, 9, 9 
3398, 9, 9 
482, 9, 9 
49747, 9, 9 
487, 9, 9 
8220, 9, 9 
20900, 9, 9 
31326, 9, 9 
5044, 9, 9 
45174, 9, 9 
20241, 9, 9 
48157, 9, 9 
22433, 9, 9 
2633, 9, 9 
28113, 9, 9 
13362, 9, 9 
12096, 9, 9 
15837, 9, 9 
46660, 9, 9 
22655, 9, 9 
3173, 9, 9 
28051, 9, 9 
24494, 9, 9 
12629, 9, 9 
30469, 9, 9 
6294, 9, 9 
41982, 9, 9 
37206, 9, 9 
16853, 9, 9 
16967, 9, 9 
48429, 9, 9 
6969, 9, 9 
12301, 9, 9 
25652, 9, 9 
44083, 9, 9 
50746, 9, 9 
3414, 9, 9 
3044, 9, 9 
27383, 9, 9 
44001, 9, 9 
20126, 9, 9 
46353, 9, 9 
529, 9, 9 
11206, 9, 9 
30756, 9, 9 
56634, 9, 9 
2795, 9, 9 
21344, 9, 9 
36486, 9, 9 
34569, 9, 9 
54944, 9, 9 
7755, 9, 9 
5701, 9, 9 
10799, 9, 9 
23420, 9, 9 
39532, 9, 9 
50248, 9, 9 
54181, 9, 9 
42628, 9, 9 
46946, 9, 9 
980, 9, 9 
37265, 9, 9 
24319, 9, 9 
35068, 9, 9 
18027, 9, 9 
32891, 9, 9 
9893, 9, 9 
34491, 9, 9 
16934, 9, 9 
56464, 9, 9 
21774, 9, 9 
58608, 9, 9 
32904, 9, 9 
49003, 9, 9 
9469, 9, 9 
13982, 9, 9 
55131, 9, 9 
10819, 9, 9 
5106, 9, 9 
2331, 9, 9 
7200, 9, 9 
22765, 9, 9 
22597, 9, 9 
41768, 9, 9 
2924, 9, 9 
25664, 9, 9 
30825, 9, 9 
37115, 9, 9 
9265, 9, 9 
40522, 9, 9 
26405, 9, 9 
8238, 9, 9 
764, 9, 9 
42524, 9, 9 
9846, 9, 9 
4025, 9, 9 
14744, 9, 9 
43365, 9, 9 
23673, 9, 9 
24263, 9, 9 
42542, 9, 9 
24194, 9, 9 
32342, 9, 9 
30277, 9, 9 
44022, 9, 9 
43966, 9, 9 
11096, 9, 9 
51470, 9, 9 
49599, 9, 9 
45864, 9, 9 
24891, 9, 9 
2033, 9, 9 
20692, 9, 9 
31809, 9, 9 
1462, 9, 9 
14358, 9, 9 
34739, 9, 9 
3063, 9, 9 
53010, 9, 9 
31896, 9, 9 
14365, 9, 9 
30517, 9, 9 
36477, 9, 9 
23880, 9, 9 
48927, 9, 9 
5125, 9, 9 
54451, 9, 9 
10374, 9, 9 
9791, 9, 9 
38312, 9, 9 
37873, 9, 9 
