id, true label, predicted label 
26184, 0, 0 
33003, 0, 0 
40303, 0, 0 
30119, 0, 0 
42610, 0, 0 
50042, 0, 0 
22159, 0, 0 
38025, 0, 0 
10439, 0, 0 
46723, 0, 0 
58285, 0, 0 
4653, 0, 0 
1386, 0, 0 
15103, 0, 0 
3698, 0, 0 
25952, 0, 0 
45021, 0, 0 
14722, 0, 0 
8000, 0, 0 
10747, 0, 0 
29039, 0, 0 
29101, 0, 0 
21523, 0, 0 
11846, 0, 0 
30948, 0, 0 
32184, 0, 0 
9922, 0, 0 
59043, 0, 0 
3016, 0, 0 
7597, 0, 0 
42720, 0, 0 
12765, 0, 0 
15904, 0, 0 
45145, 0, 0 
4325, 0, 0 
1682, 0, 0 
19871, 0, 0 
28486, 0, 0 
29478, 0, 0 
11860, 0, 0 
19419, 0, 0 
440, 0, 0 
53536, 0, 0 
46446, 0, 0 
2770, 0, 0 
39906, 0, 0 
23882, 0, 0 
9742, 0, 0 
35209, 0, 0 
56989, 0, 0 
22932, 0, 0 
19857, 0, 0 
48613, 0, 0 
52995, 0, 0 
45386, 0, 0 
17210, 0, 0 
12264, 0, 0 
18029, 0, 0 
5622, 0, 0 
18132, 0, 0 
2826, 0, 0 
18295, 0, 0 
25252, 0, 0 
2257, 0, 0 
35971, 0, 0 
26475, 0, 0 
1532, 0, 0 
28165, 0, 0 
1664, 0, 0 
18273, 0, 0 
23367, 0, 0 
30246, 0, 0 
21506, 0, 0 
50637, 0, 0 
10992, 0, 0 
41557, 0, 0 
53575, 0, 0 
25921, 0, 0 
57769, 0, 0 
27082, 0, 0 
13911, 0, 0 
55030, 0, 0 
24429, 0, 0 
5692, 0, 0 
11559, 0, 0 
16585, 0, 0 
7835, 0, 0 
54685, 0, 0 
5884, 0, 0 
39800, 0, 0 
37937, 0, 0 
19038, 0, 0 
34854, 0, 0 
10069, 0, 0 
524, 0, 0 
21910, 0, 0 
51466, 0, 0 
952, 0, 0 
37708, 0, 0 
21766, 0, 0 
3667, 0, 0 
49894, 0, 0 
5244, 0, 0 
35217, 0, 0 
7038, 0, 0 
47073, 0, 0 
12555, 0, 0 
17741, 0, 0 
30699, 0, 0 
11654, 0, 0 
42623, 0, 0 
33641, 0, 0 
55246, 0, 0 
13830, 0, 0 
47696, 0, 0 
49463, 0, 0 
56, 0, 0 
28044, 0, 0 
58609, 0, 0 
50654, 0, 0 
36412, 0, 0 
5665, 0, 0 
43685, 0, 0 
29860, 0, 0 
28203, 0, 0 
29750, 0, 0 
43443, 0, 0 
18509, 0, 0 
25024, 0, 0 
20681, 0, 0 
2396, 0, 0 
34639, 0, 0 
42732, 0, 0 
49974, 0, 0 
51978, 0, 0 
11116, 0, 0 
28076, 0, 0 
54089, 0, 0 
46653, 0, 0 
12796, 0, 0 
32274, 0, 0 
56450, 0, 0 
53353, 0, 0 
54812, 0, 0 
59342, 0, 0 
4744, 0, 0 
28772, 0, 0 
34511, 0, 0 
7286, 0, 0 
9505, 0, 0 
25518, 0, 0 
55907, 0, 0 
34486, 0, 0 
39207, 0, 0 
36241, 0, 0 
41556, 0, 0 
52429, 0, 0 
49150, 0, 0 
17603, 0, 0 
59704, 0, 0 
10005, 0, 0 
48807, 0, 0 
59078, 0, 0 
5978, 0, 0 
11945, 0, 0 
9691, 0, 0 
32568, 0, 0 
8309, 0, 0 
9439, 0, 0 
8116, 0, 0 
58973, 0, 0 
42637, 0, 0 
35775, 0, 0 
33157, 0, 0 
30409, 0, 0 
10705, 0, 0 
14034, 0, 0 
30484, 0, 0 
47190, 0, 0 
24245, 0, 0 
12533, 0, 0 
7451, 0, 0 
47294, 0, 0 
35639, 0, 0 
21403, 0, 0 
53670, 0, 0 
4374, 0, 0 
35243, 0, 0 
8877, 0, 0 
16803, 0, 0 
24681, 0, 0 
41108, 0, 0 
13955, 0, 0 
41837, 0, 0 
52185, 0, 0 
30388, 0, 0 
15704, 0, 0 
53195, 0, 0 
55646, 0, 0 
22634, 0, 0 
53966, 1, 1 
25202, 1, 1 
36071, 1, 1 
32986, 1, 1 
56338, 1, 1 
34426, 1, 1 
15277, 1, 1 
5483, 1, 1 
18870, 1, 1 
54886, 1, 1 
38764, 1, 1 
56099, 1, 1 
8452, 1, 1 
34542, 1, 1 
55596, 1, 1 
30628, 1, 1 
47672, 1, 1 
31592, 1, 1 
11057, 1, 1 
37354, 1, 1 
12310, 1, 1 
44093, 1, 1 
56470, 1, 1 
33902, 1, 1 
7921, 1, 1 
33110, 1, 1 
43879, 1, 1 
59713, 1, 1 
31864, 1, 1 
28394, 1, 1 
5428, 1, 1 
5484, 1, 1 
45075, 1, 1 
26087, 1, 1 
39444, 1, 1 
47668, 1, 1 
37200, 1, 1 
33918, 1, 1 
43490, 1, 1 
13140, 1, 1 
113, 1, 1 
30148, 1, 1 
10169, 1, 1 
9653, 1, 1 
35698, 1, 1 
22120, 1, 1 
59354, 1, 1 
59849, 1, 1 
20194, 1, 1 
7039, 1, 1 
29347, 1, 1 
27329, 1, 1 
4976, 1, 1 
40181, 1, 1 
3406, 1, 1 
27068, 1, 1 
29288, 1, 1 
10712, 1, 1 
993, 1, 1 
13630, 1, 1 
23665, 1, 1 
46913, 1, 1 
43017, 1, 1 
30404, 1, 1 
8660, 1, 1 
35900, 1, 1 
45900, 1, 1 
1211, 1, 1 
31406, 1, 1 
49612, 1, 1 
43197, 1, 1 
22926, 1, 1 
11143, 1, 1 
53448, 1, 1 
16960, 1, 1 
51784, 1, 1 
47054, 1, 1 
6365, 1, 1 
36442, 1, 1 
710, 1, 1 
21394, 1, 1 
24020, 1, 1 
27300, 1, 1 
174, 1, 1 
573, 1, 1 
13129, 1, 1 
59419, 1, 1 
59060, 1, 1 
18293, 1, 1 
49610, 1, 1 
6165, 1, 1 
200, 1, 1 
52376, 1, 1 
44047, 1, 1 
36297, 1, 1 
42015, 1, 1 
15999, 1, 1 
30053, 1, 1 
46142, 1, 1 
16458, 1, 1 
42765, 1, 1 
19674, 1, 1 
3962, 1, 1 
21839, 1, 1 
32365, 1, 1 
50465, 1, 1 
25394, 1, 1 
58935, 1, 1 
38724, 1, 1 
14181, 1, 1 
33394, 1, 1 
30031, 1, 1 
30210, 1, 1 
57830, 1, 1 
54557, 1, 1 
7105, 1, 1 
42316, 1, 1 
23511, 1, 1 
366, 1, 1 
38415, 1, 1 
15073, 1, 1 
17599, 1, 1 
45204, 1, 1 
9815, 1, 1 
10926, 1, 1 
39084, 1, 1 
18016, 1, 1 
5500, 1, 1 
46954, 1, 1 
48989, 1, 1 
21401, 1, 1 
24900, 1, 1 
27410, 1, 1 
38027, 1, 1 
44242, 1, 1 
18468, 1, 1 
34754, 1, 1 
57775, 1, 1 
35168, 1, 1 
15240, 1, 1 
35862, 1, 1 
44966, 1, 1 
23756, 1, 1 
37828, 1, 1 
22214, 1, 1 
11579, 1, 1 
3045, 1, 1 
52627, 1, 1 
8987, 1, 1 
51250, 1, 1 
46583, 1, 1 
44031, 1, 1 
42657, 1, 1 
40735, 1, 1 
55901, 1, 1 
15020, 1, 1 
39441, 1, 1 
47097, 1, 1 
7834, 1, 1 
50918, 1, 1 
3, 1, 1 
19830, 1, 1 
35414, 1, 1 
8760, 1, 1 
7671, 1, 1 
406, 1, 1 
44125, 1, 1 
4504, 1, 1 
56537, 1, 1 
8984, 1, 1 
9622, 1, 1 
14874, 1, 1 
40724, 1, 1 
6511, 1, 1 
36711, 1, 1 
23413, 1, 1 
46679, 1, 1 
52780, 1, 1 
49154, 1, 1 
26539, 1, 1 
22325, 1, 1 
2623, 1, 1 
3878, 1, 1 
17351, 1, 1 
47108, 1, 1 
34272, 1, 1 
57797, 1, 1 
16468, 1, 1 
32486, 1, 1 
56273, 1, 1 
13006, 1, 1 
6186, 1, 1 
35370, 1, 1 
2907, 1, 1 
18760, 1, 1 
45541, 1, 1 
51772, 1, 1 
17669, 1, 1 
16906, 1, 1 
17028, 1, 1 
46364, 2, 2 
42918, 2, 2 
47883, 2, 2 
23058, 2, 2 
21813, 2, 2 
20981, 2, 2 
7005, 2, 2 
15228, 2, 2 
53890, 2, 2 
10317, 2, 2 
4550, 2, 2 
50986, 2, 2 
50802, 2, 2 
2813, 2, 2 
13015, 2, 2 
34643, 2, 2 
34606, 2, 2 
38381, 2, 2 
18300, 2, 2 
8292, 2, 2 
29401, 2, 2 
27186, 2, 2 
48158, 2, 2 
40900, 2, 2 
16479, 2, 2 
24513, 2, 2 
35483, 2, 2 
20028, 2, 2 
49231, 2, 2 
3064, 2, 2 
29716, 2, 2 
50105, 2, 2 
12481, 2, 2 
22807, 2, 2 
18395, 2, 2 
39688, 2, 2 
41581, 2, 2 
8058, 2, 2 
19444, 2, 2 
17047, 2, 2 
59223, 2, 2 
42654, 2, 2 
6780, 2, 2 
58572, 2, 2 
47235, 2, 2 
38127, 2, 2 
34202, 2, 2 
56355, 2, 2 
9604, 2, 2 
8691, 2, 2 
13761, 2, 2 
39914, 2, 2 
29674, 2, 2 
23610, 2, 2 
25507, 2, 2 
9098, 2, 3 
1800, 2, 2 
3890, 2, 2 
45378, 2, 2 
56403, 2, 2 
42887, 2, 2 
1629, 2, 2 
39022, 2, 2 
51580, 2, 2 
37646, 2, 2 
52938, 2, 2 
22177, 2, 2 
37145, 2, 2 
41417, 2, 2 
36229, 2, 2 
45332, 2, 2 
42734, 2, 2 
58910, 2, 2 
27598, 2, 2 
21652, 2, 2 
50441, 2, 2 
54306, 2, 2 
29904, 2, 2 
18206, 2, 2 
55149, 2, 2 
26221, 2, 2 
15853, 2, 2 
10368, 2, 2 
16328, 2, 2 
11531, 2, 2 
58929, 2, 2 
9169, 2, 2 
28684, 2, 2 
23826, 2, 2 
18748, 2, 2 
48822, 2, 2 
13910, 2, 2 
52547, 2, 2 
37296, 2, 2 
22446, 2, 2 
20959, 2, 2 
2513, 2, 2 
43768, 2, 2 
18632, 2, 2 
35240, 2, 2 
1033, 2, 2 
6478, 2, 2 
10321, 2, 2 
30997, 2, 2 
16361, 2, 2 
47973, 2, 2 
8372, 2, 2 
12860, 2, 2 
40949, 2, 2 
59734, 2, 2 
56821, 2, 2 
17927, 2, 2 
32170, 2, 2 
50748, 2, 2 
44541, 2, 2 
29106, 2, 2 
28140, 2, 2 
5890, 2, 2 
58783, 2, 2 
35630, 2, 2 
42799, 2, 2 
37157, 2, 2 
14517, 2, 2 
30580, 2, 2 
8743, 2, 2 
26690, 2, 2 
35832, 2, 2 
59819, 2, 2 
19963, 2, 2 
19568, 2, 2 
14043, 2, 2 
18780, 2, 2 
10526, 2, 2 
57377, 2, 2 
4182, 2, 2 
14005, 2, 2 
23117, 2, 2 
7653, 2, 2 
2641, 2, 2 
25902, 2, 2 
35835, 2, 2 
35492, 2, 2 
6811, 2, 2 
16812, 2, 2 
39296, 2, 2 
37526, 2, 2 
50826, 2, 2 
30443, 2, 2 
44672, 2, 2 
58476, 2, 2 
9923, 2, 2 
50052, 2, 2 
32918, 2, 2 
9179, 2, 2 
30881, 2, 2 
39772, 2, 2 
26927, 2, 2 
9333, 2, 2 
38356, 2, 2 
391, 2, 2 
5345, 2, 2 
57104, 2, 2 
31454, 2, 2 
33881, 2, 2 
33469, 2, 3 
37668, 2, 2 
2733, 2, 2 
45096, 2, 2 
33197, 2, 2 
39398, 2, 2 
16108, 2, 2 
51398, 2, 2 
10117, 2, 2 
18394, 2, 2 
18361, 2, 2 
50669, 2, 2 
8390, 2, 2 
30317, 2, 2 
45698, 2, 2 
32545, 2, 2 
26577, 2, 2 
7140, 2, 2 
49363, 2, 2 
41702, 2, 2 
1900, 2, 2 
21674, 2, 2 
7395, 2, 2 
24182, 2, 2 
12461, 2, 2 
46162, 2, 2 
41421, 2, 2 
8749, 2, 2 
43642, 2, 2 
17892, 2, 2 
53017, 2, 2 
56508, 2, 2 
57910, 2, 2 
7654, 2, 2 
47922, 2, 2 
55935, 2, 2 
55093, 3, 3 
32031, 3, 3 
38927, 3, 3 
16411, 3, 3 
19222, 3, 3 
4359, 3, 3 
59825, 3, 3 
52385, 3, 3 
57488, 3, 3 
46674, 3, 3 
27167, 3, 3 
25882, 3, 3 
2536, 3, 3 
16156, 3, 3 
26744, 3, 3 
28716, 3, 3 
14864, 3, 3 
22092, 3, 3 
37085, 3, 3 
35504, 3, 3 
17929, 3, 3 
54140, 3, 3 
55488, 3, 3 
2275, 3, 3 
39696, 3, 3 
39100, 3, 3 
12244, 3, 3 
59891, 3, 3 
38989, 3, 3 
29483, 3, 3 
24531, 3, 3 
181, 3, 3 
37517, 3, 3 
42930, 3, 3 
1644, 3, 3 
16529, 3, 3 
58620, 3, 3 
24205, 3, 3 
44157, 3, 3 
27420, 3, 3 
48978, 3, 3 
27172, 3, 3 
42203, 3, 3 
40962, 3, 3 
53402, 3, 3 
21381, 3, 3 
50401, 3, 3 
28418, 3, 3 
5088, 3, 3 
33500, 3, 3 
53595, 3, 3 
27930, 3, 3 
17754, 3, 3 
32794, 3, 3 
40055, 3, 3 
2127, 3, 3 
40926, 3, 3 
17105, 3, 3 
21866, 3, 3 
23206, 3, 3 
19368, 3, 3 
32106, 3, 3 
14410, 3, 3 
2705, 3, 3 
26433, 3, 3 
51092, 3, 3 
52027, 3, 3 
59930, 3, 3 
21129, 3, 3 
15052, 3, 3 
37082, 3, 3 
37439, 3, 3 
57765, 3, 3 
59383, 3, 3 
58602, 3, 3 
18965, 3, 3 
45848, 3, 3 
57004, 3, 3 
26448, 3, 3 
11705, 3, 3 
53803, 3, 3 
52790, 3, 3 
56474, 3, 3 
53527, 3, 3 
47605, 3, 3 
19101, 3, 3 
24868, 3, 3 
38129, 3, 3 
11539, 3, 3 
17227, 3, 3 
15292, 3, 3 
31201, 3, 3 
23747, 3, 3 
13579, 3, 3 
15947, 3, 3 
23373, 3, 3 
58503, 3, 3 
43252, 3, 3 
31989, 3, 3 
39744, 3, 3 
54568, 3, 3 
50260, 3, 3 
45878, 3, 3 
7878, 3, 3 
11693, 3, 3 
52702, 3, 3 
21515, 3, 3 
29182, 3, 3 
22536, 3, 3 
11296, 3, 3 
46354, 3, 3 
40763, 3, 3 
2029, 3, 3 
44312, 3, 3 
56207, 3, 3 
14533, 3, 3 
24906, 3, 3 
40404, 3, 3 
20926, 3, 3 
29014, 3, 3 
47140, 3, 3 
30265, 3, 3 
2541, 3, 3 
47689, 3, 3 
22003, 3, 3 
41632, 3, 3 
44380, 3, 3 
54126, 3, 3 
13445, 3, 3 
38166, 3, 3 
45814, 3, 3 
37309, 3, 3 
16190, 3, 3 
39884, 3, 3 
8246, 3, 3 
44181, 3, 3 
56191, 3, 3 
54084, 3, 3 
43080, 3, 3 
19238, 3, 3 
36093, 3, 3 
16344, 3, 3 
12933, 3, 3 
35231, 3, 3 
44575, 3, 3 
27214, 3, 3 
15656, 3, 3 
49081, 3, 3 
752, 3, 3 
21690, 3, 3 
45911, 3, 3 
57424, 3, 3 
12044, 3, 3 
54402, 3, 3 
46208, 3, 3 
1218, 3, 3 
39900, 3, 3 
22496, 3, 3 
26171, 3, 3 
55688, 3, 3 
37913, 3, 3 
46465, 3, 3 
50340, 3, 3 
28431, 3, 3 
10329, 3, 3 
17207, 3, 3 
10518, 3, 3 
46269, 3, 3 
30251, 3, 3 
55038, 3, 3 
56871, 3, 3 
36709, 3, 3 
24125, 3, 3 
46899, 3, 3 
3835, 3, 3 
38451, 3, 3 
49122, 3, 3 
48499, 3, 3 
29528, 3, 3 
30159, 3, 3 
32786, 3, 3 
9037, 3, 3 
37250, 3, 3 
54357, 3, 3 
22231, 3, 3 
11083, 3, 3 
54658, 3, 3 
51903, 3, 3 
33917, 3, 3 
57171, 3, 3 
2130, 3, 3 
4262, 3, 3 
55091, 3, 3 
5412, 3, 3 
29353, 3, 3 
7600, 3, 3 
17911, 3, 3 
24338, 3, 3 
18527, 3, 3 
18796, 3, 3 
24506, 4, 4 
30792, 4, 4 
35584, 4, 4 
56484, 4, 4 
32911, 4, 4 
39638, 4, 4 
57915, 4, 4 
26599, 4, 4 
32761, 4, 4 
45191, 4, 4 
40842, 4, 4 
49513, 4, 4 
38906, 4, 4 
3157, 4, 4 
58634, 4, 4 
10191, 4, 4 
47558, 4, 4 
39809, 4, 4 
20813, 4, 4 
38919, 4, 4 
10175, 4, 4 
35626, 4, 4 
52308, 4, 4 
18601, 4, 4 
50599, 4, 4 
2808, 4, 4 
45788, 4, 4 
52417, 4, 4 
53476, 4, 4 
49753, 4, 4 
20110, 4, 4 
56094, 4, 4 
15161, 4, 4 
45278, 4, 4 
31872, 4, 4 
56293, 4, 4 
34424, 4, 4 
10303, 4, 4 
5636, 4, 4 
44332, 4, 4 
35840, 4, 4 
47293, 4, 4 
19121, 4, 4 
35229, 4, 4 
9741, 4, 4 
54156, 4, 4 
3984, 4, 4 
21503, 4, 4 
59852, 4, 4 
41569, 4, 4 
8583, 4, 4 
17182, 4, 4 
7319, 4, 4 
35879, 4, 4 
37794, 4, 4 
24334, 4, 4 
9718, 4, 4 
51202, 4, 4 
32213, 4, 4 
50267, 4, 4 
58208, 4, 4 
28217, 4, 4 
33554, 4, 4 
4768, 4, 4 
51225, 4, 4 
8415, 4, 4 
54672, 4, 4 
44091, 4, 4 
30868, 4, 4 
46624, 4, 4 
20169, 4, 4 
38316, 4, 4 
40903, 4, 4 
32188, 4, 4 
49937, 4, 4 
46172, 4, 4 
45860, 4, 4 
30321, 4, 4 
57892, 4, 4 
4633, 4, 4 
14788, 4, 4 
14067, 4, 4 
22544, 4, 4 
55328, 4, 4 
41166, 4, 4 
5490, 4, 4 
36630, 4, 4 
34507, 4, 4 
42812, 4, 4 
32182, 4, 4 
21777, 4, 4 
55676, 4, 4 
12779, 4, 4 
18026, 4, 4 
3278, 4, 4 
55285, 4, 4 
3260, 4, 4 
50339, 4, 4 
5175, 4, 4 
6901, 4, 4 
59759, 4, 4 
36552, 4, 4 
13650, 4, 4 
14947, 4, 4 
41426, 4, 4 
33991, 4, 4 
54814, 4, 4 
13363, 4, 4 
32020, 4, 4 
5356, 4, 4 
34035, 4, 4 
54960, 4, 4 
50583, 4, 4 
24511, 4, 4 
57382, 4, 4 
46766, 4, 4 
11624, 4, 4 
53295, 4, 4 
23306, 4, 4 
9189, 4, 4 
24340, 4, 4 
27686, 4, 4 
48198, 4, 4 
43634, 4, 4 
14882, 4, 4 
30272, 4, 4 
11988, 4, 4 
55788, 4, 4 
991, 4, 4 
2799, 4, 4 
45485, 4, 4 
55529, 4, 4 
43604, 4, 4 
37372, 4, 4 
8950, 4, 4 
42973, 4, 4 
1448, 4, 4 
8755, 4, 4 
2420, 4, 4 
19299, 4, 4 
38111, 4, 4 
25760, 4, 4 
44937, 4, 4 
39943, 4, 4 
52140, 4, 4 
2874, 4, 4 
47211, 4, 4 
15604, 4, 4 
13653, 4, 4 
44530, 4, 4 
26963, 4, 4 
59881, 4, 4 
40846, 4, 4 
28866, 4, 4 
30151, 4, 4 
35686, 4, 4 
2176, 4, 4 
35078, 4, 4 
47044, 4, 4 
16863, 4, 4 
23199, 4, 4 
32558, 4, 4 
47744, 4, 4 
32769, 4, 4 
14156, 4, 4 
4252, 4, 4 
5401, 4, 4 
27514, 4, 4 
41981, 4, 4 
14602, 4, 4 
37516, 4, 4 
36940, 4, 4 
14188, 4, 4 
57155, 4, 4 
18589, 4, 4 
18088, 4, 4 
11930, 4, 4 
48120, 4, 4 
25053, 4, 4 
5450, 4, 4 
37339, 4, 4 
25401, 4, 4 
5720, 4, 4 
38052, 4, 4 
8874, 4, 4 
31090, 4, 4 
2204, 4, 4 
9632, 4, 4 
18365, 4, 4 
50466, 4, 4 
3716, 4, 4 
52457, 4, 4 
33509, 4, 4 
23187, 4, 4 
36174, 4, 4 
34545, 4, 4 
54046, 4, 4 
3838, 4, 4 
38622, 4, 4 
54197, 4, 4 
13663, 5, 5 
3419, 5, 5 
38019, 5, 5 
39460, 5, 5 
35171, 5, 5 
21902, 5, 5 
50662, 5, 5 
34602, 5, 5 
24235, 5, 5 
51963, 5, 5 
19944, 5, 5 
53046, 5, 5 
47412, 5, 5 
8434, 5, 5 
22679, 5, 5 
47845, 5, 5 
13602, 5, 5 
57461, 5, 5 
3859, 5, 5 
30817, 5, 5 
51679, 5, 5 
36804, 5, 5 
19364, 5, 5 
44819, 5, 5 
44383, 5, 5 
53920, 5, 5 
40133, 5, 5 
54015, 5, 5 
5526, 5, 5 
38433, 5, 5 
44381, 5, 5 
37031, 5, 5 
35420, 5, 5 
30761, 5, 5 
45547, 5, 5 
26538, 5, 5 
32156, 5, 5 
42407, 5, 5 
59923, 5, 5 
13387, 5, 5 
42049, 5, 5 
55055, 5, 5 
31979, 5, 5 
22907, 5, 5 
57812, 5, 5 
37864, 5, 5 
52896, 5, 5 
1670, 5, 5 
832, 5, 5 
5255, 5, 5 
28477, 5, 5 
21956, 5, 5 
26655, 5, 5 
27154, 5, 5 
13321, 5, 5 
44235, 5, 5 
35029, 5, 5 
39625, 5, 5 
21678, 5, 5 
12804, 5, 5 
43587, 5, 5 
41263, 5, 5 
36495, 5, 5 
35187, 5, 5 
8646, 5, 5 
29892, 5, 5 
49684, 5, 5 
35133, 5, 5 
26607, 5, 5 
7068, 5, 5 
23264, 5, 5 
14074, 5, 5 
59377, 5, 5 
33537, 5, 5 
40824, 5, 5 
20428, 5, 5 
36579, 5, 5 
35570, 5, 5 
54002, 5, 5 
26901, 5, 5 
41951, 5, 5 
9232, 5, 5 
4192, 5, 5 
56939, 5, 5 
25423, 5, 5 
30132, 5, 5 
3539, 5, 5 
25075, 5, 5 
48905, 5, 5 
13659, 5, 5 
36028, 5, 5 
25840, 5, 5 
15767, 5, 5 
47949, 5, 5 
31687, 5, 5 
53244, 5, 5 
53794, 5, 5 
4007, 5, 5 
7739, 5, 5 
40431, 5, 5 
58740, 5, 5 
52399, 5, 5 
13021, 5, 5 
39473, 5, 5 
25603, 5, 5 
27408, 5, 5 
13591, 5, 5 
10400, 5, 5 
27452, 5, 5 
12572, 5, 5 
18875, 5, 5 
514, 5, 5 
15579, 5, 5 
9163, 5, 5 
20534, 5, 5 
13594, 5, 5 
41522, 5, 5 
48644, 5, 5 
57662, 5, 5 
21371, 5, 5 
2857, 5, 5 
47757, 5, 5 
13394, 5, 5 
4590, 5, 5 
11486, 5, 5 
56363, 5, 5 
58930, 5, 5 
18172, 5, 5 
3525, 5, 5 
58663, 5, 5 
16603, 5, 5 
49316, 5, 5 
39562, 5, 5 
56566, 5, 5 
22647, 5, 5 
53410, 5, 5 
39271, 5, 5 
49460, 5, 5 
52131, 5, 5 
12898, 5, 5 
33811, 5, 5 
57926, 5, 5 
46019, 5, 5 
57462, 5, 5 
31402, 5, 5 
32090, 5, 5 
36437, 5, 5 
31615, 5, 5 
45924, 5, 5 
54044, 5, 5 
12714, 5, 5 
35799, 5, 5 
49581, 5, 5 
59584, 5, 5 
58824, 5, 5 
2461, 5, 5 
48440, 5, 5 
4376, 5, 5 
47646, 5, 5 
6646, 5, 5 
22650, 5, 5 
39253, 5, 5 
37820, 5, 5 
2928, 5, 5 
41016, 5, 5 
59278, 5, 5 
46453, 5, 5 
1433, 5, 5 
39381, 5, 5 
14122, 5, 5 
9344, 5, 5 
3188, 5, 5 
57942, 5, 5 
100, 5, 5 
32254, 5, 5 
44810, 5, 5 
24864, 5, 5 
14218, 5, 5 
19035, 5, 5 
40255, 5, 5 
36381, 5, 5 
1587, 5, 5 
35151, 5, 5 
27656, 5, 5 
44987, 5, 5 
29384, 5, 5 
50422, 5, 5 
47081, 5, 5 
24820, 5, 5 
40623, 5, 5 
748, 5, 5 
16072, 5, 5 
12358, 5, 5 
31921, 5, 5 
20837, 5, 5 
3401, 5, 5 
43603, 5, 5 
32567, 5, 5 
15315, 5, 5 
49428, 5, 5 
28497, 6, 6 
8846, 6, 6 
12469, 6, 6 
50622, 6, 6 
39188, 6, 6 
43498, 6, 6 
12270, 6, 6 
36310, 6, 6 
38661, 6, 6 
36714, 6, 6 
21764, 6, 6 
42370, 6, 6 
38172, 6, 6 
2657, 6, 6 
10550, 6, 6 
12410, 6, 6 
29454, 6, 6 
55458, 6, 6 
15088, 6, 6 
8326, 6, 6 
46131, 6, 6 
8774, 6, 6 
34924, 6, 6 
37256, 6, 6 
5179, 6, 6 
52859, 6, 6 
14492, 6, 6 
2487, 6, 6 
11691, 6, 6 
51438, 6, 6 
24016, 6, 6 
26819, 6, 6 
10076, 6, 6 
50934, 6, 6 
8076, 6, 6 
5405, 6, 6 
44817, 6, 6 
34648, 6, 6 
51518, 6, 6 
58686, 6, 6 
42922, 6, 6 
38885, 6, 6 
6721, 6, 6 
9120, 6, 6 
41380, 6, 6 
38299, 6, 6 
23593, 6, 6 
21337, 6, 6 
36416, 6, 6 
43620, 6, 6 
1898, 6, 6 
41361, 6, 6 
10032, 6, 6 
50818, 6, 6 
56144, 6, 6 
7291, 6, 6 
23765, 6, 6 
56727, 6, 6 
29048, 6, 6 
14671, 6, 6 
19002, 6, 6 
1671, 6, 6 
9921, 6, 6 
49233, 6, 6 
14377, 6, 6 
17014, 6, 6 
48539, 6, 6 
3245, 6, 6 
12090, 6, 6 
16648, 6, 6 
10356, 6, 6 
15714, 6, 6 
32240, 6, 6 
52578, 6, 6 
50058, 6, 6 
59493, 6, 6 
2494, 6, 6 
53798, 6, 6 
33318, 6, 6 
23236, 6, 6 
28397, 6, 6 
955, 6, 6 
5780, 6, 6 
35734, 6, 6 
41134, 6, 6 
17524, 6, 6 
9760, 6, 6 
34024, 6, 6 
35886, 6, 6 
39947, 6, 6 
57719, 6, 6 
57213, 6, 6 
44309, 6, 6 
7504, 6, 6 
44644, 6, 6 
13167, 6, 6 
5848, 6, 6 
52145, 6, 6 
41974, 6, 6 
12509, 6, 6 
39045, 6, 6 
53277, 6, 6 
6541, 6, 6 
28152, 6, 6 
17619, 6, 6 
1515, 6, 6 
38032, 6, 6 
2923, 6, 6 
18428, 6, 6 
7571, 6, 6 
2242, 6, 6 
18667, 6, 6 
26900, 6, 6 
6975, 6, 6 
20637, 6, 6 
50165, 6, 6 
43589, 6, 6 
56736, 6, 6 
30350, 6, 6 
7641, 6, 6 
8410, 6, 6 
58329, 6, 6 
52233, 6, 6 
21941, 6, 6 
25077, 6, 6 
47376, 6, 6 
46382, 6, 6 
35419, 6, 6 
16102, 6, 6 
31411, 6, 6 
23622, 6, 6 
45448, 6, 6 
56811, 6, 6 
1466, 6, 6 
52005, 6, 6 
30490, 6, 6 
2005, 6, 6 
55824, 6, 6 
23830, 6, 6 
54420, 6, 6 
14339, 6, 6 
48083, 6, 6 
17980, 6, 6 
40862, 6, 6 
51246, 6, 6 
33929, 6, 6 
57518, 6, 6 
25908, 6, 6 
40229, 6, 6 
25489, 6, 6 
17510, 6, 6 
28797, 6, 6 
30911, 6, 6 
54150, 6, 6 
51662, 6, 6 
13809, 6, 6 
52387, 6, 6 
11678, 6, 6 
6635, 6, 6 
17528, 6, 6 
53621, 6, 6 
58488, 6, 6 
27807, 6, 6 
39165, 6, 6 
48714, 6, 6 
57758, 6, 6 
3297, 6, 6 
42957, 6, 6 
42234, 6, 6 
30687, 6, 6 
9576, 6, 6 
35861, 6, 6 
52742, 6, 6 
34135, 6, 6 
43643, 6, 6 
22649, 6, 6 
3774, 6, 6 
58007, 6, 6 
34277, 6, 6 
1931, 6, 6 
48387, 6, 6 
14308, 6, 6 
43594, 6, 6 
49401, 6, 6 
1902, 6, 6 
8777, 6, 6 
30904, 6, 6 
9058, 6, 6 
12468, 6, 6 
50168, 6, 6 
31954, 6, 6 
2828, 6, 6 
27530, 6, 6 
32431, 6, 6 
30989, 6, 6 
28905, 6, 6 
5956, 6, 6 
18177, 6, 6 
45549, 6, 6 
23049, 6, 6 
7534, 7, 7 
17356, 7, 7 
17443, 7, 7 
43886, 7, 7 
37423, 7, 7 
30513, 7, 7 
14455, 7, 7 
49240, 7, 7 
9551, 7, 7 
54751, 7, 7 
52196, 7, 7 
26054, 7, 7 
56354, 7, 7 
13158, 7, 7 
46076, 7, 7 
35837, 7, 7 
4422, 7, 7 
2347, 7, 7 
52886, 7, 7 
32584, 7, 7 
54176, 7, 7 
39649, 7, 7 
18819, 7, 7 
41472, 7, 7 
377, 7, 7 
58282, 7, 7 
58453, 7, 7 
33717, 7, 7 
29452, 7, 7 
57286, 7, 7 
52952, 7, 7 
55848, 7, 7 
48672, 7, 7 
59332, 7, 7 
41362, 7, 7 
33504, 7, 7 
12018, 7, 7 
35150, 7, 7 
36748, 7, 7 
13513, 7, 7 
23811, 7, 7 
53977, 7, 7 
57429, 7, 7 
2704, 7, 7 
52779, 7, 7 
39540, 7, 7 
14046, 7, 7 
41779, 7, 7 
15122, 7, 7 
56543, 7, 7 
20335, 7, 7 
28520, 7, 7 
16226, 7, 7 
13756, 7, 7 
10965, 7, 7 
41535, 7, 7 
230, 7, 7 
35539, 7, 7 
39246, 7, 7 
39586, 7, 7 
46888, 7, 7 
10828, 7, 7 
38447, 7, 7 
6064, 7, 7 
29867, 7, 7 
25816, 7, 7 
5584, 7, 7 
53213, 7, 7 
43427, 7, 7 
13718, 7, 7 
41448, 7, 7 
12364, 7, 7 
15452, 7, 7 
35417, 7, 7 
18142, 7, 7 
38964, 7, 7 
58816, 7, 7 
58912, 7, 7 
27225, 7, 7 
22239, 7, 7 
53779, 7, 7 
505, 7, 7 
21949, 7, 7 
10096, 7, 7 
13802, 7, 7 
57137, 7, 7 
38246, 7, 7 
34487, 7, 7 
54037, 7, 7 
16594, 7, 7 
28730, 7, 7 
45865, 7, 7 
54688, 7, 7 
59405, 7, 7 
50455, 7, 7 
49721, 7, 7 
31387, 7, 7 
38244, 7, 7 
57188, 7, 7 
1848, 7, 7 
7869, 7, 7 
3942, 7, 7 
1322, 7, 7 
25439, 7, 7 
22350, 7, 7 
24599, 7, 7 
38282, 7, 7 
29191, 7, 7 
48556, 7, 7 
50984, 7, 7 
51344, 7, 7 
57344, 7, 7 
4977, 7, 7 
1513, 7, 7 
31192, 7, 7 
40029, 7, 7 
23051, 7, 7 
2292, 7, 7 
31207, 7, 7 
6259, 7, 7 
31408, 7, 3 
24044, 7, 7 
3270, 7, 7 
4478, 7, 7 
7284, 7, 7 
56546, 7, 7 
7686, 7, 7 
54536, 7, 7 
27083, 7, 7 
9519, 7, 7 
50721, 7, 7 
3469, 7, 7 
27722, 7, 7 
44734, 7, 7 
49136, 7, 7 
31066, 7, 7 
56992, 7, 3 
28696, 7, 7 
42368, 7, 7 
38537, 7, 7 
43956, 7, 7 
12993, 7, 7 
13638, 7, 7 
46858, 7, 7 
3992, 7, 7 
27621, 7, 7 
8805, 7, 7 
39769, 7, 7 
28179, 7, 7 
40070, 7, 7 
8572, 7, 7 
56888, 7, 3 
24384, 7, 7 
24505, 7, 7 
5795, 7, 7 
4334, 7, 7 
57702, 7, 7 
53770, 7, 7 
52008, 7, 7 
37573, 7, 7 
57541, 7, 7 
24314, 7, 7 
15260, 7, 7 
13963, 7, 7 
36231, 7, 7 
51429, 7, 7 
28670, 7, 7 
13710, 7, 7 
50605, 7, 7 
48910, 7, 7 
31902, 7, 7 
2844, 7, 7 
38517, 7, 7 
15086, 7, 7 
25160, 7, 7 
37612, 7, 7 
28012, 7, 7 
46769, 7, 7 
19199, 7, 7 
38149, 7, 7 
49385, 7, 7 
34599, 7, 7 
22513, 7, 7 
22016, 7, 7 
26021, 7, 7 
49024, 7, 7 
56066, 7, 9 
42468, 7, 7 
33196, 7, 7 
28972, 7, 7 
41493, 7, 7 
28812, 7, 7 
42739, 7, 7 
17007, 7, 7 
47242, 7, 7 
22971, 7, 7 
54477, 7, 7 
40712, 7, 7 
42997, 7, 7 
50891, 7, 7 
12960, 8, 8 
12190, 8, 8 
17681, 8, 8 
41180, 8, 8 
14640, 8, 8 
4767, 8, 8 
25527, 8, 8 
41709, 8, 8 
27608, 8, 8 
52881, 8, 8 
21383, 8, 8 
45293, 8, 8 
39764, 8, 8 
4634, 8, 8 
6788, 8, 8 
51313, 8, 8 
15091, 8, 8 
39971, 8, 8 
33946, 8, 8 
38112, 8, 8 
54120, 8, 8 
51184, 8, 8 
23591, 8, 8 
36192, 8, 8 
33202, 8, 8 
17358, 8, 8 
11101, 8, 8 
18714, 8, 8 
6916, 8, 8 
15096, 8, 8 
46478, 8, 8 
51933, 8, 8 
9164, 8, 8 
37456, 8, 8 
49201, 8, 8 
17919, 8, 8 
25276, 8, 8 
39882, 8, 8 
59128, 8, 8 
2482, 8, 8 
25514, 8, 8 
24187, 8, 8 
41396, 8, 8 
43788, 8, 3 
44616, 8, 8 
46573, 8, 3 
27513, 8, 8 
31440, 8, 8 
4927, 8, 8 
16036, 8, 8 
31039, 8, 8 
37755, 8, 8 
33956, 8, 8 
23282, 8, 8 
53203, 8, 8 
3601, 8, 8 
27447, 8, 8 
53848, 8, 8 
15501, 8, 8 
40012, 8, 8 
7359, 8, 8 
10446, 8, 8 
44259, 8, 8 
34243, 8, 8 
225, 8, 8 
59718, 8, 8 
54747, 8, 8 
32735, 8, 8 
13016, 8, 8 
15158, 8, 8 
1419, 8, 8 
39609, 8, 8 
39092, 8, 8 
4151, 8, 8 
17237, 8, 8 
59274, 8, 8 
29431, 8, 8 
31832, 8, 8 
40453, 8, 8 
10064, 8, 8 
35591, 8, 8 
46776, 8, 8 
53036, 8, 8 
46767, 8, 8 
15355, 8, 8 
47151, 8, 8 
34068, 8, 8 
49215, 8, 8 
23562, 8, 8 
45746, 8, 8 
13018, 8, 3 
46320, 8, 8 
48704, 8, 8 
4348, 8, 8 
6066, 8, 8 
37299, 8, 8 
3759, 8, 8 
45223, 8, 8 
28940, 8, 8 
45056, 8, 8 
51501, 8, 8 
51601, 8, 8 
46897, 8, 8 
42749, 8, 8 
13118, 8, 8 
38566, 8, 8 
22976, 8, 8 
53065, 8, 8 
52493, 8, 8 
45057, 8, 8 
15455, 8, 8 
42034, 8, 8 
56070, 8, 8 
4621, 8, 8 
5394, 8, 8 
25819, 8, 8 
40697, 8, 8 
33611, 8, 8 
50238, 8, 8 
32864, 8, 8 
44122, 8, 8 
18126, 8, 8 
44638, 8, 8 
28729, 8, 8 
8242, 8, 8 
16026, 8, 8 
30111, 8, 8 
53115, 8, 8 
59909, 8, 8 
13578, 8, 8 
35939, 8, 8 
18109, 8, 8 
1793, 8, 8 
10611, 8, 8 
52711, 8, 8 
58305, 8, 8 
35526, 8, 8 
15522, 8, 8 
30785, 8, 8 
31293, 8, 8 
35103, 8, 8 
3968, 8, 8 
24261, 8, 8 
26379, 8, 8 
13089, 8, 8 
22421, 8, 8 
39872, 8, 8 
47632, 8, 8 
31738, 8, 8 
35083, 8, 8 
13422, 8, 8 
29422, 8, 8 
59049, 8, 8 
46969, 8, 8 
57678, 8, 8 
53315, 8, 8 
59265, 8, 8 
37329, 8, 8 
11726, 8, 8 
9152, 8, 8 
51615, 8, 8 
24954, 8, 8 
10359, 8, 8 
40626, 8, 8 
8918, 8, 8 
34150, 8, 8 
18835, 8, 8 
34820, 8, 8 
39530, 8, 8 
38085, 8, 8 
34678, 8, 8 
56505, 8, 8 
23631, 8, 8 
3493, 8, 8 
32426, 8, 8 
8584, 8, 8 
43953, 8, 8 
30919, 8, 8 
27678, 8, 8 
58508, 8, 8 
53730, 8, 8 
35264, 8, 8 
22136, 8, 8 
7231, 8, 8 
33557, 8, 8 
59286, 8, 8 
2170, 8, 8 
28719, 8, 8 
19371, 8, 8 
59995, 8, 8 
40595, 8, 8 
41575, 8, 8 
30116, 8, 8 
57238, 8, 8 
45481, 8, 8 
37512, 8, 8 
18272, 8, 8 
29145, 8, 8 
1105, 8, 8 
36927, 8, 8 
23217, 9, 9 
53276, 9, 9 
7647, 9, 9 
24898, 9, 9 
793, 9, 9 
18374, 9, 9 
52556, 9, 9 
49562, 9, 9 
12600, 9, 9 
38647, 9, 9 
38600, 9, 9 
10621, 9, 9 
59341, 9, 9 
44083, 9, 9 
49030, 9, 9 
54504, 9, 9 
51521, 9, 9 
23998, 9, 9 
55803, 9, 9 
28604, 9, 9 
42124, 9, 9 
38353, 9, 9 
56494, 9, 9 
5404, 9, 9 
18405, 9, 9 
45345, 9, 9 
58363, 9, 9 
7893, 9, 9 
48244, 9, 9 
1167, 9, 9 
17167, 9, 9 
44882, 9, 9 
5559, 9, 9 
2696, 9, 9 
32967, 9, 9 
33783, 9, 9 
48381, 9, 9 
59075, 9, 9 
10003, 9, 9 
25698, 9, 9 
35786, 9, 9 
40938, 9, 9 
29180, 9, 9 
6850, 9, 9 
51919, 9, 9 
17827, 9, 9 
5209, 9, 9 
1905, 9, 9 
49679, 9, 9 
42564, 9, 9 
58054, 9, 9 
24337, 9, 9 
6535, 9, 9 
43903, 9, 9 
383, 9, 9 
41196, 9, 4 
34491, 9, 9 
56003, 9, 9 
43385, 9, 9 
12179, 9, 9 
49871, 9, 9 
50445, 9, 9 
54076, 9, 9 
16617, 9, 9 
16775, 9, 9 
15387, 9, 9 
1820, 9, 9 
45144, 9, 9 
1399, 9, 9 
35374, 9, 9 
27163, 9, 9 
32729, 9, 9 
19715, 9, 9 
48804, 9, 9 
41065, 9, 9 
10883, 9, 9 
58112, 9, 9 
29495, 9, 9 
33300, 9, 9 
7239, 9, 9 
24398, 9, 9 
10438, 9, 9 
19220, 9, 9 
21616, 9, 9 
15725, 9, 9 
19515, 9, 9 
7200, 9, 9 
38950, 9, 9 
2284, 9, 9 
5350, 9, 9 
8745, 9, 9 
57563, 9, 9 
42492, 9, 9 
22576, 9, 9 
43037, 9, 9 
48154, 9, 9 
11485, 9, 9 
26895, 9, 9 
58372, 9, 9 
22140, 9, 7 
53055, 9, 9 
24454, 9, 9 
22116, 9, 9 
29935, 9, 9 
35330, 9, 9 
33744, 9, 9 
8321, 9, 9 
32909, 9, 9 
41008, 9, 9 
12120, 9, 9 
22316, 9, 9 
23314, 9, 9 
12272, 9, 9 
1949, 9, 9 
41369, 9, 9 
50373, 9, 9 
26949, 9, 9 
741, 9, 9 
6439, 9, 9 
33236, 9, 9 
39293, 9, 9 
31320, 9, 9 
28113, 9, 9 
17283, 9, 9 
36389, 9, 9 
16137, 9, 9 
21378, 9, 9 
15195, 9, 9 
22927, 9, 9 
44645, 9, 9 
7702, 9, 9 
10857, 9, 9 
9708, 9, 9 
34489, 9, 9 
41983, 9, 9 
31707, 9, 9 
45700, 9, 9 
4050, 9, 9 
49984, 9, 9 
42524, 9, 9 
22895, 9, 9 
15746, 9, 9 
21245, 9, 9 
19560, 9, 9 
45810, 9, 9 
22088, 9, 9 
28240, 9, 9 
37538, 9, 9 
45247, 9, 9 
23365, 9, 9 
23327, 9, 9 
30394, 9, 9 
48344, 9, 9 
2509, 9, 9 
3022, 9, 9 
56300, 9, 9 
48413, 9, 9 
24507, 9, 9 
42550, 9, 9 
44851, 9, 9 
35440, 9, 9 
10860, 9, 9 
15827, 9, 9 
47703, 9, 9 
59518, 9, 9 
59749, 9, 9 
30277, 9, 9 
16422, 9, 9 
24379, 9, 9 
46023, 9, 9 
22299, 9, 9 
43959, 9, 9 
33606, 9, 9 
2787, 9, 9 
10105, 9, 9 
8736, 9, 9 
50758, 9, 9 
22319, 9, 9 
34044, 9, 9 
13932, 9, 9 
51985, 9, 9 
34330, 9, 9 
1518, 9, 9 
29993, 9, 9 
30385, 9, 9 
49096, 9, 9 
42851, 9, 9 
15860, 9, 9 
43660, 9, 9 
54599, 9, 9 
5924, 9, 9 
14796, 9, 9 
34163, 9, 9 
2116, 9, 9 
7713, 9, 9 
40786, 9, 9 
8847, 9, 9 
27863, 9, 9 
58187, 9, 9 
17989, 9, 9 
