id, true label, predicted label 
3247, 0, 0 
40396, 0, 0 
39321, 0, 0 
44205, 0, 0 
2525, 0, 0 
34345, 0, 0 
7052, 0, 0 
18881, 0, 0 
53101, 0, 0 
27407, 0, 0 
49939, 0, 0 
37752, 0, 0 
50192, 0, 0 
51061, 0, 0 
18923, 0, 0 
4159, 0, 0 
11541, 0, 0 
15761, 0, 0 
14165, 0, 0 
8527, 0, 0 
23891, 0, 0 
39023, 0, 0 
6991, 0, 0 
29374, 0, 0 
23616, 0, 0 
38501, 0, 0 
13896, 0, 0 
2586, 0, 0 
50958, 0, 0 
29860, 0, 0 
47205, 0, 0 
2914, 0, 0 
28102, 0, 0 
21358, 0, 0 
36621, 0, 0 
13033, 0, 0 
21380, 0, 0 
11973, 0, 0 
20645, 0, 0 
27631, 0, 0 
29250, 0, 0 
14356, 0, 0 
10604, 0, 0 
31310, 0, 0 
46017, 0, 0 
53387, 0, 0 
18970, 0, 0 
36692, 0, 0 
15580, 0, 0 
24840, 0, 0 
53789, 0, 0 
47000, 0, 0 
40969, 0, 0 
21350, 0, 0 
43169, 0, 0 
59795, 0, 0 
53339, 0, 0 
39075, 0, 0 
20128, 0, 0 
22040, 0, 0 
25304, 0, 0 
46535, 0, 0 
58386, 0, 0 
23293, 0, 0 
46289, 0, 0 
234, 0, 0 
4145, 0, 0 
25755, 0, 0 
44448, 0, 0 
34302, 0, 0 
27663, 0, 0 
11379, 0, 0 
40457, 0, 0 
15208, 0, 0 
7649, 0, 0 
31392, 0, 0 
246, 0, 0 
3461, 0, 0 
46661, 0, 0 
47447, 0, 0 
33442, 0, 0 
40003, 0, 0 
7373, 0, 0 
44744, 0, 0 
23154, 0, 0 
33078, 0, 0 
22159, 0, 0 
48337, 0, 0 
11657, 0, 0 
47647, 0, 0 
5773, 0, 0 
58180, 0, 0 
55503, 0, 0 
28457, 0, 0 
16460, 0, 0 
29706, 0, 0 
55027, 0, 0 
34054, 0, 0 
2581, 0, 0 
29623, 0, 0 
35409, 0, 0 
16285, 0, 0 
51758, 0, 0 
59704, 0, 0 
11911, 0, 0 
36371, 0, 0 
53344, 0, 0 
32605, 0, 0 
59840, 0, 0 
59457, 0, 0 
31165, 0, 0 
15471, 0, 0 
45760, 0, 0 
4181, 0, 0 
5801, 0, 0 
20591, 0, 0 
52397, 0, 0 
49463, 0, 0 
9822, 0, 0 
24615, 0, 0 
46822, 0, 0 
11902, 0, 0 
27477, 0, 0 
35680, 0, 0 
15928, 0, 0 
7471, 0, 0 
25399, 0, 0 
36929, 0, 0 
2493, 0, 0 
34714, 0, 0 
55402, 0, 0 
53118, 0, 0 
26339, 0, 0 
45748, 0, 0 
23506, 0, 0 
57882, 0, 0 
48947, 0, 0 
33496, 0, 0 
34213, 0, 0 
34392, 0, 0 
17009, 0, 0 
19180, 0, 0 
53051, 0, 0 
16178, 0, 0 
56158, 0, 0 
59847, 0, 0 
52804, 0, 0 
58110, 0, 0 
3160, 0, 0 
47616, 0, 0 
38729, 0, 0 
55275, 0, 0 
27735, 0, 0 
320, 0, 0 
23991, 0, 0 
8172, 0, 0 
46398, 0, 0 
24346, 0, 0 
6103, 0, 0 
48121, 0, 0 
23305, 0, 0 
22938, 0, 0 
6245, 0, 0 
14513, 0, 0 
32541, 0, 0 
54980, 0, 0 
29994, 0, 0 
59439, 0, 0 
6979, 0, 0 
59730, 0, 0 
11162, 0, 0 
3441, 0, 0 
59017, 0, 0 
10283, 0, 0 
38355, 0, 0 
15946, 0, 0 
41646, 0, 0 
5929, 0, 0 
39612, 0, 0 
54313, 0, 0 
45042, 0, 0 
56259, 0, 0 
34036, 0, 0 
11887, 0, 0 
45021, 0, 0 
42579, 0, 0 
52930, 0, 0 
33292, 0, 0 
39407, 0, 0 
58784, 0, 0 
43468, 0, 0 
41557, 0, 0 
56662, 0, 0 
21242, 0, 0 
29809, 0, 0 
11295, 0, 0 
41534, 0, 0 
4316, 0, 0 
31234, 0, 0 
9342, 0, 0 
12004, 0, 0 
58594, 0, 0 
16921, 0, 0 
15798, 0, 0 
16498, 0, 0 
57296, 0, 0 
6406, 0, 0 
25919, 0, 0 
13955, 0, 0 
50344, 0, 0 
52655, 0, 0 
22886, 0, 0 
8754, 0, 0 
3715, 0, 0 
53994, 0, 0 
16139, 0, 0 
6179, 0, 0 
59805, 0, 0 
17133, 0, 0 
9890, 0, 0 
56454, 0, 0 
41713, 0, 0 
51598, 0, 0 
23643, 0, 0 
16520, 0, 0 
52021, 0, 0 
49220, 0, 0 
872, 0, 0 
3585, 0, 0 
54351, 0, 0 
13464, 0, 0 
3107, 0, 0 
38523, 0, 0 
5694, 0, 0 
27137, 0, 0 
7037, 0, 0 
24072, 0, 0 
56868, 0, 0 
12184, 0, 0 
20688, 0, 0 
2561, 0, 0 
16585, 0, 0 
39295, 0, 0 
15291, 0, 0 
46944, 0, 0 
9158, 0, 0 
26820, 0, 0 
55622, 0, 0 
45255, 0, 0 
40099, 0, 0 
52228, 0, 0 
55752, 0, 0 
30123, 0, 0 
37844, 0, 0 
16484, 0, 0 
58649, 0, 0 
19583, 0, 0 
19935, 0, 0 
28945, 0, 0 
36277, 0, 0 
34555, 0, 0 
22453, 0, 0 
23401, 0, 0 
57061, 0, 0 
10176, 0, 0 
17051, 0, 0 
53657, 0, 0 
24245, 0, 0 
1798, 0, 0 
16423, 0, 0 
26300, 0, 0 
38429, 0, 0 
41588, 0, 0 
55593, 0, 0 
57822, 0, 0 
8003, 0, 0 
51235, 0, 0 
46303, 0, 0 
59319, 0, 0 
54873, 0, 0 
33983, 0, 0 
29101, 0, 0 
16428, 0, 0 
41358, 0, 0 
30948, 0, 0 
25567, 0, 0 
5932, 0, 0 
7427, 0, 0 
44040, 0, 0 
30409, 0, 0 
16516, 0, 0 
216, 0, 0 
50542, 0, 0 
33023, 0, 0 
293, 0, 0 
12796, 0, 0 
50617, 0, 0 
25512, 0, 0 
20139, 0, 0 
33904, 0, 0 
36712, 0, 0 
40611, 0, 0 
55045, 0, 0 
11620, 0, 0 
19924, 0, 0 
28274, 0, 0 
37814, 0, 0 
40760, 0, 0 
59249, 0, 0 
55278, 0, 0 
52934, 0, 0 
44208, 0, 0 
53380, 0, 0 
47482, 0, 0 
1367, 0, 0 
34073, 0, 0 
26475, 0, 0 
30088, 0, 0 
40246, 0, 0 
46926, 0, 0 
41038, 0, 0 
27788, 0, 0 
51019, 0, 0 
31490, 0, 0 
41614, 0, 0 
50974, 0, 0 
15704, 0, 0 
9790, 0, 0 
35697, 0, 0 
55617, 0, 0 
46494, 0, 0 
31195, 0, 0 
45577, 0, 0 
39156, 0, 0 
8472, 0, 0 
1443, 0, 0 
3693, 0, 0 
14675, 0, 0 
23606, 0, 0 
5627, 0, 0 
29151, 0, 0 
7552, 0, 0 
9056, 0, 0 
7846, 0, 0 
28993, 0, 0 
31753, 0, 0 
3698, 0, 0 
33673, 0, 0 
55680, 0, 0 
29262, 0, 0 
1049, 0, 0 
12542, 0, 0 
19857, 0, 0 
1999, 0, 0 
49883, 0, 0 
53030, 0, 0 
14840, 0, 0 
42010, 0, 0 
26753, 0, 0 
6331, 0, 0 
10323, 0, 0 
55967, 0, 0 
27318, 0, 0 
16305, 0, 0 
8187, 0, 0 
16563, 0, 0 
39620, 0, 0 
58879, 0, 0 
24151, 0, 0 
32336, 0, 0 
33244, 0, 0 
31116, 0, 0 
41877, 0, 0 
13738, 0, 0 
39775, 0, 0 
15318, 0, 0 
20388, 0, 0 
39955, 0, 0 
37642, 0, 0 
5266, 0, 0 
40801, 0, 0 
58943, 0, 0 
32459, 0, 0 
1179, 0, 0 
56352, 0, 0 
55457, 0, 0 
58458, 0, 0 
51809, 0, 0 
11052, 0, 0 
47470, 0, 0 
51777, 0, 0 
57977, 0, 0 
47324, 0, 0 
45769, 0, 0 
14644, 0, 0 
11969, 0, 0 
8926, 0, 0 
42100, 0, 0 
8961, 0, 0 
21137, 0, 0 
25980, 0, 0 
8894, 0, 0 
3673, 0, 0 
16642, 0, 0 
37937, 0, 0 
21534, 0, 0 
43662, 0, 0 
22364, 0, 0 
13135, 0, 0 
56914, 0, 0 
31112, 0, 0 
18102, 0, 0 
37739, 0, 0 
39968, 0, 0 
24755, 0, 0 
34706, 0, 0 
30707, 0, 0 
29695, 0, 0 
36994, 0, 0 
38599, 0, 0 
26292, 0, 0 
17210, 0, 0 
11105, 0, 0 
15582, 0, 0 
51057, 0, 0 
17549, 0, 0 
6421, 0, 0 
27637, 0, 0 
55277, 0, 0 
59585, 0, 0 
14944, 0, 0 
40421, 0, 0 
52797, 0, 0 
42612, 0, 0 
48677, 0, 0 
3529, 0, 0 
10242, 0, 0 
31677, 0, 0 
15542, 0, 0 
47740, 0, 0 
38106, 0, 0 
56639, 0, 0 
48830, 0, 0 
56781, 0, 0 
7012, 0, 0 
46192, 0, 0 
3443, 0, 0 
44333, 0, 0 
2864, 0, 0 
35148, 0, 0 
56940, 0, 0 
36809, 0, 0 
36351, 0, 0 
17726, 0, 0 
9038, 0, 0 
22008, 0, 0 
56735, 0, 0 
18029, 0, 0 
45511, 0, 0 
14052, 0, 0 
42896, 0, 0 
28165, 0, 0 
12195, 0, 0 
38102, 0, 0 
38949, 0, 0 
37571, 0, 0 
44096, 0, 0 
17458, 0, 0 
28904, 0, 0 
8917, 0, 0 
42277, 0, 0 
52698, 0, 0 
18112, 0, 0 
2112, 0, 0 
36589, 0, 0 
26408, 0, 0 
13230, 0, 0 
44159, 0, 0 
22306, 0, 0 
55911, 0, 0 
4067, 0, 0 
36829, 0, 0 
32461, 0, 0 
10352, 0, 0 
47079, 0, 0 
15344, 0, 0 
59023, 0, 0 
56625, 0, 0 
4265, 0, 0 
23495, 0, 0 
59477, 0, 0 
30748, 0, 0 
55805, 0, 0 
860, 0, 0 
19822, 0, 0 
9313, 0, 0 
27603, 0, 0 
4588, 0, 0 
4106, 0, 0 
32682, 0, 0 
46360, 1, 1 
21687, 1, 1 
56870, 1, 1 
52431, 1, 1 
51390, 1, 1 
37761, 1, 1 
57684, 1, 1 
22788, 1, 1 
31406, 1, 1 
46077, 1, 1 
50016, 1, 1 
40219, 1, 1 
2177, 1, 1 
10892, 1, 1 
42874, 1, 1 
4049, 1, 1 
15157, 1, 1 
23291, 1, 1 
59419, 1, 1 
48254, 1, 1 
58072, 1, 1 
20852, 1, 1 
12128, 1, 1 
40482, 1, 1 
184, 1, 1 
47340, 1, 1 
20870, 1, 1 
2894, 1, 1 
12230, 1, 1 
24357, 1, 1 
23115, 1, 1 
29214, 1, 1 
44864, 1, 1 
16545, 1, 1 
43332, 1, 1 
1044, 1, 1 
47229, 1, 1 
18070, 1, 1 
22452, 1, 1 
48209, 1, 1 
38462, 1, 1 
45471, 1, 1 
47391, 1, 1 
44994, 1, 1 
52416, 1, 1 
31280, 1, 1 
54489, 1, 1 
31238, 1, 1 
49437, 1, 1 
18993, 1, 1 
36042, 1, 1 
23255, 1, 1 
55786, 1, 1 
53539, 1, 1 
52081, 1, 1 
24771, 1, 1 
11112, 1, 1 
12212, 1, 1 
43616, 1, 1 
51149, 1, 1 
34164, 1, 1 
21173, 1, 1 
20829, 1, 1 
37518, 1, 1 
27746, 1, 1 
30303, 1, 1 
10293, 1, 1 
54825, 1, 1 
38787, 1, 1 
29532, 1, 1 
41944, 1, 1 
52119, 1, 1 
14685, 1, 1 
4003, 1, 1 
52615, 1, 1 
8351, 1, 1 
14060, 1, 1 
33567, 1, 1 
5571, 1, 1 
50225, 1, 1 
4120, 1, 1 
37138, 1, 1 
33600, 1, 1 
37897, 1, 1 
20627, 1, 1 
18806, 1, 1 
5648, 1, 1 
5176, 1, 1 
24888, 1, 1 
6683, 1, 1 
35395, 1, 1 
16636, 1, 1 
49198, 1, 1 
33949, 1, 1 
48024, 1, 1 
6372, 1, 1 
1716, 1, 1 
14181, 1, 1 
12952, 1, 1 
51206, 1, 1 
45197, 1, 1 
19742, 1, 1 
59460, 1, 1 
19099, 1, 1 
24895, 1, 1 
53405, 1, 1 
36594, 1, 1 
31755, 1, 1 
6885, 1, 1 
9507, 1, 1 
39707, 1, 1 
26774, 1, 1 
43490, 1, 1 
54506, 1, 1 
2355, 1, 1 
28191, 1, 1 
7910, 1, 1 
15044, 1, 1 
52552, 1, 1 
24339, 1, 1 
48989, 1, 1 
25310, 1, 1 
19051, 1, 1 
51187, 1, 1 
22135, 1, 1 
58368, 1, 1 
36618, 1, 1 
40604, 1, 1 
19517, 1, 1 
4294, 1, 1 
34004, 1, 1 
28516, 1, 1 
25898, 1, 1 
55380, 1, 1 
8648, 1, 1 
53409, 1, 1 
53939, 1, 1 
50731, 1, 1 
29575, 1, 1 
39084, 1, 1 
23857, 1, 1 
15231, 1, 1 
25937, 1, 1 
17943, 1, 1 
50338, 1, 1 
17883, 1, 1 
40744, 1, 1 
3068, 1, 1 
30906, 1, 1 
16943, 1, 1 
4557, 1, 1 
37008, 1, 1 
33508, 1, 1 
13006, 1, 1 
57005, 1, 1 
39937, 1, 1 
46437, 1, 1 
2301, 1, 1 
2159, 1, 1 
55036, 1, 1 
47790, 1, 1 
55499, 1, 1 
57973, 1, 1 
18899, 1, 1 
16233, 1, 1 
38465, 1, 1 
36030, 1, 1 
48099, 1, 1 
19339, 1, 1 
33191, 1, 1 
3, 1, 1 
8456, 1, 1 
47850, 1, 1 
5054, 1, 1 
41409, 1, 1 
30695, 1, 1 
26125, 1, 1 
14149, 1, 1 
10058, 1, 1 
46916, 1, 1 
43411, 1, 1 
48797, 1, 1 
42852, 1, 1 
38684, 1, 1 
49610, 1, 1 
3004, 1, 1 
15451, 1, 1 
26598, 1, 1 
21709, 1, 1 
8430, 1, 1 
28019, 1, 1 
17888, 1, 1 
39652, 1, 1 
32756, 1, 1 
16876, 1, 1 
17638, 1, 1 
23318, 1, 1 
55644, 1, 1 
57400, 1, 1 
2970, 1, 1 
9562, 1, 1 
4978, 1, 1 
52381, 1, 1 
454, 1, 1 
16838, 1, 1 
32138, 1, 1 
7421, 1, 1 
46199, 1, 1 
54784, 1, 1 
59414, 1, 1 
40178, 1, 1 
3850, 1, 1 
58810, 1, 1 
21479, 1, 1 
40819, 1, 1 
27068, 1, 1 
41879, 1, 1 
25764, 1, 1 
19997, 1, 1 
27461, 1, 1 
46520, 1, 1 
32921, 1, 1 
57322, 1, 1 
59728, 1, 1 
25244, 1, 1 
3045, 1, 1 
46842, 1, 1 
38002, 1, 1 
56456, 1, 1 
14228, 1, 1 
54213, 1, 1 
25397, 1, 1 
30176, 1, 1 
22455, 1, 1 
12318, 1, 1 
50621, 1, 1 
35595, 1, 1 
26406, 1, 1 
8095, 1, 1 
51003, 1, 1 
21680, 1, 1 
15612, 1, 1 
16699, 1, 1 
46598, 1, 1 
45820, 1, 1 
2136, 1, 1 
33175, 1, 1 
22868, 1, 1 
52627, 1, 1 
7315, 1, 1 
23885, 1, 1 
15380, 1, 1 
52777, 1, 1 
59836, 1, 1 
56644, 1, 1 
8781, 1, 1 
6682, 1, 1 
47910, 1, 1 
29265, 1, 1 
54901, 1, 1 
8373, 1, 1 
16262, 1, 1 
19304, 1, 1 
57613, 1, 1 
24322, 1, 1 
3901, 1, 1 
12949, 1, 1 
44431, 1, 1 
41446, 1, 1 
113, 1, 1 
58913, 1, 1 
46915, 1, 1 
20066, 1, 1 
16950, 1, 1 
57813, 1, 1 
19139, 1, 1 
18983, 1, 1 
4441, 1, 1 
49943, 1, 1 
43746, 1, 1 
35159, 1, 1 
27629, 1, 1 
49832, 1, 1 
24397, 1, 1 
41029, 1, 1 
4013, 1, 1 
57969, 1, 1 
29448, 1, 1 
26072, 1, 1 
22345, 1, 1 
46913, 1, 1 
39052, 1, 1 
40468, 1, 1 
8445, 1, 1 
16367, 1, 1 
39505, 1, 1 
33985, 1, 1 
4913, 1, 1 
7789, 1, 1 
2083, 1, 1 
12040, 1, 1 
16441, 1, 1 
2823, 1, 1 
35436, 1, 1 
24139, 1, 1 
54533, 1, 1 
51772, 1, 1 
51847, 1, 1 
10712, 1, 1 
11205, 1, 1 
20409, 1, 1 
18266, 1, 1 
57022, 1, 1 
32482, 1, 1 
27284, 1, 1 
31357, 1, 1 
15154, 1, 1 
55870, 1, 1 
50472, 1, 1 
35008, 1, 1 
58397, 1, 1 
34077, 1, 1 
3962, 1, 1 
26202, 1, 1 
26745, 1, 1 
45205, 1, 1 
28110, 1, 1 
1081, 1, 1 
6108, 1, 1 
30742, 1, 1 
31033, 1, 1 
16735, 1, 1 
17834, 1, 1 
40615, 1, 1 
2630, 1, 1 
7533, 1, 1 
51548, 1, 1 
34849, 1, 1 
49592, 1, 1 
3345, 1, 1 
47905, 1, 1 
56273, 1, 1 
2410, 1, 1 
17422, 1, 1 
22168, 1, 1 
23167, 1, 1 
50068, 1, 1 
4639, 1, 1 
16376, 1, 1 
26009, 1, 1 
2260, 1, 1 
15148, 1, 1 
355, 1, 1 
2415, 1, 1 
3592, 1, 1 
37869, 1, 1 
19643, 1, 1 
31278, 1, 1 
34179, 1, 1 
54803, 1, 1 
56714, 1, 1 
17191, 1, 1 
15428, 1, 1 
4715, 1, 1 
56308, 1, 1 
53018, 1, 1 
35094, 1, 1 
53531, 1, 1 
10667, 1, 1 
8486, 1, 1 
55524, 1, 1 
15099, 1, 1 
53178, 1, 1 
12809, 1, 1 
51594, 1, 1 
34923, 1, 1 
21818, 1, 1 
42316, 1, 1 
55286, 1, 1 
55502, 1, 1 
14079, 1, 1 
1697, 1, 1 
35303, 1, 1 
19830, 1, 1 
21394, 1, 1 
35396, 1, 1 
24631, 1, 1 
11432, 1, 1 
6586, 1, 1 
38264, 1, 1 
58597, 1, 1 
33458, 1, 1 
46481, 1, 1 
49357, 1, 1 
15266, 1, 1 
15073, 1, 1 
54103, 1, 1 
12771, 1, 1 
4186, 1, 1 
5012, 1, 1 
9492, 1, 1 
57222, 1, 1 
19804, 1, 1 
52731, 1, 1 
15152, 1, 1 
20888, 1, 1 
45803, 1, 1 
30145, 1, 1 
35009, 1, 1 
26747, 1, 1 
54968, 1, 1 
9804, 1, 1 
31839, 1, 1 
25918, 1, 1 
32597, 1, 1 
7558, 1, 1 
56384, 1, 1 
25779, 1, 1 
52262, 1, 1 
1354, 1, 1 
42713, 1, 1 
42881, 1, 1 
33428, 1, 1 
21744, 1, 1 
47435, 1, 1 
49941, 1, 1 
33025, 1, 1 
34261, 1, 1 
17457, 1, 1 
42182, 1, 1 
59297, 1, 1 
50589, 1, 1 
25697, 1, 1 
56575, 1, 1 
16458, 1, 1 
20237, 1, 1 
50838, 1, 1 
35990, 1, 1 
22502, 1, 1 
38225, 1, 1 
2362, 1, 1 
23844, 1, 1 
19507, 1, 1 
22812, 1, 1 
16565, 1, 1 
18282, 1, 1 
50326, 1, 1 
6718, 1, 1 
29668, 1, 1 
8895, 1, 1 
29062, 1, 1 
41226, 1, 1 
56584, 1, 1 
28235, 1, 1 
4790, 1, 1 
57715, 1, 1 
14860, 1, 1 
351, 1, 1 
45546, 1, 1 
45900, 1, 1 
26420, 1, 1 
10223, 1, 1 
45063, 1, 1 
21737, 1, 1 
38337, 1, 1 
30966, 1, 1 
9130, 1, 1 
55747, 1, 1 
39268, 1, 1 
19176, 1, 1 
4577, 1, 1 
54552, 1, 1 
4066, 1, 1 
28355, 1, 1 
56910, 1, 1 
49855, 1, 1 
21552, 1, 1 
29057, 1, 1 
22785, 1, 1 
45385, 1, 1 
13315, 1, 1 
23749, 1, 1 
21272, 1, 1 
33319, 1, 1 
24918, 1, 1 
53587, 1, 1 
21088, 1, 1 
5876, 1, 1 
14327, 1, 1 
2663, 1, 1 
32675, 1, 1 
34782, 1, 1 
16385, 1, 1 
55714, 1, 1 
47129, 1, 1 
53667, 1, 1 
21839, 1, 1 
47004, 1, 1 
41824, 1, 1 
40015, 1, 1 
10583, 2, 2 
7528, 2, 2 
49839, 2, 2 
51379, 2, 2 
3647, 2, 2 
19891, 2, 2 
58644, 2, 2 
13019, 2, 2 
7897, 2, 2 
1584, 2, 2 
23370, 2, 2 
48420, 2, 2 
56355, 2, 2 
28074, 2, 2 
30993, 2, 2 
19097, 2, 2 
56917, 2, 2 
14569, 2, 2 
4851, 2, 2 
15030, 2, 2 
120, 2, 2 
14230, 2, 2 
55504, 2, 2 
12213, 2, 2 
46863, 2, 2 
26788, 2, 2 
19444, 2, 2 
55381, 2, 2 
6815, 2, 2 
47246, 2, 2 
4474, 2, 2 
55655, 2, 2 
20305, 2, 2 
6992, 2, 2 
45347, 2, 2 
22146, 2, 2 
29662, 2, 2 
33203, 2, 2 
55100, 2, 2 
33743, 2, 2 
36209, 2, 2 
44425, 2, 2 
9989, 2, 2 
34425, 2, 2 
24198, 2, 2 
14043, 2, 2 
35882, 2, 2 
49264, 2, 2 
48681, 2, 2 
55653, 2, 2 
13198, 2, 2 
9031, 2, 2 
27622, 2, 2 
51398, 2, 2 
23917, 2, 2 
49515, 2, 2 
9398, 2, 2 
45543, 2, 2 
9776, 2, 2 
39059, 2, 2 
27258, 2, 2 
9862, 2, 2 
29004, 2, 2 
26326, 2, 2 
1852, 2, 2 
15867, 2, 2 
54110, 2, 2 
25916, 2, 2 
54326, 2, 2 
43293, 2, 2 
31634, 2, 2 
2337, 2, 2 
55935, 2, 2 
24520, 2, 2 
20679, 2, 2 
5420, 2, 2 
24997, 2, 2 
49857, 2, 2 
23770, 2, 2 
11869, 2, 2 
27664, 2, 2 
32726, 2, 2 
27641, 2, 2 
52453, 2, 2 
6349, 2, 2 
53650, 2, 2 
30752, 2, 2 
12808, 2, 2 
19694, 2, 2 
13690, 2, 2 
41451, 2, 2 
21450, 2, 2 
54277, 2, 2 
47900, 2, 2 
6377, 2, 2 
20414, 2, 2 
41234, 2, 2 
58851, 2, 2 
12135, 2, 2 
22369, 2, 2 
17448, 2, 2 
42336, 2, 2 
7960, 2, 2 
34573, 2, 2 
20761, 2, 2 
38617, 2, 2 
31973, 2, 2 
16813, 2, 2 
35445, 2, 2 
7370, 2, 2 
57878, 2, 2 
40705, 2, 2 
32590, 2, 2 
19673, 2, 2 
47971, 2, 2 
12501, 2, 2 
5867, 2, 2 
36753, 2, 2 
16895, 2, 2 
22010, 2, 2 
27171, 2, 2 
18613, 2, 2 
19999, 2, 2 
16479, 2, 2 
53708, 2, 2 
47924, 2, 2 
39283, 2, 2 
41581, 2, 2 
6273, 2, 2 
38033, 2, 2 
716, 2, 2 
11084, 2, 2 
30726, 2, 2 
23916, 2, 2 
49181, 2, 2 
58314, 2, 2 
36958, 2, 2 
57245, 2, 2 
14702, 2, 2 
5762, 2, 2 
52400, 2, 2 
58512, 2, 2 
42887, 2, 2 
10117, 2, 2 
16461, 2, 2 
9672, 2, 2 
22930, 2, 2 
44520, 2, 2 
45346, 2, 2 
15802, 2, 2 
52938, 2, 2 
29481, 2, 2 
2399, 2, 2 
55040, 2, 2 
57694, 2, 2 
18077, 2, 2 
29519, 2, 2 
57939, 2, 2 
49555, 2, 2 
18224, 2, 2 
55906, 2, 2 
50575, 2, 2 
22457, 2, 2 
7782, 2, 2 
11601, 2, 2 
33007, 2, 2 
53455, 2, 2 
28185, 2, 2 
33414, 2, 2 
20721, 2, 2 
39597, 2, 2 
42050, 2, 2 
51660, 2, 2 
36950, 2, 2 
47255, 2, 2 
39673, 2, 2 
5151, 2, 2 
42936, 2, 2 
4398, 2, 2 
59004, 2, 2 
34181, 2, 2 
26031, 2, 2 
31047, 2, 2 
16140, 2, 2 
22203, 2, 2 
43964, 2, 2 
56325, 2, 2 
1558, 2, 2 
1550, 2, 2 
32269, 2, 2 
11319, 2, 2 
14819, 2, 2 
48211, 2, 2 
20515, 2, 2 
12514, 2, 2 
7554, 2, 2 
58964, 2, 2 
23961, 2, 2 
5481, 2, 2 
24206, 2, 2 
19963, 2, 2 
41936, 2, 2 
37671, 2, 2 
30690, 2, 2 
53388, 2, 2 
52677, 2, 2 
19843, 2, 2 
59824, 2, 2 
55158, 2, 2 
3719, 2, 2 
42014, 2, 2 
33541, 2, 2 
58060, 2, 2 
59742, 2, 2 
10429, 2, 2 
44797, 2, 2 
36127, 2, 2 
57387, 2, 2 
4610, 2, 2 
7153, 2, 2 
12409, 2, 2 
59913, 2, 2 
23025, 2, 2 
24513, 2, 2 
47598, 2, 2 
45414, 2, 2 
39794, 2, 2 
36631, 2, 2 
2389, 2, 2 
40152, 2, 2 
1998, 2, 2 
32779, 2, 2 
24381, 2, 2 
32135, 2, 2 
43122, 2, 2 
20440, 2, 2 
54513, 2, 2 
47448, 2, 2 
44657, 2, 2 
32437, 2, 2 
16781, 2, 2 
1724, 2, 2 
25574, 2, 2 
814, 2, 2 
54262, 2, 2 
14112, 2, 2 
53284, 2, 2 
46094, 2, 2 
21219, 2, 2 
26325, 2, 2 
15829, 2, 2 
14978, 2, 2 
854, 2, 2 
51976, 2, 2 
53430, 2, 2 
51648, 2, 2 
22579, 2, 2 
7939, 2, 2 
1334, 2, 2 
21443, 2, 2 
5722, 2, 2 
43394, 2, 2 
41460, 2, 2 
12916, 2, 2 
44304, 2, 2 
43220, 2, 2 
15205, 2, 2 
18356, 2, 2 
1140, 2, 2 
24303, 2, 2 
41900, 2, 2 
35835, 2, 2 
54168, 2, 2 
55089, 2, 2 
9252, 2, 2 
25089, 2, 2 
37274, 2, 2 
55157, 2, 2 
21742, 2, 2 
45714, 2, 2 
52796, 2, 2 
18395, 2, 2 
42814, 2, 2 
9169, 2, 2 
32611, 2, 2 
40498, 2, 2 
18198, 2, 2 
10687, 2, 2 
18206, 2, 2 
1053, 2, 2 
16772, 2, 2 
21691, 2, 2 
52630, 2, 2 
35489, 2, 2 
46122, 2, 2 
23652, 2, 2 
49168, 2, 2 
57790, 2, 2 
35478, 2, 2 
37515, 2, 2 
36081, 2, 2 
11737, 2, 2 
28744, 2, 2 
43371, 2, 2 
15823, 2, 2 
1573, 2, 2 
25, 2, 2 
53658, 2, 2 
59374, 2, 2 
11081, 2, 2 
47706, 2, 2 
47143, 2, 2 
57284, 2, 2 
23229, 2, 2 
42310, 2, 2 
52373, 2, 2 
38061, 2, 2 
32523, 2, 2 
17973, 2, 2 
190, 2, 2 
27888, 2, 2 
7823, 2, 2 
52422, 2, 2 
51599, 2, 2 
16958, 2, 2 
22356, 2, 2 
46940, 2, 2 
40445, 2, 2 
39919, 2, 2 
20077, 2, 2 
5103, 2, 2 
15680, 2, 2 
22861, 2, 2 
28289, 2, 2 
31372, 2, 2 
16025, 2, 2 
12424, 2, 2 
57716, 2, 2 
43630, 2, 2 
46011, 2, 2 
58568, 2, 2 
4650, 2, 2 
35653, 2, 2 
47922, 2, 2 
27551, 2, 2 
50381, 2, 2 
2936, 2, 2 
45880, 2, 2 
49409, 2, 2 
31688, 2, 2 
29654, 2, 2 
10528, 2, 2 
2813, 2, 2 
22990, 2, 2 
40345, 2, 2 
45725, 2, 2 
9777, 2, 2 
5952, 2, 2 
51782, 2, 2 
10406, 2, 2 
55011, 2, 2 
31947, 2, 2 
21023, 2, 2 
4714, 2, 2 
3105, 2, 2 
13299, 2, 2 
22696, 2, 2 
38216, 2, 2 
54305, 2, 2 
46115, 2, 2 
57509, 2, 2 
57183, 2, 2 
44823, 2, 2 
52413, 2, 2 
46377, 2, 2 
18783, 2, 2 
54795, 2, 2 
53089, 2, 2 
45818, 2, 2 
24752, 2, 2 
19802, 2, 2 
27525, 2, 2 
39853, 2, 2 
5638, 2, 2 
1047, 2, 2 
11841, 2, 2 
45350, 2, 2 
22620, 2, 2 
7394, 2, 2 
51589, 2, 2 
59110, 2, 2 
26782, 2, 2 
3975, 2, 2 
9853, 2, 2 
58775, 2, 2 
40747, 2, 2 
3833, 2, 2 
25403, 2, 2 
35403, 2, 2 
17653, 2, 2 
55228, 2, 2 
21668, 2, 2 
1800, 2, 2 
56926, 2, 2 
24055, 2, 2 
46224, 2, 2 
6211, 2, 2 
21441, 2, 2 
36844, 2, 2 
59061, 2, 2 
32169, 2, 2 
54025, 2, 2 
2879, 2, 2 
42280, 2, 2 
43815, 2, 2 
38078, 2, 2 
48323, 2, 2 
56289, 2, 2 
53343, 2, 2 
57605, 2, 2 
58373, 2, 2 
25369, 2, 2 
49537, 2, 2 
365, 2, 2 
20055, 2, 2 
42474, 2, 2 
35483, 2, 2 
56088, 2, 2 
2693, 2, 2 
9855, 2, 2 
37918, 2, 2 
8609, 2, 2 
12871, 2, 2 
18764, 2, 2 
15905, 2, 2 
21073, 2, 2 
37696, 2, 2 
20967, 2, 2 
50840, 2, 2 
59706, 2, 2 
44195, 2, 2 
2625, 2, 2 
54978, 2, 2 
49834, 2, 2 
42991, 2, 2 
51118, 2, 2 
55202, 2, 2 
262, 2, 2 
58044, 2, 2 
11339, 2, 2 
29312, 2, 2 
34964, 2, 2 
11251, 2, 2 
51986, 2, 2 
53989, 2, 2 
49778, 2, 2 
31388, 2, 2 
1199, 2, 2 
36813, 2, 2 
53434, 2, 2 
51273, 2, 2 
17087, 2, 2 
19808, 2, 2 
2409, 2, 2 
58502, 2, 2 
12281, 2, 2 
45885, 2, 2 
38826, 2, 2 
4819, 2, 2 
25148, 2, 2 
48799, 2, 2 
35137, 2, 2 
584, 2, 2 
53709, 2, 2 
43576, 2, 2 
54857, 2, 2 
58409, 2, 2 
570, 2, 2 
41421, 2, 2 
48118, 2, 2 
34308, 2, 2 
35974, 2, 2 
23826, 2, 2 
12802, 2, 2 
34928, 2, 2 
11552, 2, 2 
17137, 2, 2 
3078, 2, 2 
50642, 2, 2 
15270, 2, 2 
55404, 2, 2 
2377, 2, 2 
20022, 2, 2 
57606, 2, 2 
5227, 2, 2 
24751, 2, 2 
4476, 2, 2 
31837, 2, 2 
20710, 2, 2 
14508, 2, 2 
49678, 3, 3 
7584, 3, 3 
29356, 3, 3 
34716, 3, 3 
15606, 3, 3 
10282, 3, 3 
37604, 3, 3 
12661, 3, 3 
4461, 3, 3 
19536, 3, 3 
35522, 3, 3 
36707, 3, 3 
27316, 3, 3 
51695, 3, 3 
21261, 3, 3 
58700, 3, 3 
19222, 3, 3 
37652, 3, 3 
54174, 3, 3 
38283, 3, 3 
54829, 3, 3 
18802, 3, 3 
50141, 3, 3 
2705, 3, 3 
30720, 3, 3 
760, 3, 3 
56449, 3, 3 
48551, 3, 3 
7771, 3, 3 
37765, 3, 3 
7147, 3, 3 
29246, 3, 3 
45959, 3, 3 
7966, 3, 3 
48662, 3, 3 
15022, 3, 3 
54879, 3, 3 
14283, 3, 3 
7283, 3, 3 
37054, 3, 3 
43773, 3, 3 
21930, 3, 3 
33970, 3, 3 
23810, 3, 3 
41767, 3, 3 
34828, 3, 3 
15233, 3, 3 
16078, 3, 3 
53156, 3, 3 
42114, 3, 3 
38565, 3, 3 
32376, 3, 3 
21487, 3, 3 
2180, 3, 3 
43494, 3, 3 
26165, 3, 3 
2895, 3, 3 
33186, 3, 3 
9612, 3, 3 
12153, 3, 3 
53488, 3, 3 
21685, 3, 3 
12109, 3, 3 
6561, 3, 3 
20430, 3, 3 
51211, 3, 3 
57804, 3, 3 
50175, 3, 3 
21582, 3, 3 
4234, 3, 3 
25346, 3, 3 
57527, 3, 3 
44338, 3, 3 
49948, 3, 3 
49648, 3, 3 
37186, 3, 3 
58021, 3, 3 
5270, 3, 3 
53560, 3, 3 
10865, 3, 3 
24867, 3, 3 
40121, 3, 3 
26732, 3, 3 
52690, 3, 3 
12100, 3, 3 
16386, 3, 3 
52096, 3, 3 
12345, 3, 3 
6032, 3, 3 
38451, 3, 3 
28371, 3, 3 
33729, 3, 3 
37745, 3, 3 
39100, 3, 3 
18249, 3, 3 
47329, 3, 3 
15850, 3, 3 
46157, 3, 3 
9663, 3, 3 
8192, 3, 3 
23101, 3, 3 
31664, 3, 3 
52692, 3, 3 
43301, 3, 3 
44477, 3, 3 
41453, 3, 3 
17328, 3, 3 
613, 3, 3 
32422, 3, 3 
26593, 3, 3 
14535, 3, 3 
45273, 3, 3 
40763, 3, 3 
26033, 3, 3 
53287, 3, 3 
7569, 3, 3 
12446, 3, 3 
51896, 3, 3 
33432, 3, 3 
23997, 3, 3 
51245, 3, 3 
46306, 3, 3 
49645, 3, 3 
28527, 3, 3 
53165, 3, 3 
24446, 3, 3 
6081, 3, 3 
30077, 3, 3 
42082, 3, 3 
9418, 3, 3 
25671, 3, 3 
17038, 3, 3 
22825, 3, 3 
18299, 3, 3 
56053, 3, 3 
27132, 3, 3 
58343, 3, 3 
46269, 3, 3 
56934, 3, 3 
45398, 3, 3 
30362, 3, 3 
33316, 3, 3 
43438, 3, 3 
341, 3, 3 
20553, 3, 3 
26702, 3, 3 
40020, 3, 3 
2468, 3, 3 
35859, 3, 3 
2915, 3, 3 
12437, 3, 3 
27486, 3, 3 
44380, 3, 3 
25409, 3, 3 
15251, 3, 3 
44630, 3, 3 
26662, 3, 3 
14529, 3, 3 
51706, 3, 3 
58327, 3, 3 
35086, 3, 3 
40337, 3, 3 
7065, 3, 3 
7046, 3, 3 
20673, 3, 3 
27870, 3, 3 
18375, 3, 3 
32811, 3, 3 
58495, 3, 3 
31349, 3, 3 
20096, 3, 3 
48355, 3, 3 
39240, 3, 3 
41233, 3, 3 
42954, 3, 3 
35911, 3, 3 
24059, 3, 3 
26358, 3, 3 
20946, 3, 3 
58410, 3, 3 
6415, 3, 3 
52252, 3, 3 
34384, 3, 3 
35366, 3, 3 
26149, 3, 3 
57207, 3, 3 
50000, 3, 3 
10644, 3, 3 
37314, 3, 3 
13376, 3, 3 
14863, 3, 3 
31936, 3, 3 
15816, 3, 3 
17997, 3, 3 
46854, 3, 3 
13670, 3, 3 
24783, 3, 3 
56995, 3, 3 
52134, 3, 3 
9797, 3, 3 
2786, 3, 3 
49329, 3, 3 
20708, 3, 3 
15647, 3, 3 
59356, 3, 3 
22231, 3, 3 
31952, 3, 3 
57635, 3, 3 
10214, 3, 3 
23043, 3, 3 
40904, 3, 3 
30895, 3, 3 
38927, 3, 3 
58541, 3, 3 
17077, 3, 3 
4263, 3, 3 
15968, 3, 3 
15335, 3, 3 
49433, 3, 3 
32563, 3, 3 
45854, 3, 3 
14223, 3, 3 
58311, 3, 3 
44497, 3, 3 
6892, 3, 3 
878, 3, 3 
39591, 3, 3 
14567, 3, 3 
8936, 3, 3 
15075, 3, 3 
8163, 3, 3 
21524, 3, 3 
59158, 3, 3 
405, 3, 3 
46329, 3, 3 
41639, 3, 3 
34802, 3, 3 
54910, 3, 3 
53039, 3, 3 
23221, 3, 3 
47913, 3, 3 
36149, 3, 3 
35030, 3, 3 
50679, 3, 3 
25630, 3, 3 
32157, 3, 3 
45612, 3, 3 
17139, 3, 3 
9779, 3, 3 
25164, 3, 3 
5102, 3, 3 
10902, 3, 3 
16569, 3, 3 
30379, 3, 3 
51811, 3, 3 
17710, 3, 3 
56875, 3, 3 
52209, 3, 3 
44456, 3, 3 
13656, 3, 3 
35458, 3, 3 
9637, 3, 3 
10453, 3, 3 
27518, 3, 3 
46098, 3, 3 
4328, 3, 3 
11545, 3, 3 
26488, 3, 3 
51230, 3, 3 
25107, 3, 3 
26449, 3, 3 
33000, 3, 3 
53457, 3, 3 
29913, 3, 3 
52864, 3, 3 
25231, 3, 3 
55017, 3, 3 
17127, 3, 3 
45400, 3, 3 
17040, 3, 3 
33583, 3, 3 
32539, 3, 3 
46709, 3, 3 
45983, 3, 3 
27755, 3, 3 
49410, 3, 3 
15656, 3, 3 
21525, 3, 3 
57990, 3, 3 
15008, 3, 3 
10, 3, 3 
45736, 3, 3 
46379, 3, 3 
53365, 3, 3 
33229, 3, 3 
31791, 3, 3 
35379, 3, 3 
34190, 3, 3 
28716, 3, 3 
32192, 3, 3 
2541, 3, 3 
279, 3, 3 
57533, 3, 3 
31042, 3, 3 
54430, 3, 3 
2207, 3, 3 
55640, 3, 3 
6543, 3, 3 
57739, 3, 3 
33132, 3, 3 
55106, 3, 3 
1631, 3, 3 
13242, 3, 3 
23202, 3, 3 
55688, 3, 3 
38089, 3, 3 
39928, 3, 3 
12895, 3, 3 
8948, 3, 3 
35422, 3, 3 
49477, 3, 3 
23024, 3, 3 
3471, 3, 3 
55665, 3, 3 
17575, 3, 3 
44312, 3, 3 
39143, 3, 3 
55580, 3, 3 
50516, 3, 3 
3347, 3, 3 
3233, 3, 3 
50253, 3, 3 
15377, 3, 3 
51617, 3, 3 
26555, 3, 3 
55732, 3, 3 
39741, 3, 3 
14045, 3, 3 
52974, 3, 3 
53609, 3, 3 
47367, 3, 3 
18796, 3, 3 
48849, 3, 3 
25453, 3, 3 
31379, 3, 3 
11075, 3, 3 
20540, 3, 3 
13615, 3, 3 
50964, 3, 3 
23022, 3, 3 
47834, 3, 3 
22029, 3, 3 
47455, 3, 3 
48482, 3, 3 
12124, 3, 3 
54020, 3, 3 
24735, 3, 3 
2931, 3, 3 
59228, 3, 3 
32940, 3, 3 
57195, 3, 3 
5284, 3, 3 
42476, 3, 3 
8055, 3, 3 
29266, 3, 3 
45946, 3, 3 
27115, 3, 3 
28841, 3, 3 
4808, 3, 3 
45441, 3, 3 
21075, 3, 3 
41740, 3, 3 
49789, 3, 3 
44519, 3, 3 
49055, 3, 3 
42054, 3, 3 
27540, 3, 3 
4246, 3, 3 
55743, 3, 3 
55377, 3, 3 
13288, 3, 3 
35376, 3, 3 
39222, 3, 3 
57781, 3, 3 
18001, 3, 3 
14761, 3, 3 
13707, 3, 3 
22741, 3, 3 
38989, 3, 3 
46005, 3, 3 
29642, 3, 3 
28391, 3, 3 
37229, 3, 3 
20451, 3, 3 
13983, 3, 3 
45727, 3, 3 
26307, 3, 3 
32885, 3, 3 
16427, 3, 3 
27866, 3, 3 
10511, 3, 3 
33491, 3, 3 
19941, 3, 3 
54915, 3, 3 
25685, 3, 3 
44782, 3, 3 
6539, 3, 3 
22315, 3, 3 
48935, 3, 3 
8635, 3, 3 
35180, 3, 3 
5640, 3, 3 
15639, 3, 3 
54603, 3, 3 
54727, 3, 3 
37209, 3, 3 
27389, 3, 3 
15125, 3, 3 
54856, 3, 3 
35803, 3, 3 
24145, 3, 3 
11539, 3, 3 
41385, 3, 3 
53740, 3, 3 
34987, 3, 3 
15201, 3, 3 
8018, 3, 3 
48396, 3, 3 
40490, 3, 3 
54706, 3, 3 
16311, 3, 3 
59891, 3, 3 
37132, 3, 3 
20942, 3, 3 
54524, 3, 3 
52585, 3, 3 
58678, 3, 3 
27527, 3, 3 
48445, 3, 3 
35631, 3, 3 
7881, 3, 3 
17421, 3, 3 
52810, 3, 3 
25116, 3, 3 
57974, 3, 3 
46918, 3, 3 
52917, 3, 3 
16564, 3, 3 
56398, 3, 3 
33722, 3, 3 
52027, 3, 3 
50935, 3, 3 
24350, 3, 3 
55485, 3, 3 
50613, 3, 3 
55705, 3, 3 
15769, 3, 3 
30974, 3, 3 
6784, 3, 3 
26691, 3, 3 
54730, 3, 3 
21284, 3, 3 
23572, 3, 3 
31723, 3, 3 
53182, 3, 3 
8557, 3, 3 
22643, 3, 3 
37021, 3, 3 
26534, 3, 3 
51536, 3, 3 
51903, 3, 3 
12775, 3, 3 
5562, 3, 3 
10882, 3, 3 
13836, 3, 3 
30650, 3, 3 
23483, 3, 3 
49821, 3, 3 
19302, 3, 3 
28613, 3, 3 
44058, 3, 3 
32284, 3, 3 
4256, 3, 3 
51142, 3, 3 
32025, 3, 3 
52435, 3, 3 
45545, 3, 3 
54746, 3, 3 
58550, 3, 3 
7332, 3, 3 
11705, 3, 3 
9037, 3, 3 
25586, 3, 3 
9293, 3, 3 
24251, 3, 3 
21689, 3, 3 
19575, 3, 3 
9146, 3, 3 
38894, 3, 3 
47689, 3, 3 
1176, 4, 4 
25662, 4, 4 
13441, 4, 4 
15543, 4, 4 
43657, 4, 4 
5623, 4, 4 
5854, 4, 4 
41293, 4, 4 
1160, 4, 4 
45724, 4, 4 
22394, 4, 4 
49423, 4, 4 
28551, 4, 4 
58380, 4, 4 
29688, 4, 4 
39812, 4, 4 
57208, 4, 4 
44998, 4, 4 
59300, 4, 4 
33426, 4, 4 
30745, 4, 4 
30763, 4, 4 
12731, 4, 4 
24869, 4, 4 
32369, 4, 4 
51482, 4, 4 
54427, 4, 4 
59026, 4, 4 
46112, 4, 4 
7464, 4, 4 
27959, 4, 4 
50405, 4, 4 
14904, 4, 4 
8399, 4, 4 
297, 4, 4 
2452, 4, 4 
25056, 4, 4 
53157, 4, 4 
48703, 4, 4 
51056, 4, 4 
57589, 4, 4 
30186, 4, 4 
53925, 4, 4 
1628, 4, 4 
47927, 4, 4 
15783, 4, 4 
30311, 4, 4 
30151, 4, 4 
57687, 4, 4 
19795, 4, 4 
39287, 4, 4 
10018, 4, 4 
36200, 4, 4 
26858, 4, 4 
55087, 4, 4 
2596, 4, 4 
26992, 4, 4 
26855, 4, 4 
19657, 4, 4 
23913, 4, 4 
39272, 4, 4 
23306, 4, 4 
41455, 4, 4 
18101, 4, 4 
1693, 4, 4 
1110, 4, 4 
16431, 4, 4 
28398, 4, 4 
1094, 4, 4 
38093, 4, 4 
8890, 4, 4 
46530, 4, 4 
46795, 4, 4 
4798, 4, 4 
20234, 4, 4 
33347, 4, 4 
16929, 4, 4 
4703, 4, 4 
3753, 4, 4 
11126, 4, 4 
37395, 4, 4 
55684, 4, 4 
1187, 4, 4 
16818, 4, 4 
55577, 4, 4 
13861, 4, 4 
22970, 4, 4 
36619, 4, 4 
4274, 4, 4 
3608, 4, 4 
53776, 4, 4 
15784, 4, 4 
48047, 4, 4 
44761, 4, 4 
5982, 4, 4 
32448, 4, 4 
2647, 4, 4 
5673, 4, 4 
54650, 4, 4 
14036, 4, 4 
1692, 4, 4 
5631, 4, 4 
56642, 4, 4 
11471, 4, 4 
43275, 4, 4 
53631, 4, 4 
44379, 4, 4 
21363, 4, 4 
17576, 4, 4 
37687, 4, 4 
55990, 4, 4 
19561, 4, 4 
28442, 4, 4 
46881, 4, 4 
8466, 4, 4 
42181, 4, 4 
7725, 4, 4 
24258, 4, 4 
9362, 4, 4 
49937, 4, 4 
11649, 4, 4 
42249, 4, 4 
42167, 4, 4 
30231, 4, 4 
3716, 4, 4 
35656, 4, 4 
16995, 4, 4 
15525, 4, 4 
45100, 4, 4 
14067, 4, 4 
52279, 4, 4 
53451, 4, 4 
29461, 4, 4 
34733, 4, 4 
19637, 4, 4 
28635, 4, 4 
33478, 4, 4 
2407, 4, 4 
43740, 4, 4 
3503, 4, 4 
56080, 4, 4 
53607, 4, 4 
57724, 4, 4 
46731, 4, 4 
541, 4, 4 
27351, 4, 4 
9172, 4, 4 
30554, 4, 4 
41913, 4, 4 
19192, 4, 4 
3459, 4, 4 
21296, 4, 4 
58992, 4, 4 
9282, 4, 4 
59219, 4, 4 
237, 4, 4 
25353, 4, 4 
17238, 4, 4 
11009, 4, 4 
28806, 4, 4 
23636, 4, 4 
36837, 4, 4 
34570, 4, 4 
1764, 4, 4 
44894, 4, 4 
17250, 4, 4 
58504, 4, 4 
12122, 4, 4 
39386, 4, 4 
51263, 4, 4 
20999, 4, 4 
49417, 4, 4 
31632, 4, 4 
18617, 4, 4 
35884, 4, 4 
9626, 4, 4 
33574, 4, 4 
30765, 4, 4 
4423, 4, 4 
18420, 4, 4 
41499, 4, 4 
32188, 4, 4 
22472, 4, 4 
21119, 4, 4 
25558, 4, 4 
53458, 4, 4 
49211, 4, 4 
35493, 4, 4 
39123, 4, 4 
9547, 4, 4 
43228, 4, 4 
16098, 4, 4 
27782, 4, 4 
4297, 4, 4 
56247, 4, 4 
54179, 4, 4 
21327, 4, 4 
55511, 4, 4 
44447, 4, 4 
11419, 4, 4 
58514, 4, 4 
2392, 4, 4 
217, 4, 4 
34101, 4, 4 
30593, 4, 4 
53654, 4, 4 
46059, 4, 4 
16338, 4, 4 
25644, 4, 4 
677, 4, 4 
32683, 4, 4 
52589, 4, 4 
20464, 4, 4 
18297, 4, 4 
53985, 4, 4 
55280, 4, 4 
54814, 4, 4 
30658, 4, 4 
44860, 4, 4 
38227, 4, 4 
877, 4, 4 
40392, 4, 4 
47431, 4, 4 
3911, 4, 4 
26288, 4, 4 
20484, 4, 4 
47240, 4, 4 
54419, 4, 4 
23197, 4, 4 
31817, 4, 4 
8579, 4, 4 
47750, 4, 4 
5813, 4, 4 
34756, 4, 4 
28034, 4, 4 
9867, 4, 4 
20197, 4, 4 
7611, 4, 4 
46711, 4, 4 
7843, 4, 4 
53052, 4, 4 
29606, 4, 4 
10997, 4, 4 
52128, 4, 4 
21849, 4, 4 
5891, 4, 4 
48120, 4, 4 
29929, 4, 4 
5064, 4, 4 
16551, 4, 4 
35771, 4, 4 
23528, 4, 4 
25184, 4, 4 
17891, 4, 4 
21246, 4, 4 
4417, 4, 4 
13443, 4, 4 
41381, 4, 4 
49858, 4, 4 
54742, 4, 4 
58478, 4, 4 
47701, 4, 4 
44712, 4, 4 
56740, 4, 4 
53613, 4, 4 
24527, 4, 4 
29228, 4, 4 
6323, 4, 4 
10888, 4, 4 
38047, 4, 4 
13564, 4, 4 
28426, 4, 4 
4197, 4, 4 
4757, 4, 4 
24668, 4, 4 
30215, 4, 4 
42858, 4, 4 
56375, 4, 4 
24885, 4, 4 
38253, 4, 4 
3639, 4, 4 
57524, 4, 4 
29946, 4, 4 
43571, 4, 4 
38385, 4, 4 
57835, 4, 4 
11496, 4, 4 
31814, 4, 4 
44053, 4, 4 
17801, 4, 4 
13271, 4, 4 
16851, 4, 4 
40163, 4, 4 
46384, 4, 4 
23375, 4, 4 
20665, 4, 4 
52222, 4, 4 
6095, 4, 4 
56802, 4, 4 
21340, 4, 4 
29256, 4, 4 
7965, 4, 4 
29358, 4, 4 
57873, 4, 4 
53327, 4, 4 
32602, 4, 4 
50022, 4, 4 
11824, 4, 4 
54158, 4, 4 
47211, 4, 4 
31448, 4, 4 
55753, 4, 4 
34357, 4, 4 
44711, 4, 4 
2896, 4, 4 
48068, 4, 4 
52417, 4, 4 
55538, 4, 4 
2829, 4, 4 
6653, 4, 4 
22418, 4, 4 
46324, 4, 4 
14086, 4, 4 
22771, 4, 4 
31223, 4, 4 
10737, 4, 4 
48195, 4, 4 
14528, 4, 4 
58555, 4, 4 
59042, 4, 4 
12577, 4, 4 
17730, 4, 4 
10172, 4, 4 
21517, 4, 4 
22839, 4, 4 
9746, 4, 4 
22818, 4, 4 
8037, 4, 4 
7357, 4, 4 
43604, 4, 4 
7596, 4, 4 
47215, 4, 4 
32125, 4, 4 
2256, 4, 4 
17842, 4, 4 
37528, 4, 4 
21480, 4, 4 
9436, 4, 4 
20651, 4, 4 
4038, 4, 4 
15294, 4, 4 
19875, 4, 4 
22051, 4, 4 
10960, 4, 4 
46894, 4, 4 
33117, 4, 4 
6490, 4, 4 
56676, 4, 4 
38710, 4, 4 
10633, 4, 4 
8768, 4, 4 
56477, 4, 4 
42507, 4, 4 
2294, 4, 4 
1580, 4, 4 
3074, 4, 4 
52642, 4, 4 
50879, 4, 4 
53025, 4, 4 
36494, 4, 4 
8215, 4, 4 
10912, 4, 4 
16605, 4, 4 
31114, 4, 4 
1308, 4, 4 
29764, 4, 4 
45578, 4, 4 
52402, 4, 4 
46022, 4, 4 
37712, 4, 4 
4877, 4, 4 
4890, 4, 4 
39486, 4, 4 
10812, 4, 4 
3340, 4, 4 
30321, 4, 4 
22933, 4, 4 
48962, 4, 4 
55821, 4, 4 
16037, 4, 4 
43700, 4, 4 
13071, 4, 4 
30463, 4, 4 
38201, 4, 4 
45391, 4, 4 
21817, 4, 4 
19017, 4, 4 
48970, 4, 4 
16251, 4, 4 
50486, 4, 4 
48442, 4, 4 
17823, 4, 4 
40827, 4, 4 
3240, 4, 4 
40361, 4, 4 
2109, 4, 4 
30863, 4, 4 
25884, 4, 4 
19112, 4, 4 
29866, 4, 4 
23999, 4, 4 
55239, 4, 4 
18604, 4, 4 
50203, 4, 4 
22607, 4, 4 
20396, 4, 4 
24287, 4, 4 
2484, 4, 4 
8695, 4, 4 
14652, 4, 4 
27514, 4, 4 
2874, 4, 4 
56146, 4, 4 
41319, 4, 4 
53226, 4, 4 
4172, 4, 4 
54567, 4, 4 
9984, 4, 4 
35482, 4, 4 
33614, 4, 4 
31793, 4, 4 
41885, 4, 4 
58194, 4, 4 
58984, 4, 4 
50149, 4, 4 
14482, 4, 4 
14865, 4, 4 
55673, 4, 4 
15420, 4, 4 
4174, 4, 4 
41825, 4, 4 
59582, 4, 4 
5195, 4, 4 
41993, 4, 4 
14415, 4, 4 
37328, 4, 4 
3496, 4, 4 
40234, 4, 4 
28487, 4, 4 
12075, 4, 4 
18582, 4, 4 
2665, 4, 4 
57937, 4, 4 
663, 4, 4 
26296, 4, 4 
52703, 4, 4 
3091, 4, 4 
5406, 4, 4 
13052, 4, 4 
4436, 4, 4 
5989, 4, 4 
10196, 4, 4 
52681, 4, 4 
24669, 4, 4 
4099, 4, 4 
44587, 4, 4 
7011, 4, 4 
54960, 4, 4 
18730, 4, 4 
14349, 4, 4 
25292, 4, 4 
45069, 4, 4 
12505, 4, 4 
17450, 4, 4 
45234, 4, 4 
19608, 4, 4 
23188, 4, 4 
5138, 4, 4 
22747, 4, 4 
46230, 4, 4 
47691, 4, 4 
38630, 4, 4 
55004, 4, 4 
36726, 4, 4 
51146, 4, 4 
27901, 4, 4 
25175, 4, 4 
10626, 4, 4 
36634, 4, 4 
35392, 4, 4 
50416, 4, 4 
48520, 4, 4 
10809, 4, 4 
26109, 4, 4 
2034, 4, 4 
29135, 4, 4 
55776, 4, 4 
44765, 4, 4 
56422, 4, 4 
34530, 4, 4 
4908, 5, 5 
59906, 5, 5 
2478, 5, 5 
8128, 5, 5 
45870, 5, 5 
58381, 5, 5 
30566, 5, 5 
30323, 5, 5 
23183, 5, 5 
1311, 5, 5 
12386, 5, 5 
49470, 5, 5 
9384, 5, 5 
44404, 5, 5 
32501, 5, 5 
17494, 5, 5 
10432, 5, 5 
1785, 5, 5 
748, 5, 5 
5157, 5, 5 
43508, 5, 5 
18947, 5, 5 
41127, 5, 5 
58757, 5, 5 
28606, 5, 5 
36989, 5, 5 
20854, 5, 5 
57025, 5, 5 
2527, 5, 5 
39374, 5, 5 
46891, 5, 5 
21484, 5, 5 
45452, 5, 5 
7865, 5, 5 
49611, 5, 5 
25891, 5, 5 
46086, 5, 5 
3378, 5, 5 
50649, 5, 5 
2049, 5, 5 
31252, 5, 5 
27400, 5, 5 
14659, 5, 5 
417, 5, 5 
10871, 5, 5 
40350, 5, 5 
38266, 5, 5 
14806, 5, 5 
26037, 5, 5 
27154, 5, 5 
15874, 5, 5 
36111, 5, 5 
44753, 5, 5 
49367, 5, 5 
17920, 5, 5 
19867, 5, 5 
9568, 5, 5 
48847, 5, 5 
23824, 5, 5 
56038, 5, 5 
16908, 5, 5 
41610, 5, 5 
16257, 5, 5 
29977, 5, 5 
49895, 5, 5 
50332, 5, 5 
46890, 5, 5 
38569, 5, 5 
2857, 5, 5 
1206, 5, 5 
41582, 5, 5 
4625, 5, 5 
43402, 5, 5 
21385, 5, 5 
11115, 5, 5 
39381, 5, 5 
47940, 5, 5 
3385, 5, 5 
22015, 5, 5 
32711, 5, 5 
306, 5, 5 
22396, 5, 5 
20093, 5, 5 
21754, 5, 5 
36885, 5, 5 
25997, 5, 5 
37181, 5, 5 
21550, 5, 5 
41945, 5, 5 
3219, 5, 5 
31499, 5, 5 
27375, 5, 5 
46787, 5, 5 
1806, 5, 5 
32248, 5, 5 
46453, 5, 5 
35040, 5, 5 
58739, 5, 5 
29006, 5, 5 
8010, 5, 5 
50779, 5, 5 
32537, 5, 5 
40326, 5, 5 
24730, 5, 5 
25765, 5, 5 
17338, 5, 5 
47250, 5, 5 
13749, 5, 5 
32393, 5, 5 
57165, 5, 5 
52767, 5, 5 
30817, 5, 5 
4666, 5, 5 
1795, 5, 5 
32755, 5, 5 
2758, 5, 5 
43780, 5, 5 
48533, 5, 5 
6527, 5, 5 
24217, 5, 5 
10386, 5, 5 
13602, 5, 5 
45667, 5, 5 
45534, 5, 5 
14828, 5, 5 
19318, 5, 5 
59212, 5, 5 
47848, 5, 5 
12891, 5, 5 
26131, 5, 5 
26066, 5, 5 
46019, 5, 5 
32923, 5, 5 
26552, 5, 5 
35799, 5, 5 
43805, 5, 5 
43837, 5, 5 
29462, 5, 5 
38378, 5, 5 
33221, 5, 5 
53844, 5, 5 
24951, 5, 5 
11695, 5, 5 
38113, 5, 5 
32080, 5, 5 
22244, 5, 5 
41772, 5, 5 
1887, 5, 5 
44674, 5, 5 
41521, 5, 5 
57088, 5, 5 
18151, 5, 5 
36244, 5, 5 
38817, 5, 5 
59400, 5, 5 
31900, 5, 5 
37817, 5, 5 
51605, 5, 5 
12626, 5, 5 
27224, 5, 5 
21782, 5, 5 
38612, 5, 5 
54260, 5, 5 
48348, 5, 5 
50252, 5, 5 
13533, 5, 5 
29880, 5, 5 
10056, 5, 5 
29316, 5, 5 
22827, 5, 5 
7112, 5, 5 
1509, 5, 5 
16084, 5, 5 
47016, 5, 5 
2250, 5, 5 
1991, 5, 5 
58535, 5, 5 
44760, 5, 5 
31031, 5, 5 
18875, 5, 5 
7235, 5, 5 
10316, 5, 5 
32870, 5, 5 
28340, 5, 5 
38414, 5, 5 
13058, 5, 5 
54230, 5, 5 
21976, 5, 5 
2933, 5, 5 
46378, 5, 5 
26823, 5, 5 
6200, 5, 5 
50091, 5, 5 
22102, 5, 5 
31186, 5, 5 
13040, 5, 5 
10665, 5, 5 
1104, 5, 5 
38830, 5, 5 
28231, 5, 5 
25273, 5, 5 
33448, 5, 5 
57639, 5, 5 
39952, 5, 5 
33420, 5, 5 
19106, 5, 5 
34877, 5, 5 
57787, 5, 5 
18476, 5, 5 
19175, 5, 5 
19825, 5, 5 
4562, 5, 5 
45134, 5, 5 
48069, 5, 5 
8479, 5, 5 
51844, 5, 5 
28172, 5, 5 
100, 5, 5 
42509, 5, 5 
18808, 5, 5 
59810, 5, 5 
23336, 5, 5 
3085, 5, 5 
21873, 5, 5 
16471, 5, 5 
31415, 5, 5 
42436, 5, 5 
59590, 5, 5 
59823, 5, 5 
36663, 5, 5 
59574, 5, 5 
51425, 5, 5 
53732, 5, 5 
35171, 5, 5 
1978, 5, 5 
48800, 5, 5 
21433, 5, 5 
14917, 5, 5 
52875, 5, 5 
30402, 5, 5 
13165, 5, 5 
29781, 5, 5 
35326, 5, 5 
7845, 5, 5 
59311, 5, 5 
38931, 5, 5 
28748, 5, 5 
1288, 5, 5 
19422, 5, 5 
18005, 5, 5 
57987, 5, 5 
55795, 5, 5 
53812, 5, 5 
8245, 5, 5 
51792, 5, 5 
39208, 5, 5 
32397, 5, 5 
26493, 5, 5 
52608, 5, 5 
25747, 5, 5 
36173, 5, 5 
29817, 5, 5 
58165, 5, 5 
44390, 5, 5 
44928, 5, 5 
26918, 5, 5 
39513, 5, 5 
51795, 5, 5 
20890, 5, 5 
14074, 5, 5 
56363, 5, 5 
10385, 5, 5 
55886, 5, 5 
50718, 5, 5 
33137, 5, 5 
53907, 5, 5 
20038, 5, 5 
19590, 5, 5 
30042, 5, 5 
14543, 5, 5 
26466, 5, 5 
39940, 5, 5 
39903, 5, 5 
59133, 5, 5 
50406, 5, 5 
24097, 5, 5 
40268, 5, 5 
46448, 5, 5 
37016, 5, 5 
54862, 5, 5 
44253, 5, 5 
36756, 5, 5 
47952, 5, 5 
35953, 5, 5 
43867, 5, 5 
42864, 5, 5 
24317, 5, 5 
55356, 5, 5 
4969, 5, 5 
32283, 5, 5 
25659, 5, 5 
16072, 5, 5 
49481, 5, 5 
44494, 5, 5 
49107, 5, 5 
24310, 5, 5 
17869, 5, 5 
36896, 5, 5 
10035, 5, 5 
7276, 5, 5 
23514, 5, 5 
36453, 5, 5 
9330, 5, 5 
47609, 5, 5 
44341, 5, 5 
26553, 5, 5 
33909, 5, 5 
13991, 5, 5 
36059, 5, 5 
52108, 5, 5 
53759, 5, 5 
1702, 5, 5 
10370, 5, 5 
57128, 5, 5 
35406, 5, 5 
57081, 5, 5 
27668, 5, 5 
46312, 5, 5 
18417, 5, 5 
43946, 5, 5 
29268, 5, 5 
39725, 5, 5 
10051, 5, 5 
32324, 5, 5 
14180, 5, 5 
7531, 5, 5 
54671, 5, 5 
11817, 5, 5 
39416, 5, 5 
13724, 5, 5 
30217, 5, 5 
21027, 5, 5 
42910, 5, 5 
26283, 5, 5 
52057, 5, 5 
56661, 5, 5 
52507, 5, 5 
26648, 5, 5 
25654, 5, 5 
173, 5, 5 
7081, 5, 5 
44939, 5, 5 
29384, 5, 5 
38194, 5, 5 
49842, 5, 5 
20266, 5, 5 
56517, 5, 5 
30514, 5, 5 
45211, 5, 5 
18248, 5, 5 
14085, 5, 5 
41140, 5, 5 
44235, 5, 5 
30390, 5, 5 
21210, 5, 5 
29174, 5, 5 
43021, 5, 5 
41674, 5, 5 
4617, 5, 5 
17739, 5, 5 
15810, 5, 5 
12507, 5, 5 
18934, 5, 5 
7998, 5, 5 
4573, 5, 5 
53356, 5, 5 
44292, 5, 5 
13120, 5, 5 
23252, 5, 5 
35228, 5, 5 
37992, 5, 5 
15819, 5, 5 
19797, 5, 5 
34139, 5, 5 
239, 5, 5 
43218, 5, 5 
8668, 5, 5 
39945, 5, 5 
46102, 5, 5 
31772, 5, 5 
38592, 5, 5 
48826, 5, 5 
879, 5, 5 
58976, 5, 5 
25778, 5, 5 
25539, 5, 5 
42334, 5, 5 
35268, 5, 5 
36918, 5, 5 
53942, 5, 5 
12021, 5, 5 
27777, 5, 5 
37805, 5, 5 
34438, 5, 5 
45624, 5, 5 
9376, 5, 5 
44480, 5, 5 
56054, 5, 5 
51385, 5, 5 
22973, 5, 5 
39493, 5, 5 
28209, 5, 5 
13284, 5, 5 
28939, 5, 5 
49094, 5, 5 
9320, 5, 5 
3118, 5, 5 
25203, 5, 5 
52106, 5, 5 
41435, 5, 5 
54914, 5, 5 
51050, 5, 5 
31687, 5, 5 
54500, 5, 5 
3129, 5, 5 
59609, 5, 5 
11310, 5, 5 
11397, 5, 5 
53069, 5, 5 
699, 5, 5 
24107, 5, 5 
32943, 5, 5 
29892, 5, 5 
1824, 5, 5 
51040, 5, 5 
4961, 5, 5 
11599, 5, 5 
24324, 5, 5 
29940, 5, 5 
516, 5, 5 
41072, 5, 5 
24166, 5, 5 
19077, 5, 5 
42428, 5, 5 
56229, 5, 5 
39966, 5, 5 
58604, 5, 5 
59546, 5, 5 
3685, 5, 5 
53063, 5, 5 
55396, 5, 5 
26771, 5, 5 
55248, 5, 5 
14742, 5, 5 
4596, 5, 5 
22264, 5, 5 
17387, 5, 5 
10192, 5, 5 
42108, 5, 5 
2622, 5, 5 
10434, 5, 5 
2313, 5, 5 
14887, 5, 5 
3613, 5, 5 
23733, 5, 5 
52264, 5, 5 
26098, 5, 5 
34858, 5, 5 
36736, 5, 5 
30482, 5, 5 
24056, 5, 5 
58040, 5, 5 
41754, 5, 5 
19944, 5, 5 
32040, 5, 5 
36252, 5, 5 
43696, 5, 5 
51345, 5, 5 
43957, 5, 5 
56554, 5, 5 
12341, 5, 5 
3921, 5, 5 
10742, 5, 5 
15996, 5, 5 
12566, 5, 5 
42046, 5, 5 
30853, 5, 5 
19429, 5, 5 
13551, 5, 5 
12092, 5, 5 
28057, 5, 5 
26018, 5, 5 
36381, 5, 5 
36579, 5, 5 
51251, 5, 5 
11706, 5, 5 
34041, 5, 5 
52970, 5, 5 
24660, 5, 5 
41152, 5, 5 
52005, 6, 6 
14747, 6, 6 
53106, 6, 6 
33209, 6, 6 
33035, 6, 6 
9316, 6, 6 
58115, 6, 6 
38659, 6, 6 
32113, 6, 6 
58724, 6, 6 
16070, 6, 6 
12801, 6, 6 
5141, 6, 6 
41546, 6, 6 
17843, 6, 6 
26946, 6, 6 
39180, 6, 6 
57691, 6, 6 
14565, 6, 6 
43581, 6, 6 
47807, 6, 6 
9120, 6, 6 
3187, 6, 6 
19710, 6, 6 
23421, 6, 6 
49505, 6, 6 
4818, 6, 6 
37973, 6, 6 
26603, 6, 6 
15638, 6, 6 
23924, 6, 6 
15051, 6, 6 
41308, 6, 6 
1091, 6, 6 
37350, 6, 6 
26345, 6, 6 
42325, 6, 6 
55627, 6, 6 
39177, 6, 6 
30755, 6, 6 
19408, 6, 6 
29028, 6, 6 
7342, 6, 6 
52461, 6, 6 
23758, 6, 6 
26394, 6, 6 
51295, 6, 6 
49624, 6, 6 
38699, 6, 6 
1504, 6, 6 
35079, 6, 6 
46209, 6, 6 
286, 6, 6 
59065, 6, 6 
59693, 6, 6 
36724, 6, 6 
22803, 6, 6 
59924, 6, 6 
32477, 6, 6 
32431, 6, 6 
5593, 6, 6 
22939, 6, 6 
33513, 6, 6 
15004, 6, 6 
12509, 6, 6 
36175, 6, 6 
9802, 6, 6 
52380, 6, 6 
39388, 6, 6 
8384, 6, 6 
30314, 6, 6 
10650, 6, 6 
31797, 6, 6 
31516, 6, 6 
26253, 6, 6 
15870, 6, 6 
39043, 6, 6 
25771, 6, 6 
59549, 6, 6 
44441, 6, 6 
54945, 6, 6 
2828, 6, 6 
3947, 6, 6 
46750, 6, 6 
13011, 6, 6 
19701, 6, 6 
47699, 6, 6 
59359, 6, 6 
36079, 6, 6 
11390, 6, 6 
31568, 6, 6 
12411, 6, 6 
7867, 6, 6 
6927, 6, 6 
8326, 6, 6 
26375, 6, 6 
36308, 6, 6 
44238, 6, 6 
36237, 6, 6 
38479, 6, 6 
21185, 6, 6 
8638, 6, 6 
34003, 6, 6 
41198, 6, 6 
45224, 6, 6 
17093, 6, 6 
55720, 6, 6 
44655, 6, 6 
51518, 6, 6 
35868, 6, 6 
36144, 6, 6 
4673, 6, 6 
17933, 6, 6 
45410, 6, 6 
39372, 6, 6 
18848, 6, 6 
50199, 6, 6 
13780, 6, 6 
25141, 6, 6 
26384, 6, 6 
3559, 6, 6 
3757, 6, 6 
17814, 6, 6 
40717, 6, 6 
3221, 6, 6 
29795, 6, 6 
51805, 6, 6 
11316, 6, 6 
43305, 6, 6 
21585, 6, 6 
15257, 6, 6 
28302, 6, 6 
6975, 6, 6 
42912, 6, 6 
40229, 6, 6 
32058, 6, 6 
48188, 6, 6 
9468, 6, 6 
56885, 6, 6 
38431, 6, 6 
33548, 6, 6 
25165, 6, 6 
10552, 6, 6 
29096, 6, 6 
1637, 6, 6 
38925, 6, 6 
1204, 6, 6 
32803, 6, 6 
35411, 6, 6 
47778, 6, 6 
17326, 6, 6 
51700, 6, 6 
4990, 6, 6 
24592, 6, 6 
24616, 6, 6 
45225, 6, 6 
37581, 6, 6 
13427, 6, 6 
36746, 6, 6 
8153, 6, 6 
19523, 6, 6 
34285, 6, 6 
41890, 6, 6 
43063, 6, 6 
8290, 6, 6 
54265, 6, 6 
41790, 6, 6 
13349, 6, 6 
55162, 6, 6 
32754, 6, 6 
55590, 6, 6 
1985, 6, 6 
3861, 6, 6 
1898, 6, 6 
33100, 6, 6 
59431, 6, 6 
42689, 6, 6 
35184, 6, 6 
55274, 6, 6 
15166, 6, 6 
27653, 6, 6 
33135, 6, 6 
13375, 6, 6 
57029, 6, 6 
33272, 6, 6 
16632, 6, 6 
59257, 6, 6 
10108, 6, 6 
55134, 6, 6 
48366, 6, 6 
59540, 6, 6 
45335, 6, 6 
16747, 6, 6 
35817, 6, 6 
3036, 6, 6 
39379, 6, 6 
38642, 6, 6 
51378, 6, 6 
50294, 6, 6 
19954, 6, 6 
38400, 6, 6 
21684, 6, 6 
8846, 6, 6 
43457, 6, 6 
40023, 6, 6 
8797, 6, 6 
28898, 6, 6 
12231, 6, 6 
2756, 6, 6 
17601, 6, 6 
47715, 6, 6 
48278, 6, 6 
12980, 6, 6 
62, 6, 6 
40501, 6, 6 
9497, 6, 6 
16538, 6, 6 
40642, 6, 6 
2590, 6, 6 
12047, 6, 6 
14101, 6, 6 
36616, 6, 6 
27887, 6, 6 
25638, 6, 6 
27775, 6, 6 
24957, 6, 6 
11098, 6, 6 
5671, 6, 6 
41842, 6, 6 
38050, 6, 6 
21103, 6, 6 
52678, 6, 6 
13306, 6, 6 
19462, 6, 6 
30716, 6, 6 
53717, 6, 6 
6281, 6, 6 
50888, 6, 6 
11253, 6, 6 
2631, 6, 6 
38681, 6, 6 
34915, 6, 6 
23765, 6, 6 
13444, 6, 6 
13709, 6, 6 
8697, 6, 6 
32002, 6, 6 
9000, 6, 6 
34049, 6, 6 
49047, 6, 6 
40367, 6, 6 
30036, 6, 6 
6551, 6, 6 
2516, 6, 6 
29389, 6, 6 
32325, 6, 6 
241, 6, 6 
1493, 6, 6 
45914, 6, 6 
47376, 6, 6 
41268, 6, 6 
41410, 6, 6 
58166, 6, 6 
27415, 6, 6 
10754, 6, 6 
33689, 6, 6 
53007, 6, 6 
59098, 6, 6 
26124, 6, 6 
25135, 6, 6 
52374, 6, 6 
5600, 6, 6 
3814, 6, 6 
5159, 6, 6 
3392, 6, 6 
3919, 6, 6 
50865, 6, 6 
38895, 6, 6 
2910, 6, 6 
41572, 6, 6 
29526, 6, 6 
57233, 6, 6 
9574, 6, 6 
52957, 6, 6 
45552, 6, 6 
26019, 6, 6 
28339, 6, 6 
58686, 6, 6 
53179, 6, 6 
53057, 6, 6 
59770, 6, 6 
18430, 6, 6 
32500, 6, 6 
45839, 6, 6 
5365, 6, 6 
44932, 6, 6 
25559, 6, 6 
25374, 6, 6 
52976, 6, 6 
13593, 6, 6 
15417, 6, 6 
39934, 6, 6 
2967, 6, 6 
23905, 6, 6 
44644, 6, 6 
56619, 6, 6 
58516, 6, 6 
31741, 6, 6 
27962, 6, 6 
2061, 6, 6 
18971, 6, 6 
44735, 6, 6 
2148, 6, 6 
10709, 6, 6 
8799, 6, 6 
30576, 6, 6 
21764, 6, 6 
45757, 6, 6 
59509, 6, 6 
15441, 6, 6 
38875, 6, 6 
11000, 6, 6 
43413, 6, 6 
24754, 6, 6 
42072, 6, 6 
59347, 6, 6 
36305, 6, 6 
50425, 6, 6 
16469, 6, 6 
24003, 6, 6 
32631, 6, 6 
25424, 6, 6 
46491, 6, 6 
38084, 6, 6 
19960, 6, 6 
8981, 6, 6 
20486, 6, 6 
28721, 6, 6 
23416, 6, 6 
14632, 6, 6 
28440, 6, 6 
367, 6, 6 
34748, 6, 6 
31557, 6, 6 
33328, 6, 6 
25351, 6, 6 
34247, 6, 6 
1782, 6, 6 
14248, 6, 6 
14072, 6, 6 
30157, 6, 6 
13245, 6, 6 
27704, 6, 6 
19228, 6, 6 
3123, 6, 6 
40395, 6, 6 
18330, 6, 6 
56211, 6, 6 
26754, 6, 6 
44635, 6, 6 
23566, 6, 6 
4349, 6, 6 
31612, 6, 6 
51446, 6, 6 
7724, 6, 6 
56405, 6, 6 
45154, 6, 6 
6657, 6, 6 
25769, 6, 6 
28934, 6, 6 
14109, 6, 6 
18869, 6, 6 
6581, 6, 6 
59237, 6, 6 
18267, 6, 6 
24458, 6, 6 
14677, 6, 6 
29437, 6, 6 
34601, 6, 6 
23107, 6, 6 
42247, 6, 6 
4430, 6, 6 
16933, 6, 6 
52856, 6, 6 
42723, 6, 6 
51788, 6, 6 
10275, 6, 6 
56240, 6, 6 
49865, 6, 6 
42996, 6, 6 
25572, 6, 6 
2925, 6, 6 
35988, 6, 6 
18911, 6, 6 
55942, 6, 6 
26321, 6, 6 
43673, 6, 6 
4301, 6, 6 
28083, 6, 6 
17001, 6, 6 
45376, 6, 6 
19431, 6, 6 
53318, 6, 6 
8265, 6, 6 
24423, 6, 6 
17309, 6, 6 
28590, 6, 6 
35683, 6, 6 
11483, 6, 6 
41517, 6, 6 
20291, 6, 6 
36866, 6, 6 
58629, 6, 6 
30454, 6, 6 
46309, 6, 6 
47564, 6, 6 
31924, 6, 6 
32370, 6, 6 
39121, 6, 6 
3873, 6, 6 
5274, 6, 6 
20153, 6, 6 
11461, 6, 6 
45934, 6, 6 
41157, 6, 6 
36637, 6, 6 
597, 6, 6 
44941, 6, 6 
9295, 6, 6 
17829, 6, 6 
34698, 6, 6 
46632, 6, 6 
22851, 6, 6 
13468, 6, 6 
31736, 6, 6 
57577, 6, 6 
33730, 6, 6 
38156, 6, 6 
26606, 6, 6 
48276, 6, 6 
46186, 6, 6 
30911, 6, 6 
27923, 6, 6 
50159, 6, 6 
36881, 6, 6 
32205, 6, 6 
43925, 6, 6 
49827, 6, 6 
37993, 6, 6 
51728, 6, 6 
58435, 6, 6 
4463, 6, 6 
49066, 6, 6 
1582, 6, 6 
34447, 6, 6 
39137, 6, 6 
55447, 6, 6 
32302, 6, 6 
35026, 6, 6 
5018, 6, 6 
6201, 6, 6 
57260, 6, 6 
33782, 6, 6 
19298, 6, 6 
4477, 6, 6 
54383, 6, 6 
24585, 6, 6 
34879, 6, 6 
37966, 6, 6 
18788, 6, 6 
41459, 6, 6 
44809, 6, 6 
56972, 6, 6 
10053, 6, 6 
4702, 6, 6 
46594, 6, 6 
13035, 6, 6 
27306, 6, 6 
29872, 6, 6 
33901, 6, 6 
37577, 6, 6 
24871, 6, 6 
3700, 6, 6 
42475, 6, 6 
45558, 6, 6 
54969, 6, 6 
8417, 6, 6 
28333, 6, 6 
494, 6, 6 
395, 6, 6 
55273, 6, 6 
29138, 6, 6 
5485, 6, 6 
5879, 6, 6 
20286, 6, 6 
10836, 6, 6 
36660, 6, 6 
20998, 6, 6 
43485, 6, 6 
20076, 6, 6 
45618, 7, 7 
43470, 7, 7 
4726, 7, 7 
20255, 7, 7 
27302, 7, 7 
50681, 7, 7 
40590, 7, 7 
59276, 7, 7 
47677, 7, 7 
19379, 7, 7 
30599, 7, 7 
36843, 7, 7 
28620, 7, 7 
58299, 7, 7 
49365, 7, 7 
40681, 7, 7 
13158, 7, 7 
2229, 7, 7 
26097, 7, 7 
34314, 7, 7 
51113, 7, 7 
13744, 7, 7 
29954, 7, 7 
40937, 7, 7 
25982, 7, 7 
9854, 7, 7 
55724, 7, 7 
6397, 7, 7 
18037, 7, 7 
1042, 7, 7 
44737, 7, 7 
33920, 7, 7 
59379, 7, 7 
25904, 7, 7 
39579, 7, 7 
12921, 7, 7 
20155, 7, 7 
32428, 7, 7 
33280, 7, 7 
49024, 7, 7 
56749, 7, 7 
37853, 7, 7 
786, 7, 7 
31558, 7, 7 
28621, 7, 7 
30155, 7, 7 
47307, 7, 7 
33123, 7, 7 
42725, 7, 7 
41928, 7, 7 
12420, 7, 7 
43719, 7, 7 
35834, 7, 7 
25355, 7, 7 
15690, 7, 7 
44170, 7, 7 
2095, 7, 7 
34690, 7, 7 
35871, 7, 7 
38534, 7, 7 
26076, 7, 7 
53612, 7, 7 
23260, 7, 7 
47536, 7, 7 
23932, 7, 7 
51568, 7, 7 
58485, 7, 7 
32363, 7, 7 
57534, 7, 7 
51634, 7, 7 
19262, 7, 7 
2173, 7, 7 
50849, 7, 7 
35637, 7, 7 
46076, 7, 7 
51971, 7, 7 
15087, 7, 7 
40323, 7, 7 
23153, 7, 7 
21396, 7, 7 
58907, 7, 7 
46771, 7, 7 
3751, 7, 7 
34998, 7, 7 
37193, 7, 7 
55021, 7, 7 
59724, 7, 7 
4285, 7, 7 
35544, 7, 7 
55535, 7, 7 
30841, 7, 7 
43337, 7, 7 
57653, 7, 7 
7386, 7, 7 
6597, 7, 7 
33430, 7, 7 
16962, 7, 7 
46340, 7, 7 
11937, 7, 7 
34160, 7, 7 
53911, 7, 7 
22528, 7, 7 
30759, 7, 7 
16524, 7, 7 
29783, 7, 7 
11220, 7, 7 
11180, 7, 7 
12537, 7, 7 
2609, 7, 7 
8377, 7, 7 
22651, 7, 7 
49846, 7, 7 
55079, 7, 7 
38184, 7, 7 
32122, 7, 7 
9588, 7, 7 
54167, 7, 7 
18204, 7, 7 
56892, 7, 7 
58197, 7, 7 
30414, 7, 7 
36613, 7, 7 
5568, 7, 7 
148, 7, 7 
41113, 7, 7 
12601, 7, 7 
19184, 7, 7 
53274, 7, 7 
46671, 7, 7 
51839, 7, 7 
34454, 7, 7 
41224, 7, 7 
48453, 7, 7 
15106, 7, 7 
51752, 7, 7 
42363, 7, 7 
16514, 7, 7 
10841, 7, 7 
12165, 7, 7 
21514, 7, 7 
35291, 7, 7 
18825, 7, 7 
12491, 7, 7 
5312, 7, 7 
36498, 7, 7 
53666, 7, 7 
57344, 7, 7 
52337, 7, 7 
25110, 7, 7 
8375, 7, 7 
24044, 7, 7 
36758, 7, 7 
54118, 7, 7 
52339, 7, 7 
16528, 7, 7 
56096, 7, 7 
38244, 7, 7 
20921, 7, 7 
43821, 7, 7 
28362, 7, 7 
41558, 7, 7 
12373, 7, 7 
27944, 7, 7 
34516, 7, 7 
56543, 7, 7 
6339, 7, 7 
28145, 7, 7 
39925, 7, 7 
8949, 7, 7 
6476, 7, 7 
12413, 7, 7 
17373, 7, 7 
29850, 7, 7 
15425, 7, 7 
3228, 7, 7 
34676, 7, 7 
5754, 7, 7 
28520, 7, 7 
36925, 7, 7 
52750, 7, 7 
2835, 7, 7 
52173, 7, 7 
42977, 7, 7 
54638, 7, 7 
6752, 7, 7 
24639, 7, 7 
44059, 7, 7 
27219, 7, 7 
1400, 7, 7 
29948, 7, 7 
3249, 7, 7 
44896, 7, 7 
41615, 7, 7 
54643, 7, 7 
29482, 7, 7 
43969, 7, 7 
49116, 7, 7 
58272, 7, 7 
26964, 7, 7 
6241, 7, 7 
4984, 7, 7 
26826, 7, 7 
51103, 7, 7 
41240, 7, 7 
15410, 7, 7 
49120, 7, 7 
34666, 7, 7 
21123, 7, 7 
20295, 7, 7 
39439, 7, 7 
9001, 7, 7 
41725, 7, 7 
42592, 7, 7 
13091, 7, 7 
29184, 7, 7 
49301, 7, 7 
9022, 7, 7 
562, 7, 7 
38144, 7, 7 
18170, 7, 7 
26218, 7, 7 
20260, 7, 7 
23609, 7, 7 
4528, 7, 7 
13027, 7, 7 
29797, 7, 7 
15643, 7, 7 
48866, 7, 7 
42163, 7, 7 
51335, 7, 7 
8267, 7, 7 
17961, 7, 7 
22129, 7, 7 
34434, 7, 7 
53261, 7, 7 
28675, 7, 7 
5968, 7, 7 
15192, 7, 7 
954, 7, 7 
3236, 7, 7 
38607, 7, 7 
1001, 7, 7 
41297, 7, 7 
55409, 7, 7 
15513, 7, 7 
45777, 7, 7 
2574, 7, 7 
33103, 7, 7 
31730, 7, 7 
34344, 7, 7 
57502, 7, 7 
49553, 7, 7 
34267, 7, 7 
38794, 7, 7 
40791, 7, 7 
17979, 7, 7 
59332, 7, 7 
32584, 7, 7 
46084, 7, 7 
20552, 7, 7 
11099, 7, 7 
29859, 7, 7 
11349, 7, 7 
45548, 7, 7 
44756, 7, 7 
2007, 7, 7 
12116, 7, 7 
16548, 7, 7 
13136, 7, 7 
13753, 7, 7 
34600, 7, 7 
57017, 7, 7 
57512, 7, 7 
44470, 7, 7 
25319, 7, 7 
17809, 7, 7 
15215, 7, 7 
1231, 7, 7 
29051, 7, 7 
16594, 7, 7 
27005, 7, 7 
4366, 7, 7 
26705, 7, 7 
8237, 7, 7 
2161, 7, 7 
25201, 7, 7 
22052, 7, 7 
53635, 7, 7 
43427, 7, 7 
58676, 7, 7 
35636, 7, 7 
6696, 7, 7 
26272, 7, 7 
26560, 7, 7 
28562, 7, 7 
41958, 7, 7 
39643, 7, 7 
46964, 7, 7 
9793, 7, 7 
20229, 7, 7 
38320, 7, 7 
16186, 7, 7 
34307, 7, 7 
59554, 7, 7 
45835, 7, 7 
96, 7, 7 
41345, 7, 7 
18309, 7, 7 
38650, 7, 7 
51294, 7, 7 
10815, 7, 7 
59925, 7, 7 
21175, 7, 7 
43840, 7, 7 
50721, 7, 7 
10969, 7, 7 
32629, 7, 7 
36818, 7, 7 
8758, 7, 7 
11534, 7, 7 
934, 7, 7 
56451, 7, 7 
8556, 7, 7 
32252, 7, 7 
56652, 7, 7 
38688, 7, 7 
3895, 7, 7 
42061, 7, 7 
6248, 7, 7 
51304, 7, 7 
15127, 7, 7 
2852, 7, 7 
7226, 7, 7 
20398, 7, 7 
23352, 7, 7 
42751, 7, 7 
51859, 7, 7 
32190, 7, 7 
34245, 7, 7 
27853, 7, 7 
44387, 7, 7 
50137, 7, 7 
37819, 7, 7 
41788, 7, 7 
20669, 7, 7 
18876, 7, 7 
19023, 7, 7 
55486, 7, 7 
29888, 7, 7 
9831, 7, 7 
50037, 7, 7 
611, 7, 7 
45626, 7, 7 
9434, 7, 7 
21693, 7, 7 
46636, 7, 7 
18046, 7, 7 
14277, 7, 7 
42067, 7, 7 
51080, 7, 7 
54966, 7, 7 
16383, 7, 7 
11430, 7, 7 
5778, 7, 7 
36316, 7, 7 
24700, 7, 7 
48108, 7, 7 
36135, 7, 7 
56897, 7, 7 
11763, 7, 7 
58177, 7, 7 
6046, 7, 7 
24873, 7, 7 
49980, 7, 7 
54477, 7, 7 
21333, 7, 7 
59935, 7, 7 
33356, 7, 7 
59462, 7, 7 
35842, 7, 7 
59843, 7, 7 
28207, 7, 7 
58687, 7, 7 
11822, 7, 7 
28632, 7, 7 
16661, 7, 7 
47232, 7, 7 
57099, 7, 7 
12293, 7, 7 
46009, 7, 7 
55829, 7, 7 
25561, 7, 7 
30001, 7, 7 
55444, 7, 7 
23360, 7, 7 
50215, 7, 7 
20105, 7, 7 
47203, 7, 7 
21843, 7, 7 
48979, 7, 7 
27265, 7, 7 
14448, 7, 7 
11616, 7, 7 
24351, 7, 7 
44971, 7, 7 
32527, 7, 7 
35081, 7, 7 
9644, 7, 7 
40242, 7, 7 
56354, 7, 7 
37775, 7, 7 
44840, 7, 7 
57560, 7, 7 
26679, 7, 7 
43520, 7, 7 
13292, 7, 7 
22790, 7, 7 
1205, 7, 7 
5387, 7, 7 
4353, 7, 7 
4925, 7, 7 
35371, 7, 7 
45081, 7, 7 
24500, 7, 7 
33271, 7, 7 
56294, 7, 7 
39357, 7, 7 
9911, 7, 7 
18048, 7, 7 
39316, 7, 7 
5178, 7, 7 
9787, 7, 7 
44601, 7, 7 
51180, 7, 7 
32687, 7, 7 
7028, 7, 7 
31882, 7, 7 
22858, 7, 7 
32888, 7, 7 
4545, 7, 7 
55088, 7, 7 
28399, 7, 7 
21169, 7, 7 
1480, 7, 7 
46607, 7, 7 
53368, 7, 7 
9188, 7, 7 
54253, 7, 7 
41472, 7, 7 
57541, 7, 7 
19987, 7, 7 
12579, 7, 7 
4964, 7, 7 
25449, 7, 7 
26056, 7, 7 
35961, 7, 7 
11204, 7, 7 
24550, 7, 7 
11919, 7, 7 
57063, 7, 7 
10039, 7, 7 
32441, 7, 7 
54287, 7, 7 
42204, 7, 7 
15750, 7, 7 
50822, 7, 7 
7445, 7, 7 
13915, 7, 7 
43378, 7, 7 
56841, 7, 7 
53253, 7, 7 
13842, 7, 7 
6623, 7, 7 
12641, 7, 7 
20605, 7, 7 
47988, 7, 7 
46055, 7, 7 
6319, 7, 7 
47464, 7, 7 
40810, 7, 7 
45333, 7, 7 
5349, 7, 7 
32645, 7, 7 
51162, 7, 7 
23387, 7, 7 
23388, 7, 7 
27577, 7, 7 
6740, 7, 7 
8429, 7, 7 
57851, 7, 7 
31997, 7, 7 
2024, 7, 7 
3162, 7, 7 
46938, 7, 7 
6278, 7, 7 
31125, 7, 7 
41083, 7, 7 
55448, 7, 7 
30339, 7, 7 
18532, 7, 7 
57118, 8, 8 
7908, 8, 8 
7215, 8, 8 
12308, 8, 8 
18674, 8, 8 
44286, 8, 8 
29070, 8, 8 
51218, 8, 8 
12619, 8, 8 
53721, 8, 8 
43110, 8, 8 
56255, 8, 8 
21778, 8, 8 
39178, 8, 8 
29145, 8, 8 
2243, 8, 8 
59403, 8, 8 
3979, 8, 8 
42736, 8, 8 
2972, 8, 8 
16820, 8, 8 
734, 8, 8 
7871, 8, 8 
20785, 8, 8 
57021, 8, 8 
57666, 8, 8 
15267, 8, 8 
42580, 8, 8 
41017, 8, 8 
50548, 8, 8 
26519, 8, 8 
19148, 8, 8 
55118, 8, 8 
1790, 8, 8 
13083, 8, 8 
11142, 8, 8 
3495, 8, 8 
50738, 8, 8 
34108, 8, 8 
28341, 8, 8 
34020, 8, 8 
14679, 8, 8 
49887, 8, 8 
51424, 8, 8 
47151, 8, 8 
12719, 8, 8 
10061, 8, 8 
48256, 8, 8 
33621, 8, 8 
3792, 8, 8 
11149, 8, 8 
47478, 8, 8 
28802, 8, 8 
50790, 8, 8 
4253, 8, 8 
35617, 8, 8 
53486, 8, 8 
19783, 8, 8 
40261, 8, 8 
30325, 8, 8 
4375, 8, 8 
13990, 8, 8 
39778, 8, 8 
49046, 8, 8 
34863, 8, 8 
51134, 8, 8 
32995, 8, 8 
4825, 8, 8 
6618, 8, 8 
12934, 8, 8 
41560, 8, 8 
18012, 8, 8 
53161, 8, 8 
16377, 8, 8 
1279, 8, 8 
53506, 8, 8 
48206, 8, 8 
59909, 8, 8 
47328, 8, 8 
37444, 8, 8 
59309, 8, 8 
35365, 8, 8 
48711, 8, 8 
49088, 8, 8 
56952, 8, 8 
49963, 8, 8 
45520, 8, 8 
38418, 8, 8 
42112, 8, 8 
40106, 8, 8 
26294, 8, 8 
34978, 8, 8 
31162, 8, 8 
24498, 8, 8 
5430, 8, 8 
137, 8, 8 
59163, 8, 8 
23428, 8, 8 
51933, 8, 8 
20889, 8, 8 
13588, 8, 8 
52390, 8, 8 
40558, 8, 8 
56879, 8, 8 
15897, 8, 8 
1319, 8, 8 
12663, 8, 8 
29172, 8, 8 
4148, 8, 8 
17348, 8, 8 
13944, 8, 8 
57019, 8, 8 
50198, 8, 8 
12493, 8, 8 
24134, 8, 8 
33611, 8, 8 
29780, 8, 8 
33337, 8, 8 
53728, 8, 8 
9155, 8, 8 
30415, 8, 8 
28181, 8, 8 
3420, 8, 8 
9811, 8, 8 
48331, 8, 8 
1780, 8, 8 
15626, 8, 8 
18795, 8, 8 
36224, 8, 8 
51189, 8, 8 
47080, 8, 8 
923, 8, 8 
31205, 8, 8 
16901, 8, 8 
2577, 8, 8 
963, 8, 8 
41504, 8, 8 
34649, 8, 8 
33719, 8, 8 
39187, 8, 8 
37710, 8, 8 
2231, 8, 8 
44467, 8, 8 
34901, 8, 8 
21694, 8, 8 
40138, 8, 8 
43250, 8, 8 
23553, 8, 8 
36199, 8, 8 
27195, 8, 8 
30568, 8, 8 
51224, 8, 8 
49016, 8, 8 
40339, 8, 8 
19981, 8, 8 
59495, 8, 8 
56019, 8, 8 
49366, 8, 8 
18994, 8, 8 
10079, 8, 8 
57562, 8, 8 
27733, 8, 8 
3279, 8, 8 
54280, 8, 8 
40750, 8, 8 
6940, 8, 8 
39873, 8, 8 
52980, 8, 8 
32965, 8, 8 
51324, 8, 8 
4727, 8, 8 
24646, 8, 8 
44812, 8, 8 
9764, 8, 8 
35921, 8, 8 
25262, 8, 8 
44961, 8, 8 
32926, 8, 8 
38267, 8, 8 
58777, 8, 8 
56628, 8, 8 
44839, 8, 8 
20535, 8, 8 
53155, 8, 8 
25563, 8, 8 
16026, 8, 8 
28587, 8, 8 
10963, 8, 8 
14406, 8, 8 
41133, 8, 8 
532, 8, 8 
32349, 8, 8 
45896, 8, 8 
46927, 8, 8 
13065, 8, 8 
34154, 8, 8 
52567, 8, 8 
22919, 8, 8 
19131, 8, 8 
20014, 8, 8 
7909, 8, 8 
10115, 8, 8 
57450, 8, 8 
14782, 8, 8 
18373, 8, 8 
57869, 8, 8 
1964, 8, 8 
10189, 8, 8 
6544, 8, 8 
26865, 8, 8 
57696, 8, 8 
23052, 8, 8 
31540, 8, 8 
7851, 8, 8 
28401, 8, 8 
57532, 8, 8 
39653, 8, 8 
17111, 8, 8 
19665, 8, 8 
42299, 8, 8 
21650, 8, 8 
51899, 8, 8 
28788, 8, 8 
42813, 8, 8 
35295, 8, 8 
48021, 8, 8 
54407, 8, 8 
35323, 8, 8 
55163, 8, 8 
48704, 8, 8 
13960, 8, 8 
57655, 8, 8 
26244, 8, 8 
25254, 8, 8 
7121, 8, 8 
18338, 8, 8 
4684, 8, 8 
17302, 8, 8 
7814, 8, 8 
43749, 8, 8 
35061, 8, 8 
33453, 8, 8 
32012, 8, 8 
34814, 8, 8 
17721, 8, 8 
6573, 8, 8 
53294, 8, 8 
43690, 8, 8 
55497, 8, 8 
25379, 8, 8 
54626, 8, 8 
13899, 8, 8 
41952, 8, 8 
18614, 8, 8 
23129, 8, 8 
10663, 8, 8 
54137, 8, 8 
51709, 8, 8 
30843, 8, 8 
46475, 8, 8 
41831, 8, 8 
56194, 8, 8 
21389, 8, 8 
54054, 8, 8 
445, 8, 8 
33765, 8, 8 
40767, 8, 8 
30239, 8, 8 
37755, 8, 8 
6943, 8, 8 
32011, 8, 8 
13632, 8, 8 
17237, 8, 8 
20618, 8, 8 
48828, 8, 8 
766, 8, 8 
5299, 8, 8 
44532, 8, 8 
13346, 8, 8 
23437, 8, 8 
42147, 8, 8 
10948, 8, 8 
26947, 8, 8 
45882, 8, 8 
27678, 8, 8 
16274, 8, 8 
36752, 8, 8 
38858, 8, 8 
39442, 8, 8 
37129, 8, 8 
10797, 8, 8 
52583, 8, 8 
15973, 8, 8 
54216, 8, 8 
41200, 8, 8 
34414, 8, 8 
56235, 8, 8 
39756, 8, 8 
43501, 8, 8 
15343, 8, 8 
36776, 8, 8 
48973, 8, 8 
37735, 8, 8 
52159, 8, 8 
48752, 8, 8 
8690, 8, 8 
32355, 8, 8 
58595, 8, 8 
57001, 8, 8 
23560, 8, 8 
40252, 8, 8 
4384, 8, 8 
53445, 8, 8 
2507, 8, 8 
39731, 8, 8 
26557, 8, 8 
59967, 8, 8 
45082, 8, 8 
8761, 8, 8 
41575, 8, 8 
12623, 8, 8 
50342, 8, 8 
26628, 8, 8 
47615, 8, 8 
29604, 8, 8 
40295, 8, 8 
19711, 8, 8 
31738, 8, 8 
29493, 8, 8 
29995, 8, 8 
44272, 8, 8 
44202, 8, 8 
55, 8, 8 
28623, 8, 8 
15333, 8, 8 
17705, 8, 8 
9661, 8, 8 
9601, 8, 8 
58573, 8, 8 
8324, 8, 8 
23243, 8, 8 
45679, 8, 8 
10866, 8, 8 
17990, 8, 8 
40792, 8, 8 
42665, 8, 8 
52292, 8, 8 
2781, 8, 8 
41801, 8, 8 
25583, 8, 8 
8618, 8, 8 
45684, 8, 8 
51431, 8, 8 
18195, 8, 8 
57447, 8, 8 
27045, 8, 8 
38391, 8, 8 
35576, 8, 8 
3657, 8, 8 
33755, 8, 8 
1141, 8, 8 
21395, 8, 8 
54842, 8, 8 
54117, 8, 8 
29933, 8, 8 
3961, 8, 8 
16059, 8, 8 
53809, 8, 8 
35577, 8, 8 
6873, 8, 8 
35704, 8, 8 
55218, 8, 8 
52671, 8, 8 
10422, 8, 8 
8031, 8, 8 
42029, 8, 8 
55761, 8, 8 
48062, 8, 8 
17889, 8, 8 
20269, 8, 8 
3489, 8, 8 
51841, 8, 8 
23180, 8, 8 
40727, 8, 8 
10339, 8, 8 
16465, 8, 8 
58748, 8, 8 
53028, 8, 8 
26138, 8, 8 
12085, 8, 8 
20315, 8, 8 
26496, 8, 8 
1013, 8, 8 
9501, 8, 8 
17547, 8, 8 
29563, 8, 8 
53686, 8, 8 
31168, 8, 8 
25710, 8, 8 
26720, 8, 8 
528, 8, 8 
19137, 8, 8 
53248, 8, 8 
13618, 8, 8 
47648, 8, 8 
51954, 8, 8 
37721, 8, 8 
20639, 8, 8 
39141, 8, 8 
3931, 8, 8 
20722, 8, 8 
36478, 8, 8 
20405, 8, 8 
41718, 8, 8 
57425, 8, 8 
58158, 8, 8 
21549, 8, 8 
25195, 8, 8 
53556, 8, 8 
36159, 8, 8 
51611, 8, 8 
3026, 8, 8 
3883, 8, 8 
16624, 8, 8 
25418, 8, 8 
48555, 8, 8 
55989, 8, 8 
11672, 8, 8 
50171, 8, 8 
24760, 8, 8 
28694, 8, 8 
2940, 8, 8 
9220, 8, 8 
41153, 8, 8 
42130, 8, 8 
11704, 8, 8 
30401, 8, 8 
50347, 8, 8 
18775, 8, 8 
8299, 8, 8 
47675, 8, 8 
46969, 8, 8 
58880, 8, 8 
44180, 8, 8 
57984, 8, 8 
4834, 8, 8 
18334, 8, 8 
24359, 8, 8 
25256, 8, 8 
38702, 8, 8 
3619, 8, 8 
52905, 8, 8 
58951, 8, 8 
59838, 8, 8 
4305, 8, 8 
38014, 8, 8 
59793, 8, 8 
24137, 8, 8 
56842, 8, 8 
49407, 8, 8 
48375, 8, 8 
51158, 8, 8 
15782, 8, 8 
49704, 8, 8 
51878, 8, 8 
45117, 8, 8 
42076, 8, 8 
9996, 8, 8 
45985, 8, 8 
19807, 8, 8 
50106, 8, 8 
41396, 8, 8 
14270, 8, 8 
8213, 8, 8 
37185, 8, 8 
51968, 8, 8 
49869, 8, 8 
44676, 8, 8 
20024, 8, 8 
43986, 8, 8 
27524, 8, 8 
22557, 8, 8 
34722, 8, 8 
6261, 8, 8 
1475, 8, 8 
22604, 8, 8 
41882, 8, 8 
52775, 8, 8 
12466, 8, 8 
59581, 8, 8 
40808, 8, 8 
52483, 8, 8 
517, 8, 8 
25495, 8, 8 
48285, 8, 8 
7320, 8, 8 
5763, 8, 8 
50410, 8, 8 
38685, 8, 8 
59447, 8, 8 
20667, 9, 9 
13289, 9, 9 
1177, 9, 9 
42903, 9, 9 
6100, 9, 9 
38204, 9, 9 
15029, 9, 9 
40174, 9, 9 
44348, 9, 9 
24596, 9, 9 
43425, 9, 9 
50758, 9, 9 
17793, 9, 9 
39842, 9, 9 
55921, 9, 9 
18722, 9, 9 
25909, 9, 9 
12535, 9, 9 
13997, 9, 9 
29591, 9, 9 
53070, 9, 9 
3867, 9, 9 
35641, 9, 9 
52061, 9, 9 
33696, 9, 9 
29738, 9, 9 
8363, 9, 9 
53496, 9, 9 
14254, 9, 9 
58006, 9, 9 
59604, 9, 9 
10860, 9, 9 
45163, 9, 9 
9941, 9, 9 
36348, 9, 9 
14281, 9, 9 
13678, 9, 9 
26005, 9, 9 
50845, 9, 9 
24902, 9, 9 
4523, 9, 9 
20075, 9, 9 
5901, 9, 9 
13936, 9, 9 
51200, 9, 9 
22947, 9, 9 
30981, 9, 9 
55406, 9, 9 
13425, 9, 9 
3284, 9, 9 
28645, 9, 9 
49163, 9, 9 
11934, 9, 9 
22549, 9, 9 
21449, 9, 9 
32898, 9, 9 
24313, 9, 9 
34341, 9, 9 
409, 9, 9 
20308, 9, 9 
44822, 9, 9 
29369, 9, 9 
58331, 9, 9 
55835, 9, 9 
46065, 9, 9 
4091, 9, 9 
35464, 9, 9 
14928, 9, 9 
57732, 9, 9 
7822, 9, 9 
47762, 9, 9 
8671, 9, 9 
22765, 9, 9 
42086, 9, 9 
45864, 9, 9 
39425, 9, 9 
744, 9, 9 
38121, 9, 9 
44403, 9, 9 
8085, 9, 9 
39889, 9, 9 
28873, 9, 9 
32177, 9, 9 
19644, 9, 9 
55957, 9, 9 
19042, 9, 9 
5501, 9, 9 
39351, 9, 9 
22080, 9, 9 
8416, 9, 9 
15592, 9, 9 
55296, 9, 9 
47755, 9, 9 
2798, 9, 9 
30562, 9, 9 
33129, 9, 9 
44214, 9, 9 
31561, 9, 9 
9838, 9, 9 
10501, 9, 9 
18552, 9, 9 
45787, 9, 9 
42516, 9, 9 
4456, 9, 9 
7805, 9, 9 
40050, 9, 9 
36196, 9, 9 
29161, 9, 9 
6073, 9, 9 
20001, 9, 9 
37430, 9, 9 
20900, 9, 9 
45388, 9, 9 
15212, 9, 9 
19730, 9, 9 
58596, 9, 9 
58698, 9, 9 
10480, 9, 9 
50436, 9, 9 
28538, 9, 9 
38519, 9, 9 
56861, 9, 9 
25371, 9, 9 
3852, 9, 9 
80, 9, 9 
33212, 9, 9 
36080, 9, 9 
41274, 9, 9 
35789, 9, 9 
23100, 9, 9 
16477, 9, 9 
10043, 9, 9 
4503, 9, 9 
49358, 9, 9 
52646, 9, 9 
59917, 9, 9 
10722, 9, 9 
29553, 9, 9 
21377, 9, 9 
42943, 9, 9 
10004, 9, 9 
13557, 9, 9 
10794, 9, 9 
58369, 9, 9 
27968, 9, 9 
25263, 9, 9 
36757, 9, 9 
57895, 9, 9 
39073, 9, 9 
9311, 9, 9 
31842, 9, 9 
38051, 9, 9 
22140, 9, 9 
11074, 9, 9 
31744, 9, 9 
46589, 9, 9 
29905, 9, 9 
21869, 9, 9 
31818, 9, 9 
58717, 9, 9 
7713, 9, 9 
19417, 9, 9 
27430, 9, 9 
23876, 9, 9 
12651, 9, 9 
52117, 9, 9 
24185, 9, 9 
6717, 9, 9 
41065, 9, 9 
35455, 9, 9 
9290, 9, 9 
34090, 9, 9 
13897, 9, 9 
49219, 9, 9 
3678, 9, 9 
56075, 9, 9 
35715, 9, 9 
57267, 9, 9 
26060, 9, 9 
1826, 9, 9 
1103, 9, 9 
33822, 9, 9 
17347, 9, 9 
33948, 9, 9 
32121, 9, 9 
10445, 9, 9 
30850, 9, 9 
19185, 9, 9 
54538, 9, 9 
34693, 9, 9 
18187, 9, 9 
9938, 9, 9 
9504, 9, 9 
12051, 9, 9 
42721, 9, 9 
32033, 9, 9 
22684, 9, 9 
34339, 9, 9 
6694, 9, 9 
43786, 9, 9 
19860, 9, 9 
19616, 9, 9 
14239, 9, 9 
29495, 9, 9 
7680, 9, 9 
22316, 9, 9 
21562, 9, 9 
23170, 9, 9 
53059, 9, 9 
36418, 9, 9 
45084, 9, 9 
29318, 9, 9 
41681, 9, 9 
37976, 9, 9 
22088, 9, 9 
21657, 9, 9 
18111, 9, 9 
5999, 9, 9 
55636, 9, 9 
51042, 9, 9 
29841, 9, 9 
32235, 9, 9 
11194, 9, 9 
49730, 9, 9 
31226, 9, 9 
10951, 9, 9 
46474, 9, 9 
59111, 9, 9 
32706, 9, 9 
30069, 9, 9 
3374, 9, 9 
50659, 9, 9 
40302, 9, 9 
23349, 9, 9 
33336, 9, 9 
18500, 9, 9 
11992, 9, 9 
39576, 9, 9 
13247, 9, 9 
33592, 9, 9 
12277, 9, 9 
49511, 9, 9 
4483, 9, 9 
26815, 9, 9 
8060, 9, 9 
26177, 9, 9 
37150, 9, 9 
11465, 9, 9 
58088, 9, 9 
22925, 9, 9 
10478, 9, 9 
1005, 9, 9 
21645, 9, 9 
41644, 9, 9 
19629, 9, 9 
48484, 9, 9 
51590, 9, 9 
30342, 9, 9 
47933, 9, 9 
15222, 9, 9 
22081, 9, 9 
3770, 9, 9 
13851, 9, 9 
59748, 9, 9 
13439, 9, 9 
26895, 9, 9 
36500, 9, 9 
1925, 9, 9 
48548, 9, 9 
38048, 9, 9 
46008, 9, 9 
34940, 9, 9 
23061, 9, 9 
46355, 9, 9 
14336, 9, 9 
374, 9, 9 
7016, 9, 9 
49801, 9, 9 
16250, 9, 9 
24199, 9, 9 
42311, 9, 9 
5224, 9, 9 
39973, 9, 9 
26594, 9, 9 
33791, 9, 9 
10623, 9, 9 
6310, 9, 9 
44851, 9, 9 
30395, 9, 9 
53948, 9, 9 
17817, 9, 9 
58529, 9, 9 
23864, 9, 9 
9346, 9, 9 
5523, 9, 9 
15517, 9, 9 
50784, 9, 9 
59058, 9, 9 
40270, 9, 9 
13096, 9, 9 
13717, 9, 9 
14442, 9, 9 
30887, 9, 9 
8999, 9, 9 
42577, 9, 9 
52138, 9, 9 
27605, 9, 9 
10208, 9, 9 
55009, 9, 9 
55201, 9, 9 
4547, 9, 9 
902, 9, 9 
5607, 9, 9 
56401, 9, 9 
13752, 9, 9 
26954, 9, 9 
28753, 9, 9 
14950, 9, 9 
12708, 9, 9 
30500, 9, 9 
22447, 9, 9 
11416, 9, 9 
21213, 9, 9 
28005, 9, 9 
13032, 9, 9 
31621, 9, 9 
49904, 9, 9 
59506, 9, 9 
14744, 9, 9 
42512, 9, 9 
18143, 9, 9 
45337, 9, 9 
27387, 9, 9 
31299, 9, 9 
7922, 9, 9 
42400, 9, 9 
52214, 9, 9 
6886, 9, 9 
58081, 9, 9 
27688, 9, 9 
38467, 9, 9 
59887, 9, 9 
29993, 9, 9 
54666, 9, 9 
17936, 9, 9 
22961, 9, 9 
16815, 9, 9 
10028, 9, 9 
47427, 9, 9 
13472, 9, 9 
48159, 9, 9 
5233, 9, 9 
5165, 9, 9 
1056, 9, 9 
282, 9, 9 
51863, 9, 9 
8424, 9, 9 
9081, 9, 9 
16035, 9, 9 
4912, 9, 9 
38775, 9, 9 
53597, 9, 9 
4668, 9, 9 
33783, 9, 9 
28715, 9, 9 
58742, 9, 9 
57299, 9, 9 
3912, 9, 9 
29533, 9, 9 
3533, 9, 9 
32368, 9, 9 
38632, 9, 9 
48964, 9, 9 
47244, 9, 9 
52340, 9, 9 
17861, 9, 9 
33021, 9, 9 
16253, 9, 9 
53736, 9, 9 
46087, 9, 9 
7757, 9, 9 
38265, 9, 9 
52883, 9, 9 
18602, 9, 9 
8585, 9, 9 
17827, 9, 9 
53337, 9, 9 
32910, 9, 9 
195, 9, 9 
29134, 9, 9 
58004, 9, 9 
31004, 9, 9 
45322, 9, 9 
44553, 9, 9 
56478, 9, 9 
9119, 9, 9 
27909, 9, 9 
8127, 9, 9 
21040, 9, 9 
17377, 9, 9 
20084, 9, 9 
18579, 9, 9 
755, 9, 9 
15323, 9, 9 
19933, 9, 9 
10186, 9, 9 
40477, 9, 9 
29856, 9, 9 
55247, 9, 9 
23989, 9, 9 
39621, 9, 9 
53370, 9, 9 
30096, 9, 9 
30003, 9, 9 
14787, 9, 9 
53247, 9, 9 
47547, 9, 9 
22338, 9, 9 
8066, 9, 9 
36777, 9, 9 
17195, 9, 9 
50248, 9, 9 
4720, 9, 9 
53698, 9, 9 
50816, 9, 9 
32483, 9, 9 
6345, 9, 9 
32715, 9, 9 
35854, 9, 9 
20734, 9, 9 
6964, 9, 9 
54449, 9, 9 
45465, 9, 9 
1732, 9, 9 
58096, 9, 9 
35441, 9, 9 
44361, 9, 9 
10428, 9, 9 
21297, 9, 9 
28597, 9, 9 
54586, 9, 9 
35824, 9, 9 
29655, 9, 9 
43502, 9, 9 
57728, 9, 9 
28761, 9, 9 
29371, 9, 9 
32433, 9, 9 
20188, 9, 9 
36934, 9, 9 
44469, 9, 9 
32396, 9, 9 
29868, 9, 9 
27448, 9, 9 
43392, 9, 9 
35054, 9, 9 
42492, 9, 9 
23480, 9, 9 
48882, 9, 9 
39834, 9, 9 
20241, 9, 9 
45071, 9, 9 
51082, 9, 9 
47958, 9, 9 
44678, 9, 9 
46985, 9, 9 
3785, 9, 9 
27902, 9, 9 
10646, 9, 9 
7201, 9, 9 
5539, 9, 9 
10839, 9, 9 
58828, 9, 9 
52367, 9, 9 
6263, 9, 9 
20594, 9, 9 
8745, 9, 9 
32342, 9, 9 
37773, 9, 9 
29737, 9, 9 
13012, 9, 9 
19558, 9, 9 
322, 9, 9 
15670, 9, 9 
38600, 9, 9 
12515, 9, 9 
319, 9, 9 
32260, 9, 9 
21724, 9, 9 
26042, 9, 9 
48816, 9, 9 
23868, 9, 9 
44043, 9, 9 
980, 9, 9 
4594, 9, 9 
9265, 9, 9 
3847, 9, 9 
59455, 9, 9 
56577, 9, 9 
44985, 9, 9 
