id, true label, predicted label 
7012, 0, 0 
41432, 0, 0 
49111, 0, 0 
44859, 0, 0 
57296, 0, 0 
23013, 0, 0 
7219, 0, 0 
34480, 0, 0 
26339, 0, 0 
35651, 0, 0 
26545, 0, 0 
48727, 0, 0 
48670, 0, 0 
24444, 0, 0 
45905, 0, 0 
31470, 0, 0 
34562, 0, 0 
21766, 0, 0 
18799, 0, 0 
24212, 0, 0 
462, 0, 0 
22445, 0, 0 
27094, 0, 0 
28628, 0, 0 
4748, 0, 0 
2718, 0, 0 
59730, 0, 0 
9698, 0, 0 
27749, 0, 0 
36874, 0, 0 
58665, 0, 0 
14110, 0, 0 
3410, 0, 0 
4682, 0, 0 
48371, 0, 0 
49443, 0, 0 
35209, 0, 0 
50197, 0, 0 
23882, 0, 0 
10265, 0, 0 
59659, 0, 0 
6763, 0, 0 
30939, 0, 0 
22764, 0, 0 
8021, 0, 0 
48196, 0, 0 
24706, 0, 0 
14472, 0, 0 
53381, 0, 0 
14817, 0, 0 
56444, 0, 0 
51980, 0, 0 
35717, 0, 0 
29148, 0, 0 
35800, 0, 0 
59929, 0, 0 
58402, 0, 0 
43727, 0, 0 
46557, 0, 0 
19241, 0, 0 
5514, 0, 0 
22589, 0, 0 
46375, 0, 0 
46627, 0, 0 
16749, 0, 0 
51815, 0, 0 
47815, 0, 0 
3590, 0, 0 
1018, 0, 0 
34714, 0, 0 
51587, 0, 0 
49576, 0, 0 
32274, 0, 0 
473, 0, 0 
4951, 0, 0 
40760, 0, 0 
13377, 0, 0 
20244, 0, 0 
3568, 0, 0 
58658, 0, 0 
56635, 0, 0 
3603, 0, 0 
18102, 0, 0 
54404, 0, 0 
32727, 0, 0 
13135, 0, 0 
13918, 0, 0 
1028, 0, 0 
41647, 0, 0 
12568, 0, 0 
32237, 0, 0 
12168, 0, 0 
5844, 0, 0 
33673, 0, 0 
32221, 0, 0 
57359, 0, 0 
41384, 0, 0 
18443, 0, 0 
8489, 0, 0 
13779, 0, 0 
41490, 0, 0 
50628, 0, 0 
19857, 0, 0 
17881, 0, 0 
47513, 0, 0 
46430, 0, 0 
37697, 0, 0 
7038, 0, 0 
29848, 0, 0 
15445, 0, 0 
13344, 0, 0 
20877, 0, 0 
29732, 0, 0 
46680, 0, 0 
47346, 0, 0 
54715, 0, 0 
28973, 0, 0 
31116, 0, 0 
23914, 0, 0 
44243, 0, 0 
6593, 0, 0 
47370, 0, 0 
5646, 0, 0 
47997, 0, 0 
59023, 0, 0 
16606, 0, 0 
51533, 0, 0 
57650, 0, 0 
4145, 0, 0 
47042, 0, 0 
25206, 0, 0 
43418, 0, 0 
51108, 0, 0 
46436, 0, 0 
57575, 0, 0 
47263, 0, 0 
39531, 0, 0 
49774, 0, 0 
9753, 0, 0 
23297, 0, 0 
45426, 0, 0 
52673, 0, 0 
24476, 0, 0 
4892, 0, 0 
47917, 0, 0 
54832, 0, 0 
10071, 0, 0 
56352, 0, 0 
41012, 0, 0 
23067, 0, 0 
50324, 0, 0 
29895, 0, 0 
4496, 0, 0 
42783, 0, 0 
4738, 0, 0 
15329, 0, 0 
17755, 0, 0 
16105, 0, 0 
46139, 0, 0 
7158, 0, 0 
47186, 0, 0 
59288, 0, 0 
39628, 0, 0 
8309, 0, 0 
54927, 0, 0 
39789, 0, 0 
3776, 0, 0 
54608, 0, 0 
45728, 0, 0 
8894, 0, 0 
8387, 0, 0 
49583, 0, 0 
18794, 0, 0 
48601, 0, 0 
41318, 0, 0 
45837, 0, 0 
32846, 0, 0 
53344, 0, 0 
52593, 0, 0 
51865, 0, 0 
15382, 0, 0 
39194, 0, 0 
2195, 0, 0 
25312, 0, 0 
13497, 0, 0 
9458, 0, 0 
52821, 0, 0 
9978, 0, 0 
12584, 0, 0 
13854, 0, 6 
8509, 0, 0 
19504, 0, 0 
53932, 0, 0 
45823, 0, 0 
22877, 0, 0 
26639, 0, 0 
20139, 0, 0 
849, 0, 0 
22897, 0, 0 
49533, 0, 0 
28412, 0, 0 
45695, 0, 0 
41265, 0, 0 
28725, 0, 0 
11574, 0, 0 
19822, 0, 0 
21612, 0, 0 
10439, 0, 0 
55745, 0, 0 
33172, 0, 0 
2084, 0, 0 
22583, 0, 0 
41553, 0, 0 
19292, 0, 0 
52599, 0, 0 
18538, 0, 0 
31180, 0, 0 
42610, 0, 0 
43811, 0, 0 
36304, 0, 0 
49268, 0, 0 
53897, 0, 0 
35742, 0, 0 
26027, 0, 0 
45315, 0, 0 
10599, 0, 0 
36621, 0, 0 
22270, 0, 0 
5927, 0, 0 
55765, 0, 0 
4607, 0, 0 
2079, 0, 0 
54755, 0, 0 
21620, 0, 0 
35185, 0, 0 
18029, 0, 0 
46596, 0, 0 
18893, 0, 0 
4565, 0, 0 
38488, 0, 0 
42081, 0, 0 
52409, 0, 0 
1600, 0, 0 
49013, 0, 0 
52039, 0, 0 
949, 0, 0 
40613, 0, 0 
49220, 0, 0 
37714, 0, 0 
16306, 0, 0 
6607, 0, 0 
40241, 0, 0 
15524, 0, 0 
40038, 0, 0 
15566, 0, 0 
12313, 0, 0 
43129, 0, 0 
15156, 0, 0 
17485, 0, 0 
29755, 0, 0 
34197, 0, 0 
58275, 0, 0 
41806, 0, 0 
53924, 0, 0 
35516, 0, 0 
15454, 0, 0 
40262, 0, 0 
25290, 0, 0 
6883, 0, 0 
7025, 0, 0 
10195, 0, 0 
21874, 0, 0 
36468, 0, 0 
44208, 0, 0 
28505, 0, 0 
56857, 0, 0 
41627, 0, 0 
13583, 0, 0 
35816, 0, 0 
53116, 0, 0 
22111, 0, 0 
4002, 0, 0 
38766, 0, 0 
35971, 0, 0 
51992, 0, 0 
48661, 0, 0 
20548, 0, 0 
24151, 0, 0 
10080, 0, 0 
28317, 0, 0 
26507, 0, 0 
54980, 0, 0 
46344, 0, 0 
10167, 0, 0 
3213, 0, 0 
53403, 0, 0 
11105, 0, 0 
4870, 0, 0 
38025, 0, 0 
6245, 0, 0 
37854, 0, 0 
440, 0, 0 
33378, 0, 0 
30455, 0, 0 
7135, 0, 0 
48168, 0, 0 
24429, 0, 0 
18563, 0, 0 
34457, 0, 0 
46410, 0, 0 
55664, 0, 0 
5373, 0, 0 
29102, 0, 0 
49500, 0, 0 
24629, 0, 0 
21523, 0, 0 
57115, 0, 0 
26103, 0, 0 
11231, 0, 0 
12691, 0, 0 
27567, 0, 0 
33381, 0, 0 
26292, 0, 0 
28427, 0, 0 
31581, 0, 0 
7499, 0, 0 
17134, 0, 0 
51638, 0, 0 
49011, 0, 0 
33136, 0, 0 
35449, 0, 0 
40797, 0, 0 
30340, 0, 0 
7267, 0, 0 
29695, 0, 0 
40633, 0, 0 
18926, 0, 0 
29664, 0, 0 
18991, 0, 0 
25497, 0, 0 
4023, 0, 0 
59187, 0, 0 
51057, 0, 0 
55095, 0, 0 
43554, 0, 0 
22637, 0, 0 
47626, 0, 0 
54214, 0, 0 
13962, 0, 0 
55259, 0, 0 
36255, 0, 0 
59987, 0, 0 
15711, 0, 0 
25957, 0, 0 
41617, 0, 0 
2539, 0, 0 
23172, 0, 0 
24913, 0, 0 
38315, 0, 0 
30222, 0, 0 
18779, 0, 0 
43265, 0, 0 
41634, 0, 0 
44184, 0, 0 
34771, 0, 0 
24069, 0, 0 
35667, 0, 0 
56707, 0, 0 
11639, 0, 0 
14278, 0, 0 
33238, 0, 0 
49530, 0, 0 
42637, 0, 0 
2615, 0, 0 
31865, 0, 0 
16540, 0, 0 
19542, 0, 0 
7143, 0, 0 
58121, 0, 0 
57349, 0, 0 
51479, 0, 0 
38008, 0, 0 
40778, 0, 0 
51629, 0, 0 
8912, 0, 0 
53934, 0, 0 
39992, 0, 0 
22710, 0, 0 
7128, 0, 0 
25395, 0, 0 
40200, 0, 0 
33112, 0, 0 
43169, 0, 0 
33945, 0, 0 
35671, 0, 0 
50354, 0, 0 
4718, 0, 0 
53814, 0, 0 
9435, 0, 0 
59225, 0, 0 
8262, 0, 0 
13777, 0, 0 
14356, 0, 0 
54836, 0, 0 
48421, 0, 0 
15028, 0, 0 
2100, 0, 0 
24388, 0, 0 
10732, 0, 0 
41338, 0, 0 
29364, 0, 0 
41100, 0, 0 
41211, 0, 0 
46952, 0, 0 
8935, 0, 0 
15928, 0, 0 
41117, 0, 0 
5469, 0, 0 
21960, 0, 0 
47422, 0, 0 
43941, 0, 0 
42795, 0, 0 
1387, 0, 0 
31171, 0, 0 
25626, 0, 0 
11014, 0, 0 
30425, 0, 0 
14722, 0, 0 
55297, 0, 0 
21996, 0, 0 
1956, 0, 0 
41041, 0, 0 
12504, 0, 0 
22023, 0, 0 
5498, 0, 0 
20661, 0, 0 
54371, 0, 0 
11022, 0, 0 
29809, 0, 0 
15042, 0, 0 
13467, 0, 0 
4389, 0, 0 
33237, 0, 0 
19974, 0, 0 
41383, 0, 0 
27305, 0, 0 
46488, 0, 0 
53881, 0, 0 
47714, 0, 0 
42131, 0, 0 
6146, 0, 0 
5881, 0, 0 
27462, 0, 0 
2890, 0, 0 
22202, 0, 0 
58256, 0, 0 
41811, 0, 0 
56984, 0, 0 
11240, 0, 0 
44268, 0, 0 
30700, 0, 0 
17122, 0, 0 
33244, 0, 0 
31830, 0, 0 
34985, 0, 0 
21898, 0, 0 
13408, 0, 0 
39606, 0, 0 
20928, 0, 0 
19360, 0, 0 
22605, 0, 0 
48026, 0, 0 
1723, 0, 0 
57321, 0, 0 
34634, 0, 0 
50542, 0, 0 
32800, 0, 0 
50654, 0, 0 
26256, 0, 0 
29101, 0, 0 
14384, 0, 0 
6619, 0, 0 
57586, 0, 0 
7932, 0, 0 
17360, 0, 0 
41315, 0, 0 
36737, 0, 0 
23821, 0, 0 
51314, 0, 0 
29262, 0, 0 
54303, 0, 0 
15868, 0, 0 
51019, 0, 0 
4047, 0, 0 
32625, 0, 0 
35275, 0, 0 
23606, 0, 0 
15759, 0, 0 
6768, 0, 0 
42402, 0, 0 
14466, 1, 1 
35000, 1, 1 
57775, 1, 1 
23045, 1, 1 
12113, 1, 1 
13923, 1, 1 
42404, 1, 1 
21964, 1, 1 
27011, 1, 1 
49210, 1, 1 
31911, 1, 1 
2255, 1, 1 
27590, 1, 1 
4710, 1, 1 
47904, 1, 1 
37179, 1, 1 
56490, 1, 1 
57410, 1, 1 
59176, 1, 1 
25876, 1, 1 
56637, 1, 1 
3080, 1, 1 
16211, 1, 1 
41967, 1, 1 
21811, 1, 1 
44339, 1, 1 
14070, 1, 1 
58567, 1, 1 
40973, 1, 1 
16458, 1, 1 
37936, 1, 1 
52309, 1, 1 
59112, 1, 1 
26610, 1, 1 
31901, 1, 1 
9856, 1, 1 
28331, 1, 1 
38432, 1, 1 
22848, 1, 1 
51781, 1, 1 
46547, 1, 1 
17854, 1, 1 
56717, 1, 1 
5355, 1, 1 
30427, 1, 1 
30140, 1, 1 
58434, 1, 1 
14516, 1, 1 
10834, 1, 1 
7588, 1, 1 
12664, 1, 1 
25474, 1, 1 
44290, 1, 1 
30158, 1, 1 
24619, 1, 1 
39352, 1, 1 
78, 1, 1 
27531, 1, 1 
50437, 1, 1 
13453, 1, 1 
57378, 1, 1 
38868, 1, 1 
52175, 1, 1 
25858, 1, 1 
24447, 1, 1 
15353, 1, 1 
20302, 1, 1 
48027, 1, 1 
29242, 1, 1 
13413, 1, 1 
48844, 1, 1 
58155, 1, 1 
22106, 1, 1 
34004, 1, 1 
7205, 1, 1 
1807, 1, 1 
5479, 1, 1 
41914, 1, 1 
25052, 1, 1 
55500, 1, 1 
1065, 1, 1 
25450, 1, 1 
13007, 1, 1 
24838, 1, 1 
48044, 1, 1 
59166, 1, 1 
25036, 1, 1 
48625, 1, 1 
11522, 1, 1 
8919, 1, 1 
59074, 1, 1 
58913, 1, 1 
57160, 1, 1 
57287, 1, 1 
21574, 1, 1 
23892, 1, 1 
10345, 1, 1 
41139, 1, 1 
48126, 1, 1 
24933, 1, 1 
15034, 1, 1 
32705, 1, 1 
46499, 1, 1 
25774, 1, 1 
45861, 1, 1 
31375, 1, 1 
34990, 1, 1 
9550, 1, 1 
26812, 1, 1 
6186, 1, 1 
43406, 1, 1 
41836, 1, 1 
52450, 1, 1 
32773, 1, 1 
12459, 1, 1 
4064, 1, 1 
7658, 1, 1 
2831, 1, 1 
46407, 1, 1 
13748, 1, 1 
55495, 1, 1 
39646, 1, 1 
17367, 1, 1 
47440, 1, 1 
12486, 1, 1 
39757, 1, 1 
23477, 1, 1 
44031, 1, 1 
48318, 1, 1 
54651, 1, 1 
47465, 1, 1 
37305, 1, 1 
46470, 1, 1 
33374, 1, 1 
56189, 1, 1 
13630, 1, 1 
26774, 1, 1 
53780, 1, 1 
29668, 1, 1 
39711, 1, 1 
6380, 1, 1 
29479, 1, 1 
59414, 1, 1 
21923, 1, 1 
29447, 1, 1 
15300, 1, 1 
10868, 1, 1 
19486, 1, 1 
32406, 1, 1 
41103, 1, 1 
59919, 1, 1 
44418, 1, 1 
51083, 1, 1 
23056, 1, 1 
24366, 1, 1 
27665, 1, 1 
18270, 1, 1 
58196, 1, 1 
41195, 1, 1 
1148, 1, 1 
49338, 1, 1 
59052, 1, 1 
45277, 1, 1 
43315, 1, 1 
19671, 1, 1 
47063, 1, 1 
50465, 1, 1 
56986, 1, 1 
35487, 1, 1 
31980, 1, 1 
40561, 1, 1 
50232, 1, 1 
5842, 1, 1 
41249, 1, 1 
15135, 1, 1 
34359, 1, 1 
3321, 1, 1 
35908, 1, 1 
58377, 1, 1 
51305, 1, 1 
37920, 1, 1 
31932, 1, 1 
28246, 1, 1 
40744, 1, 1 
52078, 1, 1 
59523, 1, 1 
53966, 1, 1 
2355, 1, 1 
49099, 1, 1 
39270, 1, 1 
37008, 1, 1 
26059, 1, 1 
23818, 1, 1 
45532, 1, 1 
53539, 1, 1 
7850, 1, 1 
59391, 1, 1 
44693, 1, 1 
53383, 1, 1 
24126, 1, 1 
31718, 1, 1 
8738, 1, 1 
20459, 1, 1 
47019, 1, 1 
15967, 1, 1 
20672, 1, 1 
51671, 1, 1 
15308, 1, 1 
36030, 1, 1 
50397, 1, 1 
3549, 1, 1 
49588, 1, 1 
51250, 1, 1 
22538, 1, 1 
7716, 1, 1 
41944, 1, 1 
5237, 1, 1 
43984, 1, 1 
53664, 1, 1 
22844, 1, 1 
24209, 1, 1 
8992, 1, 1 
37923, 1, 1 
48629, 1, 1 
58320, 1, 1 
36461, 1, 1 
56226, 1, 1 
6458, 1, 1 
19070, 1, 1 
30969, 1, 1 
45229, 1, 1 
35094, 1, 1 
50652, 1, 1 
6998, 1, 1 
9570, 1, 1 
33095, 1, 1 
6413, 1, 1 
25864, 1, 1 
37618, 1, 1 
31122, 1, 1 
11679, 1, 1 
26531, 1, 1 
29278, 1, 1 
7105, 1, 1 
4202, 1, 1 
36422, 1, 1 
8963, 1, 1 
25989, 1, 1 
1051, 1, 1 
23, 1, 1 
40974, 1, 1 
39041, 1, 1 
16455, 1, 1 
49768, 1, 1 
12556, 1, 1 
3130, 1, 1 
59527, 1, 1 
47644, 1, 1 
24038, 1, 1 
9590, 1, 1 
56000, 1, 1 
45559, 1, 1 
15835, 1, 1 
48253, 1, 1 
47434, 1, 1 
48464, 1, 1 
6254, 1, 1 
23501, 1, 1 
41728, 1, 1 
46225, 1, 1 
19482, 1, 1 
27187, 1, 1 
33869, 1, 1 
17351, 1, 1 
11228, 1, 1 
38736, 1, 1 
33942, 1, 1 
4012, 1, 1 
18664, 1, 1 
3901, 1, 1 
12362, 1, 1 
12336, 1, 1 
56278, 1, 1 
36626, 1, 1 
16121, 1, 1 
41839, 1, 1 
54458, 1, 1 
32083, 1, 1 
57961, 1, 1 
32070, 1, 1 
23308, 1, 1 
5123, 1, 1 
52042, 1, 1 
33417, 1, 1 
30073, 1, 1 
20848, 1, 1 
51801, 1, 1 
16483, 1, 1 
15561, 1, 1 
3675, 1, 1 
44886, 1, 1 
46512, 1, 1 
25124, 1, 1 
9678, 1, 1 
41649, 1, 1 
39986, 1, 1 
57505, 1, 1 
25805, 1, 1 
33243, 1, 1 
4237, 1, 1 
58466, 1, 1 
24175, 1, 1 
4300, 1, 1 
16565, 1, 1 
54544, 1, 1 
59247, 1, 1 
6183, 1, 1 
2876, 1, 1 
52984, 1, 1 
1211, 1, 1 
41237, 1, 1 
32338, 1, 1 
37650, 1, 1 
25744, 1, 1 
49855, 1, 1 
11152, 1, 1 
22412, 1, 1 
25434, 1, 1 
12367, 1, 1 
10293, 1, 1 
27816, 1, 1 
45373, 1, 1 
17305, 1, 1 
47817, 1, 1 
5552, 1, 1 
35427, 1, 1 
9842, 1, 1 
26991, 1, 1 
13399, 1, 1 
2776, 1, 1 
38525, 1, 1 
53308, 1, 1 
4577, 1, 1 
21972, 1, 1 
29773, 1, 1 
10627, 1, 1 
41640, 1, 1 
51905, 1, 1 
1155, 1, 1 
41209, 1, 1 
22065, 1, 1 
11134, 1, 1 
20899, 1, 1 
35699, 1, 1 
11579, 1, 1 
38490, 1, 1 
47830, 1, 1 
30607, 1, 1 
21884, 1, 1 
14998, 1, 1 
51369, 1, 1 
9910, 1, 1 
30649, 1, 1 
18993, 1, 1 
40327, 1, 1 
48175, 1, 1 
36380, 1, 1 
51556, 1, 1 
16110, 1, 1 
13617, 1, 1 
26390, 1, 1 
50751, 1, 1 
52888, 1, 1 
10712, 1, 1 
31278, 1, 1 
51005, 1, 1 
25421, 1, 1 
8222, 1, 1 
8180, 1, 1 
46542, 1, 1 
25436, 1, 1 
33684, 1, 1 
17225, 1, 1 
24216, 1, 1 
1699, 1, 1 
22328, 1, 1 
40568, 1, 1 
11143, 1, 1 
38340, 1, 1 
51548, 1, 1 
51908, 1, 1 
18163, 1, 1 
50350, 1, 1 
25310, 1, 1 
15493, 1, 1 
45641, 1, 1 
23036, 1, 1 
34017, 1, 1 
8578, 1, 1 
52668, 1, 1 
45006, 1, 1 
44288, 1, 1 
43316, 1, 1 
34080, 1, 1 
15164, 1, 1 
36786, 1, 1 
37014, 1, 1 
43227, 1, 1 
16381, 1, 1 
19894, 1, 1 
6104, 1, 1 
11715, 1, 1 
16254, 1, 1 
6020, 1, 1 
58588, 1, 1 
26167, 1, 1 
57647, 1, 1 
28318, 1, 1 
19051, 1, 1 
56991, 1, 1 
58561, 1, 1 
43567, 1, 1 
29499, 1, 1 
44125, 1, 1 
58082, 1, 1 
11082, 1, 1 
45297, 1, 1 
21498, 1, 1 
39931, 1, 1 
22700, 1, 1 
35749, 1, 1 
17775, 1, 1 
37102, 1, 1 
37661, 1, 1 
45433, 1, 1 
1394, 1, 1 
4109, 1, 1 
19555, 1, 1 
24436, 1, 1 
44151, 1, 1 
13825, 1, 1 
5375, 1, 1 
24115, 1, 1 
47672, 1, 1 
16050, 1, 1 
7746, 1, 1 
25230, 1, 1 
19058, 1, 1 
37045, 1, 1 
27501, 1, 1 
14892, 1, 1 
45893, 1, 1 
29666, 1, 1 
31993, 1, 1 
43142, 1, 1 
47118, 1, 1 
24973, 1, 1 
25302, 1, 1 
16686, 1, 1 
21248, 1, 1 
43429, 1, 1 
57094, 1, 1 
5520, 1, 1 
50709, 1, 1 
16236, 1, 1 
38928, 1, 1 
20361, 1, 1 
42276, 1, 1 
15959, 1, 1 
38499, 1, 1 
46452, 1, 1 
48461, 1, 1 
7089, 1, 1 
20348, 1, 1 
51867, 1, 1 
17560, 1, 1 
27207, 1, 1 
7898, 1, 1 
51390, 1, 1 
37674, 1, 1 
30711, 1, 1 
6709, 1, 1 
32472, 1, 1 
18407, 1, 1 
9161, 1, 1 
51136, 1, 1 
17695, 1, 1 
22533, 1, 1 
41386, 1, 1 
51882, 1, 1 
58903, 1, 1 
50190, 1, 1 
2326, 1, 1 
53194, 1, 1 
20746, 1, 1 
7075, 1, 1 
28484, 1, 1 
21253, 1, 1 
27409, 1, 1 
58387, 1, 1 
51569, 2, 2 
43477, 2, 2 
9658, 2, 2 
12424, 2, 2 
51673, 2, 2 
3304, 2, 2 
15470, 2, 2 
3719, 2, 2 
43360, 2, 2 
11081, 2, 2 
49148, 2, 2 
29500, 2, 2 
40566, 2, 2 
55129, 2, 2 
17836, 2, 2 
50568, 2, 2 
29408, 2, 2 
12620, 2, 2 
10411, 2, 2 
55429, 2, 2 
35301, 2, 2 
35331, 2, 2 
45028, 2, 2 
54168, 2, 2 
25591, 2, 2 
14523, 2, 2 
51660, 2, 2 
51379, 2, 2 
53455, 2, 2 
41633, 2, 2 
40049, 2, 2 
7555, 2, 2 
37199, 2, 2 
11971, 2, 2 
6974, 2, 2 
55540, 2, 2 
25516, 2, 2 
1385, 2, 2 
29176, 2, 2 
44740, 2, 2 
47924, 2, 2 
13930, 2, 2 
11865, 2, 2 
17448, 2, 2 
53139, 2, 2 
40272, 2, 2 
38815, 2, 2 
11601, 2, 2 
44364, 2, 2 
3444, 2, 2 
35850, 2, 2 
26689, 2, 2 
15107, 2, 2 
54831, 2, 2 
8591, 2, 2 
54806, 2, 2 
5104, 2, 2 
39734, 2, 2 
48975, 2, 2 
34201, 2, 2 
18215, 2, 2 
15836, 2, 2 
58378, 2, 2 
22573, 2, 2 
29453, 2, 2 
15994, 2, 2 
45505, 2, 2 
17315, 2, 2 
9855, 2, 2 
14267, 2, 2 
59223, 2, 2 
26340, 2, 2 
26577, 2, 2 
49805, 2, 2 
43394, 2, 2 
26157, 2, 2 
22047, 2, 2 
4427, 2, 2 
40881, 2, 2 
43391, 2, 2 
42734, 2, 2 
31709, 2, 2 
38839, 2, 2 
2464, 2, 2 
55316, 2, 2 
17555, 2, 2 
27181, 2, 2 
7601, 2, 2 
34532, 2, 2 
38952, 2, 2 
33261, 2, 2 
56104, 2, 2 
28077, 2, 2 
24836, 2, 2 
17369, 2, 2 
17241, 2, 2 
6773, 2, 2 
53491, 2, 2 
21784, 2, 2 
51458, 2, 2 
18544, 2, 2 
9862, 2, 2 
40120, 2, 2 
40607, 2, 2 
16089, 2, 2 
12954, 2, 2 
27165, 2, 2 
27898, 2, 2 
32981, 2, 2 
24229, 2, 2 
55857, 2, 2 
10959, 2, 2 
25632, 2, 2 
5438, 2, 2 
18622, 2, 2 
3242, 2, 2 
23038, 2, 2 
22021, 2, 2 
56993, 2, 2 
36721, 2, 2 
21674, 2, 2 
40461, 2, 2 
21802, 2, 2 
12815, 2, 2 
50521, 2, 2 
7897, 2, 2 
44784, 2, 2 
32949, 2, 2 
34976, 2, 2 
10616, 2, 2 
52345, 2, 2 
49285, 2, 2 
34116, 2, 2 
16109, 2, 2 
17263, 2, 2 
58087, 2, 2 
42982, 2, 2 
27897, 2, 2 
47706, 2, 2 
47131, 2, 2 
37486, 2, 2 
9527, 2, 2 
35250, 2, 2 
10075, 2, 2 
12501, 2, 2 
43345, 2, 2 
31635, 2, 2 
32361, 2, 2 
33662, 2, 2 
22661, 2, 2 
46783, 2, 2 
59667, 2, 2 
28389, 2, 2 
23441, 2, 2 
2171, 2, 2 
19750, 2, 2 
55203, 2, 2 
50105, 2, 2 
2812, 2, 2 
33488, 2, 2 
36292, 2, 2 
28112, 2, 2 
31233, 2, 2 
48536, 2, 2 
34250, 2, 2 
52456, 2, 2 
2337, 2, 2 
25412, 2, 2 
16858, 2, 2 
684, 2, 2 
36950, 2, 2 
32148, 2, 2 
31794, 2, 2 
40388, 2, 2 
52224, 2, 2 
33361, 2, 2 
8372, 2, 2 
42754, 2, 2 
32337, 2, 2 
42683, 2, 2 
31467, 2, 2 
6360, 2, 2 
49757, 2, 2 
20847, 2, 2 
29351, 2, 2 
6168, 2, 2 
31884, 2, 2 
36868, 2, 2 
6505, 2, 2 
10699, 2, 2 
25318, 2, 2 
53637, 2, 2 
30794, 2, 2 
35134, 2, 2 
11648, 2, 2 
26794, 2, 2 
4701, 2, 2 
56821, 2, 2 
35529, 2, 2 
22169, 2, 2 
7695, 2, 2 
48698, 2, 2 
28068, 2, 2 
45287, 2, 2 
17339, 2, 2 
11869, 2, 2 
18662, 2, 2 
5162, 2, 2 
32475, 2, 2 
32318, 2, 2 
51658, 2, 2 
59475, 2, 2 
35110, 2, 2 
39429, 2, 2 
13434, 2, 2 
20502, 2, 2 
1255, 2, 2 
56215, 2, 2 
4576, 2, 2 
21147, 2, 2 
13667, 2, 2 
55653, 2, 2 
40718, 2, 2 
59607, 2, 2 
37241, 2, 2 
9689, 2, 2 
40699, 2, 2 
35091, 2, 2 
15796, 2, 2 
39582, 2, 2 
20493, 2, 2 
12727, 2, 2 
7486, 2, 2 
48334, 2, 2 
14091, 2, 2 
58857, 2, 2 
28929, 2, 2 
34226, 2, 2 
23584, 2, 2 
30589, 2, 2 
17691, 2, 2 
35202, 2, 2 
10723, 2, 2 
34745, 2, 2 
37671, 2, 2 
3853, 2, 2 
24198, 2, 2 
16108, 2, 2 
34746, 2, 2 
18946, 2, 2 
12404, 2, 2 
20867, 2, 2 
13771, 2, 2 
20145, 2, 2 
29355, 2, 2 
44475, 2, 2 
10016, 2, 2 
59061, 2, 2 
57964, 2, 2 
45672, 2, 2 
45620, 2, 2 
29059, 2, 2 
48887, 2, 2 
23625, 2, 2 
27186, 2, 2 
55789, 2, 2 
56514, 2, 2 
18865, 2, 2 
5380, 2, 2 
58771, 2, 2 
30669, 2, 2 
21952, 2, 2 
10312, 2, 2 
14702, 2, 2 
43576, 2, 2 
38356, 2, 2 
31873, 2, 2 
37157, 2, 2 
41484, 2, 2 
41460, 2, 2 
49567, 2, 2 
50802, 2, 2 
375, 2, 2 
46553, 2, 2 
31947, 2, 2 
39118, 2, 2 
7758, 2, 2 
20029, 2, 2 
36685, 2, 2 
36485, 2, 2 
54551, 2, 2 
46364, 2, 2 
11812, 2, 2 
14836, 2, 2 
28453, 2, 2 
3064, 2, 2 
14901, 2, 2 
51835, 2, 2 
9830, 2, 2 
3042, 2, 2 
53733, 2, 2 
48811, 2, 2 
46977, 2, 2 
57503, 2, 2 
55326, 2, 2 
13586, 2, 2 
35344, 2, 2 
24517, 2, 2 
32438, 2, 2 
28228, 2, 2 
48915, 2, 2 
44758, 2, 2 
7624, 2, 2 
33672, 2, 2 
56739, 2, 2 
51541, 2, 2 
2288, 2, 2 
2838, 2, 2 
34627, 2, 2 
19808, 2, 2 
26658, 2, 2 
56569, 2, 2 
29624, 2, 2 
40967, 2, 2 
34856, 2, 2 
55381, 2, 2 
41832, 2, 2 
11438, 2, 2 
10300, 2, 2 
57496, 2, 2 
49975, 2, 2 
47223, 2, 2 
1679, 2, 2 
50452, 2, 2 
41141, 2, 2 
38692, 2, 2 
46047, 2, 2 
555, 2, 2 
55559, 2, 2 
50221, 2, 2 
25041, 2, 2 
27869, 2, 2 
1735, 2, 2 
12281, 2, 2 
20710, 2, 2 
27571, 2, 2 
30076, 2, 2 
57815, 2, 2 
3564, 2, 2 
39020, 2, 2 
40160, 2, 2 
29496, 2, 2 
59556, 2, 2 
51256, 2, 2 
59110, 2, 2 
4293, 2, 2 
52982, 2, 2 
17374, 2, 2 
21652, 2, 2 
4651, 2, 2 
47023, 2, 2 
52142, 2, 2 
30726, 2, 2 
13384, 2, 2 
43495, 2, 2 
18803, 2, 2 
45347, 2, 2 
48446, 2, 2 
55655, 2, 2 
44133, 2, 2 
29290, 2, 2 
4401, 2, 2 
27864, 2, 2 
12549, 2, 2 
9715, 2, 2 
18631, 2, 2 
28050, 2, 2 
13023, 2, 2 
47012, 2, 2 
40096, 2, 2 
59539, 2, 2 
3381, 2, 2 
21436, 2, 2 
31973, 2, 2 
34961, 2, 2 
41516, 2, 2 
55678, 2, 2 
56282, 2, 2 
11298, 2, 2 
14551, 2, 2 
6764, 2, 2 
32408, 2, 2 
10367, 2, 2 
7953, 2, 2 
56824, 2, 2 
57899, 2, 2 
42792, 2, 2 
33505, 2, 2 
54834, 2, 1 
6649, 2, 2 
25507, 2, 2 
37863, 2, 2 
22236, 2, 2 
21982, 2, 2 
37501, 2, 2 
54078, 2, 2 
9722, 2, 2 
46224, 2, 2 
40562, 2, 2 
36056, 2, 2 
58026, 2, 2 
14617, 2, 2 
37995, 2, 2 
24303, 2, 2 
34864, 2, 2 
50454, 2, 2 
25787, 2, 2 
37989, 2, 2 
5733, 2, 2 
30133, 2, 2 
8831, 2, 2 
20268, 2, 2 
17480, 2, 2 
22232, 2, 2 
48934, 2, 2 
45306, 2, 2 
33233, 2, 2 
54432, 2, 2 
30477, 2, 2 
59157, 2, 2 
444, 2, 2 
2855, 2, 2 
21174, 2, 2 
37655, 2, 2 
51119, 2, 2 
50295, 2, 2 
41260, 2, 2 
43240, 2, 2 
26075, 2, 2 
18943, 2, 2 
54756, 2, 2 
43635, 2, 2 
42969, 2, 2 
7265, 2, 2 
31146, 2, 2 
1774, 2, 2 
51869, 2, 2 
59655, 2, 2 
2472, 2, 2 
50695, 2, 2 
47393, 2, 2 
10999, 2, 2 
27768, 2, 2 
8834, 2, 2 
26477, 2, 2 
35679, 2, 2 
41112, 2, 2 
56655, 2, 7 
57338, 2, 2 
46011, 2, 2 
46951, 2, 2 
34521, 2, 2 
13179, 2, 2 
32263, 2, 2 
35298, 2, 2 
47142, 2, 2 
20313, 2, 2 
56687, 2, 2 
37880, 2, 2 
4230, 2, 2 
27093, 2, 2 
33727, 2, 2 
18900, 2, 2 
4509, 2, 2 
15845, 2, 2 
4955, 2, 9 
19854, 2, 2 
54424, 2, 2 
23313, 2, 2 
59130, 2, 2 
3848, 2, 2 
5928, 2, 2 
53890, 2, 2 
7576, 2, 2 
5377, 2, 2 
14490, 2, 2 
33620, 2, 2 
49349, 2, 2 
28268, 2, 2 
31506, 2, 2 
38609, 2, 2 
38527, 2, 2 
8202, 2, 2 
41255, 2, 2 
11899, 2, 2 
16183, 2, 2 
26733, 2, 2 
41105, 2, 2 
31823, 2, 2 
45531, 2, 2 
29427, 3, 3 
2127, 3, 3 
56535, 3, 3 
57568, 3, 3 
21468, 3, 3 
16764, 3, 3 
19878, 3, 3 
40662, 3, 3 
37604, 3, 3 
8018, 3, 3 
58324, 3, 3 
42902, 3, 3 
17777, 3, 3 
25107, 3, 3 
33371, 3, 3 
2263, 3, 3 
40722, 3, 3 
50955, 3, 3 
15533, 3, 3 
49607, 3, 3 
15412, 3, 3 
17966, 3, 3 
58503, 3, 3 
52168, 3, 3 
29653, 3, 3 
16783, 3, 3 
49018, 3, 3 
30780, 3, 3 
51230, 3, 3 
57651, 3, 3 
4001, 3, 3 
35113, 3, 3 
27435, 3, 3 
58654, 3, 3 
6892, 3, 3 
43204, 3, 3 
9932, 3, 3 
43287, 3, 3 
39618, 3, 3 
21524, 3, 3 
24326, 3, 3 
11951, 3, 3 
21325, 3, 3 
32883, 3, 3 
8884, 3, 3 
50940, 3, 3 
1599, 3, 3 
31098, 3, 3 
34551, 3, 3 
1675, 3, 3 
56528, 3, 3 
59104, 3, 3 
46246, 3, 3 
49763, 3, 3 
18862, 3, 3 
46061, 3, 3 
55831, 3, 3 
29521, 3, 3 
57131, 3, 3 
32619, 3, 3 
21939, 3, 3 
21099, 3, 3 
18528, 3, 3 
55548, 3, 3 
51816, 3, 3 
10125, 3, 3 
16462, 3, 3 
34805, 3, 3 
28528, 3, 3 
15937, 3, 3 
49390, 3, 3 
41994, 3, 3 
2816, 3, 3 
7483, 3, 3 
3051, 3, 3 
51085, 3, 3 
28983, 3, 3 
30984, 3, 3 
21690, 3, 3 
53547, 3, 3 
57788, 3, 3 
330, 3, 3 
19333, 3, 3 
51153, 3, 3 
51871, 3, 3 
10390, 3, 3 
37792, 3, 3 
3466, 3, 3 
14025, 3, 3 
3713, 3, 3 
46117, 3, 3 
56654, 3, 3 
45774, 3, 3 
56398, 3, 3 
4508, 3, 3 
40574, 3, 3 
30679, 3, 3 
5637, 3, 3 
25425, 3, 3 
49946, 3, 3 
56578, 3, 3 
43235, 3, 3 
53365, 3, 3 
30540, 3, 3 
45046, 3, 3 
55791, 3, 3 
29675, 3, 3 
37397, 3, 3 
50644, 3, 3 
26651, 3, 3 
5642, 3, 3 
30400, 3, 3 
58021, 3, 3 
37991, 3, 3 
35486, 3, 3 
2796, 3, 3 
52692, 3, 3 
12720, 3, 3 
52272, 3, 3 
3435, 3, 3 
6594, 3, 3 
27726, 3, 3 
58640, 3, 3 
29765, 3, 3 
54724, 3, 3 
43739, 3, 3 
43865, 3, 3 
36449, 3, 3 
13831, 3, 3 
20470, 3, 3 
14527, 3, 3 
9065, 3, 3 
59001, 3, 3 
36263, 3, 3 
15774, 3, 3 
55592, 3, 3 
7383, 3, 3 
4359, 3, 3 
29181, 3, 3 
18155, 3, 3 
32330, 3, 3 
53558, 3, 3 
20737, 3, 3 
45408, 3, 3 
8017, 3, 3 
43537, 3, 3 
51543, 3, 3 
51142, 3, 3 
51896, 3, 3 
4719, 3, 3 
50253, 3, 3 
46570, 3, 3 
15869, 3, 3 
42140, 3, 3 
35765, 3, 3 
36595, 3, 3 
55488, 3, 3 
14674, 3, 3 
22304, 3, 3 
20606, 3, 3 
47872, 3, 3 
629, 3, 3 
31155, 3, 3 
30254, 3, 3 
27133, 3, 3 
31641, 3, 3 
37797, 3, 3 
10144, 3, 3 
2886, 3, 3 
15008, 3, 3 
39099, 3, 3 
47821, 3, 3 
46856, 3, 3 
55257, 3, 3 
50260, 3, 3 
32804, 3, 3 
25867, 3, 3 
51474, 3, 3 
30354, 3, 3 
27795, 3, 3 
58257, 3, 3 
47760, 3, 3 
46532, 3, 3 
30175, 3, 3 
59195, 3, 3 
16626, 3, 3 
9991, 3, 3 
43438, 3, 3 
23649, 3, 3 
40502, 3, 3 
11837, 3, 3 
37569, 3, 3 
13839, 3, 3 
8241, 3, 3 
36119, 3, 3 
27861, 3, 3 
27031, 3, 3 
3404, 3, 3 
14803, 3, 3 
29300, 3, 3 
10674, 3, 3 
52966, 3, 3 
16386, 3, 3 
55104, 3, 3 
59014, 3, 3 
41007, 3, 3 
31664, 3, 3 
50960, 3, 3 
16491, 3, 3 
52209, 3, 3 
35801, 3, 3 
27866, 3, 3 
9466, 3, 3 
34316, 3, 3 
17929, 3, 3 
19413, 3, 3 
30897, 3, 3 
26830, 3, 3 
55062, 3, 3 
7031, 3, 3 
59652, 3, 3 
19976, 3, 3 
15816, 3, 3 
30375, 3, 3 
3756, 3, 3 
23747, 3, 3 
50693, 3, 3 
5160, 3, 3 
46807, 3, 3 
7396, 3, 3 
58045, 3, 3 
44889, 3, 3 
35640, 3, 3 
2568, 3, 3 
53943, 3, 3 
58582, 3, 3 
12995, 3, 3 
41053, 3, 3 
37188, 3, 3 
13093, 3, 3 
50, 3, 3 
30720, 3, 3 
22271, 3, 3 
48311, 3, 3 
33828, 3, 3 
86, 3, 3 
35346, 3, 3 
17710, 3, 3 
21306, 3, 3 
57424, 3, 3 
20872, 3, 3 
38239, 3, 3 
20314, 3, 3 
6858, 3, 3 
46242, 3, 3 
18630, 3, 3 
11221, 3, 3 
11554, 3, 3 
59598, 3, 3 
49321, 3, 3 
36018, 3, 3 
20685, 3, 3 
31720, 3, 3 
9639, 3, 3 
17491, 3, 3 
46051, 3, 3 
34547, 3, 3 
21144, 3, 3 
20728, 3, 3 
11693, 3, 3 
56043, 3, 3 
21775, 3, 3 
58086, 3, 3 
25685, 3, 3 
50007, 3, 3 
53376, 3, 3 
15980, 3, 3 
9520, 3, 3 
59660, 3, 3 
581, 3, 3 
13524, 3, 3 
34259, 3, 3 
29146, 3, 3 
23634, 3, 3 
6945, 3, 3 
5958, 3, 3 
21606, 3, 3 
20072, 3, 3 
9300, 3, 3 
49645, 3, 3 
51903, 3, 3 
38451, 3, 3 
41494, 3, 3 
32689, 3, 3 
29121, 3, 3 
9380, 3, 3 
26998, 3, 3 
11651, 3, 3 
13114, 3, 3 
37204, 3, 3 
22114, 3, 3 
56488, 3, 3 
48164, 3, 3 
5207, 3, 3 
19734, 3, 3 
11511, 3, 3 
49627, 3, 3 
18285, 3, 3 
46932, 3, 3 
57468, 3, 3 
12148, 3, 3 
6175, 3, 3 
58227, 3, 3 
33240, 3, 3 
48038, 3, 3 
1201, 3, 3 
45636, 3, 3 
40035, 3, 3 
136, 3, 3 
18120, 3, 3 
48662, 3, 3 
45164, 3, 3 
40281, 3, 3 
33491, 3, 3 
22459, 3, 3 
29610, 3, 3 
47496, 3, 3 
8052, 3, 3 
9183, 3, 3 
52853, 3, 3 
18827, 3, 3 
52931, 3, 3 
27870, 3, 3 
5788, 3, 3 
3997, 3, 3 
11037, 3, 3 
54798, 3, 3 
28803, 3, 3 
27840, 3, 3 
38735, 3, 3 
19347, 3, 3 
38827, 3, 3 
27540, 3, 3 
57932, 3, 3 
35794, 3, 3 
28499, 3, 3 
21866, 3, 3 
19863, 3, 3 
45289, 3, 3 
4179, 3, 3 
31404, 3, 3 
6539, 3, 3 
992, 3, 3 
8135, 3, 3 
56136, 3, 3 
45983, 3, 3 
50755, 3, 3 
57660, 3, 3 
53749, 3, 3 
43301, 3, 3 
32764, 3, 3 
34351, 3, 3 
44510, 3, 3 
41283, 3, 3 
4196, 3, 3 
31562, 3, 3 
50181, 3, 3 
55746, 3, 3 
19500, 3, 3 
26013, 3, 3 
1429, 3, 3 
3397, 3, 3 
14704, 3, 3 
7771, 3, 3 
15743, 3, 3 
3735, 3, 3 
25553, 3, 3 
48179, 3, 3 
15630, 3, 3 
27467, 3, 3 
26596, 3, 3 
53987, 3, 3 
45995, 3, 3 
181, 3, 3 
22717, 3, 3 
40223, 3, 3 
51260, 3, 3 
1241, 3, 3 
20023, 3, 3 
32775, 3, 3 
33510, 3, 3 
1290, 3, 3 
20805, 3, 3 
18895, 3, 3 
34672, 3, 3 
32284, 3, 3 
17997, 3, 3 
15245, 3, 3 
17470, 3, 3 
23156, 3, 3 
57679, 3, 3 
35911, 3, 3 
26284, 3, 3 
27701, 3, 3 
5392, 3, 3 
1007, 3, 3 
13144, 3, 3 
40100, 3, 3 
52936, 3, 3 
52455, 3, 3 
30673, 3, 3 
1533, 3, 3 
46403, 3, 3 
18059, 3, 3 
47725, 3, 3 
41747, 3, 3 
3215, 3, 3 
30611, 3, 3 
2179, 3, 3 
2180, 3, 3 
17810, 3, 3 
25296, 3, 3 
14177, 3, 3 
13383, 3, 3 
30226, 3, 3 
15968, 3, 3 
18240, 3, 3 
46134, 3, 3 
1631, 3, 3 
47643, 3, 3 
34629, 3, 3 
22231, 3, 3 
43080, 3, 3 
45822, 3, 3 
56791, 3, 3 
56565, 3, 3 
48701, 3, 3 
54444, 3, 3 
20121, 3, 3 
54622, 3, 3 
24735, 3, 3 
46534, 3, 3 
37700, 3, 3 
867, 3, 3 
49433, 3, 3 
4658, 3, 3 
760, 3, 3 
47539, 3, 3 
48435, 3, 3 
57864, 3, 3 
35803, 3, 3 
19548, 3, 3 
9759, 3, 3 
25809, 3, 3 
8184, 3, 3 
11788, 3, 3 
21950, 3, 3 
23218, 3, 3 
16489, 3, 3 
27783, 3, 3 
58406, 3, 3 
3075, 3, 3 
32940, 3, 3 
5388, 3, 3 
43659, 3, 3 
44596, 3, 3 
39520, 3, 3 
26871, 3, 3 
9491, 3, 3 
18924, 3, 3 
46692, 3, 3 
5660, 3, 3 
37314, 3, 3 
6233, 3, 3 
37361, 3, 3 
56820, 3, 3 
7501, 3, 3 
2740, 3, 3 
56006, 3, 3 
31044, 3, 3 
26715, 3, 3 
33722, 3, 3 
34828, 3, 3 
52287, 3, 3 
19014, 3, 3 
25174, 3, 3 
5337, 3, 3 
8794, 3, 3 
31469, 3, 3 
19114, 3, 3 
31989, 3, 3 
7701, 3, 3 
26154, 3, 3 
23287, 3, 3 
42807, 3, 3 
10953, 3, 3 
49912, 3, 3 
26674, 3, 3 
4581, 3, 3 
32539, 3, 3 
29992, 4, 4 
31471, 4, 4 
42272, 4, 4 
46245, 4, 4 
39302, 4, 4 
51383, 4, 4 
36577, 4, 4 
47558, 4, 4 
52729, 4, 4 
20467, 4, 4 
19564, 4, 4 
20717, 4, 4 
7399, 4, 4 
34683, 4, 4 
3088, 4, 4 
37385, 4, 4 
19573, 4, 4 
56311, 4, 4 
3504, 4, 4 
8037, 4, 4 
18121, 4, 4 
6794, 4, 4 
38132, 4, 4 
8825, 4, 4 
20069, 4, 4 
55675, 4, 4 
45353, 4, 4 
6729, 4, 4 
29584, 4, 4 
20468, 4, 4 
31111, 4, 4 
36952, 4, 4 
37273, 4, 4 
17922, 4, 4 
9116, 4, 4 
49688, 4, 4 
17276, 4, 4 
20924, 4, 4 
39954, 4, 4 
8570, 4, 4 
15543, 4, 4 
51929, 4, 4 
29271, 4, 4 
7282, 4, 4 
41036, 4, 4 
987, 4, 4 
16094, 4, 4 
46456, 4, 4 
46415, 4, 4 
19882, 4, 4 
5410, 4, 4 
35849, 4, 4 
23936, 4, 4 
13350, 4, 4 
53674, 4, 4 
1808, 4, 4 
42425, 4, 4 
25050, 4, 4 
49005, 4, 4 
36502, 4, 4 
44831, 4, 4 
40094, 4, 4 
45296, 4, 4 
16542, 4, 4 
26963, 4, 4 
18297, 4, 4 
2449, 4, 4 
21152, 4, 4 
14257, 4, 4 
53421, 4, 4 
28938, 4, 4 
54419, 4, 4 
20011, 4, 4 
40913, 4, 4 
4703, 4, 4 
26985, 4, 4 
49162, 4, 4 
31114, 4, 4 
22652, 4, 4 
12055, 4, 4 
18054, 4, 4 
39634, 4, 4 
4837, 4, 4 
35626, 4, 4 
44232, 4, 4 
10937, 4, 4 
49552, 4, 4 
56173, 4, 4 
52165, 4, 4 
45560, 4, 4 
6901, 4, 4 
39799, 4, 4 
37311, 4, 4 
12070, 4, 4 
55924, 4, 4 
47276, 4, 4 
6268, 4, 4 
37815, 4, 4 
40946, 4, 4 
15283, 4, 4 
2294, 4, 4 
48782, 4, 4 
6761, 4, 4 
4781, 4, 4 
32182, 4, 4 
46472, 4, 4 
14390, 4, 4 
52949, 4, 4 
10631, 4, 4 
26128, 4, 4 
34102, 4, 4 
47680, 4, 4 
45550, 4, 4 
54960, 4, 4 
31541, 4, 4 
31403, 4, 4 
10912, 4, 4 
40950, 4, 4 
58986, 4, 4 
17991, 4, 4 
22584, 4, 4 
12122, 4, 4 
25990, 4, 4 
32094, 4, 4 
847, 4, 4 
14290, 4, 4 
24340, 4, 4 
13548, 4, 4 
23085, 4, 4 
38011, 4, 4 
21022, 4, 4 
37799, 4, 4 
1180, 4, 4 
29739, 4, 4 
43239, 4, 4 
24986, 4, 4 
55469, 4, 4 
48870, 4, 4 
41455, 4, 4 
25660, 4, 4 
1460, 4, 4 
12052, 4, 4 
12197, 4, 4 
30779, 4, 4 
35141, 4, 4 
56293, 4, 4 
1979, 4, 4 
57706, 4, 4 
3973, 4, 4 
13418, 4, 4 
49072, 4, 4 
29929, 4, 4 
4789, 4, 4 
35136, 4, 4 
16313, 4, 4 
26137, 4, 4 
26599, 4, 4 
354, 4, 4 
12615, 4, 4 
4433, 4, 4 
22997, 4, 4 
56142, 4, 4 
6424, 4, 4 
10942, 4, 4 
46467, 4, 4 
54359, 4, 4 
49271, 4, 4 
54582, 4, 4 
13868, 4, 4 
2072, 4, 4 
19414, 4, 4 
38201, 4, 4 
58300, 4, 4 
36597, 4, 4 
38821, 4, 4 
36212, 4, 4 
17444, 4, 4 
36518, 4, 4 
44496, 4, 4 
338, 4, 4 
19026, 4, 4 
14349, 4, 4 
52935, 4, 4 
24032, 4, 4 
22544, 4, 4 
32178, 4, 4 
34742, 4, 4 
47070, 4, 4 
17604, 4, 4 
45033, 4, 4 
56400, 4, 4 
59139, 4, 4 
20741, 4, 4 
21968, 4, 4 
34994, 4, 4 
11127, 4, 4 
50182, 4, 4 
42995, 4, 4 
42857, 4, 4 
40123, 4, 4 
32911, 4, 4 
45404, 4, 4 
3437, 4, 4 
43929, 4, 4 
30536, 4, 4 
55812, 4, 4 
20074, 4, 4 
40234, 4, 4 
58867, 4, 4 
49934, 4, 4 
43272, 4, 4 
58559, 4, 4 
57002, 4, 4 
43657, 4, 4 
28500, 4, 4 
906, 4, 4 
51549, 4, 4 
7319, 4, 4 
31378, 4, 4 
29550, 4, 4 
16851, 4, 4 
31224, 4, 4 
12530, 4, 4 
48194, 4, 4 
36676, 4, 4 
21729, 4, 4 
18846, 4, 4 
52346, 4, 4 
8560, 4, 4 
37295, 4, 4 
52519, 4, 4 
54742, 4, 4 
57524, 4, 4 
43009, 4, 4 
380, 4, 4 
59879, 4, 4 
55774, 4, 4 
33650, 4, 4 
5636, 4, 4 
17018, 4, 4 
9586, 4, 4 
46613, 4, 4 
54175, 4, 4 
18245, 4, 4 
59055, 4, 4 
14449, 4, 4 
55160, 4, 4 
15214, 4, 4 
19961, 4, 4 
20794, 4, 4 
37945, 4, 4 
46731, 4, 4 
8346, 4, 4 
20338, 4, 4 
55197, 4, 4 
14426, 4, 4 
8495, 4, 4 
42300, 4, 4 
7299, 4, 4 
24233, 4, 4 
9145, 4, 4 
4240, 4, 4 
15783, 4, 4 
7333, 4, 4 
55037, 4, 4 
32518, 4, 4 
43987, 4, 4 
14793, 4, 4 
10177, 4, 4 
22699, 4, 4 
59874, 4, 4 
13419, 4, 4 
21287, 4, 4 
20368, 4, 4 
5880, 4, 4 
36025, 4, 4 
11962, 4, 4 
9245, 4, 4 
57677, 4, 4 
24976, 4, 4 
27014, 4, 4 
39078, 4, 4 
50189, 4, 4 
23974, 4, 4 
55641, 4, 4 
37262, 4, 4 
1227, 4, 4 
2106, 4, 4 
50564, 4, 4 
29866, 4, 4 
34735, 4, 4 
21655, 4, 4 
4939, 4, 4 
15981, 4, 4 
42042, 4, 4 
44977, 4, 4 
11916, 4, 4 
21988, 4, 4 
50879, 4, 4 
59047, 4, 4 
38616, 4, 4 
15376, 4, 4 
24758, 4, 4 
58634, 4, 4 
44419, 4, 4 
45590, 4, 4 
16397, 4, 4 
18730, 4, 4 
26217, 4, 4 
23781, 4, 4 
49092, 4, 4 
9585, 4, 4 
12538, 4, 4 
18654, 4, 4 
11414, 4, 4 
24087, 4, 4 
46925, 4, 4 
19637, 4, 4 
43639, 4, 4 
57530, 4, 4 
2289, 4, 4 
1172, 4, 4 
27612, 4, 4 
30327, 4, 4 
13291, 4, 4 
24977, 4, 4 
32512, 4, 4 
49309, 4, 4 
57059, 4, 4 
39298, 4, 4 
7083, 4, 4 
42233, 4, 4 
51170, 4, 4 
7211, 4, 4 
39844, 4, 4 
54729, 4, 4 
47884, 4, 4 
8061, 4, 4 
47240, 4, 4 
2276, 4, 4 
18823, 4, 4 
30198, 4, 4 
43571, 4, 4 
30886, 4, 4 
57840, 4, 4 
49206, 4, 4 
35482, 4, 4 
52663, 4, 4 
7152, 4, 4 
6949, 4, 4 
10133, 4, 4 
12169, 4, 4 
11165, 4, 4 
35263, 4, 4 
22553, 4, 4 
25380, 4, 4 
24642, 4, 4 
32124, 4, 4 
32851, 4, 4 
31315, 4, 4 
58840, 4, 4 
24866, 4, 4 
14198, 4, 4 
44921, 4, 4 
57144, 4, 4 
30876, 4, 4 
55124, 4, 4 
36548, 4, 4 
31123, 4, 4 
35075, 4, 4 
26269, 4, 4 
9410, 4, 4 
41109, 4, 4 
52007, 4, 4 
54778, 4, 4 
20262, 4, 4 
36674, 4, 4 
8415, 4, 4 
32524, 4, 4 
28449, 4, 4 
16886, 4, 4 
47691, 4, 4 
57146, 4, 4 
20574, 4, 4 
5792, 4, 4 
17701, 4, 4 
28556, 4, 4 
47541, 4, 4 
30266, 4, 4 
26334, 4, 4 
17891, 4, 4 
51337, 4, 4 
27586, 4, 4 
31817, 4, 4 
23486, 4, 4 
25925, 4, 4 
42793, 4, 4 
22531, 4, 4 
49733, 4, 4 
58231, 4, 4 
17141, 4, 4 
32993, 4, 4 
4264, 4, 4 
2578, 4, 4 
33306, 4, 4 
18008, 4, 4 
37851, 4, 4 
26458, 4, 4 
5482, 4, 4 
64, 4, 4 
38966, 4, 4 
37767, 4, 4 
10758, 4, 4 
57844, 4, 4 
21417, 4, 4 
36641, 4, 4 
21057, 4, 4 
9337, 4, 4 
17498, 4, 4 
15429, 4, 4 
24869, 4, 4 
25361, 4, 4 
10888, 4, 4 
41163, 4, 4 
27222, 4, 4 
36208, 4, 4 
10467, 4, 4 
43516, 4, 4 
22461, 4, 4 
36434, 4, 4 
25093, 4, 4 
29960, 4, 4 
33115, 4, 4 
50183, 4, 4 
50031, 4, 4 
18088, 4, 4 
5863, 4, 4 
12019, 4, 4 
10216, 4, 4 
37104, 4, 4 
29864, 4, 4 
34035, 4, 4 
35183, 4, 4 
53753, 4, 4 
40429, 4, 4 
24530, 4, 4 
22105, 4, 4 
59722, 4, 4 
36336, 4, 4 
34354, 4, 4 
33119, 4, 4 
41381, 4, 4 
41625, 4, 4 
842, 4, 4 
30321, 4, 4 
3290, 4, 4 
41307, 4, 4 
5217, 4, 4 
22525, 4, 4 
10724, 4, 4 
59753, 4, 4 
34379, 4, 4 
28615, 4, 4 
3496, 4, 4 
1212, 4, 4 
5777, 4, 4 
52267, 4, 4 
51600, 4, 4 
36790, 4, 4 
17857, 4, 4 
56406, 4, 4 
33708, 4, 4 
59108, 4, 4 
28146, 4, 4 
8477, 4, 4 
55872, 4, 4 
21017, 4, 4 
6879, 4, 4 
34185, 4, 4 
10636, 4, 4 
7999, 4, 4 
23549, 4, 4 
43295, 4, 4 
3697, 4, 4 
56856, 4, 4 
44086, 4, 4 
5313, 4, 4 
28237, 4, 4 
257, 4, 4 
29542, 4, 4 
38323, 4, 4 
51962, 4, 4 
680, 4, 4 
22197, 4, 4 
6724, 4, 4 
2484, 4, 4 
32049, 4, 4 
53249, 4, 4 
44379, 4, 4 
57249, 4, 4 
31982, 5, 5 
59368, 5, 5 
58723, 5, 5 
55775, 5, 5 
47737, 5, 5 
1071, 5, 5 
29534, 5, 5 
52255, 5, 5 
46720, 5, 5 
54883, 5, 5 
25603, 5, 5 
18151, 5, 5 
32200, 5, 5 
13232, 5, 5 
58756, 5, 5 
26592, 5, 5 
59576, 5, 5 
56309, 5, 5 
2948, 5, 5 
27997, 5, 5 
16592, 5, 5 
40773, 5, 5 
12341, 5, 5 
28846, 5, 5 
56269, 5, 5 
49682, 5, 5 
56371, 5, 5 
38222, 5, 5 
46102, 5, 5 
21873, 5, 5 
51079, 5, 5 
38719, 5, 5 
23424, 5, 5 
56206, 5, 5 
49348, 5, 5 
2537, 5, 5 
26680, 5, 5 
57124, 5, 5 
34362, 5, 5 
33808, 5, 5 
52399, 5, 5 
10884, 5, 5 
6412, 5, 5 
35207, 5, 5 
30528, 5, 5 
45432, 5, 5 
20209, 5, 5 
6171, 5, 5 
41934, 5, 5 
14628, 5, 5 
28231, 5, 5 
17716, 5, 5 
22983, 5, 5 
33973, 5, 5 
31520, 5, 5 
4529, 5, 5 
16315, 5, 5 
37582, 5, 5 
36453, 5, 5 
34932, 5, 5 
45212, 5, 5 
29049, 5, 5 
26211, 5, 5 
59349, 5, 5 
48939, 5, 5 
29759, 5, 5 
25144, 5, 5 
554, 5, 5 
9770, 5, 5 
58790, 5, 5 
10373, 5, 5 
16017, 5, 5 
43772, 5, 5 
44930, 5, 5 
5382, 5, 5 
14591, 5, 5 
10791, 5, 5 
50569, 5, 5 
50848, 5, 5 
43055, 5, 5 
18067, 5, 5 
8263, 5, 5 
5873, 5, 5 
38378, 5, 5 
19219, 5, 5 
51731, 5, 5 
54639, 5, 5 
7238, 5, 5 
16072, 5, 5 
21548, 5, 5 
36939, 5, 5 
11410, 5, 5 
40159, 5, 5 
54604, 5, 5 
42436, 5, 5 
38655, 5, 5 
44667, 5, 5 
7902, 5, 5 
8676, 5, 5 
15071, 5, 5 
679, 5, 5 
50759, 5, 5 
32698, 5, 5 
44406, 5, 5 
31346, 5, 5 
50601, 5, 5 
43529, 5, 5 
40678, 5, 5 
34005, 5, 5 
41140, 5, 5 
45003, 5, 5 
53822, 5, 5 
52231, 5, 5 
30448, 5, 5 
51800, 5, 5 
45770, 5, 5 
19706, 5, 5 
29696, 5, 5 
24107, 5, 5 
22704, 5, 5 
54241, 5, 5 
29880, 5, 5 
18600, 5, 5 
27648, 5, 5 
5440, 5, 5 
40869, 5, 5 
47854, 5, 5 
52347, 5, 5 
39208, 5, 5 
49141, 5, 5 
58655, 5, 5 
51380, 5, 5 
53050, 5, 5 
37364, 5, 5 
23189, 5, 5 
13602, 5, 5 
7193, 5, 5 
2620, 5, 5 
48512, 5, 5 
17886, 5, 5 
5240, 5, 5 
51854, 5, 5 
48838, 5, 5 
21671, 5, 5 
46509, 5, 5 
30957, 5, 5 
24579, 5, 5 
21206, 5, 5 
10421, 5, 5 
12962, 5, 5 
44564, 5, 5 
10939, 5, 5 
30837, 5, 5 
43308, 5, 5 
34811, 5, 5 
31005, 5, 5 
10451, 5, 5 
31344, 5, 5 
24683, 5, 5 
12631, 5, 5 
53641, 5, 5 
32702, 5, 5 
58515, 5, 5 
53229, 5, 5 
8748, 5, 5 
40473, 5, 5 
3695, 5, 5 
3137, 5, 5 
24250, 5, 5 
20306, 5, 5 
33001, 5, 5 
49689, 5, 5 
21289, 5, 5 
43368, 5, 5 
41045, 5, 5 
1847, 5, 5 
34411, 5, 5 
20246, 5, 5 
37375, 5, 5 
25315, 5, 5 
40738, 5, 5 
51296, 5, 5 
11638, 5, 5 
51254, 5, 5 
9858, 5, 5 
25259, 5, 5 
44099, 5, 5 
59790, 5, 5 
36695, 5, 5 
32488, 5, 5 
26163, 5, 5 
49079, 5, 5 
699, 5, 5 
48921, 5, 5 
53152, 5, 5 
21749, 5, 5 
48237, 5, 5 
36207, 5, 5 
10386, 5, 5 
40207, 5, 5 
53920, 5, 5 
58312, 5, 5 
18673, 5, 5 
42554, 5, 5 
36252, 5, 5 
54401, 5, 5 
50549, 5, 5 
41673, 5, 5 
12733, 5, 5 
18172, 5, 5 
12986, 5, 5 
26675, 5, 5 
43648, 5, 5 
14100, 5, 5 
19529, 5, 5 
52826, 5, 5 
47016, 5, 5 
33553, 5, 5 
42390, 5, 5 
58117, 5, 5 
14946, 5, 5 
26368, 5, 5 
52610, 5, 5 
27291, 5, 5 
652, 5, 5 
39945, 5, 5 
54465, 5, 5 
21604, 5, 5 
41314, 5, 5 
41258, 5, 5 
8835, 5, 5 
9261, 5, 5 
273, 5, 5 
9419, 5, 5 
33876, 5, 5 
58005, 5, 5 
50398, 5, 5 
43587, 5, 5 
16910, 5, 5 
26467, 5, 5 
13591, 5, 5 
19366, 5, 5 
15085, 5, 5 
19364, 5, 5 
11876, 5, 5 
29268, 5, 5 
46968, 5, 5 
33324, 5, 5 
59609, 5, 5 
57710, 5, 5 
2758, 5, 5 
8103, 5, 5 
6868, 5, 5 
5109, 5, 5 
24614, 5, 5 
45443, 5, 5 
7888, 5, 5 
59590, 5, 5 
14623, 5, 5 
41618, 5, 5 
2209, 5, 5 
35495, 5, 5 
20885, 5, 5 
46108, 5, 5 
35274, 5, 5 
22205, 5, 5 
19173, 5, 5 
13321, 5, 5 
41370, 5, 5 
30553, 5, 5 
33206, 5, 5 
29129, 5, 5 
54659, 5, 5 
51524, 5, 5 
33537, 5, 5 
9515, 5, 5 
4670, 5, 5 
49094, 5, 5 
57497, 5, 5 
11785, 5, 5 
42590, 5, 5 
31214, 5, 5 
43937, 5, 5 
13336, 5, 5 
40346, 5, 5 
41322, 5, 5 
34882, 5, 5 
15421, 5, 5 
30900, 5, 5 
45072, 5, 5 
17578, 5, 5 
40688, 5, 5 
33555, 5, 5 
36559, 5, 5 
49825, 5, 5 
36750, 5, 5 
49668, 5, 5 
22887, 5, 5 
48733, 5, 5 
29842, 5, 5 
5028, 5, 5 
32720, 5, 5 
48659, 5, 5 
38896, 5, 5 
5056, 5, 5 
19870, 5, 5 
37823, 5, 5 
36729, 5, 5 
18968, 5, 5 
27038, 5, 5 
20635, 5, 5 
2515, 5, 5 
22979, 5, 5 
21810, 5, 5 
49760, 5, 5 
5211, 5, 5 
54774, 5, 5 
20034, 5, 5 
17217, 5, 5 
32059, 5, 5 
55349, 5, 5 
29157, 5, 5 
40640, 5, 5 
43409, 5, 5 
29273, 5, 5 
21799, 5, 5 
42698, 5, 5 
54202, 5, 5 
56036, 5, 5 
39274, 5, 5 
7068, 5, 5 
16834, 5, 5 
51298, 5, 5 
3170, 5, 5 
38624, 5, 5 
29781, 5, 5 
4820, 5, 5 
11928, 5, 5 
36495, 5, 5 
7246, 5, 5 
2592, 5, 5 
54781, 5, 5 
13457, 5, 5 
39958, 5, 5 
138, 5, 5 
30323, 5, 5 
29648, 5, 5 
25198, 5, 5 
5991, 5, 5 
47020, 5, 5 
23449, 5, 5 
54566, 5, 5 
30858, 5, 5 
27053, 5, 5 
53063, 5, 6 
30405, 5, 5 
47630, 5, 5 
2698, 5, 5 
39689, 5, 5 
22393, 5, 5 
16767, 5, 5 
11695, 5, 5 
25679, 5, 5 
48016, 5, 5 
16157, 5, 5 
54589, 5, 5 
30456, 5, 5 
15812, 5, 5 
47543, 5, 5 
52043, 5, 5 
59846, 5, 5 
28617, 5, 5 
34187, 5, 5 
55223, 5, 5 
42321, 5, 5 
42555, 5, 5 
39502, 5, 5 
28161, 5, 5 
14054, 5, 5 
10538, 5, 5 
59800, 5, 5 
31007, 5, 5 
35147, 5, 5 
21184, 5, 5 
14085, 5, 5 
31190, 5, 5 
16646, 5, 5 
36516, 5, 5 
13580, 5, 5 
32699, 5, 5 
24910, 5, 5 
43262, 5, 5 
56712, 5, 5 
1325, 5, 5 
36896, 5, 5 
20210, 5, 5 
57553, 5, 5 
56990, 5, 5 
4302, 5, 5 
2308, 5, 5 
19396, 5, 5 
28395, 5, 5 
44804, 5, 5 
25566, 5, 5 
10701, 5, 5 
55459, 5, 5 
50341, 5, 5 
1024, 5, 5 
25273, 5, 5 
56669, 5, 5 
51072, 5, 5 
39966, 5, 5 
53329, 5, 5 
47320, 5, 5 
28375, 5, 5 
19610, 5, 5 
24330, 5, 5 
13185, 5, 5 
42428, 5, 5 
8414, 5, 5 
10589, 5, 5 
52999, 5, 5 
25423, 5, 5 
50926, 5, 5 
6264, 5, 5 
15893, 5, 5 
15549, 5, 5 
42659, 5, 5 
55042, 5, 5 
41868, 5, 5 
18234, 5, 5 
12092, 5, 5 
4600, 5, 5 
56860, 5, 5 
7044, 5, 5 
32598, 5, 5 
13345, 5, 5 
51679, 5, 5 
55261, 5, 5 
59993, 5, 5 
24235, 5, 5 
21902, 5, 5 
43506, 5, 5 
7276, 5, 5 
11873, 5, 5 
52559, 5, 5 
36493, 5, 5 
10770, 5, 5 
37341, 5, 5 
24093, 5, 5 
23312, 5, 5 
26771, 5, 5 
1575, 5, 5 
21204, 5, 5 
54446, 5, 5 
43084, 5, 5 
24718, 5, 5 
5210, 5, 5 
17631, 5, 5 
45250, 5, 5 
1509, 5, 5 
15144, 5, 5 
38252, 5, 5 
19909, 5, 5 
38546, 5, 5 
59384, 5, 5 
23972, 5, 5 
5668, 5, 5 
1795, 5, 5 
16038, 5, 5 
14951, 5, 5 
50768, 5, 5 
23630, 5, 5 
22101, 5, 5 
20590, 5, 5 
48567, 5, 5 
23183, 5, 5 
18778, 5, 5 
21252, 5, 5 
49402, 5, 5 
15178, 5, 5 
33033, 5, 5 
16553, 5, 5 
53572, 5, 5 
23384, 5, 5 
21782, 5, 5 
19852, 5, 5 
47412, 5, 5 
17201, 5, 5 
58872, 5, 5 
23377, 5, 5 
20200, 5, 5 
35114, 5, 5 
54142, 5, 5 
27176, 5, 5 
58803, 5, 5 
36253, 5, 5 
37574, 5, 5 
23169, 5, 5 
11141, 5, 5 
42151, 6, 6 
59463, 6, 6 
38856, 6, 6 
10163, 6, 6 
24779, 6, 6 
56673, 6, 6 
14377, 6, 6 
49879, 6, 6 
8145, 6, 6 
48409, 6, 6 
2822, 6, 6 
14344, 6, 6 
57758, 6, 6 
52472, 6, 6 
28733, 6, 6 
39727, 6, 6 
37475, 6, 6 
14178, 6, 6 
6553, 6, 6 
40139, 6, 6 
367, 6, 6 
35988, 6, 6 
5951, 6, 6 
27504, 6, 6 
3654, 6, 6 
59637, 6, 6 
17796, 6, 6 
7503, 6, 6 
23416, 6, 6 
49900, 6, 6 
37804, 6, 6 
16506, 6, 6 
17867, 6, 6 
48809, 6, 6 
7867, 6, 6 
27981, 6, 6 
52788, 6, 6 
10671, 6, 6 
9593, 6, 6 
46967, 6, 6 
55274, 6, 6 
31104, 6, 6 
33901, 6, 6 
47047, 6, 6 
45154, 6, 6 
45664, 6, 6 
32113, 6, 6 
21745, 6, 6 
38471, 6, 6 
28870, 6, 6 
29454, 6, 6 
5384, 6, 6 
24016, 6, 6 
58695, 6, 6 
26065, 6, 6 
55616, 6, 6 
8009, 6, 6 
28850, 6, 6 
58354, 6, 6 
8034, 6, 6 
14731, 6, 6 
5524, 6, 6 
12699, 6, 6 
17326, 6, 6 
53516, 6, 6 
11985, 6, 6 
32240, 6, 6 
49524, 6, 6 
31736, 6, 6 
26819, 6, 6 
19532, 6, 6 
16896, 6, 6 
39226, 6, 6 
55760, 6, 6 
15188, 6, 6 
23321, 6, 6 
5451, 6, 6 
49031, 6, 6 
22142, 6, 6 
47383, 6, 6 
28975, 6, 6 
40527, 6, 6 
34578, 6, 6 
41262, 6, 6 
34284, 6, 6 
12401, 6, 6 
35342, 6, 6 
29221, 6, 6 
13731, 6, 6 
16535, 6, 6 
2291, 6, 6 
20152, 6, 6 
23363, 6, 6 
21763, 6, 6 
50494, 6, 6 
32119, 6, 6 
57850, 6, 6 
9723, 6, 6 
37442, 6, 6 
12450, 6, 6 
45241, 6, 6 
39650, 6, 6 
2061, 6, 6 
23569, 6, 6 
59181, 6, 6 
45127, 6, 6 
18772, 6, 6 
43804, 6, 6 
6090, 6, 6 
58043, 6, 6 
47437, 6, 6 
40515, 6, 6 
4886, 6, 6 
53949, 6, 6 
45447, 6, 6 
50836, 6, 6 
24257, 6, 6 
31620, 6, 6 
38352, 6, 6 
8206, 6, 6 
48707, 6, 6 
45010, 6, 6 
52912, 6, 6 
841, 6, 6 
50618, 6, 6 
30279, 6, 6 
29774, 6, 6 
59417, 6, 6 
43940, 6, 6 
299, 6, 6 
31037, 6, 6 
54583, 6, 6 
50619, 6, 6 
27483, 6, 6 
24127, 6, 6 
22128, 6, 6 
16599, 6, 6 
20736, 6, 6 
38730, 6, 6 
51191, 6, 6 
37667, 6, 6 
36274, 6, 6 
2777, 6, 6 
42340, 6, 6 
18068, 6, 6 
18771, 6, 6 
37140, 6, 6 
52976, 6, 6 
2637, 6, 6 
7991, 6, 6 
7452, 6, 6 
1184, 6, 6 
14989, 6, 6 
29527, 6, 6 
19788, 6, 6 
58578, 6, 6 
58191, 6, 6 
6732, 6, 6 
1189, 6, 6 
37230, 6, 6 
48630, 6, 6 
56796, 6, 6 
6954, 6, 6 
12393, 6, 6 
16604, 6, 6 
33542, 6, 6 
36637, 6, 6 
13427, 6, 6 
51475, 6, 6 
6657, 6, 6 
20153, 6, 6 
23900, 6, 6 
44217, 6, 6 
7096, 6, 6 
34413, 6, 6 
21728, 6, 6 
7179, 6, 6 
10164, 6, 6 
42570, 6, 6 
57347, 6, 6 
59549, 6, 6 
11448, 6, 6 
395, 6, 6 
19562, 6, 6 
22615, 6, 6 
46101, 6, 6 
49258, 6, 6 
22068, 6, 6 
35219, 6, 6 
4268, 6, 6 
15257, 6, 6 
30033, 6, 6 
34295, 6, 6 
33715, 6, 6 
2523, 6, 6 
59687, 6, 6 
37751, 6, 6 
25076, 6, 6 
4314, 6, 6 
34546, 6, 6 
20353, 6, 6 
37037, 6, 6 
30106, 6, 6 
44809, 6, 6 
20489, 6, 6 
23379, 6, 6 
5684, 6, 6 
11784, 6, 6 
24058, 6, 6 
44941, 6, 6 
31626, 6, 6 
57353, 6, 6 
23453, 6, 6 
5213, 6, 6 
22633, 6, 6 
5774, 6, 6 
39336, 6, 6 
32003, 6, 6 
29803, 6, 6 
3139, 6, 6 
50580, 6, 6 
30338, 6, 6 
2062, 6, 6 
241, 6, 6 
36278, 6, 6 
48346, 6, 6 
25435, 6, 6 
55458, 6, 6 
8091, 6, 6 
16469, 6, 6 
34529, 6, 6 
43742, 6, 6 
30630, 6, 6 
38156, 6, 6 
58251, 6, 6 
32929, 6, 6 
31193, 6, 6 
20733, 6, 6 
51096, 6, 6 
14500, 6, 6 
28810, 6, 6 
58423, 6, 6 
35497, 6, 6 
19617, 6, 6 
43545, 6, 6 
39515, 6, 6 
55975, 6, 6 
20081, 6, 6 
20821, 6, 6 
36743, 6, 6 
34791, 6, 6 
22145, 6, 6 
36772, 6, 6 
6024, 6, 6 
26129, 6, 6 
35146, 6, 6 
10729, 6, 6 
40798, 6, 6 
40650, 6, 6 
1671, 6, 6 
147, 6, 6 
36966, 6, 6 
47011, 6, 6 
24957, 6, 6 
35284, 6, 6 
7829, 6, 6 
4198, 6, 6 
39742, 6, 6 
15620, 6, 6 
57275, 6, 6 
37675, 6, 6 
59981, 6, 6 
49593, 6, 6 
51295, 6, 6 
56885, 6, 6 
20156, 6, 6 
37892, 6, 6 
2836, 6, 6 
48366, 6, 6 
50160, 6, 6 
22561, 6, 6 
20764, 6, 6 
20148, 6, 6 
12283, 6, 6 
10968, 6, 6 
54802, 6, 6 
52957, 6, 6 
31152, 6, 6 
6874, 6, 6 
49161, 6, 6 
6799, 6, 6 
25475, 6, 6 
3294, 6, 6 
59121, 6, 6 
27750, 6, 6 
8523, 6, 6 
16430, 6, 6 
31955, 6, 6 
19722, 6, 6 
41423, 6, 6 
23284, 6, 6 
16667, 6, 6 
37676, 6, 6 
50612, 6, 6 
44218, 6, 6 
57691, 6, 6 
29140, 6, 6 
11289, 6, 6 
50556, 6, 6 
26497, 6, 6 
9063, 6, 6 
10792, 6, 6 
58997, 6, 6 
37050, 6, 6 
16666, 6, 6 
37277, 6, 6 
37476, 6, 6 
48539, 6, 6 
30687, 6, 6 
50817, 6, 6 
29160, 6, 6 
35614, 6, 6 
31339, 6, 6 
46383, 6, 6 
29813, 6, 6 
48827, 6, 6 
59493, 6, 6 
50303, 6, 6 
17657, 6, 6 
17150, 6, 6 
47932, 6, 6 
44715, 6, 6 
22758, 6, 6 
3364, 6, 6 
29330, 6, 6 
46804, 6, 6 
6567, 6, 6 
45080, 6, 6 
7379, 6, 6 
21781, 6, 6 
29295, 6, 6 
238, 6, 6 
41430, 6, 6 
57314, 6, 6 
6909, 6, 6 
53311, 6, 6 
21113, 6, 6 
49022, 6, 6 
33916, 6, 6 
42405, 6, 6 
22982, 6, 6 
59811, 6, 6 
40980, 6, 6 
57675, 6, 6 
23626, 6, 6 
36125, 6, 6 
49043, 6, 6 
7273, 6, 6 
23780, 6, 6 
15831, 6, 6 
28302, 6, 6 
46096, 6, 6 
36699, 6, 6 
1980, 6, 6 
21041, 6, 6 
31931, 6, 6 
31619, 6, 6 
27319, 6, 6 
38854, 6, 6 
26344, 6, 6 
37336, 6, 6 
41111, 6, 6 
33056, 6, 6 
56936, 6, 6 
47219, 6, 6 
34271, 6, 6 
28249, 6, 6 
8692, 6, 6 
48689, 6, 6 
21347, 6, 6 
45935, 6, 6 
18312, 6, 6 
6692, 6, 6 
47220, 6, 6 
13995, 6, 6 
14308, 6, 6 
16054, 6, 6 
5018, 6, 6 
37872, 6, 6 
34859, 6, 6 
52421, 6, 6 
17773, 6, 6 
38393, 6, 6 
15780, 6, 6 
41814, 6, 6 
30128, 6, 6 
29226, 6, 6 
26372, 6, 6 
14708, 6, 6 
17176, 6, 6 
26810, 6, 6 
43440, 6, 6 
9517, 6, 6 
19916, 6, 6 
26766, 6, 6 
1117, 6, 6 
37371, 6, 6 
28798, 6, 6 
58592, 6, 6 
48821, 6, 6 
28162, 6, 6 
45523, 6, 6 
45910, 6, 6 
42942, 6, 6 
8398, 6, 6 
20822, 6, 6 
999, 6, 6 
8797, 6, 6 
54851, 6, 6 
3387, 6, 6 
42730, 6, 6 
43586, 6, 6 
36220, 6, 6 
30563, 6, 6 
8561, 6, 6 
12354, 6, 6 
26490, 6, 6 
18702, 6, 6 
29647, 6, 6 
51977, 6, 6 
37345, 6, 6 
42948, 6, 6 
2148, 6, 6 
24616, 6, 6 
12567, 6, 6 
54332, 6, 6 
2422, 6, 6 
35184, 6, 6 
27249, 6, 6 
30440, 6, 6 
38571, 6, 6 
9580, 6, 6 
10767, 6, 6 
34686, 6, 6 
55561, 6, 6 
47699, 6, 6 
12201, 6, 6 
56411, 6, 6 
39455, 6, 6 
2930, 6, 6 
49004, 6, 6 
5810, 6, 6 
26382, 6, 6 
27149, 6, 6 
41170, 6, 6 
23098, 6, 6 
4709, 6, 6 
3392, 6, 6 
50108, 6, 6 
49761, 6, 6 
14347, 6, 6 
35026, 6, 6 
5634, 6, 6 
45643, 6, 6 
9177, 6, 6 
58176, 6, 6 
30249, 6, 6 
3706, 6, 6 
34896, 6, 6 
49915, 6, 6 
9113, 6, 6 
8004, 6, 6 
50402, 6, 6 
40342, 6, 6 
51400, 6, 6 
36893, 6, 6 
59035, 6, 6 
21762, 6, 6 
57029, 6, 6 
59125, 6, 6 
26915, 6, 6 
5629, 6, 6 
26160, 6, 6 
4712, 6, 6 
50039, 6, 6 
45409, 6, 6 
58010, 6, 6 
56545, 6, 6 
52759, 6, 6 
20808, 6, 6 
50132, 6, 6 
2365, 6, 6 
59284, 6, 6 
50811, 6, 6 
50781, 6, 6 
46611, 6, 6 
43572, 6, 6 
38394, 6, 6 
52265, 6, 6 
40894, 6, 6 
39969, 7, 7 
55724, 7, 7 
21236, 7, 7 
43340, 7, 7 
42466, 7, 7 
44552, 7, 7 
43710, 7, 7 
5447, 7, 7 
29948, 7, 7 
31160, 7, 7 
46945, 7, 7 
31523, 7, 7 
8396, 7, 7 
16420, 7, 7 
21437, 7, 7 
14076, 7, 7 
35711, 7, 7 
46035, 7, 7 
18469, 7, 7 
5325, 7, 7 
28986, 7, 7 
10735, 7, 7 
44927, 7, 7 
42528, 7, 7 
16100, 7, 7 
26575, 7, 7 
37107, 7, 7 
8168, 7, 7 
36954, 7, 7 
50794, 7, 7 
48944, 7, 7 
34200, 7, 7 
42211, 7, 7 
6843, 7, 7 
24917, 7, 7 
28921, 7, 7 
8198, 7, 7 
13746, 7, 7 
54759, 7, 7 
52866, 7, 7 
35965, 7, 7 
27632, 7, 7 
50872, 7, 7 
18844, 7, 7 
19525, 7, 7 
14824, 7, 7 
42544, 7, 7 
36730, 7, 7 
54623, 7, 7 
46253, 7, 7 
40712, 7, 7 
49721, 7, 7 
1825, 7, 7 
15586, 7, 7 
45469, 7, 7 
7547, 7, 7 
30935, 7, 7 
47898, 7, 7 
9788, 7, 7 
59792, 7, 7 
37834, 7, 1 
853, 7, 7 
36258, 7, 7 
44145, 7, 7 
36951, 7, 7 
28864, 7, 7 
16795, 7, 7 
57063, 7, 7 
47640, 7, 7 
4842, 7, 7 
883, 7, 7 
40358, 7, 7 
49531, 7, 7 
13319, 7, 7 
50822, 7, 7 
30502, 7, 7 
51765, 7, 7 
23684, 7, 7 
19260, 7, 7 
16226, 7, 7 
5959, 7, 7 
8232, 7, 7 
12641, 7, 7 
5326, 7, 7 
58450, 7, 7 
26811, 7, 7 
91, 7, 7 
4907, 7, 7 
8476, 7, 7 
41717, 7, 7 
43796, 7, 7 
15577, 7, 7 
42976, 7, 7 
55021, 7, 7 
3640, 7, 7 
23292, 7, 7 
23603, 7, 7 
56218, 7, 7 
422, 7, 7 
4516, 7, 7 
41362, 7, 7 
35446, 7, 7 
5146, 7, 7 
23551, 7, 7 
9276, 7, 7 
11274, 7, 7 
29436, 7, 7 
23698, 7, 7 
57285, 7, 7 
59379, 7, 7 
1057, 7, 7 
22515, 7, 7 
33867, 7, 7 
50162, 7, 7 
33405, 7, 7 
51988, 7, 7 
25888, 7, 7 
57365, 7, 7 
49738, 7, 7 
10815, 7, 7 
15646, 7, 7 
27554, 7, 7 
3731, 7, 7 
53931, 7, 7 
6250, 7, 7 
35544, 7, 7 
44757, 7, 7 
26232, 7, 7 
6915, 7, 7 
59710, 7, 7 
30936, 7, 7 
55535, 7, 7 
12253, 7, 7 
37297, 7, 7 
35919, 7, 7 
54561, 7, 7 
48166, 7, 7 
16672, 7, 7 
52490, 7, 7 
46717, 7, 7 
6091, 7, 7 
50244, 7, 7 
41054, 7, 7 
11786, 7, 7 
2980, 7, 7 
28073, 7, 7 
13933, 7, 7 
10759, 7, 7 
33681, 7, 7 
30990, 7, 7 
10297, 7, 7 
50370, 7, 7 
37100, 7, 7 
56892, 7, 7 
10989, 7, 7 
40311, 7, 7 
33920, 7, 7 
42648, 7, 7 
33759, 7, 7 
10522, 7, 7 
31396, 7, 7 
56832, 7, 7 
56285, 7, 7 
28972, 7, 7 
49136, 7, 7 
45615, 7, 7 
25543, 7, 7 
15750, 7, 7 
20971, 7, 7 
51856, 7, 7 
56828, 7, 7 
8758, 7, 7 
10178, 7, 7 
25201, 7, 7 
7931, 7, 7 
7173, 7, 7 
59626, 7, 7 
8516, 7, 7 
1639, 7, 7 
59279, 7, 7 
22314, 7, 7 
15465, 7, 7 
36385, 7, 7 
49399, 7, 7 
15597, 7, 7 
37212, 7, 7 
47439, 7, 7 
8429, 7, 7 
11573, 7, 7 
36334, 7, 7 
58061, 7, 7 
20043, 7, 7 
12524, 7, 7 
43168, 7, 7 
34081, 7, 7 
50382, 7, 7 
56272, 7, 7 
30672, 7, 7 
45744, 7, 7 
43082, 7, 7 
49709, 7, 7 
41496, 7, 7 
7808, 7, 7 
23386, 7, 7 
33123, 7, 7 
2431, 7, 7 
58197, 7, 7 
34446, 7, 7 
12774, 7, 7 
36859, 7, 7 
3507, 7, 7 
41551, 7, 7 
22336, 7, 7 
48170, 7, 7 
39244, 7, 7 
25985, 7, 7 
49635, 7, 7 
3236, 7, 7 
41707, 7, 7 
18170, 7, 7 
58490, 7, 7 
50426, 7, 7 
43496, 7, 7 
35053, 7, 7 
2229, 7, 7 
34935, 7, 7 
4726, 7, 7 
9494, 7, 7 
56160, 7, 7 
27683, 7, 7 
51707, 7, 7 
18392, 7, 7 
40510, 7, 7 
47232, 7, 7 
2491, 7, 7 
41535, 7, 7 
33710, 7, 7 
21387, 7, 7 
50648, 7, 7 
37203, 7, 7 
19534, 7, 7 
14866, 7, 7 
36197, 7, 7 
2903, 7, 7 
37693, 7, 7 
25581, 7, 7 
21352, 7, 7 
47613, 7, 7 
3887, 7, 7 
29159, 7, 7 
8214, 7, 7 
7731, 7, 7 
32195, 7, 7 
43337, 7, 7 
41088, 7, 7 
6777, 7, 7 
22546, 7, 7 
41151, 7, 7 
15204, 7, 7 
43493, 7, 7 
30798, 7, 7 
57032, 7, 7 
5387, 7, 7 
14954, 7, 7 
58455, 7, 7 
55934, 7, 7 
30310, 7, 7 
24702, 7, 7 
41958, 7, 7 
31983, 7, 7 
52787, 7, 7 
44297, 7, 7 
27717, 7, 7 
44005, 7, 7 
24409, 7, 7 
29440, 7, 7 
33234, 7, 7 
26076, 7, 7 
12737, 7, 7 
24994, 7, 7 
39557, 7, 7 
38034, 7, 7 
34909, 7, 7 
6756, 7, 7 
22891, 7, 7 
53274, 7, 7 
4200, 7, 7 
42928, 7, 7 
43461, 7, 7 
56787, 7, 7 
58631, 7, 7 
15737, 7, 7 
7961, 7, 7 
32497, 7, 7 
43533, 7, 7 
26441, 7, 7 
23207, 7, 7 
41788, 7, 7 
32877, 7, 7 
37147, 7, 7 
1656, 7, 7 
55945, 7, 7 
9274, 7, 7 
51941, 7, 7 
11164, 7, 7 
30290, 7, 7 
21265, 7, 7 
54066, 7, 7 
6666, 7, 7 
3349, 7, 7 
58974, 7, 7 
15671, 7, 7 
25727, 7, 7 
49327, 7, 7 
48105, 7, 7 
58092, 7, 7 
19773, 7, 7 
56900, 7, 7 
24088, 7, 7 
51441, 7, 7 
9351, 7, 7 
43279, 7, 7 
32716, 7, 7 
13355, 7, 7 
42204, 7, 7 
33870, 7, 7 
49758, 7, 7 
14814, 7, 7 
32515, 7, 7 
37394, 7, 7 
4164, 7, 7 
2348, 7, 7 
908, 7, 7 
57867, 7, 7 
53234, 7, 7 
22109, 7, 7 
24412, 7, 7 
15460, 7, 7 
48575, 7, 7 
27151, 7, 7 
6510, 7, 7 
30619, 7, 7 
27058, 7, 7 
35549, 7, 7 
35255, 7, 7 
32364, 7, 7 
19611, 7, 7 
5349, 7, 7 
44601, 7, 7 
40684, 7, 7 
20552, 7, 7 
933, 7, 7 
57502, 7, 7 
32920, 7, 7 
41472, 7, 7 
27561, 7, 7 
23978, 7, 7 
53164, 7, 7 
43384, 7, 7 
2576, 7, 7 
51984, 7, 7 
56095, 7, 7 
18269, 7, 7 
45715, 7, 7 
7809, 7, 7 
38291, 7, 7 
23678, 7, 7 
33304, 7, 7 
12794, 7, 7 
6403, 7, 7 
45606, 7, 7 
37402, 7, 7 
59665, 7, 7 
33431, 7, 7 
8186, 7, 7 
45435, 7, 7 
25121, 7, 7 
49444, 7, 7 
49413, 7, 7 
11768, 7, 7 
44185, 7, 7 
56888, 7, 7 
52705, 7, 7 
21463, 7, 7 
54135, 7, 7 
42163, 7, 7 
19989, 7, 7 
9060, 7, 7 
10019, 7, 7 
44853, 7, 7 
58836, 7, 7 
36719, 7, 7 
25926, 7, 7 
5575, 7, 7 
48712, 7, 7 
33838, 7, 7 
7229, 7, 7 
26714, 7, 7 
3538, 7, 7 
19334, 7, 7 
28775, 7, 7 
36178, 7, 7 
7213, 7, 7 
52879, 7, 7 
54871, 7, 7 
51420, 7, 7 
47800, 7, 7 
20354, 7, 7 
44920, 7, 7 
18152, 7, 7 
58530, 7, 7 
44254, 7, 7 
47595, 7, 7 
37537, 7, 7 
50455, 7, 7 
30018, 7, 7 
42594, 7, 7 
1451, 7, 7 
45081, 7, 7 
36411, 7, 7 
38788, 7, 7 
38819, 7, 7 
42751, 7, 7 
12537, 7, 7 
20032, 7, 7 
14439, 7, 7 
56679, 7, 7 
40344, 7, 7 
55699, 7, 7 
17963, 7, 7 
32629, 7, 7 
8562, 7, 7 
10309, 7, 7 
38184, 7, 7 
42582, 7, 7 
58205, 7, 7 
3556, 7, 7 
21222, 7, 7 
5953, 7, 7 
8801, 7, 7 
50380, 7, 7 
58507, 7, 7 
58282, 7, 7 
48593, 7, 7 
18100, 7, 7 
38794, 7, 7 
7906, 7, 7 
23402, 7, 7 
38705, 7, 7 
57386, 7, 7 
42148, 7, 7 
47600, 7, 7 
51634, 7, 7 
803, 7, 7 
50796, 7, 7 
17719, 7, 7 
36316, 7, 7 
6965, 7, 7 
15906, 7, 7 
17356, 7, 7 
13753, 7, 7 
12601, 7, 7 
38278, 7, 7 
18449, 7, 7 
58228, 7, 7 
1088, 7, 7 
47604, 7, 7 
15499, 7, 7 
51080, 7, 7 
29709, 7, 7 
26916, 7, 7 
26668, 7, 7 
48721, 7, 7 
51023, 7, 7 
56749, 7, 7 
13056, 7, 7 
880, 7, 7 
45257, 7, 7 
27406, 7, 7 
35260, 7, 7 
22497, 7, 7 
38557, 7, 7 
2766, 7, 7 
57663, 7, 7 
27453, 7, 7 
19658, 7, 7 
11894, 7, 7 
994, 7, 7 
32307, 7, 7 
24830, 7, 7 
40436, 7, 7 
4422, 7, 7 
50792, 7, 7 
1589, 7, 7 
53253, 7, 7 
31715, 7, 7 
43841, 7, 7 
8297, 7, 7 
48305, 7, 7 
10431, 7, 7 
5112, 8, 8 
57216, 8, 8 
55811, 8, 8 
41504, 8, 8 
28490, 8, 8 
46817, 8, 8 
44806, 8, 8 
47085, 8, 8 
13420, 8, 8 
36648, 8, 8 
35924, 8, 8 
57484, 8, 8 
59277, 8, 8 
31414, 8, 8 
35123, 8, 8 
22001, 8, 8 
46647, 8, 8 
38863, 8, 8 
59844, 8, 8 
19541, 8, 8 
2987, 8, 8 
3766, 8, 8 
9154, 8, 8 
17990, 8, 8 
9611, 8, 8 
21723, 8, 8 
23282, 8, 8 
32884, 8, 8 
12934, 8, 8 
11121, 8, 8 
55293, 8, 8 
22808, 8, 8 
48331, 8, 8 
57087, 8, 8 
59962, 8, 8 
49990, 8, 8 
17889, 8, 8 
8397, 8, 8 
31607, 8, 8 
15225, 8, 8 
18644, 8, 8 
20198, 8, 8 
46789, 8, 8 
27508, 8, 8 
59865, 8, 8 
34910, 8, 8 
56600, 8, 8 
38778, 8, 8 
9641, 8, 8 
3066, 8, 8 
2030, 8, 8 
23253, 8, 8 
49290, 8, 8 
14791, 8, 8 
16920, 8, 8 
25715, 8, 8 
14626, 8, 8 
20812, 8, 8 
11602, 8, 8 
2507, 8, 8 
2358, 8, 8 
53464, 8, 8 
3093, 8, 8 
39104, 8, 8 
13632, 8, 8 
4834, 8, 8 
1783, 8, 8 
5972, 8, 8 
13979, 8, 8 
20204, 8, 8 
13219, 8, 8 
56307, 8, 8 
40777, 8, 8 
49073, 8, 8 
41231, 8, 8 
3517, 8, 8 
58709, 8, 8 
56254, 8, 8 
16184, 8, 8 
27995, 8, 8 
43004, 8, 8 
10422, 8, 8 
37695, 8, 8 
32926, 8, 8 
59067, 8, 8 
29702, 8, 8 
33997, 8, 8 
27910, 8, 8 
27121, 8, 8 
7512, 8, 8 
575, 8, 8 
31847, 8, 8 
19877, 8, 8 
52890, 8, 8 
7681, 8, 8 
23458, 8, 8 
14779, 8, 8 
32596, 8, 8 
13423, 8, 8 
24769, 8, 8 
42737, 8, 8 
54701, 8, 8 
35950, 8, 8 
56068, 8, 8 
33205, 8, 8 
48693, 8, 8 
30467, 8, 8 
9847, 8, 8 
36861, 8, 8 
35088, 8, 8 
26090, 8, 8 
53090, 8, 8 
19618, 8, 8 
53605, 8, 8 
54308, 8, 8 
39068, 8, 8 
54564, 8, 8 
18353, 8, 8 
16040, 8, 8 
40549, 8, 8 
17196, 8, 8 
50791, 8, 8 
13436, 8, 8 
2610, 8, 8 
9799, 8, 8 
44945, 8, 8 
404, 8, 8 
46191, 8, 8 
33289, 8, 8 
14279, 8, 8 
24112, 8, 8 
37909, 8, 8 
31540, 8, 8 
13795, 8, 8 
34320, 8, 8 
6030, 8, 8 
7508, 8, 8 
50871, 8, 8 
24150, 8, 8 
49808, 8, 8 
27545, 8, 8 
45679, 8, 8 
53006, 8, 8 
51773, 8, 8 
16486, 8, 8 
27045, 8, 8 
4501, 8, 8 
2210, 8, 8 
38142, 8, 8 
43532, 8, 8 
19906, 8, 8 
11808, 8, 8 
41304, 8, 8 
14941, 8, 8 
36300, 8, 8 
9769, 8, 8 
21280, 8, 8 
49201, 8, 8 
13189, 8, 8 
40928, 8, 8 
55061, 8, 8 
24654, 8, 8 
6563, 8, 8 
45057, 8, 8 
17, 8, 8 
14406, 8, 8 
47176, 8, 8 
53315, 8, 8 
47154, 8, 8 
29164, 8, 8 
28782, 8, 8 
50571, 8, 8 
25741, 8, 8 
9334, 8, 8 
3028, 8, 8 
46395, 8, 8 
27008, 8, 8 
56402, 8, 8 
59395, 8, 8 
51754, 8, 8 
52733, 8, 8 
41013, 8, 8 
27106, 8, 8 
12066, 8, 8 
10426, 8, 8 
51504, 8, 8 
32226, 8, 8 
8535, 8, 8 
12173, 8, 8 
47748, 8, 8 
26953, 8, 8 
55020, 8, 8 
46397, 8, 8 
12586, 8, 8 
14457, 8, 8 
25776, 8, 8 
7570, 8, 8 
57773, 8, 8 
50429, 8, 8 
16059, 8, 8 
34236, 8, 8 
42266, 8, 8 
3279, 8, 8 
59505, 8, 8 
50499, 8, 8 
23015, 8, 8 
12009, 8, 8 
41992, 8, 8 
28813, 8, 8 
11858, 8, 8 
58880, 8, 8 
28351, 8, 8 
11749, 8, 8 
10720, 8, 8 
571, 8, 8 
42383, 8, 8 
30521, 8, 8 
9935, 8, 8 
44997, 8, 8 
50258, 8, 8 
50765, 8, 8 
53854, 8, 8 
46573, 8, 8 
11425, 8, 8 
11478, 8, 8 
47122, 8, 8 
24823, 8, 8 
39647, 8, 8 
55331, 8, 8 
45056, 8, 8 
3865, 8, 8 
20607, 8, 8 
38623, 8, 8 
38136, 8, 8 
54117, 8, 8 
53672, 8, 8 
18078, 8, 8 
32995, 8, 8 
8118, 8, 8 
23092, 8, 8 
34034, 8, 8 
19005, 8, 8 
26520, 8, 8 
6677, 8, 8 
20712, 8, 8 
21432, 8, 8 
51709, 8, 8 
43464, 8, 8 
13301, 8, 8 
16135, 8, 8 
40758, 8, 8 
38249, 8, 8 
1793, 8, 8 
6275, 8, 8 
58993, 8, 8 
40935, 8, 8 
57244, 8, 8 
54336, 8, 8 
34766, 8, 8 
32837, 8, 8 
30862, 8, 8 
35438, 8, 8 
46527, 8, 8 
8432, 8, 8 
8197, 8, 8 
9359, 8, 8 
36845, 8, 8 
44739, 8, 8 
35767, 8, 8 
13014, 8, 8 
15458, 8, 8 
15149, 8, 8 
7995, 8, 8 
57237, 8, 8 
16179, 8, 8 
3211, 8, 8 
31034, 8, 8 
17512, 8, 8 
31881, 8, 8 
30661, 8, 8 
7117, 8, 8 
37125, 8, 8 
34075, 8, 8 
56672, 8, 1 
32426, 8, 8 
48773, 8, 8 
50116, 8, 8 
37240, 8, 8 
24065, 8, 8 
26385, 8, 8 
40893, 8, 8 
51207, 8, 8 
14413, 8, 8 
25563, 8, 8 
35467, 8, 8 
4040, 8, 8 
13960, 8, 8 
55555, 8, 8 
3727, 8, 8 
24256, 8, 8 
36652, 8, 8 
18466, 8, 8 
13934, 8, 8 
295, 8, 8 
24147, 8, 8 
43993, 8, 8 
13723, 8, 8 
55557, 8, 8 
18994, 8, 8 
38745, 8, 8 
7076, 8, 8 
28003, 8, 8 
24586, 8, 8 
539, 8, 8 
42130, 8, 8 
27293, 8, 8 
46827, 8, 8 
4761, 8, 8 
56428, 8, 8 
57116, 8, 8 
6493, 8, 8 
36192, 8, 8 
5696, 8, 8 
26908, 8, 8 
28495, 8, 8 
49997, 8, 8 
57988, 8, 8 
2369, 8, 8 
57617, 8, 8 
7908, 8, 8 
26804, 8, 8 
37431, 8, 8 
39035, 8, 8 
32638, 8, 8 
3432, 8, 8 
15749, 8, 8 
45168, 8, 8 
30267, 8, 8 
393, 8, 8 
19605, 8, 8 
42112, 8, 8 
45918, 8, 8 
37493, 8, 8 
4036, 8, 8 
4652, 8, 8 
31168, 8, 8 
2768, 8, 8 
27418, 8, 8 
22924, 8, 8 
38807, 8, 8 
19182, 8, 8 
18775, 8, 8 
23078, 8, 8 
56505, 8, 8 
20035, 8, 8 
24190, 8, 8 
29604, 8, 8 
59090, 8, 8 
32965, 8, 8 
57379, 8, 8 
52830, 8, 8 
25527, 8, 8 
31800, 8, 8 
55445, 8, 8 
28181, 8, 8 
20889, 8, 8 
13354, 8, 8 
58445, 8, 8 
35477, 8, 8 
50945, 8, 8 
9125, 8, 8 
9900, 8, 8 
33893, 8, 8 
18559, 8, 8 
5163, 8, 8 
56594, 8, 8 
14068, 8, 8 
10559, 8, 8 
3630, 8, 8 
43410, 8, 8 
16824, 8, 8 
35096, 8, 8 
25146, 8, 8 
24007, 8, 8 
8722, 8, 8 
47903, 8, 8 
6534, 8, 8 
53099, 8, 8 
8366, 8, 8 
5369, 8, 8 
45877, 8, 8 
30268, 8, 8 
9234, 8, 8 
55766, 8, 8 
20640, 8, 8 
12164, 8, 8 
26515, 8, 8 
22079, 8, 8 
48455, 8, 8 
27927, 8, 8 
20966, 8, 8 
57678, 8, 8 
54550, 8, 8 
21188, 8, 8 
51189, 8, 8 
7136, 8, 8 
418, 8, 8 
41046, 8, 8 
25514, 8, 8 
7909, 8, 8 
28749, 8, 8 
2577, 8, 8 
53462, 8, 8 
23193, 8, 8 
54120, 8, 8 
49215, 8, 8 
43894, 8, 8 
45199, 8, 8 
7750, 8, 8 
57084, 8, 8 
20819, 8, 8 
50238, 8, 8 
55192, 8, 8 
54157, 8, 8 
25008, 8, 8 
20106, 8, 8 
9794, 8, 8 
31968, 8, 8 
16416, 8, 8 
39827, 8, 8 
44299, 8, 8 
57870, 8, 8 
57329, 8, 8 
6223, 8, 8 
40274, 8, 8 
46816, 8, 8 
40410, 8, 8 
39438, 8, 8 
36010, 8, 8 
51272, 8, 8 
8719, 8, 8 
5170, 8, 8 
43692, 8, 8 
32355, 8, 8 
18368, 8, 8 
29223, 8, 8 
58615, 8, 8 
58817, 8, 8 
29279, 8, 8 
22320, 8, 8 
22136, 8, 8 
59380, 8, 8 
29189, 8, 8 
36325, 8, 8 
57425, 8, 8 
23702, 8, 8 
34678, 8, 8 
1776, 8, 8 
29627, 8, 8 
22141, 8, 8 
26248, 8, 8 
50114, 8, 8 
51302, 8, 8 
32072, 8, 8 
2013, 8, 8 
4825, 8, 8 
18089, 8, 8 
18414, 8, 8 
41481, 8, 8 
52090, 8, 8 
2942, 8, 8 
57532, 8, 8 
55221, 8, 8 
17160, 8, 8 
49323, 8, 8 
29208, 8, 8 
34311, 8, 8 
19763, 8, 8 
16223, 8, 8 
13849, 8, 8 
58736, 8, 8 
26362, 8, 8 
40706, 8, 8 
50410, 8, 8 
20973, 8, 8 
20521, 8, 8 
5557, 8, 8 
43511, 8, 8 
19224, 8, 8 
38387, 8, 8 
9152, 8, 8 
831, 8, 8 
6905, 8, 8 
7607, 8, 8 
24312, 8, 8 
11241, 8, 8 
41622, 8, 8 
3196, 8, 8 
57352, 8, 8 
11444, 8, 8 
53204, 9, 9 
17347, 9, 9 
1855, 9, 9 
55510, 9, 9 
3977, 9, 9 
57148, 9, 9 
48384, 9, 9 
33182, 9, 9 
10646, 9, 9 
21807, 9, 9 
1740, 9, 9 
41433, 9, 9 
23111, 9, 9 
10038, 9, 9 
58132, 9, 9 
23257, 9, 9 
31524, 9, 9 
12529, 9, 9 
41403, 9, 9 
27304, 9, 9 
43416, 9, 9 
53369, 9, 9 
52462, 9, 9 
28005, 9, 9 
29947, 9, 9 
44407, 9, 9 
14822, 9, 9 
10193, 9, 9 
23617, 9, 9 
22176, 9, 9 
15309, 9, 9 
16422, 9, 9 
15222, 9, 9 
56062, 9, 9 
40647, 9, 9 
58264, 9, 9 
5165, 9, 9 
48816, 9, 9 
41114, 9, 9 
40531, 9, 9 
26405, 9, 9 
13034, 9, 9 
21969, 9, 9 
27863, 9, 9 
44008, 9, 9 
53393, 9, 9 
54905, 9, 9 
10746, 9, 9 
42465, 9, 9 
11970, 9, 9 
27779, 9, 9 
18350, 9, 9 
1751, 9, 9 
59939, 9, 9 
10597, 9, 9 
27581, 9, 9 
59258, 9, 9 
31299, 9, 9 
2398, 9, 9 
17674, 9, 9 
26276, 9, 9 
16470, 9, 9 
47863, 9, 9 
15018, 9, 9 
37764, 9, 9 
46866, 9, 9 
45244, 9, 9 
6661, 9, 9 
45431, 9, 9 
56580, 9, 9 
44769, 9, 9 
428, 9, 9 
5924, 9, 9 
45688, 9, 9 
20826, 9, 9 
19832, 9, 9 
4260, 9, 9 
31842, 9, 9 
27904, 9, 9 
5806, 9, 9 
58054, 9, 9 
4611, 9, 9 
8322, 9, 9 
39633, 9, 9 
39179, 9, 9 
50226, 9, 9 
21639, 9, 9 
5208, 9, 9 
38457, 9, 9 
26361, 9, 9 
29847, 9, 9 
10784, 9, 9 
52355, 9, 9 
54038, 9, 9 
35421, 9, 9 
18057, 9, 9 
50145, 9, 9 
34824, 9, 9 
37127, 9, 9 
28765, 9, 9 
27460, 9, 9 
23575, 9, 9 
5391, 9, 9 
34195, 9, 9 
27846, 9, 9 
38265, 9, 9 
2137, 9, 9 
25385, 9, 9 
20495, 9, 9 
334, 9, 9 
25083, 9, 9 
22243, 9, 9 
5339, 9, 9 
56930, 9, 9 
7890, 9, 9 
51032, 9, 9 
21787, 9, 9 
25706, 9, 9 
31275, 9, 9 
5320, 9, 9 
26643, 9, 9 
51527, 9, 9 
41763, 9, 9 
43863, 9, 9 
48484, 9, 9 
23519, 9, 9 
1695, 9, 9 
16570, 9, 9 
9265, 9, 9 
31987, 9, 9 
54766, 9, 9 
27566, 9, 9 
34339, 9, 9 
39713, 9, 9 
43661, 9, 9 
26353, 9, 9 
42524, 9, 9 
51516, 9, 9 
53438, 9, 9 
51688, 9, 9 
17398, 9, 9 
15837, 9, 9 
40994, 9, 9 
25821, 9, 9 
5492, 9, 9 
43825, 9, 9 
12029, 9, 9 
40446, 9, 9 
5865, 9, 9 
13072, 9, 9 
7940, 9, 9 
46065, 9, 9 
37026, 9, 9 
47056, 9, 9 
44450, 9, 9 
40371, 9, 9 
56292, 9, 9 
32021, 9, 9 
12305, 9, 9 
25664, 9, 9 
13692, 9, 9 
13395, 9, 9 
54139, 9, 9 
31854, 9, 9 
38020, 9, 9 
38279, 9, 9 
54763, 9, 9 
56807, 9, 9 
51574, 9, 9 
41239, 9, 9 
54586, 9, 9 
12889, 9, 9 
12074, 9, 9 
15414, 9, 9 
49466, 9, 9 
4811, 9, 9 
38899, 9, 9 
11669, 9, 9 
13871, 9, 9 
40372, 9, 9 
1905, 9, 9 
11947, 9, 9 
53154, 9, 9 
8005, 9, 9 
27273, 9, 9 
1733, 9, 9 
6765, 9, 9 
16103, 9, 9 
43147, 9, 9 
35804, 9, 9 
29168, 9, 9 
37400, 9, 9 
53190, 9, 9 
16515, 9, 9 
7098, 9, 9 
7312, 9, 9 
14582, 9, 9 
36757, 9, 9 
42298, 9, 9 
21422, 9, 9 
195, 9, 9 
46362, 9, 9 
27479, 9, 9 
20444, 9, 9 
38048, 9, 9 
48795, 9, 9 
50462, 9, 9 
39694, 9, 9 
37575, 9, 9 
22514, 9, 9 
900, 9, 9 
13356, 9, 9 
29397, 9, 9 
7023, 9, 9 
39842, 9, 9 
1061, 9, 9 
525, 9, 9 
47427, 9, 9 
4161, 9, 9 
30095, 9, 9 
16421, 9, 9 
18860, 9, 9 
44878, 9, 9 
974, 9, 9 
38646, 9, 9 
14956, 9, 9 
21351, 9, 9 
26275, 9, 9 
54508, 9, 9 
41583, 9, 9 
27949, 9, 9 
50177, 9, 9 
12767, 9, 9 
35273, 9, 9 
32089, 9, 9 
24210, 9, 9 
2099, 9, 9 
27909, 9, 9 
56773, 9, 9 
14984, 9, 9 
11830, 9, 9 
59404, 9, 9 
3256, 9, 9 
5341, 9, 9 
18680, 9, 9 
15560, 9, 9 
36807, 9, 9 
45178, 9, 9 
29857, 9, 9 
30237, 9, 9 
11847, 9, 9 
25247, 9, 9 
31256, 9, 9 
59518, 9, 9 
29349, 9, 9 
8620, 9, 9 
6821, 9, 9 
31809, 9, 9 
51267, 9, 9 
19537, 9, 9 
35812, 9, 9 
39571, 9, 9 
40583, 9, 9 
12280, 9, 9 
10219, 9, 9 
46435, 9, 9 
58351, 9, 9 
22174, 9, 9 
22902, 9, 9 
27565, 9, 9 
37498, 9, 9 
57796, 9, 9 
26220, 9, 9 
20115, 9, 9 
550, 9, 9 
43028, 9, 9 
7430, 9, 9 
33255, 9, 9 
487, 9, 9 
32123, 9, 9 
13472, 9, 9 
55763, 9, 9 
47637, 9, 9 
31320, 9, 9 
3169, 9, 9 
41599, 9, 9 
3991, 9, 9 
49432, 9, 9 
23349, 9, 9 
48171, 9, 9 
45689, 9, 9 
48381, 9, 9 
47540, 9, 9 
48713, 9, 9 
46490, 9, 9 
27817, 9, 9 
30583, 9, 9 
21165, 9, 9 
37306, 9, 9 
11001, 9, 9 
36392, 9, 9 
54335, 9, 9 
52123, 9, 9 
41905, 9, 9 
53337, 9, 9 
58348, 9, 9 
14818, 9, 9 
56464, 9, 9 
35941, 9, 9 
58735, 9, 9 
1522, 9, 9 
22719, 9, 9 
44228, 9, 9 
9631, 9, 9 
6145, 9, 9 
30922, 9, 9 
55013, 9, 9 
54738, 9, 9 
16775, 9, 9 
48504, 9, 9 
7110, 9, 9 
11102, 9, 9 
8468, 9, 9 
1364, 9, 9 
7416, 9, 9 
58366, 9, 9 
52800, 9, 9 
33187, 9, 9 
16303, 9, 9 
5137, 9, 9 
34764, 9, 9 
56923, 9, 9 
55859, 9, 9 
37029, 9, 9 
28288, 9, 9 
30334, 9, 9 
56087, 9, 9 
3511, 9, 9 
30110, 9, 9 
3371, 9, 9 
39247, 9, 9 
23748, 9, 9 
11246, 9, 9 
50806, 9, 9 
50329, 9, 9 
33380, 9, 9 
22762, 9, 9 
1005, 9, 9 
6872, 9, 9 
40762, 9, 9 
27815, 9, 9 
16409, 9, 9 
54793, 9, 9 
8111, 9, 9 
44340, 9, 9 
35543, 9, 9 
631, 9, 9 
58407, 9, 9 
15446, 9, 9 
7505, 9, 9 
4019, 9, 9 
47082, 9, 9 
47788, 9, 9 
39163, 9, 9 
27731, 9, 9 
26970, 9, 9 
53784, 9, 9 
46263, 9, 9 
5645, 9, 9 
56078, 9, 9 
27116, 9, 9 
45381, 9, 9 
47547, 9, 9 
110, 9, 9 
50701, 9, 9 
22959, 9, 9 
39642, 9, 9 
14042, 9, 9 
29137, 9, 9 
6019, 9, 9 
2821, 9, 9 
26631, 9, 9 
53951, 9, 9 
11891, 9, 9 
14407, 9, 9 
17858, 9, 9 
34306, 9, 9 
56212, 9, 9 
19428, 9, 9 
58152, 9, 9 
6084, 9, 9 
30712, 9, 9 
33336, 9, 9 
11991, 9, 9 
1940, 9, 9 
23732, 9, 9 
7447, 9, 9 
39501, 9, 9 
42106, 9, 9 
36777, 9, 9 
46662, 9, 9 
20841, 9, 9 
48157, 9, 9 
32068, 9, 9 
18405, 9, 9 
3296, 9, 9 
1138, 9, 9 
45784, 9, 9 
59748, 9, 9 
15369, 9, 9 
56649, 9, 9 
58294, 9, 9 
11853, 9, 9 
32396, 9, 9 
19494, 9, 9 
39227, 9, 9 
49177, 9, 9 
42903, 9, 9 
13742, 9, 9 
87, 9, 9 
763, 9, 9 
53349, 9, 9 
26082, 9, 9 
17622, 9, 9 
57531, 9, 9 
37333, 9, 9 
37781, 9, 9 
54064, 9, 9 
29093, 9, 9 
13088, 9, 9 
5898, 9, 9 
24947, 9, 9 
42086, 9, 9 
59024, 9, 9 
26764, 9, 9 
9938, 9, 9 
52372, 9, 9 
7538, 9, 9 
18883, 9, 9 
19644, 9, 9 
42318, 9, 9 
46287, 9, 9 
48030, 9, 9 
29091, 9, 9 
5726, 9, 9 
45337, 9, 9 
51329, 9, 9 
12172, 9, 9 
37772, 9, 9 
30701, 9, 9 
29113, 9, 9 
54146, 9, 9 
32483, 9, 9 
3508, 9, 9 
27344, 9, 9 
49565, 9, 9 
501, 9, 9 
49204, 9, 9 
34419, 9, 9 
45301, 9, 9 
39576, 9, 9 
41501, 9, 9 
21378, 9, 9 
31700, 9, 9 
51981, 9, 9 
33211, 9, 9 
33806, 9, 9 
10249, 9, 9 
5704, 9, 9 
1683, 9, 9 
48530, 9, 9 
28446, 9, 9 
45123, 9, 9 
1500, 9, 9 
37824, 9, 9 
8321, 9, 9 
56792, 9, 9 
47958, 9, 9 
17689, 9, 9 
10088, 9, 9 
20684, 9, 9 
14931, 9, 9 
29170, 9, 9 
29234, 9, 9 
50124, 9, 9 
58703, 9, 9 
55063, 9, 9 
14827, 9, 9 
8902, 9, 9 
54666, 9, 9 
51590, 9, 9 
49925, 9, 9 
44825, 9, 9 
4313, 9, 9 
26973, 9, 9 
48603, 9, 9 
59021, 9, 9 
36666, 9, 9 
23771, 9, 9 
30452, 9, 9 
