id, true label, predicted label 
1387, 0, 0 
7052, 0, 0 
30800, 0, 0 
20095, 0, 0 
51627, 0, 0 
26184, 0, 0 
47202, 0, 0 
33835, 0, 0 
36620, 0, 0 
42005, 0, 0 
46535, 0, 0 
26427, 0, 0 
18102, 0, 0 
24978, 0, 0 
57543, 0, 0 
17108, 0, 0 
53404, 0, 0 
27305, 0, 0 
23536, 0, 0 
17314, 0, 0 
4804, 0, 0 
55177, 0, 0 
29994, 0, 0 
40456, 0, 0 
662, 0, 0 
13926, 0, 0 
20321, 0, 0 
53861, 0, 0 
33390, 0, 0 
54421, 0, 0 
52289, 0, 0 
35697, 0, 0 
53424, 0, 0 
39306, 0, 0 
31895, 0, 0 
44474, 0, 0 
39498, 0, 0 
9922, 0, 0 
23579, 0, 0 
23305, 0, 0 
57645, 0, 0 
19811, 0, 0 
29520, 0, 0 
49280, 0, 0 
7830, 0, 0 
47267, 0, 0 
1999, 0, 0 
23845, 0, 0 
43465, 0, 0 
48200, 0, 0 
6008, 0, 0 
2745, 0, 0 
35243, 0, 0 
16151, 0, 0 
28105, 0, 0 
37619, 0, 0 
50539, 0, 0 
10840, 0, 0 
26277, 0, 0 
23914, 0, 0 
524, 0, 0 
36519, 0, 0 
15955, 0, 0 
51999, 0, 0 
12837, 0, 0 
35064, 0, 0 
3247, 0, 0 
15491, 0, 0 
12193, 0, 0 
45953, 0, 0 
28824, 0, 0 
44130, 0, 0 
51299, 0, 0 
47005, 0, 0 
59244, 0, 0 
54512, 0, 0 
21028, 0, 0 
33292, 0, 0 
45230, 0, 0 
22265, 0, 0 
5461, 0, 0 
41490, 0, 0 
33843, 0, 0 
15504, 0, 0 
53077, 0, 0 
48438, 0, 0 
32785, 0, 0 
35067, 0, 0 
192, 0, 0 
49111, 0, 0 
55917, 0, 0 
3882, 0, 0 
22954, 0, 0 
52313, 0, 0 
30163, 0, 0 
16396, 0, 0 
36447, 0, 0 
2718, 0, 0 
22046, 0, 0 
57176, 0, 0 
34538, 0, 0 
40277, 0, 0 
49621, 0, 0 
6973, 0, 0 
22208, 0, 0 
4500, 0, 0 
51889, 0, 0 
36163, 0, 0 
3541, 0, 0 
34302, 0, 0 
52813, 0, 0 
15064, 0, 0 
48542, 0, 0 
27484, 0, 0 
9733, 0, 0 
17535, 0, 0 
39856, 0, 0 
44696, 0, 0 
55408, 0, 0 
28305, 0, 0 
38696, 0, 0 
12497, 0, 0 
11945, 0, 0 
25166, 0, 0 
15330, 0, 0 
38729, 0, 0 
28725, 0, 0 
47294, 0, 0 
49949, 0, 0 
39800, 0, 0 
34369, 0, 0 
30222, 0, 0 
26818, 0, 0 
31172, 0, 0 
11694, 0, 0 
44518, 0, 0 
49268, 0, 0 
37814, 0, 0 
30044, 0, 0 
48963, 0, 0 
42795, 0, 0 
5246, 0, 0 
40412, 0, 0 
11060, 0, 0 
36537, 0, 0 
19104, 0, 0 
51259, 0, 0 
19292, 0, 0 
55027, 0, 0 
40038, 0, 0 
19798, 0, 0 
39639, 0, 0 
43497, 0, 0 
12142, 0, 0 
55745, 0, 0 
59987, 0, 0 
52609, 0, 0 
57435, 0, 0 
18881, 0, 0 
18247, 0, 0 
39755, 0, 0 
21534, 0, 0 
45905, 0, 0 
24615, 0, 0 
28895, 0, 0 
59615, 0, 0 
48529, 0, 0 
42552, 0, 0 
18301, 0, 0 
3035, 0, 0 
55752, 0, 0 
42752, 0, 0 
42488, 0, 0 
49848, 0, 0 
32966, 0, 0 
53429, 0, 0 
45128, 0, 0 
20681, 0, 0 
51866, 0, 0 
51865, 0, 0 
6737, 0, 0 
11281, 0, 0 
36371, 0, 0 
38200, 0, 0 
48173, 0, 0 
49322, 0, 0 
36318, 0, 0 
22691, 0, 0 
28992, 0, 0 
24809, 0, 0 
2621, 0, 0 
44127, 0, 0 
29695, 0, 0 
32621, 0, 0 
41425, 0, 0 
6883, 0, 0 
5321, 0, 0 
25167, 0, 0 
47031, 0, 0 
45952, 0, 0 
55892, 0, 0 
28295, 0, 0 
57686, 0, 0 
53399, 0, 0 
14282, 0, 0 
27663, 0, 0 
33228, 0, 0 
38874, 0, 0 
21403, 0, 0 
8897, 0, 0 
46826, 0, 0 
27637, 0, 0 
31677, 0, 0 
51824, 0, 0 
23557, 0, 0 
4748, 0, 0 
35217, 0, 0 
36241, 0, 0 
37189, 0, 0 
3943, 0, 0 
427, 0, 0 
29559, 0, 0 
22196, 0, 0 
34706, 0, 0 
46562, 0, 0 
57685, 0, 0 
12555, 0, 0 
32268, 0, 0 
52095, 0, 0 
10425, 0, 0 
6730, 0, 0 
20911, 0, 0 
27712, 0, 0 
55765, 0, 0 
20877, 0, 0 
55277, 0, 0 
49883, 0, 0 
26055, 0, 0 
52597, 0, 0 
44448, 0, 0 
15734, 0, 0 
28486, 0, 0 
51167, 0, 0 
38706, 0, 0 
3881, 0, 0 
44413, 0, 0 
19080, 0, 0 
24629, 0, 0 
9083, 0, 0 
25919, 0, 0 
17648, 0, 0 
28202, 0, 0 
22669, 0, 0 
35294, 0, 0 
20602, 0, 0 
29488, 0, 0 
45960, 0, 0 
59651, 0, 0 
16318, 0, 0 
49151, 0, 0 
38364, 0, 0 
43367, 0, 0 
30790, 0, 0 
39817, 0, 0 
24892, 0, 0 
13833, 0, 0 
34073, 0, 0 
58769, 0, 0 
48601, 0, 0 
3231, 0, 0 
14102, 0, 0 
6791, 0, 0 
57586, 0, 0 
5905, 0, 0 
34730, 0, 0 
43884, 0, 0 
52617, 0, 0 
54703, 0, 0 
2411, 0, 0 
55023, 0, 0 
28755, 0, 0 
12205, 0, 0 
8703, 0, 0 
34714, 0, 0 
4389, 0, 0 
30300, 0, 0 
57882, 0, 0 
19787, 0, 0 
14356, 0, 0 
57659, 0, 0 
10120, 0, 0 
59536, 0, 0 
48676, 0, 0 
42559, 0, 0 
56686, 0, 0 
32459, 0, 0 
9310, 0, 0 
31463, 0, 0 
51638, 0, 0 
18641, 0, 0 
33538, 0, 0 
33831, 0, 0 
22511, 0, 0 
54997, 0, 0 
31310, 0, 0 
55110, 0, 0 
13777, 0, 0 
54351, 0, 0 
46054, 0, 0 
6337, 0, 0 
4906, 0, 0 
36869, 0, 0 
14393, 0, 0 
54003, 0, 0 
24078, 0, 0 
27206, 0, 0 
39156, 0, 0 
36824, 0, 0 
14278, 0, 0 
18832, 0, 0 
21945, 0, 0 
47389, 0, 0 
39775, 0, 0 
11791, 0, 0 
33079, 0, 0 
19258, 0, 0 
35311, 0, 0 
47172, 0, 0 
14269, 0, 0 
9297, 0, 0 
26117, 0, 0 
19774, 0, 0 
45766, 0, 0 
27911, 0, 0 
46571, 0, 0 
39861, 0, 0 
33482, 0, 0 
36569, 0, 0 
9166, 0, 0 
57073, 0, 0 
2996, 0, 0 
8385, 0, 0 
399, 0, 0 
22882, 0, 0 
13826, 0, 0 
7243, 0, 0 
24367, 0, 0 
52228, 0, 0 
21319, 0, 0 
28543, 0, 0 
51629, 0, 0 
8885, 0, 0 
53354, 0, 0 
44606, 0, 0 
47372, 0, 0 
26027, 0, 0 
43102, 0, 0 
54804, 0, 0 
27429, 0, 0 
18991, 0, 0 
48414, 0, 0 
35012, 0, 0 
1403, 0, 0 
34381, 0, 0 
57705, 0, 0 
1386, 0, 0 
53339, 0, 0 
29199, 0, 0 
52629, 0, 0 
47324, 0, 0 
17122, 0, 0 
18424, 0, 0 
54263, 0, 0 
8019, 0, 0 
4852, 0, 0 
5541, 0, 0 
27283, 0, 0 
51052, 0, 0 
3693, 0, 0 
31785, 0, 0 
38488, 0, 0 
33238, 0, 0 
32086, 0, 0 
46746, 0, 0 
12927, 0, 0 
2066, 0, 0 
17968, 0, 0 
49013, 0, 0 
31969, 0, 0 
14693, 0, 0 
25252, 0, 0 
56, 0, 0 
18178, 0, 0 
8739, 0, 0 
11361, 0, 0 
51045, 0, 0 
5470, 0, 0 
31466, 0, 0 
18212, 0, 0 
22008, 0, 0 
30207, 0, 0 
38766, 0, 0 
7911, 0, 0 
3391, 0, 0 
43404, 0, 0 
46868, 0, 0 
2079, 0, 0 
46582, 0, 0 
46125, 0, 0 
27936, 0, 0 
12764, 0, 0 
49370, 0, 0 
45812, 0, 0 
10083, 0, 0 
5469, 0, 0 
58015, 0, 0 
52318, 0, 0 
13989, 0, 0 
52978, 0, 0 
7669, 0, 0 
47579, 0, 0 
56639, 0, 0 
6967, 0, 0 
36848, 0, 0 
38043, 0, 0 
25152, 0, 0 
943, 0, 0 
37950, 0, 0 
24075, 0, 0 
59557, 0, 0 
51210, 0, 0 
19796, 0, 0 
59043, 0, 0 
38903, 0, 0 
19709, 0, 0 
42063, 0, 0 
59613, 0, 0 
57261, 0, 0 
35934, 0, 0 
33677, 0, 0 
59558, 0, 0 
1346, 0, 0 
7691, 0, 0 
18443, 0, 0 
58665, 0, 0 
10439, 0, 0 
24419, 0, 0 
29560, 0, 0 
31350, 0, 0 
40613, 0, 0 
38590, 0, 0 
15383, 0, 0 
25433, 0, 0 
28024, 0, 0 
31639, 0, 0 
7585, 0, 0 
21526, 0, 0 
44766, 0, 0 
59421, 0, 0 
43216, 0, 0 
17655, 0, 0 
5074, 0, 0 
14110, 0, 0 
58108, 0, 0 
22634, 0, 0 
40821, 0, 0 
56954, 0, 0 
787, 0, 0 
6133, 0, 0 
35972, 0, 0 
19924, 0, 0 
35660, 0, 0 
49939, 0, 0 
38993, 0, 0 
30123, 0, 0 
18208, 0, 0 
30625, 0, 0 
10283, 0, 0 
14158, 0, 0 
37954, 0, 0 
44531, 0, 0 
26903, 0, 0 
55986, 0, 0 
2806, 0, 0 
53936, 0, 0 
30080, 0, 0 
16221, 0, 0 
41837, 0, 0 
6757, 0, 0 
57542, 0, 0 
10221, 0, 0 
45617, 0, 0 
30088, 0, 0 
34541, 0, 0 
54810, 0, 0 
58360, 0, 0 
55315, 0, 0 
53124, 0, 0 
44872, 0, 0 
45817, 0, 0 
3344, 1, 1 
6062, 1, 1 
4507, 1, 1 
54651, 1, 1 
58675, 1, 1 
53870, 1, 1 
21847, 1, 1 
30695, 1, 1 
37290, 1, 1 
19526, 1, 1 
12226, 1, 1 
41748, 1, 1 
8689, 1, 1 
54416, 1, 1 
26388, 1, 1 
41524, 1, 1 
35722, 1, 1 
13112, 1, 1 
15048, 1, 1 
33865, 1, 1 
29288, 1, 1 
24564, 1, 1 
6208, 1, 1 
43971, 1, 1 
20279, 1, 1 
53521, 1, 1 
7609, 1, 1 
39546, 1, 1 
23501, 1, 1 
15152, 1, 1 
48518, 1, 1 
26445, 1, 1 
22066, 1, 1 
31787, 1, 1 
33516, 1, 1 
50709, 1, 1 
32338, 1, 1 
6021, 1, 1 
5235, 1, 1 
45768, 1, 1 
22888, 1, 1 
32562, 1, 1 
26495, 1, 1 
8464, 1, 1 
55083, 1, 1 
42307, 1, 1 
13392, 1, 1 
44290, 1, 1 
40725, 1, 1 
41839, 1, 1 
51060, 1, 1 
36110, 1, 1 
105, 1, 1 
21127, 1, 1 
56764, 1, 1 
21171, 1, 1 
55596, 1, 1 
1017, 1, 1 
48916, 1, 1 
21321, 1, 1 
45677, 1, 1 
52167, 1, 1 
41514, 1, 1 
20589, 1, 1 
55310, 1, 1 
49437, 1, 1 
25918, 1, 1 
1192, 1, 1 
48177, 1, 1 
8422, 1, 1 
33580, 1, 1 
1658, 1, 1 
951, 1, 1 
27201, 1, 1 
2823, 1, 1 
49521, 1, 1 
43653, 1, 1 
20536, 1, 1 
7176, 1, 1 
58387, 1, 1 
49362, 1, 1 
10455, 1, 1 
18451, 1, 1 
6554, 1, 1 
25112, 1, 1 
8095, 1, 1 
29086, 1, 1 
22192, 1, 1 
25045, 1, 1 
26581, 1, 1 
54974, 1, 1 
41637, 1, 1 
57339, 1, 1 
18565, 1, 1 
40098, 1, 1 
52444, 1, 1 
15034, 1, 1 
56945, 1, 1 
3962, 1, 1 
8891, 1, 1 
13581, 1, 1 
47022, 1, 1 
50489, 1, 1 
58763, 1, 1 
6488, 1, 1 
18095, 1, 1 
16720, 1, 1 
41739, 1, 1 
16665, 1, 1 
11901, 1, 1 
16021, 1, 1 
10568, 1, 1 
53804, 1, 1 
40015, 1, 1 
2362, 1, 1 
17938, 1, 1 
26335, 1, 1 
16222, 1, 1 
55271, 1, 1 
55417, 1, 1 
40069, 1, 1 
58719, 1, 1 
39364, 1, 1 
31012, 1, 1 
42716, 1, 1 
45556, 1, 1 
24688, 1, 1 
7689, 1, 1 
12459, 1, 1 
16325, 1, 1 
35404, 1, 1 
1544, 1, 1 
47434, 1, 1 
42875, 1, 1 
55846, 1, 1 
32246, 1, 1 
27205, 1, 1 
23142, 1, 1 
38975, 1, 1 
3954, 1, 1 
29040, 1, 1 
19100, 1, 1 
35278, 1, 1 
1472, 1, 1 
20824, 1, 1 
54803, 1, 1 
4286, 1, 1 
3488, 1, 1 
4441, 1, 1 
14936, 1, 1 
50829, 1, 1 
40896, 1, 1 
4960, 1, 1 
49519, 1, 1 
7424, 1, 1 
48534, 1, 1 
14571, 1, 1 
59750, 1, 1 
25696, 1, 1 
8506, 1, 1 
43261, 1, 1 
48679, 1, 1 
28238, 1, 1 
51110, 1, 1 
8452, 1, 1 
23559, 1, 1 
30031, 1, 1 
43829, 1, 1 
37518, 1, 1 
9579, 1, 1 
58789, 1, 1 
32474, 1, 1 
24966, 1, 1 
14021, 1, 1 
8652, 1, 1 
16943, 1, 1 
15539, 1, 1 
22848, 1, 1 
39782, 1, 1 
32482, 1, 1 
34923, 1, 1 
2616, 1, 1 
54693, 1, 1 
8625, 1, 1 
1085, 1, 1 
23852, 1, 1 
50139, 1, 1 
32367, 1, 1 
45820, 1, 1 
39268, 1, 1 
33684, 1, 1 
17775, 1, 1 
30512, 1, 1 
33319, 1, 1 
14575, 1, 1 
44724, 1, 1 
56273, 1, 1 
55299, 1, 1 
43790, 1, 1 
15361, 1, 1 
55686, 1, 1 
36071, 1, 1 
12743, 1, 1 
49292, 1, 1 
36408, 1, 1 
37513, 1, 1 
24924, 1, 1 
55127, 1, 1 
32138, 1, 1 
44242, 1, 1 
18695, 1, 1 
53436, 1, 1 
56025, 1, 1 
24839, 1, 1 
40219, 1, 1 
28322, 1, 1 
45767, 1, 1 
24624, 1, 1 
51169, 1, 1 
7850, 1, 1 
25981, 1, 1 
59150, 1, 1 
37732, 1, 1 
8550, 1, 1 
25794, 1, 1 
7656, 1, 1 
39173, 1, 1 
15507, 1, 1 
56576, 1, 1 
16872, 1, 1 
48645, 1, 1 
59705, 1, 1 
51305, 1, 1 
36682, 1, 1 
16694, 1, 1 
31647, 1, 1 
21905, 1, 1 
22879, 1, 1 
1665, 1, 1 
16835, 1, 1 
9735, 1, 1 
55768, 1, 1 
22179, 1, 1 
25253, 1, 1 
8382, 1, 1 
8989, 1, 1 
11637, 1, 1 
40052, 1, 1 
184, 1, 1 
28878, 1, 1 
31250, 1, 1 
17704, 1, 1 
20506, 1, 1 
30898, 1, 1 
53448, 1, 1 
34164, 1, 1 
37881, 1, 1 
12512, 1, 1 
637, 1, 1 
32937, 1, 1 
17305, 1, 1 
5882, 1, 1 
45204, 1, 1 
27245, 1, 1 
1607, 1, 1 
38388, 1, 1 
17072, 1, 1 
1445, 1, 1 
40423, 1, 1 
42435, 1, 1 
48989, 1, 1 
11679, 1, 1 
38731, 1, 1 
11809, 1, 1 
28583, 1, 1 
36333, 1, 1 
2040, 1, 1 
44327, 1, 1 
42485, 1, 1 
2645, 1, 1 
57433, 1, 1 
52741, 1, 1 
16228, 1, 1 
58576, 1, 1 
41011, 1, 1 
32446, 1, 1 
33705, 1, 1 
30866, 1, 1 
52451, 1, 1 
58368, 1, 1 
27831, 1, 1 
57607, 1, 1 
6020, 1, 1 
53098, 1, 1 
33750, 1, 1 
21409, 1, 1 
54533, 1, 1 
9312, 1, 1 
20348, 1, 1 
44125, 1, 1 
12532, 1, 1 
52431, 1, 1 
1115, 1, 1 
16742, 1, 1 
4639, 1, 1 
466, 1, 1 
58341, 1, 1 
711, 1, 1 
17240, 1, 1 
17367, 1, 1 
18659, 1, 1 
7838, 1, 1 
2227, 1, 1 
33259, 1, 1 
2970, 1, 1 
48395, 1, 1 
53394, 1, 1 
36892, 1, 1 
27572, 1, 1 
3464, 1, 1 
45229, 1, 1 
17695, 1, 1 
13657, 1, 1 
2301, 1, 1 
22656, 1, 1 
57931, 1, 1 
6925, 1, 1 
33310, 1, 1 
49380, 1, 1 
4049, 1, 1 
44317, 1, 1 
25774, 1, 1 
36947, 1, 1 
9973, 1, 1 
25003, 1, 1 
57785, 1, 1 
30721, 1, 1 
36997, 1, 1 
12388, 1, 1 
19176, 1, 1 
59200, 1, 1 
4405, 1, 1 
38337, 1, 1 
27629, 1, 1 
7057, 1, 1 
1051, 1, 1 
17043, 1, 1 
34402, 1, 1 
44431, 1, 1 
41638, 1, 1 
54071, 1, 1 
59545, 1, 1 
37045, 1, 1 
2843, 1, 1 
21552, 1, 1 
11634, 1, 1 
41732, 1, 1 
54094, 1, 1 
11579, 1, 1 
31420, 1, 1 
1676, 1, 1 
46496, 1, 1 
6365, 1, 1 
32705, 1, 1 
44529, 1, 1 
27461, 1, 1 
45743, 1, 1 
15523, 1, 1 
538, 1, 1 
2306, 1, 1 
54342, 1, 1 
36141, 1, 1 
416, 1, 1 
42719, 1, 1 
17232, 1, 1 
33124, 1, 1 
59768, 1, 1 
30100, 1, 1 
17662, 1, 1 
49512, 1, 1 
57684, 1, 1 
39041, 1, 1 
59114, 1, 1 
15632, 1, 1 
48741, 1, 1 
48510, 1, 1 
14879, 1, 1 
55505, 1, 1 
41858, 1, 1 
58481, 1, 1 
1321, 1, 1 
37289, 1, 1 
52916, 1, 1 
37828, 1, 1 
42339, 1, 1 
40714, 1, 1 
4569, 1, 1 
5054, 1, 1 
26401, 1, 1 
26905, 1, 1 
11943, 1, 1 
5305, 1, 1 
45297, 1, 1 
13106, 1, 1 
50338, 1, 1 
49932, 1, 1 
59339, 1, 1 
5933, 1, 1 
42765, 1, 1 
28223, 1, 1 
56584, 1, 1 
55716, 1, 1 
21474, 1, 1 
53687, 1, 1 
26892, 1, 1 
57998, 1, 1 
22896, 1, 1 
18372, 1, 1 
5123, 1, 1 
45666, 1, 1 
52223, 1, 1 
102, 1, 1 
34512, 1, 1 
25302, 1, 1 
12371, 1, 1 
31887, 1, 1 
27920, 1, 1 
25822, 1, 1 
46141, 1, 1 
9615, 1, 1 
51556, 1, 1 
35370, 1, 1 
44745, 1, 1 
12807, 1, 1 
54434, 1, 1 
38007, 1, 1 
51197, 1, 1 
41939, 1, 1 
12230, 1, 1 
35430, 1, 1 
49943, 1, 1 
24904, 1, 1 
10248, 1, 1 
6834, 1, 1 
10713, 1, 1 
152, 1, 1 
5850, 1, 1 
31174, 1, 1 
5500, 1, 1 
27013, 1, 1 
16735, 1, 1 
32079, 1, 1 
7169, 1, 1 
46159, 1, 1 
41897, 1, 1 
32465, 1, 1 
25235, 1, 1 
36271, 1, 1 
53180, 1, 1 
33456, 1, 1 
51287, 1, 1 
2906, 1, 1 
46601, 1, 1 
16923, 1, 1 
21060, 1, 1 
34080, 1, 1 
13700, 1, 1 
47644, 1, 1 
35094, 1, 1 
50232, 1, 1 
5957, 1, 1 
8513, 1, 1 
36030, 1, 1 
41238, 1, 1 
38837, 1, 1 
27182, 1, 1 
35538, 1, 1 
54259, 1, 1 
47233, 1, 1 
21230, 1, 1 
5655, 1, 1 
104, 1, 1 
9903, 1, 1 
23176, 1, 1 
55478, 1, 1 
9697, 1, 1 
2937, 1, 1 
14651, 1, 1 
15265, 1, 1 
52143, 1, 1 
42026, 1, 1 
11760, 1, 1 
43214, 1, 1 
33558, 1, 1 
34950, 1, 1 
31663, 1, 1 
28017, 1, 1 
1131, 1, 1 
30200, 1, 1 
29840, 1, 1 
9242, 2, 2 
46408, 2, 2 
493, 2, 2 
34620, 2, 2 
19466, 2, 2 
5928, 2, 2 
29071, 2, 2 
4856, 2, 2 
25369, 2, 2 
13508, 2, 2 
42789, 2, 2 
7395, 2, 2 
10687, 2, 2 
570, 2, 2 
16707, 2, 2 
54395, 2, 2 
6126, 2, 2 
6540, 2, 2 
39488, 2, 2 
30356, 2, 2 
29453, 2, 2 
59672, 2, 2 
37957, 2, 2 
57953, 2, 2 
37440, 2, 2 
7347, 2, 2 
8978, 2, 2 
7801, 2, 2 
43743, 2, 2 
36397, 2, 2 
48531, 2, 2 
5659, 2, 2 
33060, 2, 2 
14633, 2, 2 
30802, 2, 2 
28920, 2, 2 
56325, 2, 2 
57496, 2, 2 
51986, 2, 2 
23038, 2, 2 
38793, 2, 2 
2936, 2, 2 
13761, 2, 2 
15039, 2, 2 
13952, 2, 2 
34717, 2, 2 
42830, 2, 2 
47164, 2, 2 
54545, 2, 2 
36998, 2, 2 
360, 2, 2 
49873, 2, 2 
18264, 2, 2 
7614, 2, 2 
47804, 2, 2 
37989, 2, 2 
25041, 2, 2 
444, 2, 2 
7587, 2, 2 
33878, 2, 2 
54134, 2, 2 
29425, 2, 2 
40788, 2, 2 
3569, 2, 2 
18943, 2, 2 
36460, 2, 2 
7612, 2, 2 
58851, 2, 2 
35653, 2, 2 
28059, 2, 2 
37360, 2, 2 
36693, 2, 2 
15055, 2, 2 
52851, 2, 2 
9964, 2, 2 
18566, 2, 2 
37568, 2, 2 
12234, 2, 2 
56079, 2, 2 
46343, 2, 2 
7266, 2, 2 
35298, 2, 2 
325, 2, 2 
31823, 2, 2 
39020, 2, 2 
45378, 2, 2 
45638, 2, 2 
20695, 2, 2 
32934, 2, 2 
43689, 2, 2 
27660, 2, 2 
32981, 2, 2 
37812, 2, 2 
35090, 2, 2 
30640, 2, 2 
18423, 2, 2 
34494, 2, 2 
23216, 2, 2 
43441, 2, 2 
41397, 2, 2 
49067, 2, 2 
26213, 2, 2 
16654, 2, 2 
14342, 2, 2 
56993, 2, 2 
32523, 2, 2 
54326, 2, 2 
20441, 2, 2 
54866, 2, 2 
26751, 2, 2 
4005, 2, 2 
59732, 2, 2 
40388, 2, 2 
27614, 2, 2 
46083, 2, 2 
28077, 2, 2 
53076, 2, 2 
31873, 2, 2 
268, 2, 2 
4031, 2, 2 
4514, 2, 2 
41217, 2, 2 
38547, 2, 2 
47155, 2, 2 
43314, 2, 2 
24551, 2, 2 
8614, 2, 2 
23794, 2, 2 
31185, 2, 2 
15107, 2, 2 
23371, 2, 2 
43974, 2, 2 
58000, 2, 2 
38319, 2, 2 
13877, 2, 2 
28872, 2, 2 
16527, 2, 2 
5508, 2, 2 
20077, 2, 2 
59826, 2, 2 
32779, 2, 2 
27673, 2, 2 
40027, 2, 2 
14024, 2, 2 
27680, 2, 2 
55692, 2, 2 
35137, 2, 2 
47302, 2, 2 
16283, 2, 2 
16294, 2, 2 
6549, 2, 2 
40160, 2, 2 
51216, 2, 2 
16760, 2, 2 
48423, 2, 2 
9756, 2, 2 
51608, 2, 2 
25088, 2, 2 
47603, 2, 2 
5016, 2, 2 
38356, 2, 2 
48991, 2, 2 
57755, 2, 2 
42474, 2, 2 
51835, 2, 2 
11648, 2, 2 
52501, 2, 2 
3719, 2, 2 
8097, 2, 2 
6125, 2, 2 
45714, 2, 2 
20715, 2, 2 
49475, 2, 2 
3791, 2, 2 
48420, 2, 2 
27432, 2, 2 
31150, 2, 2 
54440, 2, 2 
34310, 2, 2 
56264, 2, 2 
58581, 2, 2 
24406, 2, 2 
45977, 2, 2 
7375, 2, 2 
46414, 2, 2 
50840, 2, 2 
36768, 2, 2 
56340, 2, 2 
23982, 2, 2 
31617, 2, 2 
43211, 2, 2 
58896, 2, 2 
30726, 2, 2 
28214, 2, 2 
36100, 2, 2 
30872, 2, 2 
3102, 2, 2 
26540, 2, 2 
18995, 2, 2 
29720, 2, 2 
48034, 2, 2 
36781, 2, 2 
44950, 2, 2 
24833, 2, 2 
42717, 2, 2 
47782, 2, 2 
2450, 2, 2 
3890, 2, 2 
40598, 2, 2 
3712, 2, 2 
47231, 2, 2 
1988, 2, 2 
59698, 2, 2 
36077, 2, 2 
44657, 2, 2 
50368, 2, 2 
44495, 2, 2 
30459, 2, 2 
31807, 2, 2 
13844, 2, 2 
41741, 2, 2 
16952, 2, 2 
28567, 2, 2 
16390, 2, 2 
54837, 2, 2 
27472, 2, 2 
47102, 2, 2 
21691, 2, 2 
56243, 2, 2 
21880, 2, 2 
19324, 2, 2 
36884, 2, 2 
41985, 2, 2 
27791, 2, 2 
59253, 2, 2 
18480, 2, 2 
28436, 2, 2 
17110, 2, 2 
13741, 2, 2 
38288, 2, 2 
28882, 2, 2 
57930, 2, 2 
39147, 2, 2 
22442, 2, 2 
51698, 2, 2 
28389, 2, 2 
31740, 2, 2 
584, 2, 2 
9830, 2, 2 
49070, 2, 2 
58857, 2, 2 
51340, 2, 2 
17884, 2, 2 
57899, 2, 2 
31513, 2, 2 
339, 2, 2 
12621, 2, 2 
35832, 2, 2 
1255, 2, 2 
31422, 2, 2 
10567, 2, 2 
45745, 2, 2 
33016, 2, 2 
41340, 2, 2 
26779, 2, 2 
29025, 2, 2 
25570, 2, 2 
25974, 2, 2 
58590, 2, 2 
23025, 2, 2 
14838, 2, 2 
33361, 2, 2 
37063, 2, 2 
59539, 2, 2 
40321, 2, 2 
56223, 2, 2 
39170, 2, 2 
49454, 2, 2 
50773, 2, 2 
41541, 2, 2 
31483, 2, 2 
19097, 2, 2 
14084, 2, 2 
42741, 2, 2 
36039, 2, 2 
3470, 2, 2 
12679, 2, 2 
9360, 2, 2 
3176, 2, 2 
23162, 2, 2 
22606, 2, 2 
51961, 2, 2 
29314, 2, 2 
27928, 2, 2 
2877, 2, 2 
27108, 2, 2 
46044, 2, 2 
30840, 2, 2 
22641, 2, 2 
45158, 2, 2 
27834, 2, 2 
8960, 2, 2 
15495, 2, 2 
3006, 2, 2 
46129, 2, 2 
17266, 2, 2 
48294, 2, 2 
25217, 2, 2 
20832, 2, 2 
2684, 2, 2 
25700, 2, 2 
26012, 2, 2 
33593, 2, 2 
2104, 2, 2 
7257, 2, 2 
48279, 2, 2 
24331, 2, 2 
13762, 2, 2 
56583, 2, 2 
40936, 2, 2 
49474, 2, 2 
40718, 2, 2 
42323, 2, 2 
39592, 2, 2 
3054, 2, 2 
14340, 2, 2 
51241, 2, 2 
33197, 2, 2 
40948, 2, 2 
53571, 2, 2 
16018, 2, 2 
30997, 2, 2 
1011, 2, 2 
55935, 2, 2 
3112, 2, 2 
22852, 2, 2 
3341, 2, 2 
29408, 2, 2 
15368, 2, 2 
56687, 2, 2 
16351, 2, 2 
59575, 2, 2 
24836, 2, 2 
12404, 2, 2 
54541, 2, 2 
53322, 2, 2 
23677, 2, 2 
34056, 2, 2 
4938, 2, 2 
49792, 2, 2 
19450, 2, 2 
10629, 2, 2 
11493, 2, 2 
8390, 2, 2 
16060, 2, 2 
19784, 2, 2 
33863, 2, 2 
47443, 2, 2 
37838, 2, 2 
23410, 2, 2 
3930, 2, 2 
6948, 2, 2 
2749, 2, 2 
5707, 2, 2 
7392, 2, 2 
23403, 2, 2 
17369, 2, 2 
3023, 2, 2 
45486, 2, 2 
10367, 2, 2 
52550, 2, 2 
59444, 2, 2 
56558, 2, 2 
33413, 2, 2 
48323, 2, 2 
38785, 2, 2 
47143, 2, 2 
49975, 2, 2 
15137, 2, 2 
55996, 2, 2 
49160, 2, 2 
42563, 2, 2 
33088, 2, 2 
29674, 2, 2 
8609, 2, 2 
23039, 2, 2 
13928, 2, 2 
9301, 2, 2 
15829, 2, 2 
7895, 2, 2 
9179, 2, 2 
40221, 2, 2 
14378, 2, 2 
20520, 2, 2 
18065, 2, 2 
4208, 2, 2 
35758, 2, 2 
13019, 2, 2 
49181, 2, 2 
32695, 2, 2 
36573, 2, 2 
34131, 2, 2 
30522, 2, 2 
6899, 2, 2 
32640, 2, 2 
51517, 2, 2 
49567, 2, 2 
11203, 2, 2 
5380, 2, 2 
46849, 2, 2 
308, 2, 2 
15205, 2, 2 
1852, 2, 2 
57270, 2, 2 
18585, 2, 2 
3147, 2, 2 
10082, 2, 2 
44415, 2, 2 
31016, 2, 2 
47565, 2, 2 
32606, 2, 2 
37291, 2, 2 
10673, 2, 2 
17821, 2, 2 
52660, 2, 2 
5528, 2, 2 
24612, 2, 2 
21633, 2, 2 
12238, 2, 2 
23776, 2, 2 
49834, 2, 2 
31388, 2, 2 
15618, 2, 2 
14861, 2, 2 
6425, 2, 2 
30905, 2, 2 
4474, 2, 2 
36056, 2, 2 
43477, 2, 2 
53434, 2, 2 
47142, 2, 2 
27797, 2, 2 
21683, 2, 2 
6079, 2, 2 
18224, 2, 2 
27989, 2, 2 
30931, 2, 2 
55836, 2, 2 
7413, 2, 2 
17241, 2, 2 
56998, 2, 2 
38010, 2, 2 
24517, 2, 2 
1880, 2, 2 
22026, 2, 2 
58030, 2, 2 
47189, 2, 2 
57649, 2, 2 
26863, 2, 2 
23231, 2, 2 
45648, 2, 2 
21522, 2, 2 
3329, 2, 2 
58087, 2, 2 
9508, 2, 2 
28200, 2, 2 
11033, 2, 2 
58929, 2, 2 
48178, 2, 2 
36868, 2, 2 
38197, 2, 2 
53504, 2, 2 
15510, 2, 2 
19524, 2, 2 
49191, 2, 2 
36715, 2, 2 
49115, 2, 2 
44274, 2, 2 
56922, 2, 2 
33096, 2, 2 
45584, 2, 2 
34643, 2, 2 
24570, 2, 2 
57153, 2, 2 
2908, 2, 2 
28471, 2, 2 
57363, 2, 2 
59816, 2, 2 
59597, 2, 2 
11632, 2, 2 
38846, 2, 2 
34425, 2, 2 
42068, 2, 2 
15917, 2, 2 
45420, 2, 2 
57928, 2, 2 
9449, 2, 2 
19402, 2, 2 
48975, 2, 2 
35456, 2, 2 
20285, 3, 3 
19865, 3, 3 
37244, 3, 3 
47992, 3, 3 
18948, 3, 3 
40904, 3, 3 
44596, 3, 3 
49431, 3, 3 
15769, 3, 3 
11539, 3, 3 
13445, 3, 3 
45563, 3, 3 
30897, 3, 3 
18742, 3, 3 
9466, 3, 3 
50000, 3, 3 
22366, 3, 3 
54892, 3, 3 
17404, 3, 3 
33186, 3, 3 
47059, 3, 3 
4449, 3, 3 
12117, 3, 3 
30642, 3, 3 
33649, 3, 3 
2127, 3, 3 
50565, 3, 3 
14577, 3, 3 
45736, 3, 3 
55592, 3, 3 
32414, 3, 3 
42257, 3, 3 
5831, 3, 3 
57457, 3, 3 
55062, 3, 3 
50834, 3, 3 
46532, 3, 3 
42627, 3, 3 
18802, 3, 3 
21149, 3, 3 
13519, 3, 3 
59715, 3, 3 
10430, 3, 3 
15375, 3, 3 
55640, 3, 3 
3314, 3, 3 
5616, 3, 3 
59092, 3, 3 
22468, 3, 3 
58525, 3, 3 
57399, 3, 3 
49896, 3, 3 
15052, 3, 3 
36707, 3, 3 
13099, 3, 3 
5434, 3, 3 
235, 3, 3 
20470, 3, 3 
28371, 3, 3 
1566, 3, 3 
34646, 3, 3 
39189, 3, 3 
35870, 3, 3 
17754, 3, 3 
47455, 3, 3 
52773, 3, 3 
5605, 3, 3 
52713, 3, 3 
52676, 3, 3 
21390, 3, 3 
38970, 3, 3 
16336, 3, 3 
26448, 3, 3 
86, 3, 3 
33080, 3, 3 
48794, 3, 3 
18120, 3, 3 
37135, 3, 3 
1470, 3, 3 
250, 3, 3 
3048, 3, 3 
21007, 3, 3 
49627, 3, 3 
4250, 3, 3 
9074, 3, 3 
7097, 3, 3 
5471, 3, 3 
39721, 3, 3 
29613, 3, 3 
53547, 3, 3 
23294, 3, 3 
23731, 3, 3 
48336, 3, 3 
49809, 3, 3 
38180, 3, 3 
17175, 3, 3 
6033, 3, 3 
50644, 3, 3 
29097, 3, 3 
31504, 3, 3 
52386, 3, 3 
43373, 3, 3 
25331, 3, 3 
18615, 3, 3 
16291, 3, 3 
10847, 3, 3 
45289, 3, 3 
37118, 3, 3 
18299, 3, 3 
8122, 3, 3 
33412, 3, 3 
50885, 3, 3 
34728, 3, 3 
30265, 3, 3 
3542, 3, 3 
11513, 3, 3 
22663, 3, 3 
2179, 3, 3 
34318, 3, 3 
30650, 3, 3 
12274, 3, 3 
9953, 3, 3 
35914, 3, 3 
10765, 3, 3 
49789, 3, 3 
45407, 3, 3 
35208, 3, 3 
6543, 3, 3 
19063, 3, 3 
30515, 3, 3 
42841, 3, 3 
4491, 3, 3 
17288, 3, 3 
42477, 3, 3 
12981, 3, 3 
8241, 3, 3 
14535, 3, 3 
42117, 3, 3 
29882, 3, 3 
27420, 3, 3 
19965, 3, 3 
25809, 3, 3 
50148, 3, 3 
53262, 3, 3 
5399, 3, 3 
24850, 3, 3 
2114, 3, 3 
17778, 3, 3 
12307, 3, 3 
9851, 3, 3 
18463, 3, 3 
3656, 3, 3 
47654, 3, 3 
1151, 3, 3 
5870, 3, 3 
23572, 3, 3 
1077, 3, 3 
30885, 3, 3 
44231, 3, 3 
3713, 3, 3 
18997, 3, 3 
37209, 3, 3 
56043, 3, 3 
9779, 3, 3 
10796, 3, 3 
41943, 3, 3 
17320, 3, 3 
15346, 3, 3 
32811, 3, 3 
50680, 3, 3 
2469, 3, 3 
31831, 3, 3 
10998, 3, 3 
54413, 3, 3 
19014, 3, 3 
30675, 3, 3 
9592, 3, 3 
26732, 3, 3 
14863, 3, 3 
50403, 3, 3 
9637, 3, 3 
17699, 3, 3 
28037, 3, 3 
6048, 3, 3 
3740, 3, 3 
7600, 3, 3 
21974, 3, 3 
32885, 3, 3 
12877, 3, 3 
5875, 3, 3 
4584, 3, 3 
42114, 3, 3 
49406, 3, 3 
51401, 3, 3 
4403, 3, 3 
16793, 3, 3 
41590, 3, 3 
41003, 3, 3 
25078, 3, 3 
4595, 3, 3 
25896, 3, 3 
8946, 3, 3 
48193, 3, 3 
25601, 3, 3 
5683, 3, 3 
21153, 3, 3 
15101, 3, 3 
25855, 3, 3 
298, 3, 3 
51987, 3, 3 
36802, 3, 3 
13225, 3, 3 
32476, 3, 3 
50672, 3, 3 
10330, 3, 3 
27589, 3, 3 
27804, 3, 3 
24883, 3, 3 
39565, 3, 3 
9293, 3, 3 
55093, 3, 3 
50529, 3, 3 
7878, 3, 3 
48311, 3, 3 
57932, 3, 3 
5252, 3, 3 
13181, 3, 3 
49108, 3, 3 
459, 3, 3 
43853, 3, 3 
23527, 3, 3 
59914, 3, 3 
29249, 3, 3 
58667, 3, 3 
29765, 3, 3 
34239, 3, 3 
3400, 3, 3 
22977, 3, 3 
909, 3, 3 
23029, 3, 3 
57635, 3, 3 
24610, 3, 3 
26849, 3, 3 
57207, 3, 3 
14823, 3, 3 
5649, 3, 3 
24278, 3, 3 
5798, 3, 3 
43180, 3, 3 
2092, 3, 3 
7397, 3, 3 
6298, 3, 3 
6687, 3, 3 
21559, 3, 3 
37439, 3, 3 
8192, 3, 3 
19280, 3, 3 
3192, 3, 3 
30962, 3, 3 
43943, 3, 3 
24899, 3, 3 
55231, 3, 3 
45046, 3, 3 
34085, 3, 3 
48291, 3, 3 
15793, 3, 3 
874, 3, 3 
52350, 3, 3 
38239, 3, 3 
18039, 3, 3 
7336, 3, 3 
18919, 3, 3 
20570, 3, 3 
26208, 3, 3 
1474, 3, 3 
10993, 3, 3 
12151, 3, 3 
7497, 3, 3 
11910, 3, 3 
24248, 3, 3 
2834, 3, 3 
22304, 3, 3 
8455, 3, 3 
57660, 3, 3 
27022, 3, 3 
50184, 3, 3 
7065, 3, 3 
31117, 3, 3 
34906, 3, 3 
2564, 3, 3 
47095, 3, 3 
12879, 3, 3 
20616, 3, 3 
21150, 3, 3 
10260, 3, 3 
6906, 3, 3 
10666, 3, 3 
13127, 3, 3 
22149, 3, 3 
43482, 3, 3 
7881, 3, 3 
52415, 3, 3 
43235, 3, 3 
9141, 3, 3 
21099, 3, 3 
15701, 3, 3 
16125, 3, 3 
7698, 3, 3 
35113, 3, 3 
12775, 3, 3 
41994, 3, 3 
41843, 3, 3 
42508, 3, 3 
57523, 3, 3 
44101, 3, 3 
2705, 3, 3 
22374, 3, 3 
59550, 3, 3 
27856, 3, 3 
43353, 3, 3 
11285, 3, 3 
31775, 3, 3 
13417, 3, 3 
54406, 3, 3 
9916, 3, 3 
15785, 3, 3 
44032, 3, 3 
55974, 3, 3 
32025, 3, 3 
40384, 3, 3 
21112, 3, 3 
10743, 3, 3 
57612, 3, 3 
27211, 3, 3 
32790, 3, 3 
5097, 3, 3 
6711, 3, 3 
9443, 3, 3 
17864, 3, 3 
27435, 3, 3 
29045, 3, 3 
17911, 3, 3 
28263, 3, 3 
11556, 3, 3 
50491, 3, 3 
43476, 3, 3 
1668, 3, 3 
47628, 3, 3 
6428, 3, 3 
30040, 3, 3 
31559, 3, 3 
55717, 3, 3 
13352, 3, 3 
45850, 3, 3 
55932, 3, 3 
43456, 3, 3 
46986, 3, 3 
15848, 3, 3 
45321, 3, 3 
10674, 3, 3 
6904, 3, 3 
15377, 3, 3 
17676, 3, 3 
2286, 3, 3 
30105, 3, 3 
36338, 3, 3 
21370, 3, 3 
2541, 3, 3 
27349, 3, 3 
13045, 3, 3 
54531, 3, 3 
12761, 3, 3 
24350, 3, 3 
32539, 3, 3 
12063, 3, 3 
44174, 3, 3 
42355, 3, 3 
10644, 3, 3 
53358, 3, 3 
23955, 3, 3 
49926, 3, 3 
198, 3, 3 
51462, 3, 3 
20670, 3, 3 
38037, 3, 3 
10953, 3, 3 
9413, 3, 3 
15297, 3, 3 
12228, 3, 3 
38989, 3, 3 
14588, 3, 3 
37205, 3, 3 
40109, 3, 3 
39904, 3, 3 
15764, 3, 3 
19116, 3, 3 
11197, 3, 3 
39240, 3, 3 
4461, 3, 3 
46882, 3, 3 
38174, 3, 3 
23119, 3, 3 
18007, 3, 3 
29121, 3, 3 
36515, 3, 3 
19713, 3, 3 
27610, 3, 3 
11979, 3, 3 
58678, 3, 3 
34672, 3, 3 
36078, 3, 3 
28716, 3, 3 
24524, 3, 3 
13965, 3, 3 
49376, 3, 3 
50976, 3, 3 
54291, 3, 3 
46899, 3, 3 
13298, 3, 3 
15261, 3, 3 
54487, 3, 3 
36723, 3, 3 
10994, 3, 3 
40805, 3, 3 
40223, 3, 3 
22271, 3, 3 
17352, 3, 3 
50214, 3, 3 
48587, 3, 3 
54460, 3, 3 
16657, 3, 3 
29528, 3, 3 
40205, 3, 3 
29636, 3, 3 
51522, 3, 3 
25880, 3, 3 
36247, 3, 3 
17629, 3, 3 
40404, 3, 3 
1583, 3, 3 
57441, 3, 3 
29476, 3, 3 
39884, 3, 3 
17496, 3, 3 
6827, 3, 3 
49117, 3, 3 
51947, 3, 3 
44848, 3, 3 
20096, 3, 3 
31409, 3, 3 
32192, 3, 3 
49269, 3, 3 
8014, 3, 3 
52168, 3, 3 
6855, 3, 3 
9620, 3, 3 
51616, 3, 3 
35226, 3, 3 
10887, 3, 3 
42445, 3, 3 
55343, 3, 3 
34316, 3, 3 
38714, 3, 3 
52679, 3, 3 
41053, 3, 3 
49193, 3, 3 
31544, 3, 3 
31021, 3, 3 
41639, 3, 3 
37314, 3, 3 
27078, 3, 3 
59891, 3, 3 
35248, 3, 3 
34898, 3, 3 
2042, 3, 3 
35272, 3, 3 
26187, 3, 3 
26050, 3, 3 
58113, 3, 3 
59394, 3, 3 
8606, 3, 3 
24987, 3, 3 
43256, 3, 3 
54074, 3, 3 
5578, 3, 3 
549, 3, 3 
30644, 3, 3 
46709, 3, 3 
59383, 3, 3 
40683, 3, 3 
43883, 3, 3 
6347, 3, 3 
49732, 3, 3 
45389, 3, 3 
16676, 3, 3 
35143, 3, 3 
54208, 3, 3 
49968, 3, 3 
50330, 3, 3 
3402, 3, 3 
52935, 4, 4 
53820, 4, 4 
13419, 4, 4 
25109, 4, 4 
131, 4, 4 
14257, 4, 4 
34015, 4, 4 
10033, 4, 4 
20251, 4, 4 
7817, 4, 4 
18937, 4, 4 
17238, 4, 4 
16982, 4, 4 
56825, 4, 4 
30447, 4, 4 
49102, 4, 4 
51199, 4, 4 
44523, 4, 4 
31632, 4, 4 
1411, 4, 4 
5217, 4, 4 
44499, 4, 4 
36976, 4, 4 
51423, 4, 4 
24084, 4, 4 
16399, 4, 4 
47211, 4, 4 
57249, 4, 4 
38385, 4, 4 
10789, 4, 4 
15514, 4, 4 
55684, 4, 4 
12948, 4, 4 
27077, 4, 4 
58613, 4, 4 
7459, 4, 4 
33011, 4, 4 
1176, 4, 4 
3290, 4, 4 
438, 4, 4 
847, 4, 4 
10642, 4, 4 
57368, 4, 4 
19520, 4, 4 
17268, 4, 4 
4703, 4, 4 
36017, 4, 4 
57123, 4, 4 
13473, 4, 4 
15299, 4, 4 
49646, 4, 4 
11494, 4, 4 
19561, 4, 4 
48410, 4, 4 
15525, 4, 4 
3018, 4, 4 
34735, 4, 4 
28464, 4, 4 
37986, 4, 4 
33708, 4, 4 
37530, 4, 4 
36222, 4, 4 
53898, 4, 4 
10437, 4, 4 
42484, 4, 4 
6462, 4, 4 
59047, 4, 4 
6608, 4, 4 
33347, 4, 4 
41722, 4, 4 
48957, 4, 4 
53808, 4, 4 
8825, 4, 4 
17740, 4, 4 
914, 4, 4 
43531, 4, 4 
41066, 4, 4 
23583, 4, 4 
11956, 4, 4 
45173, 4, 4 
11131, 4, 4 
20651, 4, 4 
53062, 4, 4 
46232, 4, 4 
32088, 4, 4 
23896, 4, 4 
5445, 4, 4 
59905, 4, 4 
24298, 4, 4 
25260, 4, 4 
54399, 4, 4 
30552, 4, 4 
7280, 4, 4 
49753, 4, 4 
20399, 4, 4 
28614, 4, 4 
15207, 4, 4 
4796, 4, 4 
34022, 4, 4 
9375, 4, 4 
36706, 4, 4 
30835, 4, 4 
5764, 4, 4 
6890, 4, 4 
28588, 4, 4 
13878, 4, 4 
36208, 4, 4 
1537, 4, 4 
34781, 4, 4 
32112, 4, 4 
10695, 4, 4 
37640, 4, 4 
26015, 4, 4 
58895, 4, 4 
40267, 4, 4 
15420, 4, 4 
42770, 4, 4 
26288, 4, 4 
21269, 4, 4 
33958, 4, 4 
10191, 4, 4 
51453, 4, 4 
37487, 4, 4 
49733, 4, 4 
36435, 4, 4 
38710, 4, 4 
15035, 4, 4 
9139, 4, 4 
34192, 4, 4 
6689, 4, 4 
39151, 4, 4 
29818, 4, 4 
22771, 4, 4 
24258, 4, 4 
47771, 4, 4 
28938, 4, 4 
58066, 4, 4 
28028, 4, 4 
11463, 4, 4 
14528, 4, 4 
10313, 4, 4 
32101, 4, 4 
42421, 4, 4 
55860, 4, 4 
16293, 4, 4 
37067, 4, 4 
29885, 4, 4 
20460, 4, 4 
33561, 4, 4 
6656, 4, 4 
47500, 4, 4 
33638, 4, 4 
19637, 4, 4 
49692, 4, 4 
59407, 4, 4 
57417, 4, 4 
38872, 4, 4 
29779, 4, 4 
9388, 4, 4 
24019, 4, 4 
50916, 4, 4 
16612, 4, 4 
32032, 4, 4 
24810, 4, 4 
31340, 4, 4 
51703, 4, 4 
34349, 4, 4 
46234, 4, 4 
15622, 4, 4 
7204, 4, 4 
16225, 4, 4 
6314, 4, 4 
38777, 4, 4 
6536, 4, 4 
26693, 4, 4 
29884, 4, 4 
5155, 4, 4 
44405, 4, 4 
54791, 4, 4 
35183, 4, 4 
35263, 4, 4 
16589, 4, 4 
39636, 4, 4 
6028, 4, 4 
58730, 4, 4 
56970, 4, 4 
42239, 4, 4 
6268, 4, 4 
51155, 4, 4 
41173, 4, 4 
51170, 4, 4 
41298, 4, 4 
36674, 4, 4 
16995, 4, 4 
31539, 4, 4 
2157, 4, 4 
57582, 4, 4 
5118, 4, 4 
21792, 4, 4 
2962, 4, 4 
3631, 4, 4 
35442, 4, 4 
23696, 4, 4 
4417, 4, 4 
29794, 4, 4 
43612, 4, 4 
8317, 4, 4 
40793, 4, 4 
18512, 4, 4 
57569, 4, 4 
34185, 4, 4 
6107, 4, 4 
33792, 4, 4 
45214, 4, 4 
39891, 4, 4 
15784, 4, 4 
50694, 4, 4 
20972, 4, 4 
33554, 4, 4 
31227, 4, 4 
33301, 4, 4 
44233, 4, 4 
37634, 4, 4 
24273, 4, 4 
25662, 4, 4 
45172, 4, 4 
55964, 4, 4 
29638, 4, 4 
52985, 4, 4 
25844, 4, 4 
51081, 4, 4 
16312, 4, 4 
53263, 4, 4 
53990, 4, 4 
53633, 4, 4 
10060, 4, 4 
33563, 4, 4 
39886, 4, 4 
115, 4, 4 
46325, 4, 4 
18582, 4, 4 
31601, 4, 4 
52855, 4, 4 
23411, 4, 4 
36513, 4, 4 
20169, 4, 4 
8874, 4, 4 
25484, 4, 4 
1172, 4, 4 
43487, 4, 4 
26450, 4, 4 
32310, 4, 4 
718, 4, 4 
39063, 4, 4 
4133, 4, 4 
43571, 4, 4 
5038, 4, 4 
30773, 4, 4 
56997, 4, 4 
13340, 4, 4 
46728, 4, 4 
31322, 4, 4 
41159, 4, 4 
59821, 4, 4 
42787, 4, 4 
38284, 4, 4 
27612, 4, 4 
43467, 4, 4 
58919, 4, 4 
35759, 4, 4 
53850, 4, 4 
28089, 4, 4 
32801, 4, 4 
41574, 4, 4 
25180, 4, 4 
42249, 4, 4 
30863, 4, 4 
4102, 4, 4 
48984, 4, 4 
43137, 4, 4 
36795, 4, 4 
43507, 4, 4 
12485, 4, 4 
25293, 4, 4 
22580, 4, 4 
8875, 4, 4 
9385, 4, 4 
56855, 4, 4 
1842, 4, 4 
25093, 4, 4 
10558, 4, 4 
18420, 4, 4 
16389, 4, 4 
49078, 4, 4 
42411, 4, 4 
42653, 4, 4 
47044, 4, 4 
54521, 4, 4 
31315, 4, 4 
48496, 4, 4 
34855, 4, 4 
35551, 4, 4 
29929, 4, 4 
32340, 4, 4 
25438, 4, 4 
27335, 4, 4 
34043, 4, 4 
1094, 4, 4 
21828, 4, 4 
36073, 4, 4 
49513, 4, 4 
46761, 4, 4 
57934, 4, 4 
59772, 4, 4 
4169, 4, 4 
55736, 4, 4 
36773, 4, 4 
31543, 4, 4 
3477, 4, 4 
24929, 4, 4 
23644, 4, 4 
20924, 4, 4 
34947, 4, 4 
5954, 4, 4 
46577, 4, 4 
42895, 4, 4 
59227, 4, 4 
54112, 4, 4 
11627, 4, 4 
24506, 4, 4 
5854, 4, 4 
5410, 4, 4 
41006, 4, 4 
7145, 4, 4 
11629, 4, 4 
50188, 4, 4 
19810, 4, 4 
26890, 4, 4 
33900, 4, 4 
23096, 4, 4 
14905, 4, 4 
23270, 4, 4 
257, 4, 4 
8995, 4, 4 
52279, 4, 4 
28691, 4, 4 
26334, 4, 4 
4730, 4, 4 
15111, 4, 4 
413, 4, 4 
29442, 4, 4 
54778, 4, 4 
37516, 4, 4 
42995, 4, 4 
10338, 4, 4 
11547, 4, 4 
57059, 4, 4 
19192, 4, 4 
46472, 4, 4 
20294, 4, 4 
56143, 4, 4 
56516, 4, 4 
6995, 4, 4 
10241, 4, 4 
1163, 4, 4 
20303, 4, 4 
44464, 4, 4 
19599, 4, 4 
34808, 4, 4 
47608, 4, 4 
57224, 4, 4 
56364, 4, 4 
48942, 4, 4 
29435, 4, 4 
12543, 4, 4 
47413, 4, 4 
2546, 4, 4 
22233, 4, 4 
12384, 4, 4 
11913, 4, 4 
31668, 4, 4 
8208, 4, 4 
11585, 4, 4 
51604, 4, 4 
34240, 4, 4 
54046, 4, 4 
32014, 4, 4 
16942, 4, 4 
54991, 4, 4 
5513, 4, 4 
19059, 4, 4 
57011, 4, 4 
28227, 4, 4 
57127, 4, 4 
57530, 4, 4 
55585, 4, 4 
41125, 4, 4 
9585, 4, 4 
692, 4, 4 
16068, 4, 4 
51382, 4, 4 
54427, 4, 4 
52920, 4, 4 
23636, 4, 4 
40912, 4, 4 
23992, 4, 4 
13683, 4, 4 
8006, 4, 4 
4438, 4, 4 
45982, 4, 4 
5406, 4, 4 
48470, 4, 4 
46561, 4, 4 
54637, 4, 4 
56142, 4, 4 
27495, 4, 4 
48172, 4, 4 
23580, 4, 4 
1840, 4, 4 
39866, 4, 4 
49017, 4, 4 
42042, 4, 4 
57538, 4, 4 
41906, 4, 4 
46112, 4, 4 
23033, 4, 4 
57228, 4, 4 
24669, 4, 4 
24734, 4, 4 
17913, 4, 4 
31501, 4, 4 
9597, 4, 4 
46004, 4, 4 
51939, 4, 4 
7611, 4, 4 
35533, 4, 4 
3439, 4, 4 
13841, 4, 4 
56302, 4, 4 
33626, 4, 4 
39514, 4, 4 
58697, 4, 4 
56330, 4, 4 
23565, 4, 4 
3125, 4, 4 
11044, 4, 4 
52893, 4, 4 
29241, 4, 4 
20525, 4, 4 
36200, 4, 4 
14185, 4, 4 
48779, 4, 4 
53254, 4, 4 
58551, 4, 4 
43858, 4, 4 
47094, 4, 4 
59515, 4, 4 
37000, 4, 4 
55676, 4, 4 
21922, 4, 4 
1380, 4, 4 
14546, 4, 4 
32657, 4, 4 
10462, 4, 4 
55898, 4, 4 
39117, 4, 4 
9362, 4, 4 
5295, 4, 4 
21461, 4, 4 
21448, 4, 4 
11783, 4, 4 
39607, 4, 4 
5482, 4, 4 
12121, 4, 4 
50243, 4, 4 
9431, 4, 4 
16037, 4, 4 
28398, 4, 4 
27267, 4, 4 
21951, 4, 4 
14793, 4, 4 
29418, 4, 4 
44613, 4, 4 
30846, 4, 4 
20287, 4, 4 
46852, 4, 4 
4172, 4, 4 
54294, 4, 4 
22572, 4, 4 
55197, 4, 4 
35314, 4, 4 
8344, 4, 4 
41991, 4, 4 
59376, 4, 4 
38524, 4, 4 
26911, 4, 4 
6990, 4, 4 
53613, 4, 4 
6778, 4, 4 
52909, 4, 4 
3401, 5, 5 
7377, 5, 5 
7137, 5, 5 
59358, 5, 5 
27607, 5, 5 
42338, 5, 5 
13603, 5, 5 
12898, 5, 5 
39085, 5, 5 
19699, 5, 5 
13060, 5, 5 
56630, 5, 5 
17468, 5, 5 
7044, 5, 5 
1325, 5, 5 
54525, 5, 5 
57330, 5, 5 
25096, 5, 5 
28918, 5, 5 
36214, 5, 5 
54470, 5, 5 
48847, 5, 5 
778, 5, 5 
39903, 5, 5 
47130, 5, 5 
38553, 5, 5 
25457, 5, 5 
22942, 5, 5 
36453, 5, 5 
12405, 5, 5 
27100, 5, 5 
14168, 5, 5 
35975, 5, 5 
3944, 5, 5 
17504, 5, 5 
16784, 5, 5 
18326, 5, 5 
59525, 5, 5 
30622, 5, 5 
24408, 5, 5 
49705, 5, 5 
30278, 5, 5 
47098, 5, 5 
24960, 5, 5 
56712, 5, 5 
15206, 5, 5 
25356, 5, 5 
35164, 5, 5 
26204, 5, 5 
38071, 5, 5 
33993, 5, 5 
58569, 5, 5 
48872, 5, 5 
13946, 5, 5 
7739, 5, 5 
36918, 5, 5 
19430, 5, 5 
9344, 5, 5 
10751, 5, 5 
55099, 5, 5 
50919, 5, 5 
57793, 5, 5 
47301, 5, 5 
12684, 5, 5 
59377, 5, 5 
25223, 5, 5 
15975, 5, 5 
50138, 5, 5 
50456, 5, 5 
18591, 5, 5 
44383, 5, 5 
7740, 5, 5 
56033, 5, 5 
18573, 5, 5 
1485, 5, 5 
40534, 5, 5 
23903, 5, 5 
29871, 5, 5 
30918, 5, 5 
54510, 5, 5 
7238, 5, 5 
18366, 5, 5 
10277, 5, 5 
49655, 5, 5 
57462, 5, 5 
10397, 5, 5 
47433, 5, 5 
37375, 5, 5 
30315, 5, 5 
19219, 5, 5 
22073, 5, 5 
26143, 5, 5 
1991, 5, 5 
42761, 5, 5 
44055, 5, 5 
40930, 5, 5 
22720, 5, 5 
11265, 5, 5 
36981, 5, 5 
14048, 5, 5 
10056, 5, 5 
19035, 5, 5 
59269, 5, 5 
45808, 5, 5 
49950, 5, 5 
58731, 5, 5 
53572, 5, 5 
55839, 5, 5 
25468, 5, 5 
13749, 5, 5 
42917, 5, 5 
39410, 5, 5 
30112, 5, 5 
23920, 5, 5 
10904, 5, 5 
43212, 5, 5 
14471, 5, 5 
4974, 5, 5 
19533, 5, 5 
44923, 5, 5 
46331, 5, 5 
13021, 5, 5 
24773, 5, 5 
23514, 5, 5 
26368, 5, 5 
20151, 5, 5 
12449, 5, 5 
29310, 5, 5 
21819, 5, 5 
25603, 5, 5 
16257, 5, 5 
28994, 5, 5 
48856, 5, 5 
20994, 5, 5 
47177, 5, 5 
53829, 5, 5 
12689, 5, 5 
24283, 5, 5 
39502, 5, 5 
54750, 5, 5 
41673, 5, 5 
35515, 5, 5 
48134, 5, 5 
26481, 5, 5 
5617, 5, 5 
27408, 5, 5 
28267, 5, 5 
23200, 5, 5 
45716, 5, 5 
55148, 5, 5 
13958, 5, 5 
5771, 5, 5 
45667, 5, 5 
45160, 5, 5 
30410, 5, 5 
11806, 5, 5 
53759, 5, 5 
21264, 5, 5 
42101, 5, 5 
45582, 5, 5 
24004, 5, 5 
18550, 5, 5 
17920, 5, 5 
10891, 5, 5 
55506, 5, 5 
24716, 5, 5 
45780, 5, 5 
15362, 5, 5 
44263, 5, 5 
22130, 5, 5 
2900, 5, 5 
49455, 5, 5 
2131, 5, 5 
19506, 5, 5 
48564, 5, 5 
54400, 5, 5 
37181, 5, 5 
50734, 5, 5 
8023, 5, 5 
14742, 5, 5 
47683, 5, 5 
22920, 5, 5 
6529, 5, 5 
1413, 5, 5 
26493, 5, 5 
37864, 5, 5 
38254, 5, 5 
37380, 5, 5 
38360, 5, 5 
10749, 5, 5 
9323, 5, 5 
17971, 5, 5 
55225, 5, 5 
48214, 5, 5 
11864, 5, 5 
31590, 5, 5 
41509, 5, 5 
6888, 5, 5 
7531, 5, 5 
13394, 5, 5 
50573, 5, 5 
58989, 5, 5 
11305, 5, 5 
815, 5, 5 
49863, 5, 5 
14917, 5, 5 
5158, 5, 5 
30991, 5, 5 
15781, 5, 5 
47494, 5, 5 
7592, 5, 5 
14085, 5, 5 
29569, 5, 5 
27079, 5, 5 
23906, 5, 5 
57848, 5, 5 
48939, 5, 5 
16844, 5, 5 
4760, 5, 5 
50881, 5, 5 
31158, 5, 5 
44253, 5, 5 
6471, 5, 5 
7368, 5, 5 
44852, 5, 5 
22101, 5, 5 
23927, 5, 5 
12800, 5, 5 
1997, 5, 5 
57168, 5, 5 
39996, 5, 5 
54483, 5, 5 
14862, 5, 5 
10798, 5, 5 
31242, 5, 5 
25521, 5, 5 
50848, 5, 5 
1785, 5, 5 
29308, 5, 5 
45072, 5, 5 
7354, 5, 5 
34431, 5, 5 
53268, 5, 5 
41980, 5, 5 
18347, 5, 5 
46847, 5, 5 
6988, 5, 5 
3859, 5, 5 
59005, 5, 5 
9044, 5, 5 
13345, 5, 5 
16767, 5, 5 
23972, 5, 5 
41522, 5, 5 
45897, 5, 5 
22686, 5, 5 
47543, 5, 5 
2965, 5, 5 
30797, 5, 5 
24180, 5, 5 
40587, 5, 5 
47468, 5, 5 
52195, 5, 5 
28029, 5, 5 
28455, 5, 5 
2428, 5, 5 
55804, 5, 5 
31953, 5, 5 
33294, 5, 5 
29384, 5, 5 
27127, 5, 5 
48659, 5, 5 
48971, 5, 5 
19706, 5, 5 
5752, 5, 5 
56314, 5, 5 
42543, 5, 5 
57852, 5, 5 
44329, 5, 5 
21558, 5, 5 
38959, 5, 5 
15118, 5, 5 
31302, 5, 5 
27002, 5, 5 
12540, 5, 5 
175, 5, 5 
33690, 5, 5 
6096, 5, 5 
2268, 5, 5 
48094, 5, 5 
7595, 5, 5 
5873, 5, 5 
10578, 5, 5 
44781, 5, 5 
18476, 5, 5 
4247, 5, 5 
5904, 5, 5 
36087, 5, 5 
44662, 5, 5 
31821, 5, 5 
8945, 5, 5 
39015, 5, 5 
47591, 5, 5 
41933, 5, 5 
17558, 5, 5 
25720, 5, 5 
38604, 5, 5 
20034, 5, 5 
45534, 5, 5 
55902, 5, 5 
31819, 5, 5 
9647, 5, 5 
9646, 5, 5 
31086, 5, 5 
31186, 5, 5 
31649, 5, 5 
54302, 5, 5 
1285, 5, 5 
21244, 5, 5 
54507, 5, 5 
31344, 5, 5 
29248, 5, 5 
22556, 5, 5 
31644, 5, 5 
15579, 5, 5 
3921, 5, 5 
30928, 5, 5 
35029, 5, 5 
43587, 5, 5 
13232, 5, 5 
2000, 5, 5 
51176, 5, 5 
34137, 5, 5 
58085, 5, 5 
56566, 5, 5 
12821, 5, 5 
36544, 5, 5 
11725, 5, 5 
34002, 5, 5 
3682, 5, 5 
53200, 5, 5 
31346, 5, 5 
1752, 5, 5 
19436, 5, 5 
31010, 5, 5 
11674, 5, 5 
32168, 5, 5 
20890, 5, 5 
2622, 5, 5 
58375, 5, 5 
53352, 5, 5 
2758, 5, 5 
42372, 5, 5 
4908, 5, 5 
4786, 5, 5 
27431, 5, 5 
29155, 5, 5 
41587, 5, 5 
19160, 5, 5 
26331, 5, 5 
39468, 5, 5 
25178, 5, 5 
56666, 5, 5 
52190, 5, 5 
2258, 5, 5 
45292, 5, 5 
39629, 5, 5 
41312, 5, 5 
2946, 5, 5 
49631, 5, 5 
34811, 5, 5 
34187, 5, 5 
18018, 5, 5 
24708, 5, 5 
49759, 5, 5 
50497, 5, 5 
44488, 5, 5 
18254, 5, 5 
33973, 5, 5 
50602, 5, 5 
33352, 5, 5 
13279, 5, 5 
21914, 5, 5 
47021, 5, 5 
40840, 5, 5 
51775, 5, 5 
40172, 5, 5 
13040, 5, 5 
50320, 5, 5 
55909, 5, 5 
55414, 5, 5 
39745, 5, 5 
40776, 5, 5 
50939, 5, 5 
53642, 5, 5 
11659, 5, 5 
12937, 5, 5 
20878, 5, 5 
16908, 5, 5 
7144, 5, 5 
42085, 5, 5 
1824, 5, 5 
20381, 5, 5 
33598, 5, 5 
1635, 5, 5 
10226, 5, 5 
41693, 5, 5 
3613, 5, 5 
33216, 5, 5 
2544, 5, 5 
30262, 5, 5 
50430, 5, 5 
26901, 5, 5 
40759, 5, 5 
17024, 5, 5 
29264, 5, 5 
21079, 5, 5 
51852, 5, 5 
25240, 5, 5 
25391, 5, 5 
39311, 5, 5 
3801, 5, 5 
41049, 5, 5 
34996, 5, 5 
24402, 5, 5 
45875, 5, 5 
3216, 5, 5 
27767, 5, 5 
30595, 5, 5 
5211, 5, 5 
4168, 5, 5 
42387, 5, 5 
8646, 5, 5 
53292, 5, 5 
52737, 5, 5 
51511, 5, 5 
1670, 5, 5 
3205, 5, 5 
42760, 5, 5 
32547, 5, 5 
44793, 5, 5 
19173, 5, 5 
23496, 5, 5 
27422, 5, 5 
35650, 5, 5 
35858, 5, 5 
24439, 5, 5 
48731, 5, 5 
10008, 5, 5 
59216, 5, 5 
15415, 5, 5 
38675, 5, 5 
21276, 5, 5 
56063, 5, 5 
39556, 5, 5 
12386, 5, 5 
19702, 5, 5 
58814, 5, 5 
59584, 5, 5 
22680, 5, 5 
912, 5, 5 
59576, 5, 5 
52507, 5, 5 
1104, 5, 5 
38610, 5, 5 
5027, 5, 5 
32758, 5, 5 
15880, 5, 5 
42560, 5, 5 
43957, 5, 5 
56262, 5, 5 
2968, 5, 5 
6431, 5, 5 
57789, 5, 5 
18470, 5, 5 
32815, 5, 5 
31149, 5, 5 
19797, 5, 5 
57593, 5, 5 
5606, 5, 5 
39923, 5, 5 
19083, 5, 5 
53356, 5, 5 
13460, 5, 5 
23923, 5, 5 
18808, 5, 5 
37070, 5, 5 
28254, 5, 5 
22396, 5, 5 
32566, 5, 5 
45344, 5, 5 
37842, 5, 5 
259, 5, 5 
50383, 5, 5 
56587, 5, 5 
7639, 5, 5 
37749, 5, 5 
42641, 5, 5 
40291, 5, 5 
14100, 5, 5 
1669, 6, 6 
5290, 6, 6 
4934, 6, 6 
58911, 6, 6 
23594, 6, 6 
17001, 6, 6 
32754, 6, 6 
12523, 6, 6 
1113, 6, 6 
42395, 6, 6 
55770, 6, 6 
37523, 6, 6 
53553, 6, 6 
54523, 6, 6 
53775, 6, 6 
41746, 6, 6 
45630, 6, 6 
401, 6, 6 
7273, 6, 6 
40717, 6, 6 
45447, 6, 6 
56845, 6, 6 
35566, 6, 6 
20173, 6, 6 
32140, 6, 6 
9943, 6, 6 
29330, 6, 6 
44697, 6, 6 
48714, 6, 6 
11592, 6, 6 
41273, 6, 6 
50793, 6, 6 
49626, 6, 6 
26955, 6, 6 
9818, 6, 6 
12759, 6, 6 
35099, 6, 6 
16335, 6, 6 
50666, 6, 6 
36698, 6, 6 
5466, 6, 6 
38318, 6, 6 
34765, 6, 6 
9389, 6, 6 
29548, 6, 6 
22789, 6, 6 
20656, 6, 6 
6982, 6, 6 
58770, 6, 6 
7662, 6, 6 
25338, 6, 6 
12402, 6, 6 
55166, 6, 6 
12354, 6, 6 
1393, 6, 6 
46590, 6, 6 
43640, 6, 6 
44337, 6, 6 
52742, 6, 6 
3053, 6, 6 
2259, 6, 6 
7815, 6, 6 
8908, 6, 6 
32230, 6, 6 
9090, 6, 6 
27796, 6, 6 
8733, 6, 6 
48918, 6, 6 
9526, 6, 6 
6673, 6, 6 
52265, 6, 6 
33550, 6, 6 
23688, 6, 6 
10991, 6, 6 
55754, 6, 6 
26285, 6, 6 
56937, 6, 6 
33401, 6, 6 
23780, 6, 6 
256, 6, 6 
50002, 6, 6 
11316, 6, 6 
45755, 6, 6 
13245, 6, 6 
40894, 6, 6 
9921, 6, 6 
51619, 6, 6 
14721, 6, 6 
13621, 6, 6 
39815, 6, 6 
33564, 6, 6 
58354, 6, 6 
10229, 6, 6 
34456, 6, 6 
2291, 6, 6 
27807, 6, 6 
18177, 6, 6 
20663, 6, 6 
58766, 6, 6 
37421, 6, 6 
50503, 6, 6 
15450, 6, 6 
27965, 6, 6 
49510, 6, 6 
51427, 6, 6 
30687, 6, 6 
21684, 6, 6 
50934, 6, 6 
22009, 6, 6 
27624, 6, 6 
10617, 6, 6 
19851, 6, 6 
26453, 6, 6 
21745, 6, 6 
33751, 6, 6 
28797, 6, 6 
38352, 6, 6 
41848, 6, 6 
9295, 6, 6 
8870, 6, 6 
3098, 6, 6 
35883, 6, 6 
17416, 6, 6 
16632, 6, 6 
37218, 6, 6 
28698, 6, 6 
38176, 6, 6 
54717, 6, 6 
5600, 6, 6 
48590, 6, 6 
23453, 6, 6 
31339, 6, 6 
16830, 6, 6 
55956, 6, 6 
19274, 6, 6 
44078, 6, 6 
24577, 6, 6 
55367, 6, 6 
24569, 6, 6 
9574, 6, 6 
55533, 6, 6 
37576, 6, 6 
42591, 6, 6 
12023, 6, 6 
39388, 6, 6 
25047, 6, 6 
32978, 6, 6 
45113, 6, 6 
43061, 6, 6 
16788, 6, 6 
50619, 6, 6 
32464, 6, 6 
39121, 6, 6 
50108, 6, 6 
41726, 6, 6 
11483, 6, 6 
31289, 6, 6 
48437, 6, 6 
38754, 6, 6 
50670, 6, 6 
31212, 6, 6 
24522, 6, 6 
49478, 6, 6 
27243, 6, 6 
1139, 6, 6 
15961, 6, 6 
43795, 6, 6 
11985, 6, 6 
25219, 6, 6 
55742, 6, 6 
23358, 6, 6 
56446, 6, 6 
58488, 6, 6 
43437, 6, 6 
3939, 6, 6 
25108, 6, 6 
10164, 6, 6 
23233, 6, 6 
43767, 6, 6 
42785, 6, 6 
5566, 6, 6 
56455, 6, 6 
46088, 6, 6 
32241, 6, 6 
39650, 6, 6 
46043, 6, 6 
58869, 6, 6 
47713, 6, 6 
15370, 6, 6 
11803, 6, 6 
57823, 6, 6 
6553, 6, 6 
53949, 6, 6 
19627, 6, 6 
19762, 6, 6 
26396, 6, 6 
106, 6, 6 
10950, 6, 6 
50289, 6, 6 
54572, 6, 6 
32927, 6, 6 
41500, 6, 6 
48082, 6, 6 
7015, 6, 6 
30557, 6, 6 
38219, 6, 6 
19678, 6, 6 
2588, 6, 6 
17284, 6, 6 
52069, 6, 6 
54403, 6, 6 
8774, 6, 6 
14423, 6, 6 
15924, 6, 6 
1567, 6, 6 
50888, 6, 6 
29838, 6, 6 
53993, 6, 6 
21844, 6, 6 
28339, 6, 6 
22618, 6, 6 
58382, 6, 6 
7434, 6, 6 
19970, 6, 6 
2300, 6, 6 
49153, 6, 6 
13220, 6, 6 
28302, 6, 6 
44331, 6, 6 
7294, 6, 6 
55162, 6, 6 
28027, 6, 6 
33227, 6, 6 
46382, 6, 6 
42723, 6, 6 
50610, 6, 6 
7785, 6, 6 
21753, 6, 6 
50125, 6, 6 
20764, 6, 6 
33735, 6, 6 
17332, 6, 6 
1792, 6, 6 
2523, 6, 6 
41351, 6, 6 
54420, 6, 6 
17168, 6, 6 
57719, 6, 6 
26521, 6, 6 
6551, 6, 6 
24037, 6, 6 
17623, 6, 6 
56210, 6, 6 
51711, 6, 6 
1323, 6, 6 
12980, 6, 6 
31343, 6, 6 
35575, 6, 6 
54215, 6, 6 
17788, 6, 6 
42922, 6, 6 
33063, 6, 6 
7581, 6, 6 
10503, 6, 6 
13595, 6, 6 
565, 6, 6 
55213, 6, 6 
50618, 6, 6 
15960, 6, 6 
17953, 6, 6 
35601, 6, 6 
44250, 6, 6 
27981, 6, 6 
10442, 6, 6 
51179, 6, 6 
20168, 6, 6 
45080, 6, 6 
30648, 6, 6 
18447, 6, 6 
36274, 6, 6 
58246, 6, 6 
45640, 6, 6 
28400, 6, 6 
55841, 6, 6 
33588, 6, 6 
14256, 6, 6 
11699, 6, 6 
50584, 6, 6 
3559, 6, 6 
28798, 6, 6 
26393, 6, 6 
36616, 6, 6 
24963, 6, 6 
59848, 6, 6 
25944, 6, 6 
21821, 6, 6 
7111, 6, 6 
22830, 6, 6 
24779, 6, 6 
38156, 6, 6 
3736, 6, 6 
36254, 6, 6 
2822, 6, 6 
9174, 6, 6 
38367, 6, 6 
30279, 6, 6 
21185, 6, 6 
18957, 6, 6 
32255, 6, 6 
54539, 6, 6 
30182, 6, 6 
13306, 6, 6 
9460, 6, 6 
15875, 6, 6 
55738, 6, 6 
1117, 6, 6 
57218, 6, 6 
19661, 6, 6 
47774, 6, 6 
59206, 6, 6 
40676, 6, 6 
57577, 6, 6 
7490, 6, 6 
34285, 6, 6 
19947, 6, 6 
48689, 6, 6 
15978, 6, 6 
1562, 6, 6 
19873, 6, 6 
41170, 6, 6 
10440, 6, 6 
42143, 6, 6 
30857, 6, 6 
18608, 6, 6 
39632, 6, 6 
5274, 6, 6 
846, 6, 6 
12866, 6, 6 
19040, 6, 6 
49456, 6, 6 
20603, 6, 6 
41303, 6, 6 
38915, 6, 6 
27962, 6, 6 
15303, 6, 6 
13780, 6, 6 
49505, 6, 6 
506, 6, 6 
57456, 6, 6 
5230, 6, 6 
45569, 6, 6 
38642, 6, 6 
17083, 6, 6 
16728, 6, 6 
21061, 6, 6 
32868, 6, 6 
16998, 6, 6 
51485, 6, 6 
12728, 6, 6 
23228, 6, 6 
10930, 6, 6 
40367, 6, 6 
29644, 6, 6 
52054, 6, 6 
2365, 6, 6 
5766, 6, 6 
44503, 6, 6 
14399, 6, 6 
58922, 6, 6 
59345, 6, 6 
11289, 6, 6 
6807, 6, 6 
5682, 6, 6 
48958, 6, 6 
9016, 6, 6 
25541, 6, 6 
8770, 6, 6 
56182, 6, 6 
13035, 6, 6 
34859, 6, 6 
11327, 6, 6 
17199, 6, 6 
49084, 6, 6 
47277, 6, 6 
11189, 6, 6 
10980, 6, 6 
19309, 6, 6 
25337, 6, 6 
29147, 6, 6 
204, 6, 6 
25771, 6, 6 
42843, 6, 6 
6178, 6, 6 
49769, 6, 6 
41876, 6, 6 
36344, 6, 6 
31654, 6, 6 
28905, 6, 6 
28177, 6, 6 
3036, 6, 6 
43807, 6, 6 
38394, 6, 6 
12567, 6, 6 
58598, 6, 6 
27382, 6, 6 
54172, 6, 6 
42207, 6, 6 
46218, 6, 6 
49233, 6, 6 
31411, 6, 6 
21404, 6, 6 
41790, 6, 6 
47162, 6, 6 
23179, 6, 6 
20503, 6, 6 
27991, 6, 6 
27769, 6, 6 
58055, 6, 6 
10956, 6, 6 
35424, 6, 6 
25271, 6, 6 
6799, 6, 6 
57691, 6, 6 
10289, 6, 6 
39747, 6, 6 
49915, 6, 6 
6000, 6, 6 
14576, 6, 6 
38780, 6, 6 
45510, 6, 6 
5405, 6, 6 
45127, 6, 6 
48636, 6, 6 
29048, 6, 6 
11828, 6, 6 
40036, 6, 6 
35578, 6, 6 
11117, 6, 6 
22944, 6, 6 
25467, 6, 6 
33486, 6, 6 
48823, 6, 6 
1553, 6, 6 
10149, 6, 6 
29079, 6, 6 
39165, 6, 6 
2479, 6, 6 
5671, 6, 6 
20806, 6, 6 
44128, 6, 6 
27217, 6, 6 
12450, 6, 6 
24474, 6, 6 
45635, 6, 6 
36144, 6, 6 
13860, 6, 6 
37990, 6, 6 
46804, 6, 6 
25204, 6, 6 
27303, 6, 6 
51661, 6, 6 
51370, 6, 6 
26402, 6, 6 
32477, 6, 6 
20324, 6, 6 
7206, 6, 6 
51788, 6, 6 
52806, 6, 6 
26186, 6, 6 
39475, 6, 6 
2239, 6, 6 
18907, 6, 6 
1182, 6, 6 
15004, 6, 6 
53331, 6, 6 
23107, 6, 6 
17510, 6, 6 
19228, 6, 6 
50266, 6, 6 
22074, 6, 6 
15404, 6, 6 
56830, 6, 6 
55615, 6, 6 
4520, 6, 6 
22035, 6, 6 
7096, 6, 6 
18821, 6, 6 
49258, 6, 6 
14500, 6, 6 
54227, 6, 6 
5920, 6, 6 
16599, 6, 6 
11952, 6, 6 
47084, 6, 6 
2113, 6, 6 
51066, 6, 6 
49418, 6, 6 
21452, 6, 6 
10053, 6, 6 
32938, 6, 6 
3899, 7, 7 
19812, 7, 7 
18734, 7, 7 
49551, 7, 7 
43179, 7, 7 
45583, 7, 7 
21405, 7, 7 
19572, 7, 7 
49301, 7, 7 
56756, 7, 7 
5214, 7, 7 
46202, 7, 7 
47337, 7, 7 
12233, 7, 7 
5959, 7, 7 
48923, 7, 7 
46278, 7, 7 
56567, 7, 7 
41054, 7, 7 
52701, 7, 7 
31547, 7, 7 
53694, 7, 7 
39845, 7, 7 
32004, 7, 7 
13192, 7, 7 
7769, 7, 7 
36512, 7, 7 
28852, 7, 7 
30190, 7, 7 
21700, 7, 7 
32215, 7, 7 
42016, 7, 7 
14833, 7, 7 
43628, 7, 7 
28106, 7, 7 
1491, 7, 7 
21885, 7, 7 
12806, 7, 7 
41530, 7, 7 
10911, 7, 7 
48787, 7, 7 
58614, 7, 7 
31374, 7, 7 
33582, 7, 7 
27716, 7, 7 
58109, 7, 7 
7309, 7, 7 
42592, 7, 7 
42320, 7, 7 
25693, 7, 7 
42403, 7, 7 
14954, 7, 2 
25350, 7, 7 
24207, 7, 7 
17974, 7, 7 
51205, 7, 7 
6241, 7, 7 
30294, 7, 7 
10640, 7, 7 
26056, 7, 7 
28885, 7, 7 
18810, 7, 2 
56451, 7, 7 
53392, 7, 7 
54212, 7, 7 
3507, 7, 7 
40216, 7, 7 
10989, 7, 7 
22314, 7, 7 
25155, 7, 7 
53478, 7, 7 
41250, 7, 7 
30339, 7, 7 
36398, 7, 7 
53023, 7, 7 
53770, 7, 7 
686, 7, 7 
3469, 7, 7 
22498, 7, 7 
4394, 7, 7 
1023, 7, 7 
12970, 7, 7 
38338, 7, 7 
36139, 7, 7 
8167, 7, 7 
32247, 7, 7 
58480, 7, 7 
38026, 7, 7 
31910, 7, 7 
44297, 7, 7 
23248, 7, 7 
50763, 7, 7 
9223, 7, 7 
11247, 7, 7 
42204, 7, 7 
44417, 7, 7 
40338, 7, 7 
57504, 7, 7 
14114, 7, 7 
44595, 7, 7 
4372, 7, 7 
11660, 7, 7 
4422, 7, 7 
16700, 7, 7 
56131, 7, 7 
28229, 7, 7 
2881, 7, 7 
43160, 7, 7 
25314, 7, 7 
30250, 7, 2 
44577, 7, 7 
38556, 7, 7 
57367, 7, 7 
19949, 7, 7 
49523, 7, 7 
45054, 7, 7 
32197, 7, 7 
12730, 7, 7 
44832, 7, 7 
50426, 7, 7 
45530, 7, 7 
1225, 7, 7 
37494, 7, 7 
11130, 7, 7 
38015, 7, 7 
45411, 7, 7 
3463, 7, 7 
8698, 7, 7 
14841, 7, 7 
53702, 7, 7 
34410, 7, 7 
21148, 7, 7 
59370, 7, 7 
10019, 7, 7 
55668, 7, 7 
50351, 7, 7 
55486, 7, 7 
3747, 7, 7 
36925, 7, 7 
35998, 7, 7 
26337, 7, 7 
38269, 7, 7 
56346, 7, 7 
48515, 7, 7 
14563, 7, 7 
22570, 7, 7 
42169, 7, 7 
4141, 7, 7 
51879, 7, 7 
9143, 7, 7 
651, 7, 7 
27005, 7, 7 
4964, 7, 7 
21662, 7, 7 
16966, 7, 7 
16842, 7, 7 
28270, 7, 7 
51335, 7, 7 
42549, 7, 7 
45333, 7, 7 
11400, 7, 7 
55750, 7, 7 
42164, 7, 7 
22921, 7, 7 
1322, 7, 7 
51180, 7, 7 
15849, 7, 7 
34317, 7, 7 
38943, 7, 7 
44912, 7, 7 
4330, 7, 7 
4432, 7, 7 
14777, 7, 7 
13382, 7, 7 
29727, 7, 7 
27219, 7, 7 
27373, 7, 7 
6046, 7, 7 
24662, 7, 7 
56426, 7, 7 
27507, 7, 7 
32028, 7, 7 
54818, 7, 7 
10131, 7, 7 
9276, 7, 7 
48878, 7, 7 
32599, 7, 7 
52113, 7, 7 
37770, 7, 2 
13786, 7, 7 
6600, 7, 7 
54691, 7, 7 
22858, 7, 7 
43969, 7, 7 
19379, 7, 7 
15019, 7, 7 
21464, 7, 7 
23787, 7, 7 
35553, 7, 7 
15818, 7, 7 
37706, 7, 7 
4661, 7, 7 
33885, 7, 7 
2297, 7, 7 
34774, 7, 7 
57044, 7, 7 
32515, 7, 7 
14022, 7, 7 
6740, 7, 7 
30310, 7, 7 
3887, 7, 7 
50244, 7, 7 
37713, 7, 7 
46076, 7, 7 
34528, 7, 7 
41236, 7, 7 
41088, 7, 7 
43483, 7, 7 
4042, 7, 7 
53441, 7, 7 
29954, 7, 7 
19511, 7, 7 
4875, 7, 7 
35839, 7, 7 
44835, 7, 7 
24382, 7, 7 
24652, 7, 7 
52052, 7, 7 
17800, 7, 7 
20019, 7, 7 
58197, 7, 7 
8990, 7, 7 
13244, 7, 7 
28207, 7, 7 
38505, 7, 7 
41362, 7, 7 
24928, 7, 7 
14832, 7, 7 
45397, 7, 7 
17946, 7, 7 
11689, 7, 2 
47062, 7, 7 
7418, 7, 7 
49472, 7, 7 
32888, 7, 7 
25985, 7, 7 
22588, 7, 7 
14242, 7, 7 
8130, 7, 7 
49136, 7, 7 
18513, 7, 7 
3228, 7, 7 
48247, 7, 7 
33838, 7, 7 
4907, 7, 7 
49093, 7, 7 
48315, 7, 7 
6014, 7, 7 
57925, 7, 3 
35549, 7, 7 
31731, 7, 7 
14536, 7, 7 
24583, 7, 7 
29277, 7, 7 
23941, 7, 7 
14246, 7, 7 
58497, 7, 7 
55034, 7, 7 
16710, 7, 7 
40368, 7, 7 
41325, 7, 7 
46031, 7, 7 
3780, 7, 7 
50021, 7, 7 
2706, 7, 7 
14586, 7, 7 
1326, 7, 7 
23021, 7, 7 
50920, 7, 7 
14299, 7, 7 
22740, 7, 7 
5049, 7, 7 
39835, 7, 7 
57372, 7, 7 
17935, 7, 7 
27945, 7, 7 
52235, 7, 7 
21518, 7, 7 
53183, 7, 7 
40730, 7, 7 
41779, 7, 7 
17649, 7, 7 
42030, 7, 7 
54561, 7, 7 
54066, 7, 7 
45715, 7, 7 
32655, 7, 7 
17963, 7, 7 
11594, 7, 7 
15824, 7, 7 
46457, 7, 7 
59812, 7, 7 
5716, 7, 7 
48259, 7, 7 
40783, 7, 7 
30759, 7, 7 
19929, 7, 7 
20032, 7, 7 
16316, 7, 7 
53113, 7, 7 
26274, 7, 7 
34939, 7, 7 
48100, 7, 7 
45392, 7, 7 
33430, 7, 7 
18753, 7, 7 
19283, 7, 7 
44949, 7, 7 
39760, 7, 7 
11595, 7, 7 
58836, 7, 7 
57980, 7, 7 
31439, 7, 7 
59871, 7, 7 
31997, 7, 7 
19527, 7, 7 
2609, 7, 7 
25833, 7, 7 
28012, 7, 7 
39913, 7, 7 
45310, 7, 7 
13599, 7, 7 
6378, 7, 7 
39048, 7, 7 
55466, 7, 7 
34518, 7, 7 
5326, 7, 7 
14930, 7, 7 
38075, 7, 7 
53171, 7, 7 
17306, 7, 7 
14866, 7, 7 
25817, 7, 7 
48869, 7, 7 
20422, 7, 7 
27827, 7, 7 
25797, 7, 7 
20277, 7, 7 
48955, 7, 7 
56850, 7, 7 
640, 7, 7 
19054, 7, 7 
12865, 7, 7 
24325, 7, 7 
24975, 7, 7 
15589, 7, 7 
16194, 7, 7 
39314, 7, 7 
10788, 7, 7 
35177, 7, 7 
47775, 7, 7 
45004, 7, 7 
36954, 7, 7 
9086, 7, 7 
4545, 7, 7 
32700, 7, 7 
44626, 7, 7 
4358, 7, 7 
57285, 7, 7 
24171, 7, 7 
26705, 7, 7 
25062, 7, 7 
6088, 7, 7 
45192, 7, 7 
51568, 7, 7 
51832, 7, 7 
56017, 7, 2 
44254, 7, 7 
57255, 7, 7 
46248, 7, 7 
30531, 7, 7 
16197, 7, 7 
57445, 7, 7 
8196, 7, 7 
16454, 7, 7 
23068, 7, 7 
24131, 7, 7 
42415, 7, 7 
36365, 7, 7 
28624, 7, 7 
25525, 7, 7 
58425, 7, 7 
22005, 7, 7 
1953, 7, 7 
2984, 7, 7 
26756, 7, 3 
49385, 7, 7 
10002, 7, 7 
54925, 7, 7 
35560, 7, 7 
15494, 7, 7 
38, 7, 7 
32120, 7, 7 
223, 7, 7 
17007, 7, 7 
39013, 7, 7 
54632, 7, 7 
18449, 7, 7 
59561, 7, 7 
853, 7, 7 
19153, 7, 7 
23666, 7, 7 
43087, 7, 7 
51523, 7, 7 
49119, 7, 7 
13540, 7, 7 
29296, 7, 7 
37090, 7, 7 
50655, 7, 7 
27970, 7, 7 
23711, 7, 7 
12982, 7, 7 
44062, 7, 7 
49485, 7, 7 
55971, 7, 7 
34702, 7, 7 
54115, 7, 7 
58589, 7, 7 
59842, 7, 7 
52568, 7, 7 
30428, 7, 7 
4061, 7, 7 
31614, 7, 7 
59602, 7, 7 
34178, 7, 7 
51141, 7, 7 
42811, 7, 7 
44853, 7, 7 
7961, 7, 7 
37987, 7, 7 
50520, 7, 7 
49531, 7, 7 
42410, 7, 7 
3992, 7, 7 
7694, 7, 7 
9343, 7, 7 
32363, 7, 7 
25021, 7, 7 
19838, 7, 7 
33234, 7, 7 
40430, 7, 7 
6915, 7, 7 
47596, 7, 7 
59767, 7, 7 
12896, 7, 7 
23155, 7, 7 
7017, 7, 7 
21437, 7, 7 
9082, 7, 7 
42004, 7, 3 
21386, 7, 7 
2618, 7, 7 
23178, 7, 7 
39729, 7, 7 
599, 7, 7 
8362, 7, 7 
57282, 7, 7 
52261, 7, 7 
54497, 7, 7 
42573, 7, 7 
49958, 7, 7 
3618, 7, 7 
47879, 7, 7 
28697, 7, 7 
158, 7, 7 
40810, 7, 7 
21803, 7, 7 
51344, 7, 7 
4551, 7, 7 
34386, 7, 7 
40681, 7, 7 
41379, 7, 7 
32819, 7, 7 
17068, 7, 7 
25639, 7, 7 
51766, 7, 7 
31715, 7, 7 
33431, 7, 7 
49372, 7, 7 
2118, 7, 7 
29463, 7, 7 
4242, 7, 7 
4842, 7, 7 
58907, 7, 7 
2676, 7, 2 
37107, 7, 7 
43956, 7, 7 
14969, 7, 7 
6132, 7, 7 
52991, 7, 7 
57379, 8, 8 
22201, 8, 8 
34029, 8, 8 
11827, 8, 8 
57174, 8, 8 
53640, 8, 8 
44579, 8, 8 
53090, 8, 8 
46270, 8, 8 
43321, 8, 8 
144, 8, 8 
5775, 8, 8 
25545, 8, 8 
34842, 8, 8 
559, 8, 8 
29691, 8, 8 
9079, 8, 8 
20204, 8, 8 
25879, 8, 8 
50860, 8, 8 
14808, 8, 8 
20819, 8, 8 
12782, 8, 8 
14908, 8, 8 
35997, 8, 8 
47882, 8, 8 
36034, 8, 8 
1745, 8, 8 
52954, 8, 8 
23602, 8, 8 
42196, 8, 8 
7101, 8, 8 
1013, 8, 8 
23086, 8, 8 
39149, 8, 8 
40146, 8, 8 
54327, 8, 8 
10281, 8, 8 
51601, 8, 8 
46764, 8, 8 
3502, 8, 8 
6924, 8, 8 
43846, 8, 8 
51732, 8, 8 
20973, 8, 8 
28694, 8, 8 
58384, 8, 8 
52067, 8, 8 
41481, 8, 8 
31313, 8, 8 
8047, 8, 8 
6240, 8, 8 
40645, 8, 8 
10358, 8, 8 
44875, 8, 8 
54054, 8, 8 
27185, 8, 8 
11161, 8, 8 
39478, 8, 8 
59280, 8, 8 
14872, 8, 8 
22507, 8, 8 
8951, 8, 8 
25341, 8, 8 
35706, 8, 8 
23537, 8, 8 
48280, 8, 8 
25018, 8, 8 
30661, 8, 8 
36529, 8, 8 
23729, 8, 8 
9557, 8, 8 
27118, 8, 8 
7297, 8, 8 
9732, 8, 8 
19489, 8, 8 
11331, 8, 8 
59803, 8, 8 
7136, 8, 8 
28433, 8, 8 
2682, 8, 8 
45874, 8, 8 
35251, 8, 8 
2668, 8, 8 
22079, 8, 8 
9521, 8, 8 
24457, 8, 8 
48739, 8, 8 
22320, 8, 8 
23461, 8, 8 
43290, 8, 8 
6808, 8, 8 
14831, 8, 8 
51009, 8, 8 
2555, 8, 8 
38863, 8, 8 
12288, 8, 8 
2013, 8, 8 
59627, 8, 8 
42060, 8, 8 
23405, 8, 8 
57216, 8, 8 
55146, 8, 8 
32093, 8, 8 
24578, 8, 8 
1773, 8, 8 
49704, 8, 8 
51850, 8, 8 
58674, 8, 8 
20328, 8, 8 
21282, 8, 8 
26351, 8, 8 
4084, 8, 8 
16955, 8, 8 
1804, 8, 8 
14494, 8, 8 
18623, 8, 8 
22119, 8, 3 
57772, 8, 8 
34107, 8, 8 
28247, 8, 8 
38588, 8, 8 
52401, 8, 8 
25360, 8, 8 
10061, 8, 8 
57988, 8, 8 
43656, 8, 8 
16688, 8, 8 
37600, 8, 8 
16486, 8, 8 
39994, 8, 8 
14170, 8, 8 
48223, 8, 8 
57332, 8, 8 
33019, 8, 8 
59950, 8, 8 
7141, 8, 8 
50626, 8, 8 
7329, 8, 8 
45270, 8, 8 
35300, 8, 8 
10041, 8, 8 
47008, 8, 8 
7995, 8, 8 
6093, 8, 8 
3168, 8, 8 
19889, 8, 8 
58817, 8, 8 
35237, 8, 8 
51878, 8, 8 
32259, 8, 8 
40138, 8, 8 
15599, 8, 8 
44624, 8, 8 
2067, 8, 8 
24740, 8, 8 
5376, 8, 8 
5030, 8, 8 
45849, 8, 8 
2444, 8, 8 
5474, 8, 8 
25236, 8, 8 
539, 8, 8 
23865, 8, 8 
22365, 8, 8 
31, 8, 8 
58969, 8, 8 
16182, 8, 8 
32806, 8, 8 
26023, 8, 8 
20732, 8, 8 
43880, 8, 8 
37704, 8, 8 
26273, 8, 8 
20352, 8, 8 
15723, 8, 8 
5521, 8, 8 
51411, 8, 8 
37924, 8, 8 
20157, 8, 8 
36727, 8, 8 
26672, 8, 8 
11241, 8, 8 
33476, 8, 8 
32127, 8, 8 
16897, 8, 8 
21183, 8, 8 
53099, 8, 8 
40673, 8, 8 
33827, 8, 8 
19065, 8, 8 
26543, 8, 8 
30919, 8, 8 
53092, 8, 8 
33198, 8, 8 
40437, 8, 8 
26773, 8, 8 
29656, 8, 8 
53485, 8, 8 
25388, 8, 8 
38566, 8, 8 
27513, 8, 8 
59967, 8, 8 
18835, 8, 8 
53659, 8, 8 
38870, 8, 8 
34766, 8, 8 
1101, 8, 8 
11998, 8, 8 
51615, 8, 8 
42576, 8, 8 
26660, 8, 8 
40945, 8, 8 
48003, 8, 8 
10856, 8, 8 
31087, 8, 8 
24359, 8, 8 
2016, 8, 8 
10817, 8, 8 
36681, 8, 8 
26605, 8, 8 
35788, 8, 8 
352, 8, 8 
30781, 8, 8 
49563, 8, 8 
48828, 8, 8 
15522, 8, 8 
9125, 8, 8 
10738, 8, 8 
7836, 8, 8 
35841, 8, 8 
39764, 8, 8 
30407, 8, 8 
50306, 8, 8 
16870, 8, 8 
57515, 8, 8 
31474, 8, 8 
9208, 8, 8 
37396, 8, 8 
23930, 8, 8 
55368, 8, 8 
8431, 8, 8 
54569, 8, 8 
41064, 8, 8 
56751, 8, 8 
2593, 8, 8 
39530, 8, 8 
48149, 8, 8 
29921, 8, 8 
23817, 8, 8 
31355, 8, 8 
17654, 8, 8 
40646, 8, 8 
24959, 8, 8 
52430, 8, 8 
19538, 8, 8 
2394, 8, 8 
52830, 8, 8 
27286, 8, 8 
17743, 8, 8 
51467, 8, 8 
48891, 8, 8 
1434, 8, 8 
1439, 8, 8 
13017, 8, 8 
11575, 8, 8 
34554, 8, 8 
42900, 8, 8 
21494, 8, 8 
44654, 8, 8 
736, 8, 8 
15963, 8, 8 
3928, 8, 8 
44961, 8, 8 
9861, 8, 8 
46330, 8, 8 
35232, 8, 8 
6697, 8, 8 
59542, 8, 8 
18419, 8, 8 
42155, 8, 8 
36096, 8, 8 
10513, 8, 8 
39322, 8, 8 
19720, 8, 8 
33150, 8, 8 
10490, 8, 8 
1519, 8, 8 
57121, 8, 8 
53865, 8, 8 
43335, 8, 8 
11365, 8, 8 
14913, 8, 8 
368, 8, 8 
36320, 8, 8 
44739, 8, 8 
59612, 8, 8 
58552, 8, 8 
10905, 8, 8 
51272, 8, 8 
28364, 8, 8 
31985, 8, 8 
44176, 8, 8 
48875, 8, 8 
49661, 8, 8 
13423, 8, 8 
29680, 8, 8 
53651, 8, 8 
45896, 8, 8 
46864, 8, 8 
52567, 8, 8 
9847, 8, 8 
9935, 8, 8 
43060, 8, 8 
30510, 8, 8 
18467, 8, 8 
39559, 8, 8 
14362, 8, 8 
58776, 8, 8 
20350, 8, 3 
52483, 8, 8 
43299, 8, 8 
34787, 8, 8 
7359, 8, 8 
34872, 8, 8 
10499, 8, 8 
25379, 8, 8 
11469, 8, 8 
49225, 8, 8 
23428, 8, 8 
11614, 8, 8 
33839, 8, 8 
58394, 8, 8 
445, 8, 8 
9019, 8, 8 
17999, 8, 8 
32971, 8, 8 
48773, 8, 8 
11546, 8, 8 
23015, 8, 8 
52201, 8, 8 
54705, 8, 8 
26203, 8, 8 
42704, 8, 8 
33451, 8, 8 
31760, 8, 8 
54889, 8, 8 
3495, 8, 8 
54870, 8, 8 
55015, 8, 8 
48375, 8, 8 
28065, 8, 8 
54846, 8, 8 
55122, 8, 8 
23582, 8, 8 
16964, 8, 8 
45765, 8, 8 
40364, 8, 8 
52465, 8, 8 
29629, 8, 8 
56716, 8, 8 
45898, 8, 8 
12934, 8, 8 
38085, 8, 8 
9937, 8, 8 
26681, 8, 8 
3737, 8, 8 
3026, 8, 8 
59813, 8, 8 
44442, 8, 8 
25320, 8, 8 
31441, 8, 8 
8313, 8, 8 
42226, 8, 8 
55026, 8, 8 
26153, 8, 8 
16972, 8, 8 
15820, 8, 8 
23510, 8, 8 
3555, 8, 8 
15221, 8, 8 
24586, 8, 8 
11880, 8, 8 
50514, 8, 8 
40549, 8, 8 
58150, 8, 8 
46982, 8, 8 
57665, 8, 8 
36820, 8, 8 
16365, 8, 8 
26661, 8, 8 
50902, 8, 8 
34151, 8, 8 
7617, 8, 8 
55061, 8, 8 
18478, 8, 8 
52900, 8, 8 
46730, 8, 8 
10948, 8, 8 
32935, 8, 8 
33777, 8, 8 
53681, 8, 8 
4100, 8, 8 
46348, 8, 8 
16445, 8, 8 
20607, 8, 8 
26762, 8, 8 
16917, 8, 8 
8584, 8, 8 
45684, 8, 8 
12010, 8, 8 
52398, 8, 8 
49016, 8, 8 
33089, 8, 8 
17937, 8, 8 
40856, 8, 8 
25117, 8, 8 
43690, 8, 8 
45098, 8, 8 
25015, 8, 8 
42575, 8, 8 
46222, 8, 8 
43464, 8, 8 
23383, 8, 8 
1641, 8, 8 
33202, 8, 8 
7441, 8, 8 
46633, 8, 8 
27819, 8, 8 
51218, 8, 8 
43215, 8, 8 
33755, 8, 8 
41973, 8, 8 
10936, 8, 8 
19079, 8, 8 
24240, 8, 8 
12683, 8, 8 
19931, 8, 8 
24410, 8, 8 
34011, 8, 8 
44308, 8, 8 
18434, 8, 8 
17270, 8, 8 
6437, 8, 8 
2987, 8, 8 
44532, 8, 8 
24677, 8, 8 
52159, 8, 8 
15610, 8, 1 
39991, 8, 8 
56544, 8, 8 
1749, 8, 8 
14993, 8, 8 
23680, 8, 8 
42662, 8, 8 
9050, 8, 8 
12534, 8, 8 
16321, 8, 8 
20621, 8, 8 
3499, 8, 8 
37319, 8, 8 
6390, 8, 8 
27293, 8, 8 
41046, 8, 8 
48494, 8, 8 
43986, 8, 8 
12890, 8, 8 
28390, 8, 8 
9165, 8, 8 
26385, 8, 8 
59340, 8, 8 
42833, 8, 8 
15158, 8, 8 
20524, 8, 8 
43692, 8, 8 
11149, 8, 8 
22175, 8, 8 
24600, 8, 8 
32349, 8, 8 
31292, 8, 8 
49064, 8, 8 
12111, 8, 8 
21708, 8, 8 
6533, 8, 8 
56710, 8, 8 
25544, 8, 8 
16785, 8, 8 
13592, 8, 8 
5205, 8, 8 
33152, 8, 8 
58233, 8, 8 
30416, 8, 8 
45313, 8, 8 
19591, 8, 8 
38423, 8, 8 
47438, 8, 8 
10981, 8, 8 
10726, 8, 8 
34540, 8, 8 
14679, 8, 8 
33308, 9, 9 
21267, 9, 9 
43392, 9, 9 
51913, 9, 9 
30453, 9, 9 
53279, 9, 9 
1720, 9, 9 
34031, 9, 9 
56703, 9, 9 
54036, 9, 9 
27521, 9, 9 
10428, 9, 9 
11245, 9, 9 
31659, 9, 9 
5860, 9, 9 
30805, 9, 9 
47664, 9, 9 
26042, 9, 9 
22765, 9, 9 
10443, 9, 9 
16621, 9, 9 
13768, 9, 9 
38950, 9, 9 
32745, 9, 9 
30836, 9, 9 
13428, 9, 9 
8484, 9, 9 
3292, 9, 9 
49988, 9, 9 
54546, 9, 9 
26643, 9, 9 
46741, 9, 9 
38457, 9, 9 
34651, 9, 9 
50997, 9, 9 
23262, 9, 9 
6439, 9, 9 
13936, 9, 9 
17921, 9, 9 
20567, 9, 9 
50228, 9, 9 
21924, 9, 9 
53217, 9, 9 
30491, 9, 9 
36058, 9, 9 
53438, 9, 9 
40391, 9, 9 
37400, 9, 9 
19596, 9, 9 
26064, 9, 9 
54702, 9, 9 
11991, 9, 9 
50386, 9, 9 
20050, 9, 9 
5391, 9, 9 
3784, 9, 9 
34876, 9, 9 
55454, 9, 9 
41645, 9, 9 
28168, 9, 9 
26233, 9, 9 
41948, 9, 9 
27334, 9, 9 
116, 9, 9 
40126, 9, 9 
9630, 9, 9 
24967, 9, 9 
52061, 9, 9 
53055, 9, 9 
10438, 9, 9 
20075, 9, 9 
25969, 9, 9 
26663, 9, 9 
6842, 9, 9 
29923, 9, 9 
21422, 9, 9 
58698, 9, 9 
5669, 9, 9 
33642, 9, 9 
32910, 9, 9 
53059, 9, 9 
17081, 9, 9 
12248, 9, 9 
4019, 9, 9 
22072, 9, 9 
23548, 9, 9 
18677, 9, 9 
5705, 9, 9 
44104, 9, 9 
17972, 9, 9 
35836, 9, 9 
46655, 9, 9 
42645, 9, 9 
53698, 9, 9 
41102, 9, 9 
35292, 9, 9 
43416, 9, 9 
30750, 9, 9 
3481, 9, 9 
44285, 9, 9 
33744, 9, 9 
9825, 9, 9 
6520, 9, 9 
30204, 9, 9 
55813, 9, 9 
25063, 9, 9 
10004, 9, 9 
29710, 9, 9 
53841, 9, 9 
13791, 9, 9 
58372, 9, 9 
13646, 9, 9 
28625, 9, 9 
41563, 9, 9 
54098, 9, 9 
4050, 9, 9 
49003, 9, 9 
29547, 9, 9 
12368, 9, 9 
43738, 9, 9 
7627, 9, 9 
10112, 9, 9 
18755, 9, 9 
44097, 9, 9 
54984, 9, 9 
4503, 9, 9 
33712, 9, 9 
27902, 9, 9 
5044, 9, 9 
21020, 9, 9 
57776, 9, 9 
45, 9, 9 
22799, 9, 9 
48225, 9, 9 
53735, 9, 9 
11464, 9, 9 
30208, 9, 9 
51099, 9, 9 
26110, 9, 9 
18166, 9, 3 
41116, 9, 9 
54449, 9, 9 
30184, 9, 9 
22762, 9, 9 
13530, 9, 9 
44421, 9, 9 
34892, 9, 9 
41364, 9, 9 
16005, 9, 9 
40440, 9, 9 
27698, 9, 9 
3785, 9, 9 
41761, 9, 9 
2299, 9, 9 
15609, 9, 9 
22433, 9, 9 
4483, 9, 9 
8358, 9, 9 
5765, 9, 9 
46023, 9, 9 
9754, 9, 9 
7822, 9, 9 
29124, 9, 9 
25280, 9, 9 
55834, 9, 9 
5478, 9, 9 
31934, 9, 9 
36102, 9, 9 
9752, 9, 9 
12600, 9, 9 
43718, 9, 9 
10410, 9, 9 
9933, 9, 9 
26025, 9, 9 
19146, 9, 9 
36521, 9, 9 
31876, 9, 9 
59243, 9, 9 
44357, 9, 9 
53532, 9, 9 
45065, 9, 9 
12792, 9, 9 
25233, 9, 9 
26860, 9, 9 
12096, 9, 9 
53778, 9, 9 
51757, 9, 9 
56466, 9, 9 
50084, 9, 9 
18916, 9, 9 
52546, 9, 9 
27260, 9, 9 
43521, 9, 9 
43896, 9, 9 
51168, 9, 9 
8620, 9, 9 
47459, 9, 9 
27993, 9, 9 
24009, 9, 9 
40371, 9, 9 
34254, 9, 9 
27174, 9, 9 
26226, 9, 9 
383, 9, 9 
55652, 9, 9 
18558, 9, 9 
1272, 9, 9 
51470, 9, 9 
43114, 9, 9 
54021, 9, 9 
30263, 9, 9 
48843, 9, 9 
30620, 9, 9 
25852, 9, 9 
11385, 9, 9 
40485, 9, 9 
37150, 9, 9 
36960, 9, 9 
22256, 9, 9 
1410, 9, 9 
37338, 9, 9 
49386, 9, 9 
13178, 9, 9 
5276, 9, 9 
18738, 9, 9 
4456, 9, 9 
39654, 9, 9 
17427, 9, 9 
30551, 9, 9 
4975, 9, 9 
11150, 9, 9 
23224, 9, 9 
55570, 9, 9 
48927, 9, 9 
35996, 9, 9 
50245, 9, 9 
29663, 9, 9 
930, 9, 9 
34052, 9, 9 
53442, 9, 9 
58159, 9, 9 
7264, 9, 9 
11775, 9, 9 
26845, 9, 9 
11123, 9, 9 
22890, 9, 9 
50110, 9, 9 
29292, 9, 9 
17826, 9, 9 
56774, 9, 9 
57483, 9, 9 
20031, 9, 9 
39229, 9, 9 
4630, 9, 9 
29591, 9, 9 
21807, 9, 9 
52009, 9, 9 
4668, 9, 9 
48603, 9, 9 
13526, 9, 9 
36973, 9, 9 
11096, 9, 9 
45869, 9, 9 
45183, 9, 9 
56577, 9, 9 
8066, 9, 9 
44600, 9, 9 
11891, 9, 9 
24057, 9, 9 
59644, 9, 9 
10284, 9, 9 
36418, 9, 9 
42728, 9, 9 
4060, 9, 9 
57551, 9, 9 
33199, 9, 9 
54944, 9, 9 
17799, 9, 9 
47637, 9, 9 
25224, 9, 9 
25502, 9, 9 
53216, 9, 9 
38701, 9, 9 
46179, 9, 9 
43814, 9, 9 
13439, 9, 9 
12914, 9, 9 
28197, 9, 9 
53280, 9, 9 
59804, 9, 9 
57567, 9, 9 
20444, 9, 9 
16588, 9, 9 
21145, 9, 9 
87, 9, 9 
1757, 9, 9 
39464, 9, 9 
28941, 9, 9 
11825, 9, 9 
1695, 9, 9 
52447, 9, 9 
5645, 9, 9 
56996, 9, 9 
12708, 9, 9 
57374, 9, 9 
34248, 9, 9 
21774, 9, 9 
58641, 9, 9 
42482, 9, 9 
45227, 9, 9 
28789, 9, 9 
28645, 9, 9 
36886, 9, 9 
25828, 9, 9 
15755, 9, 9 
21892, 9, 9 
46355, 9, 9 
4307, 9, 9 
57880, 9, 9 
51597, 9, 9 
19140, 9, 9 
53369, 9, 9 
12529, 9, 9 
26223, 9, 9 
3186, 9, 9 
33756, 9, 9 
48030, 9, 9 
49383, 9, 9 
6078, 9, 9 
35677, 9, 9 
44402, 9, 9 
2911, 9, 9 
7233, 9, 9 
53998, 9, 9 
6334, 9, 9 
59887, 9, 9 
9613, 9, 9 
10094, 9, 9 
15593, 9, 9 
53251, 9, 9 
4127, 9, 9 
24891, 9, 9 
27966, 9, 9 
34338, 9, 9 
19576, 9, 9 
7312, 9, 9 
22782, 9, 9 
57159, 9, 9 
12674, 9, 9 
7511, 9, 9 
39064, 9, 9 
53821, 9, 9 
26179, 9, 9 
5362, 9, 9 
29281, 9, 9 
4459, 9, 9 
21859, 9, 9 
20997, 9, 9 
43663, 9, 9 
6893, 9, 9 
22655, 9, 9 
8308, 9, 9 
45039, 9, 9 
31364, 9, 9 
33353, 9, 9 
54509, 9, 9 
12006, 9, 9 
36370, 9, 9 
23275, 9, 9 
4122, 9, 9 
54860, 9, 9 
36083, 9, 9 
14815, 9, 9 
48304, 9, 9 
57638, 9, 9 
13742, 9, 9 
24178, 9, 9 
18959, 9, 9 
21302, 9, 9 
52311, 9, 9 
58348, 9, 9 
22116, 9, 9 
27932, 9, 9 
19244, 9, 9 
28676, 9, 9 
29802, 9, 9 
17591, 9, 9 
50515, 9, 9 
59287, 9, 9 
53853, 9, 9 
42059, 9, 9 
59927, 9, 9 
30469, 9, 9 
17167, 9, 9 
26214, 9, 9 
37737, 9, 9 
20982, 9, 9 
264, 9, 9 
53022, 9, 9 
47445, 9, 9 
3636, 9, 9 
48524, 9, 9 
23257, 9, 9 
13456, 9, 9 
21213, 9, 9 
4555, 9, 9 
26316, 9, 9 
50967, 9, 9 
49696, 9, 9 
35059, 9, 9 
48222, 9, 9 
44822, 9, 9 
38917, 9, 9 
14875, 9, 9 
1307, 9, 9 
56773, 9, 9 
2216, 9, 9 
32360, 9, 9 
20571, 9, 9 
3847, 9, 9 
6790, 9, 9 
13429, 9, 9 
24263, 9, 9 
48381, 9, 9 
37611, 9, 9 
24305, 9, 9 
162, 9, 9 
40978, 9, 9 
12203, 9, 9 
46909, 9, 9 
41594, 9, 9 
51200, 9, 9 
58236, 9, 9 
35444, 9, 9 
7194, 9, 9 
37934, 9, 9 
28007, 9, 9 
43992, 9, 9 
39889, 9, 9 
6765, 9, 9 
59404, 9, 9 
8439, 9, 9 
56090, 9, 9 
20290, 9, 9 
7023, 9, 9 
52883, 9, 9 
47874, 9, 9 
53211, 9, 9 
51185, 9, 9 
33422, 9, 9 
23710, 9, 9 
52535, 9, 9 
20864, 9, 9 
22088, 9, 9 
46831, 9, 9 
37702, 9, 9 
33696, 9, 9 
50462, 9, 9 
24549, 9, 9 
6479, 9, 9 
28618, 9, 9 
23431, 9, 9 
25801, 9, 9 
24659, 9, 9 
52577, 9, 9 
45632, 9, 9 
10929, 9, 9 
25699, 9, 9 
54443, 9, 9 
10658, 9, 9 
38597, 9, 9 
33358, 9, 9 
19513, 9, 9 
46721, 9, 9 
22450, 9, 9 
11366, 9, 9 
53204, 9, 9 
45071, 9, 9 
14762, 9, 9 
32963, 9, 9 
53247, 9, 9 
41433, 9, 9 
30850, 9, 9 
55510, 9, 9 
52576, 9, 9 
16175, 9, 9 
40656, 9, 9 
33129, 9, 9 
44763, 9, 9 
2728, 9, 9 
51667, 9, 9 
40341, 9, 9 
27654, 9, 9 
2722, 9, 9 
41510, 9, 9 
54222, 9, 9 
30603, 9, 9 
31986, 9, 9 
53616, 9, 9 
36993, 9, 9 
