id, true label, predicted label 
27865, 0, 0 
40521, 0, 0 
34803, 0, 0 
6446, 0, 0 
20117, 0, 0 
29102, 0, 0 
44045, 0, 0 
53297, 0, 0 
42131, 0, 0 
14291, 0, 0 
47860, 0, 0 
41743, 0, 0 
8172, 0, 0 
9823, 0, 0 
15060, 0, 0 
35739, 0, 0 
44629, 0, 0 
31199, 0, 0 
9677, 0, 0 
25366, 0, 0 
5340, 0, 0 
39220, 0, 0 
41406, 0, 0 
26775, 0, 0 
59704, 0, 0 
26999, 0, 0 
47190, 0, 0 
7981, 0, 0 
57769, 0, 0 
13779, 0, 0 
48299, 0, 0 
45830, 0, 0 
15910, 0, 0 
11045, 0, 0 
57916, 0, 0 
26277, 0, 0 
43939, 0, 0 
28457, 0, 0 
5747, 0, 0 
47042, 0, 0 
6422, 0, 0 
23793, 0, 0 
27631, 0, 0 
33485, 0, 0 
39243, 0, 0 
12217, 0, 0 
7911, 0, 0 
50643, 0, 0 
47406, 0, 0 
36351, 0, 0 
51148, 0, 0 
30706, 0, 0 
6065, 0, 0 
52047, 0, 0 
10530, 0, 0 
4535, 0, 0 
18357, 0, 0 
44720, 0, 0 
58454, 0, 0 
5461, 0, 0 
17923, 0, 0 
15530, 0, 0 
38914, 0, 0 
2919, 0, 0 
14052, 0, 0 
26639, 0, 0 
28628, 0, 0 
47696, 0, 0 
49601, 0, 0 
20609, 0, 0 
35400, 0, 0 
11091, 0, 0 
28242, 0, 0 
7515, 0, 0 
45066, 0, 0 
53705, 0, 0 
36764, 0, 0 
56, 0, 0 
26178, 0, 0 
7728, 0, 0 
27735, 0, 0 
43074, 0, 0 
42488, 0, 0 
53444, 0, 0 
34025, 0, 0 
35302, 0, 0 
5488, 0, 0 
57760, 0, 0 
46010, 0, 0 
12103, 0, 0 
13734, 0, 0 
58784, 0, 0 
18425, 0, 0 
5498, 0, 0 
48716, 0, 0 
1078, 0, 0 
1701, 0, 0 
24872, 0, 0 
21256, 0, 0 
46868, 0, 0 
4608, 0, 0 
52449, 0, 0 
49596, 0, 0 
12168, 0, 0 
18718, 0, 0 
23273, 0, 0 
32800, 0, 0 
52673, 0, 0 
8021, 0, 0 
29205, 0, 0 
56984, 0, 0 
11584, 0, 0 
29039, 0, 0 
169, 0, 0 
20608, 0, 0 
32953, 0, 0 
53328, 0, 0 
8355, 0, 0 
19203, 0, 0 
18858, 0, 0 
3012, 0, 0 
40241, 0, 0 
3143, 0, 0 
41856, 0, 0 
59363, 0, 0 
53353, 0, 0 
40456, 0, 0 
45455, 0, 0 
30585, 0, 0 
55666, 0, 0 
6987, 0, 0 
3720, 0, 0 
12421, 0, 0 
46560, 0, 0 
58462, 0, 0 
37092, 0, 0 
11041, 0, 0 
4656, 0, 0 
6603, 0, 0 
19856, 0, 0 
15779, 0, 0 
48136, 0, 0 
57349, 0, 0 
43188, 0, 0 
3160, 0, 0 
41245, 0, 0 
13913, 0, 0 
28165, 0, 0 
43205, 0, 0 
35473, 0, 0 
1512, 0, 0 
35971, 0, 0 
16460, 0, 0 
156, 0, 0 
42005, 0, 0 
14323, 0, 0 
45617, 0, 0 
11354, 0, 0 
13238, 0, 0 
49800, 0, 0 
49370, 0, 0 
55588, 0, 0 
39494, 0, 0 
10022, 0, 0 
31314, 0, 0 
57120, 0, 0 
8187, 0, 0 
8897, 0, 0 
25206, 0, 0 
29994, 0, 0 
48542, 0, 0 
54404, 0, 0 
23662, 0, 0 
34486, 0, 0 
43847, 0, 0 
24856, 0, 0 
54997, 0, 0 
58073, 0, 0 
50723, 0, 0 
15242, 0, 0 
18159, 0, 0 
16354, 0, 0 
42499, 0, 0 
56781, 0, 0 
55576, 0, 0 
58532, 0, 0 
48434, 0, 0 
20632, 0, 0 
29713, 0, 0 
63, 0, 0 
19117, 0, 0 
45833, 0, 0 
52294, 0, 0 
15863, 0, 0 
12765, 0, 0 
14269, 0, 0 
58223, 0, 0 
13918, 0, 0 
42217, 0, 0 
1046, 0, 0 
19990, 0, 0 
15156, 0, 0 
10188, 0, 0 
1907, 0, 0 
49110, 0, 0 
58062, 0, 0 
15042, 0, 0 
23250, 0, 0 
52396, 0, 0 
21097, 0, 0 
26176, 0, 0 
17466, 0, 0 
16305, 0, 0 
45837, 0, 0 
24212, 0, 0 
54853, 0, 0 
59659, 0, 0 
19682, 0, 0 
5015, 0, 0 
9753, 0, 0 
1093, 0, 0 
6847, 0, 0 
13005, 0, 0 
18253, 0, 0 
7267, 0, 0 
33940, 0, 0 
4201, 0, 0 
49835, 0, 0 
42250, 0, 0 
36116, 0, 0 
27318, 0, 0 
32298, 0, 0 
17285, 0, 0 
57420, 0, 0 
44096, 0, 0 
54980, 0, 0 
15492, 0, 0 
2084, 0, 0 
17519, 0, 0 
2333, 0, 0 
59023, 0, 0 
30034, 0, 0 
13911, 0, 0 
58492, 0, 0 
54832, 0, 0 
13729, 0, 0 
32237, 0, 0 
48920, 0, 0 
4773, 0, 0 
44313, 0, 0 
54689, 0, 0 
53747, 0, 0 
9986, 0, 0 
22710, 0, 0 
32723, 0, 0 
320, 0, 0 
458, 0, 0 
12723, 0, 0 
57822, 0, 0 
46740, 0, 0 
39326, 0, 0 
33293, 0, 0 
27822, 0, 0 
11833, 0, 0 
41927, 0, 0 
16543, 0, 0 
19292, 0, 0 
5228, 0, 0 
27637, 0, 0 
44208, 0, 0 
14325, 0, 0 
8515, 0, 0 
33087, 0, 0 
31677, 0, 0 
51815, 0, 0 
50774, 0, 0 
41627, 0, 0 
3367, 0, 0 
52221, 0, 0 
54445, 0, 0 
37678, 0, 0 
40969, 0, 0 
36788, 0, 0 
48677, 0, 0 
5525, 0, 0 
29684, 0, 0 
49954, 0, 0 
43941, 0, 0 
39039, 0, 0 
11588, 0, 0 
48350, 0, 0 
34369, 0, 0 
50727, 0, 0 
38488, 0, 0 
33142, 0, 0 
2081, 0, 0 
39800, 0, 0 
1268, 0, 0 
58360, 0, 0 
14752, 0, 0 
21215, 0, 0 
3849, 0, 0 
28612, 0, 0 
296, 0, 0 
18645, 0, 0 
7037, 0, 0 
57543, 0, 0 
34943, 0, 0 
26184, 0, 0 
31202, 0, 0 
34586, 0, 0 
55487, 0, 0 
52821, 0, 0 
43981, 0, 0 
54003, 0, 0 
50235, 0, 0 
49394, 0, 0 
33534, 0, 0 
25584, 0, 0 
52797, 0, 0 
38722, 0, 0 
56259, 0, 0 
46571, 0, 0 
4181, 0, 0 
41588, 0, 0 
56914, 0, 0 
47722, 0, 0 
49221, 0, 0 
12095, 0, 0 
1479, 0, 0 
13926, 0, 0 
4216, 0, 0 
26055, 0, 0 
20886, 0, 0 
28965, 0, 0 
21759, 0, 0 
12195, 0, 0 
17462, 0, 0 
53339, 0, 0 
19074, 0, 0 
31857, 0, 0 
16563, 0, 0 
4444, 0, 0 
54421, 0, 0 
17334, 0, 0 
33645, 0, 0 
21909, 0, 0 
32557, 0, 0 
28755, 0, 0 
59241, 0, 0 
59585, 0, 0 
4855, 0, 0 
29438, 0, 0 
9257, 0, 0 
29907, 0, 0 
54833, 0, 0 
5120, 0, 0 
8472, 0, 0 
41485, 0, 0 
30871, 0, 0 
11888, 0, 0 
52817, 0, 0 
48438, 0, 0 
9820, 0, 0 
6103, 0, 0 
32097, 0, 0 
5978, 0, 0 
8129, 0, 0 
15249, 0, 0 
24034, 0, 0 
29718, 0, 0 
39346, 0, 0 
57359, 0, 0 
2436, 0, 0 
26990, 0, 0 
29151, 0, 0 
35934, 0, 0 
20622, 0, 0 
57435, 0, 0 
5131, 0, 0 
13719, 0, 0 
41331, 0, 0 
19216, 0, 0 
22637, 0, 0 
12516, 0, 0 
21343, 0, 0 
53562, 0, 0 
33723, 0, 0 
36894, 0, 0 
9922, 0, 0 
50654, 0, 0 
49224, 0, 0 
20827, 0, 0 
59187, 0, 0 
58943, 0, 0 
58858, 0, 0 
903, 0, 0 
3562, 0, 0 
26258, 0, 0 
57705, 0, 0 
4682, 0, 0 
13989, 0, 0 
59105, 0, 0 
33789, 0, 0 
16163, 0, 0 
44788, 0, 0 
45589, 0, 0 
10625, 0, 0 
19594, 0, 0 
9406, 0, 0 
44276, 0, 0 
50828, 0, 0 
57000, 0, 0 
1712, 0, 0 
23773, 0, 0 
48287, 0, 0 
38893, 0, 0 
9027, 0, 0 
1605, 0, 0 
22605, 0, 0 
39570, 0, 0 
40180, 0, 0 
57020, 0, 0 
12339, 0, 0 
48128, 0, 0 
11514, 0, 0 
42277, 0, 0 
12313, 0, 0 
6468, 0, 0 
38126, 0, 0 
58229, 0, 0 
49883, 0, 0 
52928, 0, 0 
33669, 0, 0 
14334, 0, 0 
26903, 0, 0 
41447, 0, 0 
23842, 0, 0 
10352, 0, 0 
41265, 0, 0 
15583, 0, 0 
1956, 0, 0 
13371, 0, 0 
21789, 0, 0 
48676, 0, 0 
33831, 0, 0 
59558, 0, 0 
14160, 0, 0 
53936, 0, 0 
33277, 0, 0 
15581, 0, 0 
18799, 0, 0 
53381, 0, 0 
6970, 0, 0 
14574, 0, 0 
17327, 0, 0 
13545, 0, 0 
22860, 0, 0 
29456, 0, 0 
43527, 0, 0 
22987, 0, 0 
45966, 0, 0 
26881, 0, 0 
5462, 0, 0 
11019, 0, 0 
7894, 0, 0 
1664, 0, 0 
24913, 0, 0 
32131, 0, 0 
22297, 0, 0 
48403, 0, 0 
957, 0, 0 
35217, 0, 0 
59175, 0, 0 
32336, 0, 0 
21314, 0, 0 
22917, 0, 0 
35639, 0, 0 
27583, 0, 0 
6179, 0, 0 
3213, 0, 0 
50804, 0, 0 
41100, 0, 0 
17828, 0, 0 
30246, 0, 0 
18284, 0, 0 
25921, 0, 0 
31297, 0, 0 
28489, 0, 0 
10080, 0, 0 
24225, 0, 0 
3667, 0, 0 
10750, 0, 0 
35663, 0, 0 
27246, 0, 0 
1904, 0, 0 
41425, 0, 0 
4556, 0, 0 
52617, 0, 0 
13544, 0, 0 
27396, 1, 1 
29274, 1, 1 
38436, 1, 1 
5477, 1, 1 
47041, 1, 1 
53842, 1, 1 
14560, 1, 1 
25354, 1, 1 
13140, 1, 1 
41685, 1, 1 
39684, 1, 1 
40682, 1, 1 
56283, 1, 1 
7330, 1, 1 
42786, 1, 1 
16458, 1, 1 
41809, 1, 1 
24339, 1, 1 
48458, 1, 1 
50608, 1, 1 
54019, 1, 1 
41237, 1, 1 
20373, 1, 1 
15885, 1, 1 
11606, 1, 1 
55067, 1, 1 
7788, 1, 1 
32083, 1, 1 
24536, 1, 1 
59658, 1, 1 
40015, 1, 1 
4012, 1, 1 
27634, 1, 1 
572, 1, 1 
8542, 1, 1 
37045, 1, 1 
19837, 1, 1 
32660, 1, 1 
11214, 1, 1 
2530, 1, 1 
5483, 1, 1 
1640, 1, 1 
26531, 1, 1 
58355, 1, 1 
42133, 1, 1 
12230, 1, 1 
32229, 1, 1 
10067, 1, 1 
19966, 1, 1 
32528, 1, 1 
13297, 1, 1 
16014, 1, 1 
12798, 1, 1 
25703, 1, 1 
56637, 1, 1 
57969, 1, 1 
9175, 1, 1 
55635, 1, 1 
56538, 1, 1 
30104, 1, 1 
26968, 1, 1 
19018, 1, 1 
19782, 1, 1 
41748, 1, 1 
10933, 1, 1 
46107, 1, 1 
23003, 1, 1 
53780, 1, 1 
20817, 1, 1 
37719, 1, 1 
48765, 1, 1 
53746, 1, 1 
25961, 1, 1 
12499, 1, 1 
43910, 1, 1 
32577, 1, 1 
44986, 1, 1 
21618, 1, 1 
43708, 1, 1 
46679, 1, 1 
17727, 1, 1 
34158, 1, 1 
15803, 1, 1 
1123, 1, 1 
27677, 1, 1 
11502, 1, 1 
58203, 1, 1 
28622, 1, 1 
35414, 1, 1 
39052, 1, 1 
31597, 1, 1 
33370, 1, 1 
8589, 1, 1 
37728, 1, 1 
10290, 1, 1 
4237, 1, 1 
21751, 1, 1 
8538, 1, 1 
47576, 1, 1 
25447, 1, 1 
22632, 1, 1 
53577, 1, 1 
16308, 1, 1 
33377, 1, 1 
25857, 1, 1 
43836, 1, 1 
44245, 1, 1 
52586, 1, 1 
23470, 1, 1 
43664, 1, 1 
32079, 1, 1 
17180, 1, 1 
18482, 1, 1 
4566, 1, 1 
7876, 1, 1 
13973, 1, 1 
17433, 1, 1 
7160, 1, 1 
51483, 1, 1 
23554, 1, 1 
25274, 1, 1 
46268, 1, 1 
40716, 1, 1 
33354, 1, 1 
47465, 1, 1 
9045, 1, 1 
45092, 1, 1 
51369, 1, 1 
16418, 1, 1 
52075, 1, 1 
45037, 1, 1 
1822, 1, 1 
58022, 1, 1 
43951, 1, 1 
18792, 1, 1 
49380, 1, 1 
28828, 1, 1 
54340, 1, 1 
29586, 1, 1 
24966, 1, 1 
7040, 1, 1 
12415, 1, 1 
39957, 1, 1 
49357, 1, 1 
24628, 1, 1 
20810, 1, 1 
24306, 1, 1 
17664, 1, 1 
38207, 1, 1 
16779, 1, 1 
12040, 1, 1 
30731, 1, 1 
47880, 1, 1 
45253, 1, 1 
39782, 1, 1 
50338, 1, 1 
54438, 1, 1 
47799, 1, 1 
44454, 1, 1 
36618, 1, 1 
53351, 1, 1 
59694, 1, 1 
35289, 1, 1 
36382, 1, 1 
8258, 1, 1 
28482, 1, 1 
44093, 1, 1 
2335, 1, 1 
15095, 1, 1 
10519, 1, 1 
36110, 1, 1 
48456, 1, 1 
28831, 1, 1 
31701, 1, 1 
50709, 1, 1 
10345, 1, 1 
42406, 1, 1 
28292, 1, 1 
30335, 1, 1 
14942, 1, 1 
33224, 1, 1 
32041, 1, 1 
49606, 1, 1 
18266, 1, 1 
28822, 1, 1 
34792, 1, 1 
57849, 1, 1 
29952, 1, 1 
13001, 1, 1 
58459, 1, 1 
19516, 1, 1 
573, 1, 1 
9264, 1, 1 
29315, 1, 1 
30292, 1, 1 
45254, 1, 1 
52967, 1, 1 
46747, 1, 1 
3561, 1, 1 
56575, 1, 1 
12632, 1, 1 
35792, 1, 1 
44198, 1, 1 
38097, 1, 1 
41210, 1, 1 
24329, 1, 1 
11579, 1, 1 
53664, 1, 1 
52359, 1, 1 
13725, 1, 1 
51867, 1, 1 
17928, 1, 1 
17260, 1, 1 
2957, 1, 1 
23417, 1, 1 
36106, 1, 1 
28387, 1, 1 
57834, 1, 1 
47993, 1, 1 
26867, 1, 1 
11079, 1, 1 
51390, 1, 1 
30171, 1, 1 
43411, 1, 1 
55417, 1, 1 
37461, 1, 1 
38837, 1, 1 
14126, 1, 1 
56423, 1, 1 
7720, 1, 1 
21094, 1, 1 
37110, 1, 1 
8452, 1, 1 
26780, 1, 1 
40878, 1, 1 
4884, 1, 1 
43131, 1, 1 
20589, 1, 1 
11262, 1, 1 
46437, 1, 1 
20828, 1, 1 
28894, 1, 1 
33191, 1, 1 
42531, 1, 1 
18207, 1, 1 
7553, 1, 1 
24328, 1, 1 
32439, 1, 1 
47985, 1, 1 
23142, 1, 1 
31366, 1, 1 
44988, 1, 1 
12657, 1, 1 
20443, 1, 1 
20018, 1, 1 
34926, 1, 1 
35270, 1, 1 
1230, 1, 1 
12811, 1, 1 
52888, 1, 1 
19150, 1, 1 
52369, 1, 1 
14859, 1, 1 
10971, 1, 1 
24771, 1, 1 
44693, 1, 1 
18259, 1, 1 
58689, 1, 1 
50667, 1, 1 
43118, 1, 1 
53899, 1, 1 
42156, 1, 1 
38415, 1, 1 
57437, 1, 1 
6537, 1, 1 
36669, 1, 1 
18940, 1, 1 
18229, 1, 1 
12664, 1, 1 
32597, 1, 1 
14595, 1, 1 
48805, 1, 1 
42731, 1, 1 
5862, 1, 1 
7630, 1, 1 
42486, 1, 1 
10675, 1, 1 
25758, 1, 1 
15255, 1, 1 
34911, 1, 1 
5681, 1, 1 
45197, 1, 1 
50158, 1, 1 
53966, 1, 1 
29416, 1, 1 
7495, 1, 1 
42974, 1, 1 
21889, 1, 1 
39354, 1, 1 
58234, 1, 1 
35386, 1, 1 
14021, 1, 1 
38845, 1, 1 
8970, 1, 1 
51083, 1, 1 
24535, 1, 1 
44935, 1, 1 
16287, 1, 1 
13825, 1, 1 
8451, 1, 1 
34241, 1, 1 
27896, 1, 1 
43577, 1, 1 
269, 1, 1 
47407, 1, 1 
12371, 1, 1 
52309, 1, 1 
49628, 1, 1 
49932, 1, 1 
52136, 1, 1 
43633, 1, 1 
11291, 1, 1 
52392, 1, 1 
10863, 1, 1 
7941, 1, 1 
57599, 1, 1 
17888, 1, 1 
15722, 1, 1 
46093, 1, 1 
47502, 1, 1 
21143, 1, 1 
28736, 1, 1 
23693, 1, 1 
19136, 1, 1 
23740, 1, 1 
10580, 1, 1 
10638, 1, 1 
44622, 1, 1 
6870, 1, 1 
25042, 1, 1 
27629, 1, 1 
34156, 1, 1 
27793, 1, 1 
25336, 1, 1 
46385, 1, 1 
49512, 1, 1 
1155, 1, 1 
25885, 1, 1 
6165, 1, 1 
7074, 1, 1 
5520, 1, 1 
31829, 1, 1 
28827, 1, 1 
8578, 1, 1 
44891, 1, 1 
47229, 1, 1 
17704, 1, 1 
10719, 1, 1 
38570, 1, 1 
33458, 1, 1 
3729, 1, 1 
2177, 1, 1 
59085, 1, 1 
38464, 1, 1 
52849, 1, 1 
56189, 1, 1 
25061, 1, 1 
39007, 1, 1 
48977, 1, 1 
53041, 1, 1 
8984, 1, 1 
11939, 1, 1 
28223, 1, 1 
5963, 1, 1 
12746, 1, 1 
9260, 1, 1 
10346, 1, 1 
11156, 1, 1 
18372, 1, 1 
4710, 1, 1 
44648, 1, 1 
19630, 1, 1 
3427, 1, 1 
35436, 1, 1 
1497, 1, 1 
1696, 1, 1 
45743, 1, 1 
53891, 1, 1 
16943, 1, 1 
19188, 1, 1 
52368, 1, 1 
13266, 1, 1 
47327, 1, 1 
15557, 1, 1 
12207, 1, 1 
30512, 1, 1 
11679, 1, 1 
30628, 1, 1 
20506, 1, 1 
14945, 1, 1 
10922, 1, 1 
33374, 1, 1 
41954, 1, 1 
42279, 1, 1 
33577, 1, 1 
54259, 1, 1 
33705, 1, 1 
13558, 1, 1 
14986, 1, 1 
59391, 1, 1 
45650, 1, 1 
4089, 1, 1 
52575, 1, 1 
31245, 1, 1 
42630, 1, 1 
58072, 1, 1 
24135, 1, 1 
26029, 1, 1 
59872, 1, 1 
58561, 1, 1 
20974, 1, 1 
4639, 1, 1 
38751, 1, 1 
21401, 1, 1 
23214, 1, 1 
10404, 1, 1 
25864, 1, 1 
32204, 1, 1 
17191, 1, 1 
53383, 1, 1 
1816, 1, 1 
42371, 1, 1 
57998, 1, 1 
52451, 1, 1 
22639, 1, 1 
44548, 1, 1 
52627, 1, 1 
31771, 1, 1 
7188, 1, 1 
5176, 1, 1 
34889, 1, 1 
50333, 1, 1 
9365, 1, 1 
27270, 1, 1 
231, 1, 1 
16536, 1, 1 
5023, 1, 1 
52223, 1, 1 
52382, 1, 1 
12367, 1, 1 
25352, 1, 1 
18256, 1, 1 
43269, 1, 1 
39265, 1, 1 
47758, 1, 1 
21010, 1, 1 
44047, 1, 1 
39270, 1, 1 
8423, 1, 1 
2202, 1, 1 
42546, 1, 1 
53896, 1, 1 
35820, 1, 1 
58171, 1, 1 
42986, 1, 2 
54605, 1, 1 
56779, 1, 1 
54614, 1, 1 
44698, 1, 1 
43595, 1, 1 
44422, 1, 1 
59427, 1, 1 
23132, 1, 1 
53448, 1, 1 
35527, 1, 1 
52731, 1, 1 
25948, 1, 1 
5494, 1, 1 
23775, 1, 1 
49265, 1, 1 
13689, 1, 1 
35900, 1, 1 
44126, 1, 1 
46433, 1, 1 
1375, 1, 1 
31843, 1, 1 
47535, 1, 1 
36924, 1, 1 
41799, 1, 1 
2497, 1, 1 
58260, 1, 1 
27124, 1, 1 
21554, 1, 1 
4166, 1, 1 
35661, 1, 1 
34483, 1, 1 
35722, 1, 1 
59036, 1, 1 
50437, 1, 1 
14227, 1, 1 
43854, 2, 2 
40321, 2, 2 
17241, 2, 2 
52025, 2, 2 
41946, 2, 2 
58241, 2, 2 
31546, 2, 2 
38197, 2, 2 
8007, 2, 2 
52975, 2, 2 
28868, 2, 2 
31905, 2, 2 
58315, 2, 2 
28140, 2, 2 
54924, 2, 2 
33982, 2, 2 
30291, 2, 2 
58775, 2, 2 
8428, 2, 2 
21251, 2, 2 
56427, 2, 2 
56598, 2, 2 
28370, 2, 2 
17895, 2, 2 
38937, 2, 2 
33547, 2, 2 
31634, 2, 2 
20679, 2, 2 
13038, 2, 2 
53762, 2, 2 
55857, 2, 2 
32836, 2, 2 
31666, 2, 2 
53218, 2, 2 
5528, 2, 2 
25510, 2, 2 
20550, 2, 2 
477, 2, 2 
39161, 2, 2 
56785, 2, 2 
42693, 2, 2 
47890, 2, 2 
32361, 2, 2 
52582, 2, 2 
3902, 2, 2 
33930, 2, 2 
12129, 2, 2 
49028, 2, 2 
36965, 2, 2 
9021, 2, 2 
19087, 2, 2 
28210, 2, 2 
8573, 2, 2 
34902, 2, 2 
41197, 2, 2 
21174, 2, 2 
19373, 2, 2 
15731, 2, 2 
8403, 2, 2 
35489, 2, 2 
15067, 2, 2 
53500, 2, 2 
48279, 2, 2 
32024, 2, 2 
1053, 2, 2 
34310, 2, 2 
1880, 2, 2 
28731, 2, 2 
50674, 2, 2 
51937, 2, 2 
27719, 2, 2 
31947, 2, 2 
1800, 2, 2 
27525, 2, 2 
45998, 2, 2 
55199, 2, 2 
42439, 2, 2 
9772, 2, 2 
31555, 2, 2 
59757, 2, 2 
27223, 2, 2 
30931, 2, 2 
8152, 2, 2 
54326, 2, 2 
13771, 2, 2 
36450, 2, 2 
59732, 2, 2 
31338, 2, 2 
40968, 2, 2 
53105, 2, 2 
41256, 2, 2 
14798, 2, 2 
41937, 2, 2 
47529, 2, 2 
25827, 2, 2 
39453, 2, 2 
52118, 2, 2 
3564, 2, 2 
42001, 2, 2 
49369, 2, 2 
51726, 2, 2 
58954, 2, 2 
38010, 2, 2 
46050, 2, 2 
49009, 2, 2 
30889, 2, 2 
16754, 2, 2 
42014, 2, 2 
813, 2, 2 
52144, 2, 2 
21633, 2, 2 
4153, 2, 2 
32989, 2, 2 
9479, 2, 2 
13690, 2, 2 
31807, 2, 2 
14702, 2, 2 
54978, 2, 2 
14063, 2, 2 
11826, 2, 2 
12409, 2, 2 
30530, 2, 2 
8202, 2, 2 
41794, 2, 2 
21652, 2, 2 
39510, 2, 2 
42821, 2, 2 
50446, 2, 2 
13059, 2, 2 
7259, 2, 2 
28214, 2, 2 
53121, 2, 2 
22930, 2, 2 
41489, 2, 2 
44727, 2, 2 
46951, 2, 2 
47321, 2, 2 
9850, 2, 2 
19324, 2, 2 
47189, 2, 2 
58323, 2, 2 
18815, 2, 2 
32579, 2, 2 
41741, 2, 2 
35510, 2, 2 
4080, 2, 2 
18943, 2, 2 
23701, 2, 2 
732, 2, 2 
20299, 2, 2 
20944, 2, 2 
57597, 2, 2 
38359, 2, 2 
36949, 2, 2 
30211, 2, 2 
26224, 2, 2 
48246, 2, 2 
43974, 2, 2 
43211, 2, 2 
13667, 2, 2 
10090, 2, 2 
40967, 2, 2 
31978, 2, 2 
28218, 2, 2 
35572, 2, 2 
59991, 2, 2 
26046, 2, 2 
40816, 2, 2 
3880, 2, 2 
16925, 2, 2 
24152, 2, 2 
24060, 2, 2 
27311, 2, 2 
43546, 2, 2 
54831, 2, 2 
37515, 2, 2 
14355, 2, 2 
9092, 2, 2 
23677, 2, 2 
15228, 2, 2 
13452, 2, 2 
32008, 2, 2 
10514, 2, 2 
16328, 2, 2 
36120, 2, 2 
21557, 2, 2 
38649, 2, 2 
43394, 2, 2 
4716, 2, 2 
39299, 2, 2 
1048, 2, 2 
47650, 2, 2 
26201, 2, 2 
50543, 2, 2 
11718, 2, 2 
51698, 2, 2 
15185, 2, 2 
3680, 2, 2 
8564, 2, 2 
38080, 2, 2 
32726, 2, 2 
28651, 2, 2 
28555, 2, 2 
29626, 2, 2 
28944, 2, 2 
10949, 2, 2 
45838, 2, 2 
30802, 2, 2 
17431, 2, 2 
5751, 2, 2 
53669, 2, 2 
44828, 2, 2 
41105, 2, 2 
33008, 2, 2 
28275, 2, 2 
7153, 2, 2 
36326, 2, 2 
17805, 2, 2 
2464, 2, 2 
43191, 2, 2 
42717, 2, 2 
5885, 2, 2 
39772, 2, 2 
53628, 2, 2 
56263, 2, 2 
58182, 2, 2 
33644, 2, 2 
29699, 2, 2 
55170, 2, 2 
23138, 2, 2 
30032, 2, 2 
51721, 2, 2 
54973, 2, 2 
32405, 2, 2 
25442, 2, 2 
32947, 2, 2 
3357, 2, 2 
41397, 2, 2 
45929, 2, 2 
41710, 2, 2 
33342, 2, 2 
34964, 2, 2 
35235, 2, 2 
48784, 2, 2 
47839, 2, 2 
8852, 2, 2 
1923, 2, 2 
37974, 2, 2 
34444, 2, 2 
28077, 2, 2 
10100, 2, 2 
29717, 2, 2 
51340, 2, 2 
33707, 2, 2 
37671, 2, 2 
11971, 2, 2 
30884, 2, 2 
34521, 2, 2 
57142, 2, 2 
7790, 2, 2 
1988, 2, 2 
34891, 2, 2 
35638, 2, 2 
44475, 2, 2 
36072, 2, 2 
24381, 2, 2 
16707, 2, 2 
52453, 2, 2 
15845, 2, 2 
57574, 2, 2 
6743, 2, 2 
18780, 2, 2 
22062, 2, 2 
39283, 2, 2 
52366, 2, 2 
13837, 2, 2 
11384, 2, 2 
16456, 2, 2 
14422, 2, 2 
37435, 2, 2 
7486, 2, 2 
45133, 2, 2 
10130, 2, 2 
1755, 2, 2 
33821, 2, 2 
8843, 2, 2 
21053, 2, 2 
57442, 2, 2 
1774, 2, 2 
4576, 2, 2 
12951, 2, 2 
9374, 2, 2 
26329, 2, 2 
59819, 2, 2 
2855, 2, 2 
4428, 2, 2 
30346, 2, 2 
8905, 2, 2 
19693, 2, 2 
38800, 2, 2 
3826, 2, 2 
14244, 2, 2 
46921, 2, 2 
19963, 2, 2 
52841, 2, 2 
15853, 2, 2 
47443, 2, 2 
26221, 2, 2 
36753, 2, 2 
16532, 2, 2 
24665, 2, 2 
7476, 2, 2 
713, 2, 2 
18370, 2, 2 
20581, 2, 2 
47255, 2, 2 
2085, 2, 2 
13612, 2, 2 
57904, 2, 2 
41074, 2, 2 
24484, 2, 2 
555, 2, 2 
32627, 2, 2 
42188, 2, 2 
619, 2, 2 
17840, 2, 2 
3833, 2, 2 
18356, 2, 2 
12517, 2, 2 
31133, 2, 2 
9333, 2, 2 
44611, 2, 2 
7187, 2, 2 
44304, 2, 2 
49856, 2, 2 
39582, 2, 2 
40084, 2, 2 
18489, 2, 2 
22807, 2, 2 
16497, 2, 2 
19919, 2, 2 
51738, 2, 2 
41708, 2, 2 
57183, 2, 2 
30594, 2, 2 
31506, 2, 2 
646, 2, 2 
36229, 2, 2 
58771, 2, 2 
25632, 2, 2 
29050, 2, 2 
37985, 2, 2 
42929, 2, 2 
34907, 2, 2 
33659, 2, 2 
18684, 2, 2 
39979, 2, 2 
42353, 2, 2 
27413, 2, 2 
47354, 2, 2 
40597, 2, 2 
8043, 2, 2 
15680, 2, 2 
2251, 2, 2 
15823, 2, 2 
5841, 2, 2 
28278, 2, 2 
58821, 2, 2 
53019, 2, 2 
34718, 2, 2 
11896, 2, 2 
37504, 2, 2 
12079, 2, 2 
10739, 2, 2 
19508, 2, 2 
55669, 2, 2 
3917, 2, 2 
54161, 2, 2 
30055, 2, 2 
3890, 2, 2 
34385, 2, 2 
22594, 2, 2 
54271, 2, 2 
9508, 2, 2 
52152, 2, 2 
7528, 2, 2 
53835, 2, 2 
41141, 2, 2 
51547, 2, 2 
10582, 2, 2 
642, 2, 2 
9248, 2, 2 
4111, 2, 2 
4380, 2, 2 
13506, 2, 2 
32768, 2, 2 
8251, 2, 2 
38070, 2, 2 
45420, 2, 2 
48699, 2, 2 
14555, 2, 2 
32709, 2, 2 
18514, 2, 2 
49773, 2, 2 
39488, 2, 2 
22486, 2, 2 
180, 2, 2 
59920, 2, 2 
43850, 2, 2 
31493, 2, 2 
2457, 2, 2 
46546, 2, 2 
3156, 2, 2 
17821, 2, 2 
56394, 2, 2 
25294, 2, 2 
19028, 2, 2 
51983, 2, 2 
23847, 2, 2 
42273, 2, 2 
2337, 2, 2 
7072, 2, 2 
29674, 2, 2 
56049, 2, 2 
4355, 2, 2 
52898, 2, 2 
25069, 2, 2 
19721, 2, 2 
3023, 2, 2 
45047, 2, 2 
2738, 2, 2 
13922, 2, 2 
29167, 2, 2 
36335, 2, 2 
55176, 2, 2 
26688, 2, 2 
4819, 2, 2 
45022, 2, 2 
57096, 2, 2 
17115, 2, 2 
35090, 2, 2 
50546, 2, 2 
32010, 2, 2 
13525, 2, 2 
24321, 2, 2 
35685, 2, 2 
55183, 2, 2 
2234, 2, 2 
8082, 2, 2 
20473, 2, 2 
1246, 2, 2 
58710, 2, 2 
45453, 2, 2 
23691, 2, 2 
5509, 2, 2 
23114, 2, 2 
15475, 2, 2 
27935, 2, 2 
51719, 2, 2 
41294, 2, 2 
44226, 2, 2 
48898, 2, 2 
25136, 2, 2 
28811, 2, 2 
365, 2, 2 
19568, 2, 2 
24450, 2, 2 
25927, 2, 2 
21330, 2, 2 
56188, 2, 2 
33361, 2, 2 
58619, 2, 2 
37812, 2, 2 
2626, 2, 2 
12582, 2, 2 
16857, 2, 2 
23079, 2, 2 
11250, 2, 2 
21194, 2, 2 
5, 2, 2 
57694, 2, 2 
18631, 2, 2 
44898, 2, 2 
18776, 2, 2 
42675, 2, 2 
15016, 2, 2 
55373, 2, 2 
37696, 2, 2 
13844, 2, 2 
47132, 2, 2 
46863, 2, 2 
52456, 2, 2 
50335, 2, 2 
8102, 2, 2 
11299, 2, 2 
33906, 2, 2 
2510, 2, 2 
43371, 2, 2 
25663, 2, 2 
44049, 2, 2 
54062, 3, 3 
47352, 3, 3 
5031, 3, 3 
20965, 3, 3 
13704, 3, 3 
19675, 3, 3 
8406, 3, 3 
27435, 3, 3 
33817, 3, 3 
14789, 3, 3 
54953, 3, 3 
20347, 3, 3 
12920, 3, 3 
26674, 3, 3 
21447, 3, 3 
44216, 3, 3 
24697, 3, 3 
8635, 3, 3 
55179, 3, 3 
53722, 3, 3 
17624, 3, 3 
9466, 3, 3 
58298, 3, 3 
43875, 3, 3 
4866, 3, 3 
39678, 3, 3 
18766, 3, 3 
12307, 3, 3 
17574, 3, 3 
16569, 3, 3 
10807, 3, 3 
13353, 3, 3 
51153, 3, 3 
18997, 3, 3 
10238, 3, 3 
49968, 3, 3 
18244, 3, 3 
4250, 3, 3 
54996, 3, 3 
56437, 3, 3 
55144, 3, 3 
45275, 3, 3 
48783, 3, 3 
46079, 3, 3 
19866, 3, 3 
59964, 3, 3 
34171, 3, 3 
45005, 3, 3 
12225, 3, 3 
51798, 3, 3 
46241, 3, 3 
38627, 3, 3 
2359, 3, 3 
10730, 3, 3 
10966, 3, 3 
11539, 3, 3 
32730, 3, 3 
43817, 3, 3 
34387, 3, 3 
26503, 3, 3 
55419, 3, 3 
5153, 3, 3 
52435, 3, 3 
38755, 3, 3 
36471, 3, 3 
5542, 3, 3 
43393, 3, 3 
57457, 3, 3 
8537, 3, 3 
57739, 3, 3 
45340, 3, 3 
14527, 3, 3 
330, 3, 3 
54983, 3, 3 
36803, 3, 3 
11949, 3, 3 
23829, 3, 3 
50337, 3, 3 
12527, 3, 3 
45656, 3, 3 
53287, 3, 3 
34481, 3, 3 
14087, 3, 3 
34018, 3, 3 
34289, 3, 3 
46692, 3, 3 
18155, 3, 3 
57734, 3, 3 
27763, 3, 3 
20500, 3, 3 
13124, 3, 3 
54892, 3, 3 
59624, 3, 3 
42161, 3, 3 
56474, 3, 3 
10728, 3, 3 
7483, 3, 3 
20222, 3, 3 
27589, 3, 3 
33896, 3, 3 
33491, 3, 3 
54402, 3, 3 
8958, 3, 3 
44373, 3, 3 
49406, 3, 3 
2174, 3, 3 
7778, 3, 3 
5753, 3, 3 
14686, 3, 3 
19234, 3, 3 
45696, 3, 3 
40490, 3, 3 
38712, 3, 3 
48798, 3, 3 
32444, 3, 3 
33772, 3, 3 
6398, 3, 3 
18120, 3, 3 
45801, 3, 3 
45108, 3, 3 
30934, 3, 3 
6543, 3, 3 
5660, 3, 3 
1474, 3, 3 
1981, 3, 3 
40104, 3, 3 
11837, 3, 3 
43448, 3, 3 
21182, 3, 3 
9636, 3, 3 
59242, 3, 3 
31936, 3, 3 
26358, 3, 3 
32409, 3, 3 
37085, 3, 3 
15014, 3, 3 
30423, 3, 3 
42257, 3, 3 
9706, 3, 3 
9680, 3, 3 
58048, 3, 3 
59735, 3, 3 
16296, 3, 3 
28264, 3, 3 
42775, 3, 3 
29476, 3, 3 
47725, 3, 3 
10042, 3, 3 
27527, 3, 3 
36931, 3, 3 
4570, 3, 3 
25174, 3, 3 
29765, 3, 3 
41212, 3, 3 
36409, 3, 3 
27480, 3, 3 
20430, 3, 3 
20737, 3, 3 
34235, 3, 3 
12100, 3, 3 
9779, 3, 3 
41843, 3, 3 
54008, 3, 3 
5388, 3, 3 
23024, 3, 3 
10369, 3, 3 
57781, 3, 3 
7123, 3, 3 
16873, 3, 3 
24176, 3, 3 
50372, 3, 3 
17752, 3, 3 
46592, 3, 3 
34170, 3, 3 
13673, 3, 3 
33568, 3, 3 
43180, 3, 3 
17403, 3, 3 
51469, 3, 3 
35979, 3, 3 
32656, 3, 3 
37368, 3, 3 
1677, 3, 3 
3491, 3, 3 
56975, 3, 3 
53584, 3, 3 
57009, 3, 3 
55874, 3, 3 
14236, 3, 3 
46221, 3, 3 
6405, 3, 3 
39982, 3, 3 
24931, 3, 3 
17699, 3, 3 
35881, 3, 3 
1594, 3, 3 
29013, 3, 3 
23156, 3, 3 
47539, 3, 3 
998, 3, 3 
6500, 3, 3 
857, 3, 3 
41476, 3, 3 
28613, 3, 3 
52931, 3, 3 
53457, 3, 3 
4271, 3, 3 
22894, 3, 3 
50500, 3, 3 
12783, 3, 3 
22625, 3, 3 
23047, 3, 3 
47901, 3, 3 
17993, 3, 3 
2774, 3, 3 
26084, 3, 3 
49985, 3, 3 
57402, 3, 3 
19266, 3, 3 
19855, 3, 3 
52209, 3, 3 
42931, 3, 3 
48599, 3, 3 
42627, 3, 3 
11524, 3, 3 
21487, 3, 3 
10527, 3, 3 
50253, 3, 3 
46563, 3, 3 
56067, 3, 3 
4762, 3, 3 
20708, 3, 3 
12094, 3, 3 
54199, 3, 3 
6059, 3, 3 
17621, 3, 3 
27160, 3, 3 
37943, 3, 3 
48064, 3, 3 
14704, 3, 3 
2127, 3, 3 
5467, 3, 3 
55881, 3, 3 
26364, 3, 3 
25924, 3, 3 
25820, 3, 3 
19368, 3, 3 
49725, 3, 3 
10093, 3, 3 
13675, 3, 3 
59383, 3, 3 
59228, 3, 3 
52994, 3, 3 
12536, 3, 3 
29231, 3, 3 
26412, 3, 3 
46465, 3, 3 
32691, 3, 3 
24095, 3, 3 
50950, 3, 3 
36357, 3, 3 
58550, 3, 3 
5987, 3, 3 
32764, 3, 3 
40463, 3, 3 
1843, 3, 3 
20470, 3, 3 
50195, 3, 3 
36755, 3, 3 
22825, 3, 3 
24281, 3, 3 
26909, 3, 3 
51896, 3, 3 
37578, 3, 3 
12437, 3, 3 
57974, 3, 3 
59356, 3, 3 
53182, 3, 3 
57264, 3, 3 
26534, 3, 3 
55962, 3, 3 
19967, 3, 3 
50214, 3, 3 
37314, 3, 3 
59263, 3, 3 
8684, 3, 3 
56515, 3, 3 
25032, 3, 3 
28796, 3, 3 
48352, 3, 3 
39566, 3, 3 
6467, 3, 3 
55103, 3, 3 
32379, 3, 3 
10137, 3, 3 
56925, 3, 3 
43773, 3, 3 
23634, 3, 3 
6825, 3, 3 
1295, 3, 3 
35649, 3, 3 
49948, 3, 3 
56288, 3, 3 
32398, 3, 3 
12729, 3, 3 
25266, 3, 3 
1357, 3, 3 
46902, 3, 3 
27238, 3, 3 
45407, 3, 3 
3670, 3, 3 
59014, 3, 3 
49286, 3, 3 
17911, 3, 3 
7626, 3, 3 
35744, 3, 3 
17146, 3, 3 
33969, 3, 3 
12344, 3, 3 
13750, 3, 3 
30105, 3, 3 
181, 3, 3 
19579, 3, 3 
27420, 3, 3 
57879, 3, 3 
30398, 3, 3 
45289, 3, 3 
21610, 3, 3 
12490, 3, 3 
5793, 3, 3 
25078, 3, 3 
42024, 3, 3 
52191, 3, 3 
53975, 3, 3 
50726, 3, 3 
36337, 3, 3 
27803, 3, 3 
47461, 3, 3 
12544, 3, 3 
40570, 3, 3 
41968, 3, 3 
43460, 3, 3 
42707, 3, 3 
33239, 3, 3 
58640, 3, 3 
31011, 3, 3 
9812, 3, 3 
48193, 3, 3 
44440, 3, 3 
3699, 3, 3 
17491, 3, 3 
10390, 3, 3 
6182, 3, 3 
45377, 3, 3 
57472, 3, 3 
11138, 3, 3 
50308, 3, 3 
49288, 3, 3 
5738, 3, 3 
8295, 3, 3 
28916, 3, 3 
48163, 3, 3 
30813, 3, 3 
58288, 3, 3 
32017, 3, 3 
48998, 3, 3 
20869, 3, 3 
966, 3, 3 
31311, 3, 3 
45990, 3, 3 
18030, 3, 3 
54704, 3, 3 
44630, 3, 3 
8052, 3, 3 
49287, 3, 3 
32114, 3, 3 
36018, 3, 3 
13740, 3, 3 
35030, 3, 3 
22728, 3, 3 
57291, 3, 3 
32913, 3, 3 
21156, 3, 3 
59328, 3, 3 
18826, 3, 3 
20849, 3, 3 
26222, 3, 3 
8498, 3, 3 
34293, 3, 3 
46555, 3, 3 
107, 3, 3 
30241, 3, 3 
51946, 3, 3 
57195, 3, 3 
38294, 3, 3 
6766, 3, 3 
27553, 3, 3 
35622, 3, 3 
8475, 3, 3 
4719, 3, 3 
7030, 3, 3 
56574, 3, 3 
7634, 3, 3 
34089, 3, 3 
30675, 3, 3 
33722, 3, 3 
8865, 3, 3 
30229, 3, 3 
19307, 3, 3 
36421, 3, 3 
15544, 3, 3 
49117, 3, 3 
40691, 3, 3 
20356, 3, 3 
17318, 3, 3 
24354, 3, 3 
34853, 3, 3 
13647, 3, 3 
32940, 3, 3 
34712, 3, 3 
33962, 3, 3 
31349, 3, 3 
38602, 3, 3 
3824, 3, 3 
25536, 3, 3 
36216, 3, 3 
9006, 3, 3 
49585, 3, 3 
17754, 3, 3 
34862, 3, 3 
9184, 3, 3 
53803, 3, 3 
46600, 3, 3 
18280, 3, 3 
39520, 3, 3 
22069, 3, 3 
17192, 3, 3 
54560, 3, 3 
58667, 3, 3 
25768, 3, 3 
26526, 3, 3 
11797, 3, 3 
19633, 3, 3 
34832, 3, 3 
4742, 3, 3 
46242, 3, 3 
33208, 3, 3 
15412, 3, 3 
28006, 3, 3 
56234, 3, 3 
15227, 3, 3 
7288, 3, 3 
19736, 3, 3 
24747, 3, 3 
48264, 3, 3 
21328, 3, 3 
2076, 3, 3 
40931, 3, 3 
36377, 3, 3 
55334, 3, 3 
4136, 3, 3 
47625, 3, 3 
40385, 3, 3 
37991, 3, 3 
33445, 3, 3 
46570, 3, 3 
2587, 3, 3 
48788, 3, 3 
25431, 3, 3 
50067, 3, 3 
2564, 3, 3 
52543, 3, 3 
55932, 3, 3 
24680, 3, 3 
52785, 3, 3 
40298, 3, 3 
37572, 3, 3 
15053, 3, 3 
16071, 3, 3 
2531, 3, 3 
44478, 3, 3 
56139, 3, 3 
48817, 3, 3 
43573, 3, 3 
56053, 3, 3 
18453, 3, 3 
50603, 3, 3 
52240, 3, 3 
40301, 3, 3 
58855, 3, 3 
1588, 3, 3 
19348, 3, 3 
12153, 3, 3 
11804, 3, 3 
24248, 3, 3 
32275, 3, 3 
35349, 3, 3 
45862, 3, 3 
9511, 3, 3 
6420, 3, 3 
21664, 4, 4 
8298, 4, 4 
54171, 4, 4 
58843, 4, 4 
3351, 4, 4 
26288, 4, 4 
57589, 4, 4 
7350, 4, 4 
51350, 4, 4 
12870, 4, 4 
271, 4, 4 
3239, 4, 4 
57035, 4, 4 
14885, 4, 4 
3458, 4, 4 
56364, 4, 4 
55025, 4, 4 
48288, 4, 4 
57747, 4, 4 
48535, 4, 4 
16985, 4, 4 
11512, 4, 4 
41680, 4, 4 
18560, 4, 4 
26494, 4, 4 
20262, 4, 4 
59451, 4, 4 
54347, 4, 4 
53602, 4, 4 
31083, 4, 4 
37257, 4, 4 
51403, 4, 4 
35656, 4, 4 
58559, 4, 4 
46894, 4, 4 
54748, 4, 4 
22403, 4, 4 
43291, 4, 4 
24032, 4, 4 
49078, 4, 4 
4180, 4, 4 
10525, 4, 4 
34192, 4, 4 
21490, 4, 4 
32369, 4, 4 
31814, 4, 4 
52729, 4, 4 
47086, 4, 4 
37645, 4, 4 
39117, 4, 4 
39486, 4, 4 
25668, 4, 4 
55136, 4, 4 
52015, 4, 4 
37388, 4, 4 
988, 4, 4 
46164, 4, 4 
43954, 4, 4 
51926, 4, 4 
12256, 4, 4 
27901, 4, 4 
38822, 4, 4 
40723, 4, 4 
11861, 4, 4 
23269, 4, 4 
42167, 4, 4 
59169, 4, 4 
26192, 4, 4 
14652, 4, 4 
32384, 4, 4 
2467, 4, 4 
25180, 4, 4 
991, 4, 4 
36017, 4, 4 
692, 4, 4 
54379, 4, 4 
412, 4, 4 
2829, 4, 4 
9547, 4, 4 
3753, 4, 4 
20634, 4, 4 
42411, 4, 4 
28655, 4, 4 
38496, 4, 4 
47089, 4, 4 
43152, 4, 4 
2052, 4, 4 
57382, 4, 4 
36632, 4, 4 
39435, 4, 4 
2458, 4, 4 
58994, 4, 4 
54991, 4, 4 
2190, 4, 4 
44496, 4, 4 
26296, 4, 4 
24039, 4, 4 
9626, 4, 4 
19727, 4, 4 
21017, 4, 4 
29590, 4, 4 
30215, 4, 4 
1280, 4, 4 
15916, 4, 4 
6256, 4, 4 
40955, 4, 4 
413, 4, 4 
55821, 4, 4 
46777, 4, 4 
21817, 4, 4 
53622, 4, 4 
14602, 4, 4 
25333, 4, 4 
42471, 4, 4 
25218, 4, 4 
44983, 4, 4 
52437, 4, 4 
34784, 4, 4 
47276, 4, 4 
15283, 4, 4 
31885, 4, 4 
46550, 4, 4 
48522, 4, 4 
21906, 4, 4 
56886, 4, 4 
29864, 4, 4 
24282, 4, 4 
47744, 4, 4 
20529, 4, 4 
35335, 4, 4 
47491, 4, 4 
2157, 4, 4 
53990, 4, 4 
31448, 4, 4 
59905, 4, 4 
45761, 4, 4 
20236, 4, 4 
57443, 4, 4 
32578, 4, 4 
25162, 4, 4 
40910, 4, 4 
49256, 4, 4 
12472, 4, 4 
58105, 4, 4 
50980, 4, 4 
4838, 4, 4 
23306, 4, 4 
58, 4, 4 
21186, 4, 4 
53451, 4, 4 
1079, 4, 4 
44922, 4, 4 
8179, 4, 4 
700, 4, 4 
36053, 4, 4 
3315, 4, 4 
14976, 4, 4 
59179, 4, 4 
12955, 4, 4 
39304, 4, 4 
28800, 4, 4 
47347, 4, 4 
58225, 4, 4 
906, 4, 4 
16802, 4, 4 
26334, 4, 4 
53850, 4, 4 
51693, 4, 4 
39690, 4, 4 
10607, 4, 4 
9353, 4, 4 
23599, 4, 4 
6323, 4, 4 
19357, 4, 4 
4433, 4, 4 
45773, 4, 4 
31305, 4, 4 
15931, 4, 4 
41511, 4, 4 
12291, 4, 4 
31106, 4, 4 
25361, 4, 4 
15668, 4, 4 
25722, 4, 4 
13419, 4, 4 
54918, 4, 4 
54769, 4, 4 
41426, 4, 4 
35418, 4, 4 
46333, 4, 4 
28493, 4, 4 
3039, 4, 4 
44860, 4, 4 
39339, 4, 4 
11652, 4, 4 
50587, 4, 4 
59772, 4, 4 
27213, 4, 4 
33106, 4, 4 
20258, 4, 4 
34144, 4, 4 
33301, 4, 4 
59931, 4, 4 
41093, 4, 4 
35585, 4, 4 
57208, 4, 4 
55976, 4, 4 
27686, 4, 4 
12935, 4, 4 
53988, 4, 4 
24590, 4, 4 
5792, 4, 4 
29739, 4, 4 
53674, 4, 4 
22028, 4, 4 
24642, 4, 4 
24195, 4, 4 
35964, 4, 4 
11434, 4, 4 
52473, 4, 4 
7009, 4, 4 
54814, 4, 4 
49105, 4, 4 
50636, 4, 4 
41818, 4, 4 
23904, 4, 4 
12077, 4, 4 
8673, 4, 4 
13775, 4, 4 
55206, 4, 4 
15563, 4, 4 
2392, 4, 4 
33204, 4, 4 
14621, 4, 4 
30933, 4, 4 
50005, 4, 4 
12247, 4, 4 
43721, 4, 4 
21235, 4, 4 
50314, 4, 4 
42272, 4, 4 
1992, 4, 4 
30861, 4, 4 
27041, 4, 4 
28243, 4, 4 
13850, 4, 4 
15551, 4, 4 
12687, 4, 4 
8534, 4, 4 
10241, 4, 4 
47927, 4, 4 
14047, 4, 4 
13291, 4, 4 
11468, 4, 4 
35780, 4, 4 
7011, 4, 4 
35461, 4, 4 
53025, 4, 4 
52919, 4, 4 
10391, 4, 4 
11770, 4, 4 
47001, 4, 4 
18823, 4, 4 
20346, 4, 4 
55328, 4, 4 
15735, 4, 4 
51893, 4, 4 
38503, 4, 4 
59069, 4, 4 
29631, 4, 4 
5944, 4, 4 
35141, 4, 4 
3091, 4, 4 
54791, 4, 4 
21830, 4, 4 
44447, 4, 4 
58380, 4, 4 
17678, 4, 4 
38373, 4, 4 
56060, 4, 4 
11369, 4, 4 
22652, 4, 4 
39514, 4, 4 
29444, 4, 4 
1094, 4, 4 
31471, 4, 4 
11953, 4, 4 
22563, 4, 4 
29271, 4, 4 
41145, 4, 4 
42620, 4, 4 
7703, 4, 4 
48466, 4, 4 
9145, 4, 4 
27857, 4, 4 
34210, 4, 4 
59874, 4, 4 
23429, 4, 4 
31164, 4, 4 
11460, 4, 4 
33285, 4, 4 
58823, 4, 4 
9029, 4, 4 
56142, 4, 4 
29879, 4, 4 
49102, 4, 4 
10693, 4, 4 
7299, 4, 4 
6448, 4, 4 
8887, 4, 4 
5198, 4, 4 
48595, 4, 4 
59629, 4, 4 
24316, 4, 4 
46128, 4, 4 
30613, 4, 4 
47571, 4, 4 
43473, 4, 4 
32851, 4, 4 
12064, 4, 4 
1541, 4, 4 
19936, 4, 4 
9147, 4, 4 
13009, 4, 4 
57857, 4, 4 
39558, 4, 4 
12197, 4, 4 
50189, 4, 4 
58999, 4, 4 
8458, 4, 4 
23406, 4, 4 
6955, 4, 4 
22402, 4, 4 
32094, 4, 4 
34015, 4, 4 
23201, 4, 4 
52308, 4, 4 
13367, 4, 4 
30005, 4, 4 
43157, 4, 4 
12795, 4, 4 
34354, 4, 4 
12458, 4, 4 
25760, 4, 4 
49722, 4, 4 
50377, 4, 4 
9410, 4, 4 
22985, 4, 4 
48782, 4, 4 
42567, 4, 4 
36384, 4, 4 
51202, 4, 4 
29193, 4, 4 
44386, 4, 4 
41020, 4, 4 
9821, 4, 4 
3608, 4, 4 
3573, 4, 4 
40990, 4, 4 
37988, 4, 4 
36540, 4, 4 
42787, 4, 4 
20211, 4, 4 
52448, 4, 4 
47826, 4, 4 
20633, 4, 4 
12267, 4, 4 
3548, 4, 4 
33473, 4, 4 
26067, 4, 4 
15011, 4, 4 
4097, 4, 4 
31536, 4, 4 
34860, 4, 4 
39375, 4, 4 
55736, 4, 4 
58482, 4, 4 
47109, 4, 4 
4438, 4, 4 
2441, 4, 4 
15840, 4, 4 
25353, 4, 4 
16127, 4, 4 
57126, 4, 4 
33915, 4, 4 
29593, 4, 4 
58390, 4, 4 
5287, 4, 4 
22012, 4, 4 
25887, 4, 4 
30287, 4, 4 
8333, 4, 4 
14274, 4, 4 
43130, 4, 4 
8914, 4, 4 
16551, 4, 4 
46456, 4, 4 
29258, 4, 4 
45778, 4, 4 
21442, 4, 4 
16399, 4, 4 
7296, 4, 4 
38407, 4, 4 
41804, 4, 4 
36202, 4, 4 
2772, 4, 4 
39674, 4, 4 
17268, 4, 4 
9781, 4, 4 
49274, 4, 4 
1545, 4, 4 
11459, 4, 4 
27218, 4, 4 
3639, 4, 4 
6260, 4, 4 
11463, 4, 4 
19484, 4, 4 
33127, 4, 4 
22843, 4, 4 
40402, 4, 4 
53093, 4, 4 
58364, 4, 4 
43068, 4, 4 
17450, 4, 4 
57422, 4, 4 
1196, 4, 4 
13458, 4, 4 
746, 4, 4 
17493, 4, 4 
21581, 4, 4 
2737, 4, 4 
28518, 4, 4 
28159, 4, 4 
29898, 4, 4 
25670, 4, 4 
35363, 4, 4 
8768, 4, 4 
17474, 4, 4 
6753, 4, 4 
50777, 4, 4 
3984, 4, 4 
17045, 4, 4 
47996, 4, 4 
10997, 4, 4 
33552, 4, 4 
25053, 4, 4 
23339, 4, 4 
34468, 4, 4 
58795, 4, 4 
46038, 4, 4 
54637, 4, 4 
4789, 4, 4 
45724, 4, 4 
37961, 4, 4 
16290, 4, 4 
7637, 4, 4 
54264, 4, 4 
59376, 4, 4 
40912, 4, 4 
8061, 4, 4 
882, 4, 4 
51791, 4, 4 
38284, 4, 4 
56856, 4, 4 
12760, 4, 4 
4567, 4, 4 
32761, 4, 4 
23881, 4, 4 
8962, 4, 4 
14537, 4, 4 
20197, 4, 4 
41125, 4, 4 
15787, 4, 4 
22572, 4, 4 
23580, 4, 4 
45590, 4, 4 
9595, 4, 4 
11879, 4, 4 
22085, 4, 4 
22865, 4, 4 
27575, 4, 4 
18867, 4, 4 
21988, 4, 4 
27517, 4, 4 
18724, 4, 4 
41913, 4, 4 
59283, 4, 4 
36548, 4, 4 
31407, 4, 4 
41298, 4, 4 
34545, 4, 4 
11740, 4, 4 
6128, 4, 4 
18365, 4, 4 
32139, 4, 4 
18008, 4, 4 
28237, 4, 4 
25550, 4, 4 
58210, 4, 4 
3183, 4, 4 
3575, 5, 5 
11850, 5, 5 
49558, 5, 5 
34309, 5, 5 
9945, 5, 5 
32646, 5, 5 
18968, 5, 5 
37438, 5, 5 
32750, 5, 5 
53201, 5, 5 
31053, 5, 5 
26913, 5, 5 
49503, 5, 5 
24951, 5, 5 
11817, 5, 5 
5109, 5, 5 
59346, 5, 5 
16993, 5, 5 
10995, 5, 5 
23783, 5, 5 
58723, 5, 5 
26062, 5, 5 
21338, 5, 5 
502, 5, 5 
24330, 5, 5 
23169, 5, 5 
15949, 5, 5 
778, 5, 5 
15655, 5, 5 
45519, 5, 5 
44816, 5, 5 
56116, 5, 5 
6399, 5, 5 
37698, 5, 5 
56765, 5, 5 
22509, 5, 5 
22867, 5, 5 
7443, 5, 5 
29058, 5, 5 
55428, 5, 5 
22020, 5, 5 
2329, 5, 5 
32992, 5, 5 
4416, 5, 5 
23640, 5, 5 
12588, 5, 5 
46489, 5, 5 
5839, 5, 5 
46914, 5, 5 
35602, 5, 5 
4665, 5, 5 
30991, 5, 5 
47319, 5, 5 
40032, 5, 5 
59216, 5, 5 
47444, 5, 5 
6300, 5, 5 
46968, 5, 5 
56119, 5, 5 
36556, 5, 5 
58414, 5, 5 
16120, 5, 5 
53796, 5, 5 
690, 5, 5 
30012, 5, 5 
29021, 5, 5 
16592, 5, 5 
25158, 5, 5 
1991, 5, 5 
17780, 5, 5 
13958, 5, 5 
7246, 5, 5 
31819, 5, 5 
6840, 5, 5 
36407, 5, 5 
48143, 5, 5 
31434, 5, 5 
49905, 5, 5 
3416, 5, 5 
4062, 5, 5 
12376, 5, 5 
54934, 5, 5 
12770, 5, 5 
33077, 5, 5 
21139, 5, 5 
26020, 5, 5 
53844, 5, 5 
51731, 5, 5 
47854, 5, 5 
832, 5, 5 
35151, 5, 5 
52108, 5, 5 
5292, 5, 5 
42753, 5, 5 
32537, 5, 5 
31252, 5, 5 
29712, 5, 5 
12713, 5, 5 
37137, 5, 5 
53479, 5, 5 
52332, 5, 5 
29308, 5, 5 
12574, 5, 5 
6749, 5, 5 
15720, 5, 5 
39831, 5, 5 
13783, 5, 5 
5499, 5, 5 
3535, 5, 5 
11359, 5, 5 
16357, 5, 5 
8178, 5, 5 
46675, 5, 5 
59196, 5, 5 
36658, 5, 5 
26368, 5, 5 
57106, 5, 5 
4760, 5, 5 
31768, 5, 5 
40824, 5, 5 
33294, 5, 5 
38624, 5, 5 
47475, 5, 5 
35545, 5, 5 
16490, 5, 5 
20716, 5, 5 
41144, 5, 5 
29804, 5, 5 
38719, 5, 5 
29155, 5, 5 
7888, 5, 5 
3613, 5, 5 
36091, 5, 5 
44381, 5, 5 
57242, 5, 5 
49476, 5, 5 
5157, 5, 5 
55161, 5, 5 
6177, 5, 5 
37453, 5, 5 
10740, 5, 5 
9858, 5, 5 
2620, 5, 5 
31352, 5, 5 
14672, 5, 5 
5947, 5, 5 
26229, 5, 5 
38792, 5, 5 
59305, 5, 5 
39573, 5, 5 
13264, 5, 5 
12986, 5, 5 
54781, 5, 5 
44928, 5, 5 
16959, 5, 5 
9807, 5, 5 
26363, 5, 5 
51027, 5, 5 
52665, 5, 5 
4752, 5, 5 
53973, 5, 5 
11402, 5, 5 
41390, 5, 5 
51854, 5, 5 
39903, 5, 5 
46180, 5, 5 
15444, 5, 5 
45139, 5, 5 
17567, 5, 5 
10622, 5, 5 
44991, 5, 5 
7845, 5, 5 
26411, 5, 5 
47381, 5, 5 
916, 5, 5 
7444, 5, 5 
59993, 5, 5 
1162, 5, 5 
36918, 5, 5 
47348, 5, 5 
53920, 5, 5 
11397, 5, 5 
36303, 5, 5 
51494, 5, 5 
2405, 5, 5 
19328, 5, 5 
56370, 5, 5 
56277, 5, 5 
39021, 5, 5 
44009, 5, 5 
18508, 5, 5 
55325, 5, 5 
54811, 5, 5 
35903, 5, 5 
53292, 5, 5 
15464, 5, 5 
36722, 5, 5 
19746, 5, 5 
13300, 5, 5 
768, 5, 5 
23434, 5, 5 
38864, 5, 5 
22508, 5, 5 
50570, 5, 5 
18481, 5, 5 
53352, 5, 5 
32052, 5, 5 
17645, 5, 5 
56339, 5, 5 
12638, 5, 5 
37117, 5, 5 
51955, 5, 5 
35462, 5, 5 
25913, 5, 5 
58814, 5, 5 
51473, 5, 5 
13232, 5, 5 
44664, 5, 5 
28952, 5, 5 
52826, 5, 5 
44976, 5, 5 
19396, 5, 5 
10162, 5, 5 
26206, 5, 5 
49995, 5, 5 
18237, 5, 5 
26098, 5, 5 
407, 5, 5 
38932, 5, 5 
34365, 5, 5 
39132, 5, 5 
40473, 5, 5 
23455, 5, 5 
54988, 5, 5 
13716, 5, 5 
45616, 5, 5 
47526, 5, 5 
7249, 5, 5 
41737, 5, 5 
5254, 5, 5 
32393, 5, 5 
32870, 5, 5 
53229, 5, 5 
29912, 5, 5 
53859, 5, 5 
4480, 5, 5 
26320, 5, 5 
54949, 5, 5 
12843, 5, 5 
24421, 5, 5 
51231, 5, 5 
22042, 5, 5 
4309, 5, 5 
21873, 5, 5 
28974, 5, 5 
29384, 5, 5 
39745, 5, 5 
57025, 5, 5 
8569, 5, 5 
16862, 5, 5 
34561, 5, 5 
3204, 5, 5 
27263, 5, 5 
39972, 5, 5 
18470, 5, 5 
52507, 5, 5 
20125, 5, 5 
47955, 5, 5 
16165, 5, 5 
32748, 5, 5 
15144, 5, 5 
38546, 5, 5 
53927, 5, 5 
22030, 5, 5 
21440, 5, 5 
33044, 5, 5 
12816, 5, 5 
8731, 5, 5 
1109, 5, 5 
53617, 5, 5 
50301, 5, 5 
17024, 5, 5 
53647, 5, 5 
1575, 5, 5 
14078, 5, 5 
15819, 5, 5 
52353, 5, 5 
49760, 5, 5 
41241, 5, 5 
43696, 5, 5 
27760, 5, 5 
18123, 5, 5 
46369, 5, 5 
48237, 5, 5 
32570, 5, 5 
7457, 5, 5 
53620, 5, 5 
43585, 5, 5 
43308, 5, 5 
10749, 5, 5 
25178, 5, 5 
59507, 5, 5 
45890, 5, 5 
51792, 5, 5 
28477, 5, 5 
50601, 5, 5 
42652, 5, 5 
4397, 5, 5 
20769, 5, 5 
17578, 5, 5 
24666, 5, 5 
15178, 5, 5 
45256, 5, 5 
16834, 5, 5 
23497, 5, 5 
8639, 5, 5 
57167, 5, 5 
15810, 5, 5 
16356, 5, 5 
11064, 5, 5 
55908, 5, 5 
26517, 5, 5 
2412, 5, 5 
53942, 5, 5 
19390, 5, 5 
40154, 5, 5 
24004, 5, 5 
45482, 5, 5 
36252, 5, 5 
10987, 5, 5 
34811, 5, 5 
57671, 5, 5 
56185, 5, 5 
30903, 5, 5 
51050, 5, 5 
45629, 5, 5 
4625, 5, 5 
43175, 5, 5 
56804, 5, 5 
10008, 5, 5 
23620, 5, 5 
31694, 5, 5 
53978, 5, 5 
25936, 5, 5 
10226, 5, 5 
2248, 5, 5 
20601, 5, 5 
26896, 5, 5 
22720, 5, 5 
24093, 5, 5 
56928, 5, 5 
48046, 5, 5 
5526, 5, 5 
37992, 5, 5 
23105, 5, 5 
182, 5, 5 
23209, 5, 5 
54331, 5, 5 
37070, 5, 5 
56898, 5, 5 
16737, 5, 5 
44506, 5, 5 
14543, 5, 5 
14074, 5, 5 
9159, 5, 5 
19108, 5, 5 
22756, 5, 5 
287, 5, 5 
34463, 5, 5 
36236, 5, 5 
14233, 5, 5 
13345, 5, 5 
12097, 5, 5 
47995, 5, 5 
1514, 5, 5 
11587, 5, 5 
16558, 5, 5 
12701, 5, 5 
25315, 5, 5 
46531, 5, 5 
13796, 5, 5 
36539, 5, 5 
45263, 5, 5 
7103, 5, 5 
41539, 5, 5 
7159, 5, 5 
13279, 5, 5 
12957, 5, 5 
33617, 5, 5 
44830, 5, 5 
39671, 5, 5 
50649, 5, 5 
39335, 5, 5 
14404, 5, 5 
4601, 5, 5 
33528, 5, 5 
22541, 5, 5 
38217, 5, 5 
39910, 5, 5 
17631, 5, 5 
37740, 5, 5 
40268, 5, 5 
17446, 5, 5 
59351, 5, 5 
13466, 5, 5 
4327, 5, 5 
48397, 5, 5 
699, 5, 5 
5719, 5, 5 
16956, 5, 5 
58381, 5, 5 
59201, 5, 5 
12210, 5, 5 
32348, 5, 5 
25223, 5, 5 
4974, 5, 5 
54619, 5, 5 
54470, 5, 5 
46102, 5, 5 
45526, 5, 5 
39940, 5, 5 
1577, 5, 5 
17414, 5, 5 
26607, 5, 5 
41389, 5, 5 
29120, 5, 5 
40669, 5, 5 
59525, 5, 5 
57470, 5, 5 
49784, 5, 5 
18151, 5, 5 
32757, 5, 5 
27043, 5, 5 
23996, 5, 5 
30046, 5, 5 
47825, 5, 5 
28057, 5, 5 
35858, 5, 5 
48659, 5, 5 
30396, 5, 5 
20881, 5, 5 
6984, 5, 5 
36089, 5, 5 
51736, 5, 5 
26381, 5, 5 
57926, 5, 5 
39562, 5, 5 
24180, 5, 5 
22244, 5, 5 
58757, 5, 5 
59850, 5, 5 
45072, 5, 5 
30371, 5, 5 
29781, 5, 5 
14090, 5, 5 
37160, 5, 5 
28384, 5, 5 
32107, 5, 5 
52284, 5, 5 
37983, 5, 5 
17584, 5, 5 
32547, 5, 5 
20586, 5, 5 
50895, 5, 5 
49672, 5, 5 
36888, 5, 5 
48358, 5, 5 
55685, 5, 5 
42287, 5, 5 
7591, 5, 5 
19846, 5, 5 
22845, 5, 5 
49094, 5, 5 
38252, 5, 5 
41208, 5, 5 
52295, 5, 5 
38222, 5, 5 
47146, 5, 5 
55204, 5, 5 
23972, 5, 5 
53408, 5, 5 
27921, 5, 5 
3768, 5, 5 
52767, 5, 5 
23869, 5, 5 
4192, 5, 5 
56407, 5, 5 
14639, 5, 5 
54671, 5, 5 
42046, 5, 5 
9261, 5, 5 
46847, 5, 5 
55818, 5, 5 
47641, 5, 5 
16767, 5, 5 
41186, 5, 5 
9366, 5, 5 
32598, 5, 5 
45052, 5, 5 
49427, 5, 5 
1398, 6, 6 
34529, 6, 6 
22221, 6, 6 
56692, 6, 6 
41538, 6, 6 
19964, 6, 6 
19503, 6, 6 
25010, 6, 6 
56251, 6, 6 
1906, 6, 6 
43908, 6, 6 
39792, 6, 6 
57754, 6, 6 
36903, 6, 6 
51233, 6, 6 
45262, 6, 6 
35184, 6, 6 
57514, 6, 6 
32357, 6, 6 
27850, 6, 6 
29639, 6, 6 
52351, 6, 6 
6313, 6, 6 
26490, 6, 6 
55143, 6, 6 
54570, 6, 6 
31909, 6, 6 
24945, 6, 6 
54255, 6, 6 
28152, 6, 6 
26841, 6, 6 
47705, 6, 6 
53697, 6, 6 
51075, 6, 6 
31289, 6, 6 
1424, 6, 6 
20896, 6, 6 
24577, 6, 6 
58839, 6, 6 
30995, 6, 6 
18576, 6, 6 
7700, 6, 6 
11483, 6, 6 
19218, 6, 6 
27208, 6, 6 
1562, 6, 6 
1617, 6, 6 
51427, 6, 6 
33728, 6, 6 
26900, 6, 6 
35439, 6, 6 
18336, 6, 6 
40862, 6, 6 
9645, 6, 6 
41170, 6, 6 
27796, 6, 6 
7202, 6, 6 
38643, 6, 6 
34539, 6, 6 
5684, 6, 6 
578, 6, 6 
17982, 6, 6 
40541, 6, 6 
21854, 6, 6 
32782, 6, 6 
38661, 6, 6 
41380, 6, 6 
12480, 6, 6 
39455, 6, 6 
43164, 6, 6 
56854, 6, 6 
22665, 6, 6 
32205, 6, 6 
26940, 6, 6 
20253, 6, 6 
421, 6, 6 
41912, 6, 6 
47911, 6, 6 
59548, 6, 6 
48821, 6, 6 
44801, 6, 6 
38421, 6, 6 
53827, 6, 6 
38514, 6, 6 
40036, 6, 6 
18678, 6, 6 
47269, 6, 6 
51293, 6, 6 
31232, 6, 6 
3772, 6, 6 
19571, 6, 6 
8898, 6, 6 
59000, 6, 6 
6907, 6, 6 
9239, 6, 6 
29944, 6, 6 
42361, 6, 6 
9659, 6, 6 
56641, 6, 6 
5230, 6, 6 
3325, 6, 6 
40757, 6, 6 
15370, 6, 6 
30454, 6, 6 
22953, 6, 6 
33584, 6, 6 
33919, 6, 6 
54018, 6, 6 
6854, 6, 6 
36702, 6, 6 
37292, 6, 6 
3985, 6, 6 
22615, 6, 6 
17619, 6, 6 
34121, 6, 6 
9042, 6, 6 
3136, 6, 6 
7559, 6, 6 
20113, 6, 6 
15826, 6, 6 
26654, 6, 6 
18376, 6, 6 
55754, 6, 6 
18971, 6, 6 
27415, 6, 6 
40661, 6, 6 
33264, 6, 6 
7291, 6, 6 
9860, 6, 6 
58863, 6, 6 
42856, 6, 6 
8057, 6, 6 
43263, 6, 6 
25165, 6, 6 
19356, 6, 6 
8105, 6, 6 
14732, 6, 6 
20076, 6, 6 
20647, 6, 6 
58382, 6, 6 
52578, 6, 6 
25204, 6, 6 
25777, 6, 6 
31623, 6, 6 
24016, 6, 6 
34897, 6, 6 
6085, 6, 6 
31708, 6, 6 
14583, 6, 6 
20808, 6, 6 
3089, 6, 6 
18292, 6, 6 
49930, 6, 6 
20572, 6, 6 
54933, 6, 6 
46511, 6, 6 
1536, 6, 6 
39589, 6, 6 
15348, 6, 6 
57346, 6, 6 
30576, 6, 6 
14339, 6, 6 
51619, 6, 6 
8145, 6, 6 
7549, 6, 6 
1092, 6, 6 
57419, 6, 6 
10996, 6, 6 
4198, 6, 6 
8688, 6, 6 
35935, 6, 6 
57565, 6, 6 
48707, 6, 6 
165, 6, 6 
51965, 6, 6 
14952, 6, 6 
39332, 6, 6 
2214, 6, 6 
45104, 6, 6 
56899, 6, 6 
34189, 6, 6 
58869, 6, 6 
7490, 6, 6 
53993, 6, 6 
52725, 6, 6 
45067, 6, 6 
33102, 6, 6 
27496, 6, 6 
47778, 6, 6 
12452, 6, 6 
23139, 6, 6 
15714, 6, 6 
4408, 6, 6 
29970, 6, 6 
1493, 6, 6 
9556, 6, 6 
35682, 6, 6 
20892, 6, 6 
46167, 6, 6 
44715, 6, 6 
39567, 6, 6 
38308, 6, 6 
7593, 6, 6 
11253, 6, 6 
53068, 6, 6 
31343, 6, 6 
36792, 6, 6 
41690, 6, 6 
26482, 6, 6 
20480, 6, 6 
48328, 6, 6 
4231, 6, 6 
19627, 6, 6 
51507, 6, 6 
38114, 6, 6 
33693, 6, 6 
21929, 6, 6 
43166, 6, 6 
14374, 6, 6 
536, 6, 6 
36570, 6, 6 
44201, 6, 6 
26052, 6, 6 
52198, 6, 6 
31752, 6, 6 
794, 6, 6 
29917, 6, 6 
26186, 6, 6 
45300, 6, 6 
13731, 6, 6 
21348, 6, 6 
26729, 6, 6 
41631, 6, 6 
19048, 6, 6 
52598, 6, 6 
5553, 6, 6 
58842, 6, 6 
42847, 6, 6 
21030, 6, 6 
54153, 6, 6 
48086, 6, 6 
49633, 6, 6 
22277, 6, 6 
28415, 6, 6 
28249, 6, 6 
54332, 6, 6 
45241, 6, 6 
5566, 6, 6 
21290, 6, 6 
42942, 6, 6 
12290, 6, 6 
22830, 6, 6 
9909, 6, 6 
56562, 6, 6 
8667, 6, 6 
32658, 6, 6 
21838, 6, 6 
56130, 6, 6 
37336, 6, 6 
759, 6, 6 
17332, 6, 6 
9596, 6, 6 
13351, 6, 6 
14747, 6, 6 
30444, 6, 6 
26622, 6, 6 
56582, 6, 6 
47026, 6, 6 
3139, 6, 6 
46441, 6, 6 
50934, 6, 6 
27934, 6, 6 
8697, 6, 6 
25520, 6, 6 
31981, 6, 6 
5121, 6, 6 
50836, 6, 6 
9201, 6, 6 
20931, 6, 6 
19349, 6, 6 
40229, 6, 6 
13389, 6, 6 
26524, 6, 6 
53311, 6, 6 
59029, 6, 6 
31645, 6, 6 
11062, 6, 6 
33484, 6, 6 
3700, 6, 6 
51213, 6, 6 
2637, 6, 6 
41793, 6, 6 
21004, 6, 6 
7759, 6, 6 
41459, 6, 6 
57075, 6, 6 
9802, 6, 6 
7684, 6, 6 
37356, 6, 6 
24948, 6, 6 
59770, 6, 6 
52976, 6, 6 
2178, 6, 6 
27217, 6, 6 
39431, 6, 6 
25559, 6, 6 
21599, 6, 6 
59848, 6, 6 
10135, 6, 6 
6159, 6, 6 
55289, 6, 6 
40889, 6, 6 
38761, 6, 6 
50242, 6, 6 
44336, 6, 6 
35169, 6, 6 
43697, 6, 6 
44617, 6, 6 
50125, 6, 6 
55077, 6, 6 
2093, 6, 6 
27981, 6, 6 
19946, 6, 6 
12977, 6, 6 
10224, 6, 6 
53389, 6, 6 
15843, 6, 6 
45265, 6, 6 
21025, 6, 6 
56186, 6, 6 
50823, 6, 6 
57490, 6, 6 
9389, 6, 6 
9316, 6, 6 
23720, 6, 6 
11684, 6, 6 
49233, 6, 6 
42975, 6, 6 
23223, 6, 6 
6574, 6, 6 
50818, 6, 6 
9798, 6, 6 
48006, 6, 6 
38491, 6, 6 
35844, 6, 6 
8822, 6, 6 
50776, 6, 6 
37542, 6, 6 
26521, 6, 6 
49699, 6, 6 
3449, 6, 6 
28978, 6, 6 
47454, 6, 6 
37254, 6, 6 
24441, 6, 6 
38578, 6, 6 
7717, 6, 6 
42381, 6, 6 
35411, 6, 6 
55367, 6, 6 
59785, 6, 6 
17164, 6, 6 
45090, 6, 6 
55379, 6, 6 
20156, 6, 6 
6239, 6, 6 
2158, 6, 6 
19488, 6, 6 
44879, 6, 6 
9379, 6, 6 
49959, 6, 6 
30343, 6, 6 
57519, 6, 6 
49970, 6, 6 
13927, 6, 6 
50506, 6, 6 
44441, 6, 6 
13357, 6, 6 
2519, 6, 6 
25430, 6, 6 
44463, 6, 6 
23487, 6, 6 
42723, 6, 6 
10036, 6, 6 
34697, 6, 6 
5290, 6, 6 
45335, 6, 6 
45157, 6, 6 
17416, 6, 6 
13860, 6, 6 
25769, 6, 6 
28382, 6, 6 
43304, 6, 6 
54206, 6, 6 
6343, 6, 6 
32866, 6, 6 
59687, 6, 6 
31268, 6, 6 
14666, 6, 6 
4867, 6, 6 
6963, 6, 6 
45368, 6, 6 
39947, 6, 6 
52029, 6, 6 
50146, 6, 6 
40105, 6, 6 
37707, 6, 6 
52859, 6, 6 
43800, 6, 6 
26483, 6, 6 
58271, 6, 6 
10419, 6, 6 
22383, 6, 6 
892, 6, 6 
46559, 6, 6 
51386, 6, 6 
39180, 6, 6 
35601, 6, 6 
11289, 6, 6 
57756, 6, 6 
40019, 6, 6 
17863, 6, 6 
55066, 6, 6 
49613, 6, 6 
15004, 6, 6 
8481, 6, 6 
36636, 6, 6 
30741, 6, 6 
22339, 6, 6 
54523, 6, 6 
57036, 6, 6 
9517, 6, 6 
11915, 6, 6 
13587, 6, 6 
30878, 6, 6 
24423, 6, 6 
40828, 6, 6 
6486, 6, 6 
11819, 6, 6 
33258, 6, 6 
49539, 6, 6 
36403, 6, 6 
18275, 6, 6 
35846, 6, 6 
52858, 6, 6 
6800, 6, 6 
38379, 6, 6 
15448, 6, 6 
5780, 6, 6 
50168, 6, 6 
32978, 6, 6 
59754, 6, 6 
31255, 6, 6 
44011, 6, 6 
58438, 6, 6 
12423, 6, 6 
36838, 6, 6 
4188, 6, 6 
56022, 6, 6 
41439, 6, 6 
24827, 6, 6 
59226, 6, 6 
8929, 6, 6 
15708, 6, 6 
12887, 6, 6 
33034, 6, 6 
43620, 6, 6 
39250, 6, 6 
10307, 6, 6 
28467, 6, 6 
14405, 6, 6 
2884, 6, 6 
29138, 6, 6 
41899, 6, 6 
6373, 6, 6 
2602, 6, 6 
38390, 6, 6 
11964, 6, 6 
9254, 6, 6 
23125, 6, 6 
44605, 6, 6 
12359, 6, 6 
16506, 6, 6 
38460, 6, 6 
44963, 6, 6 
24750, 6, 6 
54618, 6, 6 
13427, 6, 6 
37523, 6, 6 
14909, 6, 6 
13431, 6, 6 
42843, 6, 6 
53359, 6, 6 
49915, 6, 6 
19309, 6, 6 
14330, 6, 6 
7401, 6, 6 
30168, 6, 6 
41572, 6, 6 
13709, 6, 6 
34446, 7, 7 
11400, 7, 7 
33627, 7, 7 
2161, 7, 7 
16641, 7, 7 
40211, 7, 7 
20162, 7, 7 
46879, 7, 7 
54256, 7, 7 
33796, 7, 7 
30428, 7, 7 
11564, 7, 7 
31850, 7, 7 
37753, 7, 7 
9097, 7, 7 
53911, 7, 7 
45835, 7, 7 
9086, 7, 7 
58950, 7, 7 
8364, 7, 7 
4421, 7, 7 
42619, 7, 7 
11254, 7, 7 
7028, 7, 7 
2743, 7, 7 
45428, 7, 7 
46119, 7, 7 
26575, 7, 7 
24228, 7, 7 
9022, 7, 7 
55266, 7, 7 
54477, 7, 7 
17533, 7, 7 
12428, 7, 7 
56410, 7, 7 
26337, 7, 7 
22416, 7, 7 
27827, 7, 7 
33612, 7, 7 
34110, 7, 7 
22759, 7, 7 
4130, 7, 7 
46171, 7, 7 
52735, 7, 7 
42876, 7, 7 
30264, 7, 7 
50972, 7, 7 
36302, 7, 7 
6091, 7, 7 
7304, 7, 7 
51916, 7, 7 
47180, 7, 7 
26232, 7, 7 
37878, 7, 7 
49867, 7, 7 
7769, 7, 7 
22346, 7, 7 
23433, 7, 7 
58690, 7, 7 
12601, 7, 7 
17979, 7, 7 
31374, 7, 7 
52730, 7, 7 
45392, 7, 7 
9082, 7, 7 
56670, 7, 7 
41941, 7, 7 
14750, 7, 7 
48247, 7, 7 
30801, 7, 7 
14866, 7, 7 
58750, 7, 7 
51141, 7, 7 
25140, 7, 7 
6666, 7, 7 
59664, 7, 7 
24171, 7, 7 
57414, 7, 7 
42204, 7, 7 
55238, 7, 7 
40242, 7, 7 
50884, 7, 7 
50234, 7, 7 
8198, 7, 7 
4226, 7, 7 
34702, 7, 7 
52137, 7, 7 
35291, 7, 7 
36404, 7, 7 
14360, 7, 7 
35711, 7, 7 
13637, 7, 7 
45060, 7, 7 
42, 7, 7 
617, 7, 7 
22454, 7, 7 
11516, 7, 7 
44353, 7, 7 
1332, 7, 7 
48050, 7, 7 
1088, 7, 7 
29512, 7, 7 
48333, 7, 7 
36580, 7, 7 
33082, 7, 7 
59812, 7, 7 
20206, 7, 7 
24700, 7, 7 
8516, 7, 7 
18289, 7, 7 
34564, 7, 7 
46081, 7, 7 
5472, 7, 7 
49125, 7, 7 
55915, 7, 7 
57555, 7, 7 
30912, 7, 7 
28670, 7, 7 
9582, 7, 7 
7849, 7, 7 
32347, 7, 7 
19257, 7, 7 
14841, 7, 7 
29652, 7, 7 
54964, 7, 7 
25128, 7, 7 
16288, 7, 7 
27716, 7, 7 
436, 7, 7 
30541, 7, 7 
32988, 7, 7 
19284, 7, 7 
31460, 7, 7 
33717, 7, 7 
55480, 7, 7 
12597, 7, 7 
20226, 7, 7 
6432, 7, 7 
31391, 7, 7 
26755, 7, 7 
31882, 7, 7 
33335, 7, 7 
55439, 7, 7 
9747, 7, 7 
26945, 7, 7 
4372, 7, 7 
32197, 7, 7 
43725, 7, 7 
55021, 7, 7 
17961, 7, 7 
17532, 7, 7 
36472, 7, 7 
6965, 7, 7 
1216, 7, 7 
45020, 7, 7 
31799, 7, 7 
23607, 7, 7 
29954, 7, 7 
49644, 7, 7 
38338, 7, 7 
34207, 7, 7 
12628, 7, 7 
24935, 7, 7 
35839, 7, 7 
13665, 7, 7 
55346, 7, 7 
47117, 7, 7 
6623, 7, 7 
2985, 7, 7 
41851, 7, 7 
36307, 7, 7 
19372, 7, 7 
31712, 7, 7 
49024, 7, 7 
56895, 7, 7 
17228, 7, 7 
14231, 7, 7 
38213, 7, 7 
44257, 7, 7 
377, 7, 7 
14536, 7, 7 
46048, 7, 7 
59988, 7, 7 
10573, 7, 7 
17955, 7, 7 
31219, 7, 7 
422, 7, 7 
34445, 7, 7 
42831, 7, 7 
50392, 7, 7 
41365, 7, 7 
17443, 7, 7 
20576, 7, 7 
40470, 7, 7 
44774, 7, 7 
5446, 7, 7 
34670, 7, 7 
36465, 7, 7 
36003, 7, 7 
4331, 7, 7 
53261, 7, 7 
35450, 7, 7 
20532, 7, 7 
7229, 7, 7 
40357, 7, 7 
28869, 7, 7 
58701, 7, 7 
567, 7, 7 
6818, 7, 7 
42772, 7, 7 
38781, 7, 7 
49056, 7, 7 
53679, 7, 7 
31826, 7, 7 
5283, 7, 7 
28061, 7, 7 
42784, 7, 7 
50655, 7, 7 
45159, 7, 7 
45382, 7, 7 
53525, 7, 7 
45143, 7, 7 
57405, 7, 7 
47399, 7, 7 
38598, 7, 7 
59767, 7, 7 
49812, 7, 7 
40937, 7, 7 
38437, 7, 7 
51832, 7, 7 
58185, 7, 7 
3059, 7, 7 
59048, 7, 7 
7125, 7, 7 
50992, 7, 7 
25469, 7, 7 
24675, 7, 7 
44574, 7, 7 
38534, 7, 7 
8020, 7, 7 
5447, 7, 7 
5657, 7, 7 
58349, 7, 7 
41168, 7, 7 
44005, 7, 7 
17373, 7, 7 
26271, 7, 7 
17267, 7, 7 
37508, 7, 7 
29423, 7, 7 
53624, 7, 7 
56915, 7, 7 
8758, 7, 7 
20498, 7, 7 
22858, 7, 7 
34278, 7, 7 
19572, 7, 7 
521, 7, 7 
1082, 7, 7 
17380, 7, 7 
49531, 7, 7 
58907, 7, 7 
59842, 7, 7 
4266, 7, 7 
28696, 7, 7 
36713, 7, 7 
15952, 7, 7 
46132, 7, 7 
44042, 7, 7 
42466, 7, 7 
21701, 7, 7 
34265, 7, 7 
53770, 7, 7 
21518, 7, 7 
14348, 7, 7 
27647, 7, 7 
15923, 7, 7 
18757, 7, 7 
52, 7, 7 
28632, 7, 7 
43384, 7, 7 
16197, 7, 7 
30913, 7, 7 
28575, 7, 7 
45691, 7, 7 
25110, 7, 7 
30065, 7, 7 
44246, 7, 7 
44254, 7, 7 
12048, 7, 7 
42057, 7, 7 
30432, 7, 7 
22498, 7, 7 
7301, 7, 7 
54497, 7, 7 
17946, 7, 7 
34568, 7, 7 
33459, 7, 7 
21322, 7, 7 
19057, 7, 7 
43998, 7, 7 
32104, 7, 7 
6333, 7, 7 
9198, 7, 7 
7437, 7, 7 
11798, 7, 7 
42451, 7, 7 
58733, 7, 7 
47829, 7, 7 
25877, 7, 7 
9888, 7, 7 
23711, 7, 7 
45637, 7, 7 
19183, 7, 7 
56438, 7, 7 
59953, 7, 7 
13131, 7, 7 
45466, 7, 7 
11220, 7, 7 
45744, 7, 7 
15172, 7, 7 
50697, 7, 7 
54218, 7, 7 
29117, 7, 7 
15740, 7, 7 
5769, 7, 7 
48829, 7, 7 
43627, 7, 7 
16401, 7, 7 
40906, 7, 7 
3246, 7, 7 
20214, 7, 7 
23442, 7, 7 
103, 7, 7 
32551, 7, 7 
16623, 7, 7 
23715, 7, 7 
8143, 7, 7 
9382, 7, 7 
40822, 7, 7 
27561, 7, 7 
39038, 7, 7 
59264, 7, 7 
24159, 7, 7 
25308, 7, 7 
24259, 7, 7 
19534, 7, 7 
5302, 7, 7 
49635, 7, 7 
44570, 7, 7 
31330, 7, 7 
43361, 7, 7 
1944, 7, 7 
40415, 7, 7 
31550, 7, 7 
52528, 7, 7 
4395, 7, 7 
8401, 7, 7 
51691, 7, 7 
20004, 7, 7 
55426, 7, 7 
50903, 7, 7 
28201, 7, 7 
59405, 7, 7 
53944, 7, 7 
36069, 7, 7 
16809, 7, 7 
47677, 7, 7 
7384, 7, 7 
14833, 7, 7 
13767, 7, 7 
10835, 7, 7 
26004, 7, 7 
41236, 7, 7 
1072, 7, 7 
1127, 7, 7 
49361, 7, 7 
58140, 7, 7 
18002, 7, 7 
36430, 7, 7 
59724, 7, 7 
13513, 7, 7 
55329, 7, 7 
38246, 7, 7 
16594, 7, 7 
32099, 7, 7 
27950, 7, 7 
8698, 7, 7 
7869, 7, 7 
1480, 7, 7 
57652, 7, 7 
10969, 7, 7 
37064, 7, 7 
11810, 7, 7 
26829, 7, 7 
33676, 7, 7 
23153, 7, 7 
17798, 7, 7 
12025, 7, 7 
14850, 7, 7 
59124, 7, 7 
36760, 7, 7 
15260, 7, 7 
54871, 7, 7 
41571, 7, 7 
10651, 7, 7 
55210, 7, 7 
38149, 7, 7 
26234, 7, 7 
57504, 7, 7 
2658, 7, 7 
11534, 7, 7 
43533, 7, 7 
30359, 7, 7 
34485, 7, 7 
57357, 7, 7 
35834, 7, 7 
39659, 7, 7 
56285, 7, 7 
43382, 7, 7 
18427, 7, 7 
59246, 7, 7 
29382, 7, 7 
59830, 7, 7 
3324, 7, 7 
39013, 7, 7 
31576, 7, 7 
26322, 7, 7 
46888, 7, 7 
13410, 7, 7 
20158, 7, 7 
48992, 7, 7 
14718, 7, 7 
39969, 7, 7 
15327, 7, 7 
23283, 7, 7 
14076, 7, 7 
33798, 7, 7 
16133, 7, 7 
12865, 7, 7 
22301, 7, 7 
25506, 7, 7 
54669, 7, 7 
20043, 7, 7 
9356, 7, 7 
24315, 7, 7 
59682, 7, 7 
39048, 7, 7 
54863, 7, 7 
22626, 7, 7 
22796, 7, 7 
13391, 7, 7 
19658, 7, 7 
36136, 7, 7 
11372, 7, 7 
185, 7, 7 
57609, 7, 7 
49571, 7, 7 
57372, 7, 7 
5946, 7, 7 
48377, 7, 7 
41148, 7, 7 
25079, 7, 7 
8954, 7, 7 
55759, 7, 7 
13123, 7, 7 
14395, 7, 7 
37550, 7, 7 
38908, 7, 7 
14663, 7, 7 
49551, 7, 7 
7255, 7, 7 
11159, 7, 7 
26021, 7, 7 
38255, 7, 7 
48125, 7, 7 
36385, 7, 7 
2673, 7, 7 
24041, 7, 7 
34835, 7, 7 
13915, 7, 7 
58524, 7, 7 
263, 7, 7 
8913, 7, 7 
50380, 7, 7 
23445, 7, 7 
9426, 7, 7 
599, 7, 7 
28926, 7, 7 
29888, 7, 7 
31991, 7, 7 
47568, 7, 7 
3405, 7, 7 
55270, 7, 7 
52008, 7, 7 
38278, 7, 7 
49806, 7, 7 
37133, 7, 7 
25871, 7, 7 
37834, 7, 7 
10905, 8, 8 
32166, 8, 8 
24760, 8, 8 
40064, 8, 8 
28719, 8, 8 
28342, 8, 8 
17179, 8, 8 
13920, 8, 8 
51291, 8, 8 
17055, 8, 8 
5521, 8, 8 
17950, 8, 8 
34804, 8, 8 
59949, 8, 8 
37396, 8, 8 
53006, 8, 8 
47201, 8, 8 
36299, 8, 8 
56978, 8, 8 
17975, 8, 8 
32468, 8, 8 
39389, 8, 8 
36598, 8, 8 
21046, 8, 8 
1105, 8, 8 
26666, 8, 8 
3114, 8, 8 
42313, 8, 8 
45168, 8, 8 
20204, 8, 8 
17128, 8, 8 
8867, 8, 8 
48726, 8, 8 
41564, 8, 8 
42076, 8, 8 
19906, 8, 8 
34738, 8, 8 
17609, 8, 8 
34968, 8, 8 
32352, 8, 8 
24460, 8, 8 
35353, 8, 8 
21659, 8, 8 
32261, 8, 8 
57826, 8, 8 
34820, 8, 8 
47151, 8, 8 
22532, 8, 8 
44203, 8, 8 
4370, 8, 8 
20559, 8, 8 
58734, 8, 8 
43519, 8, 8 
38423, 8, 8 
48658, 8, 8 
41231, 8, 8 
8507, 8, 8 
36387, 8, 8 
48588, 8, 8 
5977, 8, 8 
28902, 8, 8 
15321, 8, 8 
46719, 8, 8 
30967, 8, 8 
40945, 8, 8 
46223, 8, 8 
23143, 8, 8 
21723, 8, 8 
49804, 8, 8 
44442, 8, 8 
48743, 8, 8 
47304, 8, 8 
23669, 8, 8 
57773, 8, 8 
19079, 8, 8 
12936, 8, 8 
36034, 8, 8 
1384, 8, 8 
22281, 8, 8 
3243, 8, 8 
8366, 8, 8 
31103, 8, 8 
43558, 8, 8 
24101, 8, 8 
30771, 8, 8 
45746, 8, 8 
43968, 8, 8 
817, 8, 8 
972, 8, 8 
51841, 8, 8 
52493, 8, 8 
46018, 8, 8 
22924, 8, 8 
2067, 8, 8 
54352, 8, 8 
8269, 8, 8 
40106, 8, 8 
50040, 8, 8 
51094, 8, 8 
55674, 8, 8 
23253, 8, 8 
5537, 8, 8 
7076, 8, 8 
45649, 8, 8 
29729, 8, 8 
58776, 8, 8 
8242, 8, 8 
12043, 8, 8 
40579, 8, 8 
22469, 8, 8 
3825, 8, 8 
15988, 8, 8 
47136, 8, 8 
20269, 8, 8 
40687, 8, 8 
14406, 8, 8 
4052, 8, 8 
32218, 8, 8 
43271, 8, 8 
29132, 8, 8 
28699, 8, 8 
46034, 8, 8 
9358, 8, 8 
8045, 8, 8 
37184, 8, 8 
12369, 8, 8 
2378, 8, 8 
48693, 8, 8 
52157, 8, 8 
3619, 8, 8 
31938, 8, 8 
50548, 8, 8 
22150, 8, 8 
7908, 8, 8 
48773, 8, 8 
36845, 8, 8 
13597, 8, 8 
28682, 8, 8 
14162, 8, 8 
30172, 8, 8 
23509, 8, 8 
17096, 8, 8 
16611, 8, 8 
56286, 8, 8 
197, 8, 8 
39882, 8, 8 
935, 8, 8 
42291, 8, 8 
18272, 8, 8 
20560, 8, 8 
16373, 8, 8 
42266, 8, 8 
27076, 8, 8 
12084, 8, 8 
47328, 8, 8 
11161, 8, 8 
2833, 8, 8 
34150, 8, 8 
13386, 8, 8 
59505, 8, 8 
42331, 8, 8 
56952, 8, 8 
13866, 8, 8 
55807, 8, 8 
37783, 8, 8 
15678, 8, 8 
24954, 8, 8 
18310, 8, 8 
57263, 8, 8 
40939, 8, 8 
51576, 8, 8 
57352, 8, 8 
39322, 8, 8 
57200, 8, 8 
38510, 8, 8 
20905, 8, 8 
35018, 8, 8 
35123, 8, 8 
50765, 8, 8 
3616, 8, 8 
39865, 8, 8 
10981, 8, 8 
53506, 8, 8 
43299, 8, 8 
29751, 8, 8 
51746, 8, 8 
24578, 8, 8 
9564, 8, 8 
28892, 8, 8 
2302, 8, 8 
16785, 8, 8 
23674, 8, 8 
6390, 8, 8 
39419, 8, 8 
47989, 8, 8 
45576, 8, 8 
469, 8, 8 
50171, 8, 8 
49496, 8, 8 
13592, 8, 8 
11351, 8, 8 
52632, 8, 8 
28742, 8, 8 
7799, 8, 8 
31060, 8, 8 
40089, 8, 8 
52241, 8, 8 
34921, 8, 8 
4700, 8, 8 
27294, 8, 8 
19879, 8, 8 
2400, 8, 8 
6728, 8, 8 
51158, 8, 8 
52612, 8, 8 
32116, 8, 8 
46876, 8, 8 
26203, 8, 8 
52764, 8, 8 
44320, 8, 8 
9769, 8, 8 
29634, 8, 8 
47634, 8, 8 
44061, 8, 8 
45710, 8, 8 
8859, 8, 8 
5009, 8, 8 
51326, 8, 8 
53150, 8, 8 
25582, 8, 8 
53933, 8, 8 
4388, 8, 8 
35783, 8, 8 
34763, 8, 8 
50106, 8, 8 
53099, 8, 8 
42737, 8, 8 
30985, 8, 8 
37488, 8, 8 
38977, 8, 8 
29082, 8, 8 
43322, 8, 8 
19041, 8, 8 
26532, 8, 8 
39647, 8, 8 
34785, 8, 8 
13103, 8, 8 
41699, 8, 8 
38251, 8, 8 
10895, 8, 8 
11734, 8, 8 
30026, 8, 8 
56894, 8, 8 
45968, 8, 8 
18835, 8, 8 
43945, 8, 8 
20640, 8, 8 
19128, 8, 8 
18811, 8, 8 
13803, 8, 8 
20859, 8, 8 
57133, 8, 8 
42297, 8, 8 
4348, 8, 8 
28802, 8, 8 
9165, 8, 8 
24641, 8, 8 
17667, 8, 8 
15424, 8, 8 
48007, 8, 8 
54726, 8, 8 
35375, 8, 8 
41035, 8, 8 
21395, 8, 8 
47100, 8, 8 
11704, 8, 8 
49238, 8, 8 
59813, 8, 8 
26043, 8, 8 
51424, 8, 8 
40808, 8, 8 
13004, 8, 8 
42688, 8, 8 
31474, 8, 8 
47331, 8, 8 
38858, 8, 8 
1616, 8, 8 
5916, 8, 8 
2476, 8, 8 
37130, 8, 8 
59884, 8, 8 
2077, 8, 8 
37755, 8, 8 
27027, 8, 8 
12594, 8, 8 
14013, 8, 8 
17721, 8, 8 
49033, 8, 8 
59581, 8, 8 
41952, 8, 8 
51431, 8, 8 
58334, 8, 8 
35044, 8, 8 
29886, 8, 8 
24558, 8, 8 
3273, 8, 8 
50860, 8, 8 
48055, 8, 8 
11950, 8, 8 
21389, 8, 8 
10012, 8, 8 
11506, 8, 8 
25455, 8, 8 
54308, 8, 8 
36627, 8, 8 
50413, 8, 8 
16416, 8, 8 
47322, 8, 8 
55451, 8, 8 
31765, 8, 8 
20015, 8, 8 
28338, 8, 8 
22976, 8, 8 
48407, 8, 8 
43182, 8, 8 
52485, 8, 8 
30656, 8, 8 
49453, 8, 8 
27048, 8, 8 
58607, 8, 8 
17545, 8, 8 
9608, 8, 8 
19911, 8, 8 
49715, 8, 8 
10057, 8, 8 
43110, 8, 8 
19065, 8, 8 
46380, 8, 8 
7872, 8, 8 
9732, 8, 8 
36270, 8, 8 
54190, 8, 8 
54093, 8, 8 
50513, 8, 8 
41893, 8, 8 
36114, 8, 8 
40146, 8, 8 
20102, 8, 8 
27616, 8, 8 
59340, 8, 8 
39827, 8, 8 
54665, 8, 8 
47463, 8, 8 
11211, 8, 8 
30374, 8, 8 
31569, 8, 8 
44812, 8, 8 
5594, 8, 8 
31760, 8, 8 
41611, 8, 8 
24150, 8, 8 
44172, 8, 8 
3153, 8, 8 
42442, 8, 8 
47882, 8, 8 
26543, 8, 8 
35308, 8, 8 
12255, 8, 8 
47387, 8, 8 
44652, 8, 8 
54916, 8, 8 
17165, 8, 8 
59916, 8, 8 
45181, 8, 8 
27418, 8, 8 
32638, 8, 8 
20614, 8, 8 
20068, 8, 8 
14553, 8, 8 
55610, 8, 8 
8299, 8, 8 
43524, 8, 8 
46817, 8, 8 
56502, 8, 8 
19618, 8, 8 
15979, 8, 8 
3775, 8, 8 
16955, 8, 8 
31206, 8, 8 
35323, 8, 8 
23112, 8, 8 
23398, 8, 8 
51244, 8, 8 
16824, 8, 8 
1758, 8, 8 
51670, 8, 8 
15757, 8, 8 
4927, 8, 8 
42515, 8, 8 
44997, 8, 8 
9611, 8, 8 
39178, 8, 8 
50738, 8, 8 
45954, 8, 8 
6952, 8, 8 
17527, 8, 8 
45082, 8, 8 
12009, 8, 8 
25731, 8, 8 
16036, 8, 8 
31292, 8, 8 
50555, 8, 8 
31135, 8, 8 
41235, 8, 8 
37644, 8, 8 
2951, 8, 8 
4006, 8, 8 
47034, 8, 8 
2511, 8, 8 
51861, 8, 8 
24533, 8, 8 
46927, 8, 8 
8365, 8, 8 
10632, 8, 8 
26138, 8, 8 
6417, 8, 8 
59865, 8, 8 
53885, 8, 8 
14211, 8, 8 
35950, 8, 8 
36983, 8, 8 
46789, 8, 8 
25870, 8, 8 
37078, 8, 8 
37398, 8, 8 
5800, 8, 8 
29279, 8, 8 
21048, 8, 8 
18396, 8, 8 
49901, 8, 8 
22141, 8, 8 
40629, 8, 8 
37870, 8, 8 
29126, 8, 8 
48060, 8, 8 
47660, 8, 8 
50791, 8, 8 
42051, 8, 8 
38807, 8, 8 
24664, 8, 8 
54117, 8, 8 
15289, 8, 8 
43203, 8, 8 
25445, 8, 8 
19792, 8, 8 
34322, 8, 8 
17270, 8, 8 
54842, 8, 8 
53440, 8, 8 
19725, 8, 8 
20037, 8, 8 
23582, 8, 8 
34663, 8, 8 
54047, 8, 8 
125, 8, 8 
31273, 8, 8 
59622, 8, 8 
47648, 8, 8 
27381, 8, 8 
44861, 8, 8 
52349, 8, 8 
31889, 8, 8 
32018, 8, 8 
7184, 8, 8 
15950, 8, 8 
30803, 8, 8 
51324, 8, 8 
6321, 8, 8 
3892, 8, 8 
34376, 8, 8 
12099, 8, 8 
57042, 8, 8 
38331, 8, 8 
12960, 8, 8 
29016, 8, 8 
35841, 8, 8 
3251, 8, 8 
12164, 8, 8 
16231, 8, 8 
16382, 8, 8 
57316, 8, 8 
51588, 8, 8 
11108, 8, 8 
13476, 8, 8 
34194, 8, 8 
49266, 8, 8 
34225, 8, 8 
23987, 8, 8 
30415, 8, 8 
21943, 8, 8 
27234, 9, 9 
32715, 9, 9 
18500, 9, 9 
7416, 9, 9 
41813, 9, 9 
3069, 9, 9 
33981, 9, 9 
57688, 9, 9 
19644, 9, 9 
2712, 9, 9 
4447, 9, 9 
20778, 9, 9 
54321, 9, 9 
27774, 9, 9 
33682, 9, 9 
16342, 9, 9 
48384, 9, 9 
43167, 9, 9 
52138, 9, 9 
11089, 9, 9 
27519, 9, 9 
52805, 9, 9 
5943, 9, 9 
26068, 9, 9 
15029, 9, 9 
52478, 9, 9 
4025, 9, 9 
14988, 9, 9 
11820, 9, 9 
13028, 9, 9 
6174, 9, 9 
22230, 9, 9 
6164, 9, 9 
59633, 9, 9 
24062, 9, 9 
45527, 9, 9 
24494, 9, 9 
17550, 9, 9 
13572, 9, 9 
30237, 9, 9 
17656, 9, 9 
10387, 9, 9 
8287, 9, 9 
54738, 9, 9 
51334, 9, 9 
40755, 9, 9 
16799, 9, 9 
36225, 9, 9 
27479, 9, 9 
932, 9, 9 
59205, 9, 9 
25446, 9, 9 
24756, 9, 9 
10480, 9, 9 
52034, 9, 9 
51938, 9, 9 
7798, 9, 9 
48938, 9, 9 
19417, 9, 9 
10208, 9, 9 
33721, 9, 9 
1005, 9, 9 
1733, 9, 9 
51981, 9, 9 
59381, 9, 9 
304, 9, 9 
247, 9, 9 
57, 9, 9 
52883, 9, 9 
16280, 9, 9 
33129, 9, 9 
14151, 9, 9 
24549, 9, 9 
23349, 9, 9 
35760, 9, 9 
7647, 9, 9 
1740, 9, 9 
57638, 9, 9 
10165, 9, 9 
4547, 9, 9 
14790, 9, 9 
49880, 9, 9 
18688, 9, 9 
47766, 9, 9 
13049, 9, 9 
59496, 9, 9 
39172, 9, 9 
788, 9, 9 
21040, 9, 9 
59371, 9, 9 
2371, 9, 9 
38947, 9, 9 
57281, 9, 9 
482, 9, 9 
52340, 9, 9 
41840, 9, 9 
3982, 9, 9 
39953, 9, 9 
50967, 9, 9 
59564, 9, 9 
27074, 9, 9 
39174, 9, 9 
26527, 9, 9 
4973, 9, 9 
24588, 9, 9 
9119, 9, 9 
59969, 9, 9 
33291, 9, 9 
38760, 9, 9 
17983, 9, 9 
15433, 9, 9 
24594, 9, 9 
47762, 9, 9 
58692, 9, 9 
16859, 9, 9 
2116, 9, 9 
16173, 9, 9 
15489, 9, 9 
16488, 9, 9 
15079, 9, 9 
46238, 9, 9 
54170, 9, 9 
50537, 9, 9 
2579, 9, 9 
1683, 9, 9 
45323, 9, 9 
1736, 9, 9 
49973, 9, 9 
172, 9, 9 
6790, 9, 9 
48097, 9, 9 
23062, 9, 9 
23463, 9, 9 
44936, 9, 9 
20248, 9, 9 
32304, 9, 9 
36757, 9, 9 
33891, 9, 9 
30099, 9, 9 
16804, 9, 9 
23710, 9, 9 
16053, 9, 9 
44182, 9, 9 
35084, 9, 9 
20943, 9, 9 
50124, 9, 9 
14607, 9, 9 
11276, 9, 9 
46336, 9, 9 
22110, 9, 9 
35292, 9, 9 
48924, 9, 9 
11416, 9, 9 
59111, 9, 9 
6074, 9, 9 
36102, 9, 9 
16185, 9, 9 
55435, 9, 9 
31405, 9, 9 
57008, 9, 9 
5937, 9, 9 
34885, 9, 9 
46020, 9, 9 
4916, 9, 9 
59761, 9, 9 
15446, 9, 9 
40270, 9, 9 
4483, 9, 9 
17959, 9, 9 
46701, 9, 9 
22243, 9, 9 
15584, 9, 9 
5093, 9, 9 
20196, 9, 9 
38046, 9, 9 
54548, 9, 9 
50973, 9, 9 
3447, 9, 9 
42826, 9, 9 
50119, 9, 9 
25624, 9, 9 
44878, 9, 9 
42458, 9, 9 
34321, 9, 9 
21015, 9, 9 
36782, 9, 9 
33061, 9, 9 
45555, 9, 9 
56607, 9, 9 
13356, 9, 9 
8085, 9, 9 
52556, 9, 9 
48, 9, 9 
20188, 9, 9 
9998, 9, 9 
26045, 9, 9 
1950, 9, 9 
44962, 9, 9 
45892, 9, 9 
27968, 9, 9 
23771, 9, 9 
59079, 9, 9 
45980, 9, 9 
19539, 9, 9 
9176, 9, 9 
3398, 9, 9 
29996, 9, 9 
4589, 9, 9 
32033, 9, 9 
18153, 9, 9 
42013, 9, 9 
267, 9, 9 
4323, 9, 9 
24553, 9, 9 
2370, 9, 9 
42165, 9, 9 
56884, 9, 9 
32152, 9, 9 
4678, 9, 9 
17707, 9, 9 
45304, 9, 9 
33974, 9, 9 
33791, 9, 9 
3770, 9, 9 
24057, 9, 9 
58034, 9, 9 
44645, 9, 9 
44022, 9, 9 
50209, 9, 9 
9127, 9, 9 
39247, 9, 9 
45301, 9, 9 
43863, 9, 9 
34957, 9, 9 
12833, 9, 9 
37009, 9, 9 
43918, 9, 9 
5803, 9, 9 
44780, 9, 9 
30096, 9, 9 
13358, 9, 9 
10501, 9, 9 
10166, 9, 9 
25648, 9, 9 
36043, 9, 9 
35105, 9, 9 
1643, 9, 9 
47459, 9, 9 
16877, 9, 9 
26214, 9, 9 
33907, 9, 9 
10374, 9, 9 
13191, 9, 9 
30981, 9, 9 
36194, 9, 9 
29959, 9, 9 
47788, 9, 9 
6964, 9, 9 
28774, 9, 9 
42090, 9, 9 
1112, 9, 9 
38632, 9, 9 
25501, 9, 9 
42715, 9, 9 
7949, 9, 9 
29737, 9, 9 
21449, 9, 9 
40485, 9, 9 
17445, 9, 9 
55063, 9, 9 
33544, 9, 9 
30805, 9, 9 
48182, 9, 9 
27511, 9, 9 
19515, 9, 9 
11527, 9, 9 
28674, 9, 9 
52286, 9, 9 
47745, 9, 9 
45227, 9, 9 
41501, 9, 9 
7886, 9, 9 
39521, 9, 9 
51956, 9, 9 
53950, 9, 9 
57782, 9, 9 
48968, 9, 9 
52481, 9, 9 
31131, 9, 9 
40145, 9, 9 
5746, 9, 9 
45370, 9, 9 
5523, 9, 9 
36807, 9, 9 
59888, 9, 9 
34694, 9, 9 
24712, 9, 9 
3696, 9, 9 
48530, 9, 9 
37587, 9, 9 
29318, 9, 9 
47196, 9, 9 
38747, 9, 9 
44230, 9, 9 
41583, 9, 9 
7217, 9, 9 
13720, 9, 9 
57776, 9, 9 
38552, 9, 9 
29084, 9, 9 
38899, 9, 9 
7922, 9, 9 
27448, 9, 9 
36369, 9, 9 
10004, 9, 9 
22549, 9, 9 
34196, 9, 9 
39829, 9, 9 
57219, 9, 9 
33744, 9, 9 
29821, 9, 9 
2559, 9, 9 
54300, 9, 9 
29938, 9, 9 
15741, 9, 9 
29201, 9, 9 
22927, 9, 9 
31426, 9, 9 
55571, 9, 9 
25865, 9, 9 
28176, 9, 9 
43785, 9, 9 
41706, 9, 9 
19715, 9, 9 
27626, 9, 9 
24775, 9, 9 
727, 9, 9 
54057, 9, 9 
24082, 9, 9 
33762, 9, 9 
16541, 9, 9 
1751, 9, 9 
28058, 9, 9 
12792, 9, 9 
34801, 9, 9 
5532, 9, 9 
27174, 9, 9 
12320, 9, 9 
20900, 9, 9 
44509, 9, 9 
17792, 9, 9 
41433, 9, 9 
31130, 9, 9 
56649, 9, 9 
21835, 9, 9 
46907, 9, 9 
4989, 9, 9 
44931, 9, 9 
38426, 9, 9 
39111, 9, 9 
38353, 9, 9 
16621, 9, 9 
3773, 9, 9 
42946, 9, 9 
56051, 9, 9 
10808, 9, 9 
4032, 9, 9 
22246, 9, 9 
1552, 9, 9 
46193, 9, 9 
16770, 9, 9 
43120, 9, 9 
17793, 9, 9 
59917, 9, 9 
39163, 9, 9 
36004, 9, 9 
21267, 9, 9 
27130, 9, 9 
6542, 9, 9 
57729, 9, 9 
18885, 9, 9 
27163, 9, 9 
19007, 9, 9 
51329, 9, 9 
52770, 9, 9 
56348, 9, 9 
22678, 9, 9 
53735, 9, 9 
31524, 9, 9 
50833, 9, 9 
41239, 9, 9 
17167, 9, 9 
10414, 9, 9 
53976, 9, 9 
45944, 9, 9 
7492, 9, 9 
34983, 9, 9 
49898, 9, 9 
53250, 9, 9 
28833, 9, 9 
55636, 9, 9 
57072, 9, 9 
46741, 9, 9 
35013, 9, 9 
57428, 9, 9 
41434, 9, 9 
25589, 9, 9 
36080, 9, 9 
49562, 9, 9 
56933, 9, 9 
11669, 9, 9 
24305, 9, 9 
4689, 9, 9 
19992, 9, 9 
43693, 9, 9 
4320, 9, 9 
8155, 9, 9 
383, 9, 9 
37651, 9, 9 
12562, 9, 9 
8581, 9, 9 
49956, 9, 9 
26405, 9, 9 
28088, 9, 9 
11536, 9, 9 
16704, 9, 9 
50245, 9, 9 
25463, 9, 9 
45824, 9, 9 
31337, 9, 9 
12074, 9, 9 
11847, 9, 9 
1272, 9, 9 
30446, 9, 9 
17827, 9, 9 
45465, 9, 9 
28192, 9, 9 
7529, 9, 9 
49734, 9, 9 
36550, 9, 9 
21840, 9, 9 
11918, 9, 9 
7755, 9, 9 
30758, 9, 9 
38205, 9, 9 
39576, 9, 9 
40136, 9, 9 
37108, 9, 9 
6376, 9, 9 
58245, 9, 9 
5664, 9, 9 
59164, 9, 9 
7269, 9, 9 
23102, 9, 9 
6162, 9, 9 
47918, 9, 9 
5794, 9, 9 
8563, 9, 9 
39613, 9, 9 
15171, 9, 9 
7201, 9, 9 
52800, 9, 9 
25478, 9, 9 
43729, 9, 9 
37887, 9, 9 
44236, 9, 9 
26440, 9, 9 
4932, 9, 9 
48718, 9, 9 
52127, 9, 9 
57728, 9, 9 
11814, 9, 9 
42465, 9, 9 
4362, 9, 9 
36203, 9, 9 
29400, 9, 9 
40028, 9, 9 
31566, 9, 9 
59084, 9, 9 
55441, 9, 9 
52718, 9, 9 
3533, 9, 9 
7511, 9, 9 
20050, 9, 9 
46578, 9, 9 
19938, 9, 9 
18744, 9, 9 
38969, 9, 9 
44618, 9, 9 
31675, 9, 9 
48927, 9, 9 
49608, 9, 9 
37357, 9, 9 
2398, 9, 9 
50784, 9, 9 
19030, 9, 9 
20054, 9, 9 
45247, 9, 9 
29857, 9, 9 
34211, 9, 9 
