id, true label, predicted label 
22317, 0, 0 
39376, 0, 0 
57912, 0, 0 
51598, 0, 0 
41412, 0, 0 
11162, 0, 0 
46837, 0, 0 
25325, 0, 0 
55278, 0, 0 
39334, 0, 0 
39407, 0, 0 
37970, 0, 0 
45434, 0, 0 
26408, 0, 0 
51464, 0, 0 
28993, 0, 0 
34054, 0, 0 
2081, 0, 0 
58012, 0, 0 
38523, 0, 0 
12765, 0, 0 
20731, 0, 0 
2373, 0, 0 
54728, 0, 0 
7128, 0, 0 
50485, 0, 0 
37790, 0, 0 
114, 0, 0 
26507, 0, 0 
31127, 0, 0 
22910, 0, 0 
39897, 0, 0 
26339, 0, 0 
44583, 0, 0 
55259, 0, 0 
47739, 0, 0 
46917, 0, 0 
48185, 0, 0 
53932, 0, 0 
33350, 0, 0 
59337, 0, 0 
11888, 0, 0 
2436, 0, 0 
14179, 0, 0 
28667, 0, 0 
41606, 0, 0 
20895, 0, 0 
24856, 0, 0 
25304, 0, 0 
55400, 0, 0 
51627, 0, 0 
35700, 0, 0 
22375, 0, 0 
29341, 0, 0 
53387, 0, 0 
35671, 0, 0 
21910, 0, 0 
50200, 0, 0 
55348, 0, 0 
15311, 0, 0 
49500, 0, 0 
17064, 0, 0 
42488, 0, 0 
58658, 0, 0 
49374, 0, 0 
10071, 0, 0 
14157, 0, 0 
41077, 0, 0 
24188, 0, 0 
37678, 0, 0 
13335, 0, 0 
24993, 0, 0 
16363, 0, 0 
17108, 0, 0 
18178, 0, 0 
9402, 0, 0 
58376, 0, 0 
29374, 0, 0 
32131, 0, 0 
88, 0, 0 
58668, 0, 0 
41368, 0, 0 
53502, 0, 0 
21933, 0, 0 
31138, 0, 0 
33933, 0, 0 
50542, 0, 0 
19908, 0, 0 
19845, 0, 0 
35175, 0, 0 
19060, 0, 0 
34919, 0, 0 
2245, 0, 0 
20816, 0, 0 
30800, 0, 0 
10005, 0, 0 
31628, 0, 0 
42623, 0, 0 
20584, 0, 0 
19027, 0, 0 
3328, 0, 0 
30618, 0, 0 
44614, 0, 0 
11129, 0, 0 
41447, 0, 0 
30149, 0, 0 
17048, 0, 0 
10022, 0, 0 
28221, 0, 0 
10334, 0, 0 
41350, 0, 0 
30480, 0, 0 
23741, 0, 0 
40150, 0, 0 
169, 0, 0 
35525, 0, 0 
18301, 0, 0 
49770, 0, 0 
11027, 0, 0 
9067, 0, 0 
37677, 0, 0 
35639, 0, 0 
31425, 0, 0 
21216, 0, 0 
22629, 0, 0 
52621, 0, 0 
435, 0, 0 
49199, 0, 0 
44313, 0, 0 
30370, 0, 0 
36084, 0, 0 
38808, 0, 0 
1712, 0, 0 
49342, 0, 0 
11612, 0, 0 
6406, 0, 0 
46740, 0, 0 
51669, 0, 0 
26191, 0, 0 
54597, 0, 0 
20801, 0, 0 
35905, 0, 0 
19822, 0, 0 
38691, 0, 0 
37954, 0, 0 
43074, 0, 0 
59497, 0, 0 
53353, 0, 0 
57201, 0, 0 
45371, 0, 0 
14559, 0, 0 
33277, 0, 0 
32778, 0, 0 
13583, 0, 0 
6611, 0, 0 
55027, 0, 0 
23279, 0, 0 
8289, 0, 0 
24861, 0, 0 
51044, 0, 0 
29205, 0, 0 
48207, 0, 0 
32727, 0, 0 
54474, 0, 0 
30119, 0, 0 
57685, 0, 0 
18832, 0, 0 
16501, 0, 0 
5646, 0, 0 
1926, 0, 0 
46571, 0, 0 
37953, 0, 0 
44826, 0, 0 
47957, 0, 0 
49097, 0, 0 
59653, 0, 0 
17535, 0, 0 
4374, 0, 0 
46926, 0, 0 
54475, 0, 0 
15119, 0, 0 
34580, 0, 0 
20481, 0, 0 
17449, 0, 0 
52336, 0, 0 
30373, 0, 0 
24445, 0, 0 
49639, 0, 0 
8273, 0, 0 
39606, 0, 0 
59420, 0, 0 
18743, 0, 0 
49883, 0, 0 
32313, 0, 0 
27145, 0, 0 
35663, 0, 0 
34296, 0, 0 
35994, 0, 0 
45359, 0, 0 
24777, 0, 0 
46896, 0, 0 
17518, 0, 0 
30651, 0, 0 
44130, 0, 0 
58038, 0, 0 
40040, 0, 0 
56137, 0, 0 
1359, 0, 0 
19166, 0, 0 
36241, 0, 0 
51479, 0, 0 
24717, 0, 0 
29706, 0, 0 
50281, 0, 0 
19801, 0, 0 
45476, 0, 0 
9310, 0, 0 
59272, 0, 0 
20727, 0, 0 
29283, 0, 0 
59510, 0, 0 
52320, 0, 0 
21573, 0, 0 
10821, 0, 0 
19082, 0, 0 
3434, 0, 0 
31581, 0, 0 
3016, 0, 0 
54320, 0, 0 
1969, 0, 0 
2955, 0, 0 
42224, 0, 0 
46328, 0, 0 
3882, 0, 0 
36948, 0, 0 
40454, 0, 0 
57601, 0, 0 
20334, 0, 0 
46125, 0, 0 
36146, 0, 0 
13738, 0, 0 
38139, 0, 0 
20141, 0, 0 
39422, 0, 0 
13492, 0, 0 
59868, 0, 0 
20117, 0, 0 
10563, 0, 0 
52609, 0, 0 
28160, 0, 0 
6629, 0, 0 
56459, 0, 0 
11694, 0, 0 
30849, 0, 0 
34086, 0, 0 
36090, 0, 0 
51478, 0, 0 
30255, 0, 0 
49463, 0, 0 
59585, 0, 0 
3661, 0, 0 
15910, 0, 0 
51490, 0, 0 
2493, 0, 0 
2899, 0, 0 
45128, 0, 0 
10530, 0, 0 
52247, 0, 0 
42637, 0, 0 
29578, 0, 0 
28325, 0, 0 
8354, 0, 0 
11269, 0, 0 
57408, 0, 0 
4444, 0, 0 
51226, 0, 0 
2440, 0, 0 
12555, 0, 0 
56530, 0, 0 
37744, 0, 0 
5692, 0, 0 
24393, 0, 0 
51045, 0, 0 
24265, 0, 0 
3015, 0, 0 
56512, 0, 0 
23293, 0, 0 
50930, 0, 0 
31567, 0, 0 
2996, 0, 0 
24011, 0, 0 
5327, 0, 0 
51680, 0, 0 
10045, 0, 0 
51259, 0, 0 
31490, 0, 0 
32789, 0, 0 
20049, 0, 0 
40241, 0, 0 
51041, 0, 0 
2897, 0, 0 
2765, 0, 0 
34152, 0, 0 
29750, 0, 0 
49429, 0, 0 
11588, 0, 0 
45083, 0, 0 
4624, 0, 0 
55879, 0, 0 
30097, 0, 0 
26308, 0, 0 
25978, 0, 0 
38211, 0, 0 
49281, 0, 0 
19738, 0, 0 
5808, 0, 0 
10732, 0, 0 
21319, 0, 0 
4597, 0, 0 
15581, 0, 0 
55890, 0, 0 
15318, 0, 0 
57176, 0, 0 
57686, 0, 0 
30363, 0, 0 
41896, 0, 0 
40277, 0, 0 
40180, 0, 0 
13214, 0, 0 
24346, 0, 0 
33703, 0, 0 
10242, 0, 0 
16997, 0, 0 
41122, 0, 0 
22897, 0, 0 
22352, 0, 0 
24268, 0, 0 
29614, 0, 0 
36260, 0, 0 
19935, 0, 0 
51434, 0, 0 
55254, 0, 0 
12573, 0, 0 
23557, 0, 0 
59605, 0, 0 
49150, 0, 0 
22445, 0, 0 
55361, 0, 0 
32568, 0, 0 
51121, 0, 0 
32550, 0, 0 
8349, 0, 0 
22749, 0, 0 
18222, 0, 0 
38355, 0, 0 
9505, 0, 0 
2160, 0, 0 
12723, 0, 0 
7911, 0, 0 
37739, 0, 0 
38446, 0, 0 
6630, 0, 0 
8723, 0, 0 
21932, 0, 0 
15445, 0, 0 
29263, 0, 0 
11014, 0, 0 
25497, 0, 0 
11780, 0, 0 
11361, 0, 0 
42153, 0, 0 
47976, 0, 0 
25065, 0, 0 
7905, 0, 0 
45676, 0, 0 
46582, 0, 0 
15700, 0, 0 
19104, 0, 0 
20537, 0, 0 
1530, 0, 0 
13989, 0, 0 
54313, 0, 0 
37708, 0, 0 
36882, 0, 0 
33538, 0, 0 
49596, 0, 0 
32207, 0, 0 
57650, 0, 0 
48167, 0, 0 
39600, 0, 0 
57784, 0, 0 
13544, 0, 0 
11973, 0, 0 
19565, 0, 0 
15692, 0, 0 
12180, 0, 0 
39119, 0, 0 
46488, 0, 0 
45112, 0, 0 
56954, 0, 0 
8682, 0, 0 
6847, 0, 0 
27512, 0, 0 
48403, 0, 0 
23289, 0, 0 
31969, 0, 0 
4926, 0, 0 
44208, 0, 0 
46227, 0, 0 
849, 0, 0 
20371, 0, 0 
46292, 0, 0 
51228, 0, 0 
3667, 0, 0 
1877, 0, 0 
23536, 0, 0 
46344, 0, 0 
37653, 0, 0 
50435, 0, 0 
2483, 0, 0 
9322, 0, 0 
35778, 0, 0 
39944, 0, 0 
40043, 0, 0 
25803, 0, 0 
25836, 0, 0 
14564, 0, 0 
6094, 0, 0 
11281, 0, 0 
11318, 0, 0 
31778, 0, 0 
35067, 0, 0 
1798, 0, 0 
16326, 0, 0 
31079, 0, 0 
35157, 0, 0 
13377, 0, 0 
17877, 0, 0 
37738, 0, 0 
33149, 0, 0 
15191, 0, 0 
55917, 0, 0 
54101, 0, 0 
13215, 0, 0 
7025, 0, 0 
427, 0, 0 
9196, 0, 0 
56950, 0, 0 
11597, 0, 0 
48604, 0, 0 
49086, 0, 0 
58726, 0, 0 
18991, 0, 0 
41288, 0, 0 
22691, 0, 0 
7373, 0, 0 
58829, 0, 0 
7372, 0, 0 
26323, 0, 0 
10909, 0, 0 
17452, 0, 0 
42559, 0, 0 
52928, 0, 0 
6819, 0, 0 
19612, 0, 0 
21533, 0, 0 
58492, 0, 0 
25690, 0, 0 
34237, 0, 0 
5373, 0, 0 
9269, 0, 0 
50331, 0, 0 
27206, 0, 0 
5019, 0, 0 
42262, 0, 0 
42230, 0, 0 
22636, 0, 0 
19682, 0, 0 
28323, 0, 0 
45193, 0, 0 
21299, 0, 0 
20407, 0, 0 
55679, 0, 0 
52114, 0, 0 
49601, 0, 0 
42981, 0, 0 
56176, 0, 0 
36842, 0, 0 
54356, 0, 0 
54755, 0, 0 
209, 0, 0 
13623, 0, 0 
21508, 0, 0 
24480, 0, 0 
35408, 0, 0 
5525, 0, 0 
16415, 0, 0 
37467, 0, 0 
51127, 0, 0 
20351, 0, 0 
24848, 1, 1 
10627, 1, 1 
55825, 1, 1 
26070, 1, 1 
26772, 1, 1 
5643, 1, 1 
13604, 1, 1 
17005, 1, 6 
27410, 1, 1 
25805, 1, 1 
4654, 1, 1 
11342, 1, 1 
28970, 1, 1 
27920, 1, 1 
58891, 1, 1 
13453, 1, 1 
57057, 1, 1 
44633, 1, 1 
11765, 1, 1 
47382, 1, 1 
33458, 1, 1 
39716, 1, 1 
49440, 1, 1 
34927, 1, 1 
50120, 1, 1 
36422, 1, 1 
4190, 1, 1 
36426, 1, 1 
36124, 1, 1 
13697, 1, 1 
11901, 1, 1 
33498, 1, 1 
58341, 1, 1 
1242, 1, 1 
16287, 1, 1 
14327, 1, 1 
24136, 1, 1 
46291, 1, 1 
1287, 1, 8 
42179, 1, 1 
15105, 1, 1 
20887, 1, 1 
17907, 1, 1 
7761, 1, 1 
6135, 1, 1 
10365, 1, 1 
33826, 1, 1 
14953, 1, 1 
47200, 1, 1 
35761, 1, 1 
25268, 1, 1 
47222, 1, 1 
4807, 1, 1 
56757, 1, 1 
24710, 1, 1 
14606, 1, 1 
42630, 1, 1 
55601, 1, 1 
48189, 1, 1 
2227, 1, 1 
8087, 1, 1 
8891, 1, 1 
32482, 1, 1 
56048, 1, 1 
39281, 1, 1 
38951, 1, 1 
58662, 1, 1 
56902, 1, 1 
27309, 1, 1 
32153, 1, 1 
31534, 1, 1 
20659, 1, 1 
46302, 1, 1 
23462, 1, 8 
7656, 1, 1 
5933, 1, 1 
37196, 1, 1 
45373, 1, 1 
27301, 1, 1 
43349, 1, 1 
27871, 1, 1 
54775, 1, 1 
25354, 1, 1 
36185, 1, 1 
9584, 1, 1 
28521, 1, 1 
23523, 1, 1 
37629, 1, 1 
25910, 1, 1 
42197, 1, 1 
22896, 1, 1 
50207, 1, 1 
32718, 1, 1 
29740, 1, 1 
36141, 1, 1 
59958, 1, 1 
35756, 1, 1 
13272, 1, 1 
29320, 1, 1 
47982, 1, 1 
7857, 1, 1 
22168, 1, 1 
55961, 1, 1 
14123, 1, 1 
21716, 1, 1 
35777, 1, 1 
33095, 1, 1 
38436, 1, 1 
17171, 1, 1 
33752, 1, 1 
37463, 1, 1 
14631, 1, 1 
573, 1, 1 
40220, 1, 1 
13884, 1, 1 
24509, 1, 1 
11809, 1, 1 
24634, 1, 1 
8083, 1, 1 
17240, 1, 1 
49972, 1, 1 
51169, 1, 1 
978, 1, 1 
36098, 1, 1 
1528, 1, 1 
41029, 1, 1 
15121, 1, 1 
14753, 1, 1 
16694, 1, 1 
46809, 1, 1 
41209, 1, 1 
58737, 1, 1 
27737, 1, 1 
58772, 1, 1 
21972, 1, 1 
34531, 1, 1 
24168, 1, 1 
19940, 1, 1 
34990, 1, 1 
40319, 1, 1 
22545, 1, 8 
45861, 1, 1 
29337, 1, 1 
18389, 1, 1 
30475, 1, 1 
32597, 1, 1 
276, 1, 1 
32083, 1, 1 
1879, 1, 1 
15710, 1, 1 
32536, 1, 1 
1680, 1, 1 
10404, 1, 1 
40373, 1, 1 
24863, 1, 1 
54855, 1, 1 
48024, 1, 1 
2616, 1, 1 
1838, 1, 1 
397, 1, 1 
35094, 1, 1 
16722, 1, 1 
15999, 1, 1 
26789, 1, 1 
28925, 1, 1 
48079, 1, 1 
31578, 1, 1 
38499, 1, 1 
41237, 1, 1 
2094, 1, 1 
20686, 1, 1 
54182, 1, 1 
34241, 1, 1 
31245, 1, 1 
22328, 1, 1 
47734, 1, 1 
27790, 1, 1 
48464, 1, 1 
20961, 1, 1 
34641, 1, 1 
24080, 1, 1 
53348, 1, 1 
12388, 1, 1 
12805, 1, 8 
24631, 1, 1 
16148, 1, 1 
2667, 1, 1 
16545, 1, 1 
46335, 1, 1 
2932, 1, 1 
2918, 1, 1 
44996, 1, 1 
12158, 1, 1 
9837, 1, 1 
55846, 1, 1 
16278, 1, 1 
26944, 1, 1 
57049, 1, 1 
19735, 1, 1 
46240, 1, 1 
26029, 1, 1 
54123, 1, 1 
21978, 1, 1 
24737, 1, 1 
21292, 1, 1 
56189, 1, 1 
50222, 1, 1 
16218, 1, 1 
44245, 1, 1 
351, 1, 1 
25496, 1, 1 
6698, 1, 1 
14417, 1, 1 
10239, 1, 8 
28792, 1, 1 
43315, 1, 1 
13177, 1, 1 
27187, 1, 1 
15164, 1, 2 
33339, 1, 1 
25857, 1, 1 
37365, 1, 1 
36657, 1, 1 
30244, 1, 1 
27665, 1, 1 
17425, 1, 1 
25324, 1, 1 
53427, 1, 1 
28743, 1, 1 
44158, 1, 1 
59688, 1, 1 
47770, 1, 1 
55232, 1, 1 
16468, 1, 1 
7720, 1, 1 
25434, 1, 1 
34162, 1, 1 
1118, 1, 1 
12106, 1, 1 
26406, 1, 1 
32189, 1, 1 
17839, 1, 1 
28695, 1, 1 
13227, 1, 1 
4958, 1, 1 
17664, 1, 1 
43446, 1, 1 
57738, 1, 1 
37207, 1, 1 
34010, 1, 1 
55523, 1, 1 
47327, 1, 1 
53001, 1, 1 
21594, 1, 1 
23984, 1, 1 
36738, 1, 1 
48510, 1, 1 
31930, 1, 1 
20018, 1, 1 
6745, 1, 1 
24895, 1, 1 
10686, 1, 1 
59705, 1, 1 
9903, 1, 1 
40276, 1, 1 
15009, 1, 1 
59517, 1, 1 
47158, 1, 1 
5484, 1, 1 
25864, 1, 1 
58576, 1, 1 
54239, 1, 1 
28979, 1, 1 
43984, 1, 1 
40248, 1, 1 
39555, 1, 1 
5950, 1, 1 
45229, 1, 1 
33949, 1, 1 
40823, 1, 1 
45588, 1, 1 
20340, 1, 1 
40153, 1, 1 
20108, 1, 1 
53870, 1, 1 
5732, 1, 1 
8679, 1, 1 
32038, 1, 1 
45994, 1, 1 
29407, 1, 1 
30556, 1, 1 
52107, 1, 1 
16495, 1, 1 
6244, 1, 1 
26190, 1, 1 
21811, 1, 1 
21682, 1, 1 
39737, 1, 1 
1696, 1, 1 
16362, 1, 1 
48993, 1, 1 
16546, 1, 1 
9045, 1, 1 
21552, 1, 1 
52177, 1, 1 
4577, 1, 1 
19011, 1, 1 
29939, 1, 1 
36388, 1, 1 
48226, 1, 1 
25786, 1, 1 
408, 1, 1 
12811, 1, 1 
49667, 1, 1 
18316, 1, 1 
41139, 1, 1 
41777, 1, 1 
21362, 1, 1 
37782, 1, 1 
19099, 1, 1 
28479, 1, 1 
48131, 1, 1 
49606, 1, 1 
34388, 1, 1 
32743, 1, 1 
58198, 1, 1 
9643, 1, 1 
3509, 1, 1 
40148, 1, 1 
59671, 1, 1 
50465, 1, 1 
39757, 1, 1 
33985, 1, 1 
40482, 1, 1 
58600, 1, 1 
31787, 1, 1 
17627, 1, 1 
42486, 1, 1 
7746, 1, 1 
27104, 1, 1 
54416, 1, 1 
2730, 1, 1 
25549, 1, 1 
29575, 1, 1 
17554, 1, 1 
11518, 1, 1 
33368, 1, 1 
50051, 1, 1 
17184, 1, 1 
15241, 1, 1 
35329, 1, 1 
53012, 1, 1 
2604, 1, 1 
7440, 1, 1 
46481, 1, 1 
57203, 1, 1 
23693, 1, 1 
25287, 1, 1 
47490, 1, 1 
31784, 1, 1 
44324, 1, 1 
56110, 1, 1 
6380, 1, 1 
22815, 1, 1 
49118, 1, 1 
6925, 1, 1 
4445, 1, 1 
26812, 1, 1 
52505, 1, 1 
56831, 1, 1 
13475, 1, 1 
30427, 1, 1 
51672, 1, 1 
17586, 1, 1 
27590, 1, 1 
42028, 1, 1 
5864, 1, 1 
8219, 1, 1 
19139, 1, 1 
20749, 1, 1 
44126, 1, 1 
16233, 1, 1 
57761, 1, 1 
25153, 1, 1 
59149, 1, 1 
42133, 1, 1 
39237, 1, 1 
26099, 1, 1 
40438, 1, 1 
40468, 1, 1 
28300, 1, 1 
28238, 1, 1 
16121, 1, 1 
42586, 1, 1 
6277, 1, 1 
10248, 1, 1 
15020, 1, 1 
38528, 1, 1 
39402, 1, 1 
43458, 1, 1 
57266, 1, 1 
44296, 1, 1 
29479, 1, 1 
48175, 1, 1 
19837, 1, 1 
12704, 1, 1 
33503, 1, 1 
31526, 1, 1 
2794, 1, 1 
38463, 1, 1 
13080, 1, 8 
8, 1, 1 
2977, 1, 1 
32562, 1, 1 
6985, 1, 1 
55955, 1, 1 
52498, 1, 1 
7007, 1, 1 
10601, 1, 1 
49131, 1, 1 
44745, 1, 1 
12643, 1, 1 
55707, 1, 1 
24083, 1, 1 
52531, 1, 1 
5169, 1, 1 
7671, 1, 1 
56291, 1, 1 
55386, 1, 1 
59902, 1, 1 
21031, 1, 1 
47229, 1, 1 
9907, 1, 1 
3122, 1, 1 
53667, 1, 1 
25847, 1, 1 
36933, 1, 1 
45237, 1, 1 
51426, 1, 1 
29480, 1, 1 
11537, 1, 1 
49876, 1, 1 
7393, 1, 1 
32187, 1, 1 
6880, 1, 1 
6142, 1, 1 
43297, 1, 1 
9069, 1, 1 
26390, 1, 1 
23295, 1, 1 
30305, 1, 1 
27751, 1, 1 
7536, 1, 1 
13947, 1, 1 
52088, 1, 1 
35303, 1, 1 
50572, 1, 2 
7921, 1, 1 
4162, 1, 1 
33383, 1, 1 
14221, 1, 1 
24424, 1, 1 
3427, 1, 1 
56057, 1, 1 
35001, 1, 1 
56020, 1, 1 
33750, 1, 1 
12399, 1, 1 
53361, 1, 1 
47035, 1, 1 
10362, 1, 1 
17402, 1, 1 
58557, 1, 1 
46452, 1, 1 
50647, 1, 1 
42690, 1, 1 
47097, 1, 1 
45320, 1, 1 
43539, 1, 1 
25800, 1, 2 
3797, 1, 1 
3103, 1, 1 
398, 1, 1 
33012, 1, 1 
10669, 1, 1 
35586, 1, 1 
15929, 1, 1 
50501, 1, 1 
52392, 1, 1 
33191, 1, 1 
4502, 1, 1 
20951, 1, 1 
41694, 1, 1 
48303, 1, 1 
49706, 1, 1 
50453, 1, 1 
32295, 1, 1 
46141, 1, 1 
27693, 1, 1 
39077, 1, 1 
56598, 2, 2 
29453, 2, 2 
53835, 2, 2 
5816, 2, 2 
40899, 2, 2 
18213, 2, 2 
47171, 2, 2 
25677, 2, 2 
59004, 2, 2 
18003, 2, 2 
12784, 2, 2 
13928, 2, 2 
1074, 2, 2 
24794, 2, 2 
48476, 2, 2 
54043, 2, 2 
55678, 2, 2 
11438, 2, 2 
19087, 2, 2 
9826, 2, 2 
47557, 2, 2 
56973, 2, 2 
58068, 2, 2 
48696, 2, 2 
10825, 2, 2 
55906, 2, 2 
1573, 2, 2 
35882, 2, 2 
49349, 2, 2 
46783, 2, 2 
55220, 2, 2 
15751, 2, 2 
50478, 2, 2 
30826, 2, 2 
29152, 2, 2 
6465, 2, 2 
50913, 2, 2 
41105, 2, 2 
34056, 2, 2 
32998, 2, 2 
18192, 2, 2 
26477, 2, 2 
58705, 2, 2 
12871, 2, 2 
11084, 2, 2 
22457, 2, 2 
11443, 2, 2 
24198, 2, 2 
53656, 2, 2 
40592, 2, 2 
1264, 2, 2 
7259, 2, 2 
10087, 2, 2 
39168, 2, 2 
8226, 2, 2 
36694, 2, 2 
22358, 2, 2 
22187, 2, 2 
43292, 2, 2 
47467, 2, 2 
1096, 2, 2 
4208, 2, 2 
11531, 2, 2 
52898, 2, 2 
39853, 2, 2 
45868, 2, 2 
7594, 2, 2 
57509, 2, 2 
26669, 2, 2 
54951, 2, 2 
18634, 2, 2 
13722, 2, 2 
18264, 2, 2 
34252, 2, 2 
49834, 2, 2 
55070, 2, 2 
43871, 2, 2 
44424, 2, 2 
59410, 2, 2 
8632, 2, 2 
12608, 2, 2 
16709, 2, 2 
50753, 2, 2 
46163, 2, 2 
35901, 2, 2 
9508, 2, 2 
5377, 2, 2 
8640, 2, 2 
18040, 2, 2 
2769, 2, 2 
3362, 2, 2 
1444, 2, 2 
7567, 2, 2 
6252, 2, 2 
42503, 2, 2 
35124, 2, 2 
56739, 2, 2 
122, 2, 2 
22861, 2, 2 
20944, 2, 2 
38962, 2, 2 
5618, 2, 2 
57104, 2, 2 
41340, 2, 2 
47354, 2, 2 
19999, 2, 2 
27739, 2, 2 
34078, 2, 2 
45543, 2, 2 
48951, 2, 2 
52894, 2, 2 
28859, 2, 2 
47842, 2, 2 
24790, 2, 2 
32634, 2, 2 
16298, 2, 2 
46262, 2, 2 
44639, 2, 2 
171, 2, 2 
22901, 2, 2 
57377, 2, 2 
40956, 2, 2 
15994, 2, 2 
35758, 2, 2 
17729, 2, 2 
56864, 2, 2 
9855, 2, 2 
34907, 2, 2 
10528, 2, 2 
23087, 2, 2 
31794, 2, 2 
9891, 2, 2 
39145, 2, 2 
52083, 2, 2 
49009, 2, 2 
13694, 2, 2 
36600, 2, 2 
10084, 2, 2 
30690, 2, 2 
16654, 2, 2 
4051, 2, 2 
7929, 2, 2 
54987, 2, 2 
53245, 2, 2 
46486, 2, 2 
9809, 2, 2 
42443, 2, 2 
46974, 2, 2 
9748, 2, 2 
8453, 2, 2 
1753, 2, 2 
57113, 2, 2 
37426, 2, 2 
24116, 2, 2 
35770, 2, 2 
12864, 2, 2 
49537, 2, 2 
1048, 2, 2 
29501, 2, 2 
39008, 2, 2 
35992, 2, 2 
3710, 2, 2 
26083, 2, 2 
27989, 2, 2 
44672, 2, 2 
15660, 2, 2 
43101, 2, 2 
34475, 2, 2 
29741, 2, 2 
21773, 2, 2 
56049, 2, 2 
17434, 2, 2 
48070, 2, 2 
19926, 2, 2 
53742, 2, 2 
18117, 2, 2 
32170, 2, 2 
14550, 2, 2 
23826, 2, 2 
35572, 2, 2 
14603, 2, 2 
2184, 2, 2 
26326, 2, 2 
2402, 2, 2 
50479, 2, 2 
56473, 2, 2 
19391, 2, 2 
57105, 2, 2 
50290, 2, 2 
6773, 2, 2 
14302, 2, 2 
34856, 2, 2 
58267, 2, 2 
35902, 2, 2 
20514, 2, 2 
50153, 2, 2 
50221, 2, 2 
38170, 2, 2 
57624, 2, 2 
49264, 2, 2 
50457, 2, 2 
36311, 2, 2 
15153, 2, 2 
3924, 2, 2 
20440, 2, 2 
44767, 2, 2 
120, 2, 2 
36485, 2, 2 
25437, 2, 2 
2783, 2, 2 
17266, 2, 2 
54314, 2, 2 
56125, 2, 2 
45920, 2, 2 
3647, 2, 2 
24551, 2, 2 
58670, 2, 2 
30355, 2, 2 
29481, 2, 2 
8058, 2, 2 
44898, 2, 2 
41207, 2, 2 
24060, 2, 2 
39627, 2, 2 
30356, 2, 2 
40212, 2, 2 
43590, 2, 2 
54831, 2, 2 
53772, 2, 2 
38800, 2, 2 
30594, 2, 2 
51073, 2, 2 
32545, 2, 2 
15363, 2, 2 
29519, 2, 2 
24390, 2, 2 
5162, 2, 2 
16627, 2, 2 
9169, 2, 2 
25609, 2, 2 
378, 2, 2 
59579, 2, 2 
30317, 2, 2 
18038, 2, 2 
45077, 2, 2 
43842, 2, 2 
52501, 2, 2 
28577, 2, 2 
8978, 2, 2 
5156, 2, 2 
25150, 2, 2 
52345, 2, 2 
10616, 2, 2 
35701, 2, 2 
51580, 2, 2 
57632, 2, 2 
56612, 2, 2 
17821, 2, 2 
44455, 2, 2 
36844, 2, 2 
24674, 2, 2 
47966, 2, 2 
515, 2, 2 
31492, 2, 2 
45957, 2, 2 
16716, 2, 2 
37989, 2, 2 
54519, 2, 2 
12213, 2, 2 
34657, 2, 2 
8749, 2, 2 
26613, 2, 2 
4542, 2, 2 
58452, 2, 2 
57831, 2, 2 
25991, 2, 2 
14835, 2, 2 
35509, 2, 2 
20497, 2, 2 
14508, 2, 2 
33488, 2, 2 
59011, 2, 2 
5902, 2, 2 
39914, 2, 2 
57289, 2, 2 
45028, 2, 2 
19587, 2, 2 
38009, 2, 2 
9371, 2, 2 
39939, 2, 2 
43441, 2, 2 
9252, 2, 2 
37437, 2, 2 
51673, 2, 2 
9572, 2, 2 
7196, 2, 2 
19321, 2, 2 
41881, 2, 2 
28701, 2, 2 
41936, 2, 2 
28731, 2, 2 
35689, 2, 2 
23038, 2, 2 
55857, 2, 2 
30014, 2, 2 
26689, 2, 2 
37491, 2, 2 
3023, 2, 2 
22945, 2, 2 
9830, 2, 2 
54553, 2, 2 
56998, 2, 2 
59489, 2, 2 
36127, 2, 2 
39739, 2, 2 
48293, 2, 2 
4031, 2, 2 
20042, 2, 2 
51653, 2, 2 
16810, 2, 2 
27331, 2, 2 
10802, 2, 2 
5227, 2, 2 
47575, 2, 2 
8864, 2, 2 
17464, 2, 2 
56824, 2, 2 
5700, 2, 2 
42693, 2, 2 
2670, 2, 2 
54737, 2, 2 
49192, 2, 2 
28868, 2, 2 
21436, 2, 2 
45725, 2, 2 
21382, 2, 2 
21522, 2, 2 
45287, 2, 2 
23330, 2, 2 
55836, 2, 2 
15262, 2, 2 
10941, 2, 2 
51550, 2, 2 
7576, 2, 2 
16166, 2, 2 
33185, 2, 2 
26821, 2, 2 
15418, 2, 2 
38366, 2, 2 
18394, 2, 2 
43172, 2, 2 
49567, 2, 2 
42810, 2, 2 
19519, 2, 2 
58651, 2, 2 
21330, 2, 2 
19373, 2, 2 
15537, 2, 2 
31146, 2, 2 
54848, 2, 2 
23578, 2, 2 
47623, 2, 2 
54330, 2, 2 
36001, 2, 2 
35457, 2, 2 
2693, 2, 2 
25591, 2, 2 
39918, 2, 2 
6846, 2, 2 
49106, 2, 2 
40886, 2, 2 
51719, 2, 2 
20473, 2, 2 
3244, 2, 2 
37974, 2, 2 
38547, 2, 2 
18927, 2, 2 
58126, 2, 2 
20786, 2, 2 
48531, 2, 2 
3765, 2, 2 
18930, 2, 2 
34134, 2, 2 
32146, 2, 2 
17246, 2, 2 
54325, 2, 2 
46997, 2, 2 
6060, 2, 2 
12911, 2, 2 
26850, 2, 2 
23457, 2, 2 
9757, 2, 2 
48975, 2, 2 
38438, 2, 2 
53963, 2, 2 
47614, 2, 2 
38307, 2, 2 
23995, 2, 2 
47612, 2, 2 
7736, 2, 2 
52456, 2, 2 
27189, 2, 2 
17927, 2, 2 
31373, 2, 2 
40221, 2, 2 
59316, 2, 2 
21793, 2, 2 
51922, 2, 2 
20981, 2, 2 
50546, 2, 2 
9193, 2, 2 
20305, 2, 2 
19450, 2, 2 
15057, 2, 2 
16812, 2, 2 
57904, 2, 2 
4722, 2, 2 
25403, 2, 2 
10406, 2, 2 
50508, 2, 2 
13313, 2, 2 
26779, 2, 2 
29005, 2, 2 
18077, 2, 2 
19296, 2, 2 
12621, 2, 2 
24612, 2, 2 
27752, 2, 2 
23764, 2, 2 
46001, 2, 2 
36120, 2, 2 
33505, 2, 2 
5528, 2, 2 
22397, 2, 2 
7787, 2, 2 
46678, 2, 2 
4915, 2, 2 
39421, 2, 2 
1987, 2, 2 
57626, 2, 2 
37526, 2, 2 
52001, 2, 2 
22112, 2, 2 
39507, 2, 2 
53541, 2, 2 
42373, 2, 2 
19833, 2, 2 
59831, 2, 2 
25381, 2, 2 
24695, 2, 2 
36961, 2, 2 
26213, 2, 2 
9721, 2, 2 
59479, 2, 2 
42562, 2, 2 
13910, 2, 2 
16176, 2, 2 
14776, 2, 2 
52370, 2, 2 
7895, 2, 2 
40388, 2, 2 
50496, 2, 2 
43878, 2, 2 
4574, 2, 2 
45319, 2, 2 
49975, 2, 2 
55504, 2, 2 
56264, 2, 2 
26907, 2, 2 
12129, 2, 2 
48107, 2, 2 
5677, 2, 2 
46593, 2, 2 
51735, 2, 2 
24722, 2, 2 
59675, 2, 2 
34768, 2, 2 
53921, 2, 2 
52316, 2, 2 
22249, 2, 2 
12156, 2, 2 
3627, 2, 2 
47534, 2, 2 
46122, 2, 2 
548, 2, 2 
23177, 2, 2 
51458, 2, 2 
40119, 2, 2 
47688, 2, 2 
41512, 2, 2 
4662, 2, 2 
43994, 2, 2 
59327, 2, 2 
25281, 2, 2 
37668, 2, 2 
20078, 2, 2 
21435, 2, 2 
29911, 2, 2 
12551, 2, 2 
34928, 2, 2 
19438, 3, 3 
41287, 3, 3 
4373, 3, 3 
59630, 3, 3 
6081, 3, 3 
39415, 3, 3 
5396, 3, 3 
22058, 3, 3 
17442, 3, 3 
11169, 3, 3 
5434, 3, 3 
2379, 3, 3 
26849, 3, 3 
35015, 3, 3 
4179, 3, 3 
19247, 3, 3 
42994, 3, 3 
13965, 3, 3 
54013, 3, 3 
45911, 3, 3 
25882, 3, 3 
31831, 3, 3 
7582, 3, 3 
47618, 3, 3 
55665, 3, 3 
57040, 3, 3 
54402, 3, 3 
4917, 3, 3 
32420, 3, 3 
6106, 3, 3 
10423, 3, 3 
44684, 3, 3 
40202, 3, 3 
59808, 3, 3 
21815, 3, 3 
51991, 3, 3 
56391, 3, 3 
52545, 3, 3 
38109, 3, 3 
33845, 3, 3 
26702, 3, 3 
16849, 3, 3 
12329, 3, 3 
28472, 3, 3 
29045, 3, 3 
56776, 3, 3 
2029, 3, 3 
5799, 3, 3 
37468, 3, 2 
55190, 3, 3 
29300, 3, 3 
27135, 3, 3 
54499, 3, 3 
16414, 3, 3 
15938, 3, 3 
23962, 3, 2 
4001, 3, 3 
51428, 3, 3 
42804, 3, 3 
41573, 3, 3 
56383, 3, 3 
35272, 3, 3 
3314, 3, 3 
25174, 3, 3 
12086, 3, 3 
39721, 3, 3 
40858, 3, 3 
43875, 3, 3 
14704, 3, 3 
53480, 3, 3 
21144, 3, 3 
16096, 3, 3 
6595, 3, 3 
36572, 3, 3 
55845, 3, 3 
298, 3, 3 
32042, 3, 3 
31667, 3, 3 
8879, 3, 3 
36078, 3, 3 
42931, 3, 3 
18785, 3, 3 
46882, 3, 3 
1486, 3, 3 
47655, 3, 3 
20687, 3, 3 
2981, 3, 3 
45436, 3, 3 
15008, 3, 3 
39798, 3, 3 
30375, 3, 3 
34058, 3, 3 
23227, 3, 3 
2423, 3, 3 
34716, 3, 3 
31825, 3, 3 
44522, 3, 3 
16584, 3, 3 
58097, 3, 3 
3323, 3, 3 
7106, 3, 3 
47975, 3, 3 
15760, 3, 3 
17574, 3, 3 
41608, 3, 3 
32619, 3, 3 
24231, 3, 3 
8597, 3, 3 
3656, 3, 3 
29224, 3, 3 
58113, 3, 3 
41740, 3, 3 
5788, 3, 3 
645, 3, 3 
16239, 3, 3 
29304, 3, 3 
36471, 3, 3 
37188, 3, 3 
46134, 3, 3 
52404, 3, 3 
54859, 3, 3 
18299, 3, 3 
3824, 3, 3 
52101, 3, 3 
1981, 3, 3 
50253, 3, 3 
2468, 3, 3 
24870, 3, 3 
36684, 3, 3 
890, 3, 3 
36180, 3, 3 
5919, 3, 3 
28037, 3, 3 
57194, 3, 3 
11949, 3, 3 
45781, 3, 3 
32091, 3, 3 
58832, 3, 3 
20800, 3, 3 
10097, 3, 3 
29958, 3, 3 
13827, 3, 3 
5370, 3, 3 
43373, 3, 3 
21305, 3, 3 
2567, 3, 3 
58421, 3, 3 
38653, 3, 3 
59461, 3, 3 
18542, 3, 3 
9413, 3, 3 
36295, 3, 3 
23043, 3, 3 
49467, 3, 3 
19238, 3, 3 
38167, 3, 3 
43599, 3, 3 
36119, 3, 3 
16372, 3, 3 
26156, 3, 3 
10031, 3, 3 
32933, 3, 3 
19734, 3, 3 
23221, 3, 3 
8762, 3, 3 
47377, 3, 3 
58955, 3, 3 
57868, 3, 3 
53584, 3, 3 
17575, 3, 3 
27060, 3, 3 
47157, 3, 3 
8771, 3, 3 
19063, 3, 3 
4868, 3, 3 
44162, 3, 3 
36263, 3, 3 
45586, 3, 3 
16678, 3, 3 
25590, 3, 3 
12228, 3, 3 
45597, 3, 3 
30093, 3, 3 
2469, 3, 3 
24883, 3, 3 
45377, 3, 3 
49307, 3, 3 
38410, 3, 3 
42445, 3, 3 
58774, 3, 3 
37658, 3, 3 
54191, 3, 3 
49650, 3, 3 
33917, 3, 3 
12260, 3, 3 
38377, 3, 3 
19739, 3, 3 
45862, 3, 3 
47678, 3, 3 
11777, 3, 3 
41565, 3, 3 
55941, 3, 3 
28409, 3, 3 
27828, 3, 3 
28760, 3, 3 
40078, 3, 3 
4418, 3, 3 
50361, 3, 3 
33169, 3, 3 
37132, 3, 3 
46953, 3, 3 
42088, 3, 3 
31283, 3, 3 
46246, 3, 3 
56515, 3, 3 
25311, 3, 3 
11083, 3, 3 
13239, 3, 3 
50892, 3, 3 
53488, 3, 3 
38732, 3, 3 
12218, 3, 3 
15297, 3, 3 
58252, 3, 3 
52753, 3, 3 
9739, 3, 3 
40836, 3, 3 
5143, 3, 3 
5588, 3, 3 
18612, 3, 3 
6291, 3, 3 
28485, 3, 3 
24132, 3, 3 
59263, 3, 3 
38670, 3, 3 
18375, 3, 3 
22619, 3, 3 
242, 3, 3 
25296, 3, 3 
14447, 3, 3 
41843, 3, 3 
37889, 3, 3 
53365, 3, 3 
57247, 3, 3 
37625, 3, 3 
14878, 3, 3 
10993, 3, 3 
38058, 3, 3 
26171, 3, 3 
31428, 3, 3 
54481, 3, 3 
54879, 3, 3 
59016, 3, 3 
43070, 3, 3 
49968, 3, 3 
31395, 3, 3 
975, 3, 3 
16649, 3, 3 
8795, 3, 3 
35231, 3, 3 
21278, 3, 3 
43171, 3, 3 
55312, 3, 3 
22643, 3, 3 
2564, 3, 3 
58892, 3, 3 
20649, 3, 3 
55461, 3, 3 
8054, 3, 3 
1651, 3, 3 
198, 3, 3 
38193, 3, 3 
32044, 3, 3 
15076, 3, 3 
19092, 3, 3 
11039, 3, 3 
561, 3, 3 
9184, 3, 3 
9272, 3, 3 
11545, 3, 3 
5408, 3, 3 
46911, 3, 3 
26942, 3, 3 
52692, 3, 3 
58328, 3, 3 
52168, 3, 3 
13560, 3, 3 
40765, 3, 3 
35833, 3, 3 
47795, 3, 3 
8693, 3, 3 
15412, 3, 3 
45545, 3, 3 
46350, 3, 3 
46130, 3, 3 
15292, 3, 3 
21116, 3, 3 
44408, 3, 3 
2705, 3, 3 
13993, 3, 3 
13707, 3, 3 
43301, 3, 3 
50067, 3, 3 
7982, 3, 3 
8018, 3, 3 
37105, 3, 3 
14674, 3, 3 
47643, 3, 3 
46534, 3, 3 
40087, 3, 3 
35869, 3, 3 
11111, 3, 3 
22542, 3, 3 
54727, 3, 3 
44188, 3, 3 
20675, 3, 3 
41337, 3, 3 
49586, 3, 3 
48360, 3, 3 
45959, 3, 3 
14810, 3, 3 
30258, 3, 3 
28343, 3, 3 
33229, 3, 3 
36169, 3, 3 
32753, 3, 3 
26678, 3, 3 
8672, 3, 3 
37765, 3, 3 
35658, 3, 3 
3051, 3, 3 
24059, 3, 3 
43666, 3, 3 
58642, 3, 3 
34893, 3, 3 
45321, 3, 3 
52281, 3, 3 
51561, 3, 3 
15936, 3, 3 
54140, 3, 3 
49183, 3, 3 
7765, 3, 3 
7134, 3, 3 
26033, 3, 3 
9107, 3, 3 
49406, 3, 3 
41820, 3, 3 
25523, 3, 3 
52936, 3, 3 
4262, 3, 3 
37692, 3, 3 
21018, 3, 3 
15474, 3, 3 
39774, 3, 3 
59760, 3, 3 
3550, 3, 3 
55844, 3, 3 
38037, 3, 3 
50885, 3, 3 
19976, 3, 3 
14028, 3, 3 
59691, 3, 3 
51154, 3, 3 
6118, 3, 3 
10760, 3, 3 
4584, 3, 3 
21610, 3, 3 
48174, 3, 3 
8880, 3, 3 
44580, 3, 3 
46563, 3, 3 
37691, 3, 3 
51519, 3, 3 
17676, 3, 3 
33471, 3, 3 
1583, 3, 3 
4823, 3, 3 
11053, 3, 3 
50401, 3, 3 
10921, 3, 3 
15980, 3, 3 
24358, 3, 3 
47510, 3, 3 
27701, 3, 3 
26534, 3, 3 
33145, 3, 3 
45508, 3, 3 
39125, 3, 3 
58288, 3, 3 
25094, 3, 3 
44782, 3, 3 
29894, 3, 3 
25768, 3, 3 
49269, 3, 3 
44282, 3, 3 
36206, 3, 3 
7778, 3, 3 
36575, 3, 3 
29899, 3, 3 
55926, 3, 3 
1336, 3, 3 
47653, 3, 3 
34873, 3, 3 
41071, 3, 3 
57207, 3, 3 
41639, 3, 3 
2179, 3, 3 
14567, 3, 3 
42526, 3, 3 
2707, 3, 3 
37689, 3, 3 
52539, 3, 3 
53402, 3, 3 
58855, 3, 3 
40619, 3, 3 
16556, 3, 3 
23712, 3, 3 
17731, 3, 3 
13519, 3, 3 
59624, 3, 3 
53803, 3, 3 
32881, 3, 3 
6739, 3, 3 
14236, 3, 3 
39329, 3, 3 
39884, 3, 3 
44303, 3, 3 
46549, 3, 3 
26187, 3, 3 
17753, 3, 3 
31548, 3, 3 
52994, 3, 3 
46306, 3, 3 
18588, 3, 3 
22728, 3, 3 
22717, 3, 3 
24442, 3, 3 
40068, 3, 3 
19114, 3, 3 
3521, 3, 3 
41834, 3, 3 
17104, 3, 3 
11216, 3, 3 
43619, 3, 3 
39565, 3, 3 
23759, 3, 3 
30431, 3, 3 
37082, 3, 3 
9664, 3, 3 
33146, 3, 3 
8254, 3, 3 
32314, 3, 3 
20737, 3, 3 
25883, 3, 3 
19285, 3, 3 
58086, 3, 3 
36458, 3, 3 
35688, 3, 3 
39317, 3, 3 
12344, 3, 3 
19302, 3, 3 
45389, 3, 3 
27645, 3, 3 
40298, 3, 3 
54706, 3, 3 
53083, 3, 3 
54084, 3, 3 
54291, 3, 3 
8039, 3, 3 
30515, 3, 3 
57967, 3, 3 
37035, 3, 3 
42114, 3, 3 
41048, 3, 3 
433, 3, 3 
12451, 3, 3 
15534, 3, 3 
54704, 3, 3 
53691, 3, 3 
28132, 3, 3 
58491, 3, 3 
20439, 3, 3 
43747, 3, 3 
56164, 3, 3 
56437, 3, 3 
27870, 3, 3 
3997, 3, 3 
23130, 3, 3 
34931, 3, 3 
59158, 3, 3 
46485, 3, 3 
29476, 3, 3 
40572, 3, 3 
58219, 3, 3 
15587, 3, 3 
34547, 3, 3 
50175, 3, 3 
33400, 3, 3 
16811, 3, 3 
43775, 3, 3 
53888, 4, 4 
14156, 4, 4 
21627, 4, 4 
51403, 4, 4 
42793, 4, 4 
56379, 4, 4 
44356, 4, 4 
13267, 4, 4 
8278, 4, 4 
3694, 4, 4 
10212, 4, 4 
54899, 4, 4 
42684, 4, 4 
40606, 4, 4 
21541, 4, 4 
52522, 4, 4 
33552, 4, 4 
40334, 4, 4 
39272, 4, 4 
21223, 4, 4 
2943, 4, 4 
26067, 4, 4 
49195, 4, 4 
18062, 4, 4 
5807, 4, 4 
9632, 4, 4 
32801, 4, 4 
20995, 4, 4 
414, 4, 4 
16279, 4, 4 
30868, 4, 4 
19483, 4, 4 
39976, 4, 4 
9781, 4, 4 
30447, 4, 4 
27308, 4, 4 
56122, 4, 4 
53873, 4, 4 
12102, 4, 4 
34133, 4, 4 
41473, 4, 4 
57559, 4, 4 
47607, 4, 4 
373, 4, 4 
29321, 4, 4 
36226, 4, 4 
56793, 4, 4 
19340, 4, 4 
988, 4, 4 
2962, 4, 4 
5117, 4, 4 
29372, 4, 4 
19952, 4, 4 
24980, 4, 4 
15479, 4, 4 
12194, 4, 4 
58153, 4, 4 
52734, 4, 4 
48854, 4, 4 
42455, 4, 4 
52103, 4, 4 
47523, 4, 4 
39963, 4, 4 
55675, 4, 4 
31453, 4, 4 
56763, 4, 4 
20182, 4, 4 
17057, 4, 4 
38323, 4, 4 
37800, 4, 4 
22535, 4, 4 
26582, 4, 4 
16526, 4, 4 
14067, 4, 4 
29683, 4, 4 
39511, 4, 4 
18496, 4, 4 
6556, 4, 4 
48240, 4, 4 
34354, 4, 4 
13650, 4, 4 
56784, 4, 4 
15274, 4, 4 
20074, 4, 4 
41825, 4, 4 
54116, 4, 4 
58231, 4, 4 
36664, 4, 4 
17991, 4, 4 
48782, 4, 4 
58463, 4, 4 
36280, 4, 4 
45173, 4, 4 
30134, 4, 4 
9880, 4, 4 
11988, 4, 4 
37227, 4, 4 
16566, 4, 4 
56147, 4, 4 
19123, 4, 4 
17565, 4, 4 
8270, 4, 4 
21430, 4, 4 
51823, 4, 4 
24929, 4, 4 
8840, 4, 4 
28311, 4, 4 
53965, 4, 4 
18184, 4, 4 
36025, 4, 4 
59809, 4, 4 
45565, 4, 4 
58697, 4, 4 
30876, 4, 4 
44751, 4, 4 
43721, 4, 4 
3459, 4, 4 
17321, 4, 4 
5891, 4, 4 
10196, 4, 4 
12589, 4, 4 
53528, 4, 4 
31580, 4, 4 
24253, 4, 4 
41818, 4, 4 
55788, 4, 4 
55964, 4, 4 
40187, 4, 4 
12075, 4, 4 
25635, 4, 4 
33415, 4, 4 
21490, 4, 4 
29135, 4, 4 
55206, 4, 4 
855, 4, 4 
33473, 4, 4 
5278, 4, 4 
44904, 4, 4 
47541, 4, 4 
18787, 4, 4 
28635, 4, 4 
57114, 4, 4 
58047, 4, 4 
55323, 4, 4 
41120, 4, 4 
19311, 4, 4 
58340, 4, 4 
45198, 4, 4 
1308, 4, 4 
50846, 4, 4 
43231, 4, 4 
20894, 4, 4 
27040, 4, 4 
6812, 4, 4 
10736, 4, 4 
3388, 4, 4 
49741, 4, 4 
47691, 4, 4 
58225, 4, 4 
31246, 4, 4 
41079, 4, 4 
43812, 4, 4 
8011, 4, 4 
53710, 4, 4 
35866, 4, 4 
44528, 4, 4 
22367, 4, 4 
54637, 4, 4 
57111, 4, 4 
25056, 4, 4 
17949, 4, 4 
53760, 4, 4 
53693, 4, 4 
42187, 4, 4 
48595, 4, 4 
9391, 4, 4 
53288, 4, 4 
1705, 4, 4 
6949, 4, 4 
10525, 4, 4 
46644, 4, 4 
23834, 4, 4 
55654, 4, 4 
59599, 4, 4 
17536, 4, 4 
55673, 4, 4 
6810, 4, 4 
1928, 4, 4 
40288, 4, 4 
52293, 4, 4 
18327, 4, 4 
1704, 4, 4 
42078, 4, 4 
10103, 4, 4 
51453, 4, 4 
6035, 4, 4 
29898, 4, 4 
53452, 4, 4 
20082, 4, 4 
10937, 4, 4 
30792, 4, 4 
16996, 4, 4 
38757, 4, 4 
11009, 4, 4 
58938, 4, 4 
26652, 4, 4 
20149, 4, 4 
47680, 4, 4 
14351, 4, 4 
46716, 4, 4 
15141, 4, 4 
1176, 4, 4 
12687, 4, 4 
31123, 4, 4 
39563, 4, 4 
47282, 4, 4 
22285, 4, 4 
7327, 4, 4 
48835, 4, 4 
56406, 4, 4 
25644, 4, 4 
56484, 4, 4 
8696, 4, 4 
37794, 4, 4 
34028, 4, 4 
52756, 4, 4 
17018, 4, 4 
20172, 4, 4 
17913, 4, 4 
34991, 4, 4 
56818, 4, 4 
57537, 4, 4 
12187, 4, 4 
20776, 4, 4 
3496, 4, 4 
19198, 4, 4 
45299, 4, 4 
44190, 4, 4 
13766, 4, 4 
31965, 4, 4 
23306, 4, 4 
4633, 4, 4 
43150, 4, 4 
51929, 4, 4 
54455, 4, 4 
48990, 4, 4 
33320, 4, 4 
48962, 4, 4 
26627, 4, 4 
8215, 4, 4 
38428, 4, 4 
7677, 4, 4 
1446, 4, 4 
49850, 4, 4 
4540, 4, 4 
45296, 4, 4 
33204, 4, 4 
34294, 4, 4 
47732, 4, 4 
51111, 4, 4 
14657, 4, 4 
4721, 4, 4 
54672, 4, 4 
34409, 4, 4 
23432, 4, 4 
33262, 4, 4 
6424, 4, 4 
25612, 4, 4 
38777, 4, 4 
4707, 4, 4 
11184, 4, 4 
41096, 4, 4 
58037, 4, 4 
6674, 4, 4 
50858, 4, 4 
20680, 4, 4 
48202, 4, 4 
52652, 4, 4 
24109, 4, 4 
2548, 4, 4 
12224, 4, 4 
48316, 4, 4 
15299, 4, 4 
7573, 4, 4 
53384, 4, 4 
24767, 4, 4 
59623, 4, 4 
14739, 4, 4 
32466, 4, 4 
49345, 4, 4 
32762, 4, 4 
46622, 4, 4 
22660, 4, 4 
27538, 4, 4 
41574, 4, 4 
51684, 4, 4 
24282, 4, 4 
47029, 4, 4 
13443, 4, 4 
18578, 4, 4 
45278, 4, 4 
16600, 4, 4 
59700, 4, 4 
13870, 4, 4 
29123, 4, 4 
31340, 4, 4 
41499, 4, 4 
25602, 4, 4 
17492, 4, 4 
40593, 4, 4 
2737, 4, 4 
56596, 4, 9 
16899, 4, 4 
43600, 4, 4 
6729, 4, 4 
50587, 4, 4 
56946, 4, 4 
14885, 4, 4 
46745, 4, 4 
52140, 4, 4 
1545, 4, 4 
19076, 4, 4 
18905, 4, 4 
41724, 4, 4 
6107, 4, 4 
24273, 4, 4 
39634, 4, 4 
25188, 4, 9 
30276, 4, 4 
52703, 4, 4 
8261, 4, 4 
58984, 4, 4 
26599, 4, 4 
49994, 4, 4 
39783, 4, 4 
20379, 4, 4 
24713, 4, 4 
49127, 4, 4 
57389, 4, 4 
55124, 4, 4 
57127, 4, 4 
47175, 4, 4 
43467, 4, 4 
10850, 4, 4 
25154, 4, 4 
828, 4, 4 
40719, 4, 4 
25001, 4, 4 
17067, 4, 4 
2072, 4, 4 
3652, 4, 4 
19564, 4, 4 
50090, 4, 4 
41716, 4, 4 
40309, 4, 4 
59879, 4, 4 
47368, 4, 4 
2294, 4, 4 
11008, 4, 4 
33731, 4, 4 
21076, 4, 4 
8560, 4, 4 
12749, 4, 4 
29827, 4, 4 
45718, 4, 4 
8438, 4, 4 
22361, 4, 4 
20208, 4, 4 
28614, 4, 4 
12328, 4, 4 
4439, 4, 4 
57361, 4, 4 
32164, 4, 4 
14542, 4, 4 
30588, 4, 4 
33127, 4, 4 
32769, 4, 4 
20176, 4, 4 
33322, 4, 4 
13418, 4, 4 
46894, 4, 4 
34379, 4, 4 
45485, 4, 4 
17577, 4, 4 
41307, 4, 4 
37239, 4, 4 
26235, 4, 4 
14781, 4, 4 
12654, 4, 4 
20338, 4, 4 
18438, 4, 4 
36518, 4, 4 
59874, 4, 4 
47507, 4, 4 
28312, 4, 4 
33070, 4, 4 
26872, 4, 4 
57082, 4, 9 
58478, 4, 4 
17573, 4, 4 
56497, 4, 4 
11023, 4, 4 
50339, 4, 4 
13664, 4, 4 
23122, 4, 4 
4890, 4, 4 
45318, 4, 4 
34144, 4, 4 
46325, 4, 4 
40116, 4, 4 
647, 4, 4 
48581, 4, 4 
22434, 4, 4 
46852, 4, 4 
3071, 4, 4 
50377, 4, 4 
13363, 4, 4 
15682, 4, 4 
43621, 4, 4 
41373, 4, 4 
51979, 4, 4 
20368, 4, 4 
20460, 4, 4 
53226, 4, 4 
50471, 4, 4 
27141, 4, 4 
44345, 4, 4 
2665, 4, 4 
15259, 4, 4 
30186, 4, 4 
36296, 4, 4 
28599, 4, 4 
4939, 4, 4 
55585, 4, 4 
53974, 4, 4 
36494, 4, 4 
14981, 4, 4 
18888, 4, 4 
54009, 4, 4 
33747, 4, 4 
45550, 4, 4 
35314, 4, 4 
53295, 4, 4 
39844, 4, 4 
16314, 4, 4 
50089, 4, 4 
57076, 4, 4 
22697, 4, 4 
54634, 4, 4 
6256, 4, 4 
32583, 4, 4 
37328, 4, 4 
59863, 4, 4 
1932, 4, 4 
7914, 4, 4 
38150, 4, 4 
11567, 4, 4 
8890, 4, 4 
48514, 4, 4 
34015, 4, 4 
57713, 4, 4 
54617, 4, 4 
11434, 4, 4 
32015, 4, 4 
7974, 4, 4 
26544, 4, 4 
29435, 4, 4 
33958, 4, 4 
23648, 4, 4 
55607, 4, 4 
46757, 4, 4 
58956, 4, 4 
31050, 4, 4 
32661, 4, 4 
49271, 4, 4 
34507, 4, 4 
43781, 4, 4 
44447, 4, 4 
58797, 4, 4 
14036, 4, 4 
33679, 4, 4 
3125, 4, 4 
44894, 4, 4 
22747, 4, 4 
1473, 4, 4 
45238, 4, 9 
48486, 4, 9 
5755, 4, 4 
42421, 4, 4 
45685, 4, 4 
24642, 4, 4 
45394, 4, 4 
24298, 4, 4 
21776, 4, 4 
30658, 4, 4 
58684, 4, 4 
14972, 4, 4 
29866, 4, 4 
31036, 4, 4 
21968, 4, 4 
19874, 5, 5 
34473, 5, 5 
11500, 5, 5 
10373, 5, 5 
27594, 5, 5 
27801, 5, 5 
18416, 5, 5 
45607, 5, 5 
543, 5, 5 
30399, 5, 5 
32748, 5, 5 
29924, 5, 5 
38648, 5, 5 
2739, 5, 5 
12507, 5, 5 
39158, 5, 5 
55865, 5, 5 
35903, 5, 5 
32614, 5, 5 
53050, 5, 5 
239, 5, 5 
11638, 5, 5 
17097, 5, 5 
13120, 5, 5 
59609, 5, 5 
13229, 5, 5 
54828, 5, 5 
719, 5, 5 
4167, 5, 5 
30393, 5, 5 
11806, 5, 5 
45490, 5, 5 
35628, 5, 5 
7354, 5, 5 
34002, 5, 5 
47934, 5, 5 
1288, 5, 5 
18404, 5, 5 
42756, 5, 5 
38896, 5, 5 
25654, 5, 5 
57470, 5, 5 
47554, 5, 5 
34448, 5, 5 
45890, 5, 5 
9589, 5, 5 
3525, 5, 5 
24093, 5, 5 
50497, 5, 5 
20716, 5, 5 
26680, 5, 5 
18431, 5, 5 
15873, 5, 5 
24519, 5, 5 
32996, 5, 5 
23763, 5, 5 
19980, 5, 5 
23568, 5, 5 
2056, 5, 5 
15143, 5, 5 
25342, 5, 5 
24235, 5, 5 
12146, 5, 5 
27065, 5, 5 
27179, 5, 5 
38739, 5, 5 
47193, 5, 5 
50006, 5, 5 
985, 5, 5 
6290, 5, 5 
5363, 5, 5 
30288, 5, 5 
20881, 5, 5 
31746, 5, 5 
56838, 5, 5 
34888, 5, 5 
53920, 5, 5 
56371, 5, 5 
37180, 5, 5 
53638, 5, 5 
58948, 5, 5 
51559, 5, 5 
3580, 5, 5 
32080, 5, 5 
41759, 5, 5 
57320, 5, 5 
29659, 5, 5 
27053, 5, 5 
57345, 5, 5 
7962, 5, 5 
55748, 5, 5 
24402, 5, 5 
28658, 5, 5 
38295, 5, 5 
35867, 5, 5 
18080, 5, 5 
12588, 5, 5 
19207, 5, 5 
46244, 5, 5 
47281, 5, 5 
41670, 5, 5 
11802, 5, 5 
4921, 5, 5 
46667, 5, 5 
11345, 5, 5 
25177, 5, 5 
49655, 5, 5 
35462, 5, 5 
6524, 5, 5 
34711, 5, 5 
55225, 5, 5 
56224, 5, 9 
22802, 5, 5 
45256, 5, 5 
2885, 5, 5 
47320, 5, 5 
17073, 5, 5 
23827, 5, 5 
51793, 5, 5 
5526, 5, 5 
57248, 5, 5 
39409, 5, 5 
1430, 5, 5 
46290, 5, 5 
43451, 5, 5 
57926, 5, 5 
59473, 5, 5 
24317, 5, 5 
35268, 5, 5 
16406, 5, 5 
44329, 5, 5 
7346, 5, 5 
58381, 5, 5 
36539, 5, 5 
17224, 5, 5 
41072, 5, 5 
20044, 5, 5 
26228, 5, 5 
23066, 5, 5 
32582, 5, 5 
40776, 5, 5 
41243, 5, 5 
50633, 5, 5 
40993, 5, 5 
55164, 5, 5 
45870, 5, 5 
53829, 5, 5 
18083, 5, 5 
26752, 5, 5 
22622, 5, 5 
14218, 5, 5 
23518, 5, 5 
57511, 5, 5 
35207, 5, 5 
37817, 5, 5 
15024, 5, 5 
42317, 5, 5 
417, 5, 5 
2571, 5, 5 
10995, 5, 5 
58261, 5, 5 
12470, 5, 5 
47077, 5, 5 
40474, 5, 5 
22736, 5, 5 
53408, 5, 5 
29384, 5, 5 
26856, 5, 5 
9419, 5, 5 
25023, 5, 5 
22805, 5, 5 
48572, 5, 5 
56306, 5, 5 
7279, 5, 5 
36060, 5, 5 
31644, 5, 5 
51298, 5, 5 
5991, 5, 5 
53741, 5, 5 
2308, 5, 5 
53942, 5, 5 
14806, 5, 5 
27259, 5, 5 
1245, 5, 5 
38883, 5, 5 
19825, 5, 5 
9845, 5, 5 
26706, 5, 5 
54581, 5, 5 
17446, 5, 5 
49728, 5, 5 
39381, 5, 5 
25002, 5, 5 
45875, 5, 5 
16446, 5, 5 
54938, 5, 5 
30697, 5, 5 
22638, 5, 5 
6434, 5, 5 
14485, 5, 5 
21850, 5, 5 
10465, 5, 5 
33235, 5, 5 
30086, 5, 5 
18157, 5, 5 
13946, 5, 5 
24068, 5, 5 
4480, 5, 5 
2143, 5, 5 
1913, 5, 5 
48512, 5, 5 
56024, 5, 5 
48078, 5, 5 
8856, 5, 5 
25359, 5, 5 
14150, 5, 5 
54904, 5, 5 
15819, 5, 5 
48004, 5, 5 
27502, 5, 5 
34877, 5, 5 
53272, 5, 5 
5061, 5, 5 
13991, 5, 5 
58753, 5, 5 
48623, 5, 5 
42589, 5, 5 
17006, 5, 5 
2857, 5, 5 
1089, 5, 5 
50279, 5, 5 
38459, 5, 5 
12082, 5, 5 
37160, 5, 5 
21114, 5, 5 
25557, 5, 5 
10543, 5, 5 
47449, 5, 5 
32702, 5, 5 
43442, 5, 5 
51392, 5, 5 
51137, 5, 5 
19888, 5, 5 
17138, 5, 5 
12962, 5, 5 
36437, 5, 5 
46369, 5, 5 
53086, 5, 5 
19175, 5, 5 
48369, 5, 5 
45808, 5, 5 
21011, 5, 5 
56661, 5, 5 
44135, 5, 5 
15464, 5, 5 
23546, 5, 5 
46322, 5, 5 
22396, 5, 5 
42141, 5, 5 
52210, 5, 5 
7081, 5, 5 
24792, 5, 5 
29433, 5, 5 
34478, 5, 5 
15069, 5, 5 
2993, 5, 5 
28949, 5, 5 
36089, 5, 5 
38756, 5, 5 
26413, 5, 5 
29100, 5, 5 
55414, 5, 5 
32107, 5, 5 
6300, 5, 5 
24045, 5, 5 
8392, 5, 5 
12284, 5, 5 
45003, 5, 5 
35077, 5, 5 
52231, 5, 5 
58321, 5, 5 
39666, 5, 5 
55823, 5, 5 
3118, 5, 5 
54446, 5, 5 
51511, 5, 5 
15726, 5, 5 
6776, 5, 5 
47856, 5, 5 
16692, 5, 5 
10092, 5, 5 
5620, 5, 5 
13058, 5, 5 
18573, 5, 5 
54562, 5, 5 
513, 5, 5 
27317, 5, 5 
32698, 5, 5 
13502, 5, 5 
44773, 5, 5 
37558, 5, 5 
55886, 5, 5 
30285, 5, 5 
31022, 5, 5 
23733, 5, 0 
10280, 5, 5 
57132, 5, 5 
12756, 5, 5 
13092, 5, 5 
7133, 5, 5 
24614, 5, 5 
24330, 5, 5 
6781, 5, 5 
49445, 5, 5 
52902, 5, 5 
14562, 5, 5 
6980, 5, 5 
25840, 5, 5 
24730, 5, 5 
24332, 5, 5 
37089, 5, 5 
39021, 5, 5 
44293, 5, 5 
4760, 5, 5 
24426, 5, 5 
38959, 5, 5 
9450, 5, 5 
41926, 5, 5 
54381, 5, 5 
29021, 5, 5 
10939, 5, 5 
284, 5, 5 
13659, 5, 5 
3185, 5, 5 
56344, 5, 5 
3384, 5, 5 
47543, 5, 5 
39427, 5, 5 
53046, 5, 5 
42761, 5, 5 
57240, 5, 5 
22821, 5, 5 
502, 5, 5 
51855, 5, 5 
6068, 5, 5 
9163, 5, 5 
37056, 5, 5 
45049, 5, 5 
6198, 5, 5 
14106, 5, 5 
33928, 5, 5 
964, 5, 5 
9323, 5, 5 
7820, 5, 5 
39803, 5, 5 
34829, 5, 5 
12695, 5, 5 
14672, 5, 5 
45987, 5, 5 
57900, 5, 5 
45629, 5, 5 
47915, 5, 5 
46073, 5, 5 
25521, 5, 5 
24170, 5, 5 
4007, 5, 5 
26290, 5, 5 
48049, 5, 5 
35567, 5, 5 
58870, 5, 5 
1978, 5, 5 
21155, 5, 5 
19659, 5, 5 
6359, 5, 5 
53063, 5, 5 
32287, 5, 5 
6471, 5, 5 
47208, 5, 5 
36804, 5, 5 
19429, 5, 5 
21244, 5, 5 
32023, 5, 5 
37453, 5, 5 
7840, 5, 5 
9207, 5, 5 
33954, 5, 5 
54331, 5, 5 
52509, 5, 5 
45567, 5, 5 
50592, 5, 5 
28375, 5, 5 
18699, 5, 5 
14368, 5, 5 
15378, 5, 5 
5060, 5, 5 
46901, 5, 5 
39725, 5, 5 
51659, 5, 5 
39085, 5, 5 
11631, 5, 5 
57232, 5, 5 
3285, 5, 5 
54988, 5, 5 
41230, 5, 5 
29955, 5, 5 
50060, 5, 5 
20994, 5, 5 
138, 5, 5 
58190, 5, 5 
48440, 5, 5 
15830, 5, 5 
17264, 5, 5 
53433, 5, 5 
26030, 5, 5 
54902, 5, 5 
24492, 5, 5 
16028, 5, 5 
40640, 5, 5 
55643, 5, 5 
43805, 5, 5 
54246, 5, 5 
44055, 5, 5 
53715, 5, 5 
58117, 5, 5 
7833, 5, 5 
5742, 5, 5 
47955, 5, 5 
16832, 5, 5 
14742, 5, 5 
22426, 5, 5 
30280, 5, 5 
49428, 5, 5 
9414, 5, 5 
56036, 5, 5 
4665, 5, 5 
27727, 5, 5 
55463, 5, 5 
13642, 5, 5 
17094, 5, 5 
40678, 5, 5 
16120, 5, 5 
36289, 5, 5 
50641, 5, 5 
26467, 5, 5 
38592, 5, 5 
23640, 5, 5 
49241, 5, 5 
31413, 5, 5 
43591, 5, 5 
45482, 5, 5 
55871, 5, 5 
34692, 5, 5 
55958, 5, 5 
2912, 5, 5 
31618, 5, 5 
47177, 5, 5 
18829, 5, 5 
39831, 5, 5 
1516, 5, 5 
59968, 5, 5 
5598, 5, 5 
33245, 5, 5 
59574, 5, 5 
52131, 5, 5 
51794, 5, 9 
652, 5, 5 
12021, 5, 5 
59800, 5, 5 
21338, 5, 5 
47319, 5, 5 
1993, 5, 5 
11739, 5, 5 
43233, 5, 5 
13312, 5, 5 
3062, 5, 5 
42407, 5, 5 
26066, 5, 5 
3326, 5, 5 
9824, 5, 5 
38940, 5, 5 
55909, 5, 5 
49367, 5, 5 
50662, 5, 5 
22983, 5, 5 
55953, 5, 5 
31772, 5, 5 
7848, 5, 5 
7699, 5, 5 
21481, 5, 5 
2211, 5, 5 
20815, 5, 5 
32943, 5, 5 
55042, 5, 5 
54142, 5, 5 
1690, 5, 5 
39214, 5, 5 
15661, 5, 5 
11325, 5, 5 
59731, 5, 5 
10822, 5, 5 
46392, 6, 6 
27491, 6, 6 
43646, 6, 6 
43822, 6, 6 
5750, 6, 6 
16632, 6, 6 
37142, 6, 6 
47877, 6, 6 
24438, 6, 6 
47418, 6, 6 
43940, 6, 6 
24948, 6, 6 
51514, 6, 6 
34963, 6, 6 
37675, 6, 6 
3136, 6, 6 
35140, 6, 6 
56811, 6, 6 
20701, 6, 6 
42386, 6, 6 
852, 6, 6 
52986, 6, 6 
3139, 6, 6 
42591, 6, 6 
52502, 6, 6 
25271, 6, 6 
48153, 6, 6 
46587, 6, 6 
20122, 6, 6 
23958, 6, 6 
31167, 6, 6 
25962, 6, 6 
44963, 6, 6 
3097, 6, 6 
18330, 6, 6 
27704, 6, 6 
34748, 6, 6 
955, 6, 6 
42729, 6, 6 
33584, 6, 6 
54067, 6, 6 
53900, 6, 6 
46383, 6, 6 
27595, 6, 6 
31143, 6, 6 
41246, 6, 6 
14186, 6, 6 
43049, 6, 6 
8792, 6, 6 
18721, 6, 6 
50598, 6, 6 
22333, 6, 6 
19788, 6, 6 
9659, 6, 6 
19927, 6, 6 
21349, 6, 6 
41242, 6, 6 
56718, 6, 6 
2656, 6, 6 
33629, 6, 6 
52215, 6, 6 
13860, 6, 6 
49019, 6, 6 
44217, 6, 6 
22962, 6, 6 
25306, 6, 6 
30799, 6, 6 
33724, 6, 6 
32994, 6, 6 
27404, 6, 6 
22448, 6, 6 
23125, 6, 6 
32230, 6, 6 
14764, 6, 6 
15036, 6, 6 
39908, 6, 6 
29793, 6, 6 
660, 6, 6 
46382, 6, 6 
14671, 6, 6 
22435, 6, 6 
53540, 6, 6 
58922, 6, 6 
15188, 6, 6 
56918, 6, 6 
50108, 6, 6 
2910, 6, 6 
34189, 6, 6 
186, 6, 6 
54662, 6, 6 
44697, 6, 6 
2992, 6, 6 
5837, 6, 6 
58842, 6, 6 
26530, 6, 6 
11065, 6, 6 
11932, 6, 6 
41849, 6, 6 
24486, 6, 6 
10697, 6, 6 
30421, 6, 6 
36665, 6, 6 
55904, 6, 6 
57959, 6, 6 
46898, 6, 6 
49178, 6, 6 
31208, 6, 6 
1726, 6, 6 
16118, 6, 6 
46521, 6, 6 
47032, 6, 6 
9338, 6, 6 
47458, 6, 6 
59171, 6, 6 
58041, 6, 6 
38334, 6, 6 
16841, 6, 6 
17670, 6, 6 
46646, 6, 6 
40541, 6, 6 
41517, 6, 6 
2602, 6, 6 
50623, 6, 6 
44082, 6, 6 
22091, 6, 6 
43594, 6, 6 
34993, 6, 6 
10335, 6, 6 
24753, 6, 6 
51115, 6, 6 
2470, 6, 6 
34578, 6, 6 
58382, 6, 6 
22212, 6, 6 
34488, 6, 6 
33474, 6, 6 
4249, 6, 6 
59540, 6, 6 
25860, 6, 6 
24474, 6, 6 
59591, 6, 6 
23471, 6, 6 
22210, 6, 6 
24832, 6, 6 
8799, 6, 6 
44644, 6, 6 
6313, 6, 6 
20736, 6, 6 
59895, 6, 6 
29331, 6, 6 
41828, 6, 6 
43505, 6, 6 
51246, 6, 6 
9187, 6, 6 
10435, 6, 6 
18670, 6, 6 
57675, 6, 6 
22160, 6, 6 
11866, 6, 6 
39369, 6, 6 
29169, 6, 6 
26511, 6, 6 
28162, 6, 0 
30648, 6, 6 
33595, 6, 6 
16378, 6, 6 
31898, 6, 6 
25572, 6, 6 
9389, 6, 6 
55913, 6, 6 
8265, 6, 6 
42948, 6, 6 
47631, 6, 6 
52421, 6, 6 
38721, 6, 6 
32783, 6, 6 
16768, 6, 6 
59775, 6, 6 
24955, 6, 6 
22561, 6, 6 
42530, 6, 6 
35687, 6, 6 
9785, 6, 6 
49597, 6, 6 
22909, 6, 6 
16891, 6, 6 
8638, 6, 6 
37577, 6, 6 
17199, 6, 6 
59583, 6, 6 
24611, 6, 6 
49175, 6, 6 
221, 6, 6 
35888, 6, 6 
4087, 6, 6 
42452, 6, 6 
24242, 6, 6 
45668, 6, 6 
9262, 6, 6 
26958, 6, 6 
20896, 6, 6 
30597, 6, 6 
30157, 6, 6 
13614, 6, 6 
55456, 6, 6 
54547, 6, 6 
52102, 6, 6 
55252, 6, 6 
2212, 6, 6 
24428, 6, 6 
1708, 6, 6 
7230, 6, 6 
37442, 6, 6 
45523, 6, 6 
10786, 6, 6 
37542, 6, 6 
1669, 6, 6 
7662, 6, 6 
55515, 6, 6 
35517, 6, 6 
37336, 6, 6 
8290, 6, 6 
21074, 6, 6 
26759, 6, 6 
3869, 6, 6 
13282, 6, 6 
52156, 6, 6 
3654, 6, 6 
24622, 6, 6 
40527, 6, 6 
17982, 6, 6 
32242, 6, 6 
43518, 6, 6 
50610, 6, 6 
58522, 6, 6 
47415, 6, 6 
9808, 6, 6 
37476, 6, 6 
27169, 6, 6 
34924, 6, 6 
35146, 6, 6 
53557, 6, 6 
31339, 6, 6 
5566, 6, 6 
13375, 6, 6 
53553, 6, 6 
23354, 6, 6 
33397, 6, 6 
29136, 6, 6 
39430, 6, 6 
3789, 6, 6 
16032, 6, 6 
31867, 6, 6 
52880, 6, 6 
26940, 6, 6 
16088, 6, 6 
4857, 6, 6 
40278, 6, 6 
14952, 6, 6 
8001, 6, 6 
21821, 6, 6 
13101, 6, 6 
29728, 6, 6 
56501, 6, 6 
3629, 6, 6 
51977, 6, 6 
27750, 6, 6 
34896, 6, 6 
56240, 6, 6 
4039, 6, 6 
52194, 6, 6 
18275, 6, 6 
10275, 6, 6 
35238, 6, 6 
20469, 6, 6 
45267, 6, 6 
44909, 6, 6 
9574, 6, 6 
12290, 6, 6 
30741, 6, 6 
592, 6, 6 
1240, 6, 6 
16410, 6, 6 
22107, 6, 6 
43682, 6, 6 
55994, 6, 6 
16346, 6, 6 
59453, 6, 6 
32978, 6, 6 
5774, 6, 6 
46558, 6, 6 
18605, 6, 6 
26498, 6, 6 
11158, 6, 6 
58124, 6, 6 
31974, 6, 6 
15674, 6, 6 
36195, 6, 6 
30839, 6, 6 
47450, 6, 6 
8072, 6, 6 
6029, 6, 6 
55738, 6, 6 
30178, 6, 6 
14912, 6, 6 
7389, 6, 6 
27812, 6, 6 
59208, 6, 6 
1540, 6, 6 
986, 6, 6 
26483, 6, 6 
28934, 6, 6 
7571, 6, 6 
19290, 6, 6 
46967, 6, 6 
7212, 6, 6 
2635, 6, 6 
37228, 6, 6 
27796, 6, 6 
5780, 6, 6 
45552, 6, 6 
43154, 6, 6 
55742, 6, 6 
55561, 6, 6 
11530, 6, 6 
44690, 6, 6 
48649, 6, 6 
37421, 6, 6 
8410, 6, 6 
43678, 6, 6 
38327, 6, 6 
15529, 6, 6 
43804, 6, 6 
41111, 6, 6 
9526, 6, 6 
12155, 6, 6 
48278, 6, 6 
33910, 6, 6 
47713, 6, 6 
37859, 6, 6 
26318, 6, 6 
17563, 6, 6 
32265, 6, 6 
55483, 6, 6 
25108, 6, 6 
13770, 6, 6 
17395, 6, 6 
15483, 6, 6 
51075, 6, 6 
15733, 6, 6 
40609, 6, 6 
30045, 6, 6 
40741, 6, 6 
23450, 6, 6 
58423, 6, 6 
11828, 6, 6 
29630, 6, 6 
15708, 6, 6 
42667, 6, 6 
49931, 6, 6 
26810, 6, 6 
1202, 6, 6 
58488, 6, 6 
20431, 6, 6 
45750, 6, 6 
56115, 6, 6 
32866, 6, 6 
27556, 6, 6 
48879, 6, 6 
9765, 6, 6 
41060, 6, 6 
59029, 6, 6 
9460, 6, 6 
51804, 6, 6 
29526, 6, 6 
13261, 6, 6 
5826, 6, 6 
29221, 6, 6 
19331, 6, 6 
41757, 6, 6 
3268, 6, 6 
59445, 6, 6 
53830, 6, 6 
57881, 6, 6 
30577, 6, 6 
55943, 6, 6 
23785, 6, 6 
38450, 6, 6 
27244, 6, 6 
42847, 6, 6 
48086, 6, 6 
42207, 6, 6 
12319, 6, 6 
59448, 6, 6 
28554, 6, 6 
49930, 6, 6 
5145, 6, 6 
59463, 6, 6 
22035, 6, 6 
40034, 6, 6 
11959, 6, 6 
25113, 6, 6 
6388, 6, 6 
32977, 6, 6 
2148, 6, 6 
17079, 6, 6 
28467, 6, 6 
5879, 6, 6 
34783, 6, 6 
35993, 6, 6 
22449, 6, 6 
15348, 6, 6 
218, 6, 6 
56863, 6, 6 
44728, 6, 6 
3772, 6, 6 
13246, 6, 6 
6246, 6, 6 
35910, 6, 6 
38796, 6, 6 
20148, 6, 6 
31998, 6, 6 
51728, 6, 6 
52461, 6, 6 
11479, 6, 6 
46024, 6, 6 
40349, 6, 6 
47778, 6, 6 
20916, 6, 6 
22908, 6, 6 
1686, 6, 6 
5629, 6, 6 
19678, 6, 6 
6727, 6, 6 
26777, 6, 6 
55018, 6, 6 
1488, 6, 6 
1671, 6, 6 
5018, 6, 6 
38176, 6, 6 
5159, 6, 6 
13621, 6, 6 
6721, 6, 6 
47486, 6, 6 
15320, 6, 6 
37475, 6, 6 
28704, 6, 6 
8774, 6, 6 
11327, 6, 6 
16668, 6, 6 
54572, 6, 6 
37315, 6, 6 
49526, 6, 6 
37218, 6, 6 
1303, 6, 6 
2967, 6, 6 
55143, 6, 6 
37140, 6, 6 
25141, 6, 6 
50893, 6, 6 
55558, 6, 6 
16746, 6, 6 
4943, 6, 6 
3947, 6, 6 
48673, 6, 6 
9929, 6, 6 
26392, 6, 6 
12262, 6, 6 
46861, 6, 6 
28847, 6, 6 
42234, 6, 6 
15317, 6, 6 
42689, 6, 6 
5273, 6, 6 
32113, 6, 6 
57138, 6, 6 
33379, 6, 6 
40383, 6, 6 
35683, 6, 6 
12002, 6, 6 
11363, 6, 6 
41452, 6, 6 
59292, 6, 6 
42843, 6, 6 
40625, 6, 6 
7268, 6, 6 
32240, 6, 6 
36838, 6, 6 
39583, 6, 6 
52253, 6, 6 
22820, 6, 6 
36574, 6, 6 
38322, 6, 6 
36067, 6, 6 
910, 6, 6 
23949, 6, 6 
26603, 6, 6 
449, 6, 6 
43251, 6, 6 
8091, 6, 6 
21904, 7, 7 
48135, 7, 7 
59031, 7, 7 
38017, 7, 7 
48125, 7, 7 
44954, 7, 7 
48622, 7, 7 
49412, 7, 7 
42415, 7, 7 
4479, 7, 7 
11919, 7, 7 
25833, 7, 7 
7380, 7, 7 
28632, 7, 7 
47127, 7, 7 
59703, 7, 7 
27463, 7, 7 
44170, 7, 7 
14898, 7, 7 
24788, 7, 7 
26826, 7, 7 
51138, 7, 7 
59068, 7, 7 
15086, 7, 7 
31826, 7, 7 
42200, 7, 7 
42094, 7, 7 
13746, 7, 7 
7301, 7, 7 
59938, 7, 7 
55887, 7, 7 
45615, 7, 7 
5347, 7, 7 
36345, 7, 7 
46686, 7, 7 
6333, 7, 7 
14219, 7, 7 
29212, 7, 7 
34111, 7, 7 
20048, 7, 7 
11763, 7, 7 
31100, 7, 7 
954, 7, 7 
38505, 7, 7 
43427, 7, 7 
10202, 7, 7 
6911, 7, 7 
28697, 7, 7 
45829, 7, 7 
31967, 7, 7 
38550, 7, 7 
7643, 7, 7 
27098, 7, 7 
9747, 7, 7 
3065, 7, 7 
20310, 7, 7 
868, 7, 7 
38743, 7, 7 
52113, 7, 7 
51141, 7, 7 
58885, 7, 7 
3249, 7, 7 
41099, 7, 7 
4303, 7, 7 
24742, 7, 7 
30154, 7, 7 
26778, 7, 7 
21672, 7, 7 
57405, 7, 7 
18142, 7, 7 
40729, 7, 7 
42292, 7, 7 
56393, 7, 7 
4907, 7, 7 
23798, 7, 7 
56931, 7, 7 
24984, 7, 7 
56233, 7, 7 
4266, 7, 7 
44737, 7, 7 
51204, 7, 7 
33964, 7, 7 
34142, 7, 7 
54925, 7, 7 
7730, 7, 7 
53213, 7, 7 
483, 7, 7 
2018, 7, 7 
12364, 7, 7 
25125, 7, 7 
11703, 7, 7 
36283, 7, 7 
57337, 7, 7 
6487, 7, 7 
23021, 7, 7 
8114, 7, 7 
54732, 7, 7 
4211, 7, 7 
40506, 7, 7 
22497, 7, 7 
11254, 7, 7 
4977, 7, 7 
42831, 7, 7 
31927, 7, 7 
41520, 7, 7 
15737, 7, 7 
35636, 7, 7 
38964, 7, 7 
962, 7, 7 
16138, 7, 7 
39254, 7, 7 
48095, 7, 9 
23164, 7, 7 
33356, 7, 7 
27302, 7, 7 
43926, 7, 7 
18736, 7, 7 
24727, 7, 7 
20977, 7, 7 
30260, 7, 7 
10231, 7, 7 
45691, 7, 7 
47806, 7, 7 
18844, 7, 7 
39088, 7, 7 
57372, 7, 7 
5496, 7, 7 
8286, 7, 7 
13149, 7, 7 
51634, 7, 7 
57235, 7, 7 
39580, 7, 7 
34445, 7, 7 
24503, 7, 7 
46888, 7, 7 
40794, 7, 7 
13000, 7, 7 
33362, 7, 7 
6696, 7, 7 
55971, 7, 7 
56769, 7, 7 
6835, 7, 7 
22941, 7, 7 
54099, 7, 7 
57367, 7, 7 
41779, 7, 7 
54971, 7, 7 
31957, 7, 7 
40742, 7, 7 
3556, 7, 7 
50440, 7, 7 
57431, 7, 7 
30357, 7, 7 
44588, 7, 7 
25639, 7, 7 
16264, 7, 7 
45489, 7, 7 
12841, 7, 7 
17419, 7, 7 
38506, 7, 7 
13755, 7, 7 
21412, 7, 7 
37999, 7, 7 
58455, 7, 7 
19039, 7, 7 
7236, 7, 7 
21478, 7, 7 
20558, 7, 7 
33656, 7, 7 
56392, 7, 7 
21816, 7, 7 
19409, 7, 7 
59746, 7, 7 
53113, 7, 7 
20398, 7, 7 
47061, 7, 7 
22613, 7, 7 
22667, 7, 7 
56534, 7, 7 
19534, 7, 7 
35196, 7, 7 
30722, 7, 7 
59246, 7, 7 
6623, 7, 7 
35919, 7, 7 
42592, 7, 7 
40311, 7, 7 
36472, 7, 7 
25525, 7, 7 
27498, 7, 7 
22826, 7, 7 
7992, 7, 7 
44064, 7, 7 
44516, 7, 7 
18191, 7, 7 
52606, 7, 7 
10510, 7, 7 
43222, 7, 7 
57549, 7, 7 
3428, 7, 7 
18773, 7, 7 
31835, 7, 7 
2168, 7, 7 
23811, 7, 7 
7605, 7, 7 
15818, 7, 7 
41024, 7, 7 
58125, 7, 7 
36334, 7, 7 
32120, 7, 7 
49980, 7, 7 
57535, 7, 7 
11430, 7, 7 
20980, 7, 7 
27683, 7, 7 
45973, 7, 7 
13482, 7, 7 
27406, 7, 7 
1437, 7, 7 
54891, 7, 7 
9522, 7, 7 
39847, 7, 7 
11854, 7, 7 
11407, 7, 7 
41002, 7, 7 
59435, 7, 7 
2984, 7, 7 
32924, 7, 7 
23698, 7, 7 
3189, 7, 7 
15859, 7, 7 
23849, 7, 7 
34972, 7, 7 
16505, 7, 7 
44658, 7, 7 
25594, 7, 7 
3620, 7, 7 
30449, 7, 7 
34825, 7, 7 
43584, 7, 7 
9022, 7, 7 
51885, 7, 7 
25426, 7, 7 
20971, 7, 7 
20019, 7, 7 
55365, 7, 7 
41650, 7, 7 
24975, 7, 7 
38026, 7, 7 
33759, 7, 7 
4273, 7, 7 
11122, 7, 7 
33995, 7, 7 
24801, 7, 7 
44500, 7, 7 
55021, 7, 7 
32294, 7, 7 
13469, 7, 7 
45060, 7, 7 
54207, 7, 7 
13192, 7, 7 
49242, 7, 7 
49758, 7, 7 
55918, 7, 7 
21693, 7, 7 
46820, 7, 7 
55374, 7, 7 
47988, 7, 7 
21567, 7, 7 
47717, 7, 7 
42646, 7, 7 
23173, 7, 7 
39760, 7, 7 
56218, 7, 7 
9445, 7, 7 
24415, 7, 7 
27635, 7, 7 
26026, 7, 7 
20921, 7, 7 
8361, 7, 7 
723, 7, 7 
24171, 7, 7 
18320, 7, 7 
53525, 7, 7 
36411, 7, 7 
36258, 7, 7 
50129, 7, 7 
4759, 7, 7 
55486, 7, 7 
24917, 7, 7 
39053, 7, 7 
41532, 7, 7 
3899, 7, 7 
158, 7, 7 
14053, 7, 7 
27716, 7, 7 
47303, 7, 7 
8717, 7, 7 
51070, 7, 7 
13834, 7, 7 
14531, 7, 7 
16226, 7, 7 
1043, 7, 7 
44392, 7, 7 
2659, 7, 7 
52591, 7, 7 
18289, 7, 7 
15460, 7, 7 
57703, 7, 7 
23551, 7, 7 
22109, 7, 7 
56131, 7, 7 
51862, 7, 7 
11894, 7, 7 
8280, 7, 7 
47221, 7, 7 
47677, 7, 7 
30224, 7, 7 
21456, 7, 7 
47879, 7, 7 
17307, 7, 7 
18621, 7, 7 
44772, 7, 7 
40911, 7, 7 
10682, 7, 7 
8143, 7, 7 
23704, 7, 7 
59856, 7, 7 
59592, 7, 7 
22183, 7, 7 
59626, 7, 7 
19893, 7, 7 
58631, 7, 7 
31725, 7, 7 
24022, 7, 7 
32346, 7, 7 
22754, 7, 7 
37871, 7, 7 
654, 7, 7 
51361, 7, 7 
20909, 7, 7 
32955, 7, 7 
28563, 7, 7 
24571, 7, 7 
24005, 7, 7 
34472, 7, 7 
34647, 7, 7 
11553, 7, 7 
17935, 7, 7 
54561, 7, 7 
12403, 7, 7 
34998, 7, 7 
24259, 7, 7 
47633, 7, 7 
48639, 7, 7 
5448, 7, 7 
55003, 7, 7 
42283, 7, 7 
34378, 7, 7 
11687, 7, 7 
52735, 7, 7 
25009, 7, 7 
17800, 7, 7 
32957, 7, 7 
29775, 7, 7 
19473, 7, 7 
17383, 7, 7 
58925, 7, 7 
46737, 7, 7 
9999, 7, 7 
54644, 7, 7 
39863, 7, 9 
58143, 7, 7 
19259, 7, 7 
29900, 7, 7 
47180, 7, 7 
38144, 7, 7 
7849, 7, 7 
1300, 7, 7 
53171, 7, 7 
54761, 7, 7 
3267, 7, 7 
52008, 7, 7 
13786, 7, 7 
31101, 7, 7 
25115, 7, 7 
27151, 7, 7 
29850, 7, 7 
57546, 7, 7 
43284, 7, 7 
33423, 7, 7 
59988, 7, 7 
58099, 7, 7 
8020, 7, 7 
49694, 7, 7 
8375, 7, 7 
46156, 7, 7 
21462, 7, 7 
25871, 7, 7 
38711, 7, 7 
14095, 7, 7 
30307, 7, 7 
49053, 7, 7 
17683, 7, 7 
5283, 7, 7 
34395, 7, 7 
17735, 7, 7 
53624, 7, 7 
58574, 7, 7 
48422, 7, 7 
45333, 7, 7 
57344, 7, 7 
45114, 7, 7 
13158, 7, 7 
52669, 7, 7 
32599, 7, 7 
35871, 7, 7 
28575, 7, 7 
16557, 7, 7 
26499, 7, 7 
54385, 7, 7 
42061, 7, 7 
21790, 7, 7 
12287, 7, 7 
25904, 7, 7 
36763, 7, 7 
50877, 7, 7 
26734, 7, 7 
42067, 7, 7 
6319, 7, 7 
41088, 7, 7 
29625, 7, 7 
32662, 7, 2 
44378, 7, 7 
22950, 7, 7 
55842, 7, 7 
39357, 7, 7 
35469, 7, 7 
19987, 7, 7 
58177, 7, 7 
10014, 7, 7 
23571, 7, 7 
11821, 7, 7 
39047, 7, 7 
13555, 7, 7 
20223, 7, 7 
27944, 7, 7 
18351, 7, 7 
12492, 7, 7 
29652, 7, 7 
40165, 7, 7 
33618, 7, 7 
32906, 7, 7 
8256, 7, 7 
56329, 7, 7 
35512, 7, 7 
36580, 7, 7 
29210, 7, 7 
48678, 7, 7 
24505, 7, 7 
54477, 7, 7 
44311, 7, 7 
41367, 7, 7 
33737, 7, 7 
40675, 7, 7 
57074, 7, 7 
10544, 7, 7 
52633, 7, 7 
32687, 7, 7 
35668, 7, 7 
40001, 7, 7 
32738, 7, 7 
34837, 7, 7 
18002, 7, 7 
10573, 7, 7 
15877, 7, 7 
34772, 7, 7 
10932, 7, 7 
37673, 7, 7 
17897, 7, 7 
17356, 7, 7 
7731, 7, 7 
46642, 7, 7 
15518, 7, 7 
22037, 7, 7 
24548, 7, 7 
25211, 7, 7 
18754, 7, 7 
3840, 7, 7 
15327, 7, 7 
42145, 7, 7 
28273, 7, 7 
49174, 7, 7 
467, 7, 7 
29103, 7, 7 
47931, 7, 7 
730, 7, 7 
52092, 7, 7 
53852, 7, 7 
48275, 7, 7 
26147, 8, 8 
55430, 8, 8 
32774, 8, 8 
49990, 8, 8 
52292, 8, 8 
15595, 8, 8 
29665, 8, 8 
17021, 8, 8 
21408, 8, 8 
3959, 8, 8 
1214, 8, 8 
31915, 8, 8 
12974, 8, 8 
50900, 8, 8 
8686, 8, 8 
1434, 8, 8 
3338, 8, 8 
37608, 8, 8 
54749, 8, 8 
53848, 8, 8 
20559, 8, 8 
58394, 8, 8 
51313, 8, 8 
15941, 8, 8 
13065, 8, 8 
14791, 8, 8 
45737, 8, 8 
41441, 8, 8 
21520, 8, 8 
25647, 8, 8 
6041, 8, 8 
36473, 8, 8 
23376, 8, 8 
758, 8, 8 
45116, 8, 8 
20657, 8, 8 
56026, 8, 8 
53285, 8, 8 
12073, 8, 8 
37768, 8, 8 
5775, 8, 8 
7405, 8, 8 
36219, 8, 8 
2026, 8, 8 
42453, 8, 8 
47008, 8, 8 
47550, 8, 8 
4384, 8, 8 
49453, 8, 8 
59128, 8, 8 
22261, 8, 8 
25843, 8, 8 
708, 8, 8 
53115, 8, 8 
42724, 8, 8 
22324, 8, 8 
23582, 8, 8 
25276, 8, 8 
14993, 8, 8 
37952, 8, 8 
8359, 8, 8 
30239, 8, 8 
43793, 8, 8 
545, 8, 8 
6942, 8, 8 
11843, 8, 8 
47163, 8, 8 
33771, 8, 8 
16897, 8, 8 
23890, 8, 8 
53400, 8, 8 
50035, 8, 8 
48509, 8, 8 
59403, 8, 8 
27513, 8, 8 
4419, 8, 8 
28710, 8, 8 
23109, 8, 8 
58849, 8, 8 
12255, 8, 8 
43464, 8, 8 
1790, 8, 8 
32516, 8, 8 
56952, 8, 8 
20859, 8, 8 
49052, 8, 8 
43334, 8, 8 
44944, 8, 8 
47857, 8, 8 
23092, 8, 8 
18012, 8, 8 
39167, 8, 8 
56145, 8, 8 
11890, 8, 8 
19079, 8, 8 
36179, 8, 8 
53011, 8, 8 
55650, 8, 8 
47359, 8, 8 
40274, 8, 8 
51266, 8, 8 
37539, 8, 8 
38623, 8, 8 
58762, 8, 8 
54120, 8, 8 
5042, 8, 8 
33997, 8, 8 
39575, 8, 8 
48588, 8, 8 
7924, 8, 8 
57602, 8, 8 
33890, 8, 8 
59309, 8, 8 
23316, 8, 8 
5548, 8, 8 
10515, 8, 8 
32874, 8, 8 
8782, 8, 8 
38063, 8, 8 
1914, 8, 8 
1279, 8, 8 
5680, 8, 8 
49502, 8, 8 
3616, 8, 8 
11611, 8, 8 
6659, 8, 8 
56716, 8, 8 
18317, 8, 8 
36299, 8, 8 
9057, 8, 8 
16797, 8, 8 
11704, 8, 8 
16820, 8, 8 
15343, 8, 8 
3762, 8, 8 
17112, 8, 8 
32471, 8, 8 
42941, 8, 8 
23848, 8, 8 
56872, 8, 8 
35323, 8, 8 
19570, 8, 8 
49051, 8, 8 
7228, 8, 8 
35847, 8, 8 
53997, 8, 8 
41393, 8, 8 
13626, 8, 8 
42388, 8, 8 
1856, 8, 8 
46285, 8, 8 
59505, 8, 8 
13447, 8, 8 
56647, 8, 8 
11724, 8, 8 
36696, 8, 8 
49176, 8, 8 
29387, 8, 8 
44437, 8, 8 
38912, 8, 8 
1964, 8, 8 
36320, 8, 8 
21486, 8, 8 
2768, 8, 8 
57800, 8, 8 
41758, 8, 8 
20364, 8, 8 
21613, 8, 8 
32226, 8, 8 
12777, 8, 8 
30523, 8, 8 
45738, 8, 8 
7607, 8, 8 
30203, 8, 8 
22703, 8, 8 
27030, 8, 8 
20621, 8, 8 
18523, 8, 8 
34663, 8, 8 
40758, 8, 8 
24108, 8, 8 
13423, 8, 8 
43109, 8, 8 
13917, 8, 8 
17743, 8, 8 
42299, 8, 8 
44270, 8, 8 
50626, 8, 8 
58752, 8, 8 
6199, 8, 8 
54550, 8, 8 
16145, 8, 8 
31091, 8, 8 
33755, 8, 8 
27286, 8, 8 
3029, 8, 8 
39926, 8, 8 
137, 8, 8 
46998, 8, 8 
13518, 8, 8 
37771, 8, 8 
40408, 8, 8 
57093, 8, 8 
44002, 8, 8 
13812, 8, 8 
26605, 8, 8 
38878, 8, 8 
47903, 8, 8 
37106, 8, 8 
42155, 8, 8 
46175, 8, 8 
43051, 8, 8 
48075, 8, 8 
28742, 8, 8 
53079, 8, 8 
42127, 8, 8 
45245, 8, 8 
48617, 8, 8 
58302, 8, 8 
27324, 8, 8 
42408, 8, 8 
46397, 8, 8 
13477, 8, 8 
59485, 8, 8 
18334, 8, 8 
39238, 8, 8 
4006, 8, 8 
51565, 8, 8 
50112, 8, 8 
15455, 8, 8 
14872, 8, 8 
5199, 8, 8 
30162, 8, 8 
48406, 8, 8 
25986, 8, 8 
25835, 8, 8 
34574, 8, 8 
49947, 8, 8 
1666, 8, 8 
12295, 8, 8 
52848, 8, 8 
59260, 8, 8 
6072, 8, 8 
53002, 8, 8 
35589, 8, 8 
7000, 8, 8 
59265, 8, 8 
9996, 8, 8 
40364, 8, 8 
35484, 8, 8 
58893, 8, 8 
49279, 8, 8 
15221, 8, 8 
24065, 8, 8 
10936, 8, 8 
15487, 8, 8 
42196, 8, 8 
10066, 8, 8 
13258, 8, 8 
55853, 8, 8 
11662, 8, 8 
6196, 8, 8 
30173, 8, 8 
50869, 8, 8 
39005, 8, 8 
28903, 8, 8 
4967, 8, 8 
55968, 8, 8 
25796, 8, 8 
44532, 8, 8 
39938, 8, 8 
17878, 8, 8 
35044, 8, 8 
14831, 8, 8 
27562, 8, 8 
12174, 8, 8 
57021, 8, 8 
56082, 8, 8 
41130, 8, 8 
35730, 8, 8 
7425, 8, 8 
4213, 8, 8 
50277, 8, 8 
18574, 8, 8 
34417, 8, 8 
5916, 8, 8 
54495, 8, 8 
51709, 8, 8 
29279, 8, 8 
19177, 8, 8 
59995, 8, 8 
26996, 8, 8 
34209, 8, 8 
29092, 8, 8 
14626, 8, 8 
16517, 8, 8 
18890, 8, 8 
34460, 8, 8 
28581, 8, 8 
21649, 8, 8 
24875, 8, 8 
9792, 8, 8 
39585, 8, 8 
21310, 8, 8 
5917, 8, 8 
24241, 8, 8 
15333, 8, 8 
13966, 8, 8 
3865, 8, 8 
5696, 8, 8 
10649, 8, 8 
8584, 8, 8 
57450, 8, 8 
13562, 8, 8 
2285, 8, 8 
55451, 8, 8 
59399, 8, 8 
22653, 8, 8 
14362, 8, 8 
49543, 8, 8 
31530, 8, 8 
7575, 8, 8 
18450, 8, 8 
59163, 8, 8 
50054, 8, 8 
12522, 8, 8 
49532, 8, 8 
32641, 8, 8 
10126, 8, 8 
54909, 8, 8 
53133, 8, 8 
15629, 8, 8 
13089, 8, 8 
6806, 8, 8 
19566, 8, 8 
24187, 8, 8 
4745, 8, 8 
10596, 8, 8 
31441, 8, 8 
44568, 8, 8 
15820, 8, 8 
19591, 8, 8 
42878, 8, 8 
1873, 8, 8 
37178, 8, 8 
3040, 8, 8 
18811, 8, 8 
29223, 8, 8 
19470, 8, 8 
44203, 8, 8 
6831, 8, 8 
47176, 8, 8 
11431, 8, 8 
43447, 8, 8 
22439, 8, 8 
52080, 8, 8 
51906, 8, 8 
3273, 8, 8 
58233, 8, 8 
57668, 8, 8 
54437, 8, 8 
12037, 8, 8 
23077, 8, 8 
49225, 8, 8 
7918, 8, 8 
18466, 8, 8 
58969, 8, 8 
38273, 8, 8 
44834, 8, 8 
16790, 8, 8 
18660, 8, 8 
22604, 8, 8 
94, 8, 8 
9918, 8, 8 
30937, 8, 8 
52468, 8, 8 
46758, 8, 8 
43695, 8, 8 
57379, 8, 8 
12032, 8, 8 
1853, 8, 8 
1267, 8, 8 
28003, 8, 8 
56386, 8, 8 
47484, 8, 8 
9117, 8, 8 
40467, 8, 8 
32375, 8, 8 
6353, 8, 8 
51720, 8, 8 
47051, 8, 8 
52012, 8, 8 
30738, 8, 8 
19000, 8, 8 
12242, 8, 8 
37460, 8, 8 
51488, 8, 8 
32103, 8, 8 
6153, 8, 8 
33579, 8, 8 
23052, 8, 8 
29711, 8, 8 
5163, 8, 8 
50745, 8, 8 
55695, 8, 8 
146, 8, 8 
35364, 8, 8 
20300, 8, 8 
56907, 8, 8 
26660, 8, 8 
21383, 8, 8 
1419, 8, 8 
14499, 8, 8 
38587, 8, 8 
47111, 8, 8 
48503, 8, 8 
17056, 8, 8 
31273, 8, 8 
39519, 8, 8 
24301, 8, 8 
47401, 8, 8 
23048, 8, 8 
694, 8, 8 
39793, 8, 8 
34883, 8, 8 
41481, 8, 8 
35967, 8, 8 
13176, 8, 8 
18856, 8, 8 
49803, 8, 8 
45717, 8, 8 
12944, 8, 8 
26935, 8, 8 
1013, 8, 8 
56959, 8, 8 
33152, 8, 8 
17681, 8, 8 
27545, 8, 8 
39779, 8, 8 
52573, 8, 8 
29172, 8, 8 
55618, 8, 8 
50171, 8, 8 
7356, 8, 8 
22054, 8, 8 
28813, 8, 8 
14385, 8, 8 
55557, 8, 8 
46527, 8, 8 
9309, 8, 8 
37431, 8, 8 
8867, 8, 8 
40092, 8, 8 
22241, 8, 8 
3664, 8, 8 
3825, 8, 8 
54162, 8, 8 
33539, 8, 8 
51163, 8, 8 
9543, 8, 8 
13792, 8, 8 
38956, 8, 8 
11121, 8, 8 
56889, 8, 8 
22494, 8, 8 
21730, 8, 8 
33777, 8, 8 
21085, 8, 8 
30771, 8, 8 
36648, 8, 8 
42442, 8, 8 
37721, 8, 8 
28940, 8, 8 
44929, 8, 8 
58709, 8, 8 
14913, 8, 8 
41078, 8, 8 
46827, 8, 8 
11808, 8, 8 
29142, 8, 8 
11413, 8, 8 
30654, 8, 8 
33201, 8, 8 
40960, 8, 8 
37962, 8, 8 
14987, 8, 8 
2210, 8, 8 
6905, 8, 8 
43182, 8, 8 
45286, 8, 8 
39872, 8, 8 
6523, 8, 8 
49033, 8, 8 
8680, 8, 8 
58475, 8, 8 
25043, 8, 8 
25486, 8, 8 
43515, 8, 8 
24981, 8, 8 
49276, 8, 8 
18138, 9, 9 
56257, 9, 9 
1875, 9, 9 
51185, 9, 9 
49272, 9, 9 
27953, 9, 9 
13437, 9, 9 
41295, 9, 9 
23016, 9, 9 
52462, 9, 9 
2640, 9, 9 
7416, 9, 9 
16253, 9, 9 
32177, 9, 9 
53010, 9, 9 
7529, 9, 9 
45007, 9, 9 
36402, 9, 9 
41334, 9, 9 
12646, 9, 9 
22299, 9, 9 
51713, 9, 9 
1751, 9, 9 
11668, 9, 9 
39718, 9, 9 
58921, 9, 9 
46444, 9, 9 
424, 9, 9 
54874, 9, 9 
18859, 9, 9 
4932, 9, 9 
22967, 9, 9 
45071, 9, 9 
57452, 9, 9 
52846, 9, 9 
24553, 9, 9 
26223, 9, 9 
45123, 9, 9 
31939, 9, 9 
27904, 9, 9 
40997, 9, 9 
11909, 9, 9 
14082, 9, 9 
6238, 9, 9 
6379, 9, 9 
7541, 9, 9 
59131, 9, 9 
11074, 9, 9 
43237, 9, 9 
29281, 9, 9 
16808, 9, 9 
37541, 9, 9 
26558, 9, 9 
22243, 9, 9 
8592, 9, 9 
28677, 9, 9 
4085, 9, 9 
51168, 9, 9 
24821, 9, 9 
47126, 9, 9 
54743, 9, 9 
13557, 9, 9 
25298, 9, 9 
59514, 9, 9 
2006, 9, 9 
46353, 9, 9 
34975, 9, 9 
21718, 9, 9 
36930, 9, 9 
39234, 9, 9 
10906, 9, 9 
10249, 9, 9 
12535, 9, 9 
52180, 9, 9 
16829, 9, 9 
26233, 9, 9 
2643, 9, 9 
27710, 9, 9 
28530, 9, 9 
32491, 9, 9 
14120, 9, 9 
27004, 9, 9 
17537, 9, 9 
28308, 9, 9 
33130, 9, 9 
55815, 9, 9 
45142, 9, 9 
49663, 9, 9 
18552, 9, 9 
19766, 9, 9 
59814, 9, 9 
21423, 9, 9 
55849, 9, 9 
16621, 9, 9 
29865, 9, 9 
22165, 9, 9 
50515, 9, 9 
26512, 9, 9 
58263, 9, 9 
58169, 9, 9 
31573, 9, 9 
33156, 9, 9 
6234, 9, 9 
520, 9, 9 
18387, 9, 9 
37150, 9, 9 
26833, 9, 9 
13717, 9, 9 
13130, 9, 9 
41903, 9, 9 
45864, 9, 9 
36510, 9, 9 
16561, 9, 9 
36666, 9, 9 
38247, 9, 9 
35603, 9, 9 
34292, 9, 9 
5212, 9, 9 
13949, 9, 9 
32648, 9, 9 
3818, 9, 9 
54860, 9, 9 
5589, 9, 9 
4678, 9, 9 
11208, 9, 9 
46490, 9, 9 
26806, 9, 9 
5229, 9, 9 
4065, 9, 9 
24902, 9, 9 
29710, 9, 9 
20667, 9, 9 
43693, 9, 9 
21859, 9, 9 
12825, 9, 9 
1826, 9, 9 
36777, 9, 9 
11762, 9, 9 
51132, 9, 9 
20290, 9, 9 
23102, 9, 9 
9673, 9, 9 
16280, 9, 9 
31141, 9, 9 
42963, 9, 9 
28422, 9, 9 
5992, 9, 9 
2795, 9, 9 
49565, 9, 9 
49710, 9, 9 
44534, 9, 9 
33822, 9, 9 
29878, 9, 9 
32351, 9, 9 
19024, 9, 9 
13072, 9, 9 
43146, 9, 9 
48584, 9, 9 
56041, 9, 9 
49740, 9, 9 
51985, 9, 9 
27515, 9, 9 
34892, 9, 9 
28676, 9, 9 
8220, 9, 9 
11150, 9, 9 
44559, 9, 9 
14208, 9, 9 
1462, 9, 9 
14151, 9, 9 
22684, 9, 9 
13936, 9, 9 
21192, 9, 9 
51812, 9, 9 
30135, 9, 9 
50882, 9, 9 
29031, 9, 9 
42048, 9, 9 
17858, 9, 9 
12389, 9, 9 
29778, 9, 9 
3598, 9, 9 
59634, 9, 9 
30698, 9, 9 
55468, 9, 9 
44071, 9, 9 
54081, 9, 9 
16588, 9, 9 
11633, 9, 9 
10516, 9, 9 
50186, 9, 9 
25589, 9, 9 
50519, 9, 9 
974, 9, 9 
11903, 9, 9 
33187, 9, 9 
32249, 9, 9 
7733, 9, 9 
5008, 9, 9 
32403, 9, 9 
4466, 9, 9 
24946, 9, 9 
16451, 9, 9 
54827, 9, 9 
44423, 9, 9 
39932, 9, 9 
54601, 9, 9 
51316, 9, 9 
45525, 9, 9 
24983, 9, 9 
48297, 9, 9 
58470, 9, 9 
24029, 9, 9 
22799, 9, 9 
20518, 9, 9 
21981, 9, 9 
29419, 9, 9 
31261, 9, 9 
3104, 9, 9 
42017, 9, 9 
1560, 9, 9 
19887, 9, 9 
30237, 9, 9 
44097, 9, 9 
51267, 9, 9 
24246, 9, 9 
58838, 9, 9 
20084, 9, 9 
59829, 9, 9 
56733, 9, 9 
6334, 9, 9 
10867, 9, 9 
26424, 9, 9 
27734, 9, 9 
24211, 9, 9 
14844, 9, 9 
4307, 9, 9 
26970, 9, 9 
264, 9, 9 
55978, 9, 9 
40628, 9, 9 
51095, 9, 9 
46569, 9, 9 
51945, 9, 9 
1736, 9, 9 
37611, 9, 9 
53251, 9, 9 
39953, 9, 9 
35503, 9, 9 
39660, 9, 9 
45528, 9, 9 
44780, 9, 9 
55295, 9, 9 
10810, 9, 9 
29591, 9, 9 
47489, 9, 9 
44509, 9, 9 
9051, 9, 9 
16934, 9, 9 
27732, 9, 9 
33422, 9, 9 
34983, 9, 9 
11603, 9, 9 
59341, 9, 9 
33642, 9, 9 
31744, 9, 9 
12753, 9, 9 
32908, 9, 9 
3834, 9, 9 
32679, 9, 9 
27037, 9, 9 
42524, 9, 9 
44351, 9, 9 
37318, 9, 9 
22086, 9, 9 
41833, 9, 9 
20571, 9, 9 
36074, 9, 9 
23944, 9, 9 
14762, 9, 9 
47836, 9, 9 
36062, 9, 9 
36261, 9, 9 
16981, 9, 9 
22450, 9, 9 
1569, 9, 9 
40446, 9, 9 
23212, 9, 9 
16422, 9, 9 
26462, 9, 9 
39642, 9, 9 
42289, 9, 9 
35524, 9, 9 
6893, 9, 9 
32316, 9, 9 
22447, 9, 9 
6964, 9, 9 
58332, 9, 9 
33683, 9, 9 
31004, 9, 9 
34549, 9, 9 
18916, 9, 9 
45084, 9, 9 
9176, 9, 9 
37046, 9, 9 
12280, 9, 9 
43282, 9, 9 
43750, 9, 9 
52406, 9, 9 
49096, 9, 9 
6174, 9, 9 
57681, 9, 9 
35387, 9, 9 
7245, 9, 9 
54443, 9, 9 
59794, 9, 9 
38740, 9, 9 
47987, 9, 9 
44438, 9, 9 
800, 9, 9 
21167, 9, 9 
14662, 9, 9 
46065, 9, 9 
11089, 9, 9 
15349, 9, 9 
57729, 9, 9 
16953, 9, 9 
13757, 9, 9 
14886, 9, 9 
9683, 9, 9 
47261, 9, 9 
36945, 9, 9 
49714, 9, 9 
6285, 9, 9 
48927, 9, 9 
14827, 9, 9 
11617, 9, 9 
15357, 9, 9 
17342, 9, 9 
53784, 9, 9 
54467, 9, 9 
50384, 9, 9 
7087, 9, 9 
42860, 9, 9 
22501, 9, 9 
28283, 9, 9 
580, 9, 9 
48057, 9, 9 
52805, 9, 9 
6092, 9, 9 
54766, 9, 9 
51592, 9, 9 
32970, 9, 9 
20871, 9, 9 
12946, 9, 9 
20915, 9, 9 
20676, 9, 9 
32713, 9, 9 
45415, 9, 9 
33859, 9, 9 
4329, 9, 9 
52230, 9, 9 
10929, 9, 9 
51123, 9, 9 
600, 9, 9 
9896, 9, 9 
31218, 9, 9 
12833, 9, 9 
28448, 9, 9 
21516, 9, 9 
10576, 9, 9 
44043, 9, 9 
52605, 9, 9 
5391, 9, 9 
12529, 9, 9 
39166, 9, 9 
27397, 9, 9 
5718, 9, 9 
940, 9, 9 
59058, 9, 9 
15666, 9, 9 
59804, 9, 9 
9425, 9, 9 
41787, 9, 9 
11816, 9, 9 
7335, 9, 9 
12674, 9, 9 
38312, 9, 9 
15170, 9, 9 
48580, 9, 9 
17571, 9, 9 
21872, 9, 9 
32910, 9, 9 
19687, 9, 9 
21213, 9, 9 
12910, 9, 9 
31878, 9, 9 
57206, 9, 9 
21224, 9, 9 
51099, 9, 9 
56238, 9, 9 
29905, 9, 9 
19403, 9, 9 
1743, 9, 9 
33375, 9, 9 
1728, 9, 9 
20841, 9, 9 
32311, 9, 9 
3256, 9, 9 
18558, 9, 9 
29737, 9, 9 
3511, 9, 9 
26845, 9, 9 
32816, 9, 9 
19428, 9, 9 
10443, 9, 9 
34876, 9, 9 
44892, 9, 9 
7310, 9, 9 
35125, 9, 9 
16740, 9, 9 
28183, 9, 9 
4019, 9, 9 
59211, 9, 9 
15253, 9, 9 
49793, 9, 9 
52478, 9, 9 
59858, 9, 9 
28625, 9, 9 
31077, 9, 9 
52094, 9, 9 
5705, 9, 9 
4824, 9, 9 
2509, 9, 9 
38233, 9, 9 
59404, 9, 9 
26380, 9, 9 
33891, 9, 9 
44008, 9, 9 
21193, 9, 9 
10621, 9, 9 
57259, 9, 9 
9448, 9, 9 
4, 9, 9 
52481, 9, 9 
282, 9, 9 
41005, 9, 9 
37877, 9, 9 
14726, 9, 9 
50854, 9, 9 
50084, 9, 9 
53045, 9, 9 
7006, 9, 9 
38600, 9, 9 
49489, 9, 9 
6787, 9, 9 
11925, 9, 9 
31923, 9, 9 
7198, 9, 9 
18744, 9, 9 
29973, 9, 9 
57667, 9, 9 
50784, 9, 9 
56487, 9, 9 
1522, 9, 9 
46148, 9, 9 
6084, 9, 9 
17682, 9, 9 
3374, 9, 9 
35623, 9, 9 
19728, 9, 9 
31336, 9, 9 
31094, 9, 9 
49608, 9, 9 
55783, 9, 9 
16814, 9, 9 
53280, 9, 9 
34019, 9, 9 
1811, 9, 9 
39732, 9, 9 
49679, 9, 9 
4826, 9, 9 
50110, 9, 9 
24756, 9, 9 
27383, 9, 9 
44678, 9, 9 
34838, 9, 9 
10208, 9, 9 
17166, 9, 9 
21592, 9, 9 
33999, 9, 9 
7061, 9, 9 
28051, 9, 9 
29012, 9, 9 
17517, 9, 9 
30758, 9, 9 
45062, 9, 9 
14931, 9, 9 
50003, 9, 9 
47445, 9, 9 
