id, true label, predicted label 
2582, 0, 0 
18641, 0, 0 
50534, 0, 0 
53788, 0, 0 
42744, 0, 0 
22910, 0, 0 
35994, 0, 0 
58489, 0, 0 
15779, 0, 0 
39685, 0, 0 
41616, 0, 0 
13464, 0, 0 
52554, 0, 0 
48200, 0, 0 
41447, 0, 0 
35107, 0, 0 
37, 0, 0 
18113, 0, 0 
33534, 0, 0 
21319, 0, 0 
21260, 0, 0 
56530, 0, 0 
15663, 0, 0 
49065, 0, 0 
29263, 0, 0 
57912, 0, 0 
38523, 0, 0 
12666, 0, 0 
34985, 0, 0 
58074, 0, 0 
58897, 0, 0 
11957, 0, 0 
32723, 0, 0 
28772, 0, 0 
45193, 0, 0 
23380, 0, 0 
11920, 0, 0 
11501, 0, 0 
22764, 0, 0 
1359, 0, 0 
57395, 0, 0 
11267, 0, 0 
47135, 0, 0 
41358, 0, 0 
32899, 0, 0 
1775, 0, 0 
9505, 0, 0 
36589, 0, 0 
25092, 0, 0 
56735, 0, 0 
4527, 0, 0 
58553, 0, 0 
20662, 0, 0 
232, 0, 0 
49197, 0, 0 
23943, 0, 0 
30246, 0, 0 
41211, 0, 0 
34502, 0, 0 
53404, 0, 0 
20141, 0, 0 
46139, 0, 0 
326, 0, 0 
56509, 0, 0 
3876, 0, 0 
7267, 0, 0 
23875, 0, 0 
41265, 0, 0 
51638, 0, 0 
50990, 0, 0 
54475, 0, 0 
47186, 0, 0 
41927, 0, 0 
47406, 0, 0 
18208, 0, 0 
48438, 0, 0 
19649, 0, 0 
15971, 0, 0 
8703, 0, 0 
46446, 0, 0 
5266, 0, 0 
10689, 0, 0 
34511, 0, 0 
19732, 0, 0 
14559, 0, 0 
36198, 0, 0 
38062, 0, 0 
13544, 0, 0 
51122, 0, 0 
8288, 0, 0 
1489, 0, 0 
39581, 0, 0 
12568, 0, 0 
34296, 0, 0 
32383, 0, 0 
47479, 0, 0 
22013, 0, 0 
18212, 0, 0 
4906, 0, 0 
16777, 0, 0 
37937, 0, 0 
33640, 0, 0 
10140, 0, 0 
38691, 0, 0 
12553, 0, 0 
19796, 0, 0 
26343, 0, 0 
34737, 0, 0 
42358, 0, 0 
33665, 0, 0 
52804, 0, 0 
5048, 0, 0 
21874, 0, 0 
17335, 0, 0 
30391, 0, 0 
13916, 0, 0 
50828, 0, 0 
52221, 0, 0 
42862, 0, 0 
26923, 0, 0 
51045, 0, 0 
30455, 0, 0 
57558, 0, 0 
23828, 0, 0 
21560, 0, 0 
53533, 0, 0 
29578, 0, 0 
26292, 0, 0 
41012, 0, 0 
44491, 0, 0 
51286, 0, 0 
5319, 0, 0 
37303, 0, 0 
1600, 0, 0 
5615, 0, 0 
9047, 0, 0 
29230, 0, 0 
15795, 0, 0 
15700, 0, 0 
44629, 0, 0 
26256, 0, 0 
10121, 0, 0 
49621, 0, 0 
957, 0, 0 
4325, 0, 0 
44363, 0, 0 
39570, 0, 0 
8855, 0, 0 
32336, 0, 0 
39279, 0, 0 
9056, 0, 0 
38889, 0, 0 
32274, 0, 0 
53959, 0, 0 
52312, 0, 0 
19399, 0, 0 
26645, 0, 0 
57176, 0, 0 
46560, 0, 0 
23495, 0, 0 
40322, 0, 0 
43236, 0, 0 
26261, 0, 0 
9820, 0, 0 
52955, 0, 0 
59659, 0, 0 
59547, 0, 0 
51789, 0, 0 
15761, 0, 0 
38138, 0, 0 
19009, 0, 0 
18750, 0, 0 
30618, 0, 0 
15580, 0, 0 
57420, 0, 0 
26937, 0, 0 
53851, 0, 0 
17064, 0, 0 
45386, 0, 0 
52204, 0, 0 
25082, 0, 0 
29386, 0, 0 
47756, 0, 0 
59762, 0, 0 
1904, 0, 0 
59439, 0, 0 
17549, 0, 0 
12741, 0, 0 
58809, 0, 0 
16484, 0, 0 
44276, 0, 0 
15142, 0, 0 
48439, 0, 0 
13135, 0, 0 
49086, 0, 0 
42224, 0, 0 
39202, 0, 0 
27289, 0, 0 
33904, 0, 0 
28423, 0, 0 
17214, 0, 0 
48511, 0, 0 
58943, 0, 0 
50492, 0, 0 
29074, 0, 0 
15753, 0, 0 
42720, 0, 0 
13013, 0, 0 
57659, 0, 0 
44030, 0, 0 
6207, 0, 0 
6875, 0, 0 
12140, 0, 0 
19225, 0, 0 
32568, 0, 0 
38364, 0, 0 
43387, 0, 0 
50240, 0, 0 
54290, 0, 0 
11833, 0, 0 
3809, 0, 0 
26323, 0, 0 
2352, 0, 0 
51815, 0, 0 
47046, 0, 0 
526, 0, 0 
20895, 0, 0 
2914, 0, 0 
3661, 0, 0 
45608, 0, 0 
52396, 0, 0 
31277, 0, 0 
25547, 0, 0 
29421, 0, 0 
45146, 0, 0 
12703, 0, 0 
50769, 0, 0 
23891, 0, 0 
59615, 0, 0 
23601, 0, 0 
49419, 0, 0 
23845, 0, 0 
45682, 0, 0 
42608, 0, 0 
56570, 0, 0 
15046, 0, 0 
41789, 0, 0 
23401, 0, 0 
7305, 0, 0 
37901, 0, 0 
57707, 0, 0 
53940, 0, 0 
27395, 0, 0 
35671, 0, 0 
58362, 0, 0 
27246, 0, 0 
55521, 0, 0 
21199, 0, 0 
9151, 0, 0 
23988, 0, 0 
7969, 0, 0 
49601, 0, 0 
55259, 0, 0 
13467, 0, 0 
2218, 0, 0 
6444, 0, 0 
5698, 0, 0 
43554, 0, 0 
20085, 0, 0 
44704, 0, 0 
51865, 0, 0 
45066, 0, 0 
57364, 0, 0 
56868, 0, 0 
34699, 0, 0 
5154, 0, 0 
5133, 0, 0 
40246, 0, 0 
36560, 0, 0 
22949, 0, 0 
53073, 0, 0 
50061, 0, 0 
16227, 0, 0 
7183, 0, 0 
54209, 0, 0 
49533, 0, 0 
45276, 0, 0 
22144, 0, 0 
56332, 0, 0 
12869, 0, 0 
52028, 0, 0 
22669, 0, 0 
4889, 0, 0 
31695, 0, 0 
31567, 0, 0 
40180, 0, 0 
20642, 0, 0 
34847, 0, 0 
8250, 0, 0 
15249, 0, 0 
25285, 0, 0 
46571, 0, 0 
27936, 0, 0 
57695, 0, 0 
44451, 0, 0 
38660, 0, 0 
38212, 0, 0 
10801, 0, 0 
31154, 0, 0 
39854, 0, 0 
42084, 0, 0 
50192, 0, 0 
19985, 0, 0 
52428, 0, 0 
50424, 0, 0 
41350, 0, 0 
42634, 0, 0 
38231, 0, 0 
22225, 0, 0 
6332, 0, 0 
51299, 0, 0 
4756, 0, 0 
57586, 0, 0 
36084, 0, 0 
6320, 0, 0 
26728, 0, 0 
51978, 0, 0 
24896, 0, 0 
40042, 0, 0 
33496, 0, 0 
47482, 0, 0 
57201, 0, 0 
23809, 0, 0 
55410, 0, 0 
21768, 0, 0 
9456, 0, 0 
5694, 0, 0 
49903, 0, 0 
39457, 0, 0 
16144, 0, 0 
20645, 0, 0 
40825, 0, 0 
56351, 0, 0 
5938, 0, 0 
39498, 0, 0 
21343, 0, 0 
38816, 0, 0 
7932, 0, 0 
16997, 0, 0 
51809, 0, 0 
27170, 0, 0 
44096, 0, 0 
34775, 0, 0 
52154, 0, 0 
19504, 0, 0 
58265, 0, 0 
10334, 0, 0 
15637, 0, 0 
24689, 0, 0 
46751, 0, 0 
22860, 0, 0 
75, 0, 0 
26241, 0, 0 
38802, 0, 0 
56609, 0, 0 
53861, 0, 0 
29732, 0, 0 
56573, 0, 0 
7037, 0, 0 
20351, 0, 0 
57162, 0, 0 
10844, 0, 0 
1606, 0, 0 
9834, 0, 0 
19969, 0, 0 
8863, 0, 0 
24640, 0, 0 
28895, 0, 0 
55822, 0, 0 
54313, 0, 0 
6676, 0, 0 
24388, 0, 0 
34097, 0, 0 
17534, 0, 0 
33923, 0, 0 
15208, 0, 0 
26545, 0, 0 
40390, 0, 0 
8089, 0, 0 
51831, 0, 0 
36764, 0, 0 
18832, 0, 0 
21735, 0, 0 
15407, 0, 0 
57595, 0, 0 
50197, 0, 0 
57746, 0, 0 
17620, 0, 0 
10456, 0, 0 
28816, 0, 0 
44844, 0, 0 
10992, 0, 0 
19669, 0, 0 
58053, 0, 0 
32781, 0, 0 
28286, 0, 0 
48176, 0, 0 
35348, 0, 0 
54800, 0, 0 
40803, 0, 0 
45721, 0, 0 
18064, 0, 0 
31202, 0, 0 
1501, 0, 0 
18858, 0, 0 
51999, 0, 0 
54284, 0, 0 
25814, 0, 0 
52228, 0, 0 
7648, 0, 0 
54433, 0, 0 
45115, 0, 0 
54620, 0, 0 
44589, 0, 0 
35800, 0, 0 
30624, 0, 0 
43247, 0, 0 
51002, 0, 0 
9523, 0, 0 
52449, 0, 0 
20762, 0, 0 
19459, 0, 0 
9750, 0, 0 
42369, 0, 0 
52885, 0, 0 
47579, 0, 0 
6802, 0, 0 
43527, 0, 0 
2709, 0, 0 
16244, 0, 0 
10045, 0, 0 
4023, 0, 0 
22254, 0, 0 
51057, 0, 0 
12652, 0, 0 
48421, 0, 0 
6768, 0, 0 
52276, 0, 0 
29695, 0, 0 
16642, 0, 0 
38766, 0, 0 
8309, 0, 0 
48488, 0, 0 
1682, 0, 0 
16758, 0, 0 
16305, 0, 0 
667, 0, 0 
49889, 0, 0 
4597, 0, 0 
12095, 0, 0 
34623, 0, 0 
11792, 0, 0 
30929, 0, 0 
57296, 0, 0 
6337, 0, 0 
26139, 0, 0 
27900, 0, 0 
32207, 0, 0 
26639, 0, 0 
57916, 0, 0 
45083, 0, 0 
10700, 0, 0 
24529, 0, 0 
43418, 0, 0 
10874, 0, 0 
9038, 0, 0 
8917, 0, 0 
29052, 0, 0 
25433, 0, 0 
38043, 0, 0 
21266, 0, 0 
52095, 0, 0 
26623, 0, 0 
6406, 0, 0 
17048, 0, 0 
38106, 0, 0 
29925, 0, 0 
53255, 0, 0 
17585, 0, 0 
30425, 0, 0 
3568, 0, 0 
17611, 0, 0 
58934, 0, 0 
9035, 0, 0 
46443, 0, 0 
55991, 0, 0 
44578, 0, 0 
44127, 0, 0 
20392, 0, 0 
35067, 0, 0 
14834, 1, 1 
16932, 1, 1 
57948, 1, 1 
37635, 1, 1 
52780, 1, 1 
59692, 1, 1 
59156, 1, 1 
42039, 1, 1 
8588, 1, 1 
38039, 1, 1 
24183, 1, 1 
637, 1, 1 
1627, 1, 1 
43872, 1, 1 
208, 1, 1 
18497, 1, 1 
47928, 1, 1 
12318, 1, 1 
43033, 1, 1 
52451, 1, 1 
52961, 1, 1 
23530, 1, 1 
9842, 1, 1 
47721, 1, 1 
38677, 1, 1 
17638, 1, 1 
23132, 1, 1 
8806, 1, 1 
45205, 1, 1 
43905, 1, 1 
24771, 1, 1 
38425, 1, 1 
55499, 1, 1 
31862, 1, 1 
17433, 1, 1 
44288, 1, 1 
26556, 1, 1 
7424, 1, 1 
23604, 1, 1 
3331, 1, 1 
36356, 1, 1 
24918, 1, 1 
10157, 1, 1 
56374, 1, 1 
6499, 1, 1 
40348, 1, 1 
24800, 1, 1 
45723, 1, 1 
53714, 1, 1 
36591, 1, 1 
40058, 1, 1 
32718, 1, 1 
48027, 1, 1 
40944, 1, 1 
28622, 1, 1 
41894, 1, 1 
59796, 1, 1 
30607, 1, 1 
14794, 1, 1 
34373, 1, 1 
29518, 1, 1 
45063, 1, 1 
53599, 1, 1 
58673, 1, 1 
2505, 1, 1 
53468, 1, 1 
11047, 1, 1 
27961, 1, 1 
50356, 1, 1 
54458, 1, 1 
50842, 1, 1 
30471, 1, 1 
57969, 1, 1 
10659, 1, 1 
9277, 1, 1 
11134, 1, 1 
59364, 1, 1 
43971, 1, 1 
3177, 1, 1 
55787, 1, 1 
29740, 1, 1 
23238, 1, 1 
16392, 1, 1 
47697, 1, 1 
44012, 1, 1 
17032, 1, 1 
45444, 1, 1 
17286, 1, 1 
4884, 1, 1 
42786, 1, 1 
8, 1, 1 
9693, 1, 1 
7973, 1, 1 
4775, 1, 1 
4294, 1, 1 
22812, 1, 1 
41640, 1, 1 
36731, 1, 1 
53140, 1, 1 
31250, 1, 1 
40273, 1, 1 
3800, 1, 1 
16876, 1, 1 
23396, 1, 1 
44317, 1, 1 
16203, 1, 1 
22586, 1, 1 
58772, 1, 1 
37182, 1, 1 
28609, 1, 1 
41559, 1, 1 
10301, 1, 1 
49482, 1, 1 
27789, 1, 1 
41449, 1, 1 
42911, 1, 1 
47429, 1, 1 
47601, 1, 1 
6736, 1, 1 
17135, 1, 1 
4420, 1, 1 
26726, 1, 1 
34782, 1, 1 
56273, 1, 1 
8486, 1, 1 
18188, 1, 1 
14853, 1, 1 
36317, 1, 1 
201, 1, 1 
30176, 1, 1 
57973, 1, 1 
47734, 1, 1 
8506, 1, 1 
43615, 1, 1 
38731, 1, 1 
55449, 1, 1 
23954, 1, 1 
54607, 1, 1 
31375, 1, 1 
17669, 1, 1 
25027, 1, 1 
47553, 1, 1 
9837, 1, 1 
34162, 1, 1 
30427, 1, 1 
26914, 1, 1 
51169, 1, 1 
11677, 1, 1 
29245, 1, 1 
55358, 1, 1 
38951, 1, 1 
6318, 1, 1 
17541, 1, 1 
51390, 1, 1 
21944, 1, 1 
3120, 1, 1 
13112, 1, 1 
35000, 1, 1 
27028, 1, 1 
1654, 1, 1 
48679, 1, 1 
46089, 1, 1 
9987, 1, 1 
21173, 1, 1 
23245, 1, 1 
57780, 1, 1 
492, 1, 1 
44582, 1, 1 
23911, 1, 1 
35900, 1, 1 
15550, 1, 1 
23751, 1, 1 
18384, 1, 1 
7912, 1, 1 
35990, 1, 1 
59919, 1, 1 
50621, 1, 1 
29902, 1, 1 
50130, 1, 1 
36353, 1, 1 
15105, 1, 1 
29575, 1, 1 
1601, 1, 1 
29396, 1, 1 
3954, 1, 1 
37629, 1, 1 
10156, 1, 1 
22247, 1, 1 
24606, 1, 1 
59116, 1, 1 
28837, 1, 1 
54716, 1, 1 
48456, 1, 1 
20298, 1, 1 
40605, 1, 1 
55267, 1, 1 
53908, 1, 1 
42044, 1, 1 
56283, 1, 1 
72, 1, 1 
49076, 1, 1 
11445, 1, 1 
3851, 1, 1 
9085, 1, 1 
9653, 1, 1 
14149, 1, 1 
53178, 1, 1 
27604, 1, 1 
39268, 1, 1 
53348, 1, 1 
24352, 1, 1 
18958, 1, 1 
19652, 1, 1 
48468, 1, 1 
15316, 1, 1 
43406, 1, 1 
8040, 1, 1 
54786, 1, 1 
14615, 1, 1 
21552, 1, 1 
15293, 1, 1 
39695, 1, 1 
55140, 1, 1 
42837, 1, 1 
13711, 1, 1 
5713, 1, 1 
39281, 1, 1 
25853, 1, 1 
24970, 1, 1 
25287, 1, 1 
46850, 1, 1 
1860, 1, 1 
38235, 1, 1 
31129, 1, 1 
51136, 1, 1 
15838, 1, 1 
30847, 1, 1 
54784, 1, 1 
53040, 1, 1 
10684, 1, 1 
39757, 1, 1 
47991, 1, 1 
5543, 1, 1 
38718, 1, 1 
10068, 1, 1 
31685, 1, 1 
32482, 1, 1 
53726, 1, 1 
38823, 1, 1 
4390, 1, 1 
26118, 1, 1 
8189, 1, 1 
19100, 1, 1 
51377, 1, 1 
47993, 1, 1 
38455, 1, 1 
58493, 1, 1 
43296, 1, 1 
7237, 1, 1 
59339, 1, 1 
4971, 1, 1 
3272, 1, 1 
13542, 1, 1 
53791, 1, 1 
28557, 1, 1 
33354, 1, 1 
31578, 1, 1 
16907, 1, 1 
31498, 1, 1 
28513, 1, 1 
51908, 1, 1 
53018, 1, 1 
45909, 1, 1 
23176, 1, 1 
10145, 1, 1 
51112, 1, 1 
17129, 1, 1 
18270, 1, 1 
48848, 1, 1 
13297, 1, 1 
22475, 1, 1 
59289, 1, 1 
4152, 1, 1 
24915, 1, 1 
7650, 1, 1 
46539, 1, 1 
27011, 1, 1 
33374, 1, 1 
42881, 1, 1 
17125, 1, 1 
52416, 1, 1 
50225, 1, 1 
8589, 1, 1 
18993, 1, 1 
53966, 1, 1 
17130, 1, 1 
5168, 1, 1 
2094, 1, 1 
54506, 1, 1 
23255, 1, 1 
45816, 1, 1 
51772, 1, 1 
30894, 1, 1 
16779, 1, 1 
59523, 1, 1 
11995, 1, 1 
25057, 1, 1 
16458, 1, 1 
51197, 1, 1 
37547, 1, 1 
19323, 1, 1 
45032, 1, 1 
34655, 1, 1 
12930, 1, 1 
7324, 1, 1 
10169, 1, 1 
10565, 1, 1 
12508, 1, 1 
33935, 1, 1 
21272, 1, 1 
4137, 1, 1 
28223, 1, 1 
43535, 1, 1 
46204, 1, 1 
28660, 1, 1 
29041, 1, 1 
7185, 1, 1 
4049, 1, 1 
31384, 1, 1 
52622, 1, 1 
17243, 1, 1 
52489, 1, 1 
21687, 1, 1 
40132, 1, 1 
32055, 1, 1 
18800, 1, 1 
58091, 1, 1 
40033, 1, 1 
535, 1, 1 
37190, 1, 1 
4569, 1, 1 
8873, 1, 1 
50016, 1, 1 
37455, 1, 1 
55995, 1, 1 
11292, 1, 1 
57058, 1, 1 
37343, 1, 1 
14353, 1, 1 
29315, 1, 1 
56834, 1, 1 
22004, 1, 1 
24714, 1, 1 
33122, 1, 1 
9960, 1, 1 
42655, 1, 1 
2920, 1, 1 
44245, 1, 1 
57046, 1, 1 
18583, 1, 1 
48131, 1, 1 
26687, 1, 1 
28738, 1, 1 
5023, 1, 1 
21398, 1, 1 
47583, 1, 1 
12013, 1, 1 
7761, 1, 1 
34852, 1, 1 
59586, 1, 1 
16938, 1, 1 
23308, 1, 1 
7221, 1, 1 
22689, 1, 1 
30721, 1, 1 
19782, 1, 1 
50326, 1, 1 
12809, 1, 1 
29173, 1, 1 
24090, 1, 1 
17704, 1, 1 
3900, 1, 1 
345, 1, 1 
14464, 1, 1 
41750, 1, 1 
54380, 1, 1 
35281, 1, 1 
2374, 1, 1 
21771, 1, 1 
10268, 1, 1 
16241, 1, 1 
8904, 1, 1 
18886, 1, 1 
14079, 1, 1 
47118, 1, 1 
34595, 1, 1 
48931, 1, 1 
59478, 1, 1 
443, 1, 1 
25310, 1, 1 
12388, 1, 1 
9540, 1, 1 
48611, 1, 1 
39684, 1, 1 
38561, 1, 1 
29811, 1, 1 
15967, 1, 1 
7764, 1, 1 
25805, 1, 1 
35719, 1, 1 
7022, 1, 1 
18912, 1, 1 
3393, 1, 1 
41474, 1, 1 
9674, 1, 1 
50222, 1, 1 
10007, 1, 1 
40178, 1, 1 
32204, 1, 1 
37624, 1, 1 
16950, 1, 1 
47709, 1, 1 
19096, 1, 1 
44108, 1, 1 
31237, 1, 1 
26182, 1, 1 
24737, 1, 1 
56980, 1, 1 
29265, 1, 1 
50150, 1, 1 
31093, 1, 1 
48860, 1, 1 
20066, 1, 1 
21051, 1, 1 
3130, 1, 1 
19897, 1, 1 
9735, 1, 1 
20845, 1, 1 
52084, 1, 1 
24216, 1, 1 
13003, 1, 1 
56603, 1, 1 
21292, 1, 1 
33648, 1, 1 
35538, 1, 1 
48625, 1, 1 
34638, 1, 1 
31537, 1, 1 
35270, 1, 1 
24115, 1, 1 
2583, 1, 1 
51867, 1, 1 
39017, 1, 1 
56633, 1, 1 
6165, 1, 1 
34282, 1, 1 
3379, 1, 1 
40878, 1, 1 
698, 1, 1 
41119, 1, 1 
43779, 1, 1 
25786, 1, 1 
37200, 1, 1 
49145, 1, 1 
44887, 1, 1 
1936, 1, 1 
44242, 1, 1 
34513, 1, 1 
35710, 1, 1 
48175, 1, 1 
37008, 1, 1 
20961, 1, 1 
2166, 1, 1 
1579, 1, 1 
19830, 1, 1 
21054, 1, 1 
36422, 1, 1 
5425, 1, 1 
50094, 1, 1 
12681, 1, 1 
16562, 1, 1 
23960, 1, 1 
3723, 1, 1 
23993, 1, 1 
41226, 1, 1 
9705, 1, 1 
48444, 1, 1 
12226, 1, 1 
17209, 1, 1 
13574, 1, 1 
42102, 1, 1 
43746, 1, 1 
37972, 1, 1 
40909, 1, 1 
2326, 1, 1 
18863, 1, 1 
9930, 1, 1 
16381, 1, 1 
10555, 1, 1 
46792, 1, 1 
55542, 2, 2 
28701, 2, 2 
10130, 2, 2 
39592, 2, 2 
54078, 2, 2 
17880, 2, 2 
48462, 2, 2 
53585, 2, 2 
29726, 2, 2 
48332, 2, 2 
32263, 2, 2 
47787, 2, 2 
50105, 2, 2 
13310, 2, 2 
13370, 2, 2 
10526, 2, 2 
27852, 2, 2 
45099, 2, 2 
14932, 2, 2 
28268, 2, 2 
7796, 2, 2 
32057, 2, 2 
19891, 2, 2 
40513, 2, 2 
54765, 2, 2 
38024, 2, 2 
5227, 2, 2 
9625, 2, 2 
35167, 2, 2 
39734, 2, 2 
23718, 2, 2 
35882, 2, 2 
27719, 2, 2 
20375, 2, 2 
53541, 2, 2 
57113, 2, 2 
16675, 2, 2 
40617, 2, 2 
28640, 2, 2 
54848, 2, 2 
40272, 2, 2 
26454, 2, 2 
32292, 2, 2 
52647, 2, 2 
33413, 2, 2 
41540, 2, 2 
54831, 2, 2 
2851, 2, 2 
19087, 2, 2 
2019, 2, 2 
52782, 2, 2 
36321, 2, 2 
33540, 2, 2 
9248, 2, 2 
1920, 2, 2 
25672, 2, 2 
59824, 2, 2 
26221, 2, 2 
9527, 2, 2 
17353, 2, 2 
37172, 2, 2 
30580, 2, 2 
14838, 2, 2 
37545, 2, 2 
10514, 2, 2 
27252, 2, 2 
11521, 2, 2 
10574, 2, 2 
47956, 2, 2 
48550, 2, 2 
11491, 2, 2 
43441, 2, 2 
9092, 2, 2 
619, 2, 2 
25732, 2, 2 
23683, 2, 2 
25038, 2, 2 
45085, 2, 2 
40747, 2, 2 
4380, 2, 2 
34768, 2, 2 
39673, 2, 2 
10528, 2, 2 
9271, 2, 2 
52550, 2, 2 
49782, 2, 2 
18264, 2, 2 
5638, 2, 2 
22356, 2, 2 
9374, 2, 2 
26632, 2, 2 
42309, 2, 2 
23894, 2, 2 
18010, 2, 2 
31401, 2, 2 
3329, 2, 2 
13043, 2, 2 
38609, 2, 2 
21722, 2, 2 
19132, 2, 2 
51682, 2, 2 
8939, 2, 2 
33449, 2, 2 
774, 2, 2 
11826, 2, 2 
21254, 2, 2 
6307, 2, 2 
46224, 2, 2 
40203, 2, 2 
1563, 2, 2 
53343, 2, 2 
24098, 2, 2 
58137, 2, 2 
15510, 2, 2 
44033, 2, 2 
47024, 2, 2 
19673, 2, 2 
57592, 2, 2 
42598, 2, 2 
43191, 2, 2 
54480, 2, 2 
29314, 2, 2 
43547, 2, 2 
10535, 2, 2 
20042, 2, 2 
35090, 2, 2 
48279, 2, 2 
55044, 2, 2 
5758, 2, 2 
25412, 2, 2 
51550, 2, 2 
14295, 2, 2 
27883, 2, 2 
18164, 2, 2 
28369, 2, 2 
58215, 2, 2 
39256, 2, 2 
53494, 2, 2 
7029, 2, 2 
23916, 2, 2 
32523, 2, 2 
57583, 2, 2 
40445, 2, 2 
10972, 2, 2 
6805, 2, 2 
28436, 2, 2 
8784, 2, 2 
41489, 2, 2 
457, 2, 2 
50259, 2, 2 
55504, 2, 2 
15205, 2, 2 
24551, 2, 2 
35014, 2, 2 
49029, 2, 2 
530, 2, 2 
16707, 2, 2 
36167, 2, 2 
14809, 2, 2 
2261, 2, 2 
42037, 2, 2 
15476, 2, 2 
49247, 2, 2 
41294, 2, 2 
37504, 2, 2 
59677, 2, 2 
36311, 2, 2 
24096, 2, 2 
20522, 2, 2 
22397, 2, 2 
26357, 2, 2 
18978, 2, 2 
46212, 2, 2 
11110, 2, 2 
54877, 2, 2 
12445, 2, 2 
25148, 2, 2 
13645, 2, 2 
46553, 2, 2 
40044, 2, 2 
51719, 2, 2 
17266, 2, 2 
25663, 2, 2 
19336, 2, 2 
46707, 2, 2 
3054, 2, 2 
11299, 2, 2 
53972, 2, 2 
35721, 2, 2 
32485, 2, 2 
26562, 2, 2 
46977, 2, 2 
20992, 2, 2 
1714, 2, 2 
30122, 2, 2 
714, 2, 2 
42633, 2, 2 
33463, 2, 2 
54840, 2, 2 
18713, 2, 2 
2601, 2, 2 
52802, 2, 2 
16810, 2, 2 
25261, 2, 2 
47767, 2, 2 
14760, 2, 2 
39487, 2, 2 
35832, 2, 2 
34964, 2, 2 
47754, 2, 2 
55935, 2, 2 
41429, 2, 2 
6348, 2, 2 
2700, 2, 2 
4341, 2, 2 
3395, 2, 2 
30831, 2, 2 
35638, 2, 2 
36006, 2, 2 
15506, 2, 2 
989, 2, 2 
6349, 2, 2 
16047, 2, 2 
2792, 2, 2 
24582, 2, 2 
56493, 2, 2 
38430, 2, 2 
57394, 2, 2 
42429, 2, 2 
24674, 2, 2 
2357, 2, 2 
31794, 2, 2 
8852, 2, 2 
18210, 2, 2 
24321, 2, 2 
48643, 2, 2 
12302, 2, 2 
53773, 2, 2 
21382, 2, 2 
34182, 2, 2 
5232, 2, 2 
42019, 2, 2 
33090, 2, 2 
39343, 2, 2 
29770, 2, 2 
8024, 2, 2 
51569, 2, 2 
17241, 2, 2 
44611, 2, 2 
22731, 2, 2 
34479, 2, 2 
53340, 2, 2 
18361, 2, 2 
43293, 2, 2 
53033, 2, 2 
11581, 2, 2 
37462, 2, 2 
43649, 2, 2 
52011, 2, 2 
31024, 2, 2 
38261, 2, 2 
37210, 2, 2 
58476, 2, 2 
33065, 2, 2 
19463, 2, 2 
32634, 2, 2 
25627, 2, 2 
3200, 2, 2 
47945, 2, 2 
24484, 2, 2 
15228, 2, 2 
46574, 2, 2 
122, 2, 2 
42142, 2, 2 
13771, 2, 2 
23087, 2, 2 
42158, 2, 2 
29500, 2, 2 
32010, 2, 2 
36064, 2, 2 
18850, 2, 2 
6841, 2, 2 
40967, 2, 2 
31757, 2, 2 
35758, 2, 2 
1188, 2, 2 
109, 2, 2 
41420, 2, 2 
53373, 2, 2 
20257, 2, 2 
43430, 2, 2 
31216, 2, 2 
24177, 2, 2 
4649, 2, 2 
8212, 2, 2 
38107, 2, 2 
14302, 2, 2 
36728, 2, 2 
10228, 2, 2 
22778, 2, 2 
27239, 2, 2 
20382, 2, 2 
7005, 2, 2 
44316, 2, 2 
14121, 2, 2 
15296, 2, 2 
26329, 2, 2 
43769, 2, 2 
21303, 2, 2 
57007, 2, 2 
46694, 2, 2 
3199, 2, 2 
26635, 2, 2 
17691, 2, 2 
24433, 2, 2 
57151, 2, 2 
55437, 2, 2 
57520, 2, 2 
46319, 2, 2 
8257, 2, 2 
13952, 2, 2 
23460, 2, 2 
6755, 2, 2 
7072, 2, 2 
47231, 2, 2 
17992, 2, 2 
5318, 2, 2 
684, 2, 2 
50991, 2, 2 
49452, 2, 2 
44140, 2, 2 
46414, 2, 2 
20309, 2, 2 
41985, 2, 2 
50840, 2, 2 
47354, 2, 2 
18110, 2, 2 
16716, 2, 2 
21959, 2, 2 
29519, 2, 2 
53245, 2, 2 
34606, 2, 2 
32510, 2, 2 
21441, 2, 2 
7476, 2, 2 
23757, 2, 2 
36961, 2, 2 
57633, 2, 2 
13606, 2, 2 
30762, 2, 2 
33906, 2, 2 
23716, 2, 2 
52953, 2, 2 
52898, 2, 2 
1602, 2, 2 
57658, 2, 2 
53967, 2, 2 
6386, 2, 2 
42686, 2, 2 
16209, 2, 2 
2322, 2, 2 
14340, 2, 2 
58060, 2, 2 
18567, 2, 2 
53658, 2, 2 
7624, 2, 2 
39216, 2, 2 
52422, 2, 2 
48982, 2, 2 
7082, 2, 2 
10497, 2, 2 
46105, 2, 2 
43345, 2, 2 
55049, 2, 2 
12409, 2, 2 
37957, 2, 2 
20007, 2, 2 
52331, 2, 2 
50933, 2, 2 
51698, 2, 2 
41593, 2, 2 
38637, 2, 2 
55183, 2, 2 
42916, 2, 2 
56612, 2, 2 
6055, 2, 2 
2283, 2, 2 
14771, 2, 2 
47842, 2, 2 
36522, 2, 2 
49381, 2, 2 
37941, 2, 2 
37766, 2, 2 
36553, 2, 2 
11243, 2, 2 
14342, 2, 2 
52400, 2, 2 
4442, 2, 2 
55316, 2, 2 
32630, 2, 2 
863, 2, 2 
39059, 2, 2 
41662, 2, 2 
25150, 2, 2 
49834, 2, 2 
53879, 2, 2 
18651, 2, 2 
54511, 2, 2 
52152, 2, 2 
30993, 2, 2 
6846, 2, 2 
41335, 2, 2 
49735, 2, 2 
2184, 2, 2 
12560, 2, 2 
4843, 2, 2 
12938, 2, 2 
27834, 2, 2 
38679, 2, 2 
56569, 2, 2 
56540, 2, 2 
31709, 2, 2 
570, 2, 2 
3680, 2, 2 
41708, 2, 2 
50290, 2, 2 
12461, 2, 2 
25510, 2, 2 
55833, 2, 2 
6633, 2, 2 
19502, 2, 2 
57831, 2, 2 
38208, 2, 2 
20874, 2, 2 
40740, 2, 2 
19545, 2, 2 
28533, 2, 2 
37760, 2, 2 
37360, 2, 2 
28366, 2, 2 
20710, 2, 2 
45348, 2, 2 
13384, 2, 2 
46197, 2, 2 
27797, 2, 2 
37570, 2, 2 
33213, 2, 2 
46056, 2, 2 
53072, 2, 2 
42934, 2, 2 
5659, 2, 2 
21438, 2, 2 
35872, 2, 2 
43850, 2, 2 
14355, 2, 2 
2518, 2, 2 
2648, 2, 2 
43513, 2, 2 
6627, 2, 2 
56069, 2, 2 
7960, 2, 2 
39145, 2, 2 
26012, 2, 2 
1900, 2, 2 
37187, 2, 2 
33987, 2, 2 
32525, 2, 2 
48211, 2, 2 
52840, 2, 2 
7259, 2, 2 
46286, 2, 2 
8403, 2, 2 
50576, 2, 2 
16283, 2, 2 
27192, 2, 2 
40129, 2, 2 
13624, 2, 2 
28839, 2, 2 
57904, 2, 2 
51702, 2, 2 
1034, 2, 2 
35701, 2, 2 
11298, 2, 2 
5744, 2, 2 
30317, 2, 2 
38509, 2, 2 
56372, 2, 2 
42341, 2, 2 
35478, 2, 2 
11018, 2, 2 
13919, 2, 2 
42929, 2, 2 
45096, 2, 2 
55749, 2, 2 
32405, 2, 2 
21151, 2, 2 
43974, 2, 2 
41255, 2, 2 
57999, 2, 2 
45505, 2, 2 
55548, 3, 3 
16249, 3, 3 
1409, 3, 3 
24667, 3, 3 
22238, 3, 3 
203, 3, 3 
22415, 3, 3 
15764, 3, 3 
52922, 3, 3 
50131, 3, 3 
36242, 3, 3 
7803, 3, 3 
13438, 3, 3 
18675, 3, 3 
59961, 3, 3 
1698, 3, 3 
30226, 3, 3 
32234, 3, 3 
22946, 3, 3 
51717, 3, 3 
48551, 3, 3 
4783, 3, 3 
20355, 3, 3 
3824, 3, 3 
8094, 3, 3 
56260, 3, 3 
38086, 3, 3 
19866, 3, 3 
14527, 3, 3 
41453, 3, 3 
33962, 3, 3 
41048, 3, 3 
59229, 3, 3 
23119, 3, 3 
17026, 3, 3 
58541, 3, 3 
6827, 3, 3 
47455, 3, 3 
11999, 3, 3 
33161, 3, 3 
37690, 3, 3 
43373, 3, 3 
28841, 3, 3 
53570, 3, 3 
57886, 3, 3 
18992, 3, 3 
57594, 3, 3 
1218, 3, 3 
43196, 3, 3 
42508, 3, 3 
45599, 3, 3 
41317, 3, 3 
15774, 3, 3 
58389, 3, 3 
53091, 3, 3 
10470, 3, 3 
30642, 3, 3 
20080, 3, 3 
18079, 3, 3 
39124, 3, 3 
30733, 3, 3 
53554, 3, 3 
51474, 3, 3 
43090, 3, 3 
2263, 3, 3 
52038, 3, 3 
26555, 3, 3 
54739, 3, 3 
57472, 3, 3 
46279, 3, 3 
14210, 3, 3 
26674, 3, 3 
1470, 3, 3 
40947, 3, 3 
31595, 3, 3 
7058, 3, 3 
18249, 3, 3 
58001, 3, 3 
54772, 3, 3 
46098, 3, 3 
22567, 3, 3 
20362, 3, 3 
22322, 3, 3 
5143, 3, 3 
5941, 3, 3 
31936, 3, 3 
34556, 3, 3 
11039, 3, 3 
43759, 3, 3 
45995, 3, 3 
30650, 3, 3 
55698, 3, 3 
24125, 3, 3 
34203, 3, 3 
4276, 3, 3 
19708, 3, 3 
51543, 3, 3 
55179, 3, 3 
42432, 3, 3 
3466, 3, 3 
4257, 3, 3 
15246, 3, 3 
22204, 3, 3 
28633, 3, 3 
7106, 3, 3 
12329, 3, 3 
3397, 3, 3 
55440, 3, 3 
48998, 3, 3 
35562, 3, 3 
45005, 3, 3 
50308, 3, 3 
44478, 3, 3 
51373, 3, 3 
2179, 3, 3 
34145, 3, 3 
32764, 3, 3 
17404, 3, 3 
50672, 3, 3 
49809, 3, 3 
34547, 3, 3 
42914, 3, 3 
42477, 3, 3 
39941, 3, 3 
54493, 3, 3 
22587, 3, 3 
6098, 3, 3 
3552, 3, 3 
98, 3, 3 
43619, 3, 3 
12228, 3, 3 
45791, 3, 3 
12117, 3, 3 
36262, 3, 3 
250, 3, 3 
43256, 3, 3 
50995, 3, 3 
37204, 3, 3 
37860, 3, 3 
28123, 3, 3 
52385, 3, 3 
44468, 3, 3 
9443, 3, 3 
4628, 3, 3 
39871, 3, 3 
29653, 3, 3 
10728, 3, 3 
13787, 3, 3 
41565, 3, 3 
28359, 3, 3 
55665, 3, 3 
58544, 3, 3 
59886, 3, 3 
29483, 3, 3 
43563, 3, 3 
59870, 3, 3 
59307, 3, 3 
13607, 3, 3 
31960, 3, 3 
47939, 3, 3 
11524, 3, 3 
15292, 3, 3 
49732, 3, 3 
30974, 3, 3 
37383, 3, 3 
59569, 3, 3 
11978, 3, 3 
36755, 3, 3 
32680, 3, 3 
44609, 3, 3 
55874, 3, 3 
48626, 3, 3 
51617, 3, 3 
41994, 3, 3 
18812, 3, 3 
17470, 3, 3 
59308, 3, 3 
34170, 3, 3 
37188, 3, 3 
2720, 3, 3 
39520, 3, 3 
52098, 3, 3 
48794, 3, 3 
47311, 3, 3 
27726, 3, 3 
41507, 3, 3 
39982, 3, 3 
25509, 3, 3 
40109, 3, 3 
4792, 3, 3 
37886, 3, 3 
18485, 3, 3 
20285, 3, 3 
24481, 3, 3 
48163, 3, 3 
18584, 3, 3 
392, 3, 3 
28265, 3, 3 
21228, 3, 3 
48788, 3, 3 
58931, 3, 3 
16811, 3, 3 
50369, 3, 3 
58113, 3, 3 
43962, 3, 3 
24271, 3, 3 
4674, 3, 3 
31544, 3, 3 
22366, 3, 3 
48521, 3, 3 
24532, 3, 3 
52111, 3, 3 
56029, 3, 3 
34461, 3, 3 
10430, 3, 3 
27132, 3, 3 
17526, 3, 3 
15930, 3, 3 
32495, 3, 3 
21150, 3, 3 
5875, 3, 3 
31011, 3, 3 
58449, 3, 3 
59828, 3, 3 
53995, 3, 3 
8455, 3, 3 
30256, 3, 3 
42669, 3, 3 
46900, 3, 3 
30282, 3, 3 
52085, 3, 3 
36093, 3, 3 
38281, 3, 3 
28343, 3, 3 
29231, 3, 3 
43670, 3, 3 
40254, 3, 3 
4328, 3, 3 
57308, 3, 3 
50554, 3, 3 
18840, 3, 3 
51771, 3, 3 
44837, 3, 3 
25231, 3, 3 
41007, 3, 3 
32479, 3, 3 
38166, 3, 3 
30062, 3, 3 
53374, 3, 3 
16372, 3, 3 
29182, 3, 3 
6230, 3, 3 
49404, 3, 3 
7263, 3, 3 
39595, 3, 3 
12330, 3, 3 
22477, 3, 3 
3812, 3, 3 
55093, 3, 3 
25641, 3, 3 
34721, 3, 3 
42161, 3, 3 
7672, 3, 3 
45704, 3, 3 
46918, 3, 3 
107, 3, 3 
12100, 3, 3 
38657, 3, 3 
43460, 3, 3 
43952, 3, 3 
8236, 3, 3 
55249, 3, 3 
32665, 3, 3 
20181, 3, 3 
14080, 3, 3 
53704, 3, 3 
57009, 3, 3 
21831, 3, 3 
19442, 3, 3 
13141, 3, 3 
45902, 3, 3 
46570, 3, 3 
46853, 3, 3 
33607, 3, 3 
49446, 3, 3 
42024, 3, 3 
49254, 3, 3 
8946, 3, 3 
35723, 3, 3 
21512, 3, 3 
1559, 3, 3 
19016, 3, 3 
14450, 3, 3 
33837, 3, 3 
30386, 3, 3 
40683, 3, 3 
6863, 3, 3 
22536, 3, 3 
27443, 3, 3 
46953, 3, 3 
9851, 3, 3 
17352, 3, 3 
23029, 3, 3 
26880, 3, 3 
17634, 3, 3 
48360, 3, 3 
44519, 3, 3 
5358, 3, 3 
39359, 3, 3 
47913, 3, 3 
22219, 3, 3 
25993, 3, 3 
40914, 3, 3 
5679, 3, 3 
34862, 3, 3 
53167, 3, 3 
1935, 3, 3 
12451, 3, 3 
41015, 3, 3 
8967, 3, 3 
44349, 3, 3 
39641, 3, 3 
32804, 3, 3 
14935, 3, 3 
1843, 3, 3 
17820, 3, 3 
8957, 3, 3 
27625, 3, 3 
13965, 3, 3 
27804, 3, 3 
20192, 3, 3 
48628, 3, 3 
11111, 3, 3 
13567, 3, 3 
13675, 3, 3 
54001, 3, 3 
52751, 3, 3 
42994, 3, 3 
46838, 3, 3 
58878, 3, 3 
19333, 3, 3 
50181, 3, 3 
49763, 3, 3 
21359, 3, 3 
3215, 3, 3 
16190, 3, 3 
26048, 3, 3 
4033, 3, 3 
49882, 3, 3 
14738, 3, 3 
53305, 3, 3 
23490, 3, 3 
13929, 3, 3 
36458, 3, 3 
17753, 3, 3 
53382, 3, 3 
22643, 3, 3 
58966, 3, 3 
49789, 3, 3 
33080, 3, 3 
13937, 3, 3 
17227, 3, 3 
31949, 3, 3 
54706, 3, 3 
12183, 3, 3 
789, 3, 3 
20790, 3, 3 
9289, 3, 3 
30258, 3, 3 
59383, 3, 3 
4864, 3, 3 
59769, 3, 3 
30574, 3, 3 
57195, 3, 3 
22675, 3, 3 
5031, 3, 3 
59735, 3, 3 
30591, 3, 3 
38732, 3, 3 
52287, 3, 3 
31452, 3, 3 
33049, 3, 3 
30515, 3, 3 
11321, 3, 3 
47724, 3, 3 
42041, 3, 3 
35568, 3, 3 
7556, 3, 3 
16071, 3, 3 
52259, 3, 3 
22293, 3, 3 
43717, 3, 3 
49137, 3, 3 
53758, 3, 3 
53874, 3, 3 
2107, 3, 3 
59815, 3, 3 
40572, 3, 3 
26702, 3, 3 
15639, 3, 3 
59352, 3, 3 
34171, 3, 3 
33590, 3, 3 
17320, 3, 3 
35226, 3, 3 
58874, 3, 3 
47841, 3, 3 
1675, 3, 3 
59490, 3, 3 
13516, 3, 3 
8568, 3, 3 
30681, 3, 3 
30379, 3, 3 
6467, 3, 3 
25284, 3, 3 
12656, 3, 3 
42755, 3, 3 
45687, 3, 3 
10796, 3, 3 
47377, 3, 3 
25553, 3, 3 
48324, 3, 3 
35173, 3, 3 
25107, 3, 3 
20780, 3, 3 
20587, 3, 3 
3404, 3, 3 
50481, 3, 3 
43080, 3, 3 
12729, 3, 3 
19883, 3, 3 
1872, 3, 3 
50401, 3, 3 
42493, 3, 3 
51970, 3, 3 
20673, 3, 3 
46465, 3, 3 
6057, 3, 3 
39851, 3, 3 
5616, 3, 3 
24132, 3, 3 
52692, 3, 3 
54270, 3, 3 
9561, 3, 3 
45517, 3, 3 
25257, 3, 3 
4508, 3, 3 
14810, 3, 3 
29641, 3, 3 
34048, 3, 3 
57750, 3, 3 
45843, 3, 3 
37464, 3, 3 
41742, 3, 3 
9335, 3, 3 
27741, 3, 3 
7765, 3, 3 
3452, 3, 3 
6007, 3, 3 
59660, 3, 3 
50500, 3, 3 
55485, 3, 3 
11454, 3, 3 
52539, 3, 3 
19263, 3, 3 
6309, 3, 3 
49081, 3, 3 
42951, 3, 3 
33624, 3, 3 
8818, 3, 3 
35805, 3, 3 
12017, 3, 3 
19736, 3, 3 
49968, 3, 3 
13376, 3, 3 
56528, 3, 3 
16435, 3, 3 
21001, 3, 3 
45747, 3, 3 
44282, 3, 3 
46354, 3, 3 
19413, 3, 3 
37209, 3, 3 
27573, 3, 3 
36301, 3, 3 
43562, 3, 3 
52027, 3, 3 
24784, 3, 3 
15052, 3, 3 
49650, 3, 3 
58250, 3, 3 
42681, 3, 3 
9268, 3, 3 
5870, 3, 3 
46130, 3, 3 
50885, 3, 3 
19950, 3, 3 
56297, 3, 3 
52059, 3, 3 
47510, 3, 3 
48646, 4, 4 
53631, 4, 4 
18496, 4, 4 
59700, 4, 4 
10737, 4, 4 
38011, 4, 4 
37899, 4, 4 
42377, 4, 4 
828, 4, 4 
55025, 4, 4 
18184, 4, 4 
11818, 4, 4 
46402, 4, 4 
43228, 4, 4 
7100, 4, 4 
33218, 4, 4 
45834, 4, 4 
17238, 4, 4 
55948, 4, 4 
19380, 4, 4 
56646, 4, 4 
37492, 4, 4 
25960, 4, 4 
44593, 4, 4 
59144, 4, 4 
26904, 4, 4 
9071, 4, 4 
15551, 4, 4 
59716, 4, 4 
55206, 4, 4 
18245, 4, 4 
52789, 4, 4 
14397, 4, 4 
55469, 4, 4 
3716, 4, 4 
26985, 4, 4 
47823, 4, 4 
21442, 4, 4 
58992, 4, 4 
41691, 4, 4 
39720, 4, 4 
38147, 4, 4 
58417, 4, 4 
21922, 4, 4 
11641, 4, 4 
46790, 4, 4 
37785, 4, 4 
25378, 4, 4 
28976, 4, 4 
59259, 4, 4 
15456, 4, 4 
57938, 4, 4 
6810, 4, 4 
842, 4, 4 
21846, 4, 4 
41028, 4, 4 
23121, 4, 4 
36726, 4, 4 
605, 4, 4 
34953, 4, 4 
30016, 4, 4 
48316, 4, 4 
22531, 4, 4 
59766, 4, 4 
31660, 4, 4 
56293, 4, 4 
5813, 4, 4 
40903, 4, 4 
3360, 4, 4 
58621, 4, 4 
57709, 4, 4 
10525, 4, 4 
31776, 4, 4 
59905, 4, 4 
19922, 4, 4 
7319, 4, 4 
2665, 4, 4 
17944, 4, 4 
30169, 4, 4 
38093, 4, 4 
25176, 4, 4 
5198, 4, 4 
14067, 4, 4 
51689, 4, 4 
45611, 4, 4 
38601, 4, 4 
27738, 4, 4 
33614, 4, 4 
56320, 4, 4 
41163, 4, 4 
275, 4, 4 
8086, 4, 4 
25875, 4, 4 
37945, 4, 4 
50841, 4, 4 
44100, 4, 4 
14424, 4, 4 
54415, 4, 4 
7502, 4, 4 
20262, 4, 4 
1854, 4, 4 
59821, 4, 4 
58164, 4, 4 
33426, 4, 4 
2484, 4, 4 
23409, 4, 4 
43604, 4, 4 
10812, 4, 4 
59169, 4, 4 
23033, 4, 4 
5278, 4, 4 
6483, 4, 4 
4802, 4, 4 
6035, 4, 4 
39812, 4, 4 
2548, 4, 4 
45038, 4, 4 
3862, 4, 4 
54399, 4, 4 
2276, 4, 4 
27612, 4, 4 
2169, 4, 4 
51047, 4, 4 
48508, 4, 4 
2294, 4, 4 
13473, 4, 4 
16279, 4, 4 
51453, 4, 4 
13908, 4, 4 
33565, 4, 4 
5064, 4, 4 
37528, 4, 4 
45821, 4, 4 
5581, 4, 4 
59020, 4, 4 
37328, 4, 4 
12343, 4, 4 
50712, 4, 4 
43622, 4, 4 
45148, 4, 4 
44689, 4, 4 
29879, 4, 4 
19286, 4, 4 
58184, 4, 4 
26808, 4, 4 
36659, 4, 4 
354, 4, 4 
11624, 4, 4 
46530, 4, 4 
46643, 4, 4 
51264, 4, 4 
49733, 4, 4 
35830, 4, 4 
22233, 4, 4 
10607, 4, 4 
56143, 4, 4 
5613, 4, 4 
32310, 4, 4 
43797, 4, 4 
40946, 4, 4 
40309, 4, 4 
18571, 4, 4 
45613, 4, 4 
29340, 4, 4 
51261, 4, 4 
23685, 4, 4 
48728, 4, 4 
15665, 4, 4 
13128, 4, 4 
54906, 4, 4 
49325, 4, 4 
32419, 4, 4 
48786, 4, 4 
36359, 4, 4 
51966, 4, 4 
36243, 4, 4 
18866, 4, 4 
2157, 4, 4 
37731, 4, 4 
3732, 4, 4 
45429, 4, 4 
12654, 4, 4 
9370, 4, 4 
16009, 4, 4 
56705, 4, 4 
55793, 4, 4 
21992, 4, 4 
30868, 4, 4 
37767, 4, 4 
42471, 4, 4 
1006, 4, 4 
31501, 4, 4 
8081, 4, 4 
32832, 4, 4 
48015, 4, 4 
2208, 4, 4 
342, 4, 4 
6469, 4, 4 
52855, 4, 4 
20599, 4, 4 
23871, 4, 4 
18246, 4, 4 
38978, 4, 4 
32466, 4, 4 
50031, 4, 4 
4721, 4, 4 
44636, 4, 4 
12396, 4, 4 
37144, 4, 4 
11124, 4, 4 
20950, 4, 4 
8706, 4, 4 
945, 4, 4 
51929, 4, 4 
8695, 4, 4 
25380, 4, 4 
30316, 4, 4 
33925, 4, 4 
17746, 4, 4 
36314, 4, 4 
31102, 4, 4 
16389, 4, 4 
53834, 4, 4 
38855, 4, 4 
39730, 4, 4 
40910, 4, 4 
35115, 4, 4 
22885, 4, 4 
25790, 4, 4 
7120, 4, 4 
51225, 4, 4 
1248, 4, 4 
48195, 4, 4 
40168, 4, 4 
2360, 4, 4 
59432, 4, 4 
33083, 4, 4 
19657, 4, 4 
7285, 4, 4 
51350, 4, 4 
46691, 4, 4 
10269, 4, 4 
56516, 4, 4 
48087, 4, 4 
28081, 4, 4 
25995, 4, 4 
21461, 4, 4 
11381, 4, 4 
7487, 4, 4 
35263, 4, 4 
42139, 4, 4 
10854, 4, 4 
31246, 4, 4 
13008, 4, 4 
3370, 4, 4 
47028, 4, 4 
1827, 4, 4 
33816, 4, 4 
53576, 4, 4 
39791, 4, 4 
57950, 4, 4 
32213, 4, 4 
20529, 4, 4 
5533, 4, 4 
41098, 4, 4 
5002, 4, 4 
38041, 4, 4 
31412, 4, 4 
4952, 4, 4 
35227, 4, 4 
53974, 4, 4 
5891, 4, 4 
48840, 4, 4 
33115, 4, 4 
58919, 4, 4 
52063, 4, 4 
53888, 4, 4 
40135, 4, 4 
3753, 4, 4 
40573, 4, 4 
11463, 4, 4 
1073, 4, 4 
19294, 4, 4 
15821, 4, 4 
8962, 4, 4 
33718, 4, 4 
50466, 4, 4 
17823, 4, 4 
7817, 4, 4 
8495, 4, 4 
700, 4, 4 
38645, 4, 4 
53760, 4, 4 
12749, 4, 4 
18473, 4, 4 
40934, 4, 4 
39875, 4, 4 
15298, 4, 4 
18031, 4, 4 
58938, 4, 4 
44990, 4, 4 
51028, 4, 4 
37388, 4, 4 
39304, 4, 4 
25488, 4, 4 
20208, 4, 4 
13426, 4, 4 
19499, 4, 4 
26074, 4, 4 
6025, 4, 4 
36394, 4, 4 
855, 4, 4 
3101, 4, 4 
1911, 4, 4 
18601, 4, 4 
22402, 4, 4 
6817, 4, 4 
29561, 4, 4 
32272, 4, 4 
37893, 4, 4 
5111, 4, 4 
17492, 4, 4 
32232, 4, 4 
13548, 4, 4 
39186, 4, 4 
49271, 4, 4 
39558, 4, 4 
2003, 4, 4 
40224, 4, 4 
1261, 4, 4 
55323, 4, 4 
9337, 4, 4 
45033, 4, 4 
20276, 4, 4 
21296, 4, 4 
42787, 4, 4 
26319, 4, 4 
24855, 4, 4 
127, 4, 4 
39783, 4, 4 
26235, 4, 4 
31121, 4, 4 
46677, 4, 4 
59772, 4, 4 
58613, 4, 4 
19484, 4, 4 
54770, 4, 4 
57354, 4, 4 
55598, 4, 4 
14905, 4, 4 
54521, 4, 4 
35584, 4, 4 
12795, 4, 4 
9461, 4, 4 
10303, 4, 4 
17837, 4, 4 
38227, 4, 4 
28217, 4, 4 
2809, 4, 4 
7299, 4, 4 
40867, 4, 4 
55340, 4, 4 
56184, 4, 4 
26293, 4, 4 
9362, 4, 4 
4833, 4, 4 
11145, 4, 4 
12618, 4, 4 
23801, 4, 4 
11471, 4, 4 
17774, 4, 4 
19138, 4, 4 
49676, 4, 4 
53820, 4, 4 
13071, 4, 4 
41722, 4, 4 
16612, 4, 4 
54819, 4, 4 
15719, 4, 4 
37311, 4, 4 
17091, 4, 4 
24781, 4, 4 
11459, 4, 4 
47070, 4, 4 
56280, 4, 4 
49629, 4, 4 
29046, 4, 4 
46624, 4, 4 
32661, 4, 4 
24432, 4, 4 
24527, 4, 4 
32801, 4, 4 
16875, 4, 4 
26067, 4, 4 
24604, 4, 4 
49000, 4, 4 
55774, 4, 4 
1446, 4, 4 
41043, 4, 4 
58151, 4, 4 
14990, 4, 4 
52308, 4, 4 
3631, 4, 4 
25616, 4, 4 
26111, 4, 4 
24113, 4, 4 
25503, 4, 4 
34682, 4, 4 
38229, 4, 4 
59879, 4, 4 
16977, 4, 4 
13688, 4, 4 
58432, 4, 4 
19198, 4, 4 
17276, 4, 4 
35201, 4, 4 
39182, 4, 4 
37112, 4, 4 
10724, 4, 4 
23580, 4, 4 
10310, 4, 4 
24607, 4, 4 
21968, 4, 4 
12790, 4, 4 
33195, 4, 4 
3439, 4, 4 
16899, 4, 4 
4939, 4, 4 
53808, 4, 4 
987, 4, 4 
26458, 4, 4 
22607, 4, 4 
21363, 4, 4 
28312, 4, 4 
35312, 4, 4 
20956, 4, 4 
40703, 4, 4 
8840, 4, 4 
42956, 4, 4 
4417, 4, 4 
51175, 4, 4 
48685, 4, 4 
25479, 4, 4 
14326, 4, 4 
23151, 4, 4 
34465, 4, 4 
14616, 4, 4 
5854, 4, 4 
29864, 4, 4 
22472, 4, 4 
58380, 4, 4 
59283, 4, 4 
9431, 4, 4 
57111, 4, 4 
38284, 4, 4 
37104, 4, 4 
56676, 4, 4 
2439, 4, 4 
13252, 4, 4 
59026, 4, 4 
14086, 4, 4 
45069, 4, 4 
7779, 4, 4 
16098, 4, 4 
18092, 4, 4 
54672, 4, 4 
45234, 4, 4 
6256, 4, 4 
9795, 4, 4 
32657, 4, 4 
56330, 4, 4 
21664, 4, 4 
1744, 4, 4 
59874, 4, 4 
20455, 4, 4 
41925, 4, 4 
44013, 4, 4 
24976, 4, 4 
12675, 4, 4 
23881, 4, 4 
1431, 4, 4 
35362, 4, 4 
26510, 4, 4 
13986, 4, 4 
6778, 4, 4 
26132, 4, 4 
42653, 4, 4 
10809, 4, 4 
32308, 4, 4 
46305, 4, 4 
40334, 4, 4 
39302, 4, 4 
47483, 4, 4 
15942, 4, 4 
45847, 4, 4 
58400, 4, 4 
46245, 4, 4 
51081, 4, 4 
46568, 4, 4 
585, 4, 4 
22038, 5, 5 
8178, 5, 5 
54619, 5, 5 
48838, 5, 5 
52040, 5, 5 
29834, 5, 5 
29038, 5, 5 
19607, 5, 5 
27576, 5, 5 
54483, 5, 5 
35727, 5, 5 
29204, 5, 5 
30285, 5, 5 
18248, 5, 5 
49132, 5, 5 
41457, 5, 5 
17514, 5, 5 
40567, 5, 5 
9738, 5, 5 
11864, 5, 5 
10891, 5, 5 
5423, 5, 5 
19870, 5, 5 
41539, 5, 5 
5027, 5, 5 
42108, 5, 5 
47146, 5, 5 
22887, 5, 5 
2268, 5, 5 
33537, 5, 5 
53942, 5, 5 
13248, 5, 5 
8945, 5, 5 
28918, 5, 5 
32132, 5, 5 
29293, 5, 5 
16164, 5, 5 
13058, 5, 5 
57345, 5, 5 
31053, 5, 5 
18418, 5, 5 
138, 5, 5 
31005, 5, 5 
53675, 5, 5 
50187, 5, 5 
13988, 5, 5 
3126, 5, 5 
56725, 5, 5 
28254, 5, 5 
56658, 5, 5 
12046, 5, 5 
10742, 5, 5 
30957, 5, 5 
44152, 5, 5 
55908, 5, 5 
24666, 5, 5 
9062, 5, 5 
1109, 5, 5 
13749, 5, 5 
36011, 5, 5 
38896, 5, 5 
49520, 5, 5 
34082, 5, 5 
12829, 5, 5 
55356, 5, 5 
1311, 5, 5 
53200, 5, 5 
17890, 5, 5 
20476, 5, 5 
10286, 5, 5 
29880, 5, 5 
45256, 5, 5 
18141, 5, 5 
15767, 5, 5 
34984, 5, 5 
43766, 5, 5 
49686, 5, 5 
37584, 5, 5 
13021, 5, 5 
11802, 5, 5 
22647, 5, 5 
7884, 5, 5 
59525, 5, 5 
55728, 5, 5 
32080, 5, 5 
50406, 5, 5 
19035, 5, 5 
31413, 5, 5 
610, 5, 5 
58948, 5, 5 
18511, 5, 5 
38888, 5, 5 
24004, 5, 5 
20590, 5, 5 
13829, 5, 5 
4665, 5, 5 
53000, 5, 5 
57462, 5, 5 
11935, 5, 5 
39409, 5, 5 
28770, 5, 5 
34050, 5, 5 
10894, 5, 5 
1691, 5, 5 
14404, 5, 5 
30371, 5, 5 
38019, 5, 5 
45072, 5, 5 
39773, 5, 5 
39573, 5, 5 
26621, 5, 5 
16268, 5, 5 
6527, 5, 5 
58540, 5, 5 
26030, 5, 5 
49760, 5, 5 
27648, 5, 5 
47319, 5, 5 
26283, 5, 5 
41094, 5, 5 
24106, 5, 5 
55322, 5, 5 
42244, 5, 5 
39965, 5, 5 
29760, 5, 5 
18347, 5, 5 
16780, 5, 5 
51079, 5, 5 
43397, 5, 5 
41241, 5, 5 
23824, 5, 5 
48161, 5, 5 
13796, 5, 5 
21588, 5, 5 
18782, 5, 5 
376, 5, 5 
12626, 5, 5 
39858, 5, 5 
51498, 5, 5 
17794, 5, 5 
1575, 5, 5 
42338, 5, 5 
48424, 5, 5 
33352, 5, 5 
43638, 5, 5 
55450, 5, 5 
2966, 5, 5 
32362, 5, 5 
19670, 5, 5 
25494, 5, 5 
54401, 5, 5 
2744, 5, 5 
34610, 5, 5 
23438, 5, 5 
54361, 5, 5 
52399, 5, 5 
47661, 5, 5 
59822, 5, 5 
45250, 5, 5 
42517, 5, 5 
32697, 5, 5 
33288, 5, 5 
11873, 5, 5 
44147, 5, 5 
25330, 5, 5 
58145, 5, 5 
59600, 5, 5 
40194, 5, 5 
47471, 5, 5 
32614, 5, 5 
24275, 5, 5 
42554, 5, 5 
48374, 5, 5 
50569, 5, 5 
43699, 5, 5 
47944, 5, 5 
1039, 5, 5 
20428, 5, 5 
27500, 5, 5 
40711, 5, 5 
58802, 5, 5 
52332, 5, 5 
47433, 5, 5 
11523, 5, 5 
41682, 5, 5 
16553, 5, 5 
17414, 5, 5 
29571, 5, 5 
33972, 5, 5 
49316, 5, 5 
32671, 5, 5 
14029, 5, 5 
12978, 5, 5 
12566, 5, 5 
50641, 5, 5 
7444, 5, 5 
37300, 5, 5 
51362, 5, 5 
55055, 5, 5 
27053, 5, 5 
39271, 5, 5 
27403, 5, 5 
46458, 5, 5 
1702, 5, 5 
6300, 5, 5 
19364, 5, 5 
42604, 5, 5 
29852, 5, 5 
45049, 5, 5 
9646, 5, 5 
836, 5, 5 
42556, 5, 5 
36639, 5, 5 
33528, 5, 5 
4312, 5, 5 
3580, 5, 5 
29830, 5, 5 
26381, 5, 5 
11182, 5, 5 
10653, 5, 5 
56838, 5, 5 
19436, 5, 5 
3768, 5, 5 
57240, 5, 5 
28589, 5, 5 
24792, 5, 5 
15886, 5, 5 
55076, 5, 5 
4076, 5, 5 
52192, 5, 5 
24421, 5, 5 
59400, 5, 5 
13502, 5, 5 
38658, 5, 5 
54639, 5, 5 
22575, 5, 5 
6981, 5, 5 
55909, 5, 5 
3563, 5, 5 
31086, 5, 5 
54091, 5, 5 
44003, 5, 5 
42609, 5, 5 
11310, 5, 5 
58688, 5, 5 
38604, 5, 5 
14199, 5, 5 
12405, 5, 5 
39493, 5, 5 
34858, 5, 5 
56732, 5, 5 
39940, 5, 5 
26360, 5, 5 
53413, 5, 5 
1325, 5, 5 
12898, 5, 5 
28846, 5, 5 
36217, 5, 5 
47624, 5, 5 
6782, 5, 5 
35040, 5, 5 
18882, 5, 5 
18005, 5, 5 
1430, 5, 5 
34509, 5, 5 
34112, 5, 5 
52419, 5, 5 
46091, 5, 5 
32567, 5, 5 
11839, 5, 5 
48094, 5, 5 
49708, 5, 5 
54159, 5, 5 
14006, 5, 5 
30797, 5, 5 
44018, 5, 5 
33598, 5, 5 
21850, 5, 5 
32720, 5, 5 
2869, 5, 5 
3500, 5, 5 
45667, 5, 5 
33013, 5, 5 
13284, 5, 5 
21543, 5, 5 
32059, 5, 5 
48950, 5, 5 
11659, 5, 5 
57106, 5, 5 
48856, 5, 5 
27745, 5, 5 
44390, 5, 5 
2592, 5, 5 
7323, 5, 5 
18237, 5, 5 
39473, 5, 5 
11549, 5, 5 
58824, 5, 5 
41523, 5, 5 
51963, 5, 5 
523, 5, 5 
51385, 5, 5 
53812, 5, 5 
56407, 5, 5 
58655, 5, 5 
26467, 5, 5 
28777, 5, 5 
11477, 5, 5 
39946, 5, 5 
40640, 5, 5 
54862, 5, 5 
41277, 5, 5 
7531, 5, 5 
58976, 5, 5 
25259, 5, 5 
56113, 5, 5 
13232, 5, 5 
46890, 5, 5 
31415, 5, 5 
33690, 5, 5 
5056, 5, 5 
4752, 5, 5 
2713, 5, 5 
39335, 5, 5 
43199, 5, 5 
39901, 5, 5 
7382, 5, 5 
6374, 5, 5 
58477, 5, 5 
41185, 5, 5 
42520, 5, 5 
16084, 5, 5 
21276, 5, 5 
25335, 5, 5 
4309, 5, 5 
53408, 5, 5 
16063, 5, 5 
23668, 5, 5 
25315, 5, 5 
47828, 5, 5 
3860, 5, 5 
13312, 5, 5 
28356, 5, 5 
27767, 5, 5 
28116, 5, 5 
42511, 5, 5 
25190, 5, 5 
16126, 5, 5 
5737, 5, 5 
2674, 5, 5 
14195, 5, 5 
51740, 5, 5 
35889, 5, 5 
55233, 5, 5 
52875, 5, 5 
33502, 5, 5 
3839, 5, 5 
36588, 5, 5 
24660, 5, 5 
14737, 5, 5 
12376, 5, 5 
53978, 5, 5 
9845, 5, 5 
50718, 5, 5 
37160, 5, 5 
34857, 5, 5 
54589, 5, 5 
3271, 5, 5 
16844, 5, 5 
51511, 5, 5 
38818, 5, 5 
58255, 5, 5 
42312, 5, 5 
39958, 5, 5 
8639, 5, 5 
45091, 5, 5 
19797, 5, 5 
31473, 5, 5 
47039, 5, 5 
59502, 5, 5 
44869, 5, 5 
27117, 5, 5 
44999, 5, 5 
35462, 5, 5 
28057, 5, 5 
55498, 5, 5 
22979, 5, 5 
51234, 5, 5 
21338, 5, 5 
43377, 5, 5 
5440, 5, 5 
757, 5, 5 
44976, 5, 5 
10182, 5, 5 
24812, 5, 5 
26538, 5, 5 
40704, 5, 5 
23918, 5, 5 
52896, 5, 5 
49611, 5, 5 
46544, 5, 5 
9205, 5, 5 
37597, 5, 5 
22845, 5, 5 
39808, 5, 5 
38113, 5, 5 
21155, 5, 5 
5079, 5, 5 
5210, 5, 5 
28608, 5, 5 
9073, 5, 5 
38459, 5, 5 
43623, 5, 5 
40534, 5, 5 
54659, 5, 5 
19279, 5, 5 
43776, 5, 5 
44293, 5, 5 
47586, 5, 5 
46693, 5, 5 
55208, 5, 5 
26913, 5, 5 
3129, 5, 5 
18481, 5, 5 
16926, 5, 5 
13466, 5, 5 
54781, 5, 5 
59358, 5, 5 
56571, 5, 5 
31891, 5, 5 
43691, 5, 5 
33077, 5, 5 
11237, 5, 5 
56306, 5, 5 
53329, 5, 5 
8789, 5, 5 
18298, 5, 5 
17716, 5, 5 
35214, 5, 5 
51553, 5, 5 
11356, 5, 5 
47554, 5, 5 
56479, 5, 5 
14742, 5, 5 
40587, 5, 5 
48637, 5, 5 
33001, 5, 5 
27777, 5, 5 
30903, 5, 5 
32954, 5, 5 
23906, 5, 5 
36774, 5, 5 
1887, 5, 5 
41314, 5, 5 
41462, 5, 5 
27271, 5, 5 
32287, 5, 5 
35609, 5, 5 
1278, 5, 5 
38959, 5, 5 
47622, 5, 5 
39945, 5, 5 
13862, 5, 5 
40350, 5, 5 
17024, 5, 5 
11725, 5, 5 
35567, 5, 5 
45875, 5, 5 
23808, 5, 5 
35350, 5, 5 
56119, 5, 5 
20784, 5, 5 
34137, 5, 5 
50739, 5, 5 
58803, 5, 5 
16219, 5, 5 
25678, 5, 5 
57902, 5, 5 
43508, 5, 5 
29037, 5, 5 
27340, 5, 5 
13538, 5, 5 
47591, 5, 5 
25954, 5, 5 
15206, 5, 5 
55953, 5, 5 
8209, 5, 5 
26404, 5, 5 
58537, 5, 5 
9384, 5, 5 
47940, 5, 5 
11569, 5, 5 
20693, 5, 5 
15464, 5, 5 
30012, 5, 5 
47825, 5, 5 
50549, 5, 5 
5417, 5, 5 
20266, 5, 5 
13185, 5, 5 
31705, 6, 6 
30466, 6, 6 
8871, 6, 6 
12068, 6, 6 
21995, 6, 6 
39792, 6, 6 
42166, 6, 6 
16065, 6, 6 
9144, 6, 6 
3136, 6, 6 
33929, 6, 6 
14565, 6, 6 
20343, 6, 6 
8697, 6, 6 
18652, 6, 6 
50645, 6, 6 
46626, 6, 6 
17563, 6, 6 
13927, 6, 6 
54188, 6, 6 
51728, 6, 6 
58869, 6, 6 
4605, 6, 6 
31294, 6, 6 
13511, 6, 6 
46131, 6, 6 
52551, 6, 6 
5587, 6, 6 
34621, 6, 6 
672, 6, 6 
21684, 6, 6 
9468, 6, 6 
20253, 6, 6 
34393, 6, 6 
58578, 6, 6 
39506, 6, 6 
52380, 6, 6 
58842, 6, 6 
8820, 6, 6 
36701, 6, 6 
39212, 6, 6 
28850, 6, 6 
33100, 6, 6 
19960, 6, 6 
52571, 6, 6 
44258, 6, 6 
43304, 6, 6 
35210, 6, 6 
25889, 6, 6 
52482, 6, 6 
53499, 6, 6 
51410, 6, 6 
311, 6, 6 
21900, 6, 6 
15114, 6, 6 
52054, 6, 6 
3932, 6, 6 
30338, 6, 6 
9000, 6, 6 
1844, 6, 6 
49779, 6, 6 
8328, 6, 6 
42143, 6, 6 
38854, 6, 6 
17408, 6, 6 
39825, 6, 6 
24673, 6, 6 
47014, 6, 6 
7273, 6, 6 
4072, 6, 6 
50122, 6, 6 
22550, 6, 6 
274, 6, 6 
18, 6, 6 
45949, 6, 6 
21410, 6, 6 
4828, 6, 6 
40304, 6, 6 
23098, 6, 6 
83, 6, 6 
52441, 6, 6 
9341, 6, 6 
21407, 6, 6 
48538, 6, 6 
51407, 6, 6 
34071, 6, 6 
34413, 6, 6 
51475, 6, 6 
16245, 6, 6 
16796, 6, 6 
7294, 6, 6 
36310, 6, 6 
29295, 6, 6 
9389, 6, 6 
4221, 6, 6 
34741, 6, 6 
22681, 6, 6 
55289, 6, 6 
15088, 6, 6 
16258, 6, 6 
21294, 6, 6 
38571, 6, 6 
12290, 6, 6 
45640, 6, 6 
11307, 6, 6 
17484, 6, 6 
22962, 6, 6 
59981, 6, 6 
9909, 6, 6 
52004, 6, 6 
59493, 6, 6 
38290, 6, 6 
23566, 6, 6 
1070, 6, 6 
49613, 6, 6 
9808, 6, 6 
6157, 6, 6 
20288, 6, 6 
8685, 6, 6 
56035, 6, 6 
54298, 6, 6 
33693, 6, 6 
30930, 6, 6 
12866, 6, 6 
29872, 6, 6 
5218, 6, 6 
31955, 6, 6 
20153, 6, 6 
58352, 6, 6 
53197, 6, 6 
9860, 6, 6 
26796, 6, 6 
6387, 6, 6 
24162, 6, 6 
24656, 6, 6 
35026, 6, 6 
23766, 6, 6 
4059, 6, 6 
41272, 6, 6 
16425, 6, 6 
4054, 6, 6 
17161, 6, 6 
40541, 6, 6 
3474, 6, 6 
52912, 6, 6 
31736, 6, 6 
21844, 6, 6 
24622, 6, 6 
36155, 6, 6 
41675, 6, 6 
36278, 6, 6 
10553, 6, 6 
37831, 6, 6 
10630, 6, 6 
34012, 6, 6 
12810, 6, 6 
17616, 6, 6 
3392, 6, 6 
24934, 6, 6 
39727, 6, 6 
27306, 6, 6 
36415, 6, 6 
2242, 6, 6 
52837, 6, 6 
40986, 6, 6 
28997, 6, 6 
5334, 6, 6 
51745, 6, 6 
39679, 6, 6 
41586, 6, 6 
1731, 6, 6 
37509, 6, 6 
49930, 6, 6 
13860, 6, 6 
41736, 6, 6 
18033, 6, 6 
1224, 6, 6 
37892, 6, 6 
13858, 6, 6 
51687, 6, 6 
20512, 6, 6 
536, 6, 6 
19761, 6, 6 
1917, 6, 6 
8311, 6, 6 
54383, 6, 6 
2035, 6, 6 
41778, 6, 6 
50415, 6, 6 
20142, 6, 6 
18704, 6, 6 
6907, 6, 6 
46804, 6, 6 
25010, 6, 6 
27796, 6, 6 
24685, 6, 6 
17589, 6, 6 
42571, 6, 6 
7268, 6, 6 
34589, 6, 6 
55196, 6, 6 
32929, 6, 6 
42498, 6, 6 
1466, 6, 6 
8814, 6, 6 
31339, 6, 6 
37639, 6, 6 
45643, 6, 6 
17326, 6, 6 
9961, 6, 6 
47162, 6, 6 
22145, 6, 6 
58549, 6, 6 
6963, 6, 6 
4867, 6, 6 
19316, 6, 6 
40475, 6, 6 
31568, 6, 6 
57158, 6, 6 
25815, 6, 6 
2152, 6, 6 
35099, 6, 6 
38730, 6, 6 
56629, 6, 6 
14801, 6, 6 
7700, 6, 6 
51311, 6, 6 
7179, 6, 6 
901, 6, 6 
10851, 6, 6 
20839, 6, 6 
29350, 6, 6 
1706, 6, 6 
31646, 6, 6 
46811, 6, 6 
8357, 6, 6 
16894, 6, 6 
26603, 6, 6 
26931, 6, 6 
18670, 6, 6 
8224, 6, 6 
12199, 6, 6 
37895, 6, 6 
45010, 6, 6 
2644, 6, 6 
13375, 6, 6 
30755, 6, 6 
4365, 6, 6 
2954, 6, 6 
22609, 6, 6 
55660, 6, 6 
41940, 6, 6 
50160, 6, 6 
33572, 6, 6 
13813, 6, 6 
11098, 6, 6 
45910, 6, 6 
46567, 6, 6 
46491, 6, 6 
3993, 6, 6 
4243, 6, 6 
54462, 6, 6 
59181, 6, 6 
40407, 6, 6 
5226, 6, 6 
26321, 6, 6 
49449, 6, 6 
43742, 6, 6 
7937, 6, 6 
49593, 6, 6 
3856, 6, 6 
48776, 6, 6 
29769, 6, 6 
23125, 6, 6 
51276, 6, 6 
27149, 6, 6 
54503, 6, 6 
17867, 6, 6 
31152, 6, 6 
52584, 6, 6 
47011, 6, 6 
52125, 6, 6 
4188, 6, 6 
18292, 6, 6 
58863, 6, 6 
46045, 6, 6 
40019, 6, 6 
47269, 6, 6 
35034, 6, 6 
944, 6, 6 
13731, 6, 6 
47932, 6, 6 
7968, 6, 6 
32889, 6, 6 
50159, 6, 6 
39508, 6, 6 
9281, 6, 6 
43413, 6, 6 
55703, 6, 6 
36036, 6, 6 
40625, 6, 6 
9210, 6, 6 
56592, 6, 6 
19624, 6, 6 
54496, 6, 6 
31343, 6, 6 
6402, 6, 6 
36665, 6, 6 
27382, 6, 6 
44250, 6, 6 
37667, 6, 6 
35734, 6, 6 
22698, 6, 6 
58825, 6, 6 
12715, 6, 6 
15478, 6, 6 
46903, 6, 6 
1898, 6, 6 
25992, 6, 6 
57419, 6, 6 
17982, 6, 6 
26946, 6, 6 
54183, 6, 6 
7581, 6, 6 
12402, 6, 6 
30168, 6, 6 
41508, 6, 6 
39045, 6, 6 
58922, 6, 6 
32211, 6, 6 
12855, 6, 6 
11277, 6, 6 
32546, 6, 6 
49517, 6, 6 
18194, 6, 6 
45750, 6, 6 
49900, 6, 6 
1889, 6, 6 
19384, 6, 6 
49083, 6, 6 
16933, 6, 6 
19155, 6, 6 
56358, 6, 6 
31208, 6, 6 
31481, 6, 6 
44754, 6, 6 
56251, 6, 6 
7887, 6, 6 
43440, 6, 6 
29568, 6, 6 
56963, 6, 6 
19627, 6, 6 
24091, 6, 6 
43545, 6, 6 
12520, 6, 6 
50843, 6, 6 
40754, 6, 6 
39043, 6, 6 
59273, 6, 6 
48999, 6, 6 
17426, 6, 6 
23593, 6, 6 
43225, 6, 6 
28027, 6, 6 
26252, 6, 6 
24304, 6, 6 
20494, 6, 6 
16792, 6, 6 
57881, 6, 6 
35753, 6, 6 
1456, 6, 6 
30968, 6, 6 
55012, 6, 6 
48082, 6, 6 
14377, 6, 6 
45614, 6, 6 
17098, 6, 6 
8410, 6, 6 
44218, 6, 6 
11849, 6, 6 
38721, 6, 6 
47288, 6, 6 
56015, 6, 6 
34896, 6, 6 
39137, 6, 6 
50073, 6, 6 
3779, 6, 6 
3288, 6, 6 
2992, 6, 6 
26439, 6, 6 
56519, 6, 6 
28659, 6, 6 
2519, 6, 6 
43115, 6, 6 
54333, 6, 6 
10356, 6, 6 
45630, 6, 6 
44201, 6, 6 
54332, 6, 6 
16097, 6, 6 
51729, 6, 6 
8726, 6, 6 
35211, 6, 6 
18085, 6, 6 
27019, 6, 6 
10032, 6, 6 
27992, 6, 6 
50856, 6, 6 
5920, 6, 6 
2397, 6, 6 
21226, 6, 6 
43572, 6, 6 
16879, 6, 6 
35614, 6, 6 
52374, 6, 6 
4857, 6, 6 
36686, 6, 6 
8367, 6, 6 
2862, 6, 6 
40282, 6, 6 
47436, 6, 6 
56455, 6, 6 
53081, 6, 6 
28251, 6, 6 
13303, 6, 6 
38895, 6, 6 
32868, 6, 6 
24851, 6, 6 
23168, 6, 6 
15951, 6, 6 
14848, 6, 6 
51476, 6, 6 
42405, 6, 6 
23533, 6, 6 
44189, 6, 6 
45851, 6, 6 
6201, 6, 6 
9338, 6, 6 
31231, 6, 6 
2607, 6, 6 
53005, 6, 6 
59642, 6, 6 
52641, 6, 6 
39697, 6, 6 
3229, 6, 6 
1781, 6, 6 
623, 6, 6 
31105, 6, 6 
18331, 6, 6 
3654, 6, 6 
58695, 6, 6 
47687, 6, 6 
34247, 6, 6 
56411, 6, 6 
17933, 6, 6 
29399, 6, 6 
47454, 6, 6 
12523, 6, 6 
47026, 6, 6 
15234, 6, 6 
40176, 6, 6 
1503, 6, 6 
46735, 6, 6 
35861, 6, 6 
18096, 6, 6 
16695, 6, 6 
44077, 6, 6 
6562, 6, 6 
30784, 6, 6 
33073, 6, 6 
22718, 6, 6 
38348, 6, 6 
58669, 6, 6 
46526, 6, 6 
13364, 6, 6 
49828, 6, 6 
18140, 6, 6 
2925, 6, 6 
37018, 6, 6 
39112, 6, 6 
5780, 6, 6 
48145, 6, 6 
39466, 6, 6 
18525, 6, 6 
16821, 6, 6 
30689, 6, 6 
10956, 6, 6 
22520, 6, 6 
22084, 6, 6 
30387, 6, 6 
10224, 6, 6 
41735, 6, 6 
56809, 6, 6 
23487, 6, 6 
8326, 6, 6 
35564, 6, 6 
28934, 6, 6 
19710, 6, 6 
17284, 6, 6 
56677, 6, 6 
5302, 7, 7 
28211, 7, 7 
17696, 7, 7 
7309, 7, 7 
30154, 7, 7 
46132, 7, 7 
2980, 7, 7 
27722, 7, 7 
43628, 7, 7 
3599, 7, 7 
56983, 7, 7 
19704, 7, 7 
521, 7, 7 
25229, 7, 7 
56107, 7, 7 
45844, 7, 7 
14871, 7, 7 
54212, 7, 7 
57676, 7, 7 
51074, 7, 7 
17917, 7, 7 
3617, 7, 7 
19054, 7, 7 
1225, 7, 7 
42466, 7, 7 
21386, 7, 7 
16194, 7, 7 
14280, 7, 7 
26001, 7, 7 
6487, 7, 7 
59162, 7, 7 
968, 7, 7 
54435, 7, 7 
14600, 7, 7 
8556, 7, 7 
41493, 7, 7 
33834, 7, 7 
51752, 7, 7 
4530, 7, 7 
54186, 7, 7 
4273, 7, 7 
34503, 7, 7 
8517, 7, 7 
3899, 7, 7 
45257, 7, 7 
16711, 7, 7 
38621, 7, 7 
46819, 7, 7 
22399, 7, 7 
59494, 7, 7 
6287, 7, 7 
51489, 7, 7 
45187, 7, 7 
2612, 7, 7 
4298, 7, 7 
56534, 7, 7 
30935, 7, 7 
23941, 7, 7 
17343, 7, 7 
51420, 7, 7 
23811, 7, 7 
1899, 7, 7 
43362, 7, 7 
34153, 7, 7 
29775, 7, 7 
37694, 7, 7 
59554, 7, 7 
6141, 7, 7 
46724, 7, 7 
8038, 7, 7 
40783, 7, 7 
8698, 7, 7 
10864, 7, 7 
35451, 7, 7 
29605, 7, 7 
23968, 7, 7 
5811, 7, 7 
49472, 7, 7 
51306, 7, 7 
18754, 7, 7 
58890, 7, 7 
686, 7, 7 
57809, 7, 7 
23798, 7, 7 
5626, 7, 7 
26272, 7, 7 
8044, 7, 7 
39053, 7, 7 
33280, 7, 7 
34149, 7, 7 
10715, 7, 7 
23381, 7, 7 
59370, 7, 7 
49415, 7, 7 
58042, 7, 7 
23140, 7, 7 
56815, 7, 7 
39523, 7, 7 
46253, 7, 7 
43722, 7, 7 
28675, 7, 7 
9498, 7, 7 
26063, 7, 7 
36135, 7, 7 
20557, 7, 7 
40557, 7, 7 
54688, 7, 7 
10989, 7, 7 
51477, 7, 7 
28621, 7, 7 
50894, 7, 7 
52466, 7, 7 
31698, 7, 7 
44574, 7, 7 
33104, 7, 7 
305, 7, 7 
4189, 7, 7 
33525, 7, 7 
4863, 7, 7 
58455, 7, 7 
57074, 7, 7 
27862, 7, 7 
3276, 7, 7 
22250, 7, 7 
34702, 7, 7 
26642, 7, 7 
13355, 7, 7 
43202, 7, 7 
44443, 7, 7 
9999, 7, 7 
50697, 7, 7 
25308, 7, 7 
21160, 7, 7 
55094, 7, 7 
42528, 7, 7 
50047, 7, 7 
30224, 7, 7 
42613, 7, 7 
25756, 7, 7 
23094, 7, 7 
30310, 7, 7 
7737, 7, 7 
5946, 7, 7 
14594, 7, 7 
2187, 7, 7 
12601, 7, 7 
28869, 7, 7 
50708, 7, 7 
17979, 7, 7 
35549, 7, 7 
30015, 7, 7 
38017, 7, 7 
33307, 7, 7 
46155, 7, 7 
1772, 7, 7 
193, 7, 7 
22836, 7, 7 
22094, 7, 7 
1376, 7, 7 
48619, 7, 7 
43598, 7, 7 
11703, 7, 7 
31439, 7, 7 
57653, 7, 7 
14288, 7, 7 
44965, 7, 7 
54378, 7, 7 
59745, 7, 7 
30936, 7, 7 
56131, 7, 7 
46327, 7, 7 
29850, 7, 7 
50891, 7, 7 
39358, 7, 7 
11204, 7, 7 
40378, 7, 7 
46888, 7, 7 
45680, 7, 7 
25339, 7, 7 
15113, 7, 7 
38672, 7, 7 
9115, 7, 7 
48519, 7, 7 
25554, 7, 7 
19312, 7, 7 
26417, 7, 7 
51346, 7, 7 
26734, 7, 7 
44908, 7, 7 
30259, 7, 7 
57323, 7, 7 
56439, 7, 7 
48228, 7, 7 
15997, 7, 7 
2024, 7, 7 
56392, 7, 7 
35555, 7, 7 
48035, 7, 7 
52588, 7, 7 
1821, 7, 7 
27061, 7, 7 
30380, 7, 7 
52166, 7, 7 
35255, 7, 7 
28812, 7, 7 
38242, 7, 7 
30271, 7, 7 
27667, 7, 7 
2848, 7, 7 
9549, 7, 7 
24172, 7, 7 
6550, 7, 7 
55659, 7, 7 
18046, 7, 7 
29238, 7, 7 
28362, 7, 7 
28014, 7, 7 
22239, 7, 7 
23985, 7, 7 
12253, 7, 7 
49551, 7, 7 
56426, 7, 7 
44472, 7, 7 
56451, 7, 7 
18142, 7, 7 
36760, 7, 7 
59138, 7, 7 
48709, 7, 7 
31076, 7, 7 
55971, 7, 7 
44737, 7, 7 
53483, 7, 7 
26374, 7, 7 
48135, 7, 7 
13243, 7, 7 
42283, 7, 7 
34110, 7, 7 
44772, 7, 7 
7197, 7, 7 
14475, 7, 7 
651, 7, 7 
51236, 7, 7 
59435, 7, 7 
25806, 7, 7 
3008, 7, 7 
168, 7, 7 
54792, 7, 7 
24984, 7, 7 
5976, 7, 7 
21915, 7, 7 
41972, 7, 7 
14850, 7, 7 
22530, 7, 7 
33639, 7, 7 
39062, 7, 7 
48341, 7, 7 
36688, 7, 7 
1848, 7, 7 
2133, 7, 7 
42134, 7, 7 
27574, 7, 7 
9882, 7, 7 
56410, 7, 7 
26041, 7, 7 
41002, 7, 7 
57839, 7, 7 
46404, 7, 7 
25123, 7, 7 
18107, 7, 7 
3620, 7, 7 
4041, 7, 7 
17789, 7, 7 
48247, 7, 7 
1499, 7, 7 
11426, 7, 7 
51102, 7, 7 
5784, 7, 7 
31477, 7, 7 
57230, 7, 7 
25797, 7, 7 
20296, 7, 7 
32651, 7, 7 
853, 7, 7 
52339, 7, 7 
44757, 7, 7 
2865, 7, 7 
29786, 7, 7 
8849, 7, 7 
27971, 7, 7 
48801, 7, 7 
1983, 7, 7 
54152, 7, 7 
31085, 7, 7 
18320, 7, 7 
14777, 7, 7 
25392, 7, 7 
5716, 7, 7 
33788, 7, 7 
39749, 7, 7 
38, 7, 7 
51583, 7, 7 
9788, 7, 7 
50795, 7, 7 
5795, 7, 7 
7236, 7, 7 
6525, 7, 7 
24705, 7, 7 
51707, 7, 7 
55494, 7, 7 
35372, 7, 7 
8130, 7, 7 
36238, 7, 7 
25594, 7, 7 
9992, 7, 7 
35633, 7, 7 
29859, 7, 7 
43104, 7, 7 
36843, 7, 7 
42461, 7, 7 
56076, 7, 7 
58907, 7, 7 
55147, 7, 7 
38224, 7, 7 
37402, 7, 7 
34880, 7, 7 
45040, 7, 7 
1655, 7, 7 
42733, 7, 7 
16169, 7, 7 
19895, 7, 7 
58715, 7, 7 
40911, 7, 7 
33057, 7, 7 
10096, 7, 7 
55078, 7, 7 
10727, 7, 7 
38329, 7, 7 
41891, 7, 7 
53635, 7, 7 
20398, 7, 7 
30549, 7, 7 
53066, 7, 7 
48585, 7, 7 
8364, 7, 7 
58425, 7, 7 
54097, 7, 7 
4363, 7, 7 
56274, 7, 7 
23607, 7, 7 
53911, 7, 7 
2014, 7, 7 
54037, 7, 7 
19625, 7, 7 
387, 7, 7 
12390, 7, 7 
45456, 7, 7 
22018, 7, 7 
23469, 7, 7 
12813, 7, 7 
28061, 7, 7 
7568, 7, 7 
52701, 7, 7 
16882, 7, 7 
18818, 7, 7 
17718, 7, 7 
49053, 7, 7 
58635, 7, 7 
42619, 7, 7 
57504, 7, 7 
57725, 7, 7 
46106, 7, 7 
18161, 7, 7 
27837, 7, 7 
12464, 7, 7 
39390, 7, 7 
52407, 7, 7 
33543, 7, 7 
50963, 7, 7 
40216, 7, 7 
1547, 7, 7 
17735, 7, 7 
31547, 7, 7 
33836, 7, 7 
55244, 7, 7 
7001, 7, 7 
18843, 7, 7 
42195, 7, 7 
29900, 7, 7 
23951, 7, 7 
52137, 7, 7 
9214, 7, 7 
29032, 7, 7 
24561, 7, 7 
22301, 7, 7 
13637, 7, 7 
44577, 7, 7 
17069, 7, 7 
46349, 7, 7 
1618, 7, 7 
24723, 7, 7 
26589, 7, 7 
50905, 7, 7 
11437, 7, 7 
39357, 7, 7 
44626, 7, 7 
58725, 7, 7 
9833, 7, 7 
23902, 7, 7 
44868, 7, 7 
11435, 7, 7 
11798, 7, 7 
46648, 7, 7 
41236, 7, 7 
16986, 7, 7 
18736, 7, 7 
23570, 7, 7 
9327, 7, 7 
29105, 7, 7 
47337, 7, 7 
4061, 7, 7 
49257, 7, 7 
12395, 7, 7 
39925, 7, 7 
31648, 7, 7 
1803, 7, 7 
17486, 7, 7 
29432, 7, 7 
56382, 7, 7 
33797, 7, 7 
13978, 7, 7 
36156, 7, 7 
9429, 7, 7 
48678, 7, 7 
49862, 7, 7 
7420, 7, 7 
33384, 7, 7 
4899, 7, 7 
19912, 7, 7 
13513, 7, 7 
36178, 7, 7 
14141, 7, 7 
23051, 7, 7 
29440, 7, 7 
45992, 7, 7 
17419, 7, 7 
16272, 7, 7 
10178, 7, 7 
16613, 7, 7 
47182, 7, 7 
20386, 7, 7 
43528, 7, 7 
24159, 7, 7 
3909, 7, 7 
8980, 7, 7 
9286, 7, 7 
50706, 7, 7 
22515, 7, 7 
17053, 7, 7 
23645, 7, 7 
42695, 7, 7 
13255, 7, 7 
49829, 7, 7 
1216, 7, 7 
57526, 7, 7 
46361, 7, 7 
15900, 7, 7 
1400, 7, 7 
35199, 7, 7 
11757, 7, 7 
45871, 7, 7 
48852, 7, 7 
10243, 7, 7 
34267, 7, 7 
54207, 7, 7 
46084, 7, 7 
34055, 7, 7 
54558, 7, 7 
7306, 7, 7 
32873, 7, 7 
37960, 7, 7 
6015, 7, 7 
16800, 7, 7 
1933, 7, 7 
6878, 7, 7 
26499, 7, 7 
24583, 7, 7 
37100, 7, 7 
28642, 7, 7 
47879, 7, 7 
21501, 7, 7 
15204, 7, 7 
42145, 7, 7 
59626, 7, 7 
20318, 7, 7 
3795, 7, 7 
34410, 7, 7 
54761, 7, 7 
55689, 7, 7 
17316, 7, 7 
30202, 7, 7 
11142, 8, 8 
31075, 8, 8 
37342, 8, 8 
13866, 8, 8 
57324, 8, 8 
1893, 8, 8 
59949, 8, 8 
41304, 8, 8 
11101, 8, 8 
46348, 8, 8 
57898, 8, 8 
52662, 8, 8 
15096, 8, 8 
58158, 8, 8 
31091, 8, 8 
14499, 8, 8 
26760, 8, 8 
13342, 8, 8 
40089, 8, 8 
29172, 8, 8 
31206, 8, 8 
21826, 8, 8 
11614, 8, 8 
46110, 8, 8 
26953, 8, 8 
44631, 8, 8 
21375, 8, 8 
47304, 8, 8 
58556, 8, 8 
2687, 8, 8 
40777, 8, 8 
15963, 8, 8 
22163, 8, 8 
47274, 8, 8 
55497, 8, 8 
40852, 8, 8 
23400, 8, 8 
31800, 8, 8 
28065, 8, 8 
38589, 8, 8 
35375, 8, 8 
17784, 8, 8 
28306, 8, 8 
54195, 8, 8 
45286, 8, 8 
29254, 8, 8 
12235, 8, 8 
47188, 8, 8 
33059, 8, 8 
19595, 8, 8 
26443, 8, 8 
615, 8, 8 
45988, 8, 8 
499, 8, 8 
23522, 8, 8 
32218, 8, 8 
8299, 8, 8 
30519, 8, 8 
49332, 8, 8 
30416, 8, 8 
50410, 8, 8 
25486, 8, 8 
57701, 8, 8 
21089, 8, 8 
29223, 8, 8 
40571, 8, 8 
34819, 8, 8 
8859, 8, 8 
45481, 8, 8 
13386, 8, 8 
26153, 8, 8 
3499, 8, 8 
27051, 8, 8 
46399, 8, 8 
5537, 8, 8 
3690, 8, 8 
20107, 8, 8 
34108, 8, 8 
30460, 8, 8 
52171, 8, 8 
43945, 8, 8 
18335, 8, 8 
47100, 8, 8 
46395, 8, 8 
23368, 8, 8 
20315, 8, 8 
21529, 8, 8 
39478, 8, 8 
10726, 8, 8 
4063, 8, 8 
27146, 8, 8 
45673, 8, 8 
53806, 8, 8 
53128, 8, 8 
50180, 8, 8 
40417, 8, 8 
35246, 8, 8 
42923, 8, 8 
44173, 8, 8 
45194, 8, 8 
32468, 8, 8 
40750, 8, 8 
44087, 8, 8 
22266, 8, 8 
9155, 8, 8 
36250, 8, 8 
1086, 8, 8 
38641, 8, 8 
55968, 8, 8 
8485, 8, 8 
14625, 8, 8 
28381, 8, 8 
24658, 8, 8 
38807, 8, 8 
44433, 8, 8 
5009, 8, 8 
50274, 8, 8 
23537, 8, 8 
27947, 8, 8 
3976, 8, 8 
45117, 8, 8 
23405, 8, 8 
23048, 8, 8 
58636, 8, 8 
27918, 8, 8 
4282, 8, 8 
11942, 8, 8 
48192, 8, 8 
1853, 8, 8 
55268, 8, 8 
17405, 8, 8 
47726, 8, 8 
1542, 8, 8 
49578, 8, 8 
18311, 8, 8 
29393, 8, 8 
22760, 8, 8 
48743, 8, 8 
4308, 8, 8 
27294, 8, 8 
1749, 8, 8 
23964, 8, 8 
3918, 8, 8 
12988, 8, 8 
19864, 8, 8 
14845, 8, 8 
25117, 8, 8 
43823, 8, 8 
55766, 8, 8 
42470, 8, 8 
11241, 8, 8 
29511, 8, 8 
55445, 8, 8 
55620, 8, 8 
17162, 8, 8 
33179, 8, 8 
25131, 8, 8 
7048, 8, 8 
26813, 8, 8 
7793, 8, 8 
19242, 8, 8 
52430, 8, 8 
11351, 8, 8 
56894, 8, 8 
29601, 8, 8 
3865, 8, 8 
8300, 8, 8 
23112, 8, 8 
24312, 8, 8 
43824, 8, 8 
53508, 8, 8 
13189, 8, 8 
3119, 8, 8 
58951, 8, 8 
49677, 8, 8 
44200, 8, 8 
12777, 8, 8 
2170, 8, 8 
54341, 8, 8 
26660, 8, 8 
5112, 8, 8 
52468, 8, 8 
36959, 8, 8 
57070, 8, 8 
40549, 8, 8 
23437, 8, 8 
27045, 8, 8 
23456, 8, 8 
36137, 8, 8 
44144, 8, 8 
22499, 8, 8 
38685, 8, 8 
31721, 8, 8 
15129, 8, 8 
8378, 8, 8 
1247, 8, 8 
52496, 8, 8 
53208, 8, 8 
55156, 8, 8 
41235, 8, 8 
56151, 8, 8 
29070, 8, 8 
18317, 8, 8 
17614, 8, 8 
43299, 8, 8 
11035, 8, 8 
28093, 8, 8 
32784, 8, 8 
5783, 8, 8 
38878, 8, 8 
35237, 8, 8 
18887, 8, 8 
725, 8, 8 
51431, 8, 8 
49620, 8, 8 
7638, 8, 8 
39450, 8, 8 
2927, 8, 8 
34165, 8, 8 
47886, 8, 8 
33387, 8, 8 
43099, 8, 8 
16101, 8, 8 
57501, 8, 8 
10339, 8, 8 
57616, 8, 8 
20559, 8, 8 
2394, 8, 8 
52398, 8, 8 
14385, 8, 8 
37281, 8, 8 
21868, 8, 8 
9640, 8, 8 
39178, 8, 8 
4853, 8, 8 
43165, 8, 8 
54594, 8, 8 
25482, 8, 8 
54787, 8, 8 
17675, 8, 8 
1760, 8, 8 
20657, 8, 8 
16870, 8, 8 
2231, 8, 8 
20116, 8, 8 
47163, 8, 8 
58107, 8, 8 
17112, 8, 8 
43993, 8, 8 
47563, 8, 8 
21183, 8, 8 
23448, 8, 8 
38510, 8, 8 
13320, 8, 8 
15626, 8, 8 
46191, 8, 8 
9651, 8, 8 
6952, 8, 8 
34372, 8, 8 
50571, 8, 8 
59361, 8, 8 
37539, 8, 8 
27197, 8, 8 
9361, 8, 8 
3501, 8, 8 
38544, 8, 8 
51899, 8, 8 
21663, 8, 8 
50133, 8, 8 
27973, 8, 8 
10513, 8, 8 
34243, 8, 8 
10596, 8, 8 
44203, 8, 8 
8366, 8, 8 
37051, 8, 8 
39751, 8, 8 
44834, 8, 8 
37695, 8, 8 
58942, 8, 8 
32078, 8, 8 
50393, 8, 8 
53028, 8, 8 
57062, 8, 8 
17013, 8, 8 
40708, 8, 8 
21421, 8, 8 
12936, 8, 8 
19224, 8, 8 
51588, 8, 8 
19201, 8, 8 
23436, 8, 8 
31399, 8, 8 
37032, 8, 8 
53186, 8, 8 
22853, 8, 8 
6924, 8, 8 
5394, 8, 8 
5972, 8, 8 
38434, 8, 8 
4103, 8, 8 
10446, 8, 8 
14192, 8, 8 
44241, 8, 8 
40758, 8, 8 
25016, 8, 8 
35733, 8, 8 
29831, 8, 8 
58498, 8, 8 
43372, 8, 8 
15738, 8, 8 
20945, 8, 8 
35704, 8, 8 
39662, 8, 8 
39994, 8, 8 
58674, 8, 8 
19582, 8, 8 
25418, 8, 8 
3775, 8, 8 
49804, 8, 8 
55623, 8, 8 
2383, 8, 8 
34575, 8, 8 
7923, 8, 8 
33323, 8, 8 
43534, 8, 8 
50421, 8, 8 
7681, 8, 8 
29535, 8, 8 
17721, 8, 8 
18635, 8, 8 
37398, 8, 8 
36489, 8, 8 
37620, 8, 8 
57697, 8, 8 
46647, 8, 8 
19877, 8, 8 
5743, 8, 8 
5476, 8, 8 
23243, 8, 8 
50170, 8, 8 
46387, 8, 8 
24046, 8, 8 
39142, 8, 8 
28682, 8, 8 
44221, 8, 8 
44944, 8, 8 
20648, 8, 8 
40998, 8, 8 
37527, 8, 8 
38566, 8, 8 
28959, 8, 8 
8759, 8, 8 
36681, 8, 8 
24875, 8, 8 
18478, 8, 8 
4859, 8, 8 
16301, 8, 8 
4691, 8, 8 
14226, 8, 8 
58195, 8, 8 
58679, 8, 8 
10881, 8, 8 
58305, 8, 8 
19392, 8, 8 
38638, 8, 8 
52775, 8, 8 
18338, 8, 8 
13095, 8, 8 
29116, 8, 8 
8680, 8, 8 
16114, 8, 8 
49563, 8, 8 
50861, 8, 8 
44866, 8, 8 
21065, 8, 8 
48007, 8, 8 
37267, 8, 8 
36221, 8, 8 
24349, 8, 8 
36299, 8, 8 
54216, 8, 8 
34734, 8, 8 
57189, 8, 8 
17672, 8, 8 
8441, 8, 8 
32161, 8, 8 
45882, 8, 8 
57084, 8, 8 
4745, 8, 8 
32509, 8, 8 
22289, 8, 8 
14140, 8, 8 
50114, 8, 8 
42615, 8, 8 
35251, 8, 8 
8303, 8, 8 
10575, 8, 8 
59622, 8, 8 
49366, 8, 8 
13186, 8, 8 
25301, 8, 8 
52067, 8, 8 
57263, 8, 8 
48003, 8, 8 
24691, 8, 8 
32982, 8, 8 
1016, 8, 8 
46959, 8, 8 
30412, 8, 8 
29576, 8, 8 
14075, 8, 8 
44172, 8, 8 
41901, 8, 8 
37434, 8, 8 
22557, 8, 8 
23428, 8, 8 
58593, 8, 8 
38069, 8, 8 
46121, 8, 8 
23383, 8, 8 
33337, 8, 8 
54034, 8, 8 
20328, 8, 8 
54757, 8, 8 
35526, 8, 8 
35044, 8, 8 
10866, 8, 8 
13632, 8, 8 
31760, 8, 8 
57447, 8, 8 
30347, 8, 8 
24457, 8, 8 
34212, 8, 8 
49407, 8, 8 
46222, 8, 8 
13934, 8, 8 
46764, 8, 8 
594, 8, 8 
8139, 8, 8 
47309, 8, 8 
14020, 8, 8 
7297, 8, 8 
22653, 8, 8 
545, 8, 8 
18710, 8, 8 
20198, 8, 8 
46508, 8, 8 
53517, 8, 8 
19079, 8, 8 
55165, 8, 8 
44652, 8, 8 
7441, 8, 8 
2002, 8, 8 
2683, 8, 8 
5699, 8, 8 
972, 8, 8 
12623, 8, 8 
50597, 8, 8 
8928, 8, 8 
9543, 8, 8 
35958, 8, 8 
26908, 8, 8 
57918, 8, 8 
19358, 8, 8 
48657, 8, 8 
57640, 8, 8 
3299, 8, 8 
23817, 8, 8 
24190, 8, 8 
33097, 8, 8 
49259, 8, 8 
37644, 8, 8 
51611, 8, 8 
10797, 8, 8 
55272, 8, 8 
16752, 8, 8 
25213, 8, 8 
35983, 8, 8 
3273, 8, 8 
35559, 8, 8 
27024, 8, 8 
54192, 8, 8 
51830, 8, 8 
30527, 8, 8 
42998, 8, 8 
51968, 8, 8 
57484, 8, 8 
6573, 8, 8 
33451, 8, 8 
16880, 8, 8 
18305, 8, 8 
57741, 8, 8 
53061, 8, 8 
30581, 8, 8 
1505, 8, 8 
6563, 8, 8 
14893, 8, 8 
46337, 8, 8 
5625, 8, 8 
27679, 9, 9 
58616, 9, 9 
57246, 9, 9 
37919, 9, 9 
14127, 9, 9 
25562, 9, 9 
43058, 9, 9 
58850, 9, 9 
43253, 9, 9 
52478, 9, 9 
36348, 9, 9 
29332, 9, 9 
57444, 9, 9 
28062, 9, 9 
36720, 9, 9 
1291, 9, 9 
24553, 9, 9 
49358, 9, 9 
30135, 9, 9 
18051, 9, 9 
26276, 9, 9 
2371, 9, 9 
13395, 9, 9 
20767, 9, 9 
30893, 9, 9 
46261, 9, 9 
33275, 9, 9 
39549, 9, 9 
37879, 9, 9 
51012, 9, 9 
17831, 9, 9 
25589, 9, 9 
13116, 9, 9 
45671, 9, 9 
46271, 9, 9 
30660, 9, 9 
41364, 9, 9 
48996, 9, 9 
11246, 9, 9 
39163, 9, 9 
16934, 9, 9 
34838, 9, 9 
35013, 9, 9 
23635, 9, 9 
28753, 9, 9 
27334, 9, 9 
23880, 9, 9 
32260, 9, 9 
23159, 9, 9 
46578, 9, 9 
47755, 9, 9 
15745, 9, 9 
57079, 9, 9 
3745, 9, 9 
21562, 9, 9 
16463, 9, 9 
930, 9, 9 
17296, 9, 9 
57050, 9, 9 
52311, 9, 9 
51209, 9, 9 
40371, 9, 9 
21591, 9, 9 
1235, 9, 9 
57782, 9, 9 
3277, 9, 9 
14988, 9, 9 
31218, 9, 9 
37541, 9, 9 
4668, 9, 9 
29318, 9, 9 
12989, 9, 9 
28240, 9, 9 
12889, 9, 9 
50519, 9, 9 
1522, 9, 9 
42124, 9, 9 
14943, 9, 9 
19098, 9, 9 
13752, 9, 9 
47958, 9, 9 
30263, 9, 9 
26973, 9, 9 
1061, 9, 9 
55889, 9, 9 
15413, 9, 9 
46773, 9, 9 
23710, 9, 9 
55636, 9, 9 
18883, 9, 9 
4973, 9, 9 
51032, 9, 9 
29445, 9, 9 
44854, 9, 9 
28330, 9, 9 
46362, 9, 9 
54965, 9, 9 
30947, 9, 9 
45487, 9, 9 
15117, 9, 9 
16005, 9, 9 
14627, 9, 9 
14681, 9, 9 
22437, 9, 9 
38647, 9, 9 
41251, 9, 9 
46885, 9, 9 
39134, 9, 9 
37976, 9, 9 
41102, 9, 9 
19255, 9, 9 
42298, 9, 9 
34280, 9, 9 
41563, 9, 9 
57567, 9, 9 
3786, 9, 9 
37965, 9, 9 
6439, 9, 9 
56156, 9, 9 
12789, 9, 9 
46071, 9, 9 
16035, 9, 9 
27932, 9, 9 
57006, 9, 9 
10507, 9, 9 
46301, 9, 9 
14931, 9, 9 
54575, 9, 9 
10143, 9, 9 
59835, 9, 9 
34694, 9, 9 
17737, 9, 9 
10799, 9, 9 
40634, 9, 9 
7217, 9, 9 
4091, 9, 9 
42465, 9, 9 
12320, 9, 9 
45969, 9, 9 
8468, 9, 9 
40854, 9, 9 
21300, 9, 9 
48030, 9, 9 
56157, 9, 9 
24947, 9, 9 
13194, 9, 9 
37338, 9, 9 
50859, 9, 9 
14780, 9, 9 
19387, 9, 9 
58898, 9, 9 
12738, 9, 9 
11938, 9, 9 
35824, 9, 9 
11820, 9, 9 
29154, 9, 9 
44104, 9, 9 
36771, 9, 9 
55938, 9, 9 
34790, 9, 9 
24756, 9, 9 
25643, 9, 9 
6514, 9, 9 
19512, 9, 9 
10186, 9, 9 
54449, 9, 9 
24398, 9, 9 
7727, 9, 9 
16137, 9, 9 
19212, 9, 9 
39750, 9, 9 
11001, 9, 9 
55783, 9, 9 
47010, 9, 9 
24911, 9, 9 
24991, 9, 9 
21892, 9, 9 
22458, 9, 9 
3186, 9, 9 
52618, 9, 9 
45625, 9, 9 
50309, 9, 9 
46284, 9, 9 
20677, 9, 9 
33380, 9, 9 
32759, 9, 9 
12305, 9, 9 
31130, 9, 9 
13063, 9, 9 
55850, 9, 9 
3696, 9, 9 
47355, 9, 9 
9428, 9, 9 
20462, 9, 9 
49747, 9, 9 
32068, 9, 9 
20788, 9, 9 
19047, 9, 9 
52030, 9, 9 
764, 9, 9 
33653, 9, 9 
10752, 9, 9 
16878, 9, 9 
57975, 9, 9 
6379, 9, 9 
10443, 9, 9 
55652, 9, 9 
53496, 9, 9 
20444, 9, 9 
59127, 9, 9 
9654, 9, 9 
33360, 9, 9 
21297, 9, 9 
27688, 9, 9 
10028, 9, 9 
49261, 9, 9 
59006, 9, 9 
28113, 9, 9 
56607, 9, 9 
35358, 9, 9 
5918, 9, 9 
974, 9, 9 
2703, 9, 9 
17707, 9, 9 
32316, 9, 9 
19359, 9, 9 
32594, 9, 9 
2274, 9, 9 
49464, 9, 9 
9751, 9, 9 
39179, 9, 9 
6238, 9, 9 
19558, 9, 9 
32959, 9, 9 
14281, 9, 9 
51239, 9, 9 
32304, 9, 9 
48795, 9, 9 
51770, 9, 9 
59164, 9, 9 
4949, 9, 9 
8318, 9, 9 
42557, 9, 9 
30694, 9, 9 
41369, 9, 9 
30623, 9, 9 
22804, 9, 9 
30452, 9, 9 
10819, 9, 9 
28481, 9, 9 
2815, 9, 9 
56577, 9, 9 
13428, 9, 9 
40977, 9, 9 
52123, 9, 9 
15357, 9, 9 
52714, 9, 9 
6838, 9, 9 
29865, 9, 9 
45869, 9, 9 
2793, 9, 9 
25019, 9, 9 
54266, 9, 9 
6518, 9, 9 
3904, 9, 9 
31854, 9, 9 
41040, 9, 9 
49669, 9, 9 
41433, 9, 9 
34063, 9, 9 
27116, 9, 9 
29752, 9, 9 
27273, 9, 9 
3055, 9, 9 
5868, 9, 9 
27839, 9, 9 
34420, 9, 9 
35182, 9, 9 
40167, 9, 9 
6459, 9, 9 
45465, 9, 9 
14247, 9, 9 
1167, 9, 9 
50386, 9, 9 
12646, 9, 9 
2060, 9, 9 
30583, 9, 9 
1643, 9, 9 
47659, 9, 9 
57145, 9, 9 
40499, 9, 9 
34398, 9, 9 
3202, 9, 9 
45784, 9, 9 
3544, 9, 9 
11068, 9, 9 
32848, 9, 9 
28689, 9, 9 
59214, 9, 9 
31394, 9, 9 
38877, 9, 9 
54586, 9, 9 
25824, 9, 9 
14217, 9, 9 
17517, 9, 9 
27277, 9, 9 
31818, 9, 9 
48524, 9, 9 
12272, 9, 9 
37887, 9, 9 
48244, 9, 9 
40666, 9, 9 
54069, 9, 9 
47909, 9, 9 
8467, 9, 9 
37934, 9, 9 
47762, 9, 9 
9503, 9, 9 
43660, 9, 9 
10414, 9, 9 
6092, 9, 9 
28833, 9, 9 
2763, 9, 9 
428, 9, 9 
40994, 9, 9 
58004, 9, 9 
27387, 9, 9 
49549, 9, 9 
31097, 9, 9 
56478, 9, 9 
42516, 9, 9 
34729, 9, 9 
15607, 9, 9 
20513, 9, 9 
46909, 9, 9 
25874, 9, 9 
6993, 9, 9 
525, 9, 9 
30505, 9, 9 
38992, 9, 9 
52270, 9, 9 
55595, 9, 9 
1352, 9, 9 
30845, 9, 9 
641, 9, 9 
23100, 9, 9 
52447, 9, 9 
21897, 9, 9 
53845, 9, 9 
6589, 9, 9 
48804, 9, 9 
6042, 9, 9 
7264, 9, 9 
39911, 9, 9 
12297, 9, 9 
51253, 9, 9 
59024, 9, 9 
6376, 9, 9 
1684, 9, 9 
26586, 9, 9 
15725, 9, 9 
19597, 9, 9 
580, 9, 9 
29012, 9, 9 
14306, 9, 9 
24821, 9, 9 
20900, 9, 9 
19256, 9, 9 
41979, 9, 9 
57452, 9, 9 
24496, 9, 9 
38887, 9, 9 
57896, 9, 9 
35105, 9, 9 
28625, 9, 9 
16522, 9, 9 
38767, 9, 9 
5803, 9, 9 
10539, 9, 9 
16815, 9, 9 
32679, 9, 9 
16117, 9, 9 
58470, 9, 9 
15018, 9, 9 
42500, 9, 9 
29802, 9, 9 
31089, 9, 9 
6661, 9, 9 
10183, 9, 9 
10955, 9, 9 
5106, 9, 9 
56923, 9, 9 
20282, 9, 9 
26513, 9, 9 
50358, 9, 9 
44741, 9, 9 
38204, 9, 9 
45308, 9, 9 
44234, 9, 9 
687, 9, 9 
36043, 9, 9 
50947, 9, 9 
19140, 9, 9 
34753, 9, 9 
43086, 9, 9 
54138, 9, 9 
15602, 9, 9 
29426, 9, 9 
11353, 9, 9 
47403, 9, 9 
22780, 9, 9 
17666, 9, 9 
36500, 9, 9 
58236, 9, 9 
38727, 9, 9 
33597, 9, 9 
35647, 9, 9 
18976, 9, 9 
28368, 9, 9 
27771, 9, 9 
2953, 9, 9 
40145, 9, 9 
2860, 9, 9 
31809, 9, 9 
58422, 9, 9 
21748, 9, 9 
25946, 9, 9 
44547, 9, 9 
13153, 9, 9 
2956, 9, 9 
10576, 9, 9 
1396, 9, 9 
6668, 9, 9 
8998, 9, 9 
46742, 9, 9 
52367, 9, 9 
41817, 9, 9 
10341, 9, 9 
25852, 9, 9 
30099, 9, 9 
45370, 9, 9 
280, 9, 9 
23976, 9, 9 
49740, 9, 9 
55815, 9, 9 
39377, 9, 9 
5341, 9, 9 
17323, 9, 9 
34031, 9, 9 
58542, 9, 9 
5898, 9, 9 
23128, 9, 9 
19616, 9, 9 
49730, 9, 9 
57100, 9, 9 
5523, 9, 9 
27450, 9, 9 
5017, 9, 9 
20001, 9, 9 
33021, 9, 9 
48603, 9, 9 
42870, 9, 9 
22795, 9, 9 
50767, 9, 9 
24927, 9, 9 
34801, 9, 9 
10646, 9, 9 
26822, 9, 9 
46721, 9, 9 
34176, 9, 9 
12914, 9, 9 
12629, 9, 9 
48548, 9, 9 
57432, 9, 9 
43845, 9, 9 
20202, 9, 9 
38230, 9, 9 
30221, 9, 9 
54467, 9, 9 
17347, 9, 9 
48771, 9, 9 
36807, 9, 9 
1036, 9, 9 
30753, 9, 9 
24949, 9, 9 
5645, 9, 9 
14680, 9, 9 
59566, 9, 9 
18241, 9, 9 
34306, 9, 9 
9051, 9, 9 
23016, 9, 9 
18057, 9, 9 
56431, 9, 9 
31840, 9, 9 
46800, 9, 9 
21167, 9, 9 
24594, 9, 9 
25865, 9, 9 
46474, 9, 9 
