id, true label, predicted label 
25420, 0, 0 
9452, 0, 0 
26338, 0, 0 
30699, 0, 0 
27894, 0, 0 
31095, 0, 0 
15675, 0, 0 
7181, 0, 0 
4023, 0, 0 
14276, 0, 0 
59681, 0, 0 
28451, 0, 0 
54608, 0, 0 
40421, 0, 0 
55290, 0, 0 
53537, 0, 0 
50828, 0, 0 
35463, 0, 0 
38123, 0, 0 
4892, 0, 0 
24706, 0, 0 
34623, 0, 0 
6302, 0, 0 
50492, 0, 0 
1963, 0, 0 
55617, 0, 0 
19492, 0, 0 
44276, 0, 0 
34401, 0, 0 
27466, 0, 0 
55408, 0, 0 
20955, 0, 0 
22987, 0, 0 
47599, 0, 0 
15064, 0, 0 
45939, 0, 0 
50256, 0, 0 
10523, 0, 0 
37744, 0, 0 
39376, 0, 0 
8253, 0, 0 
52045, 0, 0 
59840, 0, 0 
29468, 0, 0 
20762, 0, 0 
35660, 0, 0 
33703, 0, 0 
55029, 0, 0 
55993, 0, 0 
37752, 0, 0 
48180, 0, 0 
50628, 0, 0 
24636, 0, 0 
39606, 0, 0 
24075, 0, 0 
28896, 0, 0 
666, 0, 0 
59296, 0, 0 
49310, 0, 0 
4142, 0, 0 
36362, 0, 0 
25729, 0, 0 
30849, 0, 0 
42157, 0, 0 
9773, 0, 0 
41647, 0, 0 
48578, 0, 0 
39955, 0, 0 
32489, 0, 0 
30828, 0, 0 
40218, 0, 0 
59288, 0, 0 
49150, 0, 0 
21132, 0, 0 
57020, 0, 0 
29148, 0, 0 
18893, 0, 0 
43976, 0, 0 
2584, 0, 0 
10195, 0, 0 
10272, 0, 0 
24268, 0, 0 
39620, 0, 0 
3259, 0, 0 
16777, 0, 0 
50539, 0, 0 
952, 0, 0 
25783, 0, 0 
8355, 0, 0 
50813, 0, 0 
11605, 0, 0 
18028, 0, 0 
1596, 0, 0 
3016, 0, 0 
29364, 0, 0 
26731, 0, 0 
43701, 0, 0 
22596, 0, 0 
37678, 0, 0 
40412, 0, 0 
12765, 0, 0 
29067, 0, 0 
11428, 0, 0 
29190, 0, 0 
36318, 0, 0 
43236, 0, 0 
58012, 0, 0 
25092, 0, 1 
58599, 0, 0 
1046, 0, 0 
55967, 0, 0 
48322, 0, 0 
52978, 0, 0 
36116, 0, 0 
52409, 0, 0 
21945, 0, 0 
19074, 0, 0 
48026, 0, 0 
2058, 0, 0 
52766, 0, 0 
7932, 0, 0 
45402, 0, 0 
18868, 0, 0 
32144, 0, 0 
18509, 0, 0 
48612, 0, 0 
26859, 0, 0 
8273, 0, 0 
22757, 0, 0 
31836, 0, 0 
37511, 0, 0 
57659, 0, 0 
15120, 0, 0 
6113, 0, 0 
27281, 0, 0 
59450, 0, 0 
27326, 0, 0 
11133, 0, 0 
1028, 0, 0 
30891, 0, 0 
26457, 0, 0 
612, 0, 0 
54404, 0, 0 
9439, 0, 0 
11071, 0, 0 
31043, 0, 0 
36569, 0, 0 
24346, 0, 0 
58769, 0, 0 
45953, 0, 0 
54012, 0, 0 
33732, 0, 0 
48523, 0, 0 
12266, 0, 0 
29860, 0, 0 
36447, 0, 0 
2147, 0, 0 
45617, 0, 0 
1018, 0, 0 
17314, 0, 0 
37382, 0, 0 
42277, 0, 0 
22882, 0, 0 
52813, 0, 0 
35746, 0, 0 
22245, 0, 0 
21343, 0, 0 
54414, 0, 0 
7409, 0, 0 
15330, 0, 0 
943, 0, 0 
49815, 0, 0 
29488, 0, 0 
48012, 0, 0 
33149, 0, 0 
56651, 0, 0 
16151, 0, 0 
52047, 0, 0 
32514, 0, 0 
34699, 0, 0 
31695, 0, 0 
4245, 0, 0 
28855, 0, 0 
4289, 0, 0 
38228, 0, 0 
58560, 0, 0 
39075, 0, 0 
29056, 0, 0 
34562, 0, 0 
37506, 0, 0 
3882, 0, 0 
16705, 0, 0 
14491, 0, 0 
49124, 0, 0 
10531, 0, 0 
46617, 0, 0 
56450, 0, 0 
49835, 0, 0 
53073, 0, 0 
26881, 0, 0 
51960, 0, 0 
22023, 0, 0 
55152, 0, 0 
53381, 0, 0 
2817, 0, 0 
57686, 0, 0 
6146, 0, 0 
43266, 0, 0 
50208, 0, 0 
55727, 0, 0 
34073, 0, 0 
47902, 0, 0 
29378, 0, 0 
18909, 0, 0 
46680, 0, 0 
43834, 0, 0 
24749, 0, 0 
435, 0, 0 
12095, 0, 0 
12477, 0, 0 
7874, 0, 0 
19686, 0, 0 
57645, 0, 0 
36304, 0, 0 
17655, 0, 0 
15442, 0, 0 
17376, 0, 0 
5674, 0, 0 
40649, 0, 0 
11657, 0, 0 
43884, 0, 0 
28821, 0, 0 
3715, 0, 0 
58492, 0, 0 
28505, 0, 0 
5228, 0, 0 
59249, 0, 0 
55315, 0, 0 
32162, 0, 0 
18055, 0, 0 
40329, 0, 0 
31272, 0, 0 
3884, 0, 0 
53243, 0, 0 
14012, 0, 0 
29102, 0, 0 
17987, 0, 0 
1819, 0, 0 
38663, 0, 0 
39848, 0, 0 
32867, 0, 0 
31657, 0, 0 
37529, 0, 0 
5015, 0, 0 
59541, 0, 0 
58350, 0, 0 
51479, 0, 0 
859, 0, 0 
44730, 0, 0 
39037, 0, 0 
10022, 0, 0 
20863, 0, 0 
2100, 0, 0 
59256, 0, 0 
53212, 0, 0 
50036, 0, 0 
45455, 0, 0 
34514, 0, 0 
19974, 0, 0 
52154, 0, 0 
7978, 0, 0 
22429, 0, 0 
35302, 0, 0 
3143, 0, 0 
21142, 0, 0 
44656, 0, 0 
10128, 0, 0 
10861, 0, 0 
48039, 0, 0 
12184, 0, 0 
52021, 0, 0 
667, 0, 0 
1723, 0, 0 
20349, 0, 0 
52621, 0, 0 
48719, 0, 0 
51464, 0, 0 
33933, 0, 0 
45146, 0, 0 
32493, 0, 0 
33277, 0, 0 
22144, 0, 0 
2975, 0, 0 
13077, 0, 0 
41357, 0, 0 
12670, 0, 0 
37323, 0, 0 
21848, 0, 0 
42362, 0, 0 
49342, 0, 0 
53290, 0, 0 
2718, 0, 0 
2084, 0, 0 
36734, 0, 0 
4607, 0, 0 
57795, 0, 0 
17930, 0, 0 
9402, 0, 0 
14158, 0, 0 
24872, 0, 0 
28923, 0, 0 
5475, 0, 0 
59952, 0, 0 
34036, 0, 0 
30748, 0, 0 
16428, 0, 0 
19180, 0, 0 
46571, 0, 0 
26761, 0, 0 
5342, 0, 0 
22787, 0, 0 
14890, 0, 0 
25386, 0, 0 
37901, 0, 0 
30653, 0, 0 
18073, 0, 0 
49322, 0, 0 
10283, 0, 0 
20060, 0, 0 
15883, 0, 0 
26055, 0, 0 
6207, 0, 0 
6603, 0, 0 
18507, 0, 0 
28816, 0, 0 
52629, 0, 0 
25676, 0, 0 
12195, 0, 0 
31127, 0, 0 
30555, 0, 0 
7786, 0, 0 
15770, 0, 0 
21620, 0, 0 
27427, 0, 0 
3410, 0, 0 
2606, 0, 0 
34457, 0, 0 
46980, 0, 0 
33389, 0, 0 
44796, 0, 0 
44103, 0, 0 
4485, 0, 0 
28452, 0, 0 
1495, 0, 0 
11269, 0, 0 
54121, 0, 0 
7664, 0, 0 
7062, 0, 0 
45840, 0, 0 
22981, 0, 0 
25039, 0, 0 
49110, 0, 0 
23104, 0, 0 
52312, 0, 0 
16402, 0, 0 
56989, 0, 0 
36874, 0, 0 
5010, 0, 0 
2919, 0, 0 
41318, 0, 0 
56522, 0, 0 
34014, 0, 0 
30123, 0, 0 
12360, 0, 0 
59547, 0, 0 
9440, 0, 0 
41358, 0, 0 
17508, 0, 0 
7925, 0, 0 
1798, 0, 0 
8489, 0, 0 
34262, 0, 0 
11116, 0, 0 
31194, 0, 0 
21266, 0, 0 
55354, 0, 0 
2403, 0, 0 
11845, 0, 0 
59755, 0, 0 
23891, 0, 0 
52558, 0, 0 
440, 0, 0 
26422, 0, 0 
39363, 0, 0 
34730, 0, 0 
53085, 0, 0 
17304, 0, 0 
5083, 0, 0 
40217, 0, 0 
32009, 0, 0 
24072, 0, 0 
13464, 0, 0 
28818, 0, 0 
28895, 0, 0 
18505, 0, 0 
22603, 0, 0 
18371, 0, 0 
15480, 0, 0 
41570, 0, 0 
56, 0, 0 
23380, 0, 0 
12686, 0, 0 
31490, 0, 0 
9865, 0, 0 
7882, 0, 0 
43216, 0, 0 
43229, 0, 0 
44703, 0, 0 
633, 0, 0 
34296, 0, 0 
47704, 0, 0 
18989, 0, 0 
26999, 0, 0 
56352, 0, 0 
542, 0, 0 
27638, 0, 0 
7981, 0, 0 
11172, 0, 0 
11541, 0, 0 
36138, 0, 0 
52161, 0, 0 
37052, 0, 0 
53118, 0, 0 
15704, 0, 0 
4642, 0, 0 
21612, 0, 0 
50485, 0, 0 
14897, 0, 0 
15015, 0, 0 
55487, 0, 0 
35800, 0, 0 
10237, 0, 0 
11833, 0, 0 
57003, 0, 0 
59051, 0, 0 
7164, 0, 0 
10488, 0, 0 
57041, 0, 0 
21975, 0, 0 
40746, 0, 0 
5053, 0, 0 
2257, 0, 0 
30929, 0, 0 
35973, 0, 0 
12888, 0, 0 
40457, 0, 0 
37937, 0, 0 
34737, 0, 0 
48742, 0, 0 
19744, 0, 0 
12947, 0, 0 
32131, 0, 0 
7037, 0, 0 
29262, 0, 0 
14153, 0, 0 
9695, 0, 0 
9688, 0, 0 
3906, 0, 0 
58694, 0, 0 
5560, 0, 0 
43463, 0, 0 
48284, 0, 0 
8449, 0, 0 
41856, 0, 0 
32951, 0, 0 
26427, 0, 0 
16323, 0, 0 
5627, 0, 0 
32274, 0, 0 
54620, 0, 0 
42925, 0, 0 
12872, 0, 0 
3049, 0, 0 
15524, 0, 0 
49331, 0, 0 
2218, 0, 0 
50072, 0, 0 
21215, 0, 0 
29205, 0, 0 
51478, 0, 0 
4201, 0, 0 
14530, 0, 0 
51466, 0, 0 
13097, 0, 0 
10914, 0, 0 
55254, 0, 0 
119, 0, 0 
11379, 0, 0 
44399, 0, 0 
13730, 0, 0 
24168, 1, 1 
52174, 1, 1 
17669, 1, 1 
33084, 1, 1 
44198, 1, 1 
26827, 1, 1 
51277, 1, 1 
29901, 1, 1 
10157, 1, 1 
33398, 1, 1 
11760, 1, 1 
13283, 1, 1 
24470, 1, 1 
31911, 1, 1 
41487, 1, 1 
34282, 1, 1 
29849, 1, 1 
2326, 1, 1 
37809, 1, 1 
13643, 1, 1 
55067, 1, 1 
113, 1, 1 
13985, 1, 1 
24888, 1, 1 
25441, 1, 1 
18545, 1, 1 
52887, 1, 1 
27677, 1, 1 
22868, 1, 1 
2188, 1, 1 
1081, 1, 1 
41744, 1, 1 
7020, 1, 1 
57473, 1, 1 
42102, 1, 1 
22831, 1, 1 
51287, 1, 1 
43553, 1, 1 
13882, 1, 1 
4441, 1, 1 
55523, 1, 1 
40525, 1, 1 
7788, 1, 1 
14353, 1, 1 
39102, 1, 1 
58082, 1, 1 
47063, 1, 1 
10404, 1, 1 
54380, 1, 1 
31870, 1, 1 
9735, 1, 1 
45229, 1, 1 
43006, 1, 1 
25540, 1, 1 
52078, 1, 1 
22582, 1, 1 
37285, 1, 1 
6698, 1, 1 
5840, 1, 1 
28090, 1, 1 
45795, 1, 1 
29673, 1, 1 
16447, 1, 1 
30171, 1, 1 
35657, 1, 1 
8445, 1, 1 
41536, 1, 1 
3393, 1, 1 
8491, 1, 1 
51206, 1, 1 
10123, 1, 1 
48395, 1, 1 
37618, 1, 1 
42260, 1, 1 
50103, 1, 1 
45974, 1, 1 
6586, 1, 1 
19446, 1, 1 
59832, 1, 1 
39041, 1, 1 
34263, 1, 1 
3546, 1, 1 
15803, 1, 1 
17262, 1, 1 
10601, 1, 1 
14466, 1, 1 
50572, 1, 1 
58963, 1, 1 
10692, 1, 1 
8194, 1, 1 
17151, 1, 1 
44038, 1, 1 
37607, 1, 1 
47830, 1, 1 
12399, 1, 1 
14509, 1, 1 
20884, 1, 1 
34206, 1, 1 
57101, 1, 1 
44966, 1, 1 
57613, 1, 1 
53427, 1, 1 
17846, 1, 1 
41332, 1, 1 
34679, 1, 1 
27558, 1, 1 
26598, 1, 1 
57888, 1, 1 
8032, 1, 1 
26578, 1, 1 
30261, 1, 1 
13392, 1, 1 
46437, 1, 1 
31663, 1, 1 
2619, 1, 1 
24631, 1, 1 
2843, 1, 1 
49860, 1, 1 
53162, 1, 1 
45900, 1, 1 
57740, 1, 1 
14846, 1, 1 
27895, 1, 1 
20749, 1, 1 
29125, 1, 1 
29447, 1, 1 
23762, 1, 1 
25596, 1, 1 
47880, 1, 1 
24293, 1, 1 
10239, 1, 1 
52872, 1, 1 
18393, 1, 1 
54876, 1, 1 
40219, 1, 1 
53939, 1, 1 
41360, 1, 1 
59052, 1, 1 
36030, 1, 1 
17012, 1, 1 
269, 1, 1 
54182, 1, 1 
14408, 1, 1 
9942, 1, 1 
13947, 1, 1 
59289, 1, 1 
26009, 1, 1 
20838, 1, 1 
40770, 1, 1 
7553, 1, 1 
3120, 1, 1 
53040, 1, 1 
2776, 1, 1 
42351, 1, 1 
23862, 1, 1 
35990, 1, 1 
49932, 1, 1 
14992, 1, 1 
16608, 1, 1 
30639, 1, 1 
43746, 1, 1 
15099, 1, 1 
58266, 1, 1 
26445, 1, 1 
41986, 1, 1 
1699, 1, 1 
28979, 1, 1 
18886, 1, 1 
53746, 1, 1 
18912, 1, 1 
36551, 1, 1 
53147, 1, 1 
13835, 1, 1 
31048, 1, 1 
27572, 1, 1 
58567, 1, 1 
5571, 1, 1 
32447, 1, 1 
15277, 1, 1 
48027, 1, 1 
54019, 1, 1 
23176, 1, 1 
18176, 1, 1 
18384, 1, 1 
20845, 1, 1 
34008, 1, 1 
38831, 1, 1 
36738, 1, 1 
41209, 1, 1 
37624, 1, 1 
46012, 1, 1 
22644, 1, 1 
35436, 1, 1 
16651, 1, 1 
38207, 1, 1 
4979, 1, 1 
8542, 1, 1 
53341, 1, 1 
14298, 1, 1 
39095, 1, 1 
26746, 1, 1 
35389, 1, 1 
16944, 1, 1 
57192, 1, 1 
9734, 1, 1 
25981, 1, 1 
17782, 1, 1 
5204, 1, 1 
1287, 1, 1 
31529, 1, 1 
58493, 1, 1 
15044, 1, 1 
5305, 1, 1 
2547, 1, 1 
33326, 1, 1 
19671, 1, 1 
53833, 1, 1 
47434, 1, 1 
46334, 1, 1 
13584, 1, 1 
26780, 1, 1 
48454, 1, 1 
14929, 1, 1 
18372, 1, 1 
15578, 1, 1 
42460, 1, 1 
47222, 1, 1 
552, 1, 1 
33628, 1, 1 
59207, 1, 1 
20686, 1, 1 
26175, 1, 1 
35270, 1, 1 
25324, 1, 1 
43905, 1, 1 
8602, 1, 1 
25812, 1, 1 
13700, 1, 1 
44113, 1, 1 
12885, 1, 1 
40196, 1, 1 
23857, 1, 1 
5234, 1, 1 
4813, 1, 1 
38840, 1, 1 
12212, 1, 1 
56902, 1, 1 
10933, 1, 1 
9902, 1, 1 
42113, 1, 1 
3226, 1, 1 
671, 1, 1 
13470, 1, 1 
40884, 1, 1 
4865, 1, 1 
41076, 1, 1 
38968, 1, 1 
835, 1, 1 
4237, 1, 1 
1051, 1, 1 
36608, 1, 1 
38303, 1, 1 
29278, 1, 1 
54580, 1, 1 
34777, 1, 1 
33458, 1, 1 
28743, 1, 1 
53816, 1, 1 
9332, 1, 1 
6834, 1, 1 
35942, 1, 1 
53436, 1, 1 
4566, 1, 1 
38707, 1, 1 
44431, 1, 1 
3605, 1, 1 
6647, 1, 1 
52395, 1, 1 
12318, 1, 1 
22914, 1, 1 
46792, 1, 1 
17394, 1, 1 
48896, 1, 1 
47709, 1, 1 
52654, 1, 1 
33354, 1, 1 
13398, 1, 1 
25447, 1, 1 
36968, 1, 1 
17225, 1, 1 
48456, 1, 1 
42380, 1, 1 
52878, 1, 1 
33985, 1, 1 
41474, 1, 1 
12056, 1, 1 
28484, 1, 1 
34158, 1, 1 
38463, 1, 1 
37286, 1, 1 
59882, 1, 1 
40635, 1, 1 
2318, 1, 1 
25785, 1, 1 
21594, 1, 1 
51594, 1, 1 
47868, 1, 1 
10318, 1, 1 
535, 1, 1 
8422, 1, 1 
14701, 1, 1 
51436, 1, 1 
41596, 1, 1 
42837, 1, 1 
52731, 1, 1 
47187, 1, 1 
24136, 1, 1 
59616, 1, 1 
41897, 1, 1 
42279, 1, 1 
58576, 1, 1 
35278, 1, 1 
10458, 1, 1 
484, 1, 1 
18541, 1, 1 
49964, 1, 1 
6070, 1, 1 
55988, 1, 1 
46840, 1, 1 
54543, 1, 1 
6083, 1, 1 
34337, 1, 1 
58368, 1, 1 
21737, 1, 1 
40664, 1, 1 
49395, 1, 1 
26376, 1, 1 
11982, 1, 1 
54544, 1, 1 
2446, 1, 1 
57780, 1, 1 
18492, 1, 1 
32358, 1, 1 
34889, 1, 1 
11533, 1, 1 
5930, 1, 1 
44967, 1, 1 
23160, 1, 1 
23318, 1, 1 
13711, 1, 1 
58672, 1, 1 
58618, 1, 1 
26250, 1, 1 
31366, 1, 1 
12971, 1, 1 
11537, 1, 1 
3456, 1, 1 
15989, 1, 1 
45996, 1, 1 
35487, 1, 1 
53599, 1, 1 
33799, 1, 1 
36535, 1, 1 
33596, 1, 1 
920, 1, 1 
24175, 1, 1 
48908, 1, 1 
56717, 1, 1 
17402, 1, 1 
40098, 1, 1 
37564, 1, 1 
51493, 1, 1 
48099, 1, 1 
8934, 1, 1 
34884, 1, 1 
44446, 1, 1 
19304, 1, 1 
53405, 1, 1 
35266, 1, 1 
11405, 1, 1 
58155, 1, 1 
20465, 1, 1 
46103, 1, 1 
23291, 1, 1 
14375, 1, 1 
41640, 1, 1 
17367, 1, 1 
32612, 1, 1 
6411, 1, 1 
20322, 1, 1 
41542, 1, 1 
24628, 1, 1 
59044, 1, 1 
14571, 1, 1 
1365, 1, 1 
56851, 1, 1 
25057, 1, 1 
42393, 1, 1 
39328, 1, 1 
11093, 1, 1 
33396, 1, 1 
51631, 1, 1 
59460, 1, 1 
13875, 1, 1 
16545, 1, 1 
52492, 1, 1 
22671, 1, 1 
6384, 1, 1 
44131, 1, 1 
2134, 1, 1 
58056, 1, 1 
37563, 1, 1 
19640, 1, 1 
23037, 1, 1 
3962, 1, 1 
14181, 1, 1 
32824, 1, 1 
47638, 1, 1 
18182, 1, 1 
38272, 1, 1 
54485, 1, 1 
39622, 1, 1 
24737, 1, 1 
54059, 1, 1 
2692, 1, 1 
59176, 1, 1 
44813, 1, 1 
20070, 1, 1 
23348, 1, 1 
6413, 1, 1 
46725, 1, 1 
55901, 1, 1 
27875, 1, 1 
18958, 1, 1 
57865, 1, 1 
37014, 1, 1 
35862, 1, 1 
17599, 1, 1 
7060, 1, 1 
40983, 1, 1 
36037, 1, 1 
38750, 1, 1 
3926, 1, 1 
10169, 1, 1 
54094, 1, 1 
6419, 1, 1 
28922, 1, 1 
39012, 1, 1 
51563, 1, 1 
17965, 1, 1 
40879, 1, 1 
8112, 1, 1 
43446, 1, 1 
52359, 1, 1 
19070, 1, 1 
36992, 1, 1 
22120, 1, 1 
35399, 1, 1 
16887, 1, 1 
8625, 1, 1 
58741, 1, 1 
5814, 1, 1 
38684, 1, 1 
38868, 1, 1 
56912, 1, 1 
7729, 1, 1 
35995, 1, 1 
33377, 1, 1 
276, 1, 1 
30963, 1, 1 
49592, 1, 1 
27759, 1, 1 
58361, 1, 1 
24711, 1, 1 
31058, 1, 1 
32823, 1, 1 
12824, 1, 1 
23973, 1, 1 
47702, 1, 1 
49899, 1, 1 
37441, 1, 1 
50501, 1, 1 
14560, 1, 1 
39594, 1, 1 
52562, 1, 1 
18270, 1, 1 
46801, 1, 1 
32038, 1, 1 
44891, 1, 1 
44482, 1, 1 
42015, 1, 1 
50404, 1, 1 
44047, 1, 1 
8351, 1, 1 
593, 1, 1 
20064, 1, 1 
16278, 1, 1 
48650, 1, 1 
11561, 1, 1 
780, 1, 1 
47603, 2, 2 
42958, 2, 2 
53733, 2, 2 
15650, 2, 2 
21959, 2, 2 
34643, 2, 2 
3413, 2, 2 
51642, 2, 2 
26932, 2, 2 
27935, 2, 2 
15137, 2, 2 
36485, 2, 2 
16140, 2, 2 
57632, 2, 2 
10535, 2, 2 
4165, 2, 2 
45158, 2, 2 
55508, 2, 2 
52684, 2, 2 
47508, 2, 2 
54541, 2, 2 
32485, 2, 2 
45378, 2, 2 
59410, 2, 2 
32435, 2, 2 
23957, 2, 2 
2733, 2, 2 
46708, 2, 2 
47460, 2, 2 
30420, 2, 2 
52188, 2, 2 
7428, 2, 2 
54613, 2, 2 
57859, 2, 2 
5171, 2, 2 
18776, 2, 2 
268, 2, 2 
59374, 2, 2 
10317, 2, 2 
58502, 2, 2 
48220, 2, 2 
52695, 2, 2 
17080, 2, 2 
2875, 2, 2 
55209, 2, 2 
3589, 2, 2 
28630, 2, 2 
12861, 2, 2 
55816, 2, 2 
9939, 2, 2 
41340, 2, 2 
47999, 2, 2 
19245, 2, 2 
4086, 2, 2 
34745, 2, 2 
39663, 2, 2 
47393, 2, 2 
56340, 2, 2 
47534, 2, 2 
16697, 2, 2 
19450, 2, 2 
18003, 2, 2 
22701, 2, 2 
40607, 2, 2 
23675, 2, 2 
14484, 2, 2 
32057, 2, 2 
31884, 2, 2 
56083, 2, 2 
22395, 2, 2 
25516, 2, 2 
21251, 2, 2 
15185, 2, 2 
41217, 2, 2 
23764, 2, 2 
17353, 2, 2 
40053, 2, 2 
37083, 2, 2 
19466, 2, 2 
24968, 2, 2 
35970, 2, 2 
43546, 2, 2 
24303, 2, 2 
54553, 2, 2 
58323, 2, 2 
28842, 2, 2 
58811, 2, 2 
20382, 2, 2 
18323, 2, 2 
13914, 2, 2 
3006, 2, 2 
43576, 2, 2 
55692, 2, 2 
21852, 2, 2 
36187, 2, 2 
57439, 2, 2 
49074, 2, 2 
6126, 2, 2 
41651, 2, 2 
59333, 2, 2 
38679, 2, 2 
42926, 2, 2 
37435, 2, 2 
20065, 2, 2 
4212, 2, 2 
10824, 2, 2 
37007, 2, 2 
410, 2, 2 
21615, 2, 2 
25136, 2, 2 
21023, 2, 2 
38170, 2, 2 
59290, 2, 2 
38784, 2, 2 
3813, 2, 2 
34201, 2, 2 
24035, 2, 2 
20395, 2, 2 
25564, 2, 2 
53034, 2, 2 
59177, 2, 2 
3224, 2, 2 
37504, 2, 2 
18547, 2, 2 
10308, 2, 2 
31757, 2, 2 
39959, 2, 2 
57319, 2, 2 
8599, 2, 2 
12808, 2, 2 
50691, 2, 2 
27614, 2, 2 
25548, 2, 2 
45906, 2, 2 
39342, 2, 2 
29904, 2, 2 
7313, 2, 2 
21683, 2, 2 
23578, 2, 2 
15466, 2, 2 
45964, 2, 2 
16527, 2, 2 
55559, 2, 2 
44166, 2, 2 
2022, 2, 2 
46377, 2, 2 
31221, 2, 2 
13535, 2, 2 
16294, 2, 2 
54145, 2, 2 
7942, 2, 2 
19345, 2, 2 
50986, 2, 2 
55789, 2, 2 
22026, 2, 2 
6933, 2, 2 
1987, 2, 2 
36209, 2, 2 
15270, 2, 2 
53013, 2, 2 
10920, 2, 2 
2402, 2, 2 
55749, 2, 2 
4051, 2, 2 
29351, 2, 2 
20265, 2, 2 
12474, 2, 2 
38509, 2, 2 
45306, 2, 2 
50479, 2, 2 
22278, 2, 2 
931, 2, 2 
18850, 2, 2 
25138, 2, 2 
9371, 2, 2 
42001, 2, 2 
28189, 2, 2 
24425, 2, 2 
57478, 2, 2 
42814, 2, 2 
7432, 2, 2 
5928, 2, 2 
16472, 2, 2 
35678, 2, 2 
12582, 2, 2 
3642, 2, 2 
38401, 2, 2 
22922, 2, 2 
30724, 2, 2 
23080, 2, 2 
14468, 2, 2 
42328, 2, 2 
43294, 2, 2 
42223, 2, 2 
642, 2, 2 
29413, 2, 2 
5397, 2, 2 
51241, 2, 2 
30769, 2, 2 
21638, 2, 2 
45531, 2, 2 
44021, 2, 2 
23310, 2, 2 
19680, 2, 2 
36875, 2, 2 
57908, 2, 2 
1648, 2, 2 
53390, 2, 2 
32634, 2, 2 
21366, 2, 2 
13039, 2, 2 
29050, 2, 2 
28285, 2, 2 
47238, 2, 2 
13774, 2, 2 
50449, 2, 2 
38527, 2, 2 
34856, 2, 2 
1649, 2, 2 
30872, 2, 2 
3077, 2, 2 
2004, 2, 2 
18489, 2, 2 
15799, 2, 2 
12620, 2, 2 
49247, 2, 2 
41966, 2, 2 
32024, 2, 2 
42135, 2, 2 
31360, 2, 2 
15573, 2, 2 
36127, 2, 2 
45745, 2, 2 
8473, 2, 2 
30865, 2, 2 
21436, 2, 2 
30993, 2, 2 
5845, 2, 2 
39074, 2, 2 
59672, 2, 2 
54682, 2, 2 
15418, 2, 2 
11443, 2, 2 
4437, 2, 2 
51435, 2, 2 
42168, 2, 2 
50368, 2, 2 
40289, 2, 2 
46921, 2, 2 
13818, 2, 2 
13585, 2, 2 
24876, 2, 2 
42142, 2, 2 
42491, 2, 2 
25700, 2, 2 
16183, 2, 2 
42219, 2, 2 
28932, 2, 2 
3300, 2, 2 
30492, 2, 2 
23364, 2, 2 
30569, 2, 2 
14510, 2, 2 
39708, 2, 2 
50487, 2, 2 
11193, 2, 2 
693, 2, 2 
59985, 2, 2 
50287, 2, 2 
56361, 2, 2 
58728, 2, 2 
50773, 2, 2 
31813, 2, 2 
26093, 2, 2 
51575, 2, 2 
2908, 2, 2 
22027, 2, 2 
34087, 2, 2 
20517, 2, 2 
45130, 2, 2 
36423, 2, 2 
29466, 2, 2 
48443, 2, 2 
54128, 2, 2 
53522, 2, 2 
53709, 2, 2 
39168, 2, 2 
52975, 2, 2 
45203, 2, 2 
43441, 2, 2 
13374, 2, 2 
37427, 2, 2 
3934, 2, 2 
38839, 2, 2 
12461, 2, 2 
7587, 2, 2 
50705, 2, 2 
42830, 2, 2 
27162, 2, 2 
32475, 2, 2 
22606, 2, 2 
4442, 2, 2 
2065, 2, 2 
171, 2, 2 
57976, 2, 2 
6273, 2, 2 
59422, 2, 2 
40985, 2, 2 
43642, 2, 2 
14132, 2, 2 
43032, 2, 2 
50913, 2, 2 
22958, 2, 2 
53029, 2, 2 
36543, 2, 2 
57583, 2, 2 
6515, 2, 2 
4446, 2, 2 
1754, 2, 2 
35220, 2, 2 
11230, 2, 2 
59732, 2, 2 
47408, 2, 2 
31773, 2, 2 
57096, 2, 2 
1753, 2, 2 
49148, 2, 2 
33120, 2, 2 
32654, 2, 2 
15823, 2, 2 
31056, 2, 2 
52549, 2, 2 
50953, 2, 2 
31665, 2, 2 
55001, 2, 2 
54805, 2, 2 
24695, 2, 2 
6105, 2, 2 
49782, 2, 2 
42539, 2, 2 
11251, 2, 2 
57446, 2, 2 
40027, 2, 2 
46951, 2, 2 
13984, 2, 2 
15228, 2, 2 
10279, 2, 2 
28920, 2, 2 
18213, 2, 2 
54511, 2, 2 
7146, 2, 2 
52812, 2, 2 
20679, 2, 2 
31493, 2, 2 
21857, 2, 2 
58771, 2, 2 
8460, 2, 2 
5400, 2, 2 
52841, 2, 2 
36978, 2, 2 
14508, 2, 2 
19632, 2, 2 
10300, 2, 2 
17070, 2, 2 
46707, 2, 2 
42138, 2, 2 
43495, 2, 2 
11795, 2, 2 
9725, 2, 2 
10122, 2, 2 
24881, 2, 2 
10959, 2, 2 
3176, 2, 2 
3244, 2, 2 
53884, 2, 2 
233, 2, 2 
24360, 2, 2 
42319, 2, 2 
15845, 2, 2 
25122, 2, 2 
35137, 2, 2 
18097, 2, 2 
21528, 2, 2 
3917, 2, 2 
58868, 2, 2 
1213, 2, 2 
1972, 2, 2 
2517, 2, 2 
30816, 2, 2 
51589, 2, 2 
54110, 2, 2 
23610, 2, 2 
52784, 2, 2 
50105, 2, 2 
9736, 2, 2 
39488, 2, 2 
32949, 2, 2 
26733, 2, 2 
46447, 2, 2 
53837, 2, 2 
27810, 2, 2 
2104, 2, 2 
24098, 2, 2 
3582, 2, 2 
9546, 2, 2 
22341, 2, 2 
35344, 2, 2 
40090, 2, 2 
11491, 2, 2 
5815, 2, 2 
55528, 2, 2 
39597, 2, 2 
32845, 2, 2 
16895, 2, 2 
21493, 2, 2 
5867, 2, 2 
38256, 2, 2 
35138, 2, 2 
45819, 2, 2 
3166, 2, 2 
6348, 2, 2 
41489, 2, 2 
19587, 2, 2 
44495, 2, 2 
4005, 2, 2 
8154, 2, 2 
2450, 2, 2 
50695, 2, 2 
10502, 2, 2 
39507, 2, 2 
2342, 2, 2 
8878, 2, 2 
12361, 2, 2 
44424, 2, 2 
59797, 2, 2 
2457, 2, 2 
47467, 2, 2 
33644, 2, 2 
15846, 2, 2 
42821, 2, 2 
5733, 2, 2 
25632, 2, 2 
29043, 2, 2 
44133, 2, 2 
25571, 2, 2 
53658, 2, 2 
27680, 2, 2 
5166, 2, 2 
47375, 2, 2 
38652, 2, 2 
23026, 2, 2 
39921, 2, 2 
25281, 2, 2 
49381, 2, 2 
48178, 2, 2 
2472, 2, 2 
57624, 2, 2 
29355, 2, 2 
37957, 2, 2 
15948, 2, 2 
30705, 2, 2 
47155, 2, 2 
30054, 2, 2 
32561, 2, 2 
56901, 2, 2 
41141, 2, 2 
50722, 2, 2 
51702, 2, 2 
10603, 2, 2 
51884, 2, 2 
53237, 2, 2 
12447, 2, 2 
44591, 2, 2 
55228, 2, 2 
56065, 2, 2 
23916, 2, 2 
43874, 2, 2 
21006, 2, 2 
39249, 2, 2 
35630, 2, 2 
24124, 2, 2 
50756, 2, 2 
44374, 2, 2 
44195, 2, 2 
42741, 2, 2 
19229, 2, 2 
2184, 2, 2 
23887, 2, 2 
444, 2, 2 
54556, 2, 2 
50962, 2, 2 
57619, 2, 2 
54318, 2, 2 
9258, 2, 2 
19999, 2, 2 
17697, 2, 2 
37489, 2, 2 
23355, 2, 2 
27736, 2, 2 
17039, 2, 2 
15437, 3, 3 
35122, 3, 3 
17787, 3, 3 
10865, 3, 3 
18299, 3, 3 
39804, 3, 3 
41639, 3, 3 
58812, 3, 3 
7767, 3, 3 
18363, 3, 3 
5736, 3, 3 
42398, 3, 3 
51106, 3, 3 
20192, 3, 3 
58343, 3, 3 
35703, 3, 3 
28841, 3, 3 
57131, 3, 3 
38495, 3, 3 
58667, 3, 3 
11929, 3, 3 
6894, 3, 3 
14577, 3, 3 
54849, 3, 3 
24501, 3, 3 
14026, 3, 3 
10760, 3, 3 
23563, 3, 3 
23799, 3, 3 
49431, 3, 3 
45862, 3, 3 
24870, 3, 3 
50671, 3, 3 
19921, 3, 3 
7784, 3, 3 
20439, 3, 3 
23412, 3, 3 
49882, 3, 3 
17189, 3, 3 
32975, 3, 3 
53225, 3, 3 
40866, 3, 3 
35195, 3, 3 
45612, 3, 3 
10415, 3, 3 
52816, 3, 3 
12109, 3, 3 
6750, 3, 3 
11951, 3, 3 
58113, 3, 3 
24651, 3, 3 
34605, 3, 3 
39907, 3, 3 
5970, 3, 3 
46079, 3, 3 
15930, 3, 3 
9183, 3, 3 
33722, 3, 3 
11619, 3, 3 
11011, 3, 3 
42735, 3, 3 
15109, 3, 3 
48091, 3, 3 
47245, 3, 3 
15022, 3, 3 
42140, 3, 3 
6825, 3, 3 
843, 3, 3 
5001, 3, 3 
12527, 3, 3 
2760, 3, 3 
9797, 3, 3 
14736, 3, 3 
31631, 3, 3 
36082, 3, 3 
59318, 3, 3 
9868, 3, 3 
13906, 3, 3 
17646, 3, 3 
9561, 3, 3 
19736, 3, 3 
51462, 3, 3 
46709, 3, 3 
8528, 3, 3 
42777, 3, 3 
33649, 3, 3 
22963, 3, 3 
58664, 3, 3 
37540, 3, 3 
35631, 3, 3 
21428, 3, 3 
32847, 3, 3 
14087, 3, 3 
13488, 3, 3 
32850, 3, 3 
49586, 3, 3 
10125, 3, 3 
55592, 3, 3 
22459, 3, 3 
11031, 3, 3 
35765, 3, 3 
40520, 3, 3 
32330, 3, 3 
30986, 3, 3 
38859, 3, 3 
6945, 3, 3 
40490, 3, 3 
39704, 3, 3 
57909, 3, 3 
26488, 3, 3 
42794, 3, 3 
26724, 3, 3 
57312, 3, 3 
11053, 3, 3 
29415, 3, 3 
9303, 3, 3 
57804, 3, 3 
17629, 3, 3 
8115, 3, 3 
29889, 3, 3 
29104, 3, 3 
30813, 3, 3 
21149, 3, 3 
51998, 3, 3 
23731, 3, 3 
18814, 3, 3 
49183, 3, 3 
38166, 3, 3 
29671, 3, 3 
11777, 3, 3 
2087, 3, 3 
57717, 3, 3 
58067, 3, 3 
57300, 3, 3 
33587, 3, 3 
27435, 3, 3 
51376, 3, 3 
57801, 3, 3 
45642, 3, 3 
27238, 3, 3 
43330, 3, 3 
3941, 3, 3 
28374, 3, 3 
8055, 3, 3 
9403, 3, 3 
45008, 3, 3 
26732, 3, 3 
36409, 3, 3 
34018, 3, 3 
13285, 3, 3 
51768, 3, 3 
59461, 3, 3 
26593, 3, 3 
39066, 3, 3 
40184, 3, 3 
45781, 3, 3 
57533, 3, 3 
34089, 3, 3 
43717, 3, 3 
26057, 3, 3 
30090, 3, 3 
52386, 3, 3 
34219, 3, 3 
47539, 3, 3 
17715, 3, 3 
35155, 3, 3 
23672, 3, 3 
11513, 3, 3 
56574, 3, 3 
13740, 3, 3 
47217, 3, 3 
44477, 3, 3 
7156, 3, 3 
98, 3, 3 
15968, 3, 3 
19302, 3, 3 
34396, 3, 3 
47594, 3, 3 
54074, 3, 3 
38445, 3, 3 
57401, 3, 3 
21341, 3, 3 
39566, 3, 3 
57771, 3, 3 
10880, 3, 3 
7832, 3, 3 
25409, 3, 3 
46834, 3, 3 
6175, 3, 3 
51970, 3, 3 
32610, 3, 3 
42627, 3, 3 
26013, 3, 3 
49324, 3, 3 
28171, 3, 3 
58822, 3, 3 
18895, 3, 3 
878, 3, 3 
41337, 3, 3 
9424, 3, 3 
48788, 3, 3 
42971, 3, 3 
25809, 3, 3 
24271, 3, 3 
29602, 3, 3 
41378, 3, 3 
39317, 3, 3 
18924, 3, 3 
54782, 3, 3 
47881, 3, 3 
26975, 3, 3 
55093, 3, 3 
34862, 3, 3 
52601, 3, 3 
13142, 3, 3 
50735, 3, 3 
27670, 3, 3 
53357, 3, 3 
23024, 3, 3 
21209, 3, 3 
57166, 3, 3 
58406, 3, 3 
34622, 3, 3 
34893, 3, 3 
48628, 3, 3 
8830, 3, 3 
51257, 3, 3 
51915, 3, 3 
3404, 3, 3 
3178, 3, 3 
22767, 3, 3 
58298, 3, 3 
57635, 3, 3 
41010, 3, 3 
33169, 3, 3 
56006, 3, 3 
54858, 3, 3 
47720, 3, 3 
48233, 3, 3 
46409, 3, 3 
49378, 3, 3 
29701, 3, 3 
27160, 3, 3 
50214, 3, 3 
20259, 3, 3 
35803, 3, 3 
8494, 3, 3 
47520, 3, 3 
24063, 3, 3 
34390, 3, 3 
50045, 3, 3 
5942, 3, 3 
39851, 3, 3 
13109, 3, 3 
10953, 3, 3 
24145, 3, 3 
50560, 3, 3 
47192, 3, 3 
56921, 3, 3 
17574, 3, 3 
8568, 3, 3 
37928, 3, 3 
17491, 3, 3 
52227, 3, 3 
24369, 3, 3 
57468, 3, 3 
35954, 3, 3 
42178, 3, 3 
35366, 3, 3 
59480, 3, 3 
46442, 3, 3 
17318, 3, 3 
16296, 3, 3 
17575, 3, 3 
43064, 3, 3 
24850, 3, 3 
27786, 3, 3 
58747, 3, 3 
4256, 3, 3 
42423, 3, 3 
38193, 3, 3 
13707, 3, 3 
59383, 3, 3 
44729, 3, 3 
57781, 3, 3 
21328, 3, 3 
7367, 3, 3 
54977, 3, 3 
45854, 3, 3 
55771, 3, 3 
53923, 3, 3 
1533, 3, 3 
24680, 3, 3 
56528, 3, 3 
51543, 3, 3 
2632, 3, 3 
46692, 3, 3 
25880, 3, 3 
4179, 3, 3 
25867, 3, 3 
51063, 3, 3 
14624, 3, 3 
55139, 3, 3 
32017, 3, 3 
5097, 3, 3 
26364, 3, 3 
8541, 3, 3 
58924, 3, 3 
5412, 3, 3 
20201, 3, 3 
16584, 3, 3 
4339, 3, 3 
49966, 3, 3 
5858, 3, 3 
37022, 3, 3 
8729, 3, 3 
13445, 3, 3 
50337, 3, 3 
54706, 3, 3 
41471, 3, 3 
30241, 3, 3 
44112, 3, 3 
19445, 3, 3 
32223, 3, 3 
55257, 3, 3 
7214, 3, 3 
39871, 3, 3 
50470, 3, 3 
41171, 3, 3 
27651, 3, 3 
10011, 3, 3 
50775, 3, 3 
40532, 3, 3 
15474, 3, 3 
10606, 3, 3 
58001, 3, 3 
48431, 3, 3 
36248, 3, 3 
11441, 3, 3 
9037, 3, 3 
24307, 3, 3 
20965, 3, 3 
43067, 3, 3 
27518, 3, 3 
4235, 3, 3 
39836, 3, 3 
28441, 3, 3 
45586, 3, 3 
20615, 3, 3 
13332, 3, 3 
30375, 3, 3 
27279, 3, 3 
56198, 3, 3 
35984, 3, 3 
51571, 3, 3 
38066, 3, 3 
46403, 3, 3 
21606, 3, 3 
31949, 3, 3 
27173, 3, 3 
16427, 3, 3 
2468, 3, 3 
9080, 3, 3 
58564, 3, 3 
55050, 3, 3 
50481, 3, 3 
39904, 3, 3 
1144, 3, 3 
21129, 3, 3 
40550, 3, 3 
35548, 3, 3 
13161, 3, 3 
25882, 3, 3 
16676, 3, 3 
18061, 3, 3 
52904, 3, 3 
12998, 3, 3 
5277, 3, 3 
51555, 3, 3 
22569, 3, 3 
38771, 3, 3 
20278, 3, 3 
51987, 3, 3 
9411, 3, 3 
46953, 3, 3 
27389, 3, 3 
59828, 3, 3 
45328, 3, 3 
20470, 3, 3 
31515, 3, 3 
14704, 3, 3 
3013, 3, 3 
48324, 3, 3 
30915, 3, 3 
50906, 3, 3 
55791, 3, 3 
18528, 3, 3 
31724, 3, 3 
15077, 3, 3 
1675, 3, 3 
1941, 3, 3 
48426, 3, 3 
33161, 3, 3 
3550, 3, 3 
23517, 3, 3 
6317, 3, 3 
36427, 3, 3 
39329, 3, 3 
51381, 3, 3 
39520, 3, 3 
56475, 3, 3 
47678, 3, 3 
55035, 3, 3 
25034, 3, 3 
11219, 3, 3 
42201, 3, 3 
19829, 3, 3 
37689, 3, 3 
43730, 3, 3 
23779, 3, 3 
56420, 3, 3 
1644, 3, 3 
51522, 3, 3 
27282, 3, 3 
26148, 3, 3 
46932, 3, 3 
2531, 3, 3 
2275, 3, 3 
32804, 3, 3 
36169, 3, 3 
25284, 3, 3 
36957, 3, 3 
5573, 3, 3 
32276, 3, 3 
43943, 3, 3 
43192, 3, 3 
46563, 3, 3 
48551, 3, 3 
57625, 3, 3 
32434, 3, 3 
34710, 3, 3 
5980, 3, 3 
37271, 3, 3 
26644, 3, 3 
30226, 3, 3 
30445, 3, 3 
46815, 3, 3 
30885, 3, 3 
3920, 3, 3 
11520, 3, 3 
3150, 3, 3 
28613, 3, 3 
16029, 3, 3 
29073, 3, 3 
59352, 3, 3 
29294, 3, 3 
40662, 3, 3 
46246, 3, 3 
18522, 3, 3 
49627, 3, 3 
7666, 3, 3 
19695, 3, 3 
33445, 3, 3 
28668, 3, 3 
43868, 3, 3 
28199, 3, 3 
55103, 3, 3 
59914, 3, 3 
43380, 3, 3 
181, 3, 3 
55301, 3, 3 
28316, 3, 3 
53722, 3, 3 
21238, 3, 3 
40588, 3, 3 
9182, 3, 3 
9491, 3, 3 
4937, 3, 3 
14738, 3, 3 
49297, 3, 3 
8230, 3, 3 
31098, 3, 3 
27726, 3, 3 
32401, 3, 3 
9065, 3, 3 
24780, 3, 3 
2567, 3, 3 
11244, 3, 3 
59308, 3, 3 
48974, 3, 3 
37124, 3, 3 
47510, 3, 3 
37860, 3, 3 
36572, 3, 3 
24400, 3, 3 
12153, 3, 3 
51635, 3, 3 
48392, 3, 3 
31602, 3, 3 
25245, 3, 3 
37227, 4, 4 
10641, 4, 4 
48282, 4, 4 
50583, 4, 4 
4038, 4, 4 
57422, 4, 4 
34430, 4, 4 
45184, 4, 4 
41921, 4, 4 
22694, 4, 4 
33262, 4, 4 
55160, 4, 4 
55285, 4, 4 
17865, 4, 4 
53163, 4, 4 
23713, 4, 4 
13727, 4, 4 
21817, 4, 4 
35234, 4, 4 
3639, 4, 4 
29606, 4, 4 
16098, 4, 4 
32513, 4, 4 
41528, 4, 4 
4318, 4, 4 
23306, 4, 4 
55577, 4, 4 
53633, 4, 4 
56818, 4, 4 
15683, 4, 4 
22418, 4, 4 
10858, 4, 4 
26367, 4, 4 
44521, 4, 4 
59753, 4, 4 
25479, 4, 4 
41109, 4, 4 
21296, 4, 4 
44275, 4, 4 
40030, 4, 4 
31549, 4, 4 
11740, 4, 4 
5032, 4, 4 
44091, 4, 4 
35624, 4, 4 
18223, 4, 4 
6429, 4, 4 
43152, 4, 4 
38515, 4, 4 
33306, 4, 4 
24637, 4, 4 
37986, 4, 4 
44232, 4, 4 
56267, 4, 4 
36634, 4, 4 
55564, 4, 4 
21644, 4, 4 
37302, 4, 4 
53654, 4, 4 
19017, 4, 4 
31977, 4, 4 
20527, 4, 4 
8832, 4, 4 
32037, 4, 4 
28615, 4, 4 
26456, 4, 4 
49144, 4, 4 
35293, 4, 4 
27832, 4, 4 
25555, 4, 4 
59376, 4, 4 
14501, 4, 4 
11967, 4, 4 
21642, 4, 4 
22295, 4, 4 
5064, 4, 4 
44496, 4, 4 
59852, 4, 4 
53254, 4, 4 
28398, 4, 4 
58947, 4, 4 
54668, 4, 4 
29818, 4, 4 
14774, 4, 4 
24798, 4, 4 
47363, 4, 4 
34043, 4, 4 
52988, 4, 4 
50844, 4, 4 
29794, 4, 4 
20652, 4, 4 
52424, 4, 4 
18332, 4, 4 
27476, 4, 4 
28290, 4, 4 
25656, 4, 4 
59321, 4, 4 
17158, 4, 4 
10338, 4, 4 
47379, 4, 4 
36314, 4, 4 
17091, 4, 4 
26281, 4, 4 
19404, 4, 4 
1928, 4, 4 
41780, 4, 4 
22138, 4, 4 
21619, 4, 4 
59766, 4, 4 
18686, 4, 4 
50031, 4, 4 
18807, 4, 4 
20180, 4, 4 
36025, 4, 4 
52920, 4, 4 
46164, 4, 4 
34409, 4, 4 
33994, 4, 4 
3724, 4, 4 
42116, 4, 4 
46728, 4, 4 
10391, 4, 4 
28128, 4, 4 
54007, 4, 4 
1073, 4, 4 
27826, 4, 4 
16448, 4, 4 
27097, 4, 4 
31858, 4, 4 
3437, 4, 4 
6037, 4, 4 
27222, 4, 4 
40164, 4, 4 
64, 4, 4 
13902, 4, 4 
8579, 4, 4 
16302, 4, 4 
13339, 4, 4 
1845, 4, 4 
30779, 4, 4 
4346, 4, 4 
24976, 4, 4 
59780, 4, 4 
18436, 4, 4 
23538, 4, 4 
22161, 4, 4 
6798, 4, 4 
57184, 4, 4 
47680, 4, 4 
1705, 4, 4 
9147, 4, 4 
27575, 4, 4 
25668, 4, 4 
4789, 4, 4 
12285, 4, 4 
52140, 4, 4 
18438, 4, 4 
56970, 4, 4 
25925, 4, 4 
31717, 4, 4 
51263, 4, 4 
22233, 4, 4 
11381, 4, 4 
37884, 4, 4 
38737, 4, 4 
48056, 4, 4 
27352, 4, 4 
14695, 4, 4 
28509, 4, 4 
6210, 4, 4 
24437, 4, 4 
31126, 4, 4 
48288, 4, 4 
51026, 4, 4 
52293, 4, 4 
46431, 4, 4 
7854, 4, 4 
44053, 4, 4 
20110, 4, 4 
36208, 4, 4 
2665, 4, 4 
51135, 4, 4 
49271, 4, 4 
43150, 4, 4 
1604, 4, 4 
33355, 4, 4 
847, 4, 4 
44419, 4, 4 
17891, 4, 4 
4438, 4, 4 
8215, 4, 4 
56227, 4, 4 
35461, 4, 4 
34266, 4, 4 
2416, 4, 4 
46498, 4, 4 
54770, 4, 4 
47805, 4, 4 
25739, 4, 4 
40187, 4, 4 
39866, 4, 4 
39536, 4, 4 
17850, 4, 4 
22564, 4, 4 
38336, 4, 4 
51979, 4, 4 
6253, 4, 4 
45278, 4, 4 
38385, 4, 4 
54376, 4, 4 
51049, 4, 4 
37447, 4, 4 
24703, 4, 4 
21107, 4, 4 
4410, 4, 4 
22630, 4, 4 
31539, 4, 4 
32657, 4, 4 
46754, 4, 4 
46367, 4, 4 
56539, 4, 4 
3072, 4, 4 
29367, 4, 4 
12948, 4, 4 
15420, 4, 4 
18345, 4, 4 
29207, 4, 4 
53222, 4, 4 
55585, 4, 4 
51780, 4, 4 
2724, 4, 4 
3668, 4, 4 
30234, 4, 4 
32164, 4, 4 
7083, 4, 4 
45538, 4, 4 
53546, 4, 4 
2439, 4, 4 
39886, 4, 4 
6759, 4, 4 
22472, 4, 4 
34240, 4, 4 
59922, 4, 4 
18905, 4, 4 
8580, 4, 4 
28086, 4, 4 
48990, 4, 4 
9585, 4, 4 
834, 4, 4 
19418, 4, 4 
51791, 4, 4 
38323, 4, 4 
4919, 4, 4 
11824, 4, 4 
9566, 4, 4 
52682, 4, 4 
51182, 4, 4 
30683, 4, 4 
24472, 4, 4 
3631, 4, 4 
42809, 4, 4 
45928, 4, 4 
55930, 4, 4 
18297, 4, 4 
7779, 4, 4 
43929, 4, 4 
3290, 4, 4 
7883, 4, 4 
54294, 4, 4 
59975, 4, 4 
14657, 4, 4 
59951, 4, 4 
11893, 4, 4 
46325, 4, 4 
29291, 4, 4 
36419, 4, 4 
7489, 4, 4 
2715, 4, 4 
17015, 4, 4 
35551, 4, 4 
42787, 4, 4 
5111, 4, 4 
56184, 4, 4 
58712, 4, 4 
5444, 4, 4 
38524, 4, 4 
19389, 4, 4 
17822, 4, 4 
19026, 4, 4 
50433, 4, 4 
19281, 4, 4 
59874, 4, 4 
25050, 4, 4 
26106, 4, 4 
4464, 4, 4 
46388, 4, 4 
19357, 4, 4 
17299, 4, 4 
2569, 4, 4 
41298, 4, 4 
59620, 4, 4 
57845, 4, 4 
45095, 4, 4 
5880, 4, 4 
3183, 4, 4 
58722, 4, 4 
20956, 4, 4 
57076, 4, 4 
53559, 4, 4 
4114, 4, 4 
25575, 4, 4 
5631, 4, 4 
22970, 4, 4 
11468, 4, 4 
5989, 4, 4 
29054, 4, 4 
54861, 4, 4 
10888, 4, 4 
5038, 4, 4 
2036, 4, 4 
56564, 4, 4 
46766, 4, 4 
20208, 4, 4 
27809, 4, 4 
31860, 4, 4 
21729, 4, 4 
50606, 4, 4 
28917, 4, 4 
34895, 4, 4 
57371, 4, 4 
2406, 4, 4 
26567, 4, 4 
5101, 4, 4 
18501, 4, 4 
33872, 4, 4 
15352, 4, 4 
51600, 4, 4 
32798, 4, 4 
55538, 4, 4 
11981, 4, 4 
48418, 4, 4 
1477, 4, 4 
46124, 4, 4 
22553, 4, 4 
2452, 4, 4 
41093, 4, 4 
2294, 4, 4 
57712, 4, 4 
22480, 4, 4 
53655, 4, 4 
38262, 4, 4 
5091, 4, 4 
54710, 4, 4 
4292, 4, 4 
55098, 4, 4 
16399, 4, 4 
28976, 4, 4 
21499, 4, 4 
16387, 4, 4 
37010, 4, 4 
43947, 4, 4 
42464, 4, 4 
4641, 4, 4 
4133, 4, 4 
45048, 4, 4 
31580, 4, 4 
18062, 4, 4 
6714, 4, 4 
36584, 4, 4 
36932, 4, 4 
30868, 4, 4 
38822, 4, 4 
34067, 4, 4 
48690, 4, 4 
45243, 4, 4 
19033, 4, 4 
8400, 4, 4 
8925, 4, 4 
2548, 4, 4 
57747, 4, 4 
40806, 4, 4 
30059, 4, 4 
33761, 4, 4 
32829, 4, 4 
2089, 4, 4 
24432, 4, 4 
52572, 4, 4 
53451, 4, 4 
48448, 4, 4 
21235, 4, 4 
26704, 4, 4 
35141, 4, 4 
18184, 4, 4 
32458, 4, 4 
32094, 4, 4 
12654, 4, 4 
32341, 4, 4 
59159, 4, 4 
692, 4, 4 
11799, 4, 4 
22372, 4, 4 
2737, 4, 4 
17399, 4, 4 
15551, 4, 4 
29854, 4, 4 
8412, 4, 4 
33322, 4, 4 
33702, 4, 4 
20063, 4, 4 
4703, 4, 4 
17444, 4, 4 
57499, 4, 4 
21746, 4, 4 
30593, 4, 4 
20741, 4, 4 
15294, 4, 4 
29866, 4, 4 
15456, 4, 4 
37785, 4, 4 
3360, 4, 4 
8695, 4, 4 
30542, 4, 4 
44068, 4, 4 
55676, 4, 4 
45280, 4, 4 
11113, 4, 4 
1110, 4, 4 
40062, 4, 4 
56893, 4, 4 
36513, 4, 4 
314, 4, 4 
10683, 4, 4 
36212, 4, 4 
19447, 4, 4 
29340, 4, 4 
42272, 4, 4 
28635, 4, 4 
58661, 4, 4 
41068, 4, 4 
9887, 4, 4 
53834, 4, 4 
2490, 4, 4 
45231, 4, 4 
14220, 4, 4 
54778, 4, 4 
3716, 4, 4 
58531, 4, 4 
30529, 4, 4 
38168, 4, 4 
31164, 4, 4 
44037, 4, 4 
51893, 4, 4 
24292, 4, 4 
41964, 4, 4 
3496, 4, 4 
46150, 4, 4 
45064, 4, 4 
15615, 4, 4 
7319, 4, 4 
56146, 4, 4 
56740, 4, 4 
21057, 4, 4 
58984, 4, 4 
49072, 4, 4 
37019, 4, 4 
29593, 4, 4 
29549, 4, 4 
17857, 4, 4 
29922, 4, 4 
33282, 4, 4 
28146, 4, 4 
57111, 4, 4 
33900, 4, 4 
9100, 4, 4 
43531, 4, 4 
29690, 4, 4 
46533, 4, 4 
17690, 4, 4 
29721, 4, 4 
53307, 4, 4 
36676, 4, 4 
48379, 4, 4 
369, 4, 4 
42857, 4, 4 
50022, 4, 4 
45724, 4, 4 
35115, 4, 4 
58417, 4, 4 
31522, 4, 4 
13163, 4, 4 
54852, 4, 4 
3351, 4, 4 
32310, 4, 4 
53856, 4, 4 
25194, 4, 4 
48087, 4, 4 
10172, 4, 4 
43604, 4, 4 
9149, 4, 4 
34133, 4, 4 
41223, 5, 5 
50430, 5, 5 
259, 5, 5 
4562, 5, 5 
52190, 5, 5 
58803, 5, 5 
3535, 5, 5 
52347, 5, 5 
28504, 5, 5 
59091, 5, 5 
36736, 5, 5 
55748, 5, 5 
25023, 5, 5 
20034, 5, 5 
36011, 5, 5 
52026, 5, 5 
38798, 5, 5 
43459, 5, 5 
3085, 5, 5 
49032, 5, 5 
7249, 5, 5 
46554, 5, 5 
29749, 5, 5 
38019, 5, 5 
20530, 5, 5 
23449, 5, 5 
31352, 5, 5 
46968, 5, 5 
38648, 5, 5 
22382, 5, 5 
57947, 5, 5 
44802, 5, 5 
28267, 5, 5 
57951, 5, 5 
18418, 5, 5 
49202, 5, 5 
13533, 5, 5 
34114, 5, 5 
7738, 5, 5 
54131, 5, 5 
18573, 5, 5 
37448, 5, 5 
11305, 5, 5 
32598, 5, 5 
3972, 5, 5 
14183, 5, 5 
18186, 5, 5 
32659, 5, 5 
36559, 5, 5 
48134, 5, 5 
53244, 5, 5 
32303, 5, 5 
59134, 5, 5 
17338, 5, 5 
15804, 5, 5 
58190, 5, 5 
30544, 5, 5 
21810, 5, 5 
1867, 5, 5 
44662, 5, 5 
11706, 5, 5 
52195, 5, 5 
9419, 5, 5 
53054, 5, 5 
11707, 5, 5 
47832, 5, 5 
16819, 5, 5 
12891, 5, 5 
37521, 5, 5 
879, 5, 5 
35040, 5, 5 
41127, 5, 5 
33033, 5, 5 
30622, 5, 5 
57182, 5, 5 
38626, 5, 5 
37929, 5, 5 
45012, 5, 5 
1970, 5, 5 
54562, 5, 5 
2414, 5, 5 
17217, 5, 5 
22509, 5, 5 
2727, 5, 5 
54142, 5, 5 
53461, 5, 5 
48132, 5, 5 
145, 5, 5 
15812, 5, 5 
26913, 5, 5 
41970, 5, 5 
36690, 5, 5 
46489, 5, 5 
53794, 5, 5 
947, 5, 5 
53795, 5, 5 
55184, 5, 5 
10822, 5, 5 
42321, 5, 5 
56939, 5, 5 
1430, 5, 5 
2758, 5, 5 
2605, 5, 5 
42085, 5, 5 
42101, 5, 5 
11118, 5, 5 
59880, 5, 5 
19398, 5, 5 
44501, 5, 5 
33324, 5, 5 
44651, 5, 5 
33220, 5, 5 
53306, 5, 5 
12232, 5, 5 
26607, 5, 5 
53620, 5, 5 
18364, 5, 5 
33303, 5, 5 
13021, 5, 5 
26062, 5, 5 
40546, 5, 5 
56999, 5, 5 
28254, 5, 5 
36268, 5, 5 
31649, 5, 5 
50768, 5, 5 
24180, 5, 5 
16737, 5, 5 
8734, 5, 5 
19019, 5, 5 
53296, 5, 5 
27727, 5, 5 
29834, 5, 5 
15778, 5, 5 
48348, 5, 5 
41278, 5, 5 
8668, 5, 5 
39765, 5, 5 
16832, 5, 5 
27378, 5, 5 
2537, 5, 5 
11025, 5, 5 
1509, 5, 5 
2405, 5, 5 
49788, 5, 5 
16926, 5, 5 
5240, 5, 5 
5668, 5, 5 
53050, 5, 5 
41389, 5, 5 
44819, 5, 5 
34050, 5, 5 
41277, 5, 5 
34610, 5, 5 
54461, 5, 5 
36086, 5, 5 
43699, 5, 5 
36214, 5, 5 
59022, 5, 5 
20769, 5, 5 
41023, 5, 5 
50718, 5, 5 
34584, 5, 5 
11396, 5, 5 
23377, 5, 5 
13747, 5, 5 
22556, 5, 5 
328, 5, 5 
23927, 5, 5 
58870, 5, 5 
6472, 5, 5 
46667, 5, 5 
44014, 5, 5 
33046, 5, 5 
32080, 5, 5 
16358, 5, 5 
38628, 5, 5 
58723, 5, 5 
32090, 5, 5 
45780, 5, 5 
16165, 5, 5 
5688, 5, 5 
13863, 5, 5 
29781, 5, 5 
51727, 5, 5 
11115, 5, 5 
1587, 5, 5 
6352, 5, 5 
44152, 5, 5 
41926, 5, 5 
10884, 5, 5 
51027, 5, 5 
24332, 5, 5 
57662, 5, 5 
3839, 5, 5 
7845, 5, 5 
23158, 5, 5 
19797, 5, 5 
45212, 5, 5 
6169, 5, 5 
53053, 5, 5 
23200, 5, 5 
12331, 5, 5 
35276, 5, 5 
55708, 5, 5 
4844, 5, 5 
23630, 5, 5 
52192, 5, 5 
2946, 5, 5 
9995, 5, 5 
34836, 5, 5 
39400, 5, 5 
38189, 5, 5 
17024, 5, 5 
21779, 5, 5 
55818, 5, 5 
6504, 5, 5 
55459, 5, 5 
33903, 5, 5 
55804, 5, 5 
40255, 5, 5 
48307, 5, 5 
55428, 5, 5 
24859, 5, 5 
12386, 5, 5 
38362, 5, 5 
49632, 5, 5 
53272, 5, 5 
32828, 5, 5 
35394, 5, 5 
20754, 5, 5 
8927, 5, 5 
13394, 5, 5 
24202, 5, 5 
40761, 5, 5 
55734, 5, 5 
32322, 5, 5 
10578, 5, 5 
24235, 5, 5 
2868, 5, 5 
27043, 5, 5 
28720, 5, 5 
45890, 5, 5 
37137, 5, 5 
36544, 5, 5 
24595, 5, 5 
39381, 5, 5 
51874, 5, 5 
47444, 5, 5 
36244, 5, 5 
13120, 5, 5 
22822, 5, 5 
31005, 5, 5 
42589, 5, 5 
182, 5, 5 
4625, 5, 5 
28924, 5, 5 
23633, 5, 5 
41693, 5, 5 
38433, 5, 5 
8392, 5, 5 
58808, 5, 5 
54914, 5, 5 
47468, 5, 5 
3204, 5, 5 
35082, 5, 5 
44461, 5, 5 
37072, 5, 5 
23544, 5, 5 
57944, 5, 5 
49668, 5, 5 
57942, 5, 5 
32343, 5, 5 
1406, 5, 5 
21184, 5, 5 
1702, 5, 5 
18446, 5, 5 
42652, 5, 5 
22101, 5, 5 
19430, 5, 5 
41258, 5, 5 
7172, 5, 5 
51692, 5, 5 
42631, 5, 5 
16092, 5, 5 
32923, 5, 5 
49508, 5, 5 
28854, 5, 5 
20097, 5, 5 
49352, 5, 5 
52857, 5, 5 
43648, 5, 5 
15969, 5, 5 
10280, 5, 5 
12016, 5, 5 
1813, 5, 5 
47528, 5, 5 
44858, 5, 5 
32394, 5, 5 
19497, 5, 5 
19670, 5, 5 
19609, 5, 5 
45256, 5, 5 
33494, 5, 5 
31921, 5, 5 
22205, 5, 5 
8459, 5, 5 
24819, 5, 5 
53015, 5, 5 
17598, 5, 5 
22033, 5, 5 
39405, 5, 5 
50677, 5, 5 
35147, 5, 5 
29880, 5, 5 
23336, 5, 5 
7902, 5, 5 
28376, 5, 5 
40905, 5, 5 
13348, 5, 5 
32415, 5, 5 
57211, 5, 5 
16276, 5, 5 
10871, 5, 5 
34139, 5, 5 
28606, 5, 5 
31875, 5, 5 
13862, 5, 5 
21799, 5, 5 
20200, 5, 5 
39526, 5, 5 
1592, 5, 5 
51283, 5, 5 
57383, 5, 5 
7246, 5, 5 
2646, 5, 5 
49062, 5, 5 
4057, 5, 5 
47768, 5, 5 
6471, 5, 5 
51994, 5, 5 
43048, 5, 5 
55800, 5, 5 
36658, 5, 5 
16213, 5, 5 
53769, 5, 5 
6513, 5, 5 
55212, 5, 5 
23235, 5, 5 
55389, 5, 5 
38801, 5, 5 
10056, 5, 5 
53410, 5, 5 
31007, 5, 5 
13300, 5, 5 
23424, 5, 5 
43212, 5, 5 
52353, 5, 5 
28178, 5, 5 
30900, 5, 5 
45519, 5, 5 
33349, 5, 5 
33053, 5, 5 
12893, 5, 5 
41140, 5, 5 
43308, 5, 5 
31782, 5, 5 
20209, 5, 5 
57900, 5, 5 
16745, 5, 5 
20325, 5, 5 
49892, 5, 5 
3185, 5, 5 
11154, 5, 5 
42698, 5, 5 
36918, 5, 5 
31496, 5, 5 
19288, 5, 5 
32154, 5, 5 
30482, 5, 5 
45166, 5, 5 
51963, 5, 5 
5887, 5, 5 
23252, 5, 5 
12714, 5, 5 
43641, 5, 5 
54184, 5, 5 
56127, 5, 5 
2900, 5, 5 
16295, 5, 5 
2515, 5, 5 
55602, 5, 5 
15143, 5, 5 
16242, 5, 5 
1135, 5, 5 
7032, 5, 5 
52452, 5, 5 
29348, 5, 5 
27941, 5, 5 
9344, 5, 5 
8252, 5, 5 
2363, 5, 5 
59662, 5, 5 
7193, 5, 5 
48850, 5, 5 
54203, 5, 5 
53046, 5, 5 
50573, 5, 5 
2885, 5, 5 
10397, 5, 5 
15611, 5, 5 
55204, 5, 5 
59377, 5, 5 
48838, 5, 5 
26360, 5, 5 
42480, 5, 5 
9366, 5, 5 
38851, 5, 5 
43409, 5, 5 
4820, 5, 5 
25966, 5, 5 
33733, 5, 5 
13991, 5, 5 
40154, 5, 5 
50202, 5, 5 
31999, 5, 5 
26407, 5, 5 
11470, 5, 5 
6981, 5, 5 
832, 5, 5 
59906, 5, 5 
12694, 5, 5 
12756, 5, 5 
37557, 5, 5 
44783, 5, 5 
970, 5, 5 
34952, 5, 5 
32757, 5, 5 
36495, 5, 5 
26290, 5, 5 
25075, 5, 5 
7888, 5, 5 
2554, 5, 5 
30626, 5, 5 
28372, 5, 5 
42407, 5, 5 
26876, 5, 5 
47995, 5, 5 
20199, 5, 5 
45052, 5, 5 
53568, 5, 5 
48237, 5, 5 
16558, 5, 5 
42436, 5, 5 
5872, 5, 5 
19078, 5, 5 
46759, 5, 5 
51886, 5, 5 
45894, 5, 5 
47889, 5, 5 
32107, 5, 5 
14370, 5, 5 
3289, 5, 5 
37574, 5, 5 
20914, 5, 5 
53356, 5, 5 
33495, 5, 5 
17016, 5, 5 
48572, 5, 5 
51473, 5, 5 
10546, 5, 5 
58757, 5, 5 
3860, 5, 5 
23746, 5, 5 
44621, 5, 5 
10353, 5, 5 
54024, 5, 5 
17298, 5, 5 
53100, 5, 5 
9384, 5, 5 
38090, 5, 5 
38932, 5, 5 
25813, 5, 5 
22736, 5, 5 
26976, 5, 5 
41933, 5, 5 
5506, 5, 5 
26736, 5, 5 
18080, 5, 5 
29637, 5, 5 
26727, 5, 5 
31499, 5, 5 
11776, 5, 5 
12087, 5, 5 
29157, 5, 5 
20601, 5, 5 
278, 5, 5 
18639, 5, 5 
5599, 5, 5 
52767, 5, 5 
6131, 6, 6 
41380, 6, 6 
41912, 6, 6 
24383, 6, 6 
20796, 6, 6 
13760, 6, 6 
51456, 6, 6 
6799, 6, 6 
26114, 6, 6 
53111, 6, 6 
3821, 6, 6 
12810, 6, 6 
25077, 6, 6 
59065, 6, 6 
6433, 6, 6 
57514, 6, 6 
27655, 6, 6 
36699, 6, 6 
1835, 6, 6 
16684, 6, 6 
42450, 6, 6 
46536, 6, 6 
27757, 6, 6 
4724, 6, 6 
32242, 6, 6 
27890, 6, 6 
51995, 6, 6 
37351, 6, 6 
31371, 6, 6 
33035, 6, 6 
2214, 6, 6 
55019, 6, 6 
12448, 6, 6 
16766, 6, 6 
56232, 6, 6 
9120, 6, 6 
53581, 6, 6 
39336, 6, 6 
12104, 6, 6 
32205, 6, 6 
19151, 6, 6 
39665, 6, 6 
37676, 6, 6 
4520, 6, 6 
27244, 6, 6 
26490, 6, 6 
40564, 6, 6 
17426, 6, 6 
27306, 6, 6 
50428, 6, 6 
739, 6, 6 
15257, 6, 6 
4699, 6, 6 
5466, 6, 6 
48387, 6, 6 
2035, 6, 6 
16575, 6, 6 
37173, 6, 6 
50612, 6, 6 
54049, 6, 6 
31397, 6, 6 
43386, 6, 6 
3036, 6, 6 
24016, 6, 6 
20948, 6, 6 
29554, 6, 6 
55379, 6, 6 
14400, 6, 6 
15780, 6, 6 
42948, 6, 6 
11976, 6, 6 
48879, 6, 6 
25959, 6, 6 
8526, 6, 6 
52141, 6, 6 
4817, 6, 6 
59866, 6, 6 
20324, 6, 6 
2573, 6, 6 
27449, 6, 6 
55900, 6, 6 
37804, 6, 6 
30230, 6, 6 
21712, 6, 6 
50122, 6, 6 
50092, 6, 6 
5274, 6, 6 
49047, 6, 6 
83, 6, 6 
1750, 6, 6 
2910, 6, 6 
4526, 6, 6 
39278, 6, 6 
12959, 6, 6 
38854, 6, 6 
44330, 6, 6 
5935, 6, 6 
35918, 6, 6 
47474, 6, 6 
17835, 6, 6 
28549, 6, 6 
23774, 6, 6 
12547, 6, 6 
25422, 6, 6 
59976, 6, 6 
36195, 6, 6 
1830, 6, 6 
20839, 6, 6 
10709, 6, 6 
27275, 6, 6 
24945, 6, 6 
8481, 6, 6 
238, 6, 6 
28435, 6, 6 
10792, 6, 6 
45623, 6, 6 
41242, 6, 6 
26126, 6, 6 
29950, 6, 6 
22654, 6, 6 
17764, 6, 6 
45863, 6, 6 
35027, 6, 6 
46967, 6, 6 
12220, 6, 6 
5576, 6, 6 
20503, 6, 6 
24257, 6, 6 
30687, 6, 6 
32833, 6, 6 
21392, 6, 6 
21955, 6, 6 
6796, 6, 6 
35753, 6, 6 
35993, 6, 6 
56463, 6, 6 
11128, 6, 6 
57758, 6, 6 
55111, 6, 6 
6909, 6, 6 
2967, 6, 6 
23900, 6, 6 
2723, 6, 6 
18220, 6, 6 
49305, 6, 6 
8224, 6, 6 
13210, 6, 6 
6635, 6, 6 
13575, 6, 6 
25992, 6, 6 
13431, 6, 6 
44617, 6, 6 
50098, 6, 6 
57807, 6, 6 
58724, 6, 6 
18432, 6, 6 
14784, 6, 6 
54188, 6, 6 
55584, 6, 6 
9816, 6, 6 
45713, 6, 6 
13858, 6, 6 
901, 6, 6 
43115, 6, 6 
47288, 6, 6 
2925, 6, 6 
58807, 6, 6 
28249, 6, 6 
16258, 6, 6 
53553, 6, 6 
16255, 6, 6 
7086, 6, 6 
49970, 6, 6 
13468, 6, 6 
11870, 6, 6 
38431, 6, 6 
17408, 6, 6 
20156, 6, 6 
8384, 6, 6 
22872, 6, 6 
15756, 6, 6 
2113, 6, 6 
42007, 6, 6 
49718, 6, 6 
54699, 6, 6 
14677, 6, 6 
44644, 6, 6 
6982, 6, 6 
21407, 6, 6 
40034, 6, 6 
30727, 6, 6 
31714, 6, 6 
54227, 6, 6 
51295, 6, 6 
10552, 6, 6 
55018, 6, 6 
841, 6, 6 
22830, 6, 6 
21564, 6, 6 
44309, 6, 6 
6963, 6, 6 
33829, 6, 6 
52544, 6, 6 
24581, 6, 6 
52387, 6, 6 
37998, 6, 6 
15448, 6, 6 
28084, 6, 6 
49026, 6, 6 
30332, 6, 6 
50761, 6, 6 
30252, 6, 6 
51804, 6, 6 
58345, 6, 6 
17626, 6, 6 
32942, 6, 6 
28639, 6, 6 
51965, 6, 6 
48451, 6, 6 
55077, 6, 6 
5654, 6, 6 
24871, 6, 6 
19290, 6, 6 
26092, 6, 6 
25499, 6, 6 
38584, 6, 6 
57075, 6, 6 
49004, 6, 6 
54823, 6, 6 
23168, 6, 6 
55230, 6, 6 
39379, 6, 6 
13621, 6, 6 
40642, 6, 6 
50104, 6, 6 
24934, 6, 6 
59885, 6, 6 
16378, 6, 6 
23471, 6, 6 
25035, 6, 6 
44909, 6, 6 
6742, 6, 6 
35795, 6, 6 
22091, 6, 6 
29424, 6, 6 
55166, 6, 6 
53197, 6, 6 
41442, 6, 6 
33692, 6, 6 
4923, 6, 6 
53127, 6, 6 
24779, 6, 6 
11174, 6, 6 
58623, 6, 6 
25520, 6, 6 
48006, 6, 6 
55956, 6, 6 
10790, 6, 6 
35184, 6, 6 
31046, 6, 6 
30392, 6, 6 
47694, 6, 6 
8994, 6, 6 
54183, 6, 6 
21977, 6, 6 
42843, 6, 6 
12905, 6, 6 
19040, 6, 6 
19208, 6, 6 
52674, 6, 6 
5849, 6, 6 
28870, 6, 6 
50113, 6, 6 
32658, 6, 6 
11327, 6, 6 
45914, 6, 6 
59601, 6, 6 
21410, 6, 6 
38730, 6, 6 
26983, 6, 6 
39893, 6, 6 
58626, 6, 6 
8326, 6, 6 
4402, 6, 6 
30576, 6, 6 
37966, 6, 6 
4905, 6, 6 
43752, 6, 6 
7847, 6, 6 
7700, 6, 6 
59873, 6, 6 
17623, 6, 6 
19927, 6, 6 
29489, 6, 6 
42996, 6, 6 
28727, 6, 6 
31619, 6, 6 
41351, 6, 6 
44533, 6, 6 
14186, 6, 6 
55362, 6, 6 
14608, 6, 6 
18344, 6, 6 
57881, 6, 6 
12876, 6, 6 
45225, 6, 6 
45409, 6, 6 
25374, 6, 6 
48609, 6, 6 
18199, 6, 6 
2570, 6, 6 
3139, 6, 6 
19276, 6, 6 
48810, 6, 6 
52908, 6, 6 
54255, 6, 6 
24266, 6, 6 
44132, 6, 6 
39792, 6, 6 
43625, 6, 6 
27923, 6, 6 
4231, 6, 6 
45566, 6, 6 
46229, 6, 6 
32183, 6, 6 
19382, 6, 6 
56115, 6, 6 
5553, 6, 6 
59567, 6, 6 
27046, 6, 6 
27496, 6, 6 
2614, 6, 6 
58605, 6, 6 
58124, 6, 6 
17229, 6, 6 
38450, 6, 6 
15314, 6, 6 
6789, 6, 6 
20998, 6, 6 
9961, 6, 6 
56182, 6, 6 
29226, 6, 6 
48857, 6, 6 
32922, 6, 6 
23195, 6, 6 
22215, 6, 6 
52598, 6, 6 
36966, 6, 6 
35047, 6, 6 
42921, 6, 6 
36504, 6, 6 
43431, 6, 6 
41940, 6, 6 
50168, 6, 6 
35537, 6, 6 
52054, 6, 6 
28222, 6, 6 
31270, 6, 6 
39883, 6, 6 
32517, 6, 6 
6338, 6, 6 
18168, 6, 6 
9943, 6, 6 
58438, 6, 6 
44984, 6, 6 
21226, 6, 6 
36616, 6, 6 
50059, 6, 6 
28817, 6, 6 
59310, 6, 6 
18655, 6, 6 
49083, 6, 6 
49019, 6, 6 
8001, 6, 6 
16590, 6, 6 
30856, 6, 6 
23485, 6, 6 
36903, 6, 6 
16879, 6, 6 
4709, 6, 6 
49337, 6, 6 
10725, 6, 6 
7562, 6, 6 
2226, 6, 6 
21617, 6, 6 
39495, 6, 6 
12518, 6, 6 
20152, 6, 6 
48141, 6, 6 
31363, 6, 6 
49931, 6, 6 
35616, 6, 6 
8074, 6, 6 
25297, 6, 6 
90, 6, 6 
19332, 6, 6 
14869, 6, 6 
24685, 6, 6 
23667, 6, 6 
36570, 6, 6 
36067, 6, 6 
58900, 6, 6 
38640, 6, 6 
53777, 6, 6 
53578, 6, 6 
51664, 6, 6 
4673, 6, 6 
15826, 6, 6 
33919, 6, 6 
41654, 6, 6 
44128, 6, 6 
55475, 6, 6 
52678, 6, 6 
38022, 6, 6 
37535, 6, 6 
25047, 6, 6 
49353, 6, 6 
13828, 6, 6 
14101, 6, 6 
59217, 6, 6 
20353, 6, 6 
37872, 6, 6 
15404, 6, 6 
4605, 6, 6 
660, 6, 6 
31104, 6, 6 
56972, 6, 6 
29793, 6, 6 
35868, 6, 6 
55134, 6, 6 
52503, 6, 6 
44732, 6, 6 
10754, 6, 6 
13147, 6, 6 
13686, 6, 6 
41890, 6, 6 
1536, 6, 6 
39508, 6, 6 
23110, 6, 6 
28554, 6, 6 
42714, 6, 6 
3327, 6, 6 
10532, 6, 6 
35575, 6, 6 
20733, 6, 6 
20416, 6, 6 
38460, 6, 6 
47911, 6, 6 
22142, 6, 6 
41400, 6, 6 
20704, 6, 6 
14031, 6, 6 
33030, 6, 6 
11551, 6, 6 
13712, 6, 6 
27624, 6, 6 
17980, 6, 6 
12401, 6, 6 
1494, 6, 6 
44981, 6, 6 
26393, 6, 6 
42305, 6, 6 
5374, 6, 6 
4426, 6, 6 
37845, 6, 6 
41849, 6, 6 
59141, 6, 6 
35718, 6, 6 
17910, 6, 6 
34905, 6, 6 
54172, 6, 6 
47699, 6, 6 
1869, 6, 6 
47162, 6, 6 
52833, 6, 6 
51953, 6, 6 
42172, 6, 6 
47454, 6, 6 
43166, 6, 6 
15478, 6, 6 
1784, 6, 6 
17510, 6, 6 
58055, 6, 6 
41190, 6, 6 
11678, 6, 6 
25901, 6, 6 
36703, 6, 6 
5802, 6, 6 
42570, 6, 6 
51497, 6, 6 
47376, 6, 6 
26584, 6, 6 
6402, 6, 6 
9068, 6, 6 
53359, 6, 6 
42972, 6, 6 
23107, 6, 6 
18033, 6, 6 
7049, 6, 6 
11479, 6, 6 
45524, 7, 7 
53886, 7, 7 
34161, 7, 7 
4592, 7, 7 
49698, 7, 7 
32173, 7, 7 
18391, 7, 7 
31861, 7, 7 
43039, 7, 7 
29324, 7, 7 
23140, 7, 7 
39920, 7, 7 
51441, 7, 7 
39345, 7, 7 
41221, 7, 7 
44772, 7, 7 
54532, 7, 7 
34600, 7, 7 
53368, 7, 7 
29032, 7, 7 
42202, 7, 7 
6911, 7, 7 
34307, 7, 7 
40838, 7, 7 
20866, 7, 7 
13311, 7, 7 
1126, 7, 7 
43491, 7, 7 
59276, 7, 7 
624, 7, 7 
33912, 7, 7 
44387, 7, 7 
47423, 7, 7 
47181, 7, 7 
37073, 7, 7 
2653, 7, 7 
30664, 7, 7 
54478, 7, 7 
58292, 7, 7 
1513, 7, 7 
32988, 7, 7 
5312, 7, 7 
48944, 7, 7 
41584, 7, 7 
8144, 7, 7 
46151, 7, 7 
11877, 7, 7 
29982, 7, 7 
31690, 7, 7 
13814, 7, 7 
10485, 7, 7 
46031, 7, 7 
26898, 7, 7 
8559, 7, 7 
59140, 7, 7 
45314, 7, 7 
28930, 7, 7 
48201, 7, 7 
42748, 7, 7 
16644, 7, 7 
38598, 7, 7 
3008, 7, 7 
39845, 7, 7 
34661, 7, 7 
12165, 7, 7 
38096, 7, 7 
1933, 7, 7 
18969, 7, 7 
56895, 7, 7 
22301, 7, 7 
15953, 7, 7 
54561, 7, 7 
18894, 7, 7 
49491, 7, 7 
15254, 7, 7 
31910, 7, 7 
45483, 7, 7 
3804, 7, 7 
43374, 7, 7 
10769, 7, 7 
48490, 7, 7 
2867, 7, 7 
28880, 7, 7 
56828, 7, 7 
14288, 7, 7 
12835, 7, 7 
17816, 7, 7 
55171, 7, 7 
24025, 7, 7 
7783, 7, 7 
971, 7, 7 
29450, 7, 7 
2142, 7, 7 
45081, 7, 7 
5206, 7, 7 
22016, 7, 7 
57325, 7, 7 
22740, 7, 7 
36763, 7, 7 
55439, 7, 7 
6932, 7, 7 
41493, 7, 7 
6475, 7, 7 
56837, 7, 7 
53164, 7, 7 
1570, 7, 7 
8377, 7, 7 
28986, 7, 7 
10517, 7, 7 
55113, 7, 7 
42592, 7, 7 
57292, 7, 7 
32497, 7, 7 
17044, 7, 7 
36365, 7, 7 
30442, 7, 7 
23711, 7, 7 
6140, 7, 7 
53227, 7, 7 
11516, 7, 7 
55034, 7, 7 
46349, 7, 7 
10873, 7, 7 
14605, 7, 7 
54106, 7, 7 
4393, 7, 7 
30001, 7, 7 
14719, 7, 7 
25964, 7, 7 
14277, 7, 7 
58671, 7, 7 
19904, 7, 7 
29297, 7, 7 
31156, 7, 7 
59504, 7, 7 
8280, 7, 7 
13746, 7, 7 
59118, 7, 7 
7028, 7, 7 
54072, 7, 7 
37753, 7, 7 
32955, 7, 7 
50796, 7, 7 
13243, 7, 7 
57188, 7, 7 
47349, 7, 7 
32515, 7, 7 
50665, 7, 7 
52960, 7, 7 
16272, 7, 7 
928, 7, 7 
50805, 7, 7 
55448, 7, 7 
34997, 7, 7 
15923, 7, 7 
43089, 7, 7 
47003, 7, 7 
8375, 7, 7 
15952, 7, 7 
32608, 7, 7 
40046, 7, 7 
19086, 7, 7 
33838, 7, 7 
2168, 7, 7 
52736, 7, 7 
36283, 7, 7 
37034, 7, 7 
20032, 7, 7 
33660, 7, 7 
46928, 7, 7 
44392, 7, 7 
46106, 7, 7 
18289, 7, 7 
14710, 7, 7 
21396, 7, 7 
32289, 7, 7 
11400, 7, 7 
44160, 7, 7 
53418, 7, 7 
18025, 7, 7 
8849, 7, 7 
22759, 7, 7 
1564, 7, 7 
40524, 7, 7 
38738, 7, 7 
33612, 7, 7 
10457, 7, 7 
47149, 7, 7 
32599, 7, 7 
35648, 7, 7 
37930, 7, 7 
12993, 7, 7 
30224, 7, 7 
27507, 7, 7 
36767, 7, 7 
933, 7, 7 
10160, 7, 7 
33348, 7, 7 
3060, 7, 7 
23164, 7, 7 
33499, 7, 7 
38018, 7, 7 
9157, 7, 7 
53579, 7, 7 
49958, 7, 7 
48247, 7, 7 
2591, 7, 7 
15997, 7, 7 
41310, 7, 7 
3255, 7, 7 
6507, 7, 7 
37898, 7, 7 
39048, 7, 7 
12730, 7, 7 
50215, 7, 7 
4317, 7, 7 
36951, 7, 7 
23570, 7, 7 
25581, 7, 7 
9598, 7, 7 
11937, 7, 7 
47385, 7, 7 
18006, 7, 7 
27481, 7, 7 
49662, 7, 7 
54971, 7, 7 
40684, 7, 7 
8345, 7, 7 
27157, 7, 7 
10788, 7, 7 
14348, 7, 7 
26560, 7, 1 
14866, 7, 7 
56472, 7, 7 
34435, 7, 7 
38349, 7, 7 
58816, 7, 7 
7565, 7, 7 
6381, 7, 7 
30109, 7, 7 
57235, 7, 7 
10392, 7, 7 
17109, 7, 7 
16247, 7, 7 
37298, 7, 7 
185, 7, 7 
5652, 7, 7 
13710, 7, 7 
41325, 7, 7 
21662, 7, 7 
38954, 7, 7 
47137, 7, 7 
48829, 7, 7 
34445, 7, 7 
12921, 7, 7 
44470, 7, 7 
27463, 7, 7 
58346, 7, 7 
26063, 7, 7 
35519, 7, 7 
47242, 7, 7 
12668, 7, 7 
42780, 7, 7 
44807, 7, 7 
49553, 7, 7 
33988, 7, 7 
52302, 7, 7 
41336, 7, 7 
40070, 7, 7 
31914, 7, 7 
22826, 7, 7 
13786, 7, 7 
24314, 7, 7 
11838, 7, 7 
59717, 7, 7 
43187, 7, 7 
1673, 7, 7 
46356, 7, 7 
20214, 7, 7 
42582, 7, 7 
35957, 7, 7 
12292, 7, 7 
27912, 7, 7 
44398, 7, 7 
36545, 7, 7 
56832, 7, 7 
32159, 7, 7 
55945, 7, 7 
53313, 7, 7 
9767, 7, 7 
13907, 7, 7 
3276, 7, 7 
27151, 7, 7 
49507, 7, 7 
26423, 7, 7 
21841, 7, 7 
371, 7, 7 
31614, 7, 7 
30065, 7, 7 
52480, 7, 7 
23811, 7, 7 
6525, 7, 7 
57479, 7, 7 
17649, 7, 7 
7754, 7, 7 
50121, 7, 7 
55078, 7, 7 
56037, 7, 7 
42164, 7, 7 
12970, 7, 7 
384, 7, 7 
21240, 7, 7 
47931, 7, 7 
14073, 7, 7 
46016, 7, 7 
24228, 7, 7 
53986, 7, 7 
49516, 7, 7 
45014, 7, 7 
7446, 7, 7 
31387, 7, 7 
25716, 7, 7 
44836, 7, 7 
22613, 7, 7 
53813, 7, 7 
15340, 7, 7 
48241, 7, 7 
31671, 7, 7 
25895, 7, 7 
21816, 7, 7 
25681, 7, 7 
214, 7, 7 
52670, 7, 7 
25458, 7, 7 
59842, 7, 7 
56694, 7, 7 
8991, 7, 7 
39053, 7, 7 
49116, 7, 7 
46717, 7, 7 
12491, 7, 7 
38994, 7, 7 
30271, 7, 7 
53600, 7, 7 
4904, 7, 7 
59843, 7, 7 
46426, 7, 7 
18648, 7, 7 
38557, 7, 7 
43774, 7, 7 
5197, 7, 7 
4472, 7, 7 
15168, 7, 7 
46836, 7, 7 
51282, 7, 7 
2634, 7, 7 
34160, 7, 7 
51344, 7, 7 
58393, 7, 7 
43341, 7, 7 
19636, 7, 7 
2985, 7, 7 
8436, 7, 7 
36436, 7, 7 
13561, 7, 7 
8596, 7, 7 
36713, 7, 7 
19341, 7, 7 
33885, 7, 7 
42901, 7, 7 
13410, 7, 7 
11534, 7, 7 
23334, 7, 7 
58444, 7, 7 
981, 7, 7 
37769, 7, 7 
17557, 7, 7 
31459, 7, 7 
57134, 7, 7 
23883, 7, 7 
22497, 7, 7 
57923, 7, 7 
32236, 7, 7 
35081, 7, 7 
59963, 7, 7 
38468, 7, 7 
42057, 7, 7 
17532, 7, 7 
30310, 7, 7 
2477, 7, 7 
14642, 7, 7 
10019, 7, 7 
5035, 7, 7 
50795, 7, 7 
586, 7, 7 
58583, 7, 7 
59988, 7, 7 
38004, 7, 7 
43307, 7, 7 
1208, 7, 7 
18844, 7, 7 
17053, 7, 7 
7605, 7, 7 
47988, 7, 7 
55059, 7, 7 
35391, 7, 7 
52633, 7, 7 
56844, 7, 7 
10096, 7, 7 
38615, 7, 7 
29432, 7, 7 
43178, 7, 7 
13244, 7, 7 
40451, 7, 7 
55088, 7, 7 
57376, 7, 7 
40712, 7, 7 
15200, 7, 7 
56167, 7, 7 
31396, 7, 7 
2229, 7, 7 
42430, 7, 7 
45691, 7, 7 
37833, 7, 7 
21175, 7, 7 
51384, 7, 7 
55467, 7, 7 
4338, 7, 7 
51088, 7, 7 
446, 7, 7 
54278, 7, 7 
52594, 7, 7 
35978, 7, 7 
35899, 7, 7 
44573, 7, 7 
22530, 7, 7 
42077, 7, 7 
36465, 7, 7 
18951, 7, 7 
15801, 7, 7 
599, 7, 7 
16041, 7, 7 
54912, 7, 7 
38869, 7, 7 
27983, 7, 7 
9198, 7, 7 
30677, 7, 7 
12492, 7, 7 
212, 7, 7 
2054, 7, 7 
2881, 7, 7 
23645, 7, 7 
22131, 7, 7 
57181, 7, 7 
45411, 7, 7 
20280, 7, 7 
30264, 7, 7 
31560, 7, 7 
307, 7, 7 
59468, 7, 7 
1166, 7, 7 
27225, 7, 7 
54555, 7, 7 
17849, 7, 7 
7386, 7, 7 
6597, 7, 7 
12253, 7, 7 
6046, 7, 7 
42191, 7, 7 
27592, 7, 7 
34941, 7, 7 
34230, 7, 7 
23141, 7, 7 
46851, 7, 7 
41972, 7, 7 
31239, 7, 7 
24568, 7, 7 
50351, 7, 7 
18950, 7, 7 
31076, 7, 7 
47570, 7, 7 
42629, 7, 7 
10297, 7, 7 
34689, 7, 7 
36580, 7, 7 
36178, 7, 7 
4680, 7, 7 
7236, 7, 7 
28848, 7, 7 
44443, 7, 7 
53549, 7, 7 
56483, 7, 7 
23752, 7, 7 
52969, 7, 7 
19668, 7, 7 
49818, 7, 7 
28535, 7, 7 
16437, 7, 7 
1789, 7, 7 
54256, 7, 7 
11998, 8, 8 
57450, 8, 8 
20035, 8, 8 
56872, 8, 8 
3073, 8, 8 
32473, 8, 8 
6622, 8, 8 
39382, 8, 8 
44259, 8, 8 
17894, 8, 8 
28364, 8, 8 
14638, 8, 8 
43342, 8, 8 
19148, 8, 8 
50512, 8, 8 
48455, 8, 8 
45529, 8, 8 
34313, 8, 8 
2810, 8, 8 
17084, 8, 8 
51163, 8, 8 
5781, 8, 8 
55284, 8, 8 
17609, 8, 8 
45168, 8, 8 
24889, 8, 8 
29751, 8, 8 
25072, 8, 8 
15149, 8, 8 
40295, 8, 8 
29627, 8, 8 
27740, 8, 8 
54082, 8, 8 
21211, 8, 8 
38069, 8, 8 
54132, 8, 8 
18369, 8, 8 
42417, 8, 8 
11717, 8, 8 
36576, 8, 8 
54954, 8, 8 
24845, 8, 8 
16730, 8, 8 
27045, 8, 8 
1745, 8, 8 
31758, 8, 8 
38596, 8, 8 
18406, 8, 8 
32735, 8, 8 
40939, 8, 8 
55256, 8, 8 
4982, 8, 8 
39131, 8, 8 
18774, 8, 8 
22760, 8, 8 
18657, 8, 8 
6288, 8, 8 
11273, 8, 8 
16073, 8, 8 
50198, 8, 8 
13680, 8, 8 
35950, 8, 8 
19046, 8, 8 
53186, 8, 8 
6495, 8, 8 
48891, 8, 8 
25081, 8, 8 
23078, 8, 8 
38092, 8, 8 
2215, 8, 8 
19692, 8, 8 
8213, 8, 8 
55445, 8, 8 
25984, 8, 8 
27418, 8, 8 
41017, 8, 8 
30050, 8, 8 
9220, 8, 8 
4909, 8, 8 
57493, 8, 8 
3251, 8, 8 
42112, 8, 8 
35783, 8, 8 
16974, 8, 8 
5005, 8, 8 
26474, 8, 8 
24589, 8, 8 
20524, 8, 8 
25301, 8, 8 
5997, 8, 8 
41893, 8, 8 
24396, 8, 8 
9861, 8, 8 
33179, 8, 8 
30964, 8, 8 
6580, 8, 8 
34563, 8, 8 
53485, 8, 8 
57174, 8, 8 
50178, 8, 8 
50114, 8, 8 
3744, 8, 8 
49217, 8, 8 
36854, 8, 8 
25132, 8, 8 
49545, 8, 8 
51487, 8, 8 
8619, 8, 8 
17937, 8, 8 
50347, 8, 8 
25146, 8, 8 
15502, 8, 8 
40715, 8, 8 
55132, 8, 8 
25620, 8, 8 
36325, 8, 8 
38638, 8, 8 
21649, 8, 8 
20102, 8, 8 
24130, 8, 8 
53745, 8, 8 
37704, 8, 8 
2781, 8, 8 
42699, 8, 8 
13378, 8, 8 
628, 8, 8 
52733, 8, 8 
51105, 8, 8 
35295, 8, 8 
43945, 8, 8 
34979, 8, 8 
23190, 8, 8 
29634, 8, 8 
6041, 8, 8 
57697, 8, 8 
19067, 8, 8 
26532, 8, 8 
11176, 8, 8 
20372, 8, 8 
17818, 8, 8 
44974, 8, 8 
39876, 8, 8 
12268, 8, 8 
14791, 8, 8 
46, 8, 8 
19756, 8, 8 
55557, 8, 8 
21943, 8, 8 
34540, 8, 8 
46631, 8, 8 
47298, 8, 8 
17027, 8, 8 
41035, 8, 8 
46478, 8, 8 
28023, 8, 8 
25849, 8, 8 
39242, 8, 8 
36386, 8, 8 
10151, 8, 8 
15739, 8, 8 
32926, 8, 8 
33451, 8, 8 
27386, 8, 8 
41393, 8, 8 
25008, 8, 8 
20364, 8, 8 
5042, 8, 8 
59173, 8, 8 
47851, 8, 8 
11457, 8, 8 
4148, 8, 8 
6404, 8, 8 
19951, 8, 8 
46337, 8, 8 
59763, 8, 8 
35847, 8, 8 
38044, 8, 8 
53574, 8, 8 
10889, 8, 8 
27459, 8, 8 
202, 8, 8 
55611, 8, 8 
56536, 8, 8 
16750, 8, 8 
56056, 8, 8 
8690, 8, 8 
43165, 8, 8 
2210, 8, 8 
48382, 8, 8 
32553, 8, 8 
22724, 8, 8 
43907, 8, 8 
7297, 8, 8 
21593, 8, 8 
9117, 8, 8 
49701, 8, 8 
25556, 8, 8 
37910, 8, 8 
54896, 8, 8 
11067, 8, 8 
37539, 8, 8 
25445, 8, 8 
28891, 8, 8 
29531, 8, 8 
32279, 8, 8 
54034, 8, 8 
10720, 8, 8 
39094, 8, 8 
37344, 8, 8 
40306, 8, 8 
47719, 8, 8 
21065, 8, 8 
40708, 8, 8 
14987, 8, 8 
44874, 8, 8 
56647, 8, 8 
10927, 8, 8 
18378, 8, 8 
35921, 8, 8 
30771, 8, 8 
39308, 8, 8 
37458, 8, 8 
39479, 8, 8 
47748, 8, 8 
29393, 8, 8 
44200, 8, 8 
15807, 8, 8 
59627, 8, 8 
42006, 8, 8 
29700, 8, 8 
3928, 8, 8 
20785, 8, 8 
29198, 8, 8 
740, 8, 8 
54747, 8, 8 
24460, 8, 8 
48842, 8, 8 
30268, 8, 8 
54047, 8, 8 
47964, 8, 8 
18619, 8, 8 
16339, 8, 8 
15158, 8, 8 
39951, 8, 8 
14494, 8, 8 
12335, 8, 8 
32225, 8, 8 
21399, 8, 8 
46285, 8, 8 
37608, 8, 8 
31845, 8, 8 
48339, 8, 8 
19194, 8, 8 
7642, 8, 8 
34678, 8, 8 
40645, 8, 8 
33778, 8, 8 
265, 8, 8 
50625, 8, 8 
5200, 8, 8 
37075, 8, 8 
26762, 8, 8 
53112, 8, 8 
21733, 8, 8 
49715, 8, 8 
27493, 8, 8 
55530, 8, 8 
44695, 8, 8 
4440, 8, 8 
54645, 8, 8 
25686, 8, 8 
51861, 8, 8 
19371, 8, 8 
9559, 8, 8 
46904, 8, 8 
9640, 8, 8 
43731, 8, 8 
36681, 8, 8 
45286, 8, 8 
54705, 8, 8 
45679, 8, 8 
46753, 8, 8 
40245, 8, 8 
37979, 8, 8 
41564, 8, 8 
14093, 8, 8 
47154, 8, 8 
54195, 8, 8 
23729, 8, 8 
8324, 8, 8 
6322, 8, 8 
50762, 8, 8 
38832, 8, 8 
48309, 8, 8 
24349, 8, 8 
33898, 8, 8 
146, 8, 8 
18660, 8, 8 
19835, 8, 8 
46231, 8, 8 
17456, 8, 8 
27251, 8, 8 
48155, 8, 8 
24234, 8, 8 
35017, 8, 8 
42682, 8, 8 
34663, 8, 8 
13518, 8, 8 
10054, 8, 8 
58028, 8, 8 
3872, 8, 8 
45802, 8, 8 
8719, 8, 8 
3658, 8, 8 
16340, 8, 8 
53996, 8, 8 
11625, 8, 8 
27197, 8, 8 
29921, 8, 8 
14270, 8, 8 
734, 8, 8 
9554, 8, 8 
39793, 8, 8 
27399, 8, 8 
40233, 8, 8 
8359, 8, 8 
24137, 8, 8 
44163, 8, 8 
38119, 8, 8 
32742, 8, 8 
44875, 8, 8 
22136, 8, 8 
17112, 8, 8 
27372, 8, 8 
26996, 8, 8 
10895, 8, 8 
18047, 8, 8 
21161, 8, 8 
4058, 8, 8 
43099, 8, 8 
21089, 8, 8 
38979, 8, 8 
56141, 8, 8 
38734, 8, 8 
2972, 8, 8 
54268, 8, 8 
36651, 8, 8 
5800, 8, 8 
51172, 8, 8 
47297, 8, 8 
53170, 8, 8 
28433, 8, 8 
29576, 8, 8 
49766, 8, 8 
59309, 8, 8 
26036, 8, 8 
3845, 8, 8 
45684, 8, 8 
14728, 8, 8 
7436, 8, 8 
30239, 8, 8 
53513, 8, 8 
53092, 8, 8 
15532, 8, 8 
45646, 8, 8 
54920, 8, 8 
43793, 8, 8 
20269, 8, 8 
31738, 8, 8 
3584, 8, 8 
24654, 8, 8 
56170, 8, 8 
39599, 8, 8 
23817, 8, 8 
16937, 8, 8 
39547, 8, 8 
35772, 8, 8 
53520, 8, 8 
42679, 8, 8 
46258, 8, 8 
44945, 8, 8 
51968, 8, 8 
46233, 8, 8 
31080, 8, 8 
5597, 8, 8 
44631, 8, 8 
6417, 8, 8 
52283, 8, 8 
15979, 8, 8 
23562, 8, 8 
12848, 8, 8 
31968, 8, 8 
58787, 8, 8 
21694, 8, 8 
41394, 8, 8 
4621, 8, 8 
53131, 8, 8 
57355, 8, 8 
57580, 8, 8 
10061, 8, 8 
21868, 8, 8 
29092, 8, 8 
35300, 8, 8 
97, 8, 8 
46794, 8, 8 
40275, 8, 8 
53155, 8, 8 
25131, 8, 8 
19807, 8, 8 
51414, 8, 8 
34320, 8, 8 
52398, 8, 8 
1279, 8, 8 
31770, 8, 8 
16179, 8, 8 
10733, 8, 8 
20807, 8, 8 
24160, 8, 8 
47525, 8, 8 
49808, 8, 8 
1105, 8, 8 
3040, 8, 8 
48655, 8, 8 
53036, 8, 8 
59097, 8, 8 
49176, 8, 8 
38805, 8, 8 
58762, 8, 8 
11355, 8, 8 
51612, 8, 8 
34575, 8, 8 
32105, 8, 8 
7539, 8, 8 
12099, 8, 8 
51008, 8, 8 
24686, 8, 8 
9852, 8, 8 
9832, 8, 8 
39604, 8, 8 
31530, 8, 8 
9250, 8, 8 
188, 8, 8 
20919, 8, 8 
44171, 8, 8 
35848, 8, 8 
26628, 8, 8 
32717, 8, 8 
54889, 8, 8 
54226, 8, 8 
34758, 8, 8 
46397, 8, 8 
51053, 8, 8 
41253, 8, 8 
34029, 8, 8 
40158, 8, 8 
34734, 8, 8 
963, 8, 8 
58046, 8, 8 
13151, 8, 8 
30418, 8, 8 
28892, 8, 8 
32259, 8, 8 
19790, 8, 8 
57077, 8, 8 
17803, 8, 8 
31248, 8, 8 
33193, 8, 8 
3918, 8, 8 
11940, 8, 8 
32935, 8, 8 
30374, 8, 8 
46505, 8, 8 
52983, 8, 8 
27185, 8, 8 
11311, 8, 8 
32218, 8, 8 
42259, 8, 8 
23750, 8, 8 
24416, 8, 8 
38849, 8, 8 
47484, 8, 8 
29618, 8, 8 
17290, 8, 8 
8584, 8, 8 
10447, 8, 8 
8306, 8, 8 
59466, 8, 8 
29711, 8, 8 
20261, 8, 8 
25736, 8, 8 
55766, 8, 8 
32161, 8, 8 
30147, 8, 8 
49250, 8, 8 
52218, 8, 8 
58960, 8, 8 
15623, 8, 8 
8915, 8, 8 
17751, 8, 8 
13189, 8, 8 
56270, 9, 9 
23365, 9, 9 
15517, 9, 9 
14208, 9, 9 
30877, 9, 9 
1683, 9, 9 
42542, 9, 9 
32816, 9, 9 
1027, 9, 9 
41813, 9, 9 
54575, 9, 9 
57880, 9, 9 
22523, 9, 9 
47257, 9, 9 
364, 9, 9 
8060, 9, 9 
50515, 9, 9 
35556, 9, 9 
49679, 9, 9 
23681, 9, 9 
31659, 9, 9 
409, 9, 9 
14142, 9, 9 
24211, 9, 9 
39621, 9, 9 
44547, 9, 9 
24210, 9, 9 
57100, 9, 9 
23057, 9, 9 
51783, 9, 9 
7812, 9, 9 
57039, 9, 9 
50896, 9, 9 
4025, 9, 9 
9122, 9, 9 
8308, 9, 9 
25828, 9, 9 
32316, 9, 9 
50467, 9, 9 
14479, 9, 9 
9642, 9, 9 
59644, 9, 9 
19120, 9, 9 
47459, 9, 9 
20871, 9, 9 
5282, 9, 9 
17826, 9, 9 
47148, 9, 9 
42149, 9, 9 
4127, 9, 9 
51042, 9, 9 
11536, 9, 9 
20282, 9, 9 
14504, 9, 9 
40631, 9, 9 
50806, 9, 9 
45352, 9, 7 
18118, 9, 9 
42173, 9, 9 
19007, 9, 9 
35455, 9, 9 
32532, 9, 9 
45487, 9, 9 
27730, 9, 9 
48836, 9, 9 
25168, 9, 9 
55369, 9, 9 
58898, 9, 9 
58577, 9, 9 
23170, 9, 9 
13717, 9, 9 
23519, 9, 9 
26833, 9, 9 
17622, 9, 9 
9238, 9, 9 
31939, 9, 9 
37773, 9, 9 
2119, 9, 9 
3447, 9, 9 
25874, 9, 7 
53151, 9, 9 
55510, 9, 9 
9893, 9, 9 
53010, 9, 9 
39034, 9, 9 
56230, 9, 9 
13462, 9, 9 
52018, 9, 9 
28789, 9, 9 
29302, 9, 9 
36161, 9, 9 
35892, 9, 9 
42696, 9, 9 
43903, 9, 9 
1286, 9, 9 
39993, 9, 9 
1421, 9, 9 
26486, 9, 9 
3678, 9, 9 
17936, 9, 9 
24825, 9, 9 
17644, 9, 9 
49747, 9, 9 
5501, 9, 9 
29486, 9, 9 
13573, 9, 9 
8671, 9, 9 
48968, 9, 9 
47237, 9, 9 
18401, 9, 9 
31128, 9, 9 
46071, 9, 9 
9061, 9, 9 
44028, 9, 9 
35603, 9, 9 
40341, 9, 9 
57274, 9, 9 
30328, 9, 9 
3296, 9, 9 
59782, 9, 9 
37206, 9, 9 
21138, 9, 9 
17081, 9, 9 
20677, 9, 9 
20184, 9, 9 
57449, 9, 9 
28113, 9, 9 
6010, 9, 9 
33625, 9, 9 
11947, 9, 9 
18602, 9, 9 
12440, 9, 9 
10857, 9, 9 
59314, 9, 9 
11423, 9, 9 
11224, 9, 9 
29170, 9, 9 
31107, 9, 9 
6061, 9, 9 
54266, 9, 9 
5979, 9, 9 
24508, 9, 9 
25083, 9, 9 
14662, 9, 9 
41375, 9, 9 
31809, 9, 9 
20402, 9, 9 
35070, 9, 9 
31394, 9, 9 
17195, 9, 9 
39073, 9, 9 
46206, 9, 9 
40507, 9, 9 
58132, 9, 9 
21748, 9, 9 
12708, 9, 9 
57874, 9, 9 
36181, 9, 9 
12162, 9, 9 
10142, 9, 9 
3227, 9, 9 
39648, 9, 9 
9347, 9, 9 
14934, 9, 9 
58075, 9, 9 
55856, 9, 9 
16137, 9, 9 
44678, 9, 9 
6438, 9, 9 
24999, 9, 9 
24071, 9, 9 
13428, 9, 9 
57759, 9, 9 
48580, 9, 9 
2033, 9, 9 
49464, 9, 9 
56930, 9, 9 
22390, 9, 9 
3346, 9, 9 
29923, 9, 9 
45301, 9, 9 
10438, 9, 9 
9437, 9, 9 
46435, 9, 9 
31213, 9, 9 
6162, 9, 9 
4831, 9, 9 
45980, 9, 9 
7798, 9, 9 
26512, 9, 9 
8998, 9, 9 
36370, 9, 9 
16884, 9, 9 
52333, 9, 9 
42516, 9, 9 
58961, 9, 9 
31244, 9, 9 
11900, 9, 9 
56580, 9, 9 
40685, 9, 9 
38137, 9, 9 
32714, 9, 9 
9483, 9, 9 
43693, 9, 9 
4788, 9, 9 
58076, 9, 9 
33891, 9, 9 
12277, 9, 9 
57670, 9, 9 
53397, 9, 9 
20308, 9, 9 
47103, 9, 9 
49730, 9, 9 
47897, 9, 9 
54698, 9, 9 
56133, 9, 9 
18531, 9, 9 
14922, 9, 9 
10186, 9, 9 
47341, 9, 9 
4555, 9, 9 
48654, 9, 9 
13050, 9, 9 
57152, 9, 9 
29841, 9, 9 
27110, 9, 9 
59814, 9, 9 
31376, 9, 9 
1674, 9, 9 
21020, 9, 9 
5664, 9, 9 
19644, 9, 9 
12061, 9, 9 
9731, 9, 9 
50967, 9, 9 
31326, 9, 9 
59164, 9, 9 
46336, 9, 9 
40439, 9, 9 
30184, 9, 9 
40508, 9, 9 
14235, 9, 9 
15693, 9, 9 
32360, 9, 9 
45242, 9, 9 
14116, 9, 9 
38673, 9, 9 
54069, 9, 9 
28636, 9, 9 
932, 9, 9 
53265, 9, 9 
54064, 9, 9 
50079, 9, 9 
47833, 9, 9 
43950, 9, 9 
33126, 9, 9 
35004, 9, 9 
57187, 9, 9 
54057, 9, 9 
28715, 9, 9 
35812, 9, 9 
38292, 9, 9 
6842, 9, 9 
55711, 9, 9 
57782, 9, 9 
22664, 9, 9 
52061, 9, 9 
39795, 9, 9 
15170, 9, 9 
39762, 9, 9 
27521, 9, 9 
43792, 9, 9 
383, 9, 9 
51099, 9, 9 
27450, 9, 9 
14240, 9, 9 
32047, 9, 9 
4122, 9, 9 
26428, 9, 9 
51574, 9, 9 
35273, 9, 9 
11388, 9, 9 
21245, 9, 9 
7070, 9, 9 
56442, 9, 9 
28088, 9, 9 
37088, 9, 9 
2471, 9, 9 
42367, 9, 9 
25237, 9, 9 
56607, 9, 9 
59899, 9, 9 
35677, 9, 9 
12202, 9, 9 
782, 9, 9 
2595, 9, 9 
20193, 9, 9 
21879, 9, 9 
27448, 9, 9 
58422, 9, 9 
50754, 9, 9 
58332, 9, 9 
51020, 9, 9 
87, 9, 9 
25376, 9, 9 
20267, 9, 9 
18677, 9, 9 
56906, 9, 9 
9176, 9, 9 
44450, 9, 9 
4830, 9, 9 
23515, 9, 9 
20573, 9, 9 
18709, 9, 9 
11970, 9, 9 
23710, 9, 9 
5992, 9, 9 
44025, 9, 9 
11150, 9, 9 
55240, 9, 9 
11825, 9, 9 
16580, 9, 9 
12531, 9, 9 
37919, 9, 9 
3760, 9, 9 
8440, 9, 9 
4826, 9, 9 
31405, 9, 9 
26631, 9, 9 
41219, 9, 9 
53616, 9, 9 
52577, 9, 9 
43845, 9, 9 
21869, 9, 9 
10867, 9, 9 
47874, 9, 9 
1882, 9, 9 
56877, 9, 9 
52500, 9, 9 
44946, 9, 9 
41563, 9, 9 
18211, 9, 9 
4329, 9, 9 
20792, 9, 9 
18458, 9, 9 
9372, 9, 9 
38747, 9, 9 
49121, 9, 9 
4, 9, 9 
7217, 9, 9 
13757, 9, 9 
1399, 9, 9 
42946, 9, 9 
27817, 9, 9 
13526, 9, 9 
7791, 9, 9 
59771, 9, 9 
43282, 9, 9 
41855, 9, 9 
6765, 9, 9 
26845, 9, 9 
42124, 9, 9 
13971, 9, 9 
27304, 9, 9 
45415, 9, 9 
6334, 9, 9 
28213, 9, 9 
21165, 9, 9 
19938, 9, 9 
27515, 9, 9 
36024, 9, 9 
33215, 9, 9 
17346, 9, 9 
43667, 9, 9 
31089, 9, 9 
39816, 9, 9 
42890, 9, 9 
2643, 9, 9 
38740, 9, 9 
57299, 9, 9 
36678, 9, 9 
1410, 9, 9 
34694, 9, 9 
16409, 9, 9 
30103, 9, 9 
580, 9, 9 
29738, 9, 9 
20826, 9, 9 
53661, 9, 9 
48255, 9, 9 
39229, 9, 9 
42385, 9, 9 
52618, 9, 9 
26566, 9, 9 
52929, 9, 9 
15745, 9, 9 
56884, 9, 9 
46602, 9, 9 
43146, 9, 9 
3076, 9, 9 
21032, 9, 9 
27688, 9, 9 
8220, 9, 9 
57444, 9, 9 
36102, 9, 9 
20270, 9, 9 
43611, 9, 9 
35941, 9, 9 
59741, 9, 9 
12200, 9, 9 
45449, 9, 9 
2041, 9, 9 
29553, 9, 9 
33366, 9, 9 
17958, 9, 9 
45007, 9, 9 
38183, 9, 9 
38353, 9, 9 
53250, 9, 9 
32504, 9, 9 
1426, 9, 9 
23624, 9, 9 
3621, 9, 9 
24759, 9, 9 
44618, 9, 9 
38760, 9, 9 
39549, 9, 9 
38046, 9, 9 
39064, 9, 9 
55247, 9, 9 
5457, 9, 9 
1695, 9, 9 
7478, 9, 9 
49226, 9, 9 
13997, 9, 9 
24092, 9, 9 
20700, 9, 9 
59021, 9, 9 
33141, 9, 9 
13359, 9, 9 
27904, 9, 9 
12832, 9, 9 
18666, 9, 9 
38031, 9, 9 
36074, 9, 9 
50557, 9, 9 
40050, 9, 9 
51581, 9, 9 
42773, 9, 9 
47040, 9, 9 
49272, 9, 9 
37247, 9, 9 
39802, 9, 9 
52304, 9, 9 
21686, 9, 9 
30138, 9, 9 
13949, 9, 9 
14332, 9, 9 
47489, 9, 9 
11096, 9, 9 
50128, 9, 9 
14120, 9, 9 
49227, 9, 9 
18746, 9, 9 
7936, 9, 9 
14493, 9, 9 
45756, 9, 9 
30385, 9, 9 
48584, 9, 9 
37641, 9, 9 
29390, 9, 9 
41738, 9, 9 
51512, 9, 9 
38930, 9, 9 
9070, 9, 9 
53070, 9, 9 
21639, 9, 9 
9941, 9, 9 
51545, 9, 9 
5518, 9, 9 
54599, 9, 9 
33576, 9, 9 
46263, 9, 9 
57333, 9, 9 
31141, 9, 9 
46497, 9, 9 
45120, 9, 9 
51280, 9, 9 
3030, 9, 9 
43158, 9, 9 
54713, 9, 9 
36934, 9, 9 
10794, 9, 9 
44486, 9, 9 
57129, 9, 9 
704, 9, 9 
49335, 9, 9 
15124, 9, 9 
3069, 9, 9 
45762, 9, 9 
