id, true label, predicted label 
17648, 0, 0 
22860, 0, 0 
15530, 0, 0 
30943, 0, 0 
55907, 0, 0 
33214, 0, 0 
22213, 0, 0 
15198, 0, 0 
39202, 0, 0 
40180, 0, 0 
25743, 0, 0 
1268, 0, 0 
1590, 0, 0 
45522, 0, 0 
4793, 0, 0 
47452, 0, 0 
57073, 0, 0 
19871, 0, 0 
28818, 0, 0 
13873, 0, 0 
21132, 0, 0 
31430, 0, 0 
48196, 0, 0 
43665, 0, 0 
17381, 0, 0 
13955, 0, 0 
39701, 0, 0 
59784, 0, 0 
7371, 0, 0 
56397, 0, 0 
37141, 0, 0 
49013, 0, 0 
43188, 0, 0 
45083, 0, 0 
24121, 0, 0 
57154, 0, 0 
24480, 0, 0 
11014, 0, 0 
23297, 0, 0 
39233, 0, 0 
18893, 0, 0 
4981, 0, 0 
31937, 0, 0 
53339, 0, 0 
15734, 0, 0 
17923, 0, 0 
15971, 0, 0 
37946, 0, 0 
20510, 0, 0 
9297, 0, 0 
39620, 0, 0 
37787, 0, 0 
18112, 0, 0 
49533, 0, 0 
5398, 0, 0 
21353, 0, 0 
48547, 0, 0 
14165, 0, 0 
19454, 0, 0 
7364, 0, 0 
21078, 0, 0 
28357, 0, 0 
20814, 0, 0 
31505, 0, 0 
5010, 0, 0 
55275, 0, 0 
47324, 0, 0 
55029, 0, 0 
293, 0, 0 
43445, 0, 0 
9963, 0, 0 
49281, 0, 0 
12180, 0, 0 
54414, 0, 0 
31194, 0, 0 
58053, 0, 0 
59712, 0, 0 
14746, 0, 0 
10195, 0, 0 
58073, 0, 0 
889, 0, 0 
8894, 0, 0 
49059, 0, 0 
40251, 0, 0 
48960, 0, 0 
41729, 0, 0 
36871, 0, 0 
25325, 0, 0 
25039, 0, 0 
27109, 0, 0 
283, 0, 0 
2538, 0, 0 
58350, 0, 0 
10781, 0, 0 
1712, 0, 0 
14110, 0, 0 
30578, 0, 0 
7066, 0, 0 
55398, 0, 0 
53851, 0, 0 
29570, 0, 0 
2440, 0, 0 
10469, 0, 0 
10363, 0, 0 
4505, 0, 0 
40173, 0, 0 
39854, 0, 0 
54121, 0, 0 
13769, 0, 0 
3247, 0, 0 
30434, 0, 0 
10840, 0, 0 
39175, 0, 0 
1107, 0, 0 
51019, 0, 0 
45193, 0, 0 
435, 0, 0 
18137, 0, 0 
169, 0, 0 
12839, 0, 0 
40825, 0, 0 
43965, 0, 0 
42250, 0, 0 
36689, 0, 0 
38025, 0, 0 
4556, 0, 0 
47422, 0, 0 
56236, 0, 0 
37113, 0, 0 
44777, 0, 0 
54445, 0, 0 
37914, 0, 0 
48176, 0, 0 
8369, 0, 0 
54433, 0, 0 
34553, 0, 0 
49954, 0, 0 
32009, 0, 0 
19485, 0, 0 
44766, 0, 0 
57705, 0, 0 
33904, 0, 0 
50385, 0, 0 
36797, 0, 0 
1742, 0, 0 
23113, 0, 0 
15065, 0, 0 
26366, 0, 0 
15882, 0, 0 
56159, 0, 0 
50407, 0, 0 
40150, 0, 0 
59510, 0, 0 
3309, 0, 0 
31202, 0, 0 
46375, 0, 0 
47205, 0, 0 
6819, 0, 0 
22317, 0, 0 
4608, 0, 0 
4289, 0, 0 
58769, 0, 0 
22436, 0, 0 
37189, 0, 0 
35782, 0, 0 
12992, 0, 0 
246, 0, 0 
24985, 0, 0 
43561, 0, 0 
23589, 0, 0 
24877, 0, 0 
30751, 0, 0 
2729, 0, 0 
26619, 0, 0 
12573, 0, 0 
45035, 0, 0 
25024, 0, 0 
17285, 0, 0 
47419, 0, 0 
1645, 0, 0 
28888, 0, 0 
997, 0, 0 
5266, 0, 0 
32727, 0, 0 
16178, 0, 0 
52593, 0, 0 
9869, 0, 0 
27023, 0, 0 
48719, 0, 0 
17133, 0, 0 
54689, 0, 0 
29706, 0, 0 
35646, 0, 0 
29848, 0, 0 
11409, 0, 0 
47241, 0, 0 
57397, 0, 0 
16543, 0, 0 
33277, 0, 0 
234, 0, 0 
53174, 0, 0 
17693, 0, 0 
44796, 0, 0 
13450, 0, 0 
43020, 0, 0 
11514, 0, 0 
35185, 0, 0 
13197, 0, 0 
38873, 0, 0 
39050, 0, 0 
15863, 0, 0 
44660, 0, 0 
28358, 0, 0 
7664, 0, 0 
17871, 0, 0 
25814, 0, 0 
45189, 0, 0 
669, 0, 0 
37303, 0, 0 
59023, 0, 0 
20060, 0, 0 
29394, 0, 0 
30009, 0, 0 
53957, 0, 0 
6179, 0, 0 
58861, 0, 0 
5096, 0, 0 
34847, 0, 0 
30923, 0, 0 
10340, 0, 0 
58110, 0, 0 
25085, 0, 0 
21534, 0, 0 
32160, 0, 0 
45230, 0, 0 
9131, 0, 0 
55556, 0, 0 
57359, 0, 0 
23104, 0, 0 
24495, 0, 0 
41743, 0, 0 
57659, 0, 0 
30605, 0, 0 
53381, 0, 0 
20846, 0, 0 
50539, 0, 0 
51826, 0, 0 
47344, 0, 0 
51415, 0, 0 
30548, 0, 0 
18665, 0, 0 
4444, 0, 0 
54486, 0, 0 
29676, 0, 0 
32693, 0, 0 
15993, 0, 0 
4931, 0, 0 
30156, 0, 0 
50630, 0, 0 
7894, 0, 0 
9523, 0, 0 
56347, 0, 0 
45589, 0, 0 
39463, 0, 0 
6591, 0, 0 
55752, 0, 0 
8813, 0, 0 
40877, 0, 0 
51889, 0, 0 
32237, 0, 0 
37656, 0, 0 
20681, 0, 0 
23616, 0, 0 
40002, 0, 0 
42389, 0, 0 
16085, 0, 0 
36146, 0, 0 
57727, 0, 0 
19189, 0, 0 
3585, 0, 0 
55105, 0, 0 
28186, 0, 0 
6008, 0, 0 
45384, 0, 0 
38157, 0, 0 
4115, 0, 0 
29579, 0, 0 
45129, 0, 0 
52047, 0, 0 
35905, 0, 0 
55410, 0, 0 
6973, 0, 0 
44448, 0, 0 
56023, 0, 0 
50127, 0, 0 
29677, 0, 0 
5115, 0, 0 
21640, 0, 0 
52728, 0, 0 
12550, 0, 0 
20719, 0, 0 
19645, 0, 0 
49086, 0, 0 
8157, 0, 0 
12516, 0, 0 
49594, 0, 0 
25344, 0, 0 
12324, 0, 0 
49622, 0, 0 
56459, 0, 0 
53319, 0, 0 
6357, 0, 0 
21735, 0, 0 
35659, 0, 0 
57221, 0, 0 
15692, 0, 0 
9695, 0, 0 
19861, 0, 0 
54927, 0, 0 
59155, 0, 0 
35667, 0, 0 
54349, 0, 0 
53893, 0, 0 
36168, 0, 0 
58306, 0, 0 
23709, 0, 0 
30828, 0, 0 
27982, 0, 0 
31661, 0, 0 
45682, 0, 0 
40565, 0, 0 
14019, 0, 0 
28272, 0, 0 
68, 0, 0 
23882, 0, 0 
14649, 0, 0 
20238, 0, 0 
17761, 0, 0 
23579, 0, 0 
42074, 0, 0 
20088, 0, 0 
30707, 0, 0 
29039, 0, 0 
5072, 0, 0 
23372, 0, 0 
26415, 0, 0 
30352, 0, 0 
21996, 0, 0 
59557, 0, 0 
55251, 0, 0 
42091, 0, 0 
19009, 0, 0 
26339, 0, 0 
47139, 0, 0 
55576, 0, 0 
13175, 0, 0 
59099, 0, 0 
9035, 0, 0 
34619, 0, 0 
57760, 0, 0 
35432, 0, 0 
36621, 0, 0 
34213, 0, 0 
27900, 0, 0 
6607, 0, 0 
48322, 0, 0 
30223, 0, 0 
23044, 0, 0 
19292, 0, 0 
33111, 0, 0 
19872, 0, 0 
16217, 0, 0 
4849, 0, 0 
33257, 0, 0 
18718, 0, 0 
689, 0, 0 
58609, 0, 0 
11559, 0, 0 
49903, 0, 0 
57542, 0, 0 
59433, 0, 0 
40820, 0, 0 
56949, 0, 0 
27411, 0, 0 
19049, 0, 0 
14092, 0, 0 
54595, 0, 0 
5196, 0, 0 
8838, 0, 0 
55745, 0, 0 
57995, 0, 0 
8159, 0, 0 
25137, 0, 0 
47072, 0, 0 
24151, 0, 0 
38035, 0, 0 
9983, 0, 0 
56217, 0, 0 
37408, 0, 0 
38484, 0, 0 
51520, 0, 0 
9257, 0, 0 
18028, 0, 0 
45837, 0, 0 
42081, 0, 0 
45165, 0, 0 
56778, 0, 0 
5612, 0, 0 
15648, 0, 0 
27512, 0, 0 
32800, 0, 0 
43045, 0, 0 
21658, 0, 0 
54328, 0, 0 
54817, 0, 0 
4565, 0, 0 
6400, 0, 0 
45540, 0, 0 
38949, 0, 0 
47480, 0, 0 
2890, 0, 0 
19240, 0, 0 
19258, 0, 0 
15928, 0, 0 
10140, 0, 0 
32092, 0, 0 
26315, 0, 0 
36562, 0, 0 
9698, 0, 0 
45418, 0, 0 
3213, 0, 0 
45544, 0, 0 
11526, 0, 0 
29177, 0, 0 
59272, 0, 0 
7183, 0, 0 
58402, 0, 0 
28428, 0, 0 
59421, 0, 0 
53255, 0, 0 
20349, 0, 0 
32746, 0, 0 
53469, 0, 0 
26832, 0, 0 
57408, 0, 0 
7318, 0, 0 
44333, 0, 0 
22874, 0, 0 
50476, 0, 0 
51265, 0, 0 
20591, 0, 0 
16679, 0, 0 
10456, 0, 0 
26881, 0, 0 
20391, 0, 0 
22629, 0, 0 
43265, 0, 0 
19612, 0, 0 
26597, 0, 0 
5461, 0, 0 
9067, 0, 0 
37220, 0, 0 
31020, 0, 0 
45145, 0, 0 
22636, 0, 0 
20392, 0, 0 
6441, 0, 0 
11993, 0, 0 
59197, 0, 0 
13889, 0, 0 
13854, 0, 0 
1078, 0, 0 
10323, 0, 0 
59972, 0, 0 
45504, 0, 0 
7708, 0, 0 
6684, 0, 0 
7485, 0, 0 
209, 0, 0 
53573, 0, 0 
55631, 0, 0 
4918, 0, 0 
18658, 0, 0 
57707, 0, 0 
4597, 0, 0 
42488, 0, 0 
8355, 0, 0 
20548, 0, 0 
11077, 0, 0 
54942, 0, 0 
54214, 0, 0 
22897, 0, 0 
40336, 0, 0 
39631, 0, 0 
53936, 0, 0 
34037, 0, 0 
10242, 0, 0 
46183, 0, 0 
27854, 0, 0 
35327, 0, 0 
39157, 1, 1 
41073, 1, 1 
28673, 1, 1 
28063, 1, 1 
27388, 1, 1 
10667, 1, 1 
54947, 1, 1 
9960, 1, 1 
8452, 1, 1 
30901, 1, 1 
45331, 1, 1 
12049, 1, 1 
41474, 1, 1 
6436, 1, 1 
11666, 1, 1 
40086, 1, 1 
9599, 1, 1 
32743, 1, 1 
17541, 1, 1 
47977, 1, 1 
45502, 1, 1 
29087, 1, 1 
3897, 1, 1 
56057, 1, 1 
56865, 1, 1 
20678, 1, 1 
11387, 1, 1 
13725, 1, 1 
4920, 1, 1 
21409, 1, 1 
34418, 1, 1 
12642, 1, 1 
38709, 1, 1 
25600, 1, 1 
50032, 1, 1 
7716, 1, 1 
44079, 1, 1 
49186, 1, 1 
18176, 1, 1 
25087, 1, 1 
42462, 1, 1 
19516, 1, 1 
40982, 1, 1 
42189, 1, 1 
25336, 1, 1 
23118, 1, 1 
7222, 1, 1 
12746, 1, 1 
27681, 1, 1 
20279, 1, 1 
40148, 1, 1 
45666, 1, 1 
27879, 1, 1 
3321, 1, 1 
34033, 1, 1 
57829, 1, 1 
34403, 1, 1 
43336, 1, 1 
3122, 1, 1 
51187, 1, 1 
4623, 1, 1 
15763, 1, 1 
46291, 1, 1 
45499, 1, 1 
25825, 1, 1 
15803, 1, 1 
16660, 1, 1 
52575, 1, 1 
55939, 1, 1 
26479, 1, 1 
2731, 1, 1 
25847, 1, 1 
5428, 1, 1 
28000, 1, 1 
2307, 1, 1 
52075, 1, 1 
36110, 1, 1 
47868, 1, 1 
37732, 1, 1 
4294, 1, 1 
19029, 1, 1 
20899, 1, 1 
47991, 1, 1 
16050, 1, 1 
19782, 1, 1 
13923, 1, 1 
41289, 1, 1 
41518, 1, 1 
57614, 1, 1 
231, 1, 1 
20131, 1, 1 
28056, 1, 1 
32306, 1, 1 
33705, 1, 1 
22478, 1, 1 
16345, 1, 1 
48119, 1, 1 
43300, 1, 1 
2938, 1, 1 
28804, 1, 1 
16455, 1, 1 
59114, 1, 1 
44724, 1, 1 
14870, 1, 1 
3149, 1, 1 
50367, 1, 1 
7729, 1, 1 
41238, 1, 1 
13254, 1, 1 
18266, 1, 1 
6885, 1, 1 
53016, 1, 1 
21702, 1, 1 
3885, 1, 1 
48900, 1, 1 
5375, 1, 1 
38724, 1, 1 
29222, 1, 1 
53409, 1, 1 
57673, 1, 1 
49504, 1, 1 
28291, 1, 1 
27821, 1, 1 
871, 1, 1 
36297, 1, 1 
16153, 1, 1 
44792, 1, 1 
52807, 1, 1 
41852, 1, 1 
4504, 1, 1 
1200, 1, 1 
42098, 1, 1 
16608, 1, 1 
49134, 1, 1 
30471, 1, 1 
38125, 1, 1 
57022, 1, 1 
35430, 1, 1 
37926, 1, 1 
12952, 1, 1 
7406, 1, 1 
41732, 1, 1 
16944, 1, 1 
13474, 1, 1 
47272, 1, 1 
398, 1, 1 
24811, 1, 1 
32540, 1, 1 
43350, 1, 1 
45955, 1, 1 
26087, 1, 1 
51110, 1, 1 
6998, 1, 1 
618, 1, 1 
32635, 1, 1 
16525, 1, 1 
14585, 1, 1 
40294, 1, 1 
2134, 1, 1 
11537, 1, 1 
6977, 1, 1 
37674, 1, 1 
12885, 1, 1 
48844, 1, 1 
29986, 1, 1 
40314, 1, 1 
27091, 1, 1 
19898, 1, 1 
5500, 1, 1 
31487, 1, 1 
5903, 1, 1 
7424, 1, 1 
57223, 1, 1 
21990, 1, 1 
59527, 1, 1 
18163, 1, 1 
29260, 1, 1 
55524, 1, 1 
55222, 1, 1 
1003, 1, 1 
9199, 1, 1 
22476, 1, 1 
20036, 1, 1 
25003, 1, 1 
27707, 1, 1 
40140, 1, 1 
59919, 1, 1 
48079, 1, 1 
26924, 1, 1 
42537, 1, 1 
54773, 1, 1 
52361, 1, 1 
49194, 1, 1 
59697, 1, 1 
5301, 1, 1 
35089, 1, 1 
45767, 1, 1 
10885, 1, 1 
29173, 1, 1 
30628, 1, 1 
20987, 1, 1 
35699, 1, 1 
30368, 1, 1 
38206, 1, 1 
7656, 1, 1 
36924, 1, 1 
31920, 1, 1 
34777, 1, 1 
47837, 1, 1 
15152, 1, 1 
32559, 1, 1 
17028, 1, 1 
16475, 1, 1 
1717, 1, 1 
53824, 1, 1 
2318, 1, 1 
29288, 1, 1 
45790, 1, 1 
45693, 1, 1 
24222, 1, 1 
32536, 1, 1 
40974, 1, 1 
43162, 1, 1 
58677, 1, 1 
53326, 1, 1 
27003, 1, 1 
10565, 1, 1 
99, 1, 1 
25781, 1, 1 
34383, 1, 1 
50788, 1, 1 
11504, 1, 1 
470, 1, 1 
58466, 1, 1 
41944, 1, 1 
41623, 1, 1 
3714, 1, 1 
12241, 1, 1 
3019, 1, 1 
34796, 1, 1 
45665, 1, 1 
39437, 1, 1 
31048, 1, 1 
351, 1, 1 
21220, 1, 1 
26409, 1, 1 
9507, 1, 1 
24102, 1, 1 
23417, 1, 1 
31122, 1, 1 
18070, 1, 1 
25428, 1, 1 
47268, 1, 1 
46093, 1, 1 
38941, 1, 1 
14656, 1, 1 
13581, 1, 1 
16636, 1, 1 
21847, 1, 1 
33856, 1, 1 
32937, 1, 1 
8512, 1, 1 
47642, 1, 1 
33354, 1, 1 
56750, 1, 1 
28718, 1, 1 
34074, 1, 1 
25948, 1, 1 
40537, 1, 1 
52143, 1, 1 
52395, 1, 1 
59836, 1, 1 
39797, 1, 1 
38263, 1, 1 
33394, 1, 1 
51544, 1, 1 
50237, 1, 1 
31727, 1, 1 
17005, 1, 1 
35252, 1, 1 
12412, 1, 1 
25064, 1, 1 
18545, 1, 1 
184, 1, 1 
7472, 1, 1 
9930, 1, 1 
30073, 1, 1 
52120, 1, 1 
36288, 1, 1 
21474, 1, 1 
11418, 1, 1 
12632, 1, 1 
34269, 1, 1 
17030, 1, 1 
50016, 1, 1 
20094, 1, 1 
25036, 1, 1 
2831, 1, 1 
57929, 1, 1 
42307, 1, 1 
25702, 1, 1 
50709, 1, 1 
38056, 1, 1 
3755, 1, 1 
33750, 1, 1 
30457, 1, 1 
23854, 1, 1 
23911, 1, 1 
36898, 1, 1 
6142, 1, 1 
30140, 1, 1 
8160, 1, 1 
48956, 1, 1 
3430, 1, 1 
1700, 1, 1 
24143, 1, 1 
42406, 1, 1 
58309, 1, 1 
7630, 1, 1 
5176, 1, 1 
53849, 1, 1 
22347, 1, 1 
38027, 1, 1 
53930, 1, 1 
52382, 1, 1 
32704, 1, 1 
46141, 1, 1 
58147, 1, 1 
8919, 1, 1 
42768, 1, 1 
47200, 1, 1 
55714, 1, 1 
26905, 1, 1 
4190, 1, 1 
39878, 1, 1 
16211, 1, 1 
49068, 1, 1 
30430, 1, 1 
54786, 1, 1 
35565, 1, 1 
15427, 1, 1 
51468, 1, 1 
27831, 1, 1 
22928, 1, 1 
49154, 1, 1 
19724, 1, 1 
29233, 1, 1 
3468, 1, 1 
26476, 1, 1 
29062, 1, 1 
21908, 1, 1 
4696, 1, 1 
45627, 1, 1 
47216, 1, 1 
28894, 1, 1 
50489, 1, 1 
58576, 1, 1 
43616, 1, 1 
4978, 1, 1 
26910, 1, 1 
44207, 1, 1 
42999, 1, 1 
13102, 1, 1 
29551, 1, 1 
20749, 1, 1 
14098, 1, 1 
58685, 1, 1 
4484, 1, 1 
34588, 1, 1 
41723, 1, 1 
15684, 1, 1 
14516, 1, 1 
26268, 1, 1 
59671, 1, 1 
10136, 1, 1 
15962, 1, 1 
30535, 1, 1 
2599, 1, 1 
6683, 1, 1 
24216, 1, 1 
15697, 1, 1 
30906, 1, 1 
12399, 1, 1 
33268, 1, 1 
23390, 1, 1 
23097, 1, 1 
25450, 1, 1 
39072, 1, 1 
53041, 1, 1 
56423, 1, 1 
23693, 1, 1 
8903, 1, 1 
9350, 1, 1 
45541, 1, 1 
4924, 1, 1 
26539, 1, 1 
8660, 1, 1 
20755, 1, 1 
50678, 1, 1 
2198, 1, 1 
33417, 1, 1 
37650, 1, 1 
47333, 1, 1 
43704, 1, 1 
41777, 1, 1 
22798, 1, 1 
46552, 1, 1 
5601, 1, 1 
13307, 1, 1 
3456, 1, 1 
38774, 1, 1 
38097, 1, 1 
18833, 1, 1 
15135, 1, 1 
35399, 1, 1 
13266, 1, 1 
43933, 1, 1 
55046, 1, 1 
52521, 1, 1 
42974, 1, 1 
20852, 1, 1 
36997, 1, 1 
50731, 1, 1 
13315, 1, 1 
6783, 1, 1 
43025, 1, 1 
4708, 1, 1 
44524, 1, 1 
18942, 1, 1 
44582, 1, 1 
45092, 1, 1 
17639, 1, 1 
4750, 1, 1 
22586, 1, 1 
59230, 1, 1 
13674, 1, 1 
38769, 1, 1 
32554, 1, 1 
41454, 1, 1 
5950, 1, 1 
12842, 1, 1 
19388, 1, 1 
4486, 1, 1 
28656, 1, 1 
18664, 1, 1 
4731, 1, 1 
14879, 1, 1 
2123, 1, 1 
38337, 1, 1 
4407, 1, 1 
25940, 1, 1 
43989, 1, 1 
40848, 1, 1 
9480, 1, 1 
42194, 1, 1 
36094, 1, 1 
41226, 1, 1 
32718, 1, 1 
41596, 1, 1 
3473, 1, 1 
46507, 1, 1 
35244, 1, 1 
31377, 1, 1 
21699, 1, 1 
43142, 1, 1 
25885, 1, 1 
52489, 1, 1 
19339, 1, 1 
35710, 1, 1 
58022, 1, 1 
17171, 1, 1 
18683, 1, 1 
46949, 1, 1 
40983, 1, 1 
38558, 1, 1 
29514, 1, 1 
8319, 1, 1 
59521, 1, 1 
23399, 1, 1 
40178, 1, 1 
50682, 1, 1 
28355, 1, 1 
28837, 1, 1 
42339, 1, 1 
36814, 1, 1 
39364, 1, 1 
22153, 1, 1 
43879, 1, 1 
47928, 1, 1 
12643, 1, 1 
35654, 1, 1 
51784, 1, 1 
6613, 1, 1 
2994, 1, 1 
32823, 1, 1 
44359, 1, 1 
56696, 1, 1 
16876, 1, 1 
26133, 1, 1 
30214, 1, 1 
3244, 2, 2 
53430, 2, 2 
28126, 2, 2 
21254, 2, 2 
14118, 2, 2 
35832, 2, 2 
7432, 2, 2 
1096, 2, 2 
31047, 2, 2 
8852, 2, 2 
35198, 2, 2 
54318, 2, 2 
32024, 2, 2 
55982, 2, 2 
45561, 2, 2 
30353, 2, 2 
36631, 2, 2 
25309, 2, 2 
17895, 2, 2 
53742, 2, 2 
1188, 2, 2 
59737, 2, 2 
18213, 2, 2 
43630, 2, 2 
28050, 2, 2 
19391, 2, 2 
3980, 2, 2 
7029, 2, 2 
43101, 2, 2 
15040, 2, 2 
39970, 2, 2 
50290, 2, 2 
56467, 2, 2 
43815, 2, 2 
10805, 2, 2 
58611, 2, 2 
42885, 2, 2 
41348, 2, 2 
55836, 2, 2 
24862, 2, 2 
18489, 2, 2 
24014, 2, 2 
38195, 2, 2 
22369, 2, 2 
29674, 2, 2 
43117, 2, 2 
25677, 2, 2 
688, 2, 2 
13919, 2, 2 
14763, 2, 2 
29152, 2, 2 
41189, 2, 2 
36016, 2, 2 
25507, 2, 2 
26899, 2, 2 
13606, 2, 2 
8154, 2, 2 
32430, 2, 2 
47515, 2, 2 
46586, 2, 2 
38381, 2, 2 
13434, 2, 2 
59317, 2, 2 
33987, 2, 2 
24546, 2, 2 
23079, 2, 2 
32437, 2, 2 
32595, 2, 2 
19031, 2, 2 
4269, 2, 2 
46219, 2, 2 
21852, 2, 2 
40699, 2, 2 
43852, 2, 2 
52224, 2, 2 
21683, 2, 2 
25406, 2, 2 
1550, 2, 2 
20493, 2, 2 
39147, 2, 2 
4856, 2, 2 
15823, 2, 2 
14617, 2, 2 
53692, 2, 2 
6860, 2, 2 
50527, 2, 2 
4574, 2, 2 
31483, 2, 2 
35405, 2, 2 
44828, 2, 2 
59188, 2, 2 
7370, 2, 2 
8810, 2, 2 
21527, 2, 2 
36100, 2, 2 
7262, 2, 2 
13455, 2, 2 
25038, 2, 2 
28293, 2, 2 
54440, 2, 2 
45932, 2, 2 
39216, 2, 2 
9249, 2, 2 
37812, 2, 2 
14468, 2, 2 
18865, 2, 2 
47302, 2, 2 
3105, 2, 2 
22124, 2, 2 
16544, 2, 2 
12311, 2, 2 
22249, 2, 2 
58068, 2, 2 
10084, 2, 2 
40183, 2, 2 
50802, 2, 2 
46028, 2, 2 
7375, 2, 2 
34116, 2, 2 
5677, 2, 2 
3574, 2, 2 
33435, 2, 2 
41937, 2, 2 
28284, 2, 2 
41841, 2, 2 
21006, 2, 2 
2377, 2, 2 
3242, 2, 2 
26875, 2, 2 
37007, 2, 2 
53926, 2, 2 
10321, 2, 2 
16449, 2, 2 
57342, 2, 2 
21982, 2, 2 
5421, 2, 2 
50196, 2, 2 
1888, 2, 2 
5357, 2, 2 
13922, 2, 2 
12672, 2, 2 
5895, 2, 2 
48643, 2, 2 
40929, 2, 2 
33027, 2, 2 
30503, 2, 2 
4187, 2, 2 
44993, 2, 2 
53727, 2, 2 
4717, 2, 2 
57619, 2, 2 
13179, 2, 2 
23917, 2, 2 
59231, 2, 2 
57358, 2, 2 
36167, 2, 2 
30355, 2, 2 
50052, 2, 2 
15132, 2, 2 
57790, 2, 2 
21597, 2, 2 
51530, 2, 2 
24485, 2, 2 
52549, 2, 2 
25570, 2, 2 
31388, 2, 2 
10158, 2, 2 
8453, 2, 2 
37964, 2, 2 
32142, 2, 2 
22611, 2, 2 
42323, 2, 2 
33449, 2, 2 
12620, 2, 2 
53494, 2, 2 
32792, 2, 2 
20514, 2, 2 
15966, 2, 2 
45993, 2, 2 
36853, 2, 2 
13019, 2, 2 
50933, 2, 2 
10825, 2, 2 
10570, 2, 2 
29171, 2, 2 
27181, 2, 2 
25718, 2, 2 
19508, 2, 2 
161, 2, 2 
56824, 2, 2 
4474, 2, 2 
49029, 2, 2 
50251, 2, 2 
37469, 2, 2 
47842, 2, 2 
57086, 2, 2 
58568, 2, 2 
34928, 2, 2 
6466, 2, 2 
12861, 2, 2 
20442, 2, 2 
277, 2, 2 
13121, 2, 2 
40622, 2, 2 
39810, 2, 2 
2769, 2, 2 
1549, 2, 2 
36813, 2, 2 
20071, 2, 2 
28077, 2, 2 
39879, 2, 2 
31506, 2, 2 
36961, 2, 2 
58315, 2, 2 
55507, 2, 2 
12745, 2, 2 
45169, 2, 2 
3305, 2, 2 
59396, 2, 2 
1427, 2, 2 
26741, 2, 2 
58841, 2, 2 
38952, 2, 2 
22751, 2, 2 
42754, 2, 2 
15751, 2, 2 
41181, 2, 2 
56919, 2, 2 
47375, 2, 2 
52410, 2, 2 
13452, 2, 2 
58884, 2, 2 
1572, 2, 2 
35572, 2, 2 
31185, 2, 2 
25318, 2, 2 
33727, 2, 2 
39453, 2, 2 
15461, 2, 2 
43974, 2, 2 
591, 2, 2 
27331, 2, 2 
20831, 2, 2 
33488, 2, 2 
41794, 2, 2 
4701, 2, 2 
23764, 2, 2 
22104, 2, 2 
57319, 2, 2 
57859, 2, 2 
26157, 2, 2 
27188, 2, 2 
52345, 2, 2 
17372, 2, 2 
36614, 2, 2 
54674, 2, 2 
52023, 2, 2 
45203, 2, 2 
46833, 2, 2 
56926, 2, 2 
34558, 2, 2 
43964, 2, 2 
41397, 2, 2 
49474, 2, 2 
48292, 2, 2 
56961, 2, 2 
16328, 2, 2 
33857, 2, 2 
39022, 2, 2 
35779, 2, 2 
39673, 2, 2 
32545, 2, 2 
20242, 2, 2 
35290, 2, 2 
28795, 2, 2 
15679, 2, 2 
25217, 2, 2 
47235, 2, 2 
30752, 2, 2 
24010, 2, 2 
11018, 2, 2 
12243, 2, 2 
33185, 2, 2 
58087, 2, 2 
42982, 2, 2 
43566, 2, 2 
57831, 2, 2 
45414, 2, 2 
6547, 2, 2 
12559, 2, 2 
54134, 2, 2 
29851, 2, 2 
48516, 2, 2 
49411, 2, 2 
19654, 2, 2 
53500, 2, 2 
46092, 2, 2 
10078, 2, 2 
53259, 2, 2 
35679, 2, 2 
13972, 2, 2 
53245, 2, 2 
25403, 2, 2 
15925, 2, 2 
41256, 2, 2 
38784, 2, 2 
57284, 2, 2 
25658, 2, 2 
3712, 2, 2 
18370, 2, 2 
46574, 2, 2 
9819, 2, 2 
29314, 2, 2 
53669, 2, 2 
28786, 2, 2 
23162, 2, 2 
6771, 2, 2 
21453, 2, 2 
44049, 2, 2 
52189, 2, 2 
29657, 2, 2 
10087, 2, 2 
42830, 2, 2 
18077, 2, 2 
55508, 2, 2 
42278, 2, 2 
20910, 2, 2 
12608, 2, 2 
50733, 2, 2 
59628, 2, 2 
25437, 2, 2 
6168, 2, 2 
46707, 2, 2 
19693, 2, 2 
59807, 2, 2 
36401, 2, 2 
25138, 2, 2 
36127, 2, 2 
37172, 2, 2 
52938, 2, 2 
16902, 2, 2 
54105, 2, 2 
37727, 2, 2 
36450, 2, 2 
14215, 2, 2 
29413, 2, 2 
38617, 2, 2 
36056, 2, 2 
10072, 2, 2 
24249, 2, 2 
15016, 2, 2 
27165, 2, 2 
21959, 2, 2 
30925, 2, 2 
20779, 2, 2 
34627, 2, 2 
52757, 2, 2 
14523, 2, 2 
50457, 2, 2 
46760, 2, 2 
52373, 2, 2 
58476, 2, 2 
6124, 2, 2 
18065, 2, 2 
39840, 2, 2 
6649, 2, 2 
55625, 2, 2 
159, 2, 2 
20446, 2, 2 
21324, 2, 2 
57976, 2, 2 
14139, 2, 2 
47787, 2, 2 
46212, 2, 2 
58378, 2, 2 
12370, 2, 2 
26994, 2, 2 
30832, 2, 2 
55437, 2, 2 
8978, 2, 2 
27878, 2, 2 
32985, 2, 2 
53207, 2, 2 
28436, 2, 2 
34371, 2, 2 
34181, 2, 2 
4914, 2, 2 
23397, 2, 2 
55158, 2, 2 
59390, 2, 2 
32361, 2, 2 
38108, 2, 2 
47088, 2, 2 
9193, 2, 2 
34385, 2, 2 
3679, 2, 2 
34442, 2, 2 
31634, 2, 2 
46863, 2, 2 
20240, 2, 2 
20970, 2, 2 
45867, 2, 2 
16791, 2, 2 
46050, 2, 2 
11648, 2, 2 
27073, 2, 2 
20568, 2, 2 
27761, 2, 2 
8972, 2, 2 
28068, 2, 2 
9715, 2, 2 
23460, 2, 2 
844, 2, 2 
52153, 2, 2 
58851, 2, 2 
40321, 2, 2 
20960, 2, 2 
34636, 2, 2 
22368, 2, 2 
33250, 2, 2 
26690, 2, 2 
7259, 2, 2 
25294, 2, 2 
27883, 2, 2 
52456, 2, 2 
14040, 2, 2 
28347, 2, 2 
29025, 2, 2 
48665, 2, 2 
1609, 2, 2 
53522, 2, 2 
714, 2, 2 
46293, 2, 2 
47065, 2, 2 
47238, 2, 2 
25069, 2, 2 
36355, 2, 2 
29167, 2, 2 
46551, 2, 2 
10200, 2, 2 
8474, 2, 2 
11449, 2, 2 
55443, 2, 2 
11286, 2, 2 
23859, 2, 2 
8591, 2, 2 
57398, 2, 2 
233, 2, 2 
3313, 2, 2 
58502, 2, 2 
8960, 2, 2 
54078, 2, 2 
31688, 2, 2 
43040, 2, 2 
26733, 2, 2 
7467, 2, 2 
2879, 2, 2 
25004, 2, 2 
989, 2, 2 
14024, 2, 2 
41966, 2, 2 
43326, 2, 2 
34856, 2, 2 
25994, 2, 2 
37631, 2, 2 
6628, 2, 2 
18946, 2, 2 
3341, 2, 2 
43124, 2, 2 
40119, 2, 2 
45459, 2, 2 
8631, 2, 2 
14798, 2, 2 
15187, 2, 2 
13774, 2, 2 
15217, 2, 2 
50744, 2, 2 
17595, 2, 2 
34643, 2, 2 
49430, 2, 2 
41512, 2, 2 
10138, 2, 2 
10472, 2, 2 
23114, 2, 2 
262, 2, 2 
37403, 2, 2 
9031, 2, 2 
19750, 2, 2 
51506, 2, 2 
18158, 2, 2 
27451, 2, 2 
24513, 2, 2 
55044, 2, 2 
29967, 2, 2 
14807, 2, 2 
32450, 2, 2 
36718, 2, 2 
53837, 2, 2 
43241, 2, 2 
26941, 2, 2 
48922, 3, 3 
50045, 3, 3 
41629, 3, 3 
22413, 3, 3 
11804, 3, 3 
18227, 3, 3 
57680, 3, 3 
32790, 3, 3 
54499, 3, 3 
44397, 3, 3 
55579, 3, 3 
21584, 3, 3 
27248, 3, 3 
16811, 3, 3 
4471, 3, 3 
47095, 3, 3 
7263, 3, 3 
54460, 3, 3 
46856, 3, 3 
13543, 3, 3 
45612, 3, 3 
38441, 3, 3 
40254, 3, 3 
16512, 3, 3 
54859, 3, 3 
7800, 3, 3 
6658, 3, 3 
20649, 3, 3 
45696, 3, 3 
12, 3, 3 
4881, 3, 3 
55926, 3, 3 
25829, 3, 3 
16229, 3, 3 
26732, 3, 3 
49081, 3, 3 
17354, 3, 3 
39312, 3, 3 
33009, 3, 3 
41994, 3, 3 
6844, 3, 3 
14736, 3, 3 
40925, 3, 3 
46525, 3, 3 
51373, 3, 3 
36917, 3, 3 
55461, 3, 3 
4094, 3, 3 
58541, 3, 3 
24373, 3, 3 
3314, 3, 3 
5467, 3, 3 
24989, 3, 3 
37848, 3, 3 
17569, 3, 3 
48978, 3, 3 
34721, 3, 3 
41491, 3, 3 
58431, 3, 3 
19222, 3, 3 
41742, 3, 3 
30760, 3, 3 
17491, 3, 3 
48174, 3, 3 
35354, 3, 3 
42088, 3, 3 
29894, 3, 3 
8013, 3, 3 
59394, 3, 3 
56657, 3, 3 
5011, 3, 3 
9192, 3, 3 
44035, 3, 3 
45862, 3, 3 
36595, 3, 3 
40384, 3, 3 
59980, 3, 3 
28171, 3, 3 
25284, 3, 3 
16774, 3, 3 
43991, 3, 3 
53447, 3, 3 
58097, 3, 3 
53923, 3, 3 
4742, 3, 3 
856, 3, 3 
27755, 3, 3 
33854, 3, 3 
33028, 3, 3 
6762, 3, 3 
8790, 3, 3 
21815, 3, 3 
25509, 3, 3 
38911, 3, 3 
30002, 3, 3 
1805, 3, 3 
43869, 3, 3 
10389, 3, 3 
21221, 3, 3 
58558, 3, 3 
20708, 3, 3 
34293, 3, 3 
1097, 3, 3 
47946, 3, 3 
5871, 3, 3 
55050, 3, 3 
34556, 3, 3 
59512, 3, 3 
46329, 3, 3 
53453, 3, 3 
40161, 3, 3 
46506, 3, 3 
28441, 3, 3 
11075, 3, 3 
43208, 3, 3 
34832, 3, 3 
43759, 3, 3 
28881, 3, 3 
38735, 3, 3 
12920, 3, 3 
6340, 3, 3 
34587, 3, 3 
27313, 3, 3 
29042, 3, 3 
47481, 3, 3 
966, 3, 3 
4461, 3, 3 
57856, 3, 3 
58483, 3, 3 
21853, 3, 3 
18453, 3, 3 
27625, 3, 3 
5831, 3, 3 
44181, 3, 3 
47123, 3, 3 
34685, 3, 3 
57941, 3, 3 
41048, 3, 3 
36644, 3, 3 
58955, 3, 3 
14655, 3, 3 
15980, 3, 3 
43298, 3, 3 
33840, 3, 3 
25789, 3, 3 
52810, 3, 3 
11747, 3, 3 
58758, 3, 3 
16504, 3, 3 
50560, 3, 3 
33132, 3, 3 
41552, 3, 3 
40100, 3, 3 
22459, 3, 3 
51230, 3, 3 
15764, 3, 3 
29528, 3, 3 
37860, 3, 3 
20096, 3, 3 
43509, 3, 3 
38982, 3, 3 
5870, 3, 3 
34622, 3, 3 
27675, 3, 3 
48579, 3, 3 
33877, 3, 3 
34853, 3, 3 
34390, 3, 3 
24735, 3, 3 
5399, 3, 3 
20326, 3, 3 
24104, 3, 3 
48193, 3, 3 
36449, 3, 3 
49586, 3, 3 
16243, 3, 3 
20003, 3, 3 
42966, 3, 3 
35806, 3, 3 
878, 3, 3 
56337, 3, 3 
58252, 3, 3 
9004, 3, 3 
45563, 3, 3 
54296, 3, 3 
2820, 3, 3 
30754, 3, 3 
37847, 3, 3 
19195, 3, 3 
33240, 3, 3 
13740, 3, 3 
28527, 3, 3 
34048, 3, 3 
14792, 3, 3 
6595, 3, 3 
18039, 3, 3 
36604, 3, 3 
33970, 3, 3 
1201, 3, 3 
1378, 3, 3 
41543, 3, 3 
28263, 3, 3 
2130, 3, 3 
54398, 3, 3 
56585, 3, 3 
51946, 3, 3 
20610, 3, 3 
32371, 3, 3 
6342, 3, 3 
4694, 3, 3 
12211, 3, 3 
29089, 3, 3 
9037, 3, 3 
39855, 3, 3 
48445, 3, 3 
37271, 3, 3 
48806, 3, 3 
16708, 3, 3 
356, 3, 3 
12260, 3, 3 
45774, 3, 3 
20687, 3, 3 
50340, 3, 3 
11012, 3, 3 
29483, 3, 3 
28343, 3, 3 
40121, 3, 3 
30934, 3, 3 
49913, 3, 3 
44608, 3, 3 
50262, 3, 3 
42735, 3, 3 
48386, 3, 3 
6766, 3, 3 
46911, 3, 3 
30124, 3, 3 
8279, 3, 3 
37355, 3, 3 
4864, 3, 3 
2707, 3, 3 
12080, 3, 3 
50312, 3, 3 
48325, 3, 3 
45786, 3, 3 
33911, 3, 3 
13931, 3, 3 
55665, 3, 3 
19655, 3, 3 
1994, 3, 3 
59699, 3, 3 
55198, 3, 3 
3258, 3, 3 
55547, 3, 3 
46208, 3, 3 
3471, 3, 3 
54568, 3, 3 
12761, 3, 3 
41007, 3, 3 
14266, 3, 3 
12747, 3, 3 
3571, 3, 3 
39127, 3, 3 
34190, 3, 3 
20952, 3, 3 
20470, 3, 3 
40620, 3, 3 
40462, 3, 3 
12536, 3, 3 
250, 3, 3 
16873, 3, 3 
18752, 3, 3 
50545, 3, 3 
59062, 3, 3 
4223, 3, 3 
52740, 3, 3 
50412, 3, 3 
19110, 3, 3 
27691, 3, 3 
43967, 3, 3 
45272, 3, 3 
40572, 3, 3 
13601, 3, 3 
42041, 3, 3 
36572, 3, 3 
47742, 3, 3 
13706, 3, 3 
21864, 3, 3 
23304, 3, 3 
8236, 3, 3 
23227, 3, 3 
36645, 3, 3 
10393, 3, 3 
4628, 3, 3 
36542, 3, 3 
46409, 3, 3 
58249, 3, 3 
48599, 3, 3 
35969, 3, 3 
14200, 3, 3 
28119, 3, 3 
10424, 3, 3 
11216, 3, 3 
452, 3, 3 
49570, 3, 3 
1150, 3, 3 
24251, 3, 3 
11570, 3, 3 
41233, 3, 3 
21080, 3, 3 
29232, 3, 3 
33510, 3, 3 
26651, 3, 3 
21026, 3, 3 
31446, 3, 3 
29249, 3, 3 
37362, 3, 3 
44906, 3, 3 
4615, 3, 3 
46027, 3, 3 
41283, 3, 3 
50688, 3, 3 
47352, 3, 3 
23547, 3, 3 
40184, 3, 3 
10328, 3, 3 
17386, 3, 3 
58654, 3, 3 
25590, 3, 3 
5748, 3, 3 
48385, 3, 3 
20965, 3, 3 
2788, 3, 3 
45747, 3, 3 
16193, 3, 3 
17116, 3, 3 
52327, 3, 3 
26710, 3, 3 
9621, 3, 3 
31136, 3, 3 
42909, 3, 3 
52771, 3, 3 
30962, 3, 3 
50212, 3, 3 
44032, 3, 3 
20377, 3, 3 
20213, 3, 3 
47173, 3, 3 
998, 3, 3 
49433, 3, 3 
5942, 3, 3 
8163, 3, 3 
25950, 3, 3 
38565, 3, 3 
6069, 3, 3 
52464, 3, 3 
56823, 3, 3 
51038, 3, 3 
32330, 3, 3 
17777, 3, 3 
49406, 3, 3 
54658, 3, 3 
49893, 3, 3 
26307, 3, 3 
33049, 3, 3 
13496, 3, 3 
26208, 3, 3 
14454, 3, 3 
35658, 3, 3 
56207, 3, 3 
6106, 3, 3 
19114, 3, 3 
35805, 3, 3 
2128, 3, 3 
24770, 3, 3 
9078, 3, 3 
37943, 3, 3 
15793, 3, 3 
39290, 3, 3 
1432, 3, 3 
21055, 3, 3 
890, 3, 3 
39705, 3, 3 
9829, 3, 3 
28826, 3, 3 
19950, 3, 3 
53954, 3, 3 
6825, 3, 3 
55133, 3, 3 
42043, 3, 3 
33029, 3, 3 
40752, 3, 3 
21428, 3, 3 
57660, 3, 3 
35563, 3, 3 
3626, 3, 3 
27726, 3, 3 
35272, 3, 3 
46983, 3, 3 
53704, 3, 3 
31044, 3, 3 
46848, 3, 3 
279, 3, 3 
35833, 3, 3 
26306, 3, 3 
2905, 3, 3 
43080, 3, 3 
5736, 3, 3 
51469, 3, 3 
57886, 3, 3 
5097, 3, 3 
1241, 3, 3 
22032, 3, 3 
12446, 3, 3 
58937, 3, 3 
45246, 3, 3 
58412, 3, 3 
55035, 3, 3 
25688, 3, 3 
51701, 3, 3 
21306, 3, 3 
57897, 3, 3 
42178, 3, 3 
54977, 3, 3 
54249, 3, 3 
3415, 3, 3 
36862, 3, 3 
42677, 3, 3 
23298, 3, 3 
15007, 3, 3 
15938, 3, 3 
8710, 3, 3 
50960, 3, 3 
55999, 3, 3 
23581, 3, 3 
55881, 3, 3 
48682, 3, 3 
49882, 3, 3 
52404, 3, 3 
6906, 3, 3 
6182, 3, 3 
7150, 3, 3 
27031, 3, 3 
35271, 3, 3 
41110, 3, 3 
15375, 3, 3 
19234, 3, 3 
34026, 3, 3 
20805, 3, 3 
37397, 3, 3 
19548, 3, 3 
40763, 3, 3 
3938, 3, 3 
52435, 3, 3 
54910, 3, 3 
17242, 3, 3 
31703, 3, 3 
55743, 3, 3 
34366, 3, 3 
20314, 3, 3 
36078, 3, 3 
20413, 3, 3 
38321, 3, 3 
11539, 3, 3 
13750, 3, 3 
49135, 3, 3 
23517, 3, 3 
56067, 3, 3 
2074, 3, 3 
7043, 3, 3 
39798, 3, 3 
47280, 3, 3 
2771, 3, 3 
46821, 3, 3 
44174, 3, 3 
46485, 3, 3 
5770, 3, 3 
56741, 3, 3 
41653, 3, 3 
54084, 3, 3 
3460, 3, 3 
843, 3, 3 
53958, 3, 3 
26171, 3, 3 
58324, 3, 3 
28406, 3, 3 
19368, 3, 3 
56474, 3, 3 
25231, 3, 3 
4988, 3, 3 
9053, 3, 3 
27115, 3, 3 
12783, 3, 3 
34597, 3, 3 
11511, 3, 3 
18299, 3, 3 
58336, 3, 3 
53987, 3, 3 
41165, 3, 3 
18612, 3, 3 
32091, 3, 3 
58613, 4, 4 
49325, 4, 4 
21232, 4, 4 
26798, 4, 4 
57370, 4, 4 
58047, 4, 4 
34570, 4, 4 
6955, 4, 4 
51288, 4, 4 
41220, 4, 4 
8278, 4, 4 
40299, 4, 4 
36932, 4, 4 
44447, 4, 4 
36394, 4, 4 
24855, 4, 4 
59759, 4, 4 
20197, 4, 4 
14390, 4, 4 
5401, 4, 4 
26808, 4, 4 
25175, 4, 4 
57712, 4, 4 
44086, 4, 4 
6729, 4, 4 
49942, 4, 4 
48885, 4, 4 
8925, 4, 4 
56563, 4, 4 
49998, 4, 4 
58531, 4, 4 
4454, 4, 4 
10854, 4, 4 
5047, 4, 4 
35584, 4, 4 
54187, 4, 4 
35319, 4, 4 
15111, 4, 4 
50152, 4, 4 
39743, 4, 4 
23685, 4, 4 
4439, 4, 4 
57803, 4, 4 
59975, 4, 4 
22400, 4, 4 
10494, 4, 4 
22865, 4, 4 
34022, 4, 4 
2341, 4, 4 
47871, 4, 4 
56700, 4, 4 
55085, 4, 4 
58105, 4, 4 
31517, 4, 4 
35946, 4, 4 
27826, 4, 4 
25956, 4, 4 
43078, 4, 4 
23393, 4, 4 
45210, 4, 4 
29739, 4, 4 
16531, 4, 4 
38375, 4, 4 
49874, 4, 4 
10320, 4, 4 
9667, 4, 4 
54906, 4, 4 
25503, 4, 4 
29692, 4, 4 
53031, 4, 4 
8842, 4, 4 
40576, 4, 4 
14296, 4, 4 
1765, 4, 4 
32084, 4, 4 
54878, 4, 4 
32112, 4, 4 
8796, 4, 4 
39844, 4, 4 
7166, 4, 4 
39525, 4, 4 
8769, 4, 4 
34948, 4, 4 
43467, 4, 4 
9147, 4, 4 
28800, 4, 4 
53834, 4, 4 
1808, 4, 4 
5117, 4, 4 
31419, 4, 4 
4460, 4, 4 
35256, 4, 4 
52158, 4, 4 
42464, 4, 4 
32037, 4, 4 
31743, 4, 4 
50957, 4, 4 
36212, 4, 4 
31522, 4, 4 
21619, 4, 4 
56244, 4, 4 
12485, 4, 4 
42822, 4, 4 
24120, 4, 4 
4125, 4, 4 
31050, 4, 4 
48782, 4, 4 
52140, 4, 4 
49546, 4, 4 
32787, 4, 4 
53883, 4, 4 
27476, 4, 4 
42620, 4, 4 
48216, 4, 4 
21017, 4, 4 
34756, 4, 4 
38227, 4, 4 
21037, 4, 4 
24885, 4, 4 
18866, 4, 4 
18327, 4, 4 
2983, 4, 4 
41206, 4, 4 
3436, 4, 4 
57946, 4, 4 
12997, 4, 4 
55178, 4, 4 
46806, 4, 4 
23855, 4, 4 
49015, 4, 4 
27612, 4, 4 
7002, 4, 4 
29683, 4, 4 
18981, 4, 4 
13968, 4, 4 
50510, 4, 4 
5118, 4, 4 
2208, 4, 4 
46128, 4, 4 
4567, 4, 4 
4169, 4, 4 
834, 4, 4 
13241, 4, 4 
36243, 4, 4 
15218, 4, 4 
6351, 4, 4 
30691, 4, 4 
22434, 4, 4 
43272, 4, 4 
28290, 4, 4 
19198, 4, 4 
32108, 4, 4 
3056, 4, 4 
25006, 4, 4 
46716, 4, 4 
25380, 4, 4 
6429, 4, 4 
39976, 4, 4 
29503, 4, 4 
21830, 4, 4 
51894, 4, 4 
51076, 4, 4 
33359, 4, 4 
20730, 4, 4 
4757, 4, 4 
35705, 4, 4 
847, 4, 4 
57537, 4, 4 
1865, 4, 4 
52589, 4, 4 
38803, 4, 4 
851, 4, 4 
48056, 4, 4 
663, 4, 4 
50419, 4, 4 
58555, 4, 4 
25279, 4, 4 
342, 4, 4 
36466, 4, 4 
19378, 4, 4 
22504, 4, 4 
47695, 4, 4 
58795, 4, 4 
44052, 4, 4 
48418, 4, 4 
45916, 4, 4 
22564, 4, 4 
34537, 4, 4 
21448, 4, 4 
2772, 4, 4 
17406, 4, 4 
17182, 4, 4 
44528, 4, 4 
10311, 4, 4 
17157, 4, 4 
11303, 4, 4 
44761, 4, 4 
38498, 4, 4 
2902, 4, 4 
33285, 4, 4 
52024, 4, 4 
10216, 4, 4 
53278, 4, 4 
17141, 4, 4 
58300, 4, 4 
4703, 4, 4 
38229, 4, 4 
21992, 4, 4 
48558, 4, 4 
21340, 4, 4 
18180, 4, 4 
17678, 4, 4 
40680, 4, 4 
18570, 4, 4 
56080, 4, 4 
40660, 4, 4 
17577, 4, 4 
29485, 4, 4 
35780, 4, 4 
32425, 4, 4 
25670, 4, 4 
50917, 4, 4 
6336, 4, 4 
56802, 4, 4 
8583, 4, 4 
42263, 4, 4 
36733, 4, 4 
35142, 4, 4 
33994, 4, 4 
56477, 4, 4 
14424, 4, 4 
21163, 4, 4 
5807, 4, 4 
49823, 4, 4 
19017, 4, 4 
22997, 4, 4 
6901, 4, 4 
39916, 4, 4 
30253, 4, 4 
38616, 4, 4 
23188, 4, 4 
49155, 4, 4 
2036, 4, 4 
33889, 4, 4 
13942, 4, 4 
50050, 4, 4 
2032, 4, 4 
217, 4, 4 
45394, 4, 4 
7011, 4, 4 
40450, 4, 4 
35964, 4, 4 
56376, 4, 4 
7319, 4, 4 
746, 4, 4 
34449, 4, 4 
11127, 4, 4 
32583, 4, 4 
30779, 4, 4 
15521, 4, 4 
17102, 4, 4 
59185, 4, 4 
17576, 4, 4 
50564, 4, 4 
20490, 4, 4 
48669, 4, 4 
47336, 4, 4 
36817, 4, 4 
21776, 4, 4 
46728, 4, 4 
1767, 4, 4 
41825, 4, 4 
3370, 4, 4 
1006, 4, 4 
32053, 4, 4 
46194, 4, 4 
11389, 4, 4 
43954, 4, 4 
4386, 4, 4 
16338, 4, 4 
8962, 4, 4 
36962, 4, 4 
442, 4, 4 
55891, 4, 4 
27398, 4, 4 
26035, 4, 4 
6519, 4, 4 
51270, 4, 4 
25925, 4, 4 
1460, 4, 4 
43433, 4, 4 
36938, 4, 4 
9980, 4, 4 
36218, 4, 4 
57026, 4, 4 
3957, 4, 4 
53260, 4, 4 
20399, 4, 4 
17511, 4, 4 
6256, 4, 4 
46004, 4, 4 
45982, 4, 4 
24154, 4, 4 
44685, 4, 4 
56320, 4, 4 
43302, 4, 4 
54869, 4, 4 
35078, 4, 4 
54742, 4, 4 
39386, 4, 4 
47044, 4, 4 
36441, 4, 4 
700, 4, 4 
38262, 4, 4 
25845, 4, 4 
21882, 4, 4 
3088, 4, 4 
5295, 4, 4 
46232, 4, 4 
22839, 4, 4 
36675, 4, 4 
64, 4, 4 
27588, 4, 4 
12458, 4, 4 
14652, 4, 4 
13104, 4, 4 
28022, 4, 4 
26897, 4, 4 
38301, 4, 4 
25811, 4, 4 
41482, 4, 4 
21134, 4, 4 
40721, 4, 4 
50502, 4, 4 
49994, 4, 4 
41145, 4, 4 
58999, 4, 4 
17076, 4, 4 
10159, 4, 4 
23276, 4, 4 
28600, 4, 4 
57637, 4, 4 
52229, 4, 4 
1928, 4, 4 
8825, 4, 4 
37272, 4, 4 
26192, 4, 4 
991, 4, 4 
7749, 4, 4 
1008, 4, 4 
34409, 4, 4 
9388, 4, 4 
33718, 4, 4 
38872, 4, 4 
43274, 4, 4 
59042, 4, 4 
22418, 4, 4 
28043, 4, 4 
12460, 4, 4 
55516, 4, 4 
34138, 4, 4 
49102, 4, 4 
25644, 4, 4 
32069, 4, 4 
29885, 4, 4 
54046, 4, 4 
46467, 4, 4 
59551, 4, 4 
14882, 4, 4 
27959, 4, 4 
39954, 4, 4 
40449, 4, 4 
369, 4, 4 
49274, 4, 4 
40379, 4, 4 
1565, 4, 4 
18854, 4, 4 
5313, 4, 4 
25534, 4, 4 
40919, 4, 4 
9761, 4, 4 
8261, 4, 4 
58340, 4, 4 
828, 4, 4 
29864, 4, 4 
50243, 4, 4 
50432, 4, 4 
53222, 4, 4 
53955, 4, 4 
38373, 4, 4 
59169, 4, 4 
5091, 4, 4 
21875, 4, 4 
21887, 4, 4 
39413, 4, 4 
38500, 4, 4 
18726, 4, 4 
17896, 4, 4 
24758, 4, 4 
34290, 4, 4 
38175, 4, 4 
20665, 4, 4 
57709, 4, 4 
39867, 4, 4 
6716, 4, 4 
56642, 4, 4 
28449, 4, 4 
21223, 4, 4 
10612, 4, 4 
47477, 4, 4 
42809, 4, 4 
24713, 4, 4 
30861, 4, 4 
57368, 4, 4 
34955, 4, 4 
23608, 4, 4 
23878, 4, 4 
9632, 4, 4 
8281, 4, 4 
32014, 4, 4 
51125, 4, 4 
18636, 4, 4 
850, 4, 4 
34823, 4, 4 
13302, 4, 4 
10850, 4, 4 
19498, 4, 4 
26217, 4, 4 
44155, 4, 4 
35931, 4, 4 
58319, 4, 4 
25169, 4, 4 
44466, 4, 4 
21886, 4, 4 
12687, 4, 4 
28863, 4, 4 
13471, 4, 4 
50609, 4, 4 
21393, 4, 4 
23429, 4, 4 
15563, 4, 4 
15871, 4, 4 
50216, 4, 4 
3037, 4, 4 
1992, 4, 4 
43231, 4, 4 
20056, 4, 4 
32565, 4, 4 
10558, 4, 4 
5899, 4, 4 
55239, 4, 4 
36706, 4, 4 
2799, 4, 4 
34424, 4, 4 
39486, 4, 4 
18954, 4, 4 
19380, 4, 4 
36494, 4, 4 
41499, 4, 4 
16875, 4, 4 
18484, 4, 4 
53649, 4, 4 
42774, 4, 4 
29792, 4, 4 
54881, 4, 4 
28164, 4, 4 
42653, 4, 4 
53693, 4, 4 
52343, 4, 4 
56122, 4, 4 
53295, 4, 4 
25887, 4, 4 
35461, 4, 4 
40130, 4, 4 
45316, 4, 4 
14740, 4, 4 
51579, 4, 4 
45296, 4, 4 
30736, 4, 4 
21738, 4, 4 
26890, 4, 4 
26704, 4, 4 
41342, 4, 4 
24047, 4, 4 
3091, 4, 4 
39241, 4, 4 
15179, 4, 4 
5735, 4, 4 
10789, 4, 4 
38834, 4, 4 
15752, 4, 4 
38270, 4, 4 
1030, 4, 4 
8677, 4, 4 
40672, 4, 4 
25760, 4, 4 
13688, 4, 4 
8041, 4, 4 
37530, 4, 4 
45681, 4, 4 
19354, 5, 5 
43937, 5, 5 
43799, 5, 5 
36173, 5, 5 
15238, 5, 5 
3580, 5, 5 
6004, 5, 5 
31418, 5, 5 
55639, 5, 5 
41277, 5, 5 
18495, 5, 5 
14946, 5, 5 
38194, 5, 5 
42940, 5, 5 
10543, 5, 5 
19364, 5, 5 
55229, 5, 5 
13262, 5, 5 
3453, 5, 5 
41548, 5, 5 
2912, 5, 5 
14085, 5, 5 
24792, 5, 5 
6776, 5, 5 
10791, 5, 5 
47920, 5, 5 
15358, 5, 5 
44476, 5, 5 
39427, 5, 5 
3575, 5, 5 
41566, 5, 5 
18749, 5, 5 
55506, 5, 5 
15975, 5, 5 
24408, 5, 5 
16028, 5, 5 
49759, 5, 5 
14199, 5, 5 
26368, 5, 5 
26196, 5, 5 
20890, 5, 5 
37894, 5, 5 
5719, 5, 5 
56476, 5, 5 
236, 5, 5 
18090, 5, 5 
51844, 5, 5 
15041, 5, 5 
54111, 5, 5 
8434, 5, 5 
16364, 5, 5 
23508, 5, 5 
50071, 5, 5 
47319, 5, 5 
38959, 5, 5 
38090, 5, 5 
13394, 5, 5 
21198, 5, 5 
32217, 5, 5 
44858, 5, 5 
33748, 5, 5 
43691, 5, 5 
47381, 5, 5 
2445, 5, 5 
32323, 5, 5 
31007, 5, 5 
18882, 5, 5 
39214, 5, 5 
52295, 5, 5 
504, 5, 5 
23434, 5, 5 
53309, 5, 5 
31302, 5, 5 
9951, 5, 5 
38266, 5, 5 
10211, 5, 5 
5452, 5, 5 
22470, 5, 5 
59346, 5, 5 
53695, 5, 5 
15143, 5, 5 
20034, 5, 5 
2091, 5, 5 
13619, 5, 5 
17722, 5, 5 
33713, 5, 5 
59731, 5, 5 
48705, 5, 5 
29525, 5, 5 
12561, 5, 5 
4462, 5, 5 
36750, 5, 5 
23671, 5, 5 
7735, 5, 5 
28994, 5, 5 
15301, 5, 5 
53193, 5, 5 
8339, 5, 5 
915, 5, 5 
58723, 5, 5 
20575, 5, 5 
1356, 5, 5 
43856, 5, 5 
33537, 5, 5 
24283, 5, 5 
8435, 5, 5 
33495, 5, 5 
20935, 5, 5 
21604, 5, 5 
45011, 5, 5 
42085, 5, 5 
20038, 5, 5 
51231, 5, 5 
21225, 5, 5 
47848, 5, 5 
16845, 5, 5 
47348, 5, 5 
56990, 5, 5 
23392, 5, 5 
16511, 5, 5 
28974, 5, 5 
36126, 5, 5 
6984, 5, 5 
59960, 5, 5 
18347, 5, 5 
21397, 5, 5 
24908, 5, 5 
26407, 5, 5 
55871, 5, 5 
38934, 5, 5 
39573, 5, 5 
39513, 5, 5 
16553, 5, 5 
11696, 5, 5 
16219, 5, 5 
59880, 5, 5 
10146, 5, 5 
24170, 5, 5 
48425, 5, 5 
8712, 5, 5 
32290, 5, 5 
21289, 5, 5 
48541, 5, 5 
32748, 5, 5 
40761, 5, 5 
51124, 5, 5 
29027, 5, 5 
20586, 5, 5 
22575, 5, 5 
49348, 5, 5 
58814, 5, 5 
2258, 5, 5 
22015, 5, 5 
39985, 5, 5 
59234, 5, 5 
55591, 5, 5 
33602, 5, 5 
19173, 5, 5 
33352, 5, 5 
52347, 5, 5 
19846, 5, 5 
18508, 5, 5 
3141, 5, 5 
32831, 5, 5 
50332, 5, 5 
28057, 5, 5 
37276, 5, 5 
56928, 5, 5 
11739, 5, 5 
42935, 5, 5 
49094, 5, 5 
11850, 5, 5 
3634, 5, 5 
32758, 5, 5 
41752, 5, 5 
35274, 5, 5 
59201, 5, 5 
19839, 5, 5 
50574, 5, 5 
2868, 5, 5 
47866, 5, 5 
46509, 5, 5 
32684, 5, 5 
37740, 5, 5 
2209, 5, 5 
33502, 5, 5 
59850, 5, 5 
45233, 5, 5 
19353, 5, 5 
45334, 5, 5 
46608, 5, 5 
35570, 5, 5 
59618, 5, 5 
42983, 5, 5 
6646, 5, 5 
40959, 5, 5 
57132, 5, 5 
37750, 5, 5 
23918, 5, 5 
15421, 5, 5 
20342, 5, 5 
9531, 5, 5 
49202, 5, 5 
48905, 5, 5 
20266, 5, 5 
42436, 5, 5 
9462, 5, 5 
40711, 5, 5 
34474, 5, 5 
19487, 5, 5 
53647, 5, 5 
22020, 5, 5 
53920, 5, 5 
14707, 5, 5 
4171, 5, 5 
59635, 5, 5 
1413, 5, 5 
4304, 5, 5 
26856, 5, 5 
57327, 5, 5 
7475, 5, 5 
25066, 5, 5 
9336, 5, 5 
5551, 5, 5 
16780, 5, 5 
57311, 5, 5 
31863, 5, 5 
29293, 5, 5 
22268, 5, 5 
42827, 5, 5 
25423, 5, 5 
13305, 5, 5 
6529, 5, 5 
40154, 5, 5 
43136, 5, 5 
54639, 5, 5 
4974, 5, 5 
26413, 5, 5 
15893, 5, 5 
51425, 5, 5 
34908, 5, 5 
18701, 5, 5 
49107, 5, 5 
37552, 5, 5 
40964, 5, 5 
15579, 5, 5 
17099, 5, 5 
9587, 5, 5 
55459, 5, 5 
49427, 5, 5 
20804, 5, 5 
23007, 5, 5 
39808, 5, 5 
48113, 5, 5 
24232, 5, 5 
33138, 5, 5 
11402, 5, 5 
1575, 5, 5 
55414, 5, 5 
59800, 5, 5 
35787, 5, 5 
23209, 5, 5 
7351, 5, 5 
53751, 5, 5 
25002, 5, 5 
10162, 5, 5 
50677, 5, 5 
47081, 5, 5 
8767, 5, 5 
45547, 5, 5 
52108, 5, 5 
50263, 5, 5 
5742, 5, 5 
25330, 5, 5 
32059, 5, 5 
22517, 5, 5 
39745, 5, 5 
1929, 5, 5 
26771, 5, 5 
57610, 5, 5 
14106, 5, 5 
40748, 5, 5 
34858, 5, 5 
768, 5, 5 
34857, 5, 5 
22805, 5, 5 
51040, 5, 5 
10656, 5, 5 
46300, 5, 5 
42917, 5, 5 
41798, 5, 5 
25508, 5, 5 
15794, 5, 5 
17739, 5, 5 
45263, 5, 5 
12146, 5, 5 
42449, 5, 5 
41887, 5, 5 
9236, 5, 5 
42387, 5, 5 
50570, 5, 5 
50641, 5, 5 
27400, 5, 5 
23516, 5, 5 
16671, 5, 5 
32040, 5, 5 
54500, 5, 5 
45726, 5, 5 
32136, 5, 5 
47296, 5, 5 
44923, 5, 5 
38314, 5, 5 
24093, 5, 5 
53443, 5, 5 
21360, 5, 5 
8744, 5, 5 
43175, 5, 5 
30233, 5, 5 
3859, 5, 5 
49705, 5, 5 
49520, 5, 5 
35727, 5, 5 
56002, 5, 5 
7670, 5, 5 
18248, 5, 5 
35933, 5, 5 
28258, 5, 5 
10566, 5, 5 
13532, 5, 5 
23438, 5, 5 
2165, 5, 5 
41682, 5, 5 
53316, 5, 5 
41305, 5, 5 
22053, 5, 5 
2571, 5, 5 
58739, 5, 5 
9397, 5, 5 
25588, 5, 5 
11590, 5, 5 
27764, 5, 5 
49527, 5, 5 
59590, 5, 5 
18364, 5, 5 
12856, 5, 5 
36722, 5, 5 
4113, 5, 5 
36787, 5, 5 
2968, 5, 5 
27310, 5, 5 
42141, 5, 5 
37117, 5, 5 
23407, 5, 5 
3500, 5, 5 
31149, 5, 5 
306, 5, 5 
27375, 5, 5 
24666, 5, 5 
56127, 5, 5 
32646, 5, 5 
37749, 5, 5 
2363, 5, 5 
23763, 5, 5 
39910, 5, 5 
1111, 5, 5 
15178, 5, 5 
10701, 5, 5 
44341, 5, 5 
34122, 5, 5 
21059, 5, 5 
15116, 5, 5 
4987, 5, 5 
30112, 5, 5 
46019, 5, 5 
50111, 5, 5 
47115, 5, 5 
45883, 5, 5 
52686, 5, 5 
54670, 5, 5 
8713, 5, 5 
55755, 5, 5 
23836, 5, 5 
35207, 5, 5 
52210, 5, 5 
54446, 5, 5 
20590, 5, 5 
25966, 5, 5 
27510, 5, 5 
24660, 5, 5 
46244, 5, 5 
57528, 5, 5 
54045, 5, 5 
15070, 5, 5 
30842, 5, 5 
24504, 5, 5 
22801, 5, 5 
21114, 5, 5 
57497, 5, 5 
25566, 5, 5 
30575, 5, 5 
2056, 5, 5 
5620, 5, 5 
56327, 5, 5 
554, 5, 5 
14150, 5, 5 
15126, 5, 5 
51385, 5, 5 
17890, 5, 5 
43412, 5, 5 
28589, 5, 5 
16017, 5, 5 
5904, 5, 5 
58248, 5, 5 
6068, 5, 5 
20017, 5, 5 
51736, 5, 5 
17642, 5, 5 
49424, 5, 5 
6671, 5, 5 
39409, 5, 5 
39964, 5, 5 
54142, 5, 5 
20428, 5, 5 
29264, 5, 5 
26842, 5, 5 
1961, 5, 5 
58270, 5, 5 
26034, 5, 5 
2758, 5, 5 
34836, 5, 5 
55076, 5, 5 
41144, 5, 5 
45443, 5, 5 
25577, 5, 5 
36495, 5, 5 
7498, 5, 5 
4665, 5, 5 
45616, 5, 5 
14544, 5, 5 
12829, 5, 5 
14951, 5, 5 
16910, 5, 5 
33001, 5, 5 
46675, 5, 5 
22732, 5, 5 
40207, 5, 5 
57662, 5, 5 
28103, 5, 5 
57211, 5, 5 
49845, 5, 5 
46693, 5, 5 
25466, 5, 5 
3870, 5, 5 
12962, 5, 5 
53971, 5, 5 
29457, 5, 5 
48606, 5, 5 
12891, 5, 5 
47503, 5, 5 
10333, 5, 5 
58312, 5, 5 
19775, 5, 5 
23925, 5, 5 
53968, 5, 5 
4443, 5, 5 
29006, 5, 5 
12588, 5, 5 
41435, 5, 5 
54230, 5, 5 
53567, 5, 5 
49636, 5, 5 
56306, 5, 5 
4480, 5, 5 
56468, 5, 5 
19944, 5, 5 
58414, 5, 5 
22396, 5, 5 
15155, 5, 5 
51793, 5, 5 
20091, 5, 5 
42122, 5, 5 
36528, 5, 5 
26607, 5, 5 
8521, 5, 5 
17217, 5, 5 
13551, 5, 5 
58870, 5, 5 
56370, 5, 5 
56658, 5, 5 
2268, 5, 5 
26313, 5, 5 
41904, 5, 5 
59406, 5, 5 
18676, 5, 5 
5678, 5, 5 
36153, 5, 5 
23746, 5, 5 
57982, 5, 5 
54673, 5, 5 
59482, 5, 5 
6975, 6, 6 
47430, 6, 6 
15314, 6, 6 
52976, 6, 6 
17670, 6, 6 
11174, 6, 6 
2607, 6, 6 
28415, 6, 6 
9596, 6, 6 
17249, 6, 6 
23261, 6, 6 
37502, 6, 6 
32500, 6, 6 
32549, 6, 6 
39736, 6, 6 
45634, 6, 6 
58392, 6, 6 
3449, 6, 6 
12876, 6, 6 
35385, 6, 6 
28702, 6, 6 
54523, 6, 6 
14634, 6, 6 
24832, 6, 6 
2710, 6, 6 
54771, 6, 6 
47418, 6, 6 
51624, 6, 6 
37235, 6, 6 
55245, 6, 6 
56862, 6, 6 
45154, 6, 6 
9533, 6, 6 
47147, 6, 6 
27006, 6, 6 
20317, 6, 6 
34488, 6, 6 
14377, 6, 6 
9486, 6, 6 
14708, 6, 6 
41636, 6, 6 
21599, 6, 6 
35047, 6, 6 
59637, 6, 6 
1520, 6, 6 
48141, 6, 6 
37356, 6, 6 
536, 6, 6 
43413, 6, 6 
21684, 6, 6 
31208, 6, 6 
1951, 6, 6 
48591, 6, 6 
42745, 6, 6 
31585, 6, 6 
17287, 6, 6 
39893, 6, 6 
24616, 6, 6 
34698, 6, 6 
22834, 6, 6 
35575, 6, 6 
8685, 6, 6 
28728, 6, 6 
51508, 6, 6 
44358, 6, 6 
32922, 6, 6 
45887, 6, 6 
34589, 6, 6 
5586, 6, 6 
56405, 6, 6 
23963, 6, 6 
19196, 6, 6 
32058, 6, 6 
11915, 6, 6 
19095, 6, 6 
50870, 6, 6 
24577, 6, 6 
43655, 6, 6 
17401, 6, 6 
1792, 6, 6 
34522, 6, 6 
50863, 6, 6 
35140, 6, 6 
54539, 6, 6 
32211, 6, 6 
38640, 6, 6 
8057, 6, 6 
22258, 6, 6 
4497, 6, 6 
22889, 6, 6 
29647, 6, 6 
1224, 6, 6 
45514, 6, 6 
43281, 6, 6 
17059, 6, 6 
14423, 6, 6 
17998, 6, 6 
21426, 6, 6 
29020, 6, 6 
47106, 6, 6 
44655, 6, 6 
20927, 6, 6 
23958, 6, 6 
49133, 6, 6 
57157, 6, 6 
19788, 6, 6 
3050, 6, 6 
10654, 6, 6 
23139, 6, 6 
38478, 6, 6 
51109, 6, 6 
56177, 6, 6 
9295, 6, 6 
20744, 6, 6 
147, 6, 6 
32228, 6, 6 
38761, 6, 6 
44909, 6, 6 
41703, 6, 6 
26453, 6, 6 
9808, 6, 6 
44952, 6, 6 
49633, 6, 6 
12270, 6, 6 
52029, 6, 6 
35861, 6, 6 
17616, 6, 6 
2262, 6, 6 
22145, 6, 6 
22387, 6, 6 
331, 6, 6 
25475, 6, 6 
892, 6, 6 
17221, 6, 6 
36698, 6, 6 
11100, 6, 6 
4143, 6, 6 
11691, 6, 6 
51514, 6, 6 
17382, 6, 6 
21488, 6, 6 
16560, 6, 6 
20173, 6, 6 
23937, 6, 6 
51641, 6, 6 
4963, 6, 6 
31797, 6, 6 
12699, 6, 6 
58301, 6, 6 
7926, 6, 6 
32932, 6, 6 
36699, 6, 6 
14641, 6, 6 
58766, 6, 6 
30343, 6, 6 
57514, 6, 6 
32431, 6, 6 
55616, 6, 6 
7095, 6, 6 
18911, 6, 6 
6453, 6, 6 
41242, 6, 6 
31289, 6, 6 
31516, 6, 6 
36784, 6, 6 
32969, 6, 6 
46825, 6, 6 
59998, 6, 6 
38980, 6, 6 
37175, 6, 6 
10968, 6, 6 
19848, 6, 6 
17788, 6, 6 
27339, 6, 6 
23558, 6, 6 
8817, 6, 6 
50073, 6, 6 
15188, 6, 6 
6796, 6, 6 
8076, 6, 6 
7700, 6, 6 
45593, 6, 6 
19040, 6, 6 
43399, 6, 6 
41690, 6, 6 
12759, 6, 6 
44932, 6, 6 
9702, 6, 6 
58176, 6, 6 
53621, 6, 6 
12167, 6, 6 
30680, 6, 6 
41797, 6, 6 
18821, 6, 6 
6720, 6, 6 
20682, 6, 6 
39278, 6, 6 
13087, 6, 6 
59098, 6, 6 
37998, 6, 6 
41361, 6, 6 
40484, 6, 6 
56863, 6, 6 
45622, 6, 6 
46626, 6, 6 
43572, 6, 6 
48362, 6, 6 
31232, 6, 6 
49216, 6, 6 
5260, 6, 6 
42723, 6, 6 
20603, 6, 6 
44715, 6, 6 
57140, 6, 6 
23343, 6, 6 
7516, 6, 6 
47045, 6, 6 
36810, 6, 6 
4699, 6, 6 
21545, 6, 6 
28115, 6, 6 
49139, 6, 6 
16936, 6, 6 
1358, 6, 6 
27101, 6, 6 
45614, 6, 6 
40543, 6, 6 
12258, 6, 6 
25037, 6, 6 
29460, 6, 6 
8367, 6, 6 
22562, 6, 6 
40010, 6, 6 
5780, 6, 6 
9813, 6, 6 
9619, 6, 6 
53929, 6, 6 
59702, 6, 6 
32658, 6, 6 
46389, 6, 6 
53555, 6, 6 
38925, 6, 6 
17484, 6, 6 
14265, 6, 6 
29507, 6, 6 
44801, 6, 6 
54237, 6, 6 
39934, 6, 6 
58404, 6, 6 
45580, 6, 6 
35433, 6, 6 
41408, 6, 6 
40751, 6, 6 
57297, 6, 6 
54496, 6, 6 
54200, 6, 6 
20433, 6, 6 
21241, 6, 6 
40541, 6, 6 
37246, 6, 6 
10473, 6, 6 
11497, 6, 6 
50135, 6, 6 
17657, 6, 6 
34271, 6, 6 
19956, 6, 6 
50132, 6, 6 
9010, 6, 6 
8145, 6, 6 
49047, 6, 6 
40395, 6, 6 
43640, 6, 6 
33328, 6, 6 
14848, 6, 6 
35424, 6, 6 
19684, 6, 6 
34897, 6, 6 
17652, 6, 6 
55350, 6, 6 
13696, 6, 6 
21781, 6, 6 
25422, 6, 6 
4090, 6, 6 
1506, 6, 6 
10792, 6, 6 
34336, 6, 6 
43063, 6, 6 
8799, 6, 6 
22298, 6, 6 
40229, 6, 6 
3908, 6, 6 
32402, 6, 6 
33056, 6, 6 
9126, 6, 6 
26396, 6, 6 
6266, 6, 6 
37256, 6, 6 
48886, 6, 6 
4990, 6, 6 
5804, 6, 6 
30945, 6, 6 
1092, 6, 6 
16632, 6, 6 
30857, 6, 6 
27703, 6, 6 
48433, 6, 6 
50289, 6, 6 
28397, 6, 6 
57518, 6, 6 
14661, 6, 6 
7493, 6, 6 
38347, 6, 6 
14178, 6, 6 
41160, 6, 6 
25520, 6, 6 
58304, 6, 6 
11952, 6, 6 
8407, 6, 6 
28070, 6, 6 
2588, 6, 6 
49838, 6, 6 
50004, 6, 6 
32929, 6, 6 
1393, 6, 6 
24242, 6, 6 
45479, 6, 6 
19627, 6, 6 
21808, 6, 6 
2898, 6, 6 
29350, 6, 6 
49484, 6, 6 
2631, 6, 6 
36866, 6, 6 
20489, 6, 6 
10630, 6, 6 
33010, 6, 6 
48776, 6, 6 
24162, 6, 6 
55016, 6, 6 
48116, 6, 6 
28659, 6, 6 
28876, 6, 6 
41975, 6, 6 
52141, 6, 6 
31255, 6, 6 
388, 6, 6 
51788, 6, 6 
9534, 6, 6 
40798, 6, 6 
18032, 6, 6 
39440, 6, 6 
2293, 6, 6 
12518, 6, 6 
59848, 6, 6 
56718, 6, 6 
10950, 6, 6 
1849, 6, 6 
14031, 6, 6 
34520, 6, 6 
40141, 6, 6 
52598, 6, 6 
45309, 6, 6 
15687, 6, 6 
7580, 6, 6 
51427, 6, 6 
16653, 6, 6 
59448, 6, 6 
56545, 6, 6 
939, 6, 6 
28776, 6, 6 
46491, 6, 6 
38390, 6, 6 
40244, 6, 6 
13282, 6, 6 
5451, 6, 6 
24754, 6, 6 
10356, 6, 6 
20153, 6, 6 
42350, 6, 6 
19363, 6, 6 
13207, 6, 6 
46432, 6, 6 
35736, 6, 6 
25901, 6, 6 
21392, 6, 6 
39967, 6, 6 
37370, 6, 6 
36383, 6, 6 
46704, 6, 6 
14921, 6, 6 
6159, 6, 6 
51953, 6, 6 
8042, 6, 6 
19722, 6, 6 
25430, 6, 6 
29981, 6, 6 
4800, 6, 6 
57656, 6, 6 
27523, 6, 6 
40475, 6, 6 
7008, 6, 6 
12596, 6, 6 
25943, 6, 6 
3136, 6, 6 
47133, 6, 6 
37535, 6, 6 
26482, 6, 6 
50503, 6, 6 
3654, 6, 6 
565, 6, 6 
20401, 6, 6 
55615, 6, 6 
25338, 6, 6 
45448, 6, 6 
26934, 6, 6 
54591, 6, 6 
51055, 6, 6 
53153, 6, 6 
36439, 6, 6 
32219, 6, 6 
50280, 6, 6 
41047, 6, 6 
52908, 6, 6 
12959, 6, 6 
24380, 6, 6 
36014, 6, 6 
10553, 6, 6 
43498, 6, 6 
3445, 6, 6 
4683, 6, 6 
50934, 6, 6 
33975, 6, 6 
59347, 6, 6 
4349, 6, 6 
8532, 6, 6 
12088, 6, 6 
59866, 6, 6 
33542, 6, 6 
12201, 6, 6 
45965, 6, 6 
35935, 6, 6 
6396, 6, 6 
5384, 6, 6 
4408, 6, 6 
55019, 6, 6 
30526, 6, 6 
1781, 6, 6 
16065, 6, 6 
46646, 6, 6 
7341, 6, 6 
4827, 6, 6 
52781, 6, 6 
25638, 6, 6 
2850, 6, 6 
58839, 6, 6 
34380, 6, 6 
12090, 6, 6 
24277, 6, 6 
39273, 6, 6 
45640, 6, 6 
34894, 6, 6 
30074, 6, 6 
7064, 6, 6 
42921, 6, 6 
44498, 6, 6 
50266, 6, 6 
12489, 6, 6 
1136, 6, 6 
42600, 6, 6 
1892, 6, 6 
33910, 6, 6 
6486, 6, 6 
28400, 6, 6 
26524, 6, 6 
53111, 6, 6 
26946, 6, 6 
4586, 6, 6 
31645, 6, 6 
15483, 6, 6 
40282, 6, 6 
49178, 6, 6 
31143, 6, 6 
26754, 6, 6 
51497, 6, 6 
39567, 6, 6 
129, 6, 6 
33560, 6, 6 
57010, 6, 6 
33454, 6, 6 
23594, 6, 6 
14473, 6, 6 
37973, 6, 6 
42978, 6, 6 
26841, 6, 6 
22618, 6, 6 
27161, 6, 6 
23125, 6, 6 
47877, 6, 6 
33032, 6, 6 
55660, 6, 6 
8038, 7, 7 
39060, 7, 7 
48988, 7, 7 
8637, 7, 7 
23309, 7, 7 
16383, 7, 7 
26917, 7, 7 
10485, 7, 7 
42191, 7, 7 
58589, 7, 7 
30155, 7, 7 
3692, 7, 7 
7866, 7, 7 
22097, 7, 7 
13802, 7, 7 
5446, 7, 7 
38255, 7, 7 
55384, 7, 7 
55826, 7, 7 
2223, 7, 7 
51707, 7, 7 
41530, 7, 7 
33995, 7, 7 
14770, 7, 7 
26455, 7, 7 
24455, 7, 7 
56028, 7, 7 
10315, 7, 7 
26659, 7, 7 
4875, 7, 7 
51166, 7, 7 
47600, 7, 7 
49012, 7, 7 
20277, 7, 7 
50021, 7, 7 
56052, 7, 7 
39348, 7, 7 
20557, 7, 7 
16984, 7, 7 
50370, 7, 7 
41717, 7, 7 
59213, 7, 7 
22371, 7, 7 
45811, 7, 7 
2187, 7, 7 
4396, 7, 7 
33809, 7, 7 
39294, 7, 7 
38349, 7, 7 
18671, 7, 7 
5555, 7, 7 
22781, 7, 7 
7889, 7, 7 
27157, 7, 7 
10795, 7, 7 
59745, 7, 7 
36856, 7, 7 
57074, 7, 7 
20406, 7, 7 
59254, 7, 7 
24639, 7, 7 
38091, 7, 7 
48098, 7, 7 
42023, 7, 7 
40891, 7, 7 
54760, 7, 7 
50468, 7, 7 
52176, 7, 7 
4528, 7, 7 
50972, 7, 7 
57996, 7, 7 
22313, 7, 7 
5347, 7, 7 
40344, 7, 7 
44772, 7, 7 
46641, 7, 7 
56266, 7, 7 
30579, 7, 7 
31698, 7, 7 
29661, 7, 7 
52217, 7, 7 
15577, 7, 7 
43607, 7, 7 
55117, 7, 7 
31408, 7, 7 
14004, 7, 7 
28852, 7, 7 
27151, 7, 7 
28991, 7, 7 
39056, 7, 7 
15954, 7, 7 
57535, 7, 7 
44059, 7, 7 
28730, 7, 7 
59935, 7, 7 
11407, 7, 7 
41920, 7, 7 
45170, 7, 7 
21050, 7, 7 
22796, 7, 7 
30060, 7, 7 
15932, 7, 7 
20422, 7, 7 
48135, 7, 7 
58310, 7, 7 
37693, 7, 7 
26529, 7, 7 
28535, 7, 7 
34506, 7, 7 
52092, 7, 7 
54186, 7, 7 
24788, 7, 7 
30739, 7, 7 
36972, 7, 7 
30982, 7, 7 
45329, 7, 7 
47266, 7, 7 
9082, 7, 7 
15485, 7, 7 
56679, 7, 7 
3405, 7, 7 
29632, 7, 7 
47062, 7, 7 
41379, 7, 7 
56769, 7, 7 
25506, 7, 7 
48893, 7, 7 
25299, 7, 7 
36615, 7, 7 
26549, 7, 7 
3769, 7, 7 
53302, 7, 7 
478, 7, 7 
57718, 7, 7 
18818, 7, 7 
34298, 7, 7 
4858, 7, 7 
868, 7, 7 
12601, 7, 7 
21429, 7, 7 
31826, 7, 7 
24550, 7, 7 
25830, 7, 7 
14642, 7, 7 
44975, 7, 7 
2706, 7, 7 
7530, 7, 7 
46769, 7, 7 
12176, 7, 7 
45192, 7, 7 
37875, 7, 7 
32428, 7, 7 
59285, 7, 7 
48801, 7, 7 
21710, 7, 7 
30936, 7, 7 
55842, 7, 7 
52405, 7, 7 
45285, 7, 7 
16394, 7, 7 
19780, 7, 7 
23360, 7, 7 
40222, 7, 7 
13416, 7, 7 
26088, 7, 7 
28053, 7, 7 
51322, 7, 7 
16852, 7, 7 
38954, 7, 7 
41324, 7, 7 
57923, 7, 7 
43346, 7, 7 
54011, 7, 7 
27837, 7, 7 
44757, 7, 7 
12769, 7, 7 
14219, 7, 7 
46248, 7, 7 
5264, 7, 7 
49053, 7, 7 
28009, 7, 7 
56931, 7, 7 
15305, 7, 7 
57560, 7, 7 
49364, 7, 7 
11516, 7, 7 
58816, 7, 7 
45973, 7, 7 
35203, 7, 7 
46874, 7, 7 
1513, 7, 7 
18037, 7, 7 
7513, 7, 7 
51971, 7, 7 
51496, 7, 7 
14379, 7, 7 
9992, 7, 7 
31439, 7, 7 
9467, 7, 7 
23666, 7, 7 
24477, 7, 7 
31062, 7, 7 
3151, 7, 7 
27302, 7, 7 
52480, 7, 7 
58258, 7, 7 
3214, 7, 7 
18066, 7, 7 
11994, 7, 7 
46264, 7, 7 
14360, 7, 7 
4332, 7, 7 
23443, 7, 7 
23451, 7, 7 
14152, 7, 7 
41584, 7, 7 
17031, 7, 7 
28783, 7, 7 
40001, 7, 7 
20403, 7, 7 
15689, 7, 7 
19668, 7, 7 
50620, 7, 7 
23902, 7, 7 
50278, 7, 7 
25426, 7, 7 
44623, 7, 7 
48515, 7, 7 
14242, 7, 7 
3640, 7, 7 
52803, 7, 7 
31589, 7, 7 
24434, 7, 7 
24873, 7, 7 
25615, 7, 7 
44311, 7, 7 
43284, 7, 7 
51088, 7, 7 
56160, 7, 7 
24705, 7, 7 
53227, 7, 7 
47337, 7, 7 
42415, 7, 7 
40415, 7, 7 
20310, 7, 7 
19141, 7, 7 
6675, 7, 7 
33104, 7, 7 
12439, 7, 7 
14757, 7, 7 
37987, 7, 7 
36139, 7, 7 
58078, 7, 7 
22858, 7, 7 
25160, 7, 7 
8090, 7, 7 
12896, 7, 7 
51916, 7, 7 
53274, 7, 7 
11703, 7, 7 
48910, 7, 7 
7384, 7, 7 
43796, 7, 7 
41692, 7, 7 
34528, 7, 7 
55266, 7, 7 
3942, 7, 7 
19572, 7, 7 
41958, 7, 7 
16272, 7, 7 
5519, 7, 7 
11188, 7, 7 
56287, 7, 7 
35696, 7, 7 
49554, 7, 7 
11660, 7, 7 
21396, 7, 7 
42772, 7, 7 
51023, 7, 7 
1636, 7, 7 
91, 7, 7 
17441, 7, 7 
31531, 7, 7 
37193, 7, 7 
51819, 7, 7 
28620, 7, 7 
24815, 7, 7 
13963, 7, 7 
24682, 7, 7 
5049, 7, 7 
4173, 7, 7 
1619, 7, 7 
42593, 7, 7 
8913, 7, 7 
18816, 7, 7 
59068, 7, 7 
7644, 7, 7 
6141, 7, 7 
16288, 7, 7 
23715, 7, 7 
4977, 7, 7 
36177, 7, 7 
47852, 7, 7 
45626, 7, 7 
15256, 7, 7 
57386, 7, 7 
25850, 7, 7 
7621, 7, 7 
30713, 7, 7 
40784, 7, 7 
971, 7, 7 
9023, 7, 7 
22711, 7, 7 
26076, 7, 7 
12813, 7, 7 
57188, 7, 7 
55518, 7, 7 
10457, 7, 7 
14710, 7, 7 
4499, 7, 7 
43168, 7, 7 
4946, 7, 7 
13684, 7, 7 
56611, 7, 7 
4964, 7, 7 
57235, 7, 7 
59276, 7, 7 
29423, 7, 7 
36583, 7, 7 
13187, 7, 7 
14841, 7, 7 
560, 7, 7 
5504, 7, 7 
51856, 7, 7 
58125, 7, 7 
17383, 7, 7 
22377, 7, 7 
18402, 7, 7 
34160, 7, 7 
27059, 7, 7 
23811, 7, 7 
17424, 7, 7 
11623, 7, 7 
44170, 7, 7 
17617, 7, 7 
56086, 7, 7 
16316, 7, 7 
38972, 7, 7 
230, 7, 7 
2095, 7, 7 
22570, 7, 7 
33988, 7, 7 
38389, 7, 7 
56992, 7, 7 
36150, 7, 7 
35382, 7, 7 
22220, 7, 7 
58974, 7, 7 
42831, 7, 7 
37387, 7, 7 
58061, 7, 7 
11220, 7, 7 
55779, 7, 7 
44526, 7, 7 
8699, 7, 7 
42613, 7, 7 
20720, 7, 7 
48852, 7, 7 
324, 7, 7 
54022, 7, 7 
27543, 7, 7 
52052, 7, 7 
34934, 7, 7 
16194, 7, 7 
31796, 7, 7 
15494, 7, 7 
41919, 7, 7 
30973, 7, 7 
54439, 7, 7 
54644, 7, 7 
55034, 7, 7 
46174, 7, 7 
49063, 7, 7 
42901, 7, 7 
54096, 7, 7 
1343, 7, 7 
53171, 7, 7 
10682, 7, 7 
34676, 7, 7 
4897, 7, 7 
41026, 7, 7 
22183, 7, 7 
59938, 7, 7 
11170, 7, 7 
33037, 7, 7 
21790, 7, 7 
51294, 7, 7 
15122, 7, 7 
12676, 7, 7 
3916, 7, 7 
3909, 7, 7 
25733, 7, 7 
33834, 7, 7 
24500, 7, 7 
11054, 7, 7 
33093, 7, 7 
48519, 7, 7 
48105, 7, 7 
46832, 7, 7 
1014, 7, 7 
26322, 7, 7 
48166, 7, 7 
54555, 7, 7 
40193, 7, 7 
46095, 7, 7 
7113, 7, 7 
305, 7, 7 
34233, 7, 7 
8665, 7, 7 
22381, 7, 7 
16596, 7, 7 
56897, 7, 7 
57763, 7, 7 
37317, 7, 7 
58750, 7, 7 
53210, 7, 7 
28624, 7, 7 
8084, 7, 7 
42410, 7, 7 
40470, 7, 7 
32395, 7, 7 
8502, 7, 7 
41002, 7, 7 
37389, 7, 7 
54964, 7, 7 
13754, 7, 7 
51304, 7, 7 
20452, 7, 7 
1153, 7, 7 
41224, 7, 7 
32117, 7, 7 
54372, 7, 7 
39003, 7, 7 
24830, 7, 7 
17918, 7, 7 
55895, 7, 7 
10474, 7, 7 
45102, 7, 7 
32416, 7, 7 
36818, 7, 7 
12139, 7, 7 
47568, 7, 7 
43686, 7, 7 
45806, 7, 7 
58690, 7, 7 
9665, 7, 7 
48869, 7, 7 
57600, 7, 7 
9911, 7, 7 
57540, 7, 7 
50891, 7, 7 
59441, 7, 7 
33470, 7, 7 
8604, 7, 7 
45492, 7, 7 
51586, 7, 7 
54194, 7, 7 
25594, 7, 7 
51460, 7, 7 
30165, 7, 7 
13123, 7, 7 
57621, 7, 7 
46888, 7, 7 
42959, 7, 7 
4354, 7, 7 
8401, 7, 7 
43307, 7, 7 
24975, 7, 7 
20162, 7, 7 
48333, 7, 7 
4432, 7, 7 
39089, 7, 7 
42763, 7, 7 
10590, 7, 7 
51161, 7, 7 
53763, 7, 7 
43178, 7, 7 
6650, 7, 7 
6250, 7, 7 
4591, 7, 7 
4000, 7, 7 
10911, 7, 7 
14197, 7, 7 
21318, 7, 7 
8375, 7, 7 
7795, 7, 7 
13311, 7, 7 
30260, 7, 7 
23787, 7, 7 
36498, 7, 7 
51904, 8, 8 
10694, 8, 8 
21925, 8, 8 
12298, 8, 8 
57447, 8, 8 
44206, 8, 8 
14913, 8, 8 
35005, 8, 8 
58232, 8, 8 
33664, 8, 8 
5050, 8, 8 
27236, 8, 8 
13440, 8, 8 
29589, 8, 8 
49016, 8, 8 
56557, 8, 8 
17859, 8, 8 
47548, 8, 8 
6618, 8, 8 
9839, 8, 8 
32607, 8, 8 
50013, 8, 8 
37695, 8, 8 
47861, 8, 8 
30318, 8, 8 
3664, 8, 8 
55145, 8, 8 
17128, 8, 8 
7215, 8, 8 
26373, 8, 8 
28999, 8, 8 
56387, 8, 8 
6335, 8, 8 
28595, 8, 8 
14013, 8, 8 
12118, 8, 8 
11146, 8, 8 
45161, 8, 8 
22141, 8, 8 
57332, 8, 8 
50097, 8, 8 
38423, 8, 8 
21161, 8, 8 
15678, 8, 8 
41718, 8, 8 
1404, 8, 8 
24027, 8, 8 
32389, 8, 8 
50530, 8, 8 
4419, 8, 8 
13498, 8, 8 
38453, 8, 8 
8213, 8, 8 
2476, 8, 8 
28226, 8, 8 
22320, 8, 8 
40814, 8, 8 
1105, 8, 8 
13954, 8, 8 
50970, 8, 8 
27024, 8, 8 
40064, 8, 8 
8889, 8, 8 
6006, 8, 8 
38119, 8, 8 
16752, 8, 8 
17760, 8, 8 
59013, 8, 8 
885, 8, 8 
43986, 8, 8 
9789, 8, 8 
22163, 8, 8 
9661, 8, 8 
25545, 8, 8 
20491, 8, 8 
2068, 8, 8 
23078, 8, 8 
32760, 8, 8 
4967, 8, 8 
13549, 8, 8 
43534, 8, 8 
11482, 8, 8 
59916, 8, 8 
42297, 8, 8 
10963, 8, 8 
47463, 8, 8 
36367, 8, 8 
2215, 8, 8 
59803, 8, 8 
571, 8, 8 
5435, 8, 8 
58762, 8, 8 
14495, 8, 8 
27819, 8, 8 
49766, 8, 8 
28539, 8, 8 
34422, 8, 8 
35809, 8, 8 
29259, 8, 8 
12974, 8, 8 
3775, 8, 8 
45103, 8, 8 
2927, 8, 8 
8047, 8, 8 
58168, 8, 8 
51725, 8, 8 
10151, 8, 8 
23215, 8, 8 
6240, 8, 8 
7793, 8, 8 
18434, 8, 8 
47615, 8, 8 
31087, 8, 8 
4036, 8, 8 
57484, 8, 8 
51172, 8, 8 
32166, 8, 8 
53486, 8, 8 
40939, 8, 8 
56716, 8, 8 
45647, 8, 8 
50272, 8, 8 
4825, 8, 8 
35253, 8, 8 
12174, 8, 8 
24309, 8, 8 
53440, 8, 8 
6022, 8, 8 
42661, 8, 8 
56430, 8, 8 
20785, 8, 8 
24534, 8, 8 
18012, 8, 8 
53281, 8, 8 
27126, 8, 8 
52115, 8, 8 
37885, 8, 8 
52050, 8, 8 
15629, 8, 8 
26122, 8, 8 
3093, 8, 8 
49744, 8, 8 
24223, 8, 8 
39756, 8, 8 
57121, 8, 8 
22469, 8, 8 
55026, 8, 8 
41, 8, 8 
36347, 8, 8 
47420, 8, 8 
37644, 8, 8 
39873, 8, 8 
13219, 8, 8 
34061, 8, 8 
30494, 8, 8 
1793, 8, 8 
54585, 8, 8 
19392, 8, 8 
9178, 8, 8 
44775, 8, 8 
58736, 8, 8 
50860, 8, 8 
9937, 8, 8 
53079, 8, 8 
42107, 8, 8 
44834, 8, 8 
26203, 8, 8 
17952, 8, 8 
3254, 8, 8 
32864, 8, 8 
19711, 8, 8 
3032, 8, 8 
6803, 8, 8 
57450, 8, 8 
19365, 8, 8 
35242, 8, 8 
29576, 8, 8 
7824, 8, 8 
21593, 8, 8 
35083, 8, 8 
19981, 8, 8 
14754, 8, 8 
36845, 8, 8 
38452, 8, 8 
3872, 8, 8 
17036, 8, 8 
5827, 8, 8 
27106, 8, 8 
59265, 8, 8 
44532, 8, 8 
57038, 8, 8 
2155, 8, 8 
23263, 8, 8 
11087, 8, 8 
559, 8, 8 
9088, 8, 8 
28233, 8, 8 
42691, 8, 8 
44203, 8, 8 
2475, 8, 8 
31758, 8, 8 
34669, 8, 8 
38596, 8, 8 
27085, 8, 8 
46154, 8, 8 
47176, 8, 8 
3619, 8, 8 
54423, 8, 8 
5680, 8, 8 
55156, 8, 8 
935, 8, 8 
46758, 8, 8 
56751, 8, 8 
7450, 8, 8 
45884, 8, 8 
30325, 8, 8 
22893, 8, 8 
32300, 8, 8 
15408, 8, 8 
11142, 8, 8 
17405, 8, 8 
50524, 8, 8 
42665, 8, 8 
32110, 8, 8 
43525, 8, 8 
1745, 8, 8 
12054, 8, 8 
25592, 8, 8 
39373, 8, 8 
9358, 8, 8 
54495, 8, 8 
16579, 8, 8 
3011, 8, 8 
35042, 8, 8 
23680, 8, 8 
19790, 8, 8 
47634, 8, 8 
44806, 8, 8 
57019, 8, 8 
35547, 8, 8 
48256, 8, 8 
3807, 8, 8 
5409, 8, 8 
10274, 8, 8 
1974, 8, 8 
54747, 8, 8 
9762, 8, 8 
52070, 8, 8 
54726, 8, 8 
5394, 8, 8 
43522, 8, 8 
38085, 8, 8 
38858, 8, 8 
29995, 8, 8 
29016, 8, 8 
57304, 8, 8 
59173, 8, 8 
38000, 8, 8 
26580, 8, 8 
18714, 8, 8 
32473, 8, 8 
16465, 8, 8 
19455, 8, 8 
40777, 8, 8 
56613, 8, 8 
13341, 8, 8 
1777, 8, 8 
42617, 8, 8 
40158, 8, 8 
47948, 8, 8 
20539, 8, 8 
18014, 8, 8 
38638, 8, 8 
21190, 8, 8 
46395, 8, 8 
56056, 8, 8 
47053, 8, 8 
18933, 8, 8 
39778, 8, 8 
37628, 8, 8 
24301, 8, 8 
59838, 8, 8 
13899, 8, 8 
14873, 8, 8 
33777, 8, 8 
53659, 8, 8 
3968, 8, 8 
56771, 8, 8 
50532, 8, 8 
21486, 8, 8 
30738, 8, 8 
16552, 8, 8 
31273, 8, 8 
53335, 8, 8 
11989, 8, 8 
17358, 8, 8 
17672, 8, 8 
240, 8, 8 
41017, 8, 8 
23092, 8, 8 
30654, 8, 8 
43299, 8, 8 
48723, 8, 8 
59989, 8, 8 
30418, 8, 8 
53150, 8, 8 
17270, 8, 8 
1641, 8, 8 
26362, 8, 8 
46699, 8, 8 
18931, 8, 8 
16114, 8, 8 
12609, 8, 8 
17765, 8, 8 
41550, 8, 8 
44173, 8, 8 
1025, 8, 8 
27973, 8, 8 
12198, 8, 8 
22308, 8, 8 
43823, 8, 8 
3191, 8, 8 
6457, 8, 8 
25984, 8, 8 
30999, 8, 8 
14305, 8, 8 
18577, 8, 8 
11880, 8, 8 
52485, 8, 8 
25692, 8, 8 
53236, 8, 8 
6534, 8, 8 
44833, 8, 8 
9134, 8, 8 
50714, 8, 8 
16897, 8, 8 
10720, 8, 8 
11160, 8, 8 
59565, 8, 8 
26532, 8, 8 
1214, 8, 8 
35467, 8, 8 
8785, 8, 8 
7909, 8, 8 
16026, 8, 8 
37312, 8, 8 
47438, 8, 8 
7923, 8, 8 
15341, 8, 8 
29745, 8, 8 
43579, 8, 8 
28682, 8, 8 
54920, 8, 8 
29342, 8, 8 
9866, 8, 8 
37685, 8, 8 
19716, 8, 8 
47857, 8, 8 
1464, 8, 8 
28940, 8, 8 
42314, 8, 8 
761, 8, 8 
36323, 8, 8 
59466, 8, 8 
777, 8, 8 
34968, 8, 8 
24240, 8, 8 
52892, 8, 8 
44144, 8, 8 
53036, 8, 8 
312, 8, 8 
11662, 8, 8 
3027, 8, 8 
32747, 8, 8 
4727, 8, 8 
30172, 8, 8 
53181, 8, 8 
2425, 8, 8 
25731, 8, 8 
42635, 8, 8 
23391, 8, 8 
34154, 8, 8 
11365, 8, 8 
3502, 8, 8 
4434, 8, 8 
14626, 8, 8 
2442, 8, 8 
13316, 8, 8 
33517, 8, 8 
11374, 8, 8 
35339, 8, 8 
56544, 8, 8 
27348, 8, 8 
5296, 8, 8 
24845, 8, 8 
23674, 8, 8 
55973, 8, 8 
23750, 8, 8 
55959, 8, 8 
15664, 8, 8 
37778, 8, 8 
48455, 8, 8 
1329, 8, 8 
20372, 8, 8 
50869, 8, 8 
57481, 8, 8 
51008, 8, 8 
16833, 8, 8 
8441, 8, 8 
5628, 8, 8 
58716, 8, 8 
46063, 8, 8 
49165, 8, 8 
38606, 8, 8 
41481, 8, 8 
11506, 8, 8 
23537, 8, 8 
58990, 8, 8 
48739, 8, 8 
31810, 8, 8 
57189, 8, 8 
27998, 8, 8 
50873, 8, 8 
25890, 8, 8 
54626, 8, 8 
28390, 8, 8 
20037, 8, 8 
16724, 8, 8 
34243, 8, 8 
9611, 8, 8 
53131, 8, 8 
30823, 8, 8 
37094, 8, 8 
10628, 8, 8 
50499, 8, 8 
24889, 8, 8 
28643, 8, 8 
24410, 8, 8 
37406, 8, 8 
38805, 8, 8 
51705, 8, 8 
34328, 8, 8 
32453, 8, 8 
27889, 8, 8 
29387, 8, 8 
35958, 8, 8 
58643, 8, 8 
51846, 8, 8 
49677, 8, 8 
49999, 8, 8 
40652, 8, 8 
19103, 8, 8 
6153, 8, 8 
52398, 8, 8 
28301, 8, 8 
23817, 8, 8 
32712, 8, 8 
39167, 8, 8 
45985, 8, 8 
20521, 8, 8 
58158, 8, 8 
37078, 8, 8 
7586, 8, 8 
2384, 8, 8 
23553, 8, 8 
16115, 8, 8 
58543, 8, 8 
26628, 8, 8 
16826, 8, 8 
41035, 8, 8 
44436, 8, 8 
48688, 8, 8 
13485, 8, 8 
9591, 8, 8 
48002, 8, 8 
35629, 8, 8 
54492, 8, 8 
51143, 8, 8 
47730, 8, 8 
594, 8, 8 
32285, 8, 8 
6703, 8, 8 
3279, 8, 8 
11704, 8, 8 
43333, 8, 8 
47188, 8, 8 
46573, 8, 8 
54190, 8, 8 
28033, 8, 8 
39391, 8, 8 
40245, 8, 8 
54654, 8, 8 
11575, 8, 8 
54132, 8, 8 
31191, 8, 8 
16725, 8, 8 
14893, 8, 8 
49064, 8, 8 
30478, 8, 8 
43215, 8, 8 
35503, 9, 9 
4830, 9, 9 
37259, 9, 9 
10507, 9, 9 
42298, 9, 9 
41589, 9, 9 
57085, 9, 9 
8620, 9, 9 
18531, 9, 9 
51584, 9, 9 
7118, 9, 9 
48072, 9, 9 
10305, 9, 9 
39034, 9, 9 
18722, 9, 9 
45922, 9, 9 
45575, 9, 9 
13739, 9, 9 
31299, 9, 9 
56401, 9, 9 
51667, 9, 9 
31676, 9, 9 
55435, 9, 9 
58920, 9, 9 
24230, 9, 9 
13801, 9, 9 
6084, 9, 9 
58680, 9, 9 
14895, 9, 9 
36349, 9, 9 
45555, 9, 9 
18082, 9, 9 
53204, 9, 9 
11688, 9, 9 
44223, 9, 9 
3785, 9, 9 
48477, 9, 9 
20445, 9, 9 
28114, 9, 9 
52635, 9, 9 
29857, 9, 9 
6769, 9, 9 
18731, 9, 9 
54627, 9, 9 
226, 9, 9 
22256, 9, 9 
30694, 9, 9 
51956, 9, 9 
53265, 9, 9 
16006, 9, 9 
4026, 9, 9 
34013, 9, 9 
8802, 9, 9 
26663, 9, 9 
10438, 9, 9 
34693, 9, 9 
16827, 9, 9 
44116, 9, 9 
23617, 9, 9 
13308, 9, 9 
53698, 9, 9 
17758, 9, 9 
24919, 9, 9 
44328, 9, 9 
20700, 9, 9 
52447, 9, 9 
46030, 9, 9 
26558, 9, 9 
46655, 9, 9 
51289, 9, 9 
44895, 9, 9 
17501, 9, 9 
33187, 9, 9 
6625, 9, 9 
56861, 9, 9 
16341, 9, 9 
37115, 9, 9 
28239, 9, 9 
57267, 9, 9 
26748, 9, 9 
48344, 9, 9 
51770, 9, 9 
3193, 9, 9 
50562, 9, 9 
25837, 9, 9 
58294, 9, 9 
49690, 9, 9 
18842, 9, 9 
41942, 9, 9 
43551, 9, 9 
27884, 9, 9 
57274, 9, 9 
16808, 9, 9 
46831, 9, 9 
40391, 9, 9 
24694, 9, 9 
16035, 9, 9 
22127, 9, 9 
22243, 9, 9 
2779, 9, 9 
55884, 9, 9 
2033, 9, 9 
44776, 9, 9 
46839, 9, 9 
34254, 9, 9 
44214, 9, 9 
47836, 9, 9 
19030, 9, 9 
30069, 9, 9 
1684, 9, 9 
17698, 9, 9 
17211, 9, 9 
11194, 9, 9 
10860, 9, 9 
42231, 9, 9 
42879, 9, 9 
48530, 9, 9 
27839, 9, 9 
12200, 9, 9 
58968, 9, 9 
57423, 9, 9 
30620, 9, 9 
30696, 9, 9 
33643, 9, 9 
35677, 9, 9 
12894, 9, 9 
37123, 9, 9 
8608, 9, 9 
27654, 9, 9 
22176, 9, 9 
41953, 9, 9 
28319, 9, 9 
53166, 9, 9 
364, 9, 9 
20519, 9, 9 
1292, 9, 9 
17723, 9, 9 
864, 9, 9 
29865, 9, 9 
10857, 9, 9 
11580, 9, 9 
25463, 9, 9 
30419, 9, 9 
44236, 9, 9 
13887, 9, 9 
48580, 9, 9 
38005, 9, 9 
38701, 9, 9 
35070, 9, 9 
36782, 9, 9 
42838, 9, 9 
20341, 9, 9 
18777, 9, 9 
34147, 9, 9 
37268, 9, 9 
59771, 9, 9 
34694, 9, 9 
39621, 9, 9 
10588, 9, 9 
54989, 9, 9 
55333, 9, 9 
35506, 9, 9 
52718, 9, 9 
2793, 9, 9 
58828, 9, 9 
9673, 9, 9 
12432, 9, 9 
31456, 9, 9 
55813, 9, 9 
14934, 9, 9 
45917, 9, 9 
37538, 9, 9 
45232, 9, 9 
38632, 9, 9 
12832, 9, 9 
15349, 9, 9 
10414, 9, 9 
6019, 9, 9 
5868, 9, 9 
28676, 9, 9 
13435, 9, 9 
22841, 9, 9 
19143, 9, 9 
2398, 9, 9 
40583, 9, 9 
33606, 9, 9 
34544, 9, 9 
5492, 9, 9 
16488, 9, 9 
9304, 9, 9 
57913, 9, 9 
55711, 9, 9 
6460, 9, 9 
6067, 9, 9 
43896, 9, 9 
5130, 9, 9 
37233, 9, 9 
48159, 9, 9 
8321, 9, 9 
10361, 9, 9 
14842, 9, 9 
18984, 9, 9 
6438, 9, 9 
17347, 9, 9 
46176, 9, 9 
15089, 9, 9 
16067, 9, 9 
42728, 9, 9 
34790, 9, 9 
595, 9, 9 
20358, 9, 9 
53752, 9, 9 
3925, 9, 9 
26282, 9, 9 
11090, 9, 9 
3371, 9, 9 
30686, 9, 9 
28889, 9, 9 
57428, 9, 9 
18562, 9, 9 
1674, 9, 9 
55207, 9, 9 
16103, 9, 9 
16727, 9, 9 
45775, 9, 9 
44071, 9, 9 
28592, 9, 9 
33544, 9, 9 
18628, 9, 9 
34743, 9, 9 
51716, 9, 9 
50544, 9, 9 
23555, 9, 9 
19910, 9, 9 
33599, 9, 9 
7407, 9, 9 
4399, 9, 9 
46490, 9, 9 
32618, 9, 9 
50701, 9, 9 
8216, 9, 9 
34517, 9, 9 
21981, 9, 9 
37077, 9, 9 
2821, 9, 9 
20692, 9, 9 
46243, 9, 9 
13002, 9, 9 
36007, 9, 9 
38905, 9, 9 
25652, 9, 9 
54055, 9, 9 
56527, 9, 9 
24775, 9, 9 
41254, 9, 9 
25562, 9, 9 
42118, 9, 9 
4206, 9, 9 
38031, 9, 9 
16175, 9, 9 
16846, 9, 9 
30893, 9, 9 
5869, 9, 9 
12120, 9, 9 
30698, 9, 9 
17186, 9, 9 
26839, 9, 9 
3970, 9, 9 
46885, 9, 9 
56930, 9, 9 
28750, 9, 9 
58850, 9, 9 
57206, 9, 9 
11415, 9, 9 
42458, 9, 9 
24197, 9, 9 
30003, 9, 9 
56279, 9, 9 
56996, 9, 9 
26060, 9, 9 
31130, 9, 9 
31707, 9, 9 
54504, 9, 9 
59514, 9, 9 
8111, 9, 9 
10906, 9, 9 
23552, 9, 9 
47341, 9, 9 
56480, 9, 9 
39073, 9, 9 
7853, 9, 9 
52356, 9, 9 
40854, 9, 9 
1161, 9, 9 
5940, 9, 9 
16170, 9, 9 
54021, 9, 9 
47398, 9, 9 
53831, 9, 9 
34227, 9, 9 
43207, 9, 9 
56458, 9, 9 
1622, 9, 9 
46784, 9, 9 
46353, 9, 9 
45201, 9, 9 
8492, 9, 9 
15312, 9, 9 
383, 9, 9 
35341, 9, 9 
36261, 9, 9 
39973, 9, 9 
43663, 9, 9 
3649, 9, 9 
53317, 9, 9 
43565, 9, 9 
13871, 9, 9 
46298, 9, 9 
20735, 9, 9 
27698, 9, 9 
39781, 9, 9 
55007, 9, 9 
44741, 9, 9 
6820, 9, 9 
27688, 9, 9 
51455, 9, 9 
33899, 9, 9 
1522, 9, 9 
9425, 9, 9 
6149, 9, 9 
38051, 9, 9 
33931, 9, 9 
49669, 9, 9 
51840, 9, 9 
50754, 9, 9 
49143, 9, 9 
59668, 9, 9 
56618, 9, 9 
57006, 9, 9 
5898, 9, 9 
44931, 9, 9 
35732, 9, 9 
20871, 9, 9 
17921, 9, 9 
48927, 9, 9 
3508, 9, 9 
9846, 9, 9 
13130, 9, 9 
7904, 9, 9 
31733, 9, 9 
57299, 9, 9 
54584, 9, 9 
53532, 9, 9 
42360, 9, 9 
8318, 9, 9 
1820, 9, 9 
47703, 9, 9 
26527, 9, 9 
50029, 9, 9 
47125, 9, 9 
54323, 9, 9 
3566, 9, 9 
15195, 9, 9 
2613, 9, 9 
31400, 9, 9 
59238, 9, 9 
42696, 9, 9 
23447, 9, 9 
17799, 9, 9 
27391, 9, 9 
42870, 9, 9 
50522, 9, 9 
47547, 9, 9 
43693, 9, 9 
41364, 9, 9 
22782, 9, 9 
822, 9, 9 
10951, 9, 9 
19269, 9, 9 
58735, 9, 9 
21892, 9, 9 
43425, 9, 9 
52929, 9, 9 
59829, 9, 9 
38426, 9, 9 
826, 9, 9 
10681, 9, 9 
54170, 9, 9 
42851, 9, 9 
50851, 9, 9 
56216, 9, 9 
20073, 9, 9 
24947, 9, 9 
39096, 9, 9 
43392, 9, 9 
35194, 9, 9 
6993, 9, 9 
10094, 9, 9 
23100, 9, 9 
7157, 9, 9 
32417, 9, 9 
40128, 9, 9 
20767, 9, 9 
35523, 9, 9 
49988, 9, 9 
43094, 9, 9 
56317, 9, 9 
3447, 9, 9 
44182, 9, 9 
45700, 9, 9 
2797, 9, 9 
18024, 9, 9 
47617, 9, 9 
8276, 9, 9 
58331, 9, 9 
13949, 9, 9 
34330, 9, 9 
3256, 9, 9 
24538, 9, 9 
46168, 9, 9 
10794, 9, 9 
12563, 9, 9 
16973, 9, 9 
19577, 9, 9 
56237, 9, 9 
12768, 9, 9 
12910, 9, 9 
31561, 9, 9 
51082, 9, 9 
12272, 9, 9 
23262, 9, 9 
17363, 9, 9 
53151, 9, 9 
10088, 9, 9 
28308, 9, 9 
1811, 9, 9 
59794, 9, 9 
22108, 9, 9 
42258, 9, 9 
45873, 9, 9 
59719, 9, 9 
37206, 9, 9 
39425, 9, 9 
58577, 9, 9 
31170, 9, 9 
11103, 9, 9 
32374, 9, 9 
35444, 9, 9 
8998, 9, 9 
45654, 9, 9 
39997, 9, 9 
29737, 9, 9 
34729, 9, 9 
5645, 9, 9 
28055, 9, 9 
39754, 9, 9 
13891, 9, 9 
5454, 9, 9 
37553, 9, 9 
29301, 9, 9 
26518, 9, 9 
12425, 9, 9 
6934, 9, 9 
44995, 9, 9 
55652, 9, 9 
59939, 9, 9 
23945, 9, 9 
37391, 9, 9 
30395, 9, 9 
55847, 9, 9 
9132, 9, 9 
57895, 9, 9 
35191, 9, 9 
1903, 9, 9 
48077, 9, 9 
39174, 9, 9 
44407, 9, 9 
25712, 9, 9 
27679, 9, 9 
23170, 9, 9 
34801, 9, 9 
35941, 9, 9 
46444, 9, 9 
20750, 9, 9 
29108, 9, 9 
6518, 9, 9 
46907, 9, 9 
2006, 9, 9 
10495, 9, 9 
53735, 9, 9 
52180, 9, 9 
26764, 9, 9 
54599, 9, 9 
17235, 9, 9 
2728, 9, 9 
20138, 9, 9 
34458, 9, 9 
13409, 9, 9 
57008, 9, 9 
42512, 9, 9 
