id, true label, predicted label 
55408, 0, 0 
23541, 0, 0 
36689, 0, 0 
28122, 0, 0 
3612, 0, 0 
36431, 0, 0 
44826, 0, 0 
41137, 0, 0 
20929, 0, 0 
5585, 0, 0 
7143, 0, 0 
17449, 0, 0 
30207, 0, 0 
37917, 0, 0 
24706, 0, 0 
20487, 0, 0 
13098, 0, 0 
46166, 0, 0 
49342, 0, 0 
59536, 0, 0 
46560, 0, 0 
47619, 0, 0 
14278, 0, 0 
28965, 0, 0 
37981, 0, 0 
12716, 0, 0 
42111, 0, 0 
44558, 0, 0 
29128, 0, 0 
23875, 0, 0 
25005, 0, 0 
31059, 0, 0 
7786, 0, 0 
15971, 0, 0 
53257, 0, 0 
776, 0, 0 
28627, 0, 0 
19369, 0, 0 
8129, 0, 0 
9459, 0, 0 
54464, 0, 0 
27318, 0, 0 
58647, 0, 0 
42835, 0, 0 
4994, 0, 0 
37153, 0, 0 
16498, 0, 0 
26753, 0, 0 
19738, 0, 0 
39656, 0, 0 
28230, 0, 0 
15318, 0, 0 
14161, 0, 0 
2642, 0, 0 
49774, 0, 0 
10844, 0, 0 
29102, 0, 0 
25344, 0, 0 
29488, 0, 0 
19360, 0, 0 
20947, 0, 0 
22583, 0, 0 
13889, 0, 0 
17534, 0, 0 
10119, 0, 0 
3376, 0, 0 
59689, 0, 0 
47599, 0, 0 
6630, 0, 0 
21203, 0, 0 
36560, 0, 0 
22511, 0, 0 
30220, 0, 0 
41357, 0, 0 
44491, 0, 0 
1769, 0, 0 
56868, 0, 0 
15160, 0, 0 
13874, 0, 0 
10579, 0, 0 
31661, 0, 0 
29732, 0, 0 
32098, 0, 0 
19594, 0, 0 
3610, 0, 0 
12652, 0, 0 
45189, 0, 0 
52799, 0, 0 
39685, 0, 0 
9806, 0, 0 
14511, 0, 0 
19156, 0, 0 
33214, 0, 0 
55487, 0, 0 
5147, 0, 0 
38179, 0, 0 
40850, 0, 0 
2404, 0, 0 
34523, 0, 0 
16516, 0, 0 
34213, 0, 0 
57757, 0, 0 
17133, 0, 0 
33228, 0, 0 
9296, 0, 0 
20351, 0, 0 
6960, 0, 0 
927, 0, 0 
59099, 0, 0 
37656, 0, 0 
4505, 0, 0 
52613, 0, 0 
56735, 0, 0 
2806, 0, 0 
33963, 0, 0 
26731, 0, 0 
46992, 0, 0 
57241, 0, 0 
19588, 0, 0 
29177, 0, 0 
1877, 0, 0 
55873, 0, 0 
44844, 0, 0 
59918, 0, 0 
31877, 0, 0 
49150, 0, 0 
7128, 0, 0 
44768, 0, 0 
21614, 0, 0 
38696, 0, 0 
49459, 0, 0 
232, 0, 0 
30473, 0, 0 
3409, 0, 0 
12653, 0, 0 
5767, 0, 0 
5844, 0, 0 
8385, 0, 0 
6279, 0, 0 
58659, 0, 0 
48920, 0, 0 
39028, 0, 0 
29676, 0, 0 
19899, 0, 0 
17365, 0, 0 
35853, 0, 0 
22706, 0, 0 
5461, 0, 0 
3492, 0, 0 
12799, 0, 0 
58809, 0, 0 
45522, 0, 0 
23821, 0, 0 
47150, 0, 0 
12421, 0, 0 
52716, 0, 0 
19133, 0, 0 
20751, 0, 0 
17064, 0, 0 
18295, 0, 0 
38949, 0, 0 
47069, 0, 0 
41412, 0, 0 
22787, 0, 0 
13240, 0, 0 
42771, 0, 0 
39861, 0, 0 
26338, 0, 0 
58180, 0, 0 
9458, 0, 0 
17285, 0, 0 
6758, 0, 0 
12134, 0, 0 
29684, 0, 0 
2782, 0, 0 
12144, 0, 0 
30706, 0, 0 
10564, 0, 0 
4047, 0, 0 
56625, 0, 0 
31180, 0, 0 
14153, 0, 0 
36849, 0, 0 
19902, 0, 0 
20321, 0, 0 
17877, 0, 0 
18563, 0, 0 
43134, 0, 0 
34246, 0, 0 
27445, 0, 0 
41490, 0, 0 
59457, 0, 0 
33350, 0, 0 
30932, 0, 0 
639, 0, 0 
28242, 0, 0 
44692, 0, 0 
33914, 0, 0 
51737, 0, 0 
27257, 0, 0 
17466, 0, 0 
32520, 0, 0 
26685, 0, 0 
35896, 0, 0 
1078, 0, 0 
41647, 0, 0 
2729, 0, 0 
41553, 0, 0 
6708, 0, 0 
25584, 0, 0 
22882, 0, 0 
36393, 0, 0 
55315, 0, 0 
36467, 0, 0 
48755, 0, 0 
8088, 0, 0 
7846, 0, 0 
7025, 0, 0 
23842, 0, 0 
18836, 0, 0 
9750, 0, 0 
53800, 0, 0 
56704, 0, 0 
43092, 0, 0 
10366, 0, 0 
38057, 0, 0 
13347, 0, 0 
48364, 0, 0 
55297, 0, 0 
45857, 0, 0 
49331, 0, 0 
7597, 0, 0 
35148, 0, 0 
9003, 0, 0 
28875, 0, 0 
39850, 0, 0 
18505, 0, 0 
21506, 0, 0 
6823, 0, 0 
17611, 0, 0 
4279, 0, 0 
3128, 0, 0 
41374, 0, 0 
38599, 0, 0 
47736, 0, 0 
53536, 0, 0 
52323, 0, 0 
42759, 0, 0 
53429, 0, 0 
49595, 0, 0 
46344, 0, 0 
37759, 0, 0 
22046, 0, 0 
32778, 0, 0 
49220, 0, 0 
43811, 0, 0 
9506, 0, 0 
31683, 0, 0 
2897, 0, 0 
11888, 0, 0 
1371, 0, 0 
9742, 0, 0 
7325, 0, 0 
24676, 0, 0 
25803, 0, 0 
9047, 0, 0 
50423, 0, 0 
38446, 0, 0 
52599, 0, 0 
51960, 0, 0 
9005, 0, 0 
20591, 0, 0 
12584, 0, 0 
39527, 0, 0 
52202, 0, 0 
22405, 0, 0 
2257, 0, 0 
25290, 0, 0 
38706, 0, 0 
51809, 0, 0 
14897, 0, 0 
14949, 0, 0 
42324, 0, 0 
36519, 0, 0 
27865, 0, 0 
35294, 0, 0 
5108, 0, 0 
31995, 0, 0 
21954, 0, 0 
56181, 0, 0 
54549, 0, 0 
46654, 0, 0 
35536, 0, 0 
30849, 0, 0 
51422, 0, 0 
1028, 0, 0 
33848, 0, 0 
3241, 0, 0 
6076, 0, 0 
55892, 0, 0 
50324, 0, 0 
52596, 0, 0 
30828, 0, 0 
11957, 0, 0 
41108, 0, 0 
10861, 0, 0 
9985, 0, 0 
39321, 0, 0 
24419, 0, 0 
22912, 0, 0 
29055, 0, 0 
17452, 0, 0 
29067, 0, 0 
210, 0, 0 
34486, 0, 0 
9406, 0, 0 
8653, 0, 0 
38102, 0, 0 
13751, 0, 0 
59319, 0, 0 
55624, 0, 0 
5249, 0, 0 
28076, 0, 0 
27070, 0, 0 
29578, 0, 0 
9703, 0, 0 
55030, 0, 0 
37043, 0, 0 
26261, 0, 0 
19818, 0, 0 
18868, 0, 0 
21945, 0, 0 
31855, 0, 0 
41100, 0, 0 
18665, 0, 0 
9986, 0, 0 
40479, 0, 0 
33947, 0, 0 
42980, 0, 0 
51404, 0, 0 
19104, 0, 0 
22436, 0, 0 
26565, 0, 0 
41318, 0, 0 
59148, 0, 0 
55986, 0, 0 
7905, 0, 0 
43932, 0, 0 
25892, 0, 0 
13911, 0, 0 
21546, 0, 0 
4535, 0, 0 
22043, 0, 0 
16606, 0, 0 
57507, 0, 0 
33392, 0, 0 
2873, 0, 0 
32834, 0, 0 
58617, 0, 0 
31518, 0, 0 
20391, 0, 0 
39233, 0, 0 
29718, 0, 0 
2121, 0, 0 
52396, 0, 0 
31095, 0, 0 
17322, 0, 0 
11077, 0, 0 
8979, 0, 0 
18232, 0, 0 
15454, 0, 0 
44531, 0, 0 
31476, 0, 0 
23293, 0, 0 
19760, 0, 0 
57650, 0, 0 
48631, 0, 0 
55541, 0, 0 
26881, 0, 0 
53957, 0, 0 
35655, 0, 0 
43847, 0, 0 
33522, 0, 0 
43129, 0, 0 
57525, 0, 0 
43283, 0, 0 
41228, 0, 0 
47046, 0, 0 
14857, 0, 0 
31410, 0, 0 
57491, 0, 0 
10242, 0, 0 
35634, 0, 0 
57629, 0, 0 
46797, 0, 0 
20658, 0, 0 
58170, 0, 0 
28323, 0, 0 
25757, 0, 0 
6117, 0, 0 
46339, 0, 0 
20533, 0, 0 
10254, 0, 0 
50637, 0, 0 
25024, 0, 0 
17648, 0, 0 
40563, 0, 0 
58861, 0, 0 
7062, 0, 0 
26292, 0, 0 
12927, 0, 0 
9048, 0, 0 
31509, 0, 0 
8813, 0, 0 
53173, 0, 0 
4855, 0, 0 
4201, 0, 0 
18113, 0, 0 
36975, 0, 0 
40801, 0, 0 
42091, 0, 0 
2081, 0, 0 
16105, 0, 0 
26095, 0, 0 
1797, 0, 0 
52995, 0, 0 
36741, 0, 0 
40199, 0, 0 
10479, 0, 0 
41315, 0, 0 
15700, 0, 0 
25694, 0, 0 
787, 0, 0 
22897, 0, 0 
17050, 0, 0 
6341, 0, 0 
36391, 0, 0 
10334, 0, 0 
26507, 0, 0 
45145, 0, 0 
46810, 0, 0 
12457, 0, 0 
15675, 0, 0 
29869, 0, 0 
24840, 0, 0 
21319, 0, 0 
55681, 0, 0 
46740, 0, 0 
6468, 0, 0 
229, 0, 0 
37677, 0, 0 
26315, 0, 0 
53788, 0, 0 
28151, 0, 0 
28402, 0, 0 
20123, 0, 0 
50774, 0, 0 
1015, 0, 0 
38008, 0, 0 
21932, 0, 0 
27749, 0, 0 
37432, 0, 0 
28423, 0, 0 
2581, 0, 0 
13371, 0, 0 
58754, 0, 0 
28296, 0, 0 
11860, 0, 0 
33118, 0, 0 
23108, 0, 0 
33254, 0, 0 
59142, 0, 0 
14148, 0, 0 
38380, 0, 0 
18093, 0, 0 
34904, 0, 0 
1606, 0, 0 
40246, 0, 0 
24495, 0, 0 
58952, 0, 0 
54475, 0, 0 
6008, 0, 0 
39306, 0, 0 
4008, 0, 0 
55664, 0, 0 
59272, 0, 0 
13730, 0, 0 
56662, 0, 0 
36524, 0, 0 
47078, 0, 0 
20463, 0, 0 
58858, 0, 0 
32036, 0, 0 
30496, 0, 0 
35963, 0, 0 
32564, 0, 0 
56533, 0, 0 
40099, 0, 0 
11105, 0, 0 
47579, 0, 0 
40615, 1, 1 
33310, 1, 1 
30126, 1, 1 
5667, 1, 1 
30829, 1, 1 
43007, 1, 1 
58091, 1, 1 
9251, 1, 1 
51285, 1, 1 
23665, 1, 1 
35435, 1, 1 
59382, 1, 1 
7188, 1, 1 
10838, 1, 1 
35661, 1, 1 
25549, 1, 1 
7971, 1, 1 
43426, 1, 1 
40399, 1, 1 
43933, 1, 1 
53436, 1, 1 
37936, 1, 1 
18282, 1, 1 
25067, 1, 1 
3345, 1, 1 
46276, 1, 1 
25702, 1, 1 
49717, 1, 1 
53448, 1, 1 
26887, 1, 1 
52586, 1, 1 
37045, 1, 1 
16475, 1, 1 
22828, 1, 1 
56435, 1, 1 
5058, 1, 1 
15921, 1, 1 
56633, 1, 1 
10266, 1, 1 
12909, 1, 1 
51305, 1, 1 
18148, 1, 1 
34291, 1, 1 
48022, 1, 1 
1697, 1, 1 
33942, 1, 1 
34679, 1, 1 
39106, 1, 1 
8633, 1, 1 
28583, 1, 1 
8051, 1, 1 
45907, 1, 1 
8218, 1, 1 
16204, 1, 1 
15809, 1, 1 
34272, 1, 1 
13273, 1, 1 
26335, 1, 1 
41898, 1, 1 
31993, 1, 1 
18663, 1, 1 
46268, 1, 1 
25858, 1, 1 
53178, 1, 1 
14651, 1, 1 
27474, 1, 1 
18053, 1, 1 
13379, 1, 1 
3714, 1, 1 
1445, 1, 1 
20536, 1, 1 
27301, 1, 1 
5428, 1, 1 
34705, 1, 1 
46933, 1, 1 
24466, 1, 1 
47875, 1, 1 
5691, 1, 1 
33992, 1, 1 
17554, 1, 1 
55046, 1, 1 
56714, 1, 1 
16292, 1, 1 
18983, 1, 1 
15300, 1, 1 
38951, 1, 1 
37716, 1, 1 
55644, 1, 1 
36956, 1, 1 
26182, 1, 1 
28793, 1, 1 
13003, 1, 1 
3431, 1, 1 
50447, 1, 1 
9616, 1, 1 
22931, 1, 1 
55412, 1, 1 
8903, 1, 1 
33398, 1, 1 
42268, 1, 1 
29062, 1, 1 
18314, 1, 1 
31282, 1, 1 
54417, 1, 1 
18987, 1, 1 
491, 1, 1 
45284, 1, 1 
450, 1, 1 
30068, 1, 1 
72, 1, 1 
6458, 1, 1 
3111, 1, 1 
37337, 1, 1 
56308, 1, 1 
22627, 1, 1 
492, 1, 1 
21357, 1, 1 
14310, 1, 1 
15920, 1, 1 
11982, 1, 1 
45588, 1, 1 
33842, 1, 1 
28557, 1, 1 
17209, 1, 1 
12132, 1, 1 
15632, 1, 1 
54693, 1, 1 
6062, 1, 1 
6775, 1, 1 
4821, 1, 1 
4993, 1, 1 
37816, 1, 1 
59912, 1, 1 
35001, 1, 1 
18497, 1, 1 
42242, 1, 1 
58459, 1, 1 
15396, 1, 1 
43214, 1, 1 
40682, 1, 1 
34337, 1, 1 
34612, 1, 1 
45546, 1, 1 
1044, 1, 1 
48989, 1, 1 
15697, 1, 1 
21342, 1, 1 
9161, 1, 1 
56138, 1, 1 
15763, 1, 1 
59606, 1, 1 
51666, 1, 1 
59414, 1, 1 
30146, 1, 1 
28837, 1, 1 
7176, 1, 1 
55127, 1, 1 
20563, 1, 1 
9404, 1, 1 
23693, 1, 1 
57430, 1, 1 
17130, 1, 1 
34588, 1, 1 
22120, 1, 1 
44327, 1, 1 
9045, 1, 1 
47670, 1, 1 
42015, 1, 1 
57453, 1, 1 
35798, 1, 1 
39505, 1, 1 
37843, 1, 1 
15903, 1, 1 
56960, 1, 1 
26317, 1, 1 
22847, 1, 1 
30508, 1, 1 
28834, 1, 1 
59692, 1, 1 
2437, 1, 1 
25448, 1, 1 
53908, 1, 1 
18516, 1, 1 
15380, 1, 1 
46893, 1, 1 
4685, 1, 1 
31264, 1, 1 
41567, 1, 1 
44108, 1, 1 
43652, 1, 1 
47268, 1, 1 
27785, 1, 1 
276, 1, 1 
7993, 1, 1 
4654, 1, 1 
42039, 1, 1 
9987, 1, 1 
15959, 1, 1 
18640, 1, 1 
6931, 1, 1 
29927, 1, 1 
25322, 1, 1 
32332, 1, 1 
8984, 1, 1 
59052, 1, 1 
5644, 1, 1 
54809, 1, 1 
47553, 1, 1 
17695, 1, 1 
36711, 1, 1 
59156, 1, 1 
8839, 1, 1 
37286, 1, 1 
35592, 1, 1 
17035, 1, 1 
31843, 1, 1 
38159, 1, 1 
7421, 1, 1 
41909, 1, 1 
12971, 1, 1 
21376, 1, 1 
53750, 1, 1 
9590, 1, 1 
57266, 1, 1 
19622, 1, 1 
13892, 1, 1 
12734, 1, 1 
54165, 1, 1 
24216, 1, 1 
16869, 1, 1 
31375, 1, 1 
24465, 1, 1 
43567, 1, 1 
43339, 1, 1 
31930, 1, 1 
41971, 1, 1 
18451, 1, 1 
30441, 1, 1 
26133, 1, 1 
7668, 1, 1 
48229, 1, 1 
17771, 1, 1 
46256, 1, 1 
4128, 1, 1 
16720, 1, 1 
27746, 1, 1 
32472, 1, 1 
19751, 1, 1 
27821, 1, 1 
22812, 1, 1 
14408, 1, 1 
58171, 1, 1 
45499, 1, 1 
47998, 1, 1 
19516, 1, 1 
16694, 1, 1 
48765, 1, 1 
8319, 1, 1 
43671, 1, 1 
48444, 1, 1 
22214, 1, 1 
24126, 1, 1 
57058, 1, 1 
23254, 1, 1 
59836, 1, 1 
44207, 1, 1 
31265, 1, 1 
55609, 1, 1 
35820, 1, 1 
4763, 1, 1 
2159, 1, 1 
47527, 1, 1 
10624, 1, 1 
49610, 1, 1 
24013, 1, 1 
9525, 1, 1 
26698, 1, 1 
7089, 1, 1 
59832, 1, 1 
54651, 1, 1 
56537, 1, 1 
33487, 1, 1 
59200, 1, 1 
23134, 1, 1 
5237, 1, 1 
5301, 1, 1 
2583, 1, 1 
14234, 1, 1 
57203, 1, 1 
28110, 1, 1 
50685, 1, 1 
44876, 1, 1 
15361, 1, 1 
16562, 1, 1 
53611, 1, 1 
32979, 1, 1 
29087, 1, 1 
25781, 1, 1 
23889, 1, 1 
15608, 1, 1 
59694, 1, 1 
13542, 1, 1 
37285, 1, 1 
11895, 1, 1 
55505, 1, 8 
9628, 1, 1 
23841, 1, 1 
8189, 1, 1 
28569, 1, 1 
26174, 1, 1 
39796, 1, 1 
38466, 1, 1 
397, 1, 1 
36947, 1, 1 
52177, 1, 1 
27330, 1, 1 
48441, 1, 1 
637, 1, 1 
10448, 1, 1 
54103, 1, 1 
32038, 1, 1 
39297, 1, 1 
49339, 1, 1 
7022, 1, 1 
35699, 1, 1 
20691, 1, 1 
31663, 1, 1 
13697, 1, 1 
11715, 1, 1 
42194, 1, 1 
9562, 1, 1 
52619, 1, 1 
29242, 1, 1 
12499, 1, 1 
248, 1, 1 
13884, 1, 1 
50016, 1, 1 
24139, 1, 1 
39402, 1, 1 
12060, 1, 1 
45768, 1, 1 
54428, 1, 1 
10455, 1, 1 
39937, 1, 1 
11278, 1, 1 
34849, 1, 1 
29347, 1, 1 
22844, 1, 1 
7746, 1, 1 
45363, 1, 1 
13574, 1, 1 
14767, 1, 1 
51564, 1, 1 
22735, 1, 1 
35514, 1, 1 
25253, 1, 1 
56456, 1, 1 
21200, 1, 1 
57997, 1, 1 
34206, 1, 1 
13112, 1, 1 
57738, 1, 1 
12847, 1, 1 
48600, 1, 1 
53341, 1, 1 
47394, 1, 1 
44389, 1, 1 
11508, 1, 1 
38582, 1, 1 
8112, 1, 1 
13475, 1, 1 
5994, 1, 1 
34778, 1, 1 
53787, 1, 1 
52075, 1, 1 
25163, 1, 1 
20094, 1, 1 
49076, 1, 1 
39281, 1, 8 
12824, 1, 1 
57855, 1, 1 
36687, 1, 1 
3177, 1, 1 
3729, 1, 1 
15154, 1, 1 
12508, 1, 1 
34162, 1, 1 
8919, 1, 1 
20365, 1, 1 
45502, 1, 1 
56025, 1, 1 
27572, 1, 1 
39077, 1, 1 
59114, 1, 1 
33503, 1, 1 
47373, 1, 1 
1717, 1, 1 
30898, 1, 1 
41637, 1, 1 
36649, 1, 1 
27136, 1, 1 
56728, 1, 1 
19018, 1, 1 
52032, 1, 1 
36968, 1, 1 
4412, 1, 1 
29086, 1, 1 
19068, 1, 1 
33675, 1, 1 
17423, 1, 1 
49123, 1, 1 
51603, 1, 1 
39485, 1, 1 
17938, 1, 1 
54489, 1, 1 
9312, 1, 1 
21051, 1, 1 
27967, 1, 1 
871, 1, 1 
47869, 1, 1 
15851, 1, 1 
12261, 1, 1 
50857, 1, 1 
19830, 1, 1 
32871, 1, 1 
54416, 1, 1 
27871, 1, 1 
23115, 1, 1 
30430, 1, 1 
51436, 1, 1 
47310, 1, 1 
19243, 1, 1 
36315, 1, 1 
48061, 1, 1 
4524, 1, 1 
11606, 1, 1 
18360, 1, 1 
51250, 1, 1 
35303, 1, 1 
33648, 1, 1 
26556, 1, 1 
32635, 1, 1 
28235, 1, 1 
6021, 1, 1 
32462, 1, 1 
44359, 1, 1 
21991, 1, 1 
14154, 1, 1 
47516, 1, 1 
9378, 1, 1 
56783, 1, 1 
30721, 1, 1 
59820, 1, 1 
48916, 1, 1 
7834, 1, 1 
29239, 1, 1 
54664, 1, 1 
34759, 1, 1 
44245, 1, 1 
9474, 1, 1 
44648, 1, 1 
7221, 1, 1 
49623, 1, 1 
41019, 1, 1 
12512, 1, 1 
3644, 1, 1 
13157, 1, 1 
4913, 1, 1 
42171, 1, 1 
49612, 1, 1 
43989, 1, 1 
12141, 1, 1 
28979, 1, 1 
27657, 1, 1 
37938, 1, 1 
41446, 1, 1 
32326, 1, 1 
21247, 1, 1 
52205, 1, 1 
11543, 1, 1 
11607, 1, 1 
27604, 1, 1 
46326, 1, 1 
19671, 1, 1 
53761, 1, 1 
56110, 1, 1 
54023, 1, 1 
11518, 1, 1 
45641, 1, 1 
8970, 1, 1 
41824, 1, 1 
41728, 1, 1 
51781, 1, 1 
15397, 1, 1 
24355, 1, 1 
26745, 1, 1 
47446, 1, 1 
46747, 1, 1 
58763, 1, 1 
11630, 1, 1 
50315, 2, 2 
54090, 2, 2 
12424, 2, 2 
27181, 2, 2 
20071, 2, 2 
37638, 2, 2 
59628, 2, 2 
17992, 2, 2 
17691, 2, 2 
41082, 2, 2 
15434, 2, 2 
21652, 2, 2 
40749, 2, 2 
16547, 2, 2 
36475, 2, 2 
47354, 2, 2 
3224, 2, 2 
31216, 2, 2 
28780, 2, 2 
56301, 2, 2 
2314, 2, 2 
55176, 2, 2 
51575, 2, 2 
16532, 2, 2 
3161, 2, 2 
24467, 2, 2 
10707, 2, 2 
15272, 2, 2 
18361, 2, 2 
54973, 2, 2 
19519, 2, 2 
9658, 2, 2 
35290, 2, 2 
42474, 2, 2 
472, 2, 2 
47522, 2, 2 
55399, 2, 2 
15475, 2, 2 
58502, 2, 2 
47862, 2, 2 
2251, 2, 2 
17216, 2, 2 
27432, 2, 2 
43371, 2, 2 
38078, 2, 2 
22252, 2, 2 
42491, 2, 2 
47754, 2, 2 
37588, 2, 2 
22133, 2, 2 
13043, 2, 2 
47270, 2, 2 
11299, 2, 2 
53303, 2, 2 
12560, 2, 2 
34408, 2, 2 
14302, 2, 2 
44847, 2, 2 
50335, 2, 2 
3064, 2, 2 
8480, 2, 2 
59223, 2, 2 
18651, 2, 2 
39453, 2, 2 
5259, 2, 2 
39682, 2, 2 
25487, 2, 2 
23894, 2, 2 
2518, 2, 2 
22558, 2, 2 
39726, 2, 2 
1361, 2, 2 
25854, 2, 2 
2019, 2, 2 
30107, 2, 2 
46656, 2, 2 
4856, 2, 2 
37734, 2, 2 
13508, 2, 2 
25459, 2, 2 
14465, 2, 2 
24836, 2, 2 
35134, 2, 2 
29734, 2, 2 
32297, 2, 2 
15966, 2, 2 
49573, 2, 2 
44841, 2, 2 
2075, 2, 2 
38846, 2, 2 
5902, 2, 2 
14113, 2, 2 
47231, 2, 2 
58568, 2, 2 
47565, 2, 2 
24390, 2, 2 
448, 2, 2 
49757, 2, 2 
44347, 2, 2 
56973, 2, 2 
10291, 2, 2 
18264, 2, 2 
7486, 2, 2 
46001, 2, 2 
8564, 2, 2 
5377, 2, 2 
55972, 2, 2 
59974, 2, 2 
7467, 2, 2 
14174, 2, 2 
10825, 2, 2 
1058, 2, 2 
4697, 2, 2 
6944, 2, 2 
3676, 2, 2 
47393, 2, 2 
31978, 2, 2 
12263, 2, 2 
44265, 2, 2 
39698, 2, 2 
12585, 2, 2 
40318, 2, 2 
34436, 2, 2 
13022, 2, 2 
22852, 2, 2 
42675, 2, 2 
25185, 2, 2 
42496, 2, 2 
13039, 2, 2 
35250, 2, 2 
59991, 2, 2 
53430, 2, 2 
54454, 2, 2 
1301, 2, 2 
11193, 2, 2 
40614, 2, 2 
6492, 2, 2 
44707, 2, 2 
47249, 2, 2 
40653, 2, 2 
58831, 2, 2 
23323, 2, 2 
34944, 2, 2 
18413, 2, 2 
53585, 2, 2 
41965, 2, 2 
3791, 2, 2 
11438, 2, 2 
39006, 2, 2 
49642, 2, 2 
45319, 2, 2 
7140, 2, 2 
21493, 2, 2 
51787, 2, 2 
3680, 2, 2 
59819, 2, 2 
9725, 2, 2 
13484, 2, 2 
22076, 2, 2 
25632, 2, 2 
58962, 2, 2 
11667, 2, 2 
43479, 2, 2 
37504, 2, 2 
44414, 2, 2 
13019, 2, 2 
14091, 2, 2 
44248, 2, 2 
30840, 2, 2 
55669, 2, 2 
24238, 2, 2 
8670, 2, 2 
27525, 2, 2 
14517, 2, 2 
55987, 2, 2 
50875, 2, 2 
7242, 2, 2 
15005, 2, 2 
563, 2, 2 
58572, 2, 2 
24381, 2, 2 
52889, 2, 2 
18841, 2, 2 
45498, 2, 2 
8470, 2, 2 
39510, 2, 2 
25381, 2, 2 
43105, 2, 2 
47652, 2, 2 
44424, 2, 2 
10535, 2, 2 
14005, 2, 2 
33090, 2, 2 
30027, 2, 2 
32292, 2, 2 
13774, 2, 2 
22901, 2, 2 
57976, 2, 2 
37957, 2, 2 
23942, 2, 2 
32836, 2, 2 
33160, 2, 2 
41745, 2, 2 
43430, 2, 2 
43514, 2, 2 
42142, 2, 2 
40542, 2, 2 
25510, 2, 2 
16895, 2, 2 
46217, 2, 2 
46921, 2, 2 
38033, 2, 2 
15123, 2, 2 
31508, 2, 2 
25349, 2, 2 
6743, 2, 2 
15470, 2, 2 
8844, 2, 2 
26541, 2, 2 
54220, 2, 2 
20224, 2, 2 
2472, 2, 2 
17070, 2, 2 
39476, 2, 2 
7653, 2, 2 
32148, 2, 2 
10583, 2, 2 
51119, 2, 2 
2450, 2, 2 
44495, 2, 2 
39582, 2, 2 
5250, 2, 2 
32065, 2, 2 
28544, 2, 2 
44273, 2, 2 
23018, 2, 2 
5890, 2, 2 
37416, 2, 2 
9689, 2, 2 
36979, 2, 2 
6168, 2, 2 
2322, 2, 2 
26170, 2, 2 
38326, 2, 2 
49369, 2, 2 
47922, 2, 2 
59896, 2, 2 
2004, 2, 2 
7776, 2, 2 
38826, 2, 2 
26093, 2, 2 
26468, 2, 2 
41668, 2, 2 
2510, 2, 2 
53901, 2, 2 
37918, 2, 2 
8552, 2, 2 
28335, 2, 2 
28095, 2, 2 
28169, 2, 2 
52723, 2, 2 
11298, 2, 2 
8640, 2, 2 
16390, 2, 2 
8490, 2, 2 
14363, 2, 2 
24450, 2, 2 
53790, 2, 2 
20832, 2, 2 
1852, 2, 2 
23564, 2, 2 
36311, 2, 2 
38170, 2, 2 
3077, 2, 2 
18613, 2, 2 
22769, 2, 2 
30791, 2, 2 
18386, 2, 2 
15067, 2, 2 
54306, 2, 2 
14132, 2, 2 
35453, 2, 2 
5988, 2, 2 
32611, 2, 2 
45486, 2, 2 
2939, 2, 2 
24331, 2, 2 
11446, 2, 2 
34443, 2, 2 
25403, 2, 2 
17482, 2, 2 
16146, 2, 2 
4777, 2, 2 
19891, 2, 2 
34371, 2, 2 
9962, 2, 2 
48323, 2, 2 
32450, 2, 2 
20022, 2, 2 
58452, 2, 2 
27880, 2, 2 
19443, 2, 2 
18763, 2, 2 
33906, 2, 2 
13061, 2, 2 
16482, 2, 2 
20847, 2, 2 
57889, 2, 2 
3659, 2, 2 
25221, 2, 2 
44362, 2, 2 
22486, 2, 2 
42830, 2, 2 
4071, 2, 2 
47515, 2, 2 
23957, 2, 2 
1199, 2, 2 
53884, 2, 2 
10957, 2, 2 
3333, 2, 2 
44090, 2, 2 
56819, 2, 2 
5907, 2, 2 
27223, 2, 2 
14112, 2, 2 
37964, 2, 2 
55950, 2, 2 
32973, 2, 2 
46129, 2, 2 
844, 2, 2 
45073, 2, 2 
21796, 2, 2 
31070, 2, 2 
50218, 2, 2 
20268, 2, 2 
27356, 2, 2 
54653, 2, 2 
13310, 2, 2 
57338, 2, 2 
30078, 2, 2 
27781, 2, 2 
25570, 2, 2 
20970, 2, 2 
57191, 2, 2 
36335, 2, 2 
9748, 2, 2 
6685, 2, 2 
9054, 2, 2 
25939, 2, 2 
11242, 2, 2 
11458, 2, 2 
28404, 2, 2 
17840, 2, 2 
52938, 2, 2 
35492, 2, 2 
7029, 2, 2 
56213, 2, 2 
17912, 2, 2 
14422, 2, 2 
14776, 2, 2 
6933, 2, 2 
55678, 2, 2 
31802, 2, 2 
19397, 2, 2 
16729, 2, 2 
43689, 2, 2 
28640, 2, 2 
3536, 2, 2 
24803, 2, 2 
47603, 2, 2 
58192, 2, 2 
20395, 2, 2 
21174, 2, 2 
16837, 2, 2 
24881, 2, 2 
34167, 2, 2 
9569, 2, 2 
10687, 2, 2 
23457, 2, 2 
39719, 2, 2 
39518, 2, 2 
26669, 2, 2 
57509, 2, 2 
10988, 2, 2 
43351, 2, 2 
29716, 2, 2 
27797, 2, 2 
53876, 2, 2 
36374, 2, 2 
54519, 2, 2 
28954, 2, 2 
52207, 2, 2 
22811, 2, 2 
14711, 2, 2 
50454, 2, 2 
45819, 2, 2 
53237, 2, 2 
28293, 2, 2 
52440, 2, 2 
9087, 2, 2 
55906, 2, 2 
16456, 2, 2 
29017, 2, 2 
43575, 2, 2 
57205, 2, 2 
7347, 2, 2 
57964, 2, 2 
58611, 2, 2 
21527, 2, 2 
5113, 2, 2 
53921, 2, 2 
57503, 2, 2 
55069, 2, 2 
2748, 2, 2 
55300, 2, 2 
11346, 2, 2 
41802, 2, 2 
43818, 2, 2 
24015, 2, 2 
15846, 2, 2 
11081, 2, 2 
1841, 2, 2 
49674, 2, 2 
8428, 2, 2 
5867, 2, 2 
44794, 2, 2 
6628, 2, 2 
6725, 2, 2 
4414, 2, 2 
4476, 2, 1 
31789, 2, 2 
1264, 2, 2 
36463, 2, 2 
34494, 2, 2 
35974, 2, 2 
52660, 2, 2 
54762, 2, 2 
29876, 2, 2 
32361, 2, 2 
27393, 2, 2 
43450, 2, 2 
49434, 2, 2 
21598, 2, 8 
9383, 2, 2 
43441, 2, 2 
41451, 2, 2 
43789, 2, 2 
54375, 2, 2 
30459, 2, 2 
3390, 2, 2 
48378, 2, 2 
52694, 2, 2 
12752, 2, 2 
28929, 2, 2 
51550, 2, 2 
35051, 2, 2 
57615, 2, 2 
11711, 2, 2 
10898, 2, 2 
11018, 2, 2 
3166, 2, 2 
27739, 2, 2 
22635, 2, 2 
268, 2, 2 
26956, 2, 2 
38720, 2, 2 
16327, 2, 2 
4380, 2, 2 
23001, 2, 2 
48277, 2, 2 
8966, 2, 2 
11997, 2, 2 
29839, 2, 2 
59007, 2, 2 
1390, 2, 2 
25, 2, 2 
12916, 2, 2 
57331, 2, 2 
34479, 2, 2 
43964, 2, 2 
35690, 2, 2 
51100, 2, 2 
36715, 2, 2 
54527, 2, 2 
39411, 2, 2 
37632, 2, 2 
31185, 2, 2 
15107, 2, 2 
14868, 2, 2 
24418, 2, 2 
10417, 2, 2 
36522, 2, 2 
36949, 2, 2 
47443, 2, 2 
34432, 2, 2 
55391, 2, 2 
43547, 2, 2 
43101, 2, 2 
46002, 2, 2 
8229, 2, 2 
13403, 3, 3 
11259, 3, 3 
37797, 3, 3 
3810, 3, 3 
20610, 3, 3 
19633, 3, 3 
10807, 3, 3 
57441, 3, 3 
45400, 3, 3 
37209, 3, 3 
15261, 3, 3 
17787, 3, 3 
26154, 3, 3 
41929, 3, 3 
10511, 3, 3 
2541, 3, 3 
8264, 3, 3 
38712, 3, 3 
59964, 3, 3 
27870, 3, 3 
4792, 3, 3 
52771, 3, 3 
8643, 3, 3 
24442, 3, 3 
53803, 3, 3 
13388, 3, 3 
27435, 3, 3 
53749, 3, 3 
52022, 3, 3 
38495, 3, 3 
32990, 3, 3 
48291, 3, 3 
32193, 3, 3 
20220, 3, 3 
39885, 3, 3 
19195, 3, 3 
52394, 3, 3 
16291, 3, 3 
25296, 3, 3 
57402, 3, 3 
2174, 3, 3 
28107, 3, 3 
49566, 3, 3 
12265, 3, 3 
7861, 3, 3 
58089, 3, 3 
2489, 3, 3 
50340, 3, 3 
59725, 3, 3 
6920, 3, 3 
26625, 3, 3 
45419, 3, 3 
3034, 3, 3 
13713, 3, 3 
52168, 3, 3 
31949, 3, 3 
44397, 3, 3 
18069, 3, 3 
10000, 3, 3 
56657, 3, 3 
41639, 3, 3 
52164, 3, 3 
16503, 3, 3 
31602, 3, 3 
45266, 3, 3 
36103, 3, 3 
5408, 3, 3 
16584, 3, 3 
35548, 3, 3 
8907, 3, 3 
28653, 3, 3 
9065, 3, 3 
9991, 3, 3 
28371, 3, 3 
9074, 3, 3 
51486, 3, 3 
36324, 3, 3 
44779, 3, 3 
52386, 3, 3 
6233, 3, 3 
12783, 3, 3 
49207, 3, 3 
15052, 3, 3 
1315, 3, 3 
8052, 3, 3 
54406, 3, 3 
5001, 3, 3 
50148, 3, 3 
2023, 3, 3 
31349, 3, 3 
36301, 3, 3 
26149, 3, 3 
24965, 3, 3 
37943, 3, 3 
14880, 3, 3 
46228, 3, 3 
49809, 3, 3 
29896, 3, 3 
28316, 3, 3 
9403, 3, 3 
47496, 3, 3 
15990, 3, 3 
35806, 3, 3 
8882, 3, 3 
26048, 3, 8 
16663, 3, 3 
18307, 3, 3 
10696, 3, 3 
38771, 3, 3 
9561, 3, 3 
22708, 3, 3 
48702, 3, 3 
37304, 3, 3 
5748, 3, 3 
2671, 3, 3 
21974, 3, 3 
35922, 3, 3 
29415, 3, 3 
30090, 3, 3 
18485, 3, 3 
12968, 3, 3 
31587, 3, 3 
3057, 3, 3 
54126, 3, 3 
24886, 3, 3 
55194, 3, 3 
55550, 3, 3 
26391, 3, 3 
25127, 3, 3 
59883, 3, 3 
48557, 3, 3 
39909, 3, 3 
30675, 3, 3 
31582, 3, 3 
11377, 3, 3 
32794, 3, 3 
18975, 3, 3 
41513, 3, 3 
55726, 3, 3 
16626, 3, 3 
51063, 3, 3 
21930, 3, 3 
44191, 3, 3 
9592, 3, 3 
26943, 3, 3 
2587, 3, 3 
54074, 3, 3 
37658, 3, 3 
58800, 3, 3 
27143, 3, 3 
13647, 3, 3 
54587, 3, 3 
38037, 3, 3 
5738, 3, 3 
18453, 3, 3 
41267, 3, 3 
46900, 3, 3 
30258, 3, 3 
17308, 3, 3 
42398, 3, 3 
19708, 3, 3 
56776, 3, 3 
53609, 3, 3 
12392, 3, 3 
45151, 3, 3 
58399, 3, 3 
29304, 3, 3 
35354, 3, 3 
59308, 3, 3 
5702, 3, 3 
3215, 3, 3 
55628, 3, 3 
55705, 3, 3 
11232, 3, 3 
43717, 3, 3 
42627, 3, 3 
29224, 3, 3 
56474, 3, 3 
32539, 3, 3 
35649, 3, 3 
38752, 3, 3 
789, 3, 3 
27644, 3, 3 
54107, 3, 3 
6340, 3, 3 
4121, 3, 3 
37928, 3, 3 
3424, 3, 3 
17288, 3, 3 
47280, 3, 3 
29608, 3, 3 
24042, 3, 3 
20673, 3, 3 
41590, 3, 3 
52607, 3, 3 
35381, 3, 3 
45612, 3, 3 
54735, 3, 3 
35890, 3, 3 
32586, 3, 3 
42930, 3, 3 
36130, 3, 3 
48868, 3, 3 
37361, 3, 3 
20326, 3, 3 
7794, 3, 3 
42087, 3, 3 
36337, 3, 3 
49222, 3, 3 
47123, 3, 3 
44782, 3, 3 
17292, 3, 3 
30774, 3, 3 
55937, 3, 3 
31868, 3, 3 
5354, 3, 3 
14761, 3, 3 
7666, 3, 3 
29670, 3, 3 
43816, 3, 3 
17766, 3, 3 
5173, 3, 3 
43775, 3, 3 
37524, 3, 3 
21415, 3, 3 
9602, 3, 3 
19713, 3, 3 
32730, 3, 3 
35833, 3, 3 
15186, 3, 3 
8012, 3, 3 
47192, 3, 3 
40447, 3, 3 
19285, 3, 3 
50206, 3, 3 
2469, 3, 3 
39359, 3, 3 
44546, 3, 3 
29357, 3, 3 
27135, 3, 3 
53231, 3, 3 
52543, 3, 3 
51471, 3, 3 
49324, 3, 3 
46815, 3, 8 
53037, 3, 3 
37309, 3, 3 
39706, 3, 3 
4864, 3, 3 
7106, 3, 3 
55715, 3, 3 
17328, 3, 3 
45327, 3, 3 
49054, 3, 3 
15080, 3, 3 
59955, 3, 3 
41053, 3, 3 
24066, 3, 3 
8729, 3, 3 
4966, 3, 3 
37730, 3, 3 
53558, 3, 3 
58832, 3, 3 
28626, 3, 3 
9278, 3, 3 
22000, 3, 3 
52676, 3, 3 
23759, 3, 3 
42043, 3, 3 
42493, 3, 3 
33754, 3, 3 
48700, 3, 3 
30417, 3, 3 
21381, 3, 3 
49494, 3, 3 
40254, 3, 3 
16019, 3, 3 
40818, 3, 3 
46465, 3, 3 
10393, 3, 3 
12344, 3, 3 
44216, 3, 3 
2183, 3, 3 
24531, 3, 3 
53711, 3, 3 
56528, 3, 3 
53108, 3, 3 
53084, 3, 3 
8230, 3, 3 
26505, 3, 3 
26929, 3, 3 
2960, 3, 3 
23962, 3, 3 
45642, 3, 3 
10074, 3, 3 
28256, 3, 3 
26550, 3, 3 
49122, 3, 3 
12877, 3, 3 
12330, 3, 3 
23820, 3, 3 
31925, 3, 3 
24787, 3, 3 
19222, 3, 3 
59092, 3, 3 
33240, 3, 3 
56198, 3, 3 
20553, 3, 3 
16940, 3, 3 
40184, 3, 3 
13222, 3, 3 
35190, 3, 3 
45554, 3, 3 
43922, 3, 3 
54339, 3, 3 
40490, 3, 3 
43067, 3, 3 
6033, 3, 3 
27, 3, 3 
9355, 3, 3 
59282, 3, 3 
27173, 3, 3 
55062, 3, 3 
51116, 3, 3 
49985, 3, 3 
51268, 3, 3 
58324, 3, 3 
18059, 3, 3 
41960, 3, 3 
15486, 3, 3 
24281, 3, 3 
26880, 3, 3 
49249, 3, 3 
46296, 3, 3 
4199, 3, 3 
20378, 3, 3 
59461, 3, 3 
18587, 3, 3 
28580, 3, 3 
46182, 3, 3 
22598, 3, 3 
59178, 3, 3 
33412, 3, 8 
16336, 3, 3 
44848, 3, 3 
12260, 3, 3 
8228, 3, 3 
29763, 3, 3 
57680, 3, 3 
49627, 3, 3 
54910, 3, 3 
43255, 3, 3 
57651, 3, 3 
58503, 3, 3 
58564, 3, 3 
54028, 3, 3 
966, 3, 3 
40205, 3, 3 
19863, 3, 3 
36684, 3, 3 
6959, 3, 3 
35658, 3, 3 
30400, 3, 3 
10847, 3, 3 
38346, 3, 3 
56245, 3, 3 
27366, 3, 3 
8094, 3, 3 
19234, 3, 3 
57351, 3, 3 
6410, 3, 3 
59271, 3, 3 
19758, 3, 3 
35093, 3, 3 
27946, 3, 3 
52864, 3, 3 
42545, 3, 3 
1226, 3, 3 
21182, 3, 3 
49446, 3, 3 
29650, 3, 3 
35407, 3, 3 
36488, 3, 3 
22668, 3, 3 
54829, 3, 3 
36242, 3, 3 
49287, 3, 3 
17442, 3, 3 
29158, 3, 3 
17588, 3, 3 
15335, 3, 3 
2931, 3, 3 
37397, 3, 3 
47913, 3, 3 
44799, 3, 3 
25631, 3, 3 
56869, 3, 3 
55771, 3, 3 
53874, 3, 3 
25187, 3, 3 
21221, 3, 3 
48995, 3, 3 
21370, 3, 3 
11002, 3, 3 
42677, 3, 3 
30468, 3, 3 
40385, 3, 3 
39397, 3, 3 
7655, 3, 3 
54859, 3, 3 
31229, 3, 3 
57199, 3, 3 
215, 3, 3 
26942, 3, 3 
41283, 3, 3 
54535, 3, 3 
29875, 3, 3 
43090, 3, 3 
19866, 3, 3 
25708, 3, 3 
13628, 3, 3 
34183, 3, 3 
33962, 3, 3 
46523, 3, 3 
22946, 3, 3 
7878, 3, 3 
1935, 3, 3 
7263, 3, 3 
29521, 3, 3 
54460, 3, 3 
36525, 3, 8 
22728, 3, 3 
49729, 3, 3 
3941, 3, 3 
25641, 3, 3 
13242, 3, 3 
44889, 3, 3 
23337, 3, 3 
33817, 3, 3 
7288, 3, 3 
20278, 3, 3 
42215, 3, 3 
59550, 3, 3 
50374, 3, 3 
19063, 3, 3 
16529, 3, 3 
29232, 3, 3 
42898, 3, 3 
41343, 3, 3 
29353, 3, 3 
42585, 3, 3 
45734, 3, 3 
23281, 3, 3 
49467, 3, 3 
4359, 3, 3 
33911, 3, 3 
5455, 3, 3 
36645, 3, 3 
50336, 3, 3 
58955, 3, 3 
27573, 3, 3 
21689, 3, 3 
24063, 3, 3 
36604, 3, 3 
28515, 3, 3 
47841, 3, 3 
36206, 3, 3 
14655, 3, 3 
51790, 3, 3 
25996, 3, 3 
2771, 3, 3 
43155, 3, 3 
12836, 3, 3 
29464, 3, 3 
6894, 3, 3 
53382, 3, 3 
23547, 3, 3 
11747, 3, 3 
12983, 3, 3 
59436, 3, 3 
47821, 3, 3 
43230, 3, 3 
46134, 3, 3 
59322, 3, 3 
37718, 3, 3 
52104, 3, 3 
23810, 3, 3 
21038, 3, 3 
20377, 3, 3 
30011, 3, 3 
13673, 3, 3 
37271, 3, 3 
11244, 3, 3 
10865, 3, 3 
6719, 3, 3 
22304, 3, 3 
56297, 3, 3 
5970, 3, 3 
50809, 3, 3 
9006, 3, 3 
32628, 4, 4 
16180, 4, 4 
44850, 4, 4 
42078, 4, 4 
23636, 4, 4 
21500, 4, 4 
31965, 4, 4 
15931, 4, 4 
44842, 4, 4 
30283, 4, 4 
53582, 4, 4 
54777, 4, 4 
61, 4, 4 
31114, 4, 4 
29767, 4, 4 
1845, 4, 4 
24547, 4, 4 
21431, 4, 4 
58712, 4, 4 
49196, 4, 4 
40606, 4, 4 
23339, 4, 4 
59922, 4, 4 
5101, 4, 4 
50737, 4, 4 
55684, 4, 4 
58956, 4, 4 
48120, 4, 4 
30266, 4, 4 
32112, 4, 4 
6729, 4, 4 
18601, 4, 4 
51225, 4, 4 
2334, 4, 4 
35913, 4, 4 
3183, 4, 4 
34570, 4, 4 
2129, 4, 4 
15294, 4, 4 
44283, 4, 4 
369, 4, 4 
41173, 4, 4 
31025, 4, 4 
8457, 4, 4 
13714, 4, 4 
32032, 4, 4 
12328, 4, 4 
49001, 4, 4 
34994, 4, 4 
51018, 4, 4 
58548, 4, 4 
51264, 4, 4 
52566, 4, 4 
30593, 4, 4 
46925, 4, 4 
45749, 4, 4 
33317, 4, 4 
35263, 4, 4 
37858, 4, 4 
56620, 4, 4 
42574, 4, 4 
51453, 4, 4 
26897, 4, 4 
52823, 4, 4 
55788, 4, 4 
37785, 4, 4 
5735, 4, 4 
51962, 4, 4 
37419, 4, 4 
46384, 4, 4 
39339, 4, 4 
42300, 4, 4 
9149, 4, 4 
17158, 4, 4 
40621, 4, 4 
2390, 4, 4 
4438, 4, 4 
4837, 4, 4 
54899, 4, 4 
3052, 4, 4 
36494, 4, 4 
50841, 4, 4 
35413, 4, 4 
53710, 4, 4 
24543, 4, 4 
19249, 4, 4 
25856, 4, 4 
18233, 4, 4 
48522, 4, 4 
6160, 4, 4 
55332, 4, 4 
15100, 4, 4 
42587, 4, 4 
43219, 4, 4 
45778, 4, 4 
28942, 4, 4 
5673, 4, 4 
48553, 4, 4 
34406, 4, 4 
24798, 4, 4 
52243, 4, 4 
23878, 4, 4 
41444, 4, 4 
37450, 4, 4 
14650, 4, 4 
55532, 4, 4 
15283, 4, 4 
39867, 4, 4 
21263, 4, 4 
58684, 4, 4 
49546, 4, 4 
26128, 4, 4 
19573, 4, 4 
6995, 4, 4 
1498, 4, 4 
18867, 4, 4 
5490, 4, 4 
26217, 4, 4 
45611, 4, 4 
57844, 4, 4 
7703, 4, 4 
23103, 4, 4 
52721, 4, 4 
59312, 4, 4 
48216, 4, 4 
4318, 4, 4 
18708, 4, 4 
22660, 4, 4 
18730, 4, 4 
1693, 4, 4 
59708, 4, 4 
27433, 4, 4 
22699, 4, 4 
37645, 4, 4 
10594, 4, 4 
55877, 4, 4 
25831, 4, 4 
52024, 4, 4 
21096, 4, 4 
21327, 4, 4 
22400, 4, 4 
19044, 4, 4 
30745, 4, 4 
31322, 4, 4 
35818, 4, 4 
18011, 4, 4 
2294, 4, 4 
28573, 4, 4 
39703, 4, 4 
28146, 4, 4 
9348, 4, 4 
12991, 4, 4 
53654, 4, 4 
36668, 4, 4 
53249, 4, 4 
17896, 4, 4 
51902, 4, 4 
54374, 4, 4 
57146, 4, 4 
19032, 4, 4 
58289, 4, 4 
59386, 4, 4 
51368, 4, 4 
10196, 4, 4 
25471, 4, 4 
8011, 4, 4 
15752, 4, 4 
44688, 4, 4 
51593, 4, 4 
2341, 4, 4 
8796, 4, 4 
32301, 4, 4 
2888, 4, 4 
3092, 4, 4 
52087, 4, 4 
36075, 4, 4 
59931, 4, 4 
38568, 4, 4 
41886, 4, 4 
59722, 4, 4 
31359, 4, 4 
22774, 4, 4 
12397, 4, 4 
30702, 4, 4 
28963, 4, 4 
9147, 4, 4 
27825, 4, 4 
14426, 4, 4 
14788, 4, 4 
44464, 4, 4 
54881, 4, 4 
57343, 4, 4 
2204, 4, 4 
10928, 4, 4 
10216, 4, 4 
12867, 4, 4 
2546, 4, 4 
38132, 4, 4 
51374, 4, 4 
40600, 4, 4 
39287, 4, 4 
18200, 4, 4 
21935, 4, 4 
30666, 4, 4 
32647, 4, 4 
43152, 4, 4 
21770, 4, 4 
10789, 4, 4 
34216, 4, 4 
43275, 4, 4 
38518, 4, 4 
23432, 4, 4 
38973, 4, 4 
2416, 4, 4 
25114, 4, 4 
20455, 4, 4 
29467, 4, 4 
27715, 4, 4 
17451, 4, 4 
58823, 4, 4 
30602, 4, 4 
54852, 4, 4 
13052, 4, 4 
3911, 4, 4 
9362, 4, 4 
24758, 4, 4 
3334, 4, 4 
53898, 4, 4 
52200, 4, 4 
27575, 4, 4 
27352, 4, 4 
8380, 4, 4 
56072, 4, 4 
32673, 4, 4 
13350, 4, 4 
45339, 4, 4 
13507, 4, 4 
49843, 4, 4 
13252, 4, 4 
21648, 4, 4 
19418, 4, 4 
20368, 4, 4 
6009, 4, 4 
9091, 4, 4 
52979, 4, 4 
4410, 4, 4 
52631, 4, 4 
40672, 4, 4 
27040, 4, 4 
7011, 4, 4 
39543, 4, 4 
30835, 4, 4 
17949, 4, 4 
30215, 4, 4 
16977, 4, 4 
13443, 4, 4 
9046, 4, 4 
42286, 4, 4 
3475, 4, 4 
59599, 4, 4 
7285, 4, 4 
39128, 4, 4 
1928, 4, 4 
48373, 4, 4 
49206, 4, 4 
45834, 4, 4 
18136, 4, 4 
17604, 4, 4 
36759, 4, 4 
55930, 4, 4 
33711, 4, 4 
53912, 4, 4 
59169, 4, 4 
19121, 4, 4 
36279, 4, 4 
11930, 4, 4 
45184, 4, 4 
36932, 4, 4 
13868, 4, 4 
5482, 4, 4 
42676, 4, 4 
12972, 4, 4 
54422, 4, 4 
55109, 4, 4 
17926, 4, 4 
26458, 4, 4 
16098, 4, 4 
3701, 4, 4 
31632, 4, 4 
41373, 4, 4 
48903, 4, 4 
19123, 4, 4 
2742, 4, 4 
40334, 4, 4 
3838, 4, 4 
15274, 4, 4 
36212, 4, 4 
37516, 4, 4 
40657, 4, 4 
44224, 4, 4 
51791, 4, 4 
37019, 4, 4 
45538, 4, 4 
56422, 4, 4 
49172, 4, 4 
42099, 4, 4 
56150, 4, 4 
11434, 4, 4 
12795, 4, 4 
20665, 4, 4 
5155, 4, 4 
5198, 4, 4 
32661, 4, 4 
27267, 4, 4 
19499, 4, 4 
52652, 4, 4 
50388, 4, 4 
16450, 4, 4 
34275, 4, 4 
44593, 4, 4 
56334, 4, 4 
2208, 4, 4 
50299, 4, 4 
33708, 4, 4 
31090, 4, 4 
36632, 4, 4 
44037, 4, 4 
59240, 4, 4 
54911, 4, 4 
8840, 4, 4 
5792, 4, 4 
50161, 4, 4 
52623, 4, 4 
45729, 4, 4 
12973, 4, 4 
30167, 4, 4 
24052, 4, 4 
31501, 4, 4 
19233, 4, 4 
7652, 4, 4 
41298, 4, 4 
17561, 4, 4 
1227, 4, 4 
43009, 4, 4 
47507, 4, 4 
48745, 4, 4 
22537, 4, 4 
11264, 4, 4 
5822, 4, 4 
39738, 4, 4 
45681, 4, 4 
39024, 4, 4 
36359, 4, 4 
30890, 4, 4 
39435, 4, 4 
45590, 4, 4 
49169, 4, 4 
6256, 4, 4 
6955, 4, 4 
877, 4, 4 
49676, 4, 4 
41870, 4, 4 
42139, 4, 4 
41482, 4, 4 
52015, 4, 4 
59432, 4, 4 
10812, 4, 4 
49920, 4, 4 
2896, 4, 4 
43516, 4, 4 
13183, 4, 4 
44894, 4, 4 
51814, 4, 4 
55025, 4, 4 
4721, 4, 4 
29123, 4, 4 
55687, 4, 4 
27591, 4, 4 
27776, 4, 4 
31050, 4, 4 
58300, 4, 4 
23933, 4, 4 
7804, 4, 4 
59219, 4, 4 
26109, 4, 4 
30708, 4, 4 
12227, 4, 4 
19983, 4, 4 
16851, 4, 4 
22614, 4, 4 
31246, 4, 4 
39866, 4, 4 
41006, 4, 4 
6351, 4, 4 
20950, 4, 4 
16127, 4, 4 
11165, 4, 4 
17613, 4, 4 
34809, 4, 4 
16578, 4, 4 
41319, 4, 4 
8281, 4, 4 
5406, 4, 4 
49777, 4, 4 
22544, 4, 4 
48013, 4, 4 
5077, 4, 4 
1628, 4, 4 
17020, 4, 4 
4252, 4, 4 
12055, 4, 4 
15927, 4, 4 
5091, 4, 4 
22991, 4, 4 
31412, 4, 4 
19998, 4, 4 
45550, 4, 4 
25503, 4, 4 
33637, 4, 4 
58621, 4, 4 
27882, 4, 4 
10634, 4, 4 
15027, 4, 4 
2773, 4, 4 
7152, 4, 4 
52074, 4, 4 
15622, 4, 4 
47334, 4, 4 
30298, 4, 4 
10241, 4, 4 
46852, 4, 4 
8325, 4, 4 
4406, 4, 4 
49745, 4, 4 
48393, 4, 4 
40013, 4, 4 
13271, 4, 4 
28747, 4, 4 
52448, 4, 4 
56320, 4, 4 
1079, 4, 4 
46754, 4, 4 
52704, 4, 4 
26242, 4, 4 
16216, 4, 4 
32578, 4, 4 
54813, 4, 4 
14207, 4, 4 
14793, 4, 4 
20702, 4, 4 
15787, 4, 4 
2443, 4, 4 
59799, 4, 4 
28578, 4, 4 
11460, 4, 4 
58603, 4, 4 
17511, 4, 4 
4436, 4, 4 
22064, 4, 4 
23596, 4, 4 
22584, 4, 4 
34266, 4, 4 
44137, 4, 4 
22885, 4, 4 
12675, 4, 4 
29442, 4, 4 
9667, 4, 4 
31159, 4, 4 
57940, 4, 4 
58416, 4, 4 
53888, 4, 4 
37916, 4, 4 
41093, 4, 4 
18438, 4, 4 
56977, 4, 4 
54358, 4, 4 
44922, 4, 4 
51081, 4, 4 
32976, 4, 4 
44091, 4, 4 
3018, 4, 4 
17744, 4, 4 
37687, 4, 4 
16068, 4, 4 
38710, 4, 4 
42198, 4, 4 
9116, 4, 4 
40519, 4, 4 
44921, 4, 4 
55564, 4, 4 
55511, 4, 4 
32565, 4, 4 
42952, 4, 4 
35931, 4, 4 
1133, 4, 4 
26269, 4, 4 
46623, 4, 4 
21738, 4, 4 
6469, 4, 4 
30795, 4, 4 
24859, 5, 5 
47858, 5, 5 
36918, 5, 5 
3839, 5, 5 
36774, 5, 5 
8623, 5, 5 
29940, 5, 5 
44152, 5, 5 
15371, 5, 5 
14199, 5, 5 
12818, 5, 5 
32671, 5, 5 
1577, 5, 5 
38459, 5, 5 
18254, 5, 5 
59810, 5, 5 
47278, 5, 5 
43021, 5, 5 
30572, 5, 5 
58723, 5, 5 
9159, 5, 5 
49334, 5, 5 
28608, 5, 5 
55775, 5, 5 
45295, 5, 5 
1276, 5, 5 
17886, 5, 5 
20793, 5, 5 
52665, 5, 5 
48850, 5, 5 
13699, 5, 5 
22802, 5, 5 
28345, 5, 5 
7738, 5, 5 
46522, 5, 5 
54902, 5, 5 
12003, 5, 5 
50296, 5, 5 
40733, 5, 5 
34242, 5, 5 
43508, 5, 5 
55055, 5, 5 
25711, 5, 5 
56229, 5, 5 
34309, 5, 5 
46597, 5, 5 
25259, 5, 5 
27814, 5, 5 
14489, 5, 5 
19506, 5, 5 
16682, 5, 5 
46366, 5, 5 
52767, 5, 5 
6504, 5, 5 
21227, 5, 5 
18719, 5, 5 
54640, 5, 5 
7967, 5, 5 
1864, 5, 5 
23827, 5, 5 
15358, 5, 5 
11198, 5, 5 
15830, 5, 5 
182, 5, 5 
42590, 5, 5 
59022, 5, 5 
36638, 5, 5 
29892, 5, 5 
2186, 5, 5 
35618, 5, 5 
59507, 5, 5 
56363, 5, 5 
49236, 5, 5 
8734, 5, 5 
59538, 5, 5 
1433, 5, 5 
51345, 5, 5 
58419, 5, 5 
45423, 5, 5 
45602, 5, 5 
16315, 5, 5 
50766, 5, 5 
44793, 5, 5 
42517, 5, 5 
41147, 5, 5 
58731, 5, 5 
16017, 5, 5 
10509, 5, 5 
41759, 5, 5 
25158, 5, 5 
28732, 5, 5 
17094, 5, 5 
53626, 5, 5 
44263, 5, 5 
34002, 5, 5 
20628, 5, 5 
23568, 5, 5 
28413, 5, 5 
54331, 5, 5 
9652, 5, 5 
28161, 5, 5 
9093, 5, 5 
9539, 5, 5 
31022, 5, 5 
52826, 5, 5 
35247, 5, 5 
43937, 5, 5 
4940, 5, 5 
50320, 5, 9 
50250, 5, 5 
3634, 5, 5 
30081, 5, 5 
47873, 5, 5 
54051, 5, 5 
27576, 5, 5 
25891, 5, 5 
53408, 5, 5 
34811, 5, 5 
52122, 5, 5 
18067, 5, 5 
21365, 5, 5 
47412, 5, 5 
51130, 5, 5 
42108, 5, 5 
912, 5, 5 
15767, 5, 5 
33858, 5, 5 
20530, 5, 5 
11397, 5, 5 
19590, 5, 8 
55708, 5, 5 
36217, 5, 5 
30903, 5, 5 
10277, 5, 8 
41045, 5, 5 
44215, 5, 5 
37308, 5, 5 
7444, 5, 5 
39999, 5, 5 
9951, 5, 5 
44642, 5, 5 
58569, 5, 5 
28261, 5, 5 
53122, 5, 5 
33903, 5, 5 
50881, 5, 5 
9320, 5, 5 
23947, 5, 5 
53795, 5, 5 
37830, 5, 5 
37364, 5, 5 
45139, 5, 5 
10192, 5, 5 
40869, 5, 5 
8022, 5, 5 
36896, 5, 5 
376, 5, 5 
22038, 5, 5 
33340, 5, 8 
58262, 5, 5 
36579, 5, 5 
28332, 5, 5 
6981, 5, 5 
41025, 5, 5 
38345, 5, 5 
17981, 5, 5 
21184, 5, 5 
33808, 5, 5 
58134, 5, 5 
48016, 5, 5 
44819, 5, 5 
18696, 5, 5 
17138, 5, 5 
28277, 5, 5 
42232, 5, 5 
31266, 5, 8 
832, 5, 5 
22951, 5, 5 
20769, 5, 5 
47609, 5, 5 
58460, 5, 5 
14714, 5, 5 
17645, 5, 5 
55389, 5, 5 
2287, 5, 5 
12358, 5, 5 
12284, 5, 5 
6849, 5, 5 
31455, 5, 5 
37740, 5, 5 
56813, 5, 5 
5211, 5, 5 
10777, 5, 5 
38023, 5, 5 
20266, 5, 5 
38508, 5, 5 
47284, 5, 5 
49797, 5, 5 
51886, 5, 5 
47940, 5, 5 
15655, 5, 5 
51371, 5, 5 
7419, 5, 5 
36407, 5, 5 
39436, 5, 5 
5028, 5, 5 
51674, 5, 5 
34509, 5, 5 
14483, 5, 5 
17024, 5, 5 
2912, 5, 5 
39681, 5, 5 
19551, 5, 5 
10804, 5, 5 
4670, 5, 5 
32290, 5, 5 
40534, 5, 5 
20038, 5, 5 
36939, 5, 5 
284, 5, 5 
7902, 5, 5 
16603, 5, 5 
12289, 5, 5 
29077, 5, 5 
43136, 5, 5 
58756, 5, 5 
58646, 5, 5 
59005, 5, 5 
15800, 5, 5 
51764, 5, 2 
33200, 5, 5 
44970, 5, 5 
44869, 5, 5 
6434, 5, 5 
48425, 5, 5 
20754, 5, 5 
54470, 5, 5 
36424, 5, 5 
30858, 5, 5 
23169, 5, 5 
52284, 5, 5 
19173, 5, 5 
44733, 5, 5 
44667, 5, 5 
56024, 5, 5 
14609, 5, 5 
29842, 5, 5 
45897, 5, 5 
46948, 5, 5 
34913, 5, 5 
27049, 5, 5 
13783, 5, 5 
35388, 5, 5 
30980, 5, 5 
31590, 5, 5 
45482, 5, 5 
29915, 5, 5 
58270, 5, 5 
26752, 5, 5 
47586, 5, 5 
15012, 5, 5 
24812, 5, 5 
54045, 5, 5 
50895, 5, 5 
12157, 5, 5 
24614, 5, 5 
9163, 5, 5 
5620, 5, 5 
13078, 5, 5 
41186, 5, 5 
58375, 5, 5 
54281, 5, 5 
58957, 5, 5 
26150, 5, 5 
9995, 5, 5 
31005, 5, 5 
27557, 5, 5 
33294, 5, 5 
57320, 5, 5 
24021, 5, 5 
31151, 5, 5 
28874, 5, 5 
59590, 5, 5 
53316, 5, 5 
10811, 5, 5 
41673, 5, 5 
33605, 5, 5 
7449, 5, 5 
48731, 5, 5 
50540, 5, 5 
6359, 5, 5 
28666, 5, 5 
37548, 5, 5 
23434, 5, 5 
27291, 5, 5 
1955, 5, 5 
43199, 5, 5 
54774, 5, 5 
34857, 5, 5 
59430, 5, 5 
138, 5, 5 
1420, 5, 5 
41305, 5, 5 
6169, 5, 5 
30983, 5, 5 
8876, 5, 5 
56045, 5, 5 
43488, 5, 5 
45012, 5, 5 
28952, 5, 5 
48230, 5, 5 
1847, 5, 5 
20854, 5, 5 
2279, 5, 5 
11417, 5, 5 
50006, 5, 5 
18083, 5, 5 
59492, 5, 5 
57818, 5, 5 
9414, 5, 5 
49427, 5, 5 
10987, 5, 5 
53844, 5, 5 
56786, 5, 5 
27602, 5, 5 
6011, 5, 5 
23567, 5, 5 
51740, 5, 5 
46924, 5, 5 
44461, 5, 5 
3922, 5, 5 
28748, 5, 5 
47366, 5, 5 
32090, 5, 5 
52264, 5, 5 
44262, 5, 3 
625, 5, 5 
332, 5, 5 
2674, 5, 5 
31007, 5, 5 
41566, 5, 5 
23861, 5, 5 
47296, 5, 5 
51731, 5, 5 
25283, 5, 5 
19390, 5, 5 
20359, 5, 5 
26615, 5, 5 
34836, 5, 5 
579, 5, 5 
48838, 5, 5 
47250, 5, 5 
37590, 5, 5 
1482, 5, 5 
49684, 5, 5 
45512, 5, 5 
31424, 5, 5 
50887, 5, 5 
23792, 5, 5 
39176, 5, 5 
6786, 5, 5 
9340, 5, 5 
45526, 5, 5 
27952, 5, 8 
21819, 5, 5 
38059, 5, 5 
32039, 5, 5 
50060, 5, 5 
9366, 5, 5 
56461, 5, 5 
59747, 5, 4 
11141, 5, 5 
15066, 5, 5 
4057, 5, 5 
36361, 5, 5 
27403, 5, 5 
20922, 5, 5 
6200, 5, 5 
24097, 5, 5 
30676, 5, 5 
22679, 5, 5 
48687, 5, 5 
31651, 5, 5 
38959, 5, 5 
54932, 5, 5 
1283, 5, 5 
46476, 5, 5 
18518, 5, 5 
6018, 5, 5 
51551, 5, 5 
47146, 5, 5 
47952, 5, 5 
52778, 5, 5 
4167, 5, 5 
49455, 5, 5 
8779, 5, 5 
20006, 5, 5 
9124, 5, 5 
14806, 5, 5 
54429, 5, 5 
23903, 5, 5 
38656, 5, 8 
45519, 5, 5 
18829, 5, 5 
53696, 5, 5 
50366, 5, 5 
30595, 5, 5 
10049, 5, 5 
45987, 5, 5 
39940, 5, 5 
24660, 5, 5 
27412, 5, 5 
35147, 5, 5 
58515, 5, 5 
31819, 5, 5 
2933, 5, 5 
39410, 5, 5 
15085, 5, 5 
19870, 5, 5 
31222, 5, 5 
35953, 5, 5 
27375, 5, 5 
41949, 5, 5 
10333, 5, 5 
11456, 5, 5 
33749, 5, 5 
46322, 5, 5 
16380, 5, 5 
43510, 5, 8 
11154, 5, 5 
33260, 5, 5 
12697, 5, 5 
5947, 5, 5 
53794, 5, 5 
6255, 5, 5 
47428, 5, 5 
20381, 5, 5 
38217, 5, 5 
5606, 5, 5 
43855, 5, 5 
15071, 5, 5 
36309, 5, 5 
39780, 5, 5 
53567, 5, 5 
54111, 5, 5 
7448, 5, 5 
38739, 5, 5 
7820, 5, 5 
26517, 5, 5 
9323, 5, 5 
26547, 5, 5 
43368, 5, 5 
55902, 5, 5 
17742, 5, 5 
45591, 5, 5 
16582, 5, 5 
45924, 5, 5 
30197, 5, 5 
23620, 5, 5 
58130, 5, 5 
35650, 5, 5 
13345, 5, 5 
21439, 5, 5 
43206, 5, 5 
50592, 5, 5 
5109, 5, 5 
34340, 5, 5 
22680, 5, 5 
41277, 5, 5 
46999, 5, 5 
10546, 5, 5 
59180, 5, 5 
55871, 5, 5 
20342, 5, 5 
34148, 5, 5 
43432, 5, 5 
43066, 5, 5 
3361, 5, 5 
7346, 5, 5 
9339, 5, 5 
31434, 5, 5 
44292, 5, 5 
45629, 5, 5 
29197, 5, 5 
1111, 5, 5 
16745, 5, 5 
26706, 5, 5 
28340, 5, 5 
46968, 5, 5 
26381, 5, 5 
27801, 5, 5 
17890, 5, 8 
4104, 5, 5 
18189, 5, 5 
20120, 5, 5 
1481, 5, 5 
132, 5, 1 
20186, 5, 5 
42698, 5, 5 
18511, 5, 5 
16161, 6, 6 
31998, 6, 6 
37345, 6, 6 
16898, 6, 6 
36175, 6, 6 
40484, 6, 6 
10108, 6, 6 
4702, 6, 6 
25037, 6, 6 
9063, 6, 6 
50220, 6, 6 
6895, 6, 6 
852, 6, 6 
9967, 6, 6 
6267, 6, 6 
29275, 6, 6 
15674, 6, 6 
27198, 6, 6 
395, 6, 6 
50817, 6, 6 
7744, 6, 6 
5956, 6, 6 
56805, 6, 6 
49401, 6, 6 
20416, 6, 6 
50921, 6, 6 
14632, 6, 6 
46491, 6, 6 
38681, 6, 6 
41246, 6, 6 
52833, 6, 6 
16583, 6, 6 
58423, 6, 6 
57577, 6, 6 
6574, 6, 6 
59632, 6, 6 
48538, 6, 6 
9468, 6, 6 
15047, 6, 6 
43498, 6, 6 
27298, 6, 6 
25241, 6, 6 
701, 6, 6 
32211, 6, 6 
17843, 6, 6 
41086, 6, 6 
22693, 6, 6 
3820, 6, 6 
7109, 6, 6 
10484, 6, 6 
22814, 6, 6 
42256, 6, 6 
51386, 6, 6 
56345, 6, 6 
15896, 6, 6 
18199, 6, 6 
33595, 6, 6 
50781, 6, 6 
45581, 6, 6 
21821, 6, 6 
16054, 6, 6 
26347, 6, 6 
36910, 6, 6 
59181, 6, 6 
1706, 6, 6 
28027, 6, 6 
59437, 6, 6 
55372, 6, 6 
16188, 6, 6 
13970, 6, 6 
59273, 6, 6 
17023, 6, 6 
597, 6, 6 
41814, 6, 6 
39177, 6, 6 
28255, 6, 6 
28222, 6, 6 
22107, 6, 6 
45248, 6, 6 
32922, 6, 6 
6000, 6, 6 
34277, 6, 6 
3808, 6, 6 
39206, 6, 6 
47191, 6, 6 
37549, 6, 6 
22559, 6, 6 
30025, 6, 6 
27685, 6, 6 
1726, 6, 6 
14232, 6, 6 
31203, 6, 6 
50912, 6, 6 
55456, 6, 6 
38514, 6, 6 
30421, 6, 6 
12866, 6, 6 
37475, 6, 6 
43225, 6, 6 
49396, 6, 6 
47611, 6, 6 
51734, 6, 6 
39067, 6, 6 
10224, 6, 6 
57935, 6, 6 
13809, 6, 6 
15957, 6, 6 
2777, 6, 6 
55738, 6, 6 
34816, 6, 6 
56790, 6, 6 
35750, 6, 6 
8692, 6, 6 
53111, 6, 6 
51219, 6, 6 
302, 6, 6 
14031, 6, 6 
18168, 6, 6 
47774, 6, 6 
30345, 6, 6 
57783, 6, 6 
36195, 6, 6 
22936, 6, 6 
23790, 6, 6 
55112, 6, 6 
29554, 6, 6 
25673, 6, 6 
30617, 6, 6 
31572, 6, 6 
32725, 6, 6 
42912, 6, 6 
23983, 6, 6 
30971, 6, 6 
42305, 6, 6 
30788, 6, 6 
53840, 6, 6 
20839, 6, 6 
26777, 6, 6 
23179, 6, 6 
35868, 6, 6 
1182, 6, 6 
37803, 6, 6 
40785, 6, 6 
8305, 6, 6 
35851, 6, 6 
4533, 6, 6 
55827, 6, 6 
6474, 6, 6 
58682, 6, 6 
1892, 6, 6 
9174, 6, 6 
53175, 6, 6 
34522, 6, 6 
12104, 6, 6 
36278, 6, 6 
17164, 6, 6 
15951, 6, 6 
48945, 6, 6 
38115, 6, 6 
42450, 6, 6 
10270, 6, 6 
13759, 6, 6 
52053, 6, 6 
41059, 6, 6 
506, 6, 6 
32752, 6, 6 
32839, 6, 6 
34433, 6, 6 
23907, 6, 6 
15287, 6, 6 
10617, 6, 6 
15839, 6, 6 
37310, 6, 6 
39154, 6, 6 
57518, 6, 6 
34499, 6, 6 
27775, 6, 6 
2324, 6, 6 
45030, 6, 6 
14083, 6, 6 
18267, 6, 6 
40023, 6, 6 
34578, 6, 6 
58724, 6, 6 
3757, 6, 4 
16088, 6, 6 
28459, 6, 6 
11871, 6, 6 
32734, 6, 6 
34700, 6, 6 
2113, 6, 6 
51480, 6, 6 
6837, 6, 6 
16782, 6, 6 
37859, 6, 6 
32783, 6, 6 
9421, 6, 6 
33887, 6, 6 
9460, 6, 6 
43049, 6, 6 
17855, 6, 6 
37829, 6, 6 
30249, 6, 6 
51152, 6, 6 
15459, 6, 6 
18349, 6, 6 
37788, 6, 6 
49484, 6, 6 
48609, 6, 6 
46310, 6, 6 
22737, 6, 6 
59601, 6, 6 
49969, 6, 6 
19464, 6, 6 
27833, 6, 6 
30024, 6, 6 
25271, 6, 6 
42921, 6, 6 
15625, 6, 6 
16896, 6, 6 
48278, 6, 6 
50004, 6, 6 
27750, 6, 6 
26396, 6, 6 
58354, 6, 6 
42942, 6, 6 
59474, 6, 6 
31208, 6, 6 
2570, 6, 6 
52374, 6, 6 
45127, 6, 6 
14155, 6, 6 
665, 6, 6 
48565, 6, 6 
14248, 6, 6 
1224, 6, 6 
13047, 6, 6 
2657, 6, 6 
14565, 6, 6 
42361, 6, 6 
16550, 6, 6 
19332, 6, 6 
47877, 6, 6 
40986, 6, 6 
59132, 6, 6 
53892, 6, 6 
25393, 6, 6 
50294, 6, 6 
41654, 6, 6 
39567, 6, 6 
15386, 6, 6 
48380, 6, 6 
53991, 6, 6 
11289, 6, 6 
43800, 6, 6 
21838, 6, 6 
40304, 6, 6 
3327, 6, 6 
51953, 6, 6 
48636, 6, 6 
16894, 6, 6 
1768, 6, 6 
29217, 6, 6 
57591, 6, 6 
7815, 6, 6 
17174, 6, 6 
45614, 6, 6 
10557, 6, 6 
38491, 6, 6 
6402, 6, 6 
24184, 6, 6 
40491, 6, 6 
36079, 6, 6 
28698, 6, 6 
8206, 6, 6 
28415, 6, 6 
11870, 6, 6 
20704, 6, 6 
15708, 6, 6 
41876, 6, 6 
2167, 6, 6 
52273, 6, 6 
48083, 6, 6 
54360, 6, 6 
50428, 6, 6 
54316, 6, 6 
31557, 6, 6 
56153, 6, 6 
45324, 6, 6 
22221, 6, 6 
54067, 6, 6 
47916, 6, 6 
58041, 6, 6 
36415, 6, 6 
11800, 6, 6 
21728, 6, 6 
51021, 6, 6 
36996, 6, 6 
22618, 6, 6 
16667, 6, 6 
44315, 6, 6 
12640, 6, 6 
8720, 6, 6 
49718, 6, 6 
44319, 6, 6 
37675, 6, 6 
11048, 6, 6 
55627, 6, 6 
3908, 6, 6 
18303, 6, 6 
20469, 6, 6 
20323, 6, 6 
17326, 6, 6 
46567, 6, 6 
45010, 6, 6 
8577, 6, 6 
49133, 6, 6 
16032, 6, 6 
46538, 6, 6 
3919, 6, 6 
53652, 6, 6 
38460, 6, 6 
17542, 6, 6 
56172, 6, 6 
24201, 6, 6 
38555, 6, 6 
45300, 6, 6 
10930, 6, 6 
40845, 6, 6 
48792, 6, 6 
6047, 6, 6 
996, 6, 6 
57883, 6, 6 
22716, 6, 6 
17401, 6, 6 
37895, 6, 6 
20503, 6, 6 
13290, 6, 6 
53215, 6, 6 
25219, 6, 6 
48437, 6, 6 
30139, 6, 6 
57089, 6, 6 
42409, 6, 6 
37888, 6, 6 
5365, 6, 6 
58352, 6, 6 
26377, 6, 6 
58329, 6, 6 
21961, 6, 6 
35219, 6, 6 
4943, 6, 6 
24905, 6, 6 
6473, 6, 6 
7577, 6, 6 
28890, 6, 6 
43931, 6, 6 
4828, 6, 6 
25901, 6, 6 
6373, 6, 6 
55196, 6, 6 
33871, 6, 6 
41190, 6, 6 
8328, 6, 6 
55390, 6, 6 
36653, 6, 6 
1337, 6, 6 
3098, 6, 6 
26516, 6, 8 
15756, 6, 6 
53909, 6, 6 
26386, 6, 6 
53228, 6, 6 
3187, 6, 6 
55219, 6, 6 
2480, 6, 6 
45622, 6, 6 
17546, 6, 6 
8981, 6, 6 
19723, 6, 6 
12523, 6, 6 
59770, 6, 6 
38471, 6, 6 
44533, 6, 6 
22422, 6, 6 
40355, 6, 6 
58271, 6, 6 
53481, 6, 6 
23168, 6, 6 
35241, 6, 6 
33728, 6, 6 
28975, 6, 6 
26912, 6, 6 
46704, 6, 6 
41018, 6, 6 
25358, 6, 6 
31924, 6, 6 
15159, 6, 6 
13468, 6, 6 
33474, 6, 6 
16335, 6, 6 
3109, 6, 6 
12528, 6, 6 
49772, 6, 6 
45141, 6, 6 
431, 6, 6 
21967, 6, 6 
31954, 6, 8 
2680, 6, 6 
3717, 6, 6 
54288, 6, 6 
11678, 6, 6 
54523, 6, 6 
54183, 6, 6 
16847, 6, 6 
42027, 6, 6 
11261, 6, 6 
20998, 6, 6 
58605, 6, 6 
59324, 6, 6 
30387, 6, 6 
22940, 6, 6 
6635, 6, 6 
2295, 6, 6 
50494, 6, 6 
59257, 6, 6 
43161, 6, 6 
41344, 6, 6 
52859, 6, 6 
20806, 6, 6 
41167, 6, 6 
5466, 6, 6 
23415, 6, 6 
34060, 6, 6 
23049, 6, 6 
7163, 6, 6 
34896, 6, 6 
2470, 6, 6 
48188, 6, 6 
41890, 6, 6 
14909, 6, 6 
33063, 6, 6 
34915, 6, 6 
36, 6, 6 
44809, 6, 6 
26754, 6, 6 
23489, 6, 6 
22820, 6, 6 
55252, 6, 6 
46844, 6, 6 
31670, 6, 6 
11490, 6, 6 
56582, 6, 6 
34360, 6, 6 
54215, 6, 6 
51977, 6, 6 
42172, 6, 6 
52049, 6, 6 
57691, 6, 6 
54661, 6, 6 
5990, 6, 6 
17079, 6, 6 
44201, 6, 6 
25113, 6, 6 
3789, 6, 6 
11530, 6, 6 
20480, 6, 6 
52513, 6, 6 
17623, 6, 6 
55512, 6, 6 
16891, 6, 6 
24377, 6, 6 
41757, 6, 6 
47636, 6, 6 
52877, 6, 6 
8940, 6, 8 
36985, 6, 6 
47418, 6, 6 
57419, 6, 6 
23284, 6, 6 
50880, 6, 6 
15960, 6, 6 
21404, 6, 6 
31931, 6, 6 
21675, 6, 6 
43177, 6, 6 
31037, 6, 6 
51857, 6, 6 
59895, 6, 6 
5629, 6, 6 
20523, 6, 6 
8462, 6, 6 
14641, 6, 6 
11985, 6, 6 
25593, 6, 6 
26759, 6, 6 
50938, 6, 6 
37356, 6, 6 
59292, 6, 6 
55362, 6, 6 
12000, 7, 7 
50376, 7, 7 
59048, 7, 7 
50121, 7, 7 
2319, 7, 7 
42798, 7, 7 
29184, 7, 7 
32716, 7, 7 
12253, 7, 7 
39426, 7, 7 
48010, 7, 7 
18843, 7, 7 
58848, 7, 7 
35417, 7, 7 
24994, 7, 7 
28972, 7, 7 
15895, 7, 7 
35446, 7, 7 
59602, 7, 7 
10427, 7, 7 
49212, 7, 7 
30739, 7, 7 
29382, 7, 7 
14920, 7, 7 
21243, 7, 7 
53171, 7, 7 
11829, 7, 7 
9990, 7, 7 
12018, 7, 7 
55854, 7, 7 
44367, 7, 7 
44398, 7, 7 
23849, 7, 7 
28004, 7, 7 
497, 7, 7 
26218, 7, 7 
56915, 7, 7 
27373, 7, 7 
43584, 7, 7 
11399, 7, 7 
11334, 7, 7 
13651, 7, 7 
8049, 7, 7 
38788, 7, 7 
37987, 7, 7 
38349, 7, 7 
868, 7, 7 
54099, 7, 7 
36069, 7, 7 
30177, 7, 7 
31912, 7, 7 
15425, 7, 7 
918, 7, 7 
11328, 7, 7 
36498, 7, 7 
38257, 7, 7 
12921, 7, 7 
59484, 7, 7 
6167, 7, 7 
28880, 7, 7 
46419, 7, 7 
33405, 7, 7 
2759, 7, 7 
45844, 7, 7 
40728, 7, 7 
56722, 7, 7 
1523, 7, 7 
59894, 7, 7 
5269, 7, 7 
12774, 7, 7 
9888, 7, 7 
55078, 7, 7 
33957, 7, 7 
54317, 7, 7 
17031, 7, 7 
56841, 7, 7 
45895, 7, 7 
22527, 7, 7 
18844, 7, 7 
48988, 7, 7 
31055, 7, 7 
24818, 7, 7 
24548, 7, 7 
1564, 7, 7 
49553, 7, 7 
55799, 7, 7 
59802, 7, 7 
12453, 7, 7 
32893, 7, 7 
59526, 7, 7 
8182, 7, 7 
27561, 7, 7 
9283, 7, 7 
21624, 7, 7 
14403, 7, 7 
21258, 7, 7 
15997, 7, 7 
17615, 7, 7 
33582, 7, 7 
46615, 7, 7 
39244, 7, 7 
43886, 7, 7 
20729, 7, 7 
27144, 7, 7 
16189, 7, 7 
58202, 7, 7 
58750, 7, 7 
59389, 7, 7 
9263, 7, 7 
1687, 7, 7 
57996, 7, 7 
6241, 7, 7 
18469, 7, 7 
13048, 7, 7 
8205, 7, 7 
16288, 7, 7 
57980, 7, 7 
4984, 7, 7 
18855, 7, 7 
21704, 7, 7 
52249, 7, 7 
49891, 7, 7 
30154, 7, 7 
24412, 7, 7 
15811, 7, 7 
46765, 7, 7 
29470, 7, 7 
30952, 7, 7 
32613, 7, 7 
51634, 7, 7 
11247, 7, 7 
29963, 7, 7 
49209, 7, 7 
21386, 7, 7 
13746, 7, 7 
46283, 7, 7 
38224, 7, 7 
33384, 7, 7 
34434, 7, 7 
3368, 7, 7 
17532, 7, 7 
41002, 7, 7 
8362, 7, 7 
20552, 7, 7 
29436, 7, 7 
4479, 7, 7 
35199, 7, 7 
54365, 7, 7 
599, 7, 7 
4081, 7, 7 
9086, 7, 7 
42427, 7, 7 
31187, 7, 7 
58140, 7, 7 
51885, 7, 7 
37471, 7, 7 
42016, 7, 7 
59710, 7, 7 
23684, 7, 7 
46278, 7, 7 
12428, 7, 7 
52736, 7, 7 
20134, 7, 7 
12391, 7, 7 
45618, 7, 7 
55553, 7, 7 
42011, 7, 7 
39672, 7, 7 
34110, 7, 7 
29440, 7, 8 
51162, 7, 7 
6722, 7, 7 
13755, 7, 7 
28620, 7, 7 
42415, 7, 7 
45691, 7, 7 
15646, 7, 7 
50100, 7, 7 
47727, 7, 7 
2488, 7, 7 
48724, 7, 7 
19433, 7, 7 
49644, 7, 7 
30821, 7, 7 
48422, 7, 7 
24545, 7, 7 
49958, 7, 7 
35965, 7, 7 
24314, 7, 7 
19479, 7, 7 
4366, 7, 7 
8647, 7, 7 
22753, 7, 7 
10893, 7, 7 
27853, 7, 7 
23164, 7, 7 
21293, 7, 7 
4046, 7, 7 
18671, 7, 7 
18309, 7, 7 
59083, 7, 7 
54966, 7, 7 
38133, 7, 7 
30165, 7, 7 
57280, 7, 7 
52952, 7, 7 
55608, 7, 7 
21816, 7, 7 
10202, 7, 7 
23352, 7, 7 
25979, 7, 7 
16823, 7, 7 
33164, 7, 7 
38943, 7, 7 
18160, 7, 7 
52786, 7, 7 
51558, 7, 7 
41891, 7, 7 
24181, 7, 7 
14750, 7, 7 
43669, 7, 7 
27906, 7, 7 
15229, 7, 7 
52861, 7, 7 
23443, 7, 7 
34673, 7, 7 
15808, 7, 7 
50627, 7, 7 
58520, 7, 7 
31835, 7, 7 
39687, 7, 7 
12143, 7, 7 
14386, 7, 7 
11350, 7, 7 
22057, 7, 7 
26272, 7, 7 
17683, 7, 7 
26602, 7, 7 
18086, 7, 7 
43356, 7, 7 
56729, 7, 7 
19580, 7, 7 
44323, 7, 7 
29709, 7, 7 
50943, 7, 7 
27168, 7, 7 
56218, 7, 7 
52471, 7, 7 
31101, 7, 7 
9793, 7, 7 
32236, 7, 7 
44972, 7, 7 
25452, 7, 7 
27827, 7, 7 
22183, 7, 7 
31799, 7, 7 
42593, 7, 7 
11763, 7, 7 
5253, 7, 7 
49120, 7, 7 
31210, 7, 7 
14439, 7, 7 
40344, 7, 7 
48151, 7, 7 
24727, 7, 7 
6911, 7, 7 
1014, 7, 7 
50255, 7, 7 
19372, 7, 7 
51636, 7, 7 
43374, 7, 7 
35306, 7, 7 
6304, 7, 7 
47487, 7, 7 
59246, 7, 7 
25110, 7, 7 
11595, 7, 7 
8248, 7, 7 
57541, 7, 7 
50978, 7, 7 
50488, 7, 7 
21885, 7, 7 
3914, 7, 7 
33867, 7, 7 
33479, 7, 7 
29257, 7, 7 
58941, 7, 7 
23469, 7, 7 
29109, 7, 7 
23645, 7, 7 
5651, 7, 7 
44538, 7, 7 
25756, 7, 7 
3010, 7, 7 
20857, 7, 7 
511, 7, 7 
17306, 7, 7 
59469, 7, 7 
5068, 7, 7 
2986, 7, 7 
56329, 7, 7 
42023, 7, 7 
26589, 7, 7 
38149, 7, 7 
46265, 7, 7 
44573, 7, 7 
50443, 7, 7 
59379, 7, 7 
57066, 7, 7 
19895, 7, 7 
1619, 7, 7 
49385, 7, 7 
7309, 7, 7 
34386, 7, 7 
46248, 7, 7 
48250, 7, 7 
53210, 7, 7 
53770, 7, 7 
426, 7, 7 
44643, 7, 7 
52475, 7, 7 
55544, 7, 7 
53253, 7, 7 
44322, 7, 7 
35416, 7, 7 
58188, 7, 7 
58061, 7, 7 
37423, 7, 7 
55709, 7, 7 
49391, 7, 7 
32266, 7, 7 
18962, 7, 7 
3798, 7, 7 
3008, 7, 7 
10171, 7, 7 
8038, 7, 7 
53866, 7, 7 
1019, 7, 7 
55744, 7, 7 
48201, 7, 7 
20310, 7, 7 
44387, 7, 7 
29948, 7, 7 
16848, 7, 7 
32740, 7, 7 
51126, 7, 7 
18966, 7, 7 
36352, 7, 7 
23388, 7, 7 
45179, 7, 7 
3167, 7, 7 
6403, 7, 7 
57357, 7, 7 
46605, 7, 7 
21456, 7, 7 
40357, 7, 7 
31383, 7, 7 
31459, 7, 7 
47242, 7, 7 
23068, 7, 7 
23752, 7, 7 
40906, 7, 7 
19260, 7, 7 
22880, 7, 7 
48562, 7, 7 
22530, 7, 7 
44212, 7, 7 
3059, 7, 7 
42105, 7, 7 
30118, 7, 7 
6134, 7, 7 
14586, 7, 7 
4395, 7, 7 
38972, 7, 7 
59254, 7, 7 
48672, 7, 7 
4659, 7, 7 
32551, 7, 7 
26579, 7, 7 
16169, 7, 7 
44434, 7, 7 
17946, 7, 7 
42062, 7, 7 
42772, 7, 7 
11553, 7, 7 
12188, 7, 7 
15113, 7, 7 
3887, 7, 7 
22911, 7, 7 
4432, 7, 7 
13319, 7, 7 
44774, 7, 7 
7795, 7, 7 
42363, 7, 7 
1191, 7, 7 
1953, 7, 7 
6707, 7, 7 
11294, 7, 7 
45489, 7, 7 
21462, 7, 7 
20452, 7, 7 
16771, 7, 7 
33977, 7, 7 
8741, 7, 7 
2825, 7, 7 
7730, 7, 7 
47453, 7, 7 
14088, 7, 7 
1042, 7, 7 
3942, 7, 7 
9606, 7, 7 
29581, 7, 7 
39524, 7, 7 
42527, 7, 7 
1326, 7, 7 
4164, 7, 7 
12420, 7, 7 
51062, 7, 7 
58214, 7, 7 
33660, 7, 7 
55244, 7, 7 
35837, 7, 7 
55090, 7, 7 
11059, 7, 7 
42292, 7, 7 
58299, 7, 7 
35938, 7, 7 
36762, 7, 7 
40419, 7, 7 
4869, 7, 7 
39254, 7, 7 
31207, 7, 7 
21062, 7, 7 
15410, 7, 7 
40807, 7, 7 
2881, 7, 7 
10215, 7, 7 
38711, 7, 7 
16756, 7, 7 
11946, 7, 7 
54669, 7, 7 
20385, 7, 7 
9854, 7, 7 
40323, 7, 7 
52196, 7, 7 
59107, 7, 7 
25126, 7, 7 
7001, 7, 7 
18161, 7, 7 
30302, 7, 7 
23784, 7, 7 
39003, 7, 7 
37165, 7, 7 
12676, 7, 7 
23708, 7, 7 
39712, 7, 7 
37402, 7, 7 
18873, 7, 7 
33950, 7, 7 
14114, 7, 7 
18682, 7, 7 
40675, 7, 7 
43222, 7, 7 
8143, 7, 7 
12348, 7, 7 
20795, 7, 7 
52925, 7, 7 
2142, 7, 7 
36611, 7, 7 
23840, 7, 7 
17486, 7, 7 
57344, 7, 7 
31362, 7, 7 
38517, 7, 7 
44572, 7, 7 
14718, 7, 7 
44669, 7, 7 
21783, 7, 7 
9444, 7, 7 
1480, 7, 7 
4647, 7, 7 
29423, 7, 7 
15570, 7, 7 
1747, 7, 7 
288, 7, 7 
46928, 7, 7 
55309, 7, 7 
22171, 7, 7 
37090, 7, 7 
38550, 7, 7 
8090, 7, 7 
29297, 7, 7 
35130, 7, 7 
40911, 7, 7 
20061, 7, 7 
1088, 7, 7 
5897, 7, 7 
4394, 7, 7 
48125, 7, 7 
20765, 7, 7 
17021, 8, 8 
12857, 8, 8 
46258, 8, 8 
17013, 8, 8 
9832, 8, 8 
7048, 8, 8 
32078, 8, 8 
21045, 8, 8 
6354, 8, 8 
17672, 8, 8 
333, 8, 8 
27762, 8, 8 
48106, 8, 8 
27269, 8, 8 
55519, 8, 8 
31034, 8, 8 
56751, 8, 8 
27616, 8, 8 
51878, 8, 8 
28739, 8, 8 
37628, 8, 8 
23437, 8, 8 
51565, 8, 8 
48723, 8, 8 
10561, 8, 8 
2681, 8, 8 
1783, 8, 8 
1013, 8, 8 
40381, 8, 8 
44686, 8, 8 
57210, 8, 8 
46368, 8, 8 
3762, 8, 8 
35809, 8, 8 
44267, 8, 8 
1759, 8, 8 
5609, 8, 8 
37783, 8, 8 
35997, 8, 8 
28490, 8, 8 
8782, 8, 8 
39841, 8, 8 
54954, 8, 8 
48285, 8, 8 
54295, 8, 8 
5346, 8, 8 
24349, 8, 8 
51746, 8, 8 
33820, 8, 8 
14189, 8, 8 
36834, 8, 8 
3154, 8, 8 
50790, 8, 8 
6897, 8, 8 
15691, 8, 8 
44699, 8, 8 
35733, 8, 8 
5220, 8, 8 
51830, 8, 8 
42112, 8, 8 
36529, 8, 8 
628, 8, 8 
21046, 8, 8 
15411, 8, 8 
20880, 8, 8 
39876, 8, 8 
29223, 8, 8 
14499, 8, 8 
57493, 8, 8 
34533, 8, 8 
12198, 8, 8 
32553, 8, 8 
38745, 8, 8 
59015, 8, 8 
16275, 8, 8 
41564, 8, 8 
40403, 8, 8 
40398, 8, 8 
14173, 8, 8 
31959, 8, 8 
20873, 8, 8 
40737, 8, 8 
31968, 8, 8 
57668, 8, 8 
16828, 8, 8 
34691, 8, 8 
26611, 8, 8 
197, 8, 8 
761, 8, 8 
53285, 8, 8 
14728, 8, 8 
38685, 8, 8 
29711, 8, 8 
59636, 8, 8 
1519, 8, 8 
3027, 8, 8 
52950, 8, 8 
42453, 8, 8 
3432, 8, 8 
26580, 8, 8 
11950, 8, 8 
36745, 8, 8 
57093, 8, 8 
1788, 8, 8 
12066, 8, 8 
47317, 8, 8 
3082, 8, 8 
15935, 8, 8 
39104, 8, 8 
40245, 8, 8 
24073, 8, 8 
57404, 8, 8 
6533, 8, 8 
37406, 8, 8 
34577, 8, 8 
21649, 8, 8 
25544, 8, 8 
35230, 8, 8 
20592, 8, 8 
12782, 8, 8 
43692, 8, 8 
11302, 8, 8 
47052, 8, 8 
26028, 8, 8 
3243, 8, 8 
58168, 8, 8 
14626, 8, 8 
16044, 8, 8 
31306, 8, 8 
12943, 8, 8 
15467, 8, 8 
34921, 8, 8 
51487, 8, 8 
12974, 8, 8 
3482, 8, 8 
19131, 8, 8 
15707, 8, 8 
30546, 8, 8 
26947, 8, 8 
51841, 8, 8 
36845, 8, 8 
20889, 8, 8 
11613, 8, 8 
6582, 8, 8 
11506, 8, 8 
57087, 8, 8 
7441, 8, 8 
47076, 8, 8 
14611, 8, 8 
7142, 8, 8 
23328, 8, 8 
23316, 8, 8 
40553, 8, 8 
51224, 8, 8 
59101, 8, 8 
3979, 8, 8 
9805, 8, 8 
31390, 8, 8 
51128, 8, 8 
35471, 8, 8 
48028, 8, 8 
52050, 8, 8 
59123, 8, 8 
33481, 8, 8 
37685, 8, 8 
12904, 8, 8 
38807, 8, 8 
9952, 8, 8 
5042, 8, 8 
7453, 8, 8 
18378, 8, 8 
14322, 8, 8 
6814, 8, 8 
53400, 8, 8 
55772, 8, 8 
925, 8, 8 
51007, 8, 8 
2781, 8, 8 
56070, 8, 8 
54190, 8, 8 
53756, 8, 8 
58020, 8, 8 
43524, 8, 8 
52890, 8, 8 
43268, 8, 8 
29145, 8, 8 
52983, 8, 8 
55491, 8, 8 
38510, 8, 8 
43755, 8, 8 
41396, 8, 8 
23109, 8, 8 
32253, 8, 8 
32784, 8, 8 
52283, 8, 8 
22389, 8, 8 
45573, 8, 8 
46233, 8, 8 
33802, 8, 8 
44683, 8, 8 
23831, 8, 8 
6728, 8, 8 
57042, 8, 8 
23052, 8, 8 
38442, 8, 8 
44659, 8, 8 
38587, 8, 8 
17112, 8, 8 
12619, 8, 8 
32607, 8, 8 
23804, 8, 8 
11858, 8, 8 
20535, 8, 8 
51341, 8, 8 
12633, 8, 8 
23637, 8, 8 
54082, 8, 8 
38778, 8, 8 
33719, 8, 8 
47728, 8, 8 
48206, 8, 8 
57484, 8, 8 
54047, 8, 8 
858, 8, 8 
28871, 8, 8 
15532, 8, 8 
46927, 8, 8 
8386, 8, 8 
18642, 8, 8 
30862, 8, 8 
56019, 8, 8 
45988, 8, 8 
52863, 8, 8 
36582, 8, 8 
55766, 8, 8 
24589, 8, 8 
7121, 8, 8 
1453, 8, 8 
16724, 8, 8 
45678, 8, 8 
17065, 8, 8 
11704, 8, 8 
11890, 8, 8 
47030, 8, 8 
33038, 8, 8 
15626, 8, 8 
17760, 8, 8 
27740, 8, 8 
15973, 8, 8 
59764, 8, 8 
37130, 8, 8 
39994, 8, 8 
5633, 8, 8 
43447, 8, 8 
44714, 8, 8 
44221, 8, 8 
12616, 8, 8 
32573, 8, 8 
37149, 8, 8 
44310, 8, 8 
34883, 8, 8 
54596, 8, 8 
6093, 8, 8 
5183, 8, 8 
10395, 8, 8 
57318, 8, 8 
57324, 8, 8 
24558, 8, 8 
23729, 8, 8 
22923, 8, 8 
41, 8, 8 
13079, 8, 8 
2383, 8, 8 
11035, 8, 8 
35193, 8, 8 
48528, 8, 8 
55557, 8, 8 
10592, 8, 8 
37185, 8, 8 
15724, 8, 8 
42878, 8, 8 
19103, 8, 8 
30581, 8, 8 
39832, 8, 8 
46080, 8, 8 
33546, 8, 8 
42331, 8, 8 
28729, 8, 8 
6924, 8, 8 
6744, 8, 8 
49803, 8, 8 
26043, 8, 8 
29365, 8, 8 
51725, 8, 8 
55122, 8, 8 
24950, 8, 8 
30092, 8, 8 
22166, 8, 8 
55250, 8, 8 
29831, 8, 8 
796, 8, 8 
57084, 8, 8 
53417, 8, 8 
57174, 8, 8 
40579, 8, 8 
21457, 8, 8 
5200, 8, 8 
32936, 8, 8 
35776, 8, 8 
50902, 8, 8 
4982, 8, 8 
57217, 8, 8 
8753, 8, 8 
48407, 8, 8 
46135, 8, 8 
7308, 8, 4 
55614, 8, 8 
17668, 8, 8 
3581, 8, 8 
49997, 8, 8 
52012, 8, 8 
14226, 8, 8 
39187, 8, 8 
25482, 8, 8 
15286, 8, 8 
48243, 8, 8 
11469, 8, 8 
58837, 8, 8 
31135, 8, 8 
41203, 8, 8 
24112, 8, 8 
54725, 8, 8 
44527, 8, 8 
4637, 8, 8 
51732, 8, 8 
42833, 8, 8 
33419, 8, 8 
20648, 8, 8 
45849, 8, 8 
37910, 8, 8 
11796, 8, 8 
59343, 8, 8 
4308, 8, 8 
29276, 8, 8 
48773, 8, 8 
51720, 8, 8 
14413, 8, 8 
16022, 8, 8 
33337, 8, 8 
25205, 8, 8 
22653, 8, 8 
28348, 8, 8 
58860, 8, 8 
54344, 8, 8 
57031, 8, 8 
47218, 8, 8 
50604, 8, 8 
44467, 8, 8 
56295, 8, 8 
58334, 8, 8 
6622, 8, 8 
34770, 8, 8 
32349, 8, 8 
17165, 8, 8 
18635, 8, 8 
39951, 8, 8 
32116, 8, 8 
42127, 8, 8 
57315, 8, 8 
7115, 8, 8 
19605, 8, 8 
24026, 8, 8 
33386, 8, 8 
58960, 8, 8 
53099, 8, 8 
23848, 8, 8 
4381, 8, 8 
55293, 8, 8 
48382, 8, 8 
25321, 8, 8 
40437, 8, 8 
17889, 8, 8 
56387, 8, 8 
56613, 8, 8 
30173, 8, 8 
31075, 8, 8 
28999, 8, 8 
18884, 8, 8 
52219, 8, 8 
35323, 8, 8 
2683, 8, 8 
49661, 8, 8 
50945, 8, 8 
9792, 8, 8 
6022, 8, 8 
7300, 8, 8 
59303, 8, 8 
57580, 8, 8 
2063, 8, 8 
43250, 8, 8 
3730, 8, 8 
34040, 8, 8 
22682, 8, 8 
25776, 8, 8 
45971, 8, 8 
56985, 8, 8 
11120, 8, 8 
38000, 8, 8 
1966, 8, 8 
24925, 8, 8 
295, 8, 8 
15911, 8, 8 
57332, 8, 8 
36870, 8, 8 
58305, 8, 8 
33801, 8, 8 
52445, 8, 8 
11398, 8, 8 
43788, 8, 8 
4580, 8, 8 
54488, 8, 8 
2476, 8, 8 
38324, 8, 8 
37459, 8, 8 
58942, 8, 8 
29116, 8, 8 
13378, 8, 8 
44286, 8, 8 
2421, 8, 8 
39608, 8, 8 
25301, 8, 8 
16820, 8, 8 
22483, 8, 8 
11546, 8, 8 
1657, 8, 8 
48828, 8, 8 
11942, 8, 8 
10559, 8, 8 
35300, 8, 8 
30738, 8, 8 
485, 8, 8 
36986, 8, 8 
885, 8, 8 
41363, 8, 8 
46739, 8, 8 
5628, 8, 8 
40981, 8, 8 
8109, 8, 8 
39035, 8, 8 
31760, 8, 8 
32742, 8, 8 
245, 8, 8 
3281, 8, 8 
1236, 8, 8 
22151, 8, 8 
36325, 8, 8 
40158, 8, 8 
45311, 8, 8 
18353, 8, 8 
12609, 8, 8 
35021, 8, 8 
53569, 8, 8 
39873, 8, 8 
39902, 8, 8 
23426, 8, 8 
39991, 8, 8 
9185, 8, 8 
54909, 8, 8 
11722, 8, 8 
50246, 8, 8 
14438, 8, 8 
59013, 8, 8 
57062, 8, 8 
41853, 8, 8 
9900, 8, 8 
34669, 8, 8 
15236, 8, 8 
32244, 8, 8 
4440, 8, 8 
29700, 8, 8 
50512, 8, 8 
49660, 8, 8 
33813, 8, 8 
25254, 8, 8 
19460, 8, 8 
14968, 8, 8 
20660, 8, 8 
49332, 8, 8 
8915, 8, 8 
40571, 8, 8 
7477, 8, 8 
33424, 8, 8 
57019, 8, 8 
36681, 8, 8 
8645, 8, 8 
9847, 8, 8 
8619, 8, 8 
20666, 8, 8 
29342, 8, 8 
6066, 8, 8 
58577, 9, 9 
31842, 9, 9 
33974, 9, 9 
27304, 9, 9 
1855, 9, 9 
24230, 9, 9 
37338, 9, 9 
49562, 9, 9 
45671, 9, 9 
56480, 9, 9 
54698, 9, 9 
176, 9, 9 
28808, 9, 9 
19567, 9, 9 
35292, 9, 9 
35556, 9, 9 
25478, 9, 9 
8555, 9, 9 
12202, 9, 9 
38426, 9, 9 
21193, 9, 9 
20830, 9, 9 
33944, 9, 9 
19412, 9, 9 
28582, 9, 9 
42628, 9, 9 
5746, 9, 9 
19146, 9, 9 
1748, 9, 9 
37534, 9, 9 
20920, 9, 9 
18377, 9, 9 
50145, 9, 9 
26870, 9, 9 
16704, 9, 9 
22540, 9, 9 
36369, 9, 9 
48130, 9, 9 
29973, 9, 9 
52117, 9, 9 
29346, 9, 9 
13898, 9, 9 
17958, 9, 9 
29846, 9, 9 
34920, 9, 9 
10070, 9, 9 
36186, 9, 9 
6842, 9, 9 
43478, 9, 9 
36507, 9, 9 
4627, 9, 9 
18153, 9, 9 
55375, 9, 9 
36666, 9, 9 
17707, 9, 9 
31161, 9, 9 
52372, 9, 9 
58967, 9, 9 
26400, 9, 9 
7118, 9, 9 
47403, 9, 9 
641, 9, 9 
25528, 9, 9 
20360, 9, 9 
33682, 9, 9 
9731, 9, 9 
3090, 9, 9 
40631, 9, 9 
36029, 9, 9 
14493, 9, 9 
42738, 9, 9 
38030, 9, 9 
37060, 9, 9 
12515, 9, 9 
51192, 9, 9 
28129, 9, 9 
8358, 9, 9 
18251, 9, 9 
19359, 9, 9 
50686, 9, 9 
57681, 9, 9 
56271, 9, 9 
17234, 9, 9 
52595, 9, 9 
31841, 9, 9 
30698, 9, 9 
29305, 9, 9 
29956, 9, 9 
42870, 9, 9 
48618, 9, 9 
11465, 9, 9 
27107, 9, 9 
33252, 9, 9 
33907, 9, 9 
34942, 9, 9 
57674, 9, 9 
33255, 9, 9 
25625, 9, 9 
7811, 9, 9 
17323, 9, 9 
15592, 9, 9 
48816, 9, 9 
49871, 9, 9 
24071, 9, 9 
15607, 9, 9 
46032, 9, 9 
59344, 9, 9 
41855, 9, 9 
2434, 9, 9 
12903, 9, 9 
59594, 9, 9 
14151, 9, 9 
56443, 9, 9 
4368, 9, 9 
56906, 9, 9 
44022, 9, 9 
10955, 9, 9 
6993, 9, 9 
29824, 9, 9 
10860, 9, 9 
12669, 9, 9 
54743, 9, 9 
44855, 9, 9 
9673, 9, 9 
34688, 9, 9 
54050, 9, 9 
7430, 9, 9 
54955, 9, 9 
33358, 9, 9 
10621, 9, 9 
44982, 9, 9 
1743, 9, 9 
39613, 9, 9 
27016, 9, 9 
11628, 9, 9 
44600, 9, 9 
16488, 9, 9 
35368, 9, 9 
33990, 9, 9 
19120, 9, 9 
41403, 9, 9 
793, 9, 9 
50854, 9, 9 
36249, 9, 9 
36906, 9, 9 
24741, 9, 9 
21997, 9, 9 
7023, 9, 9 
23771, 9, 9 
4824, 9, 9 
56062, 9, 9 
9630, 9, 9 
12562, 9, 9 
1674, 9, 9 
15562, 9, 9 
34818, 9, 9 
29802, 9, 9 
5607, 9, 9 
52635, 9, 9 
31809, 9, 9 
26844, 9, 9 
39822, 9, 9 
45431, 9, 9 
14249, 9, 9 
49656, 9, 9 
31818, 9, 9 
4771, 9, 9 
33625, 9, 9 
16413, 9, 9 
56323, 9, 9 
48888, 9, 9 
48758, 9, 9 
34608, 9, 9 
57759, 9, 9 
48750, 9, 9 
47120, 9, 9 
23863, 9, 9 
54575, 9, 9 
3745, 9, 9 
38230, 9, 9 
29180, 9, 9 
53202, 9, 9 
13646, 9, 9 
5765, 9, 9 
42728, 9, 9 
39576, 9, 9 
40943, 9, 9 
50710, 9, 9 
38279, 9, 9 
24185, 9, 9 
11992, 9, 9 
34769, 9, 9 
35239, 9, 9 
18241, 9, 9 
6156, 9, 9 
6042, 9, 9 
56466, 9, 9 
55563, 9, 9 
48616, 9, 9 
58699, 9, 9 
22485, 9, 9 
29397, 9, 9 
28195, 9, 9 
23624, 9, 9 
28383, 9, 9 
43499, 9, 9 
41942, 9, 9 
31088, 9, 9 
37654, 9, 9 
18668, 9, 9 
4547, 9, 9 
50787, 9, 9 
51647, 9, 9 
36201, 9, 9 
33744, 9, 9 
34458, 9, 9 
39532, 9, 9 
49956, 9, 9 
20330, 9, 9 
7241, 9, 9 
32429, 9, 9 
18441, 9, 9 
18106, 9, 9 
56212, 9, 9 
14407, 9, 9 
34603, 9, 9 
2579, 9, 9 
3104, 9, 9 
49549, 9, 9 
6272, 9, 9 
29281, 9, 9 
27909, 9, 9 
4606, 9, 9 
33860, 9, 9 
34797, 9, 9 
44107, 9, 9 
38999, 9, 9 
12535, 9, 9 
4127, 9, 9 
2351, 9, 9 
11225, 9, 9 
13096, 9, 9 
48597, 9, 9 
49226, 9, 9 
15899, 9, 9 
40634, 9, 9 
3696, 9, 9 
44097, 9, 9 
58385, 9, 9 
41070, 9, 9 
3544, 9, 9 
27519, 9, 9 
26795, 9, 9 
22948, 9, 9 
42512, 9, 9 
28260, 9, 9 
51985, 9, 9 
15944, 9, 9 
26282, 9, 9 
25655, 9, 9 
17698, 9, 9 
25699, 9, 9 
32972, 9, 9 
38899, 9, 9 
30838, 9, 9 
7474, 9, 9 
32983, 9, 9 
22890, 9, 9 
27725, 9, 9 
32152, 9, 9 
17793, 9, 9 
45465, 9, 9 
4895, 9, 9 
17644, 9, 9 
25965, 9, 9 
27391, 9, 9 
3169, 9, 9 
23128, 9, 9 
19, 9, 9 
40809, 9, 9 
20519, 9, 9 
9357, 9, 9 
53868, 9, 9 
7690, 9, 9 
14082, 9, 9 
33531, 9, 9 
44946, 9, 9 
55295, 9, 9 
59604, 9, 9 
6383, 9, 9 
51140, 9, 9 
30205, 9, 9 
7478, 9, 9 
887, 9, 9 
38353, 9, 9 
195, 9, 9 
19729, 9, 9 
34347, 9, 9 
9896, 9, 9 
28665, 9, 9 
20254, 9, 9 
6460, 9, 9 
4124, 9, 9 
13194, 9, 9 
50204, 9, 9 
31593, 9, 9 
55097, 9, 9 
32249, 9, 9 
30836, 9, 9 
39974, 9, 9 
8315, 9, 9 
20667, 9, 9 
864, 9, 9 
42106, 9, 9 
14289, 9, 9 
39732, 9, 9 
24057, 9, 9 
43992, 9, 9 
11536, 9, 9 
39733, 9, 9 
32891, 9, 9 
1826, 9, 9 
25909, 9, 9 
39750, 9, 9 
11366, 9, 9 
39174, 9, 9 
29369, 9, 9 
15112, 9, 9 
55114, 9, 9 
15755, 9, 9 
36550, 9, 9 
11452, 9, 9 
13996, 9, 9 
55636, 9, 9 
10867, 9, 9 
59194, 9, 9 
19140, 9, 9 
18382, 9, 9 
36922, 9, 9 
27007, 9, 9 
2312, 9, 9 
39549, 9, 9 
22804, 9, 9 
10381, 9, 9 
6969, 9, 9 
59205, 9, 9 
13791, 9, 9 
23989, 9, 9 
38048, 9, 9 
16341, 9, 9 
36720, 9, 9 
27993, 9, 9 
44824, 9, 9 
57259, 9, 9 
48589, 9, 9 
41768, 9, 9 
11442, 9, 9 
13063, 9, 9 
33422, 9, 9 
44234, 9, 9 
3786, 9, 9 
14827, 9, 9 
8721, 9, 9 
28113, 9, 9 
3566, 9, 9 
56135, 9, 9 
39286, 9, 9 
12432, 9, 9 
43094, 9, 9 
36757, 9, 9 
53964, 9, 9 
39428, 9, 9 
14579, 9, 9 
40584, 9, 9 
28754, 9, 9 
38154, 9, 9 
58828, 9, 9 
5341, 9, 9 
19667, 9, 9 
5386, 9, 9 
5806, 9, 9 
48384, 9, 9 
16827, 9, 9 
13456, 9, 9 
9119, 9, 9 
42298, 9, 9 
13049, 9, 9 
13945, 9, 9 
30782, 9, 9 
18355, 9, 9 
13111, 9, 9 
49988, 9, 9 
40235, 9, 9 
53324, 9, 9 
56708, 9, 9 
41483, 9, 9 
21213, 9, 9 
21344, 9, 9 
35524, 9, 9 
16117, 9, 9 
12069, 9, 9 
22782, 9, 9 
7667, 9, 9 
5874, 9, 9 
51512, 9, 9 
18677, 9, 9 
49335, 9, 9 
37283, 9, 9 
50851, 9, 9 
54793, 9, 9 
32749, 9, 9 
334, 9, 9 
52814, 9, 9 
57281, 9, 9 
31225, 9, 9 
52230, 9, 9 
4085, 9, 9 
80, 9, 8 
36360, 9, 9 
58294, 9, 9 
46179, 9, 9 
9613, 9, 9 
49442, 9, 9 
5979, 9, 9 
15326, 9, 9 
20734, 9, 9 
29978, 9, 9 
38600, 9, 9 
48257, 9, 9 
22505, 9, 9 
16734, 9, 9 
18669, 9, 9 
50522, 9, 8 
25905, 9, 9 
12914, 9, 9 
57699, 9, 9 
32713, 9, 9 
27615, 9, 9 
11246, 9, 9 
5017, 9, 9 
1962, 9, 9 
57309, 9, 9 
42642, 9, 9 
19515, 9, 9 
20792, 9, 9 
6634, 9, 9 
49854, 9, 9 
23217, 9, 9 
31786, 9, 9 
10449, 9, 9 
24553, 9, 9 
15741, 9, 9 
14950, 9, 9 
44948, 9, 9 
33144, 9, 9 
26682, 9, 9 
13173, 9, 9 
19597, 9, 9 
45244, 9, 9 
56684, 9, 9 
34300, 9, 9 
54984, 9, 9 
6765, 9, 9 
55370, 9, 9 
33746, 9, 9 
7949, 9, 9 
47637, 9, 9 
31480, 9, 9 
8736, 9, 9 
5592, 9, 9 
23772, 9, 9 
27164, 9, 9 
17529, 9, 9 
45461, 9, 9 
39614, 9, 9 
59050, 9, 9 
49608, 9, 9 
20767, 9, 9 
18051, 9, 9 
37376, 9, 9 
18277, 9, 9 
35013, 9, 9 
7620, 9, 9 
29552, 9, 9 
31336, 9, 9 
14647, 9, 9 
17211, 9, 9 
8448, 9, 9 
45450, 9, 9 
41058, 9, 9 
15489, 9, 9 
30753, 9, 9 
45700, 9, 9 
28445, 9, 9 
20054, 9, 9 
13530, 9, 9 
13116, 9, 9 
33599, 9, 9 
49388, 9, 9 
21158, 9, 9 
