id, true label, predicted label 
50151, 0, 0 
14729, 0, 0 
15330, 0, 0 
44372, 0, 0 
9342, 0, 0 
51108, 0, 0 
13397, 0, 0 
6619, 0, 0 
1678, 0, 0 
34457, 0, 0 
53684, 0, 0 
10071, 0, 0 
33847, 0, 0 
40340, 0, 0 
4563, 0, 0 
45359, 0, 0 
24962, 0, 0 
5886, 0, 0 
21932, 0, 0 
15868, 0, 0 
38126, 0, 0 
1310, 0, 0 
6593, 0, 0 
48529, 0, 0 
45288, 0, 0 
4597, 0, 0 
46375, 0, 0 
38574, 0, 0 
8003, 0, 0 
24393, 0, 0 
59017, 0, 0 
21314, 0, 0 
50328, 0, 0 
18137, 0, 0 
47513, 0, 0 
48274, 0, 0 
10326, 0, 0 
11712, 0, 0 
44867, 0, 0 
57491, 0, 0 
6316, 0, 0 
58062, 0, 0 
9506, 0, 0 
20877, 0, 0 
7219, 0, 0 
49952, 0, 0 
6819, 0, 0 
50281, 0, 0 
13377, 0, 0 
42559, 0, 0 
3709, 0, 0 
44060, 0, 0 
5505, 0, 0 
44208, 0, 0 
52809, 0, 0 
31195, 0, 0 
1137, 0, 0 
59296, 0, 0 
37981, 0, 0 
435, 0, 0 
21273, 0, 0 
34502, 0, 0 
53257, 0, 0 
28423, 0, 0 
58765, 0, 0 
54833, 0, 0 
12193, 0, 0 
979, 0, 0 
4201, 0, 0 
58376, 0, 0 
59012, 0, 0 
59331, 0, 0 
53014, 0, 0 
5690, 0, 0 
57963, 0, 0 
46398, 0, 0 
5773, 0, 0 
35516, 0, 0 
43593, 0, 0 
19744, 0, 0 
16122, 0, 0 
47791, 0, 0 
40965, 0, 0 
58256, 0, 0 
56050, 0, 0 
34025, 0, 0 
48960, 0, 0 
24148, 0, 0 
55398, 0, 0 
14613, 0, 0 
32953, 0, 0 
18219, 0, 0 
54104, 0, 0 
32160, 0, 0 
56704, 0, 0 
44266, 0, 0 
18743, 0, 0 
53928, 0, 0 
11639, 0, 0 
53615, 0, 0 
52185, 0, 0 
25567, 0, 0 
48350, 0, 0 
53575, 0, 0 
58306, 0, 0 
56735, 0, 0 
9452, 0, 0 
12926, 0, 0 
59457, 0, 0 
21203, 0, 0 
42081, 0, 0 
49374, 0, 0 
29540, 0, 0 
31180, 0, 0 
11588, 0, 0 
30547, 0, 0 
52928, 0, 0 
38579, 0, 0 
54303, 0, 0 
50629, 0, 0 
33367, 0, 0 
34097, 0, 0 
25137, 0, 0 
8108, 0, 0 
47396, 0, 0 
10195, 0, 0 
23845, 0, 0 
56424, 0, 0 
6645, 0, 0 
53937, 0, 0 
54967, 0, 0 
19908, 0, 0 
35620, 0, 0 
52832, 0, 0 
23504, 0, 0 
5615, 0, 0 
42448, 0, 0 
41041, 0, 0 
7728, 0, 0 
5809, 0, 0 
29311, 0, 0 
4220, 0, 0 
5730, 0, 0 
29713, 0, 0 
31943, 0, 0 
28973, 0, 0 
56512, 0, 0 
12748, 0, 0 
17122, 0, 0 
34, 0, 0 
52021, 0, 0 
20929, 0, 0 
48677, 0, 0 
5808, 0, 0 
24698, 0, 0 
44045, 0, 0 
17133, 0, 0 
23032, 0, 0 
56248, 0, 0 
27305, 0, 0 
32708, 0, 0 
26258, 0, 0 
37415, 0, 0 
38404, 0, 0 
34555, 0, 0 
56949, 0, 0 
54459, 0, 0 
51059, 0, 0 
59869, 0, 0 
11584, 0, 0 
12144, 0, 0 
2404, 0, 0 
56940, 0, 0 
36022, 0, 0 
19899, 0, 0 
5048, 0, 0 
818, 0, 0 
5007, 0, 0 
53243, 0, 0 
45418, 0, 0 
20141, 0, 0 
47479, 0, 0 
42488, 0, 0 
44560, 0, 0 
3286, 0, 0 
10861, 0, 0 
55840, 0, 0 
11071, 0, 0 
28186, 0, 0 
15753, 0, 0 
49954, 0, 0 
46892, 0, 0 
2882, 0, 0 
1798, 0, 0 
33389, 0, 0 
55991, 0, 0 
38364, 0, 0 
11267, 0, 0 
39898, 0, 0 
50036, 0, 0 
25773, 0, 0 
51327, 0, 0 
41318, 0, 0 
9441, 0, 0 
36824, 0, 0 
2745, 0, 0 
16961, 0, 0 
57117, 0, 0 
42915, 0, 0 
22706, 0, 0 
49815, 0, 0 
47135, 0, 0 
4340, 0, 0 
40958, 0, 0 
57003, 0, 0 
32778, 0, 0 
31490, 0, 0 
31425, 0, 0 
15064, 0, 0 
38055, 0, 0 
20478, 0, 0 
1729, 0, 0 
8540, 0, 0 
46039, 0, 0 
48479, 0, 0 
39220, 0, 0 
52438, 0, 0 
35700, 0, 0 
14445, 0, 0 
2765, 0, 0 
14959, 0, 0 
40915, 0, 0 
52797, 0, 0 
34586, 0, 0 
19583, 0, 0 
58386, 0, 0 
19871, 0, 0 
12500, 0, 0 
31769, 0, 0 
3269, 0, 0 
29414, 0, 0 
47835, 0, 0 
44225, 0, 0 
26027, 0, 0 
40630, 0, 0 
58313, 0, 0 
9986, 0, 0 
3876, 0, 0 
22897, 0, 0 
16642, 0, 0 
21759, 0, 0 
13583, 0, 0 
35712, 0, 0 
12723, 0, 0 
9720, 0, 0 
2440, 0, 0 
25957, 0, 0 
58864, 0, 0 
10689, 0, 0 
31855, 0, 0 
23093, 0, 0 
19419, 0, 0 
48287, 0, 0 
17210, 0, 0 
2081, 0, 0 
15237, 0, 0 
46837, 0, 0 
8158, 0, 0 
18029, 0, 0 
9451, 0, 0 
12150, 0, 0 
52885, 0, 0 
12542, 0, 0 
56388, 0, 0 
50949, 0, 0 
18645, 0, 0 
40171, 0, 0 
26366, 0, 0 
42817, 0, 0 
32925, 0, 0 
4718, 0, 0 
30653, 0, 0 
46740, 0, 0 
1371, 0, 0 
40039, 0, 0 
29262, 0, 0 
34706, 0, 0 
27658, 0, 0 
59051, 0, 0 
26073, 0, 0 
44558, 0, 0 
53360, 0, 0 
57161, 0, 0 
17709, 0, 0 
54214, 0, 0 
9790, 0, 0 
6684, 0, 0 
1606, 0, 0 
48574, 0, 0 
5938, 0, 0 
53350, 0, 0 
6357, 0, 0 
24371, 0, 0 
52133, 0, 0 
3806, 0, 0 
33023, 0, 0 
55030, 0, 0 
13206, 0, 0 
59681, 0, 0 
15863, 0, 0 
46494, 0, 0 
24988, 0, 0 
11304, 0, 0 
29564, 0, 0 
11379, 0, 0 
14564, 0, 0 
30300, 0, 0 
58694, 0, 0 
32461, 0, 0 
9322, 0, 0 
6847, 0, 0 
34634, 0, 0 
21, 0, 0 
37047, 0, 0 
34773, 0, 0 
59972, 0, 0 
38054, 0, 0 
27637, 0, 0 
45042, 0, 0 
52934, 0, 0 
47205, 0, 0 
45402, 0, 0 
1769, 0, 0 
58523, 0, 0 
30455, 0, 0 
29541, 0, 0 
41620, 0, 0 
10844, 0, 0 
51889, 0, 0 
38749, 0, 0 
30668, 0, 0 
21191, 0, 0 
39504, 0, 0 
13889, 0, 0 
33665, 0, 0 
13175, 0, 0 
9698, 0, 0 
41877, 0, 0 
53407, 0, 0 
9456, 0, 0 
3396, 0, 0 
59510, 0, 0 
30706, 0, 0 
46339, 0, 0 
4106, 0, 0 
24645, 0, 0 
28772, 0, 0 
46962, 0, 0 
28328, 0, 0 
32746, 0, 0 
18991, 0, 0 
11746, 0, 0 
57601, 0, 0 
54004, 0, 0 
55911, 0, 0 
57091, 0, 0 
36269, 0, 0 
44578, 0, 0 
51186, 0, 0 
38722, 0, 0 
27394, 0, 0 
14412, 0, 0 
1626, 0, 0 
52799, 0, 0 
16777, 0, 0 
36084, 0, 0 
9552, 0, 0 
36741, 0, 0 
16428, 0, 0 
13544, 0, 0 
37739, 0, 0 
32564, 0, 0 
50930, 0, 0 
53344, 0, 0 
17314, 0, 0 
58879, 0, 0 
35473, 0, 0 
52313, 0, 0 
50407, 0, 0 
40414, 0, 0 
41357, 0, 0 
46975, 0, 0 
6227, 0, 0 
51415, 0, 0 
21260, 0, 0 
51797, 0, 0 
21354, 0, 0 
28540, 0, 0 
51019, 0, 0 
58461, 0, 0 
34977, 0, 0 
35409, 0, 0 
33703, 0, 0 
32605, 0, 0 
5266, 0, 0 
44788, 0, 0 
13545, 0, 0 
39326, 0, 0 
6103, 0, 0 
42552, 0, 0 
59730, 0, 0 
57705, 0, 0 
47820, 0, 0 
22646, 0, 0 
16928, 0, 0 
13911, 0, 0 
40612, 0, 0 
42342, 0, 0 
13830, 0, 0 
54873, 0, 0 
22159, 0, 0 
47470, 0, 0 
18124, 0, 0 
37678, 0, 0 
19117, 0, 0 
19369, 0, 0 
3443, 0, 0 
56454, 0, 0 
37837, 0, 0 
1600, 0, 0 
9056, 0, 0 
50774, 0, 0 
56, 0, 0 
4852, 0, 0 
216, 0, 0 
30097, 0, 0 
59272, 0, 0 
38746, 0, 0 
15407, 0, 0 
33501, 0, 0 
50539, 0, 0 
37844, 0, 0 
25461, 0, 0 
23579, 0, 0 
13217, 0, 0 
59987, 0, 0 
58649, 0, 0 
51685, 0, 0 
10469, 0, 0 
30709, 0, 0 
31497, 0, 0 
41056, 0, 0 
45354, 0, 0 
26713, 0, 0 
35923, 0, 0 
22987, 0, 0 
24755, 0, 0 
34355, 0, 0 
58532, 0, 0 
57364, 0, 0 
35740, 0, 0 
43020, 0, 0 
35972, 0, 0 
13921, 0, 0 
30790, 0, 0 
27094, 0, 0 
55785, 0, 0 
59859, 0, 0 
51235, 0, 0 
40199, 0, 0 
17770, 0, 0 
15770, 0, 0 
18725, 0, 0 
31321, 0, 0 
4624, 0, 0 
8343, 0, 0 
29677, 0, 0 
28076, 0, 0 
26184, 0, 0 
37656, 0, 0 
9934, 0, 0 
38614, 0, 0 
58584, 0, 0 
46772, 0, 0 
33327, 0, 0 
41770, 0, 0 
36241, 0, 0 
35282, 0, 0 
18263, 0, 0 
12732, 0, 0 
7875, 0, 0 
39224, 0, 0 
36116, 0, 0 
42153, 0, 0 
12554, 0, 0 
44335, 0, 0 
40850, 0, 0 
31683, 0, 0 
48459, 0, 0 
52508, 0, 0 
28743, 1, 1 
50225, 1, 1 
16742, 1, 1 
23889, 1, 1 
19440, 1, 1 
31908, 1, 1 
23097, 1, 1 
4790, 1, 1 
36558, 1, 1 
19640, 1, 1 
14345, 1, 1 
51390, 1, 1 
48112, 1, 1 
45167, 1, 1 
15885, 1, 1 
12212, 1, 1 
13390, 1, 1 
42740, 1, 1 
58266, 1, 1 
18659, 1, 1 
17637, 1, 1 
31487, 1, 1 
23030, 1, 1 
41031, 1, 1 
28738, 1, 1 
38769, 1, 1 
54614, 1, 1 
54664, 1, 1 
50993, 1, 1 
24208, 1, 1 
19991, 1, 1 
29285, 1, 1 
31771, 1, 1 
50632, 1, 1 
31264, 1, 1 
40101, 1, 1 
51432, 1, 1 
1003, 1, 1 
56584, 1, 1 
27531, 1, 1 
41333, 1, 1 
46178, 1, 1 
1627, 1, 1 
39173, 1, 1 
21699, 1, 1 
56750, 1, 1 
27590, 1, 1 
21376, 1, 1 
40864, 1, 1 
58767, 1, 1 
16441, 1, 1 
33600, 1, 1 
32440, 1, 1 
48517, 1, 1 
53058, 1, 1 
23219, 1, 1 
58763, 1, 1 
10537, 1, 1 
44493, 1, 1 
31250, 1, 1 
2692, 1, 1 
38303, 1, 1 
6565, 1, 1 
22475, 1, 1 
39485, 1, 1 
19968, 1, 1 
30920, 1, 1 
201, 1, 1 
37154, 1, 1 
57305, 1, 1 
58557, 1, 1 
8080, 1, 1 
57046, 1, 1 
19768, 1, 1 
871, 1, 1 
31366, 1, 1 
21942, 1, 1 
43764, 1, 1 
3546, 1, 1 
31282, 1, 1 
35774, 1, 1 
7160, 1, 1 
41518, 1, 1 
57310, 1, 1 
12512, 1, 1 
44966, 1, 1 
15002, 1, 1 
40315, 1, 1 
26514, 1, 1 
12459, 1, 1 
25052, 1, 1 
12132, 1, 1 
12314, 1, 1 
24617, 1, 1 
55716, 1, 1 
31134, 1, 1 
27262, 1, 1 
44627, 1, 1 
47993, 1, 1 
15555, 1, 1 
8332, 1, 1 
40918, 1, 1 
49521, 1, 1 
13974, 1, 1 
2977, 1, 1 
14312, 1, 1 
7656, 1, 1 
16779, 1, 1 
16218, 1, 1 
57460, 1, 1 
765, 1, 1 
24083, 1, 1 
27020, 1, 1 
26617, 1, 1 
45961, 1, 1 
34162, 1, 1 
52569, 1, 1 
25696, 1, 1 
16950, 1, 1 
6408, 1, 1 
49357, 1, 1 
46809, 1, 1 
51188, 1, 1 
102, 1, 1 
57436, 1, 1 
25970, 1, 1 
2301, 1, 1 
22419, 1, 1 
6568, 1, 1 
53904, 1, 1 
44648, 1, 1 
35596, 1, 1 
11214, 1, 1 
56575, 1, 1 
32133, 1, 1 
22135, 1, 1 
47108, 1, 1 
50550, 1, 1 
30200, 1, 1 
12930, 1, 1 
38482, 1, 1 
15921, 1, 1 
6951, 1, 1 
3714, 1, 1 
38039, 1, 1 
9942, 1, 1 
1450, 1, 1 
55587, 1, 1 
39232, 1, 1 
27871, 1, 1 
2876, 1, 1 
42967, 1, 1 
26133, 1, 1 
30486, 1, 1 
49210, 1, 1 
40, 1, 1 
36924, 1, 1 
45451, 1, 1 
32449, 1, 1 
49667, 1, 1 
43951, 1, 1 
4924, 1, 1 
1192, 1, 1 
2594, 1, 1 
556, 1, 1 
44031, 1, 1 
30564, 1, 1 
45433, 1, 1 
20393, 1, 1 
14575, 1, 1 
55786, 1, 1 
34383, 1, 1 
7572, 1, 1 
20163, 1, 1 
44569, 1, 1 
48395, 1, 1 
9734, 1, 1 
51136, 1, 1 
42113, 1, 1 
51781, 1, 1 
52906, 1, 1 
54752, 1, 1 
36649, 1, 1 
37565, 1, 1 
15523, 1, 1 
54123, 1, 1 
1259, 1, 1 
46254, 1, 1 
53761, 1, 1 
43033, 1, 1 
53304, 1, 1 
23404, 1, 1 
37461, 1, 1 
15989, 1, 1 
2619, 1, 1 
52872, 1, 1 
56910, 1, 1 
24405, 1, 1 
25600, 1, 1 
21687, 1, 1 
15608, 1, 1 
59041, 1, 1 
26376, 1, 1 
7789, 1, 1 
58576, 1, 1 
3729, 1, 1 
5814, 1, 1 
29544, 1, 1 
11082, 1, 1 
38487, 1, 1 
33467, 1, 1 
52849, 1, 1 
24122, 1, 1 
50120, 1, 1 
13700, 1, 1 
21964, 1, 1 
6488, 1, 1 
8806, 1, 1 
42171, 1, 1 
37513, 1, 1 
833, 1, 1 
5570, 1, 1 
17711, 1, 1 
10027, 1, 1 
58926, 1, 1 
31048, 1, 1 
128, 1, 1 
31529, 1, 1 
22914, 1, 1 
5051, 1, 1 
42584, 1, 1 
10220, 1, 1 
9292, 1, 1 
47960, 1, 1 
25540, 1, 1 
34513, 1, 1 
18360, 1, 1 
46496, 1, 1 
25027, 1, 1 
40147, 1, 1 
23954, 1, 1 
57979, 1, 1 
12141, 1, 1 
19176, 1, 1 
34681, 1, 1 
55596, 1, 1 
8255, 1, 1 
52627, 1, 1 
49326, 1, 1 
46542, 1, 1 
33924, 1, 1 
58230, 1, 1 
49899, 1, 1 
44682, 1, 1 
57715, 1, 1 
26939, 1, 1 
43017, 1, 1 
15152, 1, 1 
34033, 1, 1 
2432, 1, 1 
29807, 1, 1 
35399, 1, 1 
2307, 1, 1 
47638, 1, 1 
53518, 1, 1 
290, 1, 1 
29396, 1, 1 
40294, 1, 1 
56688, 1, 1 
43339, 1, 1 
33108, 1, 1 
26205, 1, 1 
35116, 1, 1 
42460, 1, 1 
33259, 1, 1 
29883, 1, 1 
27034, 1, 1 
24135, 1, 1 
17351, 1, 1 
34412, 1, 1 
37843, 1, 1 
55080, 1, 1 
31280, 1, 1 
18493, 1, 1 
28979, 1, 1 
15561, 1, 1 
33266, 1, 1 
3478, 1, 1 
29143, 1, 1 
11308, 1, 1 
36451, 1, 1 
58189, 1, 1 
49787, 1, 1 
59036, 1, 1 
8348, 1, 1 
53587, 1, 1 
24678, 1, 1 
33369, 1, 1 
17750, 1, 1 
16110, 1, 1 
56333, 1, 1 
50788, 1, 1 
2823, 1, 1 
16636, 1, 1 
54773, 1, 1 
42630, 1, 1 
58580, 1, 1 
28069, 1, 1 
8610, 1, 1 
26174, 1, 1 
4865, 1, 1 
28056, 1, 1 
39441, 1, 1 
959, 1, 1 
27028, 1, 1 
35661, 1, 1 
5058, 1, 1 
56668, 1, 1 
30007, 1, 1 
19955, 1, 1 
42039, 1, 1 
18940, 1, 1 
48131, 1, 1 
44327, 1, 1 
49362, 1, 1 
27885, 1, 1 
4492, 1, 1 
2008, 1, 1 
35698, 1, 1 
34483, 1, 1 
1716, 1, 1 
55621, 1, 1 
24924, 1, 1 
50094, 1, 1 
22093, 1, 1 
51305, 1, 1 
26960, 1, 1 
18035, 1, 1 
25227, 1, 1 
36608, 1, 1 
13950, 1, 1 
17209, 1, 1 
24737, 1, 1 
49113, 1, 1 
16991, 1, 1 
8382, 1, 1 
13297, 1, 1 
52002, 1, 1 
14354, 1, 1 
42288, 1, 1 
22489, 1, 1 
30104, 1, 1 
12532, 1, 1 
31420, 1, 1 
36045, 1, 1 
34613, 1, 1 
12113, 1, 1 
25704, 1, 1 
49265, 1, 1 
45677, 1, 1 
1463, 1, 1 
38432, 1, 1 
50667, 1, 1 
19782, 1, 1 
17286, 1, 1 
40537, 1, 1 
38235, 1, 1 
53135, 1, 1 
32986, 1, 1 
20887, 1, 1 
6554, 1, 1 
31689, 1, 1 
9315, 1, 1 
59207, 1, 1 
48079, 1, 1 
29957, 1, 1 
39444, 1, 1 
28322, 1, 1 
6183, 1, 1 
53823, 1, 1 
4186, 1, 1 
5425, 1, 1 
42179, 1, 1 
57749, 1, 1 
44277, 1, 1 
13590, 1, 1 
22427, 1, 1 
53018, 1, 1 
31762, 1, 1 
28035, 1, 1 
18692, 1, 1 
1879, 1, 1 
7996, 1, 1 
58773, 1, 1 
25354, 1, 1 
55173, 1, 1 
34038, 1, 1 
40615, 1, 1 
34166, 1, 1 
4933, 1, 1 
54103, 1, 1 
45037, 1, 1 
30556, 1, 1 
3380, 1, 1 
1521, 1, 1 
22502, 1, 1 
17505, 1, 1 
42786, 1, 1 
47735, 1, 1 
55870, 1, 1 
50600, 1, 1 
59460, 1, 1 
57931, 1, 1 
17875, 1, 1 
3070, 1, 1 
11676, 1, 1 
33965, 1, 1 
43616, 1, 1 
11622, 1, 1 
32129, 1, 1 
38163, 1, 1 
34869, 1, 1 
41525, 1, 1 
17429, 1, 1 
43704, 1, 1 
48261, 1, 1 
4193, 1, 1 
33176, 1, 1 
8891, 1, 1 
7609, 1, 1 
11883, 1, 1 
15633, 1, 1 
27276, 1, 1 
11765, 1, 1 
36786, 1, 1 
23892, 1, 1 
20848, 1, 1 
4248, 1, 1 
49042, 1, 1 
47985, 1, 1 
25443, 1, 1 
22512, 1, 1 
24168, 1, 1 
2918, 1, 1 
4976, 1, 1 
58913, 1, 1 
53087, 1, 1 
11445, 1, 1 
39541, 1, 1 
26401, 1, 1 
52342, 1, 1 
7324, 1, 1 
18179, 1, 1 
34884, 1, 1 
25352, 1, 1 
961, 1, 1 
16835, 1, 1 
19917, 1, 1 
47141, 1, 1 
37196, 1, 1 
56965, 1, 1 
57203, 1, 1 
28110, 1, 1 
4012, 1, 1 
40973, 1, 1 
27619, 1, 1 
4467, 1, 1 
58662, 1, 1 
9221, 1, 1 
52075, 1, 1 
5756, 1, 1 
58123, 1, 1 
23240, 1, 1 
22303, 1, 1 
7221, 1, 1 
28439, 1, 1 
32231, 1, 1 
22538, 1, 1 
53162, 1, 1 
9378, 1, 1 
58677, 1, 1 
42881, 1, 1 
47004, 1, 1 
46840, 1, 1 
15428, 1, 1 
17618, 1, 1 
6165, 1, 1 
40725, 1, 1 
1181, 1, 1 
7149, 1, 1 
50350, 1, 1 
16565, 1, 1 
7317, 1, 1 
2717, 1, 1 
26604, 1, 1 
31887, 1, 1 
53468, 1, 1 
56089, 1, 1 
5375, 1, 1 
16907, 1, 1 
47557, 2, 2 
23610, 2, 2 
27347, 2, 2 
39545, 2, 2 
56215, 2, 2 
16281, 2, 2 
18943, 2, 2 
44549, 2, 2 
56083, 2, 2 
54350, 2, 2 
12517, 2, 2 
59152, 2, 2 
30884, 2, 2 
5744, 2, 2 
27384, 2, 2 
28218, 2, 2 
6270, 2, 2 
48279, 2, 2 
49993, 2, 2 
40853, 2, 2 
21197, 2, 2 
43794, 2, 2 
45825, 2, 2 
9604, 2, 2 
42474, 2, 2 
28050, 2, 2 
31221, 2, 2 
10016, 2, 2 
46760, 2, 2 
57245, 2, 2 
39507, 2, 2 
50368, 2, 2 
58000, 2, 2 
17070, 2, 2 
35315, 2, 2 
37172, 2, 2 
17339, 2, 2 
36593, 2, 2 
42686, 2, 2 
19373, 2, 2 
29025, 2, 2 
34558, 2, 2 
53089, 2, 2 
2314, 2, 2 
26468, 2, 2 
13761, 2, 2 
23894, 2, 2 
47228, 2, 2 
52851, 2, 2 
56104, 2, 2 
54676, 2, 2 
30976, 2, 2 
15272, 2, 2 
24972, 2, 2 
35111, 2, 2 
8342, 2, 2 
30690, 2, 2 
9231, 2, 2 
45387, 2, 2 
21254, 2, 2 
1662, 2, 2 
44797, 2, 2 
7408, 2, 2 
2125, 2, 2 
55352, 2, 2 
844, 2, 2 
7933, 2, 2 
26540, 2, 2 
12385, 2, 2 
21504, 2, 2 
16361, 2, 2 
44784, 2, 2 
57654, 2, 2 
45028, 2, 2 
39772, 2, 2 
45462, 2, 2 
7375, 2, 2 
54834, 2, 1 
47973, 2, 2 
45484, 2, 2 
21135, 2, 2 
23028, 2, 2 
27753, 2, 2 
41335, 2, 2 
10411, 2, 2 
31467, 2, 2 
54277, 2, 2 
8993, 2, 2 
11841, 2, 2 
7476, 2, 2 
10945, 2, 2 
448, 2, 2 
27810, 2, 2 
22278, 2, 2 
49776, 2, 2 
30640, 2, 2 
31047, 2, 2 
7695, 2, 2 
44710, 2, 2 
46977, 2, 2 
54052, 2, 2 
46678, 2, 2 
3486, 2, 2 
2641, 2, 2 
26329, 2, 2 
44612, 2, 2 
21251, 2, 2 
39145, 2, 2 
8952, 2, 2 
10084, 2, 2 
28787, 2, 2 
2517, 2, 2 
48946, 2, 2 
52153, 2, 2 
22112, 2, 2 
6515, 2, 2 
57799, 2, 2 
42310, 2, 2 
22056, 2, 2 
47565, 2, 2 
53921, 2, 2 
21880, 2, 2 
48401, 2, 2 
48598, 2, 2 
34432, 2, 2 
24360, 2, 2 
26635, 2, 2 
24390, 2, 2 
3536, 2, 2 
2783, 2, 2 
22579, 2, 2 
8202, 2, 2 
29893, 2, 2 
35031, 2, 2 
6974, 2, 2 
40747, 2, 2 
8878, 2, 2 
26434, 2, 2 
16744, 2, 2 
53862, 2, 2 
55808, 2, 2 
22807, 2, 2 
30561, 2, 2 
53377, 2, 2 
36081, 2, 2 
13919, 2, 2 
1573, 2, 2 
45763, 2, 2 
39170, 2, 2 
21857, 2, 2 
49911, 2, 2 
51808, 2, 2 
9572, 2, 2 
8552, 2, 2 
15153, 2, 2 
47270, 2, 2 
56513, 2, 2 
17212, 2, 2 
39726, 2, 2 
20850, 2, 2 
43220, 2, 2 
5318, 2, 2 
31373, 2, 2 
31338, 2, 2 
21274, 2, 2 
41082, 2, 2 
29967, 2, 2 
27869, 2, 2 
6780, 2, 2 
31508, 2, 2 
22414, 2, 2 
59076, 2, 2 
49580, 2, 2 
42188, 2, 2 
14024, 2, 2 
15537, 2, 2 
30365, 2, 2 
12718, 2, 2 
36858, 2, 2 
58114, 2, 2 
41878, 2, 2 
21174, 2, 2 
54837, 2, 2 
5529, 2, 2 
58638, 2, 2 
29734, 2, 2 
58126, 2, 2 
8573, 2, 2 
50527, 2, 2 
39759, 2, 2 
50105, 2, 2 
35457, 2, 2 
58441, 2, 2 
53799, 2, 2 
34664, 2, 2 
38326, 2, 2 
30832, 2, 2 
52207, 2, 2 
53825, 2, 2 
714, 2, 2 
34789, 2, 2 
52109, 2, 2 
1188, 2, 2 
24229, 2, 2 
21453, 2, 2 
56298, 2, 2 
49409, 2, 2 
25780, 2, 2 
40095, 2, 2 
2322, 2, 2 
5722, 2, 2 
30569, 2, 2 
1755, 2, 2 
28560, 2, 2 
5659, 2, 2 
8374, 2, 2 
52335, 2, 2 
31933, 2, 2 
54090, 2, 2 
41936, 2, 2 
27229, 2, 2 
530, 2, 2 
14484, 2, 2 
22442, 2, 2 
33085, 2, 2 
45792, 2, 2 
5297, 2, 2 
53790, 2, 2 
46044, 2, 2 
650, 2, 2 
43681, 2, 2 
52366, 2, 2 
53748, 2, 2 
46214, 2, 2 
40497, 2, 2 
9826, 2, 2 
56188, 2, 2 
11242, 2, 2 
57619, 2, 2 
38617, 2, 2 
9912, 2, 2 
4380, 2, 2 
53237, 2, 2 
6627, 2, 2 
17909, 2, 2 
9855, 2, 2 
55170, 2, 2 
45779, 2, 2 
58373, 2, 2 
8740, 2, 2 
52938, 2, 2 
45375, 2, 2 
25548, 2, 2 
41860, 2, 2 
37863, 2, 2 
16166, 2, 2 
12707, 2, 2 
18693, 2, 2 
52643, 2, 2 
34573, 2, 2 
39810, 2, 2 
24129, 2, 2 
29853, 2, 2 
18394, 2, 2 
16060, 2, 2 
18489, 2, 2 
33334, 2, 2 
46956, 2, 2 
41593, 2, 2 
5314, 2, 2 
10629, 2, 2 
42095, 2, 2 
49790, 2, 2 
24794, 2, 2 
39627, 2, 2 
43635, 2, 2 
28068, 2, 2 
55183, 2, 2 
54973, 2, 2 
42842, 2, 2 
3199, 2, 2 
19556, 2, 2 
38560, 2, 2 
9333, 2, 2 
8793, 2, 2 
13406, 2, 2 
22100, 2, 2 
15279, 2, 2 
5162, 2, 2 
13820, 2, 2 
53323, 2, 2 
30905, 2, 2 
29004, 2, 2 
10464, 2, 2 
53132, 2, 2 
53239, 2, 2 
57592, 2, 2 
40562, 2, 2 
23859, 2, 2 
29819, 2, 2 
15748, 2, 2 
30719, 2, 2 
2813, 2, 2 
2251, 2, 2 
27192, 2, 2 
9830, 2, 2 
56009, 2, 2 
33540, 2, 2 
29904, 2, 2 
39283, 2, 2 
34062, 2, 2 
14694, 2, 2 
46935, 2, 2 
38530, 2, 2 
20779, 2, 2 
26577, 2, 2 
10673, 2, 2 
37360, 2, 2 
37613, 2, 2 
43184, 2, 2 
30746, 2, 2 
36958, 2, 2 
28868, 2, 2 
7520, 2, 2 
14932, 2, 2 
52413, 2, 2 
59422, 2, 2 
6344, 2, 2 
38170, 2, 2 
57716, 2, 2 
39059, 2, 2 
17945, 2, 2 
32510, 2, 2 
13624, 2, 2 
32081, 2, 2 
16058, 2, 2 
18620, 2, 2 
37151, 2, 2 
3980, 2, 2 
8211, 2, 2 
48017, 2, 2 
49778, 2, 2 
16403, 2, 2 
33644, 2, 2 
17841, 2, 2 
42206, 2, 2 
47515, 2, 2 
37918, 2, 2 
14357, 2, 2 
49908, 2, 2 
52649, 2, 2 
29932, 2, 2 
33541, 2, 2 
58063, 2, 2 
35137, 2, 2 
28169, 2, 2 
6937, 2, 2 
34442, 2, 2 
53628, 2, 2 
47254, 2, 2 
32264, 2, 2 
48462, 2, 2 
9396, 2, 8 
50700, 2, 2 
40513, 2, 2 
13019, 2, 2 
54831, 2, 2 
5151, 2, 2 
13645, 2, 2 
42001, 2, 2 
15510, 2, 2 
3564, 2, 2 
15107, 2, 2 
42562, 2, 2 
40653, 2, 2 
57889, 2, 2 
23185, 2, 2 
26348, 2, 2 
1264, 2, 2 
45430, 2, 2 
50736, 2, 2 
24796, 2, 2 
47731, 2, 2 
55172, 2, 2 
54075, 2, 2 
36147, 2, 2 
56312, 2, 2 
13432, 2, 2 
1881, 2, 2 
31454, 2, 2 
33547, 2, 2 
6921, 2, 2 
2065, 2, 2 
2824, 2, 2 
50287, 2, 2 
46707, 2, 2 
17241, 2, 2 
53972, 2, 2 
20268, 2, 2 
8133, 2, 2 
10122, 2, 2 
30076, 2, 2 
10403, 2, 2 
17266, 2, 2 
40212, 2, 2 
25627, 2, 2 
26224, 2, 2 
9104, 2, 1 
53639, 2, 2 
3880, 2, 2 
7139, 2, 2 
29176, 2, 2 
26533, 2, 2 
4401, 2, 2 
48220, 2, 2 
58851, 2, 2 
29060, 2, 2 
28074, 2, 2 
17202, 2, 2 
50295, 2, 2 
30600, 2, 2 
50546, 2, 2 
31146, 2, 2 
40851, 2, 2 
26899, 2, 2 
46551, 2, 2 
22357, 2, 2 
55987, 2, 2 
55919, 2, 2 
12254, 2, 2 
24152, 2, 2 
30970, 2, 2 
14468, 2, 2 
31002, 2, 2 
51702, 2, 2 
11503, 2, 2 
20874, 2, 2 
37985, 2, 2 
35779, 2, 2 
50826, 2, 2 
23794, 2, 2 
55203, 2, 2 
39079, 2, 2 
4442, 2, 2 
807, 2, 2 
6377, 2, 2 
1894, 2, 2 
43486, 2, 2 
1711, 2, 2 
36450, 2, 2 
55069, 2, 2 
4187, 2, 2 
13585, 2, 2 
120, 2, 2 
43477, 2, 2 
56120, 2, 2 
36753, 2, 2 
24623, 2, 2 
30102, 2, 2 
24665, 2, 2 
35630, 2, 2 
4550, 2, 2 
12501, 2, 2 
43441, 2, 2 
57319, 2, 2 
16351, 2, 2 
3308, 2, 2 
2508, 2, 2 
44653, 2, 2 
9098, 2, 2 
54058, 2, 2 
6773, 2, 2 
50674, 2, 2 
6725, 2, 2 
49875, 2, 2 
48334, 2, 2 
42454, 2, 8 
20967, 2, 2 
24249, 2, 2 
49805, 2, 2 
18764, 2, 2 
6105, 2, 2 
4819, 2, 2 
30344, 2, 2 
45414, 2, 2 
1270, 2, 2 
54714, 2, 2 
20514, 2, 2 
27897, 2, 2 
8474, 2, 2 
30880, 2, 2 
400, 2, 2 
53963, 2, 2 
1374, 2, 2 
44823, 2, 2 
41292, 2, 2 
39002, 2, 2 
52224, 2, 2 
48178, 2, 2 
48887, 2, 8 
15216, 3, 3 
21966, 3, 3 
42534, 3, 3 
47587, 3, 3 
44580, 3, 3 
17715, 3, 3 
48482, 3, 3 
2463, 3, 3 
9107, 3, 3 
55726, 3, 3 
4403, 3, 3 
26625, 3, 3 
37703, 3, 3 
13824, 3, 3 
10520, 3, 3 
29304, 3, 3 
6309, 3, 8 
51038, 3, 3 
52994, 3, 3 
11958, 3, 3 
5717, 3, 3 
22002, 3, 3 
42445, 3, 3 
50369, 3, 3 
43494, 3, 3 
46674, 3, 3 
32685, 3, 3 
33786, 3, 3 
1778, 3, 3 
18225, 3, 3 
25880, 3, 3 
21660, 3, 3 
28344, 3, 3 
48642, 3, 3 
5432, 3, 3 
4511, 3, 3 
23547, 3, 3 
16620, 3, 3 
33854, 3, 3 
22011, 3, 3 
42669, 3, 3 
34805, 3, 3 
22675, 3, 3 
19866, 3, 3 
9053, 3, 3 
23144, 3, 3 
16764, 3, 3 
34967, 3, 3 
39820, 3, 3 
54436, 3, 3 
57886, 3, 3 
31098, 3, 3 
38283, 3, 3 
9916, 3, 3 
11010, 3, 3 
52059, 3, 3 
6827, 3, 3 
33146, 3, 3 
10953, 3, 3 
54534, 3, 3 
4154, 3, 3 
49826, 3, 3 
52966, 3, 3 
39885, 3, 3 
46379, 3, 3 
46465, 3, 3 
13676, 3, 3 
26084, 3, 3 
54339, 3, 3 
30915, 3, 3 
22460, 3, 3 
20051, 3, 3 
2128, 3, 3 
28653, 3, 3 
53570, 3, 3 
57336, 3, 3 
30760, 3, 3 
12183, 3, 3 
13929, 3, 3 
13496, 3, 3 
1883, 3, 3 
52661, 3, 3 
8709, 3, 3 
49585, 3, 3 
35801, 3, 3 
28757, 3, 3 
3740, 3, 3 
4595, 3, 3 
54603, 3, 3 
55301, 3, 3 
36149, 3, 3 
17000, 3, 3 
54020, 3, 3 
6711, 3, 3 
17038, 3, 3 
31469, 3, 3 
39061, 3, 3 
33986, 3, 3 
42938, 3, 3 
44349, 3, 3 
47749, 3, 3 
35744, 3, 3 
34536, 3, 3 
42526, 3, 3 
45217, 3, 3 
30431, 3, 3 
45468, 3, 3 
12709, 3, 3 
12148, 3, 3 
4512, 3, 3 
54849, 3, 3 
33722, 3, 3 
15031, 3, 3 
7765, 3, 3 
25331, 3, 3 
50688, 3, 3 
31722, 3, 3 
56006, 3, 3 
55035, 3, 3 
21866, 3, 3 
33655, 3, 3 
28580, 3, 3 
50975, 3, 3 
57734, 3, 3 
760, 3, 3 
59436, 3, 3 
54001, 3, 3 
30041, 3, 3 
34893, 3, 3 
49985, 3, 3 
235, 3, 3 
59471, 3, 3 
3320, 3, 3 
38892, 3, 3 
13134, 3, 3 
7058, 3, 3 
255, 3, 3 
27899, 3, 3 
36931, 3, 3 
50148, 3, 3 
19965, 3, 3 
59930, 3, 3 
34259, 3, 3 
37636, 3, 3 
26644, 3, 3 
13352, 3, 3 
21208, 3, 3 
58582, 3, 3 
6040, 3, 3 
25536, 3, 3 
13703, 3, 3 
32192, 3, 3 
23047, 3, 3 
41428, 3, 3 
59828, 3, 3 
30824, 3, 3 
24680, 3, 3 
59480, 3, 3 
27644, 3, 3 
486, 3, 3 
12211, 3, 3 
43065, 3, 3 
14636, 3, 3 
34190, 3, 3 
291, 3, 3 
8135, 3, 3 
56574, 3, 3 
54655, 3, 3 
37745, 3, 3 
34660, 3, 3 
31745, 3, 3 
24119, 3, 3 
24883, 3, 3 
135, 3, 3 
30251, 3, 3 
26526, 3, 3 
43659, 3, 3 
29671, 3, 3 
50834, 3, 3 
13026, 3, 3 
25032, 3, 3 
26403, 3, 3 
31032, 3, 3 
44519, 3, 3 
34622, 3, 3 
29791, 3, 3 
43012, 3, 3 
10093, 3, 3 
34396, 3, 3 
39761, 3, 3 
33875, 3, 3 
33729, 3, 3 
27718, 3, 3 
3969, 3, 3 
15052, 3, 3 
36946, 3, 3 
28820, 3, 3 
17280, 3, 3 
40550, 3, 3 
58077, 3, 3 
53609, 3, 3 
59760, 3, 3 
53107, 3, 3 
17731, 3, 3 
24066, 3, 3 
39907, 3, 3 
24356, 3, 3 
49678, 3, 3 
59383, 3, 3 
45759, 3, 3 
41225, 3, 3 
47939, 3, 3 
58163, 3, 3 
26781, 3, 3 
22835, 3, 3 
54983, 3, 3 
27132, 3, 3 
8039, 3, 3 
15872, 3, 3 
33444, 3, 3 
32171, 3, 3 
47195, 3, 3 
8773, 3, 3 
54174, 3, 3 
22014, 3, 3 
36515, 3, 3 
34815, 3, 3 
48930, 3, 3 
5270, 3, 3 
32476, 3, 3 
42355, 3, 3 
57264, 3, 3 
37927, 3, 3 
179, 3, 3 
45848, 3, 3 
51871, 3, 3 
54077, 3, 3 
36835, 3, 3 
13093, 3, 3 
6966, 3, 3 
38341, 3, 3 
20946, 3, 3 
33969, 3, 3 
52601, 3, 3 
58711, 3, 3 
16208, 3, 3 
9520, 3, 3 
27960, 3, 3 
34828, 3, 3 
28264, 3, 3 
7966, 3, 3 
3995, 3, 3 
3435, 3, 3 
49446, 3, 3 
23206, 3, 3 
24783, 3, 3 
26081, 3, 3 
31446, 3, 3 
18287, 3, 3 
2379, 3, 3 
42931, 3, 3 
41165, 3, 3 
27866, 3, 3 
1631, 3, 3 
13181, 3, 3 
11511, 3, 3 
29231, 3, 3 
19181, 3, 3 
31379, 3, 3 
181, 3, 3 
21877, 3, 3 
31735, 3, 3 
48662, 3, 3 
33817, 3, 3 
38485, 3, 3 
3812, 3, 3 
10775, 3, 3 
16193, 3, 3 
37626, 3, 3 
37266, 3, 3 
30062, 3, 3 
19348, 3, 3 
43031, 3, 3 
54535, 3, 3 
12901, 3, 3 
49081, 3, 3 
39770, 3, 3 
32931, 3, 3 
1603, 3, 3 
19092, 3, 3 
44969, 3, 3 
22721, 3, 3 
30740, 3, 3 
5770, 3, 3 
24575, 3, 3 
16091, 3, 3 
14810, 3, 3 
29765, 3, 3 
9400, 3, 3 
46834, 3, 3 
14297, 3, 3 
35195, 3, 3 
40502, 3, 3 
321, 3, 3 
37035, 3, 3 
1260, 3, 3 
5621, 3, 3 
9932, 3, 3 
45610, 3, 3 
37730, 3, 3 
18004, 3, 3 
37503, 3, 3 
27675, 3, 3 
30304, 3, 3 
2430, 3, 3 
52972, 3, 3 
49300, 3, 3 
35649, 3, 3 
8605, 3, 3 
1470, 3, 3 
53241, 3, 3 
25688, 3, 3 
48258, 3, 3 
53182, 3, 3 
28441, 3, 3 
48213, 3, 3 
47742, 3, 3 
25949, 3, 3 
27389, 3, 3 
38410, 3, 3 
4011, 3, 3 
20016, 3, 3 
34548, 3, 3 
41753, 3, 3 
27835, 3, 3 
20426, 3, 3 
53474, 3, 3 
16708, 3, 3 
24886, 3, 3 
51388, 3, 3 
22943, 3, 3 
57424, 3, 3 
32881, 3, 3 
3171, 3, 3 
45902, 3, 3 
39301, 3, 3 
45619, 3, 3 
57765, 3, 3 
4735, 3, 3 
10882, 3, 3 
27930, 3, 3 
51522, 3, 3 
4638, 3, 3 
54892, 3, 3 
25820, 3, 3 
27349, 3, 3 
57472, 3, 3 
21690, 3, 3 
157, 3, 3 
2011, 3, 3 
4584, 3, 3 
55432, 3, 3 
26724, 3, 3 
29383, 3, 3 
4966, 3, 3 
40805, 3, 3 
50481, 3, 3 
34721, 3, 3 
38238, 3, 3 
16693, 3, 3 
17569, 3, 3 
47280, 3, 3 
19821, 3, 3 
41010, 3, 3 
52891, 3, 3 
56585, 3, 3 
2200, 3, 3 
12225, 3, 3 
11037, 3, 3 
38223, 3, 3 
12527, 3, 3 
54739, 3, 3 
42088, 3, 3 
52022, 3, 3 
14223, 3, 3 
42477, 3, 3 
17753, 3, 3 
18155, 3, 3 
46563, 3, 3 
44051, 3, 3 
10155, 3, 3 
38116, 3, 3 
49763, 3, 3 
45822, 3, 3 
27480, 3, 3 
26548, 3, 3 
5148, 3, 3 
38593, 3, 3 
40574, 3, 3 
8195, 3, 3 
49670, 3, 3 
13202, 3, 3 
54343, 3, 3 
24142, 3, 3 
1941, 3, 3 
12044, 3, 3 
41624, 3, 3 
38927, 3, 3 
45151, 3, 3 
27741, 3, 3 
9466, 3, 3 
59070, 3, 3 
20500, 3, 3 
26013, 3, 3 
207, 3, 3 
17208, 3, 3 
16492, 3, 3 
51799, 3, 3 
16755, 3, 3 
23556, 3, 3 
44468, 3, 3 
10493, 3, 3 
52038, 3, 3 
42117, 3, 3 
50312, 3, 3 
27467, 3, 3 
6298, 3, 3 
49810, 3, 3 
30774, 3, 3 
51217, 3, 3 
28983, 3, 3 
22492, 3, 3 
1872, 3, 3 
33607, 3, 3 
2883, 3, 3 
37795, 3, 3 
41283, 3, 3 
3699, 3, 3 
30354, 3, 3 
31201, 3, 3 
21320, 3, 3 
10757, 3, 3 
16783, 3, 3 
24299, 3, 3 
54858, 3, 8 
15474, 3, 3 
50260, 3, 3 
16900, 3, 3 
11377, 3, 3 
20675, 3, 3 
43180, 3, 3 
2964, 3, 3 
5812, 3, 3 
37991, 3, 3 
14674, 3, 3 
25896, 3, 3 
8551, 3, 3 
42794, 3, 3 
41639, 3, 3 
19302, 3, 3 
12446, 3, 3 
2203, 3, 3 
45436, 3, 3 
23712, 3, 3 
50728, 3, 3 
29476, 3, 3 
6784, 3, 3 
58966, 3, 3 
14352, 3, 3 
31345, 3, 3 
48666, 3, 3 
54126, 3, 3 
28137, 3, 3 
15090, 3, 3 
23820, 3, 3 
58602, 3, 3 
15297, 3, 3 
47329, 3, 3 
16927, 3, 3 
34873, 3, 3 
53332, 3, 3 
11244, 3, 3 
17442, 3, 3 
32421, 3, 3 
9230, 3, 3 
13957, 3, 3 
55926, 3, 3 
26148, 3, 3 
56165, 3, 3 
41629, 3, 3 
47217, 3, 3 
33132, 3, 3 
12260, 3, 3 
32281, 3, 3 
7433, 3, 3 
7881, 3, 3 
50545, 3, 3 
42907, 3, 3 
7336, 3, 3 
26651, 3, 3 
53149, 4, 4 
59401, 4, 4 
4097, 4, 4 
15394, 4, 4 
48442, 4, 4 
20234, 4, 4 
33702, 4, 4 
13775, 4, 4 
44594, 4, 4 
33708, 4, 4 
23618, 4, 4 
31601, 4, 4 
21500, 4, 4 
29523, 4, 4 
29764, 4, 4 
53205, 4, 4 
25175, 4, 4 
25875, 4, 4 
10832, 4, 4 
18438, 4, 4 
46314, 4, 4 
30529, 4, 4 
45038, 4, 4 
47569, 4, 4 
1628, 4, 4 
25484, 4, 4 
55239, 4, 4 
23714, 4, 4 
24607, 4, 4 
24253, 4, 4 
9029, 4, 4 
58474, 4, 4 
37736, 4, 4 
17218, 4, 4 
49692, 4, 4 
41373, 4, 4 
56793, 4, 4 
32458, 4, 4 
8208, 4, 4 
32112, 4, 4 
39151, 4, 4 
53458, 4, 4 
28398, 4, 4 
57228, 4, 4 
19112, 4, 4 
43929, 4, 4 
43531, 4, 4 
29754, 4, 4 
18081, 4, 4 
41906, 4, 4 
23592, 4, 4 
46333, 4, 4 
44284, 4, 4 
48000, 4, 4 
21393, 4, 4 
32657, 4, 4 
18686, 4, 4 
35716, 4, 4 
26911, 4, 4 
50616, 4, 4 
44301, 4, 4 
23595, 4, 4 
2742, 4, 4 
50149, 4, 4 
48546, 4, 4 
22138, 4, 4 
6271, 4, 4 
5813, 4, 4 
38872, 4, 4 
16566, 4, 4 
53965, 4, 4 
4438, 4, 4 
28518, 4, 4 
24161, 4, 4 
16996, 4, 4 
1511, 4, 4 
6552, 4, 4 
53, 4, 4 
43364, 4, 4 
37767, 4, 4 
31965, 4, 4 
11744, 4, 4 
6128, 4, 4 
3837, 4, 4 
7178, 4, 4 
52087, 4, 4 
39548, 4, 4 
41870, 4, 4 
15100, 4, 4 
40919, 4, 4 
29135, 4, 4 
57892, 4, 4 
23033, 4, 4 
45834, 4, 4 
54017, 4, 4 
18496, 4, 4 
21107, 4, 4 
43157, 4, 4 
57985, 4, 4 
20, 4, 4 
48405, 4, 4 
33747, 4, 4 
8944, 4, 4 
33317, 4, 4 
27494, 4, 4 
27738, 4, 4 
38047, 4, 4 
15359, 4, 4 
48854, 4, 4 
15259, 4, 4 
58548, 4, 4 
14285, 4, 4 
48813, 4, 4 
7677, 4, 4 
34784, 4, 4 
39404, 4, 4 
48730, 4, 4 
55339, 4, 4 
47566, 4, 4 
53905, 4, 4 
4758, 4, 4 
30846, 4, 4 
30886, 4, 4 
4493, 4, 4 
35673, 4, 4 
46052, 4, 4 
42236, 4, 4 
50188, 4, 4 
37372, 4, 4 
37087, 4, 4 
43291, 4, 4 
7751, 4, 4 
29827, 4, 4 
12187, 4, 4 
5047, 4, 4 
36131, 4, 4 
24637, 4, 4 
33117, 4, 4 
56143, 4, 4 
4959, 4, 4 
32384, 4, 4 
44688, 4, 4 
9461, 4, 4 
40671, 4, 4 
40123, 4, 4 
34781, 4, 4 
18551, 4, 4 
22311, 4, 4 
2827, 4, 4 
43272, 4, 4 
14769, 4, 4 
43621, 4, 4 
31159, 4, 4 
1232, 4, 4 
36773, 4, 4 
15551, 4, 4 
33285, 4, 4 
29566, 4, 4 
13223, 4, 4 
32518, 4, 4 
33932, 4, 4 
20172, 4, 4 
27141, 4, 4 
18008, 4, 4 
22028, 4, 4 
28449, 4, 4 
19961, 4, 4 
663, 4, 4 
35590, 4, 4 
39529, 4, 4 
38132, 4, 4 
5533, 4, 4 
5138, 4, 4 
46415, 4, 4 
53654, 4, 4 
45472, 4, 4 
59268, 4, 4 
4746, 4, 4 
42357, 4, 4 
58433, 4, 4 
58531, 4, 4 
14616, 4, 4 
39867, 4, 4 
1037, 4, 4 
47397, 4, 4 
31750, 4, 4 
49345, 4, 4 
7863, 4, 4 
988, 4, 4 
4593, 4, 4 
13823, 4, 4 
36640, 4, 4 
44091, 4, 4 
47695, 4, 4 
6258, 4, 4 
56406, 4, 4 
23375, 4, 4 
19111, 4, 4 
8737, 4, 4 
20258, 4, 4 
20680, 4, 4 
8964, 4, 4 
22409, 4, 4 
54710, 4, 4 
26465, 4, 4 
28767, 4, 4 
9362, 4, 4 
24052, 4, 4 
39435, 4, 4 
25498, 4, 4 
38622, 4, 4 
42684, 4, 4 
56484, 4, 4 
15521, 4, 4 
23393, 4, 4 
58151, 4, 4 
39303, 4, 4 
19032, 4, 4 
51703, 4, 4 
6351, 4, 4 
52564, 4, 4 
48608, 4, 4 
34185, 4, 4 
11690, 4, 4 
48754, 4, 4 
13564, 4, 4 
28823, 4, 4 
19375, 4, 4 
20525, 4, 4 
21431, 4, 4 
50531, 4, 4 
48779, 4, 4 
12194, 4, 4 
39634, 4, 4 
55187, 4, 4 
58813, 4, 4 
13473, 4, 4 
28159, 4, 4 
42333, 4, 4 
28462, 4, 4 
14175, 4, 4 
50819, 4, 4 
5381, 4, 4 
31536, 4, 4 
49382, 4, 4 
4075, 4, 4 
20813, 4, 4 
12543, 4, 4 
33262, 4, 4 
26564, 4, 4 
894, 4, 4 
27782, 4, 4 
31977, 4, 4 
37227, 4, 4 
58210, 4, 4 
54171, 4, 4 
25670, 4, 4 
45709, 4, 4 
22071, 4, 4 
8041, 4, 4 
15078, 4, 4 
45172, 4, 4 
13856, 4, 4 
1280, 4, 4 
21817, 4, 4 
29645, 4, 4 
24174, 4, 4 
38966, 4, 4 
42455, 4, 4 
46766, 4, 4 
15613, 4, 4 
8438, 4, 4 
12332, 4, 4 
33306, 4, 4 
52893, 4, 4 
22985, 4, 4 
37616, 4, 4 
8579, 4, 4 
29485, 4, 4 
37074, 4, 4 
29885, 4, 4 
6546, 4, 4 
11264, 4, 4 
35866, 4, 4 
46367, 4, 4 
13385, 4, 4 
40135, 4, 4 
22544, 4, 4 
42653, 4, 4 
4896, 4, 4 
23196, 4, 4 
12098, 4, 4 
30066, 4, 4 
329, 4, 4 
4822, 4, 4 
8466, 4, 4 
8842, 4, 4 
31317, 4, 4 
59863, 4, 4 
37815, 4, 4 
50757, 4, 4 
52682, 4, 4 
5735, 4, 4 
15931, 4, 4 
10459, 4, 4 
59392, 4, 4 
5313, 4, 4 
32556, 4, 4 
22750, 4, 4 
40846, 4, 4 
50377, 4, 4 
15218, 4, 4 
8553, 4, 4 
53519, 4, 4 
8787, 4, 4 
25382, 4, 4 
2323, 4, 4 
19531, 4, 4 
9634, 4, 4 
10351, 4, 4 
37634, 4, 4 
13765, 4, 4 
13634, 4, 4 
54187, 4, 4 
32126, 4, 4 
40990, 4, 4 
37986, 4, 4 
50889, 4, 4 
44998, 4, 4 
55303, 4, 4 
1808, 4, 4 
11955, 4, 4 
46624, 4, 4 
20059, 4, 4 
26297, 4, 4 
52140, 4, 4 
2406, 4, 4 
26890, 4, 4 
7804, 4, 4 
53260, 4, 4 
5444, 4, 4 
13451, 4, 4 
7883, 4, 4 
37251, 4, 4 
36025, 4, 4 
3945, 4, 4 
18592, 4, 4 
26067, 4, 4 
23549, 4, 4 
59629, 4, 4 
42300, 4, 4 
10858, 4, 4 
26249, 4, 4 
12870, 4, 4 
150, 4, 4 
12256, 4, 4 
1164, 4, 4 
27901, 4, 4 
35178, 4, 4 
39272, 4, 4 
24547, 4, 4 
40392, 4, 4 
21517, 4, 4 
24154, 4, 4 
24601, 4, 4 
36630, 4, 4 
32124, 4, 4 
40225, 4, 4 
3783, 4, 4 
49665, 4, 4 
36790, 4, 4 
48215, 4, 4 
35115, 4, 4 
38375, 4, 4 
24282, 4, 4 
49937, 4, 4 
15563, 4, 4 
46795, 4, 4 
37893, 4, 4 
19249, 4, 4 
47368, 4, 4 
43433, 4, 4 
26847, 4, 4 
18054, 4, 4 
17769, 4, 4 
6990, 4, 4 
44086, 4, 4 
21887, 4, 4 
58347, 4, 4 
34947, 4, 4 
15373, 4, 4 
41993, 4, 4 
28464, 4, 4 
53109, 4, 4 
27765, 4, 4 
46325, 4, 4 
28963, 4, 4 
5217, 4, 4 
42272, 4, 4 
58684, 4, 4 
46232, 4, 4 
59727, 4, 4 
38616, 4, 4 
48535, 4, 4 
38583, 4, 4 
3052, 4, 4 
29574, 4, 4 
44636, 4, 4 
43217, 4, 4 
14415, 4, 4 
11967, 4, 4 
51482, 4, 4 
25760, 4, 4 
55337, 4, 4 
28124, 4, 4 
26725, 4, 4 
43571, 4, 4 
58780, 4, 4 
15617, 4, 4 
4641, 4, 4 
59780, 4, 4 
1187, 4, 4 
22472, 4, 4 
17565, 4, 4 
37687, 4, 4 
44921, 4, 4 
39636, 4, 4 
39635, 4, 4 
8962, 4, 4 
3351, 4, 4 
8872, 4, 4 
35964, 4, 4 
34709, 4, 4 
17922, 4, 4 
24929, 4, 4 
51873, 4, 4 
9245, 4, 4 
38716, 4, 4 
54175, 4, 4 
13419, 4, 4 
25759, 4, 4 
23201, 4, 4 
40842, 4, 4 
45794, 4, 4 
22402, 4, 4 
5792, 4, 4 
14972, 4, 4 
45280, 4, 4 
52604, 4, 4 
45674, 4, 4 
55109, 4, 4 
53130, 4, 4 
16391, 4, 4 
27055, 4, 4 
6759, 4, 4 
30536, 4, 4 
56802, 4, 4 
38373, 4, 4 
9030, 4, 4 
44496, 4, 4 
29503, 4, 4 
53093, 4, 4 
21246, 4, 4 
16851, 4, 4 
26673, 4, 4 
15456, 4, 4 
24810, 4, 4 
39458, 4, 4 
29047, 4, 4 
2520, 4, 4 
9597, 4, 4 
42249, 4, 4 
21541, 4, 4 
51076, 4, 4 
55675, 4, 4 
18854, 4, 4 
8026, 4, 4 
46194, 4, 4 
8477, 4, 4 
34429, 4, 4 
14785, 4, 4 
8006, 4, 4 
12322, 4, 4 
1767, 4, 4 
23017, 4, 4 
38997, 4, 4 
55124, 4, 4 
27218, 4, 4 
21296, 4, 4 
9883, 4, 4 
10618, 4, 4 
48357, 4, 4 
19121, 4, 4 
59799, 4, 4 
58504, 4, 4 
11653, 4, 4 
46677, 4, 4 
56826, 4, 4 
6995, 4, 4 
8711, 4, 4 
10749, 5, 5 
31010, 5, 5 
11141, 5, 5 
11393, 5, 5 
52739, 5, 5 
55389, 5, 5 
33376, 5, 8 
22866, 5, 5 
1032, 5, 5 
50533, 5, 5 
27422, 5, 5 
15579, 5, 5 
54928, 5, 5 
8835, 5, 5 
921, 5, 5 
37865, 5, 5 
19741, 5, 5 
42850, 5, 5 
24765, 5, 5 
2780, 5, 5 
18947, 5, 5 
53272, 5, 5 
38433, 5, 5 
6848, 5, 5 
38362, 5, 5 
10995, 5, 5 
19746, 5, 5 
43651, 5, 5 
54491, 5, 5 
18673, 5, 5 
48659, 5, 5 
1785, 5, 5 
53413, 5, 5 
20815, 5, 5 
21329, 5, 5 
18696, 5, 5 
28657, 5, 5 
38477, 5, 5 
4845, 5, 5 
39978, 5, 5 
34857, 5, 5 
10566, 5, 5 
37567, 5, 5 
36999, 5, 5 
28175, 5, 5 
25335, 5, 5 
57240, 5, 5 
1996, 5, 5 
3832, 5, 5 
27353, 5, 5 
28258, 5, 5 
13940, 5, 5 
32343, 5, 5 
13078, 5, 5 
52527, 5, 5 
14485, 5, 5 
44253, 5, 3 
13021, 5, 5 
17156, 5, 5 
42572, 5, 5 
59351, 5, 5 
30323, 5, 5 
12829, 5, 5 
10277, 5, 8 
53067, 5, 5 
21850, 5, 5 
41457, 5, 5 
50570, 5, 5 
12962, 5, 5 
24792, 5, 5 
41402, 5, 5 
49061, 5, 5 
57902, 5, 5 
52529, 5, 5 
24317, 5, 5 
51674, 5, 5 
2211, 5, 5 
6853, 5, 5 
9320, 5, 5 
41759, 5, 5 
22101, 5, 5 
26675, 5, 5 
51278, 5, 5 
45256, 5, 5 
28345, 5, 5 
57480, 5, 5 
46829, 5, 5 
48269, 5, 5 
4304, 5, 5 
6151, 5, 5 
53802, 5, 5 
6217, 5, 5 
31211, 5, 5 
24559, 5, 5 
9228, 5, 5 
28762, 5, 5 
57132, 5, 5 
23671, 5, 5 
39120, 5, 5 
56748, 5, 5 
48865, 5, 5 
9958, 5, 5 
26411, 5, 5 
9738, 5, 5 
39427, 5, 5 
35062, 5, 8 
7377, 5, 5 
10421, 5, 5 
11118, 5, 5 
52778, 5, 5 
1834, 5, 5 
3648, 5, 5 
34800, 5, 5 
30928, 5, 5 
6772, 5, 5 
437, 5, 5 
55248, 5, 5 
21157, 5, 5 
36900, 5, 5 
7024, 5, 5 
12386, 5, 5 
44820, 5, 5 
14368, 5, 5 
16210, 5, 5 
55261, 5, 5 
34888, 5, 5 
59180, 5, 5 
31495, 5, 5 
20479, 5, 5 
8649, 5, 5 
25669, 5, 5 
34674, 5, 5 
51659, 5, 5 
28332, 5, 5 
43289, 5, 5 
13092, 5, 5 
43510, 5, 8 
4299, 5, 5 
16129, 5, 5 
18018, 5, 5 
32277, 5, 5 
37823, 5, 5 
37983, 5, 5 
45534, 5, 5 
8945, 5, 5 
40154, 5, 5 
44987, 5, 5 
11674, 5, 5 
47060, 5, 5 
51854, 5, 5 
15812, 5, 5 
31352, 5, 5 
43753, 5, 5 
37842, 5, 5 
17132, 5, 5 
8728, 5, 5 
52717, 5, 5 
7443, 5, 5 
39021, 5, 5 
15791, 5, 5 
48733, 5, 5 
14074, 5, 5 
16487, 5, 5 
1325, 5, 5 
21252, 5, 5 
25577, 5, 5 
26727, 5, 5 
554, 5, 5 
16692, 5, 8 
39903, 5, 5 
45166, 5, 5 
1575, 5, 5 
40194, 5, 5 
46720, 5, 5 
2182, 5, 5 
19219, 5, 5 
24908, 5, 5 
30896, 5, 5 
58414, 5, 5 
7419, 5, 5 
30676, 5, 5 
23567, 5, 5 
53598, 5, 5 
50602, 5, 5 
45155, 5, 5 
40258, 5, 5 
51875, 5, 5 
47204, 5, 5 
34365, 5, 5 
21013, 5, 5 
7902, 5, 5 
4961, 5, 5 
33352, 5, 5 
24374, 5, 5 
19852, 5, 5 
10288, 5, 5 
54122, 5, 5 
35326, 5, 5 
41370, 5, 5 
7144, 5, 5 
57136, 5, 5 
56666, 5, 5 
5653, 5, 5 
20547, 5, 5 
14714, 5, 5 
25679, 5, 5 
22581, 5, 5 
22310, 5, 5 
12957, 5, 5 
39380, 5, 5 
18404, 5, 5 
9652, 5, 5 
50430, 5, 5 
57248, 5, 5 
39972, 5, 5 
31976, 5, 5 
42049, 5, 5 
7659, 5, 5 
26320, 5, 5 
55513, 5, 5 
39274, 5, 5 
51405, 5, 5 
9330, 5, 5 
10008, 5, 5 
3682, 5, 5 
10822, 5, 5 
22802, 5, 5 
43946, 5, 5 
44674, 5, 5 
56860, 5, 5 
52650, 5, 5 
25457, 5, 5 
14180, 5, 5 
38604, 5, 5 
43328, 5, 5 
38060, 5, 5 
53978, 5, 5 
52458, 5, 5 
24660, 5, 5 
59160, 5, 5 
57848, 5, 5 
57511, 5, 5 
31982, 5, 5 
43680, 5, 5 
17239, 5, 5 
22042, 5, 5 
42221, 5, 5 
52388, 5, 5 
15197, 5, 5 
52610, 5, 5 
20598, 5, 5 
35046, 5, 5 
39114, 5, 5 
6401, 5, 5 
58145, 5, 5 
17920, 5, 5 
58365, 5, 5 
30991, 5, 5 
21058, 5, 5 
39230, 5, 8 
21677, 5, 5 
27711, 5, 5 
41486, 5, 5 
17522, 5, 5 
17502, 5, 5 
18949, 5, 5 
59136, 5, 5 
29248, 5, 5 
12487, 5, 5 
41094, 5, 5 
33046, 5, 5 
25973, 5, 5 
33749, 5, 5 
36236, 5, 5 
49992, 5, 5 
21626, 5, 5 
544, 5, 5 
13229, 5, 5 
14828, 5, 5 
41258, 5, 5 
26896, 5, 5 
57639, 5, 5 
51852, 5, 5 
26590, 5, 5 
14451, 5, 5 
58622, 5, 5 
22571, 5, 5 
48260, 5, 5 
47251, 5, 5 
47193, 5, 5 
8435, 5, 5 
5452, 5, 5 
39158, 5, 5 
516, 5, 5 
22732, 5, 5 
21548, 5, 5 
57610, 5, 5 
27417, 5, 5 
45947, 5, 5 
56203, 5, 5 
27062, 5, 5 
15893, 5, 5 
31921, 5, 5 
34561, 5, 5 
480, 5, 5 
19825, 5, 5 
19487, 5, 5 
42141, 5, 5 
38902, 5, 5 
5757, 5, 5 
9397, 5, 5 
36252, 5, 5 
20860, 5, 5 
23249, 5, 5 
2120, 5, 5 
37874, 5, 5 
46895, 5, 8 
57242, 5, 5 
26655, 5, 5 
5737, 5, 5 
7390, 5, 5 
47468, 5, 5 
51349, 5, 5 
41322, 5, 5 
40905, 5, 5 
15421, 5, 5 
31944, 5, 5 
26574, 5, 5 
19551, 5, 5 
40966, 5, 5 
17094, 5, 5 
13732, 5, 5 
5839, 5, 5 
30132, 5, 5 
41025, 5, 5 
41803, 5, 5 
45226, 5, 5 
53567, 5, 5 
31554, 5, 5 
48921, 5, 5 
23384, 5, 5 
45432, 5, 5 
7238, 5, 8 
23927, 5, 5 
14389, 5, 5 
4247, 5, 5 
44991, 5, 5 
36896, 5, 5 
38658, 5, 5 
22845, 5, 5 
16333, 5, 5 
2282, 5, 5 
51626, 5, 5 
39424, 5, 5 
22393, 5, 5 
33267, 5, 5 
56371, 5, 5 
17201, 5, 5 
53063, 5, 8 
58165, 5, 5 
46890, 5, 5 
23832, 5, 5 
24671, 5, 5 
50782, 5, 5 
56128, 5, 5 
46322, 5, 5 
5240, 5, 5 
6569, 5, 5 
22638, 5, 5 
48369, 5, 5 
17716, 5, 5 
20190, 5, 5 
35977, 5, 5 
44018, 5, 5 
26995, 5, 5 
22268, 5, 5 
21810, 5, 5 
35787, 5, 5 
17567, 5, 5 
39405, 5, 8 
38648, 5, 5 
10791, 5, 5 
19759, 5, 5 
12937, 5, 5 
48576, 5, 5 
3416, 5, 5 
5515, 5, 5 
44461, 5, 5 
44938, 5, 5 
7498, 5, 5 
29065, 5, 5 
33245, 5, 5 
46948, 5, 5 
17879, 5, 5 
9163, 5, 5 
53859, 5, 5 
32737, 5, 5 
16682, 5, 5 
20476, 5, 5 
1109, 5, 5 
15830, 5, 5 
58706, 5, 5 
5363, 5, 5 
4529, 5, 5 
48615, 5, 5 
14544, 5, 5 
43676, 5, 5 
19279, 5, 5 
20101, 5, 5 
28974, 5, 5 
57528, 5, 5 
51444, 5, 5 
29049, 5, 5 
3944, 5, 5 
11696, 5, 5 
33598, 5, 8 
42267, 5, 5 
28491, 5, 5 
15594, 5, 8 
33773, 5, 5 
36981, 5, 5 
24004, 5, 5 
19456, 5, 5 
49797, 5, 5 
173, 5, 5 
41023, 5, 5 
22130, 5, 5 
24426, 5, 5 
3558, 5, 5 
29150, 5, 5 
58871, 5, 5 
9291, 5, 5 
6324, 5, 5 
49558, 5, 5 
30217, 5, 5 
56113, 5, 5 
15996, 5, 5 
1206, 5, 5 
19130, 5, 5 
8569, 5, 5 
57900, 5, 5 
12978, 5, 5 
43189, 5, 5 
56661, 5, 5 
332, 5, 5 
45933, 5, 5 
9581, 5, 5 
47757, 5, 5 
38285, 5, 5 
48400, 5, 5 
49025, 5, 5 
31415, 5, 5 
41049, 5, 5 
6786, 5, 5 
23640, 5, 5 
16011, 5, 1 
29310, 5, 5 
1135, 5, 5 
30761, 5, 5 
33605, 5, 5 
14970, 5, 5 
33294, 5, 5 
4666, 5, 6 
55342, 5, 5 
26680, 5, 5 
45797, 5, 5 
12574, 5, 5 
55775, 5, 5 
7885, 5, 5 
25084, 5, 5 
13145, 5, 5 
32445, 5, 5 
23341, 5, 5 
7448, 5, 5 
58318, 5, 5 
6529, 5, 5 
34913, 5, 5 
59850, 5, 5 
42983, 5, 5 
2993, 5, 5 
21629, 5, 5 
31424, 5, 5 
26466, 5, 5 
20325, 5, 5 
55055, 5, 5 
27802, 5, 5 
50800, 5, 5 
41091, 5, 5 
13234, 5, 5 
21914, 5, 5 
19706, 5, 5 
48440, 5, 5 
40704, 5, 8 
22020, 5, 5 
36086, 5, 5 
34370, 5, 5 
3356, 5, 5 
39946, 5, 5 
18364, 5, 5 
28148, 5, 5 
38479, 6, 6 
34960, 6, 6 
45269, 6, 6 
62, 6, 6 
41976, 6, 6 
56195, 6, 6 
31437, 6, 6 
19970, 6, 6 
9928, 6, 6 
42919, 6, 6 
17284, 6, 6 
22633, 6, 6 
51152, 6, 6 
19135, 6, 6 
10650, 6, 6 
31475, 6, 6 
17229, 6, 6 
19947, 6, 6 
16616, 6, 6 
18154, 6, 6 
18032, 6, 6 
13389, 6, 6 
51480, 6, 6 
30083, 6, 6 
29035, 6, 6 
4778, 6, 6 
23233, 6, 6 
38347, 6, 6 
36701, 6, 6 
6567, 6, 6 
15448, 6, 6 
20896, 6, 6 
17876, 6, 6 
36446, 6, 6 
50776, 6, 6 
15431, 6, 6 
21745, 6, 6 
15025, 6, 6 
32658, 6, 6 
49828, 6, 6 
5619, 6, 6 
40342, 6, 6 
7562, 6, 6 
11870, 6, 6 
24423, 6, 6 
57518, 6, 6 
34393, 6, 6 
19002, 6, 6 
56548, 6, 6 
54847, 6, 6 
59324, 6, 6 
47932, 6, 6 
48649, 6, 6 
9808, 6, 6 
53603, 6, 6 
13261, 6, 6 
41785, 6, 6 
15924, 6, 6 
39736, 6, 6 
49403, 6, 6 
17287, 6, 6 
16452, 6, 6 
30945, 6, 6 
11065, 6, 6 
35682, 6, 6 
8870, 6, 6 
31606, 6, 6 
55867, 6, 6 
42714, 6, 6 
20682, 6, 6 
56809, 6, 6 
14377, 6, 6 
29707, 6, 6 
32969, 6, 6 
10419, 6, 6 
18168, 6, 6 
29149, 6, 6 
47106, 6, 6 
14248, 6, 6 
42525, 6, 6 
31118, 6, 6 
8100, 6, 6 
54288, 6, 6 
39, 6, 6 
1159, 6, 6 
1906, 6, 6 
48239, 6, 6 
35791, 6, 6 
56179, 6, 6 
55590, 6, 6 
20122, 6, 6 
10481, 6, 6 
2978, 6, 6 
34671, 6, 6 
25815, 6, 6 
147, 6, 6 
32736, 6, 6 
8312, 6, 6 
9095, 6, 6 
47877, 6, 6 
44814, 6, 6 
5364, 6, 6 
32241, 6, 6 
37356, 6, 6 
44503, 6, 6 
12673, 6, 6 
35664, 6, 6 
56240, 6, 6 
34601, 6, 6 
41890, 6, 6 
6392, 6, 6 
56845, 6, 6 
51755, 6, 6 
3127, 6, 6 
57089, 6, 6 
39318, 6, 6 
4765, 6, 6 
50093, 6, 6 
42904, 6, 6 
53892, 6, 6 
59632, 6, 6 
35687, 6, 6 
31924, 6, 6 
10190, 6, 6 
25340, 6, 6 
31736, 6, 6 
23699, 6, 6 
1204, 6, 6 
40849, 6, 6 
50888, 6, 6 
9000, 6, 6 
29163, 6, 6 
19762, 6, 6 
55760, 6, 6 
49022, 6, 6 
26039, 6, 6 
54547, 6, 6 
19385, 6, 6 
2954, 6, 6 
17161, 6, 6 
44336, 6, 6 
48156, 6, 6 
28070, 6, 6 
52685, 6, 6 
24948, 6, 6 
51179, 6, 6 
24074, 6, 6 
48636, 6, 6 
33314, 6, 6 
12393, 6, 6 
1801, 6, 6 
1781, 6, 6 
20136, 6, 6 
54733, 6, 6 
7997, 6, 6 
30178, 6, 6 
20081, 6, 6 
30784, 6, 6 
33559, 6, 6 
55820, 6, 6 
21961, 6, 6 
32912, 6, 6 
2059, 6, 6 
43320, 6, 6 
35211, 6, 6 
22681, 6, 6 
51220, 6, 6 
20137, 6, 6 
8908, 6, 6 
29620, 6, 6 
3449, 6, 6 
9946, 6, 6 
52502, 6, 6 
33615, 6, 6 
33450, 6, 6 
20469, 6, 6 
43668, 6, 6 
40433, 6, 6 
34658, 6, 6 
26392, 6, 6 
46684, 6, 6 
19799, 6, 6 
50160, 6, 6 
10774, 6, 6 
4871, 6, 6 
27249, 6, 6 
2504, 6, 6 
13828, 6, 6 
57891, 6, 6 
58041, 6, 6 
44102, 6, 6 
9702, 6, 6 
40917, 6, 6 
52420, 6, 6 
8688, 6, 6 
28591, 6, 6 
42452, 6, 6 
11490, 6, 6 
26614, 6, 6 
15417, 6, 6 
18312, 6, 6 
22763, 6, 6 
5213, 6, 6 
28847, 6, 6 
36184, 6, 6 
55897, 6, 6 
32932, 6, 6 
20367, 6, 6 
3932, 6, 6 
4392, 6, 6 
13715, 6, 6 
25076, 6, 6 
22383, 6, 6 
31741, 6, 6 
4232, 6, 6 
32994, 6, 6 
46735, 6, 6 
55645, 6, 6 
4221, 6, 6 
35452, 6, 6 
32082, 6, 6 
14167, 6, 6 
50503, 6, 6 
12762, 6, 6 
45265, 6, 6 
24592, 6, 6 
30904, 6, 6 
16841, 6, 6 
12851, 6, 6 
3597, 6, 6 
37892, 6, 6 
38584, 6, 6 
15727, 6, 6 
17079, 6, 6 
3335, 6, 6 
12231, 6, 6 
16847, 6, 6 
12613, 6, 6 
40941, 6, 6 
57275, 6, 6 
14492, 6, 6 
51528, 6, 6 
12216, 6, 6 
37071, 6, 6 
49173, 6, 6 
29411, 6, 6 
39188, 6, 6 
2486, 6, 6 
46750, 6, 6 
4709, 6, 6 
54823, 6, 6 
40862, 6, 6 
37340, 6, 6 
29793, 6, 6 
57883, 6, 6 
1358, 6, 6 
50266, 6, 6 
37451, 6, 6 
17083, 6, 6 
27775, 6, 6 
41666, 6, 6 
3821, 6, 6 
11871, 6, 6 
44258, 6, 6 
9210, 6, 6 
19684, 6, 6 
10600, 6, 6 
12520, 6, 6 
649, 6, 6 
16739, 6, 6 
22387, 6, 6 
32455, 6, 6 
20523, 6, 6 
37217, 6, 6 
50506, 6, 6 
27807, 6, 6 
8817, 6, 6 
23358, 6, 6 
630, 6, 6 
401, 6, 6 
21126, 6, 6 
43679, 6, 6 
10275, 6, 6 
52198, 6, 6 
5766, 6, 6 
57346, 6, 6 
45593, 6, 6 
40139, 6, 6 
47807, 6, 6 
17001, 6, 6 
4882, 6, 6 
28850, 6, 6 
8001, 6, 6 
31054, 6, 6 
25171, 6, 6 
55475, 6, 6 
30950, 6, 6 
37666, 6, 6 
14292, 6, 6 
14570, 6, 6 
36653, 6, 6 
42395, 6, 6 
55077, 6, 6 
53578, 6, 6 
27006, 6, 6 
39154, 6, 6 
55456, 6, 6 
44394, 6, 6 
11289, 6, 6 
21485, 6, 6 
15978, 6, 6 
18330, 6, 6 
16786, 6, 6 
14372, 6, 6 
41346, 6, 6 
40986, 6, 6 
19206, 6, 6 
38642, 6, 6 
51485, 6, 6 
12801, 6, 6 
43697, 6, 6 
5026, 6, 6 
41974, 6, 6 
52544, 6, 6 
7868, 6, 6 
19873, 6, 6 
7126, 6, 6 
14190, 6, 6 
50780, 6, 6 
19496, 6, 6 
34499, 6, 6 
22665, 6, 6 
40278, 6, 6 
32143, 6, 6 
47037, 6, 6 
36772, 6, 6 
20757, 6, 6 
3726, 6, 6 
25104, 6, 6 
49510, 6, 6 
35684, 6, 6 
22212, 6, 6 
55977, 6, 6 
43744, 6, 6 
9058, 6, 6 
25422, 6, 6 
11401, 6, 6 
51191, 6, 6 
15134, 6, 6 
28415, 6, 6 
33209, 6, 6 
19563, 6, 6 
46732, 6, 6 
53311, 6, 6 
19954, 6, 6 
25219, 6, 6 
13845, 6, 6 
56552, 6, 6 
33328, 6, 6 
50741, 6, 6 
13860, 6, 6 
54409, 6, 6 
53007, 6, 6 
45805, 6, 6 
4402, 6, 6 
48507, 6, 6 
15386, 6, 6 
37576, 6, 6 
21373, 6, 6 
27355, 6, 6 
24832, 6, 6 
15084, 6, 6 
50108, 6, 6 
739, 6, 6 
36254, 6, 6 
45581, 6, 6 
54841, 6, 6 
54933, 6, 6 
30582, 6, 6 
27674, 6, 6 
19993, 6, 6 
22520, 6, 6 
45558, 6, 6 
46392, 6, 6 
37277, 6, 6 
2494, 6, 6 
50938, 6, 6 
8797, 6, 6 
6157, 6, 6 
40907, 6, 6 
59637, 6, 6 
1849, 6, 6 
47026, 6, 6 
57758, 6, 6 
39004, 6, 6 
31585, 6, 6 
51602, 6, 6 
53553, 6, 6 
13147, 6, 6 
56172, 6, 6 
35918, 6, 6 
11173, 6, 6 
33454, 6, 6 
42600, 6, 6 
17008, 6, 6 
33434, 6, 6 
32436, 6, 6 
26765, 6, 6 
2656, 6, 6 
10980, 6, 6 
1337, 6, 6 
39250, 6, 6 
30716, 6, 6 
5629, 6, 6 
51507, 6, 6 
29758, 6, 6 
33572, 6, 6 
28967, 6, 6 
3245, 6, 6 
21901, 6, 6 
13010, 6, 6 
18023, 6, 6 
28163, 6, 6 
13172, 6, 6 
40230, 6, 6 
4431, 6, 6 
24779, 6, 6 
17601, 6, 6 
27204, 6, 6 
1557, 6, 6 
41050, 6, 6 
7111, 6, 6 
41477, 6, 6 
37177, 6, 6 
1902, 6, 6 
18605, 6, 6 
274, 6, 6 
21419, 6, 6 
46861, 6, 6 
51406, 6, 6 
2096, 6, 6 
19946, 6, 6 
43166, 6, 6 
57791, 6, 6 
25944, 6, 6 
9860, 6, 6 
42591, 6, 6 
57313, 6, 6 
42450, 6, 6 
4231, 6, 6 
50670, 6, 6 
28162, 6, 6 
57945, 6, 6 
607, 6, 6 
59493, 6, 6 
15780, 6, 6 
8057, 6, 6 
3706, 6, 6 
22649, 6, 6 
25424, 6, 6 
44237, 6, 6 
54215, 6, 6 
13927, 6, 6 
35768, 6, 6 
2723, 6, 6 
22121, 6, 6 
47209, 6, 6 
51246, 6, 6 
50811, 6, 6 
28576, 6, 6 
51370, 6, 6 
32576, 6, 6 
38491, 6, 6 
4497, 6, 6 
7504, 6, 6 
40332, 6, 6 
49633, 6, 6 
25646, 6, 6 
6246, 6, 6 
27905, 6, 6 
57122, 6, 6 
40501, 6, 6 
10534, 6, 6 
38741, 6, 6 
32868, 6, 6 
1398, 6, 6 
42409, 6, 6 
20291, 6, 6 
10996, 6, 6 
37292, 6, 6 
25713, 6, 6 
7598, 6, 6 
34879, 6, 6 
40514, 6, 6 
29891, 6, 6 
54032, 6, 6 
30911, 6, 6 
47147, 6, 6 
55483, 6, 6 
13621, 6, 6 
47464, 7, 7 
16369, 7, 7 
57063, 7, 7 
40465, 7, 7 
19184, 7, 7 
56844, 7, 7 
37684, 7, 7 
11309, 7, 7 
31861, 7, 7 
21904, 7, 7 
36612, 7, 7 
23969, 7, 7 
38018, 7, 7 
3915, 7, 7 
40017, 7, 7 
17350, 7, 7 
34079, 7, 7 
59871, 7, 7 
46429, 7, 7 
42427, 7, 7 
22796, 7, 7 
19341, 7, 7 
53666, 7, 7 
44434, 7, 7 
42733, 7, 7 
54871, 7, 7 
17359, 7, 7 
12007, 7, 7 
47307, 7, 7 
436, 7, 7 
47117, 7, 7 
48721, 7, 7 
9988, 7, 7 
35223, 7, 7 
56591, 7, 7 
2027, 7, 7 
13000, 7, 7 
26801, 7, 7 
3721, 7, 7 
29786, 7, 7 
45518, 7, 7 
19054, 7, 7 
36340, 7, 7 
56873, 7, 7 
21083, 7, 7 
29633, 7, 7 
53164, 7, 7 
30670, 7, 7 
38220, 7, 7 
53832, 7, 7 
15410, 7, 7 
41194, 7, 7 
14522, 7, 7 
49235, 7, 7 
22094, 7, 7 
51279, 7, 7 
35518, 7, 7 
3507, 7, 7 
14439, 7, 7 
35544, 7, 7 
26894, 7, 7 
41099, 7, 7 
39257, 7, 7 
37100, 7, 7 
19073, 7, 7 
52407, 7, 7 
52633, 7, 7 
52705, 7, 7 
4858, 7, 7 
42751, 7, 7 
3599, 7, 7 
14073, 7, 7 
4726, 7, 7 
55699, 7, 7 
42269, 7, 7 
30713, 7, 7 
20619, 7, 7 
19869, 7, 7 
38338, 7, 7 
51560, 7, 7 
5349, 7, 7 
29373, 7, 7 
11437, 7, 7 
42629, 7, 7 
47595, 7, 7 
10769, 7, 7 
58042, 7, 7 
56131, 7, 7 
11805, 7, 7 
15859, 7, 7 
27827, 7, 7 
24236, 7, 7 
26356, 7, 7 
31558, 7, 7 
24280, 7, 7 
58204, 7, 7 
39276, 7, 7 
47544, 7, 7 
9001, 7, 7 
21169, 7, 7 
2433, 7, 7 
11591, 7, 7 
10533, 7, 7 
18087, 7, 7 
4984, 7, 7 
49415, 7, 7 
56915, 7, 7 
53333, 7, 7 
53253, 7, 7 
4081, 7, 7 
50129, 7, 7 
31882, 7, 7 
18257, 7, 7 
17316, 7, 7 
23387, 7, 7 
58848, 7, 7 
38076, 7, 7 
18950, 7, 7 
35121, 7, 7 
41026, 7, 7 
3804, 7, 7 
11159, 7, 7 
32173, 7, 7 
27265, 7, 7 
17441, 7, 7 
26568, 7, 7 
40545, 7, 7 
48105, 7, 7 
59592, 7, 7 
56679, 7, 7 
43618, 7, 7 
59552, 7, 7 
27321, 7, 7 
57925, 7, 7 
26749, 7, 7 
28158, 7, 7 
25133, 7, 7 
48308, 7, 7 
51862, 7, 7 
27906, 7, 7 
36334, 7, 7 
8717, 7, 7 
45992, 7, 7 
53291, 7, 7 
40344, 7, 7 
5206, 7, 7 
3782, 7, 7 
14605, 7, 7 
41309, 7, 7 
20214, 7, 7 
7694, 7, 7 
41297, 7, 7 
25201, 7, 7 
32687, 7, 7 
4991, 7, 7 
55887, 7, 7 
18351, 7, 7 
16962, 7, 7 
12813, 7, 7 
1191, 7, 7 
47170, 7, 7 
54365, 7, 7 
21710, 7, 7 
47160, 7, 7 
38422, 7, 7 
40436, 7, 7 
47003, 7, 7 
16978, 7, 7 
16661, 7, 7 
39517, 7, 7 
16613, 7, 7 
45496, 7, 7 
7992, 7, 7 
57292, 7, 7 
971, 7, 7 
8698, 7, 7 
46311, 7, 7 
34472, 7, 7 
30017, 7, 7 
35417, 7, 7 
28558, 7, 7 
56828, 7, 7 
1523, 7, 7 
49719, 7, 7 
38447, 7, 7 
11130, 7, 7 
12067, 7, 7 
14288, 7, 7 
5761, 7, 7 
57672, 7, 7 
48832, 7, 7 
54691, 7, 7 
55189, 7, 7 
34317, 7, 7 
52925, 7, 7 
57996, 7, 7 
25242, 7, 7 
58826, 7, 7 
2447, 7, 7 
50874, 7, 7 
54097, 7, 9 
45777, 7, 7 
39252, 7, 7 
5182, 7, 7 
59988, 7, 7 
31125, 7, 7 
35337, 7, 7 
7945, 7, 7 
20766, 7, 7 
51636, 7, 7 
8735, 7, 7 
21243, 7, 7 
45776, 7, 7 
4173, 7, 7 
26591, 7, 7 
32844, 7, 7 
51282, 7, 7 
4977, 7, 7 
24008, 7, 7 
14231, 7, 7 
11247, 7, 7 
44039, 7, 7 
36465, 7, 7 
12165, 7, 7 
34687, 7, 7 
20105, 7, 7 
26668, 7, 7 
32941, 7, 7 
9522, 7, 7 
22279, 7, 7 
49119, 7, 7 
38320, 7, 7 
53183, 7, 7 
50681, 7, 7 
28632, 7, 7 
53423, 7, 7 
54606, 7, 7 
6014, 7, 7 
34609, 7, 7 
30952, 7, 7 
46419, 7, 7 
11049, 7, 7 
4869, 7, 7 
48453, 7, 7 
19703, 7, 7 
50215, 7, 7 
12413, 7, 7 
11944, 7, 7 
51914, 7, 7 
30759, 7, 7 
44219, 7, 7 
17424, 7, 7 
28986, 7, 7 
43841, 7, 7 
36498, 7, 7 
2055, 7, 7 
11350, 7, 7 
46426, 7, 7 
18006, 7, 7 
22183, 7, 7 
18706, 7, 7 
21463, 7, 7 
51583, 7, 7 
3788, 7, 7 
48736, 7, 7 
41300, 7, 7 
13776, 7, 7 
43378, 7, 7 
11290, 7, 7 
5855, 7, 7 
2634, 7, 7 
43082, 7, 7 
12208, 7, 7 
27706, 7, 1 
19153, 7, 7 
58981, 7, 7 
9382, 7, 7 
6675, 7, 7 
44271, 7, 7 
4799, 7, 7 
55329, 7, 7 
51558, 7, 7 
17807, 7, 7 
49056, 7, 7 
57235, 7, 7 
56638, 7, 7 
19642, 7, 7 
36283, 7, 7 
31699, 7, 7 
13754, 7, 7 
59484, 7, 7 
23283, 7, 7 
9416, 7, 7 
29954, 7, 7 
52013, 7, 7 
5821, 7, 9 
34702, 7, 7 
55384, 7, 7 
17714, 7, 7 
58648, 7, 7 
41345, 7, 7 
28532, 7, 7 
57546, 7, 7 
27485, 7, 7 
2982, 7, 7 
48298, 7, 7 
54194, 7, 7 
14741, 7, 7 
29756, 7, 7 
53852, 7, 7 
53725, 7, 7 
47149, 7, 7 
1338, 7, 7 
7783, 7, 7 
34704, 7, 7 
25904, 7, 7 
27103, 7, 7 
140, 7, 7 
30764, 7, 7 
51441, 7, 7 
42844, 7, 7 
43361, 7, 7 
48170, 7, 7 
29186, 7, 7 
26151, 7, 7 
31055, 7, 7 
51568, 7, 7 
56932, 7, 7 
898, 7, 7 
24917, 7, 7 
46642, 7, 7 
37871, 7, 7 
27302, 7, 7 
47248, 7, 7 
31715, 7, 7 
51859, 7, 7 
41379, 7, 7 
30998, 7, 7 
29482, 7, 7 
17798, 7, 7 
58128, 7, 7 
15254, 7, 7 
35474, 7, 7 
5584, 7, 7 
53962, 7, 7 
14022, 7, 7 
59469, 7, 7 
29709, 7, 7 
21313, 7, 7 
25897, 7, 7 
20582, 7, 7 
16383, 7, 7 
52484, 7, 7 
54167, 7, 7 
45637, 7, 7 
44246, 7, 7 
9992, 7, 7 
19434, 7, 7 
3060, 7, 7 
33405, 7, 7 
28775, 7, 7 
30798, 7, 7 
46950, 7, 7 
13756, 7, 7 
37146, 7, 7 
16143, 7, 7 
483, 7, 7 
9787, 7, 7 
38506, 7, 7 
19987, 7, 7 
36563, 7, 7 
58090, 7, 7 
18025, 7, 7 
32820, 7, 7 
46672, 7, 7 
14245, 7, 7 
56815, 7, 7 
11778, 7, 7 
196, 7, 7 
13355, 7, 7 
25286, 7, 7 
25070, 7, 7 
18734, 7, 7 
59533, 7, 7 
30604, 7, 4 
39150, 7, 7 
26684, 7, 7 
58342, 7, 7 
49491, 7, 7 
42800, 7, 7 
8931, 7, 7 
23609, 7, 7 
25348, 7, 7 
48035, 7, 7 
29282, 7, 7 
49866, 7, 7 
50992, 7, 7 
37583, 7, 7 
41520, 7, 7 
35728, 7, 7 
16537, 7, 7 
12737, 7, 7 
18289, 7, 7 
57541, 7, 7 
33834, 7, 7 
34314, 7, 7 
33131, 7, 7 
27357, 7, 7 
33128, 7, 7 
34160, 7, 7 
53781, 7, 7 
41762, 7, 7 
25314, 7, 7 
43337, 7, 7 
6756, 7, 7 
1770, 7, 7 
27938, 7, 7 
26529, 7, 7 
25716, 7, 7 
10253, 7, 7 
28447, 7, 7 
39062, 7, 7 
5068, 7, 0 
18498, 7, 7 
6050, 7, 7 
5768, 7, 7 
41310, 7, 7 
8107, 7, 7 
3909, 7, 7 
43645, 7, 7 
35334, 7, 7 
34997, 7, 7 
5387, 7, 7 
54453, 7, 7 
46744, 7, 7 
52256, 7, 7 
10394, 7, 7 
57098, 7, 7 
47859, 7, 7 
11188, 7, 7 
55735, 7, 7 
55759, 7, 7 
9351, 7, 7 
9843, 7, 7 
29002, 7, 7 
53779, 7, 7 
46321, 7, 7 
28982, 7, 7 
17776, 7, 7 
42811, 7, 7 
6866, 7, 7 
9224, 7, 7 
53944, 7, 7 
50984, 7, 7 
51300, 7, 1 
38586, 7, 7 
47067, 7, 7 
32432, 7, 7 
56167, 7, 7 
48050, 7, 7 
34568, 7, 7 
34503, 7, 7 
33109, 7, 7 
46874, 7, 7 
54555, 7, 7 
43238, 7, 7 
47417, 7, 7 
20032, 7, 7 
59304, 7, 7 
45521, 7, 7 
13416, 7, 7 
42282, 7, 7 
27747, 7, 7 
53213, 7, 7 
22515, 7, 7 
26917, 7, 7 
53956, 7, 7 
25597, 7, 7 
7849, 7, 7 
15597, 7, 7 
55668, 7, 7 
51586, 7, 7 
44178, 7, 7 
11274, 7, 7 
53274, 7, 7 
17490, 7, 7 
46769, 7, 7 
41650, 7, 7 
27194, 7, 7 
2455, 7, 7 
30739, 7, 7 
25126, 7, 7 
14573, 7, 7 
10590, 7, 7 
42897, 7, 7 
19424, 7, 7 
48080, 7, 7 
7446, 7, 7 
10893, 7, 7 
27481, 7, 7 
56952, 8, 8 
32166, 8, 8 
22934, 8, 8 
35467, 8, 8 
43403, 8, 8 
43145, 8, 8 
54550, 8, 8 
50231, 8, 8 
43538, 8, 8 
35364, 8, 8 
12084, 8, 8 
56667, 8, 8 
8371, 8, 8 
6533, 8, 8 
16500, 8, 8 
12014, 8, 8 
54047, 8, 8 
25387, 8, 8 
40935, 8, 8 
14941, 8, 8 
55519, 8, 8 
3584, 8, 8 
27029, 8, 8 
24479, 8, 8 
49414, 8, 8 
39142, 8, 8 
49522, 8, 8 
18775, 8, 8 
57217, 8, 8 
43165, 8, 8 
40698, 8, 8 
22784, 8, 8 
30401, 8, 8 
38112, 8, 8 
3144, 8, 8 
51615, 8, 8 
28884, 8, 8 
36754, 8, 8 
44944, 8, 8 
42656, 8, 8 
48704, 8, 8 
6242, 8, 8 
31832, 8, 8 
10632, 8, 8 
57493, 8, 8 
7101, 8, 8 
15979, 8, 8 
13343, 8, 8 
52968, 8, 8 
47274, 8, 8 
32390, 8, 8 
29494, 8, 8 
44002, 8, 8 
35940, 8, 8 
57467, 8, 8 
37240, 8, 8 
14279, 8, 8 
28987, 8, 8 
8306, 8, 8 
35764, 8, 8 
18872, 8, 8 
25976, 8, 8 
55436, 8, 8 
46816, 8, 8 
28581, 8, 8 
56985, 8, 8 
41124, 8, 8 
48028, 8, 8 
54387, 8, 8 
29989, 8, 8 
12857, 8, 8 
35501, 8, 8 
23232, 8, 8 
1641, 8, 8 
29131, 8, 8 
36610, 8, 8 
25146, 8, 8 
50363, 8, 8 
42736, 8, 8 
56872, 8, 8 
6111, 8, 8 
34040, 8, 8 
12242, 8, 8 
53082, 8, 8 
36445, 8, 8 
13402, 8, 8 
20363, 8, 8 
15919, 8, 8 
5537, 8, 8 
16824, 8, 8 
29576, 8, 8 
21280, 8, 8 
20271, 8, 8 
25326, 8, 8 
11365, 8, 8 
12936, 8, 8 
6916, 8, 8 
41271, 8, 8 
8666, 8, 8 
3027, 8, 8 
35300, 8, 8 
33539, 8, 8 
40437, 8, 8 
55766, 8, 8 
20966, 8, 8 
5009, 8, 8 
46478, 8, 8 
59718, 8, 8 
7356, 8, 8 
39131, 8, 8 
29627, 8, 8 
48891, 8, 8 
16979, 8, 8 
6962, 8, 8 
4348, 8, 8 
43588, 8, 8 
45678, 8, 8 
26583, 8, 8 
29342, 8, 8 
37813, 8, 8 
37106, 8, 8 
57648, 8, 8 
35264, 8, 8 
13632, 8, 8 
28432, 8, 8 
35921, 8, 8 
44436, 8, 8 
44695, 8, 8 
33097, 8, 8 
31599, 8, 8 
38142, 8, 8 
27998, 8, 8 
28181, 8, 8 
19435, 8, 8 
47506, 8, 8 
39479, 8, 8 
57324, 8, 8 
48115, 8, 8 
3891, 8, 8 
47085, 8, 8 
1776, 8, 8 
27045, 8, 8 
29511, 8, 8 
47188, 8, 8 
7636, 8, 8 
58296, 8, 8 
48150, 8, 8 
20880, 8, 8 
10064, 8, 8 
22494, 8, 8 
34900, 8, 8 
5050, 8, 8 
46827, 8, 8 
34577, 8, 8 
56956, 8, 8 
57304, 8, 8 
5791, 8, 8 
4767, 8, 8 
37735, 8, 8 
13620, 8, 8 
32766, 8, 8 
31959, 8, 8 
50711, 8, 8 
46397, 8, 8 
30661, 8, 8 
33766, 8, 8 
52290, 8, 8 
3476, 8, 8 
36727, 8, 8 
31, 8, 8 
50925, 8, 8 
51411, 8, 8 
58384, 8, 8 
22499, 8, 8 
40852, 8, 8 
44163, 8, 8 
27678, 8, 8 
39355, 8, 8 
34974, 8, 8 
15515, 8, 8 
11761, 8, 8 
26666, 8, 8 
14173, 8, 8 
27958, 8, 8 
1362, 8, 8 
30147, 8, 8 
19911, 8, 8 
40149, 8, 8 
40213, 8, 8 
42820, 8, 8 
24558, 8, 8 
45117, 8, 8 
35072, 8, 8 
35428, 8, 8 
56313, 8, 8 
9008, 8, 8 
4634, 8, 8 
27195, 8, 8 
21656, 8, 8 
29082, 8, 8 
49532, 8, 8 
45493, 8, 8 
11717, 8, 8 
55153, 8, 8 
14140, 8, 8 
24051, 8, 8 
8340, 8, 8 
44196, 8, 8 
45351, 8, 8 
53271, 8, 8 
43447, 8, 8 
12482, 8, 8 
47896, 8, 8 
10217, 8, 8 
41712, 8, 8 
41013, 8, 8 
49073, 8, 8 
51943, 8, 8 
53445, 8, 8 
59380, 8, 8 
42533, 8, 8 
17362, 8, 8 
45956, 8, 8 
48140, 8, 8 
9769, 8, 8 
594, 8, 8 
54216, 8, 8 
37979, 8, 8 
52764, 8, 8 
33827, 8, 8 
17512, 8, 8 
57955, 8, 8 
5594, 8, 8 
47959, 8, 8 
55145, 8, 8 
21785, 8, 8 
34696, 8, 8 
2170, 8, 8 
6806, 8, 8 
27740, 8, 8 
10151, 8, 8 
55272, 8, 8 
2378, 8, 8 
18467, 8, 8 
43695, 8, 8 
58070, 8, 8 
10592, 8, 8 
34020, 8, 8 
59865, 8, 8 
11858, 8, 8 
4887, 8, 8 
30029, 8, 8 
14020, 8, 8 
20198, 8, 8 
48055, 8, 8 
50535, 8, 8 
5034, 8, 8 
11425, 8, 8 
32000, 8, 8 
37005, 8, 8 
15056, 8, 8 
48081, 8, 8 
14396, 8, 8 
45918, 8, 8 
30892, 8, 8 
8501, 8, 8 
12473, 8, 8 
30994, 8, 8 
46475, 8, 8 
51850, 8, 8 
17084, 8, 8 
50097, 8, 8 
8269, 8, 8 
42029, 8, 8 
10711, 8, 8 
17361, 8, 8 
22965, 8, 8 
2636, 8, 8 
32770, 8, 8 
59967, 8, 8 
2394, 8, 8 
6022, 8, 8 
55118, 8, 8 
8496, 8, 8 
49830, 8, 8 
23674, 8, 1 
8378, 8, 8 
47550, 8, 8 
31938, 8, 8 
5369, 8, 8 
43194, 8, 8 
16321, 8, 8 
32181, 8, 8 
32480, 8, 8 
57276, 8, 8 
18369, 8, 8 
30688, 8, 8 
2243, 8, 8 
51189, 8, 8 
45122, 8, 8 
50116, 8, 8 
36121, 8, 8 
57090, 8, 8 
18114, 8, 8 
40687, 8, 8 
42872, 8, 8 
36159, 8, 8 
38581, 8, 8 
30172, 8, 8 
23316, 8, 8 
12282, 8, 8 
45454, 8, 8 
39238, 8, 8 
16059, 8, 8 
51266, 8, 8 
23180, 8, 8 
19124, 8, 8 
3158, 8, 8 
31758, 8, 8 
925, 8, 8 
53315, 8, 8 
28351, 8, 8 
26443, 8, 8 
27072, 8, 8 
38331, 8, 8 
49766, 8, 8 
47942, 8, 8 
59128, 8, 8 
13089, 8, 8 
22141, 8, 8 
16579, 8, 8 
17060, 8, 8 
43329, 8, 8 
19783, 8, 8 
27508, 8, 8 
8761, 8, 8 
44122, 8, 8 
26491, 8, 8 
44748, 8, 8 
2384, 8, 8 
17121, 8, 8 
4043, 8, 8 
41873, 8, 8 
3148, 8, 8 
16773, 8, 8 
25776, 8, 8 
33179, 8, 8 
24768, 8, 8 
2175, 8, 8 
29280, 8, 8 
57348, 8, 8 
47183, 8, 8 
17937, 8, 8 
26145, 8, 8 
40083, 8, 8 
56913, 8, 8 
51968, 8, 8 
44568, 8, 8 
19716, 8, 8 
38566, 8, 8 
32072, 8, 8 
54492, 8, 8 
53651, 8, 8 
6457, 8, 8 
37473, 8, 8 
9686, 8, 8 
28433, 8, 8 
7141, 8, 8 
3032, 8, 8 
2683, 8, 8 
52905, 8, 8 
41973, 8, 8 
5800, 8, 8 
40048, 8, 8 
45585, 8, 8 
7642, 8, 8 
7076, 8, 8 
32452, 8, 8 
42662, 8, 8 
15807, 8, 8 
22389, 8, 8 
59544, 8, 8 
23553, 8, 8 
55, 8, 8 
2958, 8, 8 
26628, 8, 8 
14338, 8, 8 
29604, 8, 8 
51330, 8, 8 
12974, 8, 8 
4084, 8, 8 
31124, 8, 8 
26737, 8, 8 
11880, 8, 8 
53184, 8, 8 
6994, 8, 8 
56911, 8, 8 
40295, 8, 8 
46776, 8, 8 
22320, 8, 8 
51160, 8, 8 
3601, 8, 8 
19720, 8, 8 
56412, 8, 8 
2265, 8, 8 
15219, 8, 8 
19951, 8, 8 
12778, 8, 8 
11904, 8, 8 
16128, 8, 8 
41931, 8, 8 
33251, 8, 8 
29965, 8, 8 
39647, 8, 1 
56858, 8, 8 
28662, 8, 8 
7034, 8, 8 
32309, 8, 8 
22324, 8, 8 
48540, 8, 8 
13204, 8, 8 
146, 8, 8 
54654, 8, 8 
24598, 8, 8 
41218, 8, 8 
41705, 8, 8 
25715, 8, 8 
3152, 8, 8 
42878, 8, 8 
17291, 8, 8 
39915, 8, 8 
52033, 8, 8 
40579, 8, 8 
35383, 8, 8 
4803, 8, 8 
30521, 8, 8 
56097, 8, 8 
23205, 8, 8 
55234, 8, 8 
53420, 8, 8 
16101, 8, 8 
15430, 8, 8 
42388, 8, 8 
7750, 8, 8 
25984, 8, 8 
38251, 8, 8 
50821, 8, 8 
6940, 8, 8 
21104, 8, 8 
37363, 8, 8 
38434, 8, 8 
40758, 8, 8 
51576, 8, 8 
41575, 8, 8 
11482, 8, 8 
20986, 8, 8 
46175, 8, 8 
11625, 8, 8 
55537, 8, 8 
16000, 8, 8 
7604, 8, 8 
19864, 8, 8 
15455, 8, 8 
36752, 8, 8 
35788, 8, 8 
3883, 8, 8 
32400, 8, 8 
54656, 8, 8 
4275, 8, 8 
47888, 8, 8 
45520, 8, 8 
17614, 8, 8 
37459, 8, 8 
39178, 8, 8 
19458, 8, 8 
6831, 8, 8 
27918, 8, 8 
6470, 8, 8 
41253, 8, 8 
57021, 8, 1 
25455, 8, 8 
38237, 8, 8 
33039, 8, 8 
22813, 8, 8 
3168, 8, 8 
8045, 8, 8 
13934, 8, 8 
31298, 8, 8 
40403, 8, 8 
21065, 8, 8 
57918, 8, 8 
53061, 8, 8 
18291, 8, 8 
33839, 8, 8 
734, 8, 8 
41611, 8, 8 
13004, 8, 8 
15248, 8, 8 
12163, 8, 8 
59884, 8, 8 
46578, 9, 9 
33443, 9, 8 
18756, 9, 9 
3510, 9, 1 
15151, 9, 9 
43405, 9, 9 
12674, 9, 9 
14336, 9, 9 
26314, 9, 9 
32857, 9, 9 
20333, 9, 9 
46784, 9, 9 
11732, 9, 9 
45775, 9, 9 
16341, 9, 9 
47755, 9, 9 
27904, 9, 9 
36477, 9, 9 
11366, 9, 9 
39000, 9, 9 
57782, 9, 9 
19728, 9, 9 
3316, 9, 9 
55803, 9, 9 
59080, 9, 9 
53276, 9, 9 
51297, 9, 9 
36880, 9, 9 
19269, 9, 9 
33699, 9, 9 
172, 9, 9 
30181, 9, 9 
53045, 9, 9 
44244, 9, 9 
29180, 9, 9 
19494, 9, 9 
32715, 9, 9 
4973, 9, 9 
9949, 9, 9 
14895, 9, 9 
37932, 9, 9 
24071, 9, 9 
42086, 9, 9 
34301, 9, 9 
9754, 9, 9 
18859, 9, 9 
3786, 9, 9 
28215, 9, 9 
35127, 9, 9 
50833, 9, 9 
27846, 9, 9 
3528, 9, 9 
39571, 9, 9 
17551, 9, 9 
15239, 9, 9 
18051, 9, 9 
20358, 9, 9 
9238, 9, 9 
52576, 9, 9 
29318, 9, 9 
12965, 9, 9 
53847, 9, 9 
21192, 9, 9 
48255, 9, 9 
41021, 9, 9 
46889, 9, 9 
19748, 9, 9 
31089, 9, 9 
5063, 9, 9 
56238, 9, 9 
50747, 9, 9 
59604, 9, 9 
40656, 9, 9 
35070, 9, 9 
9655, 9, 9 
19707, 9, 9 
6969, 9, 9 
19295, 9, 9 
35239, 9, 9 
48097, 9, 9 
44670, 9, 9 
34957, 9, 9 
40634, 9, 9 
47390, 9, 9 
26226, 9, 9 
55813, 9, 9 
26954, 9, 9 
54584, 9, 9 
4459, 9, 9 
54335, 9, 9 
51020, 9, 9 
33783, 9, 9 
34176, 9, 9 
35836, 9, 9 
2779, 9, 9 
21423, 9, 9 
3913, 9, 9 
59749, 9, 9 
52506, 9, 9 
20871, 9, 9 
10772, 9, 9 
31325, 9, 9 
37474, 9, 9 
58213, 9, 9 
14950, 9, 9 
31417, 9, 9 
1147, 9, 9 
34665, 9, 9 
32377, 9, 9 
47403, 9, 9 
46961, 9, 9 
55464, 9, 9 
10047, 9, 9 
57638, 9, 9 
23275, 9, 9 
16521, 9, 9 
39750, 9, 9 
59027, 9, 9 
32848, 9, 9 
4771, 9, 9 
24053, 9, 9 
18228, 9, 9 
53565, 9, 9 
3970, 9, 9 
58222, 9, 9 
51334, 9, 9 
20434, 9, 9 
25134, 9, 9 
9275, 9, 9 
28240, 9, 9 
16568, 9, 9 
30296, 9, 9 
23552, 9, 9 
16753, 9, 9 
49298, 9, 9 
80, 9, 8 
56733, 9, 9 
4, 9, 9 
13898, 9, 9 
13235, 9, 9 
35532, 9, 9 
42482, 9, 9 
1574, 9, 9 
9504, 9, 9 
50041, 9, 9 
36863, 9, 9 
22725, 9, 9 
47671, 9, 9 
36735, 9, 9 
21138, 9, 9 
59404, 9, 9 
29808, 9, 9 
54449, 9, 9 
19644, 9, 9 
51812, 9, 9 
27926, 9, 9 
19412, 9, 9 
17562, 9, 9 
18441, 9, 9 
5765, 9, 9 
33592, 9, 9 
43034, 9, 9 
16731, 9, 9 
33472, 9, 9 
34335, 9, 9 
29305, 9, 9 
20778, 9, 9 
36201, 9, 9 
19126, 9, 9 
33199, 9, 9 
14681, 9, 9 
16884, 9, 9 
36655, 9, 9 
6036, 9, 9 
10374, 9, 9 
22296, 9, 9 
35760, 9, 9 
40145, 9, 9 
26424, 9, 9 
49227, 9, 9 
53154, 9, 9 
27226, 9, 9 
5386, 9, 9 
28737, 9, 9 
28416, 9, 9 
6263, 9, 9 
49703, 9, 9 
3784, 9, 9 
24566, 9, 9 
45062, 9, 9 
30910, 9, 9 
17682, 9, 9 
49663, 9, 9 
44028, 9, 9 
12910, 9, 9 
20900, 9, 9 
2911, 9, 9 
19887, 9, 9 
13209, 9, 9 
34615, 9, 9 
53280, 9, 9 
40508, 9, 9 
9051, 9, 9 
39034, 9, 9 
50436, 9, 9 
40126, 9, 9 
40050, 9, 9 
55063, 9, 9 
35068, 9, 9 
374, 9, 9 
30694, 9, 9 
8586, 9, 9 
39319, 9, 9 
7947, 9, 9 
44074, 9, 9 
42293, 9, 9 
33683, 9, 9 
53680, 9, 9 
16934, 9, 9 
50544, 9, 9 
52553, 9, 9 
110, 9, 9 
24549, 9, 9 
16953, 9, 9 
39654, 9, 9 
34439, 9, 9 
31088, 9, 9 
20826, 9, 9 
39425, 9, 9 
31573, 9, 9 
56201, 9, 9 
5501, 9, 9 
11373, 9, 9 
14324, 9, 9 
58484, 9, 9 
9308, 9, 9 
42465, 9, 9 
46742, 9, 9 
25637, 9, 9 
20918, 9, 9 
23638, 9, 9 
46762, 9, 9 
31376, 9, 9 
36988, 9, 9 
14915, 9, 9 
38775, 9, 9 
28601, 9, 9 
32959, 9, 9 
49599, 9, 9 
25562, 9, 7 
47459, 9, 9 
24936, 9, 9 
55856, 9, 9 
11688, 9, 9 
37737, 9, 9 
59532, 9, 9 
26833, 9, 9 
36922, 9, 9 
47056, 9, 9 
53868, 9, 9 
19146, 9, 9 
47836, 9, 9 
44854, 9, 9 
19715, 9, 9 
16588, 9, 9 
7545, 9, 9 
17398, 9, 9 
22959, 9, 9 
15222, 9, 9 
54905, 9, 9 
14716, 9, 9 
32729, 9, 9 
34066, 9, 9 
10808, 9, 9 
28715, 9, 9 
22, 9, 9 
25625, 9, 9 
14239, 9, 9 
29031, 9, 9 
49640, 9, 9 
38292, 9, 9 
32403, 9, 9 
14744, 9, 9 
18377, 9, 9 
52203, 9, 9 
20495, 9, 9 
7016, 9, 9 
22437, 9, 9 
20997, 9, 9 
5797, 9, 9 
32759, 9, 9 
3663, 9, 9 
7053, 9, 9 
59939, 9, 9 
6821, 9, 9 
30263, 9, 9 
30805, 9, 9 
2221, 9, 9 
25699, 9, 9 
22176, 9, 9 
1307, 9, 9 
10059, 9, 9 
6225, 9, 9 
5457, 9, 9 
34616, 9, 9 
51099, 9, 9 
10186, 9, 9 
18027, 9, 9 
25706, 9, 9 
58818, 9, 9 
37748, 9, 9 
20073, 9, 9 
57623, 9, 9 
34292, 9, 9 
46987, 9, 9 
14082, 9, 9 
19667, 9, 9 
1056, 9, 9 
13757, 9, 9 
3874, 9, 9 
29110, 9, 9 
46271, 9, 9 
51318, 9, 9 
49767, 9, 9 
53801, 9, 9 
51455, 9, 9 
52605, 9, 9 
45793, 9, 9 
4949, 9, 9 
55496, 9, 9 
50445, 9, 9 
19885, 9, 9 
18382, 9, 9 
13191, 9, 9 
59564, 9, 9 
1235, 9, 9 
6174, 9, 9 
58854, 9, 9 
32201, 9, 9 
44600, 9, 9 
27732, 9, 9 
31798, 9, 9 
17994, 9, 9 
47353, 9, 9 
42289, 9, 9 
13049, 9, 9 
49039, 9, 9 
1103, 9, 9 
36779, 9, 9 
7110, 9, 9 
55441, 9, 9 
48882, 9, 9 
550, 9, 9 
12248, 9, 9 
24898, 9, 9 
14443, 9, 9 
45756, 9, 9 
49956, 9, 9 
57874, 9, 9 
5865, 9, 9 
15212, 9, 9 
49451, 9, 9 
3935, 9, 9 
26416, 9, 9 
31213, 9, 9 
4399, 9, 9 
11215, 9, 9 
45587, 9, 9 
52570, 9, 9 
43992, 9, 9 
34458, 9, 9 
10848, 9, 9 
8363, 9, 9 
3190, 9, 9 
29802, 9, 9 
5518, 9, 9 
14667, 9, 9 
33744, 9, 9 
11465, 9, 9 
28463, 9, 9 
58372, 9, 9 
31320, 9, 9 
18860, 9, 9 
49007, 9, 9 
26302, 9, 9 
5658, 9, 9 
49213, 9, 9 
34123, 9, 9 
40978, 9, 9 
48964, 9, 9 
34940, 9, 9 
10341, 9, 9 
18111, 9, 9 
1116, 9, 9 
59211, 9, 9 
25168, 9, 9 
37150, 9, 9 
3000, 9, 9 
22772, 9, 9 
46492, 9, 9 
33098, 9, 9 
31767, 9, 9 
22388, 9, 9 
34838, 9, 9 
15063, 9, 9 
41422, 9, 9 
31261, 9, 9 
54571, 9, 9 
12171, 9, 9 
50053, 9, 9 
4678, 9, 9 
9483, 9, 9 
48484, 9, 9 
25446, 9, 9 
58264, 9, 9 
30814, 9, 9 
29332, 9, 9 
23512, 9, 9 
6294, 9, 9 
22514, 9, 9 
28062, 9, 9 
33308, 9, 9 
26199, 9, 9 
24860, 9, 9 
25372, 9, 9 
17591, 9, 9 
40762, 9, 9 
55792, 9, 9 
27342, 9, 9 
44776, 9, 9 
46065, 9, 9 
1066, 9, 9 
6734, 9, 9 
48384, 9, 9 
34903, 9, 9 
39576, 9, 9 
49096, 9, 9 
15659, 9, 9 
49549, 9, 9 
43966, 9, 9 
12237, 9, 9 
29012, 9, 9 
35893, 9, 9 
42106, 9, 9 
46435, 9, 9 
14922, 9, 9 
7755, 9, 9 
15117, 9, 9 
32366, 9, 9 
2060, 9, 9 
11682, 9, 9 
43358, 9, 9 
55957, 9, 9 
48148, 9, 9 
27902, 9, 9 
22086, 9, 9 
48222, 9, 9 
10387, 9, 9 
57539, 9, 9 
26282, 9, 9 
26346, 9, 9 
32777, 9, 9 
772, 9, 9 
1968, 9, 9 
17597, 9, 9 
428, 9, 9 
42718, 9, 9 
14627, 9, 9 
17758, 9, 9 
5740, 9, 9 
7756, 9, 9 
34790, 9, 9 
56230, 9, 9 
28368, 9, 9 
2643, 9, 9 
57079, 9, 9 
3296, 9, 9 
53070, 9, 9 
23710, 9, 4 
31986, 9, 9 
3781, 9, 9 
44995, 9, 9 
26640, 9, 9 
9448, 9, 9 
45178, 9, 9 
51531, 9, 9 
35188, 9, 9 
600, 9, 9 
24499, 9, 9 
52709, 9, 9 
31942, 9, 9 
9969, 9, 9 
35892, 9, 9 
47009, 9, 9 
38005, 9, 9 
53623, 9, 9 
56242, 9, 9 
18106, 9, 9 
31866, 9, 9 
49130, 9, 9 
