id, true label, predicted label 
28412, 0, 0 
39817, 0, 0 
9869, 0, 0 
46535, 0, 0 
46740, 0, 0 
54900, 0, 0 
1877, 0, 0 
10579, 0, 0 
21526, 0, 0 
36937, 0, 0 
20608, 0, 0 
17479, 0, 0 
41614, 0, 0 
55315, 0, 0 
50723, 0, 0 
50390, 0, 0 
16975, 0, 0 
33244, 0, 0 
20531, 0, 0 
12723, 0, 0 
3131, 0, 0 
40780, 0, 0 
19649, 0, 0 
42818, 0, 0 
28824, 0, 0 
34421, 0, 0 
50628, 0, 0 
39498, 0, 0 
39050, 0, 0 
56908, 0, 0 
52941, 0, 0 
37653, 0, 0 
24856, 0, 0 
52995, 0, 0 
33677, 0, 0 
12259, 0, 0 
19584, 0, 0 
68, 0, 0 
3490, 0, 0 
24706, 0, 0 
3661, 0, 0 
33148, 0, 0 
28131, 0, 0 
31112, 0, 0 
37382, 0, 0 
4985, 0, 0 
7664, 0, 0 
58454, 0, 0 
21970, 0, 0 
46896, 0, 0 
45235, 0, 0 
943, 0, 0 
59595, 0, 0 
54102, 0, 0 
15901, 0, 0 
55402, 0, 0 
40340, 0, 0 
5203, 0, 0 
6802, 0, 0 
4453, 0, 0 
19491, 0, 0 
44730, 0, 0 
40280, 0, 0 
9196, 0, 0 
7830, 0, 0 
34639, 0, 0 
44656, 0, 0 
2746, 0, 0 
45083, 0, 0 
13921, 0, 0 
23380, 0, 0 
38179, 0, 0 
58575, 0, 0 
23389, 0, 0 
24893, 0, 0 
49815, 0, 0 
12555, 0, 0 
19454, 0, 0 
50156, 0, 0 
4688, 0, 0 
36749, 0, 0 
6076, 0, 0 
47756, 0, 0 
43527, 0, 0 
49280, 0, 0 
41138, 0, 0 
52323, 0, 0 
8116, 0, 0 
20955, 0, 0 
11022, 0, 0 
41634, 0, 0 
47150, 0, 0 
6296, 0, 0 
48526, 0, 0 
11340, 0, 0 
39457, 0, 0 
46111, 0, 0 
59786, 0, 0 
20801, 0, 0 
21766, 0, 0 
9720, 0, 0 
20625, 0, 0 
50804, 0, 0 
14384, 0, 0 
39788, 0, 0 
5083, 0, 0 
53535, 0, 0 
1489, 0, 0 
53243, 0, 0 
19744, 0, 0 
19189, 0, 0 
24896, 0, 0 
59680, 0, 0 
53101, 0, 0 
35612, 0, 0 
53429, 0, 0 
59187, 0, 0 
2325, 0, 0 
35449, 0, 0 
47820, 0, 0 
14430, 0, 0 
5884, 0, 0 
48267, 0, 0 
15249, 0, 0 
30926, 0, 0 
51404, 0, 0 
49889, 0, 0 
16122, 0, 0 
16607, 0, 0 
37619, 0, 0 
43472, 0, 0 
15868, 0, 0 
58285, 0, 0 
27550, 0, 0 
1304, 0, 0 
7892, 0, 0 
1403, 0, 0 
39347, 0, 0 
45503, 0, 0 
56968, 0, 0 
4374, 0, 0 
51019, 0, 0 
39789, 0, 0 
16238, 0, 0 
54836, 0, 0 
5048, 0, 0 
47370, 0, 0 
9834, 0, 0 
51148, 0, 0 
34440, 0, 0 
59225, 0, 0 
48207, 0, 0 
25278, 0, 0 
34262, 0, 0 
42170, 0, 0 
8723, 0, 0 
29368, 0, 0 
19166, 0, 0 
53118, 0, 0 
1606, 0, 0 
32098, 0, 0 
14729, 0, 0 
17941, 0, 0 
2147, 0, 0 
35294, 0, 0 
13030, 0, 0 
4653, 0, 0 
41077, 0, 0 
59272, 0, 0 
16787, 0, 0 
39898, 0, 0 
4027, 0, 0 
51331, 0, 0 
21279, 0, 0 
32160, 0, 0 
55873, 0, 0 
18486, 0, 0 
25567, 0, 0 
27985, 0, 0 
14649, 0, 0 
21350, 0, 0 
41987, 0, 0 
3541, 0, 0 
33739, 0, 0 
33465, 0, 0 
19535, 0, 0 
56686, 0, 0 
21612, 0, 0 
52429, 0, 0 
12927, 0, 0 
29199, 0, 0 
4496, 0, 0 
27735, 0, 0 
41667, 0, 0 
48808, 0, 0 
42674, 0, 0 
2100, 0, 0 
41506, 0, 0 
31171, 0, 0 
33277, 0, 0 
36272, 0, 0 
51774, 0, 0 
17603, 0, 0 
52596, 0, 0 
9456, 0, 0 
34246, 0, 0 
20463, 0, 0 
18137, 0, 0 
10861, 0, 0 
42664, 0, 0 
38893, 0, 0 
11661, 0, 0 
57201, 0, 0 
57916, 0, 0 
19060, 0, 0 
22882, 0, 0 
27865, 0, 0 
11335, 0, 0 
31026, 0, 0 
26300, 0, 0 
53353, 0, 0 
42862, 0, 0 
13962, 0, 0 
8354, 0, 0 
34708, 0, 0 
30706, 0, 0 
39861, 0, 0 
39710, 0, 0 
5612, 0, 0 
12103, 0, 0 
25152, 0, 0 
35671, 0, 0 
33823, 0, 0 
28875, 0, 0 
17124, 0, 0 
38802, 0, 0 
50539, 0, 0 
51992, 0, 0 
23536, 0, 0 
40821, 0, 0 
40241, 0, 0 
50200, 0, 0 
20632, 0, 0 
15567, 0, 0 
6227, 0, 0 
41245, 0, 0 
12897, 0, 0 
30668, 0, 0 
13730, 0, 0 
709, 0, 0 
6094, 0, 0 
47626, 0, 0 
46114, 0, 0 
9971, 0, 0 
2473, 0, 0 
4216, 0, 0 
57685, 0, 0 
16192, 0, 0 
12008, 0, 0 
25427, 0, 0 
47923, 0, 0 
29713, 0, 0 
49800, 0, 0 
55907, 0, 0 
6337, 0, 0 
38228, 0, 0 
2532, 0, 0 
229, 0, 0 
29336, 0, 0 
6619, 0, 0 
14110, 0, 0 
55065, 0, 0 
25252, 0, 0 
50617, 0, 0 
38706, 0, 0 
47513, 0, 0 
7813, 0, 0 
22405, 0, 0 
27638, 0, 0 
6245, 0, 0 
7648, 0, 0 
37192, 0, 0 
5514, 0, 0 
55837, 0, 0 
58668, 0, 0 
46488, 0, 0 
6832, 0, 0 
28325, 0, 0 
52599, 0, 0 
52928, 0, 0 
28835, 0, 0 
44696, 0, 0 
44583, 0, 0 
49243, 0, 0 
20719, 0, 0 
30331, 0, 0 
22658, 0, 0 
25408, 0, 0 
56140, 0, 0 
44826, 0, 0 
55622, 0, 0 
29420, 0, 0 
14511, 0, 0 
24308, 0, 0 
32144, 0, 0 
44979, 0, 0 
59336, 0, 0 
5192, 0, 0 
13126, 0, 0 
16921, 0, 0 
21343, 0, 0 
49894, 0, 0 
59704, 0, 0 
52813, 0, 0 
47714, 0, 0 
13066, 0, 0 
55993, 0, 0 
46653, 0, 0 
32778, 0, 0 
58360, 0, 0 
24627, 0, 0 
33403, 0, 0 
13459, 0, 0 
1725, 0, 0 
21469, 0, 0 
32009, 0, 0 
22432, 0, 0 
37937, 0, 0 
23643, 0, 0 
4009, 0, 0 
216, 0, 0 
41038, 0, 0 
26713, 0, 0 
15704, 0, 0 
11559, 0, 0 
49200, 0, 0 
46604, 0, 0 
26422, 0, 0 
8304, 0, 0 
2770, 0, 0 
54356, 0, 0 
41383, 0, 0 
46332, 0, 0 
23499, 0, 0 
12457, 0, 0 
5228, 0, 0 
50637, 0, 0 
49027, 0, 0 
34653, 0, 0 
33254, 0, 0 
44743, 0, 0 
29283, 0, 0 
37787, 0, 0 
52978, 0, 0 
37917, 0, 0 
19990, 0, 0 
17064, 0, 0 
58784, 0, 0 
4047, 0, 0 
59585, 0, 0 
34480, 0, 0 
21403, 0, 0 
15700, 0, 0 
6400, 0, 0 
49716, 0, 0 
19179, 0, 0 
22224, 0, 0 
11330, 0, 0 
22981, 0, 0 
10372, 0, 0 
43631, 0, 0 
32531, 0, 0 
35857, 0, 0 
21506, 0, 0 
21874, 0, 0 
47786, 0, 0 
56436, 0, 0 
30734, 0, 0 
24828, 0, 0 
12193, 0, 0 
37189, 0, 0 
26930, 0, 0 
34172, 0, 0 
9209, 0, 0 
28274, 0, 0 
527, 0, 0 
21996, 0, 0 
21789, 0, 0 
4488, 0, 0 
50407, 0, 0 
8724, 0, 0 
14513, 0, 0 
40817, 0, 0 
53344, 0, 0 
8046, 0, 0 
44445, 0, 0 
24537, 0, 0 
45908, 0, 0 
44278, 0, 0 
7710, 0, 0 
39028, 0, 0 
14723, 0, 0 
38729, 0, 0 
17620, 0, 0 
15795, 0, 0 
51215, 0, 0 
57693, 0, 0 
20658, 0, 0 
55588, 0, 0 
33042, 0, 0 
26176, 0, 0 
41122, 0, 0 
21933, 0, 0 
53174, 0, 0 
47079, 0, 0 
666, 0, 0 
32625, 0, 0 
58782, 0, 0 
28821, 0, 0 
39992, 0, 0 
35525, 0, 0 
4642, 0, 0 
48200, 0, 0 
36589, 0, 0 
49575, 0, 0 
32951, 0, 0 
18832, 0, 0 
7930, 0, 0 
50820, 0, 0 
45307, 0, 0 
18703, 0, 0 
34541, 0, 0 
43465, 0, 0 
2192, 0, 0 
41789, 0, 0 
63, 0, 0 
36569, 0, 0 
13726, 0, 0 
22159, 0, 0 
40040, 0, 0 
22603, 0, 0 
4539, 0, 0 
49011, 0, 0 
10168, 0, 0 
13197, 0, 0 
47812, 0, 0 
6207, 0, 0 
14157, 0, 0 
6331, 0, 0 
24681, 0, 0 
4008, 0, 0 
21800, 0, 0 
8369, 0, 0 
8489, 0, 0 
31314, 0, 0 
17968, 0, 0 
43884, 0, 0 
29623, 0, 0 
17797, 0, 0 
10334, 0, 0 
34471, 0, 0 
45303, 0, 0 
20114, 0, 0 
48895, 0, 0 
57321, 0, 0 
39715, 0, 0 
38946, 0, 0 
57558, 0, 0 
6113, 0, 0 
12119, 0, 0 
22816, 0, 0 
47406, 0, 0 
596, 0, 0 
48790, 0, 0 
17606, 0, 0 
22265, 0, 0 
54690, 0, 0 
19012, 0, 0 
33687, 0, 0 
17134, 0, 0 
41557, 0, 0 
24189, 0, 0 
26639, 0, 0 
35050, 0, 0 
44208, 0, 0 
50774, 0, 0 
54620, 0, 0 
47917, 0, 0 
18208, 0, 0 
5488, 0, 0 
16217, 0, 0 
34985, 0, 0 
3964, 0, 0 
4218, 0, 0 
9671, 0, 0 
23093, 0, 0 
38042, 0, 0 
5249, 0, 0 
56570, 0, 0 
32273, 0, 0 
24083, 1, 1 
46416, 1, 1 
52268, 1, 1 
49855, 1, 1 
34723, 1, 1 
18074, 1, 1 
47035, 1, 1 
33418, 1, 1 
3551, 1, 1 
16944, 1, 1 
21972, 1, 1 
46236, 1, 1 
40725, 1, 1 
18683, 1, 1 
16181, 1, 1 
55150, 1, 1 
18540, 1, 1 
40878, 1, 1 
23045, 1, 1 
52046, 1, 1 
2198, 1, 1 
39169, 1, 1 
50855, 1, 1 
5239, 1, 1 
6609, 1, 1 
48600, 1, 1 
18339, 1, 1 
31238, 1, 1 
26667, 1, 1 
11291, 1, 1 
466, 1, 1 
13785, 1, 1 
21740, 1, 1 
41424, 1, 1 
48900, 1, 1 
26610, 1, 1 
25704, 1, 1 
44745, 1, 1 
37802, 1, 1 
7349, 1, 1 
47580, 1, 1 
56559, 1, 1 
17637, 1, 1 
17135, 1, 1 
56744, 1, 1 
47576, 1, 1 
1148, 1, 1 
19643, 1, 1 
7632, 1, 1 
27245, 1, 1 
55031, 1, 1 
2878, 1, 1 
691, 1, 1 
9884, 1, 1 
54071, 1, 1 
6082, 1, 1 
24924, 1, 1 
32083, 1, 1 
18524, 1, 1 
14701, 1, 1 
10982, 1, 1 
4763, 1, 1 
12883, 1, 1 
52849, 1, 1 
5648, 1, 1 
8772, 1, 1 
27454, 1, 1 
2663, 1, 1 
49194, 1, 1 
46499, 1, 1 
10713, 1, 1 
53273, 1, 1 
22847, 1, 1 
16835, 1, 1 
51010, 1, 1 
54213, 1, 1 
33354, 1, 1 
16665, 1, 1 
4913, 1, 1 
16148, 1, 1 
26617, 1, 1 
51136, 1, 1 
16121, 1, 1 
59849, 1, 1 
16651, 1, 1 
17418, 1, 1 
45373, 1, 1 
58610, 1, 1 
25774, 1, 1 
12356, 1, 1 
31971, 1, 1 
25436, 1, 1 
52042, 1, 1 
40482, 1, 1 
7149, 1, 1 
20659, 1, 1 
18293, 1, 1 
27744, 1, 1 
48454, 1, 1 
14149, 1, 1 
77, 1, 1 
34782, 1, 1 
44136, 1, 1 
1717, 1, 1 
14466, 1, 1 
19671, 1, 1 
2355, 1, 1 
35900, 1, 1 
23132, 1, 1 
38462, 1, 1 
10156, 1, 1 
587, 1, 1 
12128, 1, 1 
16204, 1, 1 
11440, 1, 1 
19036, 1, 1 
16483, 1, 1 
9457, 1, 1 
20961, 1, 1 
9315, 1, 1 
9161, 1, 1 
30068, 1, 1 
33663, 1, 1 
3956, 1, 1 
12885, 1, 1 
50356, 1, 1 
45893, 1, 1 
56000, 1, 1 
35587, 1, 1 
56511, 1, 1 
39984, 1, 1 
34754, 1, 1 
28922, 1, 1 
43844, 1, 1 
45743, 1, 1 
51015, 1, 1 
1065, 1, 1 
13711, 1, 1 
27011, 1, 1 
28622, 1, 1 
45641, 1, 1 
32231, 1, 1 
31920, 1, 1 
2623, 1, 1 
21201, 1, 1 
7821, 1, 1 
41205, 1, 1 
7746, 1, 1 
12918, 1, 1 
2103, 1, 1 
43684, 1, 1 
41210, 1, 1 
2429, 1, 1 
57430, 1, 1 
52177, 1, 1 
11743, 1, 1 
23844, 1, 1 
32315, 1, 1 
38591, 1, 1 
58459, 1, 1 
2630, 1, 1 
45284, 1, 1 
14682, 1, 1 
40148, 1, 1 
12158, 1, 1 
16325, 1, 1 
31916, 1, 1 
56610, 1, 1 
17032, 1, 1 
59932, 1, 1 
19850, 1, 1 
50918, 1, 1 
33462, 1, 1 
9181, 1, 1 
58991, 1, 1 
4405, 1, 1 
58591, 1, 1 
53080, 1, 1 
41467, 1, 1 
27003, 1, 1 
22627, 1, 1 
59713, 1, 1 
53604, 1, 1 
50068, 1, 1 
31853, 1, 1 
538, 1, 1 
32079, 1, 1 
27201, 1, 1 
16971, 1, 1 
29133, 1, 1 
17872, 1, 1 
33368, 1, 1 
39138, 1, 1 
31282, 1, 1 
12693, 1, 1 
48831, 1, 1 
4120, 1, 1 
52615, 1, 1 
21220, 1, 1 
25531, 1, 1 
8423, 1, 1 
4970, 1, 1 
57865, 1, 1 
39980, 1, 1 
4766, 1, 1 
37365, 1, 1 
20064, 1, 1 
29673, 1, 1 
21357, 1, 1 
18270, 1, 1 
34080, 1, 1 
30909, 1, 1 
5994, 1, 1 
951, 1, 1 
38860, 1, 1 
10983, 1, 1 
43770, 1, 1 
51372, 1, 1 
37482, 1, 1 
29088, 1, 1 
7057, 1, 1 
57222, 1, 1 
18259, 1, 1 
20018, 1, 1 
57749, 1, 1 
36995, 1, 1 
3878, 1, 1 
2326, 1, 1 
15669, 1, 1 
44876, 1, 1 
7075, 1, 1 
26745, 1, 1 
2767, 1, 1 
36921, 1, 1 
53383, 1, 1 
55083, 1, 1 
10568, 1, 1 
39077, 1, 1 
57193, 1, 1 
52084, 1, 1 
49131, 1, 1 
59523, 1, 1 
22560, 1, 1 
58286, 1, 1 
54094, 1, 1 
8904, 1, 1 
3889, 1, 1 
38464, 1, 1 
53823, 1, 1 
55415, 1, 1 
41222, 1, 1 
50731, 1, 1 
16907, 1, 1 
25805, 1, 1 
22586, 1, 1 
24895, 1, 1 
2040, 1, 1 
2366, 1, 1 
47075, 1, 1 
15380, 1, 1 
4710, 1, 1 
152, 1, 1 
31420, 1, 1 
33428, 1, 1 
13140, 1, 1 
41090, 1, 1 
10885, 1, 1 
59036, 1, 1 
33295, 1, 1 
21899, 1, 1 
14958, 1, 1 
15427, 1, 1 
17942, 1, 1 
20319, 1, 1 
4750, 1, 1 
3800, 1, 1 
24900, 1, 1 
7876, 1, 1 
20131, 1, 1 
25421, 1, 1 
49482, 1, 1 
29227, 1, 1 
38629, 1, 1 
31829, 1, 1 
46178, 1, 1 
38160, 1, 1 
18050, 1, 1 
57613, 1, 1 
19278, 1, 1 
8382, 1, 1 
44290, 1, 1 
7424, 1, 1 
53887, 1, 1 
57931, 1, 1 
26099, 1, 1 
20361, 1, 1 
45650, 1, 1 
55870, 1, 1 
39550, 1, 1 
30210, 1, 1 
23404, 1, 1 
27297, 1, 1 
8963, 1, 1 
28015, 1, 1 
21465, 1, 1 
45078, 1, 1 
42015, 1, 1 
25227, 1, 1 
49641, 1, 1 
5966, 1, 1 
8985, 1, 1 
16906, 1, 1 
29514, 1, 1 
18781, 1, 1 
9251, 1, 1 
51564, 1, 1 
27629, 1, 1 
24958, 1, 1 
41897, 1, 1 
21618, 1, 1 
39106, 1, 1 
4553, 1, 1 
57049, 1, 1 
32439, 1, 1 
19150, 1, 1 
43897, 1, 1 
36831, 1, 1 
53750, 1, 1 
18116, 1, 1 
19652, 1, 1 
54087, 1, 1 
45366, 1, 1 
6851, 1, 1 
14463, 1, 1 
58618, 1, 1 
10413, 1, 1 
45961, 1, 1 
4979, 1, 1 
113, 1, 1 
8602, 1, 1 
31729, 1, 1 
21554, 1, 1 
59247, 1, 1 
51603, 1, 1 
35389, 1, 1 
6209, 1, 1 
5439, 1, 1 
3080, 1, 1 
49628, 1, 1 
4049, 1, 1 
59882, 1, 1 
9930, 1, 1 
50789, 1, 1 
52990, 1, 1 
48897, 1, 1 
8506, 1, 1 
7896, 1, 1 
11405, 1, 1 
11275, 1, 1 
46210, 1, 1 
45816, 1, 1 
18568, 1, 1 
17457, 1, 1 
5023, 1, 1 
32179, 1, 1 
5494, 1, 1 
6104, 1, 1 
5882, 1, 1 
34467, 1, 1 
11229, 1, 1 
1230, 1, 1 
53824, 1, 1 
22888, 1, 1 
45204, 1, 1 
36811, 1, 1 
51867, 1, 1 
54543, 1, 1 
49840, 1, 1 
42243, 1, 1 
23921, 1, 1 
25235, 1, 1 
25606, 1, 1 
31498, 1, 1 
14924, 1, 1 
50652, 1, 1 
34004, 1, 1 
43128, 1, 1 
49964, 1, 1 
31908, 1, 1 
124, 1, 1 
40310, 1, 1 
44183, 1, 1 
205, 1, 1 
10205, 1, 1 
28098, 1, 1 
32559, 1, 1 
1700, 1, 1 
16509, 1, 1 
6745, 1, 1 
18741, 1, 1 
27207, 1, 1 
4311, 1, 1 
57997, 1, 1 
30146, 1, 1 
44454, 1, 1 
55140, 1, 1 
50952, 1, 1 
10362, 1, 1 
28569, 1, 1 
4225, 1, 1 
59, 1, 1 
9106, 1, 1 
19901, 1, 1 
37182, 1, 1 
20045, 1, 1 
41591, 1, 1 
56902, 1, 1 
21699, 1, 1 
11433, 1, 1 
47243, 1, 1 
57614, 1, 1 
33191, 1, 1 
55175, 1, 1 
41649, 1, 1 
20589, 1, 1 
20365, 1, 1 
42506, 1, 1 
34889, 1, 1 
43790, 1, 1 
20899, 1, 1 
13259, 1, 1 
53667, 1, 1 
27578, 1, 1 
32756, 1, 1 
34173, 1, 1 
15929, 1, 1 
269, 1, 1 
43490, 1, 1 
55127, 1, 1 
58926, 1, 1 
41269, 1, 1 
44966, 1, 1 
22065, 1, 1 
10602, 1, 1 
38432, 1, 1 
7472, 1, 1 
44151, 1, 1 
37102, 1, 1 
16348, 1, 1 
41638, 1, 1 
35116, 1, 1 
38487, 1, 1 
27693, 1, 1 
2015, 1, 1 
37110, 1, 1 
7119, 1, 1 
28292, 1, 1 
41492, 1, 1 
50400, 1, 1 
17638, 1, 1 
6682, 1, 1 
42276, 1, 1 
3831, 1, 1 
11868, 1, 1 
18833, 1, 1 
7205, 1, 1 
39888, 1, 1 
17854, 1, 1 
20691, 1, 1 
17180, 1, 1 
27309, 1, 1 
8296, 1, 1 
25524, 1, 1 
12949, 1, 1 
30158, 1, 1 
1242, 1, 1 
14685, 1, 1 
36509, 1, 1 
56572, 1, 1 
1331, 1, 1 
920, 1, 1 
58909, 1, 1 
44031, 1, 1 
25961, 1, 1 
36461, 1, 1 
57579, 1, 1 
27619, 1, 1 
2154, 1, 1 
28291, 1, 1 
39393, 1, 1 
46006, 1, 1 
16368, 1, 1 
18565, 1, 1 
27549, 1, 1 
34542, 1, 1 
48326, 1, 1 
39661, 1, 1 
27585, 1, 1 
15523, 1, 1 
5756, 1, 1 
54551, 2, 2 
55933, 2, 2 
37631, 2, 2 
42563, 2, 2 
39342, 2, 2 
48681, 2, 2 
2670, 2, 2 
19569, 2, 2 
31422, 2, 2 
54297, 2, 2 
6138, 2, 2 
19115, 2, 2 
36978, 2, 2 
44412, 2, 2 
52942, 2, 2 
24303, 2, 2 
43116, 2, 2 
17241, 2, 2 
56301, 2, 2 
41112, 2, 2 
42310, 2, 2 
55203, 2, 2 
20695, 2, 2 
5110, 2, 2 
29932, 2, 2 
7653, 2, 2 
12844, 2, 2 
57871, 2, 2 
53008, 2, 2 
39879, 2, 2 
38901, 2, 2 
53218, 2, 2 
8631, 2, 2 
23846, 2, 2 
25156, 2, 2 
52959, 2, 2 
41398, 2, 2 
26770, 2, 2 
59076, 2, 2 
57649, 2, 2 
10962, 2, 2 
11106, 2, 2 
34308, 2, 2 
46966, 2, 2 
15185, 2, 2 
16328, 2, 2 
15796, 2, 2 
52208, 2, 2 
49191, 2, 2 
48034, 2, 2 
31935, 2, 2 
47999, 2, 2 
43326, 2, 2 
12135, 2, 2 
52025, 2, 2 
53522, 2, 2 
34129, 2, 2 
41141, 2, 2 
25927, 2, 2 
50705, 2, 2 
4469, 2, 2 
5895, 2, 2 
57007, 2, 2 
50247, 2, 2 
4687, 2, 2 
27108, 2, 2 
7801, 2, 2 
27880, 2, 2 
40369, 2, 2 
56508, 2, 2 
30705, 2, 2 
26630, 2, 2 
55906, 2, 2 
34856, 2, 2 
40598, 2, 2 
24517, 2, 2 
49873, 2, 2 
6771, 2, 2 
12854, 2, 2 
58244, 2, 2 
52938, 2, 2 
11655, 2, 2 
9855, 2, 2 
31681, 2, 2 
52834, 2, 2 
9098, 2, 2 
50962, 2, 2 
37918, 2, 2 
45439, 2, 2 
49475, 2, 2 
47780, 2, 2 
59422, 2, 2 
20832, 2, 2 
33698, 2, 2 
49573, 2, 2 
6060, 2, 2 
36553, 2, 2 
28294, 2, 2 
189, 2, 2 
29626, 2, 2 
40160, 2, 2 
42654, 2, 2 
18764, 2, 2 
2322, 2, 2 
17046, 2, 2 
9218, 2, 2 
53207, 2, 2 
3200, 2, 2 
29064, 2, 2 
48391, 2, 2 
1894, 2, 2 
59991, 2, 2 
35023, 2, 2 
57262, 2, 2 
44415, 2, 2 
37307, 2, 2 
53434, 2, 2 
12954, 2, 2 
48598, 2, 2 
36133, 2, 2 
44140, 2, 2 
47375, 2, 2 
15278, 2, 2 
37040, 2, 2 
32973, 2, 2 
8390, 2, 2 
49034, 2, 2 
54247, 2, 2 
7413, 2, 2 
29500, 2, 2 
17336, 2, 2 
46974, 2, 2 
13693, 2, 2 
42327, 2, 2 
51870, 2, 2 
17482, 2, 2 
1143, 2, 2 
20065, 2, 2 
49168, 2, 2 
44492, 2, 2 
42115, 2, 2 
32317, 2, 2 
44133, 2, 2 
50251, 2, 2 
37426, 2, 2 
25827, 2, 2 
25533, 2, 2 
26333, 2, 2 
17216, 2, 2 
48349, 2, 2 
8446, 2, 2 
7790, 2, 2 
7170, 2, 2 
4999, 2, 2 
58409, 2, 2 
18147, 2, 2 
19232, 2, 2 
36680, 2, 2 
37989, 2, 2 
40076, 2, 2 
55545, 2, 2 
15187, 2, 2 
11795, 2, 2 
27957, 2, 2 
12234, 2, 2 
34385, 2, 2 
24050, 2, 2 
45341, 2, 2 
55637, 2, 2 
25632, 2, 2 
50527, 2, 2 
54737, 2, 2 
37157, 2, 2 
21366, 2, 2 
48279, 2, 2 
14978, 2, 2 
41512, 2, 2 
20568, 2, 2 
54305, 2, 2 
46556, 2, 2 
33878, 2, 2 
58060, 2, 2 
52207, 2, 2 
12474, 2, 2 
36982, 2, 2 
21537, 2, 2 
50695, 2, 2 
18460, 2, 2 
10526, 2, 2 
12875, 2, 2 
35011, 2, 2 
54676, 2, 2 
7939, 2, 2 
32075, 2, 2 
22811, 2, 2 
1998, 2, 2 
26613, 2, 2 
39644, 2, 2 
41466, 2, 2 
48516, 2, 2 
22878, 2, 2 
40632, 2, 2 
45453, 2, 2 
28436, 2, 2 
7859, 2, 2 
45698, 2, 2 
30970, 2, 2 
27791, 2, 2 
52549, 2, 2 
30772, 2, 2 
42037, 2, 2 
32709, 2, 2 
39153, 2, 2 
12559, 2, 8 
12481, 2, 2 
19463, 2, 2 
33819, 2, 2 
51726, 2, 2 
33930, 2, 2 
1391, 2, 2 
22457, 2, 2 
58896, 2, 2 
43768, 2, 2 
55997, 2, 2 
18164, 2, 2 
58962, 2, 2 
13200, 2, 2 
27770, 2, 2 
34799, 2, 2 
56223, 2, 2 
23776, 2, 2 
410, 2, 2 
22187, 2, 2 
24152, 2, 2 
7619, 2, 2 
36694, 2, 2 
31454, 2, 2 
3710, 2, 2 
34287, 2, 2 
54790, 2, 2 
15650, 2, 2 
9757, 2, 2 
4835, 2, 2 
13031, 2, 2 
7473, 2, 2 
27680, 2, 2 
2234, 2, 2 
23177, 2, 2 
46830, 2, 2 
59913, 2, 2 
7796, 2, 2 
33775, 2, 2 
9748, 2, 2 
21009, 2, 2 
4753, 2, 2 
7510, 2, 2 
32155, 2, 2 
52677, 2, 2 
47862, 2, 2 
21207, 2, 2 
14005, 2, 2 
24786, 2, 2 
41460, 2, 2 
563, 2, 2 
47393, 2, 2 
5415, 2, 2 
24618, 2, 2 
57908, 2, 2 
32640, 2, 2 
46463, 2, 2 
2450, 2, 2 
41399, 2, 2 
20850, 2, 2 
25609, 2, 2 
41595, 2, 2 
42001, 2, 2 
2783, 2, 2 
8428, 2, 2 
54674, 2, 2 
23503, 2, 2 
30951, 2, 2 
18544, 2, 2 
35685, 2, 2 
8749, 2, 2 
3879, 2, 2 
12366, 2, 2 
41256, 2, 2 
48270, 2, 2 
44095, 2, 2 
43184, 2, 2 
30594, 2, 2 
52370, 2, 2 
58857, 2, 2 
22998, 2, 2 
28611, 2, 2 
44475, 2, 2 
33333, 2, 2 
17071, 2, 2 
36858, 2, 2 
33743, 2, 2 
14837, 2, 2 
22624, 2, 2 
47603, 2, 2 
13257, 2, 2 
27178, 2, 2 
29501, 2, 2 
32382, 2, 2 
50814, 2, 2 
38753, 2, 2 
10535, 2, 2 
1374, 2, 2 
57191, 2, 2 
14646, 2, 2 
4322, 2, 2 
54169, 2, 2 
31555, 2, 2 
20440, 2, 2 
15994, 2, 2 
36001, 2, 2 
40699, 2, 2 
32065, 2, 2 
19343, 2, 2 
42065, 2, 2 
18631, 2, 2 
42717, 2, 2 
56498, 2, 2 
4697, 2, 2 
52453, 2, 2 
53984, 2, 2 
7624, 2, 2 
16007, 2, 2 
23313, 2, 2 
15123, 2, 2 
23325, 2, 2 
50543, 2, 2 
18841, 2, 2 
42633, 2, 2 
59556, 2, 2 
11081, 2, 2 
12916, 2, 2 
32744, 2, 2 
46841, 2, 2 
11006, 2, 2 
4706, 2, 2 
52189, 2, 2 
51037, 2, 2 
15846, 2, 2 
31513, 2, 2 
27915, 2, 2 
15457, 2, 2 
51567, 2, 2 
8843, 2, 2 
29770, 2, 2 
23545, 2, 2 
15823, 2, 2 
3833, 2, 2 
13654, 2, 2 
22558, 2, 2 
21006, 2, 2 
30832, 2, 2 
6649, 2, 2 
22027, 2, 2 
5841, 2, 2 
37367, 2, 2 
55157, 2, 2 
55982, 2, 2 
4777, 2, 2 
41541, 2, 2 
6386, 2, 2 
23952, 2, 2 
47731, 2, 2 
53303, 2, 2 
42539, 2, 2 
45099, 2, 2 
53500, 2, 2 
5900, 2, 2 
6505, 2, 2 
7337, 2, 2 
34614, 2, 2 
47529, 2, 2 
42839, 2, 2 
12422, 2, 2 
3142, 2, 2 
41260, 2, 2 
37806, 2, 2 
52142, 2, 2 
29789, 2, 2 
11299, 2, 2 
55789, 2, 2 
13503, 2, 2 
31133, 2, 2 
41451, 2, 2 
3582, 2, 2 
39726, 2, 2 
16760, 2, 2 
24746, 2, 2 
37243, 2, 2 
45375, 2, 2 
24206, 2, 2 
24089, 2, 2 
26146, 2, 2 
18084, 2, 2 
15573, 2, 2 
27761, 2, 2 
34181, 2, 2 
31503, 2, 2 
58884, 2, 2 
35827, 2, 2 
20779, 2, 2 
27787, 2, 2 
664, 2, 2 
49101, 2, 2 
18206, 2, 2 
48665, 2, 2 
37145, 2, 2 
33342, 2, 2 
38356, 2, 2 
54375, 2, 2 
50744, 2, 2 
22411, 2, 2 
40853, 2, 2 
20847, 2, 2 
22945, 2, 2 
26649, 2, 2 
27618, 2, 2 
44247, 2, 2 
51735, 2, 2 
2851, 2, 2 
45838, 2, 2 
7897, 2, 2 
22026, 2, 2 
4165, 2, 2 
47839, 2, 2 
41121, 2, 2 
2457, 2, 2 
25591, 2, 2 
3176, 2, 2 
32010, 2, 2 
16, 2, 2 
20542, 2, 2 
24982, 2, 2 
45096, 2, 2 
4016, 2, 2 
54613, 2, 2 
21502, 2, 2 
1800, 2, 2 
18215, 2, 2 
9179, 2, 2 
38319, 2, 2 
37533, 2, 2 
37320, 2, 2 
42883, 2, 2 
48698, 2, 2 
27614, 2, 2 
52224, 2, 2 
44847, 2, 2 
36846, 2, 2 
42918, 2, 2 
43105, 2, 2 
30811, 2, 2 
15605, 2, 2 
29152, 2, 2 
35721, 2, 2 
55001, 2, 2 
32264, 2, 2 
53656, 2, 2 
11384, 2, 2 
12461, 2, 2 
57624, 2, 2 
32768, 2, 2 
51238, 2, 2 
38339, 2, 2 
34056, 2, 2 
21528, 2, 2 
28212, 2, 2 
52898, 2, 2 
10920, 2, 2 
19132, 2, 2 
18264, 2, 2 
23957, 2, 2 
20077, 2, 2 
10300, 2, 2 
42708, 2, 2 
55625, 2, 2 
40569, 2, 2 
27434, 2, 2 
51216, 2, 2 
36166, 2, 2 
49474, 2, 2 
1624, 2, 2 
56340, 2, 2 
31467, 2, 2 
12286, 2, 2 
24805, 2, 2 
16390, 2, 2 
23231, 2, 2 
46050, 2, 2 
774, 2, 2 
55100, 2, 2 
22284, 2, 2 
57173, 3, 3 
39641, 3, 3 
53231, 3, 3 
30962, 3, 3 
28796, 3, 3 
7031, 3, 3 
49725, 3, 3 
5036, 3, 3 
18007, 3, 3 
30183, 3, 3 
24132, 3, 3 
43883, 3, 3 
42120, 3, 3 
53954, 3, 3 
6500, 3, 3 
22996, 3, 3 
29671, 3, 3 
26014, 3, 3 
35520, 3, 3 
54301, 3, 3 
47140, 3, 3 
98, 3, 3 
55133, 3, 3 
29459, 3, 3 
23425, 3, 3 
45398, 3, 3 
27478, 3, 3 
33917, 3, 3 
55071, 3, 3 
42056, 3, 3 
9053, 3, 3 
9529, 3, 3 
3893, 3, 3 
45791, 3, 3 
27946, 3, 3 
58707, 3, 3 
24294, 3, 3 
356, 3, 3 
28580, 3, 3 
12536, 3, 3 
16510, 3, 3 
42914, 3, 3 
752, 3, 3 
28123, 3, 3 
6892, 3, 3 
29765, 3, 3 
9553, 3, 3 
24281, 3, 3 
47720, 3, 3 
6415, 3, 3 
45135, 3, 3 
41287, 3, 3 
38281, 3, 3 
19101, 3, 3 
54996, 3, 3 
57872, 3, 3 
53923, 3, 3 
48849, 3, 3 
34208, 3, 3 
1486, 3, 3 
35010, 3, 3 
21176, 3, 3 
40619, 3, 3 
12333, 3, 3 
18225, 3, 3 
33986, 3, 3 
6298, 3, 3 
16366, 3, 3 
12345, 3, 3 
42150, 3, 3 
18584, 3, 3 
54516, 3, 3 
12814, 3, 3 
4632, 3, 3 
41515, 3, 3 
42477, 3, 3 
26671, 3, 3 
17634, 3, 3 
6651, 3, 3 
46480, 3, 3 
32409, 3, 3 
21726, 3, 3 
53357, 3, 3 
42505, 3, 3 
23338, 3, 3 
44684, 3, 3 
19200, 3, 3 
13601, 3, 3 
4868, 3, 3 
50726, 3, 3 
51987, 3, 3 
40931, 3, 3 
5031, 3, 3 
40121, 3, 3 
55393, 3, 3 
2669, 3, 3 
53938, 3, 3 
30833, 3, 3 
21284, 3, 3 
13442, 3, 3 
18997, 3, 3 
39061, 3, 3 
32275, 3, 3 
24906, 3, 3 
55091, 3, 3 
33351, 3, 3 
35093, 3, 3 
43817, 3, 3 
54285, 3, 3 
59699, 3, 3 
22172, 3, 3 
52700, 3, 3 
10389, 3, 3 
50210, 3, 3 
21866, 3, 3 
23488, 3, 3 
12080, 3, 3 
19348, 3, 3 
33080, 3, 3 
8498, 3, 3 
56337, 3, 3 
59366, 3, 3 
20167, 3, 3 
34316, 3, 3 
15379, 3, 3 
43902, 3, 3 
52816, 3, 3 
36247, 3, 3 
44435, 3, 3 
9637, 3, 3 
20705, 3, 3 
37209, 3, 3 
8716, 3, 3 
14529, 3, 3 
40574, 3, 3 
74, 3, 3 
12874, 3, 3 
10, 3, 3 
25689, 3, 3 
54772, 3, 3 
30934, 3, 3 
46652, 3, 3 
28137, 3, 3 
40087, 3, 3 
1718, 3, 3 
10730, 3, 3 
53107, 3, 3 
58089, 3, 3 
5987, 3, 3 
48978, 3, 3 
47095, 3, 3 
59725, 3, 3 
1566, 3, 3 
10137, 3, 3 
35550, 3, 3 
135, 3, 3 
59930, 3, 3 
18218, 3, 3 
21179, 3, 3 
3674, 3, 3 
11554, 3, 3 
49627, 3, 3 
45911, 3, 3 
31745, 3, 3 
11693, 3, 3 
19758, 3, 3 
10278, 3, 3 
1689, 3, 3 
27937, 3, 3 
17208, 3, 3 
48965, 3, 3 
6906, 3, 3 
29246, 3, 3 
4234, 3, 3 
9302, 3, 3 
33263, 3, 3 
361, 3, 3 
38927, 3, 3 
10330, 3, 3 
5637, 3, 3 
18061, 3, 3 
53419, 3, 3 
44555, 3, 3 
38670, 3, 3 
57680, 3, 3 
8099, 3, 3 
52636, 3, 3 
52790, 3, 3 
37161, 3, 3 
6362, 3, 3 
56561, 3, 3 
675, 3, 3 
9730, 3, 3 
15606, 3, 3 
39928, 3, 3 
5911, 3, 3 
37082, 3, 3 
5980, 3, 3 
48930, 3, 3 
38991, 3, 3 
15014, 3, 3 
32588, 3, 3 
57941, 3, 3 
24989, 3, 3 
4263, 3, 3 
24731, 3, 3 
52022, 3, 3 
58200, 3, 3 
43456, 3, 3 
55640, 3, 3 
25586, 3, 3 
1675, 3, 3 
5640, 3, 3 
40374, 3, 3 
5748, 3, 3 
47510, 3, 3 
56234, 3, 3 
38755, 3, 3 
50131, 3, 3 
56245, 3, 3 
28391, 3, 3 
1722, 3, 3 
34898, 3, 3 
4011, 3, 3 
23873, 3, 3 
35890, 3, 3 
52966, 3, 3 
9294, 3, 3 
56616, 3, 3 
25296, 3, 3 
5370, 3, 3 
49926, 3, 3 
17580, 3, 3 
12300, 3, 3 
55874, 3, 3 
15008, 3, 3 
19246, 3, 3 
25789, 3, 3 
19302, 3, 3 
52300, 3, 3 
18964, 3, 3 
40404, 3, 3 
44058, 3, 3 
43875, 3, 3 
13745, 3, 3 
49913, 3, 3 
17582, 3, 3 
157, 3, 3 
14903, 3, 3 
29557, 3, 3 
18862, 3, 3 
33145, 3, 3 
55796, 3, 3 
32071, 3, 3 
44146, 3, 3 
47742, 3, 3 
55038, 3, 3 
41863, 3, 3 
38218, 3, 3 
45736, 3, 3 
17911, 3, 3 
48325, 3, 3 
38495, 3, 3 
52164, 3, 3 
3571, 3, 3 
8338, 3, 3 
29719, 3, 3 
58513, 3, 3 
56934, 3, 3 
16678, 3, 3 
8200, 3, 3 
47587, 3, 3 
26505, 3, 3 
33655, 3, 3 
23724, 3, 3 
9848, 3, 3 
37959, 3, 3 
59307, 3, 3 
53545, 3, 3 
59334, 3, 3 
16329, 3, 3 
24987, 3, 3 
42627, 3, 3 
54697, 3, 3 
33962, 3, 3 
670, 3, 3 
24735, 3, 3 
58602, 3, 3 
39461, 3, 3 
50195, 3, 3 
46068, 3, 3 
26194, 3, 3 
8054, 3, 3 
20616, 3, 3 
21428, 3, 3 
22492, 3, 3 
54977, 3, 3 
25257, 3, 3 
11138, 3, 3 
4864, 3, 3 
32371, 3, 3 
40385, 3, 3 
46117, 3, 3 
52096, 3, 3 
20538, 3, 3 
15045, 3, 3 
12334, 3, 3 
56495, 3, 3 
9696, 3, 3 
7698, 3, 3 
16529, 3, 3 
41507, 3, 3 
12995, 3, 3 
31720, 3, 3 
16013, 3, 3 
20756, 3, 3 
2339, 3, 3 
1226, 3, 3 
25033, 3, 3 
41407, 3, 3 
1791, 3, 3 
59275, 3, 3 
31989, 3, 3 
37439, 3, 3 
54736, 3, 3 
51237, 3, 3 
22883, 3, 3 
18687, 3, 3 
18765, 3, 3 
5942, 3, 3 
38451, 3, 3 
53136, 3, 3 
50892, 3, 3 
35073, 3, 3 
9412, 3, 3 
34127, 3, 3 
26013, 3, 3 
53209, 3, 3 
57401, 3, 3 
32376, 3, 3 
50516, 3, 3 
12260, 3, 3 
47795, 3, 3 
1436, 3, 3 
59798, 3, 3 
5858, 3, 3 
1068, 3, 3 
50922, 3, 3 
35045, 3, 3 
44101, 3, 3 
23076, 3, 3 
34368, 3, 3 
26364, 3, 3 
25922, 3, 3 
14333, 3, 3 
41653, 3, 3 
12983, 3, 3 
56504, 3, 3 
30000, 3, 3 
53712, 3, 3 
31349, 3, 3 
11837, 3, 3 
20631, 3, 3 
43868, 3, 3 
16503, 3, 3 
37689, 3, 3 
24356, 3, 3 
59471, 3, 3 
13676, 3, 3 
49406, 3, 3 
1583, 3, 3 
42082, 3, 3 
21812, 3, 3 
11645, 3, 3 
49287, 3, 3 
40020, 3, 3 
2771, 3, 3 
44426, 3, 3 
44380, 3, 3 
59870, 3, 3 
5173, 3, 3 
45597, 3, 3 
49896, 3, 3 
13045, 3, 3 
23657, 3, 3 
44191, 3, 3 
3013, 3, 3 
49321, 3, 3 
48302, 3, 3 
43224, 3, 3 
10826, 3, 3 
31788, 3, 3 
39312, 3, 3 
10466, 3, 3 
20939, 3, 3 
32885, 3, 3 
29061, 3, 3 
7618, 3, 3 
35190, 3, 3 
11039, 3, 3 
12667, 3, 3 
14878, 3, 3 
8055, 3, 3 
31703, 3, 3 
16873, 3, 3 
25820, 3, 3 
54127, 3, 3 
26378, 3, 3 
21370, 3, 3 
42954, 3, 3 
4471, 3, 3 
35806, 3, 3 
46403, 3, 3 
59643, 3, 3 
46803, 3, 3 
28825, 3, 3 
11284, 3, 3 
1924, 3, 3 
10994, 3, 3 
17192, 3, 3 
41378, 3, 3 
8771, 3, 3 
27755, 3, 3 
26419, 3, 3 
808, 3, 3 
37847, 3, 3 
6286, 3, 3 
2960, 3, 3 
39366, 3, 3 
1668, 3, 3 
44504, 3, 3 
25172, 3, 3 
4094, 3, 3 
14367, 3, 3 
34363, 3, 3 
17777, 3, 3 
19575, 3, 3 
53246, 3, 3 
44906, 3, 3 
17646, 3, 3 
37996, 3, 3 
3383, 3, 3 
57765, 3, 3 
6601, 3, 3 
46588, 3, 3 
44671, 3, 3 
35058, 3, 3 
19075, 3, 3 
31587, 3, 3 
53358, 3, 3 
5710, 3, 3 
21221, 3, 3 
55746, 3, 3 
55008, 3, 3 
4138, 3, 3 
15986, 3, 3 
228, 3, 3 
695, 3, 3 
35422, 3, 3 
58080, 3, 3 
22058, 3, 3 
46689, 3, 3 
17752, 3, 3 
32804, 3, 3 
55550, 3, 3 
28953, 3, 3 
40865, 3, 3 
28571, 3, 3 
16748, 3, 3 
20397, 3, 3 
48859, 3, 3 
6766, 3, 3 
27726, 3, 3 
39871, 3, 3 
37443, 3, 3 
6106, 3, 3 
4881, 3, 3 
45959, 3, 3 
17062, 3, 3 
35122, 3, 3 
21209, 3, 3 
242, 3, 3 
33223, 3, 3 
46548, 3, 3 
46280, 3, 3 
43252, 3, 3 
22894, 3, 3 
36575, 3, 3 
43070, 3, 3 
12780, 3, 3 
44716, 3, 3 
22182, 3, 3 
53474, 3, 3 
32619, 3, 3 
37796, 3, 3 
45854, 3, 3 
37373, 3, 3 
15335, 3, 3 
57396, 3, 3 
49981, 3, 3 
11585, 4, 4 
22472, 4, 4 
8341, 4, 4 
49745, 4, 4 
32178, 4, 4 
1537, 4, 4 
15310, 4, 4 
21992, 4, 4 
17898, 4, 4 
55924, 4, 4 
8950, 4, 4 
32862, 4, 4 
1763, 4, 4 
43112, 4, 4 
21393, 4, 4 
17198, 4, 4 
2240, 4, 4 
49382, 4, 4 
33711, 4, 4 
36346, 4, 4 
40225, 4, 4 
59708, 4, 4 
52087, 4, 4 
44983, 4, 4 
55037, 4, 4 
40123, 4, 4 
27901, 4, 4 
21461, 4, 4 
21619, 4, 4 
26242, 4, 4 
44105, 4, 4 
22402, 4, 4 
13473, 4, 4 
39636, 4, 4 
49146, 4, 4 
8457, 4, 4 
56886, 4, 4 
22096, 4, 4 
16886, 4, 4 
37450, 4, 4 
7145, 4, 4 
42857, 4, 4 
9632, 4, 4 
12538, 4, 4 
29135, 4, 4 
11323, 4, 4 
27538, 4, 4 
50957, 4, 4 
27196, 4, 4 
4132, 4, 4 
36577, 4, 4 
34611, 4, 4 
5954, 4, 4 
48342, 4, 4 
38428, 4, 4 
18637, 4, 4 
51902, 4, 4 
21296, 4, 4 
10960, 4, 4 
6448, 4, 6 
35852, 4, 4 
12122, 4, 4 
24456, 4, 4 
4336, 4, 4 
38150, 4, 4 
41006, 4, 4 
25154, 4, 4 
31114, 4, 4 
115, 4, 4 
20794, 4, 4 
57279, 4, 4 
1171, 4, 4 
25378, 4, 4 
55546, 4, 4 
36279, 4, 4 
32762, 4, 4 
38093, 4, 4 
41678, 4, 4 
55964, 4, 4 
1580, 4, 4 
43634, 4, 4 
42377, 4, 4 
5064, 4, 4 
37381, 4, 4 
21648, 4, 4 
12077, 4, 4 
13902, 4, 4 
23269, 4, 4 
30243, 4, 4 
28823, 4, 4 
58240, 4, 4 
45815, 4, 4 
54264, 4, 1 
47691, 4, 4 
50846, 4, 4 
45613, 4, 4 
14546, 4, 4 
50009, 4, 4 
29024, 4, 4 
12125, 4, 4 
21270, 4, 4 
48892, 4, 4 
49398, 4, 4 
55983, 4, 4 
55753, 4, 4 
20053, 4, 4 
7282, 4, 4 
32412, 4, 4 
45928, 4, 4 
54473, 4, 4 
39833, 4, 4 
53307, 4, 4 
13052, 4, 4 
50183, 4, 4 
47708, 4, 4 
25498, 4, 4 
10908, 4, 4 
39413, 4, 4 
42032, 4, 4 
37840, 4, 4 
32583, 4, 4 
32524, 4, 4 
57704, 4, 4 
30316, 4, 4 
11861, 4, 4 
31669, 4, 4 
5936, 4, 4 
24607, 4, 4 
15373, 4, 4 
53492, 4, 4 
46245, 4, 4 
21875, 4, 4 
23326, 4, 4 
54279, 4, 4 
55810, 4, 4 
37793, 4, 4 
39990, 4, 4 
48402, 4, 4 
52112, 4, 4 
12438, 4, 4 
27346, 4, 4 
55323, 4, 4 
41923, 4, 4 
42345, 4, 4 
26693, 4, 4 
2089, 4, 4 
40903, 4, 4 
9216, 4, 4 
2071, 4, 4 
26450, 4, 4 
54936, 4, 4 
10789, 4, 4 
237, 4, 4 
46790, 4, 4 
13653, 4, 4 
45353, 4, 4 
13223, 4, 4 
12384, 4, 4 
4423, 4, 4 
40025, 4, 4 
46022, 4, 4 
37815, 4, 4 
44167, 4, 4 
36675, 4, 4 
57524, 4, 4 
53873, 4, 4 
57229, 4, 4 
8298, 4, 4 
23432, 4, 4 
18184, 4, 4 
3352, 4, 4 
272, 4, 4 
56320, 4, 4 
150, 4, 4 
46472, 4, 4 
28462, 4, 4 
55424, 4, 4 
4567, 4, 4 
31126, 4, 4 
32997, 4, 4 
9701, 4, 4 
28028, 4, 4 
10209, 4, 4 
29046, 4, 4 
18867, 4, 4 
47500, 4, 4 
52499, 4, 4 
55598, 4, 4 
22355, 4, 4 
47086, 4, 4 
55607, 4, 4 
5138, 4, 4 
47299, 4, 4 
44466, 4, 4 
28492, 4, 4 
28599, 4, 4 
5490, 4, 4 
48853, 4, 4 
21269, 4, 4 
3037, 4, 4 
19819, 4, 4 
16279, 4, 4 
4135, 4, 4 
33925, 4, 4 
48508, 4, 4 
7350, 4, 4 
34742, 4, 4 
663, 4, 4 
16652, 4, 4 
47308, 4, 4 
59144, 4, 4 
18717, 4, 4 
33702, 4, 4 
34988, 4, 4 
53278, 4, 4 
1271, 4, 4 
37171, 4, 4 
51081, 4, 4 
7090, 4, 4 
848, 4, 4 
17791, 4, 4 
19447, 4, 4 
52260, 4, 4 
47002, 4, 4 
22699, 4, 4 
52600, 4, 4 
48669, 4, 4 
25396, 4, 4 
48885, 4, 4 
4410, 4, 4 
10013, 4, 4 
30691, 4, 4 
38301, 4, 4 
57146, 4, 4 
2990, 4, 4 
3694, 4, 4 
43947, 4, 4 
8317, 4, 4 
31872, 4, 4 
11494, 4, 4 
3738, 4, 4 
2181, 4, 4 
19727, 4, 4 
43621, 4, 4 
12224, 4, 4 
42653, 4, 4 
46877, 4, 4 
41648, 4, 4 
38919, 4, 4 
27213, 4, 4 
38803, 4, 4 
34109, 4, 4 
58551, 4, 4 
47368, 4, 4 
11148, 4, 4 
52935, 4, 4 
57548, 4, 4 
5293, 4, 4 
30830, 4, 4 
28556, 4, 4 
58057, 4, 4 
34507, 4, 4 
15787, 4, 4 
35725, 4, 4 
25380, 4, 4 
18185, 4, 4 
30079, 4, 4 
33679, 4, 4 
21746, 4, 4 
6560, 4, 4 
754, 4, 4 
44496, 4, 4 
43639, 4, 4 
48286, 4, 4 
51939, 4, 4 
17256, 4, 4 
48393, 4, 4 
11434, 4, 4 
34735, 4, 4 
49196, 4, 4 
53974, 4, 4 
58049, 4, 4 
44922, 4, 4 
2204, 4, 4 
12194, 4, 4 
2406, 4, 4 
40343, 4, 4 
33195, 4, 4 
12760, 4, 4 
10241, 4, 4 
17736, 4, 4 
5807, 4, 4 
39080, 4, 4 
31448, 4, 4 
29854, 4, 4 
29879, 4, 4 
46716, 4, 4 
21022, 4, 4 
26769, 4, 4 
21499, 4, 4 
402, 4, 4 
45243, 4, 4 
13861, 4, 4 
55828, 4, 4 
2294, 4, 4 
9781, 4, 4 
42464, 4, 4 
41220, 4, 4 
12790, 4, 4 
41925, 4, 4 
24432, 4, 4 
56190, 4, 4 
10175, 4, 4 
19299, 4, 4 
58730, 4, 4 
51263, 4, 4 
7327, 4, 4 
49513, 4, 4 
53125, 4, 4 
16625, 4, 4 
23538, 4, 4 
16399, 4, 4 
56281, 4, 4 
14637, 4, 4 
5401, 4, 4 
10320, 4, 4 
38812, 4, 4 
6890, 4, 4 
48928, 4, 4 
48745, 4, 4 
24295, 4, 4 
47092, 4, 4 
5636, 4, 4 
58463, 4, 4 
8239, 4, 4 
1461, 4, 4 
30846, 4, 4 
37311, 4, 4 
58514, 4, 4 
18636, 4, 4 
8438, 4, 4 
5331, 4, 4 
2424, 4, 4 
38188, 4, 4 
11005, 4, 4 
22992, 4, 4 
23549, 4, 4 
23641, 4, 4 
41724, 4, 4 
31359, 4, 4 
32917, 4, 4 
12955, 4, 4 
32384, 4, 4 
8215, 4, 4 
3990, 4, 4 
41671, 4, 4 
10033, 4, 4 
48703, 4, 4 
4833, 4, 4 
5091, 4, 4 
50164, 4, 4 
42425, 4, 4 
47665, 4, 4 
30954, 4, 4 
38052, 4, 4 
46781, 4, 4 
27398, 4, 4 
25848, 4, 4 
13841, 4, 4 
58712, 4, 4 
4829, 4, 4 
35141, 4, 4 
17767, 4, 4 
56797, 4, 4 
26767, 4, 4 
8657, 4, 4 
4781, 4, 4 
2338, 4, 4 
33888, 4, 4 
28588, 4, 4 
31598, 4, 4 
56808, 4, 4 
17913, 4, 4 
22051, 4, 4 
56268, 4, 4 
2800, 4, 4 
2217, 4, 4 
31123, 4, 4 
6323, 4, 4 
52815, 4, 4 
31340, 4, 4 
49843, 4, 4 
9172, 4, 4 
7399, 4, 4 
45121, 4, 4 
46728, 4, 4 
1227, 4, 4 
54294, 4, 4 
35142, 4, 4 
49874, 4, 4 
46232, 4, 4 
22980, 4, 4 
46754, 4, 4 
23587, 4, 4 
37712, 4, 4 
24018, 4, 4 
59975, 4, 4 
33473, 4, 4 
14220, 4, 4 
55181, 4, 4 
20972, 4, 4 
15035, 4, 4 
50069, 4, 4 
40450, 4, 4 
51309, 4, 4 
46643, 4, 4 
42895, 4, 4 
31994, 4, 4 
4197, 4, 4 
42519, 4, 4 
30198, 4, 4 
8995, 4, 4 
42574, 4, 4 
59042, 4, 4 
10587, 4, 4 
18877, 4, 4 
29047, 4, 4 
28669, 4, 4 
13104, 4, 4 
18617, 4, 4 
19789, 4, 4 
52734, 4, 4 
38668, 4, 4 
31251, 4, 4 
37485, 4, 4 
23529, 4, 4 
24648, 4, 4 
38603, 4, 4 
53426, 4, 4 
48953, 4, 4 
11767, 4, 4 
21181, 4, 4 
55776, 4, 4 
49479, 4, 4 
5105, 4, 4 
15576, 4, 4 
42822, 4, 4 
59931, 4, 4 
54895, 4, 4 
26217, 4, 4 
51382, 4, 4 
18570, 4, 4 
31660, 4, 4 
24302, 4, 4 
44535, 4, 4 
2449, 4, 4 
35813, 4, 4 
47365, 4, 4 
1541, 4, 4 
55351, 4, 4 
39046, 4, 4 
39916, 4, 4 
46052, 4, 4 
37112, 4, 4 
16302, 4, 4 
35748, 4, 4 
52663, 4, 4 
28468, 4, 4 
30682, 4, 4 
22031, 4, 4 
55944, 4, 4 
3074, 4, 4 
19484, 4, 4 
11649, 4, 4 
6797, 4, 4 
6329, 4, 4 
25484, 4, 4 
14296, 4, 4 
23375, 4, 4 
58417, 4, 4 
1098, 4, 4 
39635, 4, 4 
11652, 4, 4 
47981, 4, 4 
23411, 4, 4 
35098, 4, 4 
51182, 4, 4 
57835, 4, 4 
46749, 4, 4 
40766, 4, 4 
39209, 4, 4 
11414, 4, 4 
13548, 4, 4 
39404, 4, 4 
18365, 4, 4 
33637, 4, 4 
21729, 4, 4 
7726, 4, 4 
5033, 4, 4 
41166, 4, 4 
48939, 5, 5 
25357, 5, 5 
42631, 5, 5 
35062, 5, 5 
50321, 5, 5 
38896, 5, 5 
2571, 5, 5 
653, 5, 5 
43308, 5, 5 
50430, 5, 5 
47281, 5, 5 
33321, 5, 5 
11569, 5, 5 
9160, 5, 5 
57013, 5, 5 
12891, 5, 5 
46522, 5, 5 
15571, 5, 5 
41322, 5, 5 
31615, 5, 5 
23858, 5, 5 
36683, 5, 5 
26363, 5, 5 
53272, 5, 5 
19364, 5, 5 
37597, 5, 5 
47609, 5, 5 
5056, 5, 5 
59190, 5, 5 
53470, 5, 5 
36787, 5, 5 
48921, 5, 5 
32200, 5, 5 
22779, 5, 5 
57671, 5, 5 
23746, 5, 5 
40350, 5, 5 
50569, 5, 5 
40966, 5, 5 
23455, 5, 5 
37584, 5, 5 
7670, 5, 5 
18083, 5, 5 
58976, 5, 5 
48533, 5, 5 
47428, 5, 5 
14543, 5, 5 
50633, 5, 5 
50954, 5, 5 
25177, 5, 5 
25603, 5, 5 
16910, 5, 5 
37865, 5, 5 
579, 5, 5 
15193, 5, 5 
2211, 5, 5 
36544, 5, 5 
51524, 5, 5 
50422, 5, 5 
23632, 5, 5 
46188, 5, 5 
13312, 5, 5 
11055, 5, 5 
7845, 5, 5 
47949, 5, 5 
26493, 5, 5 
26918, 5, 5 
47319, 5, 5 
51349, 5, 5 
16165, 5, 5 
31328, 5, 5 
26195, 5, 5 
11507, 5, 5 
18157, 5, 5 
12694, 5, 5 
39773, 5, 5 
21588, 5, 5 
13517, 5, 5 
1806, 5, 5 
19996, 5, 5 
38801, 5, 5 
23264, 5, 5 
14444, 5, 5 
28469, 5, 5 
43328, 5, 5 
4007, 5, 5 
35274, 5, 5 
19236, 5, 5 
50779, 5, 5 
28658, 5, 5 
19699, 5, 5 
47873, 5, 5 
35114, 5, 5 
17665, 5, 5 
6399, 5, 5 
37086, 5, 5 
3535, 5, 5 
17385, 5, 5 
2966, 5, 5 
39197, 5, 5 
27845, 5, 5 
2266, 5, 5 
36086, 5, 5 
14451, 5, 5 
58799, 5, 5 
47081, 5, 5 
39214, 5, 5 
8307, 5, 5 
38313, 5, 5 
41072, 5, 5 
35500, 5, 5 
771, 5, 5 
1490, 5, 5 
32492, 5, 5 
15611, 5, 5 
21346, 5, 5 
44263, 5, 5 
41258, 5, 5 
12157, 5, 5 
13305, 5, 5 
13946, 5, 5 
45334, 5, 5 
23824, 5, 3 
3467, 5, 5 
14009, 5, 5 
3819, 5, 5 
33046, 5, 5 
30572, 5, 5 
49655, 5, 5 
10589, 5, 5 
40761, 5, 5 
5081, 5, 5 
43591, 5, 5 
42590, 5, 5 
24903, 5, 5 
45567, 5, 5 
31473, 5, 5 
2248, 5, 5 
33077, 5, 5 
49107, 5, 5 
54723, 5, 5 
48950, 5, 5 
2775, 5, 5 
21632, 5, 5 
19888, 5, 5 
25832, 5, 5 
58989, 5, 5 
29112, 5, 5 
34561, 5, 5 
53193, 5, 5 
9336, 5, 5 
41001, 5, 5 
34148, 5, 5 
23377, 5, 5 
44404, 5, 5 
34755, 5, 5 
26680, 5, 5 
8479, 5, 5 
36999, 5, 5 
31999, 5, 5 
55908, 5, 5 
23392, 5, 5 
55396, 5, 5 
19638, 5, 5 
2857, 5, 5 
1691, 5, 5 
48561, 5, 5 
16268, 5, 5 
25679, 5, 5 
58653, 5, 5 
18968, 5, 5 
37820, 5, 5 
3839, 5, 5 
26727, 5, 5 
40868, 5, 5 
16084, 5, 5 
48564, 5, 5 
55572, 5, 5 
48249, 5, 5 
17981, 5, 5 
37089, 5, 5 
20200, 5, 5 
48705, 5, 5 
58165, 5, 5 
17610, 5, 5 
46733, 5, 5 
37181, 5, 5 
30961, 5, 5 
29008, 5, 5 
28375, 5, 5 
19472, 5, 5 
37114, 5, 5 
52172, 5, 5 
21114, 5, 5 
15444, 5, 5 
3613, 5, 5 
47995, 5, 5 
30405, 5, 5 
7962, 5, 5 
24043, 5, 5 
38610, 5, 5 
22379, 5, 5 
6772, 5, 5 
37567, 5, 5 
48814, 5, 5 
13036, 5, 5 
50786, 5, 5 
50507, 5, 5 
39808, 5, 5 
25793, 5, 5 
23123, 5, 5 
59338, 5, 5 
41063, 5, 5 
43867, 5, 5 
17239, 5, 5 
19659, 5, 5 
30488, 5, 5 
55453, 5, 5 
32080, 5, 5 
52769, 5, 5 
46759, 5, 5 
10465, 5, 5 
11115, 5, 5 
9565, 5, 5 
17747, 5, 5 
12082, 5, 5 
1991, 5, 5 
34400, 5, 5 
20171, 5, 5 
53859, 5, 5 
45591, 5, 5 
20006, 5, 5 
35743, 5, 5 
43946, 5, 5 
43696, 5, 5 
41091, 5, 5 
18639, 5, 5 
31086, 5, 5 
55506, 5, 5 
40623, 5, 5 
52509, 5, 5 
33903, 5, 5 
23407, 5, 5 
45947, 5, 5 
51495, 5, 5 
59160, 5, 5 
39380, 5, 5 
33555, 5, 5 
173, 5, 5 
8900, 5, 5 
47414, 5, 5 
48424, 5, 5 
10432, 5, 5 
31242, 5, 5 
52326, 5, 5 
14806, 5, 5 
41223, 5, 5 
58290, 5, 5 
10146, 5, 5 
46805, 5, 5 
49241, 5, 5 
23169, 5, 5 
45101, 5, 5 
1109, 5, 5 
58604, 5, 5 
14144, 5, 5 
25765, 5, 5 
30853, 5, 5 
59384, 5, 5 
55902, 5, 5 
32141, 5, 5 
29787, 5, 5 
29696, 5, 5 
14078, 5, 5 
55748, 5, 5 
7346, 5, 5 
14096, 5, 5 
10111, 5, 5 
40534, 5, 5 
19353, 5, 5 
2622, 5, 5 
6171, 5, 5 
31434, 5, 5 
2111, 5, 5 
29410, 5, 5 
21819, 5, 5 
10871, 5, 5 
14251, 5, 5 
10546, 5, 5 
32987, 5, 5 
11644, 5, 5 
32136, 5, 5 
25066, 5, 5 
30262, 5, 5 
16374, 5, 5 
4247, 5, 5 
6180, 5, 5 
28060, 5, 5 
38564, 5, 5 
36516, 5, 5 
36309, 5, 5 
57480, 5, 5 
23676, 5, 5 
34463, 5, 5 
2258, 5, 5 
28178, 5, 5 
55055, 5, 5 
22235, 5, 5 
51278, 5, 5 
46914, 5, 5 
31424, 5, 5 
2281, 5, 5 
44341, 5, 5 
5489, 5, 5 
49038, 5, 5 
58477, 5, 5 
15069, 5, 5 
36800, 5, 5 
13276, 5, 5 
19958, 5, 5 
54904, 5, 5 
48541, 5, 5 
36812, 5, 5 
15819, 5, 5 
35310, 5, 5 
10056, 5, 5 
49652, 5, 5 
54465, 5, 5 
38217, 5, 5 
5712, 5, 5 
46808, 5, 5 
42338, 5, 5 
51792, 5, 5 
54159, 5, 5 
14100, 5, 5 
52364, 5, 5 
4665, 5, 5 
52439, 5, 5 
45072, 5, 5 
20017, 5, 5 
28846, 5, 5 
47305, 5, 5 
18340, 5, 5 
33044, 5, 5 
23567, 5, 5 
32671, 5, 5 
49375, 5, 5 
16426, 5, 5 
59609, 5, 5 
42049, 5, 5 
18822, 5, 5 
31929, 5, 5 
9995, 5, 5 
3031, 5, 5 
53069, 5, 5 
407, 5, 5 
5363, 5, 5 
48606, 5, 5 
32354, 5, 5 
48659, 5, 5 
45344, 5, 5 
19001, 5, 5 
46878, 5, 5 
40972, 5, 5 
32233, 5, 5 
57231, 5, 5 
40678, 5, 5 
41127, 5, 5 
41390, 5, 5 
49935, 5, 5 
53695, 5, 5 
6646, 5, 5 
14933, 5, 5 
40511, 5, 5 
48237, 5, 5 
29870, 5, 5 
27100, 5, 5 
15969, 5, 5 
27699, 5, 5 
32547, 5, 5 
35350, 5, 5 
24330, 5, 5 
11325, 5, 5 
41737, 5, 5 
912, 5, 5 
16164, 5, 5 
12146, 5, 5 
33071, 5, 5 
10286, 5, 5 
1442, 5, 5 
12588, 5, 5 
44987, 5, 5 
19106, 5, 5 
33420, 5, 5 
8988, 5, 5 
48161, 5, 5 
51692, 5, 5 
40759, 5, 5 
35867, 5, 5 
58142, 5, 5 
29748, 5, 5 
39996, 5, 5 
11141, 5, 5 
20804, 5, 5 
22918, 5, 5 
33622, 5, 5 
17294, 5, 5 
335, 5, 5 
51994, 5, 5 
4376, 5, 5 
7699, 5, 5 
31455, 5, 5 
2395, 5, 5 
16819, 5, 5 
17680, 5, 5 
30553, 5, 5 
30132, 5, 5 
16511, 5, 5 
6888, 5, 5 
6781, 5, 5 
51875, 5, 5 
1222, 5, 5 
43318, 5, 5 
14544, 5, 5 
41867, 5, 5 
18749, 5, 5 
28974, 5, 5 
9228, 5, 5 
11472, 5, 5 
35535, 5, 5 
44738, 5, 5 
11590, 5, 5 
21360, 5, 5 
46322, 5, 5 
44014, 5, 5 
6255, 5, 5 
41523, 5, 5 
29892, 5, 5 
4752, 5, 5 
36493, 5, 5 
36407, 5, 5 
43206, 5, 5 
21678, 5, 5 
20428, 5, 5 
19487, 5, 5 
38658, 5, 5 
9539, 5, 5 
59136, 5, 5 
39253, 5, 5 
8548, 5, 5 
38378, 5, 5 
42517, 5, 5 
53715, 5, 5 
16908, 5, 5 
14748, 5, 5 
42964, 5, 5 
55208, 5, 5 
19506, 5, 5 
7244, 5, 5 
38864, 5, 5 
53647, 5, 5 
19219, 5, 5 
34187, 5, 5 
32040, 5, 5 
44928, 5, 5 
18329, 5, 5 
1516, 5, 5 
17971, 5, 5 
42609, 5, 5 
47737, 5, 5 
19702, 5, 5 
26868, 5, 5 
59473, 5, 5 
55428, 5, 5 
22329, 5, 5 
4711, 5, 5 
7323, 5, 5 
13800, 5, 5 
31013, 5, 5 
5603, 5, 5 
22581, 5, 5 
7374, 5, 5 
36883, 5, 5 
29273, 5, 5 
50904, 5, 5 
17879, 5, 5 
45534, 5, 5 
15834, 5, 5 
27065, 5, 5 
43412, 5, 5 
11094, 5, 5 
28465, 5, 5 
46152, 5, 5 
18237, 5, 5 
1575, 5, 5 
13681, 5, 5 
52540, 5, 5 
56045, 5, 5 
50766, 5, 5 
59269, 5, 5 
19382, 6, 6 
50823, 6, 6 
910, 6, 6 
32477, 6, 6 
11062, 6, 6 
12509, 6, 6 
40596, 6, 6 
26530, 6, 6 
4463, 6, 6 
24616, 6, 6 
27685, 6, 6 
50865, 6, 6 
23148, 6, 6 
6031, 6, 6 
49977, 6, 6 
18971, 6, 6 
7577, 6, 6 
21901, 6, 6 
8001, 6, 6 
57943, 6, 6 
33919, 6, 6 
33548, 6, 6 
21418, 6, 6 
59567, 6, 6 
27905, 6, 6 
25010, 6, 6 
15625, 6, 6 
20821, 6, 6 
45030, 6, 6 
7202, 6, 6 
23654, 6, 6 
44319, 6, 6 
56098, 6, 6 
35241, 6, 6 
27369, 6, 6 
20745, 6, 6 
55066, 6, 6 
11905, 6, 6 
25165, 6, 6 
18140, 6, 6 
58329, 6, 6 
49597, 6, 6 
14641, 6, 6 
39430, 6, 6 
27704, 6, 6 
12423, 6, 6 
19426, 6, 6 
16599, 6, 6 
19206, 6, 6 
45309, 6, 6 
28934, 6, 6 
29554, 6, 6 
5910, 6, 6 
24037, 6, 6 
597, 6, 6 
38925, 6, 6 
20433, 6, 6 
6930, 6, 6 
56251, 6, 6 
47430, 6, 6 
31672, 6, 6 
50719, 6, 6 
9174, 6, 6 
24687, 6, 6 
59161, 6, 6 
24304, 6, 6 
5126, 6, 6 
33030, 6, 6 
35205, 6, 6 
57945, 6, 6 
44953, 6, 6 
21838, 6, 6 
57754, 6, 6 
12468, 6, 6 
43399, 6, 6 
30945, 6, 6 
16410, 6, 6 
47112, 6, 6 
19754, 6, 6 
42405, 6, 6 
33055, 6, 6 
5071, 6, 6 
26126, 6, 6 
1557, 6, 6 
37724, 6, 6 
33715, 6, 6 
46432, 6, 6 
29795, 6, 6 
20148, 6, 6 
43462, 6, 6 
6396, 6, 6 
30989, 6, 6 
39036, 6, 6 
5846, 6, 6 
56692, 6, 6 
2785, 6, 6 
16255, 6, 6 
56179, 6, 6 
25219, 6, 6 
26848, 6, 6 
939, 6, 6 
36743, 6, 6 
22291, 6, 6 
11571, 6, 6 
34466, 6, 6 
34413, 6, 6 
18704, 6, 1 
43736, 6, 6 
36036, 6, 6 
13047, 6, 6 
55584, 6, 6 
27642, 6, 6 
49178, 6, 6 
39177, 6, 6 
26977, 6, 6 
11038, 6, 6 
8726, 6, 6 
56519, 6, 6 
48565, 6, 6 
47774, 6, 6 
43668, 6, 6 
27769, 6, 6 
57198, 6, 6 
8820, 6, 6 
30788, 6, 6 
25559, 6, 6 
28397, 6, 6 
12450, 6, 6 
17796, 6, 6 
11316, 6, 6 
34488, 6, 6 
56549, 6, 6 
58997, 6, 6 
31104, 6, 6 
4210, 6, 6 
16433, 6, 6 
2372, 6, 6 
31705, 6, 6 
28817, 6, 6 
50098, 6, 6 
1504, 6, 6 
38322, 6, 6 
10816, 6, 6 
53228, 6, 6 
25665, 6, 6 
46804, 6, 6 
55512, 6, 6 
46420, 6, 6 
22387, 6, 6 
28152, 6, 6 
11731, 6, 6 
681, 6, 6 
57783, 6, 6 
50266, 6, 6 
23049, 6, 6 
43270, 6, 6 
14248, 6, 6 
57519, 6, 6 
16894, 6, 6 
52856, 6, 6 
46991, 6, 6 
30576, 6, 6 
56342, 6, 6 
10473, 6, 6 
15478, 6, 6 
53169, 6, 6 
8636, 6, 6 
58516, 6, 6 
41500, 6, 6 
48276, 6, 6 
7641, 6, 6 
42523, 6, 6 
21821, 6, 6 
22190, 6, 6 
47026, 6, 6 
17616, 6, 6 
17728, 6, 6 
57143, 6, 6 
33724, 6, 6 
11787, 6, 6 
4586, 6, 6 
22435, 6, 6 
55841, 6, 6 
35601, 6, 6 
58352, 6, 6 
12104, 6, 6 
54288, 6, 6 
7126, 6, 6 
45506, 6, 6 
46392, 6, 6 
47705, 6, 6 
26318, 6, 6 
10650, 6, 6 
9217, 6, 6 
23850, 6, 6 
24764, 6, 6 
15627, 6, 6 
45580, 6, 6 
19048, 6, 6 
2025, 6, 6 
34174, 6, 6 
44011, 6, 6 
33058, 6, 6 
53481, 6, 6 
40331, 6, 6 
17014, 6, 6 
49173, 6, 6 
25769, 6, 6 
3999, 6, 6 
32255, 6, 6 
49539, 6, 6 
33154, 6, 6 
9417, 6, 6 
33513, 6, 6 
24576, 6, 6 
14423, 6, 6 
22806, 6, 6 
24453, 6, 6 
36798, 6, 6 
32803, 6, 6 
51031, 6, 6 
22383, 6, 6 
26735, 6, 6 
35424, 6, 6 
52156, 6, 6 
19329, 6, 6 
33692, 6, 6 
27134, 6, 6 
39250, 6, 6 
27190, 6, 6 
18982, 6, 6 
38584, 6, 6 
4546, 6, 6 
11697, 6, 6 
59866, 6, 6 
22889, 6, 6 
36267, 6, 6 
7847, 6, 6 
29622, 6, 6 
28721, 6, 6 
18328, 6, 6 
57346, 6, 6 
1892, 6, 6 
34791, 6, 6 
29836, 6, 6 
27483, 6, 6 
44315, 6, 6 
19698, 6, 6 
58578, 6, 6 
11479, 6, 6 
45080, 6, 6 
41695, 6, 6 
38578, 6, 6 
46229, 6, 6 
735, 6, 6 
16782, 6, 6 
23687, 6, 6 
18869, 6, 6 
45010, 6, 6 
56592, 6, 6 
17221, 6, 6 
30444, 6, 6 
49133, 6, 6 
21452, 6, 6 
39747, 6, 6 
49483, 6, 6 
40757, 6, 6 
24395, 6, 6 
22298, 6, 6 
1303, 6, 6 
12155, 6, 6 
51912, 6, 6 
22448, 6, 6 
34624, 6, 6 
37502, 6, 6 
13364, 6, 6 
31646, 6, 6 
4990, 6, 6 
14632, 6, 6 
55255, 6, 6 
9997, 6, 6 
51370, 6, 6 
52253, 6, 6 
16070, 6, 6 
24774, 6, 6 
30715, 6, 6 
14805, 6, 6 
29160, 6, 6 
59693, 6, 6 
30930, 6, 6 
9943, 6, 6 
40538, 6, 6 
47376, 6, 5 
53416, 6, 6 
810, 6, 6 
762, 6, 6 
45265, 6, 6 
55096, 6, 6 
43866, 6, 6 
30822, 6, 6 
13306, 6, 6 
49436, 6, 6 
59431, 6, 6 
45225, 6, 6 
26670, 6, 6 
29439, 6, 6 
12359, 6, 6 
59736, 6, 6 
49772, 6, 6 
1435, 6, 6 
55867, 6, 6 
33436, 6, 6 
55162, 6, 6 
55777, 6, 6 
59145, 6, 6 
44102, 6, 6 
28616, 6, 6 
10617, 6, 6 
49865, 6, 6 
2480, 6, 6 
1835, 6, 6 
46567, 6, 6 
29644, 6, 6 
1768, 6, 6 
25351, 6, 6 
48883, 6, 6 
9765, 6, 6 
21025, 6, 6 
18908, 6, 6 
51497, 6, 6 
39431, 6, 6 
23050, 6, 6 
8947, 6, 6 
25834, 6, 6 
36372, 6, 6 
15706, 6, 6 
52620, 6, 6 
52441, 6, 6 
43564, 6, 6 
55627, 6, 6 
7086, 6, 6 
261, 6, 6 
9486, 6, 6 
2756, 6, 6 
996, 6, 6 
34284, 6, 6 
449, 6, 6 
59437, 6, 6 
22215, 6, 6 
39589, 6, 6 
50113, 6, 6 
48605, 6, 6 
12401, 6, 6 
12528, 6, 6 
55820, 6, 6 
24214, 6, 6 
22718, 6, 6 
8312, 6, 6 
54370, 6, 6 
20948, 6, 6 
30161, 6, 6 
18678, 6, 6 
25893, 6, 6 
20156, 6, 6 
26988, 6, 6 
53005, 6, 6 
5586, 6, 6 
18732, 6, 6 
49965, 6, 6 
15257, 6, 6 
42481, 6, 6 
42162, 6, 6 
28177, 6, 6 
11985, 6, 6 
238, 6, 6 
47564, 6, 6 
52482, 6, 6 
51115, 6, 6 
54788, 6, 6 
44300, 6, 6 
33564, 6, 6 
19481, 6, 6 
6705, 6, 6 
14721, 6, 6 
43694, 6, 6 
10996, 6, 6 
59503, 6, 6 
39212, 6, 6 
51619, 6, 6 
41849, 6, 6 
14232, 6, 6 
45241, 6, 6 
1415, 6, 6 
41778, 6, 6 
13809, 6, 6 
56972, 6, 6 
1902, 6, 6 
54994, 6, 6 
50811, 6, 6 
58370, 6, 6 
25795, 6, 6 
13167, 6, 6 
20272, 6, 6 
22240, 6, 6 
23098, 6, 6 
25104, 6, 6 
59873, 6, 6 
52297, 6, 6 
53215, 6, 6 
46590, 6, 6 
20291, 6, 6 
17176, 6, 6 
24475, 6, 6 
11832, 6, 6 
8590, 6, 6 
49915, 6, 6 
18045, 6, 6 
54332, 6, 6 
43424, 6, 6 
43161, 6, 6 
57226, 6, 6 
34433, 6, 6 
18525, 6, 6 
28967, 6, 6 
37310, 6, 6 
14526, 6, 6 
54851, 6, 6 
23453, 6, 6 
1761, 6, 6 
13846, 6, 6 
4886, 6, 6 
44410, 6, 6 
9872, 6, 6 
57409, 6, 6 
55660, 6, 6 
1189, 6, 6 
12919, 6, 6 
52198, 6, 6 
25943, 6, 6 
44070, 6, 6 
19956, 6, 6 
29411, 6, 6 
38318, 6, 6 
5739, 6, 6 
49258, 6, 6 
57233, 6, 6 
12876, 6, 6 
18611, 6, 6 
3139, 6, 6 
42489, 6, 6 
30727, 6, 6 
4531, 6, 6 
28876, 6, 6 
42027, 6, 6 
13598, 6, 6 
25424, 6, 6 
54662, 6, 6 
47011, 6, 6 
34543, 6, 6 
42600, 6, 6 
5600, 6, 6 
47847, 6, 6 
6119, 6, 6 
2504, 6, 6 
43720, 6, 6 
31203, 6, 6 
42978, 6, 6 
42490, 6, 6 
33159, 6, 6 
47214, 6, 6 
20949, 6, 6 
13210, 6, 6 
43095, 6, 6 
17066, 6, 6 
48810, 6, 6 
52626, 6, 6 
10218, 6, 6 
45984, 6, 6 
55123, 6, 6 
38115, 6, 6 
14525, 6, 6 
17251, 6, 6 
27556, 6, 6 
57147, 6, 6 
1866, 6, 6 
25204, 6, 6 
55134, 6, 6 
28440, 6, 6 
7273, 6, 6 
39388, 6, 6 
302, 6, 6 
38676, 6, 6 
5486, 6, 6 
22834, 6, 6 
14778, 6, 6 
19684, 6, 6 
19710, 6, 6 
48082, 6, 6 
4605, 6, 6 
33328, 6, 6 
29463, 7, 7 
23715, 7, 7 
37537, 7, 7 
1251, 7, 7 
9276, 7, 7 
3579, 7, 7 
39357, 7, 7 
3992, 7, 7 
21651, 7, 7 
8217, 7, 7 
10911, 7, 7 
11088, 7, 7 
42031, 7, 7 
39062, 7, 7 
26778, 7, 7 
8562, 7, 7 
57555, 7, 7 
6176, 7, 7 
7331, 7, 7 
17359, 7, 7 
32208, 7, 7 
22836, 7, 7 
45735, 7, 7 
640, 7, 7 
25160, 7, 7 
46770, 7, 7 
25449, 7, 7 
59988, 7, 7 
7644, 7, 7 
49698, 7, 7 
56392, 7, 7 
1772, 7, 7 
22876, 7, 7 
4899, 7, 7 
8827, 7, 7 
3718, 7, 7 
45180, 7, 7 
42016, 7, 7 
31725, 7, 7 
38639, 7, 7 
29661, 7, 7 
56503, 7, 7 
46457, 7, 7 
4726, 7, 7 
11370, 7, 7 
28990, 7, 7 
30001, 7, 7 
36612, 7, 7 
56416, 7, 7 
28219, 7, 7 
39845, 7, 7 
38186, 7, 7 
3167, 7, 7 
31383, 7, 7 
58941, 7, 7 
6140, 7, 7 
599, 7, 7 
22057, 7, 7 
49635, 7, 7 
49071, 7, 7 
23230, 7, 7 
36654, 7, 7 
18142, 7, 7 
12492, 7, 7 
57609, 7, 7 
46906, 7, 7 
730, 7, 7 
4794, 7, 7 
27716, 7, 7 
58565, 7, 7 
44640, 7, 7 
33408, 7, 7 
43354, 7, 7 
42629, 7, 7 
37775, 7, 7 
50681, 7, 7 
14663, 7, 7 
47049, 7, 7 
29105, 7, 7 
18020, 7, 7 
52825, 7, 7 
17525, 7, 7 
26721, 7, 7 
21322, 7, 7 
22497, 7, 7 
50805, 7, 7 
36691, 7, 7 
37819, 7, 7 
19838, 7, 7 
41571, 7, 7 
31300, 7, 7 
387, 7, 7 
30495, 7, 7 
14307, 7, 7 
42204, 7, 7 
22790, 7, 7 
46752, 7, 7 
16700, 7, 7 
22891, 7, 7 
5446, 7, 7 
1416, 7, 7 
22346, 7, 7 
59003, 7, 7 
47487, 7, 7 
17979, 7, 7 
14455, 7, 7 
44975, 7, 7 
34415, 7, 7 
36613, 7, 7 
40357, 7, 7 
2903, 7, 7 
18773, 7, 7 
27341, 7, 7 
20566, 7, 7 
32307, 7, 7 
50392, 7, 7 
25458, 7, 7 
6908, 7, 7 
39449, 7, 7 
22022, 7, 7 
59792, 7, 7 
43470, 7, 7 
32099, 7, 7 
49709, 7, 7 
23387, 7, 7 
51389, 7, 7 
27155, 7, 7 
954, 7, 7 
51879, 7, 7 
27577, 7, 7 
10716, 7, 7 
103, 7, 7 
8699, 7, 7 
6566, 7, 7 
37168, 7, 7 
57774, 7, 7 
18498, 7, 7 
29443, 7, 7 
3442, 7, 7 
33393, 7, 7 
17031, 7, 7 
2618, 7, 7 
1608, 7, 7 
39254, 7, 7 
21725, 7, 7 
37193, 7, 7 
16394, 7, 7 
13662, 7, 7 
16379, 7, 7 
45865, 7, 7 
24138, 7, 7 
57547, 7, 7 
31064, 7, 7 
7167, 7, 7 
28921, 7, 7 
16524, 7, 7 
42125, 7, 7 
21672, 7, 7 
10297, 7, 7 
41026, 7, 7 
57083, 7, 7 
5308, 7, 7 
54669, 7, 7 
45551, 7, 7 
15589, 7, 7 
31210, 7, 7 
48096, 7, 7 
43969, 7, 7 
34772, 7, 7 
23678, 7, 7 
14238, 7, 2 
23686, 7, 7 
16205, 7, 7 
28009, 7, 7 
27543, 7, 7 
41584, 7, 7 
22097, 7, 7 
44111, 7, 7 
38144, 7, 7 
37402, 7, 7 
18333, 7, 7 
27453, 7, 7 
17830, 7, 7 
40774, 7, 7 
42824, 7, 7 
12576, 7, 7 
24022, 7, 7 
21352, 7, 7 
14684, 7, 7 
34265, 7, 7 
36139, 7, 7 
55238, 7, 7 
22336, 7, 7 
59204, 7, 7 
19352, 7, 7 
7028, 7, 7 
31391, 7, 7 
3010, 7, 7 
23951, 7, 7 
35474, 7, 7 
27254, 7, 7 
56931, 7, 7 
1871, 7, 7 
50992, 7, 7 
42751, 7, 7 
53699, 7, 7 
4559, 7, 7 
21803, 7, 7 
34935, 7, 7 
2658, 7, 7 
30502, 7, 7 
258, 7, 7 
25348, 7, 7 
23360, 7, 7 
26679, 7, 7 
10815, 7, 7 
49063, 7, 7 
17617, 7, 7 
30560, 7, 7 
13651, 7, 7 
22220, 7, 7 
18391, 7, 7 
6087, 7, 7 
18537, 7, 7 
52249, 7, 7 
55544, 7, 7 
48976, 7, 7 
16577, 7, 7 
42281, 7, 7 
40344, 7, 7 
43052, 7, 7 
21641, 7, 7 
51802, 7, 7 
11168, 7, 7 
7959, 7, 7 
32460, 7, 7 
5312, 7, 7 
30259, 7, 7 
54555, 7, 7 
10841, 7, 7 
51178, 7, 7 
16882, 7, 7 
10609, 7, 7 
15577, 7, 7 
36859, 7, 7 
7197, 7, 7 
17183, 7, 7 
14076, 7, 7 
44669, 7, 7 
46202, 7, 7 
5986, 7, 7 
30935, 7, 7 
49093, 7, 7 
51477, 7, 7 
38304, 7, 7 
3252, 7, 7 
56780, 7, 7 
14750, 7, 7 
26699, 7, 7 
39687, 7, 7 
20866, 7, 7 
28270, 7, 7 
12439, 7, 7 
24723, 7, 7 
56814, 7, 7 
23645, 7, 7 
36404, 7, 7 
40239, 7, 7 
16194, 7, 7 
7783, 7, 7 
15953, 7, 7 
4226, 7, 7 
45097, 7, 7 
33753, 7, 7 
31812, 7, 7 
2367, 7, 7 
45185, 7, 7 
33356, 7, 7 
50874, 7, 7 
46638, 7, 7 
9162, 7, 7 
24434, 7, 7 
47399, 7, 7 
55724, 7, 7 
25013, 7, 7 
17789, 7, 7 
10788, 7, 7 
3250, 7, 7 
20646, 7, 7 
33635, 7, 7 
19580, 7, 7 
54317, 7, 7 
21367, 7, 7 
17497, 7, 7 
5575, 7, 7 
36547, 7, 7 
18346, 7, 7 
9571, 7, 7 
10986, 7, 7 
41762, 7, 7 
16842, 7, 7 
52480, 7, 7 
4175, 7, 7 
54267, 7, 7 
41717, 7, 7 
21937, 7, 7 
47149, 7, 7 
10377, 7, 7 
28532, 7, 7 
57541, 7, 7 
38468, 7, 7 
34972, 7, 7 
41601, 7, 7 
19771, 7, 7 
54732, 7, 7 
38246, 7, 7 
13915, 7, 7 
59626, 7, 7 
1451, 7, 7 
17443, 7, 7 
12252, 7, 7 
39477, 7, 7 
263, 7, 7 
1208, 7, 7 
23248, 7, 7 
59213, 7, 7 
16966, 7, 7 
39345, 7, 7 
59504, 7, 7 
15859, 7, 7 
45102, 7, 7 
13789, 7, 7 
6882, 7, 7 
26234, 7, 7 
42418, 7, 7 
45188, 7, 7 
17703, 7, 7 
6579, 7, 7 
58844, 7, 7 
58751, 7, 7 
52591, 7, 7 
20214, 7, 7 
15737, 7, 7 
44610, 7, 7 
28638, 7, 7 
29103, 7, 7 
59513, 7, 7 
34576, 7, 7 
54925, 7, 7 
27986, 7, 7 
37550, 7, 7 
2995, 7, 7 
41044, 7, 7 
7099, 7, 7 
11220, 7, 7 
51766, 7, 7 
36967, 7, 7 
995, 7, 7 
45978, 7, 7 
51180, 7, 7 
47117, 7, 7 
2752, 7, 7 
44588, 7, 7 
51174, 7, 7 
21462, 7, 7 
45382, 7, 7 
39069, 7, 7 
42134, 7, 7 
8665, 7, 7 
59552, 7, 7 
34317, 7, 7 
56132, 7, 7 
6141, 7, 7 
20189, 7, 7 
11329, 7, 7 
56287, 7, 7 
50920, 7, 7 
51537, 7, 7 
9086, 7, 7 
43401, 7, 7 
30579, 7, 7 
962, 7, 7 
23985, 7, 7 
5000, 7, 7 
14386, 7, 7 
10708, 7, 7 
46950, 7, 7 
1417, 7, 7 
21386, 7, 7 
28073, 7, 7 
58977, 7, 7 
6597, 7, 7 
43381, 7, 7 
57652, 7, 7 
22519, 7, 7 
55344, 7, 7 
12395, 7, 7 
15465, 7, 7 
51452, 7, 7 
55476, 7, 7 
38788, 7, 7 
43023, 7, 7 
19773, 7, 7 
37875, 7, 7 
41367, 7, 7 
30166, 7, 7 
10718, 7, 7 
53702, 7, 7 
384, 7, 7 
47879, 7, 7 
57949, 7, 7 
20406, 7, 7 
55244, 7, 7 
41650, 7, 7 
34245, 7, 7 
57836, 7, 7 
46964, 7, 7 
46769, 7, 7 
39459, 7, 7 
10547, 7, 7 
15425, 7, 7 
18597, 7, 7 
4680, 7, 7 
18734, 7, 7 
18843, 7, 7 
54096, 7, 7 
3788, 7, 7 
20552, 7, 7 
34704, 7, 7 
37147, 7, 7 
55329, 7, 7 
36603, 7, 7 
22371, 7, 7 
22326, 7, 7 
7054, 7, 7 
11125, 7, 7 
1848, 7, 7 
43956, 7, 7 
26232, 7, 7 
56895, 7, 7 
36818, 7, 7 
57292, 7, 7 
683, 7, 7 
9270, 7, 7 
46697, 7, 7 
43541, 7, 7 
24159, 7, 7 
41760, 7, 7 
34161, 7, 7 
9908, 7, 7 
33504, 7, 7 
27061, 7, 7 
3914, 7, 7 
19270, 7, 7 
34149, 7, 7 
17329, 7, 7 
25319, 7, 7 
59246, 7, 7 
1919, 7, 7 
59441, 7, 7 
1422, 7, 7 
45521, 7, 7 
4296, 7, 7 
51663, 7, 7 
14814, 7, 7 
53338, 7, 7 
42368, 7, 7 
47464, 7, 7 
9200, 7, 7 
49923, 7, 7 
1547, 7, 7 
41164, 7, 7 
37387, 7, 7 
1944, 7, 7 
15494, 7, 7 
39047, 7, 7 
2676, 7, 7 
34378, 7, 7 
38598, 7, 7 
45807, 7, 7 
18962, 7, 7 
17687, 7, 7 
43719, 7, 7 
49507, 7, 7 
19809, 7, 7 
33798, 7, 7 
50891, 7, 7 
13053, 7, 7 
23292, 7, 7 
25522, 7, 7 
54364, 7, 7 
41339, 7, 7 
6688, 7, 7 
59405, 7, 7 
16609, 7, 7 
36136, 7, 7 
48593, 7, 7 
37871, 7, 7 
44734, 7, 7 
16615, 7, 7 
22166, 8, 8 
8607, 8, 8 
51864, 8, 8 
49887, 8, 8 
37493, 8, 8 
4859, 8, 8 
33388, 8, 8 
57121, 8, 8 
5853, 8, 8 
16417, 8, 8 
46258, 8, 8 
46883, 8, 8 
57745, 8, 8 
21189, 8, 8 
6957, 8, 8 
30247, 8, 8 
56091, 8, 8 
57060, 8, 8 
23436, 8, 8 
53756, 8, 8 
57070, 8, 8 
43226, 8, 8 
14189, 8, 8 
52070, 8, 8 
42880, 8, 8 
50861, 8, 8 
30418, 8, 8 
6498, 8, 8 
56296, 8, 8 
41132, 8, 8 
25445, 8, 8 
30029, 8, 8 
29589, 8, 8 
44173, 8, 8 
29417, 8, 8 
16669, 8, 8 
1745, 8, 8 
1237, 8, 8 
27994, 8, 8 
36974, 8, 8 
15321, 8, 8 
20198, 8, 8 
26122, 8, 8 
43515, 8, 8 
38136, 8, 8 
14382, 8, 8 
7825, 8, 8 
1542, 8, 8 
47549, 8, 8 
14782, 8, 8 
40792, 8, 8 
25799, 8, 8 
39596, 8, 8 
5628, 8, 8 
26028, 8, 8 
48101, 8, 8 
50258, 8, 8 
20975, 8, 8 
5369, 8, 8 
32147, 8, 8 
21045, 8, 8 
19291, 8, 8 
4384, 8, 8 
9234, 8, 8 
24740, 8, 8 
21231, 8, 8 
38807, 8, 8 
51612, 8, 8 
56667, 8, 8 
7488, 8, 8 
20364, 8, 8 
21104, 8, 8 
32426, 8, 8 
55145, 8, 8 
54701, 8, 8 
52483, 8, 8 
11176, 8, 8 
4147, 8, 8 
8441, 8, 8 
49170, 8, 8 
1239, 8, 8 
18690, 8, 8 
26200, 8, 8 
39604, 8, 8 
8933, 8, 8 
6017, 8, 8 
52862, 8, 8 
5534, 8, 8 
58201, 8, 8 
3144, 8, 8 
43524, 8, 8 
53782, 8, 8 
1943, 8, 8 
3225, 8, 8 
59648, 8, 8 
21688, 8, 8 
25544, 8, 8 
55811, 8, 8 
48002, 8, 8 
8920, 8, 8 
26244, 8, 8 
5034, 8, 8 
35237, 8, 8 
15267, 8, 8 
37263, 8, 8 
54093, 8, 8 
21105, 8, 8 
36529, 8, 8 
33101, 8, 8 
30785, 8, 8 
2400, 8, 8 
14845, 8, 8 
19046, 8, 8 
33514, 8, 8 
58709, 8, 8 
5661, 8, 8 
146, 8, 8 
46428, 8, 8 
34001, 8, 8 
35713, 8, 8 
23347, 8, 8 
36915, 8, 8 
3619, 8, 8 
39519, 8, 8 
31333, 8, 8 
32261, 8, 8 
24457, 8, 8 
6158, 8, 8 
12963, 8, 8 
37459, 8, 8 
40192, 8, 8 
58031, 8, 8 
54884, 8, 8 
6891, 8, 8 
15129, 8, 8 
21110, 8, 8 
3690, 8, 8 
53335, 8, 8 
30330, 8, 8 
726, 8, 8 
33162, 8, 8 
4947, 8, 8 
33419, 8, 8 
37771, 8, 8 
53640, 8, 8 
56600, 8, 8 
6506, 8, 8 
12658, 8, 8 
37329, 8, 8 
9792, 8, 8 
39005, 8, 8 
30416, 8, 8 
51510, 8, 8 
28364, 8, 8 
53485, 8, 8 
28010, 8, 8 
48428, 8, 8 
28648, 8, 8 
42504, 8, 8 
59581, 8, 8 
35730, 8, 8 
9839, 8, 8 
51705, 8, 8 
49217, 8, 8 
6916, 8, 8 
20079, 8, 8 
53294, 8, 8 
20712, 8, 8 
55801, 8, 8 
38453, 8, 8 
31528, 8, 8 
34567, 8, 8 
32503, 8, 8 
17244, 8, 8 
2927, 8, 8 
59813, 8, 8 
7956, 8, 8 
59495, 8, 8 
45463, 8, 8 
445, 8, 8 
33636, 8, 8 
13917, 8, 8 
9554, 8, 8 
32607, 8, 8 
15546, 8, 8 
19148, 8, 8 
24187, 8, 8 
11823, 8, 8 
9361, 8, 8 
49033, 8, 8 
22389, 8, 8 
25947, 8, 8 
46191, 8, 8 
58693, 8, 8 
38067, 8, 8 
761, 8, 8 
3961, 8, 8 
46959, 8, 8 
48289, 8, 8 
12988, 8, 8 
38725, 8, 8 
4580, 8, 8 
26078, 8, 8 
21851, 8, 8 
23215, 8, 8 
46776, 8, 8 
23405, 8, 8 
23461, 8, 8 
9164, 8, 8 
36478, 8, 8 
23669, 8, 8 
51223, 8, 8 
41758, 8, 8 
50945, 8, 8 
35428, 8, 8 
18710, 8, 8 
9594, 8, 8 
6659, 8, 8 
21486, 8, 8 
50871, 8, 8 
43335, 8, 8 
47163, 8, 8 
2628, 8, 8 
48824, 8, 8 
47942, 8, 8 
52445, 8, 8 
38271, 8, 8 
57335, 8, 8 
57324, 8, 8 
49532, 8, 8 
32329, 8, 8 
57179, 8, 8 
56505, 8, 8 
35772, 8, 8 
2215, 8, 8 
3094, 8, 8 
22934, 8, 8 
31334, 8, 8 
23282, 8, 8 
38971, 8, 8 
14075, 8, 8 
46502, 8, 8 
11142, 8, 8 
59685, 8, 8 
25870, 8, 8 
58186, 8, 8 
18373, 8, 8 
20938, 8, 8 
50347, 8, 8 
48684, 8, 8 
1219, 8, 8 
44436, 8, 8 
16833, 8, 8 
52983, 8, 8 
49563, 8, 8 
25213, 8, 8 
13017, 8, 8 
31075, 8, 8 
10694, 8, 8 
32468, 8, 8 
17515, 8, 8 
34575, 8, 8 
50302, 8, 8 
45798, 8, 8 
34524, 8, 8 
45293, 8, 8 
54712, 8, 8 
31444, 8, 8 
10592, 8, 8 
57447, 8, 8 
28712, 8, 8 
14873, 8, 8 
16624, 8, 8 
46573, 8, 8 
9805, 8, 8 
6580, 8, 8 
24048, 8, 8 
52080, 8, 8 
5281, 8, 8 
8300, 8, 8 
23328, 8, 8 
34322, 8, 8 
35038, 8, 8 
43271, 8, 8 
37342, 8, 8 
41560, 8, 8 
9935, 8, 8 
9640, 8, 8 
36622, 8, 8 
21896, 8, 8 
41709, 8, 8 
49052, 8, 8 
47053, 8, 8 
44308, 8, 8 
40571, 8, 8 
31139, 8, 8 
47730, 8, 8 
37910, 8, 8 
5346, 8, 8 
39378, 8, 8 
41017, 8, 8 
1419, 8, 8 
35967, 8, 8 
5335, 8, 8 
28595, 8, 8 
40410, 8, 8 
9591, 8, 8 
12923, 8, 8 
6938, 8, 8 
21375, 8, 8 
4873, 8, 8 
8759, 8, 8 
58996, 8, 8 
38324, 8, 8 
46584, 8, 8 
55128, 8, 8 
14250, 8, 8 
33539, 8, 8 
8659, 8, 8 
51208, 8, 8 
9178, 8, 8 
58905, 8, 8 
46285, 8, 8 
2043, 8, 8 
23052, 8, 8 
40261, 8, 8 
30407, 8, 8 
23537, 8, 8 
36651, 8, 8 
14203, 8, 8 
50883, 8, 8 
9844, 8, 8 
12130, 8, 8 
42408, 8, 8 
41235, 8, 8 
32110, 8, 8 
38251, 8, 8 
37605, 8, 8 
40547, 8, 8 
3976, 8, 8 
14020, 8, 8 
24261, 8, 8 
57189, 8, 8 
11717, 8, 8 
39141, 8, 8 
46649, 8, 8 
7763, 8, 8 
54935, 8, 8 
15436, 8, 8 
21120, 8, 8 
11213, 8, 8 
33997, 8, 8 
11351, 8, 8 
39832, 8, 8 
16979, 8, 8 
53872, 8, 8 
57481, 8, 8 
925, 8, 8 
29494, 8, 8 
58232, 8, 8 
12892, 8, 8 
51773, 8, 8 
20580, 8, 8 
17614, 8, 8 
55555, 8, 8 
52050, 8, 8 
13079, 8, 8 
21125, 8, 8 
28884, 8, 8 
456, 8, 8 
49724, 8, 8 
36825, 8, 8 
58020, 8, 8 
3883, 8, 8 
58817, 8, 8 
19889, 8, 8 
14923, 8, 8 
42495, 8, 8 
24954, 8, 8 
41124, 8, 8 
41, 8, 8 
58993, 8, 8 
36635, 8, 8 
16275, 8, 8 
12534, 8, 8 
43519, 8, 8 
28483, 8, 8 
34912, 8, 8 
34212, 8, 8 
5409, 8, 8 
54909, 8, 8 
29933, 8, 8 
50660, 8, 8 
3279, 8, 8 
57133, 8, 8 
7042, 8, 8 
49963, 8, 8 
17289, 8, 8 
49332, 8, 8 
8701, 8, 8 
51078, 8, 8 
5338, 8, 8 
57174, 8, 8 
55026, 8, 8 
9651, 8, 8 
26804, 8, 8 
39308, 8, 8 
3584, 8, 8 
36099, 8, 8 
16365, 8, 8 
29634, 8, 8 
18433, 8, 8 
50172, 8, 8 
47122, 8, 8 
11063, 8, 8 
43861, 8, 8 
42679, 8, 8 
34820, 8, 8 
58233, 8, 8 
22175, 8, 8 
4803, 8, 8 
34236, 8, 8 
27017, 8, 8 
32907, 8, 8 
53028, 8, 8 
50346, 8, 8 
27278, 8, 8 
50170, 8, 8 
48528, 8, 8 
16301, 8, 8 
55368, 8, 8 
36710, 8, 8 
45116, 8, 8 
37170, 8, 8 
23147, 8, 8 
9208, 8, 8 
54344, 8, 8 
5343, 8, 8 
23789, 8, 8 
34286, 8, 8 
41598, 8, 8 
47295, 8, 8 
19460, 8, 8 
38442, 8, 8 
53315, 8, 8 
6774, 8, 8 
2610, 8, 8 
32770, 8, 8 
45161, 8, 8 
56430, 8, 8 
50410, 8, 8 
6240, 8, 8 
35767, 8, 8 
46647, 8, 8 
50740, 8, 8 
41463, 8, 8 
46200, 8, 8 
20350, 8, 3 
43828, 8, 8 
14625, 8, 8 
41901, 8, 8 
41363, 8, 8 
38832, 8, 8 
3762, 8, 8 
57257, 8, 8 
5536, 8, 8 
52201, 8, 8 
25415, 8, 8 
41416, 8, 8 
53574, 8, 8 
30823, 8, 8 
12778, 8, 8 
53128, 8, 8 
13004, 8, 8 
46904, 8, 8 
45207, 8, 8 
40689, 8, 8 
47964, 8, 8 
30019, 8, 8 
46753, 8, 8 
34382, 8, 8 
24370, 8, 8 
28851, 8, 8 
33039, 8, 8 
48704, 8, 8 
11602, 8, 8 
57668, 8, 8 
5248, 8, 8 
33755, 8, 8 
35591, 8, 8 
18635, 8, 8 
37152, 8, 8 
10572, 8, 8 
13447, 8, 8 
26257, 8, 8 
517, 8, 8 
29387, 8, 8 
38539, 8, 8 
20876, 8, 8 
26760, 8, 8 
55691, 9, 9 
55570, 9, 9 
13456, 9, 9 
43920, 9, 9 
55992, 9, 9 
22174, 9, 9 
18091, 9, 9 
48072, 9, 9 
10038, 9, 9 
1221, 9, 9 
35004, 9, 9 
13692, 9, 9 
49030, 9, 9 
56792, 9, 9 
11366, 9, 9 
14254, 9, 9 
34321, 9, 9 
3847, 9, 9 
6263, 9, 9 
52709, 9, 9 
501, 9, 9 
54257, 9, 9 
31605, 9, 9 
29465, 9, 9 
41942, 9, 9 
27191, 9, 9 
24285, 9, 9 
50578, 9, 9 
45301, 9, 9 
26954, 9, 9 
33311, 9, 9 
31004, 9, 9 
12655, 9, 9 
47445, 9, 9 
9838, 9, 9 
1968, 9, 9 
41040, 9, 9 
48413, 9, 9 
51140, 9, 9 
7447, 9, 9 
2677, 9, 9 
19596, 9, 9 
16622, 9, 9 
10597, 9, 9 
37331, 9, 9 
19494, 9, 1 
32396, 9, 9 
17570, 9, 9 
39762, 9, 9 
42311, 9, 9 
4689, 9, 9 
8669, 9, 9 
7680, 9, 9 
32271, 9, 9 
6886, 9, 9 
35024, 9, 9 
39753, 9, 9 
38353, 9, 9 
7201, 9, 9 
8751, 9, 9 
56156, 9, 9 
15222, 9, 9 
41503, 9, 9 
27112, 9, 9 
30095, 9, 9 
12889, 9, 9 
8308, 9, 9 
10819, 9, 9 
19045, 9, 9 
35695, 9, 9 
44187, 9, 9 
27511, 9, 9 
52258, 9, 9 
31261, 9, 9 
38905, 9, 9 
39924, 9, 9 
21756, 9, 9 
51595, 9, 9 
11333, 9, 9 
44550, 9, 9 
16103, 9, 9 
176, 9, 9 
38541, 9, 9 
56487, 9, 9 
4032, 9, 9 
55493, 9, 9 
22246, 9, 9 
17455, 9, 9 
3256, 9, 9 
23365, 9, 9 
49833, 9, 9 
44001, 9, 9 
25655, 9, 9 
40317, 9, 9 
23057, 9, 9 
39370, 9, 9 
23111, 9, 9 
441, 9, 9 
29938, 9, 9 
8393, 9, 9 
40670, 9, 9 
59381, 9, 9 
44607, 9, 9 
26594, 9, 9 
27397, 9, 9 
26314, 9, 9 
43358, 9, 9 
46137, 9, 9 
793, 9, 9 
8641, 9, 9 
43660, 9, 9 
22041, 9, 9 
44010, 9, 9 
50458, 9, 9 
59990, 9, 9 
16470, 9, 9 
23447, 9, 9 
25258, 9, 9 
44043, 9, 9 
58187, 9, 9 
5860, 9, 9 
782, 9, 9 
29547, 9, 9 
16580, 9, 9 
58401, 9, 9 
43966, 9, 9 
22437, 9, 9 
55364, 9, 9 
47870, 9, 9 
583, 9, 9 
35677, 9, 9 
59006, 9, 9 
50041, 9, 9 
19558, 9, 9 
27902, 9, 9 
31225, 9, 9 
38887, 9, 9 
56341, 9, 9 
2509, 9, 9 
51239, 9, 9 
35441, 9, 9 
32713, 9, 9 
27037, 9, 9 
56021, 9, 9 
33360, 9, 9 
56877, 9, 9 
9176, 9, 9 
7198, 9, 9 
764, 9, 9 
4329, 9, 9 
35070, 9, 9 
4747, 9, 9 
59191, 9, 9 
39333, 9, 9 
47009, 9, 9 
56270, 9, 9 
13572, 9, 9 
41589, 9, 9 
44882, 9, 9 
7936, 9, 9 
58284, 9, 9 
1555, 9, 9 
19616, 9, 9 
25761, 9, 9 
8630, 9, 9 
14289, 9, 9 
520, 9, 9 
44778, 9, 9 
6850, 9, 9 
52018, 9, 9 
15607, 9, 9 
15360, 9, 9 
20241, 9, 9 
24468, 9, 9 
42715, 9, 9 
19707, 9, 9 
3912, 9, 9 
16515, 9, 9 
39613, 9, 9 
59748, 9, 9 
51042, 9, 9 
2267, 9, 9 
4816, 9, 9 
41701, 9, 9 
40283, 9, 9 
30838, 9, 3 
26426, 9, 9 
41827, 9, 9 
34482, 9, 9 
28176, 9, 9 
13028, 9, 9 
22799, 9, 9 
39927, 9, 9 
4095, 9, 9 
3316, 9, 9 
19513, 9, 9 
47788, 9, 9 
49130, 9, 9 
29821, 9, 9 
27295, 9, 9 
1748, 9, 9 
22672, 9, 9 
24756, 9, 9 
41334, 9, 9 
7274, 9, 9 
7233, 9, 9 
4754, 9, 9 
21378, 9, 9 
46784, 9, 9 
25801, 9, 9 
49182, 9, 9 
47659, 9, 9 
17195, 9, 9 
20001, 9, 9 
28092, 9, 9 
42645, 9, 9 
50079, 9, 9 
51863, 9, 9 
17902, 9, 9 
35054, 9, 9 
3447, 9, 9 
227, 9, 9 
24082, 9, 9 
18669, 9, 9 
2911, 9, 9 
14146, 9, 9 
43550, 9, 9 
44400, 9, 9 
13678, 9, 9 
58264, 9, 9 
12160, 9, 9 
50882, 9, 9 
43502, 9, 9 
19938, 9, 9 
49121, 9, 9 
39911, 9, 9 
42400, 9, 9 
44992, 9, 9 
7239, 9, 9 
626, 9, 9 
34668, 9, 9 
1940, 9, 9 
17296, 9, 9 
32771, 9, 9 
45841, 9, 9 
9114, 9, 9 
17537, 9, 9 
58426, 9, 9 
24194, 9, 9 
36378, 9, 9 
46961, 9, 9 
33721, 9, 9 
27692, 9, 9 
741, 9, 9 
59084, 9, 9 
15881, 9, 9 
31783, 9, 9 
16463, 9, 9 
50436, 9, 9 
35194, 9, 9 
55510, 9, 9 
17671, 9, 9 
25634, 9, 9 
10495, 9, 9 
6751, 9, 9 
3359, 9, 9 
42853, 9, 9 
15049, 9, 9 
29091, 9, 9 
58746, 9, 9 
30850, 9, 9 
58699, 9, 9 
32451, 9, 9 
42551, 9, 9 
42651, 9, 9 
8329, 9, 9 
54677, 9, 9 
44081, 9, 9 
56041, 9, 9 
23719, 9, 9 
35789, 9, 9 
35893, 9, 9 
28279, 9, 9 
17707, 9, 9 
31653, 9, 9 
57683, 9, 9 
33762, 9, 9 
30096, 9, 9 
33129, 9, 9 
35732, 9, 9 
14216, 9, 9 
23771, 9, 9 
34031, 9, 9 
21336, 9, 9 
31351, 9, 9 
52506, 9, 9 
36043, 9, 9 
1610, 9, 9 
26837, 9, 9 
28636, 9, 9 
7774, 9, 9 
14240, 9, 9 
28601, 9, 9 
35991, 9, 9 
57854, 9, 9 
9729, 9, 9 
39795, 9, 9 
10883, 9, 9 
3653, 9, 9 
1333, 9, 9 
59573, 9, 9 
58596, 9, 9 
47048, 9, 9 
980, 9, 9 
45708, 9, 9 
59443, 9, 9 
58898, 9, 9 
43551, 9, 9 
12946, 9, 9 
35532, 9, 9 
45671, 9, 9 
53276, 9, 9 
45388, 9, 9 
53317, 9, 9 
10142, 9, 9 
35693, 9, 9 
34903, 9, 9 
41905, 9, 9 
50710, 9, 9 
27015, 9, 9 
34248, 9, 9 
28625, 9, 9 
31326, 9, 9 
35807, 9, 9 
53202, 9, 9 
14977, 9, 9 
32311, 9, 9 
37466, 9, 9 
20818, 9, 9 
42144, 9, 9 
49319, 9, 9 
41008, 9, 9 
17463, 9, 9 
3302, 9, 9 
42118, 9, 9 
56348, 9, 9 
57896, 9, 9 
21449, 9, 9 
47617, 9, 9 
55835, 9, 9 
45343, 9, 9 
40584, 9, 9 
52761, 9, 9 
40297, 9, 9 
44097, 9, 9 
10839, 9, 9 
9825, 9, 9 
35218, 9, 9 
20767, 9, 9 
4668, 9, 9 
41196, 9, 9 
28239, 9, 9 
40372, 9, 9 
49640, 9, 9 
5943, 9, 9 
50473, 9, 9 
18448, 9, 9 
56634, 9, 9 
56458, 9, 9 
38950, 9, 9 
30342, 9, 9 
53703, 9, 9 
50562, 9, 9 
49945, 9, 9 
33021, 9, 9 
54312, 9, 9 
48964, 9, 9 
17517, 9, 9 
26518, 9, 9 
27839, 9, 9 
29935, 9, 9 
33768, 9, 7 
26921, 9, 9 
45062, 9, 9 
8442, 9, 9 
11212, 9, 9 
54666, 9, 9 
22081, 9, 9 
35174, 9, 9 
7676, 9, 9 
10780, 9, 9 
59835, 9, 9 
7006, 9, 3 
27846, 9, 9 
13739, 9, 9 
13720, 9, 9 
29513, 9, 9 
7094, 9, 9 
12051, 9, 9 
17081, 9, 9 
3935, 9, 9 
14436, 9, 9 
33358, 9, 9 
1949, 9, 9 
247, 9, 9 
2370, 9, 9 
37682, 9, 9 
22485, 9, 9 
1305, 9, 9 
19254, 9, 9 
19126, 9, 9 
44962, 9, 9 
6934, 9, 9 
50701, 9, 9 
42884, 9, 9 
16799, 9, 9 
11538, 9, 9 
51192, 9, 9 
59917, 9, 9 
20513, 9, 9 
24459, 9, 9 
42214, 9, 9 
16775, 9, 9 
10249, 9, 9 
22765, 9, 9 
18506, 9, 9 
22088, 9, 9 
50084, 9, 9 
45756, 9, 9 
36886, 9, 9 
14843, 9, 9 
58054, 9, 9 
49096, 9, 9 
21108, 9, 9 
58918, 9, 9 
10208, 9, 9 
34786, 9, 9 
27904, 9, 9 
41302, 9, 9 
43037, 9, 9 
46474, 9, 9 
5044, 9, 9 
57563, 9, 9 
18722, 9, 9 
42173, 9, 9 
24313, 9, 9 
50927, 9, 9 
53166, 9, 9 
6460, 9, 9 
27087, 9, 9 
38248, 9, 9 
28665, 9, 9 
13057, 9, 9 
48888, 9, 9 
9447, 9, 9 
24593, 9, 9 
47987, 9, 9 
41483, 9, 9 
53369, 9, 9 
35479, 9, 9 
36194, 9, 9 
3662, 9, 7 
22890, 9, 9 
35296, 9, 9 
5130, 9, 9 
21067, 9, 9 
20893, 9, 9 
59942, 9, 9 
52372, 9, 9 
8654, 9, 9 
22223, 9, 9 
10784, 9, 9 
21267, 9, 9 
48802, 9, 9 
37025, 9, 9 
6272, 9, 9 
44895, 9, 9 
48718, 9, 9 
14982, 9, 9 
55569, 9, 9 
59147, 9, 9 
23673, 9, 9 
40126, 9, 9 
8141, 9, 9 
16617, 9, 9 
29472, 9, 9 
47974, 9, 9 
52714, 9, 9 
8558, 9, 9 
9132, 9, 9 
39166, 9, 9 
16488, 9, 9 
7241, 9, 9 
39640, 9, 9 
16770, 9, 9 
20103, 9, 9 
1950, 9, 9 
36991, 9, 9 
1732, 9, 9 
22948, 9, 9 
