id, true label, predicted label 
31369, 0, 0 
11807, 0, 0 
25199, 0, 0 
58356, 0, 0 
34401, 0, 0 
39503, 0, 0 
48920, 0, 0 
20510, 0, 0 
39347, 0, 0 
17479, 0, 0 
745, 0, 0 
46235, 0, 0 
5773, 0, 0 
35209, 0, 0 
23828, 0, 0 
50804, 0, 0 
28946, 0, 0 
8809, 0, 0 
34054, 0, 0 
38138, 0, 0 
17828, 0, 0 
4115, 0, 0 
43554, 0, 0 
11911, 0, 0 
47953, 0, 0 
49370, 0, 0 
11562, 0, 0 
14518, 0, 0 
5288, 0, 0 
57092, 0, 0 
55840, 0, 0 
56377, 0, 0 
20642, 0, 0 
24440, 0, 0 
30037, 0, 0 
39639, 0, 0 
52520, 0, 0 
15454, 0, 0 
34394, 0, 0 
19049, 0, 0 
4047, 0, 0 
38808, 0, 0 
526, 0, 0 
56530, 0, 0 
33978, 0, 0 
29664, 0, 0 
40228, 0, 0 
54235, 0, 0 
50944, 0, 0 
34662, 0, 0 
24706, 0, 0 
53360, 0, 0 
18991, 0, 0 
21996, 0, 0 
40115, 0, 0 
18599, 0, 0 
51029, 0, 0 
45853, 0, 0 
26930, 0, 0 
37917, 0, 0 
57202, 0, 0 
36809, 0, 0 
50839, 0, 0 
40173, 0, 0 
57296, 0, 0 
32097, 0, 0 
18055, 0, 0 
59712, 0, 0 
34097, 0, 0 
46723, 0, 0 
38484, 0, 0 
45129, 0, 0 
42136, 0, 0 
23389, 0, 0 
21933, 0, 0 
54475, 0, 0 
18137, 0, 0 
55402, 0, 0 
28325, 0, 0 
23943, 0, 0 
27659, 0, 0 
39755, 0, 0 
53454, 0, 0 
14092, 0, 0 
15108, 0, 0 
4374, 0, 0 
57730, 0, 0 
43083, 0, 0 
57645, 0, 0 
41810, 0, 0 
14291, 0, 0 
54209, 0, 0 
53982, 0, 0 
51685, 0, 0 
31059, 0, 0 
18471, 0, 0 
27620, 0, 0 
2944, 0, 0 
12665, 0, 0 
13921, 0, 0 
15753, 0, 0 
39029, 0, 0 
27951, 0, 0 
30207, 0, 0 
50127, 0, 0 
5244, 0, 0 
2195, 0, 0 
13467, 0, 0 
35663, 0, 0 
39156, 0, 0 
16520, 0, 0 
38686, 0, 0 
32007, 0, 0 
6367, 0, 0 
2100, 0, 0 
3231, 0, 0 
58943, 0, 0 
41789, 0, 0 
13240, 0, 0 
209, 0, 0 
5927, 0, 0 
11318, 0, 0 
35959, 0, 0 
36371, 0, 0 
57000, 0, 0 
29985, 0, 0 
23541, 0, 0 
35681, 0, 0 
32092, 0, 0 
47555, 0, 0 
11077, 0, 0 
16606, 0, 0 
31314, 0, 0 
7597, 0, 0 
45557, 0, 0 
18028, 0, 0 
41553, 0, 0 
9865, 0, 0 
46166, 0, 0 
44862, 0, 0 
15992, 0, 0 
18909, 0, 0 
14513, 0, 0 
53077, 0, 0 
10080, 0, 0 
2586, 0, 0 
38123, 0, 0 
10168, 0, 0 
23536, 0, 0 
8489, 0, 0 
14157, 0, 0 
31937, 0, 0 
52185, 0, 0 
25921, 0, 0 
55681, 0, 0 
22440, 0, 0 
39224, 0, 0 
3198, 0, 0 
51228, 0, 0 
24636, 0, 0 
56124, 0, 0 
57827, 0, 0 
11933, 0, 0 
46494, 0, 0 
5560, 0, 0 
26656, 0, 0 
19072, 0, 0 
23627, 0, 0 
2629, 0, 0 
36560, 0, 0 
14165, 0, 0 
21658, 0, 0 
19376, 0, 0 
44335, 0, 0 
18794, 0, 0 
33963, 0, 0 
59859, 0, 0 
27663, 0, 0 
4756, 0, 0 
46144, 0, 0 
5884, 0, 0 
34296, 0, 0 
667, 0, 0 
25408, 0, 0 
5187, 0, 0 
27446, 0, 0 
4321, 0, 0 
4597, 0, 0 
15015, 0, 0 
48911, 0, 0 
6422, 0, 0 
53185, 0, 0 
52847, 0, 0 
45939, 0, 0 
8545, 0, 0 
8788, 0, 0 
51669, 0, 0 
12652, 0, 0 
57795, 0, 0 
31535, 0, 0 
38889, 0, 0 
59934, 0, 0 
1102, 0, 0 
18603, 0, 0 
45837, 0, 0 
44225, 0, 0 
34471, 0, 0 
8273, 0, 0 
23971, 0, 0 
4682, 0, 0 
13544, 0, 0 
38310, 0, 0 
37752, 0, 0 
15169, 0, 0 
29926, 0, 0 
32459, 0, 0 
20814, 0, 0 
34555, 0, 0 
34246, 0, 0 
55879, 0, 0 
40521, 0, 0 
1771, 0, 0 
17519, 0, 0 
35525, 0, 0 
14949, 0, 0 
8917, 0, 0 
17223, 0, 0 
6928, 0, 0 
49419, 0, 0 
4340, 0, 0 
57359, 0, 0 
15934, 0, 0 
33983, 0, 0 
19902, 0, 0 
52245, 0, 0 
11887, 0, 0 
43229, 0, 0 
58461, 0, 0 
30578, 0, 0 
37814, 0, 0 
9287, 0, 0 
37432, 0, 0 
32388, 0, 0 
35348, 0, 0 
12180, 0, 0 
19979, 0, 0 
8897, 0, 0 
53085, 0, 0 
33464, 0, 0 
28105, 0, 0 
35936, 0, 0 
36476, 0, 0 
32461, 0, 0 
18743, 0, 0 
1927, 0, 0 
45513, 0, 0 
12456, 0, 0 
52154, 0, 0 
47371, 0, 0 
12219, 0, 0 
4023, 0, 0 
43847, 0, 0 
24693, 0, 0 
32574, 0, 0 
41122, 0, 0 
4415, 0, 0 
40303, 0, 0 
6823, 0, 0 
49739, 0, 0 
34070, 0, 0 
46818, 0, 0 
45975, 0, 0 
38035, 0, 0 
58973, 0, 0 
6967, 0, 0 
7552, 0, 0 
37411, 0, 0 
31445, 0, 0 
26040, 0, 0 
2854, 0, 0 
51479, 0, 0 
6146, 0, 0 
8531, 0, 0 
39789, 0, 0 
32333, 0, 0 
46683, 0, 0 
40803, 0, 0 
2325, 0, 0 
24495, 0, 0 
37902, 0, 0 
20487, 0, 0 
4738, 0, 0 
41286, 0, 0 
11222, 0, 0 
296, 0, 0 
36019, 0, 0 
40778, 0, 0 
28486, 0, 0 
23297, 0, 0 
39483, 0, 0 
49280, 0, 0 
13822, 0, 0 
16474, 0, 0 
20727, 0, 0 
38332, 0, 0 
603, 0, 0 
15600, 0, 0 
13918, 0, 0 
35488, 0, 0 
4106, 0, 0 
51533, 0, 0 
38232, 0, 0 
19584, 0, 0 
59972, 0, 0 
5767, 0, 0 
1775, 0, 0 
51186, 0, 0 
46125, 0, 0 
32274, 0, 0 
55251, 0, 0 
5665, 0, 0 
17049, 0, 0 
50729, 0, 0 
53665, 0, 0 
33723, 0, 0 
40322, 0, 0 
37303, 0, 0 
2058, 0, 0 
2864, 0, 0 
35717, 0, 0 
36621, 0, 0 
14775, 0, 0 
3829, 0, 0 
31263, 0, 0 
59689, 0, 0 
582, 0, 0 
7465, 0, 0 
50990, 0, 0 
8472, 0, 0 
1471, 0, 0 
35778, 0, 0 
21789, 0, 0 
17169, 0, 0 
5007, 0, 0 
52928, 0, 0 
14311, 0, 0 
47704, 0, 0 
22749, 0, 0 
57887, 0, 0 
7451, 0, 0 
1578, 0, 0 
47716, 0, 0 
18093, 0, 0 
34369, 0, 0 
51618, 0, 0 
16866, 0, 0 
32494, 0, 0 
1502, 0, 0 
9544, 0, 0 
9698, 0, 0 
50511, 0, 0 
54368, 0, 0 
46917, 0, 0 
58809, 0, 0 
50774, 0, 0 
59840, 0, 0 
3021, 0, 0 
46571, 0, 0 
23067, 0, 0 
56686, 0, 0 
7271, 0, 0 
25987, 0, 0 
55917, 0, 0 
8187, 0, 0 
40418, 0, 0 
23464, 0, 0 
6325, 0, 0 
19714, 0, 0 
10140, 0, 0 
52621, 0, 0 
18042, 0, 0 
44766, 0, 0 
6607, 0, 0 
35620, 0, 0 
23521, 0, 0 
54089, 0, 0 
12605, 0, 0 
36537, 0, 0 
42342, 0, 0 
40969, 0, 0 
40690, 0, 0 
10471, 0, 0 
57575, 0, 0 
45189, 0, 0 
4027, 0, 0 
50825, 0, 0 
3461, 0, 0 
49497, 0, 0 
5883, 0, 0 
20886, 0, 0 
48176, 0, 0 
8979, 0, 0 
33665, 0, 0 
58897, 0, 0 
25529, 0, 0 
37901, 0, 0 
15042, 0, 0 
39955, 0, 0 
53355, 0, 0 
51044, 0, 0 
57682, 0, 0 
20238, 0, 0 
52226, 0, 0 
4488, 0, 0 
29578, 0, 0 
59696, 0, 0 
55922, 0, 0 
1015, 0, 0 
13955, 0, 0 
36953, 0, 0 
12897, 0, 0 
54985, 0, 0 
52698, 0, 0 
49471, 0, 0 
14161, 0, 0 
453, 0, 0 
24681, 0, 0 
29718, 0, 0 
27466, 0, 0 
58206, 0, 0 
25953, 0, 0 
17214, 0, 0 
51147, 0, 0 
48830, 0, 0 
41506, 0, 0 
59105, 0, 0 
28690, 0, 0 
30434, 0, 0 
7485, 0, 0 
34580, 0, 0 
44103, 0, 0 
21066, 0, 0 
14712, 0, 0 
4265, 0, 0 
32778, 0, 0 
43276, 0, 0 
37052, 0, 0 
36467, 0, 0 
31026, 0, 0 
26230, 0, 0 
26178, 0, 0 
9914, 0, 0 
10025, 0, 0 
13799, 0, 0 
31575, 0, 0 
19027, 0, 0 
21546, 0, 0 
75, 0, 0 
15120, 0, 0 
22777, 0, 0 
45402, 0, 0 
57995, 0, 0 
33277, 0, 0 
27854, 0, 0 
13641, 0, 0 
18112, 0, 0 
30565, 0, 0 
48479, 0, 0 
57384, 0, 0 
53027, 0, 0 
46562, 0, 0 
24698, 0, 0 
29052, 0, 0 
23579, 0, 0 
5729, 0, 0 
58223, 0, 0 
49883, 0, 0 
59653, 0, 0 
4981, 0, 0 
5340, 0, 0 
9963, 0, 0 
14746, 0, 0 
44744, 0, 0 
13623, 0, 0 
32568, 0, 0 
40312, 0, 0 
21203, 0, 0 
35192, 0, 0 
10755, 0, 0 
37980, 0, 0 
33111, 0, 0 
32036, 0, 0 
48168, 0, 0 
7409, 0, 0 
28543, 0, 0 
18371, 0, 0 
25919, 0, 0 
50723, 0, 0 
30275, 0, 0 
24893, 0, 0 
17184, 1, 1 
35386, 1, 1 
3971, 1, 1 
21272, 1, 1 
14366, 1, 1 
52888, 1, 1 
7078, 1, 1 
10868, 1, 1 
46158, 1, 1 
47796, 1, 1 
50016, 1, 1 
11433, 1, 1 
16670, 1, 1 
41898, 1, 1 
23181, 1, 1 
28545, 1, 1 
14221, 1, 1 
49932, 1, 1 
24013, 1, 1 
31282, 1, 1 
45131, 1, 1 
57412, 1, 1 
26099, 1, 1 
22642, 1, 1 
49888, 1, 1 
9378, 1, 1 
51932, 1, 1 
44561, 1, 1 
53966, 1, 1 
34950, 1, 1 
43286, 1, 1 
57268, 1, 1 
44813, 1, 1 
58123, 1, 1 
3468, 1, 1 
9487, 1, 1 
3725, 1, 1 
13785, 1, 1 
38985, 1, 1 
37461, 1, 1 
37207, 1, 1 
32756, 1, 1 
33440, 1, 1 
23134, 1, 1 
29812, 1, 1 
51784, 1, 1 
21068, 1, 1 
16061, 1, 1 
6192, 1, 1 
40848, 1, 1 
26944, 1, 1 
10886, 1, 1 
2530, 1, 1 
45588, 1, 1 
57948, 1, 1 
26925, 1, 1 
49002, 1, 1 
13001, 1, 1 
38968, 1, 1 
45284, 1, 1 
27063, 1, 1 
22868, 1, 1 
58148, 1, 1 
28522, 1, 1 
40769, 1, 1 
31001, 1, 1 
10020, 1, 1 
5336, 1, 1 
25981, 1, 1 
42189, 1, 1 
8452, 1, 1 
58985, 1, 1 
35507, 1, 1 
44628, 1, 1 
57464, 1, 1 
26188, 1, 1 
35252, 1, 1 
24122, 1, 1 
50261, 1, 1 
38105, 1, 1 
33433, 1, 1 
32083, 1, 1 
7821, 1, 1 
2663, 1, 1 
21173, 1, 1 
22045, 1, 1 
7393, 1, 1 
23280, 1, 1 
46026, 1, 1 
152, 1, 1 
20865, 1, 1 
52031, 1, 1 
22419, 1, 1 
24567, 1, 1 
42002, 1, 1 
10455, 1, 1 
49099, 1, 1 
6617, 1, 1 
27924, 1, 1 
38664, 1, 1 
47692, 1, 1 
26514, 1, 1 
12388, 1, 1 
1915, 1, 1 
35508, 1, 1 
37058, 1, 1 
19102, 1, 1 
54557, 1, 1 
35149, 1, 1 
17938, 1, 1 
38340, 1, 1 
7205, 1, 1 
17260, 1, 1 
39237, 1, 1 
33176, 1, 1 
11337, 1, 1 
47670, 1, 1 
1118, 1, 1 
32187, 1, 1 
36928, 1, 1 
14860, 1, 1 
13475, 1, 1 
15164, 1, 1 
25227, 1, 1 
10325, 1, 1 
57203, 1, 1 
33140, 1, 1 
17627, 1, 1 
25724, 1, 1 
59645, 1, 1 
53314, 1, 1 
28828, 1, 1 
58286, 1, 1 
34640, 1, 1 
34632, 1, 1 
35912, 1, 1 
42719, 1, 1 
16943, 1, 1 
4766, 1, 1 
49134, 1, 1 
31348, 1, 1 
45768, 1, 1 
34329, 1, 1 
50293, 1, 1 
51801, 1, 1 
18870, 1, 1 
37607, 1, 1 
26350, 1, 1 
13884, 1, 1 
39262, 1, 1 
32765, 1, 1 
18781, 1, 1 
57968, 1, 1 
33095, 1, 1 
18540, 1, 1 
27068, 1, 1 
22325, 1, 1 
31012, 1, 1 
783, 1, 1 
39232, 1, 1 
23889, 1, 1 
58727, 1, 1 
39462, 1, 1 
33298, 1, 1 
13315, 1, 1 
42657, 1, 1 
13102, 1, 1 
8383, 1, 1 
14724, 1, 1 
870, 1, 1 
1051, 1, 1 
25749, 1, 1 
16148, 1, 1 
20274, 1, 1 
6372, 1, 1 
14123, 1, 1 
37882, 1, 1 
10027, 1, 1 
28569, 1, 1 
27457, 1, 1 
4003, 1, 1 
25434, 1, 1 
26604, 1, 1 
50855, 1, 1 
12375, 1, 1 
7828, 1, 1 
5051, 1, 1 
40377, 1, 1 
27329, 1, 1 
6181, 1, 1 
37463, 1, 1 
4441, 1, 1 
52961, 1, 1 
44682, 1, 1 
47327, 1, 1 
30616, 1, 1 
40359, 1, 1 
54182, 1, 1 
42039, 1, 1 
6142, 1, 1 
57430, 1, 1 
40973, 1, 1 
5610, 1, 1 
4960, 1, 1 
16211, 1, 1 
2725, 1, 1 
38823, 1, 1 
22656, 1, 1 
53394, 1, 1 
18647, 1, 1 
5189, 1, 1 
40976, 1, 1 
26502, 1, 1 
16759, 1, 1 
54071, 1, 1 
34383, 1, 1 
11214, 1, 1 
18035, 1, 1 
52107, 1, 1 
49260, 1, 1 
49927, 1, 1 
11439, 1, 1 
24470, 1, 1 
34926, 1, 1 
15048, 1, 1 
42899, 1, 1 
26317, 1, 1 
30047, 1, 1 
19966, 1, 1 
22106, 1, 1 
56912, 1, 1 
58196, 1, 1 
47429, 1, 1 
42339, 1, 1 
31570, 1, 1 
21052, 1, 1 
905, 1, 1 
47875, 1, 1 
56278, 1, 1 
12040, 1, 1 
41446, 1, 1 
9415, 1, 1 
54605, 1, 1 
36215, 1, 1 
7764, 1, 1 
20852, 1, 1 
31017, 1, 1 
46093, 1, 1 
9133, 1, 1 
15026, 1, 1 
14462, 1, 1 
35995, 1, 1 
44745, 1, 1 
50356, 1, 1 
51876, 1, 1 
28521, 1, 1 
56945, 1, 1 
1647, 1, 1 
33259, 1, 1 
40071, 1, 1 
5058, 1, 1 
51710, 1, 1 
17771, 1, 1 
4884, 1, 1 
24352, 1, 1 
45237, 1, 1 
53147, 1, 1 
2988, 1, 1 
22330, 1, 1 
18516, 1, 1 
20465, 1, 1 
41514, 1, 1 
40604, 1, 1 
52498, 1, 1 
35487, 1, 1 
20787, 1, 1 
42279, 1, 1 
2784, 1, 1 
41858, 1, 1 
58022, 1, 1 
3540, 1, 1 
44725, 1, 1 
38845, 1, 1 
21253, 1, 1 
24923, 1, 1 
14234, 1, 1 
13643, 1, 1 
49610, 1, 1 
52382, 1, 1 
40181, 1, 1 
5149, 1, 1 
37482, 1, 1 
10713, 1, 1 
16694, 1, 1 
18176, 1, 1 
19555, 1, 1 
29902, 1, 1 
12932, 1, 1 
57834, 1, 1 
35352, 1, 1 
18421, 1, 1 
5429, 1, 1 
59919, 1, 1 
37802, 1, 1 
42655, 1, 1 
3155, 1, 1 
26167, 1, 1 
23396, 1, 1 
5443, 1, 1 
52451, 1, 1 
35414, 1, 1 
37232, 1, 1 
43411, 1, 1 
35427, 1, 1 
6783, 1, 1 
58072, 1, 1 
56644, 1, 1 
44079, 1, 1 
3375, 1, 1 
16944, 1, 1 
45546, 1, 1 
50273, 1, 1 
16241, 1, 1 
27585, 1, 1 
57797, 1, 1 
11677, 1, 1 
5483, 1, 1 
24115, 1, 1 
31406, 1, 1 
35396, 1, 1 
41055, 1, 1 
51564, 1, 1 
1535, 1, 1 
2047, 1, 1 
46417, 1, 1 
46107, 1, 1 
35527, 1, 1 
7747, 1, 1 
39980, 1, 1 
55995, 1, 1 
10897, 1, 1 
15224, 1, 1 
13835, 1, 1 
9013, 1, 1 
31780, 1, 1 
56367, 1, 1 
57014, 1, 1 
56110, 1, 1 
4644, 1, 1 
51901, 1, 1 
16914, 1, 1 
57190, 1, 1 
32167, 1, 1 
15921, 1, 1 
55939, 1, 1 
49680, 1, 1 
2110, 1, 1 
35719, 1, 1 
10378, 1, 1 
8660, 1, 1 
57310, 1, 1 
10638, 1, 1 
17430, 1, 1 
34141, 1, 1 
44935, 1, 1 
9260, 1, 1 
55014, 1, 1 
19211, 1, 1 
20686, 1, 1 
59530, 1, 1 
42849, 1, 1 
7440, 1, 1 
30189, 1, 1 
30408, 1, 1 
45572, 1, 1 
269, 1, 1 
41839, 1, 1 
9550, 1, 1 
2938, 1, 1 
28743, 1, 1 
54428, 1, 1 
21010, 1, 1 
9161, 1, 1 
50237, 1, 1 
59112, 1, 1 
31556, 1, 1 
42586, 1, 1 
28513, 1, 1 
2410, 1, 1 
53919, 1, 1 
17438, 1, 1 
16869, 1, 1 
17854, 1, 1 
26268, 1, 1 
34617, 1, 1 
2505, 1, 1 
25057, 1, 1 
40516, 1, 1 
46916, 1, 1 
49068, 1, 1 
29087, 1, 1 
27489, 1, 1 
5834, 1, 1 
48851, 1, 1 
24289, 1, 1 
28244, 1, 1 
37155, 1, 1 
37564, 1, 1 
24397, 1, 1 
52248, 1, 1 
7542, 1, 1 
38196, 1, 1 
51606, 1, 1 
12671, 1, 1 
17812, 1, 1 
26537, 1, 1 
8445, 1, 1 
58561, 1, 1 
23167, 1, 1 
31945, 1, 1 
3132, 1, 1 
23585, 1, 1 
57997, 1, 1 
2563, 1, 1 
10007, 1, 1 
13160, 1, 1 
14612, 1, 1 
29849, 1, 1 
52244, 1, 1 
48303, 1, 1 
54418, 1, 1 
44370, 1, 1 
23612, 1, 1 
46178, 1, 1 
17402, 1, 1 
30898, 1, 1 
45372, 1, 1 
19691, 1, 1 
31375, 1, 1 
27506, 1, 1 
19346, 1, 1 
5543, 1, 1 
39936, 1, 1 
637, 1, 1 
48664, 1, 1 
11917, 1, 1 
35514, 1, 1 
51397, 1, 1 
8578, 1, 1 
42412, 1, 1 
49512, 1, 1 
18452, 1, 1 
58963, 1, 1 
47400, 1, 1 
26812, 1, 1 
33841, 1, 1 
23740, 1, 1 
17090, 1, 1 
2366, 1, 1 
57816, 1, 1 
21923, 1, 1 
44359, 1, 1 
54019, 1, 1 
58903, 1, 1 
27474, 1, 1 
57287, 1, 1 
16932, 1, 1 
4972, 1, 1 
28969, 1, 1 
56506, 1, 1 
33634, 1, 1 
41567, 1, 1 
44800, 1, 1 
7837, 1, 1 
32296, 1, 1 
2717, 1, 1 
41029, 1, 1 
28405, 1, 1 
11360, 1, 1 
200, 1, 1 
36594, 1, 1 
44136, 1, 1 
20427, 1, 1 
7330, 1, 1 
47868, 1, 1 
13875, 1, 1 
48805, 1, 1 
48897, 1, 1 
698, 1, 1 
22748, 1, 1 
40610, 1, 1 
7857, 1, 1 
57906, 1, 1 
29949, 1, 1 
16325, 1, 1 
57301, 1, 1 
48468, 1, 1 
25910, 1, 1 
24738, 1, 1 
42326, 1, 1 
51340, 2, 2 
24249, 2, 2 
49191, 2, 2 
31056, 2, 2 
43842, 2, 2 
7939, 2, 2 
9721, 2, 2 
5307, 2, 2 
54134, 2, 2 
57520, 2, 2 
9939, 2, 2 
37560, 2, 2 
21207, 2, 2 
51541, 2, 2 
36423, 2, 2 
14837, 2, 2 
13667, 2, 2 
22083, 2, 2 
26170, 2, 2 
38609, 2, 2 
16449, 2, 2 
59721, 2, 2 
38009, 2, 2 
801, 2, 2 
10024, 2, 2 
11032, 2, 2 
46912, 2, 2 
40366, 2, 2 
39146, 2, 2 
49917, 2, 2 
47270, 2, 2 
22994, 2, 2 
24841, 2, 2 
56514, 2, 2 
31802, 2, 2 
51870, 2, 2 
14484, 2, 2 
36680, 2, 2 
14508, 2, 2 
22945, 2, 2 
40289, 2, 2 
54058, 2, 2 
28685, 2, 2 
12598, 2, 2 
57104, 2, 2 
48008, 2, 2 
43257, 2, 2 
37172, 2, 2 
40948, 2, 2 
38326, 2, 2 
50496, 2, 2 
15614, 2, 2 
59788, 2, 2 
8490, 2, 2 
48483, 2, 2 
7262, 2, 2 
15067, 2, 2 
25548, 2, 2 
12361, 2, 2 
161, 2, 2 
49021, 2, 2 
33203, 2, 2 
2847, 2, 2 
57151, 2, 2 
25017, 2, 2 
16237, 2, 2 
32024, 2, 2 
41264, 2, 2 
1602, 2, 2 
32792, 2, 2 
40566, 2, 2 
6144, 2, 2 
45130, 2, 2 
34664, 2, 2 
51131, 2, 2 
35031, 2, 2 
47036, 2, 2 
41469, 2, 2 
56876, 2, 2 
51238, 2, 2 
39020, 2, 2 
37995, 2, 2 
59607, 2, 2 
58923, 2, 2 
34256, 2, 2 
53692, 2, 2 
30889, 2, 2 
5509, 2, 2 
59355, 2, 2 
51931, 2, 2 
2399, 2, 2 
26863, 2, 2 
19013, 2, 2 
39002, 2, 2 
32264, 2, 2 
32418, 2, 2 
23106, 2, 2 
35112, 2, 2 
6639, 2, 2 
48516, 2, 2 
53500, 2, 2 
18110, 2, 2 
25088, 2, 2 
5318, 2, 2 
32928, 2, 2 
45406, 2, 2 
6549, 2, 2 
7347, 2, 2 
1011, 2, 2 
47409, 2, 2 
9489, 2, 2 
1549, 2, 2 
52796, 2, 2 
18499, 2, 2 
26770, 2, 2 
25787, 2, 2 
45620, 2, 2 
27614, 2, 2 
53390, 2, 2 
26821, 2, 2 
23020, 2, 2 
24290, 2, 2 
54513, 2, 2 
54527, 2, 2 
12860, 2, 2 
15958, 2, 2 
55969, 2, 2 
40949, 2, 2 
33707, 2, 2 
20748, 2, 2 
27797, 2, 2 
49160, 2, 2 
1188, 2, 2 
2322, 2, 2 
55319, 2, 2 
39669, 2, 2 
25551, 2, 2 
1550, 2, 2 
44794, 2, 2 
18224, 2, 2 
12299, 2, 2 
8983, 2, 2 
39198, 2, 2 
25221, 2, 2 
12871, 2, 2 
54574, 2, 2 
58044, 2, 2 
38652, 2, 2 
49231, 2, 2 
23564, 2, 2 
49369, 2, 2 
48029, 2, 2 
21528, 2, 2 
10207, 2, 2 
39673, 2, 2 
3444, 2, 2 
6992, 2, 2 
33941, 2, 2 
30055, 2, 2 
4664, 2, 2 
27535, 2, 2 
54355, 2, 2 
180, 2, 2 
24602, 2, 2 
24116, 2, 2 
31688, 2, 2 
11449, 2, 2 
6685, 2, 2 
17697, 2, 2 
52774, 2, 2 
56372, 2, 2 
19680, 2, 2 
52835, 2, 2 
49908, 2, 2 
54754, 2, 2 
47614, 2, 2 
23099, 2, 2 
55985, 2, 2 
2457, 2, 2 
14603, 2, 2 
10941, 2, 2 
11203, 2, 2 
26630, 2, 2 
23952, 2, 2 
21251, 2, 2 
55172, 2, 2 
22358, 2, 2 
35393, 2, 2 
48248, 2, 2 
6344, 2, 2 
56513, 2, 2 
20992, 2, 2 
53323, 2, 2 
10082, 2, 2 
3078, 2, 2 
12859, 2, 2 
28640, 2, 2 
4428, 2, 2 
36781, 2, 2 
30459, 2, 2 
42891, 2, 2 
43407, 2, 2 
17110, 2, 2 
13910, 2, 2 
49106, 2, 2 
27878, 2, 2 
56643, 2, 2 
26468, 2, 2 
59991, 2, 2 
47900, 2, 2 
37426, 2, 2 
59672, 2, 2 
27883, 2, 2 
36375, 2, 2 
11086, 2, 2 
52634, 2, 2 
27189, 2, 2 
23117, 2, 2 
42887, 2, 2 
45792, 2, 2 
31823, 2, 2 
21443, 2, 2 
24491, 2, 2 
3077, 2, 2 
46162, 2, 2 
49148, 2, 2 
50581, 2, 2 
37504, 2, 2 
38120, 2, 2 
32292, 2, 2 
40881, 2, 2 
6633, 2, 2 
54877, 2, 2 
46036, 2, 2 
49192, 2, 2 
4997, 2, 2 
20100, 2, 2 
43124, 2, 2 
42474, 2, 2 
18927, 2, 2 
45358, 2, 2 
58962, 2, 2 
7732, 2, 2 
35909, 2, 2 
54545, 2, 2 
33274, 2, 2 
11667, 2, 2 
31492, 2, 2 
58619, 2, 2 
21042, 2, 2 
30831, 2, 2 
27239, 2, 2 
6627, 2, 2 
45378, 2, 2 
43632, 2, 2 
51869, 2, 2 
55011, 2, 2 
48356, 2, 2 
37515, 2, 2 
59061, 2, 2 
58563, 2, 2 
3112, 2, 2 
50065, 2, 2 
36768, 2, 2 
22280, 2, 2 
26883, 2, 2 
48665, 2, 2 
57475, 2, 2 
31276, 2, 2 
46619, 2, 2 
26031, 2, 2 
34056, 2, 2 
54220, 2, 2 
13455, 2, 2 
45251, 2, 2 
27384, 2, 2 
56243, 2, 2 
33297, 2, 2 
41484, 2, 2 
59053, 2, 2 
12587, 2, 2 
15712, 2, 2 
57153, 2, 2 
30227, 2, 2 
41181, 2, 2 
59896, 2, 2 
17892, 2, 2 
10194, 2, 2 
22026, 2, 2 
19939, 2, 2 
21147, 2, 2 
6211, 2, 2 
807, 2, 2 
25519, 2, 2 
30353, 2, 2 
29699, 2, 2 
8473, 2, 2 
37435, 2, 2 
47573, 2, 2 
37322, 2, 2 
57799, 2, 2 
5258, 2, 2 
2851, 2, 2 
38148, 2, 2 
37601, 2, 2 
47448, 2, 2 
28067, 2, 2 
32481, 2, 2 
34833, 2, 2 
24722, 2, 2 
24449, 2, 2 
27551, 2, 2 
43885, 2, 2 
27652, 2, 2 
46708, 2, 2 
51359, 2, 2 
117, 2, 2 
15205, 2, 2 
55857, 2, 2 
19423, 2, 2 
7929, 2, 2 
31047, 2, 2 
57007, 2, 2 
3156, 2, 2 
38070, 2, 2 
55228, 2, 2 
24649, 2, 2 
45845, 2, 2 
24467, 2, 2 
56508, 2, 2 
43674, 2, 2 
5909, 2, 2 
11961, 2, 2 
14836, 2, 2 
35250, 2, 2 
15203, 2, 2 
29043, 2, 2 
4457, 2, 2 
19271, 2, 2 
42341, 2, 2 
9715, 2, 2 
23995, 2, 2 
28275, 2, 2 
37825, 2, 2 
35887, 2, 2 
27664, 2, 2 
5400, 2, 2 
26329, 2, 2 
55203, 2, 2 
35014, 2, 2 
22203, 2, 2 
5171, 2, 2 
26541, 2, 2 
55862, 2, 2 
20028, 2, 2 
16123, 2, 2 
31617, 2, 2 
28212, 2, 2 
19519, 2, 2 
58651, 2, 2 
27252, 2, 2 
7688, 2, 2 
25927, 2, 2 
52083, 2, 2 
49674, 2, 2 
47273, 2, 2 
26146, 2, 2 
59290, 2, 2 
29932, 2, 2 
51567, 2, 2 
24269, 2, 2 
16283, 2, 2 
6649, 2, 2 
49805, 2, 2 
3830, 2, 2 
5700, 2, 2 
34768, 2, 2 
18544, 2, 2 
9509, 2, 2 
51884, 2, 2 
44475, 2, 2 
36593, 2, 2 
49773, 2, 2 
48463, 2, 2 
17548, 2, 2 
16760, 2, 2 
46197, 2, 2 
49408, 2, 2 
50722, 2, 2 
17691, 2, 2 
35215, 2, 2 
31852, 2, 2 
58910, 2, 2 
19466, 2, 2 
53088, 2, 2 
21566, 2, 2 
47443, 2, 2 
10138, 2, 2 
12281, 2, 2 
391, 2, 2 
40498, 2, 2 
34405, 2, 2 
23441, 2, 2 
34253, 2, 2 
39216, 2, 2 
45972, 2, 2 
4437, 2, 2 
49916, 2, 2 
2565, 2, 2 
20721, 2, 2 
5744, 2, 2 
46163, 2, 2 
39323, 2, 2 
22199, 2, 2 
49070, 2, 2 
39343, 2, 2 
57338, 2, 2 
46092, 2, 2 
570, 2, 2 
32637, 2, 2 
50812, 2, 2 
8614, 2, 2 
23610, 2, 2 
6348, 2, 2 
37084, 2, 2 
25261, 2, 2 
23982, 2, 2 
45283, 2, 2 
56973, 2, 2 
17507, 2, 2 
16909, 2, 2 
27752, 2, 2 
21283, 2, 2 
38560, 2, 2 
8924, 2, 2 
30710, 2, 2 
46486, 2, 2 
56040, 2, 2 
53388, 2, 2 
55972, 2, 2 
9962, 2, 2 
18077, 2, 2 
14050, 2, 2 
55316, 2, 2 
3244, 2, 2 
24036, 2, 2 
26120, 2, 2 
11084, 2, 2 
22100, 2, 2 
56493, 2, 2 
24177, 2, 2 
48107, 2, 2 
52829, 2, 2 
46606, 2, 2 
20847, 2, 2 
23080, 2, 2 
13922, 2, 2 
59476, 2, 2 
46219, 2, 2 
20442, 2, 2 
187, 2, 2 
39398, 2, 2 
21366, 2, 2 
26221, 2, 2 
4401, 2, 2 
59298, 2, 2 
28684, 2, 2 
47083, 2, 2 
49416, 2, 2 
58964, 2, 2 
9569, 2, 2 
38618, 2, 2 
23718, 2, 2 
13508, 2, 2 
7484, 2, 2 
38542, 2, 2 
49762, 2, 2 
24803, 2, 2 
32634, 2, 2 
26932, 2, 2 
7486, 2, 2 
12135, 2, 2 
37514, 2, 2 
10476, 2, 2 
24876, 2, 2 
19213, 2, 2 
11971, 2, 2 
6642, 2, 2 
24794, 2, 2 
40119, 2, 2 
58409, 2, 2 
31665, 2, 2 
27957, 2, 2 
30420, 2, 2 
57142, 2, 2 
45705, 2, 2 
44092, 2, 2 
10087, 2, 2 
58063, 2, 2 
3179, 2, 2 
32025, 3, 3 
6440, 3, 3 
41411, 3, 3 
760, 3, 3 
10635, 3, 3 
27946, 3, 3 
9670, 3, 3 
12998, 3, 3 
22741, 3, 3 
5184, 3, 3 
20500, 3, 3 
18528, 3, 3 
39618, 3, 3 
57893, 3, 3 
56337, 3, 3 
32804, 3, 3 
49117, 3, 3 
44385, 3, 3 
46051, 3, 3 
17189, 3, 3 
59202, 3, 3 
1486, 3, 3 
12812, 3, 3 
42073, 3, 3 
39124, 3, 3 
19977, 3, 3 
24264, 3, 3 
48783, 3, 3 
14533, 3, 3 
10322, 3, 3 
46072, 3, 3 
5793, 3, 3 
50481, 3, 3 
11565, 3, 3 
3687, 3, 3 
26691, 3, 3 
24469, 3, 3 
6016, 3, 3 
53711, 3, 3 
5820, 3, 3 
4674, 3, 3 
35122, 3, 3 
35548, 3, 3 
20942, 3, 3 
74, 3, 3 
19695, 3, 3 
44380, 3, 3 
4850, 3, 3 
44889, 3, 3 
13607, 3, 3 
59383, 3, 3 
24965, 3, 3 
34188, 3, 3 
30251, 3, 3 
45599, 3, 3 
15815, 3, 3 
57131, 3, 3 
56420, 3, 3 
15227, 3, 3 
29237, 3, 3 
21325, 3, 3 
7800, 3, 3 
18225, 3, 3 
28626, 3, 3 
17710, 3, 3 
37022, 3, 3 
43775, 3, 3 
629, 3, 3 
1971, 3, 3 
19633, 3, 3 
50184, 3, 3 
8012, 3, 3 
45015, 3, 3 
33837, 3, 3 
27835, 3, 3 
42841, 3, 3 
24735, 3, 3 
59914, 3, 3 
27573, 3, 3 
42585, 3, 3 
6298, 3, 3 
38797, 3, 3 
52038, 3, 3 
14883, 3, 3 
51469, 3, 3 
55194, 3, 3 
4400, 3, 3 
21007, 3, 3 
20096, 3, 3 
58707, 3, 3 
48031, 3, 3 
19736, 3, 3 
52487, 3, 3 
46157, 3, 3 
34672, 3, 3 
7675, 3, 3 
32610, 3, 3 
36525, 3, 3 
58527, 3, 3 
53283, 3, 3 
52702, 3, 3 
48321, 3, 3 
22322, 3, 3 
45658, 3, 3 
16530, 3, 3 
13242, 3, 3 
21695, 3, 3 
57766, 3, 3 
18862, 3, 3 
7156, 3, 3 
54020, 3, 3 
28633, 3, 3 
23812, 3, 3 
34866, 3, 3 
47140, 3, 3 
14065, 3, 3 
38037, 3, 3 
19536, 3, 3 
5041, 3, 3 
16892, 3, 3 
49570, 3, 3 
51245, 3, 3 
9511, 3, 3 
27279, 3, 3 
27172, 3, 3 
35195, 3, 3 
40087, 3, 3 
54879, 3, 3 
49234, 3, 3 
45854, 3, 3 
12527, 3, 3 
9141, 3, 3 
50671, 3, 3 
32790, 3, 3 
11234, 3, 3 
20167, 3, 3 
15850, 3, 3 
12151, 3, 3 
39885, 3, 3 
47533, 3, 3 
52904, 3, 3 
45043, 3, 3 
8135, 3, 3 
15233, 3, 3 
55336, 3, 3 
59242, 3, 3 
36732, 3, 3 
17146, 3, 3 
14692, 3, 3 
44596, 3, 3 
46500, 3, 3 
9696, 3, 3 
50755, 3, 3 
1341, 3, 3 
33421, 3, 3 
30229, 3, 3 
14275, 3, 3 
29045, 3, 3 
811, 3, 3 
37054, 3, 3 
24204, 3, 3 
17575, 3, 3 
15540, 3, 3 
20451, 3, 3 
33875, 3, 3 
30093, 3, 3 
53875, 3, 3 
23779, 3, 3 
34607, 3, 3 
1409, 3, 3 
57804, 3, 3 
34629, 3, 3 
6398, 3, 3 
49729, 3, 3 
35582, 3, 3 
31960, 3, 3 
37847, 3, 3 
29785, 3, 3 
55966, 3, 3 
45321, 3, 3 
46854, 3, 3 
38986, 3, 3 
21877, 3, 3 
15226, 3, 3 
2088, 3, 3 
55461, 3, 3 
28773, 3, 3 
58065, 3, 3 
39855, 3, 3 
35631, 3, 3 
46595, 3, 3 
20631, 3, 3 
17386, 3, 3 
51268, 3, 3 
28316, 3, 3 
31269, 3, 3 
34235, 3, 3 
24271, 3, 3 
12483, 3, 3 
16029, 3, 3 
56741, 3, 3 
51934, 3, 3 
27420, 3, 3 
19548, 3, 3 
49433, 3, 3 
25480, 3, 3 
50644, 3, 3 
36132, 3, 3 
51054, 3, 3 
41883, 3, 3 
21098, 3, 3 
55179, 3, 3 
21306, 3, 3 
26284, 3, 3 
39312, 3, 3 
47090, 3, 3 
8544, 3, 3 
30256, 3, 3 
47901, 3, 3 
36324, 3, 3 
10405, 3, 3 
35557, 3, 3 
2339, 3, 3 
4957, 3, 3 
35911, 3, 3 
23747, 3, 3 
9424, 3, 3 
7966, 3, 3 
13736, 3, 3 
8039, 3, 3 
46709, 3, 3 
13026, 3, 3 
1981, 3, 3 
57734, 3, 3 
58664, 3, 3 
56047, 3, 3 
49654, 3, 3 
30934, 3, 3 
51101, 3, 3 
34712, 3, 3 
47895, 3, 3 
23053, 3, 3 
55640, 3, 3 
46247, 3, 3 
13376, 3, 3 
20610, 3, 3 
11075, 3, 3 
36298, 3, 3 
35563, 3, 3 
43509, 3, 3 
46592, 3, 3 
23047, 3, 3 
31021, 3, 3 
41391, 3, 3 
52014, 3, 3 
35354, 3, 3 
22587, 3, 3 
50286, 3, 3 
44969, 3, 3 
46079, 3, 3 
1718, 3, 3 
5611, 3, 3 
47380, 3, 3 
5788, 3, 3 
46485, 3, 3 
5919, 3, 3 
20664, 3, 3 
6350, 3, 3 
50560, 3, 3 
45940, 3, 3 
59178, 3, 3 
15201, 3, 3 
10807, 3, 3 
51571, 3, 3 
8557, 3, 3 
14283, 3, 3 
36128, 3, 3 
856, 3, 3 
17734, 3, 3 
59275, 3, 3 
43666, 3, 3 
30304, 3, 3 
59886, 3, 3 
53037, 3, 3 
27741, 3, 3 
26123, 3, 3 
10520, 3, 3 
54084, 3, 3 
59630, 3, 3 
41067, 3, 3 
17460, 3, 3 
46075, 3, 3 
4694, 3, 3 
25645, 3, 3 
28359, 3, 3 
54977, 3, 3 
17352, 3, 3 
29765, 3, 3 
26149, 3, 3 
52590, 3, 3 
49082, 3, 3 
57920, 3, 3 
44101, 3, 3 
55649, 3, 3 
30213, 3, 3 
20426, 3, 3 
16849, 3, 3 
3491, 3, 3 
36511, 3, 3 
15125, 3, 3 
41943, 3, 3 
46853, 3, 3 
41776, 3, 3 
24850, 3, 3 
27755, 3, 3 
9278, 3, 3 
12080, 3, 3 
54700, 3, 3 
57278, 3, 3 
58656, 3, 3 
12044, 3, 3 
31548, 3, 3 
42902, 3, 3 
13656, 3, 3 
25590, 3, 3 
24697, 3, 3 
27362, 3, 3 
21092, 3, 3 
30747, 3, 3 
7383, 3, 3 
33786, 3, 3 
55579, 3, 3 
14261, 3, 3 
6766, 3, 3 
17904, 3, 3 
3844, 3, 3 
2023, 3, 3 
17712, 3, 3 
10787, 3, 3 
22943, 3, 3 
51274, 3, 3 
8425, 3, 3 
52773, 3, 3 
42938, 3, 3 
57771, 3, 3 
44779, 3, 3 
49893, 3, 3 
33444, 3, 3 
13704, 3, 3 
50803, 3, 3 
8065, 3, 3 
32299, 3, 3 
25208, 3, 3 
37422, 3, 3 
53107, 3, 3 
4335, 3, 3 
8716, 3, 3 
37821, 3, 3 
40578, 3, 3 
2536, 3, 3 
35221, 3, 3 
1185, 3, 3 
47970, 3, 3 
5359, 3, 3 
1935, 3, 3 
52713, 3, 3 
17993, 3, 3 
18227, 3, 3 
15847, 3, 3 
41720, 3, 3 
5687, 3, 3 
12667, 3, 3 
36301, 3, 3 
48291, 3, 3 
19200, 3, 3 
14266, 3, 3 
32444, 3, 3 
1218, 3, 3 
25538, 3, 3 
27115, 3, 3 
21582, 3, 3 
42605, 3, 3 
279, 3, 3 
29896, 3, 3 
38755, 3, 3 
53488, 3, 3 
3320, 3, 3 
7701, 3, 3 
11554, 3, 3 
40247, 3, 3 
45089, 3, 3 
32940, 3, 3 
49103, 3, 3 
51759, 3, 3 
22122, 3, 3 
31283, 3, 3 
3466, 3, 3 
20687, 3, 3 
2128, 3, 3 
21866, 3, 3 
15774, 3, 3 
52692, 3, 3 
37042, 3, 3 
11705, 3, 3 
57909, 3, 3 
45732, 3, 3 
43456, 3, 3 
38580, 3, 3 
42178, 3, 3 
32484, 3, 3 
16911, 3, 3 
12377, 3, 3 
13208, 3, 3 
12490, 3, 3 
21726, 3, 3 
33568, 3, 3 
43494, 3, 3 
13109, 3, 3 
40520, 3, 3 
1959, 3, 3 
33028, 3, 3 
13093, 3, 3 
52227, 3, 3 
8948, 3, 3 
40202, 3, 3 
50148, 3, 3 
19247, 3, 3 
41742, 3, 3 
20937, 3, 3 
13579, 3, 3 
56288, 3, 3 
59652, 3, 3 
39081, 3, 3 
5942, 3, 3 
51332, 3, 3 
33276, 3, 3 
16764, 3, 3 
58822, 3, 3 
40447, 3, 3 
47145, 3, 3 
29458, 3, 3 
57195, 3, 3 
8017, 3, 3 
17553, 3, 3 
1908, 3, 3 
54208, 3, 3 
55937, 3, 3 
45848, 3, 3 
3941, 3, 3 
45781, 3, 3 
22113, 3, 3 
28955, 3, 3 
51701, 3, 3 
12747, 3, 3 
35803, 3, 3 
47195, 3, 3 
57717, 3, 3 
33970, 3, 3 
28199, 3, 3 
58971, 3, 3 
47930, 3, 3 
46736, 3, 3 
55732, 3, 3 
30445, 3, 3 
43330, 3, 3 
22542, 3, 3 
29383, 3, 3 
37703, 3, 3 
18735, 3, 3 
39761, 3, 3 
4342, 3, 3 
17404, 3, 3 
9065, 3, 3 
8541, 3, 3 
58406, 3, 3 
53958, 3, 3 
23851, 3, 3 
38859, 3, 3 
12661, 3, 3 
34315, 3, 3 
58729, 3, 3 
33754, 3, 3 
32665, 3, 3 
27870, 3, 3 
31788, 3, 3 
41960, 3, 3 
4512, 3, 3 
58881, 3, 3 
55231, 3, 3 
10676, 3, 3 
37690, 3, 3 
50000, 3, 3 
54603, 3, 3 
30193, 3, 3 
13239, 3, 3 
12729, 3, 3 
11002, 3, 3 
40926, 3, 3 
7784, 3, 3 
40691, 3, 3 
12972, 4, 4 
47159, 4, 4 
4228, 4, 4 
43530, 4, 4 
13968, 4, 4 
53710, 4, 4 
3183, 4, 4 
36759, 4, 4 
37447, 4, 4 
44646, 4, 4 
19414, 4, 4 
45184, 4, 4 
10331, 4, 4 
6672, 4, 4 
48470, 4, 4 
41145, 4, 4 
16399, 4, 4 
20634, 4, 4 
47884, 4, 4 
30316, 4, 4 
15432, 4, 4 
25722, 4, 4 
53421, 4, 4 
64, 4, 4 
57537, 4, 4 
51703, 4, 4 
20425, 4, 4 
55418, 4, 4 
36419, 4, 4 
59809, 4, 4 
35418, 4, 4 
30039, 4, 4 
58300, 4, 4 
6323, 4, 4 
59020, 4, 4 
41068, 4, 4 
3738, 4, 4 
29690, 4, 4 
38175, 4, 4 
19499, 4, 4 
29252, 4, 4 
16995, 4, 4 
50531, 4, 4 
28500, 4, 4 
44291, 4, 4 
35314, 4, 4 
32838, 4, 4 
22233, 4, 4 
54881, 4, 4 
30464, 4, 4 
28669, 4, 4 
20011, 4, 4 
1008, 4, 4 
1911, 4, 4 
40025, 4, 4 
26506, 4, 4 
29742, 4, 4 
45296, 4, 4 
7319, 4, 4 
4283, 4, 4 
20, 4, 4 
36632, 4, 4 
1149, 4, 4 
57937, 4, 4 
8644, 4, 4 
14207, 4, 4 
26435, 4, 4 
48710, 4, 4 
31412, 4, 4 
45915, 4, 4 
23152, 4, 4 
14546, 4, 4 
54921, 4, 4 
32776, 4, 4 
41066, 4, 4 
56886, 4, 4 
11495, 4, 4 
43041, 4, 4 
59551, 4, 4 
42239, 4, 4 
57589, 4, 4 
41440, 4, 4 
30921, 4, 4 
6804, 4, 4 
54149, 4, 4 
43621, 4, 4 
26207, 4, 4 
15141, 4, 4 
36208, 4, 4 
55004, 4, 4 
53157, 4, 4 
16571, 4, 4 
57704, 4, 4 
15783, 4, 4 
48215, 4, 4 
55641, 4, 4 
57892, 4, 4 
20932, 4, 4 
20258, 4, 4 
7677, 4, 4 
33671, 4, 4 
57382, 4, 4 
30326, 4, 4 
22071, 4, 4 
49501, 4, 4 
26, 4, 4 
10832, 4, 4 
55546, 4, 4 
12915, 4, 4 
23411, 4, 4 
46220, 4, 4 
15556, 4, 4 
42547, 4, 4 
11598, 4, 4 
2800, 4, 4 
9741, 4, 4 
18708, 4, 4 
39667, 4, 4 
43291, 4, 4 
19405, 4, 4 
57637, 4, 4 
6351, 4, 4 
19287, 4, 4 
22933, 4, 4 
2185, 4, 4 
51076, 4, 4 
3239, 4, 4 
11126, 4, 4 
4473, 4, 4 
59185, 4, 4 
44983, 4, 4 
8964, 4, 4 
58813, 4, 4 
32524, 4, 4 
55605, 4, 4 
58551, 4, 4 
15665, 4, 4 
42766, 4, 4 
34249, 4, 4 
2361, 4, 4 
37395, 4, 4 
41921, 4, 4 
14194, 4, 4 
23375, 4, 4 
20056, 4, 4 
48558, 4, 4 
44053, 4, 4 
29429, 4, 4 
44342, 4, 4 
8603, 4, 4 
50450, 4, 4 
38898, 4, 4 
34875, 4, 4 
48703, 4, 4 
31552, 4, 4 
15604, 4, 4 
38385, 4, 4 
37490, 4, 4 
31543, 4, 4 
47961, 4, 4 
9109, 4, 4 
43709, 4, 4 
59144, 4, 4 
3100, 4, 4 
54895, 4, 4 
50009, 4, 4 
15259, 4, 4 
11956, 4, 4 
28615, 4, 4 
754, 4, 4 
56496, 4, 4 
20599, 4, 4 
47606, 4, 4 
45590, 4, 4 
6990, 4, 4 
28706, 4, 4 
26458, 4, 4 
31126, 4, 4 
19026, 4, 4 
50433, 4, 4 
34988, 4, 4 
43010, 4, 4 
8037, 4, 4 
13564, 4, 4 
19634, 4, 4 
29588, 4, 4 
27097, 4, 4 
1253, 4, 4 
27922, 4, 4 
41906, 4, 4 
18937, 4, 4 
39413, 4, 4 
1345, 4, 4 
48936, 4, 4 
26352, 4, 4 
37144, 4, 4 
6596, 4, 4 
12948, 4, 4 
851, 4, 4 
44530, 4, 4 
31994, 4, 4 
41930, 4, 4 
43737, 4, 4 
14740, 4, 4 
33545, 4, 4 
7124, 4, 4 
22402, 4, 4 
28980, 4, 4 
56802, 4, 4 
22768, 4, 4 
5134, 4, 4 
4626, 4, 4 
13241, 4, 4 
11690, 4, 4 
4564, 4, 4 
2317, 4, 4 
24929, 4, 4 
5613, 4, 4 
48937, 4, 4 
50388, 4, 4 
21430, 4, 4 
56376, 4, 4 
30725, 4, 4 
7211, 4, 4 
22722, 4, 4 
31359, 4, 4 
34750, 4, 4 
50299, 4, 4 
18888, 4, 4 
5293, 4, 4 
50879, 4, 4 
42750, 4, 4 
36634, 4, 4 
47028, 4, 4 
25292, 4, 4 
51929, 4, 4 
28573, 4, 4 
43398, 4, 4 
24781, 4, 4 
48288, 4, 4 
11953, 4, 4 
29538, 4, 4 
29367, 4, 4 
23623, 4, 4 
40094, 4, 4 
21931, 4, 4 
5982, 4, 4 
18365, 4, 4 
39078, 4, 4 
8208, 4, 4 
13864, 4, 4 
37747, 4, 4 
29011, 4, 4 
12427, 4, 4 
43473, 4, 4 
17690, 4, 4 
21442, 4, 4 
52876, 4, 4 
53130, 4, 4 
25175, 4, 4 
17299, 4, 4 
9348, 4, 4 
8579, 4, 4 
54473, 4, 4 
49874, 4, 4 
22660, 4, 4 
16605, 4, 4 
26879, 4, 4 
40766, 4, 4 
5410, 4, 4 
12055, 4, 4 
4125, 4, 4 
59852, 4, 4 
33218, 4, 4 
25073, 4, 4 
49127, 4, 4 
3837, 4, 4 
1037, 4, 4 
3138, 4, 4 
22885, 4, 4 
15729, 4, 4 
34545, 4, 4 
57002, 4, 4 
5891, 4, 4 
30927, 4, 4 
42181, 4, 4 
28096, 4, 4 
33493, 4, 4 
18483, 4, 4 
54617, 4, 4 
14433, 4, 4 
59743, 4, 4 
34784, 4, 4 
22479, 4, 4 
39080, 4, 4 
44027, 4, 4 
11314, 4, 4 
54668, 4, 4 
43278, 4, 4 
51723, 4, 4 
18294, 4, 4 
33317, 4, 4 
43415, 4, 4 
21561, 4, 4 
19520, 4, 4 
15416, 4, 4 
53347, 4, 4 
55085, 4, 4 
6552, 4, 4 
42464, 4, 4 
57354, 4, 4 
18121, 4, 4 
53144, 4, 4 
36640, 4, 4 
53384, 4, 4 
2922, 4, 4 
45821, 4, 4 
56122, 4, 4 
35813, 4, 4 
58153, 4, 4 
52704, 4, 4 
16338, 4, 4 
7120, 4, 4 
58003, 4, 4 
32448, 4, 4 
49587, 4, 4 
33614, 4, 4 
25668, 4, 4 
35964, 4, 4 
26293, 4, 4 
22495, 4, 4 
35179, 4, 4 
17922, 4, 4 
42616, 4, 4 
1738, 4, 4 
52015, 4, 4 
43078, 4, 4 
2856, 4, 4 
54657, 4, 4 
16542, 4, 4 
44167, 4, 4 
38583, 4, 4 
49722, 4, 4 
58947, 4, 4 
18245, 4, 4 
25831, 4, 4 
18560, 4, 4 
20484, 4, 4 
677, 4, 4 
39218, 4, 4 
40123, 4, 4 
36630, 4, 4 
5124, 4, 4 
54017, 4, 4 
43600, 4, 4 
5331, 4, 4 
37429, 4, 4 
46503, 4, 4 
37846, 4, 4 
56784, 4, 4 
1508, 4, 4 
48013, 4, 4 
14198, 4, 4 
1763, 4, 4 
22602, 4, 4 
33119, 4, 4 
53364, 4, 4 
59881, 4, 4 
1845, 4, 4 
22714, 4, 4 
16601, 4, 4 
7191, 4, 4 
39129, 4, 4 
34043, 4, 4 
4839, 4, 4 
3278, 4, 4 
31407, 4, 4 
36664, 4, 4 
34570, 4, 4 
37899, 4, 4 
29638, 4, 4 
28124, 4, 4 
19794, 4, 4 
49777, 4, 4 
56770, 4, 4 
16206, 4, 4 
2888, 4, 4 
10191, 4, 4 
51114, 4, 4 
35324, 4, 4 
14290, 4, 4 
45069, 4, 4 
23913, 4, 4 
12538, 4, 4 
16652, 4, 4 
15871, 4, 4 
36342, 4, 4 
56320, 4, 4 
38316, 4, 4 
5835, 4, 4 
17478, 4, 4 
37986, 4, 4 
57559, 4, 4 
29166, 4, 4 
16912, 4, 4 
27102, 4, 4 
54412, 4, 4 
46749, 4, 4 
9029, 4, 4 
9172, 4, 4 
32341, 4, 4 
24976, 4, 4 
57279, 4, 4 
43835, 4, 4 
5580, 4, 4 
37722, 4, 4 
24506, 4, 4 
20234, 4, 4 
33347, 4, 4 
41864, 4, 4 
10549, 4, 4 
54046, 4, 4 
21644, 4, 4 
39703, 4, 4 
8583, 4, 4 
40606, 4, 4 
41865, 4, 4 
2424, 4, 4 
18807, 4, 4 
41925, 4, 4 
15429, 4, 4 
275, 4, 4 
44689, 4, 4 
14528, 4, 4 
35402, 4, 4 
35866, 4, 4 
33127, 4, 4 
45564, 4, 4 
41096, 4, 4 
46613, 4, 4 
38568, 4, 4 
20250, 4, 4 
8944, 4, 4 
5287, 4, 4 
46357, 4, 4 
52815, 4, 4 
23596, 4, 4 
40361, 4, 4 
13350, 4, 4 
48763, 4, 4 
44352, 4, 4 
50636, 4, 4 
37528, 4, 4 
50161, 4, 4 
10869, 4, 4 
51625, 4, 4 
25197, 4, 4 
53263, 4, 4 
14390, 4, 4 
32466, 4, 4 
8914, 4, 4 
10683, 4, 4 
10809, 4, 4 
46976, 4, 4 
37302, 4, 4 
41796, 4, 4 
39976, 4, 4 
58749, 4, 4 
9586, 4, 4 
14449, 4, 4 
22905, 4, 4 
49196, 4, 4 
20633, 4, 4 
10618, 4, 4 
56958, 4, 4 
32602, 4, 4 
40392, 4, 4 
15347, 4, 4 
49982, 4, 4 
50547, 4, 4 
57082, 4, 4 
42304, 4, 4 
35254, 4, 4 
14572, 4, 4 
46766, 4, 4 
57713, 4, 4 
16913, 4, 4 
19983, 4, 4 
56183, 4, 4 
13981, 4, 4 
11740, 4, 4 
4264, 4, 4 
43721, 4, 4 
11008, 4, 4 
23435, 4, 4 
38012, 4, 4 
47843, 4, 4 
48972, 4, 4 
34947, 4, 4 
48582, 4, 4 
48134, 5, 5 
44634, 5, 5 
46060, 5, 5 
22038, 5, 5 
8414, 5, 5 
19472, 5, 5 
2329, 5, 5 
16010, 5, 5 
49048, 5, 5 
14451, 5, 5 
26069, 5, 5 
12386, 5, 5 
53063, 5, 5 
50166, 5, 5 
49503, 5, 5 
46914, 5, 5 
32277, 5, 5 
38626, 5, 5 
41023, 5, 5 
39381, 5, 5 
12638, 5, 5 
38959, 5, 5 
10749, 5, 5 
4443, 5, 5 
14183, 5, 5 
44662, 5, 5 
28231, 5, 5 
32915, 5, 5 
50138, 5, 5 
24910, 5, 5 
40704, 5, 5 
5737, 5, 5 
53086, 5, 5 
19719, 5, 5 
537, 5, 5 
21956, 5, 5 
27042, 5, 5 
1813, 5, 5 
2313, 5, 5 
16655, 5, 5 
42372, 5, 5 
1413, 5, 5 
45263, 5, 5 
52026, 5, 5 
36173, 5, 5 
4048, 5, 5 
11542, 5, 5 
53069, 5, 5 
43244, 5, 5 
45567, 5, 5 
12341, 5, 5 
17780, 5, 5 
55506, 5, 5 
42237, 5, 5 
44235, 5, 5 
33245, 5, 5 
57242, 5, 5 
26134, 5, 5 
30647, 5, 5 
6782, 5, 5 
33044, 5, 5 
25198, 5, 5 
31746, 5, 5 
5383, 5, 5 
49928, 5, 5 
15594, 5, 5 
33260, 5, 5 
20186, 5, 5 
32059, 5, 5 
6418, 5, 5 
19578, 5, 5 
34187, 5, 5 
20716, 5, 5 
26320, 5, 5 
24519, 5, 5 
5752, 5, 5 
58872, 5, 5 
32290, 5, 5 
47624, 5, 5 
34720, 5, 5 
6980, 5, 5 
25778, 5, 5 
37379, 5, 5 
41144, 5, 5 
39671, 5, 5 
11725, 5, 5 
12637, 5, 5 
12476, 5, 5 
3669, 5, 5 
10258, 5, 5 
44147, 5, 5 
32582, 5, 5 
55643, 5, 5 
53054, 5, 5 
42652, 5, 5 
16364, 5, 5 
18947, 5, 5 
37407, 5, 5 
48623, 5, 5 
6346, 5, 5 
21439, 5, 5 
39335, 5, 5 
52131, 5, 5 
17739, 5, 5 
56786, 5, 5 
4940, 5, 5 
13509, 5, 5 
20668, 5, 5 
29384, 5, 5 
30957, 5, 5 
53638, 5, 5 
24255, 5, 5 
27471, 5, 5 
47494, 5, 5 
31651, 5, 5 
24128, 5, 5 
54828, 5, 5 
23689, 5, 5 
23783, 5, 5 
19506, 5, 5 
34727, 5, 5 
47737, 5, 5 
15552, 5, 5 
37276, 5, 5 
23377, 5, 5 
26727, 5, 5 
15304, 5, 5 
17461, 5, 5 
44907, 5, 5 
33603, 5, 5 
22428, 5, 5 
6513, 5, 5 
39405, 5, 5 
28952, 5, 5 
37836, 5, 5 
26195, 5, 5 
9605, 5, 5 
26398, 5, 5 
27009, 5, 5 
55734, 5, 5 
14534, 5, 5 
31005, 5, 5 
38940, 5, 5 
19676, 5, 5 
31756, 5, 5 
22779, 5, 5 
6370, 5, 5 
15768, 5, 5 
6300, 5, 5 
29457, 5, 5 
25588, 5, 5 
36011, 5, 5 
38287, 5, 5 
40756, 5, 5 
21455, 5, 5 
53751, 5, 5 
6200, 5, 5 
29852, 5, 5 
18456, 5, 5 
27801, 5, 5 
40711, 5, 5 
41152, 5, 5 
10943, 5, 5 
22650, 5, 5 
21289, 5, 5 
54429, 5, 5 
40175, 5, 5 
11609, 5, 5 
50202, 5, 5 
57293, 5, 5 
31875, 5, 5 
50406, 5, 5 
53408, 5, 5 
33420, 5, 5 
921, 5, 5 
54949, 5, 5 
52776, 5, 5 
5757, 5, 5 
18364, 5, 5 
45753, 5, 5 
39114, 5, 5 
2182, 5, 5 
56587, 5, 5 
53942, 5, 5 
59618, 5, 5 
27255, 5, 5 
56938, 5, 5 
31472, 5, 5 
32132, 5, 5 
9495, 5, 5 
19585, 5, 5 
1420, 5, 5 
24887, 5, 5 
11802, 5, 5 
38459, 5, 5 
48251, 5, 5 
40021, 5, 5 
41582, 5, 5 
49140, 5, 5 
7917, 5, 5 
28375, 5, 5 
45256, 5, 5 
12232, 5, 5 
50533, 5, 5 
35369, 5, 5 
46322, 5, 5 
10589, 5, 5 
34674, 5, 5 
16400, 5, 5 
30086, 5, 5 
52527, 5, 5 
886, 5, 5 
50831, 5, 5 
15834, 5, 5 
1245, 5, 5 
24232, 5, 5 
59553, 5, 5 
38759, 5, 5 
39903, 5, 5 
24403, 5, 5 
30499, 5, 5 
54970, 5, 5 
17239, 5, 5 
51362, 5, 5 
29705, 5, 5 
53292, 5, 5 
11470, 5, 5 
21661, 5, 5 
32323, 5, 5 
46847, 5, 5 
21114, 5, 5 
28271, 5, 5 
1615, 5, 5 
28434, 5, 5 
36252, 5, 5 
59923, 5, 5 
26240, 5, 5 
24252, 5, 5 
2272, 5, 5 
43442, 5, 5 
33046, 5, 5 
474, 5, 5 
9138, 5, 5 
38843, 5, 5 
18673, 5, 5 
34411, 5, 5 
27100, 5, 5 
25539, 5, 5 
22729, 5, 5 
9578, 5, 5 
29310, 5, 5 
30028, 5, 5 
13991, 5, 5 
51852, 5, 5 
7346, 5, 5 
41387, 5, 5 
30572, 5, 5 
57480, 5, 5 
38594, 5, 5 
45139, 5, 5 
32501, 5, 5 
31442, 5, 5 
28048, 5, 5 
46458, 5, 5 
42449, 5, 5 
47718, 5, 5 
53497, 5, 5 
41521, 5, 5 
18418, 5, 5 
53529, 5, 5 
2328, 5, 5 
51744, 5, 5 
32698, 5, 5 
27557, 5, 5 
25240, 5, 5 
32711, 5, 5 
29940, 5, 5 
18340, 5, 5 
28254, 5, 5 
34996, 5, 5 
55223, 5, 5 
16959, 5, 5 
3219, 5, 5 
36452, 5, 5 
26655, 5, 5 
7103, 5, 5 
58862, 5, 5 
4622, 5, 5 
35029, 5, 5 
36470, 5, 5 
54000, 5, 5 
59590, 5, 5 
23237, 5, 5 
43957, 5, 5 
46307, 5, 5 
47366, 5, 5 
15315, 5, 5 
7235, 5, 5 
23981, 5, 5 
35766, 5, 5 
37807, 5, 5 
17514, 5, 5 
6237, 5, 5 
27403, 5, 5 
14370, 5, 5 
28748, 5, 5 
1135, 5, 5 
1340, 5, 5 
54331, 5, 5 
32547, 5, 5 
47284, 5, 5 
31301, 5, 5 
5027, 5, 5 
56063, 5, 5 
47707, 5, 5 
27711, 5, 5 
48733, 5, 5 
4573, 5, 5 
38113, 5, 5 
1283, 5, 5 
8252, 5, 5 
37592, 5, 5 
54619, 5, 5 
15464, 5, 5 
21609, 5, 5 
10610, 5, 5 
44014, 5, 5 
15012, 5, 5 
52896, 5, 5 
4666, 5, 5 
11324, 5, 5 
51762, 5, 5 
22310, 5, 5 
41241, 5, 5 
11936, 5, 5 
10586, 5, 5 
54111, 5, 5 
832, 5, 5 
59654, 5, 5 
5617, 5, 5 
15070, 5, 5 
9958, 5, 5 
15874, 5, 5 
8988, 5, 5 
12962, 5, 5 
1785, 5, 5 
25560, 5, 5 
40659, 5, 5 
13185, 5, 5 
17224, 5, 5 
1089, 5, 5 
23497, 5, 5 
14195, 5, 5 
19301, 5, 5 
57330, 5, 5 
17094, 5, 5 
40432, 5, 5 
57852, 5, 5 
12003, 5, 5 
36661, 5, 5 
15528, 5, 5 
37558, 5, 5 
20109, 5, 5 
51639, 5, 5 
1806, 5, 5 
12978, 5, 5 
32748, 5, 5 
17971, 5, 5 
58537, 5, 5 
53466, 5, 5 
2258, 5, 5 
43319, 5, 5 
20881, 5, 5 
24579, 5, 5 
12137, 5, 5 
54750, 5, 5 
25357, 5, 5 
28261, 5, 5 
44263, 5, 5 
33573, 5, 5 
38414, 5, 5 
13517, 5, 5 
32198, 5, 5 
50263, 5, 5 
22951, 5, 5 
31053, 5, 5 
17869, 5, 5 
775, 5, 5 
21059, 5, 5 
10566, 5, 5 
51844, 5, 5 
49460, 5, 5 
58731, 5, 5 
37226, 5, 5 
5904, 5, 5 
42322, 5, 5 
41887, 5, 5 
26636, 5, 5 
39208, 5, 5 
24559, 5, 5 
2515, 5, 5 
15069, 5, 5 
25557, 5, 5 
6997, 5, 5 
39689, 5, 5 
3416, 5, 5 
15143, 5, 5 
33928, 5, 5 
23189, 5, 5 
49708, 5, 5 
43936, 5, 5 
1406, 5, 5 
27602, 5, 5 
36984, 5, 5 
45118, 5, 5 
21011, 5, 5 
8712, 5, 5 
37089, 5, 5 
43540, 5, 5 
24374, 5, 5 
7535, 5, 5 
43733, 5, 5 
26286, 5, 5 
59091, 5, 5 
14979, 5, 5 
25738, 5, 5 
32674, 5, 5 
20359, 5, 5 
58535, 5, 5 
34139, 5, 5 
10995, 5, 5 
51855, 5, 5 
49783, 5, 5 
38165, 5, 5 
47586, 5, 5 
614, 5, 5 
51764, 5, 5 
259, 5, 5 
46693, 5, 5 
26553, 5, 5 
4290, 5, 5 
14659, 5, 5 
42663, 5, 5 
48058, 5, 5 
41548, 5, 5 
26464, 5, 5 
26637, 5, 5 
5453, 5, 5 
28939, 5, 5 
35702, 5, 5 
31489, 5, 5 
35420, 5, 5 
33321, 5, 5 
31820, 5, 5 
2744, 5, 5 
38907, 5, 5 
55298, 5, 5 
27818, 5, 5 
9581, 5, 5 
5309, 5, 5 
11356, 5, 5 
32074, 5, 5 
52399, 5, 5 
33294, 5, 5 
15337, 5, 5 
15984, 5, 5 
32488, 5, 5 
44390, 5, 5 
29955, 5, 5 
45211, 5, 5 
5417, 5, 5 
15402, 5, 5 
2566, 5, 5 
36658, 5, 5 
38508, 5, 5 
43574, 5, 5 
30766, 5, 5 
2056, 5, 5 
14688, 5, 5 
21883, 5, 5 
51731, 5, 5 
38848, 5, 5 
57311, 5, 5 
58154, 5, 5 
14006, 5, 5 
55010, 5, 5 
10182, 5, 5 
33632, 5, 5 
56327, 5, 5 
4450, 5, 5 
57081, 5, 5 
12689, 5, 5 
48814, 5, 5 
3907, 5, 5 
47381, 5, 5 
44816, 5, 5 
20093, 5, 5 
39562, 5, 5 
20374, 5, 5 
27340, 5, 5 
49718, 6, 6 
5576, 6, 6 
147, 6, 6 
21404, 6, 6 
42667, 6, 6 
11483, 6, 6 
32833, 6, 6 
34697, 6, 6 
52049, 6, 6 
55039, 6, 6 
7202, 6, 6 
21667, 6, 6 
23697, 6, 6 
40741, 6, 6 
32002, 6, 6 
11589, 6, 6 
52263, 6, 6 
7195, 6, 6 
18403, 6, 6 
12636, 6, 6 
32357, 6, 6 
42166, 6, 6 
30345, 6, 6 
24363, 6, 6 
23577, 6, 6 
41308, 6, 6 
22422, 6, 6 
49060, 6, 6 
50039, 6, 6 
47705, 6, 6 
10163, 6, 6 
17657, 6, 6 
18593, 6, 6 
506, 6, 6 
27724, 6, 6 
38114, 6, 6 
19105, 6, 6 
41273, 6, 6 
49526, 6, 6 
50168, 6, 6 
19155, 6, 6 
41400, 6, 6 
23110, 6, 6 
5413, 6, 6 
14071, 6, 6 
44066, 6, 6 
59959, 6, 6 
31464, 6, 6 
44410, 6, 6 
25345, 6, 6 
58958, 6, 6 
52150, 6, 6 
5973, 6, 6 
14848, 6, 6 
3858, 6, 6 
21821, 6, 6 
15177, 6, 6 
20978, 6, 6 
51031, 6, 6 
17773, 6, 6 
2588, 6, 6 
29140, 6, 6 
1257, 6, 6 
41018, 6, 6 
24488, 6, 6 
14265, 6, 6 
50428, 6, 6 
2910, 6, 6 
33135, 6, 6 
17835, 6, 6 
36772, 6, 6 
48152, 6, 6 
39212, 6, 6 
15843, 6, 6 
26377, 6, 6 
5329, 6, 6 
51602, 6, 6 
9280, 6, 6 
6388, 6, 6 
24237, 6, 6 
54348, 6, 6 
4155, 6, 6 
33116, 6, 6 
47611, 6, 6 
27198, 6, 6 
2607, 6, 6 
49517, 6, 6 
8100, 6, 6 
58807, 6, 6 
48145, 6, 6 
43305, 6, 6 
22448, 6, 6 
7926, 6, 6 
42921, 6, 6 
17059, 6, 6 
32631, 6, 6 
34492, 6, 6 
11062, 6, 6 
24804, 6, 6 
27981, 6, 6 
23168, 6, 6 
33474, 6, 6 
33980, 6, 6 
10356, 6, 6 
14565, 6, 6 
59775, 6, 6 
35935, 6, 6 
20704, 6, 6 
5693, 6, 6 
27404, 6, 6 
10709, 6, 6 
28966, 6, 6 
43177, 6, 6 
52273, 6, 6 
39947, 6, 6 
15484, 6, 6 
18125, 6, 6 
22592, 6, 6 
3597, 6, 6 
48346, 6, 6 
33076, 6, 6 
41488, 6, 6 
5772, 6, 6 
41213, 6, 6 
15706, 6, 6 
31646, 6, 6 
20503, 6, 6 
14869, 6, 6 
58354, 6, 6 
32978, 6, 6 
53148, 6, 6 
5750, 6, 6 
10879, 6, 6 
55951, 6, 6 
4079, 6, 6 
26393, 6, 6 
24091, 6, 6 
52282, 6, 6 
36702, 6, 6 
49969, 6, 6 
15220, 6, 6 
38643, 6, 6 
50093, 6, 6 
20916, 6, 6 
24585, 6, 6 
36527, 6, 6 
17126, 6, 6 
26321, 6, 6 
39908, 6, 6 
51993, 6, 6 
37982, 6, 6 
54067, 6, 6 
59548, 6, 6 
30421, 6, 6 
54799, 6, 6 
7887, 6, 6 
53588, 6, 6 
30799, 6, 6 
56526, 6, 6 
9723, 6, 6 
56162, 6, 6 
42022, 6, 6 
37246, 6, 6 
40533, 6, 6 
47239, 6, 6 
36895, 6, 6 
4170, 6, 6 
42948, 6, 6 
52781, 6, 6 
1980, 6, 6 
41695, 6, 6 
27775, 6, 6 
38460, 6, 6 
14732, 6, 6 
56240, 6, 6 
14989, 6, 6 
14805, 6, 6 
955, 6, 6 
22962, 6, 6 
31741, 6, 6 
37315, 6, 6 
3366, 6, 6 
41157, 6, 6 
21074, 6, 6 
35470, 6, 6 
36101, 6, 6 
25219, 6, 6 
3127, 6, 6 
32826, 6, 6 
28549, 6, 6 
52641, 6, 6 
3097, 6, 6 
48427, 6, 6 
37254, 6, 6 
3919, 6, 6 
41086, 6, 6 
16604, 6, 6 
10044, 6, 6 
40230, 6, 6 
27905, 6, 6 
28143, 6, 6 
16821, 6, 6 
53697, 6, 6 
8314, 6, 6 
30597, 6, 6 
4221, 6, 6 
658, 6, 6 
11803, 6, 6 
59866, 6, 6 
39336, 6, 6 
51497, 6, 6 
23688, 6, 6 
45267, 6, 6 
39679, 6, 6 
26186, 6, 6 
40491, 6, 6 
55731, 6, 6 
19848, 6, 6 
54124, 6, 6 
6047, 6, 6 
11316, 6, 6 
18530, 6, 6 
46045, 6, 6 
1520, 6, 6 
32119, 6, 6 
33542, 6, 6 
11905, 6, 6 
31924, 6, 6 
37476, 6, 6 
16666, 6, 6 
58536, 6, 6 
47269, 6, 6 
21348, 6, 6 
19723, 6, 6 
5566, 6, 6 
12452, 6, 6 
36425, 6, 6 
29843, 6, 6 
54547, 6, 6 
13084, 6, 6 
26092, 6, 6 
14778, 6, 6 
17168, 6, 6 
28798, 6, 6 
21564, 6, 6 
50002, 6, 6 
50657, 6, 6 
7581, 6, 6 
35918, 6, 6 
43581, 6, 6 
39087, 6, 6 
50506, 6, 6 
49233, 6, 6 
55820, 6, 6 
46359, 6, 6 
2545, 6, 6 
48591, 6, 6 
48994, 6, 6 
49133, 6, 6 
56231, 6, 6 
44444, 6, 6 
8478, 6, 6 
9075, 6, 6 
44952, 6, 6 
36184, 6, 6 
46869, 6, 6 
12685, 6, 6 
6024, 6, 6 
16739, 6, 6 
43679, 6, 6 
58329, 6, 6 
22982, 6, 6 
33615, 6, 6 
38448, 6, 6 
43505, 6, 6 
10968, 6, 6 
12410, 6, 6 
22384, 6, 6 
35026, 6, 6 
11158, 6, 6 
46272, 6, 6 
29970, 6, 6 
33328, 6, 6 
51662, 6, 6 
9174, 6, 6 
56746, 6, 6 
39709, 6, 6 
52062, 6, 6 
1869, 6, 6 
15159, 6, 6 
50818, 6, 6 
58415, 6, 6 
6338, 6, 6 
23354, 6, 6 
24277, 6, 6 
35079, 6, 6 
15145, 6, 6 
36049, 6, 6 
34059, 6, 6 
24486, 6, 6 
28467, 6, 6 
44017, 6, 6 
4673, 6, 6 
7867, 6, 6 
28435, 6, 6 
11932, 6, 6 
35729, 6, 6 
24266, 6, 6 
26983, 6, 6 
34024, 6, 6 
46310, 6, 6 
38703, 6, 6 
28912, 6, 6 
32320, 6, 6 
45549, 6, 6 
35200, 6, 6 
52156, 6, 6 
17980, 6, 6 
8140, 6, 6 
23251, 6, 6 
7460, 6, 6 
16936, 6, 6 
47265, 6, 6 
55770, 6, 6 
59841, 6, 6 
49405, 6, 6 
7212, 6, 6 
42021, 6, 6 
3109, 6, 6 
3046, 6, 6 
6705, 6, 6 
5310, 6, 6 
27559, 6, 6 
38219, 6, 6 
28619, 6, 6 
7291, 6, 6 
38925, 6, 6 
19431, 6, 6 
20245, 6, 6 
41785, 6, 6 
32994, 6, 6 
27369, 6, 6 
18848, 6, 6 
51400, 6, 6 
41547, 6, 6 
11195, 6, 6 
33434, 6, 6 
1582, 6, 6 
28001, 6, 6 
3629, 6, 6 
44309, 6, 6 
10786, 6, 6 
46626, 6, 6 
42975, 6, 6 
25599, 6, 6 
44452, 6, 6 
56148, 6, 6 
8462, 6, 6 
45224, 6, 6 
10174, 6, 6 
36129, 6, 6 
40475, 6, 6 
8398, 6, 6 
11261, 6, 6 
50113, 6, 6 
54823, 6, 6 
14708, 6, 6 
38676, 6, 6 
24569, 6, 6 
48707, 6, 6 
54332, 6, 6 
35768, 6, 6 
52163, 6, 6 
58732, 6, 6 
25889, 6, 6 
19745, 6, 6 
44649, 6, 6 
9593, 6, 6 
51089, 6, 6 
16070, 6, 6 
38390, 6, 6 
26482, 6, 6 
41899, 6, 6 
12216, 6, 6 
50941, 6, 6 
50594, 6, 6 
5213, 6, 6 
31626, 6, 6 
20940, 6, 6 
52957, 6, 6 
36746, 6, 6 
37421, 6, 6 
19385, 6, 6 
6265, 6, 6 
14666, 6, 6 
26472, 6, 6 
14172, 6, 6 
15051, 6, 6 
13671, 6, 6 
20821, 6, 6 
3098, 6, 6 
24609, 6, 6 
56182, 6, 6 
9961, 6, 6 
4463, 6, 6 
6013, 6, 6 
38820, 6, 6 
16648, 6, 6 
13373, 6, 6 
59493, 6, 6 
1189, 6, 6 
31856, 6, 6 
28552, 6, 6 
2884, 6, 6 
35385, 6, 6 
55018, 6, 6 
37222, 6, 6 
22872, 6, 6 
3736, 6, 6 
7641, 6, 6 
54153, 6, 6 
23421, 6, 6 
21268, 6, 6 
32219, 6, 6 
53621, 6, 6 
52858, 6, 6 
19701, 6, 6 
51690, 6, 6 
43625, 6, 6 
23622, 6, 6 
47562, 6, 6 
39337, 6, 6 
27306, 6, 6 
20153, 6, 6 
12005, 6, 6 
36308, 6, 6 
47383, 6, 6 
55066, 6, 6 
55638, 6, 6 
54409, 6, 6 
37931, 6, 6 
52667, 6, 6 
44218, 6, 6 
51696, 6, 6 
19298, 6, 6 
52513, 6, 6 
51596, 6, 6 
25193, 6, 6 
2494, 6, 6 
8726, 6, 6 
45141, 6, 6 
40754, 6, 6 
1562, 6, 6 
38348, 6, 6 
37502, 6, 6 
19062, 6, 6 
45856, 6, 6 
38306, 6, 6 
58473, 6, 6 
44690, 6, 6 
51269, 6, 6 
42386, 6, 6 
21961, 6, 6 
50275, 6, 6 
11551, 6, 6 
10910, 6, 6 
1784, 6, 6 
44189, 6, 6 
44981, 6, 6 
30741, 6, 6 
6313, 6, 6 
53830, 6, 6 
47277, 6, 6 
25102, 6, 6 
41711, 6, 6 
52806, 6, 6 
39130, 6, 6 
49478, 6, 6 
4477, 6, 6 
10833, 6, 6 
37872, 6, 6 
48821, 6, 6 
32739, 6, 6 
15459, 6, 6 
42714, 6, 6 
2898, 6, 6 
39777, 6, 6 
54068, 6, 6 
41351, 6, 6 
6150, 6, 6 
15500, 6, 6 
28287, 6, 6 
27204, 6, 6 
49900, 6, 6 
5671, 6, 6 
38474, 6, 6 
36278, 6, 6 
48362, 6, 6 
11819, 6, 6 
56619, 6, 6 
42202, 7, 7 
7054, 7, 7 
24138, 7, 7 
10181, 7, 7 
4298, 7, 7 
56017, 7, 7 
20227, 7, 7 
27723, 7, 7 
7059, 7, 7 
21662, 7, 7 
38034, 7, 7 
48190, 7, 7 
38117, 7, 7 
24639, 7, 7 
52911, 7, 7 
44590, 7, 7 
12296, 7, 7 
50849, 7, 7 
52937, 7, 7 
22743, 7, 7 
42828, 7, 7 
41558, 7, 7 
55544, 7, 7 
32687, 7, 7 
3463, 7, 7 
55724, 7, 7 
52008, 7, 7 
24907, 7, 7 
24583, 7, 7 
56983, 7, 7 
468, 7, 7 
21710, 7, 7 
44117, 7, 7 
16700, 7, 7 
13410, 7, 7 
33062, 7, 7 
31187, 7, 7 
27950, 7, 7 
49866, 7, 7 
17177, 7, 7 
33582, 7, 7 
8353, 7, 7 
52110, 7, 7 
48976, 7, 7 
33736, 7, 7 
36231, 7, 7 
46851, 7, 7 
46376, 7, 7 
1772, 7, 7 
40807, 7, 7 
3640, 7, 7 
50370, 7, 7 
11309, 7, 7 
42134, 7, 7 
1821, 7, 7 
48866, 7, 7 
8866, 7, 7 
29714, 7, 7 
21904, 7, 7 
41650, 7, 7 
36547, 7, 7 
57048, 7, 7 
26933, 7, 7 
4965, 7, 7 
21704, 7, 7 
46493, 7, 7 
36730, 7, 7 
32819, 7, 7 
11220, 7, 7 
27906, 7, 7 
11595, 7, 7 
54964, 7, 7 
10147, 7, 7 
46607, 7, 7 
868, 7, 7 
15485, 7, 7 
29297, 7, 7 
30988, 7, 7 
3081, 7, 7 
55467, 7, 7 
7770, 7, 7 
8798, 7, 7 
1392, 7, 7 
27722, 7, 7 
26957, 7, 7 
36443, 7, 7 
43555, 7, 7 
31055, 7, 7 
36859, 7, 7 
48315, 7, 7 
12278, 7, 7 
43990, 7, 7 
2653, 7, 7 
10648, 7, 7 
42011, 7, 7 
33171, 7, 7 
55344, 7, 7 
48556, 7, 7 
49554, 7, 7 
11099, 7, 7 
46957, 7, 7 
42468, 7, 7 
56066, 7, 7 
47978, 7, 7 
54194, 7, 7 
13684, 7, 7 
39643, 7, 7 
4591, 7, 7 
52077, 7, 7 
24990, 7, 7 
48247, 7, 7 
26750, 7, 7 
34415, 7, 7 
57549, 7, 7 
29212, 7, 7 
29855, 7, 7 
45548, 7, 7 
611, 7, 7 
40838, 7, 7 
55895, 7, 7 
40784, 7, 7 
10651, 7, 7 
26829, 7, 7 
18873, 7, 7 
4551, 7, 7 
30357, 7, 7 
29363, 7, 7 
50614, 7, 7 
55843, 7, 7 
34160, 7, 7 
50392, 7, 7 
19073, 7, 7 
12373, 7, 7 
38144, 7, 7 
9747, 7, 7 
22667, 7, 7 
14871, 7, 7 
38015, 7, 7 
55052, 7, 7 
29440, 7, 7 
8114, 7, 7 
29943, 7, 7 
1412, 7, 7 
32346, 7, 7 
11119, 7, 7 
12126, 7, 7 
56359, 7, 7 
483, 7, 7 
44111, 7, 7 
41910, 7, 7 
15469, 7, 7 
38458, 7, 7 
15425, 7, 7 
53813, 7, 7 
1944, 7, 7 
47560, 7, 7 
15953, 7, 7 
50233, 7, 7 
30260, 7, 7 
12062, 7, 7 
39813, 7, 7 
26097, 7, 7 
46928, 7, 7 
42269, 7, 7 
26749, 7, 7 
10263, 7, 7 
49923, 7, 7 
57512, 7, 7 
12579, 7, 7 
45829, 7, 7 
1057, 7, 7 
3618, 7, 7 
14387, 7, 7 
15643, 7, 7 
55562, 7, 7 
14563, 7, 7 
34118, 7, 7 
56794, 7, 7 
45397, 7, 7 
44610, 7, 7 
10063, 7, 7 
5446, 7, 7 
52633, 7, 7 
819, 7, 7 
47385, 7, 7 
1332, 7, 7 
17033, 7, 7 
51911, 7, 7 
29298, 7, 7 
43627, 7, 7 
1846, 7, 7 
52952, 7, 7 
36139, 7, 7 
27984, 7, 7 
15081, 7, 7 
20583, 7, 7 
21387, 7, 7 
55848, 7, 7 
46429, 7, 7 
50664, 7, 7 
44417, 7, 7 
29661, 7, 7 
6485, 7, 7 
2558, 7, 7 
25491, 7, 7 
4832, 7, 7 
1919, 7, 7 
49721, 7, 7 
30165, 7, 7 
57851, 7, 7 
26063, 7, 7 
18449, 7, 7 
12751, 7, 7 
33455, 7, 7 
8044, 7, 7 
3840, 7, 7 
26917, 7, 7 
6510, 7, 7 
51941, 7, 7 
41309, 7, 7 
243, 7, 7 
263, 7, 7 
8655, 7, 7 
54287, 7, 7 
49472, 7, 7 
6713, 7, 7 
49523, 7, 7 
13933, 7, 7 
34704, 7, 7 
22094, 7, 7 
58528, 7, 7 
58925, 7, 7 
37657, 7, 7 
11426, 7, 7 
32728, 7, 7 
41597, 7, 7 
30339, 7, 7 
27151, 7, 7 
33050, 7, 7 
19372, 7, 7 
18087, 7, 7 
33996, 7, 7 
1225, 7, 7 
57044, 7, 7 
31510, 7, 7 
4806, 7, 7 
9351, 7, 7 
42146, 7, 7 
59779, 7, 7 
57344, 7, 7 
51707, 7, 7 
27717, 7, 7 
39579, 7, 7 
36136, 7, 7 
3933, 7, 7 
56472, 7, 7 
54378, 7, 7 
31912, 7, 7 
23010, 7, 7 
7643, 7, 7 
13319, 7, 7 
40435, 7, 7 
37348, 7, 7 
11007, 7, 7 
2759, 7, 7 
11766, 7, 7 
42200, 7, 7 
40378, 7, 7 
55659, 7, 7 
17307, 7, 7 
31861, 7, 7 
2609, 7, 7 
23603, 7, 7 
42354, 7, 7 
59285, 7, 7 
55425, 7, 7 
26232, 7, 7 
23526, 7, 7 
36925, 7, 7 
13382, 7, 7 
48122, 7, 7 
40774, 7, 7 
43723, 7, 7 
12742, 7, 7 
30913, 7, 7 
28219, 7, 7 
50440, 7, 7 
6050, 7, 7 
31382, 7, 7 
9901, 7, 7 
7255, 7, 7 
19869, 7, 7 
44536, 7, 7 
18513, 7, 7 
16205, 7, 7 
34647, 7, 7 
14750, 7, 7 
12599, 7, 7 
26004, 7, 7 
9990, 7, 7 
20134, 7, 7 
33103, 7, 7 
48992, 7, 7 
15452, 7, 7 
54721, 7, 7 
29470, 7, 7 
34951, 7, 7 
24935, 7, 7 
12794, 7, 7 
30879, 7, 7 
23074, 7, 7 
12065, 7, 7 
17649, 7, 7 
5422, 7, 7 
52752, 7, 7 
51583, 7, 7 
24500, 7, 7 
28421, 7, 7 
7754, 7, 7 
18534, 7, 7 
24025, 7, 7 
43584, 7, 7 
55603, 7, 7 
32359, 7, 7 
31101, 7, 7 
39150, 7, 7 
22416, 7, 7 
52998, 7, 7 
48166, 7, 7 
49125, 7, 7 
23388, 7, 7 
25642, 7, 7 
38913, 7, 7 
50963, 7, 7 
47727, 7, 7 
44512, 7, 7 
54152, 7, 7 
15460, 7, 7 
55117, 7, 7 
20729, 7, 7 
44868, 7, 7 
17532, 7, 7 
24409, 7, 7 
32363, 7, 7 
17424, 7, 7 
19226, 7, 7 
34673, 7, 7 
47604, 7, 7 
47402, 7, 7 
57723, 7, 7 
59293, 7, 7 
53431, 7, 7 
13174, 7, 7 
52013, 7, 7 
41725, 7, 7 
8576, 7, 7 
33037, 7, 7 
51856, 7, 7 
2102, 7, 7 
39439, 7, 7 
53770, 7, 7 
55759, 7, 7 
45973, 7, 7 
13150, 7, 7 
45865, 7, 7 
19780, 7, 7 
7621, 7, 7 
53137, 7, 7 
26945, 7, 7 
3721, 7, 7 
47879, 7, 7 
41151, 7, 7 
26851, 7, 7 
19184, 7, 7 
46938, 7, 7 
26811, 7, 7 
22870, 7, 7 
14777, 7, 7 
35177, 7, 7 
44643, 7, 7 
5473, 7, 7 
24375, 7, 7 
4519, 7, 7 
40170, 7, 7 
13842, 7, 7 
11054, 7, 7 
39586, 7, 7 
50697, 7, 7 
26395, 7, 7 
40465, 7, 7 
25439, 7, 7 
43143, 7, 7 
45715, 7, 7 
41535, 7, 7 
34528, 7, 7 
43598, 7, 7 
30465, 7, 7 
56653, 7, 7 
17228, 7, 7 
56521, 7, 7 
38783, 7, 7 
32159, 7, 7 
57978, 7, 7 
42897, 7, 7 
18871, 7, 7 
48691, 7, 7 
38349, 7, 7 
52606, 7, 7 
17136, 7, 7 
50668, 7, 7 
34941, 7, 7 
32604, 7, 7 
634, 7, 7 
34353, 7, 7 
59107, 7, 7 
41362, 7, 7 
53832, 7, 7 
2118, 7, 7 
2909, 7, 7 
38300, 7, 7 
33957, 7, 7 
46874, 7, 7 
16771, 7, 7 
34666, 7, 7 
41479, 7, 7 
1652, 7, 7 
40193, 7, 7 
52249, 7, 7 
51304, 7, 7 
13814, 7, 7 
54066, 7, 7 
55346, 7, 7 
47071, 7, 7 
31648, 7, 7 
15087, 7, 7 
46686, 7, 7 
10202, 7, 7 
58517, 7, 7 
32174, 7, 7 
28399, 7, 7 
14337, 7, 7 
19193, 7, 7 
45361, 7, 7 
8517, 7, 7 
29296, 7, 7 
17718, 7, 7 
45551, 7, 7 
50215, 7, 7 
54186, 7, 7 
51650, 7, 7 
33362, 7, 7 
55480, 7, 7 
14833, 7, 7 
49906, 7, 7 
27341, 7, 7 
2055, 7, 7 
41615, 7, 7 
13599, 7, 7 
22984, 7, 7 
36134, 7, 7 
20061, 7, 7 
45258, 7, 7 
19668, 7, 7 
40117, 7, 7 
50972, 7, 7 
51429, 7, 7 
3189, 7, 7 
46349, 7, 7 
41604, 7, 7 
39580, 7, 7 
26529, 7, 7 
5057, 7, 7 
34599, 7, 7 
19341, 7, 7 
7568, 7, 7 
35101, 7, 7 
23798, 7, 7 
57970, 7, 7 
24518, 7, 7 
31408, 7, 7 
12138, 7, 7 
36612, 7, 7 
45483, 7, 7 
50147, 7, 7 
13515, 7, 7 
40204, 7, 7 
56749, 7, 7 
54176, 7, 7 
23451, 7, 7 
39687, 7, 7 
49209, 7, 7 
9598, 7, 7 
23173, 7, 7 
25308, 7, 7 
853, 7, 7 
25011, 7, 7 
34434, 7, 7 
9669, 7, 7 
41244, 7, 7 
59842, 7, 7 
53184, 8, 8 
40131, 8, 8 
12317, 8, 8 
44180, 8, 8 
23086, 8, 8 
19792, 8, 8 
44597, 8, 8 
5078, 8, 8 
16440, 8, 8 
26532, 8, 8 
10649, 8, 8 
29276, 8, 8 
58446, 8, 8 
11827, 8, 8 
30478, 8, 8 
28144, 8, 8 
22784, 8, 8 
15645, 8, 8 
26443, 8, 8 
33514, 8, 8 
6814, 8, 8 
38085, 8, 8 
35730, 8, 8 
46982, 8, 8 
23205, 8, 8 
58168, 8, 8 
11734, 8, 8 
35375, 8, 8 
52171, 8, 8 
33668, 8, 8 
28511, 8, 8 
32596, 8, 8 
27947, 8, 8 
38863, 8, 8 
59834, 8, 8 
2940, 8, 8 
59123, 8, 8 
36974, 8, 8 
32279, 8, 8 
8759, 8, 8 
6795, 8, 8 
57031, 8, 8 
43372, 8, 8 
25686, 8, 8 
52285, 8, 8 
38870, 8, 8 
36710, 8, 8 
34763, 8, 8 
44289, 8, 8 
25674, 8, 8 
47392, 8, 8 
38734, 8, 8 
17160, 8, 8 
51189, 8, 8 
59622, 8, 8 
46222, 8, 8 
54665, 8, 8 
55606, 8, 8 
21045, 8, 8 
51576, 8, 8 
13803, 8, 8 
14480, 8, 8 
42009, 8, 8 
20592, 8, 8 
40453, 8, 8 
13274, 8, 8 
31816, 8, 8 
37709, 8, 8 
20904, 8, 8 
58893, 8, 8 
27048, 8, 8 
40437, 8, 8 
8234, 8, 8 
49617, 8, 8 
19906, 8, 8 
20709, 8, 8 
51324, 8, 8 
29164, 8, 8 
40083, 8, 8 
57080, 8, 8 
27892, 8, 8 
21399, 8, 8 
30172, 8, 8 
55272, 8, 8 
36387, 8, 8 
42595, 8, 8 
38765, 8, 8 
58888, 8, 8 
6905, 8, 8 
33664, 8, 8 
40687, 8, 8 
46320, 8, 8 
415, 8, 8 
46231, 8, 8 
14733, 8, 8 
18041, 8, 8 
36367, 8, 8 
7674, 8, 8 
50001, 8, 8 
47099, 8, 8 
28297, 8, 8 
43290, 8, 8 
57611, 8, 8 
23193, 8, 8 
57237, 8, 8 
4675, 8, 8 
28989, 8, 8 
43647, 8, 8 
59086, 8, 8 
12630, 8, 8 
53640, 8, 8 
45057, 8, 8 
10592, 8, 8 
54958, 8, 8 
37152, 8, 8 
50861, 8, 8 
33270, 8, 8 
38273, 8, 8 
22760, 8, 8 
38044, 8, 8 
25741, 8, 8 
49332, 8, 8 
37783, 8, 8 
23524, 8, 8 
39277, 8, 8 
41064, 8, 8 
25647, 8, 8 
5763, 8, 8 
37428, 8, 8 
17675, 8, 8 
12719, 8, 8 
47425, 8, 8 
35843, 8, 8 
30415, 8, 8 
37312, 8, 8 
7777, 8, 8 
11351, 8, 8 
53672, 8, 8 
7328, 8, 8 
13632, 8, 8 
27126, 8, 8 
20621, 8, 8 
26138, 8, 8 
29493, 8, 8 
22274, 8, 8 
8181, 8, 8 
8136, 8, 8 
32270, 8, 8 
31306, 8, 8 
55061, 8, 8 
3689, 8, 8 
47728, 8, 8 
56866, 8, 8 
17957, 8, 8 
27359, 8, 8 
2388, 8, 8 
34414, 8, 8 
36121, 8, 8 
8033, 8, 8 
16417, 8, 8 
55973, 8, 8 
49129, 8, 8 
14730, 8, 8 
54636, 8, 8 
13189, 8, 8 
40928, 8, 8 
38596, 8, 8 
15158, 8, 8 
29229, 8, 8 
30203, 8, 8 
50945, 8, 8 
24160, 8, 8 
19928, 8, 8 
39478, 8, 8 
39378, 8, 8 
6322, 8, 8 
31091, 8, 8 
45194, 8, 8 
26737, 8, 8 
2394, 8, 8 
1237, 8, 8 
35950, 8, 8 
7199, 8, 8 
8645, 8, 8 
33026, 8, 8 
52115, 8, 8 
1759, 8, 8 
44615, 8, 8 
6534, 8, 8 
31414, 8, 8 
30173, 8, 8 
46337, 8, 8 
31334, 8, 8 
9847, 8, 8 
59666, 8, 8 
41550, 8, 8 
43558, 8, 8 
46647, 8, 8 
15598, 8, 8 
41092, 8, 8 
5200, 8, 8 
51172, 8, 8 
25018, 8, 8 
26519, 8, 8 
25117, 8, 8 
27118, 8, 8 
43944, 8, 8 
13592, 8, 8 
37329, 8, 8 
28432, 8, 8 
58837, 8, 8 
9937, 8, 8 
12963, 8, 8 
34900, 8, 8 
30467, 8, 8 
817, 8, 8 
19951, 8, 8 
57379, 8, 8 
18595, 8, 8 
20880, 8, 8 
25486, 8, 8 
17, 8, 8 
33198, 8, 8 
24981, 8, 8 
16231, 8, 8 
39070, 8, 8 
5521, 8, 8 
59803, 8, 8 
37075, 8, 8 
41611, 8, 8 
55311, 8, 8 
34979, 8, 8 
22526, 8, 8 
23190, 8, 8 
36834, 8, 8 
54226, 8, 8 
44024, 8, 8 
19475, 8, 8 
22118, 8, 8 
24857, 8, 8 
8359, 8, 8 
58467, 8, 8 
39035, 8, 8 
3158, 8, 8 
51611, 8, 8 
52860, 8, 8 
9008, 8, 8 
16797, 8, 8 
25236, 8, 8 
33765, 8, 8 
34001, 8, 8 
38405, 8, 8 
52468, 8, 8 
31801, 8, 8 
7076, 8, 8 
28042, 8, 8 
4419, 8, 8 
36865, 8, 8 
18109, 8, 8 
55766, 8, 8 
54280, 8, 8 
48723, 8, 8 
56623, 8, 8 
3365, 8, 8 
8397, 8, 8 
1793, 8, 8 
2842, 8, 8 
51224, 8, 8 
42155, 8, 8 
725, 8, 8 
9805, 8, 8 
15050, 8, 8 
6030, 8, 8 
3163, 8, 8 
21705, 8, 8 
50442, 8, 8 
57493, 8, 8 
39479, 8, 8 
14648, 8, 8 
23180, 8, 8 
13341, 8, 8 
44624, 8, 8 
4375, 8, 8 
14014, 8, 8 
19665, 8, 8 
52070, 8, 8 
16500, 8, 8 
40665, 8, 8 
56254, 8, 8 
35958, 8, 8 
34901, 8, 8 
34452, 8, 8 
49051, 8, 8 
7441, 8, 8 
53848, 8, 8 
44200, 8, 8 
31607, 8, 8 
57329, 8, 8 
10927, 8, 8 
42226, 8, 8 
44061, 8, 8 
57093, 8, 8 
26414, 8, 8 
48734, 8, 8 
15221, 8, 8 
13378, 8, 8 
34011, 8, 8 
30874, 8, 8 
10281, 8, 8 
38878, 8, 8 
25072, 8, 8 
41396, 8, 8 
46504, 8, 8 
33813, 8, 8 
4434, 8, 8 
38489, 8, 8 
54093, 8, 8 
16901, 8, 8 
46223, 8, 8 
23071, 8, 8 
40064, 8, 8 
22853, 8, 8 
38074, 8, 8 
14211, 8, 8 
46758, 8, 8 
39948, 8, 8 
30914, 8, 8 
43741, 8, 8 
46216, 8, 8 
34770, 8, 8 
6774, 8, 8 
39872, 8, 8 
57665, 8, 8 
21663, 8, 8 
44286, 8, 8 
33097, 8, 8 
6731, 8, 8 
19182, 8, 8 
53506, 8, 8 
17112, 8, 8 
25081, 8, 8 
57042, 8, 8 
32078, 8, 8 
21183, 8, 8 
45678, 8, 8 
16658, 8, 8 
37952, 8, 8 
11160, 8, 8 
17668, 8, 8 
43226, 8, 8 
3584, 8, 8 
13204, 8, 8 
3425, 8, 8 
13626, 8, 8 
27051, 8, 8 
35569, 8, 8 
10963, 8, 8 
55330, 8, 8 
8780, 8, 8 
42365, 8, 8 
42662, 8, 8 
4501, 8, 8 
44206, 8, 8 
21467, 8, 8 
34375, 8, 8 
27798, 8, 8 
59511, 8, 8 
26397, 8, 8 
54564, 8, 8 
7956, 8, 8 
3866, 8, 8 
1966, 8, 8 
54749, 8, 8 
52283, 8, 8 
30937, 8, 8 
59097, 8, 8 
44918, 8, 8 
59361, 8, 8 
2002, 8, 8 
3892, 8, 8 
38271, 8, 8 
38510, 8, 8 
4103, 8, 8 
18644, 8, 8 
21188, 8, 8 
34319, 8, 8 
20024, 8, 8 
35061, 8, 8 
5170, 8, 8 
40935, 8, 8 
44839, 8, 8 
49487, 8, 8 
24791, 8, 8 
16725, 8, 8 
53028, 8, 8 
43299, 8, 8 
38067, 8, 8 
37460, 8, 8 
10041, 8, 8 
532, 8, 8 
54488, 8, 8 
37240, 8, 8 
57668, 8, 8 
18150, 8, 8 
22913, 8, 8 
48285, 8, 8 
42313, 8, 8 
17825, 8, 8 
9088, 8, 8 
9651, 8, 8 
10061, 8, 8 
38807, 8, 8 
52493, 8, 8 
6153, 8, 8 
33678, 8, 8 
45553, 8, 8 
18559, 8, 8 
528, 8, 8 
15820, 8, 8 
22745, 8, 8 
21118, 8, 8 
52044, 8, 8 
5034, 8, 8 
4825, 8, 8 
44118, 8, 8 
53786, 8, 8 
55407, 8, 8 
49578, 8, 8 
36224, 8, 8 
42467, 8, 8 
50268, 8, 8 
56872, 8, 8 
42580, 8, 8 
53997, 8, 8 
24823, 8, 8 
40998, 8, 8 
33205, 8, 8 
35577, 8, 8 
12928, 8, 8 
55695, 8, 8 
4308, 8, 8 
37710, 8, 8 
58239, 8, 8 
19716, 8, 8 
6792, 8, 8 
31704, 8, 8 
17559, 8, 8 
32607, 8, 8 
47648, 8, 8 
17937, 8, 8 
34722, 8, 8 
16631, 8, 8 
8197, 8, 8 
39658, 8, 8 
52037, 8, 8 
23637, 8, 8 
6243, 8, 8 
32722, 8, 8 
38476, 8, 8 
35096, 8, 8 
9020, 8, 8 
21925, 8, 8 
51087, 8, 8 
1914, 8, 8 
31525, 8, 8 
45971, 8, 8 
31881, 8, 8 
41801, 8, 8 
14068, 8, 8 
54916, 8, 8 
22810, 8, 8 
44056, 8, 8 
23631, 8, 8 
13354, 8, 8 
56299, 8, 8 
55979, 8, 8 
15707, 8, 8 
22292, 8, 8 
40089, 8, 8 
48394, 8, 8 
57736, 8, 8 
3191, 8, 8 
29145, 8, 8 
55610, 8, 8 
47896, 8, 8 
12944, 8, 8 
8366, 8, 8 
26672, 8, 8 
20068, 8, 8 
27469, 8, 8 
32102, 8, 8 
53659, 8, 8 
29303, 8, 8 
28206, 8, 8 
59013, 8, 8 
57238, 8, 8 
56907, 8, 8 
12335, 8, 8 
23865, 8, 8 
20507, 8, 8 
55295, 9, 9 
2798, 9, 9 
28168, 9, 9 
7251, 9, 9 
21302, 9, 9 
20188, 9, 9 
43718, 9, 9 
40446, 9, 9 
46087, 9, 9 
55633, 9, 9 
15170, 9, 9 
22423, 9, 9 
11903, 9, 9 
39319, 9, 9 
8525, 9, 9 
1399, 9, 9 
51716, 9, 9 
29012, 9, 9 
3649, 9, 9 
18959, 9, 9 
24566, 9, 9 
37369, 9, 9 
2815, 9, 9 
11991, 9, 9 
30205, 9, 9 
23989, 9, 9 
52763, 9, 9 
49130, 9, 9 
33147, 9, 9 
31161, 9, 9 
59344, 9, 9 
55435, 9, 9 
12669, 9, 9 
14884, 9, 9 
47664, 9, 9 
19560, 9, 9 
18697, 9, 9 
6886, 9, 9 
34962, 9, 9 
41563, 9, 9 
3785, 9, 9 
153, 9, 9 
21317, 9, 9 
30696, 9, 9 
9950, 9, 9 
47456, 9, 9 
11089, 9, 9 
52595, 9, 9 
8060, 9, 9 
600, 9, 9 
18731, 9, 9 
11688, 9, 9 
54311, 9, 9 
28088, 9, 9 
10232, 9, 9 
37268, 9, 9 
46589, 9, 9 
10208, 9, 9 
22, 9, 9 
57294, 9, 9 
30782, 9, 9 
51455, 9, 9 
10577, 9, 9 
25044, 9, 9 
32249, 9, 9 
26361, 9, 9 
19910, 9, 9 
31842, 9, 9 
154, 9, 9 
21020, 9, 9 
13072, 9, 9 
14479, 9, 9 
24983, 9, 9 
43237, 9, 9 
11582, 9, 9 
52372, 9, 9 
3296, 9, 9 
28240, 9, 9 
30237, 9, 9 
20196, 9, 9 
36963, 9, 9 
22041, 9, 9 
23807, 9, 9 
38969, 9, 9 
59835, 9, 9 
14247, 9, 9 
34066, 9, 9 
48938, 9, 9 
20698, 9, 9 
2221, 9, 9 
5918, 9, 9 
58761, 9, 9 
12884, 9, 9 
6922, 9, 9 
30627, 9, 9 
35735, 9, 9 
4025, 9, 9 
15128, 9, 9 
50186, 9, 9 
14358, 9, 9 
10721, 9, 9 
24092, 9, 9 
55949, 9, 9 
18506, 9, 9 
38760, 9, 9 
42258, 9, 9 
14057, 9, 9 
49714, 9, 9 
29322, 9, 9 
49003, 9, 9 
12989, 9, 9 
5765, 9, 9 
43174, 9, 9 
1005, 9, 9 
47657, 9, 9 
20767, 9, 9 
11814, 9, 9 
46148, 9, 9 
1274, 9, 9 
18510, 9, 9 
40145, 9, 9 
1620, 9, 9 
1574, 9, 9 
5898, 9, 9 
29953, 9, 9 
28460, 9, 9 
5726, 9, 9 
54307, 9, 9 
26405, 9, 9 
49468, 9, 9 
21449, 9, 9 
53964, 9, 9 
18552, 9, 9 
36319, 9, 9 
49272, 9, 9 
24947, 9, 9 
34489, 9, 9 
15072, 9, 9 
21245, 9, 9 
27128, 9, 9 
29419, 9, 9 
40666, 9, 9 
18935, 9, 9 
52506, 9, 9 
22597, 9, 9 
50177, 9, 9 
57406, 9, 9 
2471, 9, 9 
50845, 9, 9 
25224, 9, 9 
22672, 9, 9 
4362, 9, 9 
30505, 9, 9 
13465, 9, 9 
44177, 9, 9 
10799, 9, 9 
30135, 9, 9 
36906, 9, 9 
3099, 9, 9 
51470, 9, 9 
33358, 9, 9 
21591, 9, 9 
5718, 9, 9 
5130, 9, 9 
33699, 9, 9 
51239, 9, 9 
27344, 9, 9 
2274, 9, 9 
28665, 9, 9 
7936, 9, 9 
5523, 9, 9 
27074, 9, 9 
22140, 9, 7 
16185, 9, 9 
34419, 9, 9 
15446, 9, 9 
5544, 9, 9 
34013, 9, 9 
22263, 9, 9 
52845, 9, 9 
41196, 9, 9 
16481, 9, 9 
56905, 9, 9 
34044, 9, 9 
22610, 9, 9 
25824, 9, 9 
48924, 9, 9 
9483, 9, 9 
16621, 9, 9 
4085, 9, 9 
19395, 9, 9 
46282, 9, 9 
1272, 9, 9 
54575, 9, 9 
12172, 9, 9 
58828, 9, 9 
50515, 9, 9 
50309, 9, 9 
3020, 9, 9 
51334, 9, 9 
48182, 9, 9 
50973, 9, 9 
42668, 9, 9 
43738, 9, 9 
56425, 9, 9 
25664, 9, 9 
43421, 9, 9 
8953, 9, 9 
3987, 9, 9 
40283, 9, 9 
53154, 9, 9 
32260, 9, 9 
46800, 9, 9 
12889, 9, 9 
48968, 9, 9 
25343, 9, 9 
20267, 9, 9 
42802, 9, 9 
36935, 9, 9 
11206, 9, 9 
36261, 9, 9 
41962, 9, 9 
26663, 9, 9 
19098, 9, 9 
5658, 9, 9 
52761, 9, 9 
29710, 9, 9 
49663, 9, 9 
49973, 9, 9 
41008, 9, 9 
3511, 9, 9 
30694, 9, 9 
36920, 9, 9 
16303, 9, 9 
23950, 9, 9 
27515, 9, 9 
36109, 9, 9 
15592, 9, 9 
21842, 9, 9 
39377, 9, 9 
19885, 9, 9 
9969, 9, 9 
58222, 9, 9 
35188, 9, 9 
57047, 9, 9 
17792, 9, 9 
14082, 9, 9 
52462, 9, 9 
43, 9, 9 
15253, 9, 9 
44537, 9, 9 
36807, 9, 9 
46301, 9, 9 
3447, 9, 9 
34335, 9, 9 
34184, 9, 9 
110, 9, 9 
16877, 9, 9 
16388, 9, 9 
54955, 9, 9 
57444, 9, 9 
46497, 9, 9 
1569, 9, 9 
53349, 9, 9 
9247, 9, 9 
12061, 9, 9 
40670, 9, 9 
44486, 9, 9 
12674, 9, 9 
346, 9, 9 
53976, 9, 9 
26518, 9, 9 
59006, 9, 9 
57152, 9, 9 
13757, 9, 9 
57449, 9, 9 
24759, 9, 9 
36418, 9, 9 
58385, 9, 9 
32271, 9, 9 
27771, 9, 9 
14988, 9, 9 
39481, 9, 9 
44400, 9, 9 
34496, 9, 9 
12846, 9, 9 
47588, 9, 9 
31309, 9, 9 
12248, 9, 9 
34063, 9, 9 
54599, 9, 9 
33907, 9, 9 
14407, 9, 9 
54520, 9, 9 
6842, 9, 9 
7952, 9, 9 
10341, 9, 9 
17671, 9, 9 
41684, 9, 9 
583, 9, 9 
14699, 9, 9 
4306, 9, 9 
3121, 9, 9 
7241, 9, 9 
39732, 9, 9 
51730, 9, 9 
24420, 9, 9 
34940, 9, 9 
47261, 9, 9 
55803, 9, 9 
31893, 9, 9 
36808, 9, 9 
53342, 9, 9 
226, 9, 9 
14459, 9, 9 
31697, 9, 9 
33375, 9, 9 
40531, 9, 9 
50204, 9, 9 
49562, 9, 9 
27342, 9, 9 
20360, 9, 9 
35368, 9, 9 
5878, 9, 9 
28927, 9, 9 
46287, 9, 9 
16814, 9, 9 
44469, 9, 9 
34598, 9, 9 
3277, 9, 9 
812, 9, 9 
31551, 9, 9 
28448, 9, 9 
34211, 9, 9 
57567, 9, 9 
11078, 9, 9 
51516, 9, 9 
15063, 9, 9 
5062, 9, 9 
264, 9, 9 
15653, 9, 9 
20778, 9, 9 
41135, 9, 9 
31923, 9, 9 
14662, 9, 9 
43138, 9, 9 
16846, 9, 9 
20376, 9, 9 
54984, 9, 9 
19781, 9, 9 
4045, 9, 9 
42465, 9, 9 
704, 9, 9 
37265, 9, 9 
44071, 9, 9 
40455, 9, 9 
23723, 9, 9 
3742, 9, 9 
16939, 9, 9 
30437, 9, 9 
11820, 9, 9 
51253, 9, 9 
21297, 9, 9 
43499, 9, 9 
41903, 9, 9 
1984, 9, 9 
8358, 9, 9 
40583, 9, 9 
21616, 9, 9 
53935, 9, 9 
15167, 9, 9 
33291, 9, 9 
3169, 9, 9 
33255, 9, 9 
44489, 9, 9 
44559, 9, 9 
11840, 9, 9 
38674, 9, 9 
1743, 9, 9 
1142, 9, 9 
38519, 9, 9 
38230, 9, 9 
9229, 9, 9 
25478, 9, 9 
56041, 9, 9 
19239, 9, 9 
3506, 9, 9 
20594, 9, 9 
53126, 9, 9 
14687, 9, 9 
53821, 9, 9 
23257, 9, 9 
14547, 9, 9 
50384, 9, 9 
47617, 9, 9 
11151, 9, 9 
36666, 9, 9 
9784, 9, 9 
14726, 9, 9 
37009, 9, 9 
56996, 9, 9 
57590, 9, 9 
41905, 9, 9 
55763, 9, 9 
15970, 9, 9 
44384, 9, 9 
28765, 9, 9 
33313, 9, 9 
23976, 9, 9 
19212, 9, 9 
47958, 9, 9 
30099, 9, 9 
28674, 9, 9 
10794, 9, 9 
35233, 9, 9 
9481, 9, 9 
31200, 9, 9 
53550, 9, 9 
4161, 9, 9 
47885, 9, 9 
37906, 9, 9 
13768, 9, 9 
45528, 9, 9 
19178, 9, 9 
25634, 9, 9 
12789, 9, 9 
18448, 9, 9 
14365, 9, 9 
47403, 9, 9 
11926, 9, 9 
5503, 9, 9 
22086, 9, 9 
42696, 9, 9 
56201, 9, 9 
42577, 9, 9 
3818, 9, 9 
42727, 9, 9 
13687, 9, 9 
13326, 9, 9 
33249, 9, 9 
41771, 9, 9 
49854, 9, 9 
32483, 9, 9 
50867, 9, 9 
34072, 9, 9 
47040, 9, 9 
36074, 9, 9 
20676, 9, 9 
11224, 9, 9 
27692, 9, 9 
1748, 9, 9 
12294, 9, 9 
38877, 9, 9 
20421, 9, 9 
43453, 9, 9 
33683, 9, 9 
38118, 9, 9 
44962, 9, 9 
52203, 9, 9 
50787, 9, 9 
1950, 9, 9 
54369, 9, 9 
16522, 9, 9 
24062, 9, 9 
13289, 9, 9 
56753, 9, 9 
58850, 9, 9 
38887, 9, 9 
45244, 9, 9 
27908, 9, 9 
55970, 9, 9 
39578, 9, 9 
36360, 9, 9 
5589, 9, 9 
54766, 9, 9 
9791, 9, 9 
54993, 9, 9 
20818, 9, 9 
6439, 9, 9 
36104, 9, 7 
11732, 9, 9 
39713, 9, 9 
55780, 9, 9 
14580, 9, 9 
39993, 9, 9 
18653, 9, 9 
793, 9, 9 
51042, 9, 9 
38419, 9, 9 
15755, 9, 9 
8776, 9, 9 
5869, 9, 9 
8322, 9, 9 
15894, 9, 9 
15112, 9, 9 
27016, 9, 9 
33, 9, 9 
15899, 9, 9 
7016, 9, 9 
51527, 9, 9 
