id, true label, predicted label 
50208, 0, 0 
56868, 0, 0 
45960, 0, 0 
23875, 0, 0 
3585, 0, 0 
3734, 0, 0 
2890, 0, 0 
59472, 0, 0 
18878, 0, 0 
13240, 0, 0 
33465, 0, 0 
8489, 0, 0 
42270, 0, 0 
58062, 0, 0 
14334, 0, 0 
41806, 0, 0 
45190, 0, 0 
49800, 0, 0 
29887, 0, 0 
9422, 0, 0 
56755, 0, 0 
36213, 0, 0 
34977, 0, 0 
45021, 0, 0 
53982, 0, 0 
59143, 0, 0 
33904, 0, 0 
52294, 0, 0 
451, 0, 0 
4047, 0, 0 
53562, 0, 0 
50944, 0, 0 
53959, 0, 0 
51828, 0, 0 
48439, 0, 0 
52105, 0, 0 
7203, 0, 0 
21078, 0, 0 
55785, 0, 0 
11026, 0, 0 
43266, 0, 0 
6723, 0, 0 
55110, 0, 0 
44399, 0, 0 
40457, 0, 0 
39992, 0, 0 
18159, 0, 0 
8469, 0, 0 
8935, 0, 0 
42608, 0, 0 
49807, 1, 1 
59519, 1, 1 
47986, 1, 1 
47187, 1, 1 
9133, 1, 1 
11543, 1, 1 
45229, 1, 1 
17505, 1, 1 
47141, 1, 1 
30209, 1, 1 
33774, 1, 1 
16562, 1, 1 
22656, 1, 1 
2103, 1, 1 
40921, 1, 1 
17209, 1, 1 
59200, 1, 1 
59166, 1, 1 
43246, 1, 1 
52359, 1, 1 
26133, 1, 1 
16686, 1, 1 
44725, 1, 1 
698, 1, 1 
2326, 1, 1 
56965, 1, 1 
14860, 1, 1 
39988, 1, 1 
39805, 1, 1 
42702, 1, 1 
50158, 1, 1 
52675, 1, 1 
27933, 1, 1 
50951, 1, 1 
7411, 1, 1 
25227, 1, 1 
11433, 1, 1 
5479, 1, 1 
50979, 1, 1 
54872, 1, 1 
13501, 1, 1 
27630, 1, 1 
18176, 1, 1 
20604, 1, 1 
17727, 1, 1 
7222, 1, 1 
9474, 1, 1 
5834, 1, 1 
56273, 1, 1 
32083, 1, 1 
50452, 2, 2 
46464, 2, 2 
27456, 2, 2 
15751, 2, 2 
40513, 2, 2 
37015, 2, 2 
26522, 2, 2 
8446, 2, 2 
42188, 2, 2 
59913, 2, 2 
35992, 2, 2 
12603, 2, 2 
14005, 2, 2 
16858, 2, 2 
55404, 2, 2 
4476, 2, 2 
30690, 2, 2 
25658, 2, 2 
30055, 2, 2 
10429, 2, 2 
14523, 2, 2 
32250, 2, 2 
22026, 2, 2 
22356, 2, 2 
25902, 2, 2 
40129, 2, 2 
53264, 2, 2 
664, 2, 2 
44298, 2, 2 
51642, 2, 2 
10477, 2, 2 
49805, 2, 2 
47102, 2, 2 
59076, 2, 2 
51443, 2, 2 
54815, 2, 2 
20493, 2, 2 
47743, 2, 2 
19919, 2, 2 
51575, 2, 2 
55137, 2, 2 
31454, 2, 2 
3112, 2, 2 
33727, 2, 2 
27957, 2, 2 
57342, 2, 2 
35885, 2, 2 
36311, 2, 2 
28787, 2, 2 
54838, 2, 2 
52974, 3, 3 
49055, 3, 3 
11031, 3, 3 
2023, 3, 3 
1718, 3, 3 
4073, 3, 3 
22835, 3, 3 
11874, 3, 3 
2021, 3, 3 
16867, 3, 3 
50995, 3, 3 
55017, 3, 3 
48264, 3, 3 
28858, 3, 3 
51063, 3, 3 
25536, 3, 3 
8338, 3, 3 
14761, 3, 3 
43978, 3, 3 
111, 3, 3 
33357, 3, 3 
46953, 3, 3 
49673, 3, 3 
24059, 3, 3 
16013, 3, 3 
36298, 3, 3 
13906, 3, 3 
49896, 3, 3 
32398, 3, 3 
15785, 3, 3 
43902, 3, 3 
17328, 3, 3 
59119, 3, 3 
44380, 3, 3 
36449, 3, 3 
34145, 3, 3 
23888, 3, 3 
40035, 3, 3 
9065, 3, 3 
30251, 3, 3 
1144, 3, 3 
4579, 3, 3 
30070, 3, 3 
52038, 3, 3 
21468, 3, 3 
49450, 3, 3 
13543, 3, 3 
28224, 3, 3 
52773, 3, 3 
14166, 3, 3 
28700, 4, 4 
30361, 4, 4 
41845, 4, 4 
16818, 4, 4 
4454, 4, 4 
59915, 4, 4 
47523, 4, 4 
18088, 4, 4 
48327, 4, 4 
10634, 4, 4 
16438, 4, 4 
1767, 4, 4 
1461, 4, 4 
30006, 4, 4 
32286, 4, 4 
38619, 4, 4 
39867, 4, 4 
44086, 4, 4 
20995, 4, 4 
24894, 4, 4 
31224, 4, 4 
22273, 4, 4 
25006, 4, 4 
32020, 4, 4 
12726, 4, 4 
22960, 4, 4 
50606, 4, 4 
8261, 4, 4 
3061, 4, 4 
11512, 4, 4 
51482, 4, 4 
3738, 4, 4 
29854, 4, 4 
828, 4, 4 
11463, 4, 4 
26758, 4, 4 
27476, 4, 4 
23623, 4, 4 
32262, 4, 4 
50389, 4, 4 
24929, 4, 4 
42233, 4, 4 
20680, 4, 4 
16331, 4, 4 
47771, 4, 4 
16593, 4, 4 
45860, 4, 4 
20447, 4, 4 
29631, 4, 4 
4438, 4, 4 
35797, 5, 5 
36839, 5, 5 
17665, 5, 5 
28748, 5, 5 
5309, 5, 5 
30323, 5, 5 
47526, 5, 5 
47757, 5, 5 
6936, 5, 5 
23567, 5, 5 
54566, 5, 5 
46610, 5, 5 
22846, 5, 5 
39780, 5, 5 
33928, 5, 5 
38408, 5, 5 
34463, 5, 5 
34431, 5, 5 
30595, 5, 5 
40966, 5, 5 
52310, 5, 5 
32492, 5, 5 
29924, 5, 5 
41072, 5, 5 
45305, 5, 5 
12650, 5, 5 
17097, 5, 5 
28103, 5, 5 
57710, 5, 5 
18789, 5, 5 
55212, 5, 5 
21227, 5, 5 
46675, 5, 5 
26320, 5, 5 
42447, 5, 5 
26607, 5, 5 
52650, 5, 5 
57330, 5, 5 
3907, 5, 5 
34868, 5, 5 
40008, 5, 5 
28410, 5, 5 
39765, 5, 5 
53971, 5, 5 
6027, 5, 5 
14673, 5, 5 
55902, 5, 5 
45716, 5, 5 
38940, 5, 5 
4645, 5, 5 
39709, 6, 6 
6567, 6, 6 
11803, 6, 6 
26372, 6, 6 
56675, 6, 6 
29015, 6, 6 
57514, 6, 6 
17788, 6, 6 
5311, 6, 6 
26874, 6, 6 
59125, 6, 6 
26603, 6, 6 
56162, 6, 6 
40828, 6, 6 
13565, 6, 6 
47045, 6, 6 
40304, 6, 6 
2789, 6, 6 
58883, 6, 6 
47864, 6, 6 
49828, 6, 6 
21676, 6, 6 
37236, 6, 6 
28549, 6, 6 
42025, 6, 6 
20808, 6, 6 
42489, 6, 6 
35131, 6, 6 
27965, 6, 6 
24441, 6, 6 
12354, 6, 6 
45805, 6, 6 
46432, 6, 6 
34915, 6, 6 
24638, 6, 6 
29687, 6, 6 
10790, 6, 6 
15370, 6, 6 
5405, 6, 6 
33410, 6, 6 
23569, 6, 6 
43348, 6, 6 
25358, 6, 6 
8733, 6, 6 
14051, 6, 6 
37071, 6, 6 
35517, 6, 6 
36, 6, 6 
23697, 6, 6 
50666, 6, 6 
2055, 7, 7 
3556, 7, 7 
35594, 7, 7 
48250, 7, 7 
26699, 7, 7 
32738, 7, 7 
34229, 7, 7 
53423, 7, 7 
54529, 7, 7 
13119, 7, 7 
41240, 7, 7 
11798, 7, 7 
29908, 7, 7 
34454, 7, 7 
39544, 7, 7 
5975, 7, 7 
29309, 7, 7 
18825, 7, 7 
13244, 7, 7 
3368, 7, 7 
33280, 7, 7 
8604, 7, 7 
47988, 7, 7 
25491, 7, 7 
47453, 7, 7 
13149, 7, 7 
44574, 7, 7 
24990, 7, 7 
21572, 7, 7 
55724, 7, 7 
3914, 7, 7 
7362, 7, 7 
57546, 7, 7 
54818, 7, 7 
49877, 7, 7 
17962, 7, 7 
26076, 7, 7 
22519, 7, 7 
54688, 7, 7 
44539, 7, 7 
46190, 7, 7 
52926, 7, 7 
14242, 7, 7 
11703, 7, 7 
47423, 7, 7 
55562, 7, 7 
6908, 7, 7 
11664, 7, 7 
34503, 7, 7 
1547, 7, 7 
19711, 8, 8 
30703, 8, 8 
16044, 8, 8 
47144, 8, 8 
15091, 8, 8 
9952, 8, 8 
36974, 8, 8 
45458, 8, 8 
2781, 8, 8 
55761, 8, 8 
24857, 8, 8 
17291, 8, 8 
21118, 8, 8 
30203, 8, 8 
28495, 8, 8 
3872, 8, 8 
42229, 8, 8 
12493, 8, 8 
37870, 8, 8 
24000, 8, 8 
42595, 8, 8 
28351, 8, 8 
40092, 8, 8 
25362, 8, 8 
16069, 8, 8 
8171, 8, 8 
22837, 8, 8 
36983, 8, 8 
59423, 8, 8 
51459, 8, 8 
50429, 8, 8 
26813, 8, 8 
45684, 8, 8 
24297, 8, 8 
13990, 8, 8 
38273, 8, 8 
37715, 8, 8 
52905, 8, 8 
36677, 8, 8 
42347, 8, 8 
53574, 8, 8 
21249, 8, 8 
28802, 8, 8 
10866, 8, 8 
2302, 8, 8 
38067, 8, 8 
39479, 8, 8 
26153, 8, 8 
40706, 8, 8 
42473, 8, 8 
21213, 9, 9 
21957, 9, 9 
34072, 9, 9 
42289, 9, 9 
57432, 9, 9 
4085, 9, 9 
52462, 9, 9 
39172, 9, 9 
5595, 9, 9 
21827, 9, 9 
15128, 9, 9 
1173, 9, 9 
47645, 9, 9 
56684, 9, 9 
800, 9, 9 
39064, 9, 9 
46066, 9, 9 
44641, 9, 9 
4050, 9, 9 
48244, 9, 9 
34330, 9, 9 
10198, 9, 9 
48330, 9, 9 
7756, 9, 9 
24936, 9, 9 
183, 9, 9 
13563, 9, 9 
42106, 9, 9 
21422, 9, 9 
28051, 9, 9 
19457, 9, 9 
54389, 9, 9 
1194, 9, 9 
6061, 9, 9 
43058, 9, 9 
46030, 9, 9 
29305, 9, 9 
4368, 9, 9 
7811, 9, 9 
44083, 9, 9 
2267, 9, 9 
32021, 9, 9 
21040, 9, 9 
46336, 9, 9 
23062, 9, 9 
9437, 9, 9 
23744, 9, 9 
56944, 9, 9 
59080, 9, 9 
9119, 9, 9 
