id, true label, predicted label 
51629, 0, 0 
57296, 0, 0 
45418, 0, 0 
49815, 0, 0 
43981, 0, 0 
31199, 0, 0 
59421, 0, 0 
19786, 0, 0 
27401, 0, 0 
33228, 0, 0 
25942, 0, 0 
54414, 0, 0 
39236, 0, 0 
30790, 0, 0 
47479, 0, 0 
58256, 0, 0 
30929, 0, 0 
45939, 0, 0 
16518, 0, 0 
57962, 0, 0 
19080, 0, 0 
18263, 0, 0 
55991, 0, 0 
25914, 0, 0 
14545, 0, 0 
33703, 0, 0 
57020, 0, 0 
43243, 0, 0 
3241, 0, 0 
32952, 0, 0 
1771, 0, 0 
56942, 0, 0 
53469, 0, 0 
29498, 0, 0 
32899, 0, 0 
3698, 0, 0 
32162, 0, 0 
35663, 0, 0 
8469, 0, 0 
38138, 0, 0 
20632, 0, 0 
24605, 0, 0 
118, 0, 0 
32682, 0, 0 
12691, 0, 0 
23541, 0, 0 
48830, 0, 0 
50072, 0, 0 
58461, 0, 0 
42262, 0, 0 
54876, 1, 1 
28609, 1, 1 
20772, 1, 1 
33441, 1, 1 
8873, 1, 1 
44370, 1, 1 
31780, 1, 1 
11412, 1, 1 
19100, 1, 1 
25800, 1, 1 
6554, 1, 1 
29430, 1, 1 
45927, 1, 1 
31427, 1, 1 
24838, 1, 1 
50219, 1, 1 
48765, 1, 1 
59954, 1, 1 
47670, 1, 1 
22776, 1, 1 
2154, 1, 1 
35009, 1, 1 
21446, 1, 1 
19749, 1, 1 
53394, 1, 1 
31113, 1, 1 
56328, 1, 1 
27242, 1, 1 
7330, 1, 1 
32852, 1, 1 
10318, 1, 1 
46705, 1, 1 
10741, 1, 1 
31848, 1, 1 
56696, 1, 1 
14516, 1, 1 
46933, 1, 1 
4504, 1, 1 
17243, 1, 1 
53341, 1, 1 
41055, 1, 1 
33648, 1, 1 
35399, 1, 1 
52136, 1, 1 
24663, 1, 1 
27772, 1, 1 
32189, 1, 1 
56633, 1, 1 
49002, 1, 1 
57997, 1, 1 
30522, 2, 2 
53491, 2, 2 
12501, 2, 2 
48107, 2, 2 
9625, 2, 2 
8844, 2, 2 
5928, 2, 2 
34136, 2, 2 
13953, 2, 2 
4031, 2, 2 
8211, 2, 2 
5314, 2, 2 
20493, 2, 2 
33819, 2, 2 
47924, 2, 2 
11271, 2, 2 
40899, 2, 2 
16895, 2, 2 
35410, 2, 2 
35051, 2, 2 
4071, 2, 2 
44049, 2, 2 
46250, 2, 2 
19321, 2, 2 
31873, 2, 2 
28977, 2, 2 
24833, 2, 2 
57363, 2, 2 
59698, 2, 2 
33680, 2, 2 
42159, 2, 2 
33804, 2, 2 
54395, 2, 2 
18544, 2, 2 
30443, 2, 2 
53984, 2, 2 
46486, 2, 2 
12598, 2, 2 
19587, 2, 2 
23099, 2, 2 
52574, 2, 2 
55769, 2, 2 
325, 2, 2 
25403, 2, 2 
15016, 2, 2 
50977, 2, 2 
35454, 2, 2 
33698, 2, 2 
40498, 2, 2 
16701, 2, 2 
30000, 3, 3 
54983, 3, 3 
43557, 3, 3 
57594, 3, 3 
16811, 3, 3 
3215, 3, 3 
8052, 3, 3 
50770, 3, 3 
20252, 3, 3 
12625, 3, 3 
52479, 3, 3 
27279, 3, 3 
59151, 3, 3 
37786, 3, 3 
24770, 3, 3 
55866, 3, 3 
35557, 3, 3 
52104, 3, 3 
6612, 3, 3 
9107, 3, 3 
18675, 3, 3 
2669, 3, 3 
34058, 3, 3 
12536, 3, 3 
41994, 3, 3 
13134, 3, 3 
52853, 3, 3 
46506, 3, 3 
30072, 3, 3 
19110, 3, 3 
37373, 3, 3 
7214, 3, 3 
13937, 3, 3 
7800, 3, 3 
47643, 3, 3 
50688, 3, 3 
31602, 3, 3 
52702, 3, 3 
34363, 3, 3 
21695, 3, 3 
4276, 3, 3 
39595, 3, 3 
16940, 3, 3 
58173, 3, 3 
41378, 3, 3 
55737, 3, 3 
47876, 3, 3 
32685, 3, 3 
35156, 3, 3 
30915, 3, 3 
46232, 4, 4 
52402, 4, 4 
11652, 4, 4 
55074, 4, 4 
55658, 4, 4 
20399, 4, 4 
32272, 4, 4 
5891, 4, 4 
51351, 4, 4 
57371, 4, 4 
26506, 4, 4 
50411, 4, 4 
20063, 4, 4 
41220, 4, 4 
20932, 4, 4 
51368, 4, 4 
17865, 4, 4 
37144, 4, 4 
52823, 4, 4 
56946, 4, 4 
8925, 4, 4 
52517, 4, 4 
53421, 4, 4 
988, 4, 4 
59799, 4, 4 
30234, 4, 4 
49998, 4, 4 
42770, 4, 4 
46037, 4, 4 
29461, 4, 4 
53141, 4, 4 
58057, 4, 4 
48240, 4, 4 
23326, 4, 4 
36339, 4, 4 
1928, 4, 4 
32993, 4, 4 
21339, 4, 4 
35759, 4, 4 
31583, 4, 4 
23618, 4, 4 
4829, 4, 4 
47397, 4, 4 
13766, 4, 4 
42676, 4, 4 
36208, 4, 4 
4721, 4, 4 
414, 4, 4 
29024, 4, 4 
18636, 4, 4 
16926, 5, 5 
10333, 5, 5 
10536, 5, 5 
44165, 5, 5 
699, 5, 5 
41277, 5, 5 
28465, 5, 5 
11790, 5, 5 
43021, 5, 5 
21093, 5, 5 
45629, 5, 5 
29924, 5, 5 
59278, 5, 5 
38252, 5, 5 
27100, 5, 5 
55223, 5, 5 
48269, 5, 5 
3433, 5, 5 
27310, 5, 5 
25886, 5, 5 
53795, 5, 5 
19390, 5, 5 
56127, 5, 5 
50252, 5, 5 
21754, 5, 5 
59960, 5, 5 
7159, 5, 5 
43402, 5, 5 
46713, 5, 5 
41186, 5, 5 
40869, 5, 5 
39625, 5, 5 
21583, 5, 5 
58633, 5, 5 
42910, 5, 5 
30991, 5, 5 
41305, 5, 5 
47920, 5, 5 
49481, 5, 5 
29649, 5, 5 
14100, 5, 5 
1265, 5, 5 
59850, 5, 5 
49788, 5, 5 
51551, 5, 5 
37983, 5, 5 
49152, 5, 5 
18326, 5, 5 
21548, 5, 5 
8022, 5, 5 
11871, 6, 6 
46067, 6, 6 
5709, 6, 6 
15641, 6, 6 
16894, 6, 6 
40137, 6, 6 
9765, 6, 6 
15317, 6, 6 
23780, 6, 6 
16786, 6, 6 
14328, 6, 6 
38348, 6, 6 
9909, 6, 6 
41201, 6, 6 
45863, 6, 6 
17542, 6, 6 
55951, 6, 6 
2588, 6, 6 
22282, 6, 6 
27523, 6, 6 
27006, 6, 6 
41439, 6, 6 
48471, 6, 6 
23622, 6, 6 
49233, 6, 6 
33100, 6, 6 
3858, 6, 6 
25638, 6, 6 
58041, 6, 6 
48366, 6, 6 
26377, 6, 6 
29950, 6, 6 
41940, 6, 6 
9341, 6, 6 
44189, 6, 6 
37679, 6, 6 
29838, 6, 6 
28733, 6, 6 
7291, 6, 6 
8265, 6, 6 
46359, 6, 6 
25306, 6, 6 
32402, 6, 6 
45668, 6, 6 
55039, 6, 6 
45742, 6, 6 
20781, 6, 6 
52053, 6, 6 
1906, 6, 6 
46859, 6, 6 
39524, 7, 7 
21587, 7, 7 
40916, 7, 7 
15939, 7, 7 
40476, 7, 7 
33067, 7, 7 
45930, 7, 7 
15204, 7, 7 
28309, 7, 7 
38133, 7, 7 
41650, 7, 7 
8364, 7, 7 
8866, 7, 7 
39490, 7, 7 
20646, 7, 7 
19773, 7, 7 
19592, 7, 7 
411, 7, 7 
23345, 7, 7 
17683, 7, 7 
24005, 7, 7 
12794, 7, 7 
17307, 7, 7 
49849, 7, 7 
28004, 7, 7 
20067, 7, 7 
17481, 7, 7 
22167, 7, 7 
10702, 7, 7 
33515, 7, 7 
20532, 7, 7 
7362, 7, 7 
4242, 7, 7 
3599, 7, 7 
12835, 7, 7 
56030, 7, 7 
58349, 7, 7 
30348, 7, 7 
25895, 7, 7 
54317, 7, 7 
3933, 7, 7 
28429, 7, 7 
55613, 7, 7 
46260, 7, 7 
5059, 7, 7 
49891, 7, 7 
27194, 7, 7 
22326, 7, 7 
14448, 7, 7 
994, 7, 7 
58158, 8, 8 
42218, 8, 8 
37778, 8, 8 
792, 8, 8 
22494, 8, 8 
29422, 8, 8 
9925, 8, 8 
39559, 8, 8 
40261, 8, 8 
31738, 8, 8 
17688, 8, 8 
44115, 8, 8 
7681, 8, 8 
12335, 8, 8 
146, 8, 8 
53848, 8, 8 
37808, 8, 8 
57767, 8, 8 
38331, 8, 8 
40064, 8, 8 
2511, 8, 8 
54030, 8, 8 
9559, 8, 8 
32225, 8, 8 
7121, 8, 8 
34312, 8, 8 
8522, 8, 8 
46658, 8, 8 
50738, 8, 8 
52954, 8, 8 
20521, 8, 8 
12369, 8, 8 
14766, 8, 8 
38351, 8, 8 
50393, 8, 8 
46399, 8, 8 
8501, 8, 8 
14665, 8, 8 
54082, 8, 8 
38423, 8, 8 
13795, 8, 8 
13079, 8, 8 
31, 8, 8 
48021, 8, 8 
44173, 8, 8 
35460, 8, 8 
38142, 8, 8 
386, 8, 8 
14173, 8, 8 
3154, 8, 8 
8059, 9, 9 
8015, 9, 9 
36971, 9, 9 
41684, 9, 9 
13247, 9, 9 
30395, 9, 9 
12069, 9, 9 
1177, 9, 9 
36109, 9, 9 
31986, 9, 9 
12257, 9, 9 
13088, 9, 9 
36186, 9, 9 
32396, 9, 9 
47894, 9, 9 
59341, 9, 9 
9114, 9, 9 
18021, 9, 9 
45381, 9, 9 
58179, 9, 9 
44396, 9, 9 
54039, 9, 9 
1169, 9, 9 
4377, 9, 9 
16617, 9, 9 
22523, 9, 9 
24911, 9, 9 
57100, 9, 9 
26405, 9, 9 
58696, 9, 9 
7755, 9, 9 
772, 9, 9 
27515, 9, 9 
34786, 9, 9 
38005, 9, 9 
48272, 9, 9 
44351, 9, 9 
31312, 9, 9 
50578, 9, 9 
11194, 9, 9 
55441, 9, 9 
46030, 9, 9 
10752, 9, 9 
49854, 9, 9 
29010, 9, 9 
7949, 9, 9 
36319, 9, 9 
33402, 9, 9 
27692, 9, 9 
40977, 9, 9 
