id, true label, predicted label 
25137, 0, 0 
57061, 0, 0 
10691, 0, 0 
55501, 0, 0 
39483, 0, 0 
51052, 0, 0 
16285, 0, 0 
13685, 0, 0 
10372, 0, 0 
26366, 0, 0 
58861, 0, 0 
41620, 0, 0 
38865, 0, 0 
45129, 0, 0 
18295, 0, 0 
11887, 0, 0 
43961, 0, 0 
17508, 0, 0 
41100, 0, 0 
44619, 0, 0 
54502, 0, 0 
38100, 0, 0 
41341, 0, 0 
46166, 0, 0 
54800, 0, 0 
55355, 0, 0 
37790, 0, 0 
36107, 0, 0 
40103, 0, 0 
3667, 0, 0 
20827, 0, 0 
48039, 0, 0 
39527, 0, 0 
56949, 0, 0 
50749, 0, 0 
43404, 0, 0 
603, 0, 0 
23809, 0, 0 
53255, 0, 0 
53339, 0, 0 
32514, 0, 0 
13347, 0, 0 
40630, 0, 0 
52696, 0, 0 
34401, 0, 0 
21553, 0, 0 
37047, 0, 0 
44060, 0, 0 
19646, 0, 0 
8323, 0, 0 
15730, 1, 1 
54393, 1, 1 
31377, 1, 1 
47129, 1, 1 
1548, 1, 1 
59932, 1, 1 
53330, 1, 1 
37441, 1, 1 
28420, 1, 1 
9856, 1, 1 
19096, 1, 1 
34588, 1, 1 
18790, 1, 1 
42740, 1, 1 
16234, 1, 1 
59728, 1, 1 
12030, 1, 1 
30430, 1, 1 
19100, 1, 1 
50685, 1, 1 
9910, 1, 1 
53780, 1, 1 
37782, 1, 1 
58139, 1, 1 
46481, 1, 1 
31990, 1, 1 
14585, 1, 1 
15539, 1, 1 
26789, 1, 1 
25934, 1, 1 
19339, 1, 1 
48253, 1, 1 
8781, 1, 1 
2776, 1, 1 
30140, 1, 1 
27013, 1, 1 
11135, 1, 1 
18256, 1, 1 
35538, 1, 1 
33122, 1, 1 
2599, 1, 1 
6356, 1, 1 
50292, 1, 1 
49362, 1, 1 
8725, 1, 1 
42485, 1, 1 
10659, 1, 1 
59773, 1, 1 
20963, 1, 1 
26152, 1, 1 
34432, 2, 2 
21444, 2, 2 
21891, 2, 2 
5914, 2, 2 
54790, 2, 2 
45430, 2, 2 
25618, 2, 2 
26888, 2, 2 
18135, 2, 2 
32918, 2, 2 
47132, 2, 2 
13486, 2, 2 
55816, 2, 2 
16289, 2, 2 
47965, 2, 2 
16408, 2, 2 
45906, 2, 2 
23718, 2, 2 
59327, 2, 2 
51743, 2, 2 
23026, 2, 2 
14809, 2, 2 
17087, 2, 2 
37601, 2, 2 
20581, 2, 2 
46116, 2, 2 
41256, 2, 2 
46510, 2, 2 
49916, 2, 2 
11346, 2, 2 
36229, 2, 2 
51653, 2, 2 
30211, 2, 2 
26468, 2, 2 
12587, 2, 2 
12281, 2, 2 
9819, 2, 2 
29646, 2, 2 
39627, 2, 2 
21194, 2, 2 
49951, 2, 2 
37020, 2, 2 
39518, 2, 2 
25403, 2, 2 
38417, 2, 2 
8591, 2, 2 
42926, 2, 2 
8883, 2, 2 
28731, 2, 2 
19129, 2, 2 
34660, 3, 3 
8077, 3, 3 
9778, 3, 3 
51376, 3, 3 
26033, 3, 3 
33760, 3, 3 
40281, 3, 3 
27560, 3, 3 
55858, 3, 3 
45764, 3, 3 
27478, 3, 3 
25536, 3, 3 
7521, 3, 3 
3941, 3, 3 
29875, 3, 3 
9427, 3, 3 
32642, 3, 3 
2456, 3, 3 
43014, 3, 3 
26311, 3, 3 
34239, 3, 3 
35333, 3, 3 
28458, 3, 3 
53084, 3, 3 
33911, 3, 3 
13105, 3, 3 
56515, 3, 3 
2705, 3, 3 
10696, 3, 3 
45271, 3, 3 
12536, 3, 3 
53493, 3, 3 
17526, 3, 3 
42255, 3, 3 
40636, 3, 3 
31283, 3, 3 
20147, 3, 3 
12814, 3, 3 
49082, 3, 3 
13929, 3, 3 
17864, 3, 3 
7935, 3, 3 
255, 3, 3 
46986, 3, 3 
10902, 3, 3 
36595, 3, 3 
6317, 3, 3 
37636, 3, 3 
46971, 3, 3 
29882, 3, 3 
55074, 4, 4 
38203, 4, 4 
55605, 4, 4 
44894, 4, 4 
53867, 4, 4 
3475, 4, 4 
59335, 4, 4 
27948, 4, 4 
40903, 4, 4 
27180, 4, 4 
19952, 4, 4 
50450, 4, 4 
35201, 4, 4 
3100, 4, 4 
29166, 4, 4 
49745, 4, 4 
40343, 4, 4 
51225, 4, 4 
55676, 4, 4 
36941, 4, 4 
51723, 4, 4 
53062, 4, 4 
20110, 4, 4 
15416, 4, 4 
48202, 4, 4 
44379, 4, 4 
27591, 4, 4 
9940, 4, 4 
16531, 4, 4 
23713, 4, 4 
37800, 4, 4 
20059, 4, 4 
33955, 4, 4 
59227, 4, 4 
6753, 4, 4 
39117, 4, 4 
6283, 4, 4 
1098, 4, 4 
7723, 4, 4 
36817, 4, 4 
33853, 4, 4 
23696, 4, 4 
48942, 4, 4 
41511, 4, 4 
20063, 4, 4 
19340, 4, 4 
56080, 4, 4 
14703, 4, 4 
6798, 4, 4 
55181, 4, 4 
38577, 5, 5 
18404, 5, 5 
21799, 5, 5 
55839, 5, 5 
24819, 5, 5 
10652, 5, 5 
18723, 5, 5 
28899, 5, 5 
34276, 5, 5 
31545, 5, 5 
53479, 5, 5 
2928, 5, 5 
54233, 5, 5 
53122, 5, 5 
7670, 5, 5 
39424, 5, 5 
34448, 5, 5 
10536, 5, 5 
42101, 5, 5 
21011, 5, 5 
57269, 5, 5 
35040, 5, 5 
23137, 5, 5 
21963, 5, 5 
33632, 5, 5 
32488, 5, 5 
4450, 5, 5 
12484, 5, 5 
35500, 5, 5 
52353, 5, 5 
45883, 5, 5 
10653, 5, 5 
23336, 5, 5 
51251, 5, 5 
38298, 5, 5 
46149, 5, 5 
46091, 5, 5 
35976, 5, 5 
49481, 5, 5 
57088, 5, 5 
25466, 5, 5 
54015, 5, 5 
35267, 5, 5 
36366, 5, 5 
879, 5, 5 
18342, 5, 5 
34112, 5, 5 
26206, 5, 5 
48374, 5, 5 
26868, 5, 5 
47358, 6, 6 
36291, 6, 6 
56015, 6, 6 
47492, 6, 6 
32791, 6, 6 
8807, 6, 6 
49448, 6, 6 
38347, 6, 6 
27536, 6, 6 
6102, 6, 6 
22633, 6, 6 
8822, 6, 6 
13147, 6, 6 
22006, 6, 6 
55645, 6, 6 
29793, 6, 6 
51690, 6, 6 
5948, 6, 6 
4640, 6, 6 
46389, 6, 6 
2158, 6, 6 
32345, 6, 6 
27081, 6, 6 
32549, 6, 6 
55942, 6, 6 
21762, 6, 6 
29035, 6, 6 
14524, 6, 6 
29774, 6, 6 
43620, 6, 6 
59673, 6, 6 
48538, 6, 6 
5931, 6, 6 
21801, 6, 6 
56963, 6, 6 
30882, 6, 6 
12902, 6, 6 
14423, 6, 6 
47191, 6, 6 
29682, 6, 6 
58686, 6, 6 
31437, 6, 6 
19964, 6, 6 
28590, 6, 6 
36344, 6, 6 
2913, 6, 6 
2148, 6, 6 
14869, 6, 6 
23186, 6, 6 
33484, 6, 6 
53858, 7, 7 
52199, 7, 7 
24884, 7, 7 
13691, 7, 7 
19344, 7, 7 
51000, 7, 7 
14313, 7, 7 
14954, 7, 7 
33405, 7, 7 
38810, 7, 7 
43352, 7, 7 
21672, 7, 7 
21313, 7, 7 
49862, 7, 7 
7420, 7, 7 
59370, 7, 7 
41164, 7, 7 
42800, 7, 7 
30449, 7, 7 
5946, 7, 7 
46630, 7, 7 
7494, 7, 7 
54917, 7, 7 
56287, 7, 7 
31460, 7, 7 
10651, 7, 7 
25871, 7, 7 
8167, 7, 7 
52466, 7, 7 
26600, 7, 7 
56393, 7, 7 
12558, 7, 7 
36443, 7, 7 
24207, 7, 7 
44643, 7, 7 
10324, 7, 7 
50359, 7, 7 
14605, 7, 7 
32844, 7, 7 
24434, 7, 7 
36926, 7, 7 
13786, 7, 7 
17303, 7, 7 
28443, 7, 7 
41470, 7, 7 
11049, 7, 7 
6259, 7, 7 
10989, 7, 7 
48073, 7, 7 
42831, 7, 7 
2761, 8, 8 
28595, 8, 8 
49634, 8, 8 
27916, 8, 8 
21851, 8, 8 
18114, 8, 8 
15430, 8, 8 
5625, 8, 8 
20722, 8, 8 
27029, 8, 8 
29335, 8, 8 
784, 8, 8 
36300, 8, 8 
28045, 8, 8 
24312, 8, 8 
28490, 8, 8 
54958, 8, 8 
34974, 8, 8 
54407, 8, 8 
20328, 8, 8 
30631, 8, 8 
14669, 8, 8 
38452, 8, 8 
41017, 8, 8 
57133, 8, 8 
963, 8, 8 
10973, 8, 8 
9567, 8, 8 
22507, 8, 8 
54394, 8, 8 
53294, 8, 8 
38476, 8, 8 
19148, 8, 8 
27650, 8, 8 
42112, 8, 8 
51850, 8, 8 
22543, 8, 8 
3570, 8, 8 
6916, 8, 8 
55940, 8, 8 
24587, 8, 8 
4525, 8, 8 
50886, 8, 8 
22604, 8, 8 
50044, 8, 8 
23048, 8, 8 
1239, 8, 8 
40942, 8, 8 
48658, 8, 8 
19177, 8, 8 
56896, 9, 9 
9784, 9, 9 
17107, 9, 9 
24054, 9, 9 
20130, 9, 9 
46589, 9, 9 
32331, 9, 9 
33859, 9, 9 
54601, 9, 9 
9118, 9, 9 
1950, 9, 9 
39718, 9, 9 
9754, 9, 9 
45244, 9, 9 
26005, 9, 9 
52406, 9, 9 
14627, 9, 9 
1235, 9, 9 
22948, 9, 9 
25224, 9, 9 
52315, 9, 9 
42020, 9, 9 
49219, 9, 9 
36369, 9, 9 
11924, 9, 9 
6166, 9, 9 
15369, 9, 9 
31077, 9, 9 
5208, 9, 9 
30620, 9, 9 
27566, 9, 9 
5404, 9, 9 
30750, 9, 9 
44962, 9, 9 
38020, 9, 9 
45304, 9, 9 
14842, 9, 9 
24313, 9, 9 
58422, 9, 9 
10658, 9, 9 
28753, 9, 9 
45355, 9, 9 
42222, 9, 9 
27387, 9, 9 
22925, 9, 9 
33211, 9, 9 
29093, 9, 9 
50967, 9, 9 
9555, 9, 9 
1256, 9, 9 
