id, true label, predicted label 
21681, 0, 0 
30618, 0, 0 
46443, 0, 0 
55253, 0, 0 
16305, 0, 0 
9406, 0, 0 
13117, 0, 0 
26241, 0, 0 
46871, 0, 0 
54703, 0, 0 
22910, 0, 0 
4008, 0, 0 
49954, 0, 0 
2736, 0, 0 
8912, 0, 0 
57525, 0, 0 
6421, 0, 0 
3667, 0, 0 
42865, 0, 0 
6094, 0, 0 
41259, 0, 0 
14131, 0, 0 
48337, 0, 0 
17838, 0, 0 
45908, 0, 0 
35217, 0, 0 
16523, 0, 0 
4181, 0, 0 
36737, 0, 0 
40648, 0, 0 
22344, 0, 0 
889, 0, 0 
13030, 0, 0 
41811, 0, 0 
39207, 0, 0 
16355, 0, 0 
12880, 0, 0 
1209, 0, 0 
35646, 0, 0 
51, 0, 0 
31116, 0, 0 
26686, 0, 0 
7894, 0, 0 
24689, 0, 0 
44826, 0, 0 
39446, 0, 0 
42945, 0, 0 
11462, 0, 0 
13464, 0, 0 
5932, 0, 0 
52927, 1, 1 
15838, 1, 1 
49878, 1, 1 
70, 1, 1 
40692, 1, 1 
59671, 1, 1 
1658, 1, 1 
780, 1, 1 
30043, 1, 1 
23973, 1, 1 
23133, 1, 1 
49076, 1, 1 
32446, 1, 1 
27585, 1, 1 
59044, 1, 1 
26317, 1, 1 
27885, 1, 1 
5610, 1, 1 
8373, 1, 1 
19830, 1, 1 
21697, 1, 1 
22847, 1, 1 
870, 1, 1 
48189, 1, 1 
38724, 1, 1 
33095, 1, 1 
7105, 1, 1 
11358, 1, 1 
54438, 1, 1 
11236, 1, 1 
5168, 1, 1 
43553, 1, 1 
35399, 1, 1 
8275, 1, 1 
41332, 1, 1 
45768, 1, 1 
11272, 1, 1 
40658, 1, 1 
13260, 1, 1 
28819, 1, 1 
15903, 1, 1 
54123, 1, 1 
56688, 1, 1 
9609, 1, 1 
26531, 1, 1 
51779, 1, 1 
17872, 1, 1 
4484, 1, 1 
36045, 1, 1 
29416, 1, 1 
26006, 2, 2 
36936, 2, 2 
59641, 2, 2 
57597, 2, 2 
30769, 2, 2 
18117, 2, 2 
51379, 2, 2 
38715, 2, 2 
41835, 2, 2 
22500, 2, 2 
50899, 2, 2 
59425, 2, 2 
25332, 2, 2 
55507, 2, 2 
33361, 2, 2 
15013, 2, 2 
56125, 2, 2 
568, 2, 2 
40617, 2, 2 
21670, 2, 2 
12213, 2, 2 
21727, 2, 2 
8640, 2, 2 
50052, 2, 2 
7467, 2, 2 
17464, 2, 2 
56120, 2, 2 
47971, 2, 2 
36875, 2, 2 
51323, 2, 2 
36166, 2, 2 
38354, 2, 2 
32989, 2, 2 
213, 2, 2 
25041, 2, 2 
32678, 2, 2 
21566, 2, 2 
29611, 2, 2 
5380, 2, 2 
54350, 2, 2 
51738, 2, 2 
57981, 2, 2 
43294, 2, 2 
25974, 2, 2 
40212, 2, 2 
15614, 2, 2 
48686, 2, 2 
14343, 2, 2 
46835, 2, 2 
37367, 2, 2 
24176, 3, 3 
18285, 3, 3 
56927, 3, 3 
57804, 3, 3 
12775, 3, 3 
46566, 3, 3 
23977, 3, 3 
28031, 3, 3 
20626, 3, 3 
13026, 3, 3 
11039, 3, 3 
37205, 3, 3 
50975, 3, 3 
39933, 3, 3 
29800, 3, 3 
26998, 3, 3 
58640, 3, 3 
18796, 3, 3 
20844, 3, 3 
18814, 3, 3 
34204, 3, 3 
44837, 3, 3 
21993, 3, 3 
40555, 3, 3 
35248, 3, 3 
5173, 3, 3 
55698, 3, 3 
36723, 3, 3 
22728, 3, 3 
36732, 3, 3 
13778, 3, 3 
45636, 3, 3 
45150, 3, 3 
15519, 3, 3 
43353, 3, 3 
9637, 3, 3 
11002, 3, 3 
12430, 3, 3 
43140, 3, 3 
20437, 3, 3 
55923, 3, 3 
11301, 3, 3 
57863, 3, 3 
24028, 3, 3 
19347, 3, 3 
50340, 3, 3 
34120, 3, 3 
14635, 3, 3 
17103, 3, 3 
14529, 3, 3 
50948, 4, 4 
35392, 4, 4 
5796, 4, 4 
24340, 4, 4 
43375, 4, 4 
12795, 4, 4 
17934, 4, 4 
32126, 4, 4 
1765, 4, 4 
54668, 4, 4 
25682, 4, 4 
7579, 4, 4 
30536, 4, 4 
43604, 4, 4 
26480, 4, 4 
58730, 4, 4 
35581, 4, 4 
21731, 4, 4 
59874, 4, 4 
42750, 4, 4 
36228, 4, 4 
8857, 4, 4 
31006, 4, 4 
13664, 4, 4 
531, 4, 4 
51780, 4, 4 
50183, 4, 4 
24192, 4, 4 
51723, 4, 4 
30052, 4, 4 
2050, 4, 4 
48876, 4, 4 
30588, 4, 4 
21307, 4, 4 
2560, 4, 4 
32186, 4, 4 
44386, 4, 4 
30174, 4, 4 
25401, 4, 4 
42547, 4, 4 
50203, 4, 4 
9442, 4, 4 
12322, 4, 4 
19380, 4, 4 
17590, 4, 4 
1203, 4, 4 
34781, 4, 4 
44100, 4, 4 
9931, 4, 4 
28398, 4, 4 
36736, 5, 5 
19849, 5, 5 
44706, 5, 5 
31891, 5, 5 
17024, 5, 5 
7044, 5, 5 
14316, 5, 5 
9859, 5, 5 
29058, 5, 5 
20878, 5, 5 
31472, 5, 5 
5685, 5, 5 
15365, 5, 5 
26648, 5, 5 
652, 5, 5 
12016, 5, 5 
13237, 5, 5 
38090, 5, 5 
3419, 5, 5 
7735, 5, 5 
42850, 5, 5 
57028, 5, 5 
33475, 5, 5 
47630, 5, 5 
41587, 5, 5 
10954, 5, 5 
32394, 5, 5 
1524, 5, 5 
25342, 5, 5 
12572, 5, 5 
35611, 5, 5 
47661, 5, 5 
40290, 5, 5 
7144, 5, 5 
48016, 5, 5 
32724, 5, 5 
22053, 5, 5 
51258, 5, 5 
31756, 5, 5 
19219, 5, 5 
24819, 5, 5 
9084, 5, 5 
244, 5, 5 
30410, 5, 5 
59406, 5, 5 
46203, 5, 5 
18947, 5, 5 
54750, 5, 5 
36207, 5, 5 
27417, 5, 5 
32255, 6, 6 
20221, 6, 6 
43281, 6, 6 
22384, 6, 6 
32006, 6, 6 
48692, 6, 6 
46632, 6, 6 
25944, 6, 6 
34671, 6, 6 
56878, 6, 6 
27559, 6, 6 
47018, 6, 6 
19426, 6, 6 
56805, 6, 6 
6246, 6, 6 
40849, 6, 6 
57360, 6, 6 
36714, 6, 6 
1337, 6, 6 
5274, 6, 6 
37121, 6, 6 
21061, 6, 6 
54067, 6, 6 
3043, 6, 6 
5099, 6, 6 
27702, 6, 6 
37676, 6, 6 
11875, 6, 6 
50590, 6, 6 
31998, 6, 6 
36278, 6, 6 
59474, 6, 6 
15714, 6, 6 
1779, 6, 6 
58041, 6, 6 
11140, 6, 6 
58549, 6, 6 
30232, 6, 6 
54933, 6, 6 
3654, 6, 6 
18168, 6, 6 
52915, 6, 6 
32833, 6, 6 
59841, 6, 6 
37451, 6, 6 
8829, 6, 6 
57065, 6, 6 
12450, 6, 6 
22681, 6, 6 
14159, 6, 6 
55094, 7, 7 
5446, 7, 7 
58188, 7, 7 
6397, 7, 7 
47221, 7, 7 
32185, 7, 7 
57991, 7, 7 
9283, 7, 7 
53614, 7, 7 
51178, 7, 7 
37399, 7, 7 
28450, 7, 7 
24412, 7, 7 
51088, 7, 7 
59066, 7, 7 
10769, 7, 7 
11329, 7, 7 
158, 7, 7 
2238, 7, 7 
52633, 7, 7 
9445, 7, 7 
32980, 7, 7 
34395, 7, 7 
57751, 7, 7 
40774, 7, 7 
15147, 7, 7 
49491, 7, 7 
2634, 7, 7 
12373, 7, 7 
20158, 7, 7 
34951, 7, 7 
30959, 7, 7 
56756, 7, 7 
38819, 7, 7 
47633, 7, 7 
41604, 7, 7 
35633, 7, 7 
23149, 7, 7 
13188, 7, 7 
4227, 7, 7 
4255, 7, 7 
51236, 7, 7 
47879, 7, 7 
31558, 7, 7 
55431, 7, 7 
41479, 7, 7 
28745, 7, 7 
22077, 7, 7 
8444, 7, 7 
52471, 7, 7 
11823, 8, 8 
57108, 8, 8 
54132, 8, 8 
8618, 8, 8 
18523, 8, 8 
14014, 8, 8 
48407, 8, 8 
43958, 8, 8 
55122, 8, 8 
38452, 8, 8 
50180, 8, 8 
45311, 8, 8 
33460, 8, 8 
48544, 8, 8 
33476, 8, 8 
1193, 8, 8 
51841, 8, 8 
54185, 8, 8 
12379, 8, 8 
33152, 8, 8 
22483, 8, 8 
48406, 8, 8 
26257, 8, 8 
740, 8, 8 
46222, 8, 8 
56004, 8, 8 
40131, 8, 8 
43335, 8, 8 
24048, 8, 8 
9219, 8, 8 
11749, 8, 8 
532, 8, 8 
44839, 8, 8 
39071, 8, 8 
22438, 8, 8 
2636, 8, 8 
41327, 8, 8 
47283, 8, 8 
44203, 8, 8 
58734, 8, 8 
5009, 8, 8 
24167, 8, 8 
16773, 8, 8 
48655, 8, 8 
25418, 8, 8 
11880, 8, 8 
18774, 8, 8 
24926, 8, 8 
27294, 8, 8 
50505, 8, 8 
26405, 9, 9 
4032, 9, 9 
52481, 9, 9 
27107, 9, 9 
3987, 9, 9 
9758, 9, 9 
28416, 9, 9 
31094, 9, 9 
27128, 9, 9 
41783, 9, 9 
12852, 9, 9 
39199, 9, 9 
58696, 9, 9 
34764, 9, 9 
18928, 9, 9 
12431, 9, 9 
16350, 9, 9 
49956, 9, 9 
18561, 9, 9 
20518, 9, 9 
50458, 9, 9 
35085, 9, 9 
58692, 9, 9 
31986, 9, 9 
46137, 9, 9 
42728, 9, 9 
16953, 9, 9 
10184, 9, 9 
40455, 9, 9 
36920, 9, 9 
28676, 9, 9 
18437, 9, 9 
26682, 9, 9 
45528, 9, 9 
6174, 9, 9 
29009, 9, 9 
43174, 9, 9 
37111, 9, 9 
49121, 9, 9 
583, 9, 9 
19748, 9, 9 
57018, 9, 9 
17002, 9, 9 
23681, 9, 9 
29084, 9, 9 
37932, 9, 9 
33610, 9, 9 
29731, 9, 9 
50304, 9, 9 
19477, 9, 9 
