id, true label, predicted label 
1040, 0, 0 
24510, 0, 0 
16429, 0, 0 
59319, 0, 0 
56332, 0, 0 
27820, 0, 0 
16975, 0, 0 
54822, 0, 0 
23395, 0, 0 
55217, 0, 0 
6406, 0, 0 
18538, 0, 0 
42008, 0, 0 
2532, 0, 0 
52449, 0, 0 
20816, 0, 0 
25214, 0, 0 
6023, 0, 0 
13005, 0, 0 
30585, 0, 0 
22429, 0, 0 
44199, 0, 0 
24320, 0, 0 
21640, 0, 0 
7135, 0, 0 
49310, 0, 0 
24371, 0, 0 
59653, 0, 0 
4389, 0, 0 
50523, 0, 0 
19369, 0, 0 
41609, 0, 0 
51638, 0, 0 
39788, 0, 0 
26277, 0, 0 
36019, 0, 0 
5144, 0, 0 
849, 0, 0 
27069, 0, 0 
38162, 0, 0 
47756, 0, 0 
33848, 0, 0 
56460, 0, 0 
48523, 0, 0 
21132, 0, 0 
22152, 0, 0 
59944, 0, 0 
46868, 0, 0 
9166, 0, 0 
22917, 0, 0 
37881, 1, 1 
53899, 1, 1 
26238, 1, 1 
25235, 1, 1 
11857, 1, 1 
9256, 1, 1 
6303, 1, 1 
45693, 1, 1 
15575, 1, 1 
49260, 1, 1 
39757, 1, 1 
20232, 1, 1 
41939, 1, 1 
36388, 1, 1 
43232, 1, 1 
15561, 1, 1 
57778, 1, 1 
19091, 1, 1 
12145, 1, 1 
58203, 1, 1 
35052, 1, 1 
56728, 1, 1 
13721, 1, 1 
21474, 1, 1 
50956, 1, 1 
2858, 1, 1 
12847, 1, 1 
35865, 1, 1 
55825, 1, 1 
20108, 1, 1 
29428, 1, 1 
41715, 1, 1 
475, 1, 1 
25473, 1, 1 
34388, 1, 1 
16278, 1, 1 
5842, 1, 1 
52888, 1, 1 
30731, 1, 1 
35912, 1, 1 
32079, 1, 1 
35352, 1, 1 
48697, 1, 1 
49786, 1, 1 
27684, 1, 1 
2630, 1, 1 
8575, 1, 1 
2604, 1, 1 
18074, 1, 1 
37816, 1, 1 
37526, 2, 2 
32590, 2, 2 
28067, 2, 2 
18713, 2, 2 
48951, 2, 2 
10009, 2, 2 
10554, 2, 2 
38784, 2, 2 
31373, 2, 2 
45319, 2, 2 
34675, 2, 2 
54737, 2, 2 
20448, 2, 2 
48784, 2, 2 
38667, 2, 2 
15699, 2, 2 
49819, 2, 2 
16057, 2, 2 
53644, 2, 2 
6948, 2, 2 
41489, 2, 2 
16754, 2, 2 
47043, 2, 2 
28958, 2, 2 
11380, 2, 2 
11865, 2, 2 
43874, 2, 2 
24602, 2, 2 
13299, 2, 2 
42805, 2, 2 
41469, 2, 2 
56957, 2, 2 
40948, 2, 2 
47598, 2, 2 
19982, 2, 2 
18526, 2, 2 
9894, 2, 2 
40461, 2, 2 
54893, 2, 2 
26341, 2, 2 
38542, 2, 2 
29401, 2, 2 
41348, 2, 2 
54680, 2, 2 
24012, 2, 2 
4851, 2, 2 
33297, 2, 2 
866, 2, 2 
22792, 2, 2 
31197, 2, 2 
9680, 3, 3 
20099, 3, 3 
21720, 3, 3 
25078, 3, 3 
40490, 3, 3 
41136, 3, 3 
35010, 3, 3 
6059, 3, 3 
52191, 3, 3 
55796, 3, 3 
51211, 3, 3 
55732, 3, 3 
26014, 3, 3 
32385, 3, 3 
1432, 3, 3 
23977, 3, 3 
2423, 3, 3 
24733, 3, 3 
55353, 3, 3 
29356, 3, 3 
46480, 3, 3 
23144, 3, 3 
58937, 3, 3 
50964, 3, 3 
51534, 3, 3 
39312, 3, 3 
1924, 3, 3 
6098, 3, 3 
13146, 3, 3 
20869, 3, 3 
27783, 3, 3 
33357, 3, 3 
2568, 3, 3 
2675, 3, 3 
48291, 3, 3 
3347, 3, 3 
36327, 3, 3 
35195, 3, 3 
38955, 3, 3 
43192, 3, 3 
26943, 3, 3 
58252, 3, 3 
51759, 3, 3 
51101, 3, 3 
356, 3, 3 
1244, 3, 3 
3192, 3, 3 
25601, 3, 3 
24095, 3, 3 
49108, 3, 3 
8950, 4, 4 
33115, 4, 4 
3732, 4, 4 
47500, 4, 4 
40573, 4, 4 
13500, 4, 4 
14188, 4, 4 
3957, 4, 4 
10854, 4, 4 
20303, 4, 4 
48835, 4, 4 
39117, 4, 4 
56743, 4, 4 
57712, 4, 4 
25534, 4, 4 
25490, 4, 4 
7350, 4, 4 
25006, 4, 4 
14546, 4, 4 
27695, 4, 4 
48487, 4, 4 
28655, 4, 4 
41648, 4, 4 
55332, 4, 4 
23878, 4, 4 
804, 4, 4 
47368, 4, 4 
9558, 4, 4 
50844, 4, 4 
14539, 4, 4 
59863, 4, 4 
15405, 4, 4 
59185, 4, 4 
34424, 4, 4 
8341, 4, 4 
413, 4, 4 
115, 4, 4 
15058, 4, 4 
1220, 4, 4 
11641, 4, 4 
22771, 4, 4 
32798, 4, 4 
32301, 4, 4 
38323, 4, 4 
3370, 4, 4 
48782, 4, 4 
52893, 4, 4 
25790, 4, 4 
57841, 4, 4 
29558, 4, 4 
54202, 5, 5 
3563, 5, 5 
24232, 5, 5 
37004, 5, 5 
40733, 5, 5 
50782, 5, 5 
21671, 5, 5 
9738, 5, 5 
49141, 5, 5 
54465, 5, 5 
34159, 5, 5 
41980, 5, 5 
36812, 5, 5 
3356, 5, 5 
50366, 5, 5 
45263, 5, 5 
55718, 5, 5 
14074, 5, 5 
37358, 5, 5 
43144, 5, 5 
7073, 5, 5 
6472, 5, 5 
56200, 5, 5 
31746, 5, 5 
52540, 5, 5 
41023, 5, 5 
38902, 5, 5 
38604, 5, 5 
13040, 5, 5 
5757, 5, 5 
4192, 5, 5 
58663, 5, 5 
46453, 5, 5 
33448, 5, 5 
51793, 5, 5 
36918, 5, 5 
24250, 5, 5 
49783, 5, 5 
14534, 5, 5 
2478, 5, 5 
45872, 5, 5 
59846, 5, 5 
58365, 5, 5 
19638, 5, 5 
29685, 5, 5 
12695, 5, 5 
14471, 5, 5 
9849, 5, 5 
29534, 5, 5 
57168, 5, 5 
37390, 6, 6 
4314, 6, 6 
33751, 6, 6 
20480, 6, 6 
52912, 6, 6 
21331, 6, 6 
4778, 6, 6 
57075, 6, 6 
59171, 6, 6 
49613, 6, 6 
39383, 6, 6 
30971, 6, 6 
3985, 6, 6 
36821, 6, 6 
55382, 6, 6 
48152, 6, 6 
59008, 6, 6 
11832, 6, 6 
12433, 6, 6 
39583, 6, 6 
36036, 6, 6 
7195, 6, 6 
7829, 6, 6 
47454, 6, 6 
21772, 6, 6 
25422, 6, 6 
26606, 6, 6 
52273, 6, 6 
1398, 6, 6 
41089, 6, 6 
9926, 6, 6 
40785, 6, 6 
3629, 6, 6 
28890, 6, 6 
40244, 6, 6 
18530, 6, 6 
45630, 6, 6 
15843, 6, 6 
55533, 6, 6 
28548, 6, 6 
32633, 6, 6 
35439, 6, 6 
35883, 6, 6 
25430, 6, 6 
12964, 6, 6 
39154, 6, 6 
33269, 6, 6 
20173, 6, 6 
43582, 6, 6 
17686, 6, 6 
38504, 7, 7 
55147, 7, 7 
43005, 7, 7 
37775, 7, 7 
7403, 7, 7 
14586, 7, 7 
57512, 7, 7 
24727, 7, 7 
54606, 7, 7 
13756, 7, 7 
11703, 7, 7 
24041, 7, 7 
47633, 7, 7 
40643, 7, 7 
16304, 7, 7 
5504, 7, 7 
31792, 7, 7 
24561, 7, 7 
58925, 7, 7 
28764, 7, 7 
58029, 7, 7 
48515, 7, 7 
33504, 7, 7 
5473, 7, 7 
44254, 7, 7 
15449, 7, 7 
23010, 7, 7 
1730, 7, 7 
51103, 7, 7 
22007, 7, 7 
35476, 7, 7 
38788, 7, 7 
53843, 7, 7 
34233, 7, 7 
5035, 7, 7 
36352, 7, 7 
55384, 7, 7 
25506, 7, 7 
52960, 7, 7 
59845, 7, 7 
40186, 7, 7 
4548, 7, 7 
9276, 7, 7 
25792, 7, 7 
22971, 7, 7 
56095, 7, 7 
45871, 7, 7 
12737, 7, 7 
11937, 7, 7 
29801, 7, 7 
2400, 8, 8 
23035, 8, 8 
18674, 8, 8 
2067, 8, 8 
17128, 8, 8 
23109, 8, 8 
25873, 8, 8 
35924, 8, 8 
9936, 8, 8 
39355, 8, 8 
43072, 8, 8 
4873, 8, 8 
46313, 8, 8 
53806, 8, 8 
7231, 8, 8 
24048, 8, 8 
52612, 8, 8 
44436, 8, 8 
58777, 8, 8 
53445, 8, 8 
44308, 8, 8 
29194, 8, 8 
12163, 8, 8 
5215, 8, 8 
54132, 8, 8 
45877, 8, 8 
15757, 8, 8 
24160, 8, 8 
49250, 8, 8 
22557, 8, 8 
42365, 8, 8 
14664, 8, 8 
45056, 8, 8 
22965, 8, 8 
14845, 8, 8 
36210, 8, 8 
48828, 8, 8 
53090, 8, 8 
46767, 8, 8 
22604, 8, 8 
58131, 8, 8 
50133, 8, 8 
16901, 8, 8 
17594, 8, 8 
25776, 8, 8 
17919, 8, 8 
9982, 8, 8 
52592, 8, 8 
46791, 8, 8 
51612, 8, 8 
51938, 9, 9 
15049, 9, 9 
30263, 9, 9 
33860, 9, 9 
15167, 9, 9 
43814, 9, 9 
20376, 9, 9 
15659, 9, 9 
4277, 9, 9 
13646, 9, 9 
30469, 9, 9 
24759, 9, 9 
33308, 9, 9 
51930, 9, 9 
52510, 9, 9 
32706, 9, 9 
20683, 9, 9 
35836, 9, 9 
15367, 9, 9 
29802, 9, 9 
16588, 9, 9 
48654, 9, 9 
51812, 9, 9 
35084, 9, 9 
17983, 9, 9 
3594, 9, 9 
46497, 9, 9 
41589, 9, 9 
29161, 9, 9 
6520, 9, 9 
35024, 9, 9 
3982, 9, 9 
43028, 9, 9 
44236, 9, 9 
45555, 9, 9 
11139, 9, 9 
41665, 9, 9 
38767, 9, 9 
35807, 9, 9 
47017, 9, 9 
28007, 9, 9 
26336, 9, 9 
25801, 9, 9 
8276, 9, 9 
38204, 9, 9 
22148, 9, 9 
13209, 9, 9 
19824, 9, 9 
5874, 9, 9 
42709, 9, 9 
