id, true label, predicted label 
22023, 0, 0 
26859, 0, 0 
59103, 0, 0 
12321, 0, 0 
45676, 0, 0 
58645, 0, 0 
52847, 0, 0 
6645, 0, 0 
4374, 0, 0 
20392, 0, 0 
20863, 0, 0 
943, 0, 0 
18337, 0, 0 
48414, 0, 0 
2058, 0, 0 
40218, 0, 0 
46818, 0, 0 
48863, 0, 0 
28840, 0, 0 
14937, 0, 0 
55006, 0, 0 
12387, 0, 0 
25159, 0, 0 
14518, 0, 0 
53897, 0, 0 
48268, 0, 0 
32880, 0, 0 
37914, 0, 0 
5608, 0, 0 
320, 0, 0 
45146, 0, 0 
50929, 0, 0 
22877, 0, 0 
33214, 0, 0 
6421, 0, 0 
3622, 0, 0 
43149, 0, 0 
43229, 0, 0 
49429, 0, 0 
25460, 0, 0 
16238, 0, 0 
6619, 0, 0 
46579, 0, 0 
34246, 0, 0 
6819, 0, 0 
49533, 0, 0 
57827, 0, 0 
3391, 0, 0 
30496, 0, 0 
38102, 0, 0 
14656, 1, 1 
28484, 1, 1 
16292, 1, 1 
42852, 1, 1 
14945, 1, 1 
45372, 1, 1 
51112, 1, 1 
6463, 1, 1 
40848, 1, 1 
30639, 1, 1 
9815, 1, 1 
4569, 1, 1 
46792, 1, 1 
17305, 1, 1 
1452, 1, 1 
20589, 1, 1 
42765, 1, 1 
11579, 1, 1 
31129, 1, 1 
4407, 1, 1 
17022, 1, 1 
32808, 1, 1 
35642, 1, 1 
52081, 1, 1 
2318, 1, 1 
36520, 1, 1 
53049, 1, 1 
24020, 1, 1 
1321, 1, 1 
43715, 1, 1 
6104, 1, 1 
15813, 1, 1 
1031, 1, 1 
59954, 1, 1 
30364, 1, 1 
7237, 1, 1 
32635, 1, 1 
10741, 1, 1 
52654, 1, 1 
13140, 1, 1 
21818, 1, 1 
11954, 1, 1 
30958, 1, 1 
47670, 1, 1 
14427, 1, 1 
13372, 1, 1 
57378, 1, 1 
46251, 1, 1 
50572, 1, 1 
57603, 1, 1 
22524, 2, 2 
19833, 2, 2 
26157, 2, 2 
40221, 2, 2 
40027, 2, 2 
2585, 2, 2 
7242, 2, 2 
41189, 2, 2 
35690, 2, 2 
26121, 2, 2 
13508, 2, 2 
52637, 2, 2 
20028, 2, 2 
21598, 2, 2 
12481, 2, 2 
48181, 2, 2 
22395, 2, 2 
15902, 2, 2 
432, 2, 2 
25916, 2, 2 
1573, 2, 2 
26237, 2, 2 
19926, 2, 2 
8972, 2, 2 
33620, 2, 2 
42969, 2, 2 
50287, 2, 2 
29000, 2, 2 
6126, 2, 2 
26689, 2, 2 
55857, 2, 2 
39090, 2, 2 
4955, 2, 2 
9964, 2, 2 
43760, 2, 2 
19213, 2, 2 
17046, 2, 2 
410, 2, 2 
10024, 2, 2 
36858, 2, 2 
34494, 2, 2 
25261, 2, 2 
27426, 2, 2 
45028, 2, 2 
24347, 2, 2 
32424, 2, 2 
4182, 2, 2 
14113, 2, 2 
4576, 2, 2 
35071, 2, 2 
45508, 3, 3 
54476, 3, 3 
32422, 3, 3 
34119, 3, 3 
26596, 3, 3 
13707, 3, 3 
58250, 3, 3 
8254, 3, 3 
47090, 3, 3 
5588, 3, 3 
27946, 3, 3 
24452, 3, 3 
12346, 3, 3 
40452, 3, 3 
57341, 3, 3 
29158, 3, 3 
17189, 3, 3 
42419, 3, 3 
23221, 3, 3 
8605, 3, 3 
8684, 3, 3 
24575, 3, 3 
51486, 3, 3 
14087, 3, 3 
3347, 3, 3 
36262, 3, 3 
98, 3, 3 
30650, 3, 3 
24218, 3, 3 
12747, 3, 3 
14864, 3, 3 
59263, 3, 3 
52014, 3, 3 
46902, 3, 3 
51116, 3, 3 
16344, 3, 3 
25266, 3, 3 
52240, 3, 3 
10144, 3, 3 
21075, 3, 3 
57679, 3, 3 
53358, 3, 3 
10993, 3, 3 
39884, 3, 3 
39412, 3, 3 
54147, 3, 3 
5207, 3, 3 
5379, 3, 3 
2726, 3, 3 
4836, 3, 3 
5124, 4, 4 
5945, 4, 4 
40285, 4, 4 
28980, 4, 4 
52246, 4, 4 
34530, 4, 4 
59392, 4, 4 
52414, 4, 4 
28860, 4, 4 
23409, 4, 4 
44224, 4, 4 
25169, 4, 4 
27959, 4, 4 
14047, 4, 4 
11303, 4, 4 
31246, 4, 4 
12870, 4, 4 
41220, 4, 4 
56700, 4, 4 
25894, 4, 4 
40910, 4, 4 
53559, 4, 4 
18582, 4, 4 
49480, 4, 4 
28493, 4, 4 
52384, 4, 4 
31083, 4, 4 
25575, 4, 4 
14927, 4, 4 
3739, 4, 4 
34429, 4, 4 
2808, 4, 4 
32020, 4, 4 
23411, 4, 4 
54187, 4, 4 
39799, 4, 4 
10869, 4, 4 
20813, 4, 4 
18981, 4, 4 
56676, 4, 4 
33218, 4, 4 
52789, 4, 4 
34361, 4, 4 
20294, 4, 4 
47410, 4, 4 
22766, 4, 4 
16009, 4, 4 
57708, 4, 4 
18185, 4, 4 
43433, 4, 4 
36470, 5, 5 
31402, 5, 5 
523, 5, 5 
51278, 5, 5 
537, 5, 5 
24173, 5, 5 
31413, 5, 5 
54781, 5, 5 
39629, 5, 5 
18103, 5, 5 
8434, 5, 5 
47115, 5, 5 
48950, 5, 5 
33349, 5, 5 
6472, 5, 5 
19585, 5, 5 
4601, 5, 5 
31651, 5, 5 
16553, 5, 5 
33365, 5, 5 
25203, 5, 5 
58723, 5, 5 
21439, 5, 5 
6169, 5, 5 
47428, 5, 5 
32323, 5, 5 
45175, 5, 5 
44461, 5, 5 
42379, 5, 5 
4194, 5, 5 
56306, 5, 5 
11790, 5, 5 
5856, 5, 5 
22147, 5, 5 
37438, 5, 5 
49038, 5, 5 
4302, 5, 5 
41868, 5, 5 
57156, 5, 5 
56586, 5, 5 
27814, 5, 5 
26062, 5, 5 
18005, 5, 5 
41223, 5, 5 
50919, 5, 5 
12574, 5, 5 
39103, 5, 5 
42232, 5, 5 
37006, 5, 5 
2172, 5, 5 
9210, 6, 6 
5145, 6, 6 
49353, 6, 6 
16469, 6, 6 
21781, 6, 6 
607, 6, 6 
15280, 6, 6 
1886, 6, 6 
51729, 6, 6 
27775, 6, 6 
54205, 6, 6 
44168, 6, 6 
54547, 6, 6 
53463, 6, 6 
5524, 6, 6 
26900, 6, 6 
58443, 6, 6 
14473, 6, 6 
16433, 6, 6 
20931, 6, 6 
51497, 6, 6 
27981, 6, 6 
6396, 6, 6 
50122, 6, 6 
54252, 6, 6 
3207, 6, 6 
30252, 6, 6 
28467, 6, 6 
47037, 6, 6 
50289, 6, 6 
41790, 6, 6 
37231, 6, 6 
33058, 6, 6 
18250, 6, 6 
9892, 6, 6 
20733, 6, 6 
16746, 6, 6 
51711, 6, 6 
11678, 6, 6 
26777, 6, 6 
48809, 6, 6 
33116, 6, 6 
28943, 6, 6 
37831, 6, 6 
35734, 6, 6 
55252, 6, 6 
12147, 6, 6 
56629, 6, 6 
2035, 6, 6 
26530, 6, 6 
51916, 7, 7 
53612, 7, 7 
43541, 7, 7 
43361, 7, 7 
168, 7, 7 
18391, 7, 7 
44505, 7, 7 
10002, 7, 7 
57230, 7, 7 
52149, 7, 7 
10050, 7, 7 
37107, 7, 7 
5178, 7, 7 
8256, 7, 7 
7304, 7, 7 
38557, 7, 7 
16721, 7, 7 
13199, 7, 7 
6432, 7, 7 
52866, 7, 7 
15452, 7, 7 
44737, 7, 7 
38607, 7, 7 
12408, 7, 7 
58425, 7, 7 
8345, 7, 7 
16299, 7, 7 
46515, 7, 7 
20766, 7, 7 
53549, 7, 7 
13571, 7, 7 
39082, 7, 7 
5283, 7, 7 
15202, 7, 7 
29661, 7, 7 
38723, 7, 7 
51911, 7, 7 
47015, 7, 7 
47600, 7, 7 
47849, 7, 7 
14033, 7, 7 
24583, 7, 7 
27592, 7, 7 
34704, 7, 7 
4977, 7, 7 
51198, 7, 7 
25506, 7, 7 
936, 7, 7 
31382, 7, 7 
44865, 7, 7 
43647, 8, 8 
24658, 8, 8 
15820, 8, 8 
34669, 8, 8 
44861, 8, 8 
23537, 8, 8 
4482, 8, 8 
41621, 8, 8 
11942, 8, 8 
35264, 8, 8 
11120, 8, 8 
32968, 8, 8 
10856, 8, 8 
48875, 8, 8 
36299, 8, 8 
16036, 8, 8 
47577, 8, 8 
37962, 8, 8 
52037, 8, 8 
47154, 8, 8 
9832, 8, 8 
29131, 8, 8 
45765, 8, 8 
55311, 8, 8 
3842, 8, 8 
9805, 8, 8 
52881, 8, 8 
43181, 8, 8 
3665, 8, 8 
18378, 8, 8 
45520, 8, 8 
27027, 8, 8 
32166, 8, 8 
23063, 8, 8 
37125, 8, 8 
26987, 8, 8 
1009, 8, 8 
54842, 8, 8 
26385, 8, 8 
39926, 8, 8 
26115, 8, 8 
16274, 8, 8 
9152, 8, 8 
18711, 8, 8 
45746, 8, 8 
33621, 8, 8 
36834, 8, 8 
14438, 8, 8 
13436, 8, 8 
56866, 8, 8 
27601, 9, 9 
25280, 9, 9 
27626, 9, 9 
26116, 9, 9 
47427, 9, 9 
48, 9, 9 
16673, 9, 9 
10428, 9, 9 
22947, 9, 9 
44721, 9, 9 
5614, 9, 9 
52605, 9, 9 
29168, 9, 9 
36935, 9, 9 
8968, 9, 9 
53059, 9, 9 
38611, 9, 9 
31828, 9, 9 
48347, 9, 9 
53645, 9, 9 
19085, 9, 9 
39889, 9, 9 
38905, 9, 9 
7110, 9, 9 
39418, 9, 9 
33291, 9, 9 
8216, 9, 9 
15128, 9, 9 
55648, 9, 9 
9683, 9, 9 
31917, 9, 9 
15112, 9, 9 
22552, 9, 9 
43093, 9, 9 
18797, 9, 9 
32483, 9, 9 
4091, 9, 9 
33625, 9, 9 
17989, 9, 9 
12496, 9, 9 
9673, 9, 9 
48384, 9, 9 
26609, 9, 9 
56580, 9, 9 
59948, 9, 9 
59079, 9, 9 
17531, 9, 9 
43792, 9, 9 
43086, 9, 9 
44357, 9, 9 
