id, true label, predicted label 
8250, 0, 0 
58934, 0, 0 
4906, 0, 0 
56259, 0, 0 
36689, 0, 0 
13054, 0, 0 
48438, 0, 0 
30223, 0, 0 
38808, 0, 0 
48136, 0, 0 
41880, 0, 0 
6422, 0, 0 
26436, 0, 0 
56158, 0, 0 
9790, 0, 0 
24777, 0, 0 
34773, 0, 0 
12217, 0, 0 
59059, 0, 0 
45417, 0, 0 
40286, 0, 0 
56140, 0, 0 
14052, 0, 0 
52276, 0, 0 
45503, 0, 0 
43229, 0, 0 
7373, 0, 0 
8147, 0, 0 
30009, 0, 0 
53381, 0, 0 
44268, 0, 0 
58553, 0, 0 
53851, 0, 0 
49750, 0, 0 
12140, 0, 0 
30891, 0, 0 
19649, 0, 0 
489, 0, 0 
8855, 0, 0 
5246, 0, 0 
18603, 0, 0 
35217, 0, 0 
10488, 0, 0 
58362, 0, 0 
25707, 0, 0 
11003, 0, 0 
42349, 0, 0 
1678, 0, 0 
41617, 0, 0 
27446, 0, 0 
15632, 1, 1 
34513, 1, 1 
9540, 1, 1 
41898, 1, 1 
6226, 1, 1 
5484, 1, 1 
38774, 1, 1 
18316, 1, 1 
9804, 1, 1 
31534, 1, 1 
5054, 1, 1 
35820, 1, 1 
16971, 1, 1 
5012, 1, 1 
1839, 1, 1 
51833, 1, 1 
52444, 1, 1 
52693, 1, 1 
12356, 1, 1 
15730, 1, 1 
52878, 1, 1 
13649, 1, 1 
29030, 1, 1 
1277, 1, 1 
27785, 1, 1 
24133, 1, 1 
24721, 1, 1 
44935, 1, 1 
49588, 1, 1 
31017, 1, 1 
33558, 1, 1 
51529, 1, 1 
33190, 1, 1 
3605, 1, 1 
38595, 1, 1 
43933, 1, 1 
38466, 1, 1 
8402, 1, 1 
4267, 1, 1 
28522, 1, 1 
39776, 1, 1 
15095, 1, 1 
14126, 1, 1 
17839, 1, 1 
22727, 1, 1 
33417, 1, 1 
21460, 1, 1 
6356, 1, 1 
9907, 1, 1 
47407, 1, 1 
52068, 2, 2 
27178, 2, 2 
23468, 2, 2 
45943, 2, 2 
2017, 2, 2 
1861, 2, 2 
3627, 2, 2 
17786, 2, 2 
1947, 2, 2 
21983, 2, 2 
54513, 2, 2 
82, 2, 2 
22998, 2, 2 
47408, 2, 2 
23040, 2, 2 
25551, 2, 2 
24633, 2, 2 
30997, 2, 2 
58502, 2, 2 
36568, 2, 2 
42726, 2, 2 
12551, 2, 2 
34323, 2, 2 
29267, 2, 2 
47652, 2, 2 
40566, 2, 2 
52634, 2, 2 
31503, 2, 2 
51760, 2, 2 
21598, 2, 2 
12844, 2, 2 
59374, 2, 2 
48009, 2, 2 
17432, 2, 2 
50247, 2, 2 
44316, 2, 2 
11748, 2, 2 
40936, 2, 2 
57394, 2, 2 
46974, 2, 2 
14694, 2, 2 
45819, 2, 2 
20375, 2, 2 
3165, 2, 2 
49908, 2, 2 
15573, 2, 2 
5258, 2, 2 
20284, 2, 2 
12404, 2, 2 
53522, 2, 2 
26048, 3, 3 
55321, 3, 3 
9511, 3, 3 
44764, 3, 3 
59356, 3, 3 
57833, 3, 3 
59168, 3, 3 
53035, 3, 3 
21221, 3, 3 
55845, 3, 3 
35272, 3, 3 
49020, 3, 3 
42493, 3, 3 
8821, 3, 3 
49103, 3, 3 
9913, 3, 3 
39678, 3, 3 
16530, 3, 3 
39415, 3, 3 
38991, 3, 3 
53039, 3, 3 
10161, 3, 3 
3048, 3, 3 
44191, 3, 3 
34048, 3, 3 
45000, 3, 3 
37927, 3, 3 
8756, 3, 3 
51401, 3, 3 
34333, 3, 3 
10454, 3, 3 
32663, 3, 3 
29356, 3, 3 
39099, 3, 3 
58089, 3, 3 
21853, 3, 3 
9411, 3, 3 
4339, 3, 3 
25425, 3, 3 
39140, 3, 3 
37746, 3, 3 
6342, 3, 3 
2263, 3, 3 
21261, 3, 3 
15233, 3, 3 
51613, 3, 3 
20626, 3, 3 
23712, 3, 3 
30644, 3, 3 
15109, 3, 3 
2467, 4, 4 
4274, 4, 4 
52260, 4, 4 
3037, 4, 4 
17592, 4, 4 
37000, 4, 4 
49937, 4, 4 
56799, 4, 4 
32466, 4, 4 
19531, 4, 4 
32045, 4, 4 
37505, 4, 4 
32673, 4, 4 
25790, 4, 4 
14739, 4, 4 
28599, 4, 4 
34348, 4, 4 
39245, 4, 4 
47607, 4, 4 
41036, 4, 4 
20110, 4, 4 
43137, 4, 4 
32498, 4, 4 
32458, 4, 4 
11646, 4, 4 
8906, 4, 4 
6260, 4, 4 
44105, 4, 4 
4205, 4, 4 
4409, 4, 4 
28253, 4, 4 
27980, 4, 4 
17015, 4, 4 
7596, 4, 4 
23083, 4, 4 
11815, 4, 4 
59753, 4, 4 
44052, 4, 4 
49587, 4, 4 
44213, 4, 4 
57704, 4, 4 
35686, 4, 4 
51780, 4, 4 
51018, 4, 4 
38402, 4, 4 
19657, 4, 4 
1258, 4, 4 
2546, 4, 4 
39674, 4, 4 
19853, 4, 4 
4801, 5, 5 
9028, 5, 5 
58477, 5, 5 
23824, 5, 5 
16586, 5, 5 
40014, 5, 5 
45024, 5, 5 
19958, 5, 5 
44406, 5, 5 
7159, 5, 5 
6370, 5, 5 
39409, 5, 5 
42864, 5, 5 
24864, 5, 5 
28261, 5, 5 
653, 5, 5 
45226, 5, 5 
52170, 5, 5 
35133, 5, 5 
54975, 5, 5 
51362, 5, 5 
29120, 5, 5 
58871, 5, 5 
11486, 5, 5 
11801, 5, 5 
6781, 5, 5 
19078, 5, 5 
32040, 5, 5 
36193, 5, 5 
32674, 5, 5 
11721, 5, 5 
51972, 5, 5 
7845, 5, 5 
47915, 5, 5 
19717, 5, 5 
48397, 5, 5 
40669, 5, 5 
970, 5, 5 
54142, 5, 5 
42108, 5, 5 
55463, 5, 5 
5934, 5, 5 
51416, 5, 5 
17920, 5, 5 
39253, 5, 5 
15571, 5, 5 
18879, 5, 5 
42244, 5, 5 
15378, 5, 5 
41498, 5, 5 
25193, 6, 6 
12283, 6, 6 
7972, 6, 6 
58770, 6, 6 
17619, 6, 6 
39567, 6, 6 
28425, 6, 6 
6236, 6, 6 
45984, 6, 6 
7015, 6, 6 
39154, 6, 6 
17426, 6, 6 
9446, 6, 6 
48714, 6, 6 
31954, 6, 6 
25337, 6, 6 
58904, 6, 6 
11173, 6, 6 
59892, 6, 6 
53463, 6, 6 
41190, 6, 6 
10709, 6, 6 
41047, 6, 6 
15483, 6, 6 
34621, 6, 6 
58605, 6, 6 
43177, 6, 6 
48941, 6, 6 
20104, 6, 6 
39130, 6, 6 
43386, 6, 6 
52759, 6, 6 
58007, 6, 6 
26019, 6, 6 
6396, 6, 6 
3387, 6, 6 
37829, 6, 6 
55820, 6, 6 
43682, 6, 6 
25135, 6, 6 
8191, 6, 6 
1202, 6, 6 
47847, 6, 6 
30617, 6, 6 
28353, 6, 6 
25316, 6, 6 
51953, 6, 6 
50509, 6, 6 
53909, 6, 6 
52420, 6, 6 
21169, 7, 7 
58167, 7, 7 
3008, 7, 7 
36205, 7, 7 
31391, 7, 7 
47504, 7, 7 
5100, 7, 7 
15254, 7, 7 
41151, 7, 7 
35961, 7, 7 
35196, 7, 7 
27157, 7, 7 
38728, 7, 7 
20449, 7, 7 
7197, 7, 7 
37556, 7, 7 
24236, 7, 7 
49923, 7, 7 
43890, 7, 7 
49385, 7, 7 
2540, 7, 7 
44170, 7, 7 
58106, 7, 7 
14757, 7, 7 
46771, 7, 7 
7547, 7, 7 
1655, 7, 7 
12453, 7, 7 
17031, 7, 7 
12278, 7, 7 
27976, 7, 7 
42639, 7, 7 
18191, 7, 7 
39357, 7, 7 
17069, 7, 7 
634, 7, 7 
52235, 7, 7 
29144, 7, 7 
4858, 7, 7 
42831, 7, 7 
21437, 7, 7 
12774, 7, 7 
58143, 7, 7 
56272, 7, 7 
25716, 7, 7 
6835, 7, 7 
45652, 7, 7 
57386, 7, 7 
54065, 7, 7 
36856, 7, 7 
26919, 8, 8 
16611, 8, 8 
9490, 8, 8 
34029, 8, 8 
6512, 8, 8 
34382, 8, 8 
24498, 8, 8 
19720, 8, 8 
57515, 8, 8 
22136, 8, 8 
17162, 8, 8 
27324, 8, 8 
27819, 8, 8 
758, 8, 8 
42347, 8, 8 
23205, 8, 8 
48021, 8, 8 
51087, 8, 8 
12009, 8, 8 
3570, 8, 8 
5116, 8, 8 
14013, 8, 8 
53315, 8, 8 
42034, 8, 8 
39778, 8, 8 
37325, 8, 8 
51105, 8, 8 
50604, 8, 8 
13422, 8, 8 
50054, 8, 8 
49620, 8, 8 
59013, 8, 8 
27269, 8, 8 
2593, 8, 8 
47008, 8, 8 
45692, 8, 8 
4006, 8, 8 
56636, 8, 8 
29164, 8, 8 
17060, 8, 8 
34212, 8, 8 
20062, 8, 8 
8607, 8, 8 
17743, 8, 8 
44616, 8, 8 
47723, 8, 8 
33451, 8, 8 
20923, 8, 8 
14270, 8, 8 
5029, 8, 8 
2579, 9, 9 
14822, 9, 9 
50724, 9, 9 
4093, 9, 9 
1410, 9, 9 
5592, 9, 9 
54050, 9, 9 
56702, 9, 9 
15653, 9, 9 
4378, 9, 9 
30712, 9, 9 
46889, 9, 9 
18996, 9, 9 
28689, 9, 9 
53202, 9, 9 
4277, 9, 9 
15666, 9, 9 
41162, 9, 9 
41251, 9, 9 
20050, 9, 9 
17824, 9, 9 
4594, 9, 9 
6999, 9, 9 
1620, 9, 9 
25493, 9, 9 
8111, 9, 9 
3257, 9, 9 
11474, 9, 9 
17092, 9, 9 
45034, 9, 9 
56431, 9, 9 
42459, 9, 9 
49836, 9, 9 
31027, 9, 9 
37062, 9, 9 
55097, 9, 9 
51281, 9, 9 
51919, 9, 9 
43207, 9, 9 
52595, 9, 9 
6589, 9, 9 
34377, 9, 9 
48618, 9, 9 
49640, 9, 9 
32331, 9, 9 
4122, 9, 9 
46714, 9, 9 
34031, 9, 9 
56041, 9, 9 
20943, 9, 9 
