id, true label, predicted label 
15946, 0, 0 
51290, 0, 0 
10773, 0, 0 
39861, 0, 0 
8979, 0, 0 
47072, 0, 0 
45066, 0, 0 
17693, 0, 0 
54810, 0, 0 
23882, 0, 0 
7934, 0, 0 
26979, 0, 0 
14513, 0, 0 
5285, 0, 0 
39975, 0, 0 
39581, 0, 0 
24978, 0, 0 
56415, 0, 0 
19786, 0, 0 
43367, 0, 0 
52716, 0, 0 
15825, 0, 0 
35740, 0, 0 
18645, 0, 0 
23108, 0, 0 
4027, 0, 0 
8247, 0, 0 
22640, 0, 0 
13799, 0, 0 
45386, 0, 0 
58256, 0, 0 
45812, 0, 0 
31127, 0, 0 
2709, 0, 0 
15868, 0, 0 
17779, 0, 0 
26339, 0, 0 
7462, 0, 0 
58102, 0, 0 
57769, 0, 0 
37153, 0, 0 
8134, 0, 0 
20174, 0, 0 
1349, 0, 0 
52393, 0, 0 
53573, 0, 0 
37619, 0, 0 
12785, 0, 0 
13098, 0, 0 
41126, 0, 0 
55083, 1, 1 
24970, 1, 1 
32974, 1, 1 
43570, 1, 1 
18016, 1, 1 
52615, 1, 1 
40007, 1, 1 
38582, 1, 1 
27665, 1, 1 
20913, 1, 1 
9550, 1, 1 
12532, 1, 1 
29974, 1, 1 
41640, 1, 1 
29403, 1, 1 
20678, 1, 1 
4772, 1, 1 
38965, 1, 1 
21220, 1, 1 
49154, 1, 1 
55888, 1, 1 
32326, 1, 1 
9365, 1, 1 
993, 1, 1 
40664, 1, 1 
30389, 1, 1 
36433, 1, 1 
19400, 1, 1 
44109, 1, 1 
33535, 1, 1 
21070, 1, 1 
32367, 1, 1 
2177, 1, 1 
47259, 1, 1 
3733, 1, 1 
53140, 1, 1 
26986, 1, 1 
11352, 1, 1 
19776, 1, 1 
2326, 1, 1 
31640, 1, 1 
3900, 1, 1 
833, 1, 1 
58511, 1, 1 
34640, 1, 1 
9856, 1, 1 
41524, 1, 1 
44131, 1, 1 
58148, 1, 1 
44745, 1, 1 
25148, 2, 2 
31802, 2, 2 
17516, 2, 2 
23472, 2, 2 
5624, 2, 2 
43240, 2, 2 
2838, 2, 2 
2879, 2, 2 
49975, 2, 2 
48757, 2, 2 
25249, 2, 2 
20414, 2, 2 
20485, 2, 2 
4278, 2, 2 
49098, 2, 2 
45387, 2, 2 
1609, 2, 2 
44095, 2, 2 
25459, 2, 2 
4935, 2, 2 
55935, 2, 2 
29064, 2, 2 
1264, 2, 2 
40580, 2, 2 
36965, 2, 2 
26883, 2, 2 
54424, 2, 2 
48822, 2, 2 
42814, 2, 2 
22558, 2, 2 
19694, 2, 2 
29674, 2, 2 
13761, 2, 2 
30561, 2, 2 
47578, 2, 2 
25238, 2, 2 
59797, 2, 2 
37812, 2, 2 
37426, 2, 2 
3791, 2, 2 
2280, 2, 2 
53034, 2, 2 
34444, 2, 2 
29240, 2, 2 
39510, 2, 2 
28685, 2, 2 
4322, 2, 2 
19545, 2, 2 
31063, 2, 2 
23757, 2, 2 
49, 3, 3 
27573, 3, 3 
15014, 3, 3 
59980, 3, 3 
57941, 3, 3 
9411, 3, 3 
31183, 3, 3 
45959, 3, 3 
37397, 3, 3 
43557, 3, 3 
53091, 3, 3 
16427, 3, 3 
36705, 3, 3 
45628, 3, 3 
42251, 3, 3 
18826, 3, 3 
18948, 3, 3 
53488, 3, 3 
27937, 3, 3 
41740, 3, 3 
36511, 3, 3 
5358, 3, 3 
24735, 3, 3 
13105, 3, 3 
645, 3, 3 
59054, 3, 3 
53755, 3, 3 
2179, 3, 3 
33239, 3, 3 
54952, 3, 3 
53838, 3, 3 
57016, 3, 3 
56234, 3, 3 
54020, 3, 3 
37167, 3, 3 
17632, 3, 3 
40401, 3, 3 
15233, 3, 3 
42909, 3, 3 
31469, 3, 3 
14025, 3, 3 
52096, 3, 3 
16502, 3, 3 
29894, 3, 3 
2489, 3, 3 
13656, 3, 3 
26825, 3, 3 
23227, 3, 3 
2788, 3, 3 
42375, 3, 3 
6160, 4, 4 
8415, 4, 4 
33551, 4, 4 
46033, 4, 4 
31711, 4, 4 
5755, 4, 4 
25760, 4, 4 
34216, 4, 4 
48745, 4, 4 
11024, 4, 4 
48466, 4, 4 
59614, 4, 4 
271, 4, 4 
57950, 4, 4 
37767, 4, 4 
6454, 4, 4 
32895, 4, 4 
50636, 4, 4 
11468, 4, 4 
41206, 4, 4 
10320, 4, 4 
33991, 4, 4 
39558, 4, 4 
53439, 4, 4 
36952, 4, 4 
8101, 4, 4 
10870, 4, 4 
35966, 4, 4 
28863, 4, 4 
37262, 4, 4 
9566, 4, 4 
44356, 4, 4 
59879, 4, 4 
4822, 4, 4 
897, 4, 4 
52532, 4, 4 
29340, 4, 4 
46777, 4, 4 
59069, 4, 4 
51076, 4, 4 
38551, 4, 4 
8458, 4, 4 
6260, 4, 4 
27715, 4, 4 
38803, 4, 4 
35152, 4, 4 
45121, 4, 4 
22714, 4, 4 
20851, 4, 4 
30888, 4, 4 
47707, 5, 5 
24730, 5, 5 
34159, 5, 5 
12137, 5, 5 
13234, 5, 5 
33475, 5, 5 
47919, 5, 5 
17502, 5, 5 
52264, 5, 5 
16092, 5, 5 
14006, 5, 5 
42407, 5, 5 
24439, 5, 5 
52798, 5, 5 
56630, 5, 5 
17172, 5, 5 
53053, 5, 5 
10255, 5, 5 
40824, 5, 5 
48353, 5, 5 
30622, 5, 5 
58948, 5, 5 
18925, 5, 5 
7659, 5, 5 
25557, 5, 5 
53309, 5, 5 
31734, 5, 5 
22042, 5, 5 
22235, 5, 5 
32080, 5, 5 
11782, 5, 5 
1691, 5, 5 
2551, 5, 5 
23137, 5, 5 
44329, 5, 5 
15892, 5, 5 
55434, 5, 5 
47296, 5, 5 
3129, 5, 5 
10162, 5, 5 
22272, 5, 5 
19706, 5, 5 
9800, 5, 5 
20547, 5, 5 
22866, 5, 5 
32343, 5, 5 
771, 5, 5 
56476, 5, 5 
23630, 5, 5 
32090, 5, 5 
20489, 6, 6 
49699, 6, 6 
5273, 6, 6 
48433, 6, 6 
21113, 6, 6 
28576, 6, 6 
58166, 6, 6 
49743, 6, 6 
29149, 6, 6 
6876, 6, 6 
33314, 6, 6 
38416, 6, 6 
27887, 6, 6 
58605, 6, 6 
38478, 6, 6 
59445, 6, 6 
50776, 6, 6 
17510, 6, 6 
31924, 6, 6 
45593, 6, 6 
14339, 6, 6 
45643, 6, 6 
38376, 6, 6 
1917, 6, 6 
22618, 6, 6 
32183, 6, 6 
31586, 6, 6 
14666, 6, 6 
28639, 6, 6 
17670, 6, 6 
23346, 6, 6 
54332, 6, 6 
18667, 6, 6 
30563, 6, 6 
18023, 6, 6 
21257, 6, 6 
5517, 6, 6 
9281, 6, 6 
59000, 6, 6 
52918, 6, 6 
30343, 6, 6 
32082, 6, 6 
14147, 6, 6 
13941, 6, 6 
16821, 6, 6 
59226, 6, 6 
59345, 6, 6 
50098, 6, 6 
52125, 6, 6 
16590, 6, 6 
15754, 7, 7 
58078, 7, 7 
13410, 7, 7 
38994, 7, 7 
8596, 7, 7 
5057, 7, 7 
45456, 7, 7 
33524, 7, 7 
54267, 7, 7 
31459, 7, 7 
14277, 7, 7 
6054, 7, 7 
35711, 7, 7 
20883, 7, 7 
45159, 7, 7 
50426, 7, 7 
57609, 7, 7 
27723, 7, 7 
26162, 7, 7 
8143, 7, 7 
44500, 7, 7 
46171, 7, 7 
15906, 7, 7 
5182, 7, 7 
6587, 7, 7 
4888, 7, 7 
19141, 7, 7 
11944, 7, 7 
45004, 7, 7 
32048, 7, 7 
17849, 7, 7 
5650, 7, 7 
22546, 7, 7 
18966, 7, 7 
15997, 7, 7 
10517, 7, 7 
39868, 7, 7 
6280, 7, 7 
46906, 7, 7 
7849, 7, 7 
20498, 7, 7 
12781, 7, 7 
5022, 7, 7 
10841, 7, 7 
50972, 7, 7 
40193, 7, 7 
27497, 7, 7 
32208, 7, 7 
2835, 7, 7 
16288, 7, 7 
32573, 8, 8 
25012, 8, 8 
43410, 8, 8 
34193, 8, 8 
26496, 8, 8 
40787, 8, 8 
5597, 8, 8 
36959, 8, 8 
47765, 8, 8 
29777, 8, 8 
39938, 8, 8 
48540, 8, 8 
31938, 8, 8 
39001, 8, 8 
15289, 8, 8 
53133, 8, 8 
23948, 8, 8 
5435, 8, 8 
57093, 8, 8 
2987, 8, 8 
20732, 8, 8 
5281, 8, 8 
34966, 8, 8 
58305, 8, 8 
55497, 8, 8 
33755, 8, 8 
12043, 8, 8 
53997, 8, 8 
43109, 8, 8 
4692, 8, 8 
20712, 8, 8 
43321, 8, 8 
31800, 8, 8 
45948, 8, 8 
10895, 8, 8 
45859, 8, 8 
52070, 8, 8 
56412, 8, 8 
7479, 8, 8 
25362, 8, 8 
56296, 8, 8 
13189, 8, 8 
26762, 8, 8 
23035, 8, 8 
7575, 8, 8 
18150, 8, 8 
30654, 8, 8 
33678, 8, 8 
1214, 8, 8 
3225, 8, 8 
16541, 9, 9 
37764, 9, 9 
54069, 9, 9 
34339, 9, 9 
52355, 9, 9 
23480, 9, 9 
46784, 9, 9 
34569, 9, 9 
30808, 9, 9 
10292, 9, 9 
16806, 9, 9 
8363, 9, 9 
32648, 9, 9 
14922, 9, 9 
154, 9, 9 
34013, 9, 9 
31128, 9, 9 
7676, 9, 9 
12280, 9, 9 
39889, 9, 9 
56883, 9, 9 
55072, 9, 9 
15503, 9, 9 
25634, 9, 9 
525, 9, 9 
21423, 9, 9 
9483, 9, 9 
12773, 9, 9 
11103, 9, 9 
7478, 9, 9 
35368, 9, 9 
133, 9, 9 
19143, 9, 9 
34598, 9, 9 
59782, 9, 9 
23748, 9, 9 
42144, 9, 9 
20112, 9, 9 
11938, 9, 9 
49333, 9, 9 
17081, 9, 9 
10428, 9, 9 
52814, 9, 9 
18579, 9, 9 
28737, 9, 9 
23864, 9, 9 
33762, 9, 9 
49506, 9, 9 
39834, 9, 9 
12789, 9, 9 
