id, true label, predicted label 
17877, 0, 0 
33238, 0, 0 
7944, 0, 0 
48111, 0, 0 
6113, 0, 0 
26665, 0, 0 
36031, 0, 0 
13779, 0, 0 
25199, 0, 0 
4356, 0, 0 
28300, 1, 1 
31432, 1, 1 
4972, 1, 1 
59697, 1, 1 
29949, 1, 1 
47785, 1, 1 
14498, 1, 1 
18942, 1, 1 
34512, 1, 1 
35722, 1, 1 
18356, 2, 2 
55678, 2, 2 
37515, 2, 2 
6466, 2, 2 
51275, 2, 2 
21012, 2, 2 
16729, 2, 2 
6627, 2, 2 
3017, 2, 2 
58710, 2, 2 
21007, 3, 3 
52350, 3, 3 
35010, 3, 3 
20362, 3, 3 
29313, 3, 3 
49249, 3, 3 
4154, 3, 3 
44764, 3, 3 
38037, 3, 3 
33400, 3, 3 
58548, 4, 4 
25668, 4, 4 
11369, 4, 4 
7152, 4, 4 
41569, 4, 4 
20197, 4, 4 
36970, 4, 4 
3117, 4, 4 
26264, 4, 4 
42822, 4, 4 
13328, 5, 5 
25240, 5, 5 
6346, 5, 5 
25411, 5, 5 
17366, 5, 5 
50778, 5, 5 
53598, 5, 5 
37413, 5, 5 
23189, 5, 5 
33773, 5, 5 
54570, 6, 6 
44179, 6, 6 
32500, 6, 6 
29380, 6, 6 
29149, 6, 6 
14524, 6, 6 
7577, 6, 6 
8628, 6, 6 
53581, 6, 6 
49900, 6, 6 
44610, 7, 7 
4173, 7, 7 
32497, 7, 7 
4372, 7, 7 
19733, 7, 7 
4130, 7, 7 
56510, 7, 7 
30449, 7, 7 
49330, 7, 7 
31196, 7, 7 
23865, 8, 8 
19475, 8, 8 
25527, 8, 8 
32018, 8, 8 
33883, 8, 8 
3555, 8, 8 
39378, 8, 8 
23391, 8, 8 
45194, 8, 8 
16979, 8, 8 
9150, 9, 9 
4523, 9, 9 
59857, 9, 9 
1292, 9, 9 
59111, 9, 9 
49844, 9, 9 
50558, 9, 9 
46645, 9, 9 
48477, 9, 9 
34957, 9, 9 
