id, true label, predicted label 
9215, 0, 0 
52520, 0, 0 
2919, 0, 0 
50042, 0, 0 
38404, 0, 0 
41383, 0, 0 
50024, 0, 0 
28230, 0, 0 
22752, 0, 0 
13547, 0, 0 
14899, 1, 1 
38398, 1, 1 
19150, 1, 1 
17560, 1, 1 
47905, 1, 1 
44324, 1, 1 
16334, 1, 1 
5635, 1, 1 
8934, 1, 1 
10239, 1, 1 
18084, 2, 2 
54682, 2, 2 
29152, 2, 2 
54815, 2, 2 
43854, 2, 2 
360, 2, 2 
30459, 2, 2 
3023, 2, 2 
39939, 2, 2 
19587, 2, 2 
34119, 3, 3 
20492, 3, 3 
42585, 3, 3 
3422, 3, 3 
15350, 3, 3 
16587, 3, 3 
26651, 3, 3 
43494, 3, 3 
10730, 3, 3 
57983, 3, 3 
17862, 4, 4 
11434, 4, 4 
35662, 4, 4 
8622, 4, 4 
16913, 4, 4 
48418, 4, 4 
42809, 4, 4 
6037, 4, 4 
32056, 4, 4 
38855, 4, 4 
34509, 5, 5 
4168, 5, 5 
58515, 5, 5 
48872, 5, 5 
39225, 5, 5 
10782, 5, 5 
19398, 5, 5 
43837, 5, 5 
8062, 5, 5 
33562, 5, 5 
33032, 6, 6 
35305, 6, 6 
51115, 6, 6 
13303, 6, 6 
57754, 6, 6 
33715, 6, 6 
53981, 6, 6 
28768, 6, 6 
13207, 6, 6 
30045, 6, 6 
56030, 7, 7 
14138, 7, 7 
44927, 7, 7 
5446, 7, 7 
36258, 7, 7 
4964, 7, 7 
26811, 7, 7 
38034, 7, 7 
12649, 7, 7 
37898, 7, 7 
50283, 8, 8 
57562, 8, 8 
39091, 8, 8 
49088, 8, 8 
32936, 8, 8 
43110, 8, 8 
56623, 8, 8 
34061, 8, 8 
56145, 8, 8 
58960, 8, 8 
40197, 9, 9 
20402, 9, 9 
32350, 9, 9 
22433, 9, 9 
54860, 9, 9 
42222, 9, 9 
7936, 9, 9 
53379, 9, 9 
14875, 9, 9 
9642, 9, 9 
