id, true label, predicted label 
6207, 0, 0 
29809, 0, 0 
48419, 0, 0 
28358, 0, 0 
7687, 0, 0 
21780, 0, 0 
5321, 0, 0 
1018, 0, 0 
17485, 0, 0 
52228, 0, 0 
41073, 1, 1 
19096, 1, 1 
18070, 1, 1 
58745, 1, 1 
27013, 1, 1 
17331, 1, 1 
46360, 1, 1 
14271, 1, 1 
10897, 1, 1 
18656, 1, 1 
29240, 2, 2 
1800, 2, 2 
44393, 2, 2 
32836, 2, 2 
5659, 2, 2 
12603, 2, 2 
40936, 2, 2 
5436, 2, 2 
49349, 2, 2 
14458, 2, 2 
47380, 3, 3 
13879, 3, 3 
49294, 3, 3 
9268, 3, 3 
56448, 3, 3 
15936, 3, 3 
58410, 3, 3 
53514, 3, 3 
15101, 3, 3 
59777, 3, 3 
18512, 4, 4 
48730, 4, 4 
58151, 4, 4 
27826, 4, 4 
30198, 4, 4 
14939, 4, 4 
50673, 4, 4 
4833, 4, 4 
18184, 4, 4 
55101, 4, 4 
32052, 5, 5 
1638, 5, 5 
47825, 5, 5 
49393, 5, 5 
52857, 5, 5 
35977, 5, 5 
54928, 5, 5 
33674, 5, 5 
16295, 5, 5 
54203, 5, 5 
41111, 6, 6 
54425, 6, 6 
40991, 6, 6 
25098, 6, 6 
31475, 6, 6 
57641, 6, 6 
22145, 6, 6 
14399, 6, 6 
9421, 6, 6 
38114, 6, 6 
26446, 7, 7 
43956, 7, 7 
9901, 7, 7 
15570, 7, 7 
28550, 7, 7 
52926, 7, 7 
1125, 7, 7 
32580, 7, 7 
31160, 7, 7 
31125, 7, 7 
35559, 8, 8 
19455, 8, 8 
12073, 8, 8 
25674, 8, 8 
24134, 8, 8 
58028, 8, 8 
5460, 8, 8 
55706, 8, 8 
14993, 8, 8 
38866, 8, 8 
59295, 9, 9 
3533, 9, 9 
20879, 9, 9 
19437, 9, 9 
20345, 9, 9 
34838, 9, 9 
2997, 9, 9 
59075, 9, 9 
39781, 9, 9 
35341, 9, 9 
