id, true label, predicted label 
7409, 0, 0 
48227, 0, 0 
22816, 0, 0 
7981, 0, 0 
13685, 0, 0 
39503, 0, 0 
52955, 0, 0 
40965, 0, 0 
3603, 0, 0 
22487, 0, 0 
5833, 1, 1 
11579, 1, 1 
17554, 1, 1 
34215, 1, 1 
40692, 1, 1 
17129, 1, 1 
50797, 1, 1 
29628, 1, 1 
5601, 1, 1 
9487, 1, 1 
50334, 2, 2 
9472, 2, 2 
33547, 2, 2 
9894, 2, 2 
44140, 2, 2 
16925, 2, 2 
44828, 2, 2 
59479, 2, 2 
17071, 2, 2 
36593, 2, 2 
15587, 3, 3 
43235, 3, 3 
57584, 3, 3 
35058, 3, 3 
47746, 3, 3 
49566, 3, 3 
24278, 3, 3 
43209, 3, 3 
14803, 3, 3 
27140, 3, 3 
30613, 4, 4 
39298, 4, 4 
22372, 4, 4 
55187, 4, 4 
39636, 4, 4 
21339, 4, 4 
44587, 4, 4 
14496, 4, 4 
12418, 4, 4 
43700, 4, 4 
4057, 5, 5 
44964, 5, 5 
25407, 5, 5 
23567, 5, 5 
54246, 5, 5 
4969, 5, 5 
37249, 5, 5 
56277, 5, 5 
48049, 5, 5 
16353, 5, 5 
10503, 6, 6 
16894, 6, 6 
13375, 6, 6 
45846, 6, 6 
21599, 6, 6 
28798, 6, 6 
28222, 6, 6 
11976, 6, 6 
46131, 6, 6 
7224, 6, 6 
36688, 7, 7 
44516, 7, 7 
21666, 7, 7 
948, 7, 7 
7099, 7, 7 
43528, 7, 7 
29783, 7, 7 
37693, 7, 7 
50894, 7, 7 
7608, 7, 7 
3866, 8, 8 
2927, 8, 8 
53065, 8, 8 
38014, 8, 8 
46504, 8, 8 
34779, 8, 8 
39167, 8, 8 
56879, 8, 8 
16669, 8, 8 
43843, 8, 8 
48272, 9, 9 
56431, 9, 9 
40772, 9, 9 
53597, 9, 9 
29731, 9, 9 
43982, 9, 9 
27863, 9, 9 
3834, 9, 9 
37976, 9, 9 
18500, 9, 9 
