id, true label, predicted label 
36589, 0, 0 
7649, 0, 0 
36084, 0, 0 
36260, 0, 0 
25395, 0, 0 
15060, 0, 0 
37189, 0, 0 
42074, 0, 0 
27035, 0, 0 
7271, 0, 0 
43887, 1, 1 
102, 1, 1 
22859, 1, 1 
23908, 1, 1 
3850, 1, 1 
20232, 1, 1 
9903, 1, 1 
45767, 1, 1 
9487, 1, 1 
51468, 1, 1 
54484, 2, 2 
33090, 2, 2 
28366, 2, 2 
39892, 2, 2 
5318, 2, 2 
4805, 2, 2 
43254, 2, 2 
28067, 2, 2 
45041, 2, 2 
31429, 2, 2 
50892, 3, 3 
32940, 3, 3 
12024, 3, 3 
23866, 3, 3 
50140, 3, 3 
46145, 3, 3 
17731, 3, 3 
40818, 3, 3 
42930, 3, 3 
5922, 3, 3 
37916, 4, 4 
32578, 4, 4 
6724, 4, 4 
42995, 4, 4 
50609, 4, 4 
55577, 4, 4 
15613, 4, 4 
51221, 4, 4 
52893, 4, 4 
58209, 4, 4 
52970, 5, 5 
32570, 5, 5 
21124, 5, 5 
47528, 5, 5 
9207, 5, 5 
45897, 5, 5 
48249, 5, 5 
1468, 5, 5 
22979, 5, 5 
20878, 5, 5 
1782, 6, 6 
18403, 6, 6 
18908, 6, 6 
50058, 6, 6 
55824, 6, 6 
36232, 6, 6 
52434, 6, 6 
59445, 6, 6 
34993, 6, 6 
36996, 6, 6 
16143, 7, 7 
32197, 7, 7 
4338, 7, 7 
52113, 7, 7 
49444, 7, 7 
46945, 7, 7 
59379, 7, 7 
640, 7, 7 
1655, 7, 7 
31684, 7, 7 
16773, 8, 8 
20191, 8, 8 
35253, 8, 8 
23560, 8, 8 
30843, 8, 8 
52090, 8, 8 
39382, 8, 8 
15817, 8, 8 
52592, 8, 8 
20648, 8, 8 
46870, 9, 9 
37097, 9, 9 
21423, 9, 9 
58854, 9, 9 
6145, 9, 9 
20138, 9, 9 
48077, 9, 9 
34818, 9, 9 
25277, 9, 9 
1352, 9, 9 
