id, true label, predicted label 
13231, 0, 0 
27990, 0, 0 
45386, 0, 0 
34519, 0, 0 
39685, 0, 0 
29148, 0, 0 
41318, 0, 0 
48274, 0, 0 
56609, 0, 0 
12741, 0, 0 
8110, 0, 0 
11451, 0, 0 
10083, 0, 0 
27894, 0, 0 
2996, 0, 0 
20840, 0, 0 
33244, 0, 0 
59353, 0, 0 
19308, 0, 0 
26645, 0, 0 
44838, 0, 0 
44723, 0, 0 
32781, 0, 0 
2539, 0, 0 
38662, 0, 0 
39474, 0, 0 
57451, 0, 0 
1723, 0, 0 
440, 0, 0 
51831, 0, 0 
34073, 0, 0 
5646, 0, 0 
56158, 0, 0 
42277, 0, 0 
32313, 0, 0 
58575, 0, 0 
27070, 0, 0 
32605, 0, 0 
18412, 0, 0 
50157, 0, 0 
25701, 0, 0 
29394, 0, 0 
31769, 0, 0 
46683, 0, 0 
35282, 0, 0 
9005, 0, 0 
21954, 0, 0 
48025, 0, 0 
33482, 0, 0 
20533, 0, 0 
29562, 0, 0 
11335, 0, 0 
54711, 0, 0 
41999, 0, 0 
296, 0, 0 
41807, 0, 0 
36780, 0, 0 
26999, 0, 0 
41856, 0, 0 
4870, 0, 0 
23914, 0, 0 
47923, 0, 0 
25690, 0, 0 
9047, 0, 0 
23093, 0, 0 
58362, 0, 0 
733, 0, 0 
38766, 0, 0 
33350, 0, 0 
57092, 0, 0 
12869, 0, 0 
12239, 0, 0 
1725, 0, 0 
34355, 0, 0 
55045, 0, 0 
18936, 0, 0 
20510, 0, 0 
12992, 0, 0 
16412, 0, 0 
3622, 0, 0 
42608, 0, 0 
11584, 0, 0 
3943, 0, 0 
12115, 0, 0 
17620, 0, 0 
8533, 0, 0 
43965, 0, 0 
49622, 0, 0 
38693, 0, 0 
53657, 0, 0 
37738, 0, 0 
42063, 0, 0 
2435, 0, 0 
20843, 0, 0 
54922, 0, 0 
19104, 0, 0 
45840, 0, 0 
37901, 0, 0 
32693, 0, 0 
15344, 0, 0 
22510, 0, 0 
23389, 0, 0 
58782, 0, 0 
14729, 0, 0 
44278, 0, 0 
51365, 0, 0 
24872, 0, 0 
25729, 0, 0 
44372, 0, 0 
59595, 0, 0 
45504, 0, 0 
20128, 0, 0 
44121, 0, 0 
20625, 0, 0 
8294, 0, 0 
12504, 0, 0 
45475, 0, 0 
33389, 0, 0 
52804, 0, 0 
43939, 0, 0 
23464, 0, 0 
52673, 0, 0 
45417, 0, 0 
25366, 0, 0 
21372, 0, 0 
29488, 0, 0 
50518, 0, 0 
48295, 0, 0 
54229, 0, 0 
8387, 0, 0 
47786, 0, 0 
37759, 0, 0 
59615, 0, 0 
13719, 0, 0 
21553, 0, 0 
38488, 0, 0 
22436, 0, 0 
23136, 0, 0 
4485, 0, 0 
10844, 0, 0 
1904, 0, 0 
59472, 0, 0 
17314, 0, 0 
10625, 0, 0 
30240, 0, 0 
17611, 0, 0 
59784, 0, 0 
48168, 0, 0 
45467, 0, 0 
27631, 0, 0 
34246, 0, 0 
46905, 0, 0 
55105, 0, 0 
30484, 0, 0 
48218, 0, 0 
28945, 0, 0 
49497, 0, 0 
13916, 0, 0 
35821, 0, 0 
24444, 0, 0 
26712, 0, 0 
38590, 0, 0 
28910, 0, 0 
13347, 0, 0 
47096, 0, 0 
53212, 0, 0 
49244, 0, 0 
16987, 0, 0 
18725, 0, 0 
21975, 0, 0 
7050, 0, 0 
19504, 0, 0 
43422, 0, 0 
57642, 0, 0 
35505, 0, 0 
5266, 0, 0 
48434, 0, 0 
15928, 0, 0 
40418, 0, 0 
44266, 0, 0 
30123, 0, 0 
19857, 0, 0 
48911, 0, 0 
57757, 0, 0 
48167, 0, 0 
22373, 0, 0 
48529, 0, 0 
40958, 0, 0 
21355, 0, 0 
29378, 0, 0 
42369, 0, 0 
49419, 0, 0 
35185, 0, 0 
17534, 0, 0 
53380, 0, 0 
13240, 0, 0 
30222, 0, 0 
51052, 0, 0 
7649, 0, 0 
9027, 0, 0 
54689, 0, 0 
18889, 0, 0 
58829, 0, 0 
33963, 0, 0 
30163, 0, 0 
57827, 0, 0 
13126, 0, 0 
30331, 0, 0 
40280, 0, 0 
40844, 0, 0 
40922, 0, 0 
4607, 0, 0 
5246, 0, 0 
13822, 0, 0 
58521, 0, 0 
14491, 0, 0 
53355, 0, 0 
20114, 0, 0 
29177, 0, 0 
17187, 0, 0 
19303, 0, 0 
35488, 0, 0 
36168, 0, 0 
47917, 0, 0 
8349, 0, 0 
40162, 0, 0 
31288, 0, 0 
31361, 0, 0 
2826, 0, 0 
58982, 0, 0 
32336, 0, 0 
35612, 0, 0 
23120, 0, 0 
8979, 0, 0 
43347, 0, 0 
33641, 0, 0 
4027, 0, 0 
55056, 0, 0 
36304, 0, 0 
52470, 0, 0 
6065, 0, 0 
3541, 0, 0 
5469, 0, 0 
44076, 0, 0 
27394, 0, 0 
37739, 0, 0 
58861, 0, 0 
59730, 0, 0 
46963, 0, 0 
34369, 0, 0 
8531, 0, 0 
59940, 0, 0 
39360, 0, 0 
57186, 0, 0 
17770, 0, 0 
7830, 0, 0 
55354, 0, 0 
46017, 0, 0 
16083, 0, 0 
52832, 0, 0 
56424, 0, 0 
3175, 0, 0 
51186, 0, 0 
9806, 0, 0 
11969, 0, 0 
12554, 0, 0 
51041, 0, 0 
50523, 0, 0 
47820, 0, 0 
28993, 0, 0 
31392, 0, 0 
18208, 0, 0 
40043, 0, 0 
45966, 0, 0 
48200, 0, 0 
8134, 0, 0 
31567, 0, 0 
11060, 0, 0 
13685, 0, 0 
37323, 0, 0 
7557, 0, 0 
10861, 0, 0 
42081, 0, 0 
22046, 0, 0 
6179, 0, 0 
11361, 0, 0 
18337, 0, 0 
25818, 0, 0 
27290, 0, 0 
40850, 0, 0 
59372, 0, 0 
48574, 0, 0 
12313, 0, 0 
35934, 0, 0 
3720, 0, 0 
39968, 0, 0 
34639, 0, 0 
38042, 0, 0 
19924, 0, 0 
49085, 0, 0 
23044, 0, 0 
952, 0, 0 
45577, 0, 0 
16501, 0, 0 
825, 0, 0 
10265, 0, 0 
30555, 0, 0 
42801, 0, 0 
25567, 0, 0 
11187, 0, 0 
31109, 0, 0 
24529, 0, 0 
32461, 0, 0 
16244, 0, 0 
29579, 0, 0 
9750, 0, 0 
19156, 0, 0 
18581, 0, 0 
57769, 0, 0 
3777, 0, 0 
55253, 0, 0 
34097, 0, 0 
51978, 0, 0 
25803, 0, 0 
26980, 0, 0 
37224, 0, 0 
33237, 0, 0 
31518, 0, 0 
2709, 0, 0 
32130, 0, 0 
5133, 0, 0 
22288, 0, 0 
46703, 0, 0 
59143, 0, 0 
43811, 0, 0 
26073, 0, 0 
40180, 0, 0 
9196, 0, 0 
22048, 0, 0 
47791, 0, 0 
38332, 0, 0 
9463, 0, 0 
30212, 0, 0 
54817, 0, 0 
32789, 0, 0 
5830, 0, 0 
57067, 0, 0 
39527, 0, 0 
2333, 0, 0 
45402, 0, 0 
22209, 0, 0 
38099, 0, 0 
38605, 0, 0 
10974, 0, 0 
36712, 0, 0 
12168, 0, 0 
32621, 0, 0 
1310, 0, 0 
22352, 0, 0 
35311, 0, 0 
33933, 0, 0 
19796, 0, 0 
50101, 0, 0 
45975, 0, 0 
10259, 0, 0 
21910, 0, 0 
43169, 0, 0 
13734, 0, 0 
18424, 0, 0 
37686, 0, 0 
55023, 0, 0 
38106, 0, 0 
36223, 0, 0 
18425, 0, 0 
56969, 0, 0 
48142, 0, 0 
35261, 0, 0 
54804, 0, 0 
25137, 0, 0 
44660, 0, 0 
34213, 0, 0 
14412, 0, 0 
45426, 0, 0 
435, 0, 0 
3743, 0, 0 
44703, 0, 0 
55487, 0, 0 
59256, 0, 0 
43624, 0, 0 
8147, 0, 0 
1590, 0, 0 
8172, 0, 0 
58247, 0, 0 
27951, 0, 0 
14775, 0, 0 
58074, 0, 0 
4926, 0, 0 
32708, 0, 0 
16439, 0, 0 
45721, 0, 0 
7874, 0, 0 
52928, 0, 0 
46410, 0, 0 
11222, 0, 0 
38138, 0, 0 
39811, 0, 0 
20688, 0, 0 
52245, 0, 0 
43884, 0, 0 
20369, 0, 0 
38297, 0, 0 
47581, 0, 0 
26853, 0, 0 
21640, 0, 0 
36198, 0, 0 
2436, 0, 0 
26508, 0, 0 
42981, 0, 0 
2191, 0, 0 
42487, 0, 0 
50876, 0, 0 
11295, 0, 0 
22440, 0, 0 
54010, 0, 0 
31628, 0, 0 
28160, 0, 0 
3529, 0, 0 
31095, 0, 0 
38128, 0, 0 
38123, 0, 0 
18212, 0, 0 
14919, 0, 0 
9003, 0, 0 
27153, 0, 0 
7882, 0, 0 
23793, 0, 0 
12785, 0, 0 
52720, 0, 0 
43367, 0, 0 
21721, 0, 0 
35348, 0, 0 
42250, 0, 0 
54597, 0, 0 
13921, 0, 0 
32800, 0, 0 
5053, 0, 0 
59197, 0, 0 
27829, 0, 0 
19060, 0, 0 
55030, 0, 0 
36975, 0, 0 
13874, 0, 0 
19225, 0, 0 
23980, 0, 0 
10348, 0, 0 
7948, 0, 0 
5502, 0, 0 
22882, 0, 0 
18113, 0, 0 
50236, 0, 0 
18586, 0, 0 
51290, 0, 0 
6883, 0, 0 
42185, 0, 0 
46810, 0, 0 
51127, 0, 0 
3369, 0, 0 
30370, 0, 0 
7930, 0, 0 
46896, 0, 0 
49224, 0, 0 
25456, 0, 0 
16585, 0, 0 
2617, 0, 0 
45960, 0, 0 
54873, 0, 0 
4356, 0, 0 
55556, 0, 0 
45061, 0, 0 
52179, 0, 0 
41857, 0, 0 
7052, 0, 0 
55402, 0, 0 
51352, 0, 0 
53403, 0, 0 
23095, 0, 0 
7281, 0, 0 
15160, 0, 0 
13779, 0, 0 
47855, 0, 0 
58553, 0, 0 
13203, 0, 0 
12839, 0, 0 
11022, 0, 0 
30955, 0, 0 
31445, 0, 0 
20481, 0, 0 
9822, 0, 0 
19969, 0, 0 
21469, 0, 0 
17586, 1, 1 
57929, 1, 1 
2495, 1, 1 
36457, 1, 1 
26939, 1, 1 
7075, 1, 1 
59796, 1, 1 
17465, 1, 1 
29284, 1, 1 
39546, 1, 1 
59619, 1, 1 
41585, 1, 1 
38164, 1, 1 
28482, 1, 1 
16508, 1, 1 
355, 1, 1 
35856, 1, 1 
15786, 1, 1 
3592, 1, 1 
41542, 1, 1 
56912, 1, 1 
32246, 1, 1 
6311, 1, 1 
3561, 1, 1 
21990, 1, 1 
14606, 1, 1 
44277, 1, 1 
56779, 1, 1 
58260, 1, 1 
53427, 1, 1 
406, 1, 1 
46984, 1, 1 
9133, 1, 1 
51936, 1, 1 
7720, 1, 1 
1528, 1, 1 
23872, 1, 1 
22164, 1, 1 
22899, 1, 1 
9288, 1, 1 
205, 1, 1 
30628, 1, 1 
18321, 1, 1 
31144, 1, 1 
45996, 1, 1 
25244, 1, 1 
35257, 1, 1 
3412, 1, 1 
55397, 1, 1 
8177, 1, 1 
4524, 1, 1 
16458, 1, 1 
14169, 1, 1 
28439, 1, 1 
2858, 1, 1 
41805, 1, 1 
1838, 1, 1 
51112, 1, 1 
32756, 1, 1 
4561, 1, 1 
15389, 1, 1 
6458, 1, 1 
46893, 1, 1 
33706, 1, 1 
59297, 1, 1 
48041, 1, 1 
50273, 1, 1 
57607, 1, 1 
25052, 1, 1 
25354, 1, 1 
6822, 1, 1 
18179, 1, 1 
11278, 1, 1 
10537, 1, 1 
25885, 1, 1 
53887, 1, 1 
21715, 1, 1 
10686, 1, 1 
33503, 1, 1 
4750, 1, 1 
38264, 1, 1 
24966, 1, 1 
42657, 1, 1 
15264, 1, 1 
42179, 1, 1 
36033, 1, 1 
23219, 1, 1 
52431, 1, 1 
28557, 1, 1 
26421, 1, 1 
49317, 1, 1 
5691, 1, 1 
15175, 1, 1 
6262, 1, 1 
42630, 1, 1 
31751, 1, 1 
53178, 1, 1 
42171, 1, 1 
26243, 1, 1 
18741, 1, 1 
52505, 1, 1 
56221, 1, 1 
40802, 1, 1 
6110, 1, 1 
47751, 1, 1 
2410, 1, 2 
47310, 1, 1 
29773, 1, 1 
49473, 1, 1 
22343, 1, 1 
48395, 1, 1 
15020, 1, 1 
10409, 1, 1 
44582, 1, 1 
43500, 1, 1 
21699, 1, 1 
23003, 1, 1 
12221, 1, 1 
4953, 1, 1 
45816, 1, 1 
11093, 1, 1 
8760, 1, 1 
55888, 1, 1 
50190, 1, 1 
42731, 1, 1 
38700, 1, 1 
44966, 1, 1 
36098, 1, 1 
38303, 1, 1 
2151, 1, 1 
32447, 1, 1 
18942, 1, 1 
30389, 1, 1 
30117, 1, 1 
57865, 1, 1 
11867, 1, 1 
31296, 1, 1 
31001, 1, 1 
26009, 1, 1 
54931, 1, 1 
39554, 1, 1 
32338, 1, 1 
6254, 1, 9 
22410, 1, 1 
6003, 1, 1 
47770, 1, 1 
42412, 1, 1 
17367, 1, 1 
46496, 1, 1 
21248, 1, 1 
52278, 1, 1 
16287, 1, 1 
10318, 1, 1 
44389, 1, 1 
10136, 1, 1 
12371, 1, 1 
20274, 1, 1 
15423, 1, 1 
45131, 1, 1 
40377, 1, 1 
38538, 1, 1 
35496, 1, 1 
20146, 1, 1 
3604, 1, 1 
59044, 1, 1 
48664, 1, 1 
51563, 1, 1 
48454, 1, 1 
20913, 1, 1 
20322, 1, 1 
5477, 1, 1 
36117, 1, 1 
46481, 1, 1 
13631, 1, 1 
51606, 1, 1 
36626, 1, 1 
48797, 1, 1 
41139, 1, 1 
32773, 1, 1 
25774, 1, 1 
4237, 1, 1 
30274, 1, 1 
13399, 1, 1 
42740, 1, 1 
35108, 1, 1 
45858, 1, 1 
57322, 1, 1 
7175, 1, 1 
51206, 1, 1 
42690, 1, 1 
49368, 1, 1 
1148, 1, 1 
38976, 1, 1 
7027, 1, 1 
12693, 1, 1 
56971, 1, 1 
32353, 1, 1 
49008, 1, 1 
47169, 1, 1 
13102, 1, 1 
7951, 1, 1 
16292, 1, 1 
56772, 1, 1 
23295, 1, 1 
35792, 1, 1 
32741, 1, 1 
56326, 1, 1 
21979, 1, 1 
21477, 1, 1 
39707, 1, 1 
12722, 1, 1 
12049, 1, 1 
3478, 1, 1 
48645, 1, 1 
42834, 1, 1 
56656, 1, 1 
13697, 1, 1 
32406, 1, 1 
36442, 1, 1 
2667, 1, 1 
51048, 1, 1 
18188, 1, 1 
28906, 1, 1 
8456, 1, 1 
31537, 1, 1 
28361, 1, 1 
11543, 1, 1 
56226, 1, 1 
13556, 1, 1 
28334, 1, 1 
40178, 1, 1 
6985, 1, 1 
35395, 1, 1 
16835, 1, 1 
15885, 1, 1 
36669, 1, 1 
1915, 1, 1 
51742, 1, 1 
3411, 1, 1 
20027, 1, 1 
22560, 1, 1 
30189, 1, 1 
57170, 1, 1 
16614, 1, 1 
43349, 1, 1 
24306, 1, 1 
5527, 1, 1 
3551, 1, 1 
46256, 1, 1 
447, 1, 1 
48831, 1, 1 
43971, 1, 1 
5169, 1, 1 
31093, 1, 1 
2039, 1, 1 
14906, 1, 1 
53326, 1, 1 
22512, 1, 1 
54005, 1, 1 
5429, 1, 1 
52616, 1, 1 
43980, 1, 1 
30486, 1, 1 
20604, 1, 1 
5789, 1, 1 
49559, 1, 1 
45495, 1, 1 
52205, 1, 1 
33558, 1, 1 
24122, 1, 1 
32765, 1, 1 
56349, 1, 1 
50237, 1, 1 
24738, 1, 1 
29522, 1, 1 
46142, 1, 1 
34938, 1, 1 
14021, 1, 1 
1002, 1, 1 
36682, 1, 1 
47268, 1, 1 
15451, 1, 1 
58091, 1, 1 
2318, 1, 1 
25858, 1, 1 
32365, 1, 1 
29428, 1, 1 
31478, 1, 1 
51169, 1, 1 
17191, 1, 1 
37378, 1, 1 
27489, 1, 1 
16991, 1, 1 
50850, 1, 1 
14967, 1, 1 
32863, 1, 1 
57517, 1, 1 
11200, 1, 1 
7324, 1, 1 
25781, 1, 1 
36517, 1, 1 
54824, 1, 1 
36288, 1, 1 
3004, 1, 1 
17711, 1, 1 
55635, 1, 1 
5395, 1, 1 
30958, 1, 1 
40604, 1, 1 
3567, 1, 1 
25687, 1, 1 
47758, 1, 1 
9507, 1, 1 
42039, 1, 1 
10659, 1, 1 
31597, 1, 1 
58447, 1, 1 
32887, 1, 1 
50356, 1, 1 
46792, 1, 1 
22937, 1, 1 
33091, 1, 1 
49504, 1, 1 
58335, 1, 1 
19991, 1, 1 
40714, 1, 1 
34017, 1, 1 
41944, 1, 1 
48261, 1, 1 
40056, 1, 1 
45499, 1, 1 
12230, 1, 1 
28187, 1, 1 
45730, 1, 1 
38436, 1, 1 
54675, 1, 1 
12365, 1, 1 
10205, 1, 8 
59984, 1, 1 
32187, 1, 1 
56261, 1, 1 
1085, 1, 1 
33613, 1, 1 
28420, 1, 1 
41487, 1, 1 
49186, 1, 1 
52530, 1, 1 
19510, 1, 1 
39717, 1, 1 
56057, 1, 1 
50498, 1, 1 
18863, 1, 1 
24729, 1, 1 
9199, 1, 1 
9804, 1, 1 
9173, 1, 1 
15353, 1, 1 
16014, 1, 1 
6104, 1, 1 
47785, 1, 1 
30100, 1, 1 
8388, 1, 1 
52177, 1, 1 
4064, 1, 1 
5189, 1, 1 
41961, 1, 1 
20279, 1, 1 
43764, 1, 1 
40201, 1, 1 
5859, 1, 1 
553, 1, 1 
33440, 1, 1 
16181, 1, 1 
42485, 1, 1 
18540, 1, 1 
17802, 1, 1 
9643, 1, 1 
20817, 1, 1 
20803, 1, 1 
51836, 1, 1 
31174, 1, 1 
29740, 1, 1 
45433, 1, 1 
30509, 1, 1 
48027, 1, 1 
22879, 1, 1 
6303, 1, 1 
23493, 1, 1 
25230, 1, 1 
30368, 1, 1 
36271, 1, 1 
4810, 1, 1 
48229, 1, 1 
10293, 1, 1 
11214, 1, 1 
28056, 1, 1 
26581, 1, 1 
40879, 1, 1 
23885, 1, 1 
26406, 1, 1 
44693, 1, 1 
5876, 1, 1 
9981, 1, 1 
3822, 1, 1 
7857, 1, 1 
59787, 1, 1 
55306, 1, 1 
41839, 1, 1 
10712, 1, 1 
14359, 1, 1 
35089, 1, 1 
28545, 1, 1 
57381, 1, 1 
21002, 1, 1 
14234, 1, 1 
36956, 1, 1 
4775, 1, 1 
43910, 1, 1 
29033, 1, 1 
6568, 1, 1 
59028, 1, 1 
24848, 1, 1 
10933, 1, 1 
44317, 1, 1 
52819, 1, 1 
49210, 1, 1 
58451, 1, 1 
12388, 1, 1 
20438, 1, 1 
20887, 1, 1 
38522, 1, 1 
34383, 1, 1 
15633, 1, 1 
5516, 1, 1 
2012, 1, 1 
33368, 1, 1 
25057, 1, 1 
23614, 1, 1 
13558, 1, 1 
20506, 1, 1 
12236, 1, 1 
13090, 1, 1 
49588, 1, 1 
43389, 1, 1 
24895, 1, 1 
9085, 1, 1 
8402, 1, 1 
19555, 1, 1 
57412, 1, 1 
13168, 1, 1 
13372, 1, 1 
25003, 1, 1 
34215, 1, 1 
33902, 1, 1 
28130, 1, 1 
40294, 1, 1 
43316, 1, 1 
23523, 1, 1 
46046, 1, 1 
11895, 1, 1 
50062, 1, 1 
12436, 1, 1 
30963, 1, 1 
9332, 1, 1 
15557, 1, 1 
11765, 1, 1 
6083, 1, 1 
53140, 1, 1 
21401, 1, 1 
56903, 1, 1 
53194, 1, 1 
20163, 1, 1 
2083, 1, 1 
33935, 1, 1 
40864, 1, 1 
2920, 1, 1 
29375, 1, 1 
42182, 1, 1 
23530, 1, 1 
21618, 1, 1 
24139, 1, 1 
23245, 1, 1 
53162, 1, 1 
7632, 1, 1 
49600, 1, 1 
49292, 1, 1 
40982, 1, 1 
39797, 1, 1 
38683, 1, 1 
40924, 1, 1 
3345, 1, 1 
51005, 1, 1 
34945, 1, 1 
5983, 1, 1 
32085, 1, 1 
1192, 1, 1 
53780, 1, 1 
11405, 1, 1 
27142, 1, 1 
38272, 1, 1 
32627, 2, 2 
6764, 2, 2 
52956, 2, 2 
27073, 2, 2 
41141, 2, 2 
23917, 2, 2 
14357, 2, 2 
30054, 2, 2 
42883, 2, 2 
48502, 2, 2 
30802, 2, 2 
19028, 2, 2 
57225, 2, 2 
18748, 2, 2 
28155, 2, 2 
1609, 2, 2 
2670, 2, 2 
19432, 2, 2 
5618, 2, 2 
29851, 2, 2 
16196, 2, 2 
47842, 2, 2 
41662, 2, 2 
49425, 2, 2 
6505, 2, 2 
59597, 2, 2 
53434, 2, 2 
38094, 2, 2 
24014, 2, 2 
26690, 2, 2 
46510, 2, 2 
44302, 2, 2 
56540, 2, 2 
47143, 2, 2 
7072, 2, 2 
30014, 2, 2 
46036, 2, 2 
36321, 2, 2 
44209, 2, 2 
40376, 2, 2 
26821, 2, 2 
50840, 2, 2 
41672, 2, 2 
20992, 2, 2 
38815, 2, 2 
1920, 2, 2 
52456, 2, 2 
18489, 2, 2 
2812, 2, 2 
7706, 2, 2 
6540, 2, 2 
33297, 2, 2 
56664, 2, 2 
19854, 2, 2 
59009, 2, 2 
12281, 2, 2 
35453, 2, 2 
24633, 2, 2 
36853, 2, 2 
16772, 2, 2 
31492, 2, 2 
1563, 2, 2 
10497, 2, 2 
47804, 2, 2 
48975, 2, 2 
32763, 2, 2 
11230, 2, 2 
41292, 2, 2 
20309, 2, 2 
220, 2, 2 
59298, 2, 2 
3980, 2, 2 
5247, 2, 2 
41182, 2, 2 
32640, 2, 2 
38430, 2, 2 
23701, 2, 2 
39429, 2, 2 
57956, 2, 2 
36001, 2, 2 
52938, 2, 2 
51589, 2, 2 
1175, 2, 2 
15802, 2, 2 
9271, 2, 2 
40556, 2, 2 
9853, 2, 2 
18651, 2, 2 
14302, 2, 2 
9479, 2, 2 
40365, 2, 2 
2251, 2, 2 
45943, 2, 2 
24790, 2, 2 
18361, 2, 2 
555, 2, 2 
6605, 2, 2 
2517, 2, 2 
44098, 2, 2 
27052, 2, 2 
44274, 2, 2 
55183, 2, 2 
1874, 2, 2 
11811, 2, 2 
44166, 2, 2 
48877, 2, 2 
28234, 2, 2 
59579, 2, 2 
10321, 2, 2 
19271, 2, 2 
35510, 2, 2 
56493, 2, 2 
59621, 2, 2 
10949, 2, 2 
3341, 2, 2 
2288, 2, 2 
51702, 2, 2 
10723, 2, 2 
43360, 2, 2 
42443, 2, 2 
8878, 2, 2 
51379, 2, 2 
19115, 2, 2 
17173, 2, 2 
32024, 2, 2 
4914, 2, 2 
49231, 2, 2 
43040, 2, 2 
16948, 2, 2 
35405, 2, 2 
49009, 2, 2 
33261, 2, 2 
3133, 2, 2 
40445, 2, 2 
34218, 2, 2 
16283, 2, 2 
51340, 2, 2 
5624, 2, 2 
12859, 2, 2 
21665, 2, 2 
29247, 2, 2 
6172, 2, 2 
5733, 2, 2 
54714, 2, 2 
43566, 2, 2 
49106, 2, 2 
46050, 2, 2 
59734, 2, 2 
58705, 2, 2 
29876, 2, 2 
4697, 2, 2 
4031, 2, 2 
48238, 2, 2 
4576, 2, 2 
6780, 2, 2 
10367, 2, 2 
45725, 2, 2 
36120, 2, 2 
27719, 2, 2 
19321, 2, 2 
45136, 2, 2 
52894, 2, 2 
18117, 2, 2 
11667, 2, 2 
48934, 2, 2 
57574, 2, 2 
36463, 2, 2 
23525, 2, 2 
32779, 2, 2 
14711, 2, 2 
3880, 2, 2 
20930, 2, 2 
21366, 2, 2 
9509, 2, 2 
22661, 2, 2 
54709, 2, 2 
38221, 2, 2 
55033, 2, 2 
26794, 2, 2 
22994, 2, 2 
42092, 2, 2 
12608, 2, 2 
7395, 2, 2 
12129, 2, 2 
25139, 2, 2 
44393, 2, 2 
44229, 2, 2 
45412, 2, 2 
23491, 2, 2 
59007, 2, 2 
7473, 2, 2 
35124, 2, 2 
25412, 2, 2 
50966, 2, 2 
57503, 2, 2 
36965, 2, 2 
2389, 2, 2 
40566, 2, 2 
22500, 2, 2 
619, 2, 2 
32337, 2, 2 
40900, 2, 2 
8202, 2, 4 
24381, 2, 2 
20715, 2, 2 
42188, 2, 2 
17188, 2, 2 
24098, 2, 2 
45319, 2, 2 
29176, 2, 2 
2959, 2, 2 
45631, 2, 2 
25217, 2, 2 
4856, 2, 2 
57583, 2, 2 
36875, 2, 2 
35685, 2, 2 
39296, 2, 2 
57632, 2, 2 
4542, 2, 2 
4380, 2, 2 
7375, 2, 2 
40949, 2, 2 
5357, 2, 2 
13705, 2, 2 
14523, 2, 2 
5314, 2, 2 
22019, 2, 2 
22624, 2, 2 
17684, 2, 2 
25717, 2, 2 
18633, 2, 2 
33662, 2, 2 
39919, 2, 2 
26461, 2, 2 
49643, 2, 2 
22335, 2, 2 
11856, 2, 2 
22169, 2, 2 
16794, 2, 2 
7259, 2, 2 
21670, 2, 2 
57506, 2, 2 
55899, 2, 2 
42135, 2, 2 
30865, 2, 2 
48460, 2, 2 
49580, 2, 2 
4997, 2, 2 
41916, 2, 2 
58720, 2, 2 
32264, 2, 2 
3741, 2, 2 
12302, 2, 2 
8474, 2, 2 
48837, 2, 2 
6685, 2, 2 
47306, 2, 2 
15263, 2, 2 
9105, 2, 2 
44841, 2, 2 
3305, 2, 2 
551, 2, 2 
23058, 2, 2 
54857, 2, 2 
8611, 2, 2 
30724, 2, 2 
45620, 2, 2 
6105, 2, 2 
39759, 2, 2 
27739, 2, 2 
35887, 2, 2 
29611, 2, 2 
42037, 2, 2 
40985, 2, 2 
41340, 2, 2 
26740, 2, 2 
59897, 2, 2 
32744, 2, 2 
58314, 2, 2 
42708, 2, 2 
42598, 2, 2 
43789, 2, 2 
13612, 2, 2 
35437, 2, 2 
24129, 2, 2 
21255, 2, 2 
31813, 2, 2 
7360, 2, 2 
6038, 2, 2 
14515, 2, 2 
16046, 2, 2 
43635, 2, 2 
53819, 2, 2 
38330, 2, 2 
10959, 2, 2 
48017, 2, 2 
42754, 2, 2 
34479, 2, 2 
9398, 2, 2 
59157, 2, 2 
30355, 2, 2 
24552, 2, 2 
49781, 2, 2 
58936, 2, 2 
4846, 2, 2 
27883, 2, 2 
476, 2, 2 
17220, 2, 2 
26006, 2, 2 
11030, 2, 2 
57363, 2, 2 
53571, 2, 2 
2979, 2, 2 
18215, 2, 2 
24551, 2, 2 
8632, 2, 2 
20065, 2, 2 
38901, 2, 2 
44794, 2, 2 
28811, 2, 2 
36147, 2, 2 
4805, 2, 2 
9627, 2, 2 
19755, 2, 2 
7673, 2, 2 
43294, 2, 2 
44347, 2, 2 
3142, 2, 2 
10200, 2, 2 
3244, 2, 2 
43806, 2, 2 
4096, 2, 2 
25157, 2, 2 
35489, 2, 2 
6773, 2, 2 
47614, 2, 2 
56513, 2, 2 
33007, 2, 2 
52186, 2, 2 
34620, 2, 2 
49555, 2, 2 
2648, 2, 2 
14809, 2, 2 
57899, 2, 2 
14876, 2, 2 
13606, 2, 2 
56188, 2, 2 
33250, 2, 2 
6425, 2, 2 
3199, 2, 2 
325, 2, 2 
35220, 2, 2 
9737, 2, 2 
50563, 2, 2 
45347, 2, 2 
53343, 2, 2 
8593, 2, 2 
54043, 2, 2 
58317, 2, 2 
38715, 2, 2 
5103, 2, 2 
25691, 2, 2 
13837, 2, 2 
47945, 2, 2 
5724, 2, 2 
18454, 2, 2 
9252, 2, 2 
59333, 2, 2 
54262, 2, 2 
28577, 2, 2 
30880, 2, 2 
8843, 2, 2 
42280, 2, 2 
24618, 2, 2 
3444, 2, 2 
20055, 2, 2 
46217, 2, 2 
457, 2, 2 
39284, 2, 2 
29735, 2, 2 
7983, 2, 2 
49409, 2, 2 
9527, 2, 2 
28228, 2, 2 
55381, 2, 2 
45099, 2, 2 
33591, 2, 2 
51323, 2, 2 
7537, 2, 2 
27672, 2, 2 
54796, 2, 2 
48822, 2, 2 
41105, 2, 2 
59094, 2, 2 
59816, 2, 2 
4183, 2, 2 
44140, 2, 2 
49625, 2, 2 
38171, 2, 2 
30492, 2, 2 
49248, 2, 2 
39338, 2, 2 
34287, 2, 2 
55997, 2, 2 
10526, 2, 2 
15434, 2, 4 
57799, 2, 2 
27215, 2, 2 
32170, 2, 2 
10680, 2, 2 
17836, 2, 2 
12740, 2, 2 
27138, 2, 2 
36833, 2, 2 
26626, 2, 7 
27376, 2, 2 
23089, 2, 8 
54457, 2, 2 
51100, 2, 2 
43312, 2, 2 
25916, 2, 2 
33951, 2, 2 
28388, 2, 2 
18803, 2, 2 
45096, 2, 2 
53089, 2, 2 
17841, 2, 2 
27131, 2, 2 
25156, 2, 2 
58857, 2, 2 
12727, 2, 2 
56498, 2, 2 
13844, 2, 2 
6933, 2, 2 
8078, 2, 2 
47273, 2, 2 
16104, 2, 2 
58619, 2, 2 
22021, 2, 2 
46694, 2, 2 
28631, 2, 2 
44364, 2, 2 
24591, 2, 2 
23625, 2, 2 
31638, 2, 2 
41478, 2, 2 
27548, 2, 2 
20442, 2, 2 
28787, 2, 2 
34521, 2, 2 
28154, 2, 2 
6910, 2, 2 
45405, 2, 2 
9748, 2, 2 
50315, 2, 2 
30055, 2, 2 
58704, 2, 2 
15829, 2, 2 
37630, 2, 2 
43002, 2, 2 
22486, 2, 2 
7242, 2, 2 
41668, 2, 2 
44374, 2, 2 
18084, 2, 2 
55129, 2, 2 
43842, 2, 2 
11006, 2, 2 
42323, 2, 2 
9249, 2, 2 
1510, 2, 2 
40589, 2, 2 
39597, 2, 2 
12815, 2, 2 
39256, 2, 2 
58468, 2, 2 
58775, 2, 2 
36462, 2, 2 
45889, 2, 2 
38061, 2, 2 
34217, 2, 2 
29287, 2, 2 
9819, 2, 2 
57338, 2, 2 
45281, 2, 2 
44304, 2, 2 
55969, 2, 2 
25677, 2, 2 
15588, 2, 2 
24012, 2, 2 
45852, 2, 2 
20299, 2, 2 
47223, 2, 2 
34323, 2, 2 
52099, 2, 2 
39453, 2, 2 
20761, 2, 2 
38359, 2, 2 
14273, 2, 2 
9812, 3, 3 
36623, 3, 3 
52035, 3, 3 
28224, 3, 3 
29765, 3, 3 
22964, 3, 3 
2915, 3, 3 
57750, 3, 3 
39941, 3, 3 
46838, 3, 3 
42161, 3, 3 
330, 3, 3 
28032, 3, 3 
24400, 3, 3 
34076, 3, 3 
34526, 3, 3 
20738, 3, 3 
23294, 3, 3 
57717, 3, 3 
10453, 3, 3 
56164, 3, 3 
21305, 3, 3 
51522, 3, 3 
25191, 3, 3 
19015, 3, 3 
57952, 3, 3 
49926, 3, 3 
52818, 3, 3 
17257, 3, 3 
38670, 3, 3 
40639, 3, 3 
46911, 3, 3 
15587, 3, 3 
47145, 3, 3 
14577, 3, 3 
15889, 3, 3 
24271, 3, 3 
26358, 3, 3 
37517, 3, 3 
17403, 3, 3 
51534, 3, 3 
17139, 3, 3 
52871, 3, 3 
6450, 3, 3 
50214, 3, 3 
53246, 3, 3 
42681, 3, 3 
40962, 3, 3 
36644, 3, 3 
26548, 3, 3 
53475, 3, 3 
7367, 3, 3 
4256, 3, 3 
35557, 3, 3 
22496, 3, 3 
3670, 3, 3 
30692, 3, 3 
37368, 3, 3 
48995, 3, 3 
48445, 3, 3 
3571, 3, 3 
13909, 3, 3 
48868, 3, 3 
59062, 3, 3 
51106, 3, 3 
28916, 3, 3 
21695, 3, 3 
2671, 3, 3 
33589, 3, 3 
20952, 3, 3 
40720, 3, 3 
8597, 3, 3 
59980, 3, 3 
44020, 3, 3 
51428, 3, 3 
6920, 3, 3 
57909, 3, 3 
35870, 3, 3 
25924, 3, 3 
10734, 3, 3 
3397, 3, 3 
59921, 3, 3 
42423, 3, 3 
867, 3, 3 
41136, 3, 3 
36911, 3, 3 
21877, 3, 3 
57194, 3, 3 
55190, 3, 3 
54798, 3, 3 
34427, 3, 3 
39798, 3, 3 
54270, 3, 3 
10953, 3, 3 
31719, 3, 3 
52713, 3, 3 
23022, 3, 3 
21893, 3, 3 
20937, 3, 3 
33722, 3, 3 
44181, 3, 3 
59001, 3, 3 
8230, 3, 3 
52101, 3, 3 
39066, 3, 3 
24610, 3, 3 
16239, 3, 3 
38399, 3, 3 
19231, 3, 3 
30040, 3, 3 
44435, 3, 3 
58183, 3, 3 
1226, 3, 3 
47157, 3, 3 
4400, 3, 3 
32940, 3, 3 
40765, 3, 3 
58410, 3, 3 
19445, 3, 3 
14761, 3, 3 
198, 3, 3 
19967, 3, 3 
45747, 3, 3 
37209, 3, 3 
1588, 3, 3 
37362, 3, 3 
54322, 3, 3 
98, 3, 3 
30090, 3, 3 
5611, 3, 3 
1924, 3, 3 
2931, 3, 3 
9355, 3, 3 
2675, 3, 3 
7980, 3, 3 
19615, 3, 3 
1474, 3, 3 
3684, 3, 3 
11710, 3, 3 
54020, 3, 3 
26403, 3, 3 
46157, 3, 3 
281, 3, 3 
51571, 3, 3 
48311, 3, 3 
21209, 3, 3 
43942, 3, 3 
49082, 3, 3 
39871, 3, 3 
15372, 3, 3 
27389, 3, 3 
4491, 3, 3 
45474, 3, 3 
28359, 3, 3 
33828, 3, 3 
7067, 3, 3 
53231, 3, 3 
23218, 3, 3 
54073, 3, 3 
38083, 3, 3 
59356, 3, 3 
12151, 3, 3 
27419, 3, 3 
28957, 3, 3 
23799, 3, 3 
53283, 3, 3 
58620, 3, 3 
13181, 3, 3 
2489, 3, 3 
7396, 3, 3 
7600, 3, 3 
40763, 3, 3 
8893, 3, 3 
20942, 3, 3 
1661, 3, 3 
12035, 3, 3 
7046, 3, 3 
55550, 3, 3 
3651, 3, 3 
27625, 3, 3 
45911, 3, 3 
54560, 3, 3 
7766, 3, 3 
35688, 3, 3 
5238, 3, 3 
27313, 3, 3 
44385, 3, 3 
53365, 3, 3 
8360, 3, 3 
35563, 3, 3 
28528, 3, 3 
36132, 3, 3 
24850, 3, 3 
56738, 3, 3 
58822, 3, 3 
41543, 3, 3 
44462, 3, 3 
32299, 3, 3 
5970, 3, 3 
8821, 3, 3 
11489, 3, 3 
6892, 3, 3 
10031, 3, 3 
45195, 3, 3 
57612, 3, 3 
36645, 3, 3 
43428, 3, 3 
13660, 3, 3 
24028, 3, 3 
45736, 3, 3 
59660, 3, 3 
25373, 3, 3 
20400, 3, 3 
54481, 3, 3 
45970, 3, 3 
47724, 3, 3 
26739, 3, 3 
16075, 3, 3 
51918, 3, 3 
58298, 3, 3 
45628, 3, 3 
48798, 3, 3 
40883, 3, 3 
55383, 3, 3 
55353, 3, 3 
44388, 3, 3 
46563, 3, 3 
16512, 3, 3 
53547, 3, 3 
1611, 3, 3 
10466, 3, 3 
25590, 3, 3 
22663, 3, 3 
52394, 3, 3 
55198, 3, 3 
12355, 3, 3 
34384, 3, 3 
21795, 3, 3 
38410, 3, 3 
57056, 3, 3 
47195, 3, 3 
32476, 3, 3 
22587, 3, 3 
24651, 3, 3 
38049, 3, 3 
17040, 3, 3 
9380, 3, 3 
18742, 3, 3 
27690, 3, 3 
52974, 3, 3 
44231, 3, 3 
35498, 3, 3 
9140, 3, 3 
6858, 3, 3 
23239, 3, 3 
53688, 3, 3 
30282, 3, 3 
8729, 3, 7 
54014, 3, 3 
34268, 3, 3 
51196, 3, 3 
14765, 3, 3 
44101, 3, 3 
12186, 3, 3 
23265, 3, 3 
45246, 3, 3 
2771, 3, 3 
36707, 3, 3 
59137, 3, 3 
45946, 3, 3 
39081, 3, 3 
1551, 3, 3 
1870, 3, 3 
35574, 3, 3 
35610, 3, 3 
28252, 3, 3 
13438, 3, 3 
47643, 3, 3 
33655, 3, 3 
21026, 3, 3 
13208, 3, 3 
44888, 3, 3 
55874, 3, 3 
35415, 3, 3 
17574, 3, 3 
19014, 3, 3 
14352, 3, 3 
20902, 3, 3 
14810, 3, 3 
25746, 3, 3 
35407, 3, 3 
15497, 3, 3 
41632, 3, 3 
45707, 3, 3 
32194, 3, 3 
50892, 3, 3 
49156, 3, 3 
59461, 3, 3 
22863, 3, 3 
30813, 3, 3 
36242, 3, 3 
16003, 3, 3 
26324, 3, 3 
44440, 3, 3 
23337, 3, 3 
2536, 3, 3 
35911, 3, 3 
2816, 3, 3 
43080, 3, 3 
31610, 3, 3 
2941, 3, 3 
47913, 3, 3 
3466, 3, 3 
12968, 3, 3 
12536, 3, 3 
17790, 3, 3 
27804, 3, 3 
34204, 3, 3 
8048, 3, 3 
34396, 3, 3 
19883, 3, 3 
5252, 3, 3 
37314, 3, 3 
57300, 3, 3 
18862, 3, 3 
21370, 3, 3 
10998, 3, 3 
32444, 3, 3 
5080, 3, 3 
34629, 3, 3 
42055, 3, 3 
28561, 3, 3 
20670, 3, 3 
2275, 3, 3 
40574, 3, 3 
3626, 3, 3 
44146, 3, 3 
30780, 3, 3 
41513, 3, 3 
50644, 3, 3 
11114, 3, 3 
12527, 3, 3 
31831, 3, 3 
37691, 3, 3 
42137, 3, 3 
34695, 3, 3 
42777, 3, 3 
34316, 3, 3 
15482, 3, 3 
4543, 3, 3 
16715, 3, 3 
43475, 3, 3 
55378, 3, 3 
43775, 3, 3 
54736, 3, 3 
16096, 3, 3 
46280, 3, 3 
19413, 3, 3 
19230, 3, 3 
9871, 3, 3 
24333, 3, 3 
3923, 3, 3 
28472, 3, 3 
23322, 3, 3 
37555, 3, 3 
5588, 3, 3 
39852, 3, 3 
3150, 3, 3 
24099, 3, 3 
37626, 3, 3 
992, 3, 3 
42627, 3, 3 
13560, 3, 3 
14488, 3, 3 
7625, 3, 3 
26596, 3, 3 
13567, 3, 3 
9401, 3, 3 
17192, 3, 3 
44303, 3, 3 
19075, 3, 3 
52432, 3, 3 
31720, 3, 3 
11031, 3, 3 
17582, 3, 3 
32663, 3, 3 
30897, 3, 3 
55133, 3, 3 
28633, 3, 3 
34390, 3, 3 
14107, 3, 3 
21306, 3, 3 
15930, 3, 3 
43256, 3, 3 
57734, 3, 3 
40256, 3, 3 
49254, 3, 3 
19941, 3, 3 
8192, 3, 3 
35796, 3, 3 
50995, 3, 3 
35874, 3, 3 
13353, 3, 3 
50946, 3, 3 
21717, 3, 3 
43658, 3, 9 
40385, 3, 3 
56761, 3, 3 
39768, 3, 3 
34846, 3, 3 
47620, 3, 3 
12953, 3, 3 
57820, 3, 3 
37035, 3, 3 
27173, 3, 3 
13824, 3, 3 
16492, 3, 3 
39231, 3, 3 
41590, 3, 3 
20378, 3, 3 
18363, 3, 3 
20626, 3, 3 
7794, 3, 3 
33624, 3, 3 
16763, 3, 3 
34644, 3, 3 
37658, 3, 3 
5092, 3, 3 
23820, 3, 3 
20844, 3, 3 
51896, 3, 3 
33054, 3, 3 
9959, 3, 3 
24452, 3, 3 
36575, 3, 3 
1218, 3, 3 
57625, 3, 3 
25915, 3, 3 
2286, 3, 3 
43230, 3, 3 
6827, 3, 3 
45601, 3, 3 
47027, 3, 3 
34893, 3, 3 
36018, 3, 3 
34684, 3, 3 
39325, 3, 3 
10787, 3, 3 
57635, 3, 3 
57199, 3, 3 
15785, 3, 3 
12544, 3, 3 
11708, 3, 3 
33002, 3, 3 
8765, 3, 3 
53402, 3, 3 
51848, 3, 3 
53042, 3, 3 
55751, 3, 3 
54301, 3, 3 
14303, 3, 3 
55937, 3, 3 
6405, 3, 3 
10214, 3, 3 
22708, 3, 3 
28936, 3, 3 
35491, 3, 3 
57040, 3, 3 
49193, 3, 3 
12214, 3, 3 
55474, 3, 3 
29653, 3, 3 
43287, 3, 3 
58721, 3, 3 
50834, 3, 3 
27084, 3, 3 
29504, 3, 3 
13969, 3, 3 
40836, 3, 3 
16529, 3, 3 
4681, 3, 3 
31949, 3, 3 
27467, 3, 3 
48702, 3, 3 
8447, 3, 3 
27212, 3, 3 
37042, 3, 3 
29045, 3, 3 
7556, 3, 3 
1994, 3, 3 
20685, 3, 3 
59808, 3, 3 
19110, 3, 3 
21018, 3, 3 
18244, 3, 3 
26449, 3, 3 
7660, 3, 3 
7397, 3, 3 
7521, 3, 3 
54444, 3, 3 
50411, 4, 4 
56648, 4, 4 
50599, 4, 4 
31448, 4, 4 
37785, 4, 4 
57940, 4, 4 
35256, 4, 4 
25866, 4, 4 
34971, 4, 4 
12036, 4, 4 
47569, 4, 4 
59727, 4, 4 
3117, 4, 4 
18604, 4, 4 
45981, 4, 4 
50319, 4, 4 
11962, 4, 4 
28462, 4, 4 
27088, 4, 4 
51579, 4, 4 
48786, 4, 4 
23307, 4, 4 
6546, 4, 4 
52343, 4, 4 
23881, 4, 4 
28086, 4, 4 
47410, 4, 4 
10690, 4, 4 
17633, 4, 4 
22771, 4, 4 
24653, 4, 4 
40299, 4, 4 
44224, 4, 4 
5822, 4, 4 
56276, 4, 4 
41865, 4, 4 
21886, 4, 4 
31235, 4, 4 
9781, 4, 4 
49712, 4, 4 
53222, 4, 4 
35259, 4, 4 
25925, 4, 4 
45296, 4, 4 
56060, 4, 4 
11578, 4, 4 
31669, 4, 4 
54785, 4, 4 
30588, 4, 4 
31246, 4, 4 
6283, 4, 4 
2235, 4, 4 
4174, 4, 4 
5854, 4, 4 
12786, 4, 4 
4641, 4, 4 
22843, 4, 4 
10172, 4, 4 
15683, 4, 4 
17300, 4, 4 
33888, 4, 4 
34102, 4, 4 
40601, 4, 4 
26546, 4, 4 
50841, 4, 4 
11627, 4, 4 
4146, 4, 4 
22402, 4, 4 
44386, 4, 4 
25014, 4, 4 
13850, 4, 4 
41714, 4, 4 
2819, 4, 4 
7863, 4, 4 
51893, 4, 4 
2050, 4, 4 
18617, 4, 4 
17931, 4, 4 
58482, 4, 4 
45847, 4, 4 
50510, 4, 4 
25990, 4, 4 
52128, 4, 4 
4297, 4, 4 
1845, 4, 4 
23196, 4, 4 
38777, 4, 4 
2317, 4, 4 
19634, 4, 4 
22960, 4, 4 
56550, 4, 4 
10262, 4, 4 
23187, 4, 4 
35818, 4, 4 
51921, 4, 4 
1248, 4, 4 
50134, 4, 4 
19252, 4, 4 
3838, 4, 4 
41220, 4, 4 
48466, 4, 4 
5581, 4, 4 
55860, 4, 4 
44905, 4, 4 
50203, 4, 4 
9496, 4, 4 
33846, 4, 4 
52909, 4, 4 
31436, 4, 4 
31872, 4, 4 
34294, 4, 4 
680, 4, 4 
24869, 4, 4 
35095, 4, 4 
55930, 4, 4 
21968, 4, 4 
42377, 4, 4 
47252, 4, 4 
32384, 4, 4 
43130, 4, 4 
41775, 4, 4 
25848, 4, 4 
45821, 4, 4 
31006, 4, 4 
15347, 4, 4 
3240, 4, 4 
6608, 4, 4 
47606, 4, 4 
13714, 4, 4 
8346, 4, 4 
18787, 4, 4 
23595, 4, 4 
36097, 4, 4 
23409, 4, 4 
38871, 4, 4 
31126, 4, 4 
1568, 4, 4 
51382, 4, 4 
23658, 4, 4 
52414, 4, 4 
2809, 4, 4 
40913, 4, 4 
36952, 4, 4 
5450, 4, 4 
38622, 4, 4 
15373, 4, 4 
4436, 4, 4 
35482, 4, 4 
47532, 4, 4 
10311, 4, 4 
21430, 4, 4 
41625, 4, 4 
58548, 4, 4 
16466, 4, 4 
32683, 4, 4 
53078, 4, 4 
36208, 4, 4 
33720, 4, 4 
26738, 4, 4 
9385, 4, 4 
58417, 4, 4 
39584, 4, 4 
32272, 4, 4 
14981, 4, 4 
54319, 4, 4 
56484, 4, 4 
36190, 4, 4 
52604, 4, 4 
55285, 4, 4 
26137, 4, 4 
36837, 4, 4 
11378, 4, 9 
46976, 4, 4 
59789, 4, 4 
58697, 4, 4 
18026, 4, 4 
25938, 4, 4 
58999, 4, 4 
21327, 4, 4 
14788, 4, 4 
37585, 4, 4 
5863, 4, 4 
10159, 4, 4 
31817, 4, 4 
12827, 4, 4 
39990, 4, 4 
47607, 4, 4 
20447, 4, 4 
57857, 4, 4 
53519, 4, 4 
37487, 4, 4 
21107, 4, 4 
46128, 4, 4 
45033, 4, 4 
14187, 4, 4 
14865, 4, 4 
48327, 4, 4 
33218, 4, 4 
6689, 4, 4 
37492, 4, 4 
33127, 4, 4 
33143, 4, 4 
36867, 4, 4 
4409, 4, 4 
11124, 4, 4 
15161, 4, 4 
51951, 4, 4 
34465, 4, 4 
57677, 4, 4 
44593, 4, 4 
53263, 4, 4 
10236, 4, 4 
43614, 4, 4 
4796, 4, 4 
855, 4, 4 
29340, 4, 4 
1979, 4, 4 
8906, 4, 4 
3038, 4, 4 
19813, 4, 4 
850, 4, 4 
39548, 4, 4 
28173, 4, 4 
32088, 4, 4 
49707, 4, 4 
30134, 4, 4 
9795, 4, 4 
21988, 4, 4 
38872, 4, 4 
24287, 4, 4 
51338, 4, 4 
23174, 4, 4 
53093, 4, 4 
56596, 4, 9 
58, 4, 4 
58795, 4, 4 
45876, 4, 4 
37986, 4, 4 
33932, 4, 4 
36296, 4, 4 
49206, 4, 4 
53710, 4, 4 
25255, 4, 4 
51780, 4, 4 
54521, 4, 4 
6901, 4, 4 
47121, 4, 4 
25176, 4, 4 
40523, 4, 4 
10737, 4, 4 
54279, 4, 4 
33320, 4, 4 
56330, 4, 4 
1227, 4, 4 
30529, 4, 4 
8737, 4, 4 
30536, 4, 4 
5064, 4, 4 
9741, 4, 4 
30868, 4, 4 
22645, 4, 4 
59515, 4, 4 
35752, 4, 4 
2206, 4, 4 
42033, 4, 4 
26567, 4, 4 
50388, 4, 4 
9573, 4, 4 
55944, 4, 4 
1198, 4, 4 
29206, 4, 4 
53062, 4, 4 
1253, 4, 4 
18190, 4, 4 
50737, 4, 4 
15931, 4, 4 
1692, 4, 4 
48252, 4, 4 
41068, 4, 4 
9139, 4, 4 
53713, 4, 4 
15298, 4, 4 
42676, 4, 4 
43295, 4, 4 
41482, 4, 4 
55206, 4, 4 
21619, 4, 4 
55821, 4, 4 
44356, 4, 4 
16874, 4, 4 
28468, 4, 4 
1212, 4, 4 
34430, 4, 4 
6890, 4, 4 
28081, 4, 4 
32801, 4, 4 
20182, 4, 4 
20415, 4, 4 
17976, 4, 4 
39024, 4, 4 
8281, 4, 4 
44921, 4, 4 
13878, 4, 4 
53738, 4, 4 
32776, 4, 4 
3370, 4, 4 
40354, 4, 4 
37683, 4, 4 
25534, 4, 4 
38789, 4, 4 
44711, 4, 4 
21992, 4, 4 
50149, 4, 4 
13987, 4, 4 
1164, 4, 4 
314, 4, 4 
54563, 4, 4 
53731, 4, 4 
16302, 4, 4 
39239, 4, 4 
59905, 4, 4 
24365, 4, 4 
1842, 4, 4 
3157, 4, 4 
32558, 4, 4 
31407, 4, 4 
3504, 4, 4 
17399, 4, 4 
44294, 4, 4 
36379, 4, 4 
49858, 4, 4 
16293, 4, 4 
34545, 4, 4 
7019, 4, 4 
58840, 4, 4 
1308, 4, 4 
32647, 4, 4 
12322, 4, 4 
12922, 4, 4 
13870, 4, 4 
42770, 4, 4 
1258, 4, 4 
13363, 4, 4 
56797, 4, 4 
56376, 4, 4 
31403, 4, 4 
33626, 4, 4 
28963, 4, 4 
7366, 4, 4 
16098, 4, 4 
19666, 4, 4 
8677, 4, 4 
53654, 4, 4 
38402, 4, 4 
56293, 4, 4 
27832, 4, 4 
5313, 4, 4 
28614, 4, 4 
43106, 4, 4 
13981, 4, 4 
18385, 4, 4 
28914, 4, 4 
18708, 4, 4 
43634, 4, 4 
50835, 4, 4 
21304, 4, 4 
24795, 4, 4 
9109, 4, 4 
44751, 4, 4 
9370, 4, 4 
29879, 4, 4 
38978, 4, 4 
53426, 4, 4 
21770, 4, 4 
41913, 4, 4 
37080, 4, 4 
30283, 4, 4 
30708, 4, 4 
5792, 4, 4 
6794, 4, 4 
40288, 4, 4 
22602, 4, 4 
34781, 4, 4 
52024, 4, 4 
4538, 4, 4 
412, 4, 4 
55812, 4, 4 
48508, 4, 4 
44894, 4, 4 
18496, 4, 4 
6448, 4, 6 
58531, 4, 4 
23670, 4, 4 
945, 4, 4 
24047, 4, 4 
57051, 4, 4 
51657, 4, 4 
30422, 4, 4 
55178, 4, 4 
4636, 4, 9 
43832, 4, 4 
3945, 4, 4 
5278, 4, 4 
52823, 4, 4 
4952, 4, 4 
20172, 4, 9 
36634, 4, 4 
41724, 4, 4 
8298, 4, 4 
48870, 4, 4 
53451, 4, 4 
14957, 4, 4 
33552, 4, 4 
43703, 4, 4 
15876, 4, 4 
1934, 4, 4 
51515, 4, 4 
16863, 4, 4 
53820, 4, 4 
31438, 4, 4 
21181, 4, 4 
57569, 4, 4 
45834, 4, 4 
16996, 4, 4 
44937, 4, 4 
21431, 4, 4 
36557, 4, 4 
41990, 4, 4 
3439, 4, 4 
12460, 4, 4 
56417, 4, 4 
38047, 4, 4 
17896, 4, 4 
27036, 4, 4 
31717, 4, 4 
32487, 4, 4 
34000, 4, 4 
16168, 4, 4 
25479, 4, 4 
15416, 4, 4 
42216, 4, 4 
39551, 4, 4 
7090, 4, 4 
53300, 4, 4 
10845, 4, 4 
39833, 4, 4 
4264, 4, 4 
32830, 4, 4 
54567, 4, 4 
1693, 4, 4 
10937, 4, 4 
29538, 4, 4 
32101, 4, 4 
22747, 4, 4 
29549, 4, 4 
9558, 4, 4 
31340, 4, 4 
1498, 4, 4 
57155, 4, 4 
5482, 4, 9 
7124, 4, 4 
46037, 4, 4 
18362, 4, 4 
29566, 4, 4 
27826, 4, 4 
41499, 4, 4 
1818, 4, 4 
43415, 4, 4 
56743, 4, 4 
50777, 4, 4 
18999, 4, 4 
49005, 4, 4 
26458, 4, 9 
7579, 4, 4 
16214, 4, 4 
17744, 4, 4 
53031, 4, 4 
7652, 4, 4 
47674, 4, 4 
45038, 4, 4 
41192, 4, 4 
50502, 4, 4 
41528, 4, 4 
27584, 4, 4 
8567, 4, 4 
47871, 4, 4 
4619, 4, 4 
39763, 4, 4 
49341, 4, 4 
1203, 4, 4 
51155, 4, 4 
41145, 4, 4 
40842, 4, 4 
33306, 4, 4 
49382, 4, 4 
20118, 4, 4 
37975, 4, 4 
56059, 4, 4 
38710, 4, 4 
21232, 4, 4 
53015, 5, 5 
32233, 5, 5 
39999, 5, 5 
35797, 5, 5 
49705, 5, 5 
47412, 5, 5 
4167, 5, 5 
53796, 5, 5 
48367, 5, 5 
17468, 5, 5 
51176, 5, 5 
771, 5, 5 
37680, 5, 5 
17819, 5, 5 
26102, 5, 5 
53306, 5, 5 
55643, 5, 5 
52108, 5, 5 
44625, 5, 5 
3205, 5, 5 
32501, 5, 5 
40748, 5, 5 
13092, 5, 5 
56898, 5, 5 
56203, 5, 5 
13958, 5, 5 
699, 5, 5 
924, 5, 5 
15830, 5, 5 
33968, 5, 5 
7032, 5, 5 
34299, 5, 5 
10811, 5, 5 
3185, 5, 5 
1514, 5, 5 
2049, 5, 5 
55902, 5, 5 
45432, 5, 5 
41230, 5, 5 
50111, 5, 5 
41208, 5, 5 
8639, 5, 5 
46300, 5, 5 
20325, 5, 5 
34473, 5, 5 
43454, 5, 3 
22379, 5, 5 
30323, 5, 5 
45987, 5, 5 
24310, 5, 5 
10162, 5, 5 
27038, 5, 5 
8569, 5, 5 
6936, 5, 5 
16353, 5, 5 
53732, 5, 5 
25259, 5, 5 
1702, 5, 5 
48850, 5, 5 
32943, 5, 5 
55910, 5, 5 
17732, 5, 5 
56630, 5, 5 
56045, 5, 5 
4017, 5, 5 
44494, 5, 5 
23237, 5, 5 
41263, 5, 5 
57180, 5, 5 
57489, 5, 5 
20628, 5, 5 
24255, 5, 5 
43748, 5, 5 
6776, 5, 5 
11935, 5, 5 
10814, 5, 5 
47919, 5, 5 
9367, 5, 5 
27288, 5, 5 
15873, 5, 5 
6255, 5, 5 
7988, 5, 5 
11776, 5, 5 
59731, 5, 5 
50641, 5, 5 
50848, 5, 5 
8945, 5, 5 
17159, 5, 5 
12631, 5, 5 
53470, 5, 5 
13708, 5, 5 
18495, 5, 5 
5925, 5, 5 
3419, 5, 5 
39427, 5, 5 
55672, 5, 5 
9605, 5, 5 
36736, 5, 5 
54465, 5, 5 
48134, 5, 5 
37823, 5, 5 
37270, 5, 5 
10465, 5, 5 
49783, 5, 5 
48408, 5, 5 
36642, 5, 5 
35077, 5, 5 
43648, 5, 5 
44938, 5, 5 
40182, 5, 5 
42864, 5, 5 
53309, 5, 5 
2744, 5, 5 
45166, 5, 5 
57812, 5, 5 
6264, 5, 5 
45452, 5, 5 
14806, 5, 5 
41144, 5, 5 
52231, 5, 5 
28103, 5, 5 
5382, 5, 5 
50569, 5, 5 
8023, 5, 5 
13279, 5, 5 
7639, 5, 5 
26066, 5, 5 
13938, 5, 5 
27193, 5, 5 
26331, 5, 5 
5872, 5, 5 
22275, 5, 5 
21799, 5, 5 
24887, 5, 5 
26387, 5, 5 
20890, 5, 5 
18696, 5, 5 
6077, 5, 5 
18789, 5, 5 
13262, 5, 5 
45604, 5, 5 
4327, 5, 5 
33603, 5, 5 
55325, 5, 5 
49527, 5, 5 
21873, 5, 5 
37699, 5, 5 
26538, 5, 5 
20547, 5, 5 
3638, 5, 5 
19589, 5, 5 
16767, 5, 5 
40194, 5, 5 
41321, 5, 5 
21157, 5, 5 
5599, 5, 5 
45616, 5, 5 
24056, 5, 5 
376, 5, 5 
17914, 5, 5 
47718, 5, 5 
3326, 5, 5 
38553, 5, 5 
24275, 5, 5 
19175, 5, 5 
32168, 5, 5 
2639, 5, 5 
27179, 5, 5 
17665, 5, 5 
24250, 5, 5 
21184, 5, 5 
25084, 5, 5 
43245, 5, 5 
50983, 5, 5 
2120, 5, 5 
21530, 5, 5 
47320, 5, 5 
13040, 5, 5 
53552, 5, 5 
10831, 5, 5 
27594, 5, 5 
32757, 5, 5 
6735, 5, 5 
45497, 5, 5 
32992, 5, 5 
6401, 5, 5 
16126, 5, 5 
40032, 5, 5 
1265, 5, 5 
45211, 5, 5 
40290, 5, 5 
7390, 5, 5 
26787, 5, 5 
45256, 5, 5 
53769, 5, 5 
11198, 5, 5 
6988, 5, 5 
57106, 5, 5 
17645, 5, 5 
23996, 5, 5 
30544, 5, 5 
35567, 5, 5 
11397, 5, 5 
7311, 5, 5 
3839, 5, 5 
43587, 5, 5 
19529, 5, 5 
8010, 5, 5 
11983, 5, 5 
43221, 5, 5 
23531, 5, 5 
26552, 5, 5 
15481, 5, 5 
26676, 5, 5 
7172, 5, 5 
11523, 5, 5 
2091, 5, 5 
29852, 5, 5 
57511, 5, 5 
50250, 5, 5 
23516, 5, 5 
38194, 5, 5 
59823, 5, 5 
3467, 5, 5 
48230, 5, 5 
44501, 5, 5 
25793, 5, 5 
54839, 5, 5 
49568, 5, 5 
15304, 5, 5 
33303, 5, 5 
36405, 5, 5 
13300, 5, 5 
2965, 5, 5 
19980, 5, 5 
50507, 5, 5 
3356, 5, 5 
17631, 5, 5 
36268, 5, 5 
20185, 5, 5 
39516, 5, 5 
44647, 5, 5 
2445, 5, 5 
43055, 5, 5 
39502, 5, 5 
54000, 5, 5 
45212, 5, 5 
23324, 5, 5 
9096, 5, 5 
4015, 5, 5 
16405, 5, 5 
15110, 5, 5 
27417, 5, 5 
53946, 5, 5 
41322, 5, 5 
36683, 5, 5 
55639, 5, 5 
21275, 5, 5 
50484, 5, 5 
29539, 5, 5 
33365, 5, 5 
15893, 5, 5 
14673, 5, 5 
55356, 5, 5 
17219, 5, 5 
14970, 5, 5 
49631, 5, 5 
31734, 5, 5 
59212, 5, 5 
21583, 5, 5 
51283, 5, 5 
27224, 5, 5 
52458, 5, 5 
54429, 5, 5 
54483, 5, 5 
17073, 5, 5 
2592, 5, 5 
15676, 5, 5 
46891, 5, 5 
24374, 5, 5 
15415, 5, 5 
28430, 5, 5 
49352, 5, 5 
23633, 5, 5 
284, 5, 5 
42935, 5, 5 
31615, 5, 5 
26823, 5, 5 
44341, 5, 5 
5303, 5, 5 
18018, 5, 5 
11572, 5, 5 
20815, 5, 5 
36539, 5, 5 
35046, 5, 5 
16011, 5, 5 
12684, 5, 5 
9647, 5, 5 
27253, 5, 5 
25762, 5, 5 
51086, 5, 5 
28579, 5, 5 
9849, 5, 5 
32598, 5, 5 
22973, 5, 5 
38762, 5, 5 
10434, 5, 5 
403, 5, 5 
57167, 5, 5 
26736, 5, 5 
21833, 5, 5 
37313, 5, 5 
36850, 5, 5 
4666, 5, 5 
38345, 5, 5 
56054, 5, 5 
6984, 5, 5 
21956, 5, 5 
13988, 5, 5 
47381, 5, 5 
21543, 5, 5 
38071, 5, 5 
58633, 5, 5 
55865, 5, 5 
38628, 5, 5 
13863, 5, 5 
10566, 5, 5 
2857, 5, 5 
11674, 5, 5 
775, 5, 5 
8728, 5, 5 
19659, 5, 5 
18067, 5, 5 
38658, 5, 5 
28141, 5, 5 
9093, 5, 5 
36839, 5, 5 
1111, 5, 5 
10751, 5, 5 
37894, 5, 5 
40824, 5, 5 
57814, 5, 5 
53859, 5, 5 
1691, 5, 5 
53992, 5, 5 
42641, 5, 5 
48440, 5, 5 
39940, 5, 5 
47707, 5, 5 
52776, 5, 5 
6501, 5, 5 
15720, 5, 5 
38610, 5, 5 
58808, 5, 5 
26143, 5, 5 
42687, 5, 5 
42047, 5, 5 
22736, 5, 5 
17583, 5, 5 
33267, 5, 5 
46469, 5, 5 
13457, 5, 5 
52491, 5, 5 
1929, 5, 5 
6557, 5, 5 
7419, 5, 5 
3870, 5, 5 
30061, 5, 5 
18197, 5, 5 
16513, 5, 5 
49992, 5, 5 
49950, 5, 5 
5737, 5, 5 
30714, 5, 5 
14029, 5, 5 
25678, 5, 6 
44662, 5, 5 
43402, 5, 5 
50570, 5, 5 
20635, 5, 5 
29037, 5, 5 
40868, 5, 5 
43699, 5, 5 
57327, 5, 5 
2758, 5, 5 
25177, 5, 5 
38569, 5, 5 
14489, 5, 5 
51258, 5, 5 
46895, 5, 5 
20479, 5, 5 
15421, 5, 5 
18808, 5, 5 
32488, 5, 5 
58365, 5, 5 
54366, 5, 5 
2111, 5, 5 
42556, 5, 5 
4529, 5, 5 
29157, 5, 5 
4974, 5, 5 
5984, 5, 5 
39482, 5, 5 
32506, 5, 5 
13120, 5, 5 
56314, 5, 5 
16692, 5, 5 
40761, 5, 5 
14689, 5, 5 
29649, 5, 5 
7842, 5, 5 
1556, 5, 5 
44235, 5, 5 
34857, 5, 5 
8986, 5, 5 
47016, 5, 5 
43451, 5, 5 
16582, 5, 5 
36207, 5, 5 
57088, 5, 5 
41539, 5, 5 
2395, 5, 5 
14672, 5, 5 
7802, 5, 5 
47646, 5, 5 
35743, 5, 5 
24170, 5, 5 
59201, 5, 5 
26592, 5, 5 
22517, 5, 5 
39271, 5, 5 
49728, 5, 5 
22015, 5, 5 
59096, 5, 5 
47077, 5, 5 
53172, 5, 5 
28654, 5, 5 
51718, 5, 5 
33324, 5, 5 
16499, 5, 5 
40930, 5, 5 
44055, 5, 5 
16655, 5, 5 
40776, 5, 5 
14917, 5, 5 
523, 5, 5 
29268, 5, 5 
51955, 5, 5 
2698, 5, 5 
17915, 5, 5 
38060, 5, 5 
1887, 5, 5 
2363, 5, 5 
30622, 5, 5 
58419, 5, 5 
9330, 5, 5 
45155, 5, 5 
55506, 5, 5 
58456, 5, 5 
38940, 5, 5 
51875, 5, 5 
50734, 5, 5 
18103, 5, 5 
36332, 5, 5 
53822, 5, 5 
59351, 5, 5 
23007, 5, 5 
44461, 5, 5 
5456, 5, 5 
437, 5, 5 
21244, 5, 5 
30853, 5, 5 
7024, 5, 5 
16357, 5, 5 
14951, 5, 5 
39978, 5, 5 
36245, 5, 5 
43459, 5, 5 
12488, 5, 5 
38848, 5, 5 
20038, 5, 5 
21588, 5, 5 
48769, 5, 5 
19078, 5, 5 
1867, 5, 5 
28720, 5, 5 
41670, 5, 5 
57528, 5, 5 
33598, 5, 5 
52459, 5, 5 
43585, 5, 5 
22508, 5, 5 
59747, 5, 5 
49726, 5, 5 
12940, 5, 5 
15462, 5, 5 
18839, 5, 5 
45797, 5, 5 
18591, 5, 5 
24318, 5, 5 
43437, 6, 6 
18140, 6, 6 
27268, 6, 6 
45224, 6, 6 
31343, 6, 6 
2138, 6, 6 
2614, 6, 6 
43735, 6, 6 
30526, 6, 6 
23354, 6, 6 
52502, 6, 6 
16583, 6, 6 
20984, 6, 6 
4078, 6, 6 
50058, 6, 6 
607, 6, 6 
29813, 6, 6 
29096, 6, 6 
3947, 6, 6 
22709, 6, 6 
27298, 6, 6 
31797, 6, 6 
22520, 6, 6 
24526, 6, 6 
19873, 6, 6 
15875, 6, 6 
41400, 6, 6 
14608, 6, 6 
19562, 6, 6 
4867, 6, 6 
21291, 6, 6 
42021, 6, 6 
27119, 6, 6 
42996, 6, 6 
59035, 6, 6 
24673, 6, 6 
28890, 6, 6 
30295, 6, 6 
59442, 6, 6 
27169, 6, 6 
56171, 6, 6 
23049, 6, 6 
15638, 6, 6 
3330, 6, 6 
32576, 6, 6 
36810, 6, 6 
6219, 6, 6 
51408, 6, 6 
51995, 6, 6 
36383, 6, 6 
2504, 6, 6 
20744, 6, 6 
35200, 6, 6 
16782, 6, 6 
32381, 6, 6 
21941, 6, 6 
18611, 6, 6 
8151, 6, 6 
47891, 6, 6 
51624, 6, 6 
34915, 6, 6 
4923, 6, 6 
20948, 6, 6 
11927, 6, 6 
1844, 6, 6 
27504, 6, 6 
29526, 6, 6 
57036, 6, 6 
34220, 6, 6 
10591, 6, 6 
48630, 6, 6 
38176, 6, 6 
39632, 6, 6 
28163, 6, 6 
15625, 6, 6 
11487, 6, 6 
45107, 6, 6 
10481, 6, 6 
50645, 6, 6 
52351, 6, 6 
18525, 6, 6 
11100, 6, 6 
57253, 6, 6 
47288, 6, 6 
18771, 6, 6 
44337, 6, 6 
29327, 6, 6 
16976, 6, 6 
39130, 6, 6 
17652, 6, 6 
4030, 6, 6 
11697, 6, 6 
25337, 6, 6 
49252, 6, 6 
50266, 6, 6 
26521, 6, 6 
47032, 6, 6 
48507, 6, 6 
32739, 6, 6 
46898, 6, 6 
57122, 6, 6 
32546, 6, 6 
38322, 6, 6 
27505, 6, 6 
8326, 6, 6 
944, 6, 6 
39601, 6, 6 
2828, 6, 6 
27769, 6, 6 
44617, 6, 6 
26372, 6, 6 
31040, 6, 6 
18328, 6, 6 
20503, 6, 6 
34924, 6, 6 
55168, 6, 6 
12480, 6, 6 
34859, 6, 6 
6396, 6, 6 
47492, 6, 6 
43726, 6, 6 
59709, 6, 6 
39067, 6, 6 
2163, 6, 6 
24656, 6, 6 
46309, 6, 6 
9405, 6, 6 
50810, 6, 6 
26375, 6, 6 
4367, 6, 6 
58516, 6, 6 
57641, 6, 6 
16653, 6, 6 
55731, 6, 6 
24779, 6, 6 
7867, 6, 6 
21180, 6, 6 
57823, 6, 6 
43646, 6, 6 
49900, 6, 6 
46170, 6, 6 
9239, 6, 6 
10273, 6, 6 
12201, 6, 6 
9058, 6, 6 
20896, 6, 6 
29317, 6, 6 
10630, 6, 6 
15047, 6, 6 
759, 6, 6 
13546, 6, 6 
22615, 6, 6 
29331, 6, 6 
9446, 6, 6 
1393, 6, 6 
52518, 6, 6 
25599, 6, 6 
44119, 6, 6 
42381, 6, 6 
13, 6, 6 
19762, 6, 6 
46632, 6, 6 
2849, 6, 6 
59549, 6, 6 
56251, 6, 6 
40484, 6, 6 
51066, 6, 6 
17251, 6, 6 
34686, 6, 6 
35607, 6, 6 
56385, 6, 6 
55447, 6, 6 
54610, 6, 6 
1337, 6, 6 
37621, 6, 6 
22872, 6, 6 
44331, 6, 6 
46013, 6, 6 
33735, 6, 6 
46869, 6, 6 
4170, 6, 6 
46088, 6, 8 
13318, 6, 6 
19496, 6, 6 
25226, 6, 6 
32929, 6, 6 
10774, 6, 6 
29620, 6, 6 
14731, 6, 6 
39, 6, 6 
40351, 6, 6 
28142, 6, 6 
24030, 6, 6 
28249, 6, 6 
44452, 6, 6 
17524, 6, 6 
2474, 6, 6 
18344, 6, 6 
4268, 6, 6 
18250, 6, 6 
9702, 6, 6 
51378, 6, 6 
17284, 6, 6 
13322, 6, 6 
40141, 6, 6 
22191, 6, 6 
6548, 6, 6 
1224, 6, 6 
29644, 6, 6 
15220, 6, 6 
52551, 6, 6 
30820, 6, 6 
18576, 6, 6 
32119, 6, 6 
22084, 6, 6 
33055, 6, 6 
41695, 6, 6 
38013, 6, 6 
19481, 6, 6 
23622, 6, 6 
35140, 6, 6 
22068, 6, 6 
50776, 6, 6 
30995, 6, 6 
44517, 6, 6 
34543, 6, 6 
27703, 6, 6 
56619, 6, 6 
2884, 6, 6 
1869, 6, 6 
44808, 6, 6 
1637, 6, 6 
18403, 6, 6 
2656, 6, 6 
31892, 6, 6 
40874, 6, 6 
5231, 6, 6 
52742, 6, 6 
55827, 6, 6 
39180, 6, 6 
35322, 6, 6 
4520, 6, 6 
35564, 6, 6 
10503, 6, 6 
28912, 6, 6 
672, 6, 6 
35968, 6, 6 
37277, 6, 6 
42027, 6, 6 
8352, 6, 6 
36996, 6, 6 
22384, 6, 6 
53516, 6, 6 
25713, 6, 6 
41778, 6, 6 
47026, 6, 6 
45523, 6, 6 
30968, 6, 6 
37905, 6, 6 
47214, 6, 6 
7095, 6, 6 
11282, 6, 6 
39650, 6, 6 
37334, 6, 6 
32826, 6, 6 
32325, 6, 6 
39164, 6, 6 
23667, 6, 6 
38022, 6, 6 
18432, 6, 6 
13493, 6, 6 
44330, 6, 6 
7126, 6, 6 
4673, 6, 6 
33724, 6, 6 
35181, 6, 6 
34488, 6, 6 
2850, 6, 6 
52986, 6, 6 
16890, 6, 6 
38478, 6, 6 
26019, 6, 6 
52420, 6, 6 
4337, 6, 6 
49865, 6, 6 
39626, 6, 6 
18670, 6, 6 
14374, 6, 6 
1117, 6, 6 
21214, 6, 6 
21368, 6, 6 
38084, 6, 6 
58686, 6, 6 
11849, 6, 6 
21411, 6, 6 
10332, 6, 6 
59125, 6, 6 
25499, 6, 6 
52004, 6, 6 
2005, 6, 6 
14400, 6, 6 
26168, 6, 6 
27807, 6, 6 
39388, 6, 6 
50469, 6, 6 
5485, 6, 6 
40019, 6, 6 
21667, 6, 6 
21564, 6, 6 
16070, 6, 6 
5040, 6, 6 
30444, 6, 6 
59754, 6, 6 
30945, 6, 6 
49436, 6, 6 
24380, 6, 6 
52759, 6, 6 
54646, 6, 6 
8336, 6, 6 
23600, 6, 6 
57463, 6, 6 
4430, 6, 6 
2062, 6, 6 
6024, 6, 6 
38299, 6, 6 
47486, 6, 6 
2020, 6, 6 
27556, 6, 6 
53526, 6, 6 
30855, 6, 6 
20940, 6, 6 
49626, 6, 6 
49827, 6, 6 
37707, 6, 6 
49173, 6, 6 
33595, 6, 6 
20353, 6, 6 
26124, 6, 6 
2093, 6, 6 
32211, 6, 6 
9574, 6, 6 
15957, 6, 6 
4314, 6, 6 
32912, 6, 6 
37973, 6, 6 
8224, 6, 6 
56747, 6, 6 
35917, 6, 6 
11038, 6, 6 
53981, 6, 6 
56520, 6, 6 
30004, 6, 6 
7785, 6, 6 
59509, 6, 6 
38334, 6, 6 
17636, 6, 6 
20245, 6, 6 
40085, 6, 6 
44355, 6, 6 
45757, 6, 6 
23646, 6, 6 
43035, 6, 6 
14632, 6, 6 
41452, 6, 6 
14237, 6, 6 
18667, 6, 6 
46695, 6, 6 
52837, 6, 6 
33135, 6, 6 
841, 6, 6 
33397, 6, 6 
22435, 6, 6 
42256, 6, 6 
55867, 6, 6 
42143, 6, 6 
55770, 6, 6 
24577, 6, 6 
2300, 6, 6 
47415, 6, 6 
19062, 6, 6 
53359, 6, 6 
32240, 6, 6 
26819, 6, 6 
28083, 6, 6 
38699, 6, 6 
28548, 6, 6 
31629, 6, 6 
30741, 6, 6 
38421, 6, 6 
44941, 6, 6 
16792, 6, 6 
3932, 6, 6 
48033, 6, 6 
43115, 6, 6 
21821, 6, 6 
38694, 6, 6 
49597, 6, 6 
10044, 6, 6 
25680, 6, 6 
14732, 6, 6 
20656, 6, 6 
52066, 6, 6 
11892, 6, 6 
58370, 6, 6 
30142, 6, 6 
59378, 6, 6 
31228, 6, 6 
49347, 6, 6 
54150, 6, 6 
38190, 6, 6 
401, 6, 6 
52781, 6, 6 
27021, 6, 6 
52387, 6, 6 
6194, 6, 6 
48505, 6, 6 
11348, 6, 6 
20781, 6, 6 
31903, 6, 6 
18128, 6, 6 
10792, 6, 6 
15084, 6, 6 
57791, 6, 6 
39045, 6, 6 
40798, 6, 6 
40010, 6, 6 
15401, 6, 6 
47191, 6, 6 
43668, 6, 6 
54929, 6, 6 
18716, 6, 6 
59785, 6, 6 
6551, 6, 6 
6567, 6, 6 
37033, 6, 6 
9961, 6, 6 
977, 6, 6 
41047, 6, 6 
19021, 6, 6 
40278, 6, 6 
534, 6, 6 
9305, 6, 6 
26650, 6, 6 
43572, 6, 6 
33100, 6, 6 
32658, 6, 6 
4431, 6, 6 
24191, 6, 6 
23258, 6, 6 
50146, 6, 6 
54630, 6, 6 
10813, 6, 6 
30632, 6, 6 
42490, 6, 6 
41675, 6, 6 
18721, 6, 6 
45267, 6, 6 
20433, 6, 6 
59347, 6, 6 
35910, 6, 6 
26107, 6, 6 
16507, 6, 6 
37340, 6, 6 
13780, 6, 6 
30812, 6, 6 
49613, 6, 6 
32978, 6, 6 
3559, 6, 6 
57353, 6, 6 
18869, 6, 6 
43505, 6, 6 
29136, 6, 6 
48362, 6, 6 
20733, 6, 6 
2913, 6, 6 
42450, 6, 6 
37292, 6, 6 
43940, 6, 6 
24304, 6, 6 
28287, 6, 6 
45542, 6, 6 
20647, 6, 6 
15674, 6, 6 
12191, 6, 6 
31371, 6, 6 
56240, 6, 6 
11401, 6, 6 
41797, 6, 6 
42847, 6, 6 
22383, 6, 6 
57456, 6, 6 
59320, 6, 6 
36267, 6, 6 
49275, 6, 6 
22074, 6, 6 
49066, 6, 6 
56411, 6, 6 
16452, 6, 6 
54298, 6, 6 
41410, 6, 6 
1832, 7, 7 
35842, 7, 7 
13292, 7, 7 
11349, 7, 7 
25201, 7, 7 
14245, 7, 7 
40344, 7, 7 
44139, 7, 7 
31192, 7, 7 
44378, 7, 2 
26600, 7, 7 
46724, 7, 7 
26568, 7, 7 
45967, 7, 7 
57465, 7, 7 
30224, 7, 7 
30307, 7, 7 
59140, 7, 7 
5308, 7, 7 
55003, 7, 7 
19172, 7, 7 
22862, 7, 7 
28309, 7, 7 
51568, 7, 7 
56196, 7, 7 
30798, 7, 7 
39357, 7, 7 
52113, 7, 7 
8596, 7, 7 
41697, 7, 7 
15646, 7, 7 
13091, 7, 7 
38688, 7, 7 
9545, 7, 7 
57504, 7, 7 
12413, 7, 7 
14718, 7, 7 
263, 7, 7 
5022, 7, 7 
11455, 7, 7 
5535, 7, 7 
55444, 7, 7 
19683, 7, 7 
18706, 7, 7 
17183, 7, 7 
32373, 7, 7 
3522, 7, 7 
12769, 7, 7 
33348, 7, 7 
19635, 7, 7 
47399, 7, 7 
31066, 7, 7 
50038, 7, 7 
49045, 7, 7 
57512, 7, 7 
42763, 7, 7 
46016, 7, 7 
19193, 7, 7 
54606, 7, 7 
29783, 7, 7 
5206, 7, 7 
9681, 7, 7 
35549, 7, 7 
37706, 7, 7 
4904, 7, 7 
31560, 7, 7 
22109, 7, 7 
40810, 7, 7 
47307, 7, 7 
40837, 7, 7 
38923, 7, 7 
9788, 7, 7 
41164, 7, 7 
59424, 7, 7 
42036, 7, 7 
24159, 7, 7 
18498, 7, 7 
45060, 7, 7 
2433, 7, 7 
14348, 7, 7 
53852, 7, 9 
23883, 7, 7 
5584, 7, 7 
38972, 7, 7 
49691, 7, 7 
48001, 7, 7 
33627, 7, 7 
20260, 7, 7 
36498, 7, 7 
36177, 7, 7 
22870, 7, 7 
58095, 7, 7 
56266, 7, 7 
57188, 7, 7 
19073, 7, 7 
47182, 7, 7 
8571, 7, 7 
50648, 7, 7 
31648, 7, 7 
25895, 7, 7 
9243, 7, 7 
7309, 7, 7 
22301, 7, 7 
14299, 7, 7 
51088, 7, 7 
54267, 7, 7 
4255, 7, 7 
29908, 7, 7 
33618, 7, 7 
123, 7, 7 
14395, 7, 7 
39925, 7, 7 
18681, 7, 7 
43075, 7, 7 
17440, 7, 7 
17248, 7, 7 
49385, 7, 7 
41470, 7, 7 
22911, 7, 7 
59988, 7, 7 
56837, 7, 7 
24200, 7, 7 
22399, 7, 7 
7278, 7, 7 
7277, 7, 7 
52497, 7, 7 
40681, 7, 7 
3469, 7, 7 
24500, 7, 7 
56604, 7, 7 
36889, 7, 7 
31824, 7, 7 
52786, 7, 7 
47149, 7, 7 
32150, 7, 7 
6115, 7, 7 
49571, 7, 7 
11350, 7, 7 
31331, 7, 7 
35081, 7, 7 
11877, 7, 7 
49071, 7, 7 
46928, 7, 7 
9551, 7, 7 
18773, 7, 7 
948, 7, 7 
44297, 7, 7 
17114, 7, 7 
55882, 7, 7 
17316, 7, 7 
54912, 7, 7 
57809, 7, 7 
50805, 7, 7 
47595, 7, 7 
10050, 7, 7 
803, 7, 7 
15597, 7, 7 
26287, 7, 7 
384, 7, 7 
3899, 7, 7 
59462, 7, 7 
41535, 7, 7 
26750, 7, 7 
37090, 7, 7 
19199, 7, 7 
52603, 7, 7 
11180, 7, 7 
15494, 7, 7 
31459, 7, 7 
34378, 7, 7 
50891, 7, 7 
30501, 7, 7 
46426, 7, 7 
21236, 7, 7 
25123, 7, 7 
13380, 7, 7 
38242, 7, 7 
32291, 7, 7 
18160, 7, 7 
58972, 7, 7 
44965, 7, 7 
41026, 7, 7 
55238, 7, 7 
11334, 7, 7 
36840, 7, 7 
43023, 7, 7 
49180, 7, 7 
57292, 7, 7 
19949, 7, 7 
13710, 7, 7 
32945, 7, 7 
37353, 7, 7 
55452, 7, 7 
3228, 7, 7 
47168, 7, 7 
2238, 7, 7 
2701, 7, 7 
16577, 7, 7 
59602, 7, 7 
41788, 7, 7 
23978, 7, 7 
3538, 7, 7 
11309, 7, 7 
34079, 7, 7 
1586, 7, 7 
2108, 7, 7 
39877, 7, 7 
9905, 7, 7 
36152, 7, 7 
8718, 7, 7 
2018, 7, 7 
44832, 7, 7 
44577, 7, 7 
47325, 7, 7 
54278, 7, 7 
37591, 7, 7 
50233, 7, 7 
56814, 7, 7 
30641, 7, 7 
32645, 7, 7 
15209, 7, 7 
33717, 7, 7 
27168, 7, 7 
26056, 7, 7 
27203, 7, 7 
32359, 7, 7 
54937, 7, 9 
58143, 7, 7 
21243, 7, 7 
24938, 7, 7 
38133, 7, 7 
8913, 7, 7 
57763, 7, 7 
49240, 7, 7 
1958, 7, 7 
56670, 7, 7 
35371, 7, 7 
45310, 7, 7 
56828, 7, 7 
41615, 7, 7 
42031, 7, 7 
31927, 7, 7 
33455, 7, 7 
54964, 7, 7 
45258, 7, 7 
34934, 7, 7 
47596, 7, 7 
43926, 7, 7 
31271, 7, 7 
56679, 7, 7 
30722, 7, 7 
8401, 7, 7 
36345, 7, 7 
10890, 7, 7 
39845, 7, 7 
49277, 7, 7 
6902, 7, 7 
45571, 7, 7 
6259, 7, 7 
884, 7, 7 
44835, 7, 7 
53137, 7, 7 
54632, 7, 7 
27758, 7, 7 
39289, 7, 7 
33107, 7, 7 
18152, 7, 7 
7931, 7, 7 
30879, 7, 7 
13355, 7, 7 
24041, 7, 7 
29032, 7, 7 
1655, 7, 7 
9669, 7, 7 
47061, 7, 7 
23260, 7, 7 
17513, 7, 7 
22181, 7, 7 
57078, 7, 7 
37693, 7, 7 
39358, 7, 7 
10969, 7, 7 
53392, 7, 7 
21352, 7, 7 
19771, 7, 7 
44322, 7, 7 
7852, 7, 7 
28864, 7, 7 
54731, 7, 7 
4303, 7, 7 
53094, 7, 7 
28012, 7, 7 
52633, 7, 7 
34395, 7, 7 
47362, 7, 7 
22570, 7, 7 
1019, 7, 7 
40663, 7, 7 
6590, 7, 7 
28634, 7, 7 
48914, 7, 7 
8828, 7, 7 
39089, 7, 7 
13416, 7, 7 
25985, 7, 7 
52803, 7, 7 
19327, 7, 7 
11553, 7, 7 
44392, 7, 7 
57885, 7, 7 
521, 7, 7 
35361, 7, 7 
16052, 7, 7 
11821, 7, 7 
30504, 7, 7 
42739, 7, 7 
40357, 7, 7 
57445, 7, 7 
42451, 7, 7 
1332, 7, 7 
23969, 7, 7 
26838, 7, 7 
33271, 7, 7 
52322, 7, 7 
24503, 7, 7 
11372, 7, 7 
7731, 7, 7 
18122, 7, 7 
55189, 7, 7 
30579, 7, 7 
22326, 7, 7 
6986, 7, 7 
58565, 7, 7 
44526, 7, 7 
41236, 7, 7 
40080, 7, 7 
20043, 7, 7 
48724, 7, 7 
21062, 7, 7 
47110, 7, 7 
50878, 7, 7 
30786, 7, 7 
35382, 7, 9 
8845, 7, 7 
54940, 7, 7 
28158, 7, 7 
35102, 7, 7 
52484, 7, 7 
2691, 7, 7 
42751, 7, 7 
57646, 7, 7 
42892, 7, 7 
44669, 7, 7 
23678, 7, 7 
37853, 7, 7 
10522, 7, 7 
868, 7, 7 
27717, 7, 7 
6675, 7, 7 
58228, 7, 7 
43187, 7, 7 
42466, 7, 7 
30302, 7, 7 
2161, 7, 7 
14138, 7, 7 
40243, 7, 7 
56909, 7, 7 
14563, 7, 7 
608, 7, 7 
28542, 7, 7 
21086, 7, 7 
18556, 7, 7 
38117, 7, 7 
17800, 7, 7 
42105, 7, 7 
10337, 7, 7 
59276, 7, 7 
45397, 7, 7 
33335, 7, 7 
20646, 7, 7 
11946, 7, 7 
17306, 7, 7 
52196, 7, 7 
42997, 7, 7 
56787, 7, 7 
38575, 7, 7 
51068, 7, 7 
18793, 7, 7 
28447, 7, 7 
1186, 7, 7 
31527, 7, 7 
48100, 7, 7 
16756, 7, 7 
15737, 7, 7 
2502, 7, 7 
6475, 7, 7 
39813, 7, 7 
45469, 7, 7 
20766, 7, 7 
55374, 7, 7 
46858, 7, 7 
37550, 7, 7 
3428, 7, 7 
7663, 7, 7 
52669, 7, 7 
44500, 7, 7 
23666, 7, 7 
57839, 7, 7 
25058, 7, 7 
26589, 7, 7 
38149, 7, 7 
56611, 7, 7 
16016, 7, 7 
53977, 7, 7 
6358, 7, 7 
28550, 7, 7 
47117, 7, 7 
33521, 7, 7 
58606, 7, 7 
54193, 7, 7 
6686, 7, 7 
12806, 7, 7 
11789, 7, 7 
18142, 7, 7 
5906, 7, 7 
27716, 7, 7 
12941, 7, 7 
5014, 7, 7 
37878, 7, 7 
4946, 7, 7 
20576, 7, 7 
44914, 7, 7 
46501, 7, 7 
10485, 7, 7 
51591, 7, 7 
16710, 7, 7 
48298, 7, 7 
34916, 7, 7 
29443, 7, 7 
36411, 7, 7 
51650, 7, 7 
45592, 7, 7 
11768, 7, 7 
59003, 7, 7 
25775, 7, 7 
36150, 7, 7 
42548, 7, 7 
55535, 7, 7 
25242, 7, 7 
23207, 7, 7 
36479, 7, 7 
3324, 7, 7 
1946, 7, 7 
59068, 7, 7 
29581, 7, 7 
48909, 7, 7 
48610, 7, 7 
51557, 7, 7 
52998, 7, 7 
52744, 7, 7 
56841, 7, 7 
56749, 7, 7 
12278, 7, 7 
43213, 7, 7 
22467, 7, 7 
25733, 7, 7 
41328, 7, 7 
57725, 7, 7 
26699, 7, 7 
25211, 7, 7 
10648, 7, 7 
59484, 7, 7 
39133, 7, 7 
15449, 7, 7 
50668, 7, 7 
7621, 7, 7 
48190, 7, 7 
34837, 7, 7 
19823, 7, 7 
15792, 7, 7 
6481, 7, 7 
918, 7, 7 
15909, 7, 7 
11640, 7, 7 
26446, 7, 7 
48315, 7, 7 
59520, 7, 7 
42202, 7, 7 
45081, 7, 7 
4298, 7, 7 
52010, 7, 7 
16150, 7, 7 
54378, 7, 7 
48593, 7, 7 
6696, 7, 7 
45333, 7, 7 
55079, 7, 7 
24873, 7, 7 
59802, 7, 7 
32289, 7, 7 
18239, 8, 8 
5119, 8, 8 
46504, 8, 8 
708, 8, 8 
51391, 8, 8 
47099, 8, 8 
53663, 8, 8 
48339, 8, 8 
54226, 8, 8 
35096, 8, 8 
57425, 8, 8 
26147, 8, 8 
28587, 8, 8 
7048, 8, 8 
26805, 8, 8 
12130, 8, 8 
43145, 8, 8 
4040, 8, 8 
28042, 8, 8 
40571, 8, 8 
39094, 8, 8 
49869, 8, 8 
19128, 8, 8 
32390, 8, 8 
48428, 8, 8 
5055, 8, 8 
41363, 8, 8 
30013, 8, 8 
37776, 8, 8 
15664, 8, 8 
22099, 8, 8 
5430, 8, 8 
17948, 8, 8 
41973, 8, 8 
15941, 8, 8 
35576, 8, 8 
49457, 8, 8 
35981, 8, 8 
30527, 8, 8 
40381, 8, 8 
48509, 8, 8 
15979, 8, 8 
25674, 8, 8 
42155, 8, 8 
57772, 8, 8 
37398, 8, 8 
11176, 8, 8 
24130, 8, 8 
53065, 8, 8 
13420, 8, 8 
23729, 8, 8 
43823, 8, 8 
14902, 8, 8 
47546, 8, 8 
16797, 8, 8 
14385, 8, 8 
32712, 8, 8 
3664, 8, 8 
8659, 8, 8 
20771, 8, 8 
19756, 8, 8 
4324, 8, 8 
36870, 8, 8 
49990, 8, 8 
40146, 8, 8 
5376, 8, 8 
17672, 8, 8 
59034, 8, 8 
19792, 8, 8 
20580, 8, 8 
31162, 8, 8 
33813, 8, 8 
38092, 8, 8 
32161, 8, 8 
29131, 8, 8 
19725, 8, 8 
33519, 8, 8 
13477, 8, 8 
10233, 8, 8 
14014, 8, 8 
3866, 8, 8 
52425, 8, 8 
6604, 8, 8 
54367, 8, 8 
54040, 8, 8 
33162, 8, 8 
41952, 8, 8 
3225, 8, 8 
5699, 8, 8 
55650, 8, 8 
21913, 8, 8 
55618, 8, 8 
47857, 8, 8 
51880, 8, 8 
56956, 8, 8 
5680, 8, 8 
45954, 8, 8 
58888, 8, 8 
50342, 8, 8 
5463, 8, 8 
1453, 8, 8 
43698, 8, 8 
34236, 8, 8 
22324, 8, 8 
52219, 8, 8 
5775, 8, 8 
47730, 8, 8 
28351, 8, 8 
1790, 8, 8 
50176, 8, 8 
30247, 8, 8 
41347, 8, 8 
10856, 8, 8 
33453, 8, 8 
47144, 8, 8 
3665, 8, 8 
50363, 8, 8 
54624, 8, 8 
49724, 8, 8 
51878, 8, 8 
51611, 8, 8 
36114, 8, 8 
13792, 8, 8 
19591, 8, 8 
37617, 8, 8 
59072, 8, 8 
29988, 8, 8 
47051, 8, 8 
55764, 8, 8 
36727, 8, 8 
40472, 8, 8 
14452, 8, 8 
20986, 8, 8 
17196, 8, 8 
31479, 8, 8 
36708, 8, 8 
18114, 8, 8 
18674, 8, 8 
55392, 8, 8 
34304, 8, 8 
23987, 8, 8 
47882, 8, 8 
57767, 8, 8 
1856, 8, 8 
17975, 8, 8 
43182, 8, 8 
32279, 8, 8 
3554, 8, 8 
26583, 8, 8 
14017, 8, 8 
41092, 8, 8 
7645, 8, 8 
31440, 8, 8 
34510, 8, 8 
14438, 8, 8 
34663, 8, 8 
2057, 8, 8 
43268, 8, 8 
12890, 8, 8 
26720, 8, 8 
36224, 8, 8 
46099, 8, 8 
53090, 8, 8 
2971, 8, 8 
10572, 8, 8 
19350, 8, 8 
3986, 8, 8 
50246, 8, 8 
4275, 8, 8 
36747, 8, 8 
43201, 8, 8 
53155, 8, 8 
49579, 8, 8 
46699, 8, 8 
4862, 8, 8 
51715, 8, 8 
27999, 8, 8 
35958, 8, 8 
37704, 8, 2 
52632, 8, 8 
12594, 8, 8 
9408, 8, 8 
15919, 8, 8 
10559, 8, 8 
7872, 8, 8 
10187, 8, 8 
7617, 8, 8 
9364, 8, 8 
34635, 8, 8 
16901, 8, 8 
13680, 8, 8 
37924, 8, 8 
28766, 8, 8 
39806, 8, 8 
37620, 8, 8 
30844, 8, 8 
48559, 8, 8 
56290, 8, 8 
13597, 8, 8 
25018, 8, 8 
54550, 8, 8 
2845, 8, 8 
7316, 8, 8 
7307, 8, 8 
39559, 8, 8 
38382, 8, 8 
52783, 8, 8 
30867, 8, 8 
9641, 8, 8 
35559, 8, 8 
30914, 8, 8 
51414, 8, 8 
12623, 8, 8 
54505, 8, 8 
45245, 8, 8 
8955, 8, 8 
57870, 8, 8 
517, 8, 8 
59834, 8, 8 
45082, 8, 8 
44683, 8, 8 
53721, 8, 8 
25879, 8, 8 
46756, 8, 8 
44123, 8, 8 
44163, 8, 8 
36944, 8, 8 
22526, 8, 8 
43242, 8, 8 
15341, 8, 8 
17999, 8, 8 
3281, 8, 8 
28226, 8, 8 
53556, 8, 8 
16752, 8, 8 
43099, 8, 8 
46528, 8, 8 
14173, 8, 8 
58371, 8, 8 
53913, 8, 8 
53043, 8, 8 
39519, 8, 8 
57611, 8, 8 
39530, 8, 8 
29431, 8, 8 
16860, 8, 8 
1384, 8, 8 
43097, 8, 8 
25081, 8, 8 
55122, 8, 8 
37460, 8, 8 
51411, 8, 8 
38476, 8, 8 
35044, 8, 8 
55218, 8, 8 
10733, 8, 8 
761, 8, 8 
58915, 8, 8 
12084, 8, 8 
40503, 8, 8 
21045, 8, 8 
49051, 8, 8 
18288, 8, 8 
27118, 8, 8 
46904, 8, 8 
54593, 8, 8 
45520, 8, 8 
44676, 8, 8 
15221, 8, 8 
55801, 8, 8 
36565, 8, 8 
52944, 8, 8 
47093, 8, 8 
52389, 8, 8 
9521, 8, 8 
55293, 8, 8 
47359, 8, 8 
3093, 8, 8 
57450, 8, 8 
27606, 8, 8 
56039, 8, 8 
24344, 8, 8 
25464, 8, 8 
55614, 8, 8 
11478, 8, 8 
4669, 8, 8 
24167, 8, 8 
27372, 8, 8 
51665, 8, 8 
16284, 8, 8 
46998, 8, 8 
12335, 8, 8 
16741, 8, 8 
33036, 8, 8 
53071, 8, 8 
17055, 8, 8 
12198, 8, 8 
50639, 8, 8 
48472, 8, 8 
37428, 8, 8 
27030, 8, 8 
43741, 8, 8 
24533, 8, 8 
16864, 8, 8 
7450, 8, 8 
45802, 8, 8 
14380, 8, 8 
5335, 8, 8 
14382, 8, 8 
51307, 8, 8 
46121, 8, 8 
3279, 8, 8 
38351, 8, 8 
19392, 8, 8 
9241, 8, 8 
23086, 8, 8 
58657, 8, 8 
45481, 8, 8 
3251, 8, 8 
19557, 8, 8 
46872, 8, 8 
30374, 8, 8 
37202, 8, 8 
44748, 8, 8 
29189, 8, 8 
44196, 8, 8 
28856, 8, 8 
44115, 8, 8 
37263, 8, 8 
2194, 8, 8 
6606, 8, 8 
42417, 8, 8 
35307, 8, 8 
45877, 8, 8 
44624, 8, 8 
16301, 8, 8 
58011, 8, 8 
29070, 8, 8 
85, 8, 8 
18798, 8, 8 
31832, 8, 8 
6203, 8, 8 
4834, 8, 8 
53865, 8, 8 
48540, 8, 8 
39355, 8, 8 
35129, 8, 8 
57616, 8, 8 
31355, 8, 8 
26520, 8, 8 
1319, 8, 8 
5548, 8, 8 
17291, 8, 8 
37396, 8, 8 
39662, 8, 8 
1404, 8, 6 
34225, 8, 8 
53181, 8, 8 
7021, 8, 8 
32874, 8, 8 
9925, 8, 8 
49496, 8, 8 
7539, 8, 8 
25043, 8, 8 
6942, 8, 8 
14941, 8, 8 
55107, 8, 8 
25146, 8, 8 
8441, 8, 8 
49400, 8, 8 
46387, 8, 8 
5916, 8, 8 
33439, 8, 8 
42533, 8, 8 
1067, 8, 8 
45027, 8, 8 
29092, 8, 8 
50762, 8, 8 
57832, 8, 8 
49999, 8, 8 
32349, 8, 8 
42990, 8, 8 
19025, 8, 8 
49756, 8, 8 
23368, 8, 8 
35916, 8, 8 
10012, 8, 8 
42076, 8, 8 
777, 8, 8 
27096, 8, 8 
7035, 8, 8 
1616, 8, 8 
19790, 8, 8 
31139, 8, 8 
45311, 8, 8 
18317, 8, 8 
8029, 8, 8 
21694, 8, 8 
18439, 8, 8 
5609, 8, 8 
33770, 8, 8 
10250, 8, 8 
7151, 8, 8 
57316, 8, 8 
4621, 8, 8 
43511, 8, 8 
29208, 8, 8 
11614, 8, 8 
54082, 8, 8 
29965, 8, 8 
35764, 8, 8 
56628, 8, 8 
49522, 8, 8 
59485, 8, 8 
5896, 8, 7 
12455, 8, 8 
41046, 8, 8 
37933, 8, 8 
46959, 8, 8 
10889, 8, 8 
29381, 8, 8 
58195, 8, 8 
42266, 8, 8 
41034, 8, 8 
34375, 8, 8 
8306, 8, 8 
44069, 8, 8 
44308, 8, 8 
31673, 8, 8 
38420, 8, 8 
25256, 8, 8 
36816, 8, 8 
46338, 8, 8 
30510, 8, 8 
11101, 8, 8 
56647, 8, 8 
16382, 8, 8 
24826, 8, 8 
16937, 8, 8 
47498, 8, 8 
15515, 8, 8 
13083, 8, 8 
43876, 8, 8 
49114, 8, 8 
12958, 8, 8 
35591, 8, 8 
9900, 8, 8 
26776, 8, 8 
19148, 8, 8 
59303, 8, 8 
10800, 8, 3 
38987, 8, 8 
57648, 8, 8 
54423, 8, 8 
39264, 8, 8 
10057, 8, 8 
20657, 8, 8 
2685, 8, 8 
1964, 8, 8 
8313, 8, 8 
10482, 8, 8 
54336, 8, 8 
3243, 8, 8 
51326, 8, 8 
9537, 8, 8 
43299, 8, 8 
49887, 8, 8 
18711, 8, 8 
39841, 8, 8 
32046, 8, 8 
53208, 8, 8 
10339, 8, 8 
57070, 8, 8 
55880, 8, 8 
38309, 8, 8 
56322, 8, 8 
39277, 8, 8 
22784, 8, 8 
50238, 8, 8 
38324, 8, 8 
37319, 8, 8 
57276, 8, 8 
59505, 8, 8 
44206, 8, 9 
57745, 8, 8 
30173, 8, 8 
39070, 8, 8 
26719, 8, 8 
54821, 8, 8 
29589, 8, 8 
50413, 8, 8 
14008, 8, 8 
50171, 8, 8 
40149, 8, 8 
48329, 8, 8 
31474, 8, 8 
30559, 8, 8 
55156, 8, 8 
28495, 8, 8 
16965, 8, 8 
29406, 9, 9 
56199, 9, 9 
45708, 9, 9 
33211, 9, 9 
28114, 9, 9 
51521, 9, 9 
40330, 9, 9 
27654, 9, 9 
56135, 9, 9 
14886, 9, 9 
50947, 9, 9 
24497, 9, 9 
49489, 9, 9 
39993, 9, 9 
24057, 9, 9 
56341, 9, 9 
59771, 9, 9 
27698, 9, 9 
52427, 9, 9 
58852, 9, 9 
31115, 9, 9 
44486, 9, 9 
8036, 9, 9 
12342, 9, 9 
40666, 9, 9 
1333, 9, 9 
53882, 9, 9 
53964, 9, 9 
33793, 9, 9 
58818, 9, 9 
29093, 9, 9 
6301, 9, 9 
43891, 9, 9 
14696, 9, 9 
20202, 9, 9 
50128, 9, 9 
15268, 9, 9 
41403, 9, 9 
7511, 9, 9 
54962, 9, 9 
13173, 9, 9 
53676, 9, 9 
57551, 9, 9 
20216, 9, 9 
39640, 9, 9 
42826, 9, 9 
23876, 9, 9 
58112, 9, 9 
28354, 9, 9 
12852, 9, 9 
41706, 9, 9 
27710, 9, 9 
5614, 9, 9 
17958, 9, 8 
10761, 9, 9 
11366, 9, 9 
34591, 9, 9 
36029, 9, 9 
33783, 9, 9 
42165, 9, 9 
3645, 9, 9 
23159, 9, 9 
43992, 9, 9 
31097, 9, 9 
7975, 9, 9 
20130, 9, 9 
35283, 9, 9 
18944, 9, 9 
39613, 9, 9 
35789, 9, 9 
14502, 9, 9 
37126, 9, 9 
40073, 9, 9 
38917, 9, 9 
133, 9, 9 
1122, 9, 9 
44600, 9, 9 
18024, 9, 9 
27730, 9, 9 
26558, 9, 9 
21302, 9, 9 
22296, 9, 9 
44592, 9, 9 
1878, 9, 9 
28215, 9, 9 
9247, 9, 9 
49549, 9, 9 
27391, 9, 9 
33212, 9, 9 
23327, 9, 9 
4547, 9, 9 
16776, 9, 9 
33531, 9, 9 
44547, 9, 9 
12050, 9, 9 
48802, 9, 9 
42668, 9, 9 
44438, 9, 9 
20444, 9, 9 
11669, 9, 9 
28774, 9, 9 
16413, 9, 9 
37681, 9, 9 
59817, 9, 9 
25168, 9, 9 
36782, 9, 9 
36083, 9, 9 
49227, 9, 9 
15489, 9, 9 
40328, 9, 9 
40215, 9, 9 
41684, 9, 9 
49710, 9, 9 
8085, 9, 9 
42438, 9, 3 
22072, 9, 9 
1794, 9, 9 
16934, 9, 9 
10685, 9, 9 
23366, 9, 9 
38353, 9, 9 
34764, 9, 9 
43253, 9, 9 
50927, 9, 9 
20316, 9, 9 
18698, 9, 9 
22552, 9, 9 
48634, 9, 9 
23111, 9, 9 
6010, 9, 9 
44075, 9, 9 
47082, 9, 9 
49747, 9, 9 
36567, 9, 9 
58264, 9, 9 
3967, 9, 9 
55064, 9, 9 
42796, 9, 9 
54251, 9, 9 
9673, 9, 9 
8358, 9, 9 
44559, 9, 9 
6625, 9, 9 
42845, 9, 9 
38552, 9, 9 
20445, 9, 9 
45388, 9, 9 
19814, 9, 9 
48344, 9, 9 
54592, 9, 9 
7936, 9, 9 
11732, 9, 9 
51253, 9, 9 
35941, 9, 9 
16480, 9, 9 
18731, 9, 9 
10387, 9, 9 
285, 9, 9 
36757, 9, 9 
22842, 9, 9 
19024, 9, 9 
20519, 9, 9 
51574, 9, 9 
29322, 9, 9 
48927, 9, 9 
39096, 9, 9 
19629, 9, 9 
33756, 9, 9 
39924, 9, 9 
17235, 9, 9 
49447, 9, 9 
11990, 9, 9 
35641, 9, 9 
9176, 9, 9 
40341, 9, 9 
31309, 9, 9 
42557, 9, 9 
38562, 9, 9 
33249, 9, 9 
25215, 9, 9 
7690, 9, 9 
48938, 9, 9 
19178, 9, 9 
51194, 9, 9 
39448, 9, 9 
19126, 9, 9 
7381, 9, 9 
56075, 9, 9 
50832, 9, 9 
46706, 9, 9 
24596, 9, 9 
49121, 9, 9 
32848, 9, 9 
17708, 9, 9 
32410, 9, 9 
37637, 9, 9 
5426, 9, 9 
520, 9, 9 
1736, 9, 9 
49177, 9, 9 
58332, 9, 9 
32555, 9, 9 
44376, 9, 9 
1751, 9, 9 
47017, 9, 9 
33721, 9, 9 
20248, 9, 9 
41497, 9, 9 
58918, 9, 9 
7541, 9, 9 
22050, 9, 9 
44008, 9, 9 
14796, 9, 9 
11474, 9, 9 
51708, 9, 9 
36860, 9, 9 
26108, 9, 9 
21145, 9, 9 
827, 9, 9 
26068, 9, 9 
24588, 9, 9 
30103, 9, 9 
11333, 9, 9 
23145, 9, 9 
4589, 9, 9 
53442, 9, 9 
40292, 9, 9 
35996, 9, 9 
31394, 9, 9 
3621, 9, 9 
14217, 9, 9 
7538, 9, 9 
19690, 9, 9 
18146, 9, 9 
14407, 9, 9 
46308, 9, 9 
37247, 9, 9 
36629, 9, 9 
56466, 9, 9 
56753, 9, 9 
14547, 9, 9 
17824, 9, 9 
51981, 9, 9 
38005, 9, 9 
55921, 9, 9 
39259, 9, 9 
34420, 9, 9 
24684, 9, 9 
58263, 9, 9 
36459, 9, 9 
11938, 9, 9 
44400, 9, 9 
3519, 9, 9 
50145, 9, 9 
40656, 9, 9 
8165, 9, 9 
11538, 9, 9 
32047, 9, 9 
51667, 9, 9 
16881, 9, 9 
25585, 9, 9 
24053, 9, 9 
36679, 9, 9 
53370, 9, 9 
11090, 9, 9 
21645, 9, 9 
17019, 9, 9 
58761, 9, 9 
58187, 9, 9 
46545, 9, 9 
24920, 9, 9 
52478, 9, 9 
7812, 9, 9 
35189, 9, 9 
11252, 9, 9 
20750, 9, 9 
26631, 9, 9 
22447, 9, 9 
34549, 9, 9 
25044, 9, 9 
280, 9, 9 
56480, 9, 9 
42808, 9, 9 
28873, 9, 9 
10539, 9, 9 
6019, 9, 9 
29305, 9, 9 
59027, 9, 9 
42289, 9, 9 
32201, 9, 9 
50391, 9, 9 
59566, 9, 9 
864, 9, 9 
58927, 9, 9 
3544, 9, 9 
51442, 9, 9 
1138, 9, 9 
7233, 9, 9 
14116, 9, 9 
51757, 9, 9 
59518, 9, 9 
38265, 9, 9 
44116, 9, 9 
57476, 9, 9 
42344, 9, 9 
49333, 9, 9 
17501, 9, 9 
54874, 9, 9 
10132, 9, 9 
12203, 9, 9 
12614, 9, 9 
49163, 9, 9 
38809, 9, 9 
26316, 9, 9 
20700, 9, 9 
29865, 9, 9 
40764, 9, 9 
26380, 9, 9 
35695, 9, 9 
54763, 9, 9 
52094, 9, 9 
29379, 9, 9 
14082, 9, 9 
23619, 9, 9 
15079, 9, 9 
19417, 9, 9 
34103, 9, 9 
59458, 9, 9 
55859, 9, 9 
49386, 9, 9 
26440, 9, 9 
40485, 9, 9 
47010, 9, 9 
18828, 9, 9 
31170, 9, 9 
52333, 9, 9 
24759, 9, 9 
3745, 9, 9 
19972, 9, 9 
17455, 9, 9 
47874, 9, 9 
19824, 9, 9 
42564, 9, 9 
4630, 9, 9 
31351, 9, 9 
6295, 9, 9 
21510, 9, 9 
35593, 9, 9 
54048, 9, 9 
17319, 9, 9 
27304, 9, 9 
41948, 9, 9 
8669, 9, 9 
40943, 9, 9 
46000, 9, 9 
5874, 9, 9 
13851, 9, 9 
49767, 9, 9 
45065, 9, 9 
11688, 9, 9 
30598, 9, 9 
49854, 9, 9 
45445, 9, 9 
48566, 9, 9 
24185, 9, 9 
26424, 9, 9 
11900, 9, 9 
32672, 9, 9 
32066, 9, 9 
32821, 9, 9 
49690, 9, 9 
8702, 9, 9 
7180, 9, 9 
20567, 9, 9 
21516, 9, 9 
154, 9, 9 
11582, 9, 9 
19030, 9, 9 
5219, 9, 9 
6174, 9, 9 
36162, 9, 9 
3316, 9, 9 
28523, 9, 9 
14580, 9, 9 
49128, 9, 9 
13425, 9, 9 
11313, 9, 9 
1355, 9, 9 
56157, 9, 9 
29281, 9, 9 
26518, 9, 9 
48616, 9, 9 
23512, 9, 9 
8301, 9, 9 
47261, 9, 9 
59888, 9, 9 
35724, 9, 9 
15072, 9, 9 
1103, 9, 9 
6961, 9, 9 
32552, 9, 9 
4594, 9, 9 
14627, 9, 9 
37919, 9, 9 
59131, 9, 9 
30660, 9, 9 
2763, 9, 9 
37123, 9, 9 
21869, 9, 9 
4350, 9, 9 
1623, 9, 9 
13687, 9, 9 
28574, 9, 9 
52030, 9, 9 
25478, 9, 9 
3773, 9, 9 
27815, 9, 9 
57033, 9, 9 
49793, 9, 9 
4161, 9, 9 
30603, 9, 9 
41196, 9, 9 
54098, 9, 9 
23423, 9, 9 
20164, 9, 9 
20773, 9, 7 
58054, 9, 9 
37359, 9, 9 
7217, 9, 9 
19220, 9, 9 
51945, 9, 9 
31094, 9, 9 
42106, 9, 9 
42696, 9, 9 
16152, 9, 9 
30537, 9, 9 
42727, 9, 9 
36973, 9, 9 
23950, 9, 9 
29286, 9, 9 
47489, 9, 9 
19, 9, 9 
16515, 9, 9 
41701, 9, 9 
40584, 9, 9 
12202, 9, 9 
54520, 9, 9 
42298, 9, 9 
55375, 9, 9 
30505, 9, 9 
54843, 9, 9 
41563, 9, 9 
18756, 9, 9 
6162, 9, 9 
20788, 9, 9 
33380, 9, 9 
3346, 9, 9 
36420, 9, 9 
39569, 9, 9 
44645, 9, 9 
24494, 9, 9 
12297, 9, 9 
26764, 9, 9 
3322, 9, 9 
1811, 9, 9 
52214, 9, 9 
43950, 9, 9 
59164, 9, 9 
10070, 9, 9 
33576, 9, 9 
30987, 9, 9 
23542, 9, 9 
33041, 9, 9 
21040, 9, 9 
25258, 9, 9 
5893, 9, 9 
17903, 9, 9 
31923, 9, 9 
29738, 9, 9 
5523, 9, 9 
6067, 9, 9 
14216, 9, 9 
48940, 9, 9 
33443, 9, 9 
45163, 9, 9 
59496, 9, 9 
34824, 9, 9 
25865, 9, 9 
27734, 9, 9 
17826, 9, 9 
5544, 9, 9 
58499, 9, 9 
26845, 9, 9 
49973, 9, 9 
5062, 9, 9 
37306, 9, 9 
38905, 9, 9 
19992, 9, 9 
52923, 9, 9 
16727, 9, 9 
