id, true label, predicted label 
58829, 0, 0 
50185, 0, 0 
4347, 0, 0 
15524, 0, 0 
33136, 0, 0 
27247, 0, 0 
12150, 0, 0 
32781, 0, 0 
3461, 0, 0 
10840, 0, 0 
56005, 0, 0 
23108, 0, 0 
19689, 0, 0 
35800, 0, 0 
31778, 0, 0 
42634, 0, 0 
5512, 0, 0 
29468, 0, 0 
51669, 0, 0 
57161, 0, 0 
6103, 0, 0 
57917, 0, 0 
20487, 0, 0 
44023, 0, 0 
39279, 0, 0 
53957, 0, 0 
49675, 0, 0 
46479, 0, 0 
38411, 0, 0 
33512, 0, 0 
40421, 0, 0 
51121, 0, 0 
40103, 0, 0 
4532, 0, 0 
23067, 0, 0 
41412, 0, 0 
43258, 0, 0 
12907, 0, 0 
22601, 0, 0 
5938, 0, 0 
7978, 0, 0 
29055, 0, 0 
36371, 0, 0 
42801, 0, 0 
8284, 0, 0 
12140, 0, 0 
6968, 0, 0 
37467, 0, 0 
13408, 0, 0 
8272, 0, 0 
43662, 0, 0 
43134, 0, 0 
59712, 0, 0 
29474, 0, 0 
34555, 0, 0 
8812, 0, 0 
26784, 0, 0 
7355, 0, 0 
27477, 0, 0 
33214, 0, 0 
427, 0, 0 
45235, 0, 0 
6935, 0, 0 
21848, 0, 0 
4748, 0, 0 
46054, 0, 0 
33003, 0, 0 
4624, 0, 0 
32514, 0, 0 
4279, 0, 0 
39306, 0, 0 
35067, 0, 0 
2919, 0, 0 
44076, 0, 0 
44675, 0, 0 
49281, 0, 0 
51533, 0, 0 
8935, 0, 0 
11022, 0, 0 
36213, 0, 0 
59878, 0, 0 
34152, 0, 0 
15383, 0, 0 
34451, 0, 0 
41296, 0, 0 
56609, 0, 0 
9790, 0, 0 
24645, 0, 0 
37335, 0, 0 
1645, 0, 0 
55275, 0, 0 
26139, 0, 0 
42674, 0, 0 
16423, 0, 0 
23395, 0, 0 
17187, 0, 0 
43387, 0, 0 
58073, 0, 0 
35982, 0, 0 
55806, 0, 0 
26178, 0, 0 
23914, 0, 0 
42358, 0, 0 
23093, 0, 0 
18064, 0, 0 
51627, 0, 0 
6292, 0, 0 
52995, 0, 0 
50423, 0, 0 
22046, 0, 0 
41789, 0, 0 
11742, 0, 0 
19612, 0, 0 
27854, 0, 0 
23845, 0, 0 
26608, 0, 0 
1897, 0, 0 
11807, 0, 0 
54290, 0, 0 
57298, 0, 0 
16817, 0, 0 
25512, 0, 0 
40400, 0, 0 
6648, 0, 0 
45589, 0, 0 
44599, 0, 0 
9874, 0, 0 
10168, 0, 0 
54502, 0, 0 
35148, 0, 0 
27394, 0, 0 
849, 0, 0 
12666, 0, 0 
20688, 0, 0 
29599, 0, 0 
54515, 0, 0 
53118, 0, 0 
25529, 0, 0 
42499, 0, 0 
18650, 0, 0 
28203, 0, 0 
31165, 0, 0 
50629, 0, 0 
7846, 0, 0 
31321, 0, 0 
49939, 0, 0 
21909, 0, 0 
29559, 0, 0 
4951, 0, 0 
44243, 0, 0 
21358, 0, 0 
11295, 0, 0 
56635, 0, 0 
49354, 0, 0 
41288, 0, 0 
55805, 0, 0 
11657, 0, 0 
56950, 0, 0 
59337, 0, 0 
34051, 0, 0 
1664, 0, 0 
47791, 0, 0 
56968, 0, 0 
52228, 0, 0 
8369, 0, 0 
13467, 0, 0 
47552, 0, 0 
43149, 0, 0 
20141, 0, 0 
8288, 0, 0 
6538, 0, 0 
33043, 0, 0 
42157, 0, 0 
38035, 0, 0 
26427, 0, 0 
28818, 0, 0 
13798, 0, 0 
23606, 0, 0 
16151, 0, 0 
17534, 0, 0 
19604, 0, 0 
5927, 0, 0 
36848, 0, 0 
23124, 0, 0 
42783, 0, 0 
13454, 0, 0 
27429, 0, 0 
31079, 0, 0 
34854, 0, 0 
53684, 0, 0 
40457, 0, 0 
44411, 0, 0 
49528, 0, 0 
38315, 0, 0 
54600, 0, 0 
51826, 0, 0 
48167, 0, 0 
37714, 0, 0 
27109, 0, 0 
58408, 0, 0 
11060, 0, 0 
46562, 0, 0 
19009, 0, 0 
776, 0, 0 
9158, 0, 0 
45384, 0, 0 
1000, 0, 0 
39039, 0, 0 
45042, 0, 0 
14329, 0, 0 
31116, 0, 0 
31020, 0, 0 
52135, 0, 0 
48207, 0, 0 
34016, 0, 0 
6076, 0, 0 
30891, 0, 0 
35660, 0, 0 
38123, 0, 0 
55617, 0, 0 
10240, 0, 0 
23741, 0, 0 
16941, 0, 0 
17693, 0, 0 
27401, 0, 0 
56512, 0, 0 
17245, 0, 0 
18991, 0, 0 
11231, 0, 0 
52130, 0, 0 
28221, 0, 0 
5888, 0, 0 
50749, 0, 0 
52629, 0, 0 
33496, 0, 0 
20215, 0, 0 
28543, 0, 0 
43423, 0, 0 
26820, 0, 0 
59487, 0, 0 
27280, 0, 0 
44127, 0, 0 
21586, 0, 0 
17881, 0, 0 
24445, 0, 0 
21890, 0, 0 
57034, 0, 0 
52226, 0, 0 
47150, 0, 0 
40780, 0, 0 
10128, 0, 0 
35431, 0, 0 
81, 0, 0 
24151, 0, 0 
19646, 0, 0 
32899, 0, 0 
42277, 0, 0 
57326, 0, 0 
52930, 0, 0 
51774, 0, 0 
38873, 0, 0 
57645, 0, 0 
37678, 0, 0 
25957, 0, 0 
23301, 0, 0 
41357, 0, 0 
15442, 0, 0 
32746, 0, 0 
58229, 0, 0 
15761, 0, 0 
23032, 0, 0 
19550, 0, 0 
46114, 0, 0 
50240, 0, 0 
26422, 0, 0 
29378, 0, 0 
54835, 0, 0 
28821, 0, 0 
31509, 0, 0 
22213, 0, 0 
229, 0, 0 
5074, 0, 0 
27307, 0, 0 
59099, 0, 0 
44448, 0, 0 
15904, 0, 0 
20814, 0, 0 
31195, 0, 0 
6228, 0, 0 
48929, 0, 0 
18538, 0, 0 
14269, 0, 0 
53355, 0, 0 
30871, 0, 0 
45905, 0, 0 
50526, 0, 0 
54421, 0, 0 
25773, 0, 0 
27318, 0, 0 
35663, 0, 0 
56522, 0, 0 
15628, 0, 0 
57176, 0, 0 
43276, 0, 0 
44750, 0, 0 
27638, 0, 0 
53814, 0, 0 
47887, 0, 0 
2373, 0, 0 
47976, 0, 0 
47860, 0, 0 
32151, 0, 0 
51797, 0, 0 
42275, 0, 0 
14613, 0, 0 
25980, 0, 0 
8703, 0, 0 
28647, 0, 0 
42913, 0, 0 
24078, 0, 0 
16758, 0, 0 
9196, 0, 0 
32946, 0, 0 
21910, 0, 0 
52865, 0, 0 
6316, 0, 0 
26836, 0, 0 
1386, 0, 0 
27580, 0, 0 
27811, 0, 0 
46926, 0, 0 
17449, 0, 0 
38686, 0, 0 
24777, 0, 0 
45908, 0, 0 
943, 0, 0 
35994, 0, 0 
44859, 0, 0 
9197, 0, 0 
47786, 0, 0 
33739, 0, 0 
5115, 0, 0 
50291, 0, 0 
29203, 0, 0 
53562, 0, 0 
20591, 0, 0 
27663, 0, 0 
29903, 0, 0 
49304, 0, 0 
41856, 0, 0 
59418, 0, 0 
21602, 0, 0 
42965, 0, 0 
56868, 0, 0 
54783, 0, 0 
4203, 0, 0 
47005, 0, 0 
40240, 0, 0 
743, 0, 0 
5321, 0, 0 
7281, 0, 0 
10564, 0, 0 
57575, 0, 0 
20801, 0, 0 
5886, 0, 0 
10773, 0, 0 
7911, 0, 0 
13726, 0, 0 
6923, 0, 0 
32423, 0, 0 
34737, 0, 0 
26722, 0, 0 
17479, 0, 0 
1877, 0, 0 
17725, 0, 0 
46339, 0, 0 
46703, 0, 0 
5187, 0, 0 
35700, 0, 0 
49086, 0, 0 
3410, 0, 0 
43811, 0, 0 
49387, 0, 0 
39714, 0, 0 
28714, 0, 0 
47135, 0, 0 
52639, 0, 0 
55680, 0, 0 
9027, 0, 0 
56377, 0, 0 
11993, 0, 0 
24615, 0, 0 
47294, 0, 0 
46439, 0, 0 
49471, 0, 0 
39119, 0, 0 
6970, 0, 0 
4284, 0, 0 
48039, 0, 0 
46822, 0, 0 
20334, 0, 0 
37452, 0, 0 
49429, 0, 0 
54003, 0, 0 
57397, 0, 0 
29520, 0, 0 
27114, 0, 0 
46653, 0, 0 
38177, 0, 0 
42559, 0, 0 
15311, 0, 0 
32493, 0, 0 
33843, 0, 0 
56219, 0, 0 
51404, 0, 0 
54475, 0, 0 
2195, 0, 0 
787, 0, 0 
17381, 0, 0 
49780, 0, 0 
30665, 0, 0 
47452, 0, 0 
49974, 0, 0 
58313, 0, 0 
4289, 0, 0 
43701, 0, 0 
16761, 0, 0 
19119, 0, 0 
25942, 0, 0 
41696, 0, 0 
12872, 0, 0 
5194, 0, 0 
16227, 0, 0 
50344, 0, 0 
53298, 0, 0 
11914, 0, 0 
51365, 0, 0 
15901, 0, 0 
41156, 0, 0 
11701, 0, 0 
1423, 0, 0 
38042, 0, 0 
49013, 0, 0 
47124, 0, 0 
19594, 0, 0 
15142, 0, 0 
3691, 0, 0 
4505, 0, 0 
1682, 0, 0 
16122, 0, 0 
458, 0, 0 
20349, 0, 0 
26262, 0, 0 
59353, 0, 0 
41729, 0, 0 
56397, 0, 0 
29235, 0, 0 
54235, 0, 0 
54486, 0, 0 
40471, 0, 0 
2051, 0, 0 
52429, 0, 0 
1999, 0, 0 
8129, 0, 0 
10916, 0, 0 
17285, 0, 0 
18113, 0, 0 
2440, 0, 0 
44862, 0, 0 
18212, 0, 0 
52593, 0, 0 
57395, 0, 0 
49575, 0, 0 
9707, 0, 0 
31535, 0, 0 
59784, 0, 0 
30293, 0, 0 
15454, 0, 0 
38138, 0, 0 
8093, 0, 0 
19979, 0, 0 
47914, 0, 0 
5353, 0, 0 
13371, 0, 0 
30425, 0, 0 
37752, 0, 0 
19543, 0, 0 
4852, 0, 0 
23601, 0, 0 
28423, 0, 0 
19061, 0, 0 
47997, 0, 0 
15065, 0, 0 
57288, 0, 0 
57995, 0, 0 
48578, 0, 0 
519, 0, 0 
524, 0, 0 
25729, 0, 0 
54549, 0, 0 
54019, 1, 1 
17638, 1, 1 
41332, 1, 1 
15649, 1, 1 
10659, 1, 1 
55386, 1, 1 
54544, 1, 1 
24288, 1, 1 
44679, 1, 1 
12918, 1, 1 
22025, 1, 1 
40635, 1, 1 
14986, 1, 1 
57069, 1, 1 
40024, 1, 1 
30737, 1, 1 
21402, 1, 1 
38398, 1, 1 
16371, 1, 1 
24563, 1, 1 
36968, 1, 1 
56456, 1, 1 
4137, 1, 1 
56810, 1, 1 
50772, 1, 1 
39661, 1, 1 
46705, 1, 1 
35094, 1, 1 
10922, 1, 1 
23886, 1, 7 
57775, 1, 1 
57830, 1, 1 
6558, 1, 1 
8382, 1, 1 
32921, 1, 1 
10420, 1, 1 
25352, 1, 1 
37330, 1, 1 
44339, 1, 1 
20912, 1, 1 
16367, 1, 1 
50682, 1, 1 
12375, 1, 1 
9796, 1, 1 
49840, 1, 1 
19176, 1, 1 
53147, 1, 1 
36864, 1, 1 
42967, 1, 1 
42510, 1, 1 
36265, 1, 1 
1627, 1, 1 
35109, 1, 1 
11404, 1, 1 
19613, 1, 1 
39364, 1, 1 
45253, 1, 1 
6277, 1, 1 
33774, 1, 1 
51813, 1, 1 
17243, 1, 1 
35820, 1, 1 
35496, 1, 1 
23133, 1, 1 
30043, 1, 1 
51136, 1, 1 
12809, 1, 1 
22207, 1, 1 
27012, 1, 1 
14758, 1, 1 
48395, 1, 1 
6570, 1, 1 
44705, 1, 1 
43801, 1, 1 
57322, 1, 1 
10020, 1, 1 
34269, 1, 1 
17129, 1, 1 
1132, 1, 1 
3113, 1, 1 
10040, 1, 1 
11278, 1, 1 
25885, 1, 1 
29902, 1, 1 
18790, 1, 1 
32447, 1, 1 
12040, 1, 1 
52031, 1, 1 
19421, 1, 1 
20627, 1, 1 
49606, 1, 1 
39362, 1, 1 
39441, 1, 1 
23523, 1, 1 
37154, 1, 1 
56252, 1, 1 
31526, 1, 1 
15068, 1, 1 
44648, 1, 1 
17473, 1, 1 
23984, 1, 1 
18339, 1, 1 
17488, 1, 1 
37139, 1, 1 
11156, 1, 1 
29532, 1, 1 
10048, 1, 1 
19136, 1, 1 
6463, 1, 1 
39185, 1, 1 
12041, 1, 1 
34467, 1, 1 
41954, 1, 1 
52916, 1, 1 
14503, 1, 1 
38487, 1, 1 
59697, 1, 1 
16345, 1, 1 
2938, 1, 1 
31209, 1, 1 
50083, 1, 1 
17554, 1, 1 
15182, 1, 1 
26167, 1, 1 
22173, 1, 1 
16348, 1, 1 
23238, 1, 1 
7027, 1, 1 
40561, 1, 1 
12038, 1, 1 
3604, 1, 1 
14964, 1, 1 
2202, 1, 1 
12056, 1, 1 
34938, 1, 1 
28819, 1, 1 
51287, 1, 1 
49002, 1, 1 
42156, 1, 1 
54177, 1, 1 
22831, 1, 1 
8987, 1, 1 
23660, 1, 1 
50914, 1, 1 
52657, 1, 1 
2719, 1, 1 
40045, 1, 1 
25202, 1, 1 
783, 1, 1 
224, 1, 1 
23132, 1, 1 
6021, 1, 1 
28411, 1, 1 
30441, 1, 1 
46173, 1, 1 
15903, 1, 1 
54605, 1, 1 
56603, 1, 1 
23473, 1, 1 
14685, 1, 1 
59750, 1, 1 
19997, 1, 1 
17727, 1, 1 
3237, 1, 1 
17875, 1, 1 
15789, 1, 1 
18707, 1, 1 
15684, 1, 1 
13701, 1, 1 
29603, 1, 1 
49357, 1, 1 
47200, 1, 1 
36571, 1, 1 
46058, 1, 1 
38480, 1, 1 
59199, 1, 1 
20443, 1, 1 
19731, 1, 1 
10834, 1, 1 
24, 1, 1 
25822, 1, 1 
1084, 1, 1 
13649, 1, 1 
33183, 1, 1 
34679, 1, 1 
11249, 1, 1 
6951, 1, 1 
27330, 1, 1 
39838, 1, 1 
40314, 1, 1 
21765, 1, 1 
4069, 1, 1 
30866, 1, 1 
48022, 1, 1 
4815, 1, 1 
14498, 1, 1 
1031, 1, 1 
10152, 1, 1 
4534, 1, 1 
55371, 1, 1 
58434, 1, 1 
13947, 1, 1 
10878, 1, 1 
46916, 1, 1 
59036, 1, 1 
29949, 1, 1 
11050, 1, 1 
25983, 1, 1 
16608, 1, 1 
45182, 1, 1 
10580, 1, 1 
16614, 1, 1 
56261, 1, 1 
27034, 1, 1 
28513, 1, 1 
48363, 1, 1 
982, 1, 1 
59958, 1, 1 
51426, 1, 1 
3468, 1, 1 
30200, 1, 1 
11968, 1, 1 
24436, 1, 1 
11043, 1, 1 
50194, 1, 1 
33480, 1, 1 
10562, 1, 1 
25910, 1, 1 
4149, 1, 1 
45092, 1, 1 
27245, 1, 1 
58830, 1, 1 
52120, 1, 1 
2988, 1, 1 
42424, 1, 1 
31908, 1, 1 
3996, 1, 1 
2870, 1, 1 
49395, 1, 1 
33045, 1, 1 
13177, 1, 1 
10301, 1, 1 
12643, 1, 1 
28964, 1, 1 
10448, 1, 1 
59616, 1, 1 
48461, 1, 1 
13631, 1, 1 
15224, 1, 1 
43269, 1, 1 
52342, 1, 1 
35089, 1, 1 
1734, 1, 1 
33279, 1, 1 
55635, 1, 1 
23255, 1, 1 
28681, 1, 1 
10318, 1, 1 
41282, 1, 1 
7696, 1, 1 
35357, 1, 1 
26059, 1, 1 
41748, 1, 1 
16988, 1, 1 
49521, 1, 1 
1815, 1, 1 
25064, 1, 1 
26914, 1, 1 
36633, 1, 1 
52248, 1, 1 
55306, 1, 1 
10416, 1, 1 
54143, 1, 1 
50678, 1, 1 
11883, 1, 1 
47545, 1, 1 
2716, 1, 1 
28695, 1, 1 
11543, 1, 1 
49260, 1, 1 
47830, 1, 1 
43764, 1, 1 
40071, 1, 1 
38056, 1, 1 
44324, 1, 1 
52530, 1, 1 
14079, 1, 1 
20875, 1, 1 
41205, 1, 1 
8255, 1, 1 
26925, 1, 1 
19968, 1, 1 
38337, 1, 1 
40315, 1, 1 
53750, 1, 1 
18940, 1, 1 
24168, 1, 1 
2355, 1, 1 
35552, 1, 1 
26502, 1, 1 
48844, 1, 1 
43411, 1, 1 
12241, 1, 1 
48454, 1, 1 
31084, 1, 1 
37725, 1, 1 
28793, 1, 1 
10982, 1, 1 
40273, 1, 1 
54824, 1, 1 
5520, 1, 1 
43684, 1, 1 
14853, 1, 1 
12722, 1, 1 
8070, 1, 1 
17669, 1, 1 
31048, 1, 1 
366, 1, 1 
47490, 1, 1 
40864, 1, 1 
35699, 1, 1 
56831, 1, 1 
59414, 1, 1 
29227, 1, 1 
41518, 1, 1 
16362, 1, 1 
28794, 1, 1 
40348, 1, 1 
57647, 1, 1 
12793, 1, 1 
25118, 1, 1 
37378, 1, 1 
37629, 1, 1 
31487, 1, 1 
40516, 1, 1 
23585, 1, 1 
43879, 1, 1 
14041, 1, 1 
27831, 1, 1 
35008, 1, 1 
45205, 1, 1 
27885, 1, 1 
5842, 1, 1 
27821, 1, 1 
55214, 1, 1 
51493, 1, 1 
8162, 1, 1 
26905, 1, 1 
54380, 1, 1 
13283, 1, 1 
50023, 1, 1 
54968, 1, 1 
39554, 1, 1 
15385, 1, 1 
48027, 1, 1 
8992, 1, 1 
19918, 1, 1 
35829, 1, 1 
49245, 1, 1 
41956, 1, 1 
55317, 1, 1 
20898, 1, 1 
18942, 1, 1 
45677, 1, 1 
52731, 1, 1 
58963, 1, 1 
31045, 1, 1 
49557, 1, 1 
16656, 1, 1 
4070, 1, 1 
18899, 1, 1 
27967, 1, 1 
52614, 1, 1 
22462, 1, 1 
8051, 1, 1 
33385, 1, 1 
609, 1, 1 
3725, 1, 1 
43784, 1, 1 
48611, 1, 1 
57849, 1, 1 
25853, 1, 1 
51529, 1, 1 
9331, 1, 1 
24711, 1, 1 
5395, 1, 1 
29518, 1, 1 
42132, 1, 1 
31701, 1, 1 
47338, 1, 1 
24996, 1, 1 
52984, 1, 1 
20829, 1, 1 
46792, 1, 1 
42093, 1, 1 
34723, 1, 1 
44432, 1, 1 
23417, 1, 1 
47259, 1, 1 
21702, 1, 1 
24895, 1, 1 
17806, 1, 1 
14327, 1, 1 
3898, 1, 1 
1230, 1, 1 
10842, 1, 1 
45331, 1, 1 
7345, 1, 1 
3963, 1, 1 
1060, 1, 1 
38545, 1, 1 
30146, 1, 1 
49087, 1, 1 
57516, 1, 1 
2807, 1, 1 
351, 1, 1 
51566, 1, 1 
15157, 1, 1 
11178, 1, 1 
553, 1, 1 
47982, 1, 1 
14154, 1, 1 
38831, 1, 1 
49326, 1, 1 
29041, 1, 1 
14860, 1, 1 
59965, 1, 1 
20348, 1, 1 
33800, 1, 1 
29233, 1, 1 
5090, 1, 1 
29883, 1, 1 
45861, 1, 1 
16061, 1, 1 
6554, 1, 1 
29125, 1, 1 
20810, 1, 1 
55931, 1, 1 
6931, 1, 1 
35367, 1, 1 
44418, 1, 1 
13581, 1, 1 
30649, 1, 1 
56910, 1, 1 
43704, 1, 1 
53871, 1, 1 
56384, 1, 1 
57888, 1, 1 
22639, 1, 1 
40796, 1, 1 
58481, 1, 1 
55222, 1, 1 
57317, 1, 1 
38522, 1, 1 
4750, 1, 1 
9260, 1, 1 
16392, 1, 1 
48537, 1, 1 
19440, 1, 1 
28355, 1, 1 
31420, 1, 1 
52082, 1, 1 
47796, 1, 1 
54557, 1, 1 
37289, 1, 1 
13090, 1, 1 
47527, 1, 1 
57673, 1, 1 
10268, 1, 1 
14606, 1, 1 
6877, 1, 1 
13372, 1, 1 
25414, 1, 1 
5239, 1, 1 
53040, 1, 1 
47041, 1, 1 
9942, 1, 1 
11051, 1, 1 
58397, 1, 1 
23818, 1, 1 
34008, 1, 1 
9653, 1, 1 
24139, 1, 1 
52451, 1, 1 
19339, 1, 1 
24086, 1, 1 
23532, 1, 1 
12071, 1, 1 
23554, 1, 1 
50222, 1, 1 
32675, 1, 1 
41269, 1, 1 
7720, 1, 1 
33600, 1, 1 
21535, 1, 1 
38985, 1, 1 
19346, 1, 1 
34585, 1, 1 
40248, 1, 1 
41879, 1, 1 
30122, 2, 2 
13586, 2, 2 
36374, 2, 2 
54297, 2, 2 
36147, 2, 2 
31096, 2, 2 
10406, 2, 2 
26357, 2, 2 
27520, 2, 2 
51835, 2, 2 
4371, 2, 2 
34848, 2, 2 
59374, 2, 2 
26632, 2, 2 
15823, 2, 2 
6743, 2, 2 
28091, 2, 2 
15262, 2, 2 
36120, 2, 2 
30102, 2, 2 
30530, 2, 2 
20944, 2, 2 
44186, 2, 2 
2976, 2, 2 
35445, 2, 2 
19129, 2, 2 
51959, 2, 2 
53585, 2, 2 
22856, 2, 2 
19999, 2, 2 
26447, 2, 2 
45149, 2, 2 
40881, 2, 2 
48681, 2, 2 
49951, 2, 2 
48277, 2, 2 
12234, 2, 2 
42583, 2, 2 
58964, 2, 2 
28811, 2, 2 
17909, 2, 2 
19432, 2, 2 
20917, 2, 2 
37258, 2, 2 
40847, 2, 2 
25459, 2, 2 
33414, 2, 2 
10113, 2, 2 
19391, 2, 2 
17912, 2, 2 
33941, 2, 2 
46606, 2, 2 
34214, 2, 2 
1270, 2, 2 
8002, 2, 2 
17353, 2, 2 
55969, 2, 2 
12861, 2, 2 
28112, 2, 2 
16857, 2, 2 
15917, 2, 2 
48799, 2, 2 
23330, 2, 2 
2104, 2, 2 
37974, 2, 2 
6944, 2, 2 
3339, 2, 2 
28140, 2, 2 
43681, 2, 2 
50802, 2, 2 
50563, 2, 2 
7827, 2, 2 
43479, 2, 2 
29334, 2, 2 
24844, 2, 2 
18097, 2, 2 
16294, 2, 2 
1714, 2, 2 
53825, 2, 2 
37734, 2, 2 
23087, 2, 2 
45920, 2, 2 
47907, 2, 2 
38401, 2, 2 
9231, 2, 2 
29081, 2, 2 
59667, 2, 2 
35443, 2, 2 
1715, 2, 2 
13277, 2, 2 
59157, 2, 2 
15295, 2, 2 
14230, 2, 2 
22280, 2, 2 
56340, 2, 2 
7523, 2, 2 
40027, 2, 2 
19688, 2, 2 
53323, 2, 2 
28218, 2, 2 
49067, 2, 2 
22070, 2, 2 
14373, 2, 2 
3200, 2, 2 
5415, 2, 2 
19271, 2, 2 
27239, 2, 2 
40539, 2, 2 
24803, 2, 2 
46887, 2, 2 
42562, 2, 2 
27223, 2, 2 
39929, 2, 2 
43514, 2, 2 
10603, 2, 2 
5656, 2, 2 
17115, 2, 2 
20042, 2, 2 
39342, 2, 2 
41417, 2, 2 
47238, 2, 2 
22200, 2, 2 
50977, 2, 2 
30811, 2, 2 
46997, 2, 2 
56088, 2, 2 
58000, 2, 2 
48527, 2, 2 
5890, 2, 2 
23701, 2, 2 
43117, 2, 2 
31483, 2, 2 
5528, 2, 2 
59903, 2, 2 
10016, 2, 2 
32057, 2, 2 
49425, 2, 2 
30317, 2, 2 
33489, 2, 2 
51808, 2, 2 
36167, 2, 2 
33672, 2, 2 
52403, 2, 2 
3413, 2, 2 
28077, 2, 2 
696, 2, 2 
34095, 2, 2 
18206, 2, 2 
19939, 2, 2 
5065, 2, 2 
24674, 2, 2 
11271, 2, 2 
21053, 2, 2 
47101, 2, 2 
1754, 2, 2 
33075, 2, 2 
54866, 2, 2 
21813, 2, 2 
40416, 2, 2 
41721, 2, 2 
30055, 2, 2 
50753, 2, 2 
29851, 2, 2 
46115, 2, 2 
49555, 2, 2 
7257, 2, 2 
22500, 2, 2 
43617, 2, 2 
39739, 2, 2 
18634, 2, 2 
55209, 2, 2 
20629, 2, 2 
22688, 2, 2 
10207, 2, 2 
21638, 2, 2 
13287, 2, 2 
49605, 2, 2 
59167, 2, 2 
36868, 2, 2 
29413, 2, 2 
34961, 2, 2 
37437, 2, 2 
16654, 2, 2 
25807, 2, 2 
39146, 2, 2 
32418, 2, 2 
32763, 2, 2 
57894, 2, 2 
55188, 2, 2 
58572, 2, 2 
41860, 2, 2 
53017, 2, 2 
56372, 2, 2 
40183, 2, 2 
45885, 2, 2 
38784, 2, 2 
37440, 2, 2 
29657, 2, 2 
8007, 2, 2 
56223, 2, 2 
21443, 2, 2 
55433, 2, 2 
25672, 2, 2 
39655, 2, 2 
57649, 2, 2 
4603, 2, 2 
38275, 2, 2 
46974, 2, 2 
58831, 2, 2 
42532, 2, 2 
41687, 2, 2 
43345, 2, 2 
54168, 2, 2 
28268, 2, 2 
21911, 2, 2 
7484, 2, 2 
16237, 2, 2 
6168, 2, 2 
59011, 2, 2 
9092, 2, 2 
30477, 2, 2 
22236, 2, 2 
29519, 2, 2 
17153, 2, 2 
47652, 2, 2 
25294, 2, 2 
42219, 2, 2 
16200, 2, 2 
24182, 2, 2 
27113, 2, 2 
1374, 2, 2 
28494, 2, 2 
58841, 2, 2 
10072, 2, 2 
28950, 2, 2 
58533, 2, 2 
54271, 2, 2 
42717, 2, 2 
22133, 2, 2 
6771, 2, 2 
32212, 2, 2 
2812, 2, 2 
49735, 2, 2 
45500, 2, 2 
8102, 2, 2 
24177, 2, 2 
588, 2, 2 
28068, 2, 2 
46510, 2, 2 
23777, 2, 2 
50271, 2, 2 
23934, 2, 2 
57191, 2, 2 
35992, 2, 2 
35872, 2, 2 
36326, 2, 2 
13552, 2, 2 
12784, 2, 2 
18213, 2, 2 
32525, 2, 2 
15679, 2, 2 
14273, 2, 2 
44657, 2, 2 
38665, 2, 2 
30970, 2, 2 
55952, 2, 2 
17202, 2, 2 
3607, 2, 2 
36127, 2, 2 
25564, 2, 2 
6044, 2, 2 
18815, 2, 2 
43113, 2, 2 
5509, 2, 2 
56100, 2, 2 
45459, 2, 2 
56154, 2, 2 
36335, 2, 2 
41936, 2, 2 
42866, 2, 2 
25677, 2, 2 
41197, 2, 2 
36009, 2, 2 
24015, 2, 2 
51721, 2, 2 
38330, 2, 2 
18147, 2, 2 
24010, 2, 2 
59093, 2, 2 
47529, 2, 2 
34620, 2, 2 
9776, 2, 2 
14163, 2, 2 
37145, 2, 2 
43547, 2, 2 
36833, 2, 2 
12672, 2, 2 
27122, 2, 2 
33727, 2, 2 
8670, 2, 2 
13484, 2, 2 
1011, 2, 2 
1841, 2, 2 
27331, 2, 2 
18413, 2, 2 
19903, 2, 2 
42513, 2, 2 
33775, 2, 2 
46408, 2, 2 
6633, 2, 2 
50705, 2, 2 
58472, 2, 2 
45464, 2, 2 
32202, 2, 2 
35510, 2, 2 
14091, 2, 2 
58297, 2, 2 
29770, 2, 2 
56055, 2, 2 
21470, 2, 2 
27641, 2, 2 
16328, 2, 2 
41766, 2, 2 
34850, 2, 2 
2346, 2, 2 
37630, 2, 2 
14711, 2, 2 
41276, 2, 7 
7942, 2, 2 
18651, 2, 2 
43122, 2, 2 
51530, 2, 2 
693, 2, 2 
44334, 2, 2 
35161, 2, 2 
15585, 2, 2 
17927, 2, 2 
2748, 2, 2 
30492, 2, 2 
23325, 2, 2 
38438, 2, 2 
10687, 2, 2 
3930, 2, 2 
20960, 2, 2 
40949, 2, 2 
19854, 2, 2 
14694, 2, 2 
40816, 2, 2 
56508, 2, 2 
55833, 2, 2 
12875, 2, 2 
56325, 2, 2 
3980, 2, 2 
44247, 2, 2 
14962, 2, 2 
47321, 2, 2 
34131, 2, 2 
31546, 2, 2 
24752, 2, 2 
14798, 2, 2 
9488, 2, 2 
39921, 2, 2 
18139, 2, 2 
27503, 2, 2 
34643, 2, 2 
12823, 2, 2 
59579, 2, 2 
28932, 2, 2 
10802, 2, 2 
339, 2, 2 
48043, 2, 2 
26454, 2, 2 
18661, 2, 2 
45169, 2, 2 
41984, 2, 2 
35138, 2, 2 
46447, 2, 2 
59555, 2, 2 
12435, 2, 2 
35770, 2, 2 
38886, 2, 2 
35403, 2, 2 
16544, 2, 2 
35378, 2, 2 
49914, 2, 2 
4071, 2, 2 
38036, 2, 2 
24790, 2, 2 
801, 2, 2 
28872, 2, 2 
49041, 2, 2 
27888, 2, 2 
32318, 2, 2 
4648, 2, 2 
82, 2, 2 
54262, 2, 2 
28282, 2, 2 
39918, 2, 2 
57808, 2, 2 
45251, 2, 2 
53879, 2, 2 
16449, 2, 2 
57448, 2, 2 
44166, 2, 2 
2670, 2, 2 
14838, 2, 2 
3589, 2, 2 
48009, 2, 2 
22104, 2, 2 
40569, 2, 2 
8473, 2, 2 
3569, 2, 2 
28567, 2, 2 
34202, 2, 2 
6811, 2, 2 
48877, 2, 2 
41451, 2, 2 
36715, 2, 2 
8864, 2, 2 
1143, 2, 2 
32818, 2, 2 
32998, 2, 2 
17220, 2, 2 
29619, 2, 2 
45028, 2, 2 
22083, 2, 2 
23503, 2, 2 
37967, 2, 2 
8640, 2, 2 
11711, 2, 2 
22353, 2, 2 
24551, 2, 2 
45216, 2, 2 
42126, 2, 2 
52495, 2, 2 
35970, 2, 2 
34650, 2, 2 
34724, 2, 2 
18713, 2, 2 
42394, 2, 2 
51119, 2, 2 
38256, 2, 2 
49408, 2, 2 
55443, 2, 2 
16664, 2, 2 
28566, 2, 2 
38009, 2, 2 
35483, 2, 2 
41004, 2, 2 
59577, 2, 2 
57520, 2, 2 
15434, 2, 2 
9248, 2, 2 
47273, 2, 2 
46386, 2, 2 
2585, 2, 2 
17489, 2, 2 
11298, 2, 2 
10256, 2, 2 
53284, 2, 2 
55326, 2, 2 
1395, 2, 2 
39408, 2, 2 
59110, 2, 2 
12740, 2, 2 
23460, 2, 2 
6144, 2, 2 
32579, 2, 2 
44847, 2, 2 
34521, 2, 2 
14302, 2, 2 
55669, 2, 2 
42675, 2, 2 
7014, 2, 2 
7392, 2, 2 
54043, 2, 2 
4230, 2, 2 
20522, 2, 2 
36396, 2, 2 
47522, 2, 2 
51542, 2, 2 
4706, 2, 2 
17315, 2, 2 
50487, 2, 2 
2004, 2, 2 
32075, 2, 2 
2714, 2, 2 
493, 2, 2 
54277, 2, 2 
57506, 2, 2 
36884, 2, 2 
33007, 2, 2 
22047, 2, 2 
52169, 2, 2 
59223, 2, 2 
21750, 2, 2 
48531, 2, 2 
3564, 2, 2 
50474, 2, 2 
33281, 2, 2 
58983, 3, 3 
20610, 3, 3 
11232, 3, 3 
58550, 3, 3 
31311, 3, 3 
18542, 3, 3 
50025, 3, 3 
58097, 3, 3 
18522, 3, 3 
6762, 3, 3 
50033, 3, 3 
50140, 3, 3 
2241, 3, 3 
36377, 3, 3 
34898, 3, 3 
12, 3, 3 
3159, 3, 3 
33445, 3, 3 
39415, 3, 3 
3523, 3, 3 
57312, 3, 3 
42355, 3, 3 
44608, 3, 3 
18805, 3, 3 
40517, 3, 3 
19337, 3, 3 
12345, 3, 3 
59630, 3, 3 
20538, 3, 3 
8541, 3, 3 
8936, 3, 3 
19821, 3, 3 
51222, 3, 3 
49410, 3, 3 
52794, 3, 3 
405, 3, 3 
1486, 3, 3 
7422, 3, 3 
34333, 3, 3 
59092, 3, 3 
1312, 3, 3 
19333, 3, 3 
57983, 3, 3 
14431, 3, 3 
40005, 3, 3 
32281, 3, 3 
10360, 3, 3 
20687, 3, 3 
8447, 3, 3 
3264, 3, 3 
43875, 3, 3 
22231, 3, 3 
55932, 3, 3 
33421, 3, 3 
51701, 3, 3 
24042, 3, 3 
18390, 3, 3 
1533, 3, 3 
6269, 3, 0 
25291, 3, 3 
12148, 3, 3 
6420, 3, 3 
41767, 3, 3 
31723, 3, 3 
7660, 3, 3 
51851, 3, 3 
36076, 3, 3 
46908, 3, 3 
20470, 3, 3 
50940, 3, 3 
50936, 3, 3 
9482, 3, 3 
41229, 3, 3 
37786, 3, 3 
57247, 3, 3 
12828, 3, 3 
54700, 3, 3 
3034, 3, 3 
22413, 3, 3 
6959, 3, 3 
5152, 3, 3 
35132, 3, 3 
13478, 3, 3 
50672, 3, 3 
27690, 3, 3 
48978, 3, 3 
11171, 3, 3 
13109, 3, 3 
23860, 3, 3 
36005, 3, 3 
15717, 3, 3 
24142, 3, 3 
44138, 3, 3 
4022, 3, 3 
17715, 3, 3 
35574, 3, 3 
19708, 3, 3 
35563, 3, 3 
44282, 3, 3 
33939, 3, 3 
42082, 3, 3 
50195, 3, 3 
51428, 3, 3 
14030, 3, 3 
54343, 3, 3 
26050, 3, 3 
17643, 3, 3 
52134, 3, 3 
6447, 3, 3 
55509, 3, 3 
16177, 3, 3 
37169, 3, 3 
45000, 3, 3 
2740, 3, 3 
51522, 3, 3 
27946, 3, 3 
37223, 3, 3 
7765, 3, 3 
21980, 3, 3 
45687, 3, 3 
10745, 3, 3 
32087, 3, 3 
46923, 3, 3 
17442, 3, 3 
57472, 3, 3 
42432, 3, 3 
12747, 3, 3 
3258, 3, 3 
28955, 3, 3 
9529, 3, 3 
21726, 3, 3 
33908, 3, 3 
55485, 3, 3 
15907, 3, 3 
49648, 3, 3 
28406, 3, 3 
1295, 3, 3 
2726, 3, 3 
15375, 3, 3 
14467, 3, 3 
40931, 3, 3 
28418, 3, 3 
22185, 3, 3 
25538, 3, 3 
29458, 3, 3 
52828, 3, 3 
42056, 3, 3 
42137, 3, 3 
47975, 3, 3 
9848, 3, 3 
46403, 3, 3 
45990, 3, 3 
48321, 3, 3 
45441, 3, 3 
12924, 3, 3 
44546, 3, 3 
18049, 3, 3 
32379, 3, 3 
27420, 3, 3 
34127, 3, 3 
18169, 3, 3 
43817, 3, 3 
38955, 3, 3 
42777, 3, 3 
48498, 3, 3 
38321, 3, 3 
58700, 3, 3 
32434, 3, 3 
5870, 3, 3 
43537, 3, 3 
20492, 3, 3 
42254, 3, 3 
34318, 3, 3 
33432, 3, 3 
41632, 3, 3 
53083, 3, 3 
4783, 3, 3 
49926, 3, 3 
8169, 3, 3 
255, 3, 3 
37517, 3, 3 
41689, 3, 3 
2816, 3, 3 
42804, 3, 3 
35221, 3, 3 
1449, 3, 3 
34802, 3, 7 
53123, 3, 3 
55844, 3, 3 
41968, 3, 3 
24539, 3, 3 
37368, 3, 3 
47441, 3, 3 
2660, 3, 3 
9610, 3, 3 
53332, 3, 3 
2803, 3, 3 
7666, 3, 3 
3938, 3, 3 
21176, 3, 3 
36082, 3, 3 
22906, 3, 3 
20903, 3, 3 
59151, 3, 3 
51257, 3, 3 
42930, 3, 3 
56006, 3, 3 
56504, 3, 3 
16336, 3, 3 
11539, 3, 3 
38294, 3, 3 
6398, 3, 3 
10, 3, 3 
28174, 3, 3 
55649, 3, 3 
15101, 3, 3 
35155, 3, 3 
28380, 3, 3 
19266, 3, 3 
32933, 3, 3 
52545, 3, 3 
36912, 3, 3 
22029, 3, 3 
2503, 3, 3 
21579, 3, 3 
56561, 3, 3 
9279, 3, 3 
10775, 3, 3 
45273, 3, 3 
37439, 3, 3 
57735, 3, 3 
43637, 3, 3 
42908, 3, 3 
23206, 3, 3 
41883, 3, 3 
50679, 3, 3 
48521, 3, 3 
57265, 3, 3 
46279, 3, 3 
57391, 3, 3 
56578, 3, 3 
32444, 3, 3 
40655, 3, 3 
16764, 3, 3 
58064, 3, 3 
15986, 3, 3 
40404, 3, 3 
26981, 3, 3 
11665, 3, 3 
28344, 3, 3 
24205, 3, 3 
2506, 3, 3 
27160, 3, 3 
27212, 3, 3 
27389, 3, 3 
58048, 3, 3 
23281, 3, 3 
12355, 3, 3 
11804, 3, 3 
44240, 3, 3 
38904, 3, 3 
58587, 3, 3 
25746, 3, 3 
5738, 3, 3 
30591, 3, 3 
3462, 3, 3 
5184, 3, 3 
27870, 3, 3 
40051, 3, 3 
31450, 3, 2 
18397, 3, 3 
58664, 3, 3 
5388, 3, 3 
54285, 3, 3 
31201, 3, 3 
44388, 3, 3 
31249, 3, 3 
19231, 3, 3 
37691, 3, 3 
34368, 3, 3 
25245, 3, 3 
16435, 3, 3 
46068, 3, 3 
33962, 3, 3 
29289, 3, 3 
51613, 3, 3 
55851, 3, 3 
59228, 3, 3 
32619, 3, 3 
7861, 3, 3 
39366, 3, 3 
43417, 3, 3 
8017, 3, 3 
55926, 3, 3 
58421, 3, 3 
21038, 3, 3 
4632, 3, 3 
27763, 3, 3 
13208, 3, 3 
392, 3, 3 
55151, 3, 3 
29182, 3, 3 
3491, 3, 3 
28881, 3, 3 
57199, 3, 3 
14704, 3, 3 
36338, 3, 3 
1130, 3, 3 
54249, 3, 3 
21075, 3, 3 
14792, 3, 3 
11651, 3, 3 
22728, 3, 3 
2905, 3, 3 
56761, 3, 3 
11921, 3, 3 
31345, 3, 3 
10161, 3, 3 
6584, 3, 3 
54727, 3, 3 
5097, 3, 3 
19250, 3, 3 
38346, 3, 3 
28693, 3, 3 
30675, 3, 3 
26625, 3, 3 
59100, 3, 3 
34721, 3, 3 
9184, 3, 3 
24731, 3, 9 
50969, 3, 3 
30411, 3, 3 
38383, 3, 3 
27803, 3, 3 
50837, 3, 3 
6667, 3, 3 
23955, 3, 3 
37035, 3, 3 
27840, 3, 3 
3108, 3, 3 
17062, 3, 3 
56616, 3, 3 
47361, 3, 3 
45862, 3, 3 
29641, 3, 3 
5547, 3, 3 
13787, 3, 3 
18627, 3, 3 
57698, 3, 3 
14548, 3, 3 
42678, 3, 3 
13579, 3, 3 
32017, 3, 3 
28825, 3, 3 
11476, 3, 3 
1151, 3, 3 
32401, 3, 3 
45089, 3, 3 
34171, 3, 3 
7209, 3, 3 
20869, 3, 3 
39885, 3, 3 
59375, 3, 3 
55321, 3, 3 
45093, 3, 3 
15764, 3, 3 
12024, 3, 3 
48930, 3, 9 
35562, 3, 3 
16407, 3, 3 
58021, 3, 3 
41704, 3, 3 
52096, 3, 3 
54856, 3, 3 
48783, 3, 3 
13181, 3, 3 
25311, 3, 3 
37373, 3, 3 
18646, 3, 3 
4850, 3, 3 
51896, 3, 3 
45814, 3, 3 
17389, 3, 3 
18862, 3, 3 
54767, 3, 3 
51401, 3, 3 
10902, 3, 3 
56921, 3, 3 
40035, 3, 3 
18155, 3, 3 
3460, 3, 3 
45217, 3, 3 
46061, 3, 3 
52871, 3, 3 
53167, 3, 3 
19338, 3, 3 
49749, 3, 3 
40337, 3, 3 
5148, 3, 3 
4276, 3, 9 
31724, 3, 3 
4543, 3, 3 
7288, 3, 3 
50206, 3, 3 
58144, 3, 3 
17699, 3, 3 
16411, 3, 3 
16208, 3, 3 
28759, 3, 3 
7556, 3, 3 
39704, 3, 3 
18895, 3, 3 
5787, 3, 3 
18626, 3, 3 
28820, 3, 3 
59828, 3, 3 
56869, 3, 3 
28276, 3, 3 
22204, 3, 8 
1158, 3, 3 
30386, 3, 3 
37692, 3, 3 
32881, 3, 3 
35173, 3, 3 
46548, 3, 3 
46555, 3, 3 
30461, 3, 3 
42791, 3, 3 
19615, 3, 3 
17127, 3, 3 
4101, 3, 3 
48642, 3, 3 
31108, 3, 3 
20150, 3, 3 
3754, 3, 3 
14410, 3, 3 
35979, 3, 3 
17781, 3, 3 
53542, 3, 3 
44764, 3, 3 
40914, 3, 3 
43902, 3, 3 
26267, 3, 3 
29300, 3, 3 
3320, 3, 3 
16311, 3, 3 
10423, 3, 3 
35528, 3, 3 
43155, 3, 3 
4223, 3, 3 
6863, 3, 3 
22219, 3, 3 
17295, 3, 3 
34076, 3, 3 
27866, 3, 3 
26965, 3, 3 
34644, 3, 3 
55440, 3, 3 
14223, 3, 3 
51771, 3, 3 
4878, 3, 3 
20842, 3, 3 
58227, 3, 3 
45675, 3, 3 
4257, 3, 3 
48722, 3, 3 
5399, 3, 3 
57291, 3, 3 
31431, 3, 3 
20939, 3, 3 
36018, 3, 3 
49166, 3, 3 
32588, 3, 3 
25509, 3, 3 
22989, 3, 3 
37912, 3, 3 
26383, 3, 3 
40384, 3, 3 
50378, 3, 3 
35744, 3, 3 
26503, 3, 3 
29366, 3, 3 
57806, 3, 3 
11285, 3, 3 
21939, 3, 3 
46187, 3, 3 
45801, 3, 8 
39686, 3, 3 
4196, 3, 3 
53108, 3, 3 
48311, 3, 3 
13670, 3, 3 
41629, 3, 3 
3402, 3, 3 
49981, 3, 3 
21149, 3, 3 
18939, 3, 3 
21496, 3, 3 
46821, 3, 3 
44181, 3, 3 
26365, 4, 4 
3694, 4, 4 
17746, 4, 4 
13271, 4, 4 
8567, 4, 4 
44791, 4, 4 
59106, 4, 4 
10320, 4, 4 
18981, 4, 4 
33177, 4, 4 
16929, 4, 4 
31872, 4, 4 
55687, 4, 4 
18604, 4, 4 
20144, 4, 4 
47608, 4, 4 
31598, 4, 4 
21994, 4, 4 
438, 4, 4 
41774, 4, 4 
52165, 4, 4 
12538, 4, 4 
10571, 4, 4 
34109, 4, 4 
22574, 4, 4 
8325, 4, 4 
21181, 4, 4 
13446, 4, 4 
44960, 4, 4 
20118, 4, 4 
5265, 4, 4 
53955, 4, 4 
17862, 4, 4 
29941, 4, 4 
16180, 4, 4 
3072, 4, 4 
50587, 4, 4 
29688, 4, 4 
44581, 4, 4 
25555, 4, 4 
50432, 4, 4 
29523, 4, 4 
4737, 4, 4 
36364, 4, 4 
37815, 4, 4 
53378, 4, 4 
39584, 4, 4 
15035, 4, 4 
49289, 4, 4 
43819, 4, 4 
13339, 4, 4 
32308, 4, 4 
51820, 4, 4 
44419, 4, 4 
16397, 4, 4 
51604, 4, 4 
38822, 4, 4 
10990, 4, 4 
49127, 4, 4 
42119, 4, 4 
31883, 4, 4 
24295, 4, 4 
12438, 4, 4 
5175, 4, 4 
11471, 4, 4 
44053, 4, 4 
59608, 4, 4 
43757, 4, 4 
27584, 4, 4 
16685, 4, 4 
17415, 4, 4 
31940, 4, 4 
42956, 4, 4 
12997, 4, 4 
4959, 4, 4 
50080, 4, 4 
36837, 4, 4 
30846, 4, 4 
47763, 4, 4 
55549, 4, 4 
164, 4, 4 
29256, 4, 4 
43375, 4, 4 
17870, 4, 4 
19202, 4, 4 
21517, 4, 4 
46976, 4, 4 
50636, 4, 4 
41456, 4, 4 
28449, 4, 4 
20208, 4, 4 
58999, 4, 4 
59026, 4, 4 
52920, 4, 4 
12028, 4, 4 
47336, 4, 4 
7280, 4, 4 
47764, 4, 4 
11913, 4, 4 
28517, 4, 4 
13653, 4, 4 
23615, 4, 4 
15416, 4, 4 
700, 4, 4 
27494, 4, 4 
14621, 4, 4 
5091, 4, 4 
28043, 4, 4 
11740, 4, 4 
44594, 4, 4 
40267, 4, 4 
32917, 4, 4 
18200, 4, 4 
48496, 4, 4 
12827, 4, 4 
47070, 4, 4 
56375, 4, 4 
4798, 4, 4 
59905, 4, 4 
10636, 4, 4 
52448, 4, 4 
55597, 4, 4 
10768, 4, 4 
43507, 4, 4 
19123, 4, 4 
13143, 4, 4 
46843, 4, 4 
21296, 4, 4 
44332, 4, 4 
41913, 4, 4 
36630, 4, 4 
10241, 4, 4 
55924, 4, 4 
58994, 4, 4 
25234, 4, 4 
47961, 4, 4 
49646, 4, 4 
18088, 4, 4 
33650, 4, 4 
1842, 4, 4 
47814, 4, 4 
8239, 4, 4 
55607, 4, 4 
51712, 4, 4 
51264, 4, 4 
5195, 4, 4 
40225, 4, 4 
14260, 4, 4 
1973, 4, 4 
15543, 4, 4 
41373, 4, 4 
10033, 4, 4 
51146, 4, 4 
59821, 4, 4 
11209, 4, 4 
32384, 4, 4 
35895, 4, 4 
26106, 4, 4 
47431, 4, 4 
4283, 4, 4 
34361, 4, 4 
7459, 4, 4 
8495, 4, 4 
11434, 4, 4 
47627, 4, 4 
58231, 4, 4 
49676, 4, 4 
18185, 4, 4 
3739, 4, 4 
38229, 4, 4 
12098, 4, 4 
18483, 4, 4 
12581, 4, 4 
57544, 4, 4 
51337, 4, 4 
22327, 4, 4 
7487, 4, 4 
4379, 4, 4 
14086, 4, 4 
44479, 4, 4 
24195, 4, 4 
49480, 4, 4 
3459, 4, 4 
9353, 4, 4 
4522, 4, 4 
1976, 4, 4 
35913, 4, 4 
52973, 4, 4 
41096, 4, 4 
59413, 4, 4 
45121, 4, 9 
29814, 4, 4 
48342, 4, 4 
11930, 4, 4 
8579, 4, 4 
47299, 4, 4 
55124, 4, 4 
139, 4, 4 
27586, 4, 4 
34303, 4, 4 
9216, 4, 4 
21822, 4, 4 
12543, 4, 4 
49373, 4, 4 
37986, 4, 4 
52417, 4, 4 
11916, 4, 4 
18203, 4, 4 
44110, 4, 4 
19311, 4, 4 
6189, 4, 4 
25114, 4, 4 
30682, 4, 4 
24719, 4, 4 
14528, 4, 4 
29046, 4, 4 
56143, 4, 4 
18560, 4, 4 
44405, 4, 4 
30276, 4, 4 
3946, 4, 4 
29754, 4, 4 
26758, 4, 4 
8086, 4, 4 
42187, 4, 4 
45357, 4, 4 
59386, 4, 4 
13263, 4, 4 
59087, 4, 4 
41473, 4, 4 
27196, 4, 4 
15214, 4, 4 
17203, 4, 4 
52945, 4, 4 
17321, 4, 4 
17976, 4, 4 
2742, 4, 4 
20303, 4, 4 
53263, 4, 4 
5122, 4, 4 
55160, 4, 4 
14156, 4, 4 
49858, 4, 4 
4789, 4, 4 
23599, 4, 4 
2416, 4, 4 
24244, 4, 4 
52346, 4, 4 
47927, 4, 4 
48202, 4, 4 
44921, 4, 4 
54998, 4, 4 
59674, 4, 4 
39536, 4, 4 
57059, 4, 4 
49155, 4, 4 
7560, 4, 4 
46798, 4, 4 
13500, 4, 4 
57779, 4, 4 
33317, 4, 4 
14047, 4, 4 
6560, 4, 4 
4633, 4, 4 
7285, 4, 4 
54455, 4, 4 
31941, 4, 4 
314, 4, 4 
2003, 4, 4 
23175, 4, 4 
13069, 4, 4 
10462, 4, 4 
56808, 4, 4 
22402, 4, 4 
59629, 4, 4 
19657, 4, 4 
42793, 4, 4 
48442, 4, 4 
20294, 4, 4 
40299, 4, 4 
25846, 4, 4 
36706, 4, 4 
11148, 4, 4 
41511, 4, 4 
1258, 4, 4 
45740, 4, 4 
718, 4, 4 
14793, 4, 4 
43954, 4, 4 
5989, 4, 4 
24365, 4, 4 
51077, 4, 4 
39396, 4, 4 
36384, 4, 4 
41671, 4, 4 
36339, 4, 4 
35551, 4, 4 
3458, 4, 4 
8695, 4, 4 
13541, 4, 4 
11408, 4, 4 
14188, 4, 4 
10196, 4, 4 
6323, 4, 4 
3817, 4, 4 
47571, 4, 4 
26864, 4, 4 
33849, 4, 4 
54197, 4, 4 
48410, 4, 4 
29690, 4, 4 
3837, 4, 4 
37366, 4, 4 
32657, 4, 4 
24992, 4, 4 
48015, 4, 4 
59543, 4, 4 
20741, 4, 4 
37594, 4, 4 
48508, 4, 4 
54175, 4, 4 
57209, 4, 4 
39916, 4, 4 
43009, 4, 4 
55318, 4, 4 
22564, 4, 4 
36336, 4, 4 
59893, 4, 4 
35533, 4, 4 
39667, 4, 4 
12525, 4, 4 
9714, 4, 4 
56059, 4, 4 
43881, 4, 4 
39046, 4, 4 
13564, 4, 4 
37248, 4, 4 
7722, 4, 4 
17057, 4, 4 
49309, 4, 4 
3724, 4, 4 
9709, 4, 4 
12064, 4, 4 
43150, 4, 4 
38630, 4, 4 
373, 4, 4 
31050, 4, 4 
53767, 4, 4 
30266, 4, 4 
11965, 4, 4 
4641, 4, 4 
14351, 4, 4 
41686, 4, 4 
50567, 4, 4 
16738, 4, 4 
41722, 4, 4 
48466, 4, 4 
50609, 4, 4 
57733, 4, 4 
52682, 4, 4 
58545, 4, 4 
32027, 4, 4 
40723, 4, 4 
22295, 4, 4 
38079, 4, 4 
50152, 4, 4 
42684, 4, 4 
46324, 4, 4 
19697, 4, 4 
55025, 4, 4 
15394, 4, 4 
22968, 4, 4 
2542, 4, 4 
11692, 4, 4 
804, 4, 4 
8266, 4, 4 
26653, 4, 4 
22480, 4, 4 
29910, 4, 4 
39058, 4, 4 
46786, 4, 4 
19840, 4, 4 
55323, 4, 4 
41043, 4, 4 
33922, 4, 4 
12595, 4, 4 
25682, 4, 4 
40025, 4, 4 
59753, 4, 4 
53905, 4, 4 
50916, 4, 4 
19957, 4, 4 
54447, 4, 4 
56853, 4, 4 
40030, 4, 4 
46357, 4, 4 
21731, 4, 4 
48919, 4, 4 
48581, 4, 4 
33872, 4, 4 
54729, 4, 4 
6689, 4, 4 
7090, 4, 4 
34596, 4, 4 
7077, 4, 4 
15735, 4, 4 
54878, 4, 4 
45048, 4, 4 
31711, 4, 4 
39491, 4, 4 
372, 4, 4 
37487, 4, 4 
7152, 4, 4 
34093, 4, 4 
45773, 4, 4 
27213, 4, 4 
10549, 4, 4 
12731, 4, 4 
2922, 4, 4 
31984, 4, 4 
44523, 4, 4 
39690, 4, 4 
926, 4, 4 
1633, 4, 4 
59614, 4, 4 
3092, 4, 4 
20620, 4, 4 
14578, 4, 4 
35234, 4, 6 
5936, 4, 4 
34346, 4, 4 
54960, 4, 4 
3182, 4, 4 
1511, 4, 4 
44105, 4, 4 
23592, 4, 4 
53631, 4, 4 
6729, 4, 4 
4567, 4, 4 
45214, 4, 4 
55206, 4, 4 
44027, 4, 4 
20776, 4, 4 
44100, 4, 4 
27080, 4, 4 
54791, 4, 4 
25784, 4, 4 
34631, 4, 4 
27694, 4, 4 
38872, 4, 4 
4195, 4, 4 
49843, 4, 4 
9465, 4, 4 
46305, 4, 4 
47691, 4, 4 
25173, 4, 4 
34294, 4, 4 
55877, 4, 4 
9573, 4, 4 
38372, 4, 4 
39272, 4, 4 
51071, 4, 4 
53753, 4, 4 
59432, 4, 4 
33787, 4, 4 
12790, 4, 4 
18081, 4, 4 
34216, 4, 4 
33083, 4, 4 
49078, 4, 4 
53288, 4, 4 
43713, 4, 4 
11447, 4, 4 
51182, 4, 4 
34593, 4, 4 
22572, 4, 4 
31251, 4, 4 
29792, 4, 4 
21472, 4, 4 
13823, 4, 4 
30231, 4, 4 
29683, 4, 4 
24744, 4, 4 
45982, 4, 4 
19121, 4, 4 
53850, 4, 4 
27433, 4, 4 
50583, 4, 4 
18601, 4, 4 
41159, 4, 4 
38072, 4, 4 
23201, 4, 4 
56376, 4, 4 
59708, 4, 4 
40955, 4, 4 
51028, 4, 4 
30269, 4, 4 
32069, 4, 4 
14620, 4, 4 
40460, 4, 4 
30864, 5, 5 
25111, 5, 5 
13336, 5, 5 
42590, 5, 5 
36663, 5, 5 
38592, 5, 5 
273, 5, 5 
35797, 5, 5 
50574, 5, 5 
8519, 5, 5 
54500, 5, 5 
32217, 5, 5 
54366, 5, 5 
35495, 5, 5 
43218, 5, 5 
22038, 5, 5 
37180, 5, 5 
20668, 5, 5 
50321, 5, 5 
55755, 5, 5 
47381, 5, 5 
53946, 5, 5 
13094, 5, 5 
16356, 5, 5 
14839, 5, 5 
52895, 5, 5 
41032, 5, 5 
47741, 5, 5 
3527, 5, 5 
4309, 5, 5 
24579, 5, 5 
31979, 5, 5 
10258, 5, 5 
57028, 5, 5 
41719, 5, 5 
26283, 5, 5 
53617, 5, 5 
502, 5, 5 
34952, 5, 5 
5712, 5, 5 
38222, 5, 5 
19398, 5, 5 
14907, 5, 5 
17468, 5, 5 
40624, 5, 5 
36528, 5, 5 
3419, 5, 5 
46453, 5, 5 
2945, 5, 5 
23137, 5, 5 
15371, 5, 5 
24630, 5, 5 
33909, 5, 5 
10277, 5, 5 
44494, 5, 5 
50019, 5, 5 
6077, 5, 5 
58505, 5, 5 
51740, 5, 5 
57853, 5, 5 
7475, 5, 5 
7962, 5, 5 
26381, 5, 5 
1526, 5, 5 
58005, 5, 5 
49863, 5, 5 
20791, 5, 5 
45519, 5, 5 
29058, 5, 5 
47020, 5, 5 
33903, 5, 5 
49682, 5, 5 
5452, 5, 5 
22679, 5, 5 
27431, 5, 5 
19858, 5, 5 
49788, 5, 5 
48939, 5, 5 
4760, 5, 5 
32156, 5, 5 
5079, 5, 5 
58165, 5, 5 
30575, 5, 5 
21346, 5, 5 
9111, 5, 5 
46188, 5, 5 
11397, 5, 5 
32831, 5, 5 
45261, 5, 5 
51610, 5, 5 
15069, 5, 5 
40014, 5, 5 
26913, 5, 5 
12626, 5, 5 
7068, 5, 5 
16573, 5, 5 
9495, 5, 5 
15996, 5, 5 
21114, 5, 5 
2928, 5, 5 
49668, 5, 5 
54598, 5, 5 
35915, 5, 5 
50316, 5, 5 
6644, 5, 5 
35224, 5, 5 
40930, 5, 5 
33216, 5, 5 
41523, 5, 5 
34908, 5, 5 
15778, 5, 5 
10653, 5, 5 
57461, 5, 5 
26370, 5, 5 
36193, 5, 5 
29760, 5, 5 
30647, 5, 5 
34965, 5, 5 
23105, 5, 5 
12572, 5, 5 
36341, 5, 5 
54938, 5, 5 
31795, 5, 5 
20479, 5, 5 
11270, 5, 5 
34561, 5, 5 
259, 5, 5 
44753, 5, 5 
8856, 5, 5 
55184, 5, 5 
24559, 5, 5 
32386, 5, 5 
32141, 5, 5 
18808, 5, 5 
34996, 5, 5 
19909, 5, 5 
42252, 5, 5 
41277, 5, 5 
15378, 5, 5 
52902, 5, 5 
9397, 5, 5 
7321, 5, 5 
41951, 5, 5 
13749, 5, 5 
23690, 5, 5 
32080, 5, 5 
3768, 5, 5 
59291, 5, 5 
12540, 5, 5 
15000, 5, 5 
15193, 5, 5 
5771, 5, 5 
38624, 5, 5 
43696, 5, 5 
31944, 5, 5 
49367, 5, 5 
50366, 5, 5 
20151, 5, 5 
46999, 5, 5 
21588, 5, 5 
44164, 5, 5 
10226, 5, 5 
13070, 5, 5 
49845, 5, 5 
49316, 5, 5 
4304, 5, 5 
56938, 5, 5 
6884, 5, 5 
12856, 5, 5 
39940, 5, 5 
3839, 5, 5 
20017, 5, 5 
59482, 5, 5 
23418, 5, 5 
58039, 5, 5 
40144, 5, 5 
10777, 5, 5 
26466, 5, 5 
15528, 5, 5 
27742, 5, 5 
19659, 5, 5 
43856, 5, 5 
20266, 5, 5 
38486, 5, 5 
27065, 5, 5 
31694, 5, 5 
38675, 5, 5 
20331, 5, 5 
51433, 5, 5 
25723, 5, 5 
32132, 5, 5 
32943, 5, 5 
19944, 5, 5 
2028, 5, 5 
25002, 5, 5 
20306, 5, 5 
4617, 5, 5 
6749, 5, 5 
54442, 5, 5 
24408, 5, 5 
44148, 5, 5 
54483, 5, 5 
4601, 5, 5 
14428, 5, 5 
19035, 5, 5 
25359, 5, 5 
2120, 5, 5 
7047, 5, 5 
28430, 5, 5 
30402, 5, 5 
42312, 5, 5 
44736, 5, 5 
5254, 5, 5 
16834, 5, 5 
10509, 5, 5 
54361, 5, 5 
40623, 5, 5 
58141, 5, 5 
10811, 5, 5 
45894, 5, 5 
45808, 5, 5 
47250, 5, 5 
34557, 5, 5 
25678, 5, 6 
32394, 5, 5 
9647, 5, 5 
41798, 5, 5 
31211, 5, 5 
46847, 5, 5 
40587, 5, 5 
41970, 5, 5 
6290, 5, 5 
40057, 5, 5 
47609, 5, 5 
15698, 5, 5 
18418, 5, 5 
26102, 5, 5 
55099, 5, 5 
29781, 5, 5 
21819, 5, 5 
30528, 5, 5 
46448, 5, 5 
33001, 5, 5 
20038, 5, 5 
38059, 5, 5 
56013, 5, 5 
18431, 5, 5 
50675, 5, 5 
11928, 5, 5 
36289, 5, 5 
41522, 5, 5 
15284, 5, 5 
31820, 5, 5 
56725, 5, 5 
25997, 5, 5 
53829, 5, 5 
2946, 5, 5 
43212, 5, 5 
4327, 5, 5 
31838, 5, 5 
56852, 5, 5 
49689, 5, 5 
57248, 5, 5 
27417, 5, 5 
39211, 5, 5 
23452, 5, 5 
18573, 5, 5 
17879, 5, 5 
679, 5, 5 
49759, 5, 5 
43021, 5, 5 
18186, 5, 5 
17156, 5, 5 
24317, 5, 5 
20092, 5, 5 
31222, 5, 5 
21989, 5, 5 
17366, 5, 5 
49202, 5, 5 
46195, 5, 5 
47314, 5, 5 
23407, 5, 5 
5303, 5, 5 
57271, 5, 5 
19449, 5, 5 
55531, 5, 5 
45139, 5, 5 
52003, 5, 5 
29248, 5, 5 
28654, 5, 5 
28434, 5, 5 
3205, 5, 5 
4600, 5, 5 
49190, 5, 5 
1817, 5, 5 
54883, 5, 5 
21011, 5, 5 
34829, 5, 5 
57383, 5, 5 
46693, 5, 5 
44691, 5, 5 
14048, 5, 5 
44845, 5, 5 
39574, 5, 5 
52314, 5, 5 
24001, 5, 5 
32870, 5, 5 
48567, 5, 5 
4480, 5, 5 
46878, 5, 5 
51385, 5, 5 
31495, 5, 5 
27941, 5, 5 
15886, 5, 5 
24093, 5, 5 
19506, 5, 5 
19852, 5, 5 
58357, 5, 5 
45547, 5, 5 
47528, 5, 5 
59574, 5, 5 
22180, 5, 5 
37852, 5, 5 
8900, 5, 5 
41258, 5, 5 
23597, 5, 5 
23806, 5, 5 
45070, 5, 5 
8307, 5, 5 
39460, 5, 5 
3859, 5, 5 
36060, 5, 5 
25675, 5, 5 
19429, 5, 5 
58688, 5, 5 
49992, 5, 5 
3575, 5, 5 
16112, 5, 5 
12157, 5, 5 
19328, 5, 5 
56246, 5, 5 
284, 5, 5 
49241, 5, 5 
8748, 5, 5 
6399, 5, 5 
35602, 5, 5 
27296, 5, 5 
29155, 5, 5 
36482, 5, 5 
50332, 5, 5 
30216, 5, 5 
24492, 5, 5 
31929, 5, 5 
59193, 5, 5 
36087, 5, 5 
42970, 5, 5 
19670, 5, 5 
1997, 5, 5 
39380, 5, 5 
11375, 5, 5 
27154, 5, 5 
35172, 5, 5 
23211, 5, 5 
28178, 5, 5 
40431, 5, 5 
48049, 5, 5 
8779, 5, 5 
39881, 5, 5 
25913, 5, 5 
2527, 5, 5 
56014, 5, 3 
17572, 5, 5 
11590, 5, 5 
33749, 5, 5 
31008, 5, 5 
19001, 5, 5 
19589, 5, 5 
41539, 5, 5 
24374, 5, 5 
32684, 5, 5 
43691, 5, 5 
56045, 5, 5 
17298, 5, 5 
6359, 5, 5 
54507, 5, 5 
16980, 5, 5 
1785, 5, 5 
31053, 5, 5 
47624, 5, 5 
51989, 5, 5 
27607, 5, 5 
39666, 5, 5 
3204, 5, 5 
37117, 5, 5 
30046, 5, 5 
57124, 5, 5 
23827, 5, 5 
28477, 5, 5 
28048, 5, 5 
34128, 5, 5 
25177, 5, 5 
55322, 5, 5 
48469, 5, 5 
24819, 5, 5 
58989, 5, 5 
29361, 5, 5 
39999, 5, 5 
19679, 5, 5 
52121, 5, 5 
44014, 5, 5 
22918, 5, 5 
1278, 5, 5 
16126, 5, 5 
5904, 5, 5 
17247, 5, 5 
5653, 5, 5 
28512, 5, 5 
18550, 5, 5 
23424, 5, 5 
35618, 5, 5 
37597, 5, 5 
16215, 5, 5 
39765, 5, 5 
5424, 5, 5 
56789, 5, 5 
26228, 5, 5 
15791, 5, 5 
56745, 5, 5 
26856, 5, 5 
1024, 5, 5 
18481, 5, 5 
53100, 5, 5 
39158, 5, 5 
14543, 5, 5 
2363, 5, 5 
19533, 5, 5 
8988, 5, 5 
19083, 5, 5 
26901, 5, 5 
22650, 5, 5 
56666, 5, 5 
53942, 5, 5 
12137, 5, 5 
1970, 5, 5 
18782, 5, 5 
3685, 5, 5 
44476, 5, 5 
32507, 5, 5 
56269, 5, 5 
30837, 5, 5 
20601, 5, 5 
21027, 5, 5 
46675, 5, 5 
24716, 5, 5 
22379, 5, 5 
24323, 5, 5 
45334, 5, 5 
3007, 5, 5 
4126, 5, 5 
21749, 5, 5 
56370, 5, 5 
32283, 5, 5 
51371, 5, 5 
40887, 5, 5 
13602, 5, 5 
58540, 5, 5 
46941, 5, 5 
8414, 5, 5 
21548, 5, 5 
47319, 5, 5 
57944, 5, 5 
13264, 5, 5 
35151, 5, 5 
10661, 5, 5 
58414, 5, 5 
53272, 5, 5 
27593, 5, 5 
30514, 5, 5 
57480, 5, 5 
41435, 5, 5 
19456, 5, 5 
39120, 5, 5 
45899, 5, 5 
4847, 5, 5 
10943, 5, 5 
14451, 5, 5 
6504, 5, 5 
14204, 5, 5 
26655, 5, 5 
29156, 5, 5 
1867, 5, 5 
11656, 5, 5 
7368, 5, 5 
59064, 5, 5 
42110, 5, 5 
29790, 5, 5 
45432, 5, 5 
18416, 5, 5 
54975, 5, 5 
34602, 5, 5 
56918, 6, 6 
12801, 6, 6 
33454, 6, 6 
33159, 6, 6 
39630, 6, 6 
28898, 6, 6 
9813, 6, 6 
7562, 6, 6 
27217, 6, 6 
58259, 6, 6 
53398, 6, 6 
35318, 6, 6 
30249, 6, 6 
3869, 6, 6 
53840, 6, 6 
4905, 6, 6 
4030, 6, 6 
53892, 6, 6 
23694, 6, 6 
14721, 6, 6 
55382, 6, 6 
6387, 6, 6 
30855, 6, 6 
5553, 6, 6 
9928, 6, 6 
8940, 6, 6 
47687, 6, 6 
54907, 6, 6 
23790, 6, 6 
18063, 6, 6 
39893, 6, 6 
40137, 6, 6 
50355, 6, 6 
46704, 6, 6 
1515, 6, 6 
45910, 6, 6 
32969, 6, 6 
45447, 6, 6 
55219, 6, 6 
44644, 6, 6 
4934, 6, 6 
36403, 6, 6 
52626, 6, 6 
30632, 6, 6 
24802, 6, 6 
32043, 6, 6 
6903, 6, 6 
17510, 6, 6 
8636, 6, 6 
30343, 6, 6 
56632, 6, 6 
57758, 6, 6 
18971, 6, 6 
23780, 6, 6 
49153, 6, 6 
36578, 6, 6 
15627, 6, 6 
59540, 6, 6 
5121, 6, 6 
11140, 6, 6 
7102, 6, 6 
21955, 6, 6 
29350, 6, 6 
28377, 6, 6 
18068, 6, 6 
22633, 6, 6 
24165, 6, 6 
38514, 6, 6 
47943, 6, 6 
59754, 6, 6 
28115, 6, 6 
20353, 6, 6 
10553, 6, 6 
47847, 6, 6 
14960, 6, 6 
40367, 6, 6 
5586, 6, 6 
12147, 6, 6 
47288, 6, 6 
37231, 6, 6 
41308, 6, 6 
46389, 6, 6 
44460, 6, 6 
54345, 6, 6 
15417, 6, 6 
48570, 6, 6 
45080, 6, 6 
8481, 6, 6 
34466, 6, 6 
26016, 6, 6 
41814, 6, 6 
9156, 6, 6 
28251, 6, 6 
6131, 6, 6 
31342, 6, 6 
59470, 6, 6 
4367, 6, 6 
7389, 6, 6 
33629, 6, 6 
26511, 6, 6 
13373, 6, 6 
29687, 6, 6 
4365, 6, 6 
46198, 6, 6 
11592, 6, 6 
25959, 6, 6 
13303, 6, 6 
29221, 6, 6 
6526, 6, 6 
23688, 6, 6 
13587, 6, 6 
33728, 6, 6 
42295, 6, 6 
31577, 6, 6 
17251, 6, 6 
27382, 6, 6 
44483, 6, 6 
12640, 6, 6 
56796, 6, 6 
54496, 6, 6 
10910, 6, 6 
20469, 6, 6 
6266, 6, 6 
1686, 6, 6 
47810, 6, 6 
4520, 6, 6 
34654, 6, 6 
14973, 6, 6 
29136, 6, 6 
58226, 6, 6 
23258, 6, 6 
53220, 6, 6 
37872, 6, 6 
49109, 6, 6 
57850, 6, 6 
39278, 6, 6 
15896, 6, 6 
23915, 6, 6 
26342, 6, 6 
11985, 6, 6 
3335, 6, 6 
37666, 6, 6 
51696, 6, 6 
49405, 6, 6 
33056, 6, 6 
50584, 6, 6 
57023, 6, 6 
30063, 6, 6 
41488, 6, 6 
13306, 6, 6 
2214, 6, 6 
7580, 6, 6 
55475, 6, 6 
10833, 6, 6 
24237, 6, 6 
8312, 6, 6 
21929, 6, 6 
9174, 6, 6 
30295, 6, 6 
261, 6, 6 
50623, 6, 6 
11959, 6, 6 
39260, 6, 6 
13759, 6, 6 
48886, 6, 6 
7298, 6, 6 
2656, 6, 6 
10816, 6, 6 
55447, 6, 6 
5279, 6, 6 
31147, 6, 6 
23687, 6, 6 
15370, 6, 6 
30617, 6, 6 
12552, 6, 6 
38642, 6, 6 
1617, 6, 6 
31368, 6, 6 
50146, 6, 6 
739, 6, 6 
26785, 6, 6 
1706, 6, 6 
56545, 6, 6 
4871, 6, 6 
43457, 6, 6 
27595, 6, 6 
14708, 6, 6 
55162, 6, 6 
4724, 6, 6 
35033, 6, 6 
9556, 6, 6 
30142, 6, 6 
1415, 6, 6 
25901, 6, 6 
54539, 6, 6 
49510, 6, 6 
57075, 6, 6 
51355, 6, 6 
17382, 6, 6 
7543, 6, 6 
6895, 6, 6 
33341, 6, 6 
44238, 6, 6 
23126, 6, 6 
5782, 6, 6 
24003, 6, 6 
29981, 6, 6 
57419, 6, 6 
6673, 6, 6 
5159, 6, 6 
32731, 6, 6 
39154, 6, 6 
55483, 6, 6 
19151, 6, 6 
37194, 6, 6 
58626, 6, 6 
45949, 6, 6 
54610, 6, 6 
39043, 6, 6 
25665, 6, 6 
23415, 6, 6 
14248, 6, 6 
58295, 6, 6 
52503, 6, 6 
23742, 6, 6 
52183, 6, 6 
11932, 6, 6 
9745, 6, 6 
54409, 6, 6 
2249, 6, 6 
1707, 6, 6 
16160, 6, 6 
34522, 6, 6 
33542, 6, 6 
45023, 6, 6 
51755, 6, 6 
34879, 6, 6 
58598, 6, 6 
34342, 6, 6 
46529, 6, 6 
28966, 6, 6 
59567, 6, 6 
4198, 6, 6 
20343, 6, 6 
20142, 6, 6 
32455, 6, 6 
27504, 6, 6 
24934, 6, 6 
6670, 6, 6 
11128, 6, 6 
1309, 6, 6 
52426, 6, 6 
33751, 6, 6 
47932, 6, 6 
10101, 6, 6 
50093, 6, 6 
5218, 6, 6 
50086, 6, 6 
10617, 6, 6 
15419, 6, 6 
8398, 6, 6 
8994, 6, 6 
34816, 6, 6 
18611, 6, 6 
49633, 6, 6 
59065, 6, 6 
46045, 6, 6 
51920, 6, 6 
58303, 6, 6 
58766, 6, 6 
43742, 6, 6 
8140, 6, 6 
58652, 6, 6 
50666, 6, 6 
3543, 6, 6 
29272, 6, 6 
53198, 6, 6 
21617, 6, 6 
21781, 6, 6 
12290, 6, 6 
13813, 6, 6 
28572, 6, 6 
44649, 6, 6 
221, 6, 6 
27244, 6, 6 
42452, 6, 6 
48156, 6, 6 
51378, 6, 6 
28070, 6, 6 
38185, 6, 6 
31232, 6, 6 
28810, 6, 6 
18517, 6, 6 
57347, 6, 6 
13172, 6, 6 
7868, 6, 6 
4314, 6, 6 
41500, 6, 6 
47474, 6, 6 
11697, 6, 6 
42350, 6, 6 
36144, 6, 6 
16891, 6, 6 
54420, 6, 6 
6236, 6, 6 
48692, 6, 6 
30045, 6, 6 
55565, 6, 6 
29725, 6, 6 
35817, 6, 6 
27685, 6, 6 
57198, 6, 6 
8526, 6, 6 
55731, 6, 6 
44452, 6, 6 
26584, 6, 6 
19661, 6, 6 
40564, 6, 6 
32841, 6, 6 
26321, 6, 6 
37523, 6, 6 
19761, 6, 6 
9645, 6, 6 
11832, 6, 6 
19135, 6, 6 
47214, 6, 6 
25108, 6, 6 
15431, 6, 6 
8328, 6, 6 
54661, 6, 6 
8726, 6, 6 
25338, 6, 6 
31954, 6, 6 
36415, 6, 6 
33790, 6, 6 
58124, 6, 6 
35601, 6, 6 
52688, 6, 6 
44250, 6, 6 
11875, 6, 6 
55420, 6, 6 
52212, 6, 6 
32183, 6, 6 
45593, 6, 6 
7398, 6, 6 
9201, 6, 6 
26841, 6, 6 
26092, 6, 6 
18459, 6, 6 
36699, 6, 6 
17542, 6, 6 
27019, 6, 6 
401, 6, 6 
54333, 6, 6 
32999, 6, 6 
40798, 6, 6 
18838, 6, 6 
22803, 6, 6 
50941, 6, 6 
57518, 6, 6 
25795, 6, 6 
55536, 6, 6 
11173, 6, 6 
1337, 6, 6 
27536, 6, 6 
40543, 6, 6 
32569, 6, 6 
47162, 6, 6 
19218, 6, 6 
48493, 6, 6 
52641, 6, 6 
44355, 6, 6 
57346, 6, 6 
6433, 6, 6 
8091, 6, 6 
50645, 6, 6 
23475, 6, 6 
46024, 6, 6 
27505, 6, 6 
27442, 6, 6 
22609, 6, 6 
43311, 6, 6 
33724, 6, 6 
7829, 6, 6 
44189, 6, 6 
24392, 6, 6 
45269, 6, 6 
2837, 6, 6 
23850, 6, 6 
44102, 6, 6 
3297, 6, 6 
37018, 6, 6 
9596, 6, 6 
681, 6, 6 
14658, 6, 6 
35684, 6, 6 
56172, 6, 6 
27208, 6, 6 
49802, 6, 6 
31623, 6, 6 
331, 6, 6 
49426, 6, 6 
13565, 6, 6 
45633, 6, 6 
29793, 6, 6 
40717, 6, 6 
53179, 6, 6 
2387, 6, 6 
27923, 6, 6 
45558, 6, 6 
29803, 6, 6 
48999, 6, 6 
5861, 6, 6 
9094, 6, 6 
24486, 6, 6 
16335, 6, 6 
55135, 6, 6 
26101, 6, 6 
42489, 6, 6 
43586, 6, 6 
1184, 6, 6 
51877, 6, 6 
46096, 6, 6 
11427, 6, 6 
31981, 6, 6 
50494, 6, 6 
52859, 6, 6 
49252, 6, 6 
11684, 6, 6 
430, 6, 6 
48276, 6, 6 
19021, 6, 6 
41899, 6, 6 
46074, 6, 6 
52206, 6, 6 
18625, 6, 6 
7289, 6, 6 
31907, 6, 6 
53331, 6, 6 
54959, 6, 6 
18177, 6, 6 
26977, 6, 6 
28768, 6, 6 
21696, 6, 6 
13011, 6, 6 
3537, 6, 6 
22221, 6, 6 
25713, 6, 6 
42714, 6, 6 
38988, 6, 6 
25405, 6, 6 
9341, 6, 6 
46898, 6, 6 
45514, 6, 6 
26472, 6, 6 
19276, 6, 6 
14632, 6, 6 
57122, 6, 6 
35210, 6, 6 
29639, 6, 6 
22986, 6, 6 
28847, 6, 6 
33549, 6, 6 
50921, 6, 6 
31110, 6, 6 
59032, 6, 6 
26622, 6, 6 
57519, 6, 6 
852, 6, 6 
3053, 6, 6 
12354, 6, 6 
50135, 6, 6 
15287, 6, 6 
32894, 6, 6 
29455, 6, 6 
40541, 6, 6 
16957, 6, 6 
26940, 6, 6 
15134, 6, 6 
46101, 6, 6 
59320, 6, 6 
25113, 6, 6 
46392, 6, 6 
21081, 6, 6 
43260, 6, 6 
38013, 6, 6 
5334, 6, 6 
44602, 6, 6 
10630, 6, 6 
27890, 6, 6 
10843, 6, 6 
38511, 6, 6 
13621, 6, 6 
3794, 6, 6 
28150, 6, 6 
42025, 6, 6 
25614, 6, 6 
16632, 6, 6 
23049, 6, 6 
14237, 6, 6 
16052, 7, 7 
31850, 7, 7 
8170, 7, 7 
52052, 7, 7 
17963, 7, 7 
51141, 7, 7 
57572, 7, 7 
58648, 7, 7 
49242, 7, 7 
55756, 7, 7 
33524, 7, 7 
2666, 7, 7 
44818, 7, 7 
6248, 7, 7 
29325, 7, 7 
51236, 7, 7 
13187, 7, 7 
56266, 7, 7 
42292, 7, 7 
25543, 7, 7 
56132, 7, 7 
4330, 7, 7 
17813, 7, 7 
4965, 7, 7 
35728, 7, 7 
56220, 7, 7 
3894, 7, 7 
49071, 7, 7 
6064, 7, 7 
55079, 7, 7 
26714, 7, 7 
54477, 7, 7 
50894, 7, 7 
30250, 7, 7 
34233, 7, 7 
11689, 7, 7 
14076, 7, 7 
38639, 7, 7 
1157, 7, 7 
803, 7, 7 
43969, 7, 7 
6485, 7, 7 
45469, 7, 7 
18392, 7, 7 
29508, 7, 7 
43886, 7, 7 
46053, 7, 7 
38620, 7, 7 
58078, 7, 7 
39813, 7, 7 
44378, 7, 2 
56895, 7, 7 
58061, 7, 7 
37525, 7, 7 
34047, 7, 7 
28082, 7, 7 
47537, 7, 7 
377, 7, 7 
31533, 7, 7 
2380, 7, 7 
1229, 7, 7 
34647, 7, 7 
35919, 7, 7 
13091, 7, 7 
6147, 7, 7 
41168, 7, 7 
42544, 7, 7 
58750, 7, 7 
49829, 7, 7 
57110, 7, 7 
59441, 7, 7 
57970, 7, 7 
24280, 7, 7 
47595, 7, 7 
49571, 7, 7 
41328, 7, 7 
16138, 7, 7 
25449, 7, 7 
37399, 7, 7 
37212, 7, 7 
27321, 7, 7 
9263, 7, 7 
48979, 7, 7 
8297, 7, 7 
3750, 7, 7 
9740, 7, 7 
17206, 7, 7 
42418, 7, 7 
2676, 7, 2 
36545, 7, 7 
33362, 7, 7 
57445, 7, 7 
10496, 7, 7 
38329, 7, 7 
39863, 7, 7 
39989, 7, 7 
39439, 7, 7 
384, 7, 7 
27219, 7, 7 
33395, 7, 7 
15200, 7, 7 
47127, 7, 7 
22941, 7, 7 
10864, 7, 7 
49742, 7, 7 
7085, 7, 7 
5651, 7, 7 
19270, 7, 7 
5068, 7, 7 
24788, 7, 7 
45570, 7, 7 
57867, 7, 7 
41871, 7, 7 
15062, 7, 7 
30643, 7, 7 
20223, 7, 7 
54155, 7, 7 
9793, 7, 7 
27083, 7, 7 
23607, 7, 7 
50255, 7, 7 
29051, 7, 7 
33867, 7, 7 
58092, 7, 7 
31101, 7, 7 
43860, 7, 7 
47727, 7, 7 
57083, 7, 7 
1300, 7, 7 
36873, 7, 7 
50536, 7, 7 
45551, 7, 7 
12390, 7, 7 
446, 7, 7 
15909, 7, 7 
24375, 7, 7 
9992, 7, 7 
10487, 7, 7 
20980, 7, 7 
48221, 7, 7 
19987, 7, 7 
22005, 7, 7 
36411, 7, 7 
53779, 7, 7 
5565, 7, 7 
24314, 7, 7 
23248, 7, 7 
31589, 7, 7 
31547, 7, 7 
35837, 7, 7 
31064, 7, 7 
27717, 7, 7 
32150, 7, 7 
21386, 7, 7 
41571, 7, 7 
17368, 7, 7 
23149, 7, 7 
52911, 7, 7 
11329, 7, 7 
39088, 7, 7 
2108, 7, 7 
9911, 7, 7 
34972, 7, 7 
2985, 7, 7 
33280, 7, 7 
8345, 7, 7 
33431, 7, 7 
10295, 7, 7 
3515, 7, 7 
49906, 7, 7 
34837, 7, 7 
30008, 7, 7 
59703, 7, 7 
16113, 7, 7 
2102, 7, 7 
33527, 7, 7 
48259, 7, 7 
34890, 7, 7 
45992, 7, 7 
35625, 7, 7 
24088, 7, 7 
44170, 7, 7 
7565, 7, 7 
5786, 7, 7 
35316, 7, 7 
50443, 7, 7 
37994, 7, 7 
11516, 7, 7 
39190, 7, 7 
34454, 7, 7 
50992, 7, 7 
49240, 7, 7 
59664, 7, 7 
24315, 7, 7 
3747, 7, 7 
25319, 7, 7 
32873, 7, 7 
38149, 7, 7 
33612, 7, 7 
22921, 7, 7 
21725, 7, 7 
43911, 7, 7 
51974, 7, 7 
57017, 7, 7 
57540, 7, 7 
41535, 7, 7 
50488, 7, 7 
27945, 7, 7 
34081, 7, 7 
9878, 7, 7 
11455, 7, 7 
13756, 7, 7 
2848, 7, 7 
55809, 7, 7 
22090, 7, 7 
14470, 7, 7 
56729, 7, 7 
27360, 7, 7 
8068, 7, 7 
611, 7, 7 
9990, 7, 7 
38705, 7, 7 
28933, 7, 7 
58095, 7, 7 
56482, 7, 7 
56418, 7, 7 
9434, 7, 7 
31189, 7, 7 
56680, 7, 7 
58589, 7, 7 
16687, 7, 7 
3463, 7, 7 
3805, 7, 7 
41224, 7, 7 
10935, 7, 7 
1655, 7, 7 
23153, 7, 7 
23698, 7, 7 
14337, 7, 7 
56653, 7, 7 
44156, 7, 7 
15276, 7, 7 
44957, 7, 7 
17282, 7, 7 
56439, 7, 7 
24025, 7, 7 
45382, 7, 7 
52705, 7, 7 
52524, 7, 7 
36140, 7, 7 
30201, 7, 7 
59520, 7, 7 
3933, 7, 7 
41891, 7, 7 
29998, 7, 7 
48914, 7, 7 
37713, 7, 7 
57479, 7, 7 
28314, 7, 7 
58751, 7, 7 
21706, 7, 7 
2982, 7, 7 
28745, 7, 7 
49849, 7, 7 
6686, 7, 7 
53334, 7, 7 
11059, 7, 7 
11125, 7, 7 
55535, 7, 7 
14598, 7, 7 
41113, 7, 7 
32542, 7, 7 
7340, 7, 7 
56253, 7, 7 
40070, 7, 7 
483, 7, 7 
71, 7, 7 
3206, 7, 7 
24384, 7, 7 
16454, 7, 7 
43352, 7, 7 
11007, 7, 7 
31382, 7, 7 
56017, 7, 7 
20795, 7, 7 
23345, 7, 7 
25140, 7, 7 
48889, 7, 7 
1416, 7, 7 
30532, 7, 7 
11766, 7, 7 
7054, 7, 7 
51282, 7, 7 
59209, 7, 7 
35102, 7, 7 
994, 7, 7 
26917, 7, 7 
6050, 7, 7 
34435, 7, 7 
59056, 7, 7 
33521, 7, 7 
48166, 7, 7 
1314, 7, 7 
29931, 7, 7 
19370, 7, 7 
12678, 7, 7 
19572, 7, 7 
51178, 7, 7 
20909, 7, 7 
42646, 7, 7 
59792, 7, 7 
683, 7, 7 
3209, 7, 7 
31910, 7, 7 
37093, 7, 7 
53431, 7, 7 
44803, 7, 7 
3448, 7, 7 
28014, 7, 7 
20669, 7, 7 
41549, 7, 7 
46147, 7, 7 
17800, 7, 7 
47362, 7, 7 
7309, 7, 7 
30786, 7, 7 
45215, 7, 7 
23094, 7, 7 
57792, 7, 7 
337, 7, 7 
21843, 7, 7 
41088, 7, 7 
20406, 7, 7 
4363, 7, 7 
28529, 7, 7 
28138, 7, 7 
45374, 7, 7 
10828, 7, 7 
5472, 7, 7 
17897, 7, 7 
49327, 7, 7 
10911, 7, 7 
28641, 7, 7 
16162, 7, 7 
41024, 7, 7 
24830, 7, 7 
18204, 7, 7 
46636, 7, 7 
40430, 7, 7 
36430, 7, 7 
20273, 7, 7 
32145, 7, 7 
26579, 7, 7 
32580, 7, 7 
39399, 7, 7 
23985, 7, 7 
43384, 7, 7 
57048, 7, 7 
21783, 7, 7 
22593, 7, 7 
51643, 7, 7 
29491, 7, 7 
9143, 7, 7 
32048, 7, 7 
3751, 7, 7 
17866, 7, 7 
43471, 7, 7 
48135, 7, 7 
41707, 7, 7 
56500, 7, 7 
35053, 7, 7 
8144, 7, 7 
2752, 7, 7 
35196, 7, 7 
6528, 7, 7 
44787, 7, 7 
24644, 7, 7 
2133, 7, 7 
35965, 7, 7 
27058, 7, 7 
42977, 7, 7 
30155, 7, 7 
21313, 7, 7 
31560, 7, 7 
24094, 7, 7 
38688, 7, 7 
29210, 7, 7 
5214, 7, 7 
24040, 7, 7 
30936, 7, 7 
53832, 7, 7 
29109, 7, 7 
45807, 7, 7 
20004, 7, 7 
33123, 7, 7 
436, 7, 7 
42415, 7, 7 
7446, 7, 7 
1326, 7, 7 
34609, 7, 7 
58681, 7, 7 
21937, 7, 7 
11188, 7, 7 
43555, 7, 7 
38034, 7, 7 
33067, 7, 7 
54494, 7, 7 
12841, 7, 7 
12571, 7, 7 
51034, 7, 7 
49330, 7, 7 
26528, 7, 7 
4643, 7, 7 
16505, 7, 7 
38458, 7, 7 
13786, 7, 7 
29689, 7, 7 
59198, 7, 7 
39845, 7, 7 
17340, 7, 7 
51181, 7, 7 
3253, 7, 7 
12558, 7, 7 
46351, 7, 7 
50345, 7, 7 
23220, 7, 7 
969, 7, 7 
18358, 7, 7 
12304, 7, 7 
32441, 7, 7 
5986, 7, 7 
33950, 7, 7 
3065, 7, 7 
57925, 7, 7 
59213, 7, 7 
32599, 7, 7 
22759, 7, 7 
17533, 7, 7 
40386, 7, 9 
20435, 7, 7 
34997, 7, 7 
40837, 7, 7 
30599, 7, 7 
30154, 7, 7 
52008, 7, 7 
58177, 7, 7 
49616, 7, 7 
55346, 7, 7 
48955, 7, 7 
34446, 7, 7 
49184, 7, 7 
38783, 7, 7 
50162, 7, 7 
12511, 7, 7 
29963, 7, 7 
54696, 7, 7 
4242, 7, 7 
32896, 7, 7 
47307, 7, 7 
34899, 7, 7 
13978, 7, 7 
15923, 7, 7 
8137, 7, 7 
59561, 7, 7 
41892, 7, 7 
9519, 7, 7 
41854, 7, 7 
50648, 7, 7 
25868, 7, 7 
57215, 7, 7 
48228, 7, 7 
16197, 7, 7 
35938, 7, 7 
5347, 7, 7 
6087, 7, 7 
39687, 7, 7 
30902, 7, 7 
48519, 7, 7 
44774, 7, 7 
52322, 7, 7 
13180, 7, 7 
12492, 7, 7 
38819, 7, 7 
22300, 7, 7 
10795, 7, 7 
41788, 7, 7 
8828, 7, 7 
47071, 7, 7 
25929, 7, 7 
38437, 7, 7 
9787, 7, 7 
16205, 7, 7 
11092, 7, 7 
387, 7, 7 
19433, 7, 7 
40080, 7, 7 
56828, 7, 7 
7445, 7, 7 
52952, 7, 7 
16915, 7, 7 
17096, 8, 8 
35576, 8, 8 
55407, 8, 8 
51007, 8, 8 
1777, 8, 8 
25796, 8, 8 
54958, 8, 8 
13876, 8, 8 
26543, 8, 8 
2482, 8, 8 
55145, 8, 8 
13812, 8, 8 
54054, 8, 8 
3489, 8, 8 
38452, 8, 8 
59015, 8, 8 
3554, 8, 8 
17950, 8, 8 
20271, 8, 8 
2683, 8, 8 
29596, 8, 8 
12084, 8, 8 
8213, 8, 8 
6924, 8, 8 
18242, 8, 8 
49225, 8, 8 
58394, 8, 8 
4927, 8, 8 
54437, 8, 8 
52398, 8, 8 
48555, 8, 8 
53681, 8, 8 
22469, 8, 8 
16752, 8, 8 
32390, 8, 8 
24641, 8, 8 
2394, 8, 8 
34257, 8, 8 
47152, 8, 8 
5042, 8, 8 
49064, 8, 8 
57174, 8, 8 
31591, 8, 8 
34574, 8, 8 
3845, 8, 8 
18239, 8, 8 
39604, 8, 8 
5435, 8, 8 
3073, 8, 8 
7477, 8, 8 
44874, 8, 8 
3168, 8, 8 
13195, 8, 8 
43145, 8, 8 
56068, 8, 8 
35501, 8, 8 
44695, 8, 8 
55471, 8, 8 
23440, 8, 8 
44968, 8, 8 
53092, 8, 8 
30581, 8, 8 
58371, 8, 8 
56874, 8, 8 
7777, 8, 8 
48668, 8, 8 
59511, 8, 8 
29319, 8, 8 
54926, 8, 8 
43511, 8, 8 
30172, 8, 8 
21659, 8, 8 
49808, 8, 8 
52044, 8, 8 
47964, 8, 8 
30460, 8, 8 
10426, 8, 8 
3502, 8, 8 
52612, 8, 8 
50307, 8, 8 
58856, 8, 8 
4698, 8, 8 
40558, 8, 8 
49044, 8, 8 
29303, 8, 8 
352, 8, 8 
33150, 8, 8 
48296, 8, 8 
18130, 8, 8 
31525, 8, 8 
9762, 8, 8 
26947, 8, 8 
28915, 8, 8 
43372, 8, 8 
23263, 8, 8 
30844, 8, 8 
7814, 8, 8 
53110, 8, 8 
6153, 8, 8 
19351, 8, 8 
21048, 8, 8 
42266, 8, 8 
18353, 8, 8 
5536, 8, 8 
54226, 8, 8 
59057, 8, 8 
28198, 8, 8 
57648, 8, 8 
14987, 8, 8 
26136, 8, 8 
28871, 8, 8 
45968, 8, 8 
50114, 8, 8 
27241, 8, 8 
54896, 8, 8 
52090, 8, 8 
49887, 8, 8 
28539, 8, 8 
57304, 8, 8 
25486, 8, 8 
14226, 8, 8 
33820, 8, 8 
17768, 8, 8 
923, 8, 8 
53281, 8, 8 
29422, 8, 8 
44437, 8, 8 
13423, 8, 8 
13485, 8, 8 
42479, 8, 8 
13016, 8, 8 
24845, 8, 8 
12308, 8, 8 
40467, 8, 8 
18710, 8, 8 
29342, 8, 8 
3959, 8, 8 
51899, 8, 8 
40808, 8, 8 
36221, 8, 8 
39242, 8, 8 
15599, 8, 8 
28506, 8, 8 
34842, 8, 8 
29656, 8, 8 
16101, 8, 8 
19182, 8, 8 
34577, 8, 8 
16833, 8, 8 
6335, 8, 8 
55430, 8, 8 
22438, 8, 8 
4103, 8, 8 
24240, 8, 8 
2378, 8, 8 
36681, 8, 8 
43993, 8, 8 
1434, 8, 8 
3495, 8, 8 
59090, 8, 8 
43944, 8, 8 
43455, 8, 8 
48704, 8, 8 
59034, 8, 8 
53445, 8, 8 
13396, 8, 8 
33181, 8, 8 
24297, 8, 8 
34236, 8, 8 
29702, 8, 8 
19194, 8, 8 
45988, 8, 8 
8690, 8, 8 
6806, 8, 8 
19557, 8, 8 
4621, 8, 8 
10592, 8, 8 
20020, 8, 8 
20102, 8, 8 
34910, 8, 8 
47136, 8, 8 
31800, 8, 8 
16797, 8, 8 
3842, 8, 8 
56710, 8, 8 
37909, 8, 8 
59581, 8, 8 
7810, 8, 8 
19906, 8, 8 
7512, 8, 8 
37608, 8, 8 
11506, 8, 8 
53663, 8, 8 
40022, 8, 8 
53155, 8, 8 
3011, 8, 8 
30775, 8, 8 
36008, 8, 8 
24123, 8, 8 
31528, 8, 8 
57832, 8, 8 
23071, 8, 8 
19043, 8, 8 
15333, 8, 8 
16467, 8, 8 
26661, 8, 8 
57666, 8, 8 
34813, 8, 8 
54492, 8, 8 
35591, 8, 8 
45082, 8, 8 
57019, 8, 8 
40629, 8, 8 
58100, 8, 8 
33678, 8, 8 
1783, 8, 8 
29299, 8, 8 
13920, 8, 8 
42009, 8, 8 
42218, 8, 8 
53520, 8, 8 
53659, 8, 8 
44391, 8, 8 
32226, 8, 8 
16445, 8, 8 
39442, 8, 8 
55683, 8, 8 
4282, 8, 8 
6404, 8, 8 
47163, 8, 8 
3657, 8, 8 
8391, 8, 8 
37868, 8, 8 
19618, 8, 8 
36585, 8, 8 
52159, 8, 8 
55491, 8, 8 
34075, 8, 8 
51665, 8, 8 
47942, 8, 8 
30870, 8, 8 
23086, 8, 8 
9088, 8, 8 
59648, 8, 8 
17393, 8, 8 
48021, 8, 8 
9608, 8, 8 
36299, 8, 8 
885, 8, 8 
24679, 8, 8 
35096, 8, 8 
5346, 8, 8 
30862, 8, 8 
33089, 8, 8 
17527, 8, 8 
15364, 8, 8 
16974, 8, 8 
43698, 8, 8 
17818, 8, 8 
48475, 8, 8 
44944, 8, 8 
52830, 8, 8 
41347, 8, 8 
4040, 8, 8 
51880, 8, 8 
24112, 8, 8 
14035, 8, 8 
45326, 8, 8 
27048, 8, 8 
36870, 8, 8 
55619, 8, 8 
59989, 8, 8 
48394, 8, 8 
28729, 8, 8 
4084, 8, 8 
34734, 8, 8 
54684, 8, 8 
12958, 8, 8 
9361, 8, 8 
17021, 8, 8 
6203, 8, 8 
5409, 8, 8 
24852, 8, 8 
4582, 8, 8 
43900, 8, 8 
26496, 8, 8 
37417, 8, 8 
17027, 8, 8 
6242, 8, 8 
53184, 8, 8 
25766, 8, 8 
51668, 8, 8 
44866, 8, 8 
43656, 8, 8 
59612, 8, 8 
6606, 8, 8 
49831, 8, 8 
16440, 8, 8 
35484, 8, 8 
16141, 8, 8 
15979, 8, 8 
36387, 8, 8 
17859, 8, 8 
21399, 8, 8 
59260, 8, 8 
20014, 8, 8 
44861, 8, 8 
51207, 8, 8 
25657, 8, 8 
12886, 8, 8 
43609, 8, 8 
12275, 8, 8 
19124, 8, 9 
30601, 8, 8 
39994, 8, 8 
19317, 8, 8 
7872, 8, 8 
13079, 8, 8 
29494, 8, 8 
9559, 8, 8 
48855, 8, 8 
3512, 8, 8 
50172, 8, 8 
58779, 8, 8 
30116, 8, 8 
3759, 8, 8 
23112, 8, 8 
51878, 8, 8 
55451, 8, 8 
1025, 8, 8 
4909, 8, 8 
59395, 8, 8 
2810, 8, 8 
5263, 8, 8 
25951, 8, 8 
14380, 8, 8 
685, 8, 8 
58424, 8, 8 
22261, 8, 8 
48756, 8, 8 
7122, 8, 8 
30407, 8, 8 
59294, 8, 8 
3432, 8, 8 
2302, 8, 8 
34194, 8, 8 
26515, 8, 8 
54665, 8, 8 
8951, 8, 8 
49201, 8, 8 
18657, 8, 8 
50965, 8, 8 
15724, 8, 8 
57090, 8, 8 
1776, 8, 8 
35940, 8, 8 
34691, 8, 8 
26773, 8, 8 
6321, 8, 8 
58508, 8, 8 
41663, 8, 8 
59751, 8, 8 
41034, 8, 8 
5625, 8, 8 
1009, 8, 8 
6017, 8, 8 
8210, 8, 8 
9764, 8, 8 
33151, 8, 8 
36865, 8, 8 
43647, 8, 8 
55989, 8, 8 
4848, 8, 8 
5534, 8, 8 
12494, 8, 8 
47563, 8, 8 
40626, 8, 8 
43268, 8, 8 
26003, 8, 8 
24051, 8, 8 
33778, 8, 8 
53312, 8, 8 
45050, 8, 8 
6240, 8, 8 
15941, 8, 8 
25379, 8, 8 
48309, 8, 8 
5183, 8, 8 
6896, 8, 8 
3865, 8, 8 
43165, 8, 8 
41992, 8, 8 
38878, 8, 8 
54909, 8, 8 
8496, 8, 8 
29198, 8, 8 
30162, 8, 8 
17681, 8, 8 
44007, 8, 8 
38596, 8, 8 
23553, 8, 8 
57263, 8, 8 
12899, 8, 8 
39344, 8, 8 
27972, 8, 8 
23560, 8, 8 
13803, 8, 8 
9537, 8, 8 
11101, 8, 8 
48652, 8, 8 
24002, 8, 8 
18104, 8, 8 
58131, 8, 8 
24160, 8, 8 
30219, 8, 8 
22919, 8, 8 
46904, 8, 8 
45948, 8, 8 
45737, 8, 8 
24658, 8, 8 
49661, 8, 8 
33289, 8, 8 
10559, 8, 8 
29858, 8, 8 
44686, 8, 8 
20657, 8, 8 
24223, 8, 8 
49804, 8, 8 
29722, 8, 8 
56091, 8, 8 
56978, 8, 8 
3040, 8, 8 
27425, 8, 8 
3584, 8, 8 
50499, 8, 8 
9594, 8, 8 
56126, 8, 8 
31390, 8, 8 
43215, 8, 8 
602, 8, 8 
56894, 8, 8 
11717, 8, 8 
48739, 8, 8 
46495, 8, 8 
14697, 8, 8 
13588, 8, 8 
30785, 8, 8 
17658, 8, 8 
38151, 8, 8 
17358, 8, 8 
7540, 8, 8 
42076, 8, 8 
43447, 8, 8 
52349, 8, 8 
33956, 8, 8 
8378, 8, 8 
14872, 8, 8 
3730, 8, 8 
14968, 8, 8 
47548, 8, 8 
26061, 8, 8 
36825, 8, 8 
11741, 8, 8 
25975, 8, 8 
44206, 8, 8 
6976, 8, 8 
51846, 8, 8 
39091, 8, 8 
53728, 8, 8 
1759, 8, 8 
30111, 8, 8 
35547, 8, 8 
28989, 8, 8 
20906, 8, 8 
34594, 8, 8 
17937, 8, 8 
40571, 8, 8 
4700, 8, 8 
9345, 8, 8 
50548, 8, 8 
57515, 8, 8 
47926, 8, 8 
3153, 8, 8 
50008, 8, 8 
24046, 8, 8 
40673, 8, 8 
31832, 8, 8 
19725, 8, 8 
21467, 8, 8 
40787, 8, 8 
55766, 8, 8 
58475, 8, 8 
615, 8, 8 
50117, 8, 8 
40146, 8, 8 
27596, 8, 8 
18902, 8, 8 
48494, 8, 8 
30743, 8, 8 
30523, 8, 8 
42727, 9, 9 
27601, 9, 9 
267, 9, 9 
10055, 9, 9 
27370, 9, 9 
9532, 9, 9 
19098, 9, 9 
5454, 9, 9 
30497, 9, 9 
57129, 9, 9 
6542, 9, 9 
22230, 9, 9 
4306, 9, 9 
52546, 9, 9 
53010, 9, 9 
6842, 9, 9 
52948, 9, 9 
41827, 9, 9 
32491, 9, 9 
47745, 9, 9 
16173, 9, 9 
11897, 9, 9 
59756, 9, 9 
4315, 9, 9 
34031, 9, 9 
8141, 9, 9 
2579, 9, 9 
26906, 9, 9 
3398, 9, 9 
19255, 9, 9 
52845, 9, 9 
23224, 9, 9 
37474, 9, 9 
13462, 9, 9 
50557, 9, 9 
52672, 9, 9 
44947, 9, 9 
25376, 9, 9 
43343, 9, 9 
34052, 9, 9 
22961, 9, 9 
24497, 9, 9 
15709, 9, 9 
583, 9, 9 
56201, 9, 9 
13358, 9, 9 
2140, 9, 9 
29591, 9, 9 
37593, 9, 9 
39025, 9, 9 
37424, 9, 9 
4277, 9, 9 
51168, 9, 9 
39932, 9, 9 
51430, 9, 9 
47120, 9, 9 
56270, 9, 9 
22890, 9, 9 
20228, 9, 9 
21987, 9, 9 
49223, 9, 9 
46423, 9, 9 
53386, 9, 9 
46146, 9, 9 
43499, 9, 9 
55496, 9, 9 
25472, 9, 9 
22664, 9, 9 
35127, 9, 9 
57444, 9, 9 
43365, 9, 9 
56702, 9, 9 
32380, 9, 9 
33756, 9, 9 
51667, 9, 9 
59024, 9, 9 
59381, 9, 9 
12767, 9, 9 
20982, 9, 9 
46839, 9, 9 
41497, 9, 9 
32256, 9, 9 
34592, 9, 9 
50908, 9, 9 
7208, 9, 9 
47390, 9, 9 
9051, 9, 9 
31803, 9, 9 
15666, 9, 9 
3382, 9, 9 
49793, 9, 9 
13797, 9, 9 
31842, 9, 9 
15832, 9, 9 
1383, 9, 9 
18057, 9, 9 
3374, 9, 9 
56792, 9, 9 
50833, 9, 9 
14294, 9, 9 
46545, 9, 9 
29180, 9, 9 
39869, 9, 9 
26663, 9, 9 
22576, 9, 9 
38247, 9, 9 
36477, 9, 9 
48384, 9, 9 
20667, 9, 9 
12614, 9, 9 
1610, 9, 9 
4983, 9, 9 
43896, 9, 9 
11199, 9, 9 
16421, 9, 9 
32429, 9, 9 
36499, 9, 9 
566, 9, 9 
3827, 9, 9 
29752, 9, 9 
43094, 9, 9 
9407, 9, 9 
14886, 9, 9 
195, 9, 9 
16341, 9, 9 
54050, 9, 9 
21748, 9, 9 
26215, 9, 9 
34482, 9, 9 
9132, 9, 9 
10480, 9, 9 
32959, 9, 9 
21162, 9, 9 
37641, 9, 9 
6893, 9, 9 
46435, 9, 9 
13323, 9, 9 
13304, 9, 9 
53764, 9, 9 
2006, 9, 9 
30944, 9, 9 
8199, 9, 9 
31561, 9, 9 
45603, 9, 9 
18885, 9, 9 
25478, 9, 9 
20073, 9, 9 
18458, 9, 9 
49619, 9, 9 
43000, 9, 9 
4830, 9, 9 
47237, 9, 9 
57531, 9, 9 
15653, 9, 9 
13326, 9, 9 
22423, 9, 9 
37702, 9, 9 
52478, 9, 9 
54144, 9, 9 
20830, 9, 9 
36920, 9, 9 
10613, 9, 9 
5874, 9, 9 
56684, 9, 9 
57854, 9, 9 
58539, 9, 9 
33300, 9, 9 
47134, 9, 9 
23552, 9, 9 
46087, 9, 9 
43120, 9, 9 
1177, 9, 9 
7269, 9, 9 
21300, 9, 9 
34743, 9, 9 
24991, 9, 9 
53623, 9, 7 
23061, 9, 9 
50053, 9, 9 
53337, 9, 9 
15991, 9, 9 
10857, 9, 9 
39148, 9, 9 
21302, 9, 9 
57374, 9, 9 
52060, 9, 9 
50787, 9, 9 
7016, 9, 9 
58742, 9, 9 
16147, 9, 9 
54139, 9, 9 
7936, 9, 9 
52328, 9, 9 
24468, 9, 9 
53853, 9, 9 
29502, 9, 9 
20689, 9, 9 
50593, 9, 9 
34615, 9, 9 
9503, 9, 9 
16808, 9, 9 
12006, 9, 9 
27344, 9, 9 
26703, 9, 9 
704, 9, 9 
59184, 9, 9 
47040, 9, 9 
50784, 9, 9 
41932, 9, 9 
23867, 9, 9 
30776, 9, 9 
9949, 9, 9 
34419, 9, 9 
30603, 9, 9 
39911, 9, 9 
29397, 9, 9 
21571, 9, 9 
39192, 9, 9 
20282, 9, 9 
9810, 9, 9 
46778, 9, 9 
39134, 9, 9 
31128, 9, 9 
10746, 9, 9 
44107, 9, 9 
41613, 9, 9 
18602, 9, 9 
58470, 9, 9 
58637, 9, 9 
56431, 9, 9 
10799, 9, 9 
18985, 9, 9 
54509, 9, 9 
21495, 9, 9 
13191, 9, 9 
16877, 9, 9 
9311, 9, 9 
48429, 9, 9 
52117, 9, 9 
12172, 9, 9 
56238, 9, 9 
49696, 9, 9 
36201, 9, 9 
47885, 9, 9 
16635, 9, 9 
35004, 9, 9 
35105, 9, 9 
57874, 9, 9 
45824, 9, 9 
17166, 9, 9 
53196, 9, 9 
45461, 9, 9 
11853, 9, 9 
46413, 9, 9 
26949, 9, 9 
49898, 9, 9 
44618, 9, 9 
32201, 9, 9 
27230, 9, 9 
20307, 9, 9 
3481, 9, 9 
47056, 9, 9 
18051, 9, 9 
42642, 9, 9 
50758, 9, 9 
38395, 9, 9 
4568, 9, 9 
51910, 9, 9 
28313, 9, 9 
43663, 9, 9 
53915, 9, 9 
30385, 9, 9 
39423, 9, 8 
23480, 9, 9 
24420, 9, 9 
9613, 9, 9 
46148, 9, 9 
12903, 9, 9 
28547, 9, 9 
11300, 9, 9 
24337, 9, 9 
2600, 9, 9 
37060, 9, 9 
26764, 9, 9 
8525, 9, 9 
35174, 9, 9 
37651, 9, 9 
17363, 9, 9 
54036, 9, 9 
9425, 9, 9 
45621, 9, 9 
45756, 9, 9 
22692, 9, 9 
33443, 9, 9 
15560, 9, 9 
21631, 9, 9 
36757, 9, 9 
36832, 9, 9 
20820, 9, 8 
38899, 9, 9 
47540, 9, 9 
1173, 9, 9 
26316, 9, 9 
44780, 9, 9 
18562, 9, 9 
11682, 9, 9 
57421, 9, 9 
33976, 9, 9 
40685, 9, 9 
54467, 9, 9 
10478, 9, 9 
33021, 9, 9 
34335, 9, 9 
34549, 9, 9 
51982, 9, 9 
31922, 9, 9 
47009, 9, 9 
44825, 9, 9 
45784, 9, 8 
8641, 9, 9 
6872, 9, 9 
17427, 9, 9 
33592, 9, 9 
44878, 9, 9 
29168, 9, 9 
16846, 9, 9 
29857, 9, 9 
48154, 9, 9 
4668, 9, 9 
42826, 9, 7 
6969, 9, 9 
1736, 9, 9 
17317, 9, 9 
9119, 9, 9 
30756, 9, 9 
5137, 9, 9 
4056, 9, 9 
59080, 9, 9 
20644, 9, 9 
19885, 9, 9 
39829, 9, 9 
6964, 9, 9 
39889, 9, 9 
52800, 9, 3 
39286, 9, 9 
58366, 9, 9 
3834, 9, 9 
9968, 9, 9 
7335, 9, 9 
56649, 9, 9 
30623, 9, 9 
38740, 9, 9 
29861, 9, 9 
7171, 9, 9 
57796, 9, 9 
56199, 9, 9 
14281, 9, 9 
51334, 9, 9 
22895, 9, 9 
18928, 9, 9 
2471, 9, 9 
15212, 9, 9 
3346, 9, 9 
26885, 9, 9 
2697, 9, 9 
24313, 9, 9 
441, 9, 9 
41583, 9, 9 
24211, 9, 9 
32777, 9, 9 
43543, 9, 9 
15987, 9, 9 
53044, 9, 9 
18786, 9, 9 
30696, 9, 9 
51145, 9, 9 
5979, 9, 9 
21669, 9, 9 
47456, 9, 9 
53379, 9, 9 
36080, 9, 9 
52094, 9, 9 
6699, 9, 9 
12562, 9, 9 
19814, 9, 9 
22305, 9, 9 
6820, 9, 9 
20138, 9, 9 
29874, 9, 9 
44550, 9, 9 
6156, 9, 9 
43661, 9, 9 
595, 9, 9 
24620, 9, 9 
6263, 9, 9 
30419, 9, 9 
17296, 9, 9 
43253, 9, 9 
55850, 9, 9 
26834, 9, 9 
5402, 9, 9 
54702, 9, 9 
46589, 9, 9 
1882, 9, 9 
49870, 9, 9 
46000, 9, 9 
35695, 9, 9 
58519, 9, 9 
47836, 9, 9 
26806, 9, 9 
41783, 9, 9 
58069, 9, 9 
52595, 9, 9 
58331, 9, 9 
14365, 9, 9 
59668, 9, 9 
3528, 9, 9 
54321, 9, 9 
17061, 9, 9 
56987, 9, 9 
38467, 9, 9 
2989, 9, 9 
38541, 9, 9 
45775, 9, 9 
51140, 9, 9 
18415, 9, 9 
52341, 9, 9 
25119, 9, 9 
55493, 9, 9 
34753, 9, 9 
15844, 9, 9 
4425, 9, 9 
13739, 9, 9 
9729, 9, 9 
59990, 9, 9 
45654, 9, 9 
44223, 9, 9 
36922, 9, 9 
17826, 9, 9 
8999, 9, 9 
14010, 9, 9 
40477, 9, 9 
58395, 9, 9 
58818, 9, 9 
56051, 9, 9 
37136, 9, 9 
30887, 9, 9 
41128, 9, 9 
52034, 9, 9 
54592, 9, 9 
26594, 9, 9 
40167, 9, 9 
43718, 9, 9 
28538, 9, 9 
19120, 9, 9 
59287, 9, 9 
2633, 9, 9 
8998, 9, 9 
5093, 9, 9 
18531, 9, 9 
55370, 9, 9 
21592, 9, 9 
5878, 9, 9 
12429, 9, 9 
4323, 9, 9 
10198, 9, 9 
39447, 9, 9 
18916, 9, 9 
11252, 9, 9 
35786, 9, 9 
49740, 9, 7 
34693, 9, 9 
26462, 9, 9 
24230, 9, 9 
42696, 9, 9 
31027, 9, 9 
24860, 9, 9 
24305, 9, 9 
25712, 9, 9 
28422, 9, 9 
28346, 9, 9 
15349, 9, 9 
19269, 9, 9 
46020, 9, 9 
5829, 9, 9 
49506, 9, 9 
54300, 9, 9 
8592, 9, 9 
21015, 9, 9 
48843, 9, 9 
38992, 9, 9 
40297, 9, 9 
32316, 9, 9 
38969, 9, 9 
41377, 9, 9 
48089, 9, 9 
43920, 9, 9 
55570, 9, 9 
50832, 9, 9 
14216, 9, 9 
