id, true label, predicted label 
26095, 0, 0 
19908, 0, 0 
34262, 0, 0 
54272, 0, 0 
52621, 0, 0 
58861, 0, 0 
2483, 0, 0 
31112, 0, 0 
36628, 0, 0 
9003, 0, 0 
29211, 0, 0 
47552, 0, 0 
54003, 0, 0 
8354, 0, 0 
37759, 0, 0 
28108, 0, 0 
216, 0, 0 
56522, 0, 0 
51301, 0, 0 
7181, 0, 0 
33739, 0, 0 
33978, 0, 0 
10747, 0, 0 
979, 0, 0 
524, 0, 0 
39446, 0, 0 
13880, 0, 0 
39422, 0, 0 
45833, 0, 0 
10755, 0, 0 
48604, 0, 0 
49835, 0, 0 
36371, 0, 0 
359, 0, 0 
28296, 0, 0 
21953, 0, 0 
19811, 0, 0 
51733, 0, 0 
36586, 0, 0 
58882, 0, 0 
1828, 0, 0 
44720, 0, 0 
46796, 0, 0 
8147, 0, 0 
32184, 0, 0 
31109, 0, 0 
43273, 0, 0 
27820, 0, 0 
1018, 0, 0 
46582, 0, 0 
39746, 0, 0 
31410, 0, 0 
30320, 0, 0 
35502, 0, 0 
2839, 0, 0 
56377, 0, 0 
16540, 0, 0 
52955, 0, 0 
34305, 0, 0 
36031, 0, 0 
37946, 0, 0 
9687, 0, 0 
56176, 0, 0 
26639, 0, 0 
53747, 0, 0 
59165, 0, 0 
16501, 0, 0 
36107, 0, 0 
5690, 0, 0 
12716, 0, 0 
18563, 0, 0 
6645, 0, 0 
35067, 0, 0 
37708, 0, 0 
20088, 0, 0 
52520, 0, 0 
18914, 0, 0 
14269, 0, 0 
9142, 0, 0 
55582, 0, 0 
19930, 0, 0 
27735, 0, 0 
6935, 0, 0 
36467, 0, 0 
27894, 0, 0 
2192, 0, 0 
40260, 0, 0 
24717, 0, 0 
42170, 0, 0 
47263, 0, 0 
38501, 0, 0 
39360, 0, 0 
5978, 0, 0 
55110, 0, 0 
34073, 0, 0 
20681, 0, 0 
20478, 0, 0 
49576, 0, 0 
59372, 0, 0 
58765, 0, 0 
20632, 0, 0 
44826, 0, 0 
37252, 0, 0 
156, 0, 0 
41352, 0, 0 
21350, 0, 0 
50958, 0, 0 
40454, 0, 0 
57847, 0, 0 
52354, 0, 0 
30586, 0, 0 
56436, 0, 0 
53861, 0, 0 
54865, 0, 0 
39119, 0, 0 
18881, 0, 0 
47172, 0, 0 
16412, 0, 0 
36620, 0, 0 
31202, 0, 0 
1015, 0, 0 
26623, 0, 0 
53678, 0, 0 
8223, 0, 0 
13230, 0, 0 
2817, 0, 0 
40915, 0, 0 
1512, 0, 0 
19308, 0, 0 
15160, 0, 0 
33914, 0, 0 
24399, 0, 0 
16518, 0, 0 
29614, 0, 0 
6684, 0, 0 
17581, 0, 0 
24212, 0, 0 
36223, 0, 0 
8089, 0, 0 
49949, 0, 0 
24265, 0, 0 
27547, 0, 0 
56469, 0, 0 
46746, 0, 0 
58943, 0, 0 
28457, 0, 0 
51057, 0, 0 
48780, 0, 0 
58457, 0, 0 
32036, 0, 0 
3776, 0, 0 
46192, 0, 0 
48284, 0, 0 
39968, 0, 0 
40586, 0, 0 
38008, 0, 0 
59337, 0, 0 
24858, 0, 0 
27466, 0, 0 
35327, 0, 0 
50072, 0, 0 
11379, 0, 0 
18301, 0, 0 
29368, 0, 0 
51375, 0, 0 
25690, 0, 0 
30992, 0, 0 
26475, 0, 0 
20292, 0, 0 
8877, 0, 0 
30787, 0, 0 
25725, 0, 0 
453, 0, 0 
41137, 0, 0 
44730, 0, 0 
26308, 0, 0 
15854, 0, 0 
46596, 0, 0 
37656, 0, 0 
40843, 0, 0 
27811, 0, 0 
3929, 0, 0 
31502, 0, 0 
41038, 0, 0 
47690, 0, 0 
52596, 0, 0 
14157, 0, 0 
58223, 0, 0 
3516, 0, 0 
42552, 0, 0 
34358, 0, 0 
19008, 0, 0 
22043, 0, 0 
12605, 0, 0 
34553, 0, 0 
44121, 0, 0 
41987, 0, 0 
18232, 0, 0 
15934, 0, 0 
20886, 0, 0 
19682, 0, 0 
55056, 0, 0 
43266, 0, 0 
6723, 0, 0 
51466, 0, 0 
12765, 0, 0 
31165, 0, 0 
19006, 0, 0 
25626, 0, 0 
2617, 0, 0 
1372, 0, 0 
46931, 0, 0 
41341, 0, 0 
4321, 0, 0 
4047, 0, 0 
5505, 0, 0 
25152, 0, 0 
46562, 0, 0 
2403, 0, 0 
43827, 0, 0 
10479, 0, 0 
4776, 0, 0 
38446, 0, 0 
1701, 0, 0 
4145, 0, 0 
41265, 0, 0 
15734, 0, 0 
51150, 0, 0 
19369, 0, 0 
2525, 0, 0 
34016, 0, 0 
14461, 0, 0 
45942, 0, 0 
28489, 0, 0 
4279, 0, 0 
25159, 0, 0 
29750, 0, 0 
15928, 0, 0 
13074, 0, 0 
48960, 0, 0 
11948, 0, 0 
53982, 0, 0 
10334, 0, 0 
11683, 0, 0 
49883, 0, 0 
27092, 0, 0 
55275, 0, 0 
31194, 0, 0 
41556, 0, 0 
26930, 0, 0 
27985, 0, 0 
32274, 0, 0 
36331, 0, 0 
9047, 0, 0 
35632, 0, 5 
18581, 0, 0 
26799, 0, 0 
40760, 0, 0 
47447, 0, 0 
57384, 0, 0 
34555, 0, 0 
37511, 0, 0 
18970, 0, 0 
31518, 0, 0 
16363, 0, 0 
8309, 0, 0 
28740, 0, 0 
51395, 0, 0 
28041, 0, 0 
39955, 0, 0 
55679, 0, 0 
31937, 0, 0 
23598, 0, 0 
6023, 0, 0 
26298, 0, 0 
47616, 0, 0 
29199, 0, 0 
57558, 0, 0 
28272, 0, 0 
9544, 0, 0 
48807, 0, 0 
49459, 0, 0 
22601, 0, 0 
23395, 0, 0 
25629, 0, 0 
47736, 0, 0 
19485, 0, 0 
39906, 0, 0 
6279, 0, 0 
38559, 0, 0 
53297, 0, 0 
16031, 0, 0 
51127, 0, 0 
30709, 0, 0 
15060, 0, 0 
6700, 0, 0 
16563, 0, 0 
39326, 0, 0 
8527, 0, 0 
2435, 0, 0 
29414, 0, 0 
13798, 0, 0 
17987, 0, 0 
35821, 0, 0 
997, 0, 0 
4793, 0, 0 
40649, 0, 0 
47046, 0, 0 
22938, 0, 0 
37047, 0, 0 
43074, 0, 0 
33392, 0, 0 
33219, 0, 0 
21600, 0, 0 
30034, 0, 0 
56556, 0, 0 
29074, 0, 0 
47156, 0, 0 
6960, 0, 0 
49657, 0, 0 
19491, 0, 0 
21497, 0, 0 
22634, 0, 0 
59197, 0, 0 
20731, 0, 0 
42448, 0, 0 
37529, 0, 0 
54549, 0, 0 
5052, 0, 0 
51992, 0, 0 
49443, 0, 0 
13962, 0, 0 
53917, 0, 0 
38543, 0, 0 
43811, 0, 0 
41756, 0, 0 
17741, 0, 0 
35757, 0, 0 
5082, 0, 0 
34586, 0, 0 
37686, 0, 0 
20225, 0, 0 
21523, 0, 0 
35449, 0, 0 
53270, 0, 0 
12313, 0, 0 
32690, 0, 0 
27638, 0, 0 
17334, 0, 0 
37914, 0, 0 
15242, 0, 0 
29395, 0, 0 
28323, 0, 0 
2955, 0, 0 
47488, 0, 0 
41807, 0, 0 
58617, 0, 0 
27658, 0, 0 
25278, 0, 0 
7427, 0, 0 
9287, 0, 0 
23289, 0, 0 
23367, 0, 0 
11620, 0, 0 
24371, 0, 0 
46014, 0, 0 
30391, 0, 0 
23093, 0, 0 
50929, 0, 0 
46054, 0, 0 
54411, 0, 0 
46604, 0, 0 
8335, 0, 0 
22013, 0, 0 
24877, 0, 0 
53994, 0, 0 
24988, 0, 0 
11462, 0, 0 
56459, 0, 0 
47696, 0, 0 
21628, 0, 0 
59786, 0, 0 
37937, 0, 0 
30800, 0, 0 
12888, 0, 0 
51834, 0, 0 
20577, 0, 0 
57261, 0, 0 
42183, 0, 0 
11701, 0, 0 
40563, 0, 0 
51228, 0, 0 
49774, 0, 0 
16402, 0, 0 
58864, 0, 0 
25456, 0, 0 
56159, 0, 0 
38440, 0, 0 
27982, 0, 0 
12635, 0, 0 
16105, 0, 0 
13911, 0, 0 
25919, 0, 0 
28403, 0, 0 
37408, 0, 0 
31361, 0, 0 
27247, 0, 0 
23331, 0, 0 
4563, 0, 0 
11354, 0, 0 
35775, 0, 0 
41927, 0, 0 
51006, 0, 0 
59095, 0, 0 
37653, 0, 0 
3953, 0, 0 
10645, 0, 0 
2278, 0, 0 
23315, 0, 0 
17485, 0, 0 
17169, 0, 0 
11453, 0, 0 
5512, 0, 0 
25206, 0, 0 
43195, 0, 0 
29515, 0, 0 
52470, 0, 0 
9963, 0, 0 
33112, 0, 0 
21602, 0, 0 
24529, 0, 0 
40249, 0, 0 
14513, 0, 0 
4415, 0, 0 
19012, 0, 0 
41027, 0, 0 
16749, 0, 0 
36589, 0, 0 
24640, 0, 0 
22691, 0, 0 
40303, 0, 0 
10691, 0, 0 
22213, 0, 0 
46439, 0, 0 
54284, 0, 0 
42136, 0, 0 
18509, 0, 0 
5461, 0, 0 
55785, 0, 0 
10471, 0, 0 
56573, 0, 0 
81, 0, 0 
12732, 0, 0 
44451, 0, 0 
51167, 0, 0 
58829, 0, 0 
31509, 0, 0 
27580, 0, 0 
40746, 0, 0 
20174, 0, 0 
43685, 0, 0 
43149, 0, 0 
10840, 0, 0 
45511, 0, 0 
41126, 0, 0 
54313, 0, 0 
1625, 0, 0 
38364, 0, 0 
50324, 0, 0 
41795, 0, 0 
13729, 0, 0 
48863, 0, 0 
26422, 0, 0 
14817, 0, 0 
19225, 0, 0 
59336, 0, 0 
2890, 0, 0 
58658, 0, 0 
31604, 0, 0 
4216, 0, 0 
27631, 0, 0 
26258, 0, 0 
2436, 0, 0 
46144, 0, 0 
56419, 0, 0 
32461, 0, 0 
6103, 0, 0 
16640, 0, 0 
22224, 0, 0 
58247, 0, 0 
32557, 0, 0 
22744, 0, 0 
15330, 0, 0 
16905, 0, 0 
43847, 0, 0 
14491, 0, 0 
7708, 0, 0 
7629, 0, 0 
26044, 0, 0 
27257, 0, 0 
22659, 1, 1 
50404, 1, 1 
45546, 1, 1 
53405, 1, 1 
44120, 1, 1 
30742, 1, 1 
15121, 1, 1 
29285, 1, 1 
9653, 1, 1 
5994, 1, 1 
45900, 1, 1 
42932, 1, 1 
15789, 1, 1 
1002, 1, 1 
48177, 1, 1 
28650, 1, 1 
2767, 1, 1 
50338, 1, 1 
50493, 1, 1 
23911, 1, 7 
18261, 1, 1 
48183, 1, 1 
56099, 1, 1 
2356, 1, 1 
4623, 1, 1 
7651, 1, 1 
46107, 1, 1 
46685, 1, 1 
40153, 1, 1 
5168, 1, 1 
27410, 1, 1 
9697, 1, 1 
59364, 1, 1 
2198, 1, 1 
32189, 1, 1 
31179, 1, 1 
43162, 1, 1 
18384, 1, 1 
58935, 1, 1 
21498, 1, 1 
22812, 1, 1 
55644, 1, 1 
17433, 1, 1 
17005, 1, 1 
52444, 1, 1 
48897, 1, 1 
52411, 1, 1 
55083, 1, 1 
33841, 1, 1 
25513, 1, 1 
15034, 1, 1 
43715, 1, 1 
32392, 1, 1 
19884, 1, 1 
52362, 1, 1 
99, 1, 1 
10886, 1, 1 
16643, 1, 1 
18226, 1, 1 
46213, 1, 1 
38558, 1, 1 
45051, 1, 1 
24357, 1, 1 
54533, 1, 1 
25049, 1, 1 
30475, 1, 1 
37809, 1, 1 
56326, 1, 1 
33725, 1, 1 
24808, 1, 1 
46461, 1, 1 
52361, 1, 1 
17029, 1, 1 
5479, 1, 1 
35329, 1, 1 
25163, 1, 1 
15157, 1, 1 
51936, 1, 1 
37972, 1, 1 
38056, 1, 1 
42486, 1, 1 
52032, 1, 1 
33654, 1, 1 
43214, 1, 1 
45147, 1, 1 
38398, 1, 1 
44994, 1, 1 
25981, 1, 1 
55716, 1, 1 
56750, 1, 1 
36947, 1, 1 
57362, 1, 1 
9678, 1, 1 
9973, 1, 1 
3545, 1, 1 
1080, 1, 1 
15182, 1, 1 
15920, 1, 1 
28736, 1, 1 
33124, 1, 1 
7221, 1, 1 
36687, 1, 1 
29517, 1, 1 
57268, 1, 1 
51287, 1, 1 
49441, 1, 1 
5355, 1, 1 
24863, 1, 1 
16610, 1, 1 
7131, 1, 1 
12847, 1, 1 
17487, 1, 1 
9106, 1, 1 
52078, 1, 1 
1052, 1, 1 
46225, 1, 1 
201, 1, 1 
36240, 1, 1 
7084, 1, 1 
3954, 1, 1 
16742, 1, 1 
21972, 1, 1 
34164, 1, 1 
17043, 1, 1 
30564, 1, 1 
56169, 1, 1 
42618, 1, 1 
4644, 1, 1 
19446, 1, 1 
24070, 1, 1 
20465, 1, 1 
1787, 1, 1 
19273, 1, 1 
30737, 1, 1 
42044, 1, 1 
21394, 1, 1 
32224, 1, 1 
58926, 1, 1 
42279, 1, 1 
34004, 1, 1 
50850, 1, 1 
18707, 1, 1 
21479, 1, 1 
46747, 1, 1 
49723, 1, 1 
48074, 1, 1 
42000, 1, 1 
58677, 1, 1 
24707, 1, 1 
11157, 1, 1 
18761, 1, 1 
26537, 1, 1 
37881, 1, 1 
26531, 1, 1 
14169, 1, 1 
10537, 1, 1 
11543, 1, 1 
18421, 1, 1 
30493, 1, 1 
22926, 1, 1 
3155, 1, 1 
1816, 1, 1 
46850, 1, 1 
54071, 1, 1 
40983, 1, 1 
29396, 1, 1 
27924, 1, 1 
50600, 1, 1 
3373, 1, 1 
31017, 1, 1 
8704, 1, 1 
37869, 1, 1 
56912, 1, 1 
17637, 1, 1 
50397, 1, 1 
32365, 1, 1 
13113, 1, 1 
12207, 1, 1 
10712, 1, 1 
24834, 1, 1 
37201, 1, 1 
48600, 1, 1 
53471, 1, 1 
12310, 1, 1 
22214, 1, 1 
5675, 1, 1 
24470, 1, 1 
42401, 1, 1 
7971, 1, 1 
46275, 1, 1 
20659, 1, 1 
43085, 1, 1 
11112, 1, 1 
2776, 1, 1 
38981, 1, 1 
40796, 1, 1 
45438, 1, 1 
58447, 1, 1 
5570, 1, 1 
21794, 1, 1 
4105, 1, 1 
8491, 1, 1 
397, 1, 1 
28191, 1, 1 
58397, 1, 1 
39505, 1, 1 
27875, 1, 1 
52575, 1, 1 
37513, 1, 1 
1716, 1, 1 
36536, 1, 1 
23751, 1, 1 
16887, 1, 1 
41237, 1, 1 
14126, 1, 1 
29069, 1, 1 
47928, 1, 1 
19176, 1, 1 
12885, 1, 1 
12532, 1, 1 
2530, 1, 1 
29215, 1, 1 
43389, 1, 1 
20195, 1, 1 
16923, 1, 1 
34792, 1, 1 
55988, 1, 1 
44324, 1, 1 
4696, 1, 1 
21698, 1, 1 
53394, 1, 1 
56241, 1, 1 
20611, 1, 1 
46142, 1, 1 
34926, 1, 1 
55846, 1, 1 
31113, 1, 1 
38965, 1, 1 
36457, 1, 1 
13514, 1, 1 
47905, 1, 1 
24247, 1, 1 
42578, 1, 1 
56016, 1, 1 
50979, 1, 1 
30757, 1, 1 
53160, 1, 1 
32167, 1, 1 
46893, 1, 1 
37915, 1, 1 
53371, 1, 1 
21908, 1, 1 
7317, 1, 1 
9332, 1, 1 
41607, 1, 1 
47998, 1, 1 
47735, 1, 1 
31534, 1, 1 
2086, 1, 1 
12987, 1, 1 
3926, 1, 1 
39297, 1, 1 
25302, 1, 1 
33140, 1, 1 
15809, 1, 1 
13674, 1, 1 
47770, 1, 1 
2375, 1, 1 
58434, 1, 1 
16946, 1, 1 
48592, 1, 1 
34922, 1, 1 
47442, 1, 1 
56490, 1, 1 
10098, 1, 1 
224, 1, 1 
37635, 1, 1 
4750, 1, 1 
58008, 1, 1 
57903, 1, 1 
57437, 1, 1 
45290, 1, 1 
34241, 1, 1 
13007, 1, 1 
26174, 1, 1 
42463, 1, 1 
2415, 1, 1 
31447, 1, 1 
51548, 1, 1 
11504, 1, 1 
7234, 1, 1 
44290, 1, 1 
2731, 1, 1 
42768, 1, 1 
42888, 1, 1 
4029, 1, 1 
9837, 1, 1 
51742, 1, 1 
47216, 1, 1 
7993, 1, 1 
43595, 1, 1 
17243, 1, 1 
46499, 1, 1 
56456, 1, 1 
13625, 1, 1 
12771, 1, 1 
56986, 1, 1 
36520, 1, 1 
49786, 1, 1 
46984, 1, 1 
58017, 1, 1 
38975, 1, 1 
52492, 1, 1 
40897, 1, 1 
1230, 1, 1 
48534, 1, 1 
10169, 1, 1 
39912, 1, 1 
25800, 1, 2 
556, 1, 1 
44996, 1, 1 
31685, 1, 1 
26598, 1, 1 
33613, 1, 1 
7850, 1, 1 
20852, 1, 1 
21127, 1, 1 
21200, 1, 1 
7860, 1, 1 
48797, 1, 1 
10863, 1, 1 
618, 1, 1 
3901, 1, 1 
36410, 1, 1 
44887, 1, 1 
40682, 1, 1 
43458, 1, 1 
22868, 1, 1 
43003, 1, 1 
30299, 1, 1 
35352, 1, 1 
21362, 1, 1 
18259, 1, 1 
42673, 1, 1 
39185, 1, 1 
44368, 1, 1 
52619, 1, 1 
7788, 1, 1 
49681, 1, 1 
3427, 1, 1 
7020, 1, 1 
11082, 1, 1 
55635, 1, 1 
39707, 1, 1 
31853, 1, 1 
15493, 1, 1 
4775, 1, 1 
34334, 1, 1 
48513, 1, 1 
13307, 1, 1 
36814, 1, 1 
14899, 1, 1 
49488, 1, 1 
8934, 1, 1 
43446, 1, 1 
20348, 1, 1 
28793, 1, 1 
34008, 1, 1 
53610, 1, 1 
2151, 1, 1 
9039, 1, 1 
46181, 1, 1 
56283, 1, 1 
39622, 1, 1 
53484, 1, 1 
25786, 1, 1 
58985, 1, 1 
19894, 1, 1 
1717, 1, 1 
14858, 1, 1 
52359, 1, 1 
50993, 1, 1 
53001, 1, 1 
44857, 1, 1 
41492, 1, 1 
51005, 1, 1 
15977, 1, 1 
39444, 1, 1 
12367, 1, 1 
41862, 1, 1 
10947, 1, 1 
2316, 1, 1 
5006, 1, 1 
37839, 1, 1 
18516, 1, 1 
37499, 1, 1 
587, 1, 1 
31945, 1, 1 
26059, 1, 1 
48335, 1, 1 
58865, 1, 1 
10555, 1, 1 
35774, 1, 1 
37441, 1, 1 
21829, 1, 1 
31093, 1, 1 
22671, 1, 1 
19100, 1, 1 
58234, 1, 1 
38897, 1, 1 
46204, 1, 1 
3306, 1, 1 
34166, 1, 1 
27886, 1, 1 
38002, 1, 1 
6946, 1, 1 
21051, 1, 1 
45197, 1, 1 
32530, 1, 1 
18286, 1, 1 
36892, 1, 1 
10669, 1, 1 
33918, 1, 1 
31238, 1, 1 
39403, 1, 1 
40359, 1, 1 
12056, 1, 1 
49512, 1, 1 
13700, 1, 1 
56149, 1, 1 
38837, 1, 1 
14698, 1, 1 
47465, 1, 1 
45651, 1, 1 
31084, 1, 1 
50482, 1, 1 
31718, 1, 1 
9013, 1, 1 
10157, 1, 1 
42040, 1, 1 
33385, 1, 1 
34418, 1, 1 
8422, 1, 1 
6208, 1, 1 
36558, 1, 1 
56365, 1, 1 
18830, 1, 1 
57761, 1, 1 
38464, 1, 1 
37923, 1, 1 
29434, 1, 1 
28130, 1, 1 
39193, 1, 1 
30556, 1, 1 
31762, 1, 1 
33937, 1, 1 
20810, 1, 1 
8602, 1, 1 
35995, 1, 1 
50237, 1, 1 
53314, 1, 1 
25227, 1, 1 
58022, 1, 7 
48232, 1, 1 
3430, 1, 1 
53919, 1, 1 
8464, 1, 1 
39838, 1, 1 
40604, 1, 1 
31597, 1, 1 
39785, 1, 1 
2938, 1, 1 
50799, 1, 1 
57101, 1, 1 
50472, 1, 1 
49504, 1, 1 
53587, 1, 1 
35212, 1, 1 
58196, 1, 1 
32367, 1, 1 
7410, 1, 1 
24771, 1, 1 
5552, 1, 1 
57961, 1, 1 
18545, 1, 1 
36433, 1, 1 
24397, 1, 1 
3800, 1, 1 
44561, 1, 1 
2667, 1, 1 
22462, 1, 1 
58051, 1, 1 
15300, 1, 1 
22899, 1, 1 
821, 1, 1 
53140, 1, 1 
35722, 1, 1 
45855, 1, 1 
15353, 1, 1 
15277, 1, 1 
17374, 2, 2 
58884, 2, 2 
36077, 2, 2 
43513, 2, 2 
23995, 2, 2 
41121, 2, 2 
57632, 2, 2 
9252, 2, 2 
50508, 2, 2 
49408, 2, 2 
46092, 2, 2 
49029, 2, 2 
10347, 2, 2 
29050, 2, 2 
19191, 2, 2 
55857, 2, 2 
45412, 2, 2 
56243, 2, 2 
25677, 2, 2 
688, 2, 2 
36879, 2, 2 
4278, 2, 2 
39323, 2, 2 
14515, 2, 2 
10502, 2, 2 
18264, 2, 2 
37157, 2, 2 
10291, 2, 2 
23545, 2, 2 
8229, 2, 2 
55399, 2, 2 
36100, 2, 2 
33672, 2, 2 
18290, 2, 2 
36901, 2, 2 
30600, 2, 2 
25735, 2, 2 
56643, 2, 2 
42883, 2, 2 
47623, 2, 2 
43590, 2, 2 
24722, 2, 2 
55662, 2, 2 
28282, 2, 2 
54837, 2, 2 
59396, 2, 2 
48757, 2, 2 
33541, 2, 2 
3722, 2, 2 
57933, 2, 2 
11364, 2, 2 
54325, 2, 2 
51262, 2, 2 
10514, 2, 2 
21414, 2, 2 
43122, 2, 2 
39970, 2, 2 
54682, 2, 2 
34850, 2, 2 
34976, 2, 2 
22368, 2, 2 
6811, 2, 2 
19463, 2, 2 
20440, 2, 2 
34056, 2, 2 
53650, 2, 2 
34323, 2, 2 
29612, 2, 2 
3161, 2, 2 
35153, 2, 2 
39739, 2, 2 
8843, 2, 2 
26941, 2, 2 
36522, 2, 2 
31956, 2, 2 
48877, 2, 2 
56876, 2, 2 
18003, 2, 3 
59607, 2, 2 
21692, 2, 2 
1053, 2, 2 
32169, 2, 2 
7467, 2, 2 
18215, 2, 2 
47839, 2, 2 
34643, 2, 2 
3965, 2, 2 
43895, 2, 2 
58267, 2, 2 
664, 2, 2 
42934, 2, 2 
24124, 2, 2 
39691, 2, 2 
55899, 2, 2 
47290, 2, 2 
40053, 2, 2 
38354, 2, 2 
16858, 2, 2 
39398, 2, 2 
51171, 2, 2 
12281, 2, 2 
50478, 2, 2 
9627, 2, 2 
52495, 2, 2 
52408, 2, 2 
400, 2, 2 
14084, 2, 2 
43495, 2, 2 
1175, 2, 2 
32606, 2, 2 
33881, 2, 2 
23001, 2, 2 
21435, 2, 2 
54480, 2, 2 
17851, 2, 2 
39216, 2, 2 
31024, 2, 2 
33680, 2, 2 
45498, 2, 2 
24862, 2, 2 
47530, 2, 2 
16018, 2, 2 
50446, 2, 2 
14050, 2, 2 
42885, 2, 2 
11380, 2, 2 
20436, 2, 2 
19755, 2, 2 
27186, 2, 2 
2812, 2, 2 
20742, 2, 2 
24865, 2, 2 
16, 2, 2 
26689, 2, 2 
21557, 2, 2 
1952, 2, 2 
2314, 2, 2 
12079, 2, 2 
15223, 2, 2 
28533, 2, 2 
10962, 2, 2 
46517, 2, 2 
14901, 2, 2 
54834, 2, 2 
38635, 2, 2 
13984, 2, 2 
38208, 2, 2 
29717, 2, 2 
7939, 2, 2 
7473, 2, 2 
37660, 2, 2 
26083, 2, 2 
26075, 2, 2 
31555, 2, 2 
48912, 2, 2 
32035, 2, 2 
24552, 2, 2 
34747, 2, 2 
11621, 2, 2 
49993, 2, 2 
46400, 2, 2 
45852, 2, 2 
18460, 2, 2 
47965, 2, 2 
5988, 2, 2 
30336, 2, 2 
39022, 2, 2 
14081, 2, 2 
38901, 2, 2 
17895, 2, 2 
58254, 2, 2 
19919, 2, 2 
862, 2, 2 
22998, 2, 2 
31454, 2, 2 
43116, 2, 2 
20268, 2, 2 
37210, 2, 2 
19632, 2, 2 
40425, 2, 2 
26461, 2, 2 
45136, 2, 2 
938, 2, 2 
30329, 2, 2 
50381, 2, 2 
45561, 2, 2 
34964, 2, 2 
2305, 2, 2 
21366, 2, 2 
58611, 2, 2 
17500, 2, 2 
44393, 2, 2 
45348, 2, 2 
36147, 2, 2 
32854, 2, 2 
58896, 2, 2 
53720, 2, 2 
7476, 2, 2 
50167, 2, 2 
37427, 2, 9 
26577, 2, 2 
57338, 2, 2 
27768, 2, 2 
20550, 2, 2 
13654, 2, 2 
29152, 2, 2 
30530, 2, 2 
48443, 2, 2 
34936, 2, 2 
23457, 2, 2 
53644, 2, 2 
5867, 2, 2 
55089, 2, 2 
30669, 2, 2 
10802, 2, 2 
4610, 2, 2 
37145, 2, 2 
4437, 2, 2 
10138, 2, 2 
21784, 2, 2 
3390, 2, 2 
4380, 2, 2 
40556, 2, 2 
17369, 2, 2 
44415, 2, 2 
54160, 2, 2 
53224, 2, 2 
15712, 2, 2 
56125, 2, 2 
35494, 2, 2 
57910, 2, 2 
38435, 2, 2 
2234, 2, 2 
31616, 2, 2 
39790, 2, 2 
24229, 2, 2 
3680, 2, 2 
10327, 2, 2 
55997, 2, 2 
41966, 2, 2 
49454, 2, 2 
58323, 2, 2 
21527, 2, 2 
28954, 2, 2 
19468, 2, 2 
23677, 2, 2 
14446, 2, 2 
18201, 2, 2 
8793, 2, 2 
44412, 2, 2 
49582, 2, 2 
51653, 2, 2 
44021, 2, 2 
10411, 2, 2 
35161, 2, 2 
24096, 2, 2 
59167, 2, 2 
51835, 2, 2 
1888, 2, 2 
24968, 2, 2 
20309, 2, 2 
44133, 2, 2 
35529, 2, 2 
9962, 2, 2 
42929, 2, 2 
17595, 2, 2 
31928, 2, 2 
43047, 2, 2 
6044, 2, 2 
11243, 2, 2 
28200, 2, 2 
31609, 2, 2 
46319, 2, 2 
12745, 2, 2 
26046, 2, 2 
39296, 2, 2 
1397, 2, 2 
7879, 2, 2 
23099, 2, 2 
31513, 2, 2 
53926, 2, 2 
43877, 2, 2 
21528, 2, 2 
46408, 2, 2 
2288, 2, 2 
33090, 2, 2 
34253, 2, 2 
57838, 2, 2 
38381, 2, 2 
47650, 2, 2 
32418, 2, 2 
27458, 2, 2 
187, 2, 2 
52894, 2, 2 
24449, 2, 2 
29287, 2, 2 
52189, 2, 2 
7870, 2, 2 
38195, 2, 2 
54305, 2, 2 
58801, 2, 2 
26533, 2, 2 
10078, 2, 2 
12587, 2, 2 
51957, 2, 2 
13535, 2, 2 
8997, 2, 2 
46849, 2, 2 
51241, 2, 2 
32611, 2, 2 
47460, 2, 2 
19680, 2, 2 
25412, 2, 2 
51214, 2, 2 
76, 2, 2 
14373, 2, 2 
58568, 2, 2 
49421, 2, 2 
7082, 2, 2 
31422, 2, 2 
117, 2, 2 
21229, 2, 2 
59675, 2, 2 
59983, 2, 2 
3102, 2, 2 
54790, 2, 2 
19963, 2, 2 
34907, 2, 2 
55653, 2, 2 
51435, 2, 2 
9396, 2, 2 
34851, 2, 2 
20721, 2, 2 
59797, 2, 2 
44424, 2, 2 
49642, 2, 2 
43996, 2, 2 
41878, 2, 2 
54754, 2, 2 
15925, 2, 2 
17115, 2, 2 
1947, 2, 2 
40539, 2, 2 
14125, 2, 2 
39074, 2, 2 
45387, 2, 2 
35138, 2, 2 
7395, 2, 2 
55326, 2, 2 
58060, 2, 2 
52953, 2, 2 
59186, 2, 2 
41417, 2, 2 
30569, 2, 2 
11339, 2, 2 
57752, 2, 2 
29167, 2, 2 
9572, 2, 2 
18231, 2, 2 
5733, 2, 2 
52316, 2, 2 
23503, 2, 2 
10016, 2, 2 
18206, 2, 2 
8598, 2, 2 
32437, 2, 2 
57139, 2, 2 
22930, 2, 2 
37515, 2, 2 
43220, 2, 2 
12860, 2, 2 
27374, 2, 2 
21014, 2, 2 
56100, 2, 2 
32654, 2, 2 
27834, 2, 2 
47226, 2, 2 
657, 2, 2 
58192, 2, 2 
36142, 2, 2 
35235, 2, 2 
39008, 2, 2 
23403, 2, 2 
43831, 2, 2 
43133, 2, 2 
27026, 2, 2 
40513, 2, 2 
37743, 2, 2 
5135, 2, 2 
50546, 2, 2 
35930, 2, 2 
15660, 2, 2 
3023, 2, 2 
15137, 2, 2 
27464, 2, 2 
34157, 2, 2 
22673, 2, 2 
40832, 2, 2 
57503, 2, 2 
48681, 2, 2 
18643, 2, 2 
25476, 2, 2 
36813, 2, 2 
55032, 2, 2 
1573, 2, 2 
22807, 2, 2 
28013, 2, 2 
14124, 2, 2 
31233, 2, 2 
1374, 2, 2 
22226, 2, 2 
2838, 2, 2 
48354, 2, 2 
24665, 2, 2 
15614, 2, 2 
32263, 2, 2 
25516, 2, 2 
58502, 2, 2 
34928, 2, 2 
37291, 2, 2 
14244, 2, 2 
56069, 2, 2 
35489, 2, 2 
8742, 2, 2 
43351, 2, 2 
48696, 2, 2 
27787, 2, 2 
46586, 2, 2 
59537, 2, 2 
17841, 2, 2 
49179, 2, 2 
53541, 2, 2 
41348, 2, 2 
9266, 2, 2 
37491, 2, 2 
49267, 2, 2 
30027, 2, 2 
38937, 2, 2 
40705, 2, 2 
56961, 2, 2 
551, 2, 2 
32170, 2, 2 
2748, 2, 2 
41397, 2, 2 
48463, 2, 2 
49805, 2, 2 
7353, 2, 2 
1754, 2, 2 
190, 2, 2 
58487, 2, 2 
35090, 2, 2 
52512, 2, 2 
22620, 2, 2 
47534, 2, 2 
39198, 2, 2 
27551, 2, 2 
16007, 2, 2 
12727, 2, 2 
16298, 2, 2 
7760, 2, 2 
16690, 2, 2 
31874, 2, 2 
4722, 2, 2 
38560, 2, 2 
30831, 2, 2 
13198, 2, 2 
3589, 2, 2 
45073, 2, 2 
42095, 2, 2 
21254, 2, 2 
15476, 2, 2 
13690, 2, 2 
46386, 2, 2 
10476, 2, 2 
36167, 2, 2 
17078, 2, 2 
19087, 2, 2 
36844, 2, 2 
122, 2, 2 
35483, 2, 2 
38396, 2, 2 
30972, 2, 2 
7796, 2, 2 
48349, 2, 2 
32481, 2, 2 
55836, 2, 2 
51567, 2, 2 
41255, 2, 2 
34442, 2, 2 
16289, 2, 2 
53637, 2, 2 
38652, 2, 2 
10106, 2, 2 
18300, 2, 2 
15642, 2, 2 
52774, 2, 2 
23114, 2, 2 
27229, 2, 2 
58619, 2, 2 
33463, 2, 2 
35806, 3, 3 
57149, 3, 3 
42545, 3, 3 
18612, 3, 3 
48435, 3, 3 
43967, 3, 3 
17988, 3, 3 
24095, 3, 3 
42636, 3, 3 
26710, 3, 3 
11693, 3, 3 
50181, 3, 3 
39814, 3, 3 
54430, 3, 3 
45675, 3, 3 
29415, 3, 3 
5748, 3, 3 
7295, 3, 3 
33817, 3, 3 
20872, 3, 3 
25257, 3, 3 
11618, 3, 3 
17778, 3, 3 
40618, 3, 3 
42432, 3, 3 
51519, 3, 3 
30571, 3, 3 
17333, 3, 3 
20243, 3, 3 
34646, 3, 3 
8192, 3, 3 
19855, 3, 3 
26694, 3, 3 
59961, 3, 3 
42526, 3, 3 
36595, 3, 3 
33223, 3, 3 
23747, 3, 3 
45336, 3, 3 
57522, 3, 3 
32234, 3, 3 
47654, 3, 3 
56504, 3, 3 
1872, 3, 3 
58558, 3, 3 
3400, 3, 3 
31098, 3, 3 
38911, 3, 3 
48386, 3, 3 
14184, 3, 3 
8259, 3, 3 
36709, 3, 3 
58564, 3, 3 
40401, 3, 3 
43702, 3, 3 
29313, 3, 3 
2720, 3, 7 
2076, 3, 3 
9230, 3, 3 
27835, 3, 3 
55876, 3, 3 
45088, 3, 3 
52479, 3, 3 
17192, 3, 3 
3336, 3, 3 
44716, 3, 3 
4403, 3, 3 
25820, 3, 3 
18108, 3, 3 
45878, 3, 3 
58924, 3, 3 
49946, 3, 3 
42707, 3, 3 
54655, 3, 3 
54285, 3, 3 
5139, 3, 3 
2092, 3, 3 
30229, 3, 3 
48499, 3, 3 
44142, 3, 3 
21221, 3, 3 
12326, 3, 3 
26187, 3, 3 
49404, 3, 3 
53803, 3, 3 
44764, 3, 3 
14205, 3, 3 
1941, 3, 3 
28957, 3, 3 
16693, 3, 3 
7678, 3, 3 
7288, 3, 3 
52853, 3, 3 
3108, 3, 3 
4579, 3, 3 
29913, 3, 3 
1341, 3, 3 
14177, 3, 3 
54930, 3, 3 
45946, 3, 3 
27988, 3, 3 
58084, 3, 3 
34396, 3, 3 
41843, 3, 3 
13706, 3, 3 
22122, 3, 3 
24414, 3, 3 
41515, 3, 3 
22459, 3, 3 
40722, 3, 3 
12089, 3, 3 
29504, 3, 3 
59195, 3, 3 
39235, 3, 3 
43330, 3, 3 
23860, 3, 3 
32913, 3, 3 
32042, 3, 3 
33344, 3, 3 
35859, 3, 3 
51947, 3, 3 
10328, 3, 3 
56321, 3, 3 
44540, 3, 3 
48193, 3, 3 
57872, 3, 3 
9401, 3, 3 
48179, 3, 3 
7675, 3, 3 
4917, 3, 3 
17208, 3, 3 
41476, 3, 3 
59334, 3, 3 
24042, 3, 3 
51421, 3, 3 
37746, 3, 3 
51871, 3, 3 
54530, 3, 3 
37167, 3, 3 
24111, 3, 3 
10728, 3, 3 
19342, 3, 3 
23700, 3, 3 
53083, 3, 3 
1185, 3, 3 
48281, 3, 3 
21458, 3, 3 
1336, 3, 3 
33589, 3, 3 
15090, 3, 3 
36329, 3, 3 
17010, 3, 3 
54028, 3, 3 
20946, 3, 3 
30984, 3, 3 
26943, 3, 3 
35929, 3, 3 
41343, 3, 3 
40035, 3, 3 
31269, 3, 3 
51211, 3, 3 
59467, 3, 3 
33444, 3, 3 
18765, 3, 3 
23242, 3, 3 
1651, 3, 3 
13969, 3, 5 
34832, 3, 3 
26849, 3, 3 
44888, 3, 3 
18727, 3, 3 
13894, 3, 3 
57141, 3, 3 
33229, 3, 3 
57679, 3, 3 
44782, 3, 3 
767, 3, 3 
15443, 3, 3 
22204, 3, 8 
20355, 3, 3 
50565, 3, 3 
8395, 3, 3 
13352, 3, 3 
19620, 3, 3 
46027, 3, 3 
22996, 3, 3 
2564, 3, 3 
4490, 3, 3 
58729, 3, 3 
15936, 3, 3 
2098, 3, 7 
28174, 3, 3 
51848, 3, 3 
51471, 3, 3 
15743, 3, 3 
2021, 3, 3 
27152, 3, 3 
24326, 3, 3 
19905, 3, 3 
39851, 3, 3 
27651, 3, 3 
44671, 3, 3 
3606, 3, 3 
10608, 3, 3 
34364, 3, 3 
56524, 3, 3 
13496, 3, 3 
50936, 3, 3 
10678, 3, 3 
20356, 3, 3 
59660, 3, 3 
21080, 3, 3 
35049, 3, 3 
18218, 3, 3 
49157, 3, 3 
44193, 3, 3 
6340, 3, 3 
10161, 3, 3 
51373, 3, 3 
5611, 3, 3 
1469, 3, 3 
35692, 3, 3 
51717, 3, 3 
14210, 3, 3 
24789, 3, 3 
1312, 3, 3 
49350, 3, 3 
24899, 3, 3 
3159, 3, 3 
30011, 3, 3 
25034, 3, 3 
17146, 3, 3 
31759, 3, 3 
41491, 3, 3 
9610, 3, 3 
36227, 3, 3 
50688, 3, 3 
17271, 3, 3 
28157, 3, 3 
47441, 3, 3 
17242, 3, 3 
41123, 3, 3 
31311, 3, 3 
45786, 3, 3 
56934, 3, 3 
17063, 3, 3 
45508, 3, 3 
58064, 3, 3 
19238, 3, 3 
38536, 3, 3 
5542, 3, 3 
44157, 3, 9 
15850, 3, 3 
56823, 3, 3 
20565, 3, 3 
24142, 3, 3 
36990, 3, 3 
42966, 3, 3 
15250, 3, 3 
17154, 3, 3 
44020, 3, 3 
54660, 3, 3 
55726, 3, 3 
1631, 3, 3 
43438, 3, 3 
8541, 3, 3 
10775, 3, 3 
34893, 3, 3 
16019, 3, 3 
48701, 3, 3 
51332, 3, 3 
8236, 3, 3 
9491, 3, 3 
49725, 3, 3 
9168, 3, 3 
46911, 3, 3 
54402, 3, 3 
11777, 3, 3 
23649, 3, 3 
36337, 3, 3 
11583, 3, 3 
6213, 3, 3 
45848, 3, 3 
13736, 3, 3 
49791, 3, 3 
20220, 3, 3 
50491, 3, 3 
4966, 3, 3 
2088, 3, 3 
27316, 3, 3 
38565, 3, 3 
45843, 3, 3 
19536, 3, 3 
10966, 3, 3 
50717, 3, 3 
10402, 3, 3 
878, 3, 3 
36082, 3, 3 
46856, 3, 3 
49461, 3, 3 
9636, 3, 3 
32799, 3, 3 
8729, 3, 7 
40078, 3, 3 
28431, 3, 3 
27553, 3, 3 
40620, 3, 3 
31831, 3, 3 
31825, 3, 3 
39941, 3, 3 
19337, 3, 3 
34987, 3, 3 
55715, 3, 3 
29182, 3, 3 
24333, 3, 3 
32031, 3, 3 
53365, 3, 3 
13202, 3, 3 
47514, 3, 3 
4850, 3, 3 
42097, 3, 3 
44408, 3, 3 
37223, 3, 3 
3969, 3, 3 
10390, 3, 3 
46098, 3, 3 
26809, 3, 3 
58855, 3, 3 
37361, 3, 3 
51890, 3, 3 
2011, 3, 3 
21099, 3, 3 
20249, 3, 3 
16329, 3, 3 
34629, 3, 3 
28735, 3, 3 
1599, 3, 3 
15681, 3, 3 
39461, 3, 3 
24358, 3, 3 
18287, 3, 3 
56265, 3, 3 
33009, 3, 3 
11949, 3, 8 
54559, 3, 3 
48426, 3, 3 
40763, 3, 3 
39231, 3, 3 
13524, 3, 3 
49985, 3, 2 
38241, 3, 3 
29650, 3, 3 
56578, 3, 3 
5408, 3, 3 
41143, 3, 3 
55432, 3, 3 
54291, 3, 3 
16296, 3, 3 
4154, 3, 3 
26391, 3, 7 
21695, 3, 3 
34175, 3, 3 
53474, 3, 3 
54413, 3, 3 
3397, 3, 3 
13242, 3, 3 
32691, 3, 3 
58878, 3, 3 
459, 3, 3 
48233, 3, 3 
47455, 3, 3 
36592, 3, 3 
40858, 3, 3 
47090, 3, 3 
59394, 3, 3 
1594, 3, 3 
49166, 3, 3 
48579, 3, 3 
49896, 3, 3 
16386, 3, 3 
7263, 3, 3 
37042, 3, 3 
47245, 3, 3 
41356, 3, 3 
2481, 3, 3 
42054, 3, 3 
557, 3, 3 
21098, 3, 3 
8923, 3, 3 
26674, 3, 3 
12338, 3, 3 
1077, 3, 3 
10, 3, 3 
8606, 3, 3 
59398, 3, 3 
35139, 3, 3 
24407, 3, 3 
44477, 3, 3 
36132, 3, 3 
50671, 3, 3 
40570, 3, 3 
50803, 3, 3 
17832, 3, 3 
33818, 3, 3 
38037, 3, 3 
55017, 3, 3 
52785, 3, 3 
55737, 3, 3 
8907, 3, 3 
12109, 3, 3 
5875, 3, 3 
12086, 3, 3 
30183, 3, 3 
13105, 3, 3 
47510, 3, 3 
24145, 3, 3 
52607, 3, 3 
39327, 3, 7 
27167, 3, 3 
7065, 3, 3 
53136, 3, 3 
40121, 3, 3 
20538, 3, 3 
43952, 3, 3 
53385, 3, 3 
44510, 3, 3 
44609, 3, 3 
36835, 3, 3 
39696, 3, 3 
35156, 3, 3 
22318, 3, 3 
37186, 3, 3 
57967, 3, 3 
57612, 3, 3 
46652, 3, 3 
51617, 3, 3 
35643, 3, 3 
6904, 3, 3 
33491, 3, 3 
33407, 3, 3 
50603, 3, 3 
59014, 3, 3 
35954, 3, 3 
33917, 3, 3 
19195, 3, 3 
55383, 3, 3 
6299, 3, 3 
33371, 3, 3 
29636, 3, 3 
54127, 3, 3 
50141, 3, 3 
3258, 3, 3 
57635, 3, 3 
4694, 3, 3 
15907, 3, 3 
7778, 3, 3 
17491, 3, 3 
33729, 3, 3 
47913, 3, 3 
35765, 3, 3 
35548, 3, 3 
31936, 3, 3 
9319, 3, 3 
29300, 3, 3 
48683, 3, 3 
58411, 3, 3 
24299, 3, 3 
55190, 3, 3 
25573, 3, 3 
15497, 3, 3 
50417, 3, 3 
7097, 3, 3 
55106, 3, 3 
54615, 3, 3 
19092, 3, 3 
15785, 3, 3 
18915, 3, 3 
21714, 3, 3 
5799, 3, 3 
41820, 3, 3 
44959, 3, 3 
13110, 3, 3 
21176, 3, 3 
33161, 3, 3 
25116, 3, 3 
53724, 3, 3 
31349, 3, 3 
29641, 3, 3 
36295, 3, 3 
24219, 3, 3 
39855, 3, 3 
25071, 3, 3 
36671, 3, 3 
21726, 3, 3 
14529, 3, 3 
26692, 3, 3 
48628, 3, 3 
49054, 3, 3 
2960, 3, 3 
50735, 3, 3 
51622, 4, 4 
9761, 4, 4 
29792, 4, 4 
38363, 4, 4 
20464, 4, 4 
47771, 4, 4 
27213, 4, 4 
48478, 4, 4 
34266, 4, 4 
58463, 4, 4 
8325, 4, 4 
50050, 4, 4 
33204, 4, 4 
39667, 4, 4 
42770, 4, 4 
10639, 4, 4 
59809, 4, 4 
52308, 4, 4 
39287, 4, 4 
41864, 4, 4 
1842, 4, 4 
57126, 4, 4 
43152, 4, 4 
51694, 4, 4 
17399, 4, 4 
2542, 4, 4 
9536, 4, 4 
38296, 4, 4 
43812, 4, 4 
46798, 4, 4 
28128, 4, 4 
7579, 4, 4 
41079, 4, 4 
53130, 4, 4 
5822, 4, 4 
59407, 4, 4 
57370, 4, 4 
25184, 4, 4 
20447, 4, 4 
49722, 4, 4 
53458, 4, 4 
31549, 4, 4 
22997, 4, 4 
41915, 4, 4 
34221, 4, 4 
14432, 4, 4 
12589, 4, 4 
53914, 4, 4 
57950, 4, 4 
56311, 4, 4 
59951, 4, 4 
29418, 4, 4 
2490, 4, 4 
23583, 4, 4 
40343, 4, 4 
3037, 4, 4 
55690, 4, 4 
16397, 4, 4 
56440, 4, 4 
576, 4, 4 
26192, 4, 4 
44037, 4, 4 
13241, 4, 4 
59690, 4, 4 
57051, 4, 4 
48342, 4, 4 
19217, 4, 4 
2569, 4, 4 
49513, 4, 4 
9867, 4, 4 
33833, 4, 4 
10338, 4, 4 
59106, 4, 4 
50846, 4, 4 
4252, 4, 4 
58984, 4, 4 
2190, 4, 4 
32802, 4, 4 
24174, 4, 4 
1275, 4, 4 
16399, 4, 4 
17850, 4, 4 
18751, 4, 4 
35769, 4, 4 
8995, 4, 4 
34290, 4, 4 
14927, 4, 4 
14296, 4, 4 
35461, 4, 4 
48928, 4, 4 
23565, 4, 4 
30795, 4, 4 
42213, 4, 4 
18724, 4, 4 
47070, 4, 4 
22233, 4, 4 
45821, 4, 4 
19378, 4, 4 
7611, 4, 4 
29879, 4, 4 
35748, 4, 4 
32419, 4, 4 
10133, 4, 4 
41307, 4, 4 
12749, 4, 4 
3739, 4, 4 
57002, 4, 4 
4099, 4, 4 
35152, 4, 4 
36228, 4, 4 
11567, 4, 4 
7751, 4, 4 
39607, 4, 4 
4780, 4, 4 
46172, 4, 4 
38188, 4, 4 
54187, 4, 4 
26015, 4, 4 
31536, 4, 4 
18589, 4, 4 
48903, 4, 4 
22584, 4, 4 
14175, 4, 4 
9388, 4, 4 
40793, 4, 4 
9190, 4, 4 
38052, 4, 4 
53426, 4, 4 
21828, 4, 4 
7919, 4, 4 
49937, 4, 4 
57721, 4, 4 
31776, 4, 4 
41724, 4, 4 
23339, 4, 4 
14572, 4, 4 
39302, 4, 4 
10216, 4, 4 
14188, 4, 4 
41964, 4, 4 
17822, 4, 4 
14700, 4, 9 
45033, 4, 4 
30266, 4, 4 
17916, 4, 4 
38603, 4, 4 
50699, 4, 4 
49127, 4, 4 
55359, 4, 4 
39269, 4, 4 
24880, 4, 4 
36379, 4, 4 
29866, 4, 4 
12644, 4, 4 
46460, 4, 4 
26128, 4, 4 
3458, 4, 4 
10433, 4, 4 
30921, 4, 4 
3157, 4, 4 
28610, 4, 4 
17940, 4, 4 
49754, 4, 4 
38551, 4, 4 
55197, 4, 4 
22034, 4, 4 
34279, 4, 4 
33478, 4, 4 
40519, 4, 4 
44593, 4, 4 
413, 4, 4 
9321, 4, 4 
2467, 4, 4 
680, 4, 4 
56743, 4, 4 
30121, 4, 4 
54412, 4, 4 
8869, 4, 4 
38372, 4, 4 
44646, 4, 4 
27044, 4, 4 
10521, 4, 4 
7083, 4, 4 
11126, 4, 4 
10964, 4, 4 
30835, 4, 4 
50203, 4, 4 
50433, 4, 4 
54672, 4, 4 
56331, 4, 4 
10558, 4, 4 
42973, 4, 2 
12285, 4, 4 
57677, 4, 4 
32341, 4, 4 
13104, 4, 4 
47058, 4, 4 
23658, 4, 4 
4782, 4, 4 
22285, 4, 4 
55753, 4, 4 
37392, 4, 4 
51270, 4, 4 
24113, 4, 4 
42128, 4, 4 
9984, 4, 4 
34101, 4, 4 
41774, 4, 4 
16279, 4, 4 
14520, 4, 4 
35363, 4, 4 
55191, 4, 4 
12098, 4, 4 
26847, 4, 4 
53062, 4, 4 
14592, 4, 4 
22394, 4, 4 
16098, 4, 4 
16765, 4, 4 
31123, 4, 4 
14064, 4, 4 
29339, 4, 4 
11981, 4, 4 
49998, 4, 4 
51838, 4, 4 
17474, 4, 4 
12790, 4, 4 
14788, 4, 4 
45064, 4, 4 
3905, 4, 4 
45009, 4, 4 
26588, 4, 4 
37104, 4, 4 
51288, 4, 4 
39799, 4, 4 
31029, 4, 4 
37074, 4, 4 
11685, 4, 4 
59087, 4, 4 
34991, 4, 4 
24642, 4, 4 
59139, 4, 4 
22355, 4, 4 
3370, 4, 4 
8944, 4, 4 
12438, 4, 4 
48048, 4, 4 
55924, 4, 4 
18496, 4, 4 
12322, 4, 4 
14542, 4, 4 
24365, 4, 4 
8650, 4, 4 
43009, 4, 4 
12019, 4, 4 
55676, 4, 4 
55964, 4, 4 
51351, 4, 4 
33726, 4, 4 
33637, 4, 4 
6424, 4, 4 
6025, 4, 4 
18362, 4, 4 
57368, 4, 4 
9245, 4, 4 
31121, 4, 4 
18365, 4, 4 
27715, 4, 4 
21269, 4, 4 
44922, 4, 4 
9704, 4, 4 
48582, 4, 4 
38822, 4, 4 
21817, 4, 4 
2052, 4, 4 
25503, 4, 4 
31111, 4, 4 
16431, 4, 4 
18582, 4, 4 
354, 4, 4 
48763, 4, 4 
64, 4, 4 
54324, 4, 4 
15563, 4, 4 
9109, 4, 4 
37067, 4, 4 
18071, 4, 4 
1764, 4, 4 
35493, 4, 4 
12465, 4, 4 
38428, 4, 4 
24472, 4, 4 
24703, 4, 4 
15111, 4, 4 
7578, 4, 4 
30298, 4, 4 
45876, 4, 4 
33888, 4, 4 
27584, 4, 4 
804, 4, 4 
37585, 4, 4 
20617, 4, 4 
18345, 4, 4 
51823, 4, 4 
34530, 4, 4 
27308, 4, 4 
45681, 4, 4 
21374, 4, 4 
48198, 4, 4 
40025, 4, 4 
2451, 4, 4 
39635, 4, 4 
14957, 4, 4 
35254, 4, 4 
7883, 4, 4 
43781, 4, 4 
14990, 4, 4 
14496, 4, 4 
7045, 4, 4 
38500, 4, 4 
47921, 4, 4 
39365, 4, 4 
28049, 4, 4 
24894, 4, 4 
27686, 4, 4 
45981, 4, 4 
9172, 4, 4 
33671, 4, 4 
16438, 4, 4 
10937, 4, 4 
35662, 4, 4 
237, 4, 4 
55024, 4, 4 
16464, 4, 4 
29941, 4, 4 
59905, 4, 4 
46761, 4, 4 
41354, 4, 4 
52838, 4, 4 
8458, 4, 4 
41159, 4, 4 
59451, 4, 4 
7282, 4, 4 
41846, 4, 4 
41444, 4, 4 
59077, 4, 4 
15622, 4, 4 
32661, 4, 4 
33509, 4, 4 
21777, 4, 4 
20525, 4, 4 
23670, 4, 4 
51722, 4, 4 
5734, 4, 4 
52572, 4, 4 
51791, 4, 4 
1840, 4, 4 
8747, 4, 4 
17076, 4, 4 
23936, 4, 4 
8341, 4, 4 
42119, 4, 4 
22553, 4, 4 
57249, 4, 4 
41068, 4, 4 
3503, 4, 4 
12867, 4, 4 
49144, 4, 4 
57940, 4, 4 
27365, 4, 4 
6490, 4, 4 
47691, 4, 4 
13430, 4, 4 
44613, 4, 4 
20529, 4, 4 
40379, 4, 4 
17300, 4, 4 
25176, 4, 6 
56330, 4, 4 
1004, 4, 4 
22262, 4, 4 
43022, 4, 4 
43507, 4, 4 
59386, 4, 4 
42345, 4, 4 
45740, 4, 4 
25811, 4, 4 
11598, 4, 4 
52945, 4, 4 
9496, 4, 4 
3631, 4, 4 
24456, 4, 4 
21448, 4, 4 
46374, 4, 4 
34949, 4, 4 
10607, 4, 4 
13426, 4, 4 
25846, 4, 4 
27738, 4, 4 
6037, 4, 4 
39272, 4, 4 
35312, 4, 4 
55927, 4, 4 
8399, 4, 4 
37634, 4, 4 
92, 4, 4 
9573, 4, 4 
50069, 4, 4 
16605, 4, 4 
21940, 4, 4 
13507, 4, 4 
1098, 4, 4 
57841, 4, 4 
59821, 4, 4 
49196, 4, 4 
35551, 4, 4 
661, 4, 4 
30006, 4, 4 
52229, 4, 4 
52024, 4, 4 
53867, 4, 4 
37858, 4, 4 
8737, 4, 4 
13223, 4, 4 
2109, 4, 4 
53988, 4, 4 
10462, 4, 4 
44352, 4, 4 
56267, 4, 4 
5450, 4, 4 
32027, 4, 4 
14720, 4, 4 
57082, 4, 4 
15668, 4, 4 
2742, 4, 4 
53, 4, 4 
46877, 4, 4 
53145, 4, 4 
58174, 4, 4 
33506, 4, 7 
25114, 4, 4 
14469, 4, 4 
41473, 4, 4 
21430, 4, 4 
40600, 4, 4 
30708, 4, 4 
55641, 4, 4 
20219, 4, 4 
40236, 4, 4 
13069, 4, 4 
39680, 4, 4 
35256, 4, 4 
26480, 4, 4 
9547, 4, 4 
41691, 4, 4 
42236, 4, 4 
8906, 4, 4 
10437, 4, 4 
36791, 4, 4 
5735, 4, 4 
19121, 4, 4 
54637, 4, 4 
17954, 4, 4 
48595, 4, 4 
37528, 4, 4 
47094, 4, 9 
37251, 4, 4 
31317, 4, 4 
41528, 4, 4 
8796, 4, 4 
48819, 4, 4 
20711, 4, 4 
40030, 4, 4 
18294, 4, 4 
21096, 4, 4 
1008, 4, 4 
41020, 4, 4 
30666, 4, 4 
49417, 4, 4 
6778, 4, 4 
33493, 4, 4 
53295, 4, 4 
30311, 4, 4 
38047, 4, 4 
139, 4, 4 
46530, 4, 4 
58980, 4, 4 
13908, 4, 4 
33714, 4, 4 
19498, 4, 4 
6761, 4, 4 
14904, 4, 4 
21500, 4, 4 
5134, 4, 4 
32172, 4, 4 
16551, 4, 4 
57043, 4, 4 
40361, 4, 4 
49195, 4, 4 
10018, 4, 4 
12540, 5, 5 
2993, 5, 5 
40669, 5, 5 
12697, 5, 5 
56813, 5, 5 
19849, 5, 5 
57566, 5, 5 
10943, 5, 5 
26592, 5, 5 
1420, 5, 5 
43459, 5, 5 
48094, 5, 5 
40713, 5, 5 
24887, 5, 5 
56371, 5, 5 
12756, 5, 5 
31795, 5, 5 
23633, 5, 5 
11785, 5, 5 
8656, 5, 5 
38313, 5, 5 
18189, 5, 5 
24921, 5, 5 
46693, 5, 5 
29107, 5, 5 
32492, 5, 5 
921, 5, 5 
9044, 5, 5 
31768, 5, 5 
50430, 5, 5 
11542, 5, 5 
46290, 5, 5 
23689, 5, 5 
50641, 5, 5 
23158, 5, 5 
26163, 5, 5 
39374, 5, 5 
57403, 5, 5 
26913, 5, 5 
11569, 5, 5 
15126, 5, 5 
7172, 5, 5 
23209, 5, 5 
29157, 5, 5 
43641, 5, 5 
41185, 5, 5 
32724, 5, 5 
37066, 5, 5 
33825, 5, 5 
15116, 5, 5 
13394, 5, 5 
19288, 5, 5 
33404, 5, 5 
26976, 5, 5 
20804, 5, 5 
26404, 5, 5 
56725, 5, 5 
41533, 5, 5 
1162, 5, 5 
19319, 5, 5 
47146, 5, 5 
34557, 5, 5 
27053, 5, 5 
31891, 5, 5 
46378, 5, 5 
42338, 5, 5 
4728, 5, 5 
19279, 5, 5 
15732, 5, 5 
49708, 5, 5 
10065, 5, 5 
37894, 5, 5 
11325, 5, 5 
59311, 5, 5 
28209, 5, 5 
57330, 5, 5 
58870, 5, 5 
21198, 5, 5 
39065, 5, 5 
805, 5, 5 
8734, 5, 5 
7962, 5, 5 
27375, 5, 5 
24516, 5, 5 
31252, 5, 5 
8945, 5, 5 
6169, 5, 5 
12940, 5, 5 
50573, 5, 5 
19759, 5, 5 
9419, 5, 5 
40189, 5, 5 
39808, 5, 5 
28175, 5, 5 
39952, 5, 5 
2965, 5, 5 
40674, 5, 5 
40125, 5, 5 
51258, 5, 5 
1062, 5, 5 
52122, 5, 5 
25359, 5, 5 
22102, 5, 5 
9807, 5, 5 
26460, 5, 5 
9581, 5, 5 
36800, 5, 5 
16213, 5, 5 
13663, 5, 5 
41258, 5, 5 
32961, 5, 5 
53759, 5, 5 
37465, 5, 5 
4004, 5, 5 
57812, 5, 5 
771, 5, 5 
12210, 5, 5 
47915, 5, 5 
4948, 5, 5 
21820, 5, 5 
48564, 5, 5 
26363, 5, 5 
33575, 5, 5 
53590, 5, 5 
3535, 5, 5 
42850, 5, 5 
11596, 5, 5 
4711, 5, 5 
2248, 5, 5 
11375, 5, 5 
1690, 5, 5 
47449, 5, 5 
24408, 5, 5 
9515, 5, 5 
20171, 5, 5 
45890, 5, 5 
13262, 5, 5 
2674, 5, 5 
10182, 5, 5 
51610, 5, 5 
35611, 5, 5 
55212, 5, 5 
53122, 5, 5 
48214, 5, 5 
55839, 5, 5 
57462, 5, 5 
18932, 5, 5 
3180, 5, 5 
2945, 5, 5 
19676, 5, 5 
44152, 5, 5 
25778, 5, 5 
6346, 5, 5 
970, 5, 5 
32915, 5, 5 
28029, 5, 5 
26098, 5, 5 
50332, 5, 5 
7368, 5, 5 
50926, 5, 5 
11631, 5, 5 
53046, 5, 5 
27777, 5, 5 
19173, 5, 5 
236, 5, 5 
32156, 5, 5 
3819, 5, 5 
9824, 5, 5 
58862, 5, 5 
50202, 5, 5 
51176, 5, 5 
50690, 5, 5 
34965, 5, 5 
59731, 5, 5 
42705, 5, 5 
53306, 5, 5 
42390, 5, 5 
12405, 5, 5 
48113, 5, 5 
12800, 5, 5 
17981, 5, 5 
5060, 5, 5 
2713, 5, 5 
19679, 5, 5 
44706, 5, 5 
42334, 5, 5 
31649, 5, 5 
37662, 5, 5 
19476, 5, 5 
32372, 5, 5 
20890, 5, 5 
32344, 5, 5 
51405, 5, 5 
7246, 5, 5 
11790, 5, 5 
48800, 5, 5 
8419, 5, 5 
34692, 5, 5 
29616, 5, 5 
48774, 5, 5 
24332, 5, 5 
41202, 5, 5 
27997, 5, 5 
18553, 5, 5 
35799, 5, 5 
9205, 5, 5 
21734, 5, 5 
5737, 5, 5 
26868, 5, 5 
43357, 5, 5 
16926, 5, 5 
31005, 5, 5 
33909, 5, 5 
2639, 5, 5 
53229, 5, 5 
50366, 5, 5 
31301, 5, 5 
34139, 5, 5 
29112, 5, 5 
48731, 5, 5 
24045, 5, 5 
36690, 5, 5 
28267, 5, 5 
37749, 5, 5 
3864, 5, 5 
7902, 5, 5 
5591, 5, 5 
4462, 5, 5 
22918, 5, 5 
37049, 5, 5 
39964, 5, 5 
10939, 5, 5 
16692, 5, 5 
27340, 5, 5 
2966, 5, 5 
33866, 5, 5 
26752, 5, 5 
54577, 5, 5 
3085, 5, 5 
4645, 5, 5 
21210, 5, 5 
45897, 5, 5 
58359, 5, 5 
9414, 5, 5 
20140, 5, 5 
23066, 5, 5 
52610, 5, 5 
51718, 5, 5 
15676, 5, 5 
19472, 5, 5 
14543, 5, 5 
23825, 5, 5 
54500, 5, 5 
8909, 5, 5 
3922, 5, 5 
7885, 5, 5 
29150, 5, 5 
37364, 5, 5 
33044, 5, 5 
36609, 5, 5 
15528, 5, 5 
29066, 5, 5 
40930, 5, 5 
18067, 5, 5 
8307, 5, 5 
30042, 5, 5 
54562, 5, 5 
39966, 5, 5 
55305, 5, 5 
25273, 5, 5 
53796, 5, 5 
51775, 5, 5 
56045, 5, 5 
25295, 5, 5 
58515, 5, 5 
28141, 5, 5 
46509, 5, 5 
14451, 5, 5 
38564, 5, 5 
17436, 5, 5 
15804, 5, 5 
25598, 5, 5 
32646, 5, 5 
31402, 5, 5 
7738, 5, 5 
19846, 5, 5 
43780, 5, 5 
17642, 5, 5 
17294, 5, 5 
40535, 5, 5 
5383, 5, 5 
55042, 5, 5 
31687, 5, 5 
8549, 5, 5 
11873, 5, 5 
12736, 5, 5 
46608, 5, 5 
17502, 5, 5 
1406, 5, 5 
3007, 5, 5 
35674, 5, 5 
40640, 5, 5 
41737, 5, 5 
22042, 5, 5 
27193, 5, 5 
34276, 5, 5 
57610, 5, 5 
15579, 5, 5 
335, 5, 5 
58604, 5, 5 
45036, 5, 5 
24107, 5, 5 
17132, 5, 5 
13821, 5, 5 
6569, 5, 5 
59384, 5, 5 
56119, 5, 5 
25557, 5, 5 
2554, 5, 5 
36984, 5, 5 
44404, 5, 5 
1089, 5, 5 
32603, 5, 5 
43084, 5, 5 
28606, 5, 5 
15421, 5, 5 
40207, 5, 5 
37414, 5, 5 
1263, 5, 5 
15398, 5, 5 
55685, 5, 5 
58175, 5, 5 
55804, 5, 5 
20530, 5, 5 
306, 5, 5 
3539, 5, 5 
10111, 5, 5 
46188, 5, 5 
42836, 5, 5 
40963, 5, 5 
16487, 5, 5 
13591, 5, 5 
8022, 5, 5 
55823, 5, 5 
55075, 5, 5 
18456, 5, 5 
41754, 5, 5 
20006, 5, 5 
2445, 5, 5 
51072, 5, 5 
13948, 5, 5 
7276, 5, 5 
14862, 5, 5 
1039, 5, 5 
59406, 5, 5 
16931, 5, 5 
32324, 5, 5 
6988, 5, 5 
49025, 5, 5 
15178, 5, 5 
5925, 5, 5 
620, 5, 5 
29410, 5, 5 
35903, 5, 5 
7323, 5, 5 
38266, 5, 5 
56116, 5, 5 
49393, 5, 5 
57302, 5, 5 
1382, 5, 5 
56586, 5, 5 
19775, 5, 5 
43623, 5, 5 
3635, 5, 5 
28845, 5, 5 
21005, 5, 5 
16910, 5, 5 
16671, 5, 5 
45233, 5, 5 
2739, 5, 5 
50662, 5, 5 
33553, 5, 5 
46890, 5, 5 
9495, 5, 5 
22030, 5, 5 
26918, 5, 5 
12843, 5, 5 
41000, 5, 5 
31413, 5, 5 
45624, 5, 5 
36332, 5, 5 
21227, 5, 5 
31434, 5, 5 
10397, 5, 5 
17366, 5, 5 
51605, 5, 5 
34755, 5, 5 
47412, 5, 5 
59576, 5, 5 
29955, 5, 5 
4327, 5, 5 
11472, 5, 5 
46244, 5, 5 
30399, 5, 5 
45012, 5, 5 
17138, 5, 5 
54774, 5, 5 
20093, 5, 5 
8320, 5, 5 
13716, 5, 5 
46847, 5, 5 
8339, 5, 5 
41539, 5, 5 
22686, 5, 5 
45607, 5, 5 
48358, 5, 5 
47107, 5, 5 
38508, 5, 5 
28254, 5, 5 
52040, 5, 5 
51727, 5, 5 
40824, 5, 5 
43753, 5, 5 
34128, 5, 5 
24559, 5, 5 
30323, 5, 5 
37865, 5, 5 
52507, 5, 5 
34050, 5, 5 
947, 5, 5 
54203, 5, 5 
32040, 5, 5 
32200, 5, 5 
40291, 5, 5 
58706, 5, 5 
13749, 5, 5 
15791, 5, 5 
39773, 5, 5 
6086, 5, 5 
41390, 5, 5 
49236, 5, 5 
22650, 5, 5 
54442, 5, 5 
19396, 5, 5 
31472, 5, 5 
29077, 5, 5 
35867, 5, 5 
50549, 5, 5 
59654, 5, 5 
17610, 5, 5 
37807, 5, 5 
36405, 5, 5 
13021, 5, 5 
7481, 5, 5 
36059, 5, 5 
10764, 5, 5 
26517, 5, 5 
33674, 5, 5 
14917, 5, 5 
26437, 5, 5 
39208, 5, 5 
49558, 5, 5 
32343, 5, 5 
4007, 5, 5 
33537, 5, 5 
10652, 5, 5 
40473, 5, 5 
34984, 5, 5 
5666, 5, 5 
38287, 5, 5 
25391, 5, 5 
4969, 5, 5 
44910, 5, 5 
32748, 5, 5 
5653, 5, 5 
24056, 5, 5 
26926, 5, 5 
46989, 5, 5 
25075, 5, 5 
47866, 5, 5 
16603, 5, 5 
22571, 5, 5 
52739, 5, 5 
10822, 5, 5 
30647, 5, 5 
28974, 5, 5 
41933, 5, 5 
16215, 5, 5 
44147, 5, 5 
15781, 5, 5 
49367, 5, 5 
4015, 5, 5 
2527, 5, 5 
9743, 5, 5 
58439, 5, 5 
23508, 5, 5 
25203, 5, 5 
20635, 5, 5 
2912, 5, 5 
41314, 5, 5 
31220, 6, 6 
43348, 6, 6 
21753, 6, 6 
1504, 6, 6 
26019, 6, 6 
59181, 6, 6 
13101, 6, 6 
32546, 6, 6 
50921, 6, 6 
34124, 6, 6 
17251, 6, 6 
37639, 6, 6 
8488, 6, 6 
36766, 6, 6 
11195, 6, 6 
55615, 6, 6 
29707, 6, 6 
8352, 6, 6 
33006, 6, 6 
20124, 6, 6 
52544, 6, 6 
42523, 6, 6 
36996, 6, 6 
50220, 6, 6 
34628, 6, 6 
33318, 6, 6 
20957, 6, 6 
34543, 6, 6 
45460, 6, 6 
8150, 6, 6 
44250, 6, 6 
40271, 6, 6 
32050, 6, 6 
26796, 6, 6 
21337, 6, 6 
45241, 6, 6 
41561, 6, 6 
11571, 6, 6 
26946, 6, 6 
30440, 6, 6 
1092, 6, 6 
19329, 6, 6 
58536, 6, 6 
42785, 6, 6 
15463, 6, 6 
15051, 6, 6 
31411, 6, 6 
37091, 6, 6 
24475, 6, 6 
11784, 6, 6 
27355, 6, 6 
32839, 6, 6 
6433, 6, 6 
48051, 6, 6 
41642, 6, 6 
27175, 6, 6 
12547, 6, 6 
17161, 6, 6 
56727, 6, 6 
51481, 6, 6 
52674, 6, 6 
14658, 6, 6 
6373, 6, 6 
8807, 6, 6 
20781, 6, 6 
6903, 6, 6 
47789, 6, 6 
12410, 6, 6 
57529, 6, 6 
7206, 6, 6 
47824, 6, 6 
2311, 6, 6 
16433, 6, 6 
5913, 6, 6 
49353, 6, 6 
37751, 6, 6 
38342, 6, 6 
46804, 6, 6 
52125, 6, 6 
56405, 6, 6 
33886, 6, 6 
48649, 6, 5 
24423, 6, 6 
42234, 6, 6 
48609, 6, 6 
56972, 6, 6 
16077, 6, 6 
34686, 6, 6 
41172, 6, 6 
36561, 6, 6 
44287, 6, 6 
48505, 6, 6 
256, 6, 6 
24377, 6, 6 
50402, 6, 6 
54959, 6, 6 
11952, 6, 6 
55123, 6, 6 
59610, 6, 6 
20154, 6, 6 
56373, 6, 6 
49765, 6, 6 
56098, 6, 6 
51293, 6, 6 
36, 6, 6 
47943, 6, 6 
42143, 6, 6 
56411, 6, 6 
52062, 6, 6 
15914, 6, 6 
43807, 6, 6 
47277, 6, 6 
6982, 6, 6 
449, 6, 6 
34380, 6, 6 
55638, 6, 6 
33055, 6, 6 
34117, 6, 6 
35297, 6, 6 
47593, 6, 6 
5586, 6, 6 
4367, 6, 6 
8720, 6, 6 
19970, 6, 6 
10335, 6, 6 
40229, 6, 6 
30338, 6, 6 
28415, 6, 6 
38988, 6, 6 
33477, 6, 6 
4431, 6, 6 
42325, 6, 6 
32305, 6, 6 
21004, 6, 6 
21128, 6, 6 
48141, 6, 6 
58224, 6, 6 
57226, 6, 6 
28027, 6, 6 
20822, 6, 6 
55942, 6, 6 
54188, 6, 6 
4198, 6, 6 
8004, 6, 6 
28152, 6, 6 
33916, 6, 6 
57254, 6, 6 
8328, 6, 6 
5222, 6, 6 
2635, 6, 6 
18144, 6, 6 
13375, 6, 6 
19647, 6, 6 
44410, 6, 6 
35433, 6, 6 
36415, 6, 6 
54618, 6, 6 
37509, 6, 6 
29725, 6, 6 
24851, 6, 6 
3229, 6, 6 
52145, 6, 6 
24158, 6, 6 
1139, 6, 6 
51953, 6, 6 
11427, 6, 6 
40278, 6, 6 
30252, 6, 6 
36702, 6, 6 
48886, 6, 6 
5495, 6, 6 
37238, 6, 6 
56342, 6, 6 
13207, 6, 6 
46670, 6, 6 
24948, 6, 6 
46471, 6, 6 
46120, 6, 6 
27708, 6, 6 
23594, 6, 6 
1466, 6, 6 
3808, 6, 6 
49066, 6, 6 
58605, 6, 6 
16273, 6, 6 
44989, 6, 6 
9295, 6, 6 
44879, 6, 6 
32624, 6, 6 
38172, 6, 6 
31955, 6, 6 
7389, 6, 6 
43263, 6, 6 
31457, 6, 6 
8697, 6, 6 
2459, 6, 6 
42571, 6, 6 
9967, 6, 6 
16332, 6, 6 
3136, 6, 6 
36841, 6, 6 
47864, 6, 6 
53398, 6, 6 
52197, 6, 6 
58166, 6, 6 
17273, 6, 6 
18376, 6, 6 
54602, 6, 6 
4536, 6, 6 
21294, 6, 6 
54841, 6, 6 
57758, 6, 6 
25520, 6, 6 
36383, 6, 6 
10275, 6, 6 
10550, 6, 6 
35607, 6, 6 
5374, 6, 6 
42103, 6, 6 
10332, 6, 6 
41800, 6, 6 
14339, 6, 6 
10767, 6, 6 
6102, 6, 6 
47220, 6, 6 
6963, 6, 6 
3671, 6, 6 
47214, 6, 6 
25435, 6, 6 
18957, 6, 6 
52788, 6, 6 
53148, 6, 6 
12423, 6, 6 
7289, 6, 6 
2785, 6, 6 
22550, 6, 6 
52880, 6, 6 
15708, 6, 6 
35210, 6, 6 
44801, 6, 6 
57945, 6, 6 
45157, 6, 6 
6526, 6, 6 
56878, 6, 6 
37667, 6, 6 
6742, 6, 6 
31516, 6, 6 
6693, 6, 6 
38535, 6, 6 
11819, 6, 6 
53005, 6, 6 
43161, 6, 6 
47561, 6, 6 
50635, 6, 6 
3586, 6, 6 
18045, 6, 6 
14784, 6, 6 
3936, 6, 6 
10731, 6, 6 
47694, 6, 6 
28741, 6, 6 
18238, 6, 6 
41711, 6, 6 
23907, 6, 6 
27757, 6, 6 
47026, 6, 6 
47288, 6, 6 
54490, 6, 6 
11691, 6, 6 
45614, 6, 6 
56211, 6, 6 
50039, 6, 6 
45755, 6, 6 
14487, 6, 6 
13780, 6, 6 
33379, 6, 6 
23785, 6, 6 
15036, 6, 6 
42256, 6, 6 
39258, 6, 6 
16507, 6, 6 
45935, 6, 6 
6452, 6, 6 
23533, 6, 6 
40351, 6, 6 
15839, 6, 6 
9534, 6, 6 
23358, 6, 6 
21934, 6, 6 
33032, 6, 6 
19710, 6, 6 
40395, 6, 6 
23343, 6, 6 
35047, 6, 6 
57850, 6, 6 
25076, 6, 6 
44728, 6, 6 
57577, 6, 6 
41726, 6, 6 
4402, 6, 6 
58669, 6, 6 
28438, 6, 6 
13828, 6, 6 
14910, 6, 6 
27415, 6, 6 
56811, 6, 6 
21036, 6, 6 
53081, 6, 6 
20005, 6, 6 
41940, 6, 6 
7957, 6, 6 
41889, 6, 6 
49915, 6, 6 
13845, 6, 6 
50719, 6, 6 
13364, 6, 6 
9244, 6, 6 
8532, 6, 6 
42498, 6, 6 
39205, 6, 6 
56455, 6, 6 
22718, 6, 6 
24837, 6, 6 
23850, 6, 6 
28177, 6, 6 
43164, 6, 6 
30904, 6, 6 
38431, 6, 6 
18704, 6, 6 
39650, 6, 6 
19562, 6, 6 
16258, 6, 6 
6139, 6, 6 
22240, 6, 6 
12393, 6, 6 
21348, 6, 6 
41344, 6, 6 
38643, 6, 6 
2954, 6, 6 
4243, 6, 6 
31613, 6, 6 
19309, 6, 6 
39825, 6, 6 
33724, 6, 6 
51700, 6, 6 
20416, 6, 6 
28382, 6, 6 
12834, 6, 6 
19135, 6, 6 
8282, 6, 6 
22178, 6, 6 
25572, 6, 6 
22618, 6, 6 
40941, 6, 6 
42729, 6, 6 
10383, 6, 6 
55111, 6, 6 
5141, 6, 6 
4030, 6, 6 
4365, 6, 6 
58917, 6, 6 
49478, 6, 6 
29140, 6, 6 
23198, 6, 6 
20353, 6, 6 
19298, 6, 6 
21955, 6, 6 
9113, 6, 6 
11680, 6, 6 
19754, 6, 6 
7684, 6, 6 
401, 6, 6 
33782, 6, 6 
58041, 6, 6 
20733, 6, 6 
8692, 6, 6 
48673, 6, 6 
59876, 6, 6 
15401, 6, 6 
4072, 6, 6 
36444, 6, 6 
4702, 6, 6 
49886, 6, 6 
27204, 6, 6 
1424, 6, 6 
11062, 6, 6 
30004, 6, 6 
20119, 6, 6 
2387, 6, 6 
42253, 6, 6 
51620, 6, 6 
55904, 6, 6 
28333, 6, 6 
9095, 6, 6 
6930, 6, 6 
22716, 6, 6 
27750, 6, 6 
20233, 6, 6 
42745, 6, 6 
52387, 6, 6 
41380, 6, 6 
57413, 6, 6 
41793, 6, 6 
41198, 6, 6 
10591, 6, 6 
59320, 6, 6 
49539, 6, 6 
56943, 6, 6 
38045, 6, 6 
26766, 6, 6 
7379, 6, 6 
59171, 6, 6 
23780, 6, 6 
56186, 6, 6 
48568, 6, 6 
51728, 6, 6 
20745, 6, 6 
6799, 6, 6 
15441, 6, 6 
38511, 6, 6 
56179, 6, 6 
2850, 6, 6 
52215, 6, 6 
38479, 6, 6 
5279, 6, 6 
34024, 6, 6 
49418, 6, 6 
27382, 6, 6 
40641, 6, 6 
48409, 6, 6 
3364, 6, 6 
46131, 6, 6 
30617, 6, 6 
8577, 6, 6 
2644, 6, 6 
16604, 6, 6 
48740, 6, 6 
49275, 6, 6 
4712, 6, 6 
18525, 6, 6 
14072, 6, 6 
50275, 6, 6 
28728, 6, 6 
17953, 6, 6 
30995, 6, 6 
38780, 6, 6 
14330, 6, 6 
23050, 6, 6 
3999, 6, 6 
25306, 6, 6 
36574, 6, 6 
1493, 6, 6 
15351, 6, 6 
27438, 6, 6 
47014, 6, 6 
5159, 6, 6 
40952, 6, 6 
23628, 6, 6 
18085, 6, 6 
32994, 6, 6 
4018, 6, 6 
9068, 6, 6 
47343, 6, 6 
55627, 6, 6 
46626, 6, 6 
33063, 6, 6 
58534, 6, 6 
10053, 6, 6 
25680, 6, 6 
6402, 6, 6 
33520, 6, 6 
28508, 6, 6 
5826, 6, 6 
9928, 6, 6 
37194, 6, 6 
36294, 6, 6 
32592, 6, 6 
18593, 6, 6 
19155, 6, 6 
17910, 6, 6 
33227, 6, 6 
26065, 6, 6 
23416, 6, 6 
32670, 6, 6 
17546, 6, 6 
57554, 6, 6 
53230, 6, 6 
1918, 6, 6 
37905, 6, 6 
9533, 6, 6 
44666, 6, 6 
57456, 6, 6 
40751, 6, 6 
18788, 6, 6 
12919, 6, 6 
26792, 6, 6 
1707, 6, 6 
15478, 6, 6 
26516, 6, 6 
45986, 6, 6 
56640, 7, 7 
57600, 7, 7 
47303, 7, 7 
31678, 7, 7 
1400, 7, 7 
20991, 7, 7 
52992, 7, 7 
36760, 7, 7 
34914, 7, 7 
34331, 7, 7 
8267, 7, 7 
45257, 7, 7 
48988, 7, 7 
23094, 7, 7 
41891, 7, 7 
55344, 7, 7 
35081, 7, 7 
10946, 7, 7 
43493, 7, 7 
57235, 7, 7 
8090, 7, 7 
7931, 7, 7 
28621, 7, 7 
58061, 7, 7 
55517, 7, 7 
47206, 7, 7 
59140, 7, 7 
5407, 7, 7 
44805, 7, 7 
15113, 7, 7 
5535, 7, 7 
25026, 7, 7 
36231, 7, 7 
57925, 7, 7 
13180, 7, 7 
10716, 7, 7 
50894, 7, 7 
31291, 7, 7 
2054, 7, 7 
59068, 7, 7 
25594, 7, 7 
45811, 7, 7 
17033, 7, 7 
37762, 7, 7 
47698, 7, 7 
44067, 7, 7 
54731, 7, 7 
29582, 7, 7 
55082, 7, 7 
17114, 7, 7 
57927, 7, 7 
34890, 7, 7 
18609, 7, 7 
38242, 7, 7 
4395, 7, 7 
4965, 7, 7 
6046, 7, 7 
753, 7, 7 
45744, 7, 7 
9115, 7, 7 
21725, 7, 7 
91, 7, 7 
9243, 7, 7 
41630, 7, 7 
96, 7, 7 
43288, 7, 7 
58836, 7, 7 
18706, 7, 7 
42739, 7, 7 
44737, 7, 7 
3008, 7, 7 
57323, 7, 7 
16970, 7, 7 
11510, 7, 7 
5579, 7, 7 
562, 7, 7 
55052, 7, 7 
24172, 7, 7 
15721, 7, 7 
3515, 7, 7 
30250, 7, 7 
15824, 7, 7 
48271, 7, 7 
28620, 7, 7 
43313, 7, 7 
42164, 7, 7 
52339, 7, 7 
39183, 7, 7 
26162, 7, 7 
59560, 7, 7 
40559, 7, 7 
46938, 7, 7 
34861, 7, 8 
52750, 7, 7 
4046, 7, 7 
37833, 7, 7 
51916, 7, 7 
25782, 7, 7 
50706, 7, 7 
26169, 7, 7 
58092, 7, 7 
44443, 7, 7 
27341, 7, 7 
51460, 7, 7 
9657, 7, 7 
19235, 7, 7 
11650, 7, 7 
12471, 7, 7 
22228, 7, 7 
12921, 7, 7 
52092, 7, 7 
7438, 7, 7 
32195, 7, 7 
55759, 7, 7 
22534, 7, 7 
10160, 7, 7 
2750, 7, 7 
27039, 7, 7 
46202, 7, 7 
46253, 7, 7 
27837, 7, 7 
24008, 7, 7 
23698, 7, 7 
54152, 7, 7 
33950, 7, 7 
20452, 7, 7 
23479, 7, 7 
50147, 7, 7 
2246, 7, 7 
43046, 7, 7 
41088, 7, 7 
59977, 7, 7 
36465, 7, 7 
46031, 7, 7 
14832, 7, 7 
4516, 7, 7 
4842, 7, 7 
56555, 7, 7 
26356, 7, 7 
1687, 7, 7 
25161, 7, 7 
7959, 7, 7 
16162, 7, 7 
786, 7, 7 
39524, 7, 7 
57702, 7, 7 
49866, 7, 7 
3538, 7, 7 
36643, 7, 7 
40810, 7, 7 
34576, 7, 7 
20694, 7, 7 
47775, 7, 7 
307, 7, 7 
35469, 7, 7 
39784, 7, 7 
53956, 7, 7 
43307, 7, 7 
29309, 7, 7 
50371, 7, 7 
42722, 7, 7 
46249, 7, 7 
29298, 7, 7 
16194, 7, 7 
7697, 7, 7 
26354, 7, 7 
42790, 7, 7 
8949, 7, 7 
21885, 7, 7 
8604, 7, 7 
13515, 7, 7 
52181, 7, 7 
44588, 7, 7 
15750, 7, 7 
33307, 7, 7 
31967, 7, 7 
40643, 7, 7 
40807, 7, 7 
49806, 7, 7 
21823, 7, 7 
53886, 7, 7 
1127, 7, 7 
3463, 7, 7 
17261, 7, 7 
13000, 7, 7 
34935, 7, 7 
2711, 7, 7 
48165, 7, 7 
58788, 7, 7 
23445, 7, 7 
39580, 7, 7 
47110, 7, 7 
3324, 7, 7 
28145, 7, 7 
58901, 7, 7 
51068, 7, 7 
29002, 7, 7 
33109, 7, 7 
1747, 7, 7 
5349, 7, 7 
9831, 7, 7 
11159, 7, 7 
50440, 7, 7 
2027, 7, 7 
40774, 7, 7 
33280, 7, 7 
9954, 7, 7 
12065, 7, 7 
45951, 7, 7 
29463, 7, 7 
16935, 7, 7 
36411, 7, 7 
45068, 7, 7 
2133, 7, 7 
9102, 7, 7 
24882, 7, 7 
26051, 7, 7 
8791, 7, 7 
37596, 7, 7 
34618, 7, 7 
14506, 7, 2 
4545, 7, 7 
11407, 7, 7 
25426, 7, 7 
42466, 7, 7 
4499, 7, 7 
16999, 7, 7 
46042, 7, 7 
44574, 7, 7 
29984, 7, 7 
29186, 7, 7 
57996, 7, 7 
13900, 7, 7 
2634, 7, 7 
6914, 7, 7 
50100, 7, 7 
42077, 7, 7 
2701, 7, 7 
55446, 7, 7 
19086, 7, 7 
44669, 7, 7 
53274, 7, 7 
22539, 7, 7 
5000, 7, 7 
3368, 7, 7 
37423, 7, 7 
25110, 7, 7 
56650, 7, 7 
30001, 7, 7 
24540, 7, 7 
59552, 7, 7 
56932, 7, 7 
34088, 7, 7 
4647, 7, 7 
59745, 7, 7 
14605, 7, 7 
26966, 7, 7 
24375, 7, 7 
16454, 7, 7 
27647, 7, 7 
29964, 7, 7 
12208, 7, 7 
48639, 7, 7 
52330, 7, 7 
1719, 7, 7 
55603, 7, 7 
28558, 7, 7 
34916, 7, 7 
9571, 7, 7 
59019, 7, 7 
31643, 7, 7 
58925, 7, 7 
32470, 7, 7 
32740, 7, 7 
30428, 7, 7 
49590, 7, 7 
21322, 7, 7 
36479, 7, 7 
53855, 7, 7 
31558, 7, 7 
31844, 7, 7 
53372, 7, 7 
25286, 7, 7 
39252, 7, 7 
41892, 7, 7 
37107, 7, 7 
29509, 7, 7 
16795, 7, 7 
3267, 7, 7 
10547, 7, 7 
6064, 7, 7 
58453, 7, 7 
40311, 7, 7 
20032, 7, 7 
9382, 7, 7 
4254, 7, 7 
28064, 7, 7 
31715, 7, 7 
59524, 7, 7 
45518, 7, 7 
13684, 7, 7 
446, 7, 7 
55750, 7, 7 
7849, 7, 7 
36177, 7, 7 
28211, 7, 7 
14795, 7, 7 
10609, 7, 7 
2391, 7, 7 
4672, 7, 7 
48100, 7, 7 
43628, 7, 7 
30982, 7, 7 
35476, 7, 7 
50877, 7, 7 
17007, 7, 7 
34774, 7, 7 
23803, 7, 7 
50121, 7, 7 
31731, 7, 7 
29470, 7, 7 
10215, 7, 7 
18479, 7, 7 
3246, 7, 7 
26049, 7, 7 
1564, 7, 7 
38350, 7, 7 
6130, 7, 2 
59988, 7, 7 
37317, 7, 7 
9283, 7, 7 
28930, 7, 7 
3692, 7, 7 
51198, 7, 7 
41972, 7, 7 
47537, 7, 7 
19193, 7, 7 
55244, 7, 7 
7028, 7, 7 
15976, 7, 7 
839, 7, 7 
37834, 7, 1 
44059, 7, 7 
4946, 7, 7 
24801, 7, 7 
47137, 7, 7 
44311, 7, 7 
2543, 7, 7 
38838, 7, 7 
57763, 7, 7 
29423, 7, 7 
7808, 7, 7 
6304, 7, 7 
4116, 7, 7 
11254, 7, 7 
22817, 7, 7 
13131, 7, 7 
8186, 7, 7 
28298, 7, 7 
34609, 7, 7 
55887, 7, 7 
18142, 7, 7 
45551, 7, 7 
15671, 7, 7 
42619, 7, 7 
53629, 7, 7 
16496, 7, 7 
14643, 7, 7 
5778, 7, 7 
14969, 7, 7 
9356, 7, 7 
39276, 7, 7 
3868, 7, 7 
51802, 7, 7 
44194, 7, 7 
58497, 7, 7 
50426, 7, 7 
4266, 7, 7 
20766, 7, 7 
21732, 7, 7 
26374, 7, 7 
6485, 7, 7 
22346, 7, 7 
58624, 7, 7 
55167, 7, 7 
44717, 7, 7 
27574, 7, 7 
40000, 7, 7 
20582, 7, 7 
19525, 7, 7 
43722, 7, 7 
26707, 7, 7 
14379, 7, 7 
39150, 7, 7 
936, 7, 7 
29440, 7, 7 
28991, 7, 7 
55174, 7, 7 
37753, 7, 7 
27058, 7, 7 
37203, 7, 7 
9901, 7, 7 
43361, 7, 7 
36967, 7, 7 
29117, 7, 7 
41958, 7, 7 
50721, 7, 7 
8437, 7, 7 
51914, 7, 7 
9669, 7, 7 
2618, 7, 7 
3087, 7, 7 
31300, 7, 7 
33527, 7, 7 
45192, 7, 7 
2706, 7, 7 
44708, 7, 7 
12850, 7, 7 
11907, 7, 7 
53579, 7, 7 
5325, 7, 7 
27970, 7, 7 
30664, 7, 7 
934, 7, 7 
43555, 7, 7 
22754, 7, 7 
31076, 7, 7 
14622, 7, 7 
47307, 7, 7 
58574, 7, 7 
29826, 7, 7 
36806, 7, 7 
16395, 7, 7 
49553, 7, 7 
41168, 7, 7 
57285, 7, 7 
15229, 7, 7 
46160, 7, 7 
40386, 7, 9 
44387, 7, 7 
43719, 7, 7 
6109, 7, 7 
28061, 7, 7 
57572, 7, 7 
608, 7, 7 
35176, 7, 7 
6088, 7, 7 
30359, 7, 7 
8248, 7, 7 
56112, 7, 7 
57188, 7, 7 
37583, 7, 7 
483, 7, 7 
50697, 7, 7 
59664, 7, 7 
56096, 7, 7 
3728, 7, 7 
20206, 7, 7 
10181, 7, 7 
22131, 7, 7 
59774, 7, 7 
8170, 7, 7 
58029, 7, 7 
22971, 7, 7 
57504, 7, 7 
2173, 7, 7 
23386, 7, 7 
11642, 7, 7 
13187, 7, 7 
10969, 7, 7 
25748, 7, 7 
9416, 7, 7 
9444, 7, 7 
44566, 7, 7 
45428, 7, 7 
42169, 7, 7 
20229, 7, 7 
3750, 7, 7 
56653, 7, 7 
22300, 7, 7 
11829, 7, 7 
43707, 7, 7 
43337, 7, 7 
4296, 7, 7 
10178, 7, 7 
16015, 7, 7 
29595, 7, 7 
40730, 7, 7 
3843, 7, 7 
16771, 7, 7 
59246, 7, 7 
1846, 7, 7 
13561, 7, 7 
15689, 7, 7 
33913, 7, 7 
2558, 7, 7 
38711, 7, 7 
40338, 7, 7 
28535, 7, 7 
22022, 7, 7 
23109, 8, 8 
1616, 8, 8 
8029, 8, 8 
49422, 8, 8 
18348, 8, 9 
41481, 8, 8 
2768, 8, 8 
41831, 8, 8 
14014, 8, 8 
50097, 8, 8 
42998, 8, 8 
58657, 8, 8 
34678, 8, 8 
55002, 8, 8 
34042, 8, 8 
28664, 8, 8 
10856, 8, 8 
50346, 8, 8 
39602, 8, 8 
55256, 8, 8 
17628, 8, 8 
51207, 8, 8 
17952, 8, 8 
10619, 8, 8 
27269, 8, 8 
22079, 8, 8 
29965, 8, 8 
41304, 8, 8 
44069, 8, 8 
16266, 8, 8 
46897, 8, 8 
5360, 8, 8 
58122, 8, 8 
59072, 8, 8 
46738, 8, 8 
31355, 8, 8 
42408, 8, 8 
5435, 8, 8 
55674, 8, 8 
57737, 8, 8 
44974, 8, 8 
20015, 8, 8 
19790, 8, 8 
23461, 8, 8 
43290, 8, 8 
44221, 8, 8 
25143, 8, 8 
14062, 8, 8 
57767, 8, 8 
6816, 8, 8 
29589, 8, 8 
51058, 8, 8 
33959, 8, 8 
19541, 8, 8 
59581, 8, 8 
42832, 8, 8 
19716, 8, 8 
3154, 8, 8 
51242, 8, 8 
42495, 8, 8 
48106, 8, 8 
54006, 8, 8 
51394, 8, 8 
16141, 8, 8 
32607, 8, 8 
46191, 8, 8 
19864, 8, 8 
50711, 8, 8 
49578, 8, 8 
11506, 8, 8 
18478, 8, 8 
42699, 8, 8 
36275, 8, 8 
35038, 8, 8 
59270, 8, 8 
726, 8, 8 
23376, 8, 8 
47748, 8, 8 
36492, 8, 8 
22585, 8, 8 
54626, 8, 8 
52237, 8, 8 
40149, 8, 8 
19005, 8, 8 
32147, 8, 8 
54725, 8, 8 
43787, 8, 8 
28749, 8, 8 
38987, 8, 8 
45481, 8, 8 
16893, 8, 8 
5474, 8, 8 
48658, 8, 8 
50512, 8, 8 
48455, 8, 8 
6896, 8, 8 
7979, 8, 8 
53485, 8, 8 
20339, 8, 8 
24311, 8, 8 
43944, 8, 8 
13655, 8, 8 
30038, 8, 8 
418, 8, 5 
45110, 8, 8 
9334, 8, 8 
13876, 8, 8 
35733, 8, 8 
26203, 8, 8 
47765, 8, 8 
16798, 8, 8 
51094, 8, 8 
57467, 8, 8 
13393, 8, 8 
17602, 8, 8 
18890, 8, 8 
1598, 8, 8 
54636, 8, 8 
16964, 8, 8 
55061, 8, 8 
29194, 8, 8 
35295, 8, 8 
26028, 8, 8 
4148, 8, 8 
51612, 8, 8 
33453, 8, 8 
11555, 8, 8 
39668, 8, 4 
7775, 8, 8 
14772, 8, 8 
30874, 8, 8 
48906, 8, 8 
33059, 8, 9 
85, 8, 8 
47201, 8, 8 
28663, 8, 8 
27646, 8, 8 
57701, 8, 8 
12580, 8, 8 
53756, 8, 8 
15629, 8, 8 
43579, 8, 8 
33777, 8, 8 
41973, 8, 8 
53933, 8, 8 
35264, 8, 8 
52699, 8, 8 
36622, 8, 8 
19371, 8, 8 
47632, 8, 8 
49064, 8, 8 
18114, 8, 8 
43938, 8, 8 
49366, 8, 8 
36610, 8, 8 
48104, 8, 8 
37398, 8, 8 
1120, 8, 2 
55537, 8, 8 
53520, 8, 8 
41132, 8, 8 
17, 8, 8 
32329, 8, 8 
28766, 8, 8 
54120, 8, 8 
7297, 8, 8 
13869, 8, 8 
49051, 8, 8 
15355, 8, 8 
37483, 8, 8 
55331, 8, 8 
31906, 8, 8 
50421, 8, 8 
26351, 8, 8 
22389, 8, 8 
12295, 8, 8 
34933, 8, 8 
57116, 8, 8 
28297, 8, 8 
29022, 8, 8 
23180, 8, 8 
30172, 8, 8 
22773, 8, 8 
27106, 8, 8 
15282, 8, 8 
30584, 8, 8 
41882, 8, 8 
41106, 8, 8 
14362, 8, 8 
4727, 8, 8 
59763, 8, 8 
17751, 8, 8 
34460, 8, 8 
24359, 8, 8 
25326, 8, 8 
58860, 8, 8 
6354, 8, 8 
1141, 8, 8 
16688, 8, 8 
20204, 8, 8 
37130, 8, 8 
43548, 8, 8 
44270, 8, 8 
9557, 8, 8 
57324, 8, 8 
10115, 8, 8 
31781, 8, 8 
21295, 8, 8 
44176, 8, 8 
7909, 8, 4 
25843, 8, 8 
14162, 8, 8 
33424, 8, 8 
48285, 8, 8 
6774, 8, 8 
6814, 8, 8 
57316, 8, 8 
12027, 8, 8 
58305, 8, 8 
22810, 8, 8 
16467, 8, 8 
13402, 8, 8 
6703, 8, 8 
9811, 8, 8 
59101, 8, 8 
6242, 8, 8 
27562, 8, 8 
22309, 8, 8 
33771, 8, 8 
33893, 8, 8 
5460, 8, 8 
57404, 8, 8 
761, 8, 8 
35772, 8, 8 
1534, 8, 8 
35589, 8, 8 
22286, 8, 8 
15624, 8, 8 
43588, 8, 8 
6943, 8, 8 
3446, 8, 8 
46647, 8, 8 
55234, 8, 8 
15807, 8, 8 
21089, 8, 8 
27177, 8, 8 
3243, 8, 8 
20412, 8, 8 
29745, 8, 8 
53335, 8, 8 
35713, 8, 8 
12198, 8, 8 
17084, 8, 8 
14250, 8, 8 
59666, 8, 8 
46817, 8, 8 
56091, 8, 8 
39778, 8, 8 
31758, 8, 8 
56672, 8, 1 
49259, 8, 8 
25379, 8, 8 
40472, 8, 8 
25582, 8, 8 
18740, 8, 8 
20507, 8, 8 
13079, 8, 8 
57200, 8, 8 
8753, 8, 8 
13171, 8, 8 
25851, 8, 8 
12037, 8, 8 
44615, 8, 8 
33810, 8, 8 
58233, 8, 8 
26701, 8, 8 
54337, 8, 8 
49201, 8, 8 
3766, 8, 8 
16624, 8, 8 
48828, 8, 8 
52352, 8, 8 
28687, 8, 8 
20363, 8, 8 
54308, 8, 8 
27798, 8, 8 
28987, 8, 8 
56710, 8, 8 
37342, 8, 8 
575, 8, 8 
4468, 8, 8 
18623, 8, 8 
12317, 8, 8 
16398, 8, 8 
33636, 8, 8 
28788, 8, 8 
25132, 8, 8 
51715, 8, 8 
2068, 8, 8 
41893, 8, 8 
16951, 8, 8 
51013, 8, 8 
56731, 8, 8 
2678, 8, 8 
29751, 8, 8 
3983, 8, 8 
8933, 8, 8 
21315, 8, 8 
44115, 8, 8 
53240, 8, 8 
59485, 8, 8 
44833, 8, 8 
9686, 8, 8 
10611, 8, 8 
13578, 8, 8 
51014, 8, 8 
16880, 8, 8 
13632, 8, 8 
40131, 8, 8 
35428, 8, 8 
50013, 8, 8 
963, 8, 8 
5463, 8, 8 
2681, 8, 8 
48773, 8, 8 
53513, 8, 8 
10499, 8, 8 
30771, 8, 8 
16725, 8, 8 
3011, 8, 8 
44200, 8, 8 
25686, 8, 8 
8915, 8, 8 
13597, 8, 8 
55853, 8, 8 
34779, 8, 8 
2810, 8, 8 
27579, 8, 8 
3816, 8, 8 
26145, 8, 8 
25819, 8, 8 
43731, 8, 8 
3293, 8, 8 
55706, 8, 8 
9970, 8, 8 
12974, 8, 8 
39432, 8, 8 
37152, 8, 8 
50180, 8, 8 
40792, 8, 8 
49279, 8, 8 
16833, 8, 8 
12928, 8, 8 
50040, 8, 8 
7636, 8, 8 
16611, 8, 8 
7508, 8, 8 
23843, 8, 8 
52719, 8, 8 
34649, 8, 8 
20350, 8, 7 
54327, 8, 8 
38863, 8, 8 
22965, 8, 8 
13849, 8, 8 
28623, 8, 8 
3158, 8, 8 
54747, 8, 8 
32926, 8, 8 
51891, 8, 8 
27386, 8, 8 
53006, 8, 8 
55697, 8, 8 
22745, 8, 8 
50074, 8, 8 
54034, 8, 8 
42979, 8, 8 
20938, 8, 8 
1790, 8, 8 
3730, 8, 8 
11211, 8, 8 
14305, 8, 7 
32874, 8, 8 
6604, 8, 8 
8067, 8, 8 
31461, 8, 8 
7034, 8, 8 
25859, 8, 8 
26720, 8, 8 
44487, 8, 8 
53186, 8, 8 
21549, 8, 8 
25890, 8, 8 
30019, 8, 8 
12890, 8, 8 
19603, 8, 8 
38251, 8, 8 
29381, 8, 8 
21384, 8, 8 
17348, 8, 8 
31507, 8, 8 
32639, 8, 8 
42364, 8, 8 
18129, 8, 8 
58371, 8, 8 
49044, 8, 8 
34565, 8, 8 
58220, 8, 8 
49999, 8, 8 
42868, 8, 8 
41901, 8, 8 
1101, 8, 8 
28935, 8, 8 
53885, 8, 8 
16232, 8, 8 
57481, 8, 8 
55430, 8, 8 
38581, 8, 8 
33388, 8, 9 
34870, 8, 8 
29299, 8, 8 
56315, 8, 8 
57993, 8, 8 
5628, 8, 8 
58058, 8, 8 
38135, 8, 8 
38606, 8, 8 
15861, 8, 8 
19224, 8, 8 
11529, 8, 8 
25947, 8, 8 
39951, 8, 8 
23232, 8, 8 
35383, 8, 8 
39070, 8, 8 
54986, 8, 8 
6404, 8, 8 
45311, 8, 8 
56255, 8, 8 
55156, 8, 8 
14474, 8, 8 
18574, 8, 8 
8234, 8, 8 
2991, 8, 8 
7642, 8, 8 
17021, 8, 8 
15091, 8, 8 
27029, 8, 8 
17527, 8, 8 
35044, 8, 8 
14035, 8, 8 
48011, 8, 8 
46739, 8, 8 
57077, 8, 8 
17291, 8, 8 
39307, 8, 8 
7479, 8, 8 
28710, 8, 6 
54846, 8, 8 
9661, 8, 8 
42034, 8, 8 
39242, 8, 8 
53464, 8, 8 
48312, 8, 8 
35007, 8, 8 
45660, 8, 8 
11734, 8, 8 
31273, 8, 8 
2413, 8, 8 
6353, 8, 8 
35246, 8, 9 
3616, 8, 8 
59544, 8, 8 
18811, 8, 8 
53860, 8, 8 
35526, 8, 8 
39647, 8, 8 
43968, 8, 8 
13346, 8, 8 
6905, 8, 8 
31248, 8, 8 
52044, 8, 8 
27910, 8, 8 
34968, 8, 8 
18205, 8, 8 
2805, 8, 8 
18685, 8, 8 
7617, 8, 8 
37170, 8, 8 
56771, 8, 8 
9554, 8, 8 
48037, 8, 8 
55153, 8, 8 
49579, 8, 8 
32796, 8, 8 
34974, 8, 8 
19763, 8, 8 
52944, 8, 8 
47038, 8, 8 
47328, 8, 8 
30887, 9, 9 
49447, 9, 9 
17682, 9, 9 
37357, 9, 9 
38992, 9, 9 
32668, 9, 9 
59564, 9, 9 
13652, 9, 9 
35812, 9, 9 
2703, 9, 9 
5577, 9, 9 
3696, 9, 7 
57636, 9, 9 
55375, 9, 9 
25343, 9, 9 
49880, 9, 9 
11366, 9, 7 
57539, 9, 9 
53868, 9, 9 
1027, 9, 9 
24454, 9, 9 
57986, 9, 9 
51209, 9, 9 
4589, 9, 9 
47056, 9, 9 
8669, 9, 9 
12910, 9, 9 
14249, 9, 9 
11840, 9, 9 
29878, 9, 9 
57449, 9, 9 
6460, 9, 9 
56486, 9, 9 
18060, 9, 9 
43147, 9, 9 
28838, 9, 9 
59362, 9, 9 
4973, 9, 9 
18146, 9, 9 
22762, 9, 9 
4127, 9, 9 
44687, 9, 9 
744, 9, 9 
29137, 9, 9 
8408, 9, 9 
18916, 9, 9 
7157, 9, 9 
17437, 9, 9 
58968, 9, 9 
42318, 9, 9 
43830, 9, 9 
38358, 9, 9 
23681, 9, 9 
38748, 9, 9 
46660, 9, 9 
34930, 9, 9 
40938, 9, 9 
35479, 9, 9 
2649, 9, 9 
17597, 9, 9 
42231, 9, 9 
41334, 9, 2 
37654, 9, 9 
44553, 9, 9 
3770, 9, 9 
14504, 9, 9 
14120, 9, 9 
20818, 9, 9 
25493, 9, 9 
55889, 9, 9 
31200, 9, 9 
58187, 9, 9 
58059, 9, 9 
13904, 9, 9 
43814, 9, 9 
13763, 9, 9 
55441, 9, 9 
51945, 9, 9 
36550, 9, 9 
56622, 9, 9 
27929, 9, 9 
34665, 9, 3 
33483, 9, 9 
27843, 9, 9 
12600, 9, 9 
3359, 9, 9 
14289, 9, 9 
1968, 9, 7 
3649, 9, 9 
37772, 9, 9 
34176, 9, 9 
3193, 9, 9 
36029, 9, 9 
53022, 9, 9 
1743, 9, 9 
26220, 9, 9 
19244, 9, 5 
313, 9, 9 
5992, 9, 9 
53496, 9, 9 
21840, 9, 9 
5924, 9, 9 
20216, 9, 9 
31262, 9, 9 
35666, 9, 9 
41116, 9, 9 
20389, 9, 9 
42020, 9, 9 
8308, 9, 9 
37108, 9, 9 
17720, 9, 9 
40197, 9, 9 
8005, 9, 9 
5740, 9, 9 
54257, 9, 9 
6790, 9, 9 
53729, 9, 9 
29445, 9, 9 
15268, 9, 9 
28149, 9, 9 
15124, 9, 9 
22841, 9, 9 
24507, 9, 9 
46889, 9, 9 
23100, 9, 9 
11068, 9, 9 
16034, 9, 9 
1399, 9, 9 
46609, 9, 9 
36392, 9, 7 
41155, 9, 9 
55510, 9, 9 
53530, 9, 9 
45810, 9, 9 
50703, 9, 9 
47165, 9, 9 
14247, 9, 9 
12646, 9, 9 
3787, 9, 9 
29195, 9, 9 
25634, 9, 9 
41895, 9, 9 
24420, 9, 9 
54021, 9, 9 
21879, 9, 9 
40781, 9, 9 
22, 9, 9 
39640, 9, 9 
41827, 9, 9 
12425, 9, 9 
48186, 9, 9 
30712, 9, 9 
38248, 9, 9 
46985, 9, 9 
7258, 9, 9 
17377, 9, 9 
56102, 9, 9 
17848, 9, 9 
5937, 9, 9 
16360, 9, 9 
39423, 9, 8 
58407, 9, 9 
4025, 9, 9 
44044, 9, 9 
27611, 9, 9 
42482, 9, 9 
31072, 9, 9 
45242, 9, 9 
43405, 9, 9 
24210, 9, 9 
5829, 9, 9 
3998, 9, 9 
28422, 9, 4 
55072, 9, 9 
5478, 9, 9 
27953, 9, 9 
1683, 9, 9 
3904, 9, 9 
20248, 9, 9 
17666, 9, 9 
9118, 9, 9 
54382, 9, 9 
54085, 9, 9 
22256, 9, 9 
34147, 9, 9 
4350, 9, 9 
37824, 9, 9 
31918, 9, 9 
36348, 9, 7 
704, 9, 9 
16602, 9, 9 
58484, 9, 9 
12294, 9, 9 
45527, 9, 9 
15063, 9, 9 
29663, 9, 9 
57895, 9, 9 
59765, 9, 9 
50882, 9, 9 
21748, 9, 9 
22041, 9, 9 
16934, 9, 9 
21957, 9, 9 
23548, 9, 9 
21892, 9, 9 
30500, 9, 9 
58470, 9, 9 
16117, 9, 9 
49489, 9, 4 
14787, 9, 9 
3519, 9, 9 
6238, 9, 9 
26949, 9, 9 
583, 9, 9 
46987, 9, 9 
17902, 9, 9 
56877, 9, 9 
42855, 9, 9 
15592, 9, 9 
9390, 9, 9 
48938, 9, 9 
10848, 9, 9 
8851, 9, 9 
16253, 9, 9 
51531, 9, 9 
24620, 9, 9 
28473, 9, 9 
39993, 9, 9 
30221, 9, 9 
4523, 9, 9 
57469, 9, 9 
19268, 9, 9 
15832, 9, 9 
55296, 9, 9 
36993, 9, 9 
35292, 9, 9 
47105, 9, 9 
23745, 9, 9 
45688, 9, 9 
22772, 9, 9 
19042, 9, 9 
12237, 9, 9 
10875, 9, 9 
52447, 9, 9 
17921, 9, 9 
41102, 9, 9 
34347, 9, 9 
37126, 9, 9 
21423, 9, 9 
16731, 9, 9 
14306, 9, 9 
36670, 9, 9 
30696, 9, 9 
50851, 9, 9 
59562, 9, 9 
8558, 9, 9 
2099, 9, 9 
50578, 9, 9 
44001, 9, 9 
30850, 9, 9 
22842, 9, 9 
31822, 9, 9 
12884, 9, 4 
25664, 9, 9 
42838, 9, 9 
18697, 9, 9 
48980, 9, 9 
13666, 9, 9 
16570, 9, 9 
42209, 9, 9 
34969, 9, 9 
30834, 9, 9 
25376, 9, 9 
26110, 9, 9 
11276, 9, 9 
36973, 9, 9 
50562, 9, 9 
29693, 9, 9 
17119, 9, 9 
17226, 9, 9 
5165, 9, 9 
40006, 9, 9 
154, 9, 9 
33531, 9, 9 
19806, 9, 9 
36886, 9, 9 
43551, 9, 9 
42385, 9, 9 
45120, 9, 9 
19914, 9, 9 
35893, 9, 9 
17475, 9, 9 
6156, 9, 9 
37934, 9, 9 
13982, 9, 9 
38917, 9, 9 
153, 9, 9 
29397, 9, 9 
13304, 9, 9 
822, 9, 9 
37873, 9, 9 
7890, 9, 9 
33762, 9, 9 
37951, 9, 9 
52184, 9, 9 
43114, 9, 9 
18628, 9, 9 
50228, 9, 9 
11015, 9, 9 
346, 9, 9 
56774, 9, 9 
36945, 9, 9 
4244, 9, 9 
15369, 9, 9 
17235, 9, 9 
11527, 9, 9 
38552, 9, 9 
54038, 9, 9 
36832, 9, 9 
17186, 9, 9 
6166, 9, 9 
19147, 9, 9 
23314, 9, 9 
35894, 9, 9 
1925, 9, 9 
48171, 9, 9 
44421, 9, 9 
44926, 9, 9 
27566, 9, 9 
17903, 9, 9 
37593, 9, 9 
1751, 9, 9 
8439, 9, 9 
28092, 9, 9 
47637, 9, 9 
34797, 9, 9 
18820, 9, 9 
3598, 9, 9 
46492, 9, 9 
56807, 9, 9 
423, 9, 9 
5718, 9, 4 
15131, 9, 9 
29168, 9, 9 
22078, 9, 9 
7180, 9, 9 
59514, 9, 9 
42017, 9, 9 
37025, 9, 9 
19766, 9, 9 
51455, 9, 9 
7757, 9, 9 
4329, 9, 9 
7251, 9, 9 
27515, 9, 9 
51552, 9, 9 
55949, 9, 9 
20254, 9, 9 
58363, 9, 9 
55780, 9, 9 
13057, 9, 9 
44825, 9, 9 
45381, 9, 9 
13265, 9, 9 
58004, 9, 9 
31605, 9, 9 
49007, 9, 9 
27087, 9, 9 
45, 9, 9 
974, 9, 9 
45775, 9, 9 
5402, 9, 9 
19577, 9, 9 
29031, 9, 9 
40656, 9, 9 
20763, 9, 9 
57688, 9, 9 
1794, 9, 9 
53895, 9, 9 
36935, 9, 9 
14254, 9, 9 
10977, 9, 9 
33212, 9, 9 
14058, 9, 9 
57681, 9, 9 
36963, 9, 9 
50544, 9, 9 
28329, 9, 9 
41918, 9, 9 
37976, 9, 9 
25280, 9, 9 
15128, 9, 9 
37127, 9, 9 
10055, 9, 9 
46271, 9, 9 
800, 9, 9 
22890, 9, 9 
52800, 9, 2 
14988, 9, 9 
54850, 9, 9 
19641, 9, 9 
31299, 9, 9 
14627, 9, 9 
44400, 9, 9 
44085, 9, 9 
50088, 9, 8 
28715, 9, 9 
40608, 9, 9 
45925, 9, 9 
20683, 9, 9 
56733, 9, 9 
32152, 9, 9 
36860, 9, 9 
59973, 9, 9 
10857, 9, 9 
26870, 9, 9 
38247, 9, 9 
26353, 9, 9 
49003, 9, 9 
45944, 9, 2 
5645, 9, 9 
1360, 9, 9 
44384, 9, 9 
27771, 9, 9 
30205, 9, 9 
10780, 9, 9 
28197, 9, 9 
29533, 9, 9 
39927, 9, 9 
16342, 9, 9 
47185, 9, 9 
47323, 9, 9 
5607, 9, 9 
10088, 9, 9 
44534, 9, 3 
52845, 9, 9 
48795, 9, 9 
51730, 9, 9 
28195, 9, 9 
45785, 9, 9 
42738, 9, 9 
37449, 9, 9 
57874, 9, 7 
32857, 9, 9 
9425, 9, 9 
10501, 9, 9 
9713, 9, 9 
29856, 9, 9 
7381, 9, 9 
11550, 9, 9 
782, 9, 9 
26440, 9, 9 
3265, 9, 9 
12789, 9, 9 
34227, 9, 9 
33597, 9, 9 
9481, 9, 9 
31275, 9, 9 
59058, 9, 9 
41613, 9, 9 
24178, 9, 9 
7110, 9, 9 
53676, 9, 9 
45034, 9, 9 
16981, 9, 9 
35070, 9, 9 
25502, 9, 9 
19457, 9, 9 
10132, 9, 9 
19619, 9, 9 
29390, 9, 9 
49442, 9, 9 
12315, 9, 9 
46298, 9, 9 
14647, 9, 9 
55569, 9, 9 
902, 9, 0 
7198, 9, 9 
8555, 9, 9 
53683, 9, 9 
34063, 9, 9 
18118, 9, 9 
27110, 9, 9 
13395, 9, 9 
35127, 9, 9 
7529, 9, 9 
11682, 9, 9 
22117, 9, 9 
17689, 9, 9 
39724, 9, 9 
18928, 9, 9 
14985, 9, 9 
41665, 9, 9 
44537, 9, 9 
27565, 9, 9 
56443, 9, 9 
8035, 9, 9 
9630, 9, 9 
46123, 9, 9 
56458, 9, 9 
