id, true label, predicted label 
36874, 0, 0 
7807, 0, 0 
17606, 0, 0 
35612, 0, 0 
54549, 0, 0 
19974, 0, 0 
57214, 0, 0 
36022, 0, 0 
22629, 0, 0 
24419, 0, 0 
19216, 0, 0 
30424, 0, 0 
48532, 0, 0 
46039, 0, 0 
39233, 0, 0 
26685, 0, 0 
18743, 0, 0 
5694, 0, 0 
27200, 0, 0 
36414, 0, 0 
32459, 0, 0 
27854, 0, 0 
51235, 0, 0 
2621, 0, 0 
34708, 0, 0 
38099, 0, 0 
27328, 0, 0 
14857, 0, 0 
17871, 0, 0 
48023, 0, 0 
10773, 0, 0 
4002, 0, 0 
24985, 0, 0 
46289, 0, 0 
54941, 0, 0 
1927, 0, 0 
44859, 0, 0 
47626, 0, 0 
296, 0, 0 
45455, 0, 0 
27327, 0, 0 
38573, 0, 0 
38873, 0, 0 
48207, 0, 0 
43265, 0, 0 
56533, 0, 0 
44777, 0, 0 
19861, 0, 0 
34639, 0, 0 
54004, 0, 0 
50968, 0, 0 
55681, 0, 0 
22634, 0, 0 
27492, 0, 0 
46654, 0, 0 
5196, 0, 0 
56969, 0, 0 
12837, 0, 0 
22473, 0, 0 
40922, 0, 0 
15120, 0, 0 
5608, 0, 0 
28824, 0, 0 
22144, 0, 0 
5096, 0, 0 
19645, 0, 0 
34262, 0, 0 
51627, 0, 0 
22874, 0, 0 
776, 0, 0 
46837, 0, 0 
4656, 0, 0 
46303, 0, 0 
20369, 0, 0 
40320, 0, 0 
16192, 0, 0 
36484, 0, 0 
37079, 0, 0 
57595, 0, 0 
10265, 0, 0 
42623, 0, 0 
57685, 0, 0 
22981, 0, 0 
59313, 0, 0 
57727, 0, 0 
19772, 0, 0 
23120, 0, 0 
5398, 0, 0 
10975, 0, 0 
6681, 0, 0 
27206, 0, 0 
41012, 0, 0 
31518, 0, 0 
19732, 0, 0 
46014, 0, 0 
3248, 0, 0 
29599, 0, 0 
46183, 0, 0 
47739, 0, 0 
52599, 0, 0 
13880, 0, 0 
23773, 0, 0 
41880, 0, 0 
40915, 0, 0 
49657, 0, 0 
48631, 0, 0 
24148, 0, 0 
52182, 0, 0 
16518, 0, 0 
9322, 0, 0 
42433, 0, 0 
47419, 0, 0 
44589, 0, 0 
45908, 0, 0 
1368, 0, 0 
44063, 0, 0 
32463, 0, 0 
57695, 0, 0 
40813, 0, 0 
13623, 0, 0 
46443, 0, 0 
55721, 0, 0 
40690, 0, 0 
48227, 0, 0 
23943, 0, 0 
31350, 0, 0 
54515, 0, 0 
41051, 0, 0 
31288, 0, 0 
41383, 0, 0 
54997, 0, 0 
54808, 0, 0 
43665, 0, 0 
23557, 0, 0 
54703, 0, 0 
27583, 0, 0 
32162, 0, 0 
7037, 0, 0 
40122, 0, 0 
35934, 0, 0 
10599, 0, 0 
44656, 0, 0 
31026, 0, 0 
45384, 0, 0 
49387, 0, 0 
7465, 0, 0 
16868, 0, 0 
15904, 0, 0 
59105, 0, 0 
39503, 0, 0 
21343, 0, 0 
26184, 0, 0 
12741, 0, 0 
27911, 0, 0 
55408, 0, 0 
54804, 0, 0 
38903, 0, 0 
25497, 0, 0 
26990, 0, 0 
57061, 0, 0 
46410, 0, 0 
81, 0, 0 
34919, 0, 0 
57349, 0, 0 
37837, 0, 0 
7892, 0, 0 
12799, 0, 0 
14773, 0, 0 
57486, 0, 0 
8612, 0, 0 
53734, 0, 0 
59142, 0, 0 
6421, 0, 0 
36183, 0, 0 
49224, 0, 0 
46723, 0, 0 
24807, 0, 0 
44844, 0, 0 
41616, 0, 0 
43205, 0, 0 
42250, 0, 0 
21380, 0, 0 
20482, 0, 0 
18650, 0, 0 
51286, 0, 0 
49111, 0, 0 
33079, 0, 0 
22013, 0, 0 
13822, 0, 0 
45418, 0, 0 
37506, 0, 0 
16305, 0, 0 
12732, 0, 0 
42362, 0, 0 
7181, 0, 0 
57120, 0, 0 
3247, 0, 0 
28101, 0, 0 
6446, 0, 0 
9698, 0, 0 
41807, 0, 0 
13054, 0, 0 
1107, 0, 0 
13175, 0, 0 
17838, 0, 0 
9151, 0, 0 
30555, 0, 0 
7846, 0, 0 
53401, 0, 0 
21372, 0, 0 
24081, 0, 0 
24265, 0, 0 
45426, 0, 0 
39028, 0, 0 
14425, 0, 0 
56608, 0, 0 
30923, 0, 0 
12008, 0, 0 
53785, 0, 0 
8472, 0, 0 
32454, 0, 0 
38412, 0, 0 
3001, 0, 0 
4607, 0, 0 
1796, 0, 0 
57201, 0, 0 
26686, 0, 0 
14012, 0, 0 
22710, 0, 0 
35720, 0, 0 
35074, 0, 0 
42559, 0, 0 
58726, 0, 0 
6758, 0, 0 
24151, 0, 0 
46446, 0, 0 
24445, 0, 0 
44096, 0, 0 
32550, 0, 0 
33363, 0, 0 
57176, 0, 0 
36809, 0, 0 
50298, 0, 0 
51348, 0, 0 
19261, 0, 0 
26937, 0, 0 
41101, 0, 0 
58861, 0, 0 
56942, 0, 0 
23606, 0, 0 
49354, 0, 0 
39463, 0, 0 
50344, 0, 0 
44445, 0, 0 
48695, 0, 0 
49065, 0, 0 
15692, 0, 0 
56570, 0, 0 
55911, 0, 0 
28565, 0, 0 
14356, 0, 0 
44704, 0, 0 
35465, 0, 0 
43811, 0, 0 
31389, 0, 0 
17335, 0, 0 
10071, 0, 0 
7932, 0, 0 
58645, 0, 0 
3175, 0, 0 
18599, 0, 0 
22529, 0, 0 
15700, 0, 0 
58594, 0, 0 
51019, 0, 0 
8449, 0, 0 
18357, 0, 0 
19407, 0, 0 
46294, 0, 0 
49185, 0, 0 
14131, 0, 0 
1015, 0, 0 
11577, 0, 0 
12324, 0, 0 
47902, 0, 0 
27822, 0, 0 
35632, 0, 0 
38644, 0, 0 
33640, 0, 0 
10542, 0, 0 
10914, 0, 0 
49027, 0, 0 
1502, 0, 0 
40611, 0, 0 
1128, 0, 0 
44491, 0, 0 
18538, 0, 0 
10625, 0, 0 
35107, 0, 0 
45035, 0, 0 
36146, 0, 0 
39346, 0, 0 
42913, 0, 0 
24693, 0, 0 
51753, 0, 0 
54844, 0, 0 
13371, 0, 0 
42981, 0, 0 
8262, 0, 0 
4776, 0, 0 
6330, 0, 0 
42245, 0, 0 
8885, 0, 0 
53469, 0, 0 
59878, 0, 0 
49097, 0, 0 
5665, 0, 0 
47693, 0, 0 
12748, 0, 0 
4981, 0, 0 
25051, 0, 0 
29695, 0, 0 
30578, 0, 0 
32793, 0, 0 
32210, 0, 0 
29211, 0, 0 
48438, 0, 0 
51669, 0, 0 
53916, 0, 0 
5585, 0, 0 
7281, 0, 0 
48371, 0, 0 
37559, 0, 0 
13450, 0, 0 
31272, 0, 0 
46680, 0, 0 
51479, 0, 0 
54595, 0, 0 
26055, 0, 0 
51866, 0, 0 
19012, 0, 0 
15504, 0, 0 
37738, 0, 0 
28946, 0, 0 
42448, 0, 0 
45503, 0, 0 
24085, 0, 0 
25987, 0, 0 
48414, 0, 0 
34237, 0, 0 
27484, 0, 0 
34421, 0, 0 
50385, 0, 0 
53432, 0, 0 
8113, 0, 0 
50353, 0, 0 
59433, 0, 0 
23362, 0, 0 
19859, 0, 0 
24749, 0, 0 
33739, 0, 0 
59043, 0, 0 
51809, 0, 0 
57507, 0, 0 
13528, 0, 0 
37677, 0, 0 
46596, 0, 0 
10471, 0, 0 
23351, 0, 0 
31865, 0, 0 
31639, 0, 0 
19480, 0, 0 
29515, 0, 0 
36138, 0, 0 
44326, 0, 0 
46947, 0, 0 
4340, 0, 0 
19303, 0, 0 
8897, 0, 0 
28855, 0, 0 
21215, 0, 0 
51777, 0, 0 
11957, 0, 0 
37452, 0, 0 
47324, 0, 0 
15946, 0, 0 
55253, 0, 0 
55617, 0, 0 
55679, 0, 0 
44551, 0, 0 
58116, 0, 0 
21403, 0, 0 
458, 0, 0 
55130, 0, 0 
33442, 0, 0 
30565, 0, 0 
32834, 0, 0 
3743, 0, 0 
3391, 0, 0 
19241, 0, 0 
17956, 0, 0 
42183, 0, 0 
54800, 0, 0 
21971, 0, 0 
35667, 0, 0 
39581, 0, 0 
17236, 0, 0 
21533, 0, 0 
54209, 0, 0 
10604, 0, 0 
38440, 0, 0 
18703, 0, 0 
53380, 0, 0 
47202, 0, 0 
42915, 0, 0 
21910, 0, 0 
21809, 0, 0 
19818, 0, 0 
11574, 0, 0 
27137, 0, 0 
13206, 0, 0 
42783, 0, 0 
4556, 0, 0 
49459, 0, 0 
2079, 0, 0 
40544, 0, 0 
25433, 0, 0 
32727, 0, 0 
524, 0, 0 
6179, 0, 0 
18486, 0, 0 
29559, 0, 0 
14092, 0, 0 
13583, 0, 0 
33687, 0, 0 
56735, 0, 0 
15150, 0, 0 
15542, 0, 0 
35400, 0, 0 
28274, 0, 0 
17454, 0, 0 
17726, 0, 0 
5646, 0, 0 
10083, 0, 0 
46653, 0, 0 
49214, 0, 0 
13013, 0, 0 
41743, 0, 0 
15407, 0, 0 
3376, 0, 0 
26818, 0, 0 
25921, 0, 0 
58973, 0, 0 
2100, 0, 0 
52318, 0, 0 
20801, 0, 0 
43170, 0, 0 
48554, 0, 0 
20947, 0, 0 
29438, 0, 0 
17930, 0, 0 
21960, 0, 0 
40746, 0, 0 
32388, 0, 0 
19899, 0, 0 
40833, 0, 0 
45276, 0, 0 
24075, 0, 0 
37697, 0, 0 
32925, 0, 0 
28427, 0, 0 
49306, 0, 0 
9204, 0, 0 
56129, 0, 0 
3049, 0, 0 
17539, 0, 0 
6496, 0, 0 
6958, 0, 0 
33230, 0, 0 
3693, 0, 0 
11014, 0, 0 
5627, 0, 0 
1868, 0, 0 
39823, 0, 0 
22040, 0, 0 
23914, 0, 0 
39422, 0, 0 
50828, 0, 0 
31154, 0, 0 
8763, 0, 0 
11657, 0, 0 
37787, 0, 0 
42797, 0, 0 
27633, 0, 0 
41388, 0, 0 
31778, 0, 0 
5048, 0, 0 
52320, 0, 0 
52135, 0, 0 
56, 0, 0 
43007, 1, 1 
41536, 1, 1 
42655, 1, 1 
56953, 1, 1 
22700, 1, 1 
10615, 1, 1 
38751, 1, 1 
51936, 1, 1 
16262, 1, 1 
30148, 1, 1 
38311, 1, 1 
37384, 1, 1 
32756, 1, 1 
5963, 1, 1 
32986, 1, 1 
7876, 1, 1 
23885, 1, 1 
28531, 1, 1 
18116, 1, 1 
51672, 1, 1 
28545, 1, 1 
29403, 1, 1 
310, 1, 1 
1936, 1, 1 
39550, 1, 1 
24924, 1, 1 
23303, 1, 1 
31093, 1, 1 
38682, 1, 1 
36898, 1, 1 
59454, 1, 1 
50952, 1, 1 
58234, 1, 1 
53780, 1, 1 
40714, 1, 1 
48027, 1, 1 
7176, 1, 1 
52961, 1, 1 
49134, 1, 1 
8124, 1, 1 
49941, 1, 1 
42422, 1, 1 
26910, 1, 1 
56208, 1, 1 
28568, 1, 1 
31245, 1, 1 
15026, 1, 1 
26202, 1, 1 
5221, 1, 1 
34869, 1, 1 
41119, 1, 1 
16838, 1, 1 
47340, 1, 7 
36045, 1, 1 
9365, 1, 1 
48209, 1, 1 
16608, 1, 1 
17538, 1, 1 
23795, 1, 1 
2446, 1, 1 
6083, 1, 1 
124, 1, 1 
37513, 1, 1 
57998, 1, 1 
15999, 1, 1 
4553, 1, 1 
21019, 1, 1 
28524, 1, 1 
37237, 1, 1 
19150, 1, 1 
54664, 1, 1 
46575, 1, 1 
28232, 1, 1 
13689, 1, 1 
27123, 1, 1 
32296, 1, 1 
54784, 1, 1 
36943, 1, 1 
52107, 1, 1 
36517, 1, 1 
40482, 1, 1 
24729, 1, 1 
34725, 1, 1 
54557, 1, 1 
28792, 1, 1 
37674, 1, 1 
13106, 1, 1 
5479, 1, 1 
9653, 1, 1 
2177, 1, 1 
44317, 1, 1 
355, 1, 1 
21554, 1, 1 
9298, 1, 1 
24080, 1, 1 
14995, 1, 1 
535, 1, 1 
48650, 1, 1 
50207, 1, 1 
11291, 1, 1 
27245, 1, 1 
8873, 1, 1 
12949, 1, 1 
37190, 1, 1 
30901, 1, 1 
26887, 1, 1 
5552, 1, 1 
20848, 1, 1 
47118, 1, 1 
7658, 1, 1 
22370, 1, 1 
18293, 1, 1 
49731, 1, 1 
26581, 1, 1 
51390, 1, 1 
36928, 1, 1 
35554, 1, 1 
6356, 1, 1 
41226, 1, 1 
1544, 1, 1 
22972, 1, 1 
40373, 1, 1 
21702, 1, 1 
41146, 1, 1 
58493, 1, 1 
58511, 1, 1 
59882, 1, 1 
48860, 1, 1 
48441, 1, 1 
33368, 1, 1 
59289, 1, 1 
51767, 1, 1 
29598, 1, 1 
27457, 1, 1 
53577, 1, 1 
23493, 1, 1 
19552, 1, 1 
32921, 1, 1 
4441, 1, 1 
42932, 1, 1 
38272, 1, 1 
17782, 1, 1 
37290, 1, 1 
52965, 1, 1 
45433, 1, 1 
9457, 1, 1 
51952, 1, 1 
16660, 1, 1 
39437, 1, 1 
17151, 1, 1 
56491, 1, 1 
24966, 1, 1 
52120, 1, 1 
747, 1, 1 
15397, 1, 1 
24996, 1, 1 
28857, 1, 1 
23762, 1, 1 
3430, 1, 1 
3230, 1, 1 
4861, 1, 1 
4162, 1, 1 
34617, 1, 1 
7689, 1, 1 
16988, 1, 1 
1699, 1, 1 
14312, 1, 1 
11835, 1, 1 
37232, 1, 1 
34638, 1, 1 
54417, 1, 1 
32807, 1, 1 
46499, 1, 1 
34199, 1, 1 
34470, 1, 1 
49786, 1, 1 
21791, 1, 1 
32038, 1, 1 
14464, 1, 1 
53498, 1, 1 
21984, 1, 1 
20870, 1, 1 
59460, 1, 1 
37378, 1, 1 
39297, 1, 1 
7105, 1, 1 
398, 1, 1 
29434, 1, 1 
17232, 1, 1 
38976, 1, 1 
47908, 1, 1 
54061, 1, 1 
30958, 1, 1 
24366, 1, 1 
32795, 1, 1 
33095, 1, 1 
2811, 1, 1 
6701, 1, 1 
39454, 1, 1 
16713, 1, 1 
4129, 1, 1 
23775, 1, 1 
40696, 1, 1 
50541, 1, 1 
25045, 1, 1 
23369, 1, 1 
34531, 1, 1 
33943, 1, 1 
12154, 1, 1 
4585, 1, 1 
16153, 1, 1 
42380, 1, 1 
7630, 1, 1 
37225, 1, 1 
15152, 1, 1 
48468, 1, 1 
38398, 1, 1 
27336, 1, 1 
28901, 1, 1 
56273, 1, 1 
50437, 1, 1 
54968, 1, 1 
42546, 1, 1 
35252, 1, 1 
27354, 1, 1 
23554, 1, 1 
20865, 1, 1 
23203, 1, 1 
45816, 1, 1 
7175, 1, 1 
2807, 1, 1 
58772, 1, 1 
4467, 1, 1 
54468, 1, 1 
20066, 1, 1 
5882, 1, 1 
21716, 1, 1 
31209, 1, 1 
33394, 1, 1 
7993, 1, 1 
14298, 1, 1 
35558, 1, 1 
51003, 1, 1 
19968, 1, 1 
46268, 1, 1 
15300, 1, 1 
55596, 1, 1 
8538, 1, 1 
21002, 1, 1 
37116, 1, 1 
51867, 1, 1 
31685, 1, 1 
56965, 1, 1 
59994, 1, 1 
55335, 1, 1 
12215, 1, 1 
45032, 1, 1 
38684, 1, 1 
38081, 1, 1 
12632, 1, 1 
17331, 1, 1 
42102, 1, 1 
42435, 1, 1 
32179, 1, 1 
5667, 1, 1 
18474, 1, 1 
47758, 1, 1 
51529, 1, 1 
19516, 1, 1 
32338, 1, 1 
13433, 1, 1 
7651, 1, 1 
32710, 1, 1 
27465, 1, 1 
44418, 1, 1 
31166, 1, 1 
46539, 1, 1 
49245, 1, 1 
22727, 1, 1 
41897, 1, 1 
32335, 1, 1 
1242, 1, 1 
16869, 1, 1 
9525, 1, 1 
25934, 1, 1 
34222, 1, 1 
4715, 1, 1 
57095, 1, 1 
10409, 1, 1 
28017, 1, 1 
7536, 1, 1 
21715, 1, 1 
27920, 1, 1 
52586, 1, 1 
41019, 1, 1 
49194, 1, 1 
18800, 1, 1 
19898, 1, 1 
25703, 1, 1 
56048, 1, 1 
36731, 1, 1 
3628, 1, 1 
11058, 1, 1 
49521, 1, 1 
41669, 1, 1 
30742, 1, 1 
31727, 1, 1 
13399, 1, 1 
21811, 1, 1 
51847, 1, 1 
32167, 1, 1 
57834, 1, 1 
48993, 1, 1 
4998, 1, 1 
21794, 1, 1 
12510, 1, 1 
45650, 1, 1 
24376, 1, 1 
29828, 1, 1 
8916, 1, 1 
32974, 1, 1 
52361, 1, 1 
37110, 1, 1 
3675, 1, 1 
44856, 1, 1 
59902, 1, 1 
39988, 1, 1 
1365, 1, 1 
24483, 1, 1 
22828, 1, 1 
40770, 1, 1 
43446, 1, 1 
42133, 1, 1 
13701, 1, 1 
46093, 1, 1 
46664, 1, 1 
30372, 1, 1 
59052, 1, 1 
28961, 1, 1 
1942, 1, 1 
34388, 1, 1 
38774, 1, 1 
11509, 1, 1 
32231, 1, 1 
44986, 1, 1 
8166, 1, 1 
46842, 1, 1 
5020, 1, 1 
39300, 1, 1 
20327, 1, 1 
4160, 1, 1 
13453, 1, 1 
34141, 1, 1 
41637, 1, 1 
43971, 1, 1 
46468, 1, 1 
28583, 1, 1 
58745, 1, 1 
21697, 1, 1 
8063, 1, 1 
42852, 1, 1 
25537, 1, 1 
19304, 1, 1 
4407, 1, 1 
5107, 1, 1 
30649, 1, 1 
7561, 1, 1 
53361, 1, 1 
53004, 1, 1 
55888, 1, 1 
3878, 1, 1 
29062, 1, 2 
33800, 1, 1 
45451, 1, 1 
37897, 1, 1 
7149, 1, 1 
31894, 1, 1 
20263, 1, 1 
50907, 1, 1 
57190, 1, 1 
14858, 1, 1 
26390, 1, 1 
27262, 1, 1 
5570, 1, 1 
34679, 1, 1 
17213, 1, 1 
37809, 1, 1 
27068, 1, 1 
40276, 1, 1 
42179, 1, 1 
3755, 1, 1 
22325, 1, 1 
51247, 1, 1 
51277, 1, 1 
29320, 1, 1 
40692, 1, 1 
2356, 1, 1 
24904, 1, 1 
17706, 1, 1 
47004, 1, 1 
22347, 1, 1 
4225, 1, 1 
44899, 1, 1 
44368, 1, 1 
57203, 1, 1 
15539, 1, 1 
1807, 1, 1 
51714, 1, 1 
31384, 1, 1 
7119, 1, 1 
5681, 1, 1 
11508, 1, 1 
20131, 1, 1 
50130, 1, 1 
1131, 1, 1 
54544, 1, 1 
47108, 1, 1 
14366, 1, 1 
47551, 1, 1 
36141, 1, 1 
15903, 1, 1 
11248, 1, 1 
27564, 1, 1 
10266, 1, 1 
24814, 1, 1 
416, 1, 1 
24737, 1, 1 
58767, 1, 1 
41744, 1, 1 
14314, 1, 1 
7973, 1, 1 
25264, 1, 1 
54485, 1, 1 
28482, 1, 1 
27585, 1, 1 
18656, 1, 1 
7877, 1, 1 
572, 1, 1 
1627, 1, 1 
33343, 1, 1 
24973, 1, 1 
22916, 1, 1 
7039, 1, 1 
27003, 1, 1 
56336, 1, 1 
29451, 1, 1 
44548, 1, 1 
10971, 1, 1 
23444, 1, 1 
38700, 1, 1 
28557, 1, 1 
56882, 1, 1 
44047, 1, 1 
29522, 1, 1 
44108, 1, 1 
19751, 1, 1 
26559, 1, 1 
19446, 1, 1 
52097, 1, 1 
55173, 1, 1 
38016, 1, 1 
24013, 1, 1 
8989, 1, 1 
39173, 1, 1 
32245, 1, 1 
42731, 1, 1 
24647, 1, 1 
56252, 1, 1 
33949, 1, 1 
38482, 1, 1 
25324, 1, 1 
21498, 1, 1 
10067, 1, 1 
23501, 1, 1 
49317, 1, 1 
14812, 1, 1 
51110, 1, 1 
59932, 1, 1 
10376, 1, 1 
17637, 1, 1 
41723, 1, 1 
40802, 1, 1 
53980, 1, 1 
50051, 1, 1 
18207, 1, 1 
41073, 1, 1 
50951, 1, 1 
6021, 1, 1 
40615, 1, 1 
24222, 1, 1 
2198, 1, 1 
18179, 1, 1 
27388, 1, 1 
51112, 1, 1 
50847, 1, 1 
13584, 1, 1 
3111, 1, 1 
46913, 1, 1 
44269, 1, 1 
49504, 1, 1 
9894, 2, 2 
42934, 2, 2 
56583, 2, 2 
58441, 2, 2 
34182, 2, 2 
48246, 2, 2 
59903, 2, 2 
30485, 2, 2 
19343, 2, 2 
41955, 2, 2 
52403, 2, 2 
4028, 2, 2 
58710, 2, 2 
49537, 2, 2 
53033, 2, 2 
1923, 2, 2 
1074, 2, 2 
19210, 2, 2 
1478, 2, 2 
30580, 2, 2 
24971, 2, 2 
4437, 2, 2 
37187, 2, 2 
26922, 2, 2 
50748, 2, 2 
22232, 2, 2 
31197, 2, 2 
42308, 2, 2 
38800, 2, 2 
33821, 2, 2 
53284, 2, 2 
48837, 2, 2 
59316, 2, 2 
29081, 2, 2 
13820, 2, 2 
6172, 2, 2 
56957, 2, 2 
189, 2, 2 
53790, 2, 2 
49101, 2, 2 
23814, 2, 2 
36209, 2, 2 
3659, 2, 2 
35331, 2, 2 
48118, 2, 2 
28169, 2, 2 
42068, 2, 2 
17548, 2, 2 
39726, 2, 2 
14914, 2, 2 
59327, 2, 2 
3305, 2, 2 
13735, 2, 2 
10106, 2, 2 
59093, 2, 2 
24035, 2, 2 
7394, 2, 2 
37481, 2, 2 
32435, 2, 2 
39420, 2, 2 
44095, 2, 2 
23323, 2, 2 
31890, 2, 2 
14996, 2, 2 
19463, 2, 2 
29720, 2, 2 
22524, 2, 2 
52331, 2, 2 
26325, 2, 2 
46214, 2, 2 
57478, 2, 2 
55433, 2, 2 
59621, 2, 2 
42454, 2, 8 
39572, 2, 2 
8390, 2, 2 
56901, 2, 2 
33863, 2, 2 
3077, 2, 2 
24116, 2, 2 
19779, 2, 2 
45158, 2, 2 
38127, 2, 2 
17188, 2, 2 
45998, 2, 2 
12445, 2, 2 
44414, 2, 2 
39020, 2, 2 
41835, 2, 2 
1262, 2, 2 
15475, 2, 2 
22742, 2, 2 
33007, 2, 2 
27367, 2, 2 
6252, 2, 2 
31662, 2, 2 
19397, 2, 2 
26646, 2, 2 
28944, 2, 2 
30746, 2, 2 
46400, 2, 2 
49090, 2, 2 
17336, 2, 2 
13922, 2, 2 
49158, 2, 2 
1058, 2, 2 
40622, 2, 2 
32654, 2, 2 
3166, 2, 2 
40107, 2, 2 
30726, 2, 2 
14355, 2, 2 
32934, 2, 2 
1727, 2, 2 
25902, 2, 2 
18748, 2, 2 
35092, 2, 2 
58851, 2, 2 
20488, 2, 2 
43293, 2, 2 
24089, 2, 2 
3980, 2, 2 
11700, 2, 2 
43486, 2, 2 
49875, 2, 2 
35198, 2, 2 
21982, 2, 2 
40562, 2, 2 
27010, 2, 2 
21566, 2, 2 
33707, 2, 2 
39031, 2, 2 
28050, 2, 2 
25038, 2, 2 
51898, 2, 2 
41937, 2, 2 
50913, 2, 2 
52757, 2, 2 
59396, 2, 2 
44520, 2, 2 
15057, 2, 2 
42754, 2, 2 
45620, 2, 2 
33449, 2, 2 
18972, 2, 2 
17110, 2, 2 
23397, 2, 2 
12985, 2, 2 
26075, 2, 2 
43760, 2, 2 
7500, 2, 2 
54168, 2, 2 
54973, 2, 2 
26770, 2, 2 
8211, 2, 2 
26333, 2, 2 
2464, 2, 2 
45845, 2, 2 
22878, 2, 2 
30600, 2, 2 
477, 2, 2 
2733, 2, 2 
23325, 2, 2 
46912, 2, 2 
8564, 2, 2 
8883, 2, 2 
56848, 2, 2 
9989, 2, 2 
19815, 2, 2 
37083, 2, 2 
58572, 2, 2 
18815, 2, 2 
49498, 2, 2 
46841, 2, 2 
37760, 2, 2 
44054, 2, 2 
46266, 2, 2 
25272, 2, 2 
21502, 2, 2 
5706, 2, 2 
35970, 2, 2 
1823, 2, 2 
31092, 2, 2 
45348, 2, 2 
57999, 2, 2 
39299, 2, 2 
13031, 2, 4 
347, 2, 2 
35770, 2, 2 
39284, 2, 8 
43294, 2, 2 
40816, 2, 2 
5902, 2, 2 
59641, 2, 2 
21917, 2, 2 
44143, 2, 2 
4451, 2, 2 
23082, 2, 2 
41182, 2, 2 
40513, 2, 2 
3224, 2, 2 
39655, 2, 2 
19903, 2, 2 
45662, 2, 2 
22386, 2, 2 
8480, 2, 2 
7796, 2, 2 
17482, 2, 2 
684, 2, 2 
28218, 2, 2 
7792, 2, 2 
57605, 2, 2 
19129, 2, 2 
57520, 2, 2 
26522, 2, 2 
41256, 2, 2 
40637, 2, 2 
41687, 2, 2 
29425, 2, 2 
14429, 2, 2 
11030, 2, 2 
37610, 2, 2 
48934, 2, 2 
1444, 2, 2 
15731, 2, 2 
9248, 2, 2 
45358, 2, 2 
47667, 2, 2 
8470, 2, 2 
2625, 2, 2 
28214, 2, 2 
15573, 2, 2 
31024, 2, 2 
45096, 2, 2 
40461, 2, 2 
3710, 2, 2 
12844, 2, 2 
4846, 2, 2 
2357, 2, 2 
18651, 2, 2 
58563, 2, 2 
11865, 2, 2 
6627, 2, 2 
33489, 2, 2 
9689, 2, 2 
28347, 2, 2 
5790, 2, 2 
30056, 2, 2 
3341, 2, 2 
49181, 2, 2 
1165, 2, 2 
8924, 2, 2 
6161, 2, 2 
47254, 2, 2 
12461, 2, 2 
48933, 2, 2 
59985, 2, 2 
53656, 2, 2 
35104, 2, 2 
48986, 2, 2 
40388, 2, 2 
3179, 2, 2 
27033, 2, 2 
35638, 2, 2 
13627, 2, 2 
36631, 2, 2 
54286, 2, 2 
29674, 2, 2 
31185, 2, 2 
6079, 2, 2 
1361, 2, 2 
4805, 2, 2 
42373, 2, 2 
391, 2, 2 
19673, 2, 2 
16794, 2, 2 
36982, 2, 2 
42936, 2, 2 
30365, 2, 2 
9546, 2, 2 
22357, 2, 2 
37347, 2, 2 
36693, 2, 2 
32695, 2, 2 
14267, 2, 2 
17046, 2, 2 
6773, 2, 2 
55176, 2, 2 
27229, 2, 2 
17241, 2, 2 
58821, 2, 2 
1183, 2, 2 
24724, 2, 2 
28021, 2, 2 
27770, 2, 2 
35927, 2, 2 
6780, 2, 2 
46464, 2, 2 
56473, 2, 2 
50640, 2, 2 
39421, 2, 2 
41484, 2, 2 
39198, 2, 2 
50899, 2, 2 
9374, 2, 2 
47731, 2, 2 
7140, 2, 2 
10714, 2, 2 
20242, 2, 2 
9722, 2, 2 
57113, 2, 2 
54330, 2, 2 
43326, 2, 2 
4157, 2, 2 
5867, 2, 2 
4651, 2, 2 
34680, 2, 2 
51751, 2, 2 
32991, 2, 2 
44639, 2, 2 
46122, 2, 3 
48696, 2, 2 
38401, 2, 2 
44823, 2, 2 
25139, 2, 2 
50065, 2, 2 
20612, 2, 2 
58098, 2, 2 
25609, 2, 2 
34323, 2, 2 
24546, 2, 2 
33659, 2, 2 
52841, 2, 2 
32637, 2, 2 
48698, 2, 2 
32579, 2, 2 
1374, 2, 2 
30530, 2, 2 
9600, 2, 2 
44424, 2, 2 
26927, 2, 2 
46921, 2, 2 
22414, 2, 2 
11243, 2, 2 
39597, 2, 2 
3660, 2, 2 
33727, 2, 2 
55769, 2, 2 
28786, 2, 2 
58087, 2, 2 
56919, 2, 2 
29290, 2, 2 
51760, 2, 2 
18158, 2, 2 
32545, 2, 2 
46830, 2, 2 
47965, 2, 2 
58418, 2, 2 
56819, 2, 2 
48070, 2, 2 
27233, 2, 2 
52152, 2, 2 
51849, 2, 2 
51835, 2, 2 
48926, 2, 2 
27374, 2, 2 
9360, 2, 2 
23520, 2, 2 
52602, 2, 2 
53500, 2, 2 
37638, 2, 2 
27641, 2, 2 
23934, 2, 2 
48476, 2, 2 
45929, 2, 2 
28494, 2, 2 
55857, 2, 2 
26779, 2, 2 
49282, 2, 2 
48681, 2, 2 
39691, 2, 2 
35653, 2, 2 
22491, 2, 2 
2513, 2, 2 
8428, 2, 2 
7292, 2, 2 
39145, 2, 2 
27915, 2, 2 
16958, 2, 2 
56762, 2, 2 
33297, 2, 2 
56312, 2, 2 
16527, 2, 2 
39919, 2, 2 
13370, 2, 2 
7161, 2, 2 
8133, 2, 2 
36450, 2, 2 
16812, 2, 2 
40788, 2, 2 
3607, 2, 2 
6168, 2, 2 
9672, 2, 2 
26733, 2, 2 
58775, 2, 2 
1881, 2, 2 
48019, 2, 2 
46092, 2, 2 
55997, 2, 2 
28366, 2, 2 
36904, 2, 2 
33930, 2, 2 
59076, 2, 2 
33413, 2, 2 
9301, 2, 2 
2824, 2, 2 
28801, 2, 2 
22133, 2, 2 
16627, 2, 2 
3989, 2, 2 
15569, 2, 2 
59130, 2, 2 
27458, 2, 2 
38435, 2, 2 
34131, 2, 2 
17995, 2, 2 
45133, 2, 2 
38148, 2, 2 
16089, 2, 2 
53388, 2, 2 
1880, 2, 2 
46364, 2, 2 
3156, 2, 2 
2769, 2, 2 
32561, 2, 2 
14363, 2, 2 
40530, 2, 2 
38108, 2, 2 
35134, 2, 2 
3133, 2, 2 
27165, 2, 2 
55504, 2, 2 
6628, 2, 2 
29219, 2, 2 
46977, 2, 2 
27475, 2, 2 
39790, 2, 2 
18236, 2, 2 
15055, 2, 2 
29906, 2, 2 
4662, 2, 2 
17500, 2, 2 
52796, 2, 2 
15642, 2, 2 
5602, 2, 2 
25510, 2, 2 
34724, 2, 2 
42319, 2, 2 
44747, 2, 2 
54541, 2, 2 
863, 2, 2 
11856, 2, 2 
10680, 2, 2 
38652, 2, 2 
50705, 2, 2 
41294, 2, 2 
57604, 2, 2 
58315, 2, 2 
48525, 2, 2 
49067, 2, 2 
48686, 2, 2 
2585, 2, 2 
53733, 2, 2 
13508, 2, 2 
33547, 2, 2 
49790, 2, 2 
32010, 2, 2 
25974, 2, 2 
55625, 2, 2 
39862, 2, 2 
22900, 2, 2 
6442, 2, 2 
42693, 2, 2 
18499, 2, 2 
30594, 2, 2 
47710, 2, 2 
8858, 2, 2 
24491, 2, 2 
18891, 2, 2 
54762, 2, 2 
39673, 2, 2 
15585, 2, 2 
18361, 2, 2 
17432, 2, 2 
38197, 2, 2 
47230, 2, 2 
53819, 2, 2 
40956, 2, 2 
688, 2, 2 
58323, 2, 2 
56754, 3, 3 
53711, 3, 3 
4736, 3, 3 
45089, 3, 3 
37197, 3, 3 
46329, 3, 3 
21637, 3, 3 
22307, 3, 3 
9636, 3, 3 
27279, 3, 3 
56578, 3, 3 
5238, 3, 3 
12877, 3, 3 
30070, 3, 3 
43619, 3, 3 
44609, 3, 3 
38892, 3, 3 
490, 3, 3 
49589, 3, 3 
49376, 3, 3 
26809, 3, 3 
27349, 3, 3 
9268, 3, 3 
4735, 3, 3 
6516, 3, 3 
1432, 3, 3 
15769, 3, 3 
6106, 3, 3 
37503, 3, 3 
59660, 3, 3 
20737, 3, 3 
45809, 3, 3 
49467, 3, 3 
52790, 3, 3 
44435, 3, 3 
31349, 3, 3 
25915, 3, 3 
49406, 3, 3 
54524, 3, 3 
15052, 3, 3 
54739, 3, 3 
12346, 3, 3 
8115, 3, 3 
40185, 3, 3 
29636, 3, 3 
4328, 3, 3 
45642, 3, 3 
45712, 3, 3 
14635, 3, 3 
24965, 3, 3 
39181, 3, 3 
20631, 3, 3 
15847, 3, 3 
31831, 3, 3 
23851, 3, 3 
48014, 3, 3 
25191, 3, 3 
24338, 3, 3 
46532, 3, 3 
29289, 3, 3 
35833, 3, 3 
9427, 3, 3 
9739, 3, 3 
53104, 3, 3 
4429, 3, 3 
59242, 3, 3 
44457, 3, 3 
58084, 3, 3 
15587, 3, 3 
27467, 3, 3 
41781, 3, 3 
14002, 3, 3 
16091, 3, 3 
55133, 3, 3 
53365, 3, 3 
45995, 3, 3 
37700, 3, 3 
5434, 3, 3 
24850, 3, 3 
47655, 3, 3 
49193, 3, 3 
24218, 3, 3 
10728, 3, 3 
57468, 3, 3 
32284, 3, 3 
38441, 3, 3 
58412, 3, 3 
24284, 3, 3 
48264, 3, 3 
46570, 3, 3 
23320, 3, 3 
49137, 3, 3 
37756, 3, 3 
40540, 3, 3 
37054, 3, 3 
55947, 3, 3 
16291, 3, 3 
59760, 3, 3 
25789, 3, 3 
53107, 3, 3 
21156, 3, 3 
32794, 3, 3 
54568, 3, 3 
24969, 3, 3 
17288, 3, 3 
4762, 3, 3 
34873, 3, 3 
20615, 3, 3 
7841, 3, 3 
52994, 3, 3 
49882, 3, 3 
34006, 3, 3 
54736, 3, 3 
56925, 3, 3 
17227, 3, 3 
53412, 3, 3 
43666, 3, 3 
10349, 3, 3 
31722, 3, 3 
51063, 3, 3 
27804, 3, 3 
48817, 3, 3 
37470, 3, 3 
37361, 3, 3 
13745, 3, 3 
54976, 3, 3 
6071, 3, 3 
34660, 3, 7 
49135, 3, 3 
3472, 3, 3 
50915, 3, 3 
43476, 3, 3 
51260, 3, 3 
22014, 3, 3 
21007, 3, 3 
29121, 3, 3 
26187, 3, 3 
41212, 3, 3 
37821, 3, 3 
53156, 3, 3 
11788, 3, 3 
16927, 3, 3 
23759, 3, 3 
4281, 3, 3 
11114, 3, 3 
48385, 3, 3 
30949, 3, 3 
44439, 3, 3 
6362, 3, 3 
789, 3, 3 
37209, 3, 3 
59263, 3, 3 
41537, 3, 3 
47207, 3, 3 
11341, 3, 3 
3609, 3, 3 
18274, 3, 3 
18252, 3, 3 
31913, 3, 3 
52269, 3, 3 
35542, 3, 3 
26488, 3, 3 
9730, 3, 3 
43132, 3, 3 
13519, 3, 3 
27917, 3, 3 
39565, 3, 3 
54867, 3, 3 
7189, 3, 3 
29158, 3, 3 
51896, 3, 3 
9766, 3, 3 
10389, 3, 3 
46918, 3, 3 
28276, 3, 3 
57495, 3, 3 
6559, 3, 3 
30256, 3, 3 
35010, 3, 3 
13221, 3, 3 
34396, 3, 3 
46634, 3, 3 
22172, 3, 3 
46070, 3, 3 
49560, 3, 3 
29972, 3, 3 
47145, 3, 3 
42914, 3, 3 
23425, 3, 3 
8879, 3, 3 
57750, 3, 3 
27527, 3, 3 
28409, 3, 3 
40722, 3, 3 
17906, 3, 3 
10141, 3, 3 
53570, 3, 3 
57897, 3, 3 
44555, 3, 3 
1226, 3, 3 
48480, 3, 3 
670, 3, 3 
48088, 3, 3 
39327, 3, 7 
39851, 3, 3 
12920, 3, 3 
51474, 3, 3 
5358, 3, 3 
3683, 3, 3 
36755, 3, 3 
49055, 3, 3 
35249, 3, 3 
37890, 3, 3 
39317, 3, 3 
5323, 3, 3 
22894, 3, 3 
58503, 3, 3 
45468, 3, 3 
10880, 3, 3 
9553, 3, 3 
45517, 3, 3 
39820, 3, 3 
43064, 3, 3 
7387, 3, 3 
18477, 3, 3 
38867, 3, 3 
13673, 3, 3 
14529, 3, 3 
42534, 3, 3 
48662, 3, 3 
23962, 3, 3 
46184, 3, 3 
31409, 3, 3 
29232, 3, 3 
7162, 3, 3 
767, 3, 3 
58079, 3, 3 
53874, 3, 3 
50516, 3, 3 
31989, 3, 3 
40836, 3, 3 
21341, 3, 3 
27135, 3, 3 
57765, 3, 3 
37309, 3, 3 
28431, 3, 3 
55008, 3, 3 
40662, 3, 3 
321, 3, 3 
27610, 3, 3 
43067, 3, 3 
39081, 3, 3 
52917, 3, 3 
30813, 3, 3 
18285, 3, 3 
19549, 3, 3 
56029, 3, 3 
12153, 3, 3 
28957, 3, 3 
11284, 3, 3 
59440, 3, 3 
9871, 3, 3 
48500, 3, 3 
1668, 3, 3 
58491, 3, 3 
3397, 3, 3 
17389, 3, 3 
40940, 3, 3 
35911, 3, 3 
59921, 3, 3 
21998, 3, 3 
18030, 3, 3 
44282, 3, 3 
38602, 3, 3 
28123, 3, 3 
42199, 3, 3 
8551, 3, 3 
22963, 3, 3 
31044, 3, 3 
59955, 3, 3 
37404, 3, 3 
16900, 3, 3 
4257, 3, 3 
5728, 3, 3 
14810, 3, 3 
11693, 3, 3 
11042, 3, 3 
35162, 3, 3 
57415, 3, 3 
15701, 3, 3 
56934, 3, 3 
51381, 3, 3 
22996, 3, 3 
54060, 3, 3 
43978, 3, 3 
6710, 3, 3 
6500, 3, 3 
49678, 3, 3 
58541, 3, 3 
4795, 3, 3 
16414, 3, 3 
49602, 3, 3 
34672, 3, 3 
51211, 3, 3 
19695, 3, 3 
48233, 3, 3 
18527, 3, 3 
42419, 3, 3 
45696, 3, 3 
20347, 3, 3 
58966, 3, 3 
8663, 3, 3 
13134, 3, 3 
34736, 3, 3 
33421, 3, 3 
12968, 3, 3 
8708, 3, 3 
53757, 3, 3 
28472, 3, 3 
1348, 3, 3 
13298, 3, 3 
53283, 3, 3 
43869, 3, 3 
58045, 3, 3 
36990, 3, 3 
34828, 3, 3 
21144, 3, 3 
2816, 3, 3 
27212, 3, 3 
54199, 3, 3 
5798, 3, 3 
53958, 3, 3 
50312, 3, 3 
50401, 3, 3 
6430, 3, 3 
54296, 3, 3 
5923, 3, 3 
55845, 3, 3 
2834, 3, 3 
50545, 3, 3 
330, 3, 3 
35407, 3, 3 
8795, 3, 3 
28199, 3, 3 
58324, 3, 3 
14567, 3, 3 
3383, 3, 3 
13787, 3, 3 
46425, 3, 3 
5041, 3, 3 
4881, 3, 3 
53165, 3, 3 
27560, 3, 3 
10011, 3, 3 
25127, 3, 3 
731, 3, 3 
36716, 3, 3 
5987, 3, 3 
15339, 3, 3 
17911, 3, 3 
50214, 3, 3 
20570, 3, 3 
14333, 3, 3 
23227, 3, 3 
20329, 3, 3 
58812, 3, 3 
43435, 3, 3 
48352, 3, 3 
16370, 3, 3 
53287, 3, 3 
157, 3, 3 
37792, 3, 3 
8241, 3, 3 
20664, 3, 3 
55831, 3, 3 
26625, 3, 3 
27671, 3, 3 
17753, 3, 3 
11714, 3, 3 
38116, 3, 3 
39127, 3, 3 
12063, 3, 3 
43952, 3, 3 
19326, 3, 3 
54028, 3, 3 
32804, 3, 3 
40184, 3, 3 
40734, 3, 3 
58113, 3, 3 
1108, 3, 3 
13438, 3, 3 
6809, 3, 3 
36802, 3, 3 
36815, 3, 3 
1689, 3, 3 
7295, 3, 3 
22155, 3, 3 
7412, 3, 3 
20833, 3, 3 
14558, 3, 3 
58853, 3, 3 
58931, 3, 3 
38166, 3, 3 
33590, 3, 3 
21815, 3, 3 
28391, 3, 3 
74, 3, 3 
31098, 3, 3 
41619, 3, 3 
24886, 3, 3 
7625, 3, 3 
48761, 3, 3 
51701, 3, 3 
15474, 3, 3 
49080, 3, 3 
51428, 3, 3 
26433, 3, 3 
50, 3, 3 
3699, 3, 3 
4792, 3, 3 
25536, 3, 3 
861, 3, 3 
14210, 3, 3 
10998, 3, 3 
14350, 3, 3 
4339, 3, 3 
53345, 3, 3 
17621, 3, 3 
33633, 3, 3 
47979, 3, 3 
46211, 3, 3 
36295, 3, 3 
30897, 3, 3 
28303, 3, 3 
135, 3, 3 
12100, 3, 3 
30090, 3, 3 
15980, 3, 3 
58656, 3, 3 
55580, 3, 3 
32025, 3, 3 
30306, 3, 3 
24501, 3, 3 
33080, 3, 3 
33986, 3, 3 
11216, 3, 3 
13909, 3, 3 
4191, 3, 3 
42605, 3, 3 
54397, 3, 3 
16831, 3, 3 
23877, 3, 3 
25208, 3, 3 
52098, 3, 3 
35022, 3, 3 
24883, 3, 3 
54357, 3, 3 
54020, 3, 3 
41565, 3, 3 
18785, 3, 3 
38361, 3, 3 
23294, 3, 3 
59322, 3, 3 
1836, 3, 3 
5354, 3, 3 
29269, 3, 3 
8017, 3, 3 
26548, 3, 3 
49057, 3, 3 
14851, 3, 3 
49149, 3, 3 
8544, 3, 3 
34721, 3, 3 
53246, 3, 3 
19266, 3, 3 
45088, 3, 3 
26694, 3, 3 
7626, 3, 3 
5396, 3, 3 
44519, 3, 3 
30282, 3, 3 
18569, 3, 3 
59778, 3, 3 
56495, 3, 3 
4250, 3, 3 
25509, 3, 3 
44468, 3, 3 
15760, 3, 3 
8259, 3, 3 
56820, 3, 3 
55937, 3, 3 
27866, 3, 3 
22625, 3, 3 
9529, 3, 3 
43043, 3, 3 
55941, 3, 3 
45628, 3, 3 
45419, 3, 3 
25094, 3, 3 
15850, 3, 3 
58279, 4, 4 
45718, 4, 4 
7100, 4, 4 
30326, 4, 4 
59108, 4, 4 
23429, 4, 4 
5313, 4, 4 
54852, 4, 4 
2176, 4, 4 
56445, 4, 4 
44521, 4, 4 
34361, 4, 4 
43756, 4, 4 
48288, 4, 4 
35748, 4, 4 
47708, 4, 4 
49325, 4, 4 
3945, 4, 4 
37683, 4, 4 
13451, 4, 4 
39867, 4, 4 
35254, 4, 4 
10571, 4, 4 
55990, 4, 4 
50433, 4, 4 
49211, 4, 4 
2341, 4, 4 
27782, 4, 4 
32164, 4, 4 
53362, 4, 4 
23326, 4, 4 
55964, 4, 4 
23307, 4, 4 
47771, 4, 4 
5891, 4, 4 
44284, 4, 4 
40835, 4, 4 
52920, 4, 4 
12465, 4, 4 
41845, 4, 4 
44213, 4, 4 
55087, 4, 4 
54791, 4, 4 
50182, 4, 4 
11126, 4, 4 
34000, 4, 4 
46884, 4, 4 
4781, 4, 4 
55285, 4, 4 
3157, 4, 4 
26465, 4, 4 
59862, 4, 4 
31285, 4, 4 
3957, 4, 4 
4297, 4, 4 
36706, 4, 4 
27979, 4, 4 
24113, 4, 4 
12755, 4, 4 
59931, 4, 4 
31539, 4, 4 
46677, 4, 4 
6798, 4, 4 
47089, 4, 4 
9353, 4, 4 
28509, 4, 4 
17934, 4, 4 
28700, 4, 4 
31324, 4, 4 
35418, 4, 4 
38336, 4, 4 
29754, 4, 4 
17276, 4, 4 
55280, 4, 4 
50889, 4, 4 
45148, 4, 4 
40793, 4, 4 
8875, 4, 4 
48835, 4, 4 
42455, 4, 4 
5581, 4, 4 
27495, 4, 4 
39209, 4, 4 
47002, 4, 4 
46460, 4, 4 
52996, 4, 4 
44232, 4, 4 
54895, 4, 4 
49146, 4, 4 
44977, 4, 4 
1604, 4, 9 
30876, 4, 4 
33803, 4, 4 
25621, 4, 4 
23174, 4, 4 
48202, 4, 4 
59620, 4, 4 
27713, 4, 4 
38568, 4, 4 
39024, 4, 4 
9392, 4, 4 
48984, 4, 4 
58003, 4, 4 
22367, 4, 4 
40933, 4, 4 
32657, 4, 4 
36659, 4, 4 
11818, 4, 4 
22670, 4, 4 
46057, 4, 4 
50510, 4, 4 
9781, 4, 4 
40946, 4, 4 
3312, 4, 4 
53905, 4, 4 
5002, 4, 4 
31858, 4, 4 
33852, 4, 4 
36817, 4, 4 
59261, 4, 4 
4619, 4, 4 
37687, 4, 4 
1411, 4, 4 
37257, 4, 4 
51309, 4, 4 
1232, 4, 4 
39738, 4, 4 
12052, 4, 4 
36200, 4, 4 
57102, 4, 4 
43904, 4, 4 
50216, 4, 4 
33509, 4, 4 
26288, 4, 4 
33726, 4, 4 
12795, 4, 4 
18990, 4, 4 
36584, 4, 4 
14620, 4, 4 
4436, 4, 4 
34093, 4, 4 
8706, 4, 4 
17774, 4, 4 
23999, 4, 4 
18988, 4, 4 
19404, 4, 4 
56797, 4, 4 
55684, 4, 4 
19923, 4, 4 
25558, 4, 4 
57819, 4, 4 
606, 4, 4 
41355, 4, 4 
42854, 4, 8 
2323, 4, 4 
41925, 4, 4 
46357, 4, 4 
55828, 4, 4 
27267, 4, 4 
17744, 4, 4 
57184, 4, 4 
4829, 4, 4 
24511, 4, 4 
52748, 4, 4 
14739, 4, 4 
31883, 4, 4 
42421, 4, 4 
13634, 4, 4 
55160, 4, 4 
32015, 4, 4 
45507, 4, 4 
53163, 4, 4 
11303, 4, 4 
54770, 4, 4 
49881, 4, 4 
58432, 4, 4 
25180, 4, 4 
19217, 4, 4 
47691, 4, 4 
37603, 4, 4 
9442, 4, 4 
10525, 4, 4 
53564, 4, 4 
32108, 4, 4 
25887, 4, 4 
46613, 4, 4 
4454, 4, 4 
17141, 4, 4 
17749, 4, 4 
4768, 4, 4 
42809, 4, 4 
12973, 4, 4 
19418, 4, 4 
21119, 4, 4 
47336, 4, 4 
24391, 4, 4 
30702, 4, 4 
2569, 4, 4 
55976, 4, 4 
2859, 4, 4 
28146, 4, 4 
10350, 4, 4 
23644, 4, 4 
17552, 4, 4 
10937, 4, 4 
38906, 4, 4 
19447, 4, 4 
50049, 4, 4 
9137, 4, 4 
43757, 4, 4 
1928, 4, 4 
7919, 4, 4 
55101, 4, 4 
34290, 4, 4 
40299, 4, 4 
34346, 4, 4 
54324, 4, 4 
26456, 4, 4 
59227, 4, 4 
18846, 4, 4 
54769, 4, 4 
38316, 4, 4 
18961, 4, 4 
3905, 4, 4 
38132, 4, 4 
55109, 4, 4 
45681, 4, 4 
18823, 4, 4 
11471, 4, 4 
18365, 4, 4 
25956, 4, 4 
33638, 4, 4 
30121, 4, 4 
56293, 4, 4 
27955, 4, 4 
13714, 4, 4 
49683, 4, 4 
43068, 4, 4 
43137, 4, 4 
56596, 4, 4 
27584, 4, 4 
59413, 4, 4 
7958, 4, 4 
57687, 4, 4 
48785, 4, 4 
32661, 4, 4 
44037, 4, 4 
5324, 4, 4 
34389, 4, 4 
59139, 4, 4 
42302, 4, 4 
7459, 4, 4 
24244, 4, 4 
59623, 4, 4 
25053, 4, 4 
15298, 4, 4 
15927, 4, 4 
46232, 4, 4 
32186, 4, 4 
8380, 4, 4 
42779, 4, 4 
23878, 4, 4 
16459, 4, 4 
17767, 4, 4 
1487, 4, 4 
17791, 4, 4 
18999, 4, 4 
48282, 4, 4 
24761, 4, 4 
16068, 4, 4 
24980, 4, 4 
37645, 4, 4 
22295, 4, 4 
21988, 4, 4 
4132, 4, 4 
54129, 4, 4 
59657, 4, 4 
52402, 4, 4 
3203, 4, 4 
33070, 4, 4 
20813, 4, 4 
56818, 4, 4 
16093, 4, 4 
19121, 4, 4 
2451, 4, 4 
24432, 4, 4 
9465, 4, 4 
10467, 4, 4 
48240, 4, 4 
27694, 4, 4 
12922, 4, 4 
33824, 4, 4 
52277, 4, 4 
48754, 4, 4 
6759, 4, 4 
22161, 4, 4 
36017, 4, 4 
53452, 4, 4 
46786, 4, 4 
16807, 4, 4 
56190, 4, 4 
14397, 4, 4 
13302, 4, 4 
13870, 4, 4 
18638, 4, 4 
19498, 4, 4 
22960, 4, 4 
10241, 4, 4 
47843, 4, 4 
5138, 4, 4 
680, 4, 4 
15294, 4, 4 
44581, 4, 4 
36634, 4, 4 
289, 4, 4 
44731, 4, 4 
19727, 4, 4 
42382, 4, 4 
1967, 4, 4 
56477, 4, 4 
38301, 4, 4 
23188, 4, 4 
1220, 4, 4 
41068, 4, 4 
39272, 4, 4 
28866, 4, 4 
11496, 4, 4 
49102, 4, 4 
4174, 4, 4 
40062, 4, 4 
27102, 4, 4 
19907, 4, 4 
51182, 4, 4 
27308, 4, 4 
9867, 4, 4 
1050, 4, 4 
15100, 4, 4 
47293, 4, 4 
18867, 4, 4 
37262, 4, 4 
2589, 4, 4 
14652, 4, 4 
10013, 4, 4 
26105, 4, 4 
38716, 4, 4 
16312, 4, 4 
53596, 4, 4 
20297, 4, 4 
34465, 4, 4 
30573, 4, 4 
39117, 4, 4 
42858, 4, 4 
53551, 4, 4 
45821, 4, 4 
50471, 4, 4 
33922, 4, 4 
44771, 4, 4 
38551, 4, 4 
19076, 4, 4 
21916, 4, 4 
49646, 4, 4 
10018, 4, 4 
53327, 4, 4 
52515, 4, 4 
32321, 4, 4 
8208, 4, 4 
25925, 4, 4 
12019, 4, 4 
27213, 4, 4 
16251, 4, 4 
52727, 4, 4 
26985, 4, 4 
35513, 4, 4 
46976, 4, 4 
5482, 4, 9 
45316, 4, 4 
40449, 4, 4 
28500, 4, 4 
51694, 4, 4 
11916, 4, 4 
31340, 4, 4 
49379, 4, 4 
16399, 4, 4 
41192, 4, 4 
372, 4, 4 
48442, 4, 4 
30933, 4, 4 
10918, 4, 4 
20176, 4, 4 
50801, 4, 4 
36190, 4, 4 
590, 4, 4 
9585, 4, 4 
48558, 4, 4 
56886, 4, 4 
24292, 4, 4 
32020, 4, 4 
13068, 4, 4 
6778, 4, 4 
18487, 4, 4 
34379, 4, 4 
36632, 4, 4 
20897, 4, 4 
53222, 4, 4 
50090, 4, 4 
25470, 4, 4 
57709, 4, 4 
7843, 4, 4 
15866, 4, 4 
30954, 4, 4 
55294, 4, 4 
24233, 4, 4 
33991, 4, 4 
24327, 4, 4 
47680, 4, 4 
36204, 4, 4 
37640, 4, 4 
53032, 4, 4 
39844, 4, 4 
57114, 4, 4 
34216, 4, 4 
38229, 4, 4 
10633, 4, 4 
882, 4, 4 
23692, 4, 4 
29688, 4, 4 
27948, 4, 4 
58482, 4, 4 
6351, 4, 4 
29141, 4, 4 
5180, 4, 4 
7854, 4, 4 
44765, 4, 4 
13128, 4, 4 
647, 4, 4 
5366, 4, 4 
24885, 4, 4 
19138, 4, 4 
27922, 4, 4 
49196, 4, 4 
43600, 4, 4 
33011, 4, 4 
58047, 4, 4 
1580, 4, 4 
22034, 4, 4 
13267, 4, 4 
14865, 4, 4 
275, 4, 4 
33165, 4, 4 
31711, 4, 4 
38834, 4, 4 
28706, 4, 4 
29461, 4, 4 
57537, 4, 4 
38855, 4, 4 
47744, 4, 4 
20907, 4, 4 
17268, 4, 4 
33551, 4, 4 
14621, 4, 4 
22694, 4, 4 
28022, 4, 4 
25353, 4, 4 
35115, 4, 4 
16389, 4, 4 
32124, 4, 4 
31514, 4, 4 
25293, 4, 4 
481, 4, 4 
36923, 4, 4 
44885, 4, 4 
37516, 4, 4 
32583, 4, 4 
35201, 4, 4 
33523, 4, 4 
27272, 4, 4 
20972, 4, 4 
41915, 4, 4 
17067, 4, 4 
39386, 4, 4 
3503, 4, 4 
24929, 4, 4 
11962, 4, 4 
14501, 4, 4 
56784, 4, 4 
39110, 4, 4 
33900, 4, 4 
16578, 4, 4 
55529, 4, 4 
54007, 4, 4 
1508, 4, 4 
35179, 4, 4 
2542, 4, 4 
16359, 4, 4 
54588, 4, 4 
50282, 4, 4 
28800, 4, 4 
51312, 4, 4 
28551, 4, 4 
36952, 4, 4 
53461, 5, 5 
49636, 5, 5 
40623, 5, 5 
41867, 5, 5 
40678, 5, 5 
23903, 5, 5 
100, 5, 5 
12631, 5, 5 
13387, 5, 5 
757, 5, 5 
26655, 5, 5 
15949, 5, 5 
18495, 5, 5 
16603, 5, 5 
22020, 5, 5 
46759, 5, 5 
47934, 5, 5 
50800, 5, 5 
54189, 5, 5 
36493, 5, 5 
15285, 5, 5 
14143, 5, 5 
16295, 5, 5 
56202, 5, 5 
13681, 5, 5 
2622, 5, 5 
44476, 5, 5 
54902, 5, 5 
49032, 5, 5 
53015, 5, 5 
9814, 5, 5 
34112, 5, 5 
14106, 5, 5 
16511, 5, 5 
51495, 5, 5 
41548, 5, 5 
55229, 5, 5 
4786, 5, 5 
14543, 5, 5 
45470, 5, 5 
43244, 5, 5 
14512, 5, 5 
43289, 5, 5 
5158, 5, 5 
50601, 5, 5 
22033, 5, 5 
47951, 5, 5 
44923, 5, 5 
36508, 5, 5 
23870, 5, 5 
56032, 5, 5 
51027, 5, 5 
46522, 5, 5 
29787, 5, 5 
46948, 5, 5 
23361, 5, 5 
33077, 5, 5 
32915, 5, 5 
37114, 5, 5 
46169, 5, 5 
17338, 5, 5 
31682, 5, 5 
47305, 5, 5 
35495, 5, 5 
22042, 5, 5 
55305, 5, 5 
49935, 5, 5 
20125, 5, 5 
19958, 5, 5 
32533, 5, 5 
48358, 5, 5 
54381, 5, 5 
690, 5, 5 
5685, 5, 5 
5925, 5, 5 
1592, 5, 5 
34448, 5, 5 
10316, 5, 5 
31266, 5, 5 
47757, 5, 5 
51231, 5, 5 
6749, 5, 5 
18591, 5, 5 
26621, 5, 5 
6077, 5, 5 
22015, 5, 5 
8766, 5, 5 
56843, 5, 5 
46458, 5, 5 
26727, 5, 5 
56890, 5, 5 
51973, 5, 5 
41263, 5, 5 
2912, 5, 5 
32537, 5, 5 
17981, 5, 5 
2515, 5, 5 
16315, 5, 5 
38801, 5, 5 
21550, 5, 5 
36214, 5, 5 
35797, 5, 5 
26363, 5, 5 
48705, 5, 5 
13457, 5, 5 
4665, 5, 5 
7133, 5, 5 
6300, 5, 5 
23407, 5, 5 
20885, 5, 5 
30980, 5, 5 
22272, 5, 5 
43733, 5, 5 
13256, 5, 5 
7845, 5, 5 
34411, 5, 5 
49655, 5, 5 
26211, 5, 5 
48069, 5, 5 
46774, 5, 5 
54598, 5, 5 
30488, 5, 5 
55248, 5, 5 
57848, 5, 5 
44481, 5, 5 
20200, 5, 5 
25566, 5, 5 
4987, 5, 5 
15791, 5, 5 
30817, 5, 5 
16646, 5, 5 
16499, 5, 5 
51626, 5, 5 
57812, 5, 5 
22599, 5, 5 
23332, 5, 5 
22102, 5, 5 
16574, 5, 5 
36361, 5, 5 
23249, 5, 5 
57818, 5, 5 
27310, 5, 5 
14048, 5, 5 
47433, 5, 5 
57566, 5, 5 
16213, 5, 5 
5620, 5, 5 
8731, 5, 5 
11484, 5, 5 
22235, 5, 5 
53538, 5, 5 
7546, 5, 5 
29253, 5, 5 
16380, 5, 5 
54044, 5, 5 
21371, 5, 5 
28679, 5, 5 
43175, 5, 5 
16426, 5, 5 
43676, 5, 5 
14318, 5, 5 
960, 5, 5 
10884, 5, 5 
32992, 5, 5 
23918, 5, 5 
56002, 5, 5 
3301, 5, 5 
55838, 5, 5 
48825, 5, 5 
2461, 5, 5 
39556, 5, 5 
3752, 5, 5 
38624, 5, 5 
42321, 5, 5 
40773, 5, 5 
12449, 5, 5 
25468, 5, 5 
2739, 5, 5 
21233, 5, 5 
31782, 5, 5 
8744, 5, 5 
7311, 5, 5 
10538, 5, 5 
43055, 5, 5 
28040, 5, 5 
54949, 5, 5 
52195, 5, 5 
27042, 5, 5 
58471, 5, 5 
4416, 5, 5 
1210, 5, 5 
11609, 5, 5 
1406, 5, 5 
19996, 5, 5 
49705, 5, 5 
11115, 5, 5 
53063, 5, 5 
1813, 5, 5 
57947, 5, 5 
45295, 5, 5 
50202, 5, 5 
51727, 5, 5 
29659, 5, 5 
29348, 5, 5 
12232, 5, 5 
26700, 5, 5 
16116, 5, 5 
44554, 5, 5 
17811, 5, 5 
57470, 5, 5 
3527, 5, 5 
28762, 5, 5 
59446, 5, 5 
37548, 5, 5 
24232, 5, 5 
24730, 5, 5 
1650, 5, 5 
32258, 5, 5 
6324, 5, 5 
11873, 5, 5 
20476, 5, 5 
59400, 5, 5 
24773, 5, 5 
41754, 5, 5 
27742, 5, 5 
46544, 5, 5 
36381, 5, 5 
37031, 5, 5 
18404, 5, 5 
55871, 5, 5 
58248, 5, 5 
35388, 5, 5 
39158, 5, 5 
771, 5, 5 
39966, 5, 5 
8712, 5, 5 
9450, 5, 5 
11802, 5, 5 
27421, 5, 5 
33294, 5, 5 
57383, 5, 5 
34438, 5, 5 
56045, 5, 5 
34841, 5, 5 
13348, 5, 5 
16257, 5, 5 
8252, 5, 5 
24394, 5, 5 
37584, 5, 5 
4590, 5, 5 
48260, 5, 5 
33690, 5, 5 
37465, 5, 5 
34391, 5, 5 
38608, 5, 5 
57088, 5, 5 
30351, 5, 5 
12689, 5, 5 
16592, 5, 5 
50138, 5, 5 
53201, 5, 5 
56119, 5, 5 
32217, 5, 5 
10987, 5, 5 
18431, 5, 5 
33404, 5, 5 
39126, 5, 5 
53086, 5, 5 
33811, 5, 5 
34340, 5, 5 
26094, 5, 5 
47016, 5, 5 
3266, 5, 5 
9565, 5, 5 
19867, 5, 5 
22680, 5, 5 
13509, 5, 5 
28865, 5, 5 
47554, 5, 5 
30499, 5, 5 
50071, 5, 5 
9009, 5, 5 
49508, 5, 5 
58834, 5, 5 
34868, 5, 5 
55728, 5, 5 
47629, 5, 5 
57132, 5, 5 
39725, 5, 5 
56547, 5, 5 
48046, 5, 5 
12756, 5, 5 
37300, 5, 5 
47938, 5, 5 
40669, 5, 5 
18553, 5, 5 
59170, 5, 5 
29524, 5, 5 
36289, 5, 5 
52914, 5, 5 
24921, 5, 5 
21225, 5, 5 
53229, 5, 5 
9093, 5, 5 
2304, 5, 5 
947, 5, 5 
40546, 5, 5 
18696, 5, 5 
25273, 5, 5 
9646, 5, 5 
44845, 5, 5 
28148, 5, 5 
31186, 5, 5 
20922, 5, 5 
4113, 5, 5 
59351, 5, 5 
23568, 5, 5 
59574, 5, 5 
38073, 5, 5 
24323, 5, 5 
18839, 5, 5 
17239, 5, 5 
36089, 5, 5 
17747, 5, 5 
33448, 5, 5 
26370, 5, 5 
18417, 5, 5 
3500, 5, 5 
12770, 5, 5 
23725, 5, 5 
18925, 5, 5 
23066, 5, 5 
21013, 5, 5 
13829, 5, 5 
4104, 5, 5 
56038, 5, 5 
4760, 5, 5 
33734, 5, 5 
40125, 5, 5 
44781, 5, 5 
48971, 5, 5 
42372, 5, 5 
16558, 5, 5 
29006, 5, 5 
48733, 5, 5 
23836, 5, 5 
26098, 5, 5 
9381, 5, 5 
7081, 5, 5 
29852, 5, 5 
38345, 5, 5 
15771, 5, 5 
12110, 5, 5 
59216, 5, 5 
52527, 5, 5 
14078, 5, 5 
23640, 5, 5 
49611, 5, 5 
51144, 5, 5 
13594, 5, 5 
32758, 5, 5 
25840, 5, 5 
34128, 5, 5 
16784, 5, 5 
9581, 5, 5 
20769, 5, 5 
1340, 5, 5 
15197, 5, 5 
11410, 5, 5 
544, 5, 5 
27526, 5, 5 
36086, 5, 5 
11486, 5, 5 
14085, 5, 5 
3419, 5, 5 
21563, 5, 5 
29462, 5, 5 
53634, 5, 5 
46813, 5, 5 
11876, 5, 5 
5363, 5, 5 
6389, 5, 5 
912, 5, 5 
10811, 5, 5 
26113, 5, 5 
53675, 5, 5 
33053, 5, 5 
11656, 5, 5 
12818, 5, 5 
28231, 5, 5 
16126, 5, 5 
32870, 5, 5 
18808, 5, 5 
23424, 5, 5 
49991, 5, 5 
16092, 5, 5 
13248, 5, 5 
53497, 5, 5 
19825, 5, 5 
44706, 5, 5 
48939, 5, 5 
10740, 5, 5 
45101, 5, 5 
22156, 5, 5 
8104, 5, 5 
24077, 5, 5 
32134, 5, 5 
21365, 5, 5 
31953, 5, 5 
6555, 5, 5 
45894, 5, 5 
14709, 5, 5 
28770, 5, 5 
56529, 5, 5 
34478, 5, 5 
45526, 5, 5 
34139, 5, 5 
6200, 5, 5 
34082, 5, 5 
44821, 5, 5 
31929, 5, 5 
36981, 5, 5 
11839, 5, 5 
36999, 5, 5 
49863, 5, 5 
7964, 5, 5 
58321, 5, 5 
6169, 5, 5 
55953, 5, 5 
48838, 5, 5 
12733, 5, 5 
23518, 5, 5 
6782, 5, 5 
24504, 5, 5 
10226, 5, 5 
32393, 5, 5 
13747, 5, 5 
39381, 5, 5 
42379, 5, 5 
50399, 5, 5 
32506, 5, 5 
24847, 5, 5 
13321, 5, 5 
2209, 5, 5 
45111, 5, 5 
24559, 5, 5 
37004, 5, 5 
30278, 5, 5 
13040, 5, 5 
38864, 5, 5 
57167, 5, 5 
21558, 5, 5 
20586, 5, 5 
56310, 5, 5 
38194, 5, 5 
28384, 5, 5 
5423, 5, 5 
24332, 5, 5 
28172, 5, 5 
36405, 5, 5 
48615, 5, 5 
41938, 5, 5 
191, 5, 5 
8307, 5, 5 
32322, 5, 5 
14854, 5, 5 
40088, 5, 5 
16242, 5, 5 
45390, 5, 5 
26066, 5, 5 
56732, 5, 5 
49025, 5, 5 
3025, 5, 5 
54566, 5, 5 
39400, 5, 5 
47889, 5, 5 
52491, 5, 5 
5456, 5, 5 
22565, 5, 5 
9947, 5, 5 
10877, 5, 5 
4177, 5, 5 
13532, 5, 5 
50383, 5, 5 
37820, 5, 5 
39574, 5, 5 
42431, 5, 5 
24310, 5, 5 
58365, 5, 5 
53000, 5, 5 
48134, 5, 5 
52399, 5, 5 
39940, 5, 5 
36750, 5, 5 
24792, 5, 5 
19175, 5, 5 
31496, 5, 5 
12097, 5, 5 
14867, 5, 5 
1577, 5, 5 
3335, 6, 6 
28177, 6, 6 
26931, 6, 6 
33615, 6, 6 
40349, 6, 6 
49296, 6, 6 
19532, 6, 6 
1257, 6, 6 
6509, 6, 6 
15317, 6, 6 
9926, 6, 6 
43800, 6, 6 
12423, 6, 6 
40533, 6, 6 
58157, 6, 6 
29644, 6, 6 
52749, 6, 6 
2249, 6, 6 
52461, 6, 6 
52598, 6, 6 
19135, 6, 6 
24392, 6, 6 
30230, 6, 6 
29350, 6, 6 
14801, 6, 6 
6721, 6, 6 
10383, 6, 6 
7562, 6, 6 
57783, 6, 6 
39019, 6, 6 
21755, 6, 6 
37475, 6, 6 
43095, 6, 6 
16550, 6, 6 
55660, 6, 6 
35184, 6, 6 
41142, 6, 6 
20782, 6, 6 
4232, 6, 6 
22758, 6, 6 
42162, 6, 6 
10475, 6, 6 
58798, 6, 6 
45846, 6, 6 
57994, 6, 6 
38185, 6, 6 
23780, 6, 6 
42075, 6, 6 
18125, 6, 6 
30025, 6, 6 
45090, 6, 6 
28975, 6, 6 
43437, 6, 6 
7163, 6, 6 
50118, 6, 6 
50781, 6, 6 
34529, 6, 6 
39098, 6, 6 
1202, 6, 6 
14377, 6, 6 
16207, 6, 6 
17397, 6, 6 
33341, 6, 6 
48649, 6, 6 
17023, 6, 6 
49970, 6, 6 
7715, 6, 6 
25047, 6, 6 
54699, 6, 6 
59442, 6, 6 
58669, 6, 6 
1303, 6, 6 
39727, 6, 6 
24785, 6, 6 
18403, 6, 6 
31646, 6, 6 
39292, 6, 6 
58404, 6, 6 
16666, 6, 6 
59744, 6, 6 
30139, 6, 6 
6024, 6, 6 
26958, 6, 6 
35377, 6, 6 
50159, 6, 6 
36049, 6, 6 
44941, 6, 6 
30421, 6, 6 
43995, 6, 6 
28497, 6, 6 
38352, 6, 6 
57297, 6, 6 
24905, 6, 6 
534, 6, 6 
431, 6, 6 
39226, 6, 6 
32345, 6, 6 
32118, 6, 6 
6670, 6, 6 
32841, 6, 6 
53215, 6, 6 
785, 6, 6 
52560, 6, 6 
32725, 6, 6 
14159, 6, 6 
30033, 6, 6 
32572, 6, 6 
15280, 6, 6 
10930, 6, 6 
38156, 6, 6 
6635, 6, 6 
48620, 6, 6 
8004, 6, 6 
45914, 6, 6 
6581, 6, 6 
24609, 6, 6 
27642, 6, 6 
41726, 6, 6 
42207, 6, 6 
39273, 6, 6 
15417, 6, 6 
21617, 6, 6 
47472, 6, 6 
44742, 6, 6 
22009, 6, 6 
30178, 6, 6 
8072, 6, 6 
41642, 6, 6 
4110, 6, 6 
4426, 6, 6 
38754, 6, 6 
759, 6, 6 
5766, 6, 6 
21195, 6, 6 
19329, 6, 6 
8149, 6, 6 
26498, 6, 6 
11277, 6, 6 
59986, 6, 6 
47269, 6, 6 
9517, 6, 6 
6548, 6, 6 
49626, 6, 6 
10557, 6, 6 
45558, 6, 6 
58714, 6, 6 
38895, 6, 6 
53230, 6, 6 
55372, 6, 6 
17164, 6, 6 
55166, 6, 6 
4778, 6, 6 
41201, 6, 6 
37228, 6, 6 
11787, 6, 6 
58554, 6, 6 
42937, 6, 6 
47018, 6, 6 
21185, 6, 6 
40105, 6, 6 
1779, 6, 6 
13772, 6, 6 
1844, 6, 6 
14256, 6, 6 
55638, 6, 6 
36561, 6, 6 
51690, 6, 6 
46390, 6, 6 
51406, 6, 6 
2486, 6, 6 
16102, 6, 6 
28898, 6, 6 
36308, 6, 6 
2480, 6, 6 
18275, 6, 6 
721, 6, 6 
47636, 6, 6 
58435, 6, 6 
18302, 6, 6 
12450, 6, 6 
794, 6, 6 
30856, 6, 6 
27240, 6, 6 
22145, 6, 6 
15797, 6, 6 
26372, 6, 6 
51031, 6, 6 
26321, 6, 6 
10344, 6, 6 
22775, 6, 6 
12919, 6, 6 
8290, 6, 6 
9921, 6, 6 
41688, 6, 6 
8683, 6, 6 
46441, 6, 6 
24576, 6, 6 
13709, 6, 6 
39385, 6, 6 
59257, 6, 6 
31714, 6, 6 
54124, 6, 6 
22190, 6, 6 
33102, 6, 6 
38925, 6, 6 
29149, 6, 6 
20245, 6, 6 
20122, 6, 6 
46482, 6, 6 
1980, 6, 6 
43586, 6, 6 
37993, 6, 6 
15951, 6, 6 
53198, 6, 6 
39626, 6, 6 
32242, 6, 6 
10190, 6, 6 
23593, 6, 6 
17382, 6, 6 
21268, 6, 6 
18525, 6, 6 
37121, 6, 6 
7815, 6, 6 
14400, 6, 6 
16160, 6, 6 
41047, 6, 6 
52194, 6, 6 
241, 6, 6 
48999, 6, 6 
5260, 6, 6 
33227, 6, 6 
17083, 6, 6 
32994, 6, 6 
5279, 6, 6 
55913, 6, 6 
21298, 6, 6 
23075, 6, 6 
9943, 6, 6 
58724, 6, 6 
42700, 6, 6 
28251, 6, 6 
27369, 6, 6 
12673, 6, 6 
58883, 6, 6 
49772, 6, 6 
42942, 6, 6 
49624, 6, 6 
34767, 6, 6 
55533, 6, 6 
6799, 6, 6 
21977, 6, 6 
6159, 6, 6 
8105, 6, 6 
3821, 6, 6 
58423, 6, 6 
56904, 6, 6 
38881, 6, 6 
29272, 6, 6 
21234, 6, 6 
11849, 6, 6 
15673, 6, 6 
22698, 6, 6 
12977, 6, 6 
45324, 6, 6 
47778, 6, 6 
23654, 6, 6 
20927, 6, 6 
31371, 6, 6 
47418, 6, 6 
23566, 6, 6 
8733, 6, 6 
3717, 6, 6 
55797, 6, 6 
506, 6, 6 
32922, 6, 6 
1136, 6, 6 
25999, 6, 6 
35297, 6, 6 
36523, 6, 6 
24774, 6, 6 
13167, 6, 6 
59801, 6, 6 
46359, 6, 6 
26601, 6, 6 
28287, 6, 6 
46109, 6, 6 
10298, 6, 6 
33513, 6, 6 
59448, 6, 6 
29020, 6, 6 
27303, 6, 6 
16847, 6, 6 
12393, 6, 6 
13349, 6, 6 
45634, 6, 6 
8638, 6, 6 
29997, 6, 6 
565, 6, 6 
41452, 6, 6 
51319, 6, 6 
7968, 6, 6 
21676, 6, 6 
56115, 6, 6 
106, 6, 6 
55820, 6, 6 
1318, 6, 6 
54462, 6, 6 
49173, 6, 6 
36067, 6, 6 
45593, 6, 6 
41477, 6, 6 
21605, 6, 6 
19503, 6, 6 
16998, 6, 6 
36220, 6, 6 
20317, 6, 6 
47954, 6, 6 
39577, 6, 6 
14658, 6, 6 
7434, 6, 6 
15401, 6, 6 
32633, 6, 6 
6486, 6, 6 
58869, 6, 6 
14889, 6, 6 
42409, 6, 6 
5654, 6, 6 
49526, 6, 6 
25579, 6, 6 
13809, 6, 6 
49036, 6, 6 
58488, 6, 6 
59035, 6, 6 
32739, 6, 6 
1957, 6, 6 
28400, 6, 6 
22258, 6, 6 
39506, 6, 6 
10089, 6, 6 
48839, 6, 6 
26039, 6, 6 
12541, 6, 6 
50890, 6, 6 
39188, 6, 6 
6102, 6, 6 
35664, 6, 6 
43589, 6, 6 
2320, 6, 6 
38334, 6, 6 
6338, 6, 6 
41344, 6, 6 
17176, 6, 6 
30312, 6, 6 
58166, 6, 6 
34220, 6, 6 
5879, 6, 6 
15384, 6, 6 
50823, 6, 6 
155, 6, 6 
54183, 6, 6 
51438, 6, 6 
57554, 6, 6 
18144, 6, 6 
19276, 6, 6 
12728, 6, 6 
23915, 6, 6 
29255, 6, 6 
29217, 6, 6 
51476, 6, 6 
38576, 6, 6 
49161, 6, 6 
8001, 6, 6 
32977, 6, 6 
48276, 6, 6 
55168, 6, 6 
37888, 6, 6 
3325, 6, 6 
52472, 6, 6 
46383, 6, 6 
43744, 6, 6 
47980, 6, 6 
55387, 6, 6 
5993, 6, 6 
33560, 6, 6 
33564, 6, 6 
30392, 6, 6 
40917, 6, 6 
53197, 6, 6 
38416, 6, 6 
33159, 6, 6 
35795, 6, 6 
38176, 6, 6 
1240, 6, 6 
53463, 6, 6 
40141, 6, 6 
9015, 6, 6 
37371, 6, 6 
58770, 6, 6 
737, 6, 6 
54113, 6, 6 
39887, 6, 6 
21912, 6, 6 
37194, 6, 6 
45107, 6, 6 
46715, 6, 6 
58041, 6, 6 
3136, 6, 6 
50076, 6, 6 
5837, 6, 6 
12613, 6, 6 
44602, 6, 6 
5179, 6, 6 
25068, 6, 6 
41690, 6, 6 
27491, 6, 6 
14129, 6, 6 
8057, 6, 6 
46521, 6, 6 
22277, 6, 6 
31268, 6, 6 
9785, 6, 6 
8532, 6, 6 
32969, 6, 6 
48283, 6, 6 
49827, 6, 6 
49977, 6, 6 
26530, 6, 6 
3774, 6, 6 
19984, 6, 6 
49448, 6, 6 
40433, 6, 6 
3089, 6, 6 
56677, 6, 6 
7342, 6, 6 
29460, 6, 6 
20291, 6, 6 
42151, 6, 6 
56195, 6, 6 
4587, 6, 6 
59673, 6, 6 
14101, 6, 6 
30024, 6, 6 
6975, 6, 6 
11490, 6, 6 
14344, 6, 6 
27268, 6, 6 
31924, 6, 6 
30857, 6, 6 
3097, 6, 6 
45409, 6, 6 
54086, 6, 6 
51525, 6, 6 
9659, 6, 6 
22789, 6, 6 
44735, 6, 6 
55725, 6, 6 
44843, 6, 6 
2898, 6, 6 
37998, 6, 6 
45309, 6, 6 
49765, 6, 6 
16346, 6, 6 
59578, 6, 6 
48152, 6, 6 
40771, 6, 6 
35917, 6, 6 
29891, 6, 6 
28733, 6, 6 
15500, 6, 6 
7991, 6, 6 
39, 6, 6 
32050, 6, 6 
10617, 6, 6 
25680, 6, 6 
4724, 6, 6 
49915, 6, 6 
36425, 6, 6 
51661, 6, 6 
21257, 6, 6 
2259, 6, 6 
45856, 6, 6 
36491, 6, 6 
7456, 6, 6 
21967, 6, 6 
37350, 6, 6 
36291, 6, 6 
15177, 6, 6 
59758, 6, 6 
13147, 6, 6 
53148, 6, 6 
16841, 6, 6 
21452, 6, 6 
41214, 6, 6 
31175, 6, 6 
14593, 6, 6 
973, 6, 6 
43673, 6, 6 
54933, 6, 6 
6562, 6, 6 
46205, 6, 6 
53852, 7, 7 
28775, 7, 7 
18609, 7, 7 
43427, 7, 7 
10517, 7, 7 
12018, 7, 7 
45446, 7, 7 
57344, 7, 7 
27667, 7, 7 
39399, 7, 7 
58725, 7, 7 
34941, 7, 7 
42036, 7, 7 
30359, 7, 7 
46697, 7, 7 
43408, 7, 7 
51802, 7, 7 
30153, 7, 7 
37999, 7, 7 
45014, 7, 7 
57609, 7, 7 
45637, 7, 7 
23442, 7, 7 
30462, 7, 7 
27406, 7, 7 
58383, 7, 7 
58624, 7, 7 
17974, 7, 7 
35636, 7, 7 
47061, 7, 7 
3915, 7, 7 
44787, 7, 7 
21572, 7, 7 
33271, 7, 7 
17340, 7, 7 
20301, 7, 7 
724, 7, 7 
34609, 7, 7 
46202, 7, 7 
9351, 7, 7 
41088, 7, 7 
16852, 7, 7 
48050, 7, 7 
41151, 7, 7 
38447, 7, 7 
18720, 7, 7 
58683, 7, 7 
16557, 7, 7 
56722, 7, 7 
48422, 7, 7 
14532, 7, 7 
22300, 7, 7 
58778, 7, 7 
8562, 7, 7 
39107, 7, 7 
55409, 7, 7 
49709, 7, 7 
23051, 7, 7 
15954, 7, 7 
5427, 7, 7 
36954, 7, 7 
20039, 7, 7 
19912, 7, 7 
50697, 7, 7 
38291, 7, 7 
9999, 7, 7 
43190, 7, 7 
4334, 7, 7 
44914, 7, 7 
32613, 7, 7 
13718, 7, 7 
37963, 7, 7 
24907, 7, 7 
53258, 7, 7 
4317, 7, 7 
1851, 7, 7 
31319, 7, 7 
55659, 7, 7 
31712, 7, 7 
26287, 7, 7 
21937, 7, 7 
41615, 7, 7 
40435, 7, 7 
33153, 7, 7 
4366, 7, 7 
10388, 7, 7 
42780, 7, 7 
47600, 7, 9 
2752, 7, 7 
11838, 7, 7 
15168, 7, 7 
44175, 7, 7 
47181, 7, 7 
48675, 7, 7 
15922, 7, 7 
14519, 7, 7 
4331, 7, 7 
20158, 7, 7 
23430, 7, 7 
14403, 7, 7 
59056, 7, 7 
11854, 7, 7 
5496, 7, 7 
15909, 7, 7 
59602, 7, 7 
23840, 7, 7 
59118, 7, 7 
40117, 7, 7 
22018, 7, 7 
43796, 7, 7 
3253, 7, 7 
17649, 7, 7 
31983, 7, 7 
40001, 7, 7 
2292, 7, 7 
25308, 7, 7 
47349, 7, 7 
57479, 7, 7 
16843, 7, 7 
13890, 7, 7 
24682, 7, 7 
57949, 7, 7 
34890, 7, 7 
17830, 7, 7 
3731, 7, 7 
42733, 7, 7 
4680, 7, 7 
20105, 7, 7 
44470, 7, 7 
11350, 7, 7 
13382, 7, 7 
3283, 7, 7 
16419, 7, 7 
50371, 7, 7 
28624, 7, 7 
45626, 7, 7 
38921, 7, 7 
56439, 7, 7 
8364, 7, 7 
19635, 7, 7 
55934, 7, 7 
55735, 7, 7 
41496, 7, 7 
27542, 7, 7 
22497, 7, 7 
30190, 7, 7 
35382, 7, 7 
23271, 7, 7 
6590, 7, 7 
18161, 7, 7 
8571, 7, 7 
48298, 7, 7 
15081, 7, 7 
38920, 7, 7 
8572, 7, 7 
39729, 7, 7 
12208, 7, 7 
50359, 7, 7 
6587, 7, 7 
26354, 7, 7 
24254, 7, 7 
31073, 7, 7 
6176, 7, 7 
23932, 7, 7 
33395, 7, 7 
34200, 7, 7 
12863, 7, 7 
6280, 7, 7 
45548, 7, 7 
23127, 7, 7 
56729, 7, 7 
44139, 7, 7 
55041, 7, 7 
45533, 7, 7 
24044, 7, 7 
16949, 7, 7 
36340, 7, 7 
30109, 7, 7 
45200, 7, 7 
57556, 7, 7 
32896, 7, 7 
2229, 7, 7 
28632, 7, 7 
40524, 7, 7 
59977, 7, 7 
37684, 7, 7 
8138, 7, 7 
42146, 7, 7 
14871, 7, 7 
45257, 7, 7 
16615, 7, 7 
41310, 7, 7 
44972, 7, 7 
10510, 7, 7 
21396, 7, 7 
7173, 7, 7 
20977, 7, 7 
14850, 7, 7 
31690, 7, 7 
53483, 7, 7 
786, 7, 7 
54453, 7, 7 
2380, 7, 7 
28661, 7, 7 
57828, 7, 7 
18910, 7, 7 
25597, 7, 7 
3692, 7, 7 
6475, 7, 7 
26579, 7, 7 
54678, 7, 7 
32294, 7, 7 
41236, 7, 7 
25095, 7, 7 
34914, 7, 7 
15172, 7, 7 
7388, 7, 7 
30917, 7, 7 
40143, 7, 7 
56694, 7, 7 
371, 7, 7 
42646, 7, 7 
54696, 7, 7 
18449, 7, 7 
1564, 7, 7 
53986, 7, 7 
9955, 7, 7 
34278, 7, 7 
50721, 7, 7 
25370, 7, 7 
17532, 7, 7 
53510, 7, 7 
54882, 7, 7 
52803, 7, 7 
41002, 7, 7 
51752, 7, 7 
45571, 7, 7 
37348, 7, 7 
26041, 7, 7 
48691, 7, 7 
936, 7, 7 
53242, 7, 7 
38015, 7, 7 
35855, 7, 7 
23609, 7, 7 
17497, 7, 7 
31713, 7, 7 
39586, 7, 7 
51141, 7, 7 
28926, 7, 7 
14601, 7, 7 
19370, 7, 7 
51558, 7, 7 
11088, 7, 7 
10315, 7, 7 
47666, 7, 7 
46641, 7, 7 
7210, 7, 7 
4794, 7, 7 
4385, 7, 7 
16197, 7, 7 
50380, 7, 7 
56521, 7, 7 
51282, 7, 7 
3324, 7, 7 
40243, 7, 7 
32289, 7, 7 
25439, 7, 7 
58167, 7, 7 
9086, 7, 7 
4726, 7, 7 
29376, 7, 7 
39014, 7, 7 
18706, 7, 7 
5014, 7, 7 
14395, 7, 7 
13534, 7, 7 
45081, 7, 7 
3236, 7, 7 
22005, 7, 7 
46605, 7, 7 
15319, 7, 7 
49385, 7, 7 
53725, 7, 7 
640, 7, 7 
39826, 7, 7 
22826, 7, 7 
59524, 7, 7 
20466, 7, 7 
22131, 7, 7 
11407, 7, 7 
24565, 7, 7 
54721, 7, 7 
41958, 7, 7 
19193, 7, 7 
55603, 7, 7 
52321, 7, 7 
19221, 7, 7 
20605, 7, 7 
43401, 7, 7 
53291, 7, 7 
32004, 7, 7 
40891, 7, 7 
14581, 7, 7 
4353, 7, 7 
56924, 7, 7 
49933, 7, 7 
324, 7, 7 
50681, 7, 7 
12668, 7, 7 
49330, 7, 7 
13479, 7, 7 
32945, 7, 7 
59172, 7, 7 
13834, 7, 7 
50792, 7, 7 
55167, 7, 7 
29282, 7, 7 
51941, 7, 7 
40795, 7, 7 
59513, 7, 7 
47879, 7, 7 
47364, 7, 7 
55945, 7, 7 
24994, 7, 7 
44610, 7, 7 
58959, 7, 7 
54561, 7, 7 
39056, 7, 7 
53183, 7, 7 
55374, 7, 7 
38389, 7, 7 
37706, 7, 7 
45159, 7, 7 
58393, 7, 7 
22950, 7, 7 
13255, 7, 7 
971, 7, 7 
44832, 7, 7 
33423, 7, 7 
52217, 7, 7 
50627, 7, 7 
57646, 7, 7 
32364, 7, 7 
53213, 7, 7 
27166, 7, 7 
52216, 7, 7 
3788, 7, 7 
5280, 7, 7 
59894, 7, 7 
38557, 7, 7 
46351, 7, 7 
3442, 7, 7 
33995, 7, 7 
11349, 7, 7 
28443, 7, 7 
47504, 7, 7 
4298, 7, 7 
39517, 7, 7 
10160, 7, 7 
47453, 7, 7 
41650, 7, 7 
12751, 7, 7 
9657, 7, 7 
13337, 7, 7 
34307, 7, 7 
43840, 7, 7 
4273, 7, 7 
50129, 7, 7 
50443, 7, 7 
44940, 7, 7 
50878, 7, 7 
36472, 7, 7 
41174, 7, 7 
45691, 7, 7 
37556, 7, 7 
6140, 7, 7 
26894, 7, 7 
40211, 7, 7 
40730, 7, 7 
47793, 7, 7 
34899, 7, 7 
26549, 7, 7 
44311, 7, 7 
19809, 7, 7 
35781, 7, 7 
20600, 7, 7 
53836, 7, 7 
24207, 7, 7 
46964, 7, 7 
45258, 7, 7 
43707, 7, 7 
59323, 7, 7 
57546, 7, 7 
15531, 7, 7 
59925, 7, 7 
52991, 7, 7 
17687, 7, 7 
46819, 7, 7 
7197, 7, 7 
50743, 7, 7 
24064, 7, 7 
20582, 7, 7 
4338, 7, 7 
17278, 7, 7 
41891, 7, 7 
17261, 7, 7 
50536, 7, 7 
7113, 7, 7 
27292, 7, 7 
51043, 7, 7 
43222, 7, 7 
42281, 7, 7 
13819, 7, 7 
36302, 7, 7 
9283, 7, 7 
55448, 7, 7 
33681, 7, 7 
18494, 7, 7 
11907, 7, 7 
27254, 7, 7 
7099, 7, 7 
13810, 7, 7 
24882, 7, 7 
38556, 7, 7 
26010, 7, 7 
47633, 7, 7 
5663, 7, 7 
59710, 7, 7 
30990, 7, 7 
12537, 7, 7 
42619, 7, 7 
8718, 7, 7 
31291, 7, 7 
33651, 7, 7 
2173, 7, 7 
40216, 7, 7 
55266, 7, 7 
32957, 7, 7 
52524, 7, 7 
54632, 7, 7 
10986, 7, 7 
51859, 7, 7 
51583, 7, 7 
35223, 7, 7 
44757, 7, 7 
36139, 7, 7 
9519, 7, 7 
53210, 7, 7 
12730, 7, 7 
54256, 7, 7 
8804, 7, 7 
30245, 7, 7 
22921, 7, 7 
57188, 7, 7 
30599, 7, 7 
25649, 7, 7 
54148, 7, 7 
43143, 7, 7 
32604, 7, 7 
59468, 7, 7 
55446, 7, 7 
28417, 7, 7 
37055, 7, 7 
9223, 7, 7 
55724, 7, 7 
9747, 7, 7 
4164, 7, 7 
50438, 7, 7 
22790, 7, 7 
54681, 7, 7 
21624, 7, 7 
57465, 7, 7 
44566, 7, 7 
50488, 7, 7 
908, 7, 7 
43584, 7, 7 
8182, 7, 7 
10086, 7, 7 
47849, 7, 7 
58342, 7, 7 
27709, 7, 7 
18333, 7, 7 
52750, 7, 7 
25615, 7, 7 
12841, 7, 7 
40344, 7, 7 
33504, 7, 7 
27912, 7, 7 
57376, 7, 7 
37871, 7, 7 
49958, 7, 7 
46076, 7, 7 
11400, 7, 7 
39013, 7, 7 
43798, 7, 7 
47988, 7, 7 
41779, 7, 7 
599, 7, 7 
30307, 7, 7 
8432, 8, 8 
54684, 8, 8 
56636, 8, 8 
8889, 8, 8 
54341, 8, 8 
37704, 8, 2 
58615, 8, 8 
6508, 8, 8 
47328, 8, 8 
32011, 8, 8 
29303, 8, 8 
5670, 8, 8 
43201, 8, 8 
29979, 8, 8 
43250, 8, 8 
8371, 8, 8 
3353, 8, 8 
13632, 8, 8 
49525, 8, 8 
13118, 8, 8 
31087, 8, 8 
19351, 8, 8 
38858, 8, 8 
38489, 8, 8 
11457, 8, 8 
49095, 8, 8 
38351, 8, 8 
42051, 8, 8 
4727, 8, 8 
52862, 8, 8 
20774, 8, 8 
50097, 8, 8 
34785, 8, 8 
45673, 8, 8 
3986, 8, 8 
25870, 8, 8 
37312, 8, 8 
11142, 8, 8 
39395, 8, 8 
30510, 8, 8 
42208, 8, 8 
33151, 8, 8 
32596, 8, 8 
3003, 8, 8 
53155, 8, 8 
13346, 8, 8 
49238, 8, 8 
35928, 8, 8 
49522, 8, 8 
50442, 8, 8 
35088, 8, 8 
56716, 8, 8 
49276, 8, 8 
35706, 8, 8 
56039, 8, 8 
45223, 8, 8 
24691, 8, 8 
10359, 8, 8 
34804, 8, 8 
5557, 8, 8 
29780, 8, 8 
37755, 8, 8 
25968, 8, 8 
2384, 8, 8 
32919, 8, 8 
23161, 8, 8 
32806, 8, 8 
25207, 8, 8 
42615, 8, 8 
18642, 8, 8 
7329, 8, 8 
38742, 8, 8 
12198, 8, 8 
3279, 8, 8 
50306, 8, 8 
56872, 8, 8 
46756, 8, 8 
49572, 8, 8 
22773, 8, 8 
21863, 8, 8 
8197, 8, 8 
52567, 8, 8 
49803, 8, 8 
19931, 8, 8 
34872, 8, 8 
5034, 8, 8 
18109, 8, 8 
31985, 8, 8 
32936, 8, 8 
38987, 8, 8 
9008, 8, 8 
5430, 8, 8 
5050, 8, 8 
36627, 8, 8 
8732, 8, 8 
32516, 8, 8 
17361, 8, 8 
58446, 8, 8 
10064, 8, 8 
22141, 8, 8 
57121, 8, 8 
20198, 8, 8 
59909, 8, 8 
25365, 8, 8 
25988, 8, 8 
9345, 8, 8 
55284, 8, 8 
46508, 8, 8 
46395, 8, 8 
575, 8, 8 
42006, 8, 8 
30418, 8, 8 
40928, 8, 8 
51414, 8, 8 
24101, 8, 8 
33193, 8, 8 
57736, 8, 8 
18795, 8, 8 
25545, 8, 8 
24134, 8, 8 
3407, 8, 8 
32404, 8, 8 
2231, 8, 8 
35471, 8, 8 
41130, 8, 8 
25388, 8, 8 
56628, 8, 8 
9805, 8, 8 
57767, 8, 8 
14772, 8, 8 
51615, 8, 8 
14008, 8, 4 
7101, 8, 8 
13620, 8, 8 
3014, 8, 8 
58178, 8, 8 
30806, 8, 8 
11761, 8, 8 
14690, 8, 8 
13559, 8, 8 
44507, 8, 8 
53186, 8, 8 
46998, 8, 8 
20771, 8, 8 
19716, 8, 8 
54889, 8, 8 
16277, 8, 8 
18150, 8, 8 
23437, 8, 8 
7190, 8, 8 
44241, 8, 8 
40016, 8, 8 
37078, 8, 8 
29162, 8, 8 
34842, 8, 8 
43945, 8, 8 
36429, 8, 8 
14013, 8, 8 
56082, 8, 1 
56430, 8, 8 
58508, 8, 8 
51933, 8, 8 
24167, 8, 8 
46827, 8, 8 
58358, 8, 8 
24187, 8, 8 
18353, 8, 8 
18811, 8, 8 
39602, 8, 8 
42365, 8, 8 
48280, 8, 8 
45647, 8, 8 
57447, 8, 8 
52808, 8, 8 
44087, 8, 8 
17362, 8, 8 
10901, 8, 8 
27579, 8, 8 
36820, 8, 8 
54701, 8, 8 
44173, 8, 8 
740, 8, 8 
15739, 8, 8 
29596, 8, 8 
3144, 8, 8 
10572, 8, 8 
54505, 8, 8 
26138, 8, 8 
37456, 8, 8 
30116, 8, 8 
42778, 8, 8 
29945, 8, 8 
18466, 8, 8 
14003, 8, 8 
59361, 8, 8 
47926, 8, 8 
4814, 8, 8 
4860, 8, 8 
55578, 8, 8 
39094, 8, 8 
21177, 8, 8 
43559, 8, 8 
628, 8, 8 
18902, 8, 8 
58543, 8, 8 
29589, 8, 8 
26153, 8, 8 
12255, 8, 8 
52241, 8, 8 
11717, 8, 8 
46034, 8, 8 
33678, 8, 8 
38069, 8, 8 
17889, 8, 8 
16486, 8, 8 
28902, 8, 8 
16135, 8, 8 
33059, 8, 7 
37299, 8, 8 
54569, 8, 8 
35776, 8, 8 
12282, 8, 8 
45199, 8, 8 
32770, 8, 8 
28779, 8, 8 
49756, 8, 8 
14304, 8, 8 
50394, 8, 8 
22760, 8, 8 
29422, 8, 8 
12522, 8, 8 
21926, 8, 8 
4909, 8, 8 
59447, 8, 8 
46758, 8, 8 
53640, 8, 8 
3148, 8, 8 
14779, 8, 8 
59729, 8, 8 
46099, 8, 8 
37129, 8, 8 
52699, 8, 8 
10041, 8, 8 
42540, 8, 8 
49887, 8, 8 
11383, 8, 8 
8181, 8, 8 
4848, 8, 8 
39242, 8, 8 
44289, 8, 8 
58011, 8, 8 
25012, 8, 8 
7763, 8, 8 
30775, 8, 8 
47888, 8, 8 
47283, 8, 8 
10797, 8, 8 
27278, 8, 8 
19932, 8, 8 
40856, 8, 8 
57411, 8, 8 
57450, 8, 8 
47765, 8, 8 
4305, 8, 8 
23163, 8, 8 
17027, 8, 8 
2842, 8, 8 
17924, 8, 8 
58748, 8, 8 
43342, 8, 8 
13960, 8, 8 
27323, 8, 8 
47144, 8, 8 
34313, 8, 8 
19603, 8, 8 
17179, 8, 8 
11176, 8, 8 
44272, 8, 8 
13795, 8, 8 
21312, 8, 8 
50873, 8, 8 
34738, 8, 8 
46738, 8, 8 
8067, 8, 8 
9861, 8, 8 
1045, 8, 8 
7856, 8, 8 
20372, 8, 8 
34819, 8, 8 
51391, 8, 8 
53150, 8, 8 
49051, 8, 8 
43194, 8, 8 
37885, 8, 8 
33883, 8, 8 
21569, 8, 8 
5476, 8, 8 
20639, 8, 8 
42987, 8, 8 
53848, 8, 8 
2382, 8, 8 
1475, 8, 8 
56250, 8, 8 
32717, 8, 8 
3482, 8, 8 
5248, 8, 8 
16893, 8, 8 
15333, 8, 8 
28999, 8, 8 
54178, 8, 8 
3976, 8, 8 
53580, 8, 8 
37735, 8, 8 
48206, 8, 8 
16440, 8, 8 
19889, 8, 8 
53648, 8, 8 
41992, 8, 8 
34678, 8, 8 
41901, 8, 8 
42473, 8, 8 
36478, 8, 8 
16750, 8, 8 
23400, 8, 8 
42662, 8, 8 
30581, 8, 8 
11146, 8, 8 
20618, 8, 8 
41712, 8, 8 
50597, 8, 8 
42988, 8, 8 
44624, 8, 8 
4691, 8, 8 
6994, 8, 8 
53721, 8, 8 
29381, 8, 8 
55959, 8, 8 
37344, 8, 8 
23440, 8, 8 
54423, 8, 8 
23456, 8, 8 
32073, 8, 8 
50548, 8, 8 
7042, 8, 8 
9944, 8, 8 
19763, 8, 8 
7141, 8, 8 
59072, 8, 8 
1329, 8, 8 
33664, 8, 8 
24065, 8, 8 
11258, 8, 8 
2685, 8, 8 
52091, 8, 8 
40875, 8, 8 
4348, 8, 8 
15879, 8, 8 
43515, 8, 8 
55650, 8, 8 
53782, 8, 8 
3420, 8, 8 
49487, 8, 8 
15956, 8, 8 
46657, 8, 8 
50711, 8, 8 
49279, 8, 8 
20535, 8, 8 
28664, 8, 8 
17128, 8, 8 
11613, 8, 8 
56378, 8, 8 
15502, 8, 8 
58709, 8, 8 
52469, 8, 8 
8285, 8, 8 
27399, 8, 8 
42107, 8, 8 
21457, 8, 8 
54217, 8, 8 
17760, 8, 8 
43848, 8, 8 
925, 8, 8 
57324, 8, 8 
18714, 8, 8 
11067, 8, 8 
9936, 8, 8 
51861, 8, 8 
50860, 8, 8 
2927, 8, 8 
47315, 8, 8 
59663, 8, 8 
17784, 8, 8 
11880, 8, 8 
30559, 8, 8 
30994, 8, 8 
45317, 8, 8 
5009, 8, 8 
9956, 8, 8 
9789, 8, 8 
25132, 8, 8 
25587, 8, 8 
53913, 8, 8 
7586, 8, 8 
34554, 8, 8 
50258, 8, 8 
15289, 8, 8 
10490, 8, 8 
10444, 8, 8 
2002, 8, 8 
3446, 8, 8 
52884, 8, 8 
56235, 8, 8 
37695, 8, 8 
53445, 8, 8 
30985, 8, 8 
3807, 8, 8 
31630, 8, 8 
56523, 8, 8 
3501, 8, 8 
26936, 8, 8 
15408, 8, 8 
15501, 8, 8 
29777, 8, 8 
35788, 8, 8 
31881, 8, 8 
23833, 8, 8 
12963, 8, 8 
6924, 8, 8 
34312, 8, 8 
16637, 8, 8 
53701, 8, 8 
44597, 8, 8 
14020, 8, 8 
13793, 8, 8 
56952, 8, 8 
13017, 8, 8 
38067, 8, 8 
4176, 8, 8 
42079, 8, 8 
54407, 8, 8 
41231, 8, 8 
24578, 8, 8 
33323, 8, 8 
1105, 8, 8 
29145, 8, 8 
39575, 8, 8 
59049, 8, 8 
6006, 8, 8 
32400, 8, 8 
23680, 8, 8 
1519, 8, 8 
28623, 8, 8 
14733, 8, 8 
8118, 8, 8 
20511, 8, 8 
10596, 8, 8 
22745, 8, 8 
19224, 8, 8 
14626, 8, 8 
48559, 8, 8 
41180, 8, 8 
41396, 8, 8 
36681, 8, 8 
18574, 8, 8 
3872, 8, 8 
38434, 8, 8 
39191, 8, 8 
16044, 8, 9 
59666, 8, 8 
24587, 8, 8 
41046, 8, 8 
40031, 8, 8 
19043, 8, 8 
28023, 8, 8 
4391, 8, 8 
27964, 8, 8 
32206, 8, 8 
32285, 8, 8 
47886, 8, 8 
32641, 8, 8 
10197, 8, 8 
26701, 8, 8 
45298, 8, 8 
54437, 8, 8 
31611, 8, 8 
30862, 8, 8 
12633, 8, 8 
29198, 8, 8 
32607, 8, 8 
47675, 8, 8 
50198, 8, 8 
31355, 8, 8 
39187, 8, 8 
49165, 8, 8 
32103, 8, 8 
2987, 8, 8 
16688, 8, 8 
7218, 8, 8 
31781, 8, 8 
52523, 8, 8 
58407, 9, 9 
6886, 9, 9 
15253, 9, 9 
43310, 9, 9 
806, 9, 9 
14842, 9, 9 
36886, 9, 9 
12674, 9, 9 
25371, 9, 9 
20228, 9, 9 
19477, 9, 9 
11245, 9, 9 
35475, 9, 9 
36186, 9, 9 
38809, 9, 9 
6301, 9, 9 
1147, 9, 9 
16185, 9, 9 
55333, 9, 9 
44001, 9, 9 
22959, 9, 9 
2284, 9, 9 
53438, 9, 9 
53142, 9, 9 
14627, 9, 9 
57638, 9, 9 
8059, 9, 9 
15195, 9, 9 
9119, 9, 9 
46336, 9, 9 
33126, 9, 9 
41177, 9, 9 
46609, 9, 9 
22359, 9, 9 
28911, 9, 9 
58348, 9, 9 
40235, 9, 9 
14289, 9, 9 
44450, 9, 9 
50414, 9, 9 
31624, 9, 9 
10361, 9, 9 
17737, 9, 9 
9372, 9, 9 
29778, 9, 9 
45869, 9, 9 
37306, 9, 9 
14915, 9, 9 
48297, 9, 9 
43888, 9, 9 
13130, 9, 9 
9448, 9, 9 
44926, 9, 9 
54026, 9, 9 
37867, 9, 9 
28838, 9, 9 
47894, 9, 9 
45775, 9, 9 
6641, 9, 9 
5454, 9, 9 
17152, 9, 9 
46839, 9, 9 
57452, 9, 9 
5943, 9, 9 
12840, 9, 9 
49371, 9, 9 
40269, 9, 9 
8608, 9, 9 
22824, 9, 9 
3084, 9, 9 
13428, 9, 9 
18859, 9, 9 
49495, 9, 9 
15654, 9, 9 
34801, 9, 9 
5501, 9, 9 
8492, 9, 9 
12131, 9, 9 
56753, 9, 9 
17081, 9, 9 
19403, 9, 9 
1720, 9, 9 
55313, 9, 9 
43499, 9, 9 
49121, 9, 7 
16451, 9, 9 
29821, 9, 9 
51472, 9, 9 
50209, 9, 9 
22447, 9, 9 
56237, 9, 9 
46071, 9, 9 
8487, 9, 9 
21162, 9, 9 
14716, 9, 9 
27237, 9, 9 
28416, 9, 9 
52553, 9, 9 
13034, 9, 9 
16250, 9, 9 
59829, 9, 9 
58562, 9, 9 
55978, 9, 9 
32959, 9, 9 
10043, 9, 9 
2793, 9, 9 
13209, 9, 9 
32706, 9, 9 
50537, 9, 9 
43425, 9, 9 
58332, 9, 9 
47762, 9, 9 
6010, 9, 9 
3987, 9, 9 
39472, 9, 9 
33948, 9, 9 
58054, 9, 9 
50798, 9, 9 
39179, 9, 9 
14886, 9, 9 
36349, 9, 9 
13326, 9, 9 
2351, 9, 9 
36521, 9, 9 
7264, 9, 9 
9708, 9, 9 
34052, 9, 9 
30498, 9, 9 
12006, 9, 9 
10023, 9, 9 
32331, 9, 9 
13191, 9, 9 
37688, 9, 9 
59341, 9, 9 
7742, 9, 9 
5130, 9, 9 
42815, 9, 9 
54222, 9, 9 
58608, 9, 9 
471, 9, 9 
43419, 9, 9 
3359, 9, 9 
482, 9, 9 
56323, 9, 9 
42879, 9, 9 
38493, 9, 9 
28288, 9, 9 
49039, 9, 9 
45944, 9, 9 
34892, 9, 9 
54312, 9, 9 
19113, 9, 9 
932, 9, 9 
47456, 9, 9 
44592, 9, 9 
6382, 9, 9 
7053, 9, 9 
55401, 9, 9 
35368, 9, 9 
48205, 9, 9 
1103, 9, 9 
5185, 9, 9 
7936, 9, 9 
6813, 9, 9 
40854, 9, 9 
34066, 9, 9 
26921, 9, 9 
13362, 9, 9 
34377, 9, 9 
3277, 9, 9 
31653, 9, 9 
4124, 9, 9 
51168, 9, 9 
43825, 9, 9 
56178, 9, 9 
28538, 9, 9 
59184, 9, 9 
11628, 9, 9 
21827, 9, 9 
10721, 9, 9 
34335, 9, 9 
40341, 9, 9 
33380, 9, 9 
49383, 9, 9 
12248, 9, 9 
52714, 9, 9 
58372, 9, 9 
46477, 9, 9 
48257, 9, 9 
14895, 9, 9 
31697, 9, 9 
27334, 9, 9 
48255, 9, 9 
45415, 9, 9 
56304, 9, 9 
49219, 9, 9 
35421, 9, 9 
23950, 9, 9 
23732, 9, 9 
35464, 9, 9 
44863, 9, 9 
38969, 9, 9 
20644, 9, 9 
55792, 9, 3 
27566, 9, 9 
51757, 9, 9 
6969, 9, 9 
42524, 9, 9 
51140, 9, 9 
17831, 9, 9 
28737, 9, 9 
57895, 9, 9 
46423, 9, 9 
35330, 9, 9 
35877, 9, 9 
55009, 9, 9 
30782, 9, 9 
34790, 9, 9 
59458, 9, 9 
28713, 9, 9 
28960, 9, 9 
6051, 9, 9 
58499, 9, 9 
313, 9, 9 
15128, 9, 9 
43611, 9, 9 
14493, 9, 9 
39192, 9, 9 
24482, 9, 9 
22795, 9, 9 
36035, 9, 9 
17824, 9, 9 
45700, 9, 9 
58242, 9, 9 
23772, 9, 9 
44776, 9, 9 
28005, 9, 9 
57294, 9, 9 
49261, 9, 9 
27732, 9, 9 
6263, 9, 9 
49730, 9, 9 
39501, 9, 9 
10970, 9, 9 
51981, 9, 9 
29406, 9, 9 
29822, 9, 9 
40063, 9, 9 
32356, 9, 9 
16522, 9, 9 
14547, 9, 9 
26806, 9, 9 
49226, 9, 9 
31041, 9, 9 
45461, 9, 9 
8592, 9, 9 
35556, 9, 9 
1912, 9, 9 
39331, 9, 9 
10341, 9, 9 
6345, 9, 9 
11773, 9, 9 
20360, 9, 9 
30096, 9, 9 
49925, 9, 9 
34544, 9, 9 
36319, 9, 9 
29234, 9, 9 
31299, 9, 9 
30204, 9, 9 
55612, 9, 9 
14504, 9, 9 
44946, 9, 9 
10810, 9, 9 
5558, 9, 9 
56684, 9, 9 
59518, 9, 9 
1250, 9, 9 
22263, 9, 9 
37247, 9, 9 
35065, 9, 9 
3506, 9, 9 
31018, 9, 9 
7774, 9, 9 
36194, 9, 9 
27440, 9, 9 
47427, 9, 9 
19244, 9, 9 
1005, 9, 9 
24775, 9, 9 
37637, 9, 9 
22078, 9, 9 
43094, 9, 9 
9290, 9, 9 
34603, 9, 9 
8165, 9, 9 
58699, 9, 9 
11464, 9, 9 
1560, 9, 9 
26586, 9, 9 
56760, 9, 9 
1748, 9, 9 
3090, 9, 9 
6383, 9, 9 
40174, 9, 9 
16280, 9, 9 
22081, 9, 9 
29868, 9, 9 
32732, 9, 9 
2331, 9, 9 
28676, 9, 9 
51281, 9, 9 
44097, 9, 9 
35189, 9, 9 
19146, 9, 9 
42516, 9, 9 
58859, 9, 9 
50698, 9, 9 
25821, 9, 9 
23519, 9, 9 
26748, 9, 4 
6074, 9, 9 
43000, 9, 9 
20567, 9, 9 
54251, 9, 9 
3292, 9, 9 
33308, 9, 9 
59111, 9, 9 
8416, 9, 9 
27007, 9, 9 
27904, 9, 9 
42802, 9, 9 
35724, 9, 9 
20421, 9, 9 
36497, 9, 9 
29536, 9, 9 
37400, 9, 9 
58245, 9, 9 
26226, 9, 9 
39229, 9, 9 
49489, 9, 9 
45065, 9, 9 
9889, 9, 9 
49451, 9, 9 
7947, 9, 9 
56270, 9, 9 
41791, 9, 9 
55834, 9, 9 
36920, 9, 9 
827, 9, 9 
13028, 9, 9 
14358, 9, 9 
20778, 9, 9 
14459, 9, 9 
54170, 9, 9 
19933, 9, 9 
44469, 9, 9 
17692, 9, 9 
53752, 9, 9 
56317, 9, 9 
10772, 9, 9 
2465, 9, 9 
46885, 9, 9 
56341, 9, 9 
47885, 9, 9 
29170, 9, 9 
16801, 9, 9 
22523, 9, 9 
19778, 9, 9 
31809, 9, 9 
52506, 9, 9 
13456, 9, 9 
49599, 9, 9 
12179, 9, 9 
19748, 9, 9 
42500, 9, 9 
11223, 9, 9 
35016, 9, 9 
30296, 9, 9 
35085, 9, 9 
33806, 9, 9 
23638, 9, 9 
27679, 9, 9 
40984, 9, 9 
36196, 9, 9 
12708, 9, 9 
22915, 9, 9 
38006, 9, 9 
38153, 9, 9 
887, 9, 9 
21969, 9, 9 
12563, 9, 9 
26430, 9, 9 
21145, 9, 9 
36988, 9, 9 
18241, 9, 9 
42124, 9, 9 
3594, 9, 9 
1733, 9, 9 
29475, 9, 9 
26870, 9, 9 
23555, 9, 9 
14294, 9, 9 
23170, 9, 9 
55633, 9, 9 
58898, 9, 9 
57333, 9, 9 
9118, 9, 9 
33472, 9, 9 
29292, 9, 9 
35715, 9, 9 
54738, 9, 9 
39642, 9, 9 
54369, 9, 9 
17398, 9, 9 
34786, 9, 9 
20513, 9, 9 
10232, 9, 9 
1950, 9, 9 
33300, 9, 9 
20254, 9, 9 
33147, 9, 9 
23738, 9, 9 
11485, 9, 9 
51843, 9, 9 
8308, 9, 9 
37651, 9, 9 
47664, 9, 9 
35786, 9, 9 
47637, 9, 9 
25212, 9, 9 
48548, 9, 9 
7180, 9, 9 
11212, 9, 9 
49007, 9, 9 
30696, 9, 9 
6306, 9, 9 
32403, 9, 9 
4350, 9, 9 
8321, 9, 9 
3355, 9, 9 
37757, 9, 9 
49836, 9, 9 
43565, 9, 9 
4032, 9, 9 
16147, 9, 9 
10381, 9, 9 
12277, 9, 9 
43358, 9, 9 
4025, 9, 9 
13308, 9, 9 
46263, 9, 9 
29996, 9, 9 
36481, 9, 9 
29261, 9, 9 
12570, 9, 9 
34306, 9, 9 
34123, 9, 9 
32648, 9, 9 
57295, 9, 9 
27654, 9, 9 
50349, 9, 9 
20864, 9, 9 
56607, 9, 9 
32759, 9, 9 
31986, 9, 9 
34665, 9, 9 
44351, 9, 9 
2697, 9, 9 
5523, 9, 9 
31244, 9, 9 
23864, 9, 9 
56271, 9, 9 
12059, 9, 9 
49468, 9, 9 
37115, 9, 9 
30845, 9, 9 
52340, 9, 9 
1623, 9, 9 
53265, 9, 9 
14647, 9, 9 
20241, 9, 9 
40283, 9, 9 
41583, 9, 9 
38673, 9, 9 
22678, 9, 9 
35641, 9, 9 
46762, 9, 9 
32260, 9, 9 
162, 9, 9 
22321, 9, 9 
20826, 9, 9 
49747, 9, 9 
22875, 9, 9 
15858, 9, 9 
9128, 9, 9 
47120, 9, 9 
20830, 9, 9 
54311, 9, 9 
31312, 9, 9 
