id, true label, predicted label 
16997, 0, 0 
32461, 0, 0 
33538, 0, 0 
52628, 0, 0 
20482, 0, 0 
23754, 0, 0 
29862, 0, 0 
33112, 0, 0 
47072, 0, 0 
50101, 0, 0 
29311, 0, 0 
44955, 0, 0 
16598, 0, 0 
52039, 0, 0 
15864, 0, 0 
29438, 0, 0 
37467, 0, 0 
55917, 0, 0 
4776, 0, 0 
2621, 0, 0 
13623, 0, 0 
28771, 0, 0 
2440, 0, 0 
50534, 0, 0 
41617, 0, 0 
49583, 0, 0 
4686, 0, 0 
57642, 0, 0 
32789, 0, 0 
39564, 0, 0 
59704, 0, 0 
15971, 0, 0 
32336, 0, 0 
40240, 0, 0 
4067, 0, 0 
1723, 0, 0 
57491, 0, 0 
5512, 0, 0 
32946, 0, 0 
8540, 0, 0 
19074, 0, 0 
55227, 0, 0 
4985, 0, 0 
42913, 0, 0 
39874, 0, 0 
46826, 0, 0 
54715, 0, 0 
13164, 0, 0 
51002, 0, 0 
54445, 0, 0 
47263, 0, 0 
23136, 0, 0 
57359, 0, 0 
29676, 0, 0 
27446, 0, 0 
42374, 0, 0 
19861, 0, 0 
51818, 0, 0 
39623, 0, 0 
42720, 0, 0 
55361, 0, 0 
46488, 0, 0 
40780, 0, 0 
58102, 0, 0 
8116, 0, 0 
1530, 0, 0 
21768, 0, 0 
6302, 0, 0 
31234, 0, 0 
4656, 0, 0 
44958, 0, 0 
34352, 0, 9 
48284, 0, 0 
34262, 0, 0 
50774, 0, 0 
51044, 0, 0 
23108, 0, 0 
18703, 0, 0 
34244, 0, 0 
19787, 0, 0 
15863, 0, 0 
55479, 0, 0 
8912, 0, 0 
13830, 0, 0 
53632, 0, 0 
45997, 0, 0 
743, 0, 0 
15237, 0, 0 
1046, 0, 0 
31769, 0, 0 
36047, 0, 5 
43712, 0, 0 
27153, 0, 0 
43827, 0, 0 
58765, 0, 0 
30955, 0, 0 
45760, 0, 0 
25512, 0, 0 
8681, 0, 0 
13826, 0, 0 
3490, 0, 0 
25399, 0, 0 
46596, 0, 0 
13528, 0, 0 
35087, 0, 0 
24715, 0, 0 
26881, 0, 0 
48176, 0, 0 
54649, 0, 0 
44862, 0, 0 
8157, 0, 0 
56775, 0, 0 
54900, 0, 0 
56929, 0, 0 
40471, 0, 0 
9699, 0, 0 
16139, 0, 0 
18563, 0, 0 
7911, 0, 0 
36440, 0, 0 
40390, 0, 0 
25456, 0, 0 
57451, 0, 0 
58546, 0, 0 
42752, 0, 0 
34999, 0, 0 
46746, 0, 0 
3876, 0, 0 
59536, 0, 0 
17449, 0, 0 
17585, 0, 0 
19902, 0, 0 
43549, 0, 0 
32781, 0, 0 
20548, 0, 0 
40630, 0, 0 
34177, 0, 0 
25252, 0, 0 
47346, 0, 0 
38686, 0, 0 
29520, 0, 0 
18171, 0, 0 
7050, 0, 0 
21602, 0, 0 
19686, 0, 0 
19818, 0, 0 
24872, 0, 0 
8982, 0, 0 
17124, 0, 0 
25137, 0, 0 
39811, 0, 0 
58952, 0, 0 
31410, 0, 0 
1857, 0, 0 
7515, 0, 0 
47466, 0, 0 
47822, 0, 0 
11911, 0, 0 
5007, 0, 0 
51122, 0, 0 
25957, 0, 0 
43266, 0, 0 
13808, 0, 0 
36849, 0, 0 
41811, 0, 0 
26178, 0, 0 
49770, 0, 0 
21910, 0, 0 
27735, 0, 0 
8262, 0, 0 
20215, 0, 0 
23616, 0, 0 
30391, 0, 0 
44917, 0, 0 
39093, 0, 0 
38055, 0, 0 
58726, 0, 0 
8894, 0, 0 
26007, 0, 0 
55400, 0, 0 
53615, 0, 0 
957, 0, 0 
23991, 0, 0 
5131, 0, 0 
38364, 0, 0 
12057, 0, 0 
12741, 0, 0 
20661, 0, 0 
34070, 0, 0 
28041, 0, 0 
47096, 0, 0 
13729, 0, 0 
19061, 0, 0 
18486, 0, 0 
6875, 0, 0 
43265, 0, 0 
34514, 0, 0 
35934, 0, 0 
17956, 0, 0 
13314, 0, 0 
4325, 0, 0 
3049, 0, 0 
31199, 0, 0 
21780, 0, 0 
5192, 0, 0 
44723, 0, 0 
19535, 0, 0 
52655, 0, 0 
48459, 0, 0 
22938, 0, 0 
6819, 0, 0 
53051, 0, 0 
57543, 0, 0 
13589, 0, 0 
44599, 0, 0 
51059, 0, 0 
22473, 0, 0 
16987, 0, 0 
15711, 0, 0 
56377, 0, 0 
27829, 0, 0 
57659, 0, 0 
46812, 0, 0 
33149, 0, 0 
6763, 0, 0 
56686, 0, 0 
19490, 0, 0 
59558, 0, 0 
29074, 0, 0 
29345, 0, 0 
48128, 0, 0 
192, 0, 0 
44700, 0, 0 
50526, 0, 0 
15694, 0, 0 
14102, 0, 0 
50586, 0, 0 
41795, 0, 0 
49394, 0, 0 
7372, 0, 0 
40833, 0, 0 
3309, 0, 0 
38729, 0, 0 
56914, 0, 0 
48142, 0, 0 
326, 0, 0 
47344, 0, 0 
50539, 0, 0 
18461, 0, 0 
7391, 0, 0 
44531, 0, 0 
1479, 0, 0 
34699, 0, 0 
11379, 0, 0 
33111, 0, 0 
48661, 0, 0 
18042, 0, 0 
25823, 0, 0 
13454, 0, 0 
12992, 0, 0 
6076, 0, 0 
57041, 0, 0 
15156, 0, 0 
8354, 0, 0 
1682, 0, 0 
58285, 0, 0 
20388, 0, 0 
16402, 0, 0 
16928, 0, 0 
4002, 0, 0 
21970, 0, 0 
56662, 0, 0 
17620, 0, 0 
47786, 0, 0 
31639, 0, 0 
58316, 0, 0 
39890, 0, 0 
859, 0, 0 
41614, 0, 0 
19583, 0, 0 
36468, 0, 0 
18509, 0, 0 
32966, 0, 0 
57977, 0, 0 
34582, 0, 0 
28628, 0, 0 
7691, 0, 0 
23728, 0, 0 
42446, 0, 0 
28160, 0, 0 
47690, 0, 0 
34553, 0, 0 
17779, 0, 0 
17327, 0, 0 
8096, 0, 0 
12119, 0, 0 
23943, 0, 0 
29937, 0, 0 
7203, 0, 0 
47000, 0, 0 
55593, 0, 0 
40150, 0, 0 
21747, 0, 0 
48638, 0, 0 
49220, 0, 0 
40778, 0, 0 
25953, 0, 0 
1712, 0, 0 
48039, 0, 0 
55541, 0, 0 
14202, 0, 0 
2899, 0, 0 
27170, 0, 0 
1907, 0, 0 
18319, 0, 0 
36994, 0, 0 
19216, 0, 0 
49471, 0, 0 
52185, 0, 0 
45812, 0, 0 
36107, 0, 0 
25214, 0, 0 
56941, 0, 0 
6987, 0, 0 
47069, 0, 0 
34854, 0, 0 
53924, 0, 0 
13807, 0, 0 
35243, 0, 0 
28016, 0, 0 
37921, 0, 0 
17025, 0, 0 
51758, 0, 0 
31778, 0, 0 
57186, 0, 0 
48947, 0, 0 
9329, 0, 0 
29205, 0, 0 
23023, 0, 0 
47716, 0, 0 
17726, 0, 0 
10938, 0, 0 
23454, 0, 0 
52238, 0, 0 
32621, 0, 0 
9986, 0, 0 
42795, 0, 0 
6446, 0, 0 
41445, 0, 0 
31683, 0, 0 
10221, 0, 0 
3015, 0, 0 
7629, 0, 0 
34099, 0, 0 
3673, 0, 0 
25676, 0, 0 
43536, 0, 0 
20292, 0, 0 
57296, 0, 0 
56389, 0, 0 
18586, 0, 0 
29469, 0, 0 
32130, 0, 0 
37411, 0, 0 
49657, 0, 0 
43631, 0, 0 
34847, 0, 0 
52930, 0, 0 
28607, 0, 0 
27462, 0, 0 
21933, 0, 0 
10488, 0, 0 
18263, 0, 0 
81, 0, 0 
56444, 0, 0 
30618, 0, 0 
51573, 0, 0 
18424, 0, 0 
24840, 0, 0 
33087, 0, 0 
50696, 0, 0 
56489, 0, 0 
15890, 0, 0 
25386, 0, 0 
12550, 0, 0 
10045, 0, 0 
59023, 0, 0 
51978, 0, 0 
1775, 0, 0 
42005, 0, 0 
25243, 0, 0 
30207, 0, 0 
58809, 0, 0 
33330, 0, 0 
10025, 0, 0 
41350, 0, 0 
32463, 0, 0 
39220, 0, 0 
29599, 0, 0 
13013, 0, 0 
54817, 0, 0 
10700, 0, 0 
18921, 0, 0 
33042, 0, 0 
296, 0, 0 
51375, 0, 0 
46054, 0, 0 
23088, 0, 0 
41667, 0, 0 
49987, 0, 0 
7981, 0, 0 
156, 0, 0 
32268, 0, 0 
59585, 0, 0 
17932, 0, 0 
20537, 0, 0 
43423, 0, 0 
26937, 0, 0 
489, 0, 0 
46125, 0, 0 
47639, 0, 0 
818, 0, 0 
15828, 0, 0 
38157, 0, 0 
25729, 0, 0 
41384, 0, 0 
40441, 0, 0 
16081, 0, 0 
28456, 0, 0 
26389, 0, 0 
40888, 0, 0 
25285, 0, 0 
54600, 0, 0 
26753, 0, 0 
5052, 0, 0 
32575, 0, 0 
13641, 0, 0 
19770, 0, 0 
7874, 0, 0 
43045, 0, 0 
20418, 0, 0 
28122, 0, 0 
23131, 0, 0 
2473, 0, 0 
29055, 0, 0 
9048, 0, 0 
31466, 0, 0 
42614, 0, 0 
33465, 0, 0 
54371, 0, 0 
34541, 0, 0 
56755, 0, 0 
47046, 0, 0 
52226, 0, 0 
27638, 0, 0 
19127, 0, 0 
41353, 0, 0 
37287, 0, 0 
36894, 0, 0 
37663, 0, 0 
6614, 0, 0 
20205, 0, 0 
11026, 0, 0 
51215, 0, 0 
8703, 0, 0 
42559, 0, 0 
5266, 0, 0 
47867, 0, 0 
2873, 0, 0 
53562, 0, 0 
29102, 0, 0 
25743, 0, 0 
25395, 0, 0 
14430, 0, 0 
16787, 0, 0 
47704, 0, 0 
31389, 0, 0 
57887, 0, 0 
37303, 0, 0 
31361, 0, 0 
37269, 0, 0 
11060, 0, 0 
58256, 0, 0 
20608, 0, 0 
9914, 0, 0 
56778, 0, 0 
46992, 0, 0 
14039, 0, 0 
33003, 0, 0 
29713, 0, 0 
22048, 0, 0 
27822, 0, 0 
2629, 0, 0 
14545, 0, 0 
22596, 0, 0 
53994, 0, 0 
34037, 0, 0 
43941, 0, 0 
51415, 0, 0 
30932, 0, 0 
56541, 1, 1 
47118, 1, 1 
38499, 1, 1 
23931, 1, 1 
34679, 1, 1 
7406, 1, 1 
20163, 1, 1 
46159, 1, 1 
49964, 1, 1 
18492, 1, 1 
48600, 1, 1 
36571, 1, 1 
14417, 1, 1 
18407, 1, 1 
4566, 1, 1 
39159, 1, 1 
16345, 1, 1 
128, 1, 1 
45768, 1, 1 
17856, 1, 1 
38081, 1, 1 
59864, 1, 1 
59773, 1, 1 
23203, 1, 1 
10669, 1, 1 
47200, 1, 1 
29551, 1, 1 
18163, 1, 1 
58203, 1, 1 
4128, 1, 1 
48229, 1, 1 
50525, 1, 1 
33092, 1, 1 
26295, 1, 1 
10020, 1, 1 
51426, 1, 1 
17331, 1, 1 
40944, 1, 1 
5966, 1, 1 
26960, 1, 1 
25724, 1, 1 
14834, 1, 1 
55855, 1, 1 
12382, 1, 1 
59339, 1, 1 
33385, 1, 1 
11901, 1, 1 
46416, 1, 1 
12145, 1, 1 
52627, 1, 1 
12323, 1, 1 
14595, 1, 1 
45284, 1, 1 
2047, 1, 1 
7696, 1, 1 
16076, 1, 1 
18115, 1, 1 
48040, 1, 1 
15885, 1, 1 
8040, 1, 1 
25129, 1, 1 
12704, 1, 1 
26390, 1, 1 
15835, 1, 1 
6395, 1, 1 
57430, 1, 1 
55080, 1, 1 
15428, 1, 1 
42412, 1, 1 
27836, 1, 1 
30143, 1, 1 
17888, 1, 1 
38105, 1, 1 
47758, 1, 1 
22879, 1, 1 
44919, 1, 1 
34010, 1, 2 
42655, 1, 1 
43715, 1, 1 
26598, 1, 1 
9803, 1, 1 
41146, 1, 1 
59954, 1, 1 
891, 1, 1 
52262, 1, 1 
37843, 1, 1 
3478, 1, 1 
17685, 1, 1 
27457, 1, 1 
29227, 1, 1 
4420, 1, 1 
23318, 1, 1 
55358, 1, 1 
56688, 1, 1 
23477, 1, 1 
35912, 1, 1 
16228, 1, 1 
8131, 1, 1 
57222, 1, 1 
27354, 1, 1 
35404, 1, 1 
49697, 1, 1 
7561, 1, 1 
15020, 1, 1 
3714, 1, 1 
7689, 1, 1 
35792, 1, 1 
49440, 1, 1 
46040, 1, 1 
604, 1, 1 
12671, 1, 1 
15266, 1, 1 
47075, 1, 1 
13296, 1, 1 
21376, 1, 1 
43053, 1, 1 
56046, 1, 1 
20146, 1, 1 
43583, 1, 1 
4163, 1, 1 
35266, 1, 1 
59688, 1, 1 
57903, 1, 1 
676, 1, 1 
58789, 1, 1 
5643, 1, 1 
49681, 1, 1 
25899, 1, 1 
51149, 1, 1 
45277, 1, 1 
42156, 1, 1 
34884, 1, 1 
55767, 1, 1 
12930, 1, 1 
43426, 1, 1 
12809, 1, 1 
34263, 1, 1 
40373, 1, 1 
41967, 1, 1 
34141, 1, 1 
27136, 1, 1 
23037, 1, 1 
41209, 1, 1 
45909, 1, 1 
34632, 1, 1 
39169, 1, 1 
18963, 1, 1 
58909, 1, 1 
32447, 1, 1 
6277, 1, 1 
16907, 1, 1 
37882, 1, 1 
52042, 1, 1 
41559, 1, 1 
55067, 1, 1 
37154, 1, 1 
34613, 1, 1 
39652, 1, 1 
30047, 1, 1 
56328, 1, 1 
6946, 1, 1 
6859, 1, 1 
14314, 1, 1 
29939, 1, 1 
40007, 1, 1 
16991, 1, 1 
35831, 1, 1 
29215, 1, 1 
2623, 1, 1 
13080, 1, 1 
35414, 1, 1 
38125, 1, 1 
38751, 1, 1 
34754, 1, 1 
33658, 1, 1 
27336, 1, 1 
22545, 1, 1 
39012, 1, 1 
25774, 1, 1 
42852, 1, 1 
31784, 1, 1 
51015, 1, 1 
14651, 1, 1 
17759, 1, 1 
17279, 1, 1 
32795, 1, 1 
27182, 1, 1 
44065, 1, 1 
37518, 1, 1 
24487, 1, 1 
20373, 1, 1 
20852, 1, 1 
20083, 1, 1 
19966, 1, 1 
23181, 1, 1 
18165, 1, 1 
13840, 1, 1 
14079, 1, 1 
55524, 1, 1 
5428, 1, 1 
30906, 1, 1 
29517, 1, 1 
12042, 1, 1 
36071, 1, 1 
13648, 1, 1 
36124, 1, 1 
16838, 1, 1 
32019, 1, 1 
51197, 1, 1 
51417, 1, 1 
14016, 1, 1 
3234, 1, 1 
33268, 1, 1 
10040, 1, 1 
16614, 1, 1 
2159, 1, 1 
9013, 1, 1 
19093, 1, 1 
26487, 1, 1 
17846, 1, 1 
19804, 1, 1 
40635, 1, 1 
48625, 1, 1 
40098, 1, 1 
42132, 1, 1 
38709, 1, 1 
35657, 1, 1 
53599, 1, 1 
38684, 1, 1 
10624, 1, 1 
6951, 1, 1 
20232, 1, 1 
31862, 1, 1 
25151, 1, 1 
5655, 1, 1 
46850, 1, 1 
24900, 1, 1 
55335, 1, 1 
59233, 1, 1 
4644, 1, 1 
19652, 1, 1 
12459, 1, 1 
4950, 1, 1 
22848, 1, 1 
4639, 1, 1 
24355, 1, 1 
45078, 1, 1 
52205, 1, 1 
50907, 1, 1 
26812, 1, 1 
44996, 1, 1 
21477, 1, 1 
26726, 1, 1 
29544, 1, 1 
5833, 1, 1 
39717, 1, 1 
39797, 1, 1 
21984, 1, 1 
28090, 1, 1 
13631, 1, 1 
3177, 1, 1 
6985, 1, 1 
48361, 1, 1 
37036, 1, 1 
28557, 1, 1 
15152, 1, 1 
38311, 1, 1 
44785, 1, 1 
7116, 1, 1 
1321, 1, 1 
32406, 1, 1 
7240, 1, 1 
18912, 1, 1 
48663, 1, 1 
44113, 1, 1 
1597, 1, 1 
11867, 1, 1 
27509, 1, 1 
39950, 1, 1 
25394, 1, 1 
23030, 1, 1 
42875, 1, 1 
56683, 1, 1 
48074, 1, 1 
39542, 1, 1 
42205, 1, 1 
26388, 1, 1 
16805, 1, 1 
45403, 1, 1 
48266, 1, 1 
35552, 1, 1 
59200, 1, 1 
19446, 1, 1 
30148, 1, 1 
47535, 1, 1 
16651, 1, 1 
12383, 1, 1 
15175, 1, 1 
30920, 1, 1 
39232, 1, 1 
40735, 1, 1 
51249, 1, 1 
33124, 1, 1 
48513, 1, 1 
59854, 1, 1 
45996, 1, 1 
32562, 1, 1 
30550, 1, 1 
17938, 1, 1 
42713, 1, 1 
57931, 1, 1 
52654, 1, 1 
44705, 1, 1 
5443, 1, 1 
30486, 1, 1 
1132, 1, 1 
39843, 1, 1 
26029, 1, 1 
21070, 1, 1 
9332, 1, 1 
43446, 1, 1 
47213, 1, 1 
2572, 1, 1 
26939, 1, 1 
10878, 1, 1 
838, 1, 1 
15608, 1, 1 
16086, 1, 1 
53870, 1, 1 
21248, 1, 1 
21555, 1, 1 
12040, 1, 1 
55306, 1, 1 
36117, 1, 1 
17505, 1, 1 
20536, 1, 1 
16204, 1, 1 
21002, 1, 1 
44650, 1, 1 
43578, 1, 1 
11043, 1, 1 
6208, 1, 1 
5483, 1, 1 
24461, 1, 1 
36108, 1, 1 
36765, 1, 1 
20604, 1, 1 
34641, 1, 1 
34705, 1, 1 
23889, 1, 1 
14900, 1, 1 
48831, 1, 1 
30509, 1, 1 
42261, 1, 1 
48902, 1, 1 
28331, 1, 1 
8194, 1, 1 
27091, 1, 1 
52359, 1, 1 
38141, 1, 1 
28521, 1, 1 
37869, 1, 1 
31839, 1, 1 
37936, 1, 1 
17883, 1, 1 
54552, 1, 1 
40897, 1, 1 
22410, 1, 1 
276, 1, 1 
40973, 1, 1 
4445, 1, 1 
46915, 1, 1 
24366, 1, 1 
22464, 1, 1 
45516, 1, 1 
21357, 1, 1 
30757, 1, 1 
16545, 1, 1 
8543, 1, 1 
53018, 1, 1 
16546, 1, 1 
26991, 1, 1 
17209, 1, 1 
36145, 1, 1 
22328, 1, 1 
37139, 1, 1 
51287, 1, 1 
27388, 1, 1 
28018, 1, 1 
31689, 1, 1 
55411, 1, 1 
26535, 1, 1 
59114, 1, 1 
50652, 1, 1 
2326, 1, 1 
28969, 1, 1 
46434, 1, 1 
23612, 1, 1 
13855, 1, 1 
15575, 1, 1 
6443, 1, 1 
18261, 1, 1 
46334, 1, 1 
3019, 1, 1 
13107, 1, 1 
18792, 1, 1 
31556, 1, 1 
30225, 1, 1 
2688, 1, 1 
19507, 1, 1 
28250, 1, 1 
33140, 1, 1 
40568, 1, 1 
41386, 1, 1 
39782, 1, 1 
31537, 1, 1 
5571, 1, 1 
5271, 1, 1 
50453, 1, 1 
41823, 1, 1 
38357, 1, 1 
30053, 1, 1 
24838, 1, 1 
4561, 1, 1 
27396, 1, 1 
25322, 1, 1 
4623, 1, 1 
8124, 1, 1 
38317, 1, 1 
43369, 1, 1 
382, 1, 1 
32133, 1, 1 
6244, 1, 1 
32411, 1, 1 
43879, 1, 1 
37939, 1, 1 
14874, 1, 1 
12230, 1, 1 
53805, 1, 1 
42002, 1, 1 
17260, 1, 1 
38736, 1, 1 
47055, 1, 1 
48253, 1, 1 
42769, 1, 1 
18659, 1, 1 
12987, 1, 1 
21979, 1, 1 
30958, 1, 1 
11326, 1, 1 
44886, 1, 1 
2894, 1, 1 
12681, 1, 1 
5375, 1, 1 
36433, 1, 1 
57849, 1, 1 
31278, 1, 1 
20870, 1, 1 
41266, 1, 1 
34017, 1, 1 
51247, 1, 1 
52088, 1, 1 
15790, 1, 1 
33113, 1, 1 
20340, 1, 1 
23862, 1, 1 
28038, 1, 1 
12479, 1, 1 
54223, 1, 1 
22896, 1, 1 
25876, 1, 1 
35990, 1, 1 
40399, 1, 1 
10719, 1, 1 
31966, 1, 1 
40315, 1, 1 
28769, 1, 1 
49888, 1, 1 
37384, 1, 1 
53484, 1, 1 
15255, 1, 1 
14585, 1, 1 
19614, 1, 1 
57454, 1, 1 
12878, 1, 1 
44245, 1, 1 
34403, 1, 1 
2255, 1, 1 
27707, 1, 1 
54353, 1, 1 
21196, 1, 1 
2356, 1, 1 
34588, 1, 1 
21884, 1, 1 
8291, 1, 1 
43770, 1, 1 
56020, 1, 1 
38272, 1, 1 
43336, 1, 1 
29828, 1, 1 
49674, 2, 2 
25069, 2, 2 
36401, 2, 2 
4204, 2, 2 
9360, 2, 2 
59539, 2, 2 
37007, 2, 2 
34944, 2, 2 
12196, 2, 2 
49976, 2, 2 
58192, 2, 2 
41965, 2, 2 
11971, 2, 2 
25492, 2, 2 
52630, 2, 2 
14996, 2, 2 
57270, 2, 2 
23578, 2, 2 
37631, 2, 2 
57573, 2, 2 
13484, 2, 2 
8470, 2, 2 
39930, 2, 2 
47258, 2, 2 
43895, 2, 2 
12803, 2, 2 
15262, 2, 2 
51580, 2, 2 
53967, 2, 2 
43683, 2, 2 
19391, 2, 2 
29408, 2, 2 
49282, 2, 2 
45638, 2, 2 
43850, 2, 2 
33881, 2, 2 
26689, 2, 2 
13198, 2, 2 
51782, 2, 2 
55308, 2, 2 
12213, 2, 2 
9989, 2, 2 
49598, 2, 2 
11621, 2, 2 
4437, 2, 2 
12372, 2, 2 
11193, 2, 2 
51214, 2, 2 
22414, 2, 2 
25294, 2, 2 
59572, 2, 2 
19737, 2, 2 
26669, 2, 2 
51547, 2, 2 
19688, 2, 2 
20240, 2, 2 
45306, 2, 2 
19556, 2, 2 
28844, 2, 2 
34636, 2, 2 
27898, 2, 2 
34256, 2, 2 
42503, 2, 2 
6626, 2, 2 
35356, 2, 2 
12302, 2, 2 
49231, 2, 2 
9105, 2, 2 
48191, 2, 2 
20145, 2, 2 
45672, 2, 2 
22056, 2, 2 
29904, 2, 2 
30905, 2, 2 
55158, 2, 2 
47409, 2, 2 
22124, 2, 2 
55032, 2, 2 
48820, 2, 2 
38061, 2, 2 
37668, 2, 2 
56993, 2, 2 
17374, 2, 2 
39708, 2, 2 
14043, 2, 2 
46708, 2, 2 
19314, 2, 2 
9721, 2, 2 
6605, 2, 2 
31221, 2, 2 
43394, 2, 2 
45662, 2, 2 
25381, 2, 2 
41721, 2, 2 
39323, 2, 2 
28944, 2, 2 
27356, 2, 2 
14550, 2, 2 
50487, 2, 2 
31267, 2, 2 
14962, 2, 2 
23770, 2, 2 
28370, 2, 2 
13370, 2, 2 
55373, 2, 2 
49605, 2, 2 
17635, 2, 2 
5380, 2, 2 
24182, 2, 2 
59177, 2, 2 
45158, 2, 2 
25533, 2, 2 
17595, 2, 2 
58611, 2, 2 
46011, 2, 2 
13275, 2, 2 
48109, 2, 2 
46867, 2, 2 
29240, 2, 2 
53323, 2, 2 
48277, 2, 2 
33133, 2, 2 
12931, 2, 2 
8691, 2, 2 
54973, 2, 2 
49929, 2, 2 
57509, 2, 2 
56998, 2, 2 
53373, 2, 2 
48899, 2, 2 
40445, 2, 2 
47862, 2, 2 
23171, 2, 2 
16948, 2, 2 
29654, 2, 2 
26540, 2, 2 
3304, 2, 2 
8058, 2, 2 
17566, 2, 2 
48019, 2, 2 
57933, 2, 2 
50933, 2, 2 
54240, 2, 2 
31258, 2, 2 
50527, 2, 2 
42429, 2, 2 
180, 2, 2 
14023, 2, 2 
42596, 2, 2 
20440, 2, 2 
28950, 2, 2 
17851, 2, 2 
39198, 2, 2 
10574, 2, 2 
7140, 2, 2 
27878, 2, 2 
47787, 2, 2 
2457, 2, 2 
3199, 2, 2 
40151, 2, 2 
18547, 2, 2 
40203, 2, 2 
3390, 2, 2 
19132, 2, 2 
9374, 2, 2 
28977, 2, 2 
35478, 2, 2 
23675, 2, 2 
28077, 2, 2 
2085, 2, 2 
931, 2, 2 
27122, 2, 2 
12938, 2, 2 
42126, 2, 2 
19271, 2, 2 
854, 2, 9 
49421, 2, 2 
26213, 2, 2 
56467, 2, 2 
27600, 2, 2 
15205, 2, 2 
21528, 2, 2 
17729, 2, 2 
10949, 2, 2 
53322, 2, 2 
30443, 2, 2 
27844, 2, 2 
53989, 2, 2 
2464, 2, 2 
18748, 2, 2 
40318, 2, 2 
18117, 2, 2 
31372, 2, 2 
551, 2, 2 
48696, 2, 2 
17677, 2, 2 
46585, 2, 2 
3672, 2, 2 
50496, 2, 2 
36120, 2, 2 
41484, 2, 2 
21033, 2, 2 
17089, 2, 2 
56040, 2, 2 
58811, 2, 2 
37403, 2, 2 
9756, 2, 2 
4157, 2, 2 
33951, 2, 2 
35031, 2, 2 
8632, 2, 2 
14357, 2, 2 
24433, 2, 2 
10082, 2, 2 
35443, 2, 2 
40653, 2, 2 
45631, 2, 2 
44520, 2, 2 
42805, 2, 2 
20526, 2, 2 
1299, 2, 2 
59734, 2, 2 
48063, 2, 2 
39330, 2, 2 
6080, 2, 2 
55528, 2, 2 
18097, 2, 2 
55170, 2, 2 
24805, 2, 2 
32637, 2, 2 
48391, 2, 2 
23069, 2, 2 
45055, 2, 2 
54078, 2, 2 
8784, 2, 2 
42050, 2, 2 
23564, 2, 2 
47522, 2, 2 
40788, 2, 2 
19084, 2, 2 
893, 2, 2 
26863, 2, 2 
42991, 2, 2 
10582, 2, 2 
24036, 2, 2 
22726, 2, 2 
13705, 2, 2 
36335, 2, 2 
46694, 2, 2 
40212, 2, 2 
38784, 2, 2 
45620, 2, 2 
21283, 2, 2 
28067, 2, 2 
44247, 2, 2 
59667, 2, 2 
29911, 2, 2 
53377, 2, 2 
45838, 2, 2 
42741, 2, 2 
54128, 2, 2 
161, 2, 2 
43191, 2, 2 
12985, 2, 2 
59991, 2, 2 
38216, 2, 2 
41916, 2, 2 
8793, 2, 2 
33414, 2, 2 
24968, 2, 2 
42115, 2, 2 
32243, 2, 2 
20284, 2, 2 
21952, 2, 2 
40622, 2, 2 
28126, 2, 2 
17786, 2, 2 
18370, 2, 2 
56222, 2, 2 
51541, 2, 2 
38127, 2, 2 
36056, 2, 2 
23018, 2, 2 
26340, 2, 2 
19779, 2, 2 
32382, 2, 2 
42950, 2, 2 
19373, 2, 2 
32985, 2, 2 
9508, 2, 2 
58568, 2, 2 
4846, 2, 2 
39284, 2, 8 
32856, 2, 2 
43495, 2, 2 
42654, 2, 2 
50720, 2, 2 
43430, 2, 2 
48991, 2, 2 
59706, 2, 2 
17500, 2, 2 
43590, 2, 2 
35112, 2, 2 
14005, 2, 2 
9826, 2, 2 
308, 2, 2 
40376, 2, 2 
17927, 2, 2 
33878, 2, 2 
21598, 2, 2 
32973, 2, 2 
48497, 2, 2 
56579, 2, 2 
6124, 2, 2 
42443, 2, 2 
39673, 2, 2 
49041, 2, 2 
18817, 2, 2 
10766, 2, 2 
1397, 2, 2 
48912, 2, 2 
9249, 2, 2 
9104, 2, 2 
4469, 2, 2 
49340, 2, 2 
35489, 2, 2 
48443, 2, 2 
25807, 2, 2 
54866, 2, 2 
39772, 2, 2 
48474, 2, 2 
26434, 2, 2 
12871, 2, 2 
25281, 2, 2 
21668, 2, 2 
54134, 2, 2 
34425, 2, 2 
37386, 2, 2 
22624, 2, 2 
16176, 2, 2 
2976, 2, 2 
52319, 2, 2 
8460, 2, 2 
37532, 2, 2 
5250, 2, 2 
40812, 2, 2 
38862, 2, 2 
38846, 2, 2 
58126, 2, 2 
48420, 2, 2 
44881, 2, 2 
15836, 2, 2 
8743, 2, 2 
43338, 2, 2 
25672, 2, 2 
53138, 2, 2 
47839, 2, 2 
39682, 2, 2 
13837, 2, 2 
43314, 2, 2 
19097, 2, 2 
11109, 2, 2 
27672, 2, 2 
18110, 2, 2 
12608, 2, 2 
49875, 2, 2 
49028, 2, 2 
42717, 2, 2 
48270, 2, 2 
31483, 2, 2 
35014, 2, 2 
55692, 2, 2 
6168, 2, 2 
6105, 2, 2 
37347, 2, 2 
27451, 2, 2 
36753, 2, 2 
50052, 2, 2 
43513, 2, 2 
14596, 2, 2 
46835, 2, 2 
37825, 2, 2 
13928, 2, 2 
28140, 2, 2 
42821, 2, 2 
41966, 2, 2 
32408, 2, 2 
11106, 2, 2 
55100, 2, 2 
50452, 2, 2 
6289, 2, 2 
44710, 2, 2 
46486, 2, 2 
3329, 2, 2 
13486, 2, 2 
1199, 2, 2 
22027, 2, 2 
8593, 2, 2 
13374, 2, 2 
33775, 2, 2 
58945, 2, 2 
39210, 2, 2 
58831, 2, 2 
59245, 2, 2 
57142, 2, 2 
51100, 2, 2 
59824, 2, 2 
12426, 2, 2 
5400, 2, 2 
37103, 2, 2 
41878, 2, 2 
40321, 2, 2 
57130, 2, 2 
17757, 2, 2 
19891, 2, 2 
52987, 2, 2 
18040, 2, 2 
37469, 2, 9 
10279, 2, 2 
6012, 2, 2 
25735, 2, 2 
26794, 2, 2 
25571, 2, 2 
18783, 2, 2 
10898, 2, 2 
5357, 2, 2 
49074, 2, 2 
31146, 2, 2 
15902, 2, 2 
32297, 2, 2 
10825, 2, 2 
47043, 2, 2 
11977, 2, 2 
21502, 2, 2 
29005, 2, 2 
8251, 2, 2 
43436, 2, 2 
9477, 2, 2 
12679, 2, 2 
53668, 2, 2 
40863, 2, 2 
20862, 2, 2 
35992, 2, 2 
262, 2, 2 
35670, 2, 2 
3799, 2, 2 
21053, 2, 2 
16690, 2, 2 
28234, 2, 2 
48934, 2, 2 
30487, 2, 2 
52975, 2, 2 
16196, 2, 2 
20305, 2, 2 
15660, 2, 2 
27622, 2, 2 
2332, 2, 2 
3719, 2, 2 
55193, 2, 2 
32292, 2, 2 
40569, 2, 2 
34746, 2, 2 
24035, 2, 2 
28074, 2, 2 
43105, 2, 2 
24695, 2, 2 
23764, 2, 2 
48881, 2, 2 
21891, 2, 2 
57597, 2, 2 
59327, 2, 2 
42327, 2, 2 
45130, 2, 2 
16958, 2, 2 
23610, 2, 2 
44393, 2, 2 
32601, 2, 2 
39794, 2, 2 
31555, 2, 2 
1754, 2, 2 
11552, 2, 2 
49454, 2, 2 
19463, 2, 2 
34495, 2, 2 
55381, 2, 2 
34833, 2, 2 
55404, 2, 2 
17892, 2, 2 
41730, 2, 2 
55316, 2, 2 
42885, 2, 2 
25476, 2, 2 
46036, 2, 2 
45998, 2, 2 
14342, 2, 2 
22236, 2, 2 
37296, 2, 2 
44611, 2, 2 
55391, 2, 2 
58651, 2, 2 
15292, 3, 3 
53345, 3, 3 
18630, 3, 3 
50824, 3, 3 
4461, 3, 3 
32703, 3, 3 
31451, 3, 3 
38245, 3, 3 
10520, 3, 3 
31788, 3, 3 
28343, 3, 3 
9293, 3, 3 
40639, 3, 3 
22234, 3, 3 
25245, 3, 3 
10074, 3, 3 
45239, 3, 3 
22567, 3, 3 
58227, 3, 3 
23657, 3, 3 
3713, 3, 3 
44058, 3, 3 
54060, 3, 3 
34967, 3, 3 
59471, 3, 3 
10757, 3, 3 
43952, 3, 3 
44373, 3, 3 
48922, 3, 3 
19866, 3, 3 
40532, 3, 3 
14548, 3, 3 
24248, 3, 3 
24867, 3, 3 
32330, 3, 3 
54531, 3, 3 
20023, 3, 3 
49864, 3, 3 
2092, 3, 3 
34607, 3, 3 
17470, 3, 3 
35574, 3, 3 
27480, 3, 3 
21637, 3, 3 
21080, 3, 3 
43967, 3, 3 
9491, 3, 3 
58793, 3, 3 
43717, 3, 3 
47090, 3, 3 
25107, 3, 3 
12503, 3, 3 
52922, 3, 3 
3215, 3, 3 
24358, 3, 3 
38998, 3, 3 
7613, 3, 3 
13778, 3, 3 
56139, 3, 3 
35415, 3, 3 
9602, 3, 3 
17864, 3, 3 
58077, 3, 3 
11777, 3, 3 
5511, 3, 3 
36132, 3, 3 
37404, 3, 3 
40575, 3, 3 
4271, 3, 3 
30489, 3, 3 
250, 3, 3 
42432, 3, 3 
18727, 3, 3 
21946, 3, 3 
10676, 3, 3 
49946, 3, 3 
47493, 3, 3 
48995, 3, 3 
20500, 3, 3 
58406, 3, 3 
49589, 3, 3 
48281, 3, 3 
46427, 3, 3 
34659, 3, 3 
28075, 3, 3 
57568, 3, 3 
7800, 3, 3 
16911, 3, 3 
878, 3, 3 
33146, 3, 3 
25164, 3, 3 
5911, 3, 3 
7966, 3, 3 
47245, 3, 3 
2883, 3, 3 
3923, 3, 3 
23412, 3, 3 
15080, 3, 3 
1241, 3, 3 
14002, 3, 3 
17404, 3, 3 
34351, 3, 3 
45015, 3, 3 
53376, 3, 3 
54727, 3, 3 
6858, 3, 3 
3855, 3, 3 
19348, 3, 3 
11708, 3, 3 
47192, 3, 3 
35170, 3, 3 
38223, 3, 3 
22014, 3, 3 
9812, 3, 3 
22906, 3, 3 
21458, 3, 3 
20952, 3, 3 
6405, 3, 3 
52209, 3, 3 
15335, 3, 3 
49137, 3, 3 
40305, 3, 3 
35010, 3, 3 
31748, 3, 2 
39366, 3, 3 
47095, 3, 3 
32685, 3, 3 
23357, 3, 3 
17330, 3, 3 
38797, 3, 3 
47742, 3, 3 
32900, 3, 3 
42284, 3, 3 
3893, 3, 3 
7698, 3, 3 
52740, 3, 3 
3699, 3, 3 
51373, 3, 3 
34143, 3, 3 
3941, 3, 3 
9192, 3, 3 
14856, 3, 3 
37959, 3, 3 
53382, 3, 3 
5974, 3, 3 
5531, 3, 3 
52375, 3, 3 
4403, 3, 3 
49, 3, 3 
13376, 3, 5 
5788, 3, 3 
1260, 3, 3 
36057, 3, 3 
57804, 3, 3 
34481, 3, 3 
49286, 3, 3 
36604, 3, 3 
35498, 3, 3 
18920, 3, 3 
58421, 3, 3 
44522, 3, 3 
34364, 3, 3 
59461, 3, 3 
13417, 3, 3 
27795, 3, 3 
25728, 3, 3 
19977, 3, 3 
17271, 3, 3 
18739, 3, 3 
38441, 3, 3 
39675, 3, 3 
13675, 3, 3 
6416, 3, 3 
54088, 3, 3 
9412, 3, 3 
21512, 3, 3 
43552, 3, 3 
20685, 3, 3 
6398, 3, 3 
23747, 3, 3 
7660, 3, 3 
31049, 3, 3 
32619, 3, 3 
40257, 3, 3 
4742, 3, 3 
56012, 3, 3 
4658, 3, 3 
8795, 3, 3 
21102, 3, 3 
40763, 3, 3 
44959, 3, 3 
10093, 3, 3 
34622, 3, 3 
28820, 3, 3 
27838, 3, 3 
24850, 3, 9 
46882, 3, 3 
7878, 3, 3 
57336, 3, 3 
22413, 3, 3 
12720, 3, 3 
57172, 3, 3 
6912, 3, 3 
41337, 3, 3 
25688, 3, 3 
28193, 3, 3 
5799, 3, 3 
54736, 3, 3 
14552, 3, 3 
33877, 3, 3 
15053, 3, 3 
13109, 3, 3 
47195, 3, 3 
24789, 3, 3 
17778, 3, 3 
3013, 3, 3 
20833, 3, 3 
34268, 3, 3 
29962, 3, 3 
54001, 3, 3 
29158, 3, 3 
39122, 3, 3 
4490, 3, 3 
31452, 3, 3 
4628, 3, 3 
29023, 3, 3 
43978, 3, 3 
38752, 3, 3 
33875, 3, 3 
36887, 3, 3 
56029, 3, 3 
44397, 3, 3 
51486, 3, 3 
45327, 3, 3 
55343, 3, 3 
34208, 3, 3 
49249, 3, 3 
36595, 3, 3 
19655, 3, 3 
53712, 3, 3 
3655, 3, 3 
46246, 3, 8 
42375, 3, 3 
5458, 3, 3 
22964, 3, 3 
12998, 3, 3 
21116, 3, 3 
2774, 3, 3 
28485, 3, 3 
39520, 3, 3 
34366, 3, 3 
38277, 3, 3 
57441, 3, 3 
10953, 3, 3 
43255, 3, 3 
6632, 3, 3 
55665, 3, 3 
48485, 3, 3 
12151, 3, 3 
19863, 3, 3 
9182, 3, 3 
42054, 3, 3 
33607, 3, 3 
44799, 3, 3 
59228, 3, 3 
50935, 3, 3 
40745, 3, 3 
47280, 3, 3 
24784, 3, 3 
43599, 3, 3 
50964, 3, 3 
5702, 3, 3 
48065, 3, 3 
361, 3, 3 
59038, 3, 3 
47720, 3, 3 
49142, 3, 3 
4256, 3, 3 
1315, 3, 3 
13516, 3, 3 
40205, 3, 3 
39127, 3, 3 
28031, 3, 3 
20080, 3, 3 
8958, 3, 3 
12430, 3, 3 
9679, 3, 3 
2931, 3, 3 
3462, 3, 3 
11285, 3, 3 
45196, 3, 3 
11010, 3, 3 
32944, 3, 3 
11169, 3, 3 
1533, 3, 3 
57967, 3, 3 
43739, 3, 3 
20673, 3, 3 
45468, 3, 3 
16569, 3, 3 
38732, 3, 3 
20378, 3, 3 
18924, 3, 3 
5980, 3, 3 
45563, 3, 3 
16867, 3, 3 
7396, 3, 3 
2023, 3, 3 
35221, 3, 3 
12826, 3, 3 
30375, 3, 3 
36082, 3, 3 
51274, 3, 3 
5683, 3, 3 
7721, 3, 3 
26284, 3, 3 
59467, 3, 3 
29289, 3, 3 
25861, 3, 3 
48352, 3, 3 
17333, 3, 3 
14864, 3, 3 
5442, 3, 3 
48662, 3, 3 
16134, 3, 3 
20937, 3, 3 
18079, 3, 3 
27313, 3, 3 
21877, 3, 3 
21228, 3, 3 
44716, 3, 3 
25282, 3, 3 
56420, 3, 3 
52931, 3, 3 
43482, 3, 3 
54694, 3, 3 
56337, 3, 3 
12109, 3, 3 
55869, 3, 3 
17967, 3, 3 
32664, 3, 3 
22963, 3, 3 
47059, 3, 3 
46182, 3, 3 
5510, 3, 3 
24196, 3, 3 
1675, 3, 3 
22404, 3, 3 
18765, 3, 3 
56475, 3, 3 
52545, 3, 3 
38239, 3, 3 
57762, 3, 3 
42755, 3, 3 
35422, 3, 3 
21654, 3, 3 
57679, 3, 3 
26247, 3, 3 
28861, 3, 3 
35610, 3, 3 
20649, 3, 3 
24731, 3, 3 
48045, 3, 3 
47140, 3, 3 
9146, 3, 3 
38529, 3, 3 
33208, 3, 3 
37383, 3, 3 
51222, 3, 3 
11011, 3, 3 
54074, 3, 5 
14333, 3, 3 
43869, 3, 3 
12214, 3, 3 
38687, 3, 3 
45734, 3, 3 
7383, 3, 3 
52853, 3, 3 
21570, 3, 3 
53514, 3, 3 
56006, 3, 3 
7778, 3, 3 
43100, 3, 3 
55133, 3, 3 
41471, 3, 3 
15453, 3, 3 
20413, 3, 3 
28344, 3, 3 
43448, 3, 3 
18240, 3, 3 
52565, 3, 3 
32091, 3, 3 
41003, 3, 3 
39961, 3, 3 
30265, 3, 3 
15233, 3, 3 
13142, 3, 3 
12877, 3, 3 
37443, 3, 3 
17712, 3, 3 
35876, 3, 3 
37470, 3, 3 
5838, 3, 3 
37362, 3, 3 
27115, 3, 3 
11233, 3, 3 
26965, 3, 3 
36912, 3, 3 
46899, 3, 3 
13221, 3, 3 
14454, 3, 3 
18069, 3, 3 
42215, 3, 3 
56578, 3, 3 
9829, 3, 3 
5432, 3, 3 
51915, 3, 3 
21831, 3, 3 
54191, 3, 3 
45517, 3, 3 
48325, 3, 3 
26674, 3, 3 
37792, 3, 3 
56275, 3, 3 
15245, 3, 3 
50288, 3, 3 
49529, 3, 3 
52164, 3, 3 
12879, 3, 3 
54772, 3, 3 
3550, 3, 3 
40578, 3, 3 
15379, 3, 3 
32680, 3, 3 
23866, 3, 3 
31395, 3, 3 
26208, 3, 3 
56207, 3, 3 
54242, 3, 3 
27625, 3, 3 
59815, 3, 3 
22459, 3, 3 
38670, 3, 3 
48139, 3, 3 
37250, 3, 3 
52111, 3, 3 
42908, 3, 3 
45747, 3, 3 
14200, 3, 3 
51522, 3, 7 
35954, 3, 3 
6651, 3, 3 
55139, 3, 3 
21055, 3, 3 
203, 3, 3 
1108, 3, 3 
33795, 3, 3 
8295, 3, 3 
29557, 3, 3 
43064, 3, 3 
43126, 3, 3 
6489, 3, 3 
37439, 3, 3 
26943, 3, 3 
12437, 3, 3 
22631, 3, 3 
59070, 3, 3 
25924, 3, 3 
12300, 3, 3 
20355, 3, 3 
3949, 3, 3 
495, 3, 3 
27060, 3, 3 
8976, 3, 3 
5642, 3, 3 
8821, 3, 9 
9766, 3, 3 
45473, 3, 3 
50775, 3, 3 
1007, 3, 9 
51401, 3, 3 
5987, 3, 3 
15003, 3, 3 
25523, 3, 3 
15534, 3, 3 
49985, 3, 2 
29483, 3, 3 
29185, 3, 3 
24350, 3, 3 
50131, 3, 3 
2834, 3, 3 
46803, 3, 3 
22443, 3, 3 
843, 3, 3 
46600, 3, 3 
25553, 3, 3 
56966, 3, 3 
22989, 3, 3 
34407, 3, 3 
34127, 3, 3 
12064, 4, 4 
43700, 4, 4 
271, 4, 4 
47363, 4, 4 
56011, 4, 4 
27473, 4, 4 
8415, 4, 4 
49934, 4, 4 
41163, 4, 4 
18345, 4, 4 
57076, 4, 1 
48596, 4, 4 
45280, 4, 4 
31111, 4, 4 
47569, 4, 4 
54769, 4, 4 
6879, 4, 9 
12458, 4, 4 
55546, 4, 4 
3125, 4, 4 
49609, 4, 4 
35952, 4, 4 
7280, 4, 4 
834, 4, 4 
51182, 4, 4 
45100, 4, 4 
22138, 4, 4 
23122, 4, 4 
39558, 4, 4 
9597, 4, 4 
3074, 4, 4 
22504, 4, 4 
3439, 4, 4 
36674, 4, 4 
25856, 4, 4 
12098, 4, 4 
5118, 4, 4 
53300, 4, 4 
46305, 4, 4 
24601, 4, 4 
49146, 4, 4 
25790, 4, 9 
20074, 4, 4 
53965, 4, 4 
23670, 4, 4 
33317, 4, 4 
40135, 4, 4 
1576, 4, 4 
12505, 4, 4 
12224, 4, 4 
9040, 4, 4 
36632, 4, 4 
10768, 4, 4 
5278, 4, 4 
38984, 4, 4 
35258, 4, 4 
926, 4, 4 
43636, 4, 4 
14103, 4, 4 
28243, 4, 4 
4264, 4, 4 
44685, 4, 4 
8875, 4, 4 
35312, 4, 4 
53163, 4, 4 
56799, 4, 4 
37429, 4, 4 
40602, 4, 4 
38236, 4, 4 
51325, 4, 4 
50109, 4, 4 
18941, 4, 4 
42616, 4, 4 
14176, 4, 4 
10236, 4, 4 
8737, 4, 4 
20529, 4, 4 
1854, 4, 4 
19521, 4, 4 
23615, 4, 4 
34571, 4, 4 
37846, 4, 4 
3548, 4, 4 
18245, 4, 4 
27743, 4, 4 
28615, 4, 4 
7019, 4, 4 
48405, 4, 4 
24668, 4, 4 
43398, 4, 4 
40923, 4, 4 
31324, 4, 4 
14259, 4, 4 
49994, 4, 4 
31574, 4, 4 
43228, 4, 4 
27686, 4, 4 
11494, 4, 4 
2240, 4, 4 
9887, 4, 4 
38041, 4, 4 
27538, 4, 4 
36977, 4, 4 
17926, 4, 4 
14432, 4, 4 
42302, 4, 4 
25925, 4, 4 
31977, 4, 4 
42770, 4, 4 
54791, 4, 4 
22331, 4, 4 
12438, 4, 4 
54410, 4, 4 
35186, 4, 4 
21269, 4, 4 
37683, 4, 4 
3828, 4, 4 
23083, 4, 4 
51951, 4, 4 
35098, 4, 4 
43022, 4, 4 
48436, 4, 4 
23761, 4, 4 
22479, 4, 4 
41648, 4, 4 
32487, 4, 4 
32993, 4, 4 
10196, 4, 4 
43355, 4, 4 
442, 4, 4 
32673, 4, 4 
9496, 4, 4 
48595, 4, 4 
23435, 4, 4 
22774, 4, 4 
26992, 4, 4 
22991, 4, 4 
50319, 4, 4 
20680, 4, 4 
13339, 4, 4 
48703, 4, 4 
22105, 4, 4 
23269, 4, 4 
54415, 4, 4 
21837, 4, 4 
50844, 4, 4 
16313, 4, 4 
55522, 4, 4 
6810, 4, 4 
54718, 4, 4 
6268, 4, 4 
48198, 4, 4 
52348, 4, 4 
43571, 4, 4 
4538, 4, 4 
37785, 4, 4 
53607, 4, 4 
11434, 4, 4 
53477, 4, 4 
8081, 4, 4 
58240, 4, 4 
38524, 4, 4 
19907, 4, 4 
34860, 4, 4 
8587, 4, 4 
48487, 4, 4 
54158, 4, 4 
19983, 4, 4 
10594, 4, 4 
5703, 4, 4 
56330, 4, 4 
51445, 4, 4 
1073, 4, 4 
8270, 4, 4 
14927, 4, 4 
25353, 4, 4 
16331, 4, 4 
54770, 4, 4 
43152, 4, 4 
44885, 4, 4 
10351, 4, 4 
24052, 4, 9 
6154, 4, 4 
25292, 4, 4 
35319, 4, 4 
18578, 4, 4 
10175, 4, 4 
40449, 4, 4 
54582, 4, 4 
29141, 4, 4 
29550, 4, 4 
46881, 4, 4 
52973, 4, 4 
23306, 4, 4 
22273, 4, 4 
32387, 4, 4 
3484, 4, 4 
34810, 4, 4 
32583, 4, 4 
26269, 4, 4 
41724, 4, 4 
56244, 4, 4 
3708, 4, 4 
27552, 4, 4 
27365, 4, 4 
37010, 4, 4 
33248, 4, 4 
57950, 4, 4 
19819, 4, 4 
6210, 4, 4 
18133, 4, 4 
37392, 4, 4 
56281, 4, 4 
55810, 4, 4 
19340, 4, 4 
57548, 4, 4 
44688, 4, 4 
10114, 4, 4 
3753, 4, 4 
30573, 4, 4 
17736, 4, 4 
35425, 4, 4 
7751, 4, 4 
21134, 4, 4 
5735, 4, 4 
2217, 4, 4 
32602, 4, 4 
6536, 4, 4 
52652, 4, 4 
9139, 4, 4 
7734, 4, 4 
11861, 4, 4 
51600, 4, 4 
30933, 4, 4 
13688, 4, 4 
2799, 4, 4 
31598, 4, 4 
40970, 4, 4 
18592, 4, 4 
18604, 4, 4 
38960, 4, 4 
51817, 4, 4 
47566, 4, 4 
27948, 4, 4 
23459, 4, 4 
5313, 4, 4 
51081, 4, 4 
50427, 4, 4 
27832, 4, 4 
53307, 4, 4 
22233, 4, 4 
24885, 4, 4 
24113, 4, 4 
48546, 4, 4 
32560, 4, 4 
40702, 4, 4 
45876, 4, 4 
49382, 4, 4 
31965, 4, 4 
10618, 4, 4 
12612, 4, 4 
31536, 4, 4 
34611, 4, 4 
37302, 4, 4 
58833, 4, 4 
23409, 4, 4 
13183, 4, 4 
56698, 4, 4 
59780, 4, 4 
45788, 4, 4 
19447, 4, 4 
9108, 4, 4 
33301, 4, 4 
1275, 4, 4 
42128, 4, 4 
42263, 4, 4 
24114, 4, 4 
1672, 4, 4 
14047, 4, 4 
4292, 4, 4 
19198, 4, 4 
17850, 4, 4 
21743, 4, 4 
37104, 4, 4 
55294, 4, 9 
2874, 4, 4 
46314, 4, 9 
16542, 4, 4 
17511, 4, 4 
48835, 4, 4 
34043, 4, 4 
46384, 4, 4 
52729, 4, 4 
25050, 4, 4 
39607, 4, 4 
43531, 4, 4 
54588, 4, 4 
15011, 4, 4 
59881, 4, 4 
9741, 4, 4 
32069, 4, 4 
50031, 4, 4 
43626, 4, 4 
58049, 4, 4 
57544, 4, 4 
29946, 4, 4 
64, 4, 4 
33816, 4, 4 
30276, 4, 4 
46643, 4, 4 
36092, 4, 4 
35716, 4, 4 
15059, 4, 4 
3052, 4, 4 
3624, 4, 4 
37176, 4, 4 
54276, 4, 4 
45357, 4, 4 
28917, 4, 4 
55597, 4, 4 
58101, 4, 1 
14185, 4, 4 
26599, 4, 4 
45950, 4, 4 
38757, 4, 4 
59759, 4, 4 
26582, 4, 4 
4633, 4, 4 
58474, 4, 4 
48448, 4, 4 
25653, 4, 4 
6336, 4, 4 
41749, 4, 4 
58400, 4, 4 
28747, 4, 4 
56316, 4, 4 
20110, 4, 4 
50069, 4, 4 
34185, 4, 4 
43929, 4, 4 
28573, 4, 4 
43010, 4, 4 
8677, 4, 4 
33679, 4, 4 
10521, 4, 4 
9071, 4, 4 
55607, 4, 4 
10789, 4, 4 
30637, 4, 4 
16572, 4, 4 
36548, 4, 4 
24781, 4, 4 
48819, 4, 4 
25293, 4, 4 
33506, 4, 4 
28109, 4, 4 
31246, 4, 4 
51146, 4, 4 
1827, 4, 4 
10303, 4, 4 
33849, 4, 4 
39241, 4, 4 
27424, 4, 4 
19564, 4, 4 
33882, 4, 4 
58634, 4, 4 
6009, 4, 4 
40919, 4, 4 
50339, 4, 4 
56595, 4, 4 
10641, 4, 4 
43737, 4, 4 
49722, 4, 4 
39954, 4, 4 
26106, 4, 4 
30311, 4, 4 
56187, 4, 4 
59227, 4, 4 
52377, 4, 4 
28963, 4, 4 
22974, 4, 4 
20924, 4, 4 
23033, 4, 4 
46995, 4, 4 
9957, 4, 4 
55630, 4, 4 
25175, 4, 4 
48813, 4, 4 
18294, 4, 4 
8962, 4, 4 
842, 4, 4 
6995, 4, 4 
14616, 4, 4 
58919, 4, 4 
2715, 4, 4 
16434, 4, 4 
2254, 4, 4 
30016, 4, 4 
23878, 4, 4 
33711, 4, 4 
33714, 4, 4 
26855, 4, 4 
7517, 4, 4 
17769, 4, 4 
28556, 4, 4 
23538, 4, 4 
32278, 4, 4 
59020, 4, 4 
58684, 4, 4 
20894, 4, 4 
30327, 4, 4 
38872, 4, 4 
23580, 4, 4 
22843, 4, 4 
31227, 4, 4 
20059, 4, 4 
36932, 4, 4 
10571, 4, 4 
15543, 4, 4 
3039, 4, 4 
41456, 4, 4 
17577, 4, 4 
33143, 4, 4 
9282, 4, 4 
24922, 4, 4 
51689, 4, 4 
47814, 4, 4 
59879, 4, 4 
2963, 4, 4 
33391, 4, 4 
38111, 4, 4 
4787, 4, 4 
26109, 4, 4 
42411, 4, 4 
51111, 4, 4 
990, 4, 4 
10177, 4, 4 
11916, 4, 4 
6258, 4, 4 
44233, 4, 4 
21287, 4, 4 
55197, 4, 4 
49692, 4, 4 
45316, 4, 4 
49823, 4, 4 
13451, 4, 4 
6448, 4, 2 
9536, 4, 4 
30326, 4, 9 
28588, 4, 4 
13823, 4, 4 
26573, 4, 4 
16601, 4, 4 
29703, 4, 4 
31717, 4, 4 
22747, 4, 4 
16985, 4, 4 
51135, 4, 4 
37799, 4, 4 
32101, 4, 4 
33900, 4, 4 
30868, 4, 4 
48728, 4, 4 
8400, 4, 4 
61, 4, 4 
55359, 4, 4 
42574, 4, 4 
8041, 4, 4 
11598, 4, 4 
12485, 4, 4 
23636, 4, 4 
36940, 4, 4 
15035, 4, 4 
45912, 4, 4 
56758, 4, 4 
22197, 4, 4 
22699, 4, 4 
3091, 4, 4 
40130, 4, 4 
40990, 4, 4 
3857, 4, 4 
30231, 4, 4 
48215, 4, 4 
33846, 4, 4 
44100, 4, 4 
3738, 4, 4 
31315, 4, 4 
48286, 4, 4 
53141, 4, 4 
4125, 4, 4 
38203, 4, 4 
26506, 4, 4 
33282, 4, 4 
47518, 4, 4 
17157, 4, 4 
53767, 4, 4 
28311, 4, 4 
41870, 4, 4 
48316, 4, 4 
18473, 4, 4 
34888, 5, 5 
43098, 5, 5 
16533, 5, 5 
51461, 5, 5 
23496, 5, 5 
25192, 5, 5 
2405, 5, 5 
54246, 5, 5 
40964, 5, 5 
15415, 5, 5 
48800, 5, 5 
32961, 5, 5 
15374, 5, 5 
23514, 5, 5 
59305, 5, 5 
1575, 5, 5 
27767, 5, 5 
18947, 5, 5 
56038, 5, 5 
18518, 5, 5 
38577, 5, 5 
42970, 5, 5 
23200, 5, 5 
59351, 5, 5 
33220, 5, 5 
26407, 5, 5 
43780, 5, 5 
49334, 5, 5 
11889, 5, 5 
55908, 5, 5 
19717, 5, 5 
38254, 5, 5 
47858, 5, 5 
679, 5, 5 
14828, 5, 5 
45808, 5, 5 
5061, 5, 5 
17495, 5, 5 
15285, 5, 5 
9859, 5, 5 
53120, 5, 5 
12856, 5, 5 
32277, 5, 5 
48348, 5, 5 
24854, 5, 5 
44488, 5, 5 
12467, 5, 5 
34610, 5, 5 
36087, 5, 5 
40902, 5, 5 
42390, 5, 5 
21530, 5, 5 
53696, 5, 5 
9919, 5, 5 
27942, 5, 5 
49991, 5, 5 
34274, 5, 5 
42407, 5, 5 
42964, 5, 5 
27400, 5, 5 
49558, 5, 5 
9320, 5, 5 
37379, 5, 5 
51553, 5, 5 
55823, 5, 5 
58845, 5, 5 
23874, 5, 5 
26700, 5, 5 
38959, 5, 5 
14404, 5, 5 
6374, 5, 5 
7842, 5, 5 
26873, 5, 5 
40059, 5, 5 
21799, 5, 5 
51972, 5, 5 
3595, 5, 5 
40474, 5, 5 
12289, 5, 5 
42108, 5, 5 
18782, 5, 5 
19944, 5, 5 
16219, 5, 5 
13843, 5, 5 
1991, 5, 5 
5757, 5, 5 
57256, 5, 5 
51349, 5, 5 
15085, 5, 5 
57182, 5, 5 
10782, 5, 5 
8986, 5, 5 
10185, 5, 5 
43696, 5, 5 
34561, 5, 5 
7068, 5, 5 
9124, 5, 5 
34112, 5, 5 
35953, 5, 5 
1795, 5, 5 
26655, 5, 5 
20120, 5, 5 
34996, 5, 5 
53695, 5, 5 
22887, 5, 5 
29539, 5, 5 
55349, 5, 5 
43937, 5, 5 
39468, 5, 5 
53479, 5, 5 
16157, 5, 5 
23544, 5, 5 
50460, 5, 5 
6636, 5, 5 
59945, 5, 5 
20935, 5, 5 
46805, 5, 5 
45731, 5, 5 
43409, 5, 5 
11643, 5, 5 
15304, 5, 5 
45547, 5, 5 
1430, 5, 5 
18418, 5, 5 
47856, 5, 5 
51130, 5, 5 
12507, 5, 5 
42983, 5, 5 
20837, 5, 5 
7902, 5, 5 
23836, 5, 5 
38512, 5, 5 
10586, 5, 5 
7374, 5, 5 
9367, 5, 5 
7103, 5, 5 
40511, 5, 5 
33200, 5, 5 
36839, 5, 5 
15893, 5, 5 
57900, 5, 5 
22379, 5, 5 
18209, 5, 5 
40546, 5, 5 
13092, 5, 5 
36011, 5, 5 
26823, 5, 5 
52947, 5, 5 
36804, 5, 5 
31099, 5, 5 
41094, 5, 5 
46381, 5, 5 
24100, 5, 5 
9073, 5, 5 
47854, 5, 5 
15143, 5, 5 
41152, 5, 5 
22038, 5, 5 
32198, 5, 5 
20038, 5, 5 
4562, 5, 5 
9958, 5, 5 
45872, 5, 5 
29038, 5, 5 
31418, 5, 5 
7091, 5, 5 
47832, 5, 5 
51854, 5, 5 
15676, 5, 5 
49375, 5, 5 
5028, 5, 5 
28748, 5, 5 
38295, 5, 5 
36900, 5, 5 
52458, 5, 5 
49672, 5, 5 
19874, 5, 5 
3669, 5, 5 
22973, 5, 5 
42687, 5, 5 
49190, 5, 5 
47661, 5, 5 
3525, 5, 5 
54988, 5, 5 
35570, 5, 5 
11507, 5, 5 
11963, 5, 5 
47428, 5, 5 
24951, 5, 5 
19364, 5, 5 
19207, 5, 5 
46759, 5, 5 
11706, 5, 5 
44506, 5, 5 
49236, 5, 5 
56499, 5, 5 
50592, 5, 5 
33603, 5, 5 
31891, 5, 5 
614, 5, 5 
54671, 5, 5 
14854, 5, 5 
26331, 5, 5 
25765, 5, 5 
42827, 5, 5 
43638, 5, 5 
1961, 5, 5 
31779, 5, 5 
50662, 5, 5 
29253, 5, 5 
4004, 5, 5 
19319, 5, 5 
26695, 5, 5 
36470, 5, 5 
30086, 5, 5 
4475, 5, 5 
13800, 5, 5 
18829, 5, 5 
26466, 5, 5 
7480, 5, 5 
34478, 5, 5 
47284, 5, 5 
43809, 5, 5 
59670, 5, 5 
48058, 5, 5 
45894, 5, 5 
27416, 5, 5 
31022, 5, 5 
38477, 5, 5 
25930, 5, 5 
19719, 5, 5 
49794, 5, 5 
45770, 5, 5 
10751, 5, 5 
52086, 5, 5 
11270, 5, 5 
51928, 5, 5 
28994, 5, 5 
17742, 5, 5 
11696, 5, 5 
14199, 5, 5 
32720, 5, 5 
2515, 5, 5 
51973, 5, 5 
4845, 5, 5 
3539, 5, 5 
50690, 5, 5 
59822, 5, 5 
29915, 5, 5 
18457, 5, 5 
55450, 5, 5 
50352, 5, 5 
26918, 5, 5 
44307, 5, 5 
56036, 5, 5 
2758, 5, 5 
23733, 5, 5 
3170, 5, 5 
28315, 5, 5 
18639, 5, 5 
59609, 5, 5 
27353, 5, 5 
55108, 5, 5 
15611, 5, 5 
33811, 5, 5 
24232, 5, 5 
12146, 5, 5 
52776, 5, 5 
53306, 5, 5 
10211, 5, 5 
59850, 5, 5 
54868, 5, 5 
51990, 5, 5 
36539, 5, 5 
46418, 5, 5 
14839, 5, 5 
35097, 5, 5 
31886, 5, 5 
52264, 5, 5 
54401, 5, 5 
51989, 5, 5 
51955, 5, 5 
16633, 5, 5 
53568, 5, 5 
24332, 5, 5 
45991, 5, 5 
2739, 5, 5 
5847, 5, 5 
38038, 5, 5 
28259, 5, 5 
33235, 5, 5 
42480, 5, 5 
51416, 5, 5 
26901, 5, 5 
40518, 5, 5 
37031, 5, 5 
57926, 5, 5 
10764, 5, 5 
48705, 5, 5 
53015, 5, 5 
45360, 5, 5 
38931, 5, 5 
47769, 5, 5 
53433, 5, 5 
31820, 5, 5 
21455, 5, 5 
4885, 5, 5 
58403, 5, 5 
17584, 5, 5 
19858, 5, 5 
49040, 5, 5 
29156, 5, 5 
12986, 5, 5 
1806, 5, 5 
22194, 5, 5 
28413, 5, 5 
36736, 5, 5 
13811, 5, 5 
43488, 5, 5 
36896, 5, 5 
50060, 5, 5 
37567, 5, 5 
2690, 5, 5 
59400, 5, 5 
58040, 5, 5 
47828, 5, 5 
17172, 5, 5 
15054, 5, 5 
9646, 5, 5 
55775, 5, 5 
2551, 5, 5 
38934, 5, 5 
5456, 5, 5 
47528, 5, 5 
59846, 5, 5 
47825, 5, 5 
53794, 5, 5 
32902, 5, 5 
512, 5, 5 
59618, 5, 5 
19089, 5, 3 
55591, 5, 5 
27002, 5, 5 
38513, 5, 5 
16358, 5, 5 
33077, 5, 5 
57470, 5, 5 
14078, 5, 5 
5363, 5, 5 
31472, 5, 5 
57383, 5, 5 
47193, 5, 5 
28332, 5, 5 
26771, 5, 5 
9376, 5, 5 
38313, 5, 5 
19078, 5, 5 
4057, 5, 5 
52474, 5, 5 
22779, 5, 5 
23722, 5, 5 
9464, 5, 5 
40840, 5, 5 
6412, 5, 5 
7699, 5, 5 
14180, 5, 5 
28360, 5, 5 
51371, 5, 5 
50633, 5, 5 
36454, 5, 5 
2401, 5, 5 
43175, 5, 5 
32724, 5, 5 
5712, 5, 5 
53229, 5, 5 
36984, 5, 5 
1864, 5, 5 
13336, 5, 5 
28060, 5, 5 
25560, 5, 5 
8927, 5, 5 
49393, 5, 5 
11154, 5, 5 
41719, 5, 5 
40346, 5, 5 
27408, 5, 5 
47586, 5, 5 
37414, 5, 5 
49668, 5, 5 
43591, 5, 5 
50155, 5, 5 
43206, 5, 5 
53122, 5, 5 
17747, 5, 5 
28504, 5, 5 
29197, 5, 5 
22734, 5, 5 
14318, 5, 5 
38902, 5, 5 
38345, 5, 5 
16959, 5, 5 
32290, 5, 5 
21519, 5, 5 
15558, 5, 5 
1468, 5, 5 
52459, 5, 5 
59576, 5, 5 
13256, 5, 5 
29555, 5, 5 
3752, 5, 5 
12137, 5, 5 
1615, 5, 5 
57942, 5, 5 
32875, 5, 5 
51227, 5, 5 
16242, 5, 5 
1265, 5, 5 
45604, 5, 5 
44733, 5, 5 
21989, 5, 5 
36729, 5, 5 
24650, 5, 5 
4304, 5, 5 
12818, 5, 5 
43397, 5, 5 
34711, 5, 5 
34400, 5, 5 
18696, 5, 5 
19590, 5, 5 
16499, 5, 5 
6112, 5, 5 
12996, 5, 5 
3681, 5, 5 
37805, 5, 5 
12957, 5, 5 
14994, 5, 5 
6781, 5, 5 
34692, 5, 5 
30766, 5, 5 
33928, 5, 5 
34829, 5, 5 
46608, 5, 5 
44976, 5, 5 
11542, 5, 5 
16210, 5, 5 
31946, 5, 5 
34122, 5, 5 
24374, 5, 5 
59005, 5, 5 
54883, 5, 5 
30112, 5, 5 
51551, 5, 5 
31554, 5, 5 
15855, 5, 5 
23925, 5, 5 
48872, 5, 5 
48358, 5, 5 
50540, 5, 5 
11590, 5, 5 
25762, 5, 5 
42762, 5, 5 
8876, 5, 5 
57330, 5, 5 
30371, 5, 5 
9138, 5, 5 
22193, 5, 5 
48512, 5, 5 
45211, 5, 5 
24960, 5, 5 
12862, 5, 5 
40669, 5, 5 
56982, 5, 5 
45432, 5, 5 
49935, 5, 5 
19533, 5, 5 
46813, 5, 5 
54828, 5, 5 
4015, 5, 5 
32168, 5, 5 
36354, 5, 5 
58359, 5, 5 
19607, 5, 5 
4259, 5, 5 
45024, 5, 5 
40182, 5, 5 
13264, 5, 5 
11324, 5, 5 
55394, 5, 5 
37413, 5, 5 
40695, 5, 5 
25356, 5, 5 
11609, 5, 5 
42232, 5, 5 
21836, 5, 5 
34626, 5, 5 
751, 5, 5 
57987, 5, 5 
26913, 5, 5 
6274, 5, 5 
55875, 5, 5 
37254, 6, 6 
34529, 6, 6 
47840, 6, 6 
46811, 6, 6 
46632, 6, 6 
26912, 6, 6 
43767, 6, 6 
52198, 6, 6 
33513, 6, 6 
41214, 6, 6 
10991, 6, 6 
56022, 6, 6 
33619, 6, 6 
24753, 6, 6 
5524, 6, 6 
45668, 6, 6 
58473, 6, 6 
21675, 6, 6 
21545, 6, 6 
9909, 6, 6 
16332, 6, 6 
31654, 6, 6 
2300, 6, 6 
37336, 6, 6 
17164, 6, 6 
52742, 6, 6 
46715, 6, 6 
25306, 6, 6 
15047, 6, 6 
40394, 6, 6 
39406, 6, 6 
29707, 6, 6 
32932, 6, 6 
55475, 6, 6 
32118, 6, 6 
50343, 6, 6 
2756, 6, 6 
15025, 6, 6 
31670, 6, 6 
45593, 6, 6 
56963, 6, 6 
46665, 6, 6 
3187, 6, 6 
14604, 6, 6 
498, 6, 6 
23654, 6, 6 
26425, 6, 6 
48082, 6, 6 
33258, 6, 6 
53706, 6, 6 
39908, 6, 6 
36601, 6, 6 
73, 6, 6 
34121, 6, 6 
18140, 6, 6 
8225, 6, 6 
41848, 6, 6 
42788, 6, 6 
17764, 6, 6 
506, 6, 6 
21728, 6, 6 
23465, 6, 6 
4635, 6, 6 
4712, 6, 6 
8590, 6, 6 
42103, 6, 6 
3058, 6, 6 
41793, 6, 6 
29411, 6, 6 
45291, 6, 6 
56972, 6, 6 
21605, 6, 6 
29970, 6, 6 
26677, 6, 6 
52125, 6, 6 
4702, 6, 6 
1869, 6, 6 
46844, 6, 6 
53869, 6, 6 
15159, 6, 6 
25893, 6, 6 
37859, 6, 6 
10534, 6, 6 
8720, 6, 6 
5913, 6, 6 
15188, 6, 6 
48958, 6, 6 
9201, 6, 6 
44809, 6, 6 
14634, 6, 6 
4732, 6, 6 
25860, 6, 6 
9943, 6, 6 
42937, 6, 6 
35750, 6, 6 
9808, 6, 6 
36259, 6, 6 
1801, 6, 6 
52674, 6, 6 
13860, 6, 6 
16378, 6, 6 
21081, 6, 6 
35627, 6, 6 
11390, 6, 6 
40980, 6, 6 
24955, 6, 6 
829, 6, 6 
31909, 6, 6 
9379, 6, 6 
1358, 6, 6 
5310, 6, 6 
26483, 6, 6 
58303, 6, 6 
14813, 6, 6 
40591, 6, 6 
50159, 6, 6 
17528, 6, 6 
36653, 6, 6 
37509, 6, 6 
32912, 6, 6 
19848, 6, 6 
16728, 6, 6 
26077, 6, 6 
59445, 6, 6 
23577, 6, 6 
56632, 6, 6 
17843, 6, 6 
44382, 6, 6 
30345, 6, 6 
7711, 6, 6 
43673, 6, 6 
24079, 6, 6 
51805, 6, 6 
10149, 6, 6 
8683, 6, 6 
29217, 6, 6 
45914, 6, 6 
37350, 6, 6 
57883, 6, 6 
59292, 6, 6 
46131, 6, 6 
35868, 6, 6 
34117, 6, 6 
17382, 6, 6 
29568, 6, 6 
13758, 6, 6 
33227, 6, 6 
33063, 6, 6 
38703, 6, 6 
46646, 6, 6 
27404, 6, 6 
58724, 6, 6 
28548, 6, 6 
465, 6, 6 
19684, 6, 6 
27268, 6, 6 
2156, 6, 6 
51021, 6, 6 
20416, 6, 6 
47774, 6, 6 
10748, 6, 6 
13614, 6, 6 
9042, 6, 6 
5935, 6, 6 
35154, 6, 6 
10452, 6, 6 
34009, 6, 6 
24224, 6, 6 
55626, 6, 6 
49456, 6, 6 
12410, 6, 6 
40828, 6, 6 
42730, 6, 6 
30755, 6, 6 
22107, 6, 6 
32692, 6, 6 
42027, 6, 6 
3451, 6, 6 
21838, 6, 6 
48864, 6, 6 
58997, 6, 6 
38925, 6, 6 
49484, 6, 6 
37445, 6, 6 
44428, 6, 6 
50193, 6, 6 
45523, 6, 6 
35158, 6, 6 
16746, 6, 6 
53499, 6, 6 
18593, 6, 6 
25135, 6, 6 
1957, 6, 6 
44732, 6, 6 
34220, 6, 6 
30341, 6, 6 
8100, 6, 6 
53981, 6, 6 
37998, 6, 6 
53775, 6, 6 
18134, 6, 6 
17150, 6, 6 
34046, 6, 6 
15303, 6, 6 
17397, 6, 6 
36383, 6, 6 
27319, 6, 6 
57565, 6, 6 
8357, 6, 6 
47593, 6, 6 
46704, 6, 6 
7571, 6, 6 
6732, 6, 6 
11927, 6, 6 
7559, 6, 6 
4360, 6, 6 
12715, 6, 6 
598, 6, 6 
1303, 6, 6 
25917, 6, 6 
32111, 6, 6 
10224, 6, 6 
3779, 6, 6 
37231, 6, 6 
39337, 6, 6 
4990, 6, 6 
14473, 6, 6 
42942, 6, 6 
2096, 6, 6 
13261, 6, 6 
5374, 6, 6 
41538, 6, 6 
58949, 6, 6 
16535, 6, 6 
46440, 6, 6 
35846, 6, 6 
14071, 6, 6 
48879, 6, 6 
23244, 6, 6 
22298, 6, 6 
1091, 6, 6 
1706, 6, 6 
34374, 6, 6 
30839, 6, 6 
45338, 6, 6 
10229, 6, 6 
36523, 6, 6 
16188, 6, 6 
51219, 6, 6 
39086, 6, 6 
38761, 6, 6 
5037, 6, 6 
42905, 6, 6 
41546, 6, 6 
32734, 6, 6 
46198, 6, 6 
55255, 6, 6 
26285, 6, 6 
23628, 6, 6 
54537, 6, 6 
46420, 6, 6 
2789, 6, 6 
28797, 6, 6 
53005, 6, 6 
39200, 6, 6 
51662, 6, 6 
38302, 6, 6 
9405, 6, 6 
26482, 6, 6 
23922, 6, 6 
56809, 6, 6 
7868, 6, 6 
38444, 6, 6 
8850, 6, 6 
41257, 6, 6 
47792, 6, 6 
29630, 6, 6 
30444, 6, 6 
3207, 6, 6 
49517, 6, 6 
30727, 6, 6 
5774, 6, 6 
44119, 6, 6 
47694, 6, 6 
12262, 6, 6 
46859, 6, 6 
15529, 6, 6 
30878, 6, 6 
43545, 6, 6 
53777, 6, 6 
841, 6, 6 
21074, 6, 6 
21808, 6, 6 
14072, 6, 6 
23125, 6, 6 
6201, 6, 6 
47376, 6, 5 
57758, 6, 6 
737, 6, 6 
35206, 6, 6 
28947, 6, 6 
58157, 6, 6 
10273, 6, 6 
16933, 6, 6 
41344, 6, 6 
5634, 6, 6 
43320, 6, 6 
1240, 6, 6 
10913, 6, 6 
17401, 6, 6 
27981, 6, 6 
9596, 6, 6 
48632, 6, 6 
41874, 6, 6 
21347, 6, 6 
7684, 6, 6 
59801, 6, 6 
49765, 6, 6 
41261, 6, 6 
58732, 6, 6 
49233, 6, 6 
40541, 6, 6 
36905, 6, 6 
30799, 6, 6 
20764, 6, 6 
26792, 6, 6 
15961, 6, 6 
14416, 6, 6 
2930, 6, 6 
36305, 6, 6 
55820, 6, 6 
46177, 6, 6 
50059, 6, 6 
5721, 6, 6 
56767, 6, 6 
26301, 6, 6 
59981, 6, 6 
11357, 6, 6 
31903, 6, 6 
44790, 6, 6 
37724, 6, 6 
45634, 6, 6 
50863, 6, 6 
26915, 6, 6 
26551, 6, 6 
45376, 6, 6 
27505, 6, 6 
42957, 6, 6 
7972, 6, 6 
20637, 6, 6 
36570, 6, 6 
26977, 6, 6 
25358, 6, 6 
5846, 6, 6 
53625, 6, 6 
28758, 6, 6 
12758, 6, 6 
3089, 6, 6 
27536, 6, 6 
54316, 6, 6 
49626, 6, 6 
46359, 6, 6 
18982, 6, 6 
7401, 6, 6 
37549, 6, 6 
28549, 6, 6 
39036, 6, 6 
45713, 6, 6 
46529, 6, 6 
52976, 6, 6 
4520, 6, 6 
19276, 6, 6 
26469, 6, 6 
42689, 6, 6 
51497, 6, 6 
10754, 6, 6 
16346, 6, 6 
56463, 6, 6 
41963, 6, 6 
44989, 6, 6 
45395, 6, 6 
28251, 6, 6 
55168, 6, 6 
3757, 6, 6 
40383, 6, 6 
18608, 6, 6 
36766, 6, 6 
27303, 6, 6 
15862, 6, 6 
48239, 6, 6 
53197, 6, 6 
20137, 6, 6 
43359, 6, 6 
23236, 6, 6 
53228, 6, 6 
13731, 6, 6 
20775, 6, 6 
9645, 6, 6 
26697, 6, 6 
29079, 6, 6 
14500, 6, 6 
24687, 6, 6 
46669, 6, 6 
16830, 6, 6 
50938, 6, 6 
8697, 6, 6 
12359, 6, 6 
28320, 6, 6 
39567, 6, 6 
21599, 6, 6 
39934, 6, 6 
34896, 6, 6 
13809, 6, 6 
1781, 6, 6 
50104, 6, 6 
33814, 6, 6 
43420, 6, 6 
2025, 6, 6 
35342, 6, 6 
52820, 6, 6 
16088, 6, 6 
2757, 6, 6 
23937, 6, 6 
41636, 6, 6 
15419, 6, 6 
20733, 6, 6 
59146, 6, 6 
40229, 6, 6 
56441, 6, 6 
26601, 6, 6 
5759, 6, 6 
15620, 6, 6 
10375, 6, 6 
31645, 6, 6 
42960, 6, 6 
6246, 6, 6 
2249, 6, 6 
4560, 6, 6 
42922, 6, 6 
46587, 6, 6 
57036, 6, 6 
6572, 6, 6 
44801, 6, 6 
5039, 6, 6 
56641, 6, 6 
29554, 6, 6 
16703, 6, 6 
58216, 6, 6 
40282, 6, 6 
2556, 6, 6 
45934, 6, 6 
32241, 6, 6 
20656, 6, 6 
24779, 6, 6 
8846, 6, 6 
28467, 6, 6 
35768, 6, 6 
20704, 6, 6 
53389, 6, 6 
36893, 6, 6 
56421, 6, 6 
22191, 6, 6 
7341, 6, 6 
42256, 6, 6 
35470, 6, 6 
38695, 6, 6 
37310, 6, 6 
1424, 6, 6 
52387, 6, 6 
37639, 6, 6 
13858, 6, 6 
55123, 6, 6 
37177, 6, 6 
26988, 6, 6 
50415, 6, 6 
7298, 6, 6 
21117, 6, 6 
56811, 6, 6 
18376, 6, 6 
53588, 6, 6 
8929, 6, 6 
12518, 6, 6 
36703, 6, 6 
8792, 6, 6 
18302, 6, 6 
24581, 6, 6 
25475, 6, 6 
35204, 6, 6 
29035, 6, 6 
47032, 6, 6 
8420, 6, 6 
52426, 6, 6 
13813, 6, 6 
38185, 6, 6 
41890, 6, 6 
26394, 6, 6 
52858, 6, 6 
43804, 6, 6 
6909, 6, 6 
15687, 6, 6 
11548, 7, 7 
31391, 7, 7 
11687, 7, 7 
44912, 7, 7 
30718, 7, 7 
9768, 7, 7 
39845, 7, 7 
5968, 7, 7 
51358, 7, 7 
52701, 7, 7 
50920, 7, 7 
56096, 7, 7 
53702, 7, 7 
8804, 7, 7 
30166, 7, 7 
54396, 7, 7 
28642, 7, 2 
37784, 7, 7 
31076, 7, 7 
22836, 7, 7 
49485, 7, 7 
43821, 7, 7 
7010, 7, 7 
21086, 7, 7 
44042, 7, 7 
56518, 7, 7 
48170, 7, 7 
11294, 7, 7 
27203, 7, 7 
27597, 7, 7 
32542, 7, 7 
28219, 7, 7 
46081, 7, 7 
52337, 7, 7 
45187, 7, 7 
27925, 7, 7 
49590, 7, 7 
14795, 7, 7 
43202, 7, 7 
51304, 7, 7 
9502, 7, 7 
58258, 7, 7 
3718, 7, 7 
35633, 7, 7 
58228, 7, 7 
2347, 7, 7 
23698, 7, 7 
46078, 7, 7 
40311, 7, 7 
58524, 7, 7 
42672, 7, 7 
52071, 7, 7 
2752, 7, 7 
58778, 7, 7 
3507, 7, 7 
8651, 7, 7 
54385, 7, 7 
8090, 7, 7 
4366, 7, 7 
38502, 7, 7 
34454, 7, 7 
26829, 7, 7 
37561, 7, 7 
19312, 7, 7 
14104, 7, 7 
52480, 7, 7 
6953, 7, 7 
17329, 7, 7 
230, 7, 7 
2048, 7, 7 
3915, 7, 7 
38869, 7, 7 
53956, 7, 7 
15331, 7, 7 
22326, 7, 7 
56814, 7, 7 
53694, 7, 7 
24221, 7, 7 
55826, 7, 7 
54097, 7, 7 
25615, 7, 7 
41236, 7, 7 
20605, 7, 7 
39752, 7, 7 
11092, 7, 7 
31824, 7, 7 
8232, 7, 7 
12364, 7, 7 
14460, 7, 7 
56382, 7, 7 
50455, 7, 7 
54971, 7, 7 
36856, 7, 7 
26026, 7, 7 
55059, 7, 7 
17776, 7, 7 
47511, 7, 7 
16199, 7, 7 
44757, 7, 7 
36178, 7, 7 
16505, 7, 7 
52463, 7, 7 
55971, 7, 7 
8364, 7, 7 
31849, 7, 7 
43052, 7, 7 
24568, 7, 7 
49120, 7, 7 
57576, 7, 7 
58565, 7, 7 
24994, 7, 7 
13311, 7, 7 
16696, 7, 7 
36654, 7, 7 
11164, 7, 7 
2386, 7, 7 
39920, 7, 7 
13665, 7, 7 
22392, 7, 7 
43886, 7, 7 
25392, 7, 7 
19534, 7, 7 
53839, 7, 7 
7866, 7, 7 
21396, 7, 7 
44640, 7, 7 
56410, 7, 7 
34934, 7, 7 
33660, 7, 7 
43627, 7, 7 
33164, 7, 7 
40386, 7, 9 
20921, 7, 7 
42094, 7, 7 
6064, 7, 7 
24670, 7, 7 
33873, 7, 7 
44472, 7, 7 
14095, 7, 7 
17303, 7, 7 
25817, 7, 7 
34503, 7, 7 
36545, 7, 7 
16623, 7, 7 
21437, 7, 7 
20991, 7, 7 
47536, 7, 7 
24207, 7, 7 
40061, 7, 7 
37245, 7, 7 
42430, 7, 7 
5022, 7, 7 
50822, 7, 7 
21400, 7, 7 
32428, 7, 7 
258, 7, 7 
38191, 7, 7 
53164, 7, 7 
31125, 7, 7 
34485, 7, 7 
34434, 7, 7 
4207, 7, 7 
56392, 7, 7 
908, 7, 7 
31914, 7, 7 
52730, 7, 7 
22090, 7, 7 
53074, 7, 7 
12571, 7, 7 
46605, 7, 7 
4000, 7, 7 
324, 7, 7 
18191, 7, 7 
904, 7, 7 
43533, 7, 7 
59348, 7, 7 
6202, 7, 7 
20189, 7, 7 
47844, 7, 7 
22739, 7, 7 
15019, 7, 7 
51062, 7, 7 
54176, 7, 7 
19434, 7, 7 
55647, 7, 7 
18204, 7, 7 
33134, 7, 7 
57502, 7, 7 
18871, 7, 7 
41692, 7, 7 
59441, 7, 7 
11080, 7, 7 
53783, 7, 7 
50796, 7, 7 
42772, 7, 7 
15740, 7, 7 
31423, 7, 7 
19733, 7, 7 
30290, 7, 2 
934, 7, 7 
49320, 7, 7 
48333, 7, 7 
10517, 7, 7 
42067, 7, 7 
9082, 7, 7 
27561, 7, 7 
36158, 7, 7 
53699, 7, 7 
32266, 7, 7 
8991, 7, 7 
57066, 7, 7 
6054, 7, 7 
41184, 7, 7 
37811, 7, 7 
212, 7, 7 
43841, 7, 7 
30560, 7, 7 
28541, 7, 7 
18793, 7, 7 
14379, 7, 7 
56591, 7, 7 
9571, 7, 7 
4551, 7, 7 
7869, 7, 7 
34689, 7, 7 
39769, 7, 7 
52669, 7, 7 
8717, 7, 7 
35316, 7, 7 
34618, 7, 7 
48909, 7, 7 
19823, 7, 7 
37834, 7, 1 
20227, 7, 7 
7348, 7, 7 
20260, 7, 7 
7255, 7, 7 
18729, 7, 7 
640, 7, 7 
17833, 7, 7 
12492, 7, 7 
9115, 7, 7 
37753, 7, 7 
52588, 7, 7 
48124, 7, 7 
33423, 7, 7 
18346, 7, 7 
46171, 7, 7 
21322, 7, 7 
47262, 7, 7 
12273, 7, 7 
35625, 7, 7 
38018, 7, 7 
22955, 7, 7 
35223, 7, 7 
35451, 7, 7 
24723, 7, 7 
2759, 7, 7 
23840, 7, 7 
34677, 7, 7 
2929, 7, 7 
27157, 7, 2 
23946, 7, 7 
19780, 7, 7 
15254, 7, 7 
3846, 7, 7 
38521, 7, 7 
37657, 7, 7 
26337, 7, 7 
7226, 7, 7 
57512, 7, 7 
48736, 7, 7 
56095, 7, 7 
11056, 7, 7 
33582, 7, 7 
20583, 7, 7 
9499, 7, 7 
29325, 7, 7 
35711, 7, 7 
7287, 7, 7 
40476, 7, 7 
53188, 7, 7 
28535, 7, 7 
55735, 7, 7 
4175, 7, 7 
8143, 7, 7 
31742, 7, 7 
13794, 7, 7 
57292, 7, 7 
57323, 7, 7 
7737, 7, 7 
13123, 7, 7 
9243, 7, 7 
56680, 7, 7 
52490, 7, 7 
55492, 7, 7 
29900, 7, 7 
13815, 7, 7 
40524, 7, 7 
42844, 7, 7 
42466, 7, 7 
23427, 7, 7 
44562, 7, 7 
24935, 7, 7 
50795, 7, 7 
9224, 7, 7 
47453, 7, 7 
29440, 7, 9 
17419, 7, 7 
9235, 7, 7 
24709, 7, 7 
32028, 7, 7 
45188, 7, 7 
11220, 7, 7 
50536, 7, 7 
48515, 7, 7 
43222, 7, 7 
6250, 7, 7 
3868, 7, 7 
14243, 7, 7 
36876, 7, 7 
55439, 7, 7 
3162, 7, 7 
19283, 7, 7 
29833, 7, 7 
21662, 7, 7 
55882, 7, 7 
4363, 7, 7 
17963, 7, 7 
25895, 7, 7 
56601, 7, 7 
56218, 7, 7 
44590, 7, 7 
14337, 7, 7 
22984, 7, 7 
40323, 7, 7 
28542, 7, 7 
25469, 7, 7 
40222, 7, 7 
954, 7, 7 
3498, 7, 7 
24878, 7, 7 
23603, 7, 7 
12420, 7, 7 
33335, 7, 7 
29512, 7, 7 
56640, 7, 7 
58816, 7, 7 
29733, 7, 7 
32589, 7, 7 
25115, 7, 7 
2982, 7, 7 
53094, 7, 7 
6507, 7, 7 
30936, 7, 7 
48575, 7, 7 
47071, 7, 7 
49399, 7, 7 
22539, 7, 7 
9990, 7, 7 
7931, 7, 7 
11528, 7, 7 
52911, 7, 7 
15127, 7, 7 
35199, 7, 7 
41113, 7, 7 
22057, 7, 7 
5447, 7, 7 
4242, 7, 7 
40435, 7, 7 
11159, 7, 7 
27635, 7, 7 
56451, 7, 7 
42548, 7, 7 
44392, 7, 7 
25126, 7, 7 
9022, 7, 7 
33639, 7, 7 
23985, 7, 7 
948, 7, 7 
10715, 7, 7 
18315, 7, 7 
288, 7, 7 
52591, 7, 7 
25133, 7, 7 
436, 7, 7 
35101, 7, 7 
40378, 7, 2 
19844, 7, 7 
49415, 7, 7 
24655, 7, 7 
12668, 7, 7 
40700, 7, 7 
35754, 7, 7 
35225, 7, 7 
56769, 7, 7 
50721, 7, 7 
46514, 7, 7 
54818, 7, 7 
58606, 7, 7 
11768, 7, 7 
23678, 7, 3 
57723, 7, 7 
11085, 7, 7 
56815, 7, 7 
40387, 7, 7 
16687, 7, 7 
58118, 7, 7 
4591, 7, 7 
47570, 7, 7 
31533, 7, 7 
34207, 7, 7 
6956, 7, 7 
8437, 7, 7 
28207, 7, 7 
47160, 7, 7 
44795, 7, 7 
37055, 7, 7 
53415, 7, 7 
30495, 7, 7 
59124, 7, 7 
37034, 7, 7 
2380, 7, 7 
36238, 7, 7 
41297, 7, 7 
28848, 7, 7 
31055, 7, 7 
24171, 7, 7 
18876, 7, 7 
2447, 7, 7 
28632, 7, 7 
32215, 7, 7 
59068, 7, 7 
44485, 7, 7 
6241, 7, 7 
42320, 7, 7 
37279, 7, 7 
15, 7, 7 
6713, 7, 7 
30001, 7, 7 
31560, 7, 7 
45978, 7, 7 
19625, 7, 7 
42031, 7, 7 
2750, 7, 7 
28071, 7, 7 
57556, 7, 7 
43461, 7, 7 
30504, 7, 7 
27481, 7, 7 
55167, 7, 7 
57230, 7, 7 
21937, 7, 7 
20312, 7, 7 
11185, 7, 7 
10965, 7, 7 
52436, 7, 7 
29297, 7, 7 
58393, 7, 7 
32873, 7, 7 
47423, 7, 7 
17140, 7, 7 
50760, 7, 7 
2488, 7, 7 
33280, 7, 7 
58975, 7, 7 
21621, 7, 7 
49330, 7, 7 
23220, 7, 7 
5300, 7, 7 
3081, 7, 7 
25013, 7, 7 
38255, 7, 7 
30657, 7, 7 
44927, 7, 7 
48874, 7, 7 
26755, 7, 7 
32048, 7, 7 
13150, 7, 7 
43859, 7, 7 
24044, 7, 7 
25929, 7, 7 
45310, 7, 7 
46349, 7, 7 
53171, 7, 7 
11919, 7, 7 
55452, 7, 7 
45392, 7, 9 
34446, 7, 7 
30798, 7, 7 
38506, 7, 7 
9267, 7, 7 
9992, 7, 7 
30801, 7, 7 
18844, 7, 7 
5778, 7, 7 
49551, 7, 7 
35519, 7, 7 
18681, 7, 7 
38916, 7, 7 
27849, 8, 8 
37715, 8, 8 
19367, 8, 8 
386, 8, 8 
36219, 8, 8 
18902, 8, 8 
36861, 8, 8 
26947, 8, 8 
43182, 8, 8 
19595, 8, 8 
11568, 8, 8 
3762, 8, 8 
41931, 8, 8 
59018, 8, 8 
57077, 8, 8 
44702, 8, 8 
16417, 8, 8 
57090, 8, 8 
30654, 8, 8 
21825, 8, 8 
30324, 8, 8 
5119, 8, 8 
45311, 8, 8 
41118, 8, 8 
1790, 8, 8 
31781, 8, 8 
28351, 8, 8 
31474, 8, 8 
10596, 8, 8 
7681, 8, 8 
28136, 8, 8 
12660, 8, 8 
42724, 8, 8 
58296, 8, 8 
57869, 8, 8 
42878, 8, 8 
7540, 8, 8 
25254, 8, 8 
10592, 8, 8 
56978, 8, 8 
24137, 8, 8 
48192, 8, 8 
42079, 8, 8 
51164, 8, 8 
16114, 8, 8 
21851, 8, 8 
45884, 8, 8 
52592, 8, 8 
41996, 8, 8 
56396, 8, 8 
30521, 8, 8 
48711, 8, 8 
54749, 8, 8 
43656, 8, 8 
41935, 8, 8 
48560, 8, 8 
43072, 8, 8 
8501, 8, 8 
19103, 8, 8 
14495, 8, 8 
55537, 8, 8 
22274, 8, 8 
11258, 8, 8 
22755, 8, 8 
44875, 8, 8 
3365, 8, 8 
31023, 8, 8 
32760, 8, 8 
44069, 8, 8 
39201, 8, 8 
5199, 8, 8 
10948, 8, 8 
39141, 8, 8 
42241, 8, 8 
56295, 8, 8 
14893, 8, 8 
5243, 8, 8 
30703, 8, 8 
58508, 8, 8 
19911, 8, 8 
8482, 8, 8 
52398, 8, 8 
21408, 8, 8 
39658, 8, 8 
8520, 8, 8 
23458, 8, 8 
34758, 8, 8 
5775, 8, 8 
7439, 8, 8 
43579, 8, 8 
33997, 8, 8 
35365, 8, 8 
26061, 8, 8 
48684, 8, 8 
45109, 8, 8 
54308, 8, 8 
49578, 8, 8 
43846, 8, 8 
51223, 8, 8 
1105, 8, 8 
47315, 8, 8 
14140, 8, 8 
15766, 8, 5 
52890, 8, 8 
20405, 8, 8 
45027, 8, 8 
58394, 8, 8 
59865, 8, 8 
3086, 8, 8 
30775, 8, 8 
51058, 8, 8 
35193, 8, 8 
43692, 8, 8 
59057, 8, 8 
25741, 8, 8 
33546, 8, 8 
42987, 8, 8 
1009, 8, 8 
47053, 8, 8 
14754, 8, 8 
57332, 8, 8 
51670, 8, 8 
16517, 8, 8 
34533, 8, 8 
14830, 8, 8 
35981, 8, 8 
48289, 8, 8 
48472, 8, 8 
42662, 8, 2 
24823, 8, 8 
6896, 8, 8 
48967, 8, 8 
35783, 8, 8 
22320, 8, 8 
20690, 8, 8 
594, 8, 8 
34304, 8, 8 
19582, 8, 8 
18419, 8, 8 
36221, 8, 8 
24460, 8, 8 
54505, 8, 8 
45737, 8, 8 
9873, 8, 8 
46154, 8, 8 
42624, 8, 9 
29780, 8, 8 
49114, 8, 8 
39450, 8, 8 
42515, 8, 8 
7682, 8, 8 
33424, 8, 8 
40571, 8, 8 
38420, 8, 8 
7607, 8, 8 
10711, 8, 8 
43515, 8, 8 
31135, 8, 8 
14826, 8, 8 
29563, 8, 8 
36492, 8, 8 
50258, 8, 8 
35809, 8, 8 
39559, 8, 8 
18491, 8, 8 
22724, 8, 8 
57993, 8, 8 
57467, 8, 8 
48756, 8, 8 
4825, 8, 8 
36927, 8, 8 
15096, 8, 8 
35042, 8, 8 
29751, 8, 8 
16785, 8, 8 
559, 8, 8 
27488, 8, 8 
48011, 8, 8 
35940, 8, 8 
12444, 8, 8 
28503, 8, 8 
27974, 8, 8 
46034, 8, 8 
12623, 8, 8 
47505, 8, 8 
2016, 8, 8 
38799, 8, 8 
1666, 8, 8 
53170, 8, 8 
37278, 8, 8 
56068, 8, 8 
39864, 8, 8 
42029, 8, 2 
22623, 8, 8 
37039, 8, 8 
29798, 8, 8 
32553, 8, 2 
51954, 8, 8 
55706, 8, 8 
17196, 8, 8 
14626, 8, 8 
11611, 8, 8 
25968, 8, 8 
17596, 8, 8 
29589, 8, 8 
42034, 8, 8 
7168, 8, 8 
43823, 8, 8 
35541, 8, 8 
45813, 8, 8 
30172, 8, 8 
300, 8, 8 
33387, 8, 8 
40092, 8, 8 
25879, 8, 8 
865, 8, 8 
51709, 8, 8 
44695, 8, 8 
16539, 8, 8 
43194, 8, 8 
56428, 8, 8 
37281, 8, 2 
28433, 8, 8 
43403, 8, 8 
33476, 8, 8 
38331, 8, 8 
12118, 8, 8 
30581, 8, 8 
29422, 8, 8 
53860, 8, 8 
15021, 8, 8 
8033, 8, 8 
51459, 8, 8 
52072, 8, 8 
28470, 8, 8 
14055, 8, 8 
27916, 8, 8 
45653, 8, 8 
12777, 8, 8 
33557, 8, 8 
1948, 8, 8 
36944, 8, 8 
46739, 8, 8 
32116, 8, 8 
499, 8, 8 
6457, 8, 8 
4348, 8, 8 
21383, 8, 8 
30268, 8, 8 
21711, 8, 8 
19928, 8, 8 
27469, 8, 8 
31273, 8, 8 
41394, 8, 8 
49803, 8, 8 
10115, 8, 8 
39602, 8, 8 
31168, 8, 8 
55263, 8, 8 
52746, 8, 8 
22507, 8, 8 
12174, 8, 8 
18533, 8, 8 
18047, 8, 8 
3845, 8, 8 
25976, 8, 8 
43894, 8, 8 
2425, 8, 8 
6697, 8, 8 
37075, 8, 8 
34376, 8, 8 
20858, 8, 8 
47298, 8, 8 
56867, 8, 8 
37417, 8, 8 
13592, 8, 8 
3163, 8, 8 
1519, 8, 8 
22873, 8, 8 
13017, 8, 8 
19931, 8, 8 
3073, 8, 8 
41544, 8, 8 
42679, 8, 8 
9956, 8, 8 
53885, 8, 8 
45117, 8, 9 
41175, 8, 8 
15502, 8, 8 
7642, 8, 8 
12988, 8, 8 
15149, 8, 8 
19557, 8, 8 
11859, 8, 8 
11749, 8, 8 
23426, 8, 8 
9924, 8, 8 
9521, 8, 8 
10720, 8, 8 
59593, 8, 8 
35339, 8, 8 
12032, 8, 8 
25117, 8, 8 
56412, 8, 8 
58716, 8, 8 
33802, 8, 8 
21189, 8, 8 
32426, 8, 8 
11726, 8, 8 
43234, 8, 8 
48394, 8, 8 
58990, 8, 8 
19603, 8, 8 
30467, 8, 8 
46110, 8, 8 
34901, 8, 8 
41751, 8, 8 
48693, 8, 8 
4537, 8, 8 
16275, 8, 8 
28526, 8, 8 
26231, 8, 8 
48617, 8, 8 
4151, 8, 8 
16864, 8, 8 
24791, 8, 8 
55218, 8, 8 
19046, 8, 8 
56180, 8, 8 
46876, 8, 8 
56623, 8, 8 
19371, 8, 8 
47615, 8, 8 
24123, 8, 8 
32181, 8, 8 
5628, 8, 8 
12054, 8, 8 
17919, 8, 8 
44221, 8, 8 
55497, 8, 8 
9008, 8, 2 
49751, 8, 8 
42533, 8, 8 
2901, 8, 5 
5819, 8, 8 
37628, 8, 8 
51009, 8, 8 
35308, 8, 8 
5894, 8, 8 
22494, 8, 8 
11625, 8, 8 
42208, 8, 8 
49303, 8, 8 
23899, 8, 8 
40808, 8, 8 
27048, 8, 8 
33386, 8, 8 
39751, 8, 8 
48115, 8, 8 
46428, 8, 8 
57031, 8, 8 
12419, 8, 8 
11273, 8, 8 
47948, 8, 8 
31329, 8, 8 
34722, 8, 8 
33678, 8, 8 
32971, 8, 8 
9537, 8, 8 
22837, 8, 8 
46348, 8, 8 
56593, 8, 8 
13420, 8, 8 
22923, 8, 8 
45898, 8, 8 
11614, 8, 8 
46719, 8, 8 
48309, 8, 8 
23602, 8, 8 
3961, 8, 8 
52612, 8, 8 
58405, 8, 8 
36915, 8, 8 
47538, 8, 5 
34842, 8, 8 
47567, 8, 8 
5205, 8, 8 
29142, 8, 8 
7035, 8, 8 
26351, 8, 8 
23184, 8, 8 
52390, 8, 8 
20743, 8, 8 
53786, 8, 8 
32837, 8, 8 
47034, 8, 1 
10197, 8, 8 
24150, 8, 8 
44202, 8, 8 
36182, 8, 8 
15599, 8, 8 
53131, 8, 8 
58762, 8, 8 
53186, 8, 8 
5557, 8, 8 
46789, 8, 8 
38725, 8, 8 
58787, 8, 8 
16284, 8, 8 
40031, 8, 8 
602, 8, 8 
20191, 8, 8 
37253, 8, 8 
3976, 8, 8 
32471, 8, 8 
16101, 8, 8 
51501, 8, 8 
37106, 8, 8 
22913, 8, 8 
40467, 8, 8 
10927, 8, 8 
18439, 8, 8 
14941, 8, 8 
11808, 8, 8 
29303, 8, 8 
20753, 8, 8 
23071, 8, 8 
43755, 8, 8 
55606, 8, 8 
45082, 8, 8 
7461, 8, 8 
21118, 8, 8 
17948, 8, 8 
32093, 8, 8 
29026, 8, 8 
54040, 8, 8 
13343, 8, 8 
25205, 8, 8 
777, 8, 8 
16951, 8, 8 
52389, 8, 8 
41882, 8, 8 
44913, 8, 8 
34804, 8, 8 
27399, 8, 8 
48223, 8, 8 
45317, 8, 8 
16158, 8, 8 
8536, 8, 8 
54006, 8, 8 
59438, 8, 8 
26616, 8, 8 
2444, 8, 8 
19605, 8, 8 
34663, 8, 8 
23659, 8, 8 
47421, 8, 5 
47401, 8, 8 
32615, 8, 8 
46827, 8, 8 
18334, 8, 8 
14014, 8, 8 
17859, 8, 8 
59393, 8, 8 
42813, 8, 8 
42961, 8, 8 
49170, 8, 8 
13795, 8, 8 
43145, 8, 8 
23129, 8, 8 
14013, 8, 8 
1404, 8, 6 
6806, 8, 8 
10041, 8, 8 
52764, 8, 8 
36323, 8, 8 
26804, 8, 8 
36710, 8, 8 
15522, 8, 8 
51769, 8, 8 
53765, 8, 8 
39149, 8, 8 
33579, 8, 8 
3066, 8, 8 
42331, 8, 8 
55989, 8, 8 
54958, 8, 8 
37695, 8, 8 
39994, 8, 8 
31486, 8, 8 
47726, 8, 8 
35484, 8, 8 
35772, 8, 8 
5394, 8, 8 
48149, 8, 8 
53315, 8, 8 
34011, 8, 8 
35232, 8, 8 
20014, 8, 8 
20352, 8, 8 
2060, 9, 9 
55007, 9, 9 
42293, 9, 9 
4306, 9, 9 
34439, 9, 9 
39549, 9, 9 
38353, 9, 9 
56634, 9, 9 
23100, 9, 9 
42482, 9, 9 
19113, 9, 9 
12495, 9, 9 
25946, 9, 9 
5726, 9, 9 
5829, 9, 9 
23314, 9, 9 
50467, 9, 9 
20818, 9, 9 
4368, 9, 9 
51827, 9, 9 
22125, 9, 9 
50209, 9, 9 
48803, 9, 9 
3371, 9, 9 
40667, 9, 9 
52948, 9, 9 
34399, 9, 9 
1410, 9, 9 
30686, 9, 9 
9503, 9, 9 
34072, 9, 9 
54874, 9, 9 
39576, 9, 9 
32729, 9, 9 
33252, 9, 9 
58796, 9, 9 
43660, 9, 9 
24053, 9, 9 
47332, 9, 9 
26558, 9, 9 
9969, 9, 9 
1659, 9, 9 
13526, 9, 9 
1903, 9, 9 
1459, 9, 9 
25493, 9, 9 
37259, 9, 9 
4606, 9, 9 
21040, 9, 9 
6084, 9, 9 
27605, 9, 9 
8030, 9, 9 
35991, 9, 9 
687, 9, 9 
6751, 9, 9 
40028, 9, 9 
42577, 9, 9 
43810, 9, 9 
52714, 9, 9 
49130, 9, 9 
39869, 9, 9 
43565, 9, 9 
59857, 9, 9 
20698, 9, 9 
52556, 9, 9 
26314, 9, 9 
29710, 9, 9 
7258, 9, 9 
55243, 9, 9 
34126, 9, 9 
15162, 9, 9 
48987, 9, 9 
23217, 9, 9 
25837, 9, 9 
2331, 9, 9 
3481, 9, 9 
39724, 9, 9 
7013, 9, 9 
26609, 9, 9 
51200, 9, 9 
17785, 9, 9 
27234, 9, 9 
27734, 9, 9 
46973, 9, 9 
38969, 9, 9 
5282, 9, 9 
35218, 9, 9 
34764, 9, 9 
32504, 9, 9 
16775, 9, 9 
27460, 9, 9 
50859, 9, 9 
8641, 9, 9 
25933, 9, 9 
5745, 9, 9 
48245, 9, 9 
29553, 9, 9 
25215, 9, 9 
22597, 9, 9 
19860, 9, 9 
3022, 9, 9 
51981, 9, 9 
14554, 9, 9 
42651, 9, 9 
162, 9, 9 
29010, 9, 9 
12910, 9, 9 
12868, 9, 9 
49730, 9, 9 
3987, 9, 9 
55454, 9, 9 
17737, 9, 9 
44228, 9, 9 
21165, 9, 9 
59518, 9, 9 
40531, 9, 9 
11668, 9, 9 
45525, 9, 9 
34517, 9, 9 
13530, 9, 9 
54275, 9, 9 
12389, 9, 9 
20571, 9, 9 
15725, 9, 9 
8393, 9, 9 
46537, 9, 9 
6061, 9, 9 
40446, 9, 9 
12999, 9, 9 
59287, 9, 9 
45071, 9, 9 
33701, 9, 9 
54860, 9, 9 
48484, 9, 9 
18959, 9, 9 
36225, 9, 9 
9827, 9, 9 
30208, 9, 9 
21192, 9, 9 
43903, 9, 9 
50349, 9, 9 
16568, 9, 9 
48148, 9, 9 
15553, 9, 9 
17899, 9, 9 
24920, 9, 9 
1122, 9, 9 
59564, 9, 9 
26346, 9, 9 
18996, 9, 9 
14493, 9, 9 
57309, 9, 9 
4091, 9, 9 
26426, 9, 9 
25905, 9, 9 
25652, 9, 9 
39480, 9, 9 
13692, 9, 9 
27815, 9, 9 
8231, 9, 9 
30263, 9, 9 
7713, 9, 9 
51812, 9, 9 
4313, 9, 9 
46929, 9, 9 
4929, 9, 9 
36080, 9, 9 
20641, 9, 9 
50816, 9, 9 
35480, 9, 1 
1274, 9, 9 
13932, 9, 9 
23463, 9, 9 
38760, 9, 9 
2351, 9, 9 
37430, 9, 9 
50758, 9, 9 
48457, 9, 9 
44438, 9, 9 
9949, 9, 9 
13949, 9, 9 
9346, 9, 9 
4894, 9, 9 
1518, 9, 9 
53393, 9, 9 
55648, 9, 9 
3238, 9, 9 
16250, 9, 9 
41792, 9, 9 
44230, 9, 9 
16303, 9, 9 
57627, 9, 9 
47588, 9, 9 
3834, 9, 9 
24643, 9, 9 
45762, 9, 9 
4811, 9, 9 
55850, 9, 9 
58059, 9, 9 
42640, 9, 9 
34615, 9, 9 
59027, 9, 9 
15860, 9, 9 
15666, 9, 9 
59910, 9, 9 
35603, 9, 9 
21495, 9, 9 
9357, 9, 9 
42529, 9, 9 
12914, 9, 9 
29536, 9, 9 
43028, 9, 9 
29369, 9, 9 
43425, 9, 9 
39501, 9, 9 
20410, 9, 9 
7773, 9, 9 
27342, 9, 9 
17186, 9, 9 
51082, 9, 9 
30144, 9, 9 
12965, 9, 9 
22299, 9, 9 
35019, 9, 9 
6164, 9, 9 
24164, 9, 9 
55068, 9, 9 
34224, 9, 9 
4594, 9, 9 
55406, 9, 9 
44376, 9, 9 
39481, 9, 9 
37779, 9, 9 
40113, 9, 9 
47056, 9, 9 
45793, 9, 9 
32759, 9, 9 
17989, 9, 9 
3583, 9, 9 
26513, 9, 9 
33098, 9, 9 
48940, 9, 9 
38880, 9, 9 
34797, 9, 9 
1720, 9, 9 
41102, 9, 9 
7680, 9, 9 
39718, 9, 9 
51470, 9, 9 
34254, 9, 9 
13982, 9, 9 
43358, 9, 9 
13806, 9, 9 
31783, 9, 9 
13996, 9, 9 
23719, 9, 9 
56713, 9, 9 
10414, 9, 9 
56923, 9, 9 
5522, 9, 9 
7511, 9, 9 
23512, 9, 9 
55200, 9, 9 
30782, 9, 9 
29195, 9, 9 
39593, 9, 9 
47703, 9, 9 
46698, 9, 9 
25633, 9, 9 
9448, 9, 9 
16034, 9, 9 
30620, 9, 9 
7505, 9, 9 
13904, 9, 9 
41594, 9, 9 
37111, 9, 9 
2221, 9, 9 
32594, 9, 9 
7239, 9, 9 
12162, 9, 9 
18552, 9, 9 
31707, 9, 9 
3257, 9, 9 
49442, 9, 9 
460, 9, 9 
28113, 9, 9 
42668, 9, 9 
20841, 9, 9 
49925, 9, 9 
39569, 9, 9 
18458, 9, 9 
20982, 9, 9 
43992, 9, 9 
18510, 9, 9 
56166, 9, 9 
788, 9, 4 
54905, 9, 9 
41645, 9, 9 
20457, 9, 9 
15881, 9, 9 
19428, 9, 9 
7478, 9, 9 
23624, 9, 9 
4936, 9, 9 
16967, 9, 9 
45308, 9, 9 
9390, 9, 9 
48577, 9, 9 
45775, 9, 9 
3818, 9, 9 
25239, 9, 9 
10588, 9, 9 
23748, 9, 9 
4158, 9, 9 
58263, 9, 9 
23901, 9, 9 
46023, 9, 9 
48290, 9, 9 
20450, 9, 9 
47390, 9, 9 
3265, 9, 9 
50079, 9, 9 
42516, 9, 9 
3000, 9, 9 
5125, 9, 9 
15659, 9, 9 
40685, 9, 9 
12160, 9, 9 
704, 9, 9 
42214, 9, 9 
37664, 9, 9 
54081, 9, 9 
27237, 9, 9 
47148, 9, 9 
7492, 9, 9 
22719, 9, 9 
51132, 9, 9 
30437, 9, 9 
59695, 9, 9 
13791, 9, 9 
47134, 9, 9 
53202, 9, 9 
10232, 9, 9 
49898, 9, 9 
13805, 9, 9 
37457, 9, 9 
24401, 9, 9 
7335, 9, 9 
58979, 9, 9 
18437, 9, 9 
58735, 9, 9 
32356, 9, 9 
46655, 9, 9 
12248, 9, 9 
47091, 9, 9 
57259, 9, 9 
31818, 9, 9 
36418, 9, 9 
18377, 9, 9 
23170, 9, 9 
2199, 9, 9 
4769, 9, 9 
27066, 9, 9 
13646, 9, 9 
50373, 9, 9 
29993, 9, 9 
34013, 9, 9 
21631, 9, 9 
20084, 9, 9 
3190, 9, 9 
15117, 9, 9 
32066, 9, 9 
19320, 9, 9 
37906, 9, 9 
32821, 9, 9 
4949, 9, 9 
35789, 9, 9 
52651, 9, 9 
16342, 9, 9 
16681, 9, 9 
50391, 9, 9 
38552, 9, 9 
8971, 9, 9 
37391, 9, 9 
15151, 9, 9 
6092, 9, 9 
41274, 9, 9 
55813, 9, 9 
51842, 9, 9 
45431, 9, 9 
12825, 9, 9 
13359, 9, 9 
26349, 9, 9 
54055, 9, 9 
26064, 9, 9 
45039, 9, 9 
36000, 9, 9 
13115, 9, 9 
30756, 9, 9 
7812, 9, 9 
1507, 9, 9 
5233, 9, 9 
12050, 9, 9 
29821, 9, 9 
22050, 9, 9 
13763, 9, 9 
8674, 9, 9 
9265, 9, 9 
4912, 9, 9 
26316, 9, 9 
29502, 9, 9 
50318, 9, 9 
33599, 9, 9 
34940, 9, 9 
50767, 9, 9 
14332, 9, 9 
35715, 9, 9 
1949, 9, 9 
27174, 9, 9 
6438, 9, 9 
31358, 9, 9 
29672, 9, 9 
31089, 9, 9 
18579, 9, 9 
39199, 9, 9 
28308, 9, 9 
49469, 9, 9 
23990, 9, 9 
3787, 9, 9 
33422, 9, 9 
1522, 9, 9 
18241, 9, 9 
4161, 9, 9 
51165, 9, 9 
44559, 9, 9 
27515, 9, 9 
21835, 9, 9 
3594, 9, 9 
59782, 9, 9 
46609, 9, 9 
9304, 9, 9 
38917, 9, 9 
30537, 9, 9 
24947, 9, 9 
12006, 9, 9 
8316, 9, 9 
54520, 9, 9 
24193, 9, 9 
16727, 9, 9 
29660, 9, 9 
16799, 9, 9 
9729, 9, 9 
7474, 9, 9 
41395, 9, 9 
24246, 9, 9 
36807, 9, 9 
37873, 9, 9 
38233, 9, 9 
29328, 9, 9 
28047, 9, 9 
26730, 9, 9 
22552, 9, 9 
38795, 9, 9 
49656, 9, 9 
11938, 9, 9 
46987, 9, 9 
40656, 9, 9 
51783, 9, 9 
54036, 9, 9 
3303, 9, 9 
37265, 9, 9 
5044, 9, 9 
3696, 9, 7 
22687, 9, 9 
49549, 9, 9 
21657, 9, 9 
7949, 9, 9 
11096, 9, 9 
59404, 9, 9 
41840, 9, 9 
38137, 9, 9 
21897, 9, 9 
33606, 9, 9 
1284, 9, 9 
39425, 9, 9 
16673, 9, 9 
11474, 9, 9 
27780, 9, 9 
35374, 9, 9 
48818, 9, 9 
21840, 9, 9 
8487, 9, 9 
20826, 9, 9 
27112, 9, 9 
6310, 9, 9 
49653, 9, 9 
15446, 9, 9 
14247, 9, 9 
32771, 9, 9 
41706, 9, 9 
