id, true label, predicted label 
41341, 0, 0 
38802, 0, 0 
35816, 0, 0 
8046, 0, 0 
45853, 0, 0 
11758, 0, 0 
35262, 0, 0 
41643, 0, 0 
55727, 0, 0 
10259, 0, 0 
1015, 0, 0 
13777, 0, 0 
32574, 0, 0 
36431, 0, 0 
9966, 0, 0 
49311, 0, 0 
57326, 0, 0 
13467, 0, 0 
54080, 0, 0 
23088, 0, 0 
35708, 0, 0 
56176, 0, 0 
54474, 0, 0 
58053, 0, 0 
612, 0, 0 
47267, 0, 0 
15662, 0, 0 
2079, 0, 0 
9032, 0, 0 
9035, 0, 0 
30207, 0, 0 
26836, 0, 0 
26389, 0, 0 
28160, 0, 0 
18606, 0, 0 
42915, 0, 0 
57061, 0, 0 
37780, 0, 0 
32880, 0, 9 
35050, 0, 0 
39306, 0, 0 
59155, 0, 0 
27343, 0, 0 
1578, 0, 0 
9914, 0, 0 
20719, 0, 0 
14752, 0, 0 
2770, 0, 0 
6337, 0, 0 
56005, 0, 0 
56984, 0, 0 
54235, 0, 0 
23643, 0, 0 
453, 0, 0 
50643, 0, 0 
13738, 0, 0 
46740, 0, 0 
48111, 0, 0 
46562, 0, 0 
40817, 0, 0 
44333, 0, 0 
31836, 0, 0 
50157, 0, 0 
22432, 0, 0 
42634, 0, 0 
23753, 0, 0 
34634, 0, 0 
54515, 0, 0 
21308, 0, 0 
28627, 0, 0 
33302, 0, 0 
34086, 0, 0 
9406, 0, 0 
169, 0, 0 
22897, 0, 0 
44448, 0, 0 
56512, 0, 0 
44344, 0, 0 
32568, 0, 0 
1877, 0, 0 
18889, 0, 0 
5929, 0, 0 
36937, 0, 0 
43083, 0, 0 
43778, 0, 0 
16122, 0, 0 
40313, 0, 0 
42153, 0, 0 
20602, 0, 0 
13044, 0, 0 
31581, 0, 0 
45401, 0, 0 
23741, 0, 0 
47917, 0, 0 
40649, 0, 0 
58356, 0, 0 
20947, 0, 0 
49848, 0, 0 
4216, 0, 0 
24993, 0, 0 
29736, 0, 0 
26843, 0, 0 
6538, 0, 0 
55631, 0, 0 
46579, 0, 0 
12575, 0, 0 
13029, 0, 0 
33112, 0, 0 
58718, 0, 0 
14991, 0, 0 
33378, 0, 0 
50839, 0, 0 
25312, 0, 0 
33501, 0, 0 
16941, 0, 0 
26139, 0, 0 
29684, 0, 0 
75, 0, 0 
4889, 0, 0 
3241, 0, 0 
16178, 0, 0 
55045, 0, 0 
4729, 0, 0 
1367, 0, 0 
54609, 0, 0 
16540, 0, 0 
43960, 0, 0 
40082, 0, 0 
20012, 0, 0 
35320, 0, 0 
40797, 0, 0 
46328, 0, 0 
15864, 0, 0 
46557, 0, 0 
2897, 0, 0 
45966, 0, 0 
56236, 0, 0 
45766, 0, 0 
52185, 0, 0 
8681, 0, 0 
33608, 0, 0 
33703, 0, 0 
19924, 0, 0 
46375, 0, 0 
16163, 0, 0 
30196, 0, 0 
44060, 0, 0 
31341, 0, 0 
33136, 0, 0 
34943, 0, 0 
40179, 0, 0 
26191, 0, 0 
10909, 0, 0 
31277, 0, 0 
3667, 0, 0 
59103, 0, 0 
57843, 0, 0 
17304, 0, 0 
47572, 0, 0 
54941, 0, 0 
33148, 0, 0 
44451, 0, 0 
45126, 0, 0 
19049, 0, 0 
21600, 0, 0 
5321, 0, 0 
42752, 0, 0 
249, 0, 0 
53328, 0, 0 
36412, 0, 0 
10781, 0, 0 
53685, 0, 0 
24892, 0, 0 
16903, 0, 0 
47419, 0, 0 
34514, 0, 0 
3441, 0, 0 
10237, 0, 0 
47466, 0, 0 
30555, 0, 0 
26508, 0, 0 
8527, 0, 0 
20088, 0, 0 
42896, 0, 0 
55837, 0, 0 
7589, 0, 0 
2483, 0, 0 
29250, 0, 0 
51789, 0, 0 
16085, 0, 0 
30955, 0, 0 
18132, 0, 0 
7286, 0, 0 
46017, 0, 0 
37497, 0, 0 
8147, 0, 0 
19902, 0, 0 
53173, 0, 0 
43939, 0, 0 
51505, 0, 0 
37415, 0, 0 
12144, 0, 0 
15508, 0, 0 
8901, 0, 0 
16518, 0, 0 
27395, 0, 0 
39279, 0, 0 
23813, 0, 0 
1828, 0, 0 
48755, 0, 0 
51685, 0, 0 
32800, 0, 0 
18137, 0, 0 
57682, 0, 0 
47346, 0, 0 
56868, 0, 0 
30212, 0, 0 
50101, 0, 0 
10806, 0, 0 
11014, 0, 0 
5767, 0, 0 
17508, 0, 0 
29515, 0, 0 
37220, 0, 0 
4505, 0, 0 
40237, 0, 0 
44766, 0, 0 
13641, 0, 0 
56609, 0, 0 
25957, 0, 0 
32778, 0, 0 
50026, 0, 0 
57091, 0, 0 
46054, 0, 0 
27332, 0, 0 
19360, 0, 6 
11807, 0, 0 
2325, 0, 0 
28755, 0, 0 
4539, 0, 0 
27628, 0, 0 
52247, 0, 0 
25650, 0, 0 
27900, 0, 0 
6228, 0, 0 
9452, 0, 0 
26262, 0, 0 
16543, 0, 0 
16705, 0, 0 
40565, 0, 0 
43092, 0, 0 
54012, 0, 0 
22932, 0, 0 
9196, 0, 0 
17923, 0, 0 
52449, 0, 0 
32293, 0, 0 
51019, 0, 0 
5583, 0, 0 
9865, 0, 0 
14722, 0, 0 
50559, 0, 0 
33079, 0, 0 
39055, 0, 0 
31895, 0, 0 
15108, 0, 0 
28002, 0, 0 
16244, 0, 0 
55259, 0, 0 
56662, 0, 0 
44094, 0, 0 
7409, 0, 0 
23739, 0, 0 
37510, 0, 0 
4870, 0, 0 
45315, 0, 0 
50586, 0, 0 
34519, 0, 0 
25024, 0, 0 
49561, 0, 0 
50518, 0, 0 
41646, 0, 0 
12134, 0, 0 
41384, 0, 0 
48364, 0, 0 
55408, 0, 0 
15330, 0, 0 
9869, 0, 0 
24717, 0, 0 
45417, 0, 0 
5228, 0, 0 
56332, 0, 0 
8253, 0, 0 
18794, 0, 0 
31695, 0, 0 
30624, 0, 0 
59099, 0, 0 
53354, 0, 0 
35465, 0, 0 
13097, 0, 0 
21848, 0, 0 
42488, 0, 0 
53934, 0, 0 
5007, 0, 0 
5505, 0, 0 
16439, 0, 0 
26298, 0, 0 
1606, 0, 0 
10599, 0, 0 
33848, 0, 0 
6768, 0, 0 
58062, 0, 0 
25714, 0, 0 
26369, 0, 0 
3698, 0, 0 
42081, 0, 0 
59105, 0, 0 
2353, 0, 0 
18509, 0, 0 
41368, 0, 0 
35757, 0, 0 
41252, 0, 0 
30706, 0, 0 
11957, 0, 0 
33640, 0, 0 
2435, 0, 0 
21534, 0, 0 
43561, 0, 0 
46339, 0, 0 
29926, 0, 0 
2253, 0, 0 
22225, 0, 0 
15828, 0, 0 
24893, 0, 0 
44777, 0, 0 
5373, 0, 0 
29395, 0, 0 
19594, 0, 0 
1368, 0, 0 
44660, 0, 0 
51680, 0, 0 
43701, 0, 0 
15854, 0, 0 
58256, 0, 0 
24268, 0, 0 
11902, 0, 0 
18641, 0, 0 
32946, 0, 0 
15926, 0, 0 
25818, 0, 0 
54703, 0, 0 
39175, 0, 0 
29235, 0, 0 
31466, 0, 0 
28457, 0, 0 
54822, 0, 0 
30651, 0, 0 
23277, 0, 0 
10914, 0, 0 
23108, 0, 0 
3720, 0, 0 
489, 0, 0 
40162, 0, 0 
59762, 0, 0 
53893, 0, 0 
21049, 0, 0 
5694, 0, 0 
34073, 0, 0 
44130, 0, 0 
43961, 0, 0 
1729, 0, 0 
4002, 0, 0 
42277, 0, 0 
40412, 0, 0 
41383, 0, 0 
53195, 0, 0 
49974, 0, 0 
21909, 0, 0 
12313, 0, 0 
40612, 0, 0 
41556, 0, 0 
43549, 0, 0 
1796, 0, 0 
37642, 0, 0 
32690, 0, 0 
28647, 0, 0 
16144, 0, 0 
15399, 0, 0 
35348, 0, 0 
19915, 0, 0 
52836, 0, 0 
38816, 0, 0 
17905, 0, 0 
28855, 0, 0 
19787, 0, 0 
36620, 0, 0 
13896, 0, 0 
34172, 0, 0 
34, 0, 0 
21353, 0, 0 
24842, 0, 0 
49713, 0, 0 
12142, 0, 0 
44900, 0, 0 
29044, 0, 0 
41352, 0, 0 
4718, 0, 0 
21132, 0, 0 
15291, 0, 0 
22048, 0, 0 
33214, 0, 0 
28875, 0, 0 
8129, 0, 0 
48142, 0, 0 
37052, 0, 0 
51327, 0, 0 
28714, 0, 0 
49200, 0, 0 
52245, 0, 0 
8247, 0, 0 
8809, 0, 0 
14039, 0, 0 
52179, 0, 0 
59987, 0, 0 
6227, 0, 0 
34904, 0, 0 
2826, 0, 0 
3529, 0, 0 
41350, 0, 0 
55027, 0, 0 
44243, 0, 0 
13808, 0, 0 
5560, 0, 0 
2806, 0, 0 
14131, 0, 0 
21029, 0, 0 
7552, 0, 0 
56318, 0, 0 
40803, 0, 0 
32298, 0, 0 
58897, 0, 0 
18893, 0, 0 
42091, 0, 0 
49889, 0, 0 
6326, 0, 0 
44720, 0, 0 
7130, 0, 0 
24245, 0, 0 
6113, 0, 0 
45061, 0, 0 
15704, 0, 0 
40171, 0, 0 
36882, 0, 0 
32867, 0, 0 
51997, 0, 0 
51404, 0, 0 
41987, 0, 0 
927, 0, 0 
37752, 0, 0 
55366, 0, 0 
2621, 0, 0 
59288, 0, 0 
5342, 0, 0 
23124, 0, 0 
1532, 0, 0 
5010, 0, 0 
23136, 0, 0 
46796, 0, 0 
53293, 0, 0 
34775, 0, 0 
6502, 0, 0 
5801, 0, 0 
38155, 0, 0 
27712, 0, 0 
8926, 0, 0 
47386, 0, 0 
11187, 0, 0 
14472, 0, 0 
5019, 0, 0 
34283, 0, 0 
5048, 0, 0 
47722, 0, 0 
3410, 0, 0 
27327, 0, 0 
5932, 0, 0 
58560, 0, 0 
39039, 0, 0 
18515, 0, 0 
45695, 0, 0 
35063, 0, 0 
818, 0, 0 
51828, 0, 0 
10265, 0, 0 
46596, 0, 0 
58647, 0, 0 
52554, 0, 0 
51845, 0, 0 
32925, 0, 0 
5398, 0, 0 
9204, 0, 0 
50063, 1, 1 
19018, 1, 1 
46725, 1, 1 
47670, 1, 1 
31332, 1, 1 
5933, 1, 1 
24711, 1, 1 
59571, 1, 1 
59339, 1, 1 
8319, 1, 1 
38951, 1, 1 
5149, 1, 1 
48900, 1, 1 
15838, 1, 1 
1528, 1, 1 
59958, 1, 1 
38707, 1, 1 
51666, 1, 1 
24288, 1, 1 
53103, 1, 1 
54708, 1, 1 
3406, 1, 1 
48061, 1, 1 
17487, 1, 1 
24626, 1, 1 
51136, 1, 1 
45909, 1, 1 
24895, 1, 1 
58610, 1, 1 
39950, 1, 1 
5876, 1, 1 
4970, 1, 1 
14967, 1, 1 
40918, 1, 1 
20838, 1, 1 
59391, 1, 1 
45290, 1, 1 
44245, 1, 1 
33480, 1, 1 
8679, 1, 1 
46792, 1, 1 
55587, 1, 1 
8648, 1, 1 
46113, 1, 1 
33377, 1, 1 
40007, 1, 1 
29030, 1, 1 
7027, 1, 1 
39857, 1, 1 
59872, 1, 1 
8070, 1, 1 
36731, 1, 1 
14853, 1, 1 
37463, 1, 1 
4775, 1, 1 
1230, 1, 1 
56768, 1, 1 
14463, 1, 1 
6702, 1, 1 
30731, 1, 1 
44473, 1, 1 
533, 1, 1 
44648, 1, 1 
47985, 1, 1 
52654, 1, 1 
24923, 1, 1 
37741, 1, 1 
28488, 1, 1 
29840, 1, 1 
31679, 1, 1 
26485, 1, 1 
31701, 1, 1 
37635, 1, 1 
50477, 1, 1 
52693, 1, 1 
47799, 1, 1 
39465, 1, 1 
104, 1, 1 
57521, 1, 1 
23340, 1, 1 
16720, 1, 1 
35094, 1, 1 
25364, 1, 1 
36333, 1, 1 
11047, 1, 1 
51606, 1, 1 
44996, 1, 1 
18474, 1, 1 
12704, 1, 1 
6654, 1, 1 
24710, 1, 1 
25847, 1, 1 
15231, 1, 1 
1521, 1, 1 
8895, 1, 1 
15438, 1, 1 
48741, 1, 1 
39977, 1, 1 
50062, 1, 1 
3831, 1, 1 
56737, 1, 1 
15252, 1, 1 
15632, 1, 1 
35792, 1, 1 
19094, 1, 1 
30179, 1, 1 
59419, 1, 1 
49557, 1, 1 
13840, 1, 1 
42531, 1, 1 
41694, 1, 1 
30854, 1, 1 
10783, 1, 1 
30567, 1, 1 
44887, 1, 1 
57340, 1, 1 
2572, 1, 1 
11433, 1, 1 
19516, 1, 1 
47213, 1, 1 
58238, 1, 1 
21740, 1, 1 
510, 1, 1 
13154, 1, 1 
41971, 1, 1 
604, 1, 1 
13790, 1, 1 
39661, 1, 1 
4657, 1, 1 
32085, 1, 1 
43044, 1, 1 
46823, 1, 1 
14900, 1, 1 
44800, 1, 1 
19830, 1, 1 
58567, 1, 1 
48464, 1, 1 
26421, 1, 1 
16835, 1, 1 
59796, 1, 1 
38985, 1, 1 
48209, 1, 1 
22644, 1, 1 
37742, 1, 1 
40696, 1, 1 
31930, 1, 1 
6880, 1, 1 
12798, 1, 1 
17638, 1, 1 
7574, 1, 1 
46954, 1, 1 
22168, 1, 1 
10180, 1, 1 
55740, 1, 1 
58397, 1, 1 
40525, 1, 1 
41139, 1, 1 
35592, 1, 1 
6709, 1, 1 
46142, 1, 1 
2197, 1, 1 
21498, 1, 1 
25596, 1, 1 
35395, 1, 1 
3464, 1, 1 
31815, 1, 1 
35595, 1, 1 
6262, 1, 1 
3321, 1, 1 
38774, 1, 1 
10290, 1, 1 
51426, 1, 1 
16362, 1, 1 
54875, 1, 1 
14849, 1, 1 
12824, 1, 1 
59616, 1, 1 
17834, 1, 1 
2807, 1, 1 
20047, 1, 1 
17505, 1, 1 
50051, 1, 1 
43297, 1, 1 
44786, 1, 1 
36801, 1, 1 
28545, 1, 1 
11248, 1, 1 
13923, 1, 1 
5859, 1, 1 
24038, 1, 1 
20654, 1, 1 
25103, 1, 1 
11671, 1, 1 
40201, 1, 1 
41449, 1, 1 
9332, 1, 1 
29715, 1, 1 
52254, 1, 1 
17704, 1, 1 
39159, 1, 1 
3593, 1, 1 
52342, 1, 1 
49943, 1, 1 
57607, 1, 1 
49035, 1, 1 
26539, 1, 1 
44369, 1, 1 
58207, 1, 1 
12261, 1, 1 
24663, 1, 1 
6244, 1, 1 
39652, 1, 1 
32306, 1, 1 
35048, 1, 1 
59373, 1, 1 
8331, 1, 1 
32338, 1, 1 
46165, 1, 1 
24737, 1, 1 
29740, 1, 1 
46496, 1, 1 
3725, 1, 1 
11943, 1, 1 
11995, 1, 1 
45105, 1, 1 
10325, 1, 1 
12382, 1, 1 
6419, 1, 1 
28718, 1, 1 
22192, 1, 1 
30117, 1, 1 
23775, 1, 1 
37237, 1, 1 
11728, 1, 1 
36608, 1, 1 
53791, 1, 1 
42486, 1, 1 
43801, 1, 1 
17472, 1, 1 
20195, 1, 1 
24624, 1, 1 
34723, 1, 1 
35299, 1, 1 
17012, 1, 1 
37011, 1, 1 
17928, 1, 1 
7440, 1, 1 
5570, 1, 1 
10129, 1, 1 
34403, 1, 1 
12642, 1, 1 
46342, 1, 1 
4810, 1, 1 
8452, 1, 1 
26167, 1, 1 
21476, 1, 1 
52675, 1, 1 
47391, 1, 1 
55267, 1, 1 
17727, 1, 1 
51067, 1, 1 
28110, 1, 1 
59692, 1, 1 
55306, 1, 1 
37036, 1, 1 
58561, 1, 1 
53667, 1, 1 
21574, 1, 1 
8083, 1, 1 
56081, 1, 1 
33243, 1, 1 
1375, 1, 1 
14466, 1, 1 
27354, 1, 1 
59156, 1, 1 
33279, 1, 1 
10455, 1, 1 
1452, 1, 1 
14061, 1, 1 
26495, 1, 1 
27124, 1, 1 
15316, 1, 1 
11178, 1, 1 
21978, 1, 1 
19850, 1, 1 
43261, 1, 1 
28961, 1, 1 
25504, 1, 1 
22347, 1, 1 
24634, 1, 1 
22896, 1, 1 
59052, 1, 1 
8781, 1, 1 
27831, 1, 1 
8678, 1, 1 
25230, 1, 1 
33663, 1, 1 
45730, 1, 1 
18286, 1, 1 
35163, 1, 1 
51671, 1, 1 
5107, 1, 1 
47350, 1, 1 
42307, 1, 1 
6142, 1, 1 
22330, 1, 1 
14354, 1, 1 
37101, 1, 1 
2870, 1, 1 
24020, 1, 1 
3111, 1, 1 
33086, 1, 1 
17938, 1, 1 
23404, 1, 1 
8051, 1, 1 
290, 1, 1 
8815, 1, 1 
54946, 1, 1 
45254, 1, 1 
9796, 1, 1 
56953, 1, 1 
23530, 1, 1 
38572, 1, 1 
53448, 1, 1 
28166, 1, 1 
28361, 1, 1 
26317, 1, 1 
59688, 1, 1 
15068, 1, 1 
25163, 1, 1 
24688, 1, 1 
15649, 1, 1 
14271, 1, 1 
36682, 1, 1 
41333, 1, 1 
4014, 1, 1 
53147, 1, 1 
41514, 1, 1 
35396, 1, 1 
23532, 1, 1 
57761, 1, 1 
40220, 1, 1 
25666, 1, 1 
41623, 1, 1 
38750, 1, 1 
20427, 1, 1 
40097, 1, 1 
593, 1, 1 
7138, 1, 1 
52777, 1, 1 
36744, 1, 3 
15423, 1, 1 
52058, 1, 1 
55150, 1, 1 
14870, 1, 1 
43490, 1, 1 
27639, 1, 1 
31406, 1, 1 
57436, 1, 1 
27063, 1, 1 
42156, 1, 1 
52822, 1, 1 
39846, 1, 1 
37882, 1, 1 
10027, 1, 1 
6052, 1, 1 
56456, 1, 1 
24628, 1, 1 
10364, 1, 1 
16203, 1, 1 
37499, 1, 1 
24567, 1, 1 
47642, 1, 1 
8538, 1, 1 
20556, 1, 1 
99, 1, 1 
42967, 1, 1 
21990, 1, 1 
11939, 1, 1 
54468, 1, 1 
3068, 1, 1 
57322, 1, 1 
25606, 1, 1 
2162, 1, 1 
19640, 1, 1 
20951, 1, 1 
38272, 1, 1 
50350, 1, 1 
35436, 1, 1 
36864, 1, 1 
45433, 1, 1 
38276, 1, 1 
54479, 1, 1 
7671, 1, 1 
18695, 1, 1 
46107, 1, 1 
21196, 1, 1 
10157, 1, 1 
43053, 1, 1 
36265, 1, 1 
5301, 1, 1 
38591, 1, 1 
50979, 1, 1 
6586, 1, 1 
50362, 1, 1 
443, 1, 1 
16991, 1, 1 
38928, 1, 1 
36408, 1, 1 
49131, 1, 1 
55478, 1, 1 
55714, 1, 1 
56882, 1, 1 
44482, 1, 1 
17650, 1, 1 
51563, 1, 1 
56757, 1, 1 
8970, 1, 1 
32295, 1, 1 
50585, 1, 1 
51035, 1, 1 
34329, 1, 1 
32358, 1, 1 
10205, 1, 1 
41879, 1, 1 
1238, 1, 1 
40682, 1, 1 
50661, 1, 1 
15020, 1, 1 
2202, 1, 1 
1977, 1, 1 
19010, 1, 1 
26789, 1, 1 
54485, 1, 1 
28794, 1, 1 
14758, 1, 1 
31129, 1, 1 
52627, 1, 1 
4029, 1, 1 
3375, 1, 1 
31265, 1, 1 
49308, 1, 1 
11058, 1, 1 
128, 1, 1 
58355, 1, 1 
15851, 1, 1 
47998, 1, 1 
38487, 1, 1 
51377, 1, 1 
34667, 1, 1 
27187, 1, 1 
20332, 1, 1 
2563, 1, 1 
2437, 1, 1 
22627, 1, 1 
18035, 1, 1 
39546, 1, 1 
20852, 1, 1 
43761, 1, 1 
6254, 1, 4 
43836, 1, 1 
1287, 1, 1 
10413, 1, 1 
34927, 1, 1 
16254, 1, 1 
39896, 1, 1 
45900, 1, 1 
42406, 1, 1 
7876, 1, 1 
36551, 1, 1 
48444, 1, 1 
21744, 1, 1 
3230, 1, 1 
49569, 1, 1 
8615, 1, 1 
8203, 1, 1 
9562, 1, 1 
10136, 1, 1 
59686, 1, 1 
34889, 1, 1 
38449, 1, 1 
21908, 1, 1 
42440, 1, 1 
15885, 1, 1 
23749, 1, 1 
9331, 1, 1 
16930, 1, 1 
26757, 1, 1 
31058, 1, 1 
21634, 1, 1 
28099, 1, 1 
56644, 1, 1 
42601, 1, 1 
56470, 1, 1 
18963, 1, 1 
20611, 1, 1 
11275, 1, 1 
42462, 1, 1 
9735, 1, 1 
4186, 1, 1 
30772, 2, 2 
36593, 2, 2 
30443, 2, 2 
10207, 2, 2 
52144, 2, 2 
26330, 2, 2 
53019, 2, 2 
54924, 2, 2 
35758, 2, 2 
28126, 2, 2 
46760, 2, 2 
31327, 2, 2 
49567, 2, 2 
38403, 2, 2 
47956, 2, 2 
30931, 2, 2 
57999, 2, 2 
10776, 2, 2 
27233, 2, 2 
34310, 2, 2 
31935, 2, 2 
8834, 2, 2 
5289, 2, 2 
37020, 2, 2 
59974, 2, 2 
6944, 2, 3 
25718, 2, 2 
52316, 2, 2 
36311, 2, 2 
18164, 2, 2 
42866, 2, 2 
40498, 2, 2 
25261, 2, 2 
14458, 2, 2 
34559, 2, 2 
38815, 2, 2 
54424, 2, 2 
6627, 2, 2 
42273, 2, 2 
51458, 2, 2 
42280, 2, 2 
22278, 2, 2 
23776, 2, 2 
7758, 2, 2 
22524, 2, 2 
17595, 2, 2 
25700, 2, 2 
12823, 2, 2 
50287, 2, 2 
39644, 2, 2 
37063, 2, 2 
14422, 2, 2 
16237, 2, 2 
24249, 2, 2 
39032, 2, 2 
40617, 2, 2 
53269, 2, 2 
28282, 2, 2 
24036, 2, 2 
56104, 2, 2 
3981, 2, 2 
5016, 2, 2 
44565, 2, 2 
26658, 2, 2 
25329, 2, 2 
32022, 2, 2 
37418, 2, 2 
10629, 2, 2 
8966, 2, 2 
51959, 2, 2 
2887, 2, 2 
16744, 2, 2 
2346, 2, 2 
9246, 2, 2 
24347, 2, 2 
15476, 2, 2 
24213, 2, 2 
4664, 2, 2 
25923, 2, 2 
40988, 2, 2 
36868, 2, 2 
25017, 2, 2 
45085, 2, 2 
23216, 2, 2 
58476, 2, 2 
11344, 2, 2 
28801, 2, 2 
41821, 2, 2 
56614, 2, 2 
15573, 2, 2 
2534, 2, 2 
4722, 2, 2 
13624, 2, 2 
10476, 2, 2 
3536, 2, 2 
38430, 2, 2 
11147, 2, 2 
27880, 2, 2 
26741, 2, 2 
39118, 2, 2 
3569, 2, 2 
8707, 2, 2 
3200, 2, 2 
29004, 2, 2 
8793, 2, 2 
9725, 2, 2 
15466, 2, 2 
2585, 2, 2 
37989, 2, 2 
6605, 2, 2 
47102, 2, 2 
22376, 2, 2 
18370, 2, 2 
55069, 2, 2 
18097, 2, 2 
56282, 2, 2 
16909, 2, 2 
54682, 2, 3 
8058, 2, 2 
39572, 2, 2 
46028, 2, 2 
45661, 2, 2 
46694, 2, 2 
24972, 2, 2 
13627, 2, 2 
41080, 2, 2 
47408, 2, 2 
642, 2, 2 
22169, 2, 2 
9266, 2, 2 
9600, 2, 2 
34799, 2, 2 
2409, 2, 2 
17266, 2, 2 
14978, 2, 2 
39031, 2, 2 
46867, 2, 2 
53388, 2, 2 
34056, 2, 2 
29005, 2, 2 
6861, 2, 2 
59597, 2, 2 
31773, 2, 2 
46377, 2, 8 
23231, 2, 2 
57626, 2, 2 
18341, 2, 2 
59053, 2, 2 
25571, 2, 2 
48696, 2, 2 
7986, 2, 2 
9252, 2, 2 
37601, 2, 2 
2270, 2, 2 
9736, 2, 2 
45885, 2, 2 
56100, 2, 2 
10528, 2, 2 
23610, 2, 2 
54262, 2, 2 
58398, 2, 2 
43996, 2, 2 
42741, 2, 2 
44455, 2, 2 
41382, 2, 2 
27311, 2, 2 
51151, 2, 2 
53522, 2, 2 
17263, 2, 2 
56785, 2, 2 
21330, 2, 2 
43895, 2, 2 
25487, 2, 2 
23364, 2, 2 
22641, 2, 2 
39296, 2, 2 
35347, 2, 2 
31666, 2, 2 
15223, 2, 2 
28156, 2, 2 
2939, 2, 2 
56917, 2, 2 
48926, 2, 2 
25854, 2, 2 
29611, 2, 2 
3077, 2, 2 
7088, 2, 2 
55899, 2, 2 
8564, 2, 2 
13121, 2, 2 
59970, 2, 2 
2078, 2, 2 
28189, 2, 2 
39862, 2, 2 
18192, 2, 2 
6349, 2, 2 
19336, 2, 2 
47706, 2, 2 
50508, 2, 2 
57096, 2, 2 
44898, 2, 2 
12871, 2, 2 
58162, 2, 2 
51016, 2, 2 
57615, 2, 2 
41662, 2, 2 
17173, 2, 2 
35638, 2, 2 
8743, 2, 2 
37646, 2, 2 
35378, 2, 2 
54653, 2, 2 
37863, 2, 2 
59218, 2, 2 
46277, 2, 2 
57130, 2, 2 
23800, 2, 2 
42336, 2, 2 
4437, 2, 2 
41802, 2, 2 
16902, 2, 2 
21053, 2, 2 
39719, 2, 2 
38107, 2, 2 
8905, 2, 2 
56298, 2, 2 
16108, 2, 2 
4086, 2, 2 
20959, 2, 2 
19721, 2, 2 
22132, 2, 2 
28074, 2, 2 
38560, 2, 2 
472, 2, 2 
57307, 2, 2 
37861, 2, 2 
39170, 2, 2 
51673, 2, 2 
22044, 2, 2 
57139, 2, 2 
45725, 2, 2 
23162, 2, 2 
4071, 2, 2 
5885, 2, 2 
57496, 2, 2 
3890, 2, 2 
26120, 2, 2 
40556, 2, 2 
14112, 2, 2 
6725, 2, 2 
58945, 2, 2 
18998, 2, 2 
42142, 2, 2 
26326, 2, 2 
25156, 2, 2 
39008, 2, 2 
48665, 2, 2 
25069, 2, 2 
3444, 2, 2 
2017, 2, 2 
16294, 2, 2 
20850, 2, 2 
27229, 2, 2 
19432, 2, 2 
38884, 2, 2 
49421, 2, 2 
4355, 2, 2 
9855, 2, 2 
44902, 2, 2 
35685, 2, 2 
28701, 2, 2 
17821, 2, 2 
30530, 2, 2 
4550, 2, 2 
24520, 2, 2 
45561, 2, 2 
27503, 2, 2 
27664, 2, 2 
34287, 2, 2 
54633, 2, 2 
38140, 2, 2 
26669, 2, 2 
53218, 2, 2 
59587, 2, 2 
13804, 2, 2 
50452, 2, 2 
43789, 2, 2 
52971, 2, 2 
35403, 2, 2 
23039, 2, 2 
58378, 2, 2 
25827, 2, 2 
35076, 2, 2 
50669, 2, 2 
19373, 2, 2 
27860, 2, 2 
47189, 2, 2 
23503, 2, 2 
37925, 2, 2 
19654, 2, 2 
16716, 2, 2 
35356, 2, 2 
1563, 2, 2 
10256, 2, 2 
8843, 2, 2 
1330, 2, 2 
51787, 2, 2 
52023, 2, 2 
21852, 2, 2 
30811, 2, 2 
53121, 2, 2 
55972, 2, 2 
33489, 2, 2 
34944, 2, 2 
35220, 2, 2 
19132, 2, 2 
42598, 2, 2 
42271, 2, 2 
4679, 2, 2 
8784, 2, 2 
47787, 2, 2 
866, 2, 2 
21544, 2, 2 
13877, 2, 2 
26624, 2, 2 
55987, 2, 2 
58611, 2, 2 
35023, 2, 2 
17439, 2, 2 
14760, 2, 2 
45868, 2, 7 
32075, 2, 2 
23079, 2, 2 
30746, 2, 2 
31360, 2, 2 
45306, 2, 2 
54758, 2, 2 
52938, 2, 2 
11774, 2, 2 
45047, 2, 2 
23887, 2, 2 
28268, 2, 2 
32297, 2, 2 
9757, 2, 2 
4915, 2, 2 
41830, 2, 2 
37668, 2, 2 
25717, 2, 2 
8025, 2, 2 
21880, 2, 2 
51808, 2, 2 
48946, 2, 2 
9923, 2, 2 
34131, 2, 2 
52851, 2, 2 
14836, 2, 2 
7265, 2, 2 
42037, 2, 2 
25369, 2, 2 
21014, 2, 2 
46835, 2, 2 
37157, 2, 2 
4469, 2, 2 
41348, 2, 2 
41217, 2, 2 
7576, 2, 2 
56243, 2, 2 
20028, 2, 2 
34432, 2, 2 
46710, 2, 2 
9488, 2, 2 
20448, 2, 2 
20145, 2, 2 
49474, 2, 2 
56215, 2, 2 
21983, 2, 2 
35443, 2, 2 
23397, 2, 2 
15055, 2, 2 
58254, 2, 2 
51782, 2, 2 
52016, 2, 2 
830, 2, 2 
24833, 2, 2 
35630, 2, 2 
33197, 2, 2 
2065, 2, 2 
31905, 2, 2 
22133, 2, 2 
18236, 2, 2 
26012, 2, 2 
40749, 2, 2 
6055, 2, 2 
30329, 2, 2 
24570, 2, 2 
30297, 2, 2 
25516, 2, 2 
32768, 2, 2 
23675, 2, 2 
10898, 2, 2 
20240, 2, 2 
27472, 2, 2 
57976, 2, 2 
55089, 2, 2 
45414, 2, 2 
48420, 2, 2 
18845, 2, 2 
26740, 2, 2 
48063, 2, 2 
53390, 2, 2 
14295, 2, 2 
39146, 2, 2 
39507, 2, 2 
24695, 2, 2 
54573, 2, 2 
33184, 2, 2 
5823, 2, 2 
34484, 2, 2 
43338, 2, 2 
46620, 2, 2 
40900, 2, 2 
52869, 2, 2 
5841, 2, 2 
52762, 2, 2 
51580, 2, 2 
26794, 2, 2 
42950, 2, 2 
45501, 2, 2 
19084, 2, 2 
9301, 2, 2 
18613, 2, 2 
13198, 2, 2 
39663, 2, 2 
41702, 2, 2 
12234, 2, 2 
57992, 2, 2 
22624, 2, 2 
53367, 2, 2 
21557, 2, 2 
48884, 2, 2 
42301, 2, 2 
36694, 2, 2 
22856, 2, 2 
33373, 2, 2 
8473, 2, 2 
36846, 2, 2 
40388, 2, 2 
18300, 2, 2 
21615, 2, 2 
34134, 2, 2 
774, 2, 2 
51575, 2, 2 
4427, 2, 2 
5259, 2, 2 
30880, 2, 2 
47354, 2, 2 
34218, 2, 2 
52109, 2, 2 
23020, 2, 2 
59410, 2, 2 
27587, 2, 2 
16289, 2, 2 
2866, 2, 2 
58964, 2, 2 
28155, 2, 2 
20748, 2, 2 
8853, 2, 3 
20242, 2, 2 
28169, 2, 2 
5065, 2, 2 
13277, 2, 2 
37241, 2, 2 
47603, 2, 2 
2075, 2, 2 
9104, 2, 1 
51356, 2, 2 
30762, 2, 2 
18394, 2, 2 
15948, 2, 2 
34902, 2, 2 
9031, 2, 2 
14484, 2, 2 
6252, 2, 2 
4914, 2, 2 
39171, 2, 2 
10688, 2, 2 
38319, 2, 2 
3342, 2, 2 
28335, 2, 2 
29594, 2, 2 
28278, 2, 2 
38825, 2, 2 
41687, 2, 2 
22573, 2, 2 
1900, 2, 2 
29654, 2, 2 
15272, 2, 2 
3313, 2, 2 
38256, 2, 2 
54978, 2, 2 
47872, 3, 3 
27804, 3, 3 
18812, 3, 3 
48901, 3, 3 
25328, 3, 3 
43070, 3, 3 
44020, 3, 3 
38955, 3, 3 
52702, 3, 3 
10390, 3, 3 
30483, 3, 3 
45945, 3, 3 
3550, 3, 3 
26702, 3, 3 
1409, 3, 3 
2149, 3, 3 
50726, 3, 3 
18627, 3, 3 
20985, 3, 3 
37065, 3, 3 
8663, 3, 3 
59054, 3, 3 
25257, 3, 3 
24989, 3, 3 
18375, 3, 3 
10676, 3, 3 
27937, 3, 3 
3336, 3, 3 
45843, 3, 3 
19941, 3, 3 
51763, 3, 3 
47676, 3, 3 
59016, 3, 3 
55866, 3, 3 
37940, 3, 3 
55547, 3, 3 
25950, 3, 3 
43466, 3, 3 
16922, 3, 3 
41411, 3, 3 
26662, 3, 3 
998, 3, 3 
57817, 3, 3 
16336, 3, 3 
18299, 3, 3 
38283, 3, 3 
51376, 3, 3 
20378, 3, 3 
17038, 3, 3 
11216, 3, 3 
18007, 3, 3 
24697, 3, 3 
12483, 3, 3 
21726, 3, 3 
52936, 3, 3 
52922, 3, 3 
13969, 3, 3 
19905, 3, 3 
50560, 3, 3 
36644, 3, 3 
25688, 3, 3 
6170, 3, 3 
37643, 3, 3 
50960, 3, 3 
12828, 3, 3 
30093, 3, 3 
12189, 3, 3 
43494, 3, 3 
58760, 3, 3 
15869, 3, 3 
45734, 3, 3 
15850, 3, 3 
5770, 3, 3 
33208, 3, 3 
8188, 3, 3 
48806, 3, 3 
49627, 3, 3 
52816, 3, 3 
22003, 3, 3 
15409, 3, 3 
4966, 3, 3 
46971, 3, 3 
27988, 3, 3 
41781, 3, 3 
48904, 3, 3 
47426, 3, 3 
2961, 3, 3 
34190, 3, 3 
10779, 3, 3 
55179, 3, 3 
16078, 3, 3 
19101, 3, 3 
34175, 3, 3 
52035, 3, 3 
26399, 3, 3 
33989, 3, 3 
43301, 3, 3 
6545, 3, 3 
20844, 3, 3 
20780, 3, 3 
32827, 3, 3 
23165, 3, 3 
19965, 3, 3 
8948, 3, 3 
15052, 3, 3 
38049, 3, 3 
52753, 3, 3 
32087, 3, 3 
44426, 3, 3 
52785, 3, 3 
51217, 3, 3 
21150, 3, 3 
19950, 3, 3 
7590, 3, 3 
4235, 3, 3 
45848, 3, 3 
48666, 3, 3 
58931, 3, 3 
43327, 3, 3 
9977, 3, 3 
43080, 3, 3 
1055, 3, 3 
25685, 3, 3 
6123, 3, 3 
6297, 3, 3 
32171, 3, 3 
15125, 3, 3 
24350, 3, 3 
35156, 3, 3 
21637, 3, 3 
47377, 3, 3 
35401, 3, 3 
41565, 3, 3 
3159, 3, 3 
24017, 3, 3 
1336, 3, 3 
5442, 3, 3 
57983, 3, 3 
51274, 3, 3 
26871, 3, 3 
26555, 3, 3 
39904, 3, 3 
46506, 3, 3 
49433, 3, 3 
3656, 3, 3 
452, 3, 3 
55377, 3, 3 
3404, 3, 3 
43952, 3, 3 
41543, 3, 3 
4342, 3, 3 
30681, 3, 3 
45781, 3, 3 
45000, 3, 3 
59070, 3, 3 
28031, 3, 3 
5616, 3, 3 
1185, 3, 3 
8729, 3, 7 
53325, 3, 3 
9932, 3, 3 
9864, 3, 3 
49896, 3, 3 
55947, 3, 3 
37439, 3, 3 
27084, 3, 3 
57308, 3, 3 
5359, 3, 3 
17207, 3, 3 
55050, 3, 3 
23322, 3, 3 
20939, 3, 3 
48385, 3, 3 
39982, 3, 3 
50378, 3, 3 
51173, 3, 3 
25282, 3, 3 
55743, 3, 3 
45786, 3, 3 
1805, 3, 3 
25993, 3, 3 
45791, 3, 3 
49103, 3, 3 
2524, 3, 3 
22668, 3, 3 
23873, 3, 3 
43428, 3, 3 
27214, 3, 3 
32176, 3, 3 
12246, 3, 3 
52747, 3, 3 
1959, 3, 3 
49810, 3, 3 
23225, 3, 3 
34120, 3, 3 
37913, 3, 3 
54127, 3, 3 
53943, 3, 3 
13146, 3, 3 
8710, 3, 3 
2834, 3, 3 
27140, 3, 3 
12983, 3, 3 
49080, 3, 3 
31032, 3, 3 
49082, 3, 3 
34660, 3, 7 
44408, 3, 3 
38199, 3, 3 
54694, 3, 3 
28796, 3, 3 
17966, 3, 3 
36301, 3, 3 
50336, 3, 3 
27419, 3, 3 
48415, 3, 3 
57864, 3, 3 
12882, 3, 3 
8672, 3, 3 
49968, 3, 3 
25033, 3, 3 
42841, 3, 3 
31155, 3, 3 
57660, 3, 3 
57877, 3, 3 
36723, 3, 3 
18997, 3, 3 
8544, 3, 3 
35043, 3, 3 
33532, 3, 3 
32764, 3, 3 
136, 3, 3 
58937, 3, 3 
48264, 3, 3 
12430, 3, 3 
27828, 3, 3 
33896, 3, 3 
50369, 3, 9 
31631, 3, 3 
22894, 3, 3 
12094, 3, 3 
47802, 3, 3 
38991, 3, 3 
11111, 3, 3 
21775, 3, 3 
13093, 3, 3 
32990, 3, 3 
27527, 3, 3 
10984, 3, 3 
28716, 3, 3 
6863, 3, 3 
48213, 3, 3 
49055, 3, 3 
36119, 3, 3 
47838, 3, 3 
50012, 3, 3 
40805, 3, 3 
29089, 3, 3 
18039, 3, 3 
52209, 3, 3 
24573, 3, 3 
48735, 3, 3 
250, 3, 3 
15534, 3, 3 
35379, 3, 3 
18948, 3, 3 
46821, 3, 3 
3192, 3, 3 
44609, 3, 3 
52327, 3, 3 
10430, 3, 3 
57016, 3, 3 
19549, 3, 3 
32811, 3, 3 
2207, 3, 3 
41629, 3, 3 
15227, 3, 3 
12775, 3, 3 
7412, 3, 3 
13417, 3, 3 
43208, 3, 2 
878, 3, 3 
42088, 3, 3 
40996, 3, 3 
8700, 3, 3 
48045, 3, 3 
2359, 3, 3 
11097, 3, 3 
228, 3, 3 
11083, 3, 3 
55966, 3, 3 
41767, 3, 3 
5567, 3, 3 
59631, 3, 3 
44709, 3, 3 
14028, 3, 3 
34605, 3, 3 
30354, 3, 3 
14619, 3, 3 
22741, 3, 3 
26943, 3, 3 
58711, 3, 3 
50809, 3, 3 
24144, 3, 3 
32017, 3, 3 
41704, 3, 3 
8606, 3, 3 
15533, 3, 3 
7771, 3, 3 
37786, 3, 3 
895, 3, 3 
37569, 3, 3 
52476, 3, 3 
52697, 3, 3 
16748, 3, 3 
7065, 3, 3 
29671, 3, 3 
1341, 3, 3 
56975, 3, 3 
20738, 3, 3 
10876, 3, 3 
6098, 3, 3 
7046, 3, 3 
12245, 3, 3 
12346, 3, 3 
30642, 3, 3 
45275, 3, 3 
17082, 3, 3 
18225, 3, 3 
55343, 3, 3 
4068, 3, 3 
45389, 3, 3 
9302, 3, 3 
37658, 3, 3 
18752, 3, 3 
27274, 3, 3 
2587, 3, 3 
22315, 3, 3 
6754, 3, 3 
40087, 3, 3 
42707, 3, 3 
33880, 3, 3 
47356, 3, 3 
33421, 3, 3 
41773, 3, 3 
35010, 3, 3 
29356, 3, 3 
19238, 3, 3 
5542, 3, 3 
56006, 3, 3 
58966, 3, 3 
36471, 3, 3 
10775, 3, 3 
31745, 3, 3 
16649, 3, 3 
49826, 3, 3 
20220, 3, 3 
8893, 3, 3 
50946, 3, 3 
19075, 3, 3 
32653, 3, 3 
27173, 3, 3 
59366, 3, 3 
58983, 3, 3 
6844, 3, 3 
11201, 3, 3 
40588, 3, 3 
6450, 3, 3 
46184, 3, 3 
13403, 3, 3 
45599, 3, 3 
42794, 3, 3 
25373, 3, 3 
34085, 3, 3 
10328, 3, 3 
2886, 3, 3 
39066, 3, 3 
44504, 3, 3 
3264, 3, 3 
15322, 3, 3 
12709, 3, 3 
7861, 3, 3 
21812, 3, 3 
2132, 3, 3 
46681, 3, 3 
50412, 3, 3 
19962, 3, 3 
28841, 3, 3 
52487, 3, 3 
44497, 3, 3 
21208, 3, 3 
15477, 3, 3 
13099, 3, 3 
27279, 3, 3 
1529, 3, 3 
57879, 3, 3 
53037, 3, 3 
6667, 3, 3 
15847, 3, 3 
5190, 3, 3 
58544, 3, 3 
24028, 3, 3 
38053, 3, 3 
12080, 3, 3 
18542, 3, 3 
58389, 3, 3 
19110, 3, 3 
52661, 3, 3 
27610, 3, 3 
36872, 3, 3 
19335, 3, 3 
49814, 3, 3 
35898, 3, 3 
23029, 3, 3 
29014, 3, 3 
21116, 3, 3 
49297, 3, 3 
975, 3, 3 
30793, 3, 3 
49166, 3, 3 
33009, 3, 3 
11719, 3, 3 
1436, 3, 3 
50312, 3, 3 
56234, 3, 3 
33624, 3, 3 
32209, 3, 3 
57401, 3, 3 
54397, 3, 3 
36917, 3, 3 
57247, 3, 3 
31269, 3, 3 
40662, 3, 3 
28458, 3, 3 
28858, 3, 3 
55694, 3, 3 
31825, 3, 3 
11619, 3, 3 
29023, 3, 3 
49938, 3, 3 
55881, 3, 3 
13957, 3, 3 
56043, 3, 3 
59828, 3, 3 
39329, 3, 3 
58612, 3, 3 
49948, 3, 3 
39907, 3, 3 
13026, 3, 3 
52038, 3, 3 
7, 3, 3 
7762, 3, 3 
48702, 3, 3 
41850, 3, 3 
15375, 3, 3 
34259, 3, 3 
21306, 3, 3 
37266, 3, 3 
46937, 3, 3 
17820, 3, 3 
843, 3, 3 
32484, 3, 3 
33194, 3, 3 
9289, 3, 3 
10872, 3, 3 
47684, 3, 3 
40636, 3, 3 
40401, 3, 3 
39852, 3, 3 
21524, 3, 3 
22154, 3, 3 
24218, 3, 3 
32281, 3, 3 
10125, 3, 3 
59678, 3, 3 
11556, 3, 3 
16774, 3, 3 
15332, 3, 3 
10116, 3, 3 
9293, 3, 3 
45377, 3, 3 
9184, 3, 3 
5067, 3, 3 
23820, 3, 3 
17258, 3, 3 
20099, 3, 3 
3754, 3, 3 
23156, 3, 3 
16587, 3, 3 
25431, 3, 3 
21250, 3, 3 
16831, 3, 3 
21075, 3, 3 
8786, 3, 3 
19620, 3, 3 
1718, 3, 3 
47245, 3, 3 
28476, 3, 3 
34672, 3, 3 
29894, 3, 3 
50152, 4, 4 
677, 4, 4 
22547, 4, 4 
16652, 4, 4 
33718, 4, 4 
39548, 4, 4 
34683, 4, 4 
32232, 4, 4 
48892, 4, 4 
50014, 4, 4 
414, 4, 4 
35142, 4, 4 
36073, 4, 4 
24233, 4, 4 
25613, 4, 4 
58895, 4, 4 
56173, 4, 4 
58938, 4, 4 
6107, 4, 4 
59069, 4, 4 
9321, 4, 4 
44921, 4, 4 
59716, 4, 4 
2560, 4, 4 
56080, 4, 4 
33824, 4, 4 
13340, 4, 4 
57229, 4, 4 
24298, 4, 4 
20527, 4, 4 
17898, 4, 4 
25866, 4, 4 
39182, 4, 4 
14274, 4, 4 
50801, 4, 4 
19875, 4, 4 
37429, 4, 4 
10033, 4, 4 
22960, 4, 4 
11767, 4, 4 
7804, 4, 4 
34991, 4, 4 
3037, 4, 4 
47397, 4, 4 
30637, 4, 4 
22096, 4, 4 
36619, 4, 4 
54657, 4, 4 
48410, 4, 4 
44998, 4, 4 
37302, 4, 4 
25878, 4, 4 
57733, 4, 4 
37528, 4, 4 
54869, 4, 4 
56316, 4, 4 
7036, 4, 4 
48581, 4, 4 
45278, 4, 4 
8825, 4, 4 
31541, 4, 4 
2647, 4, 4 
9573, 4, 4 
29764, 4, 4 
24894, 4, 4 
34192, 4, 4 
44593, 4, 4 
56146, 4, 4 
55981, 4, 4 
20, 4, 4 
2220, 4, 4 
38898, 4, 4 
13548, 4, 4 
25347, 4, 4 
47028, 4, 4 
28976, 4, 4 
50616, 4, 4 
46622, 4, 4 
56700, 4, 4 
38616, 4, 4 
11044, 4, 4 
9980, 4, 4 
57548, 4, 4 
8622, 4, 4 
1261, 4, 4 
6596, 4, 4 
10351, 4, 4 
37640, 4, 4 
55546, 4, 4 
34895, 4, 4 
11113, 4, 4 
12098, 4, 4 
52815, 4, 4 
8399, 4, 4 
24901, 4, 4 
26249, 4, 4 
29590, 4, 4 
52873, 4, 4 
49341, 4, 4 
11040, 4, 4 
11652, 4, 4 
22747, 4, 4 
23565, 4, 4 
2169, 4, 4 
60, 4, 4 
53093, 4, 4 
57466, 4, 4 
3280, 4, 4 
10832, 4, 4 
48282, 4, 4 
9920, 4, 4 
56406, 4, 4 
2773, 4, 4 
23435, 4, 4 
2129, 4, 4 
34409, 4, 4 
3732, 4, 4 
33637, 4, 4 
30927, 4, 4 
4228, 4, 4 
36053, 4, 4 
6049, 4, 4 
27494, 4, 4 
58764, 4, 4 
43106, 4, 4 
3496, 4, 4 
41913, 4, 4 
4787, 4, 4 
34138, 4, 4 
16195, 4, 4 
43112, 4, 4 
56893, 4, 4 
23135, 4, 4 
17949, 4, 4 
39635, 4, 4 
5764, 4, 4 
1854, 4, 4 
1079, 4, 1 
54770, 4, 4 
50433, 4, 4 
11264, 4, 4 
16293, 4, 4 
47732, 4, 4 
24282, 4, 4 
32802, 4, 4 
29561, 4, 4 
59700, 4, 4 
36218, 4, 4 
34498, 4, 4 
49237, 4, 4 
31305, 4, 4 
36400, 4, 4 
31340, 4, 4 
41724, 4, 4 
26494, 4, 4 
30108, 4, 4 
605, 4, 4 
369, 4, 4 
14769, 4, 4 
29820, 4, 4 
8380, 4, 4 
8266, 4, 4 
23685, 4, 4 
13426, 4, 4 
35952, 4, 4 
17926, 4, 4 
54778, 4, 4 
50161, 4, 4 
36286, 4, 4 
18145, 4, 4 
40946, 4, 4 
50841, 4, 4 
26458, 4, 9 
14175, 4, 4 
42198, 4, 4 
57343, 4, 4 
55860, 4, 4 
2732, 4, 4 
34468, 4, 4 
34022, 4, 4 
18306, 4, 4 
18455, 4, 4 
3573, 4, 4 
45560, 4, 4 
22768, 4, 4 
41722, 4, 4 
34249, 4, 4 
40806, 4, 4 
2341, 4, 4 
54628, 4, 4 
28517, 4, 4 
24273, 4, 4 
35258, 4, 4 
35152, 4, 4 
43928, 4, 4 
9040, 4, 4 
44232, 4, 4 
44283, 4, 4 
32657, 4, 4 
21797, 4, 4 
48885, 4, 4 
30276, 4, 4 
53867, 4, 4 
16302, 4, 4 
1196, 4, 4 
23459, 4, 4 
30151, 4, 4 
49050, 4, 4 
28442, 4, 4 
7009, 4, 9 
41098, 4, 4 
17299, 4, 4 
52852, 4, 4 
15604, 4, 4 
53576, 4, 4 
13765, 4, 4 
14290, 4, 4 
17357, 4, 4 
26816, 4, 4 
39433, 4, 4 
55948, 4, 4 
4361, 4, 4 
4035, 4, 4 
51652, 4, 4 
17791, 4, 4 
53731, 4, 4 
25784, 4, 4 
53347, 4, 4 
6996, 4, 4 
49015, 4, 4 
48402, 4, 4 
1253, 4, 4 
37585, 4, 4 
45724, 4, 4 
39298, 4, 4 
53519, 4, 4 
10937, 4, 4 
30779, 4, 4 
46460, 4, 4 
19198, 4, 4 
46795, 4, 4 
59690, 4, 4 
19484, 4, 4 
16526, 4, 4 
29339, 4, 4 
32391, 4, 4 
4473, 4, 4 
53130, 4, 4 
49271, 4, 4 
20399, 4, 4 
49479, 4, 4 
7749, 4, 4 
32769, 4, 4 
139, 4, 4 
13640, 4, 4 
37395, 4, 4 
38518, 4, 4 
33900, 4, 4 
49542, 4, 4 
51838, 4, 4 
8603, 4, 4 
8583, 4, 4 
56676, 4, 4 
22012, 4, 4 
8925, 4, 4 
2407, 4, 4 
11016, 4, 4 
39812, 4, 4 
24980, 4, 4 
5777, 4, 4 
26588, 4, 4 
48582, 4, 4 
58101, 4, 7 
53032, 4, 4 
43947, 4, 4 
44190, 4, 4 
7734, 4, 4 
32262, 4, 4 
38922, 4, 4 
51026, 4, 4 
36235, 4, 4 
51309, 4, 4 
45316, 4, 4 
30327, 4, 4 
55944, 4, 4 
2467, 4, 4 
7204, 4, 4 
1934, 4, 4 
20665, 4, 4 
12830, 4, 4 
7919, 4, 4 
22531, 4, 7 
58634, 4, 4 
9353, 4, 4 
52893, 4, 4 
38496, 4, 4 
1692, 4, 4 
20098, 4, 4 
2665, 4, 4 
15283, 4, 4 
4379, 4, 4 
41192, 4, 4 
20144, 4, 4 
8840, 4, 4 
24493, 4, 4 
58780, 4, 4 
655, 4, 4 
59551, 4, 4 
2416, 4, 4 
40721, 4, 4 
18637, 4, 4 
9025, 4, 4 
11624, 4, 4 
21107, 4, 4 
8011, 4, 4 
48252, 4, 4 
16865, 4, 4 
47871, 4, 4 
53990, 4, 4 
48846, 4, 4 
15479, 4, 4 
59931, 4, 4 
14397, 4, 4 
22988, 4, 4 
46431, 4, 4 
37311, 4, 4 
37846, 4, 4 
18578, 4, 4 
29992, 4, 4 
8747, 4, 4 
56311, 4, 4 
12064, 4, 4 
17215, 4, 4 
32186, 4, 4 
22409, 4, 4 
52437, 4, 4 
17934, 4, 4 
4224, 4, 4 
51979, 4, 4 
25293, 4, 4 
33720, 4, 4 
8906, 4, 4 
54187, 4, 4 
26808, 4, 4 
46613, 4, 4 
44712, 4, 4 
54729, 4, 4 
58613, 4, 4 
6215, 4, 4 
50183, 4, 4 
51077, 4, 4 
51445, 4, 4 
44922, 4, 4 
7124, 4, 4 
44356, 4, 4 
56958, 4, 4 
38789, 4, 4 
41991, 4, 4 
55927, 4, 4 
43757, 4, 4 
27272, 4, 4 
8775, 4, 4 
16947, 4, 4 
14449, 4, 4 
30447, 4, 4 
27914, 4, 4 
44831, 4, 4 
30243, 4, 4 
32032, 4, 4 
26847, 4, 4 
34130, 4, 4 
1511, 4, 4 
5944, 4, 4 
22367, 4, 4 
40288, 4, 4 
56886, 4, 4 
14650, 4, 4 
37087, 4, 4 
42995, 4, 4 
46731, 4, 4 
47541, 4, 4 
48018, 4, 4 
49373, 4, 4 
11799, 4, 4 
12935, 4, 4 
27129, 4, 4 
57368, 4, 4 
44264, 4, 4 
33478, 4, 4 
24296, 4, 4 
7705, 4, 4 
49138, 4, 4 
12343, 4, 4 
23432, 4, 4 
35201, 4, 4 
2902, 4, 4 
14976, 4, 4 
48084, 4, 4 
27955, 4, 4 
8695, 4, 4 
14957, 4, 4 
48785, 4, 4 
42567, 4, 4 
38973, 4, 4 
57721, 4, 4 
31543, 4, 4 
606, 4, 4 
23658, 4, 4 
3817, 4, 4 
46234, 4, 4 
5880, 4, 4 
32084, 4, 4 
15866, 4, 4 
51146, 4, 4 
37067, 4, 4 
33125, 4, 4 
36336, 4, 4 
52293, 4, 4 
19217, 4, 4 
22518, 4, 4 
23188, 4, 4 
8344, 4, 4 
18054, 4, 4 
43068, 4, 4 
14260, 4, 4 
8061, 4, 4 
33031, 4, 4 
11434, 4, 4 
32037, 4, 4 
47921, 4, 4 
17954, 4, 4 
50673, 4, 4 
21340, 4, 4 
46668, 4, 4 
32976, 4, 4 
59647, 4, 4 
22980, 4, 4 
21940, 4, 4 
7282, 4, 4 
33740, 4, 4 
41444, 4, 4 
46220, 4, 4 
10521, 4, 4 
13104, 4, 4 
47763, 4, 4 
19795, 4, 4 
6941, 4, 4 
31872, 4, 4 
9585, 4, 4 
25255, 4, 4 
6218, 4, 4 
12322, 4, 4 
6484, 4, 4 
237, 4, 4 
32524, 4, 4 
21270, 4, 4 
57524, 4, 4 
43009, 4, 4 
17511, 4, 4 
54410, 4, 4 
26510, 4, 4 
38997, 4, 4 
52682, 4, 4 
35493, 4, 4 
23478, 4, 4 
23083, 4, 4 
14972, 4, 4 
28225, 4, 4 
51593, 4, 4 
12538, 4, 4 
25668, 4, 4 
20652, 4, 4 
32014, 4, 4 
57530, 4, 4 
23103, 4, 4 
57482, 4, 4 
18365, 4, 4 
18203, 4, 4 
51823, 4, 4 
1004, 4, 4 
9385, 4, 4 
49858, 4, 4 
12247, 4, 4 
16048, 4, 4 
27001, 4, 4 
17102, 4, 4 
21590, 4, 4 
51820, 4, 4 
21287, 4, 4 
46305, 4, 4 
29007, 4, 4 
1928, 4, 4 
32278, 4, 4 
43041, 4, 4 
23306, 4, 4 
41775, 4, 4 
58023, 4, 4 
44636, 4, 4 
52631, 4, 4 
40066, 4, 4 
19590, 5, 5 
21198, 5, 5 
29648, 5, 5 
33245, 5, 5 
32614, 5, 5 
24107, 5, 5 
36011, 5, 5 
53054, 5, 5 
48623, 5, 5 
20453, 5, 5 
47737, 5, 5 
50800, 5, 5 
43289, 5, 5 
18167, 5, 5 
1509, 5, 5 
56843, 5, 5 
11935, 5, 5 
34557, 5, 5 
10386, 5, 5 
27502, 5, 5 
49845, 5, 5 
16165, 5, 5 
21275, 5, 5 
45711, 5, 5 
32344, 5, 5 
49935, 5, 5 
32026, 5, 5 
23912, 5, 5 
39225, 5, 5 
13331, 5, 5 
27627, 5, 5 
24708, 5, 5 
27764, 5, 5 
23007, 5, 5 
14251, 5, 5 
9587, 5, 5 
47468, 5, 5 
54381, 5, 5 
41926, 5, 5 
23690, 5, 5 
1516, 5, 5 
47832, 5, 5 
17138, 5, 5 
43139, 5, 5 
53193, 5, 5 
4247, 5, 5 
53172, 5, 5 
44263, 5, 5 
39114, 5, 5 
41140, 5, 5 
54670, 5, 5 
48561, 5, 5 
51433, 5, 5 
52717, 5, 5 
55722, 5, 5 
47919, 5, 5 
52737, 5, 5 
29852, 5, 5 
11260, 5, 5 
43206, 5, 5 
15915, 5, 5 
19160, 5, 5 
19942, 5, 5 
2515, 5, 5 
42652, 5, 5 
14659, 5, 5 
2912, 5, 5 
18248, 5, 5 
15742, 5, 5 
9291, 5, 5 
22805, 5, 5 
6086, 5, 5 
5309, 5, 5 
57383, 5, 5 
25560, 5, 5 
12917, 5, 5 
48541, 5, 5 
39681, 5, 5 
14150, 5, 5 
26112, 5, 5 
19909, 5, 5 
44970, 5, 5 
23806, 5, 5 
57242, 5, 5 
7068, 5, 5 
43699, 5, 5 
11725, 5, 5 
10509, 5, 5 
26695, 5, 5 
9062, 5, 5 
22020, 5, 5 
50766, 5, 5 
12694, 5, 5 
21850, 5, 5 
40678, 5, 5 
13466, 5, 5 
20575, 5, 5 
34841, 5, 5 
45175, 5, 5 
1813, 5, 5 
49527, 5, 5 
39996, 5, 5 
15398, 5, 5 
28534, 5, 5 
42762, 5, 5 
58989, 5, 5 
41435, 5, 5 
173, 5, 5 
50010, 5, 5 
40738, 5, 5 
34082, 5, 5 
5666, 5, 5 
42555, 5, 5 
30553, 5, 5 
26972, 5, 5 
16558, 5, 5 
6385, 5, 5 
32698, 5, 5 
24170, 5, 5 
37069, 5, 5 
9384, 5, 5 
32582, 5, 5 
15918, 5, 5 
6610, 5, 5 
2885, 5, 5 
1062, 5, 5 
32902, 5, 5 
9160, 5, 5 
2445, 5, 5 
9336, 5, 5 
8757, 5, 5 
22354, 5, 5 
51852, 5, 5 
32372, 5, 5 
11141, 5, 5 
42663, 5, 5 
45482, 5, 5 
56479, 5, 5 
19846, 5, 5 
38818, 5, 5 
40291, 5, 5 
30918, 5, 5 
51137, 5, 5 
49367, 5, 5 
54142, 5, 5 
3129, 5, 5 
55498, 5, 5 
43733, 5, 5 
35702, 5, 5 
19676, 5, 5 
42244, 5, 5 
6434, 5, 5 
45899, 5, 5 
22732, 5, 5 
39424, 5, 5 
5060, 5, 5 
38569, 5, 5 
35707, 5, 5 
40567, 5, 5 
35287, 5, 5 
31554, 5, 3 
14609, 5, 5 
8521, 5, 5 
29433, 5, 5 
23928, 5, 5 
21157, 5, 5 
41933, 5, 5 
13603, 5, 5 
20091, 5, 5 
20428, 5, 5 
51124, 5, 5 
27079, 5, 5 
35889, 5, 5 
39881, 5, 5 
16845, 5, 5 
26407, 5, 5 
46948, 5, 5 
33033, 5, 5 
9514, 5, 5 
1670, 5, 5 
11644, 5, 5 
2622, 5, 8 
1577, 5, 5 
32720, 5, 5 
1245, 5, 5 
27099, 5, 5 
36900, 5, 5 
47130, 5, 5 
42889, 5, 5 
32052, 5, 5 
29708, 5, 5 
26283, 5, 5 
7112, 5, 5 
40182, 5, 5 
37750, 5, 5 
31687, 5, 5 
100, 5, 5 
26857, 5, 5 
24117, 5, 5 
56669, 5, 5 
26572, 5, 5 
22821, 5, 5 
57028, 5, 5 
36289, 5, 5 
14368, 5, 5 
26752, 5, 5 
38250, 5, 5 
5856, 5, 5 
2330, 5, 5 
44910, 5, 5 
21532, 5, 5 
53795, 5, 5 
20881, 5, 5 
26913, 5, 5 
4590, 5, 5 
8023, 5, 5 
19533, 5, 5 
7833, 5, 5 
37249, 5, 5 
53552, 5, 5 
6772, 5, 5 
42698, 5, 5 
3682, 5, 5 
32987, 5, 5 
32748, 5, 5 
42387, 5, 5 
48905, 5, 5 
50759, 5, 5 
10961, 5, 5 
47020, 5, 5 
30028, 5, 5 
18879, 5, 5 
16353, 5, 5 
52314, 5, 5 
23746, 5, 5 
52970, 5, 5 
6513, 5, 5 
3860, 5, 5 
10244, 5, 5 
35133, 5, 5 
35906, 5, 5 
55414, 5, 5 
1490, 5, 5 
25295, 5, 5 
24149, 5, 5 
28280, 5, 5 
37582, 5, 5 
28271, 5, 5 
40088, 5, 5 
52364, 5, 5 
21519, 5, 5 
34836, 5, 5 
3361, 5, 5 
53978, 5, 5 
22396, 5, 5 
699, 5, 5 
8392, 5, 5 
20034, 5, 5 
22205, 5, 5 
25675, 5, 5 
53120, 5, 5 
51503, 5, 5 
36888, 5, 5 
34438, 5, 5 
51177, 5, 5 
28952, 5, 5 
45226, 5, 5 
22053, 5, 5 
34431, 5, 5 
1806, 5, 5 
39381, 5, 5 
34365, 5, 5 
54619, 5, 5 
54002, 5, 5 
37453, 5, 5 
26150, 5, 5 
3085, 5, 5 
58190, 5, 5 
47204, 5, 5 
55838, 5, 5 
26331, 5, 5 
58439, 5, 5 
39966, 5, 5 
59906, 5, 5 
53050, 5, 5 
30961, 5, 5 
50252, 5, 5 
13404, 5, 5 
48731, 5, 5 
22463, 5, 5 
20530, 5, 5 
26484, 5, 5 
45872, 5, 5 
44821, 5, 5 
26034, 5, 5 
45470, 5, 5 
12574, 5, 5 
3141, 5, 5 
56711, 5, 5 
25539, 5, 5 
21360, 5, 5 
18723, 5, 5 
59731, 5, 1 
43748, 5, 5 
39562, 5, 5 
55233, 5, 5 
17971, 5, 5 
6781, 5, 5 
6412, 5, 5 
52610, 5, 5 
59502, 5, 5 
54988, 5, 5 
15579, 5, 5 
12405, 5, 5 
37072, 5, 5 
8027, 5, 5 
45886, 5, 5 
58802, 5, 3 
37438, 5, 5 
47846, 5, 5 
2343, 5, 5 
13863, 5, 5 
3025, 5, 5 
21626, 5, 5 
55396, 5, 5 
45667, 5, 5 
38848, 5, 5 
2592, 5, 5 
33475, 5, 5 
54122, 5, 5 
15371, 5, 5 
23235, 5, 5 
22907, 5, 5 
37409, 5, 5 
34720, 5, 5 
38756, 5, 5 
43144, 5, 5 
15284, 5, 5 
31734, 5, 5 
13460, 5, 5 
39410, 5, 5 
21895, 5, 5 
51278, 5, 5 
22819, 5, 5 
50484, 5, 5 
18929, 5, 5 
13749, 5, 5 
47146, 5, 5 
52776, 5, 5 
2775, 5, 5 
48369, 5, 5 
6867, 5, 5 
10192, 5, 5 
47528, 5, 5 
28172, 5, 5 
36495, 5, 5 
915, 5, 5 
28469, 5, 5 
53927, 5, 5 
30797, 5, 5 
26552, 5, 5 
5712, 5, 5 
54260, 5, 5 
39958, 5, 5 
19081, 5, 5 
42863, 5, 5 
9207, 5, 5 
3216, 5, 5 
52332, 5, 5 
17436, 5, 5 
57167, 5, 5 
19852, 5, 5 
52527, 5, 5 
21484, 5, 5 
31875, 5, 5 
42756, 5, 5 
20804, 5, 5 
58154, 5, 5 
18749, 5, 5 
4711, 5, 5 
33267, 5, 5 
47444, 5, 5 
20120, 5, 5 
8548, 5, 5 
36981, 5, 5 
23938, 5, 5 
956, 5, 5 
5737, 5, 5 
8183, 5, 5 
40159, 5, 5 
12569, 5, 5 
47586, 5, 5 
4309, 5, 5 
50223, 5, 5 
30864, 5, 5 
51973, 5, 5 
58130, 5, 5 
10015, 5, 5 
55865, 5, 5 
8789, 5, 5 
45139, 5, 5 
18808, 5, 5 
7279, 5, 5 
7238, 5, 5 
55712, 5, 5 
7044, 5, 5 
20097, 5, 5 
56529, 5, 5 
52458, 5, 5 
10092, 5, 5 
22275, 5, 5 
19353, 5, 5 
28048, 5, 5 
58569, 5, 5 
31926, 5, 5 
51572, 5, 5 
496, 5, 5 
12487, 5, 5 
50430, 5, 5 
33734, 5, 5 
14599, 5, 5 
47955, 5, 5 
4670, 5, 5 
50573, 5, 5 
34692, 5, 5 
22509, 5, 5 
58688, 5, 5 
17400, 5, 5 
652, 5, 5 
36126, 5, 5 
39952, 5, 5 
38508, 5, 5 
34299, 5, 5 
55903, 5, 5 
44752, 5, 5 
15069, 5, 5 
58290, 5, 5 
44564, 5, 5 
15421, 5, 5 
21819, 5, 5 
28512, 5, 5 
5378, 5, 5 
13886, 5, 5 
22302, 5, 5 
24630, 5, 9 
6188, 5, 5 
54203, 5, 5 
30697, 5, 5 
37056, 5, 5 
4723, 5, 5 
24614, 5, 5 
55403, 5, 5 
27216, 5, 5 
44508, 5, 5 
8569, 5, 5 
35674, 5, 5 
45012, 5, 5 
28080, 5, 5 
19035, 5, 5 
27038, 5, 5 
18778, 5, 5 
9340, 5, 5 
10653, 5, 5 
7165, 5, 5 
21550, 5, 5 
8728, 5, 5 
21836, 5, 5 
36661, 5, 5 
47661, 5, 5 
15558, 5, 5 
53200, 5, 5 
57671, 5, 5 
52026, 5, 5 
36528, 5, 5 
50662, 5, 5 
47177, 5, 5 
36729, 5, 5 
55531, 5, 5 
18769, 5, 5 
54461, 5, 5 
42560, 5, 5 
51050, 5, 5 
9344, 5, 5 
17132, 5, 5 
22426, 5, 5 
50624, 5, 5 
53529, 5, 5 
25954, 5, 5 
4443, 5, 5 
26102, 5, 5 
12021, 5, 5 
29058, 5, 5 
49957, 5, 5 
24421, 5, 5 
56852, 5, 5 
47366, 5, 5 
2993, 5, 5 
12548, 5, 5 
25726, 5, 5 
5828, 5, 5 
26576, 6, 6 
15780, 6, 6 
39273, 6, 6 
41442, 6, 6 
40871, 6, 6 
22068, 6, 6 
26874, 6, 6 
16632, 6, 6 
17426, 6, 6 
47133, 6, 6 
58136, 6, 6 
2005, 6, 6 
4531, 6, 6 
39353, 6, 6 
18788, 6, 6 
16583, 6, 6 
8822, 6, 6 
17867, 6, 6 
40775, 6, 6 
38352, 6, 6 
50280, 6, 6 
49347, 6, 6 
12640, 6, 6 
51696, 6, 6 
23476, 6, 6 
58825, 6, 6 
36985, 6, 6 
57157, 6, 6 
3736, 6, 6 
6265, 6, 6 
37931, 6, 6 
34658, 6, 6 
59570, 6, 6 
59754, 6, 6 
36425, 6, 6 
10174, 6, 6 
53416, 6, 6 
10754, 6, 6 
4546, 6, 6 
28435, 6, 6 
1202, 6, 6 
15386, 6, 6 
38050, 6, 6 
42723, 6, 6 
31071, 6, 6 
14083, 6, 6 
11731, 6, 6 
28733, 6, 6 
9049, 6, 6 
59039, 6, 6 
48239, 6, 6 
24802, 6, 6 
55138, 6, 6 
22665, 6, 6 
13828, 6, 6 
56552, 6, 6 
1869, 6, 6 
29209, 6, 6 
39747, 6, 6 
52641, 6, 6 
37966, 6, 6 
47458, 6, 6 
37231, 6, 6 
28741, 6, 6 
7504, 6, 6 
8328, 6, 6 
53472, 6, 6 
13712, 6, 6 
56411, 6, 6 
1990, 6, 6 
15287, 6, 6 
38416, 6, 6 
41268, 6, 6 
42405, 6, 6 
5634, 6, 6 
7991, 6, 6 
48328, 6, 6 
55143, 6, 6 
43594, 6, 6 
34905, 6, 6 
39385, 6, 6 
1204, 6, 6 
56171, 6, 6 
33927, 6, 6 
55372, 6, 6 
39087, 6, 6 
18312, 6, 6 
16064, 6, 6 
55913, 6, 6 
810, 6, 6 
16430, 6, 6 
32624, 6, 6 
45914, 6, 6 
39567, 6, 6 
44602, 6, 6 
1726, 6, 6 
15320, 6, 6 
31500, 6, 6 
31646, 6, 6 
34198, 6, 6 
48071, 6, 6 
14492, 6, 6 
56015, 6, 6 
11610, 6, 6 
37346, 6, 6 
2741, 6, 6 
36581, 6, 6 
26425, 6, 6 
15843, 6, 6 
17910, 6, 6 
29370, 6, 6 
32696, 6, 6 
58997, 6, 6 
9015, 6, 6 
36144, 6, 6 
51179, 6, 6 
15529, 6, 6 
12023, 6, 6 
7049, 6, 6 
36259, 6, 6 
32942, 6, 6 
44218, 6, 6 
37208, 6, 6 
35411, 6, 6 
26940, 6, 6 
22709, 6, 6 
30345, 6, 6 
56130, 6, 6 
34174, 6, 6 
44817, 6, 6 
26497, 6, 6 
1146, 6, 6 
4402, 6, 6 
28659, 6, 6 
25368, 6, 6 
11158, 6, 6 
5931, 6, 6 
49524, 6, 6 
48632, 6, 6 
8497, 6, 6 
53983, 6, 6 
29620, 6, 6 
55379, 6, 6 
47209, 6, 6 
29350, 6, 6 
42541, 6, 6 
14418, 6, 6 
46189, 6, 6 
9928, 6, 6 
4533, 6, 6 
43979, 6, 6 
4198, 6, 6 
23049, 6, 6 
14300, 6, 6 
24037, 6, 6 
26754, 6, 6 
33572, 6, 6 
53830, 6, 6 
35119, 6, 6 
24201, 6, 6 
2126, 6, 6 
18068, 6, 6 
55533, 6, 6 
42978, 6, 6 
54370, 6, 6 
19134, 6, 6 
42420, 6, 6 
4112, 6, 6 
12401, 6, 6 
21316, 6, 6 
17619, 6, 6 
37177, 6, 6 
20288, 6, 6 
10190, 6, 6 
14632, 6, 6 
14869, 6, 6 
1350, 6, 6 
15483, 6, 6 
45107, 6, 6 
31931, 6, 6 
2863, 6, 6 
51069, 6, 6 
27794, 6, 6 
58176, 6, 6 
13494, 6, 6 
42948, 6, 6 
42021, 6, 6 
57777, 6, 6 
23622, 6, 6 
20806, 6, 6 
41408, 6, 6 
31586, 6, 6 
29970, 6, 6 
12980, 6, 6 
1494, 6, 6 
2533, 6, 6 
5576, 6, 6 
25270, 6, 6 
47025, 6, 6 
59959, 6, 6 
32082, 6, 6 
17783, 6, 6 
33154, 6, 6 
33410, 6, 6 
23593, 6, 6 
52759, 6, 6 
58111, 6, 6 
36673, 6, 6 
37228, 6, 6 
58435, 6, 6 
41676, 6, 6 
56878, 6, 6 
7163, 6, 6 
12167, 6, 6 
6574, 6, 6 
24157, 6, 6 
18655, 6, 6 
10304, 6, 6 
55975, 6, 6 
55867, 6, 6 
34879, 6, 6 
49275, 6, 6 
3445, 6, 6 
49344, 6, 6 
3820, 6, 6 
55645, 6, 6 
28222, 6, 6 
41829, 6, 6 
26777, 6, 6 
52412, 6, 6 
36267, 6, 6 
18388, 6, 6 
38390, 6, 6 
46670, 6, 6 
1706, 6, 6 
45713, 6, 6 
49977, 6, 6 
57463, 6, 6 
28216, 6, 6 
35910, 6, 6 
6486, 6, 6 
11976, 6, 6 
36061, 6, 6 
14889, 6, 6 
17221, 6, 6 
44984, 6, 6 
49305, 6, 6 
11530, 6, 6 
39292, 6, 6 
50836, 6, 6 
43348, 6, 6 
18575, 6, 6 
17014, 6, 6 
21074, 6, 6 
47277, 6, 6 
47288, 6, 6 
45324, 6, 6 
43263, 6, 6 
11635, 6, 6 
32839, 6, 6 
10725, 6, 6 
4210, 6, 6 
19125, 6, 6 
23475, 6, 6 
38348, 6, 6 
30295, 6, 6 
52516, 6, 6 
47774, 6, 6 
23667, 6, 6 
24611, 6, 6 
30312, 6, 6 
42525, 6, 6 
48116, 6, 6 
44394, 6, 6 
57409, 6, 6 
13941, 6, 6 
50276, 6, 6 
40642, 6, 6 
31859, 6, 6 
42667, 6, 6 
24851, 6, 6 
29987, 6, 6 
10213, 6, 6 
39340, 6, 6 
44635, 6, 6 
44354, 6, 6 
7815, 6, 6 
59642, 6, 6 
6047, 6, 6 
38491, 6, 6 
12715, 6, 6 
6474, 6, 6 
52674, 6, 6 
39212, 6, 6 
47954, 6, 6 
57275, 6, 6 
18045, 6, 6 
43225, 6, 6 
29966, 6, 6 
1117, 6, 6 
49828, 6, 6 
34447, 6, 6 
27363, 6, 6 
13084, 6, 6 
12489, 6, 6 
6572, 6, 6 
57353, 6, 6 
35579, 6, 6 
58911, 6, 6 
51676, 6, 6 
42160, 6, 6 
32994, 6, 6 
33328, 6, 6 
13635, 6, 6 
17168, 6, 6 
19451, 6, 6 
54847, 6, 6 
42361, 6, 6 
13010, 6, 6 
49633, 6, 6 
24726, 6, 6 
5218, 6, 6 
15744, 6, 6 
19316, 6, 6 
51406, 6, 6 
36417, 6, 6 
17174, 6, 6 
44331, 6, 6 
41201, 6, 6 
7460, 6, 6 
15706, 6, 6 
30857, 6, 6 
38400, 6, 6 
54621, 6, 6 
8290, 6, 6 
51475, 6, 6 
46967, 6, 6 
25098, 6, 6 
48867, 6, 6 
37350, 6, 6 
6402, 6, 6 
58423, 6, 6 
54641, 6, 6 
44644, 6, 6 
25338, 6, 6 
12452, 6, 6 
24184, 6, 6 
23646, 6, 6 
39180, 6, 6 
43752, 6, 6 
47631, 6, 6 
25992, 6, 6 
16891, 6, 6 
10440, 6, 6 
35962, 6, 6 
56727, 6, 6 
48609, 6, 6 
44168, 6, 6 
8974, 6, 6 
35616, 6, 4 
6767, 6, 6 
4243, 6, 6 
56153, 6, 6 
34765, 6, 6 
15652, 6, 6 
23317, 6, 6 
22142, 6, 6 
27390, 6, 6 
38299, 6, 6 
35614, 6, 6 
42234, 6, 6 
58050, 6, 6 
13696, 6, 6 
18904, 6, 6 
17396, 6, 6 
24955, 6, 6 
36703, 6, 6 
38192, 6, 6 
5837, 6, 6 
33178, 6, 6 
35828, 6, 6 
53359, 6, 6 
29147, 6, 6 
32312, 6, 6 
29776, 6, 6 
13587, 6, 6 
23394, 6, 6 
22237, 6, 6 
20931, 6, 6 
37222, 6, 6 
53877, 6, 6 
17510, 6, 6 
32325, 6, 6 
22561, 6, 6 
323, 6, 6 
42295, 6, 6 
55255, 6, 6 
59255, 6, 6 
11401, 6, 6 
4054, 6, 6 
11307, 6, 6 
36310, 6, 6 
13536, 6, 6 
9305, 6, 6 
18678, 6, 6 
50666, 6, 6 
36504, 6, 6 
39045, 6, 6 
59709, 6, 6 
14801, 6, 6 
15401, 6, 6 
33975, 6, 6 
33513, 6, 6 
38258, 6, 6 
10855, 6, 6 
25579, 6, 6 
20431, 6, 6 
25541, 6, 6 
31670, 6, 6 
43682, 6, 6 
30680, 6, 6 
30856, 6, 6 
23453, 6, 6 
36195, 6, 6 
45757, 6, 6 
57529, 6, 6 
36129, 6, 6 
7926, 6, 6 
165, 6, 6 
9405, 6, 6 
23050, 6, 6 
19851, 6, 6 
47562, 6, 6 
22550, 6, 6 
8733, 6, 6 
39112, 6, 6 
1504, 6, 6 
58598, 6, 6 
7522, 6, 6 
48778, 6, 6 
17008, 6, 6 
5274, 6, 6 
57591, 6, 6 
57622, 6, 6 
46991, 6, 6 
36383, 6, 6 
22737, 6, 6 
21808, 6, 6 
42207, 6, 6 
52125, 6, 6 
30490, 6, 6 
51977, 6, 6 
59811, 6, 6 
36308, 6, 6 
15870, 6, 6 
52282, 6, 6 
20469, 6, 6 
47239, 6, 6 
41351, 6, 6 
21929, 6, 6 
51953, 6, 6 
24127, 6, 6 
15708, 6, 6 
17728, 6, 6 
31104, 6, 6 
38104, 6, 6 
3597, 6, 6 
35297, 6, 6 
33258, 6, 6 
51246, 6, 6 
41912, 6, 6 
9813, 6, 6 
59981, 6, 6 
30161, 6, 6 
90, 6, 6 
11282, 6, 6 
4800, 6, 6 
35342, 6, 6 
25730, 6, 6 
34520, 6, 6 
53175, 6, 6 
20119, 6, 6 
28572, 6, 6 
5587, 6, 6 
4188, 6, 6 
59369, 6, 6 
2516, 6, 6 
50823, 6, 6 
5990, 6, 6 
11357, 6, 6 
802, 6, 6 
44605, 6, 6 
9201, 6, 6 
6456, 6, 6 
10879, 6, 6 
30582, 6, 6 
3139, 6, 6 
7549, 6, 6 
47214, 6, 6 
51066, 6, 6 
43924, 7, 7 
38034, 7, 7 
16316, 7, 7 
27360, 7, 7 
2173, 7, 7 
39877, 7, 7 
12000, 7, 7 
43279, 7, 7 
37245, 7, 7 
40906, 7, 7 
40512, 7, 7 
52587, 7, 7 
44062, 7, 7 
21701, 7, 7 
46076, 7, 7 
48241, 7, 7 
52803, 7, 7 
8517, 7, 7 
31927, 7, 7 
52687, 7, 7 
16687, 7, 7 
43362, 7, 7 
39257, 7, 7 
34560, 7, 7 
35469, 7, 7 
32906, 7, 3 
26964, 7, 7 
611, 7, 7 
52644, 7, 7 
55514, 7, 7 
49644, 7, 7 
16771, 7, 7 
6752, 7, 7 
45978, 7, 7 
20703, 7, 7 
53643, 7, 7 
24138, 7, 7 
20312, 7, 7 
35372, 7, 7 
58393, 7, 7 
48190, 7, 7 
56680, 7, 7 
7386, 7, 7 
3372, 7, 7 
35919, 7, 7 
33798, 7, 7 
8232, 7, 7 
12659, 7, 7 
44943, 7, 7 
47829, 7, 7 
1157, 7, 7 
19086, 7, 7 
52680, 7, 7 
20452, 7, 7 
56679, 7, 7 
11838, 7, 7 
41174, 7, 7 
5778, 7, 7 
30941, 7, 7 
34880, 7, 7 
10148, 7, 7 
50795, 7, 7 
26882, 7, 0 
48736, 7, 7 
58836, 7, 7 
41221, 7, 7 
40430, 7, 7 
15577, 7, 7 
31408, 7, 7 
28764, 7, 7 
14540, 7, 7 
11498, 7, 7 
16852, 7, 7 
59323, 7, 7 
2929, 7, 7 
38943, 7, 7 
55276, 7, 7 
19226, 7, 7 
50021, 7, 7 
20435, 7, 7 
38076, 7, 7 
36302, 7, 7 
42619, 7, 7 
1306, 7, 7 
15490, 7, 9 
24565, 7, 7 
40067, 7, 7 
40451, 7, 7 
43645, 7, 7 
6722, 7, 7 
58977, 7, 7 
45456, 7, 3 
30357, 7, 7 
16986, 7, 9 
4928, 7, 7 
46618, 7, 7 
48050, 7, 7 
45967, 7, 7 
34998, 7, 7 
258, 7, 7 
36316, 7, 7 
56266, 7, 7 
16419, 7, 7 
32649, 7, 7 
47537, 7, 7 
43143, 7, 7 
3641, 7, 7 
8142, 7, 7 
12364, 7, 7 
58204, 7, 7 
8931, 7, 7 
9538, 7, 7 
14197, 7, 7 
12678, 7, 7 
17267, 7, 7 
53523, 7, 7 
43470, 7, 7 
46297, 7, 7 
38728, 7, 7 
54287, 7, 7 
45551, 7, 7 
7534, 7, 7 
30935, 7, 7 
32159, 7, 7 
868, 7, 7 
47560, 7, 7 
11399, 7, 7 
43956, 7, 7 
14238, 7, 2 
1739, 7, 7 
34118, 7, 7 
50655, 7, 7 
22239, 7, 7 
17718, 7, 7 
11166, 7, 7 
41661, 7, 7 
21621, 7, 7 
53855, 7, 7 
44911, 7, 7 
51916, 7, 7 
35837, 7, 7 
54364, 7, 7 
2985, 7, 7 
41788, 7, 7 
4200, 7, 7 
46081, 7, 7 
11553, 7, 7 
53836, 7, 7 
44658, 7, 7 
1057, 7, 7 
55480, 7, 3 
59025, 7, 7 
8849, 7, 9 
21043, 7, 7 
13600, 7, 7 
16169, 7, 7 
370, 7, 7 
10648, 7, 7 
26801, 7, 7 
54891, 7, 7 
31826, 7, 7 
7352, 7, 7 
1300, 7, 7 
5959, 7, 7 
12961, 7, 7 
23645, 7, 7 
8196, 7, 7 
25021, 7, 7 
9657, 7, 7 
59664, 7, 7 
1332, 7, 7 
59842, 7, 7 
44185, 7, 7 
29931, 7, 7 
40712, 7, 7 
13053, 7, 7 
47127, 7, 7 
34047, 7, 7 
942, 7, 7 
41493, 7, 7 
26088, 7, 7 
7173, 7, 7 
48343, 7, 7 
22336, 7, 7 
52124, 7, 7 
45626, 7, 7 
17486, 7, 7 
41470, 7, 7 
55344, 7, 7 
24964, 7, 7 
5472, 7, 7 
15750, 7, 7 
8345, 7, 7 
53832, 7, 7 
28447, 7, 7 
7380, 7, 7 
50064, 7, 7 
10243, 7, 7 
31910, 7, 7 
23711, 7, 7 
46493, 7, 7 
10154, 7, 7 
46630, 7, 7 
21095, 7, 7 
55021, 7, 7 
27561, 7, 7 
10640, 7, 7 
57177, 7, 9 
45060, 7, 7 
911, 7, 7 
39348, 7, 7 
56534, 7, 7 
32197, 7, 7 
10890, 7, 7 
6140, 7, 7 
35223, 7, 7 
5014, 7, 7 
24675, 7, 7 
48585, 7, 7 
11642, 7, 7 
12188, 7, 7 
57725, 7, 7 
2778, 7, 7 
39949, 7, 7 
13319, 7, 7 
50920, 7, 7 
41769, 7, 7 
5975, 7, 7 
38810, 7, 7 
44500, 7, 7 
40794, 7, 7 
17833, 7, 7 
22862, 7, 7 
5059, 7, 7 
44353, 7, 7 
41698, 7, 7 
9432, 7, 7 
5283, 7, 7 
19509, 7, 7 
35745, 7, 7 
47203, 7, 7 
46426, 7, 4 
47682, 7, 7 
2574, 7, 7 
57774, 7, 7 
22097, 7, 7 
43627, 7, 7 
49616, 7, 7 
54957, 7, 7 
2102, 7, 7 
6715, 7, 7 
23345, 7, 7 
48228, 7, 7 
46153, 7, 7 
33627, 7, 7 
51141, 7, 7 
17143, 7, 7 
22018, 7, 7 
20605, 7, 7 
27950, 7, 7 
5178, 7, 7 
586, 7, 7 
24561, 7, 7 
4946, 7, 7 
820, 7, 7 
47849, 7, 7 
34094, 7, 7 
17007, 7, 7 
1376, 7, 7 
42876, 7, 7 
48678, 7, 7 
21050, 7, 7 
57751, 7, 7 
37853, 7, 7 
32515, 7, 7 
6623, 7, 7 
2187, 7, 7 
103, 7, 7 
17183, 7, 7 
45535, 7, 7 
20301, 7, 7 
17687, 7, 7 
31792, 7, 7 
28670, 7, 7 
9598, 7, 7 
38923, 7, 7 
34673, 7, 7 
31712, 7, 7 
32941, 7, 7 
47417, 7, 7 
53066, 7, 7 
7284, 7, 7 
35032, 7, 7 
34516, 7, 7 
50884, 7, 7 
26734, 7, 7 
42897, 7, 9 
33455, 7, 7 
32873, 7, 7 
33057, 7, 7 
8198, 7, 7 
15469, 7, 7 
26076, 7, 7 
4141, 7, 7 
33171, 7, 7 
52705, 7, 7 
14598, 7, 7 
51766, 7, 7 
27717, 7, 7 
33431, 7, 7 
29908, 7, 7 
14954, 7, 7 
9274, 7, 7 
37297, 7, 7 
20223, 7, 7 
33676, 7, 7 
883, 7, 7 
41362, 7, 7 
29855, 7, 7 
12403, 7, 7 
6707, 7, 7 
33524, 7, 7 
3276, 7, 7 
46673, 7, 7 
45397, 7, 7 
45735, 7, 7 
56095, 7, 7 
38857, 7, 7 
8576, 7, 7 
21904, 7, 7 
24382, 7, 7 
50732, 7, 7 
4273, 7, 7 
34997, 7, 7 
10744, 7, 3 
31996, 7, 7 
23164, 7, 7 
37713, 7, 7 
50370, 7, 7 
52089, 7, 7 
42410, 7, 7 
30558, 7, 7 
21217, 7, 7 
44972, 7, 7 
40791, 7, 7 
5223, 7, 7 
52181, 7, 7 
2512, 7, 7 
41083, 7, 7 
40344, 7, 7 
56482, 7, 7 
56472, 7, 7 
22016, 7, 7 
40603, 7, 7 
48275, 7, 7 
24652, 7, 7 
59953, 7, 7 
10179, 7, 7 
38255, 7, 7 
20226, 7, 7 
6241, 7, 7 
21710, 7, 7 
28236, 7, 7 
36748, 7, 7 
59494, 7, 7 
36307, 7, 7 
28337, 7, 7 
31812, 7, 7 
263, 7, 7 
37327, 7, 7 
38505, 7, 7 
20019, 7, 7 
25610, 7, 7 
57949, 7, 7 
5089, 7, 7 
24994, 7, 7 
6882, 7, 7 
1687, 7, 7 
24500, 7, 7 
31189, 7, 7 
11994, 7, 7 
54106, 7, 7 
49391, 7, 7 
39314, 7, 7 
7001, 7, 7 
27379, 7, 7 
26750, 7, 7 
26097, 7, 7 
55608, 7, 7 
26917, 7, 7 
5057, 7, 7 
15922, 7, 7 
25877, 7, 7 
2766, 7, 7 
21704, 7, 7 
4421, 7, 7 
52669, 7, 7 
7277, 7, 7 
40728, 7, 7 
50371, 7, 7 
50438, 7, 7 
38320, 7, 7 
8801, 7, 7 
35416, 7, 7 
53866, 7, 7 
42582, 7, 7 
6130, 7, 3 
11822, 7, 7 
17350, 7, 7 
23969, 7, 7 
29888, 7, 7 
58292, 7, 7 
29951, 7, 7 
28520, 7, 7 
33315, 7, 7 
23666, 7, 7 
49571, 7, 7 
6740, 7, 7 
33809, 7, 7 
33134, 7, 7 
21915, 7, 7 
59441, 7, 7 
11898, 7, 7 
56756, 7, 7 
10309, 7, 7 
23207, 7, 7 
41026, 7, 7 
30432, 7, 7 
57540, 7, 7 
17849, 7, 7 
32307, 7, 7 
13515, 7, 7 
24815, 7, 7 
1730, 7, 7 
30001, 7, 7 
33543, 7, 7 
9854, 7, 7 
30190, 7, 7 
53931, 7, 7 
32208, 7, 7 
15460, 7, 7 
36177, 7, 7 
25062, 7, 7 
23698, 7, 7 
46858, 7, 7 
24254, 7, 7 
34861, 7, 7 
12794, 7, 7 
18333, 7, 7 
55238, 7, 7 
36876, 7, 7 
20404, 7, 7 
14581, 7, 7 
27098, 7, 7 
12065, 7, 7 
24228, 7, 7 
56542, 7, 7 
39246, 7, 7 
14046, 7, 7 
46605, 7, 7 
26756, 7, 8 
53232, 7, 7 
45606, 7, 7 
25126, 7, 7 
32626, 7, 7 
20765, 7, 7 
57572, 7, 7 
45871, 7, 7 
29127, 7, 7 
31192, 7, 7 
56121, 7, 7 
58450, 7, 7 
43160, 7, 7 
824, 7, 7 
10873, 7, 7 
24207, 7, 7 
17800, 7, 7 
43381, 7, 7 
3618, 7, 7 
20980, 7, 7 
18609, 7, 7 
39439, 7, 7 
12185, 7, 7 
55553, 7, 7 
37994, 7, 7 
46174, 7, 7 
45777, 7, 7 
11623, 7, 7 
52475, 7, 7 
35549, 7, 7 
31156, 7, 7 
56897, 7, 7 
1392, 7, 7 
37001, 7, 7 
20909, 7, 7 
32236, 7, 7 
2292, 7, 7 
30462, 7, 7 
46340, 7, 7 
43400, 7, 7 
25563, 8, 8 
40767, 8, 8 
4521, 8, 8 
22289, 8, 8 
53721, 8, 8 
30401, 8, 8 
43306, 8, 8 
27608, 8, 8 
16040, 8, 8 
25976, 8, 8 
50738, 8, 8 
48149, 8, 8 
38387, 8, 8 
11998, 8, 8 
51897, 8, 8 
35526, 8, 8 
4637, 8, 8 
29139, 8, 8 
51266, 8, 8 
11808, 8, 8 
913, 8, 8 
54450, 8, 8 
17512, 8, 8 
20819, 8, 8 
29680, 8, 8 
6203, 8, 8 
54594, 8, 8 
38453, 8, 8 
49704, 8, 8 
23035, 8, 8 
35123, 8, 8 
5029, 8, 8 
8324, 8, 8 
12379, 8, 8 
42107, 8, 8 
57054, 8, 8 
50626, 8, 8 
42820, 8, 8 
39355, 8, 8 
56194, 8, 8 
3482, 8, 8 
50762, 8, 8 
43647, 8, 8 
29604, 8, 8 
57348, 8, 8 
11444, 8, 8 
29208, 8, 8 
1616, 8, 8 
55650, 8, 8 
784, 8, 8 
4767, 8, 8 
57737, 8, 8 
53131, 8, 8 
8785, 8, 8 
22703, 8, 8 
43363, 8, 8 
10619, 8, 8 
42595, 8, 8 
15546, 8, 8 
41133, 8, 8 
20020, 8, 8 
32636, 8, 8 
15221, 8, 8 
17179, 8, 8 
2636, 8, 8 
31611, 8, 8 
32390, 8, 8 
8753, 8, 8 
26520, 8, 8 
55604, 8, 8 
14438, 8, 8 
24046, 8, 8 
58424, 8, 8 
37396, 8, 8 
39756, 8, 8 
59962, 8, 8 
8933, 8, 8 
46519, 8, 8 
1457, 8, 8 
52115, 8, 8 
15820, 8, 5 
21395, 8, 8 
43532, 8, 3 
708, 8, 8 
16179, 8, 8 
5087, 8, 8 
39419, 8, 8 
53906, 8, 8 
445, 8, 8 
25387, 8, 8 
25321, 8, 8 
52349, 8, 8 
31479, 8, 8 
47136, 8, 8 
49496, 8, 8 
33839, 8, 8 
2687, 8, 8 
36250, 8, 8 
34870, 8, 8 
47111, 8, 8 
46118, 8, 8 
14993, 8, 8 
45050, 8, 8 
18041, 8, 8 
1745, 8, 8 
20204, 8, 8 
56412, 8, 8 
35981, 8, 8 
14068, 8, 8 
31968, 8, 8 
35096, 8, 8 
16246, 8, 8 
57616, 8, 8 
43828, 8, 8 
2077, 8, 8 
24664, 8, 8 
16539, 8, 8 
9154, 8, 8 
13151, 8, 8 
16275, 8, 8 
55497, 8, 8 
50711, 8, 8 
20350, 8, 7 
38587, 8, 8 
16365, 8, 8 
18762, 8, 8 
36503, 8, 8 
53765, 8, 8 
31738, 8, 8 
11406, 8, 8 
32965, 8, 8 
52237, 8, 8 
5680, 8, 8 
50074, 8, 8 
36529, 8, 8 
3918, 8, 8 
10837, 8, 8 
54919, 8, 8 
16432, 8, 8 
14226, 8, 8 
16965, 8, 8 
37735, 8, 8 
47857, 8, 8 
42147, 8, 8 
9557, 8, 8 
42813, 8, 8 
37771, 8, 8 
12890, 8, 8 
37263, 8, 8 
59447, 8, 8 
9936, 8, 8 
23328, 8, 8 
59909, 8, 8 
32253, 8, 8 
54163, 8, 8 
16128, 8, 8 
12648, 8, 8 
4282, 8, 8 
8764, 8, 8 
24950, 8, 8 
51611, 8, 8 
19242, 8, 8 
31938, 8, 8 
50886, 8, 8 
34565, 8, 8 
46959, 8, 8 
24297, 8, 8 
44427, 8, 8 
39478, 8, 8 
39104, 8, 8 
25715, 8, 8 
25849, 8, 8 
53520, 8, 8 
39559, 8, 8 
57648, 8, 8 
18642, 8, 8 
19763, 8, 8 
14441, 8, 8 
14452, 8, 8 
6508, 8, 8 
57745, 8, 8 
36776, 8, 8 
19458, 8, 8 
21694, 8, 8 
33181, 8, 8 
8306, 8, 8 
28241, 8, 8 
34372, 8, 8 
46478, 8, 8 
15050, 8, 8 
48475, 8, 8 
58787, 8, 8 
23456, 8, 8 
45493, 8, 8 
10233, 8, 8 
12958, 8, 8 
36870, 8, 8 
57901, 8, 8 
34286, 8, 8 
51414, 8, 8 
46231, 8, 8 
11885, 8, 9 
15757, 8, 8 
13386, 8, 8 
11672, 8, 8 
36179, 8, 8 
47484, 8, 8 
23383, 8, 8 
36913, 8, 8 
3657, 8, 8 
55491, 8, 8 
16023, 8, 8 
57304, 8, 8 
59581, 8, 8 
26474, 8, 8 
53079, 8, 8 
40626, 8, 8 
24101, 8, 9 
51307, 8, 8 
12494, 8, 8 
15935, 8, 8 
43250, 8, 8 
19826, 8, 8 
56170, 8, 8 
19224, 8, 8 
38142, 8, 8 
6322, 8, 8 
53782, 8, 8 
28785, 8, 8 
48723, 8, 8 
16457, 8, 8 
11761, 8, 8 
52033, 8, 8 
30318, 8, 8 
21105, 8, 8 
11288, 8, 8 
4582, 8, 8 
27210, 8, 8 
49114, 8, 8 
34921, 8, 8 
38237, 8, 8 
1239, 8, 8 
32544, 8, 8 
26145, 8, 8 
45717, 8, 8 
2139, 8, 8 
58969, 8, 8 
37808, 8, 8 
35251, 8, 8 
45802, 8, 8 
57580, 8, 8 
30635, 8, 8 
13485, 8, 8 
36828, 8, 8 
32473, 8, 8 
42880, 8, 8 
51954, 8, 8 
46320, 8, 8 
5594, 8, 8 
9219, 8, 8 
23193, 8, 8 
55697, 8, 8 
11904, 8, 8 
18433, 8, 8 
17145, 8, 8 
31765, 8, 8 
43909, 8, 8 
18396, 8, 8 
48657, 8, 8 
42688, 8, 8 
59916, 8, 8 
57484, 8, 8 
8666, 8, 8 
27687, 8, 8 
26947, 8, 8 
51347, 8, 8 
22773, 8, 8 
41153, 8, 8 
24422, 8, 8 
12944, 8, 8 
26138, 8, 8 
18089, 8, 8 
39596, 8, 8 
23180, 8, 8 
52280, 8, 8 
50596, 8, 8 
16322, 8, 8 
32615, 8, 8 
15522, 8, 8 
24562, 8, 8 
3866, 8, 8 
38271, 8, 8 
4440, 8, 8 
57257, 8, 8 
18291, 8, 8 
31845, 8, 8 
56430, 8, 8 
37122, 8, 8 
31390, 8, 8 
19595, 8, 8 
9794, 8, 8 
41663, 8, 8 
7814, 8, 8 
29493, 8, 8 
44041, 8, 8 
7136, 8, 0 
45399, 8, 8 
1598, 8, 8 
53997, 8, 8 
19725, 8, 8 
31119, 8, 8 
4848, 8, 8 
56386, 8, 8 
4100, 8, 8 
6214, 8, 8 
37600, 8, 8 
10561, 8, 8 
36386, 8, 8 
17545, 8, 8 
18338, 8, 8 
9134, 8, 8 
8148, 8, 8 
27974, 8, 8 
54498, 8, 8 
51601, 8, 8 
5460, 8, 8 
13018, 8, 3 
39035, 8, 8 
33755, 8, 8 
15343, 8, 8 
37202, 8, 8 
58334, 8, 8 
54093, 8, 8 
56874, 8, 8 
9789, 8, 8 
22266, 8, 8 
756, 8, 8 
28931, 8, 8 
43944, 8, 3 
54884, 8, 8 
17948, 8, 8 
12250, 8, 8 
18931, 8, 8 
51769, 8, 8 
41235, 8, 8 
9564, 8, 8 
21046, 8, 1 
42331, 8, 8 
31139, 8, 8 
18439, 8, 8 
13258, 8, 8 
32426, 8, 8 
39144, 8, 8 
53569, 8, 8 
32936, 8, 8 
22604, 8, 8 
45772, 8, 8 
51078, 8, 8 
36708, 8, 8 
24558, 8, 8 
31334, 8, 8 
37005, 8, 8 
55610, 8, 8 
45293, 8, 8 
55853, 8, 8 
56866, 8, 8 
48285, 8, 8 
5042, 8, 8 
19275, 8, 8 
54367, 8, 8 
52465, 8, 8 
55081, 8, 8 
13195, 8, 8 
25008, 8, 8 
48280, 8, 8 
2194, 8, 8 
48559, 8, 8 
40146, 8, 8 
15502, 8, 8 
52573, 8, 8 
21785, 8, 8 
23008, 8, 8 
26948, 8, 8 
38979, 8, 8 
51878, 8, 8 
10632, 8, 8 
32352, 8, 8 
27312, 8, 8 
5030, 8, 8 
34978, 8, 8 
30523, 8, 8 
4482, 8, 8 
43333, 8, 8 
18406, 8, 8 
8139, 8, 8 
43534, 8, 8 
34883, 8, 8 
35924, 8, 8 
28495, 8, 8 
27579, 8, 8 
27072, 8, 8 
49044, 8, 8 
35477, 8, 8 
14873, 8, 8 
4147, 8, 8 
47359, 8, 8 
52283, 8, 8 
3425, 8, 8 
18690, 8, 8 
26153, 8, 8 
56082, 8, 1 
14766, 8, 8 
15455, 8, 8 
18378, 8, 8 
15406, 8, 8 
31380, 8, 8 
20524, 8, 8 
7871, 8, 8 
54040, 8, 8 
53445, 8, 8 
2303, 8, 8 
20986, 8, 8 
15950, 8, 8 
52493, 8, 8 
47176, 8, 8 
30661, 8, 8 
12174, 8, 8 
20876, 8, 8 
15149, 8, 8 
45813, 8, 8 
56295, 8, 8 
6731, 8, 8 
20640, 8, 8 
8918, 8, 8 
51830, 8, 8 
33251, 8, 8 
2991, 8, 8 
4853, 8, 8 
25236, 8, 8 
50274, 8, 8 
817, 8, 8 
26519, 8, 8 
58693, 8, 8 
28003, 8, 8 
50702, 8, 8 
3730, 8, 3 
51058, 8, 8 
4761, 8, 8 
18811, 8, 8 
28475, 8, 8 
15624, 8, 8 
37434, 8, 8 
17196, 8, 8 
40274, 8, 8 
9521, 8, 8 
49438, 8, 8 
7995, 8, 8 
25843, 8, 8 
46789, 8, 8 
10905, 8, 8 
39011, 8, 8 
41231, 8, 8 
13549, 8, 8 
12026, 8, 8 
34075, 8, 8 
22526, 8, 8 
32864, 8, 8 
43787, 8, 8 
31710, 8, 8 
46380, 8, 8 
22001, 8, 8 
3086, 8, 8 
31259, 8, 8 
47188, 8, 8 
35232, 8, 8 
7329, 8, 8 
11273, 8, 8 
31248, 8, 8 
52171, 8, 8 
2951, 8, 8 
15919, 8, 8 
43203, 8, 8 
31298, 8, 8 
24349, 8, 8 
55940, 8, 8 
32596, 8, 8 
20954, 8, 8 
8746, 8, 8 
52241, 8, 9 
27294, 8, 8 
44597, 8, 8 
57318, 8, 8 
8359, 8, 8 
54741, 8, 8 
47926, 8, 9 
3066, 8, 8 
17825, 8, 8 
18901, 8, 8 
38977, 8, 8 
57316, 8, 8 
44892, 9, 9 
20518, 9, 9 
20900, 9, 9 
7013, 9, 9 
5943, 9, 9 
28195, 9, 9 
45841, 9, 9 
30783, 9, 9 
53369, 9, 9 
15541, 9, 9 
34031, 9, 9 
30814, 9, 9 
52605, 9, 9 
48413, 9, 9 
54677, 9, 9 
428, 9, 9 
25233, 9, 9 
25267, 9, 9 
46263, 9, 9 
29036, 9, 9 
34439, 9, 9 
49432, 9, 9 
53841, 9, 9 
51942, 9, 9 
38006, 9, 9 
14888, 9, 9 
12442, 9, 9 
32316, 9, 9 
13945, 9, 9 
782, 9, 9 
23682, 9, 9 
26828, 9, 9 
56597, 9, 9 
17551, 9, 7 
27450, 9, 9 
51248, 9, 4 
59794, 9, 9 
9613, 9, 9 
47637, 9, 9 
53847, 9, 9 
58081, 9, 9 
19992, 9, 9 
17674, 9, 9 
3121, 9, 9 
4093, 9, 9 
16053, 9, 9 
45944, 9, 9 
21471, 9, 9 
23329, 9, 9 
44741, 9, 9 
40325, 9, 9 
38467, 9, 9 
14956, 9, 9 
36044, 9, 9 
18786, 9, 9 
3257, 9, 9 
43999, 9, 9 
17195, 9, 9 
45142, 9, 9 
57913, 9, 9 
4589, 9, 9 
57670, 9, 9 
40631, 9, 9 
170, 9, 9 
22388, 9, 9 
38292, 9, 9 
25258, 9, 9 
10438, 9, 9 
35080, 9, 9 
24817, 9, 9 
30221, 9, 9 
13932, 9, 9 
31336, 9, 9 
4260, 9, 9 
55068, 9, 9 
20138, 9, 9 
22072, 9, 9 
33682, 9, 9 
9631, 9, 9 
23447, 9, 9 
56178, 9, 9 
31295, 9, 9 
26068, 9, 9 
10199, 9, 9 
52903, 9, 9 
12280, 9, 9 
42882, 9, 9 
33944, 9, 9 
51632, 9, 9 
20457, 9, 9 
24401, 9, 9 
29110, 9, 9 
49640, 9, 9 
53044, 9, 9 
46271, 9, 9 
25648, 9, 9 
27037, 9, 9 
42718, 9, 9 
24313, 9, 9 
43385, 9, 9 
34104, 9, 9 
30520, 9, 9 
31400, 9, 9 
10839, 9, 9 
37611, 9, 9 
58075, 9, 9 
51796, 9, 9 
4447, 9, 9 
35341, 9, 9 
47257, 9, 9 
37318, 9, 9 
1112, 9, 9 
59804, 9, 9 
44075, 9, 9 
3173, 9, 9 
56201, 9, 9 
43237, 9, 9 
49010, 9, 9 
1736, 9, 9 
19387, 9, 9 
58348, 9, 9 
20982, 9, 9 
56933, 9, 9 
36080, 9, 9 
43107, 9, 9 
35440, 9, 9 
5803, 9, 9 
19781, 9, 9 
7773, 9, 9 
28114, 9, 9 
55493, 9, 9 
7251, 9, 9 
56883, 9, 9 
25501, 9, 9 
51036, 9, 9 
28176, 9, 9 
346, 9, 9 
7756, 9, 9 
707, 9, 9 
58332, 9, 9 
58169, 9, 9 
17550, 9, 9 
19, 9, 9 
38562, 9, 9 
47755, 9, 9 
42668, 9, 9 
7627, 9, 9 
10752, 9, 9 
23638, 9, 9 
24062, 9, 9 
30069, 9, 9 
7006, 9, 9 
53565, 9, 9 
57487, 9, 9 
7201, 9, 9 
39973, 9, 9 
40063, 9, 9 
29672, 9, 9 
18228, 9, 9 
44985, 9, 9 
51647, 9, 9 
18475, 9, 9 
29154, 9, 9 
33701, 9, 9 
47671, 9, 9 
13752, 9, 9 
34335, 9, 9 
35854, 9, 9 
7430, 9, 9 
6751, 9, 9 
15728, 9, 9 
17147, 9, 9 
32377, 9, 9 
8393, 9, 9 
1620, 9, 9 
13116, 9, 9 
19558, 9, 9 
38426, 9, 9 
21302, 9, 9 
10623, 9, 9 
50285, 9, 9 
52462, 9, 9 
31107, 9, 9 
8216, 9, 9 
40371, 9, 9 
16621, 9, 9 
10336, 9, 9 
2821, 9, 9 
8404, 9, 9 
59942, 9, 9 
33576, 9, 9 
24736, 9, 9 
14950, 9, 9 
56348, 9, 9 
3696, 9, 7 
31226, 9, 9 
15395, 9, 9 
40264, 9, 9 
38121, 9, 9 
25528, 9, 9 
10292, 9, 9 
53515, 9, 9 
17235, 9, 9 
17708, 9, 9 
33380, 9, 9 
34482, 9, 9 
45762, 9, 9 
56466, 9, 9 
58979, 9, 9 
23864, 9, 9 
40136, 9, 9 
29743, 9, 9 
7198, 9, 9 
43502, 9, 9 
14146, 9, 9 
7940, 9, 9 
39377, 9, 9 
43207, 9, 9 
3511, 9, 9 
11416, 9, 9 
58639, 9, 9 
28908, 9, 9 
9176, 9, 9 
18813, 9, 9 
8448, 9, 9 
47456, 9, 9 
37009, 9, 9 
5607, 9, 9 
43193, 9, 9 
51840, 9, 9 
46474, 9, 9 
6625, 9, 9 
7922, 9, 9 
15357, 9, 9 
15312, 9, 9 
12651, 9, 9 
36827, 9, 9 
29328, 9, 9 
6019, 9, 9 
47870, 9, 9 
34569, 9, 9 
26921, 9, 9 
6717, 9, 9 
10443, 9, 9 
27565, 9, 9 
2815, 9, 9 
33372, 9, 9 
56800, 9, 3 
51783, 9, 9 
49272, 9, 9 
49549, 9, 9 
33313, 9, 9 
13672, 9, 9 
788, 9, 8 
10746, 9, 9 
29018, 9, 9 
30537, 9, 9 
27731, 9, 9 
52357, 9, 9 
37965, 9, 9 
17983, 9, 9 
47863, 9, 9 
43551, 9, 9 
45039, 9, 9 
10529, 9, 9 
52367, 9, 9 
13050, 9, 9 
5718, 9, 9 
14627, 9, 9 
3704, 9, 9 
30263, 9, 9 
36807, 9, 9 
1292, 9, 9 
55007, 9, 9 
53736, 9, 9 
46179, 9, 9 
46655, 9, 9 
34603, 9, 9 
13028, 9, 9 
15326, 9, 9 
30825, 9, 9 
1122, 9, 9 
8424, 9, 9 
22116, 9, 9 
43966, 9, 9 
5669, 9, 9 
40328, 9, 9 
7946, 9, 9 
14915, 9, 9 
18241, 9, 9 
52239, 9, 9 
25905, 9, 9 
42924, 9, 9 
31394, 9, 9 
12708, 9, 9 
59191, 9, 9 
57290, 9, 9 
43146, 9, 9 
19310, 9, 9 
19667, 9, 9 
7310, 9, 9 
40585, 9, 9 
26314, 9, 9 
36500, 9, 9 
36162, 9, 9 
7853, 9, 9 
26950, 9, 9 
33683, 9, 9 
8487, 9, 9 
2274, 9, 9 
16776, 9, 9 
40128, 9, 9 
19972, 9, 9 
24496, 9, 9 
8630, 9, 9 
42963, 9, 9 
54546, 9, 9 
36988, 9, 9 
50030, 9, 9 
12179, 9, 9 
59749, 9, 9 
18700, 9, 9 
20115, 9, 9 
27581, 9, 9 
53868, 9, 9 
38748, 9, 9 
4456, 9, 9 
51574, 9, 9 
22117, 9, 9 
51597, 9, 9 
3925, 9, 9 
34920, 9, 7 
33721, 9, 9 
38064, 9, 9 
6438, 9, 9 
57267, 9, 9 
26846, 9, 9 
1138, 9, 9 
16859, 9, 9 
36860, 9, 9 
35384, 9, 9 
26316, 9, 9 
26525, 9, 9 
43738, 9, 9 
26682, 9, 9 
49007, 9, 9 
33862, 9, 9 
18382, 9, 9 
23624, 9, 9 
9896, 9, 9 
28007, 9, 9 
27521, 9, 9 
53683, 9, 9 
1960, 9, 9 
13692, 9, 9 
57159, 9, 9 
50099, 9, 9 
8015, 9, 9 
56580, 9, 9 
17501, 9, 9 
51132, 9, 9 
40073, 9, 9 
12050, 9, 9 
53276, 9, 9 
29655, 9, 9 
51644, 9, 9 
3653, 9, 9 
51863, 9, 9 
37247, 9, 9 
20683, 9, 9 
51945, 9, 9 
29236, 9, 9 
43183, 9, 9 
46087, 9, 9 
53070, 9, 9 
57072, 9, 9 
39932, 9, 9 
23976, 9, 9 
49223, 9, 9 
31987, 9, 9 
24153, 9, 9 
31018, 9, 9 
32047, 9, 9 
48130, 9, 9 
35330, 9, 9 
13572, 9, 9 
19715, 9, 9 
15239, 9, 9 
9998, 9, 9 
2514, 9, 9 
50373, 9, 9 
19428, 9, 9 
50997, 9, 9 
19513, 9, 9 
34476, 9, 9 
28446, 9, 9 
45247, 9, 9 
27016, 9, 9 
1421, 9, 9 
25099, 9, 9 
52427, 9, 9 
19778, 9, 9 
52553, 9, 9 
40065, 9, 9 
11991, 9, 9 
28808, 9, 9 
59409, 9, 9 
18091, 9, 9 
19690, 9, 9 
2798, 9, 9 
32593, 9, 9 
9949, 9, 9 
25667, 9, 9 
11820, 9, 9 
1659, 9, 9 
21277, 9, 9 
49511, 9, 9 
53059, 9, 9 
18131, 9, 9 
8641, 9, 9 
58566, 9, 9 
55013, 9, 9 
11368, 9, 9 
28722, 9, 9 
40984, 9, 9 
44085, 9, 9 
47341, 9, 9 
30694, 9, 9 
54713, 9, 9 
52653, 9, 9 
35824, 9, 9 
7087, 9, 9 
35603, 9, 9 
46161, 9, 9 
35693, 9, 9 
55240, 9, 9 
3481, 9, 9 
40628, 9, 9 
37029, 9, 9 
34892, 9, 9 
28873, 9, 9 
58838, 9, 9 
48987, 9, 9 
55200, 9, 9 
52638, 9, 9 
2247, 9, 9 
2793, 9, 9 
11442, 9, 9 
56152, 9, 9 
46784, 9, 9 
54504, 9, 9 
33041, 9, 9 
3649, 9, 9 
42315, 9, 9 
2722, 9, 9 
8315, 9, 9 
12294, 9, 9 
58978, 9, 9 
43596, 9, 9 
22804, 9, 9 
23539, 9, 9 
31097, 9, 9 
38767, 9, 9 
50226, 9, 9 
1683, 9, 9 
28597, 9, 9 
38674, 9, 9 
3834, 9, 9 
16846, 9, 9 
7975, 9, 9 
27260, 9, 9 
36148, 9, 9 
55333, 9, 9 
1574, 9, 9 
25865, 9, 9 
33182, 9, 9 
14884, 9, 9 
56807, 9, 9 
48429, 9, 9 
55009, 9, 9 
32380, 9, 9 
56923, 9, 9 
3760, 9, 9 
40977, 9, 9 
11990, 9, 9 
55364, 9, 9 
15124, 9, 9 
11773, 9, 9 
16816, 9, 9 
4459, 9, 9 
44600, 9, 9 
35233, 9, 9 
42311, 9, 9 
26045, 9, 9 
13425, 9, 9 
21807, 9, 9 
27191, 9, 9 
2116, 9, 9 
8409, 9, 9 
43765, 9, 9 
