id, true label, predicted label 
33947, 0, 0 
51061, 0, 0 
4563, 0, 0 
38746, 0, 0 
50808, 0, 0 
2597, 0, 0 
6972, 0, 0 
58356, 0, 0 
31476, 0, 0 
29409, 0, 0 
15442, 0, 0 
21319, 0, 0 
32494, 0, 0 
34502, 0, 0 
7458, 0, 0 
48554, 0, 0 
18970, 0, 0 
27153, 0, 0 
40074, 0, 0 
21970, 0, 0 
57397, 0, 0 
31369, 0, 0 
662, 0, 0 
54104, 0, 0 
52596, 0, 0 
3128, 0, 0 
37752, 0, 0 
33673, 0, 0 
47867, 0, 0 
8935, 0, 0 
48727, 0, 0 
4556, 0, 0 
206, 0, 0 
53524, 0, 0 
10071, 0, 0 
19117, 0, 0 
15566, 0, 0 
7004, 0, 0 
50924, 0, 0 
17462, 0, 0 
2621, 0, 0 
24367, 0, 0 
18222, 0, 0 
3906, 0, 0 
13799, 0, 0 
19027, 0, 0 
11532, 0, 0 
39474, 0, 0 
29187, 0, 0 
55177, 0, 0 
36040, 0, 0 
26260, 0, 0 
11462, 0, 0 
30586, 0, 0 
31341, 0, 0 
8172, 0, 0 
9671, 0, 0 
21513, 0, 0 
8681, 0, 0 
38691, 0, 0 
16105, 0, 0 
15169, 0, 0 
8304, 0, 0 
5147, 0, 0 
10343, 0, 0 
1837, 0, 0 
13854, 0, 0 
43685, 0, 0 
16043, 0, 0 
37678, 0, 0 
53881, 0, 0 
57491, 0, 0 
10221, 0, 0 
47452, 0, 0 
11403, 0, 0 
56124, 0, 0 
5809, 0, 0 
46535, 0, 0 
48295, 0, 0 
21506, 0, 0 
23613, 0, 0 
19492, 0, 0 
29704, 0, 0 
45741, 0, 0 
42818, 0, 0 
24776, 0, 0 
29101, 0, 0 
8472, 0, 0 
30668, 0, 0 
39346, 0, 0 
58229, 0, 0 
57161, 0, 0 
27911, 0, 0 
39664, 0, 0 
41358, 0, 0 
10326, 0, 0 
23210, 0, 0 
30149, 0, 0 
48421, 0, 0 
36620, 0, 0 
59017, 0, 0 
51680, 0, 0 
49278, 0, 0 
56, 0, 0 
55251, 0, 0 
51265, 0, 0 
14384, 0, 0 
40844, 0, 0 
25914, 0, 0 
14325, 0, 0 
45823, 0, 0 
56606, 0, 0 
37647, 0, 0 
10188, 0, 0 
31625, 0, 0 
52393, 0, 0 
6406, 0, 0 
43186, 0, 0 
9083, 0, 0 
25383, 0, 0 
15825, 0, 0 
45115, 0, 0 
50385, 0, 0 
35400, 0, 0 
27035, 0, 0 
48287, 0, 0 
18718, 0, 0 
40421, 0, 0 
53403, 0, 0 
48168, 0, 0 
27050, 0, 0 
23793, 0, 0 
44205, 0, 0 
52470, 0, 0 
49059, 0, 0 
997, 0, 0 
13918, 0, 0 
27628, 0, 0 
21497, 0, 0 
49853, 0, 0 
49185, 0, 0 
10254, 0, 0 
32575, 0, 0 
53381, 0, 0 
519, 0, 0 
4488, 0, 0 
8354, 0, 0 
12691, 0, 0 
16354, 0, 0 
3876, 0, 0 
36842, 0, 0 
29311, 0, 0 
12374, 0, 0 
57395, 0, 0 
8932, 0, 0 
4527, 0, 0 
3035, 0, 0 
14402, 0, 0 
18102, 0, 0 
36090, 0, 0 
19179, 0, 0 
41288, 0, 0 
4608, 0, 0 
45908, 0, 0 
59659, 0, 0 
56351, 0, 0 
44449, 0, 0 
52655, 0, 0 
57296, 0, 0 
14649, 0, 0 
48815, 0, 0 
15926, 0, 0 
53174, 0, 0 
25750, 0, 0 
23809, 0, 0 
58376, 0, 0 
52995, 0, 0 
9934, 0, 0 
27206, 0, 0 
26191, 0, 0 
18486, 0, 0 
11187, 0, 0 
9720, 0, 0 
7466, 0, 0 
59613, 0, 0 
43554, 0, 0 
45608, 0, 0 
51108, 0, 0 
49903, 0, 0 
49443, 0, 0 
49996, 0, 0 
27583, 0, 0 
40042, 0, 0 
44076, 0, 0 
12662, 0, 0 
52628, 0, 0 
56570, 0, 0 
33983, 0, 0 
1606, 0, 0 
8028, 0, 0 
2112, 0, 0 
46992, 0, 0 
34064, 0, 0 
25921, 0, 0 
53684, 0, 0 
58521, 0, 0 
14461, 0, 0 
15492, 0, 0 
10705, 0, 0 
34508, 0, 0 
46391, 0, 0 
37837, 0, 0 
9195, 0, 0 
16163, 0, 0 
49322, 0, 0 
53014, 0, 0 
1771, 0, 0 
14752, 0, 0 
49086, 0, 0 
526, 0, 0 
27547, 0, 0 
44000, 0, 0 
20929, 0, 0 
2996, 0, 0 
37787, 0, 0 
7037, 0, 0 
45442, 0, 0 
32899, 0, 0 
56662, 0, 0 
38929, 0, 0 
22046, 0, 0 
42008, 0, 0 
18301, 0, 0 
1268, 0, 0 
14971, 0, 0 
39279, 0, 0 
56129, 0, 0 
58866, 0, 0 
14276, 0, 0 
17223, 0, 0 
1530, 0, 0 
56424, 0, 0 
52228, 0, 0 
54549, 0, 0 
39334, 0, 0 
58015, 0, 0 
34803, 0, 0 
15600, 0, 0 
28024, 0, 0 
53469, 0, 0 
41927, 0, 0 
58665, 0, 0 
50072, 0, 0 
15704, 0, 0 
21526, 0, 0 
38744, 0, 0 
19900, 0, 0 
24807, 0, 0 
6097, 0, 0 
27631, 0, 0 
44040, 0, 0 
45315, 0, 0 
33464, 0, 0 
54235, 0, 0 
26979, 0, 0 
45255, 0, 0 
57682, 0, 0 
17508, 0, 0 
50518, 0, 0 
18923, 0, 0 
6146, 0, 0 
26990, 0, 0 
12690, 0, 0 
943, 0, 0 
20085, 0, 0 
57977, 0, 0 
13880, 0, 0 
41643, 0, 0 
10107, 0, 0 
19974, 0, 0 
42275, 0, 0 
43915, 0, 0 
16192, 0, 0 
43266, 0, 0 
36272, 0, 0 
56158, 0, 0 
54715, 0, 0 
31173, 0, 0 
45966, 0, 0 
29386, 0, 0 
56914, 0, 0 
31505, 0, 0 
51629, 0, 0 
4216, 0, 0 
51573, 0, 0 
15471, 0, 0 
32609, 0, 0 
9204, 0, 0 
56050, 0, 0 
18794, 0, 0 
24952, 0, 0 
37677, 0, 0 
13464, 0, 0 
19012, 0, 0 
4624, 0, 0 
27805, 0, 0 
5275, 0, 0 
7846, 0, 0 
48337, 0, 0 
43169, 0, 0 
46017, 0, 0 
58223, 0, 0 
57916, 0, 0 
10276, 0, 0 
6538, 0, 0 
10821, 0, 0 
42324, 0, 0 
12907, 0, 0 
27658, 0, 0 
13528, 0, 0 
668, 0, 0 
10323, 0, 0 
41368, 0, 0 
20936, 0, 0 
52934, 0, 0 
4653, 0, 0 
26545, 0, 0 
33345, 0, 0 
16501, 0, 0 
33823, 0, 0 
473, 0, 0 
54232, 0, 0 
42848, 0, 0 
56940, 0, 0 
9806, 0, 0 
42342, 0, 0 
50825, 0, 0 
3743, 0, 0 
51818, 0, 0 
14991, 0, 0 
49097, 0, 0 
52126, 0, 0 
54445, 0, 0 
28456, 0, 0 
1403, 0, 0 
2864, 0, 0 
14817, 0, 0 
13623, 0, 0 
42634, 0, 0 
5344, 0, 0 
22981, 0, 0 
5131, 0, 0 
30413, 0, 0 
20958, 0, 0 
50813, 0, 0 
35936, 0, 0 
45539, 0, 0 
5052, 0, 0 
12477, 0, 0 
9463, 0, 0 
1857, 0, 0 
46775, 0, 0 
6819, 0, 0 
9034, 0, 0 
22710, 0, 0 
11846, 0, 0 
9877, 0, 0 
13873, 0, 0 
40188, 0, 0 
54865, 0, 0 
40888, 0, 0 
18461, 0, 0 
13582, 0, 0 
32130, 0, 0 
53685, 0, 0 
14329, 0, 0 
5244, 0, 0 
4023, 0, 0 
30438, 0, 0 
18868, 0, 0 
16540, 0, 0 
20953, 0, 0 
19798, 0, 0 
22589, 0, 0 
13211, 0, 0 
58769, 0, 0 
10604, 0, 0 
56989, 0, 0 
56950, 0, 0 
24715, 0, 0 
34538, 0, 0 
56489, 0, 0 
6802, 0, 0 
47042, 0, 0 
38696, 0, 0 
14775, 0, 0 
19861, 0, 0 
30618, 0, 0 
11661, 0, 0 
20713, 0, 0 
28365, 0, 0 
2218, 0, 0 
27281, 0, 0 
30455, 0, 0 
39628, 0, 0 
21132, 0, 0 
27894, 0, 0 
11969, 0, 0 
24078, 0, 0 
33874, 0, 0 
33192, 0, 0 
19760, 0, 0 
49387, 0, 0 
17905, 0, 0 
13054, 0, 0 
38488, 0, 0 
3881, 0, 0 
10026, 0, 0 
58408, 0, 0 
44598, 0, 0 
30127, 0, 0 
34355, 0, 0 
17025, 0, 0 
52095, 0, 0 
15934, 0, 0 
44445, 0, 0 
1386, 0, 0 
14179, 0, 0 
21586, 0, 0 
18665, 0, 0 
8233, 0, 0 
58718, 0, 0 
51301, 0, 0 
31393, 0, 0 
28466, 0, 0 
18132, 0, 0 
9476, 0, 0 
29585, 0, 0 
17726, 0, 0 
51845, 0, 0 
30037, 0, 0 
12542, 0, 0 
31026, 0, 0 
31677, 0, 0 
31154, 0, 0 
30388, 0, 0 
20283, 0, 0 
48638, 0, 0 
6923, 0, 0 
25836, 0, 0 
40150, 0, 0 
24212, 0, 0 
17360, 0, 0 
51618, 0, 0 
11172, 0, 0 
30373, 0, 0 
32151, 0, 0 
38212, 0, 0 
20238, 0, 0 
54609, 0, 0 
42795, 0, 0 
9451, 0, 0 
22529, 0, 0 
11320, 0, 0 
26176, 0, 0 
11615, 0, 0 
42277, 0, 0 
10407, 0, 0 
5321, 0, 0 
17779, 0, 0 
52045, 0, 0 
50909, 0, 0 
9744, 0, 0 
38816, 0, 0 
50630, 0, 0 
24676, 0, 0 
51737, 0, 0 
49218, 0, 0 
26230, 0, 0 
949, 0, 0 
52276, 0, 0 
25987, 0, 0 
6400, 0, 0 
15505, 0, 0 
36412, 0, 0 
7164, 0, 0 
57650, 0, 0 
37303, 0, 0 
26731, 0, 0 
14965, 0, 0 
9971, 0, 0 
2121, 0, 0 
44127, 0, 0 
13826, 0, 0 
45952, 0, 0 
41117, 0, 0 
46014, 0, 0 
27318, 0, 0 
49576, 0, 0 
9552, 0, 0 
16262, 1, 1 
20474, 1, 1 
37155, 1, 1 
18568, 1, 1 
59827, 1, 1 
37139, 1, 1 
43770, 1, 1 
14038, 1, 1 
11291, 1, 1 
33425, 1, 1 
37286, 1, 1 
2830, 1, 1 
19901, 1, 1 
6104, 1, 1 
41193, 1, 1 
13884, 1, 1 
13449, 1, 1 
4810, 1, 1 
45900, 1, 1 
42537, 1, 1 
41715, 1, 1 
20760, 1, 1 
2623, 1, 1 
42561, 1, 1 
57521, 1, 1 
58702, 1, 1 
47340, 1, 7 
7622, 1, 1 
29575, 1, 1 
6365, 1, 1 
38340, 1, 1 
17706, 1, 1 
49519, 1, 1 
42881, 1, 1 
9599, 1, 1 
28245, 1, 1 
10885, 1, 1 
41809, 1, 1 
31916, 1, 1 
33110, 1, 1 
39646, 1, 1 
39846, 1, 1 
28743, 1, 1 
1060, 1, 1 
11200, 1, 1 
22828, 1, 1 
5507, 1, 1 
26476, 1, 1 
9550, 1, 1 
40987, 1, 1 
57830, 1, 1 
18226, 1, 1 
23511, 1, 1 
53594, 1, 1 
12388, 1, 1 
31296, 1, 1 
17305, 1, 1 
42874, 1, 1 
12512, 1, 1 
46433, 1, 1 
56057, 1, 1 
26459, 1, 1 
10662, 1, 1 
24714, 1, 1 
26125, 1, 1 
18384, 1, 1 
31058, 1, 1 
7609, 1, 1 
28130, 1, 1 
22328, 1, 1 
4435, 1, 1 
16932, 1, 1 
35897, 1, 1 
20556, 1, 1 
31647, 1, 1 
28656, 1, 1 
3996, 1, 1 
19036, 1, 1 
783, 1, 1 
21446, 1, 1 
57412, 1, 1 
45284, 1, 1 
2572, 1, 1 
51888, 1, 1 
29883, 1, 1 
35749, 1, 1 
27297, 1, 1 
50367, 1, 1 
16643, 1, 1 
49768, 1, 1 
48625, 1, 1 
25774, 1, 1 
40443, 1, 1 
9884, 1, 1 
23413, 1, 1 
36778, 1, 1 
7696, 1, 1 
3604, 1, 1 
31932, 1, 1 
16742, 1, 1 
22788, 1, 1 
54164, 1, 1 
49205, 1, 1 
1696, 1, 1 
36382, 1, 1 
41894, 1, 1 
27582, 1, 1 
45204, 1, 1 
28184, 1, 1 
3954, 1, 1 
44183, 1, 1 
39012, 1, 1 
52031, 1, 1 
46809, 1, 1 
24710, 1, 1 
35856, 1, 1 
4566, 1, 1 
44680, 1, 1 
54373, 1, 1 
52078, 1, 1 
26429, 1, 1 
29939, 1, 1 
12375, 1, 1 
45541, 1, 1 
45994, 1, 1 
52382, 1, 1 
52381, 1, 1 
5714, 1, 1 
35831, 1, 1 
37978, 1, 1 
13080, 1, 1 
6020, 1, 1 
12356, 1, 1 
48949, 1, 1 
3966, 1, 1 
2227, 1, 1 
17090, 1, 1 
9653, 1, 1 
47442, 1, 1 
56688, 1, 1 
41959, 1, 1 
11157, 1, 1 
13950, 1, 1 
23240, 1, 1 
19816, 1, 1 
15353, 1, 1 
58091, 1, 1 
55222, 1, 1 
49008, 1, 1 
36165, 1, 1 
29746, 1, 1 
5429, 1, 1 
17541, 1, 1 
4186, 1, 1 
12952, 1, 1 
48253, 1, 1 
52223, 1, 1 
23134, 1, 1 
52361, 1, 1 
23931, 1, 1 
44453, 1, 1 
17711, 1, 1 
32823, 1, 1 
30214, 1, 1 
19018, 1, 1 
45197, 1, 1 
8738, 1, 1 
43053, 1, 1 
31348, 1, 1 
10118, 1, 1 
41954, 1, 1 
37997, 1, 1 
484, 1, 1 
57037, 1, 1 
416, 1, 1 
54864, 1, 1 
58440, 1, 1 
30364, 1, 1 
12178, 1, 1 
2530, 1, 1 
7542, 1, 1 
32863, 1, 1 
3393, 1, 1 
26205, 1, 1 
17072, 1, 1 
10971, 1, 1 
11715, 1, 1 
40201, 1, 1 
38528, 1, 1 
315, 1, 1 
29949, 1, 1 
27871, 1, 1 
21990, 1, 1 
48797, 1, 1 
45665, 1, 1 
25704, 1, 1 
50842, 1, 1 
50136, 1, 1 
28411, 1, 1 
47551, 1, 1 
13701, 1, 1 
1181, 1, 1 
52967, 1, 1 
23353, 1, 1 
24924, 1, 1 
16447, 1, 1 
1287, 1, 1 
53687, 1, 1 
1242, 1, 1 
59919, 1, 1 
21744, 1, 1 
671, 1, 1 
24834, 1, 1 
41591, 1, 1 
54479, 1, 1 
39462, 1, 1 
24216, 1, 1 
35427, 1, 1 
58597, 1, 1 
44366, 1, 1 
211, 1, 1 
4294, 1, 1 
49534, 1, 1 
42716, 1, 1 
35995, 1, 1 
33774, 1, 1 
24580, 1, 1 
29544, 1, 1 
20018, 1, 1 
35507, 1, 1 
14181, 1, 1 
55523, 1, 1 
22398, 1, 1 
26757, 1, 1 
58789, 1, 1 
47758, 1, 1 
7631, 1, 1 
18314, 1, 1 
30721, 1, 1 
23984, 1, 1 
5516, 1, 1 
33086, 1, 1 
15356, 1, 1 
36947, 1, 1 
11702, 1, 4 
5876, 1, 1 
26238, 1, 1 
6366, 1, 1 
11297, 1, 1 
50326, 1, 1 
52887, 1, 1 
17459, 1, 1 
48897, 1, 1 
5732, 1, 1 
57778, 1, 1 
15776, 1, 1 
9562, 1, 1 
42401, 1, 1 
46173, 1, 1 
11050, 1, 1 
15803, 1, 1 
45754, 1, 1 
8394, 1, 1 
42015, 1, 1 
28894, 1, 1 
31755, 1, 1 
42531, 1, 1 
46949, 1, 1 
42702, 1, 1 
27816, 1, 1 
7572, 1, 1 
19093, 1, 1 
59074, 1, 1 
59427, 1, 1 
46012, 1, 1 
47268, 1, 1 
3802, 1, 1 
124, 1, 1 
57400, 1, 1 
2645, 1, 1 
25447, 1, 1 
2843, 1, 1 
39049, 1, 1 
7075, 1, 1 
8602, 1, 1 
30372, 1, 1 
56367, 1, 1 
36353, 1, 1 
40015, 1, 1 
44432, 1, 1 
43849, 1, 1 
41446, 1, 1 
10627, 1, 1 
1597, 1, 1 
42133, 1, 1 
12207, 1, 1 
56644, 1, 1 
36388, 1, 1 
52965, 1, 1 
13733, 1, 1 
51836, 1, 1 
47187, 1, 1 
56757, 1, 1 
34757, 1, 1 
28681, 1, 1 
50600, 1, 1 
6617, 1, 1 
54259, 1, 1 
14631, 1, 1 
37023, 1, 1 
3703, 1, 1 
39354, 1, 1 
56584, 1, 1 
45921, 1, 1 
54784, 1, 1 
46637, 1, 1 
44431, 1, 1 
20506, 1, 1 
56910, 1, 1 
28331, 1, 1 
42460, 1, 1 
59207, 1, 1 
1252, 1, 1 
6116, 1, 1 
46326, 1, 1 
32392, 1, 1 
33648, 1, 1 
21594, 1, 1 
8806, 1, 1 
28246, 1, 1 
38806, 1, 1 
59114, 1, 1 
34383, 1, 1 
14196, 1, 1 
43007, 1, 1 
58161, 1, 1 
59460, 1, 1 
7057, 1, 1 
17240, 1, 1 
39454, 1, 1 
49811, 1, 1 
2920, 1, 1 
14575, 1, 1 
37330, 1, 1 
9043, 1, 1 
9315, 1, 1 
34329, 1, 1 
47373, 1, 1 
47243, 1, 1 
26587, 1, 1 
17184, 1, 1 
18389, 1, 1 
43801, 1, 1 
30471, 1, 1 
43595, 1, 1 
17704, 1, 1 
24376, 1, 1 
33166, 1, 1 
1544, 1, 1 
43389, 1, 1 
42485, 1, 1 
30238, 1, 1 
19011, 1, 1 
9085, 1, 1 
37923, 1, 1 
30225, 1, 1 
11272, 1, 1 
52244, 1, 1 
50453, 1, 1 
56491, 1, 1 
30389, 1, 1 
5500, 1, 1 
30145, 1, 1 
36271, 1, 1 
44864, 1, 1 
24811, 1, 1 
50582, 1, 1 
33937, 1, 1 
5955, 1, 1 
53919, 1, 1 
48411, 1, 1 
470, 1, 1 
48481, 1, 1 
47969, 1, 1 
50498, 1, 1 
34992, 1, 1 
23795, 1, 1 
39033, 1, 1 
42644, 1, 1 
40651, 1, 1 
40377, 1, 1 
4109, 1, 1 
51188, 1, 1 
10565, 1, 1 
18050, 1, 1 
8053, 1, 1 
54059, 1, 1 
26535, 1, 1 
1681, 1, 1 
27336, 1, 1 
8388, 1, 1 
42326, 1, 1 
42000, 1, 1 
46142, 1, 1 
25310, 1, 1 
25853, 1, 1 
13537, 1, 1 
39931, 1, 1 
13504, 1, 1 
23342, 1, 1 
43927, 1, 1 
19776, 1, 1 
1945, 1, 1 
13855, 1, 1 
23614, 1, 1 
10020, 1, 1 
28793, 1, 1 
6859, 1, 1 
10257, 1, 1 
19528, 1, 1 
13475, 1, 1 
19410, 1, 1 
57722, 1, 1 
41031, 1, 1 
37849, 1, 1 
27821, 1, 1 
13725, 1, 1 
9902, 1, 1 
56343, 1, 1 
46512, 1, 1 
14849, 1, 1 
59354, 1, 1 
28857, 1, 1 
2083, 1, 1 
44829, 1, 1 
49628, 1, 1 
6682, 1, 1 
48326, 1, 1 
8471, 1, 1 
56506, 1, 1 
45001, 1, 1 
58887, 1, 1 
43616, 1, 1 
13399, 1, 1 
19966, 1, 1 
51563, 1, 1 
48913, 1, 1 
49265, 1, 1 
4807, 1, 1 
58447, 1, 1 
2654, 1, 1 
28792, 1, 1 
27961, 1, 1 
25786, 1, 1 
42765, 1, 1 
9973, 1, 1 
17477, 1, 1 
4710, 1, 1 
33440, 1, 1 
52537, 1, 1 
16722, 1, 1 
3763, 1, 1 
398, 1, 1 
28906, 1, 1 
22158, 1, 1 
37624, 1, 1 
31990, 1, 1 
32411, 1, 1 
10180, 1, 1 
22325, 1, 1 
15138, 1, 1 
9734, 1, 1 
3380, 1, 1 
31642, 1, 1 
39505, 1, 1 
50501, 1, 1 
14366, 1, 1 
7746, 1, 1 
1321, 1, 1 
15264, 1, 1 
58691, 1, 1 
7650, 1, 1 
41205, 1, 1 
58479, 1, 1 
31578, 1, 1 
57464, 1, 1 
25189, 1, 1 
45572, 1, 1 
15105, 1, 1 
11412, 1, 1 
27836, 1, 1 
41237, 1, 1 
30299, 1, 1 
22512, 1, 1 
54886, 1, 1 
41019, 1, 1 
46434, 1, 1 
8422, 1, 1 
39352, 1, 1 
24086, 1, 1 
23894, 2, 2 
9509, 2, 2 
33698, 2, 2 
15016, 2, 2 
57933, 2, 2 
30485, 2, 2 
47101, 2, 2 
55001, 2, 2 
10113, 2, 2 
25718, 2, 2 
11066, 2, 2 
36375, 2, 2 
20613, 2, 2 
44490, 2, 2 
17087, 2, 2 
14378, 2, 2 
49192, 2, 2 
47155, 2, 2 
28872, 2, 2 
20414, 2, 2 
58323, 2, 2 
53388, 2, 2 
43994, 2, 2 
1624, 2, 2 
11491, 2, 2 
35344, 2, 2 
12422, 2, 2 
20748, 2, 2 
13818, 2, 2 
32627, 2, 2 
26751, 2, 2 
9575, 2, 2 
43439, 2, 2 
42969, 2, 2 
37446, 2, 2 
29624, 2, 2 
50315, 2, 2 
8102, 2, 2 
49089, 2, 2 
37655, 2, 2 
35827, 2, 2 
45306, 2, 2 
47290, 2, 2 
16456, 2, 2 
35572, 2, 2 
2409, 2, 2 
6327, 2, 2 
22010, 2, 2 
22353, 2, 2 
6465, 2, 2 
9135, 2, 2 
31609, 2, 2 
57245, 2, 2 
6921, 2, 2 
18117, 2, 2 
28787, 2, 2 
42792, 2, 2 
31956, 2, 2 
52982, 2, 2 
6466, 2, 2 
45498, 2, 2 
36147, 2, 2 
25238, 2, 2 
42092, 2, 2 
277, 2, 2 
53879, 2, 2 
24229, 2, 2 
36016, 2, 2 
35902, 2, 2 
43874, 2, 2 
34385, 2, 2 
55202, 2, 2 
43851, 2, 2 
10535, 2, 2 
43477, 2, 2 
1753, 2, 2 
15470, 2, 2 
15461, 2, 2 
29175, 2, 2 
37671, 2, 2 
47113, 2, 2 
16925, 2, 2 
25519, 2, 2 
57633, 2, 2 
22146, 2, 2 
12366, 2, 2 
49164, 2, 2 
32678, 2, 2 
52677, 2, 2 
4185, 2, 2 
7369, 2, 2 
9249, 2, 2 
15457, 2, 2 
9398, 2, 2 
40318, 2, 2 
6360, 2, 2 
18356, 2, 2 
13972, 2, 2 
12916, 2, 2 
47782, 2, 2 
30596, 2, 2 
51976, 2, 2 
40832, 2, 2 
40929, 2, 2 
52335, 2, 2 
42366, 2, 2 
32872, 2, 2 
6639, 2, 2 
29334, 2, 2 
9912, 2, 2 
42439, 2, 2 
57999, 2, 2 
1255, 2, 2 
46394, 2, 2 
37403, 2, 2 
55749, 2, 2 
28544, 2, 2 
47249, 2, 2 
38195, 2, 2 
58472, 2, 2 
38417, 2, 2 
43547, 2, 2 
32508, 2, 2 
46867, 2, 2 
47409, 2, 2 
30353, 2, 2 
37084, 2, 2 
46319, 2, 2 
34650, 2, 2 
30309, 2, 2 
39074, 2, 2 
6755, 2, 2 
30344, 2, 2 
12352, 2, 2 
50334, 2, 2 
23410, 2, 2 
44727, 2, 2 
57976, 2, 2 
27652, 2, 2 
30726, 2, 2 
51682, 2, 2 
54574, 2, 2 
1249, 2, 2 
48270, 2, 2 
10317, 2, 2 
53720, 2, 2 
36505, 2, 2 
32408, 2, 2 
22226, 2, 2 
18040, 2, 2 
33007, 2, 2 
17047, 2, 2 
54271, 2, 2 
47965, 2, 2 
49914, 2, 2 
34558, 2, 2 
19890, 2, 2 
8428, 2, 2 
28266, 2, 2 
9179, 2, 2 
31823, 2, 2 
39582, 2, 2 
27384, 2, 2 
37416, 2, 2 
9989, 2, 2 
49642, 2, 2 
1391, 2, 2 
33659, 2, 2 
50230, 2, 2 
40881, 2, 2 
51119, 2, 2 
11711, 2, 2 
33290, 2, 2 
43632, 2, 2 
32763, 2, 2 
28937, 2, 2 
18643, 2, 2 
10321, 2, 2 
4846, 2, 2 
2939, 2, 2 
36335, 2, 2 
16482, 2, 2 
42950, 2, 2 
53972, 2, 2 
23564, 2, 2 
10327, 2, 2 
385, 2, 2 
28701, 2, 2 
34746, 2, 2 
8480, 2, 2 
44591, 2, 2 
32075, 2, 2 
50457, 2, 2 
54262, 2, 2 
6143, 2, 2 
4955, 2, 3 
17078, 2, 2 
35035, 2, 2 
27810, 2, 2 
50705, 2, 2 
22397, 2, 2 
19784, 2, 2 
36631, 2, 2 
38120, 2, 2 
563, 2, 2 
6764, 2, 2 
28844, 2, 2 
33180, 2, 2 
4489, 2, 2 
10256, 2, 2 
56301, 2, 2 
54848, 2, 2 
27883, 2, 2 
44226, 2, 2 
5307, 2, 2 
13484, 2, 2 
51648, 2, 2 
45362, 2, 2 
37418, 2, 2 
22792, 2, 2 
15434, 2, 2 
37367, 2, 2 
50977, 2, 2 
23162, 2, 2 
14302, 2, 2 
49285, 2, 2 
381, 2, 2 
50640, 2, 2 
18216, 2, 2 
15680, 2, 2 
16320, 2, 2 
12093, 2, 2 
27464, 2, 2 
37484, 2, 2 
35347, 2, 2 
21784, 2, 2 
52774, 2, 2 
12372, 2, 2 
24118, 2, 2 
41702, 2, 2 
36292, 2, 2 
17269, 2, 2 
34627, 2, 2 
20993, 2, 2 
49702, 2, 2 
14694, 2, 2 
39592, 2, 2 
20832, 2, 2 
22579, 2, 2 
38692, 2, 2 
23770, 2, 2 
51633, 2, 2 
16989, 2, 2 
17884, 2, 2 
56403, 2, 2 
32751, 2, 2 
50756, 2, 2 
47804, 2, 2 
5162, 2, 2 
22169, 2, 2 
42821, 2, 2 
31958, 2, 2 
56819, 2, 2 
13959, 2, 2 
57583, 2, 2 
17431, 2, 2 
7619, 2, 2 
26447, 2, 2 
31740, 2, 2 
23117, 2, 2 
27229, 2, 2 
23847, 2, 2 
42991, 2, 2 
19345, 2, 2 
53373, 2, 2 
53984, 2, 2 
5843, 2, 2 
24790, 2, 2 
29932, 2, 2 
38319, 2, 2 
16952, 2, 2 
4371, 2, 2 
39249, 2, 2 
7688, 2, 2 
24862, 2, 2 
36396, 2, 2 
11364, 2, 2 
26121, 2, 2 
55997, 2, 2 
58705, 2, 2 
56298, 2, 2 
4153, 2, 2 
8251, 2, 2 
36982, 2, 2 
37053, 2, 2 
35161, 2, 2 
34436, 2, 2 
7344, 2, 2 
12608, 2, 2 
190, 2, 2 
432, 2, 2 
38649, 2, 2 
38547, 2, 2 
47801, 2, 2 
47273, 2, 2 
9317, 2, 2 
37489, 2, 2 
32579, 2, 2 
40607, 2, 2 
25, 2, 2 
37258, 2, 2 
53644, 2, 2 
18224, 2, 2 
33785, 2, 2 
30459, 2, 2 
14633, 2, 2 
36858, 2, 2 
41997, 2, 2 
7633, 2, 2 
53269, 2, 2 
19444, 2, 2 
47467, 2, 2 
39118, 2, 2 
2887, 2, 2 
46997, 2, 2 
53890, 2, 2 
22491, 2, 2 
28859, 2, 2 
50271, 2, 2 
13654, 2, 2 
7601, 2, 2 
18865, 2, 2 
24513, 2, 2 
44395, 2, 2 
27189, 2, 2 
34252, 2, 2 
53571, 2, 2 
2877, 2, 2 
22391, 2, 2 
19397, 2, 2 
20313, 2, 2 
59004, 2, 2 
8952, 2, 2 
14653, 2, 2 
56065, 2, 2 
27033, 2, 2 
39299, 2, 2 
48991, 2, 2 
1011, 2, 2 
42686, 2, 2 
14215, 2, 2 
58172, 2, 2 
38359, 2, 2 
14023, 2, 2 
40749, 2, 2 
3274, 2, 2 
674, 2, 2 
19693, 2, 2 
16018, 2, 2 
19031, 2, 2 
38793, 2, 2 
49421, 2, 2 
9862, 2, 2 
27120, 2, 2 
13384, 2, 2 
58651, 2, 2 
43566, 2, 2 
30291, 2, 2 
47710, 2, 2 
47610, 2, 2 
26477, 2, 2 
41595, 2, 2 
52782, 2, 2 
23080, 2, 2 
28603, 2, 2 
42135, 2, 2 
31388, 2, 2 
24695, 2, 2 
13038, 2, 2 
56682, 2, 2 
22611, 2, 2 
41881, 2, 2 
37210, 2, 2 
55281, 2, 2 
378, 2, 2 
57871, 2, 2 
555, 2, 2 
40622, 2, 2 
22027, 2, 2 
30810, 2, 2 
54908, 2, 2 
52549, 2, 2 
28052, 2, 2 
7576, 2, 2 
28140, 2, 2 
53504, 2, 2 
59186, 2, 2 
18097, 2, 2 
55723, 2, 2 
8470, 2, 2 
16857, 2, 2 
50736, 2, 2 
32148, 2, 2 
10082, 2, 2 
48279, 2, 2 
45342, 2, 2 
28932, 2, 2 
43133, 2, 2 
54314, 2, 2 
41478, 2, 2 
11086, 2, 2 
1952, 2, 2 
22751, 2, 2 
48474, 2, 2 
16909, 2, 2 
43689, 2, 2 
27880, 2, 2 
34087, 2, 2 
17895, 2, 2 
13434, 2, 2 
23460, 2, 2 
11013, 2, 2 
13086, 2, 2 
52938, 2, 2 
17763, 2, 2 
1034, 2, 2 
28210, 2, 2 
29043, 2, 2 
31638, 2, 2 
46386, 2, 2 
25551, 2, 2 
844, 2, 2 
19833, 2, 2 
49580, 2, 2 
32216, 2, 2 
6948, 2, 2 
50899, 2, 2 
3300, 2, 2 
58373, 2, 2 
51419, 2, 2 
32523, 2, 2 
58060, 2, 2 
41216, 2, 2 
52345, 2, 2 
37481, 2, 2 
28977, 2, 2 
12598, 2, 2 
23038, 2, 2 
14468, 2, 2 
49181, 2, 2 
42805, 2, 2 
16001, 2, 2 
53658, 2, 2 
42885, 2, 2 
13527, 2, 2 
17660, 2, 2 
47706, 2, 2 
18370, 2, 2 
1165, 2, 2 
35216, 2, 2 
41427, 2, 2 
7223, 2, 2 
2065, 2, 2 
57183, 2, 2 
20959, 2, 2 
16046, 2, 2 
41366, 2, 2 
6627, 2, 2 
25609, 2, 2 
5216, 2, 2 
37974, 2, 2 
6992, 2, 2 
27878, 2, 2 
59819, 2, 2 
3339, 2, 2 
33821, 2, 2 
5438, 2, 2 
28631, 2, 2 
1662, 2, 2 
54840, 2, 2 
28059, 2, 2 
5985, 2, 2 
28786, 2, 2 
20065, 2, 2 
12445, 2, 2 
46463, 2, 2 
28954, 2, 2 
53121, 2, 2 
57151, 2, 2 
15836, 2, 2 
42037, 2, 2 
41037, 2, 2 
3741, 2, 2 
25492, 2, 2 
22554, 2, 2 
47650, 2, 2 
3161, 2, 2 
27739, 2, 2 
58896, 2, 2 
48292, 2, 2 
5919, 3, 3 
25413, 3, 3 
21775, 3, 3 
52751, 3, 3 
33589, 3, 3 
34815, 3, 3 
39520, 3, 3 
21998, 3, 3 
35869, 3, 3 
10585, 3, 3 
43875, 3, 3 
29270, 3, 3 
44630, 3, 3 
34526, 3, 3 
7336, 3, 3 
50265, 3, 3 
47361, 3, 3 
36803, 3, 3 
27211, 3, 3 
50803, 3, 3 
58343, 3, 3 
58379, 3, 3 
4956, 3, 3 
3609, 3, 3 
40298, 3, 3 
50361, 3, 3 
9638, 3, 3 
6863, 3, 3 
34315, 3, 3 
54248, 3, 3 
52702, 3, 3 
8907, 3, 3 
17496, 3, 3 
49841, 3, 3 
40883, 3, 3 
7655, 3, 3 
39982, 3, 3 
25454, 3, 3 
4937, 3, 3 
8818, 3, 3 
46068, 3, 3 
16587, 3, 3 
59375, 3, 3 
10155, 3, 3 
2895, 3, 3 
7422, 3, 3 
54199, 3, 3 
31562, 3, 3 
19500, 3, 3 
8790, 3, 3 
5717, 3, 3 
15125, 3, 3 
43537, 3, 5 
45796, 3, 3 
24867, 3, 3 
14803, 3, 3 
26383, 3, 3 
57766, 3, 3 
54127, 3, 3 
45736, 3, 3 
35422, 3, 3 
32975, 3, 3 
24763, 3, 3 
29313, 3, 3 
3735, 3, 3 
58620, 3, 3 
16260, 3, 3 
52378, 3, 3 
18986, 3, 3 
26692, 3, 3 
47592, 3, 3 
1469, 3, 3 
34672, 3, 3 
28157, 3, 3 
2564, 3, 3 
57391, 3, 3 
35814, 3, 3 
1218, 3, 3 
2011, 3, 3 
35249, 3, 3 
11219, 3, 3 
32409, 3, 3 
7675, 3, 3 
31283, 3, 3 
47157, 3, 3 
45340, 3, 3 
25695, 3, 3 
20615, 3, 3 
21001, 3, 3 
6040, 3, 3 
44848, 3, 2 
36899, 3, 3 
50201, 3, 3 
51991, 3, 3 
26674, 3, 3 
21647, 3, 3 
53402, 3, 3 
45474, 3, 3 
28955, 3, 3 
49813, 3, 3 
10606, 3, 3 
22578, 3, 3 
57990, 3, 3 
52375, 3, 3 
2456, 3, 3 
25740, 3, 3 
26534, 3, 3 
18039, 3, 3 
16125, 3, 3 
18975, 3, 3 
55482, 3, 3 
24635, 3, 3 
55548, 3, 3 
28256, 3, 3 
50007, 3, 3 
15216, 3, 3 
36248, 3, 3 
4866, 3, 3 
23634, 3, 3 
13294, 3, 3 
33399, 3, 3 
58298, 3, 3 
41225, 3, 3 
42114, 3, 3 
17104, 3, 3 
9623, 3, 3 
39235, 3, 3 
5337, 3, 3 
43599, 3, 3 
37361, 3, 3 
26929, 3, 3 
51217, 3, 3 
3220, 3, 3 
45758, 3, 3 
49570, 3, 3 
52690, 3, 3 
22957, 3, 3 
46280, 3, 3 
1559, 3, 3 
43180, 3, 3 
49560, 3, 3 
31805, 3, 3 
22738, 3, 3 
37186, 3, 3 
51616, 3, 3 
24294, 3, 3 
43438, 3, 3 
37943, 3, 3 
47441, 3, 3 
2146, 3, 3 
17906, 3, 3 
44782, 3, 3 
55485, 3, 3 
23116, 3, 3 
53358, 3, 3 
11556, 3, 3 
2531, 3, 3 
58431, 3, 3 
29521, 3, 3 
39489, 3, 3 
50337, 3, 3 
57402, 3, 3 
48499, 3, 3 
8557, 3, 3 
12617, 3, 3 
28344, 3, 3 
45781, 3, 3 
6416, 3, 3 
49981, 3, 3 
43666, 3, 3 
27835, 3, 3 
19495, 3, 3 
12877, 3, 3 
7080, 3, 5 
26505, 3, 3 
24784, 3, 3 
14691, 3, 3 
15773, 3, 3 
8684, 3, 3 
55283, 3, 3 
34239, 3, 3 
9959, 3, 3 
46983, 3, 3 
8200, 3, 7 
35522, 3, 3 
52022, 3, 3 
22567, 3, 3 
11341, 3, 3 
1290, 3, 3 
30040, 3, 3 
59715, 3, 3 
9089, 3, 3 
42201, 3, 3 
52565, 3, 3 
47510, 3, 3 
10, 3, 3 
31582, 3, 3 
56475, 3, 3 
12346, 3, 3 
228, 3, 3 
10314, 3, 3 
6317, 3, 3 
27856, 3, 3 
13142, 3, 3 
29153, 3, 3 
22835, 3, 3 
40463, 3, 3 
50286, 3, 3 
25855, 3, 3 
27132, 3, 3 
42254, 3, 3 
45408, 3, 3 
34089, 3, 3 
58249, 3, 3 
44545, 3, 3 
51915, 3, 3 
37022, 3, 3 
15336, 3, 3 
2149, 3, 3 
39240, 3, 3 
41085, 3, 3 
27333, 3, 3 
4615, 3, 3 
9420, 3, 3 
45468, 3, 3 
34802, 3, 7 
4823, 3, 3 
24850, 3, 3 
15379, 3, 3 
44729, 3, 3 
13496, 3, 3 
17911, 3, 3 
19425, 3, 3 
9529, 3, 3 
11296, 3, 3 
31404, 3, 3 
18108, 3, 3 
42083, 3, 3 
42777, 3, 3 
11053, 3, 3 
32539, 3, 3 
3462, 3, 3 
9226, 3, 3 
23241, 3, 3 
10872, 3, 3 
3596, 3, 3 
23047, 3, 3 
40570, 3, 3 
48551, 3, 3 
42966, 3, 3 
5621, 3, 3 
31759, 3, 3 
39909, 3, 3 
4179, 3, 3 
9078, 3, 3 
31269, 3, 3 
21637, 3, 3 
53527, 3, 3 
17908, 3, 3 
23527, 3, 3 
8381, 3, 3 
16311, 3, 3 
35379, 3, 3 
57207, 3, 3 
40925, 3, 3 
28276, 3, 3 
53749, 3, 3 
57739, 3, 3 
35346, 3, 3 
15014, 3, 3 
29225, 3, 3 
22770, 3, 3 
30000, 3, 3 
47834, 3, 3 
41356, 3, 3 
56578, 3, 3 
48386, 3, 3 
58924, 3, 3 
27115, 3, 3 
356, 3, 3 
341, 3, 3 
36575, 3, 3 
7058, 3, 3 
23877, 3, 3 
45400, 3, 3 
7497, 3, 3 
58328, 3, 3 
49882, 3, 3 
3034, 3, 3 
21877, 3, 3 
15109, 3, 3 
51153, 3, 3 
50969, 3, 3 
30377, 3, 3 
37422, 3, 3 
30793, 3, 3 
35139, 3, 3 
36957, 3, 3 
17988, 3, 3 
20439, 3, 3 
51578, 3, 3 
27173, 3, 3 
9511, 3, 3 
19333, 3, 3 
13488, 3, 3 
39127, 3, 3 
18812, 3, 3 
11708, 3, 3 
2652, 3, 3 
34630, 3, 3 
6739, 3, 3 
59178, 3, 3 
15045, 3, 3 
10668, 3, 3 
10042, 3, 3 
8395, 3, 3 
53382, 3, 3 
34333, 3, 3 
55677, 3, 3 
30962, 3, 3 
59769, 3, 3 
11710, 3, 3 
49006, 3, 3 
23322, 3, 3 
14352, 3, 3 
39108, 3, 3 
57149, 3, 3 
59092, 3, 3 
2660, 3, 3 
36684, 3, 3 
42886, 3, 3 
1921, 3, 3 
15008, 3, 3 
39384, 3, 3 
56204, 3, 3 
17242, 3, 3 
36078, 3, 3 
33240, 3, 3 
52636, 3, 3 
51613, 3, 3 
31791, 3, 3 
52027, 3, 3 
28796, 3, 3 
8893, 3, 3 
53252, 3, 3 
47514, 3, 3 
43517, 3, 3 
34018, 3, 3 
28107, 3, 3 
24747, 3, 3 
40898, 3, 3 
25373, 3, 3 
42043, 3, 3 
6522, 3, 3 
8052, 3, 3 
17192, 3, 3 
37847, 3, 3 
7043, 3, 3 
14935, 3, 3 
12345, 3, 3 
55527, 3, 3 
13831, 3, 3 
58163, 3, 3 
32753, 3, 3 
48901, 3, 3 
327, 3, 3 
27183, 3, 3 
9516, 3, 3 
2816, 3, 3 
19865, 3, 3 
54073, 3, 3 
27540, 3, 3 
29294, 3, 3 
20499, 3, 3 
32031, 3, 3 
32234, 3, 3 
20243, 3, 3 
47195, 3, 3 
41978, 3, 3 
32505, 3, 3 
43353, 3, 3 
12148, 3, 3 
40337, 3, 3 
47925, 3, 3 
5547, 3, 3 
28881, 3, 3 
54996, 3, 3 
8643, 3, 3 
19101, 3, 3 
7132, 3, 3 
13660, 3, 3 
31925, 3, 3 
29042, 3, 3 
45699, 3, 3 
50045, 3, 3 
55974, 3, 3 
34793, 3, 3 
55715, 3, 3 
24532, 3, 3 
58045, 3, 3 
34547, 3, 3 
58785, 3, 3 
50431, 3, 9 
38536, 3, 3 
36917, 3, 3 
45328, 3, 3 
16645, 3, 3 
24066, 3, 3 
15176, 3, 3 
14107, 3, 3 
15936, 3, 3 
28193, 3, 3 
51987, 3, 3 
32137, 3, 3 
8830, 3, 3 
27553, 3, 3 
55844, 3, 3 
53943, 3, 3 
13353, 3, 3 
20565, 3, 3 
43573, 3, 3 
1234, 3, 3 
35542, 3, 3 
13707, 3, 3 
10453, 3, 3 
51260, 3, 3 
46652, 3, 3 
46709, 3, 3 
31011, 3, 3 
546, 3, 3 
35986, 3, 3 
30241, 3, 3 
46406, 3, 3 
13859, 3, 3 
1470, 3, 3 
54977, 3, 3 
43711, 3, 3 
23357, 3, 3 
48587, 3, 3 
25630, 3, 3 
32227, 3, 3 
36180, 3, 3 
10125, 3, 3 
47520, 3, 3 
44684, 3, 3 
28626, 3, 3 
22496, 3, 3 
12812, 3, 3 
22825, 3, 3 
36990, 3, 3 
44969, 3, 3 
15080, 3, 3 
29353, 3, 3 
14619, 3, 3 
10282, 3, 3 
10206, 3, 3 
22271, 3, 3 
16329, 3, 3 
7841, 3, 3 
7678, 3, 3 
26123, 3, 3 
50195, 3, 3 
27031, 3, 3 
46485, 3, 3 
37649, 3, 3 
40540, 3, 3 
56791, 3, 3 
12063, 3, 3 
58252, 3, 3 
40763, 3, 3 
27480, 3, 3 
40055, 3, 3 
35870, 3, 3 
37940, 3, 3 
21099, 3, 3 
39591, 3, 3 
40904, 3, 3 
25210, 3, 3 
53158, 3, 3 
5642, 3, 3 
45419, 3, 3 
35226, 3, 3 
18397, 3, 3 
49193, 3, 3 
24132, 3, 3 
36021, 3, 3 
22366, 3, 3 
11781, 3, 3 
36377, 3, 3 
22493, 3, 3 
26364, 3, 3 
20797, 3, 3 
17646, 3, 3 
15639, 3, 3 
20192, 3, 3 
15945, 3, 3 
12942, 3, 3 
31952, 3, 3 
22522, 3, 3 
48599, 3, 3 
36795, 4, 4 
55891, 4, 4 
11824, 4, 4 
43291, 4, 4 
15543, 4, 4 
48885, 4, 4 
14720, 4, 4 
28843, 4, 4 
47607, 4, 4 
35662, 4, 4 
38370, 4, 6 
53768, 4, 4 
21096, 4, 4 
19478, 4, 4 
49146, 4, 4 
26249, 4, 4 
21935, 4, 4 
14290, 4, 4 
13548, 4, 4 
33922, 4, 4 
23664, 4, 4 
13564, 4, 4 
53990, 4, 4 
12001, 4, 4 
8278, 4, 4 
10350, 4, 4 
4522, 4, 4 
16314, 4, 4 
45280, 4, 4 
37487, 4, 4 
14260, 4, 4 
15141, 4, 4 
43713, 4, 4 
700, 4, 4 
48198, 4, 4 
26137, 4, 4 
20460, 4, 4 
37945, 4, 4 
19299, 4, 4 
26456, 4, 4 
50267, 4, 4 
51264, 4, 4 
55948, 4, 4 
39458, 4, 4 
44264, 4, 4 
30276, 4, 4 
23085, 4, 4 
2520, 4, 4 
44155, 4, 4 
25772, 4, 4 
23896, 4, 4 
59674, 4, 4 
25234, 4, 4 
11256, 4, 4 
57370, 4, 4 
21729, 4, 4 
43700, 4, 4 
19138, 4, 4 
36339, 4, 4 
2208, 4, 4 
54718, 4, 4 
1818, 4, 4 
33218, 4, 4 
59975, 4, 4 
3436, 4, 4 
22531, 4, 7 
47507, 4, 4 
57892, 4, 4 
34406, 4, 4 
37899, 4, 4 
5755, 4, 4 
46734, 4, 4 
33926, 4, 4 
14064, 4, 4 
37736, 4, 4 
18362, 4, 4 
29291, 4, 4 
8208, 4, 4 
14482, 4, 4 
22660, 4, 4 
27782, 4, 4 
27125, 4, 4 
50182, 4, 4 
32917, 4, 4 
34022, 4, 4 
50673, 4, 4 
52663, 4, 4 
33932, 4, 4 
58003, 4, 4 
27857, 4, 4 
42710, 4, 4 
11930, 4, 4 
45033, 4, 4 
34860, 4, 4 
17940, 4, 4 
34027, 4, 4 
2240, 4, 4 
25616, 4, 4 
4877, 4, 4 
7804, 4, 4 
26109, 4, 4 
44190, 4, 4 
31285, 4, 4 
8956, 4, 4 
46881, 4, 4 
21797, 4, 4 
29385, 4, 4 
39690, 4, 4 
35830, 4, 4 
40424, 4, 4 
58873, 4, 4 
48903, 4, 4 
7517, 4, 4 
41355, 4, 4 
697, 4, 4 
21442, 4, 4 
57011, 4, 4 
25604, 4, 4 
22574, 4, 4 
55598, 4, 4 
30954, 4, 4 
59809, 4, 4 
58023, 4, 4 
6689, 4, 4 
37067, 4, 4 
49325, 4, 4 
15514, 4, 4 
2406, 4, 4 
47336, 4, 4 
48653, 4, 4 
56276, 4, 4 
10331, 4, 4 
31514, 4, 4 
28976, 4, 4 
33248, 4, 4 
882, 4, 4 
10997, 4, 4 
42033, 4, 4 
45821, 4, 4 
3738, 4, 4 
22572, 4, 4 
19521, 4, 4 
4197, 4, 4 
5490, 4, 4 
45429, 4, 4 
21627, 4, 4 
31407, 4, 4 
142, 4, 4 
47058, 4, 4 
57589, 4, 4 
4838, 4, 4 
55812, 4, 4 
48892, 4, 4 
45681, 4, 4 
47363, 4, 4 
41511, 4, 4 
14066, 4, 4 
8341, 4, 4 
48582, 4, 4 
38229, 4, 4 
30005, 4, 4 
56072, 4, 4 
1672, 4, 4 
41093, 4, 4 
54672, 4, 4 
44068, 4, 4 
36867, 4, 4 
37785, 4, 4 
23596, 4, 4 
5734, 4, 4 
31378, 4, 4 
48535, 4, 4 
4169, 4, 4 
44332, 4, 4 
8380, 4, 4 
24795, 4, 4 
10209, 4, 4 
33824, 4, 4 
21664, 4, 4 
41293, 4, 4 
11818, 4, 4 
20794, 4, 4 
17018, 4, 4 
39255, 4, 4 
18279, 4, 4 
13367, 4, 4 
29645, 4, 4 
36202, 4, 4 
34109, 4, 4 
46232, 4, 4 
5361, 4, 4 
16995, 4, 4 
8457, 4, 4 
54521, 4, 4 
31774, 4, 4 
6672, 4, 4 
24456, 4, 4 
44942, 4, 4 
19840, 4, 4 
25180, 4, 4 
54422, 4, 4 
39413, 4, 4 
43688, 4, 4 
31227, 4, 4 
16459, 4, 4 
55323, 4, 4 
55469, 4, 4 
40793, 4, 4 
56080, 4, 4 
2715, 4, 4 
35392, 4, 4 
27552, 4, 4 
38616, 4, 4 
5891, 4, 4 
14390, 4, 4 
29218, 4, 4 
3125, 4, 4 
29574, 4, 4 
25484, 4, 4 
2277, 4, 4 
2089, 4, 4 
27901, 4, 4 
29942, 4, 4 
57035, 4, 4 
50009, 4, 4 
26673, 4, 4 
40703, 4, 4 
46033, 4, 4 
31543, 4, 4 
21517, 4, 4 
52703, 4, 4 
32469, 4, 4 
23096, 4, 4 
49967, 4, 4 
23406, 4, 4 
25333, 4, 4 
48854, 4, 4 
20040, 4, 4 
54899, 4, 4 
43156, 4, 4 
53739, 4, 4 
42653, 4, 4 
49937, 4, 4 
31536, 4, 4 
59620, 4, 4 
25396, 4, 4 
25558, 4, 4 
6028, 4, 4 
21077, 4, 4 
6729, 4, 4 
22012, 4, 4 
10693, 4, 4 
7083, 4, 4 
15551, 4, 4 
39543, 4, 4 
30079, 4, 4 
29814, 4, 4 
15394, 4, 4 
49078, 4, 4 
51114, 4, 4 
40123, 4, 4 
27221, 4, 4 
17256, 4, 4 
30861, 4, 4 
9108, 4, 4 
17949, 4, 4 
29818, 4, 4 
15274, 4, 4 
5631, 4, 4 
34249, 4, 4 
47744, 4, 4 
3716, 4, 4 
54878, 4, 4 
47347, 4, 4 
10937, 4, 4 
50583, 4, 4 
37248, 4, 4 
14187, 4, 4 
9795, 4, 4 
41780, 4, 4 
10060, 4, 4 
34294, 4, 4 
32188, 4, 4 
43119, 4, 4 
38898, 4, 4 
2458, 4, 4 
47532, 4, 4 
6058, 4, 4 
35493, 4, 4 
25635, 4, 4 
56281, 4, 4 
53564, 4, 4 
18306, 4, 4 
50737, 4, 4 
43516, 4, 4 
39886, 4, 4 
33346, 4, 4 
12972, 4, 4 
47571, 4, 4 
42933, 4, 4 
58984, 4, 4 
7974, 4, 4 
4498, 4, 4 
12267, 4, 4 
30006, 4, 4 
31006, 4, 4 
13251, 4, 4 
37262, 4, 4 
4318, 4, 4 
7399, 4, 4 
47732, 4, 4 
15038, 4, 4 
3037, 4, 4 
28124, 4, 4 
3039, 4, 4 
17076, 4, 4 
32308, 4, 4 
25006, 4, 4 
834, 4, 4 
56886, 4, 4 
43737, 4, 4 
26564, 4, 4 
45834, 4, 4 
58875, 4, 4 
47558, 4, 4 
27196, 4, 4 
53226, 4, 4 
23538, 4, 4 
54745, 4, 4 
18831, 4, 4 
10626, 4, 4 
40529, 4, 4 
797, 4, 4 
42330, 4, 4 
20234, 4, 4 
31776, 4, 4 
19882, 4, 4 
52063, 4, 4 
13856, 4, 4 
30311, 4, 4 
21131, 4, 4 
17690, 4, 4 
35144, 4, 4 
36597, 4, 4 
58417, 4, 4 
47500, 4, 4 
23103, 4, 4 
19088, 4, 4 
48327, 4, 4 
48846, 4, 4 
32442, 4, 4 
25188, 4, 4 
6556, 4, 4 
32053, 4, 4 
25995, 4, 4 
29485, 4, 4 
14027, 4, 4 
36025, 4, 4 
23834, 4, 4 
47029, 4, 4 
4135, 4, 4 
27308, 4, 4 
17281, 4, 4 
18596, 4, 4 
22714, 4, 4 
59357, 4, 4 
35875, 4, 4 
56856, 4, 4 
14621, 4, 4 
1922, 4, 4 
164, 4, 4 
10737, 4, 4 
39058, 4, 4 
11627, 4, 4 
57841, 4, 4 
11578, 4, 4 
43239, 4, 4 
49417, 4, 4 
36836, 4, 4 
37295, 4, 4 
57382, 4, 4 
11165, 4, 4 
47094, 4, 9 
23208, 4, 4 
8567, 4, 4 
10525, 4, 4 
57721, 4, 4 
29252, 4, 4 
34756, 4, 4 
34275, 4, 4 
44301, 4, 4 
24781, 4, 4 
37505, 4, 4 
47981, 4, 4 
54769, 4, 4 
4132, 4, 4 
27371, 4, 4 
1308, 4, 4 
897, 4, 4 
10013, 4, 4 
1840, 4, 4 
16180, 4, 4 
54347, 4, 4 
56143, 4, 4 
19044, 4, 4 
50694, 4, 4 
21263, 4, 4 
217, 4, 4 
56740, 4, 4 
26582, 4, 4 
31359, 4, 4 
22525, 4, 4 
23979, 4, 4 
14592, 4, 4 
41655, 4, 4 
8747, 4, 4 
35964, 4, 4 
16874, 4, 4 
56302, 4, 4 
51028, 4, 4 
50486, 4, 4 
14972, 4, 4 
28518, 4, 4 
49017, 4, 4 
47589, 4, 4 
49341, 4, 4 
50405, 4, 4 
24977, 4, 4 
5954, 4, 4 
25811, 4, 4 
7652, 4, 4 
10437, 4, 4 
15347, 4, 4 
12102, 4, 4 
39799, 4, 4 
51360, 4, 4 
50314, 4, 4 
47413, 4, 4 
8037, 4, 4 
55385, 4, 4 
50517, 4, 4 
50889, 4, 4 
44275, 4, 4 
35581, 4, 4 
15207, 4, 4 
11547, 4, 4 
23274, 4, 4 
7779, 4, 4 
4939, 4, 4 
34570, 4, 4 
58174, 4, 4 
41319, 4, 4 
43987, 4, 4 
20236, 4, 4 
20276, 4, 4 
45574, 4, 4 
27695, 4, 4 
2578, 4, 4 
48953, 4, 4 
22402, 4, 4 
59432, 4, 4 
1094, 4, 4 
47282, 4, 4 
46530, 4, 4 
34611, 4, 4 
15665, 4, 4 
12922, 4, 4 
51929, 4, 4 
37392, 4, 4 
35003, 4, 4 
4252, 4, 4 
11343, 4, 4 
2560, 4, 4 
26293, 4, 4 
31126, 4, 4 
53459, 4, 4 
54109, 4, 4 
56247, 4, 4 
41981, 4, 4 
21490, 4, 4 
4549, 4, 4 
34216, 4, 4 
3862, 4, 4 
10150, 4, 4 
51979, 4, 4 
56293, 4, 4 
12543, 4, 4 
34361, 4, 4 
52876, 4, 4 
24901, 4, 4 
54017, 4, 4 
52344, 4, 4 
3783, 4, 4 
11981, 4, 4 
48961, 4, 4 
46401, 4, 4 
59515, 4, 4 
48959, 4, 4 
2185, 4, 4 
48410, 4, 4 
29890, 5, 5 
1356, 5, 5 
49682, 5, 5 
29112, 5, 5 
56529, 5, 5 
47146, 5, 5 
41025, 5, 5 
5383, 5, 5 
23861, 5, 5 
48623, 5, 5 
46813, 5, 5 
17742, 5, 5 
18237, 5, 5 
22380, 5, 5 
31979, 5, 5 
7323, 5, 5 
33340, 5, 5 
42141, 5, 5 
24403, 5, 5 
55229, 5, 5 
11785, 5, 5 
16084, 5, 5 
15611, 5, 5 
43451, 5, 5 
19590, 5, 5 
57743, 5, 5 
45390, 5, 5 
29066, 5, 5 
29404, 5, 5 
20034, 5, 5 
20306, 5, 5 
57768, 5, 5 
40478, 5, 5 
14709, 5, 5 
33909, 5, 5 
34996, 5, 5 
45780, 5, 5 
54331, 5, 5 
8392, 5, 5 
14048, 5, 5 
23923, 5, 5 
49236, 5, 5 
55108, 5, 5 
18769, 5, 5 
7820, 5, 5 
59133, 5, 5 
9330, 5, 5 
43540, 5, 5 
16400, 5, 5 
49141, 5, 5 
25973, 5, 5 
57662, 5, 5 
6324, 5, 5 
20140, 5, 5 
31618, 5, 5 
46693, 5, 5 
49476, 5, 5 
59731, 5, 1 
25178, 5, 5 
8421, 5, 5 
34411, 5, 5 
10653, 5, 5 
30622, 5, 5 
4411, 5, 5 
14672, 5, 5 
28315, 5, 5 
7346, 5, 5 
37300, 5, 5 
53356, 5, 5 
7114, 5, 5 
4327, 5, 5 
40776, 5, 5 
7260, 5, 5 
35858, 5, 5 
20044, 5, 5 
41263, 5, 5 
51736, 5, 5 
2282, 5, 5 
11025, 5, 5 
47661, 5, 5 
16513, 5, 5 
9647, 5, 5 
53067, 5, 5 
27288, 5, 5 
28258, 5, 5 
28029, 5, 5 
27778, 5, 5 
15834, 5, 5 
24630, 5, 5 
3648, 5, 5 
28679, 5, 5 
52043, 5, 5 
51433, 5, 5 
39681, 5, 5 
10652, 5, 5 
31687, 5, 5 
46759, 5, 5 
59096, 5, 5 
14096, 5, 5 
29787, 5, 5 
41938, 5, 5 
2945, 5, 5 
41509, 5, 5 
7279, 5, 5 
35797, 5, 5 
29049, 5, 5 
29027, 5, 5 
21371, 5, 5 
19279, 5, 5 
9587, 5, 5 
4007, 5, 5 
51963, 5, 5 
32671, 5, 5 
48966, 5, 7 
47768, 5, 5 
11739, 5, 5 
49671, 5, 5 
39214, 5, 5 
25678, 5, 6 
25659, 5, 5 
11842, 5, 5 
23249, 5, 5 
47848, 5, 5 
31328, 5, 5 
26204, 5, 5 
6555, 5, 5 
20668, 5, 5 
6300, 5, 5 
2258, 5, 5 
37750, 5, 5 
59600, 5, 5 
12566, 5, 5 
44662, 5, 5 
23746, 5, 5 
19973, 5, 5 
985, 5, 5 
47366, 5, 5 
7639, 5, 5 
22779, 5, 6 
55639, 5, 5 
48424, 5, 5 
5188, 5, 5 
25240, 5, 5 
41934, 5, 5 
56119, 5, 5 
21416, 5, 5 
12569, 5, 5 
37181, 5, 5 
20815, 5, 5 
58688, 5, 5 
36065, 5, 5 
21433, 5, 5 
22268, 5, 5 
58633, 5, 5 
15594, 5, 5 
14994, 5, 5 
7964, 5, 5 
11963, 5, 5 
47543, 5, 5 
57242, 5, 5 
40736, 5, 5 
25223, 5, 5 
58604, 5, 5 
34474, 5, 5 
17224, 5, 5 
52122, 5, 5 
25198, 5, 5 
27139, 5, 5 
4786, 5, 5 
33748, 5, 5 
56433, 5, 5 
15720, 5, 5 
20784, 5, 5 
26655, 5, 5 
51692, 5, 5 
43136, 5, 5 
46108, 5, 5 
27353, 5, 5 
6782, 5, 5 
15365, 5, 5 
11980, 5, 5 
46358, 5, 5 
13938, 5, 5 
12487, 5, 5 
5666, 5, 5 
33573, 5, 5 
24170, 5, 5 
27699, 5, 5 
24799, 5, 5 
11417, 5, 5 
21184, 5, 5 
33220, 5, 5 
51795, 5, 5 
54289, 5, 5 
17094, 5, 5 
46381, 5, 5 
1813, 5, 5 
45166, 5, 5 
29804, 5, 5 
27814, 5, 5 
54281, 5, 5 
55233, 5, 5 
28430, 5, 5 
49140, 5, 5 
58569, 5, 5 
26134, 5, 5 
47098, 5, 5 
48367, 5, 5 
16268, 5, 5 
22205, 5, 5 
14054, 5, 5 
23792, 5, 5 
32074, 5, 5 
54241, 5, 5 
58439, 5, 5 
55965, 5, 5 
52419, 5, 5 
31346, 5, 5 
2690, 5, 5 
30817, 5, 5 
29058, 5, 5 
32737, 5, 5 
50569, 5, 5 
48353, 5, 5 
50398, 5, 5 
21397, 5, 5 
22393, 5, 5 
6527, 5, 5 
19706, 5, 5 
25330, 5, 5 
33495, 5, 5 
35350, 5, 5 
26901, 5, 5 
25402, 5, 5 
2186, 5, 5 
23006, 5, 5 
34811, 5, 5 
44651, 5, 5 
41808, 5, 5 
11542, 5, 5 
20390, 5, 5 
41582, 5, 5 
45933, 5, 5 
36579, 5, 5 
38486, 5, 5 
33247, 5, 5 
27193, 5, 5 
37992, 5, 5 
53069, 5, 5 
44924, 5, 5 
22802, 5, 5 
38194, 5, 5 
36303, 5, 5 
45602, 5, 5 
37465, 5, 5 
39996, 5, 5 
14143, 5, 5 
32200, 5, 5 
54659, 5, 5 
30991, 5, 5 
55305, 5, 5 
10751, 5, 5 
14748, 5, 5 
45924, 5, 5 
19077, 5, 5 
25066, 5, 5 
29871, 5, 5 
42046, 5, 5 
41539, 5, 5 
9205, 5, 5 
24149, 5, 5 
20754, 5, 5 
12092, 5, 5 
39482, 5, 5 
33294, 5, 5 
40930, 5, 5 
39197, 5, 5 
26094, 5, 5 
47641, 5, 5 
16553, 5, 5 
53992, 5, 5 
34626, 5, 5 
15893, 5, 5 
52683, 5, 5 
30476, 5, 5 
47528, 5, 5 
29534, 5, 5 
10412, 5, 5 
36153, 5, 5 
2868, 5, 5 
26363, 5, 5 
27117, 5, 5 
18639, 5, 5 
58119, 5, 5 
38759, 5, 5 
24332, 5, 5 
28491, 5, 5 
9228, 5, 5 
51874, 5, 5 
29830, 5, 5 
42274, 5, 5 
24202, 5, 5 
17572, 5, 5 
28918, 5, 5 
31590, 5, 5 
8767, 5, 5 
39671, 5, 5 
12770, 5, 5 
57805, 5, 5 
1311, 5, 5 
47250, 5, 5 
37557, 5, 5 
29505, 5, 5 
13387, 5, 5 
5939, 5, 5 
48586, 5, 5 
25384, 5, 5 
6352, 5, 5 
43772, 5, 5 
36544, 5, 5 
26290, 5, 5 
49360, 5, 5 
28994, 5, 5 
55208, 5, 5 
28777, 5, 5 
13594, 5, 5 
27557, 5, 5 
55453, 5, 5 
19839, 5, 5 
47949, 5, 5 
45049, 5, 5 
42321, 5, 5 
13591, 5, 5 
31875, 5, 5 
13336, 5, 5 
30042, 5, 5 
15702, 5, 5 
43318, 5, 5 
28360, 5, 5 
55204, 5, 5 
4590, 5, 5 
36330, 5, 5 
56128, 5, 5 
49061, 5, 5 
48671, 5, 5 
32686, 5, 5 
36289, 5, 5 
39964, 5, 5 
49291, 5, 5 
20428, 5, 5 
35462, 5, 5 
38217, 5, 5 
7444, 5, 5 
31946, 5, 5 
24318, 5, 5 
24323, 5, 5 
54671, 5, 5 
54230, 5, 5 
1991, 5, 5 
7235, 5, 5 
56962, 5, 5 
21093, 5, 5 
37453, 5, 5 
7988, 5, 5 
52065, 5, 5 
15284, 5, 5 
48230, 5, 5 
37609, 5, 5 
47204, 5, 5 
22566, 5, 5 
33267, 5, 5 
27602, 5, 3 
6290, 5, 5 
47915, 5, 5 
40127, 5, 5 
24666, 5, 5 
57269, 5, 5 
9763, 5, 5 
38477, 5, 5 
55248, 5, 5 
14428, 5, 5 
26331, 5, 5 
14233, 5, 5 
21455, 5, 5 
49270, 5, 5 
6188, 5, 5 
33954, 5, 5 
46244, 5, 5 
1993, 5, 5 
3129, 5, 5 
10051, 5, 5 
50279, 5, 5 
36087, 5, 5 
51792, 5, 5 
42108, 5, 5 
44760, 5, 5 
56720, 5, 5 
48094, 5, 5 
35406, 5, 5 
7354, 5, 5 
7068, 5, 5 
38762, 5, 5 
56852, 5, 5 
30918, 5, 5 
45883, 5, 5 
59701, 5, 6 
17366, 5, 5 
9207, 5, 5 
6451, 5, 5 
59349, 5, 5 
14688, 5, 5 
18696, 5, 5 
52540, 5, 5 
32567, 5, 5 
24492, 5, 5 
51562, 5, 5 
35172, 5, 5 
48847, 5, 5 
59351, 5, 5 
49367, 5, 5 
23920, 5, 5 
15949, 5, 5 
22679, 5, 5 
24252, 5, 5 
19469, 5, 5 
43838, 5, 5 
32397, 5, 5 
32026, 5, 5 
28608, 5, 5 
7917, 5, 5 
20109, 5, 5 
8435, 5, 5 
47769, 5, 5 
11345, 5, 5 
46091, 5, 5 
11064, 5, 5 
36480, 5, 5 
26700, 5, 5 
57311, 5, 5 
34817, 5, 5 
43503, 5, 5 
41548, 5, 5 
32646, 5, 5 
54744, 5, 5 
14435, 5, 5 
28057, 5, 5 
25765, 5, 5 
44810, 5, 5 
504, 5, 5 
46924, 5, 5 
52452, 5, 5 
28658, 5, 5 
52559, 5, 5 
13324, 5, 5 
17951, 5, 5 
24812, 5, 5 
41486, 5, 5 
28060, 5, 5 
45160, 5, 5 
58957, 5, 5 
29845, 5, 5 
59212, 5, 5 
12650, 5, 5 
23418, 5, 5 
59906, 5, 5 
54932, 5, 5 
16405, 5, 5 
12818, 5, 5 
30410, 5, 5 
35276, 5, 5 
26570, 5, 5 
6712, 5, 5 
3819, 5, 5 
11500, 5, 5 
41127, 5, 5 
15685, 5, 5 
15444, 5, 5 
51605, 5, 5 
10871, 5, 5 
51727, 5, 5 
14933, 5, 5 
47357, 5, 5 
4845, 5, 5 
40695, 5, 5 
24792, 5, 5 
2537, 5, 5 
36639, 5, 5 
2038, 5, 5 
287, 5, 5 
33866, 5, 5 
39858, 5, 5 
49668, 5, 5 
55958, 5, 5 
51821, 5, 5 
43159, 5, 5 
23808, 5, 5 
29524, 5, 5 
1222, 5, 5 
19130, 5, 5 
53470, 5, 5 
29272, 6, 6 
31806, 6, 6 
43320, 6, 6 
38478, 6, 6 
35955, 6, 6 
32969, 6, 6 
37315, 6, 6 
19788, 6, 6 
54572, 6, 6 
46715, 6, 6 
26848, 6, 6 
1637, 6, 6 
50635, 6, 6 
13364, 6, 6 
2387, 6, 6 
43263, 6, 6 
11226, 6, 6 
4587, 6, 6 
23687, 6, 6 
50556, 6, 6 
5693, 6, 6 
2296, 6, 6 
944, 6, 6 
44742, 6, 6 
4431, 6, 6 
6578, 6, 6 
56526, 6, 6 
32305, 6, 6 
14848, 6, 6 
26342, 6, 6 
11996, 6, 6 
36294, 6, 6 
18447, 6, 6 
39893, 6, 6 
57143, 6, 6 
52049, 6, 6 
13067, 6, 6 
8461, 6, 6 
21473, 6, 6 
11347, 6, 6 
33728, 6, 6 
30518, 6, 6 
56022, 6, 6 
2196, 6, 6 
302, 6, 6 
9237, 6, 6 
49233, 6, 6 
9946, 6, 6 
55913, 6, 6 
37993, 6, 6 
1990, 6, 6 
38856, 6, 6 
41940, 6, 6 
1669, 6, 6 
26841, 6, 6 
6402, 6, 6 
52102, 6, 6 
45010, 6, 6 
32242, 6, 6 
16088, 6, 6 
9596, 6, 6 
21755, 6, 6 
6670, 6, 6 
36637, 6, 6 
11195, 6, 6 
27086, 6, 6 
30716, 6, 6 
27021, 6, 6 
49828, 6, 6 
37222, 6, 6 
58392, 6, 6 
7516, 6, 6 
52781, 6, 6 
16667, 6, 6 
5413, 6, 6 
38306, 6, 6 
28943, 6, 6 
55551, 6, 6 
19228, 6, 6 
39372, 6, 6 
28850, 6, 6 
41160, 6, 6 
18330, 6, 6 
47260, 6, 6 
38302, 6, 6 
17396, 6, 6 
9438, 6, 6 
20343, 6, 6 
38219, 6, 6 
33397, 6, 6 
20113, 6, 6 
29537, 6, 6 
10037, 6, 6 
2061, 6, 6 
12354, 6, 6 
43177, 6, 6 
3736, 6, 6 
48362, 6, 6 
19151, 6, 6 
770, 6, 6 
31491, 6, 6 
59369, 6, 6 
53869, 6, 6 
35846, 6, 6 
2880, 6, 6 
8497, 6, 6 
56177, 6, 6 
50160, 6, 6 
2836, 6, 6 
27428, 6, 6 
39626, 6, 6 
48006, 6, 6 
25713, 6, 6 
2777, 6, 6 
15839, 6, 6 
43462, 6, 6 
43420, 6, 6 
43973, 6, 6 
15177, 6, 6 
42166, 6, 6 
11551, 6, 6 
37905, 6, 6 
18576, 6, 6 
32734, 6, 6 
4980, 6, 6 
20153, 6, 6 
26410, 6, 6 
46676, 6, 6 
51711, 6, 6 
1070, 6, 6 
17852, 6, 6 
41262, 6, 6 
28698, 6, 6 
56399, 6, 6 
56878, 6, 6 
21117, 6, 6 
37576, 6, 6 
52062, 6, 6 
23735, 6, 6 
62, 6, 6 
41828, 6, 6 
56943, 6, 6 
53625, 6, 6 
28104, 6, 6 
39697, 6, 6 
40871, 6, 6 
36237, 6, 6 
7493, 6, 6 
37356, 6, 6 
12520, 6, 6 
25226, 6, 6 
8149, 6, 6 
48328, 6, 6 
33076, 6, 6 
43125, 6, 6 
24475, 6, 6 
40952, 6, 6 
32464, 6, 6 
41874, 6, 6 
8868, 6, 6 
59474, 6, 6 
44503, 6, 6 
17626, 6, 6 
34543, 6, 6 
42869, 6, 6 
13712, 6, 6 
56562, 6, 6 
11871, 6, 6 
41213, 6, 6 
27240, 6, 6 
17863, 6, 6 
52765, 6, 6 
25090, 6, 6 
41361, 6, 6 
14044, 6, 6 
42729, 6, 6 
11530, 6, 6 
41323, 6, 6 
55536, 6, 6 
32803, 6, 6 
9818, 6, 6 
44817, 6, 6 
15914, 6, 6 
27833, 6, 6 
57577, 6, 6 
19896, 6, 6 
57754, 6, 6 
21074, 6, 6 
55390, 6, 6 
33742, 6, 6 
25908, 6, 6 
15638, 6, 6 
52544, 6, 6 
42080, 6, 6 
17874, 6, 6 
13511, 6, 6 
7562, 6, 6 
38050, 6, 6 
18344, 6, 6 
51755, 6, 6 
37175, 6, 6 
56899, 6, 6 
16161, 6, 6 
9468, 6, 6 
35305, 6, 6 
12114, 6, 6 
8265, 6, 6 
39336, 6, 6 
57346, 6, 6 
22561, 6, 6 
35810, 6, 6 
15417, 6, 6 
53463, 6, 6 
32927, 6, 6 
32265, 6, 6 
16538, 6, 6 
41089, 6, 6 
51481, 6, 6 
11976, 6, 6 
53949, 6, 6 
43807, 6, 6 
53311, 6, 6 
50588, 6, 6 
50503, 6, 6 
36439, 6, 6 
14167, 6, 6 
852, 6, 6 
49879, 6, 6 
6742, 6, 6 
18250, 6, 6 
38185, 6, 6 
41757, 6, 6 
38699, 6, 6 
24423, 6, 6 
18058, 6, 6 
25337, 6, 6 
3841, 6, 6 
49900, 6, 6 
14232, 6, 6 
126, 6, 6 
59310, 6, 6 
3952, 6, 6 
15183, 6, 6 
7086, 6, 6 
36002, 6, 6 
1708, 6, 6 
44082, 6, 6 
45934, 6, 6 
49133, 6, 6 
10709, 6, 6 
93, 6, 6 
52986, 6, 6 
32783, 6, 6 
9341, 6, 6 
35131, 6, 6 
47415, 6, 6 
17510, 6, 6 
49977, 6, 6 
23654, 6, 6 
2474, 6, 6 
1892, 6, 6 
2785, 6, 6 
1582, 6, 6 
5948, 6, 6 
30784, 6, 6 
2657, 6, 6 
48749, 6, 6 
7389, 6, 6 
29035, 6, 6 
4087, 6, 6 
4586, 6, 6 
19316, 6, 6 
8384, 6, 6 
12411, 6, 6 
33272, 6, 6 
51804, 6, 6 
15351, 6, 6 
38187, 6, 6 
11048, 6, 6 
8822, 6, 6 
35817, 6, 6 
5804, 6, 6 
50073, 6, 6 
43569, 6, 6 
37050, 6, 6 
18271, 6, 6 
30004, 6, 6 
50843, 6, 6 
13593, 6, 6 
16891, 6, 6 
15320, 6, 6 
43437, 6, 6 
2516, 6, 6 
30440, 6, 6 
48433, 6, 6 
44238, 6, 6 
31998, 6, 6 
10731, 6, 6 
29776, 6, 6 
25135, 6, 6 
20124, 6, 6 
26375, 6, 6 
23148, 6, 6 
33735, 6, 6 
430, 6, 6 
54799, 6, 6 
50780, 6, 6 
23577, 6, 6 
22009, 6, 6 
52514, 6, 6 
23780, 6, 6 
36415, 6, 6 
34840, 6, 6 
34520, 6, 6 
34698, 6, 6 
9042, 6, 6 
27217, 6, 6 
7887, 6, 6 
29917, 6, 6 
33436, 6, 6 
33209, 6, 6 
28797, 6, 6 
15961, 6, 6 
30989, 6, 6 
10512, 6, 6 
19293, 6, 6 
15896, 6, 6 
8305, 6, 6 
57498, 6, 6 
21061, 6, 6 
32118, 6, 6 
49216, 6, 6 
22775, 6, 6 
59752, 6, 6 
57029, 6, 6 
32938, 6, 6 
55670, 6, 6 
6474, 6, 6 
6927, 6, 6 
55770, 6, 6 
2345, 6, 6 
43767, 6, 6 
55138, 6, 6 
27244, 6, 6 
54150, 6, 6 
658, 6, 6 
33341, 6, 6 
6869, 6, 6 
54348, 6, 6 
54610, 6, 6 
31981, 6, 6 
41690, 6, 6 
16890, 6, 6 
28728, 6, 6 
43594, 6, 6 
58050, 6, 6 
33264, 6, 6 
36841, 6, 6 
35342, 6, 6 
28435, 6, 6 
50781, 6, 6 
3530, 6, 6 
2533, 6, 6 
44808, 6, 6 
40342, 6, 6 
6453, 6, 6 
45558, 6, 6 
58766, 6, 6 
58435, 6, 6 
38322, 6, 6 
20957, 6, 6 
7661, 6, 6 
11000, 6, 6 
7571, 6, 6 
41778, 6, 6 
6895, 6, 6 
15314, 6, 6 
10503, 6, 6 
20927, 6, 6 
39337, 6, 6 
1686, 6, 6 
24003, 6, 6 
9295, 6, 6 
21373, 6, 6 
28997, 6, 6 
58216, 6, 6 
57719, 6, 6 
5274, 6, 6 
21821, 6, 6 
977, 6, 6 
48086, 6, 6 
37228, 6, 6 
21929, 6, 6 
52759, 6, 6 
40124, 6, 6 
48689, 6, 6 
35962, 6, 6 
24656, 6, 6 
57419, 6, 6 
28867, 6, 6 
955, 6, 6 
11892, 6, 6 
55841, 6, 6 
3985, 6, 6 
21676, 6, 6 
46272, 6, 6 
31654, 6, 6 
30819, 6, 6 
52387, 6, 6 
1100, 6, 6 
48760, 6, 6 
32325, 6, 6 
51729, 6, 6 
11959, 6, 6 
33692, 6, 6 
49597, 6, 6 
25035, 6, 6 
1782, 6, 6 
9534, 6, 6 
735, 6, 6 
41876, 6, 6 
20057, 6, 6 
13912, 6, 6 
802, 6, 6 
48776, 6, 6 
51407, 6, 6 
24214, 6, 6 
55975, 6, 6 
31437, 6, 6 
56549, 6, 6 
47497, 6, 6 
25306, 6, 6 
55213, 6, 6 
41666, 6, 6 
53540, 6, 6 
32241, 6, 6 
12673, 6, 6 
6482, 6, 6 
25068, 6, 6 
2644, 6, 6 
8807, 6, 6 
7294, 6, 6 
6085, 6, 6 
46538, 6, 6 
58124, 6, 6 
54699, 6, 6 
55327, 6, 6 
1540, 6, 6 
5334, 6, 6 
51406, 6, 6 
54237, 6, 6 
45265, 6, 6 
3910, 6, 6 
27799, 6, 6 
10135, 6, 6 
8817, 6, 6 
46665, 6, 6 
19571, 6, 6 
46101, 6, 6 
42912, 6, 6 
38933, 6, 6 
40543, 6, 6 
29221, 6, 6 
38511, 6, 6 
28591, 6, 6 
9760, 6, 6 
8636, 6, 6 
28425, 6, 6 
32222, 6, 6 
35682, 6, 6 
49613, 6, 6 
46898, 6, 6 
16703, 6, 6 
42767, 6, 6 
46581, 6, 6 
16976, 6, 6 
12758, 6, 6 
33006, 6, 6 
38895, 6, 6 
10836, 6, 6 
17408, 6, 6 
44119, 6, 6 
45552, 6, 6 
28585, 6, 6 
49047, 6, 6 
30024, 6, 6 
5310, 6, 6 
39137, 6, 6 
47584, 6, 6 
28353, 6, 6 
52365, 6, 6 
51456, 6, 6 
53557, 6, 6 
25047, 6, 6 
52844, 6, 6 
37888, 6, 6 
44981, 6, 6 
43154, 6, 6 
54618, 6, 6 
45335, 6, 6 
57181, 7, 7 
942, 7, 7 
96, 7, 7 
33304, 7, 7 
25597, 7, 7 
45652, 7, 7 
57751, 7, 7 
52528, 7, 7 
22467, 7, 7 
29202, 7, 7 
12511, 7, 7 
44156, 7, 7 
15172, 7, 7 
17833, 7, 7 
38920, 7, 7 
38242, 7, 7 
1480, 7, 7 
37573, 7, 7 
18819, 7, 7 
45615, 7, 7 
5975, 7, 7 
39821, 7, 7 
36404, 7, 7 
22651, 7, 7 
53415, 7, 7 
20218, 7, 7 
45606, 7, 7 
30952, 7, 7 
46688, 7, 7 
51322, 7, 7 
13188, 7, 7 
58606, 7, 7 
7663, 7, 7 
22326, 7, 7 
14563, 7, 7 
2949, 7, 7 
9499, 7, 7 
27498, 7, 7 
36748, 7, 7 
43087, 7, 7 
36479, 7, 7 
3992, 7, 7 
20032, 7, 7 
4000, 7, 7 
32327, 7, 7 
10086, 7, 7 
2903, 7, 7 
31835, 7, 7 
22259, 7, 7 
32599, 7, 7 
53643, 7, 7 
14642, 7, 7 
37317, 7, 7 
11370, 7, 7 
38783, 7, 7 
56285, 7, 7 
43893, 7, 7 
22377, 7, 7 
34223, 7, 7 
1655, 7, 7 
53171, 7, 7 
29529, 7, 7 
5496, 7, 7 
24141, 7, 7 
11510, 7, 7 
34666, 7, 7 
14590, 7, 7 
32645, 7, 7 
20162, 7, 7 
41532, 7, 7 
42619, 7, 7 
22870, 7, 7 
32373, 7, 7 
3823, 7, 7 
51361, 7, 7 
27912, 7, 7 
59703, 7, 7 
28321, 7, 7 
31844, 7, 7 
27853, 7, 7 
46151, 7, 7 
22546, 7, 7 
19989, 7, 7 
20354, 7, 7 
6476, 7, 7 
59138, 7, 7 
33307, 7, 7 
22097, 7, 7 
948, 7, 7 
20370, 7, 7 
34673, 7, 7 
42782, 7, 2 
1332, 7, 7 
14594, 7, 7 
18469, 7, 7 
18834, 7, 7 
56806, 7, 7 
52249, 7, 7 
6339, 7, 7 
5197, 7, 7 
26838, 7, 7 
20582, 7, 7 
13205, 7, 7 
36365, 7, 7 
2574, 7, 7 
22052, 7, 7 
4353, 7, 7 
50763, 7, 7 
7534, 7, 7 
41762, 7, 7 
5784, 7, 7 
53666, 7, 7 
12464, 7, 7 
35580, 7, 7 
36156, 7, 7 
49242, 7, 7 
40810, 7, 7 
48250, 7, 7 
27756, 7, 7 
7446, 7, 7 
505, 7, 7 
59107, 7, 7 
11650, 7, 7 
57925, 7, 7 
47110, 7, 7 
24692, 7, 7 
18784, 7, 7 
31176, 7, 7 
45200, 7, 7 
3895, 7, 7 
1229, 7, 7 
57541, 7, 7 
10046, 7, 7 
9444, 7, 7 
52008, 7, 7 
22519, 7, 7 
7809, 7, 7 
2319, 7, 7 
10946, 7, 7 
8389, 7, 7 
28061, 7, 7 
8562, 7, 7 
2985, 7, 7 
29661, 7, 7 
50627, 7, 7 
2950, 7, 7 
46349, 7, 7 
58029, 7, 7 
53483, 7, 7 
7494, 7, 7 
5407, 7, 7 
21463, 7, 7 
53766, 7, 7 
53423, 7, 7 
123, 7, 7 
54100, 7, 7 
57230, 7, 7 
47307, 7, 7 
6566, 7, 7 
31460, 7, 7 
31715, 7, 7 
33515, 7, 7 
53129, 7, 7 
59424, 7, 7 
43860, 7, 7 
45530, 7, 7 
5448, 7, 7 
57646, 7, 7 
23698, 7, 7 
26750, 7, 7 
53977, 7, 7 
4024, 7, 7 
45496, 7, 7 
11525, 7, 7 
36713, 7, 7 
26967, 7, 7 
50455, 7, 7 
6740, 7, 7 
35177, 7, 7 
16162, 7, 7 
58778, 7, 7 
14871, 7, 7 
21456, 7, 7 
15589, 7, 7 
33996, 7, 7 
57792, 7, 7 
31531, 7, 7 
55365, 7, 7 
33710, 7, 7 
40822, 7, 7 
26026, 7, 7 
32649, 7, 7 
23153, 7, 7 
8616, 7, 7 
30990, 7, 7 
42427, 7, 7 
12941, 7, 7 
4421, 7, 7 
33525, 7, 7 
730, 7, 7 
56346, 7, 7 
9603, 7, 7 
42061, 7, 7 
56218, 7, 7 
17798, 7, 7 
6319, 7, 7 
33736, 7, 7 
28661, 7, 7 
44067, 7, 7 
26076, 7, 7 
5264, 7, 7 
35696, 7, 7 
47800, 7, 7 
25929, 7, 7 
12185, 7, 7 
22588, 7, 7 
820, 7, 7 
37146, 7, 7 
8483, 7, 7 
24652, 7, 7 
31560, 7, 7 
50878, 7, 7 
58912, 7, 7 
54731, 7, 7 
32957, 7, 7 
49978, 7, 7 
4207, 7, 7 
55189, 7, 7 
26337, 7, 7 
686, 7, 7 
37107, 7, 7 
15586, 7, 7 
46361, 7, 7 
35920, 7, 7 
49058, 7, 7 
18736, 7, 7 
12138, 7, 7 
51766, 7, 7 
23686, 7, 7 
47504, 7, 7 
51141, 7, 7 
18818, 7, 7 
41275, 7, 7 
39069, 7, 7 
47242, 7, 7 
24025, 7, 7 
48108, 7, 7 
39712, 7, 7 
39056, 7, 7 
11810, 7, 7 
6824, 7, 7 
43774, 7, 7 
56287, 7, 7 
41892, 7, 7 
53612, 7, 7 
4217, 7, 7 
56653, 7, 7 
33431, 7, 7 
23345, 7, 7 
20002, 7, 7 
51500, 7, 7 
10388, 7, 7 
37525, 7, 7 
16836, 7, 7 
58444, 7, 7 
31219, 7, 7 
3252, 7, 7 
11088, 7, 7 
38890, 7, 7 
49365, 7, 7 
995, 7, 4 
29298, 7, 7 
25506, 7, 7 
51704, 7, 7 
6435, 7, 7 
58708, 7, 7 
42169, 7, 7 
50351, 7, 7 
9644, 7, 7 
43052, 7, 7 
34160, 7, 7 
11407, 7, 7 
59264, 7, 7 
29257, 7, 7 
10171, 7, 7 
54066, 7, 7 
55413, 7, 7 
44562, 7, 7 
19193, 7, 7 
55113, 7, 7 
56356, 7, 7 
43725, 7, 7 
19658, 7, 7 
12048, 7, 7 
15081, 7, 7 
37775, 7, 7 
57323, 7, 7 
21662, 7, 7 
243, 7, 7 
5976, 7, 7 
17807, 7, 7 
1747, 7, 7 
1422, 7, 7 
38788, 7, 7 
91, 7, 7 
42977, 7, 7 
27986, 7, 7 
54385, 7, 7 
42763, 7, 7 
26169, 7, 7 
43763, 7, 7 
25649, 7, 7 
45844, 7, 7 
37875, 7, 7 
19479, 7, 7 
57564, 7, 7 
48105, 7, 7 
37288, 7, 7 
25300, 7, 7 
20206, 7, 7 
5569, 7, 7 
59665, 7, 7 
18309, 7, 7 
40627, 7, 7 
59963, 7, 7 
13834, 7, 7 
11372, 7, 7 
49372, 7, 7 
21123, 7, 7 
2344, 7, 7 
37612, 7, 7 
51526, 7, 7 
58901, 7, 7 
55700, 7, 7 
6590, 7, 7 
48556, 7, 7 
49590, 7, 7 
20318, 7, 7 
26811, 7, 7 
36806, 7, 7 
3372, 7, 7 
19370, 7, 7 
2168, 7, 7 
23271, 7, 7 
36613, 7, 7 
48709, 7, 7 
5214, 7, 7 
13180, 7, 7 
36563, 7, 7 
1673, 7, 7 
51650, 7, 7 
57357, 7, 7 
16186, 7, 7 
33612, 7, 7 
3408, 7, 7 
43924, 7, 7 
55613, 7, 7 
30674, 7, 7 
9522, 7, 7 
39294, 7, 7 
9669, 7, 7 
15909, 7, 7 
16383, 7, 7 
24228, 7, 7 
27956, 7, 7 
37984, 7, 7 
27808, 7, 7 
49069, 7, 7 
28869, 7, 7 
23985, 7, 7 
9498, 7, 7 
16496, 7, 7 
4393, 7, 7 
38738, 7, 7 
39863, 7, 7 
45392, 7, 7 
44257, 7, 7 
9660, 7, 7 
42451, 7, 7 
39826, 7, 7 
7852, 7, 7 
38916, 7, 7 
10485, 7, 7 
10548, 7, 7 
54096, 7, 7 
14475, 7, 7 
7334, 7, 7 
51102, 7, 7 
53694, 7, 7 
46672, 7, 7 
45637, 7, 7 
38389, 7, 7 
27203, 7, 7 
9416, 7, 7 
37064, 7, 7 
57280, 7, 7 
56076, 7, 7 
25011, 7, 7 
16882, 7, 7 
57652, 7, 7 
58299, 7, 7 
27635, 7, 7 
44975, 7, 7 
37762, 7, 7 
16194, 7, 7 
47364, 7, 7 
45054, 7, 7 
18002, 7, 7 
19372, 7, 7 
4280, 7, 7 
51294, 7, 7 
8090, 7, 7 
55205, 7, 7 
59056, 7, 7 
50963, 7, 7 
35863, 7, 7 
49361, 7, 7 
12961, 7, 7 
7945, 7, 7 
18427, 7, 7 
1833, 7, 7 
5367, 7, 7 
32626, 7, 7 
750, 7, 7 
59592, 7, 7 
27265, 7, 7 
22336, 7, 7 
8214, 7, 7 
20067, 7, 7 
38096, 7, 7 
5161, 7, 7 
17813, 7, 7 
46638, 7, 7 
16609, 7, 7 
58167, 7, 7 
16189, 7, 7 
24788, 7, 7 
30504, 7, 7 
20576, 7, 7 
17350, 7, 7 
24907, 7, 7 
27837, 7, 7 
11798, 7, 7 
9023, 7, 7 
24518, 7, 7 
9774, 7, 7 
14600, 7, 7 
36615, 7, 7 
32364, 7, 7 
50440, 7, 7 
53624, 7, 7 
14287, 7, 7 
6176, 7, 7 
8791, 7, 7 
54218, 7, 7 
23715, 7, 7 
13149, 7, 7 
39813, 7, 7 
19257, 7, 7 
59025, 7, 7 
2108, 7, 7 
6600, 7, 7 
4785, 7, 7 
17490, 7, 7 
52926, 7, 7 
17419, 7, 7 
43390, 7, 7 
48910, 7, 7 
54135, 7, 7 
43723, 7, 7 
50468, 7, 7 
31957, 7, 7 
46630, 7, 7 
50443, 7, 7 
48878, 7, 7 
14814, 7, 7 
15319, 7, 7 
2704, 7, 7 
54957, 7, 7 
44512, 7, 7 
13644, 7, 7 
52196, 7, 7 
30245, 7, 7 
17143, 7, 7 
6597, 7, 7 
12492, 7, 7 
148, 7, 9 
13311, 7, 7 
24005, 7, 7 
52321, 7, 7 
57809, 7, 7 
22858, 7, 7 
40837, 7, 7 
43019, 7, 7 
37298, 7, 7 
17866, 7, 7 
48619, 7, 7 
47931, 7, 7 
6675, 7, 7 
38224, 7, 7 
26385, 8, 8 
34734, 8, 8 
11506, 8, 8 
48891, 8, 8 
30401, 8, 8 
53672, 8, 8 
39951, 8, 8 
6760, 8, 8 
2555, 8, 8 
50421, 8, 8 
3554, 8, 8 
8221, 8, 8 
52285, 8, 8 
41154, 8, 8 
55405, 8, 8 
46897, 8, 8 
52050, 8, 8 
24909, 8, 8 
28782, 8, 8 
13489, 8, 8 
13895, 8, 8 
50410, 8, 8 
6288, 8, 8 
7851, 8, 0 
54625, 8, 8 
46758, 8, 8 
17291, 8, 8 
11239, 8, 8 
17302, 8, 8 
44391, 8, 8 
38596, 8, 8 
15091, 8, 8 
24000, 8, 8 
17527, 8, 8 
40275, 8, 8 
51769, 8, 8 
55614, 8, 8 
55256, 8, 8 
3148, 8, 8 
31034, 8, 8 
53848, 8, 8 
31959, 8, 8 
15757, 8, 8 
45976, 8, 8 
57084, 8, 8 
39902, 8, 8 
24150, 8, 8 
41505, 8, 8 
42682, 8, 8 
18012, 8, 8 
40935, 8, 8 
24823, 8, 8 
59393, 8, 8 
14808, 8, 8 
3968, 8, 8 
47283, 8, 8 
7799, 8, 8 
35230, 8, 8 
31611, 8, 8 
47331, 8, 8 
9219, 8, 8 
31292, 8, 8 
36320, 8, 8 
37891, 8, 8 
38566, 8, 8 
37755, 8, 8 
39070, 8, 8 
24857, 8, 8 
36651, 8, 8 
17056, 8, 8 
59303, 8, 8 
48092, 8, 8 
6677, 8, 8 
59511, 8, 8 
45156, 8, 8 
31075, 8, 8 
57108, 8, 8 
55022, 8, 8 
29303, 8, 8 
35353, 8, 8 
54463, 8, 8 
33019, 8, 8 
52157, 8, 8 
22365, 8, 8 
44122, 8, 8 
6774, 8, 8 
35145, 8, 8 
1026, 8, 8 
59286, 8, 8 
14362, 8, 8 
4700, 8, 8 
52292, 8, 8 
43848, 8, 8 
9250, 8, 8 
33039, 8, 8 
40758, 8, 8 
26666, 8, 8 
59270, 8, 8 
19988, 8, 8 
11750, 8, 8 
42259, 8, 8 
1016, 8, 8 
41130, 8, 8 
48528, 8, 8 
17375, 8, 8 
55128, 8, 8 
9361, 8, 8 
6957, 8, 8 
39611, 8, 8 
33801, 8, 8 
18952, 8, 8 
1914, 8, 8 
46650, 8, 8 
24937, 8, 8 
22623, 8, 8 
34534, 8, 8 
34966, 8, 8 
22745, 8, 8 
42679, 8, 8 
44163, 8, 8 
34912, 8, 8 
8136, 8, 8 
8285, 8, 8 
55537, 8, 8 
24108, 8, 8 
21475, 8, 8 
44579, 8, 8 
1760, 8, 8 
16022, 8, 8 
45311, 8, 8 
58736, 8, 8 
1773, 8, 8 
27386, 8, 8 
25455, 8, 8 
30324, 8, 8 
42006, 8, 8 
29402, 8, 8 
7824, 8, 8 
56751, 8, 8 
35042, 8, 8 
11108, 8, 8 
39585, 8, 8 
19041, 8, 8 
59101, 8, 8 
29722, 8, 8 
21183, 8, 8 
42266, 8, 8 
20858, 8, 8 
32309, 8, 8 
15950, 8, 8 
25043, 8, 8 
1776, 8, 8 
32073, 8, 8 
30330, 8, 8 
47634, 8, 8 
8242, 8, 8 
18047, 8, 8 
41393, 8, 8 
49901, 8, 8 
28247, 8, 8 
25951, 8, 8 
33956, 8, 8 
24240, 8, 9 
47747, 8, 8 
29563, 8, 8 
59294, 8, 8 
40708, 8, 8 
57263, 8, 8 
49869, 8, 8 
29393, 8, 8 
39872, 8, 8 
7681, 8, 8 
56430, 8, 8 
30026, 8, 8 
6111, 8, 8 
20328, 8, 8 
35484, 8, 8 
15321, 8, 8 
47136, 8, 8 
27096, 8, 8 
6976, 8, 8 
39109, 8, 8 
3254, 8, 8 
7674, 8, 8 
30248, 8, 8 
9088, 8, 8 
16232, 8, 8 
45956, 8, 8 
57447, 8, 8 
55650, 8, 8 
59648, 8, 8 
48203, 8, 8 
47811, 8, 8 
51904, 8, 8 
29535, 8, 8 
45057, 8, 8 
18291, 8, 8 
25072, 8, 8 
52496, 8, 8 
33636, 8, 8 
33072, 8, 8 
45948, 8, 8 
7034, 8, 8 
7021, 8, 8 
42688, 8, 8 
47295, 8, 8 
49525, 8, 8 
43724, 8, 8 
28364, 8, 8 
43363, 8, 8 
28779, 8, 8 
18657, 8, 8 
13869, 8, 8 
32884, 8, 8 
38613, 8, 8 
24654, 8, 8 
21408, 8, 8 
15629, 8, 8 
36503, 8, 8 
4176, 8, 8 
11950, 8, 8 
58942, 8, 8 
36159, 8, 8 
50524, 8, 8 
7376, 8, 8 
20945, 8, 8 
1943, 8, 8 
41575, 8, 8 
36870, 8, 8 
55618, 8, 8 
29711, 8, 8 
32806, 8, 8 
42749, 8, 8 
18931, 8, 8 
11478, 8, 8 
12473, 8, 8 
58905, 8, 8 
46827, 8, 8 
25262, 8, 8 
43692, 8, 8 
40808, 8, 8 
20986, 8, 8 
45660, 8, 8 
51450, 8, 8 
43534, 8, 8 
22813, 8, 8 
34575, 8, 8 
48140, 8, 8 
5042, 8, 8 
48115, 8, 8 
35521, 8, 8 
9309, 8, 8 
7712, 8, 8 
47201, 8, 8 
56056, 8, 8 
54889, 8, 8 
53181, 8, 8 
45738, 8, 8 
7604, 8, 8 
22151, 8, 8 
58837, 8, 8 
20269, 8, 8 
50552, 8, 8 
48842, 8, 8 
27072, 8, 8 
9019, 8, 8 
16828, 8, 8 
348, 8, 8 
47478, 8, 8 
49303, 8, 8 
45595, 8, 8 
48060, 8, 8 
54712, 8, 8 
6746, 8, 8 
12198, 8, 8 
761, 8, 8 
11331, 8, 8 
9557, 8, 8 
49400, 8, 8 
53184, 8, 8 
45454, 8, 8 
48407, 8, 8 
5394, 8, 8 
5281, 8, 8 
12130, 8, 8 
47298, 8, 8 
28503, 8, 8 
43519, 8, 8 
53271, 8, 8 
38136, 8, 8 
17784, 8, 8 
13866, 8, 8 
45639, 8, 8 
44259, 8, 8 
53517, 8, 8 
57493, 8, 8 
18574, 8, 8 
48455, 8, 8 
14301, 8, 8 
9234, 8, 8 
51184, 8, 8 
48149, 8, 8 
51440, 8, 8 
30775, 8, 8 
33439, 8, 8 
31103, 8, 8 
45050, 8, 8 
5917, 8, 8 
41064, 8, 8 
4797, 8, 8 
7141, 8, 8 
49548, 8, 8 
4383, 8, 8 
4381, 8, 8 
31530, 8, 8 
57355, 8, 8 
7750, 8, 8 
6533, 8, 8 
31206, 8, 8 
19204, 8, 8 
51907, 8, 8 
23184, 8, 1 
28342, 8, 8 
21650, 8, 8 
31800, 8, 8 
32747, 8, 8 
41, 8, 8 
45710, 8, 8 
29299, 8, 8 
44286, 8, 8 
2598, 8, 8 
14075, 8, 8 
32259, 8, 8 
44616, 8, 8 
27947, 8, 8 
22136, 8, 8 
32591, 8, 8 
22389, 8, 8 
21589, 8, 8 
17194, 8, 8 
30067, 8, 8 
46034, 8, 8 
20923, 8, 8 
19889, 8, 8 
53128, 8, 8 
39432, 8, 8 
39479, 8, 8 
4873, 8, 8 
10021, 8, 8 
32774, 8, 8 
35237, 8, 8 
41017, 8, 8 
37479, 8, 8 
14678, 8, 8 
28198, 8, 8 
22837, 8, 8 
5430, 8, 8 
31706, 8, 8 
44321, 8, 8 
19182, 8, 8 
59015, 8, 8 
56091, 8, 8 
50883, 8, 8 
1086, 8, 8 
10973, 8, 8 
8397, 8, 8 
45223, 8, 8 
22483, 8, 8 
6506, 8, 8 
5625, 8, 8 
56858, 8, 8 
24875, 8, 8 
37240, 8, 8 
756, 8, 8 
27889, 8, 8 
13378, 8, 8 
24791, 8, 8 
56428, 8, 8 
48309, 8, 8 
26987, 8, 8 
35477, 8, 8 
42003, 8, 8 
25976, 8, 8 
51244, 8, 8 
13065, 8, 8 
50740, 8, 8 
7777, 8, 8 
29162, 8, 8 
48684, 8, 8 
43828, 8, 8 
20037, 8, 8 
53686, 8, 8 
10584, 8, 8 
52090, 8, 8 
23436, 8, 8 
48206, 8, 8 
5680, 8, 8 
51668, 8, 8 
57038, 8, 8 
55581, 8, 8 
23669, 8, 8 
33201, 8, 8 
31710, 8, 4 
31673, 8, 8 
14270, 8, 8 
27030, 8, 8 
24134, 8, 8 
45110, 8, 8 
45717, 8, 8 
17065, 8, 8 
54550, 8, 8 
2057, 8, 8 
13639, 8, 8 
39478, 8, 8 
16539, 8, 8 
4375, 8, 8 
39609, 8, 8 
39450, 8, 8 
1193, 8, 8 
17679, 8, 8 
10948, 8, 8 
45653, 8, 8 
49579, 8, 8 
57484, 8, 8 
50651, 8, 8 
14923, 8, 8 
51484, 8, 8 
33570, 8, 8 
2991, 8, 8 
21649, 8, 8 
5548, 8, 8 
57655, 8, 8 
38641, 8, 8 
40381, 8, 8 
2511, 8, 8 
37715, 8, 8 
13934, 8, 8 
1067, 8, 8 
55929, 8, 8 
56887, 8, 8 
26919, 8, 8 
19000, 8, 8 
38092, 8, 8 
56636, 8, 8 
16979, 8, 8 
38805, 8, 8 
34437, 8, 8 
30568, 8, 8 
31030, 8, 8 
26519, 8, 8 
47163, 8, 8 
3630, 8, 8 
30525, 8, 8 
31329, 8, 8 
225, 8, 8 
16231, 8, 8 
51163, 8, 8 
29164, 8, 8 
8661, 8, 8 
2942, 8, 8 
48394, 8, 8 
23071, 8, 8 
5557, 8, 8 
53728, 8, 8 
57665, 8, 8 
45208, 8, 8 
972, 8, 8 
27469, 8, 8 
50715, 8, 8 
11101, 8, 8 
3555, 8, 8 
29183, 8, 8 
40149, 8, 8 
36114, 8, 8 
13990, 8, 8 
11413, 8, 8 
13795, 8, 8 
41758, 8, 8 
43894, 8, 8 
57832, 8, 8 
41124, 8, 8 
27545, 8, 8 
39793, 8, 8 
50114, 8, 8 
42873, 8, 8 
33059, 8, 8 
51437, 8, 8 
22507, 8, 8 
20876, 8, 8 
25879, 8, 8 
4272, 8, 8 
38807, 8, 8 
46767, 8, 8 
50277, 8, 8 
39315, 8, 8 
16230, 8, 8 
34165, 8, 8 
38065, 8, 8 
36121, 8, 8 
9918, 8, 8 
8363, 9, 9 
34592, 9, 9 
24197, 9, 9 
1459, 9, 9 
3238, 9, 9 
29935, 9, 9 
5017, 9, 9 
31818, 9, 9 
27968, 9, 9 
27521, 9, 9 
20519, 9, 9 
6156, 9, 9 
21774, 9, 9 
45969, 9, 9 
36370, 9, 9 
35065, 9, 9 
32021, 9, 9 
7511, 9, 9 
43950, 9, 3 
45174, 9, 9 
7952, 9, 9 
58791, 9, 9 
42306, 9, 9 
4060, 9, 9 
48818, 9, 9 
29856, 9, 9 
2677, 9, 9 
22521, 9, 7 
18756, 9, 9 
42643, 9, 9 
35956, 9, 9 
9713, 9, 9 
35524, 9, 9 
51667, 9, 9 
6838, 9, 9 
51430, 9, 9 
33, 9, 9 
8060, 9, 9 
10381, 9, 9 
53821, 9, 9 
37587, 9, 9 
33738, 9, 9 
52180, 9, 9 
37887, 9, 9 
3322, 9, 9 
22967, 9, 9 
6164, 9, 9 
27615, 9, 9 
28665, 9, 9 
34332, 9, 9 
20594, 9, 9 
46946, 9, 9 
172, 9, 7 
50833, 9, 9 
16463, 9, 9 
41982, 9, 9 
42315, 9, 9 
36477, 9, 9 
44851, 9, 9 
42550, 9, 9 
16421, 9, 9 
44083, 9, 9 
55778, 9, 9 
39640, 9, 9 
33199, 9, 9 
30877, 9, 9 
3316, 9, 9 
48234, 9, 9 
48072, 9, 9 
52929, 9, 9 
26730, 9, 9 
55711, 9, 9 
46065, 9, 9 
3355, 9, 9 
2562, 9, 9 
812, 9, 9 
40440, 9, 9 
36779, 9, 9 
16137, 9, 9 
49549, 9, 9 
20623, 9, 9 
48077, 9, 9 
47353, 9, 9 
44537, 9, 9 
29170, 9, 9 
7381, 9, 9 
55235, 9, 9 
28288, 9, 9 
5391, 9, 9 
38680, 9, 4 
46578, 9, 9 
17166, 9, 9 
31074, 9, 9 
28597, 9, 9 
26155, 9, 9 
26424, 9, 9 
22552, 9, 9 
27732, 9, 9 
14843, 9, 9 
20567, 9, 9 
39351, 9, 9 
36679, 9, 9 
19220, 9, 9 
11918, 9, 9 
23090, 9, 9 
43114, 9, 9 
35786, 9, 9 
50490, 9, 9 
28460, 9, 9 
18441, 9, 9 
58372, 9, 9 
22359, 9, 9 
1882, 9, 9 
37538, 9, 9 
41434, 9, 9 
58792, 9, 9 
58076, 9, 9 
15607, 9, 9 
26612, 9, 9 
43785, 9, 9 
47040, 9, 9 
13563, 9, 9 
9308, 9, 9 
33236, 9, 9 
37932, 9, 9 
55009, 9, 9 
48747, 9, 9 
26359, 9, 9 
36678, 9, 9 
3173, 9, 9 
33791, 9, 9 
32457, 9, 9 
16039, 9, 9 
42529, 9, 9 
20641, 9, 9 
51093, 9, 9 
33313, 9, 9 
29841, 9, 9 
21245, 9, 9 
36827, 9, 9 
14950, 9, 9 
14647, 9, 9 
9754, 9, 9 
22334, 9, 9 
42524, 9, 9 
14822, 9, 9 
19971, 9, 9 
59238, 9, 9 
46572, 9, 9 
26861, 9, 9 
13728, 9, 9 
56003, 9, 9 
22125, 9, 9 
9708, 9, 9 
20075, 9, 9 
11353, 9, 9 
39576, 9, 9 
58338, 9, 9 
55730, 9, 4 
53196, 9, 9 
54687, 9, 9 
40585, 9, 9 
10198, 9, 9 
30237, 9, 9 
25502, 9, 9 
4503, 9, 9 
6535, 9, 9 
7683, 9, 9 
12989, 9, 9 
38611, 9, 9 
34668, 9, 9 
19268, 9, 9 
2997, 9, 9 
9949, 9, 9 
5806, 9, 9 
36203, 9, 9 
47323, 9, 9 
6295, 9, 9 
30776, 9, 9 
54382, 9, 9 
54055, 9, 9 
5992, 9, 9 
31262, 9, 9 
36225, 9, 9 
7310, 9, 9 
44763, 9, 9 
18027, 9, 9 
34834, 9, 9 
22795, 9, 9 
29305, 9, 9 
49547, 9, 9 
9825, 9, 9 
41306, 9, 9 
10658, 9, 9 
12301, 9, 9 
14281, 9, 9 
42497, 9, 9 
41329, 9, 9 
29018, 9, 9 
33891, 9, 9 
28928, 9, 9 
55834, 9, 9 
58034, 9, 9 
14341, 9, 9 
53623, 9, 7 
46645, 9, 9 
47456, 9, 9 
21756, 9, 9 
57428, 9, 9 
33746, 9, 9 
44824, 9, 9 
26045, 9, 9 
18628, 9, 9 
29009, 9, 9 
48030, 9, 9 
31184, 9, 9 
39111, 9, 9 
41855, 9, 9 
51036, 9, 9 
23057, 9, 9 
45925, 9, 9 
34743, 9, 9 
11991, 9, 9 
37150, 9, 9 
13461, 9, 9 
59174, 9, 9 
16846, 9, 9 
5559, 9, 9 
8321, 9, 9 
9483, 9, 9 
28168, 9, 9 
21422, 9, 9 
4932, 9, 9 
25655, 9, 9 
19539, 9, 9 
2643, 9, 9 
47165, 9, 9 
22549, 9, 9 
37682, 9, 9 
8953, 9, 9 
59794, 9, 9 
37934, 9, 9 
46362, 9, 9 
27779, 9, 9 
20700, 9, 9 
53238, 9, 9 
11830, 9, 9 
42124, 9, 9 
4350, 9, 9 
30646, 9, 9 
31676, 9, 9 
31225, 9, 9 
39642, 9, 9 
40800, 9, 9 
46773, 9, 9 
18111, 9, 9 
46909, 9, 9 
18935, 9, 9 
36456, 9, 9 
19641, 9, 9 
48097, 9, 9 
36720, 9, 9 
26839, 9, 9 
45440, 9, 9 
38701, 9, 9 
35283, 9, 9 
12787, 9, 9 
59668, 9, 9 
43185, 9, 9 
10794, 9, 9 
8620, 9, 9 
7201, 9, 9 
20698, 9, 9 
2764, 9, 9 
18193, 9, 9 
55441, 9, 9 
24817, 9, 9 
58927, 9, 9 
42222, 9, 9 
4092, 9, 9 
18187, 9, 9 
54467, 9, 9 
33699, 9, 9 
41251, 9, 9 
9122, 9, 9 
10613, 9, 9 
8440, 9, 9 
46662, 9, 9 
49747, 9, 9 
51240, 9, 9 
7269, 9, 9 
7505, 9, 9 
49177, 9, 9 
54038, 9, 9 
51590, 9, 9 
38005, 9, 9 
16444, 9, 9 
26566, 9, 9 
43259, 9, 9 
4594, 9, 9 
23681, 9, 9 
15899, 9, 9 
41761, 9, 9 
19644, 9, 9 
52139, 9, 9 
2247, 9, 9 
21969, 9, 9 
58828, 9, 9 
52846, 9, 9 
4229, 9, 9 
23128, 9, 9 
44429, 9, 9 
28908, 9, 9 
20864, 9, 9 
22332, 9, 9 
59573, 9, 9 
46655, 9, 9 
44400, 9, 9 
52061, 9, 9 
43903, 9, 9 
34458, 9, 9 
52341, 9, 9 
24305, 9, 9 
56599, 9, 9 
44701, 9, 9 
14493, 9, 9 
36587, 9, 9 
34920, 9, 7 
12965, 9, 9 
40890, 9, 9 
40439, 9, 9 
32878, 9, 4 
44670, 9, 9 
47178, 9, 9 
57854, 9, 9 
1683, 9, 9 
31939, 9, 9 
55600, 9, 9 
49204, 9, 9 
48577, 9, 9 
34072, 9, 9 
18959, 9, 9 
33768, 9, 7 
9428, 9, 9 
32396, 9, 9 
53022, 9, 9 
12050, 9, 9 
15268, 9, 9 
43223, 9, 9 
55201, 9, 9 
30942, 9, 9 
20376, 9, 9 
26060, 9, 9 
1066, 9, 9 
43660, 9, 9 
45415, 9, 9 
11313, 9, 9 
25946, 9, 9 
38541, 9, 9 
8626, 9, 9 
39179, 9, 9 
51239, 9, 9 
23619, 9, 9 
44721, 9, 9 
3389, 9, 9 
12074, 9, 9 
8702, 9, 9 
30899, 9, 9 
45123, 9, 9 
46784, 9, 9 
35732, 9, 9 
37321, 9, 9 
19992, 9, 9 
57, 9, 9 
38947, 9, 9 
13904, 9, 9 
54251, 9, 9 
22503, 9, 9 
39016, 9, 9 
23262, 9, 9 
33366, 9, 9 
16561, 9, 9 
47645, 9, 9 
5740, 9, 9 
6285, 9, 9 
44348, 9, 9 
10722, 9, 9 
23555, 9, 9 
13996, 9, 9 
56713, 9, 9 
15725, 9, 9 
12773, 9, 9 
641, 9, 9 
41219, 9, 9 
12833, 9, 5 
14239, 9, 9 
23635, 9, 9 
19953, 9, 9 
7680, 9, 9 
59084, 9, 9 
33375, 9, 9 
18861, 9, 9 
17826, 9, 9 
50806, 9, 9 
23145, 9, 9 
57913, 9, 9 
59771, 9, 9 
22780, 9, 9 
39822, 9, 9 
20792, 9, 9 
37976, 9, 9 
15063, 9, 9 
34844, 9, 9 
59899, 9, 9 
18653, 9, 9 
24507, 9, 9 
22296, 9, 9 
35019, 9, 9 
56702, 9, 9 
35191, 9, 9 
5229, 9, 9 
5878, 9, 9 
23311, 9, 9 
36666, 9, 9 
10772, 9, 9 
19310, 9, 9 
47125, 9, 9 
29137, 9, 9 
14164, 9, 9 
25472, 9, 9 
28677, 9, 9 
43416, 9, 9 
31161, 9, 9 
27904, 9, 9 
40448, 9, 9 
9176, 9, 9 
54599, 9, 9 
42715, 9, 9 
47540, 9, 9 
46889, 9, 9 
50309, 9, 9 
56681, 9, 9 
9061, 9, 9 
55125, 9, 9 
14982, 9, 9 
7822, 9, 9 
44022, 9, 9 
37824, 9, 9 
48616, 9, 9 
3257, 9, 9 
59325, 9, 9 
44741, 9, 9 
1083, 9, 9 
21267, 9, 9 
54036, 9, 9 
38651, 9, 9 
17195, 9, 9 
11775, 9, 9 
15357, 9, 9 
18694, 9, 9 
31213, 9, 9 
22672, 9, 9 
32368, 9, 9 
57100, 9, 9 
32064, 9, 9 
26276, 9, 9 
5726, 9, 9 
32128, 9, 9 
5898, 9, 9 
44559, 9, 9 
9127, 9, 9 
35807, 9, 9 
6893, 9, 9 
54275, 9, 9 
22687, 9, 9 
18009, 9, 9 
50698, 9, 9 
51099, 9, 9 
16388, 9, 9 
22692, 9, 9 
12884, 9, 9 
37664, 9, 9 
40647, 9, 9 
46973, 9, 9 
58850, 9, 9 
29168, 9, 9 
13049, 9, 9 
7264, 9, 9 
17644, 9, 9 
56443, 9, 9 
22390, 9, 9 
32891, 9, 9 
45120, 9, 9 
58961, 9, 9 
826, 9, 9 
50519, 9, 9 
38292, 9, 9 
24313, 9, 9 
3544, 9, 9 
57129, 9, 9 
