id, true label, predicted label 
3541, 0, 0 
56715, 0, 0 
88, 0, 0 
9675, 0, 0 
29409, 0, 0 
53429, 0, 0 
33848, 0, 0 
21350, 0, 0 
10938, 0, 0 
44518, 0, 0 
13521, 0, 0 
14749, 0, 0 
25952, 0, 0 
4284, 0, 0 
2245, 0, 0 
31297, 0, 0 
24371, 0, 0 
15770, 0, 0 
16119, 0, 0 
53381, 0, 0 
28160, 0, 0 
21215, 0, 0 
23589, 0, 0 
36351, 0, 0 
13726, 0, 0 
55110, 0, 0 
13545, 0, 0 
16540, 0, 0 
21141, 0, 0 
37759, 0, 0 
5711, 0, 0 
56969, 0, 0 
17365, 0, 0 
47704, 0, 0 
19669, 0, 0 
15330, 0, 0 
28814, 0, 0 
5921, 0, 0 
30800, 0, 0 
39023, 0, 0 
36376, 0, 0 
12095, 0, 0 
9083, 0, 0 
11851, 0, 0 
14334, 0, 0 
44314, 0, 0 
48960, 0, 0 
38123, 0, 0 
24913, 0, 0 
47124, 0, 0 
52179, 0, 0 
20681, 0, 0 
28740, 0, 0 
24510, 0, 0 
56573, 0, 0 
24103, 0, 0 
56352, 0, 0 
53503, 0, 0 
42632, 0, 0 
29378, 0, 0 
52045, 0, 0 
49306, 0, 0 
58768, 0, 0 
45354, 0, 0 
50566, 0, 0 
43309, 0, 0 
53928, 0, 0 
33390, 0, 0 
59868, 0, 0 
35934, 0, 0 
19038, 0, 0 
7462, 0, 0 
36168, 0, 0 
46183, 0, 0 
42277, 0, 0 
45145, 0, 0 
58285, 0, 0 
19061, 0, 0 
58594, 0, 0 
28108, 0, 0 
21789, 0, 0 
29368, 0, 0 
46952, 0, 0 
40396, 0, 0 
17449, 0, 0 
52354, 0, 0 
18471, 0, 0 
21271, 0, 0 
13240, 0, 0 
12764, 0, 0 
48200, 0, 0 
45455, 0, 0 
59241, 0, 0 
6332, 0, 0 
15904, 0, 0 
5398, 0, 0 
50492, 0, 0 
3247, 0, 0 
34904, 0, 0 
50723, 0, 0 
29199, 0, 0 
26260, 0, 0 
57067, 0, 0 
50749, 0, 0 
7855, 0, 0 
206, 0, 0 
3534, 0, 0 
4624, 0, 0 
12635, 0, 0 
50192, 0, 0 
10071, 0, 0 
46479, 0, 0 
33512, 0, 0 
27806, 0, 0 
51019, 0, 0 
702, 0, 0 
50820, 0, 0 
53851, 0, 0 
17051, 0, 0 
8838, 0, 0 
8897, 0, 0 
12880, 0, 0 
11116, 0, 0 
23662, 0, 0 
19770, 0, 0 
46439, 0, 0 
18102, 0, 0 
43149, 0, 0 
58658, 0, 0 
56709, 0, 0 
50518, 0, 0 
5487, 0, 0 
52105, 0, 0 
3376, 0, 0 
26261, 0, 0 
13076, 0, 0 
35896, 0, 0 
3881, 0, 0 
33292, 0, 0 
55822, 0, 0 
30748, 0, 0 
50236, 0, 0 
7710, 0, 0 
34706, 0, 0 
5747, 0, 0 
7905, 0, 0 
39715, 0, 0 
53916, 0, 0 
5288, 0, 0 
33087, 0, 0 
22938, 0, 0 
11231, 0, 0 
30807, 0, 0 
22430, 0, 0 
27911, 0, 0 
37837, 0, 0 
33687, 0, 0 
47370, 0, 0 
41922, 0, 0 
51226, 0, 0 
37183, 0, 0 
57912, 0, 0 
11834, 0, 0 
14137, 0, 0 
9677, 0, 0 
28030, 0, 0 
15445, 0, 0 
33963, 0, 0 
33244, 0, 0 
7813, 0, 0 
40241, 0, 0 
50511, 0, 0 
5488, 0, 0 
17048, 0, 0 
37844, 0, 0 
8540, 0, 0 
59331, 0, 0 
38473, 0, 0 
12785, 0, 0 
9297, 0, 0 
35667, 0, 0 
596, 0, 0 
46748, 0, 0 
36272, 0, 0 
4532, 0, 0 
3677, 0, 0 
3876, 0, 0 
4994, 0, 0 
12550, 0, 0 
18794, 0, 0 
49800, 0, 0 
49739, 0, 0 
45402, 0, 0 
12119, 0, 0 
54690, 0, 0 
40544, 0, 0 
7892, 0, 0 
51737, 0, 0 
11969, 0, 0 
59613, 0, 0 
15480, 0, 0 
5514, 0, 0 
1386, 0, 0 
29541, 0, 0 
54810, 0, 0 
4892, 0, 0 
1040, 0, 0 
45540, 0, 0 
26832, 0, 0 
6663, 0, 0 
47294, 0, 0 
13371, 0, 0 
3667, 0, 0 
26501, 0, 0 
37543, 0, 0 
24529, 0, 0 
38043, 0, 0 
22152, 0, 0 
29345, 0, 0 
25512, 0, 0 
46596, 0, 0 
33661, 0, 0 
42612, 0, 0 
50235, 0, 0 
19908, 0, 0 
9296, 0, 0 
37981, 0, 0 
28896, 0, 0 
21971, 0, 0 
21319, 0, 0 
18055, 0, 0 
45511, 0, 0 
13044, 0, 0 
56626, 0, 0 
50156, 0, 0 
22596, 0, 0 
27567, 0, 0 
40277, 0, 0 
57769, 0, 0 
9890, 0, 0 
40389, 0, 0 
27985, 0, 0 
40336, 0, 0 
24828, 0, 0 
40895, 0, 0 
4854, 0, 0 
42074, 0, 0 
37814, 0, 0 
8527, 0, 0 
49459, 0, 0 
34251, 0, 0 
7858, 0, 0 
47372, 0, 0 
53077, 0, 0 
27829, 0, 0 
24717, 0, 0 
12584, 0, 0 
50151, 0, 0 
14425, 0, 0 
4682, 0, 0 
8489, 0, 0 
633, 0, 0 
29471, 0, 0 
49243, 0, 0 
57162, 0, 0 
22337, 0, 0 
33874, 0, 0 
56755, 0, 0 
43445, 0, 0 
40322, 0, 0 
45960, 0, 0 
4142, 0, 0 
58665, 0, 0 
16083, 0, 0 
36737, 0, 0 
10530, 0, 0 
46294, 0, 0 
19535, 0, 0 
42817, 0, 0 
34213, 0, 0 
36809, 0, 0 
18893, 0, 0 
28971, 0, 0 
11318, 0, 0 
52597, 0, 0 
15828, 0, 0 
1729, 0, 0 
53350, 0, 0 
28692, 0, 0 
11379, 0, 0 
43976, 0, 0 
34471, 0, 0 
12457, 0, 0 
21809, 0, 0 
32207, 0, 0 
56050, 0, 0 
34099, 0, 0 
23499, 0, 0 
38749, 0, 0 
33111, 0, 0 
56318, 0, 0 
15928, 0, 0 
50485, 0, 0 
38412, 0, 0 
603, 0, 0 
8288, 0, 0 
57321, 0, 0 
22912, 0, 0 
33277, 0, 0 
7465, 0, 0 
53747, 0, 0 
49695, 0, 0 
13528, 0, 0 
15566, 0, 0 
37192, 0, 0 
18909, 0, 0 
51308, 0, 0 
56101, 0, 0 
27820, 0, 0 
2051, 0, 0 
25836, 0, 0 
24419, 0, 0 
17106, 0, 0 
23113, 0, 0 
58879, 0, 0 
41138, 0, 0 
43472, 0, 0 
51127, 0, 0 
29262, 0, 0 
21314, 0, 0 
51809, 0, 0 
20719, 0, 0 
24463, 0, 0 
14557, 0, 0 
35959, 0, 0 
25101, 0, 0 
21242, 0, 0 
31095, 0, 0 
48627, 0, 0 
31116, 0, 0 
45165, 0, 0 
35485, 0, 0 
30222, 0, 0 
26197, 0, 0 
712, 0, 0 
51917, 0, 0 
59336, 0, 0 
31043, 0, 0 
52865, 0, 0 
10407, 0, 0 
40180, 0, 0 
22932, 0, 0 
14491, 0, 0 
40320, 0, 0 
44558, 0, 0 
11391, 0, 0 
56137, 0, 0 
41401, 0, 0 
26623, 0, 0 
10781, 0, 0 
979, 0, 0 
22375, 0, 0 
40843, 0, 0 
35348, 0, 0 
10750, 0, 0 
13734, 0, 0 
49199, 0, 0 
5317, 0, 0 
20420, 0, 0 
51733, 0, 0 
19074, 0, 0 
52276, 0, 0 
49949, 0, 0 
13623, 0, 0 
18461, 0, 0 
12195, 0, 0 
44205, 0, 0 
7281, 0, 0 
16519, 0, 0 
57061, 0, 0 
41296, 0, 0 
54459, 0, 0 
9056, 0, 0 
36290, 0, 0 
51598, 0, 0 
9158, 0, 0 
36260, 0, 0 
41137, 0, 0 
15600, 0, 0 
38484, 0, 0 
14545, 0, 0 
52336, 0, 0 
49974, 0, 0 
25773, 0, 0 
14393, 0, 0 
38865, 0, 0 
17503, 0, 0 
13126, 0, 0 
23032, 0, 0 
41318, 0, 0 
27343, 0, 0 
55027, 0, 0 
43497, 0, 0 
36533, 0, 0 
20292, 0, 0 
22441, 0, 0 
50924, 0, 0 
25022, 0, 0 
5612, 0, 0 
13854, 0, 6 
55631, 0, 0 
3953, 0, 0 
34057, 0, 0 
4738, 0, 0 
10974, 0, 0 
37946, 0, 0 
18132, 0, 0 
8896, 0, 0 
43727, 0, 0 
22877, 0, 0 
58659, 0, 0 
43932, 0, 0 
42658, 0, 0 
53293, 0, 0 
55354, 0, 0 
1956, 0, 0 
5541, 0, 0 
15753, 0, 0 
7391, 0, 0 
20334, 0, 0 
24389, 0, 0 
8089, 0, 0 
14613, 0, 0 
5266, 0, 0 
4688, 0, 0 
31657, 0, 0 
35943, 0, 0 
53524, 0, 0 
50808, 0, 0 
19009, 0, 0 
46579, 0, 0 
38335, 0, 0 
49429, 0, 0 
41368, 0, 0 
51121, 0, 0 
28165, 0, 0 
32708, 0, 0 
9806, 0, 0 
17124, 0, 0 
19787, 0, 0 
39612, 0, 0 
22710, 0, 0 
55785, 0, 0 
39346, 0, 0 
23331, 0, 0 
22317, 0, 0 
55617, 0, 0 
50407, 0, 0 
4270, 0, 0 
75, 0, 0 
33789, 0, 0 
23541, 0, 0 
57364, 0, 0 
42433, 0, 0 
22529, 0, 0 
29151, 0, 0 
32682, 0, 0 
6676, 0, 0 
42835, 0, 0 
10348, 0, 0 
44278, 0, 0 
21203, 0, 0 
24645, 0, 0 
9402, 0, 0 
37189, 0, 0 
473, 0, 0 
28505, 0, 0 
35449, 0, 0 
8533, 0, 0 
38138, 0, 0 
34514, 0, 0 
21533, 0, 0 
58038, 0, 0 
34007, 0, 0 
55727, 0, 0 
55045, 0, 0 
5883, 0, 0 
13206, 0, 0 
50311, 0, 0 
18505, 0, 0 
29887, 0, 0 
47552, 0, 0 
15777, 0, 0 
55624, 0, 0 
2525, 0, 0 
39039, 0, 0 
34440, 0, 0 
7894, 0, 0 
15567, 0, 0 
49894, 0, 0 
4186, 1, 1 
12634, 1, 1 
54027, 1, 1 
12930, 1, 1 
56602, 1, 1 
39533, 1, 1 
1085, 1, 1 
57400, 1, 1 
37191, 1, 1 
41939, 1, 1 
26687, 1, 1 
26190, 1, 1 
27136, 1, 1 
1716, 1, 1 
36898, 1, 1 
10907, 1, 1 
32229, 1, 1 
7240, 1, 1 
26175, 1, 1 
27634, 1, 1 
29448, 1, 1 
15277, 1, 1 
49008, 1, 1 
211, 1, 1 
40196, 1, 1 
26487, 1, 1 
57684, 1, 1 
10248, 1, 1 
6530, 1, 1 
36257, 1, 1 
27104, 1, 1 
13259, 1, 1 
4311, 1, 1 
10416, 1, 1 
5950, 1, 1 
9393, 1, 1 
35811, 1, 1 
24376, 1, 1 
29040, 1, 1 
11358, 1, 1 
5714, 1, 1 
44473, 1, 1 
55716, 1, 1 
30535, 1, 1 
42401, 1, 1 
2717, 1, 1 
39033, 1, 1 
31647, 1, 1 
37518, 1, 1 
24466, 1, 1 
25569, 1, 1 
6226, 1, 1 
510, 1, 1 
43616, 1, 1 
57855, 1, 1 
6372, 1, 1 
59619, 1, 1 
24341, 1, 1 
41424, 1, 1 
30721, 1, 1 
3714, 1, 1 
42894, 1, 1 
34412, 1, 1 
8660, 1, 1 
36094, 1, 1 
50261, 1, 1 
52811, 1, 1 
7469, 1, 1 
48464, 1, 1 
13604, 1, 1 
34655, 1, 1 
53833, 1, 1 
10692, 1, 1 
22325, 1, 1 
5983, 1, 1 
17465, 1, 1 
38700, 1, 1 
46103, 1, 1 
27388, 1, 1 
18852, 1, 1 
54380, 1, 1 
15977, 1, 1 
55961, 1, 1 
11445, 1, 1 
47668, 1, 1 
58017, 1, 1 
5840, 1, 1 
51606, 1, 1 
45471, 1, 1 
14656, 1, 1 
19782, 1, 1 
34091, 1, 1 
54023, 1, 1 
39849, 1, 1 
53004, 1, 1 
11666, 1, 1 
507, 1, 1 
23308, 1, 1 
33243, 1, 1 
19804, 1, 1 
54775, 1, 1 
59697, 1, 1 
1879, 1, 1 
58286, 1, 1 
52046, 1, 1 
47905, 1, 1 
17695, 1, 1 
58685, 1, 1 
13338, 1, 1 
22475, 1, 1 
9378, 1, 1 
20887, 1, 1 
8051, 1, 1 
7084, 1, 1 
52223, 1, 1 
38713, 1, 1 
56744, 1, 1 
43872, 1, 1 
47222, 1, 1 
23342, 1, 1 
14038, 1, 1 
4751, 1, 1 
23353, 1, 1 
9815, 1, 1 
41986, 1, 1 
38125, 1, 1 
22815, 1, 1 
43429, 1, 1 
33457, 1, 1 
44065, 1, 1 
25531, 1, 1 
28069, 1, 1 
34373, 1, 1 
54875, 1, 1 
30372, 1, 1 
55832, 1, 1 
54059, 1, 1 
53308, 1, 1 
12532, 1, 1 
10458, 1, 1 
44038, 1, 1 
24580, 1, 1 
23647, 1, 1 
23892, 1, 1 
37110, 1, 1 
47236, 1, 1 
49943, 1, 1 
32597, 1, 1 
30179, 1, 1 
2599, 1, 1 
57160, 1, 1 
2318, 1, 1 
38981, 1, 1 
58557, 1, 1 
4070, 1, 1 
44131, 1, 1 
4924, 1, 1 
6748, 1, 1 
56757, 1, 1 
17883, 1, 1 
9487, 1, 1 
14366, 1, 1 
31375, 1, 1 
25163, 1, 1 
17488, 1, 1 
25794, 1, 1 
20131, 1, 1 
31718, 1, 1 
55524, 1, 1 
34826, 1, 1 
42132, 1, 1 
52042, 1, 1 
58891, 1, 1 
39354, 1, 1 
45572, 1, 1 
23501, 1, 1 
43300, 1, 1 
38840, 1, 1 
45703, 1, 1 
35642, 1, 1 
47935, 1, 1 
3802, 1, 1 
37809, 1, 1 
9133, 1, 1 
53870, 1, 1 
20627, 1, 1 
38591, 1, 1 
37607, 1, 1 
12811, 1, 1 
16835, 1, 1 
37732, 1, 1 
41723, 1, 1 
12038, 1, 1 
43369, 1, 1 
48697, 1, 1 
16455, 1, 1 
59616, 1, 1 
26696, 1, 1 
38480, 1, 1 
13273, 1, 1 
9012, 1, 1 
6521, 1, 1 
41446, 1, 1 
40908, 1, 1 
59427, 1, 1 
4504, 1, 1 
10404, 1, 1 
15073, 1, 1 
40464, 1, 1 
52819, 1, 1 
25948, 1, 1 
32823, 1, 1 
36071, 1, 1 
13106, 1, 1 
1676, 1, 1 
3956, 1, 1 
26587, 1, 1 
49118, 1, 1 
23204, 1, 1 
4487, 1, 1 
15082, 1, 1 
57250, 1, 1 
35163, 1, 1 
351, 1, 1 
55286, 1, 1 
45641, 1, 1 
36956, 1, 1 
39367, 1, 1 
4676, 1, 1 
18176, 1, 1 
12632, 1, 1 
54393, 1, 1 
10580, 1, 1 
38682, 1, 1 
50751, 1, 1 
33586, 1, 1 
6356, 1, 1 
39512, 1, 1 
16367, 1, 1 
44680, 1, 1 
7491, 1, 1 
34261, 1, 1 
8781, 1, 1 
51195, 1, 1 
14000, 1, 1 
28877, 1, 1 
38463, 1, 1 
53087, 1, 1 
21460, 1, 1 
27772, 1, 1 
52731, 1, 1 
10601, 1, 1 
29901, 1, 1 
47129, 1, 1 
25416, 1, 1 
51556, 1, 1 
27262, 1, 1 
54605, 1, 1 
7609, 1, 1 
50550, 1, 1 
22705, 1, 1 
34950, 1, 1 
33646, 1, 1 
3592, 1, 1 
1548, 1, 1 
4140, 1, 1 
38845, 1, 1 
16636, 1, 1 
44210, 1, 1 
17685, 1, 1 
24631, 1, 1 
38561, 1, 1 
45029, 1, 1 
48908, 1, 1 
49205, 1, 1 
37939, 1, 1 
9507, 1, 1 
7912, 1, 1 
19837, 1, 1 
49068, 1, 1 
20274, 1, 1 
5484, 1, 1 
35266, 1, 1 
39757, 1, 1 
29999, 1, 1 
13542, 1, 1 
47692, 1, 1 
11278, 1, 1 
5304, 1, 1 
17847, 1, 1 
39328, 1, 1 
22850, 1, 1 
3758, 1, 1 
31366, 1, 1 
45002, 1, 1 
7176, 1, 1 
1942, 1, 1 
47373, 1, 1 
11868, 1, 1 
12657, 1, 1 
31332, 1, 1 
32326, 1, 1 
41805, 1, 1 
51188, 1, 1 
9653, 1, 1 
48209, 1, 1 
11793, 1, 1 
2920, 1, 1 
37045, 1, 1 
54752, 1, 1 
58662, 1, 1 
42731, 1, 1 
47583, 1, 1 
12166, 1, 1 
45253, 1, 1 
11579, 1, 1 
17928, 1, 1 
52325, 1, 1 
45037, 1, 1 
9173, 1, 1 
37014, 1, 1 
9563, 1, 1 
10933, 1, 1 
51252, 1, 1 
593, 1, 1 
51149, 1, 1 
25153, 1, 1 
55787, 1, 1 
23749, 1, 1 
25666, 1, 1 
26514, 1, 1 
34222, 1, 1 
6380, 1, 1 
50016, 1, 1 
55386, 1, 1 
23132, 1, 1 
46722, 1, 1 
23333, 1, 1 
18165, 1, 1 
1252, 1, 1 
3487, 1, 1 
6698, 1, 1 
29227, 1, 1 
18474, 1, 1 
53301, 1, 1 
18647, 1, 1 
55786, 1, 1 
49076, 1, 1 
53143, 1, 1 
35052, 1, 1 
20319, 1, 1 
18316, 1, 1 
53468, 1, 1 
56123, 1, 1 
27489, 1, 1 
47259, 1, 1 
2957, 1, 1 
46499, 1, 1 
36410, 1, 1 
49664, 1, 1 
10048, 1, 1 
1450, 1, 1 
3345, 1, 1 
44693, 1, 1 
7234, 1, 1 
6209, 1, 1 
14967, 1, 1 
2462, 1, 1 
52715, 1, 1 
11558, 1, 1 
56772, 1, 1 
28569, 1, 1 
6951, 1, 1 
50062, 1, 1 
22214, 1, 1 
40944, 1, 1 
20212, 1, 1 
45532, 1, 1 
31945, 1, 1 
19643, 1, 1 
6985, 1, 1 
17225, 1, 1 
27879, 1, 1 
45546, 1, 1 
50788, 1, 1 
22868, 1, 1 
14821, 1, 1 
43286, 1, 1 
16062, 1, 1 
49488, 1, 7 
10712, 1, 1 
32482, 1, 1 
25027, 1, 1 
13392, 1, 1 
37182, 1, 1 
16371, 1, 1 
15722, 1, 1 
5779, 1, 1 
47407, 1, 1 
49362, 1, 1 
33937, 1, 1 
40604, 1, 1 
14571, 1, 1 
55121, 1, 1 
18516, 1, 1 
17664, 1, 1 
11152, 1, 1 
43406, 1, 1 
36968, 1, 1 
26802, 1, 1 
6834, 1, 1 
23012, 1, 1 
35792, 1, 1 
36536, 1, 1 
31864, 1, 1 
56882, 1, 1 
19884, 1, 1 
32721, 1, 1 
16694, 1, 1 
41739, 1, 1 
15964, 1, 1 
134, 1, 1 
4993, 1, 1 
30043, 1, 1 
7563, 1, 1 
19381, 1, 1 
23340, 1, 1 
52654, 1, 1 
20829, 1, 1 
4492, 1, 1 
58207, 1, 1 
38779, 1, 1 
45186, 1, 1 
52368, 1, 1 
17279, 1, 1 
13788, 1, 1 
23523, 1, 1 
34590, 1, 1 
42740, 1, 1 
34641, 1, 1 
8895, 1, 1 
45320, 1, 1 
9492, 1, 1 
6165, 1, 1 
38683, 1, 1 
17607, 1, 1 
13574, 1, 1 
21301, 1, 1 
50685, 1, 1 
36215, 1, 1 
32083, 1, 1 
1181, 1, 1 
58397, 1, 1 
28649, 1, 1 
29114, 1, 1 
37716, 1, 1 
44079, 1, 1 
4128, 1, 1 
38462, 1, 1 
44453, 1, 1 
20654, 1, 1 
16259, 1, 1 
8451, 1, 1 
4120, 1, 1 
16110, 1, 1 
28925, 1, 1 
12459, 1, 1 
7435, 1, 1 
42028, 1, 1 
8194, 1, 1 
905, 1, 1 
20884, 1, 1 
27590, 1, 1 
7971, 1, 1 
42000, 1, 1 
26133, 1, 1 
18497, 1, 1 
38016, 1, 1 
484, 1, 1 
4534, 1, 1 
34874, 1, 1 
23614, 1, 1 
20828, 1, 1 
35880, 1, 1 
26598, 1, 1 
35829, 1, 1 
44277, 1, 1 
43332, 1, 1 
28969, 1, 1 
41884, 1, 1 
16265, 1, 1 
4014, 1, 1 
25983, 1, 1 
12221, 1, 1 
24115, 1, 1 
28557, 1, 1 
19158, 1, 1 
20593, 1, 1 
46006, 1, 1 
1483, 1, 1 
46978, 2, 2 
12281, 2, 2 
41745, 2, 2 
8582, 2, 2 
44475, 2, 2 
10312, 2, 2 
59897, 2, 2 
57808, 2, 2 
1923, 2, 2 
15573, 2, 2 
1539, 2, 2 
52829, 2, 2 
19694, 2, 2 
29466, 2, 2 
34432, 2, 2 
36949, 2, 2 
23038, 2, 2 
16024, 2, 2 
19556, 2, 2 
12803, 2, 2 
55170, 2, 2 
9266, 2, 2 
59475, 2, 2 
47249, 2, 2 
16456, 2, 2 
27787, 2, 2 
8740, 2, 2 
6743, 2, 2 
15461, 2, 2 
34078, 2, 2 
3830, 2, 2 
26221, 2, 2 
16089, 2, 2 
32508, 2, 2 
52757, 2, 2 
54033, 2, 2 
53708, 2, 2 
9853, 2, 2 
21788, 2, 2 
22115, 2, 2 
22554, 2, 2 
53668, 2, 2 
15748, 2, 2 
25672, 2, 2 
34976, 2, 2 
13039, 2, 2 
44393, 2, 2 
51320, 2, 2 
10535, 2, 2 
40272, 2, 2 
56355, 2, 2 
13523, 2, 2 
25591, 2, 2 
16895, 2, 2 
11110, 2, 2 
8133, 2, 2 
40369, 2, 2 
30826, 2, 2 
551, 2, 2 
39210, 2, 2 
56467, 2, 2 
9484, 2, 2 
13432, 2, 2 
40049, 2, 2 
15585, 2, 2 
22226, 2, 2 
8152, 2, 2 
6056, 2, 2 
20446, 2, 2 
47088, 2, 2 
48912, 2, 2 
38061, 2, 2 
31813, 2, 2 
8983, 2, 2 
6144, 2, 2 
31638, 2, 2 
15569, 2, 2 
42861, 2, 2 
40988, 2, 2 
25487, 2, 2 
22751, 2, 2 
25658, 2, 2 
29657, 2, 2 
3444, 2, 2 
31221, 2, 2 
37825, 2, 2 
2105, 2, 2 
29425, 2, 2 
37655, 2, 2 
39032, 2, 2 
47113, 2, 2 
6044, 2, 2 
15132, 2, 2 
59974, 2, 2 
42037, 2, 2 
6771, 2, 2 
44502, 2, 2 
44364, 2, 2 
46143, 2, 2 
51550, 2, 2 
16183, 2, 2 
26447, 2, 2 
28780, 2, 2 
646, 2, 2 
36133, 2, 2 
2273, 2, 2 
26632, 2, 2 
16390, 2, 2 
54633, 2, 2 
49951, 2, 2 
47065, 2, 2 
30376, 2, 2 
30054, 2, 2 
43575, 2, 2 
43113, 2, 2 
4469, 2, 2 
8632, 2, 2 
44495, 2, 2 
15846, 2, 2 
43514, 2, 2 
24841, 2, 2 
55504, 2, 2 
10629, 2, 2 
16697, 2, 2 
30609, 2, 2 
39074, 2, 2 
18460, 2, 2 
29043, 2, 2 
22368, 2, 2 
28630, 2, 2 
37015, 2, 2 
15205, 2, 2 
15094, 2, 2 
47171, 2, 2 
59152, 2, 2 
28839, 2, 2 
2017, 2, 2 
9471, 2, 2 
44092, 2, 2 
22998, 2, 2 
31096, 2, 2 
11066, 2, 2 
28285, 2, 2 
41579, 2, 2 
8154, 2, 2 
8097, 2, 2 
37040, 2, 2 
1134, 2, 2 
46266, 2, 2 
52011, 2, 2 
2855, 2, 2 
24014, 2, 2 
13198, 2, 2 
41662, 2, 2 
33449, 2, 2 
59374, 2, 2 
8707, 2, 2 
3722, 2, 2 
45130, 2, 2 
41256, 2, 2 
6755, 2, 2 
35785, 2, 2 
58801, 2, 2 
29244, 2, 2 
28021, 2, 2 
7567, 2, 2 
47231, 2, 2 
45096, 2, 2 
38403, 2, 2 
31047, 2, 2 
58000, 2, 2 
15203, 2, 2 
40095, 2, 2 
2887, 2, 2 
11286, 2, 2 
44425, 2, 2 
36958, 2, 2 
57342, 2, 2 
33068, 2, 2 
55300, 2, 2 
31133, 2, 2 
46707, 2, 2 
49115, 2, 2 
46833, 2, 2 
58710, 2, 2 
24484, 2, 2 
24015, 2, 2 
42633, 2, 2 
4701, 2, 2 
24517, 2, 2 
44520, 2, 2 
43689, 2, 2 
35454, 2, 2 
32405, 2, 2 
22742, 2, 2 
41216, 2, 2 
51983, 2, 2 
42095, 2, 2 
37974, 2, 2 
8997, 2, 2 
46277, 2, 2 
16001, 2, 2 
11243, 2, 2 
52068, 2, 2 
57930, 2, 2 
19152, 2, 2 
43576, 2, 2 
41878, 2, 2 
48474, 2, 2 
40812, 2, 2 
50457, 2, 2 
53790, 2, 2 
48696, 2, 2 
39488, 2, 2 
41340, 2, 2 
21692, 2, 2 
1754, 2, 2 
1246, 2, 2 
24096, 2, 2 
21147, 2, 2 
3659, 2, 2 
17047, 2, 2 
13761, 2, 2 
39930, 2, 2 
24427, 2, 2 
23994, 2, 2 
41087, 2, 2 
53733, 2, 2 
6628, 2, 2 
42439, 2, 2 
26613, 2, 2 
46262, 2, 2 
29219, 2, 2 
22612, 2, 2 
22133, 2, 2 
12514, 2, 2 
47228, 2, 2 
17052, 2, 2 
22922, 2, 2 
58628, 2, 2 
2733, 2, 2 
56215, 2, 2 
13249, 2, 2 
42568, 2, 2 
26626, 2, 7 
477, 2, 2 
39860, 2, 2 
23171, 2, 2 
8670, 2, 2 
18764, 2, 2 
45889, 2, 2 
28471, 2, 2 
34095, 2, 2 
25349, 2, 2 
21557, 2, 2 
10130, 2, 2 
10367, 2, 2 
13384, 2, 2 
11795, 2, 2 
21197, 2, 2 
19767, 2, 2 
11841, 2, 2 
33233, 2, 2 
16812, 2, 2 
44549, 2, 2 
41382, 2, 2 
19750, 2, 2 
47131, 2, 2 
59575, 2, 2 
19963, 2, 2 
32450, 2, 2 
36631, 2, 2 
45904, 2, 2 
54831, 2, 2 
41516, 2, 2 
46910, 2, 2 
26956, 2, 2 
9098, 2, 3 
16237, 2, 2 
36853, 2, 2 
18684, 2, 2 
37727, 2, 2 
17880, 2, 2 
14633, 2, 2 
43133, 2, 2 
27736, 2, 2 
21164, 2, 2 
1361, 2, 2 
23952, 2, 2 
52422, 2, 2 
49090, 2, 2 
29837, 2, 2 
17070, 2, 2 
50229, 2, 2 
31970, 2, 2 
15057, 2, 2 
18454, 2, 2 
33688, 2, 2 
35011, 2, 2 
15279, 2, 2 
52188, 2, 2 
49248, 2, 2 
2959, 2, 2 
33007, 2, 2 
42219, 2, 2 
31185, 2, 2 
14043, 2, 2 
54457, 2, 2 
56664, 2, 2 
54424, 2, 2 
47534, 2, 2 
5110, 2, 2 
34928, 2, 2 
18084, 2, 2 
36942, 2, 2 
50966, 2, 2 
14063, 2, 2 
11667, 2, 2 
45420, 2, 2 
18003, 2, 3 
18356, 2, 2 
12093, 2, 2 
43479, 2, 2 
13994, 2, 2 
8924, 2, 2 
33540, 2, 2 
24570, 2, 2 
50028, 2, 2 
2813, 2, 2 
29167, 2, 2 
25369, 2, 2 
25907, 2, 2 
14847, 2, 2 
44395, 2, 2 
57620, 2, 2 
25221, 2, 2 
59094, 2, 2 
28795, 2, 2 
42950, 2, 2 
47610, 2, 2 
1896, 2, 2 
50575, 2, 2 
49567, 2, 2 
35405, 2, 2 
27223, 2, 2 
35885, 2, 2 
46463, 2, 2 
30228, 2, 2 
10941, 2, 2 
42443, 2, 2 
48887, 2, 2 
27178, 2, 2 
22100, 2, 2 
39330, 2, 2 
30772, 2, 2 
1407, 2, 2 
43635, 2, 2 
22446, 2, 2 
17663, 2, 2 
5216, 2, 2 
48811, 2, 2 
33008, 2, 2 
48738, 2, 2 
56739, 2, 2 
41540, 2, 2 
14550, 2, 2 
12366, 2, 2 
29906, 2, 2 
54025, 2, 2 
26788, 2, 2 
52574, 2, 2 
8834, 2, 2 
12620, 2, 2 
57889, 2, 2 
10347, 2, 2 
6815, 2, 2 
9271, 2, 2 
10279, 2, 2 
41301, 2, 2 
20850, 2, 2 
53658, 2, 2 
43851, 2, 2 
12426, 2, 2 
32650, 2, 2 
22407, 2, 2 
25476, 2, 2 
40975, 2, 2 
4398, 2, 2 
55129, 2, 2 
19545, 2, 2 
13550, 2, 2 
555, 2, 2 
24390, 2, 2 
44247, 2, 2 
40841, 2, 2 
47990, 2, 2 
34441, 2, 2 
21330, 2, 2 
53264, 2, 2 
46540, 2, 2 
53033, 2, 2 
32288, 2, 2 
15391, 2, 2 
36292, 2, 2 
43172, 2, 2 
55723, 2, 2 
5724, 2, 2 
22635, 2, 2 
15588, 2, 2 
410, 2, 2 
7523, 2, 2 
21798, 2, 2 
2518, 2, 2 
23310, 2, 2 
1053, 2, 2 
22548, 2, 2 
13741, 2, 2 
26994, 2, 2 
16269, 2, 2 
28074, 2, 2 
17230, 2, 2 
13415, 2, 2 
15925, 2, 2 
18210, 2, 2 
10194, 2, 2 
45453, 2, 2 
25902, 2, 2 
40598, 2, 2 
55692, 2, 2 
47565, 2, 2 
6442, 2, 2 
18264, 2, 2 
8609, 2, 2 
43314, 2, 2 
38068, 2, 2 
41105, 2, 2 
45648, 2, 2 
9721, 2, 2 
29188, 2, 2 
31837, 2, 2 
36001, 2, 2 
47557, 2, 2 
39698, 2, 2 
41460, 2, 2 
22606, 2, 2 
44901, 2, 2 
9897, 2, 2 
52207, 2, 2 
4241, 2, 2 
46047, 2, 2 
33685, 2, 2 
45972, 2, 2 
9542, 2, 2 
59742, 2, 2 
34436, 2, 2 
48877, 2, 2 
30802, 2, 2 
33197, 2, 2 
9186, 2, 2 
51151, 2, 2 
56973, 2, 2 
53709, 2, 2 
43117, 2, 2 
38195, 2, 2 
33133, 2, 2 
34746, 2, 2 
55326, 2, 2 
50449, 2, 2 
46483, 2, 2 
58704, 2, 2 
45832, 2, 2 
32382, 2, 2 
23403, 2, 2 
42472, 2, 2 
23268, 2, 2 
51419, 2, 2 
6190, 2, 2 
39510, 2, 2 
59326, 2, 2 
7344, 2, 2 
35606, 2, 2 
56957, 2, 2 
41984, 2, 2 
30724, 2, 2 
50335, 2, 2 
26031, 2, 2 
18748, 2, 2 
30534, 2, 2 
32928, 2, 2 
35445, 2, 2 
26770, 2, 2 
28, 2, 2 
29000, 2, 2 
24249, 2, 2 
36693, 2, 2 
50991, 2, 2 
29573, 2, 2 
7916, 2, 2 
5914, 2, 2 
31933, 2, 2 
33786, 3, 3 
37795, 3, 3 
19342, 3, 3 
19092, 3, 3 
10606, 3, 3 
33444, 3, 3 
4792, 3, 3 
12702, 3, 9 
57651, 3, 3 
48088, 3, 3 
32642, 3, 3 
9812, 3, 3 
12189, 3, 3 
44249, 3, 3 
22014, 3, 3 
38867, 3, 3 
14856, 3, 3 
6827, 3, 3 
48683, 3, 3 
13222, 3, 3 
18477, 3, 3 
25993, 3, 3 
39982, 3, 3 
13827, 3, 3 
26187, 3, 3 
24969, 3, 3 
19114, 3, 3 
13879, 3, 3 
57171, 3, 3 
45517, 3, 3 
5143, 3, 3 
48465, 3, 3 
6856, 3, 3 
57308, 3, 3 
34208, 3, 3 
39397, 3, 3 
20790, 3, 3 
46442, 3, 3 
14107, 3, 3 
16530, 3, 8 
39820, 3, 3 
13607, 3, 3 
54028, 3, 3 
48700, 3, 3 
52751, 3, 3 
47992, 3, 3 
4223, 3, 3 
10074, 3, 3 
43902, 3, 3 
58800, 3, 3 
30675, 3, 3 
43327, 3, 3 
30130, 3, 3 
36471, 3, 3 
14655, 3, 3 
55062, 3, 3 
4742, 3, 3 
58503, 3, 3 
34481, 3, 3 
1315, 3, 3 
29670, 3, 3 
57141, 3, 3 
35015, 3, 3 
36023, 3, 3 
5753, 3, 3 
22643, 3, 2 
39855, 3, 3 
13531, 3, 3 
18061, 3, 3 
28561, 3, 3 
35531, 3, 3 
11296, 3, 3 
49288, 3, 3 
37730, 3, 3 
56457, 3, 3 
31431, 3, 3 
7214, 3, 3 
13383, 3, 3 
55579, 3, 3 
27214, 3, 3 
31311, 3, 3 
8018, 3, 3 
21153, 3, 3 
27675, 3, 3 
15639, 3, 3 
13673, 3, 3 
25590, 3, 3 
54499, 3, 3 
45275, 3, 3 
46329, 3, 3 
17208, 3, 3 
57739, 3, 3 
1449, 3, 3 
45597, 3, 3 
2871, 3, 3 
6340, 3, 3 
19793, 3, 3 
3452, 3, 3 
33818, 3, 3 
56515, 3, 3 
59398, 3, 3 
6904, 3, 3 
13146, 3, 3 
46027, 3, 3 
59778, 3, 3 
14275, 3, 3 
22185, 3, 3 
26593, 3, 3 
23024, 3, 3 
56165, 3, 3 
55966, 3, 3 
10608, 3, 3 
26033, 3, 3 
27540, 3, 3 
1644, 3, 3 
37280, 3, 3 
53447, 3, 3 
16510, 3, 3 
53595, 3, 3 
23322, 3, 3 
23581, 3, 3 
33633, 3, 3 
20738, 3, 3 
36525, 3, 3 
46062, 3, 3 
53123, 3, 3 
38882, 3, 3 
21831, 3, 3 
6939, 3, 3 
15743, 3, 3 
57781, 3, 3 
50372, 3, 3 
28580, 3, 3 
2895, 3, 3 
25955, 3, 3 
37082, 3, 3 
55998, 3, 3 
44211, 3, 3 
55758, 3, 3 
42908, 3, 3 
33655, 3, 3 
3707, 3, 3 
38377, 3, 3 
36623, 3, 3 
16091, 3, 3 
25174, 3, 3 
23962, 3, 3 
54250, 3, 3 
12108, 3, 3 
14223, 3, 3 
5359, 3, 3 
40375, 3, 3 
40745, 3, 3 
7263, 3, 3 
574, 3, 3 
18343, 3, 3 
41436, 3, 3 
59660, 3, 3 
3923, 3, 3 
9696, 3, 3 
22182, 3, 3 
37229, 3, 3 
4199, 3, 3 
4196, 3, 3 
22404, 3, 3 
58324, 3, 3 
23877, 3, 3 
47245, 3, 3 
29464, 3, 3 
10569, 3, 3 
41820, 3, 3 
29042, 3, 3 
2671, 3, 3 
34793, 3, 3 
45171, 3, 3 
26526, 3, 3 
12968, 3, 3 
15773, 3, 3 
19016, 3, 3 
8013, 3, 3 
6123, 3, 3 
12826, 3, 3 
12024, 3, 3 
10278, 3, 3 
13417, 3, 3 
8824, 3, 3 
41143, 3, 3 
59262, 3, 3 
2587, 3, 3 
58379, 3, 3 
58021, 3, 3 
30000, 3, 3 
51260, 3, 3 
2127, 3, 3 
49749, 3, 3 
46228, 3, 3 
4584, 3, 3 
47939, 3, 3 
36803, 3, 3 
13567, 3, 3 
19413, 3, 3 
21980, 3, 3 
47605, 3, 3 
45477, 3, 3 
54736, 3, 3 
50361, 3, 3 
4369, 3, 3 
49789, 3, 3 
37745, 3, 3 
47872, 3, 3 
8164, 3, 3 
20181, 3, 3 
53630, 3, 3 
55190, 3, 3 
59046, 3, 3 
39706, 3, 3 
30229, 3, 3 
49560, 3, 3 
46134, 3, 3 
12303, 3, 3 
22029, 3, 3 
30400, 3, 3 
16029, 3, 3 
4762, 3, 3 
45758, 3, 3 
51116, 3, 3 
18615, 3, 3 
48360, 3, 3 
59120, 3, 3 
21116, 3, 3 
25078, 3, 3 
20355, 3, 3 
4917, 3, 3 
12877, 3, 3 
14456, 3, 3 
33169, 3, 3 
20439, 3, 3 
34973, 3, 3 
13983, 3, 3 
52014, 3, 3 
52790, 3, 3 
58298, 3, 3 
55461, 3, 3 
37796, 3, 3 
16229, 3, 3 
41356, 3, 3 
29816, 3, 3 
49307, 3, 3 
24326, 3, 3 
55341, 3, 3 
38735, 3, 3 
49627, 3, 3 
37197, 3, 3 
27783, 3, 3 
51756, 3, 3 
1055, 3, 3 
19302, 3, 3 
56721, 3, 3 
6450, 3, 3 
48445, 3, 3 
34607, 3, 3 
57195, 3, 3 
12345, 3, 3 
30650, 3, 3 
12602, 3, 3 
57679, 3, 3 
41007, 3, 3 
3651, 3, 3 
40588, 3, 3 
10827, 3, 3 
49287, 3, 3 
30, 3, 3 
18919, 3, 3 
20565, 3, 3 
21505, 3, 3 
38593, 3, 3 
28633, 3, 3 
13560, 3, 3 
37789, 3, 3 
2241, 3, 3 
16922, 3, 3 
6658, 3, 9 
32794, 3, 3 
12183, 3, 2 
49318, 3, 3 
45473, 3, 3 
57396, 3, 3 
44146, 3, 3 
57771, 3, 3 
17292, 3, 3 
35458, 3, 3 
2130, 3, 3 
6559, 3, 3 
38687, 3, 3 
6710, 3, 3 
25802, 3, 3 
26671, 3, 3 
56437, 3, 3 
7283, 3, 3 
12300, 3, 3 
29889, 3, 3 
8455, 3, 3 
17904, 3, 3 
50892, 3, 3 
31562, 3, 3 
8017, 3, 3 
41843, 3, 3 
43126, 3, 3 
760, 3, 3 
31825, 3, 3 
37652, 3, 5 
25867, 3, 3 
22049, 3, 3 
58465, 3, 3 
48666, 3, 3 
6057, 3, 3 
18030, 3, 3 
33845, 3, 3 
52404, 3, 3 
33412, 3, 3 
32444, 3, 3 
35045, 3, 3 
40256, 3, 3 
54436, 3, 3 
57914, 3, 3 
8773, 3, 3 
8568, 3, 3 
35615, 3, 3 
23425, 3, 3 
25809, 3, 3 
52907, 3, 3 
42303, 3, 3 
33029, 3, 3 
9529, 3, 3 
24532, 3, 3 
37266, 3, 3 
54481, 3, 3 
55312, 3, 3 
36287, 3, 3 
46126, 3, 3 
32087, 3, 3 
42775, 3, 3 
49450, 3, 3 
5798, 3, 3 
15477, 3, 3 
3491, 3, 3 
8200, 3, 7 
50775, 3, 3 
20687, 3, 3 
21228, 3, 3 
8427, 3, 3 
5493, 3, 3 
49570, 3, 3 
28458, 3, 3 
22567, 3, 3 
40517, 3, 3 
45801, 3, 3 
28409, 3, 3 
58612, 3, 3 
26550, 3, 3 
7134, 3, 3 
40722, 3, 3 
32227, 3, 3 
37124, 3, 3 
15007, 3, 3 
23563, 3, 3 
26284, 3, 3 
24248, 3, 3 
20051, 3, 3 
34967, 3, 3 
40818, 3, 3 
11752, 3, 3 
51534, 3, 3 
36338, 3, 3 
20805, 3, 3 
1994, 3, 3 
52891, 3, 3 
41229, 3, 3 
12089, 3, 3 
37928, 3, 3 
52096, 3, 3 
14588, 3, 3 
52661, 3, 3 
38321, 3, 3 
37746, 3, 3 
32960, 3, 3 
45658, 3, 3 
16003, 3, 3 
19014, 3, 3 
6230, 3, 3 
10953, 3, 3 
27143, 3, 3 
20616, 3, 3 
41834, 3, 3 
9592, 3, 3 
11788, 3, 3 
36018, 3, 3 
10450, 3, 3 
21524, 3, 3 
49494, 3, 3 
43997, 3, 3 
6251, 3, 3 
25431, 3, 3 
16732, 3, 3 
25191, 3, 3 
33331, 3, 3 
20868, 3, 3 
25377, 3, 3 
25346, 3, 3 
5649, 3, 3 
37578, 3, 3 
35803, 3, 3 
54782, 3, 3 
10349, 3, 3 
28983, 3, 3 
4352, 3, 3 
45636, 3, 3 
34828, 3, 3 
55104, 3, 3 
59322, 3, 3 
55771, 3, 3 
1843, 3, 3 
37886, 3, 3 
4506, 3, 3 
5637, 3, 3 
35922, 3, 3 
11619, 3, 3 
22149, 3, 3 
45264, 3, 3 
54534, 3, 3 
22578, 3, 3 
13317, 3, 3 
15388, 3, 3 
9848, 3, 3 
30642, 3, 3 
35640, 3, 3 
19425, 3, 3 
15375, 3, 3 
14286, 3, 3 
9006, 3, 3 
39509, 3, 3 
50317, 3, 3 
28900, 3, 3 
13750, 3, 3 
10389, 3, 3 
42677, 3, 3 
55592, 3, 3 
51268, 3, 3 
28626, 3, 3 
45260, 3, 3 
57734, 3, 3 
35954, 3, 3 
22946, 3, 3 
33194, 3, 3 
37284, 3, 3 
20003, 3, 3 
51909, 3, 3 
10830, 3, 3 
18363, 3, 3 
3735, 3, 3 
59195, 3, 3 
57689, 3, 3 
38399, 3, 3 
57300, 3, 3 
45791, 3, 3 
5702, 3, 3 
21179, 3, 3 
29458, 3, 3 
45774, 3, 3 
37169, 3, 3 
18059, 3, 3 
37397, 3, 3 
48817, 3, 3 
281, 3, 3 
4101, 3, 3 
19734, 3, 3 
43817, 3, 3 
32420, 3, 3 
29061, 3, 3 
25829, 3, 5 
4735, 3, 3 
41653, 3, 3 
56823, 3, 3 
13448, 3, 3 
27804, 3, 3 
16386, 3, 3 
3656, 3, 3 
41212, 3, 3 
30511, 3, 3 
24281, 3, 3 
51571, 3, 3 
21305, 3, 3 
43090, 3, 3 
19169, 3, 3 
49300, 3, 3 
30986, 3, 3 
21946, 3, 3 
8693, 3, 3 
54074, 3, 3 
41428, 3, 3 
35513, 4, 4 
43703, 4, 4 
19405, 4, 4 
59700, 4, 4 
41864, 4, 4 
42766, 4, 4 
11023, 4, 4 
24980, 4, 4 
8706, 4, 4 
27213, 4, 4 
29206, 4, 4 
9573, 4, 4 
13339, 4, 4 
21307, 4, 4 
12675, 4, 4 
25333, 4, 4 
19514, 4, 4 
59716, 4, 4 
58194, 4, 4 
39083, 4, 4 
51893, 4, 4 
51351, 4, 4 
53808, 4, 4 
7489, 4, 4 
5549, 4, 4 
24810, 4, 4 
19340, 4, 4 
18487, 4, 4 
56659, 4, 4 
19252, 4, 4 
58749, 4, 4 
10912, 4, 4 
2686, 4, 4 
5631, 4, 4 
37988, 4, 4 
828, 4, 4 
11381, 4, 4 
47363, 4, 4 
56376, 4, 4 
33125, 4, 4 
57857, 4, 4 
53260, 4, 4 
7350, 4, 4 
50502, 4, 4 
19952, 4, 4 
58218, 4, 4 
59063, 4, 4 
43015, 4, 4 
17451, 4, 4 
49542, 4, 4 
48195, 4, 4 
14326, 4, 4 
51202, 4, 4 
53776, 4, 4 
19520, 4, 4 
54582, 4, 4 
49850, 4, 4 
1613, 4, 4 
31126, 4, 4 
10704, 4, 4 
22242, 4, 4 
34093, 4, 4 
28914, 4, 4 
18504, 4, 4 
41990, 4, 4 
51125, 4, 4 
50049, 4, 4 
16551, 4, 4 
43137, 4, 4 
1663, 4, 4 
23174, 4, 4 
33545, 4, 4 
2032, 4, 4 
21776, 4, 4 
20617, 4, 4 
35429, 4, 4 
10114, 4, 4 
20338, 4, 4 
54379, 4, 4 
11815, 4, 4 
33637, 4, 4 
10923, 4, 4 
12760, 4, 4 
35425, 4, 4 
5124, 4, 4 
16593, 4, 4 
41159, 4, 4 
45950, 4, 4 
4417, 4, 4 
53912, 4, 4 
4114, 4, 4 
24076, 4, 4 
29024, 4, 4 
36837, 4, 4 
4297, 4, 4 
25396, 4, 4 
39916, 4, 4 
56094, 4, 4 
42933, 4, 4 
28976, 4, 4 
59690, 4, 4 
48103, 4, 4 
23664, 4, 4 
16899, 4, 4 
34596, 4, 4 
48216, 4, 4 
58514, 4, 4 
50014, 4, 4 
33552, 4, 4 
4132, 4, 4 
10845, 4, 4 
46325, 4, 4 
51135, 4, 4 
14397, 4, 4 
38567, 4, 4 
21022, 4, 4 
23936, 4, 4 
682, 4, 4 
22992, 4, 4 
36619, 4, 4 
48327, 4, 4 
461, 4, 4 
10459, 4, 4 
26319, 4, 4 
6220, 4, 4 
58018, 4, 4 
850, 4, 4 
42710, 4, 4 
9282, 4, 4 
46843, 4, 4 
58269, 4, 4 
33204, 4, 4 
15622, 4, 4 
31885, 4, 4 
8026, 4, 4 
59268, 4, 4 
44771, 4, 4 
49155, 4, 4 
18490, 4, 4 
56400, 4, 4 
20995, 4, 4 
2800, 4, 4 
7903, 4, 4 
49092, 4, 4 
718, 4, 4 
27221, 4, 4 
25361, 4, 4 
31340, 4, 4 
26465, 4, 4 
29166, 4, 4 
23513, 4, 4 
41977, 4, 4 
17474, 4, 4 
29747, 4, 4 
40363, 4, 4 
12036, 4, 4 
43106, 4, 4 
10587, 4, 4 
2323, 4, 4 
11893, 4, 4 
25931, 4, 4 
38363, 4, 4 
43906, 4, 4 
23122, 4, 4 
25347, 4, 4 
25848, 4, 4 
58813, 4, 4 
342, 4, 4 
6120, 4, 4 
35126, 4, 4 
33115, 4, 4 
7864, 4, 4 
11016, 4, 4 
31817, 4, 4 
3783, 4, 4 
35115, 4, 4 
9362, 4, 4 
54745, 4, 4 
33320, 4, 4 
6215, 4, 4 
37388, 4, 4 
29754, 4, 4 
10858, 4, 4 
22652, 4, 4 
1932, 4, 4 
2294, 4, 4 
8560, 4, 4 
45613, 4, 4 
29941, 4, 4 
28615, 4, 4 
25292, 4, 4 
59580, 4, 4 
38296, 4, 4 
11463, 4, 4 
9071, 4, 4 
48310, 4, 4 
54921, 4, 4 
51652, 4, 4 
6761, 4, 4 
48685, 4, 4 
48928, 4, 4 
24169, 4, 4 
55351, 4, 4 
54197, 4, 4 
34354, 4, 4 
8996, 4, 4 
3240, 4, 4 
32045, 4, 4 
51622, 4, 4 
53990, 4, 4 
32412, 4, 4 
49382, 4, 4 
40552, 4, 4 
19478, 4, 4 
19983, 4, 4 
47211, 4, 4 
52708, 4, 4 
22574, 4, 4 
58987, 4, 4 
40444, 4, 4 
17076, 4, 4 
4146, 4, 4 
57841, 4, 4 
41163, 4, 4 
52988, 4, 4 
42018, 4, 4 
3504, 4, 4 
17857, 4, 4 
12125, 4, 4 
6865, 4, 4 
55776, 4, 4 
49341, 4, 4 
58795, 4, 4 
9586, 4, 4 
41307, 4, 4 
1253, 4, 4 
8854, 4, 4 
40671, 4, 4 
11131, 4, 4 
32628, 4, 4 
15822, 4, 4 
9595, 4, 4 
57950, 4, 4 
34808, 4, 4 
13363, 4, 4 
25660, 4, 4 
5450, 4, 4 
22750, 4, 4 
2799, 4, 4 
1196, 4, 4 
41885, 4, 4 
49072, 4, 4 
24547, 4, 4 
51312, 4, 4 
18636, 4, 4 
43740, 4, 4 
25484, 4, 4 
46993, 4, 4 
50981, 4, 4 
13451, 4, 4 
10683, 4, 4 
32448, 4, 4 
57747, 4, 4 
21430, 4, 4 
35875, 4, 4 
11955, 4, 4 
3018, 4, 4 
13766, 4, 4 
50243, 4, 4 
11009, 4, 4 
25887, 4, 4 
17415, 4, 4 
39703, 4, 4 
48595, 4, 4 
9821, 4, 4 
6532, 4, 4 
35626, 4, 4 
22590, 4, 4 
47128, 4, 4 
3091, 4, 4 
46920, 4, 4 
30447, 4, 4 
25670, 4, 4 
12948, 4, 4 
585, 4, 4 
4812, 4, 4 
26652, 4, 4 
35931, 4, 4 
19017, 4, 4 
38568, 4, 4 
49629, 4, 4 
20484, 4, 4 
18056, 4, 4 
56550, 4, 4 
34750, 4, 9 
43832, 4, 4 
14187, 4, 4 
37945, 4, 4 
4169, 4, 4 
42304, 4, 4 
9392, 4, 4 
35546, 4, 4 
32164, 4, 4 
28919, 4, 4 
17498, 4, 4 
24543, 4, 4 
41780, 4, 4 
14156, 4, 4 
20011, 4, 4 
3352, 4, 4 
22838, 4, 4 
35551, 4, 4 
56302, 4, 4 
59933, 4, 4 
38428, 4, 4 
48399, 4, 4 
6308, 4, 4 
21287, 4, 4 
38777, 4, 4 
44694, 4, 4 
55981, 4, 4 
6095, 4, 4 
17991, 4, 4 
14176, 4, 4 
35412, 4, 4 
31750, 4, 4 
35813, 4, 4 
59608, 4, 4 
36867, 4, 4 
26506, 4, 4 
4406, 4, 4 
53421, 4, 4 
55575, 4, 4 
44998, 4, 4 
24456, 4, 4 
30186, 4, 4 
35152, 4, 4 
57184, 4, 4 
22518, 4, 4 
16214, 4, 4 
16450, 4, 4 
28683, 4, 4 
24365, 4, 4 
47750, 4, 4 
11145, 4, 4 
37640, 4, 4 
49998, 4, 4 
25255, 4, 4 
28996, 4, 4 
2031, 4, 4 
58531, 4, 4 
49858, 4, 4 
47871, 4, 4 
9108, 4, 4 
31541, 4, 4 
5047, 4, 4 
53300, 4, 4 
32719, 4, 4 
31448, 4, 4 
3608, 4, 4 
33792, 4, 4 
57111, 4, 4 
41576, 4, 4 
4877, 4, 4 
33833, 4, 4 
50725, 4, 4 
44419, 4, 4 
40361, 4, 4 
27077, 4, 4 
38938, 4, 4 
39844, 4, 4 
24781, 4, 4 
25866, 4, 4 
17791, 4, 4 
11434, 4, 4 
14683, 4, 4 
48000, 4, 4 
20276, 4, 4 
6653, 4, 4 
47365, 4, 4 
32772, 4, 4 
54657, 4, 4 
10937, 4, 4 
41964, 4, 4 
8832, 4, 4 
43009, 4, 4 
36632, 4, 4 
55654, 4, 4 
46781, 4, 4 
29574, 4, 4 
46281, 4, 4 
39404, 4, 4 
50388, 4, 4 
2069, 4, 4 
59975, 4, 4 
24894, 4, 4 
40163, 4, 4 
48786, 4, 4 
28243, 4, 4 
30243, 4, 4 
10809, 4, 4 
8281, 4, 4 
20809, 4, 4 
45834, 4, 4 
19827, 4, 4 
16225, 4, 4 
16929, 4, 4 
47744, 4, 4 
31761, 4, 4 
28022, 4, 4 
35335, 4, 4 
19299, 4, 4 
25114, 4, 4 
7955, 4, 4 
42233, 4, 4 
3652, 4, 4 
2856, 4, 4 
13223, 4, 4 
48067, 4, 4 
12247, 4, 4 
44581, 4, 4 
22697, 4, 4 
12028, 4, 4 
22400, 4, 4 
3092, 4, 4 
17694, 4, 4 
5989, 4, 4 
59614, 4, 4 
25498, 4, 4 
4593, 4, 4 
17250, 4, 4 
24019, 4, 4 
44447, 4, 4 
56700, 4, 4 
39272, 4, 4 
52246, 4, 4 
5134, 4, 4 
34138, 4, 4 
54112, 4, 4 
20169, 4, 8 
36877, 4, 4 
43395, 4, 4 
8341, 4, 4 
30422, 4, 4 
41678, 4, 4 
28036, 4, 4 
12820, 4, 4 
57585, 4, 4 
50267, 4, 4 
29207, 4, 4 
988, 4, 4 
57102, 4, 4 
25558, 4, 4 
5406, 4, 4 
42779, 4, 4 
40226, 4, 4 
3350, 4, 4 
6608, 4, 4 
52909, 4, 4 
605, 4, 4 
52155, 4, 4 
2072, 4, 4 
23528, 4, 4 
23801, 4, 4 
31774, 4, 4 
36548, 4, 4 
35201, 4, 4 
5101, 4, 4 
9718, 4, 4 
34216, 4, 4 
18445, 4, 4 
23871, 4, 4 
33506, 4, 7 
53459, 4, 4 
36314, 4, 4 
2106, 4, 4 
40225, 4, 4 
44232, 4, 4 
50591, 4, 4 
51684, 4, 4 
38336, 4, 4 
53631, 4, 4 
52473, 4, 4 
23644, 4, 4 
53093, 4, 4 
4616, 4, 4 
33614, 4, 4 
33671, 4, 4 
22602, 4, 4 
19599, 4, 4 
16947, 4, 4 
36394, 4, 4 
11323, 4, 4 
12790, 4, 4 
46728, 4, 4 
39368, 4, 4 
5381, 4, 4 
15259, 4, 4 
41079, 4, 4 
38284, 4, 4 
47845, 5, 5 
36981, 5, 5 
21956, 5, 5 
55554, 5, 5 
50895, 5, 5 
15873, 5, 5 
12569, 5, 5 
27996, 5, 5 
15538, 5, 5 
43206, 5, 5 
55953, 5, 5 
53634, 5, 5 
18123, 5, 5 
19472, 5, 5 
6011, 5, 5 
20479, 5, 5 
21198, 5, 5 
49687, 5, 5 
36508, 5, 5 
25623, 5, 5 
29316, 5, 5 
42760, 5, 5 
28854, 5, 5 
40474, 5, 5 
42520, 5, 5 
23392, 5, 5 
4194, 5, 5 
6169, 5, 5 
59278, 5, 5 
19551, 5, 5 
16116, 5, 5 
8209, 5, 5 
53590, 5, 5 
55894, 5, 5 
46169, 5, 5 
51821, 5, 5 
33954, 5, 5 
58154, 5, 5 
31644, 5, 5 
58318, 5, 5 
53200, 5, 5 
16471, 5, 5 
27500, 5, 5 
16310, 5, 5 
45987, 5, 5 
54670, 5, 5 
36437, 5, 5 
7144, 5, 5 
37066, 5, 5 
12604, 5, 5 
11643, 5, 5 
44406, 5, 5 
25891, 5, 5 
38689, 5, 5 
1206, 5, 5 
48046, 5, 5 
21883, 5, 5 
6305, 5, 5 
14180, 5, 5 
19909, 5, 5 
10536, 5, 5 
48814, 5, 5 
3634, 5, 5 
42935, 5, 5 
34843, 5, 5 
29150, 5, 5 
37180, 5, 5 
53695, 5, 5 
29487, 5, 5 
31618, 5, 5 
45780, 5, 5 
56838, 5, 5 
29204, 5, 5 
47944, 5, 5 
40587, 5, 5 
8027, 5, 5 
43454, 5, 3 
40688, 5, 5 
5771, 5, 5 
28748, 5, 5 
24283, 5, 5 
24473, 5, 5 
2172, 5, 5 
44924, 5, 5 
51251, 5, 5 
56695, 5, 5 
57814, 5, 5 
27154, 5, 5 
21548, 5, 5 
50570, 5, 5 
41387, 5, 5 
56185, 5, 5 
45250, 5, 5 
15791, 5, 5 
22556, 5, 5 
50202, 5, 5 
42193, 5, 5 
24166, 5, 5 
28606, 5, 5 
58646, 5, 5 
39573, 5, 5 
22470, 5, 5 
47624, 5, 5 
30125, 5, 5 
45070, 5, 5 
55591, 5, 5 
12046, 5, 5 
46713, 5, 5 
18553, 5, 5 
805, 5, 5 
43245, 5, 5 
10904, 5, 5 
30012, 5, 5 
49568, 5, 5 
17631, 5, 5 
40021, 5, 5 
46805, 5, 5 
31005, 5, 5 
46610, 5, 5 
25402, 5, 5 
17118, 5, 5 
35276, 5, 5 
10111, 5, 5 
52213, 5, 5 
20793, 5, 5 
24765, 5, 5 
29112, 5, 5 
40738, 5, 5 
985, 5, 5 
39468, 5, 5 
55667, 5, 5 
38907, 5, 5 
31266, 5, 5 
48358, 5, 5 
44480, 5, 5 
50296, 5, 5 
44991, 5, 5 
512, 5, 5 
53309, 5, 5 
40127, 5, 5 
21609, 5, 5 
15398, 5, 5 
9344, 5, 5 
42387, 5, 5 
4921, 5, 5 
9124, 5, 5 
38817, 5, 5 
39513, 5, 5 
30903, 5, 5 
15732, 5, 5 
3219, 5, 5 
14609, 5, 5 
7640, 5, 5 
52717, 5, 5 
21629, 5, 5 
15024, 5, 5 
6451, 5, 5 
2857, 5, 5 
52610, 5, 5 
31413, 5, 5 
266, 5, 5 
32156, 5, 5 
31926, 5, 5 
9605, 5, 5 
19019, 5, 5 
1328, 5, 5 
22275, 5, 5 
49885, 5, 5 
18329, 5, 5 
19920, 5, 5 
13732, 5, 5 
1062, 5, 5 
5383, 5, 5 
50006, 5, 5 
33376, 5, 5 
56277, 5, 5 
45883, 5, 5 
28952, 5, 5 
36480, 5, 5 
5158, 5, 5 
23518, 5, 5 
4302, 5, 5 
48812, 5, 5 
3638, 5, 5 
35727, 5, 5 
26901, 5, 5 
48838, 5, 5 
31301, 5, 5 
15464, 5, 5 
45132, 5, 5 
29343, 5, 5 
57789, 5, 5 
5303, 5, 5 
37275, 5, 5 
36361, 5, 5 
16268, 5, 5 
47319, 5, 5 
775, 5, 5 
53572, 5, 5 
14623, 5, 5 
18882, 5, 5 
27288, 5, 5 
41045, 5, 5 
38944, 5, 5 
2186, 5, 5 
33605, 5, 5 
19429, 5, 5 
31472, 5, 5 
42267, 5, 5 
27253, 5, 5 
49649, 5, 5 
52040, 5, 5 
29008, 5, 5 
33537, 5, 5 
30499, 5, 5 
46102, 5, 5 
43442, 5, 5 
42863, 5, 5 
2248, 5, 5 
44907, 5, 5 
54483, 5, 5 
54015, 5, 5 
52459, 5, 5 
55164, 5, 5 
59553, 5, 5 
4760, 5, 5 
39114, 5, 5 
37031, 5, 5 
18018, 5, 5 
23006, 5, 5 
20976, 5, 5 
46369, 5, 5 
55442, 5, 5 
32943, 5, 5 
1635, 5, 5 
7840, 5, 5 
46544, 5, 5 
3385, 5, 5 
32750, 5, 5 
57987, 5, 5 
10791, 5, 5 
13040, 5, 5 
5904, 5, 5 
13262, 5, 5 
6829, 5, 5 
16646, 5, 5 
41868, 5, 5 
19173, 5, 5 
7354, 5, 5 
9684, 5, 5 
55455, 5, 5 
14204, 5, 5 
32547, 5, 5 
5403, 5, 5 
12470, 5, 5 
29027, 5, 5 
27421, 5, 5 
27502, 5, 5 
54604, 5, 5 
44099, 5, 5 
38888, 5, 5 
12574, 5, 5 
2461, 5, 5 
14168, 5, 5 
5551, 5, 5 
57251, 5, 5 
9464, 5, 5 
43409, 5, 5 
4601, 5, 5 
7842, 5, 5 
10008, 5, 5 
19174, 5, 5 
46787, 5, 5 
6836, 5, 5 
36999, 5, 5 
36739, 5, 5 
39629, 5, 5 
10185, 5, 5 
26134, 5, 5 
5685, 5, 5 
54828, 5, 5 
50420, 5, 5 
34309, 5, 5 
59810, 5, 5 
27259, 5, 5 
35397, 5, 5 
23903, 5, 5 
30626, 5, 5 
25096, 5, 5 
17277, 5, 5 
17780, 5, 5 
28434, 5, 5 
27224, 5, 5 
47251, 5, 5 
45470, 5, 5 
54159, 5, 5 
32646, 5, 5 
44987, 5, 5 
5599, 5, 5 
6198, 5, 5 
19676, 5, 5 
42864, 5, 5 
19207, 5, 5 
32132, 5, 5 
34340, 5, 5 
25025, 5, 5 
20854, 5, 5 
51744, 5, 5 
5742, 5, 5 
29781, 5, 5 
12996, 5, 5 
47060, 5, 5 
7235, 5, 5 
30575, 5, 5 
18440, 5, 6 
23725, 5, 5 
50983, 5, 5 
17645, 5, 5 
51492, 5, 5 
58460, 5, 5 
16780, 5, 5 
13460, 5, 5 
24859, 5, 5 
2343, 5, 5 
34557, 5, 5 
26727, 5, 5 
41312, 5, 5 
33137, 5, 5 
6027, 5, 5 
52388, 5, 5 
9845, 5, 5 
24394, 5, 5 
46895, 5, 5 
42337, 5, 5 
1482, 5, 5 
9859, 5, 5 
9159, 5, 5 
56116, 5, 5 
58217, 5, 5 
1847, 5, 5 
25577, 5, 5 
38553, 5, 5 
11549, 5, 5 
33349, 5, 5 
5456, 5, 5 
12986, 5, 5 
51392, 5, 5 
58870, 5, 5 
32198, 5, 5 
49759, 5, 5 
6671, 5, 5 
11873, 5, 5 
39910, 5, 5 
16315, 5, 5 
44738, 5, 5 
18591, 5, 5 
43641, 5, 5 
47471, 5, 5 
22622, 5, 5 
34527, 5, 5 
9898, 5, 5 
9062, 5, 5 
46862, 5, 5 
31863, 5, 5 
44390, 5, 5 
15421, 5, 5 
14979, 5, 5 
31734, 5, 5 
22147, 5, 5 
22819, 5, 5 
768, 5, 5 
56813, 5, 5 
53296, 5, 5 
27009, 5, 5 
48058, 5, 5 
24630, 5, 3 
34626, 5, 5 
33993, 5, 5 
49728, 5, 5 
9323, 5, 5 
17578, 5, 5 
26030, 5, 5 
53306, 5, 5 
51792, 5, 5 
59346, 5, 5 
48489, 5, 5 
44674, 5, 5 
32511, 5, 5 
2091, 5, 5 
12110, 5, 5 
9738, 5, 5 
58365, 5, 5 
32090, 5, 5 
14048, 5, 5 
24093, 5, 5 
31335, 5, 5 
28720, 5, 5 
25778, 5, 5 
26387, 5, 5 
40567, 5, 5 
29065, 5, 5 
46180, 5, 5 
55148, 5, 5 
31302, 5, 5 
41752, 5, 5 
4614, 5, 5 
32684, 5, 5 
29354, 5, 5 
19867, 5, 5 
51639, 5, 5 
30112, 5, 5 
25411, 5, 5 
54774, 5, 5 
14100, 5, 5 
22887, 5, 5 
49604, 5, 5 
43319, 5, 5 
11064, 5, 5 
6735, 5, 5 
43587, 5, 5 
19001, 5, 5 
40840, 5, 5 
18476, 5, 5 
33260, 5, 5 
30900, 5, 5 
48049, 5, 5 
42889, 5, 5 
15819, 5, 5 
29924, 5, 5 
45393, 5, 5 
29649, 5, 5 
5424, 5, 5 
18347, 5, 5 
5620, 5, 5 
12284, 5, 5 
55010, 5, 5 
18209, 5, 5 
20804, 5, 5 
6096, 5, 5 
8392, 5, 5 
55800, 5, 5 
4450, 5, 5 
32386, 5, 5 
34137, 5, 5 
21739, 5, 5 
25654, 5, 5 
52057, 5, 5 
48687, 5, 5 
1325, 5, 5 
15301, 5, 5 
18949, 5, 5 
30647, 5, 5 
21385, 5, 5 
43937, 5, 5 
33773, 5, 5 
18364, 5, 5 
50768, 5, 5 
44810, 5, 5 
29129, 5, 5 
38798, 5, 5 
44634, 5, 5 
16767, 5, 5 
51345, 5, 5 
25675, 5, 5 
49375, 5, 5 
54928, 5, 5 
10903, 5, 5 
51124, 5, 5 
39539, 5, 5 
56898, 5, 5 
45797, 5, 5 
2674, 5, 5 
53538, 5, 5 
32393, 5, 5 
14543, 5, 5 
15232, 5, 5 
622, 5, 5 
19476, 5, 5 
26206, 5, 5 
33352, 5, 5 
15378, 5, 5 
33811, 5, 5 
34877, 5, 5 
33077, 5, 5 
11397, 5, 5 
9163, 5, 5 
46073, 5, 5 
53598, 5, 5 
25678, 5, 6 
36330, 5, 5 
24887, 5, 5 
49895, 5, 5 
56127, 5, 5 
48269, 5, 5 
33365, 5, 5 
20528, 5, 5 
13811, 5, 5 
38414, 5, 5 
19089, 5, 2 
49632, 5, 5 
19298, 6, 6 
55390, 6, 6 
22809, 6, 6 
21368, 6, 6 
8265, 6, 6 
30904, 6, 6 
11819, 6, 6 
26321, 6, 6 
9997, 6, 6 
31203, 6, 6 
27243, 6, 6 
21762, 6, 6 
4054, 6, 6 
9909, 6, 6 
22258, 6, 6 
8481, 6, 6 
55252, 6, 6 
27006, 6, 6 
41695, 6, 6 
24179, 6, 6 
53969, 6, 6 
23168, 6, 6 
41561, 6, 6 
26723, 6, 6 
8064, 6, 6 
4546, 6, 6 
27156, 6, 6 
13351, 6, 6 
4517, 6, 6 
26114, 6, 6 
19002, 6, 6 
44082, 6, 6 
37370, 6, 6 
31208, 6, 6 
24453, 6, 6 
7829, 6, 6 
15951, 6, 6 
21565, 6, 6 
50469, 6, 6 
30507, 6, 6 
41975, 6, 6 
38114, 6, 6 
38104, 6, 6 
15088, 6, 6 
43742, 6, 6 
10917, 6, 6 
16963, 6, 6 
36079, 6, 6 
8500, 6, 6 
8478, 6, 6 
9702, 6, 6 
2345, 6, 6 
13679, 6, 6 
36574, 6, 6 
9281, 6, 6 
44197, 6, 6 
6548, 6, 6 
48958, 6, 6 
38576, 6, 6 
17251, 6, 6 
50863, 6, 6 
29774, 6, 6 
31752, 6, 6 
28602, 6, 6 
29835, 6, 6 
22035, 6, 6 
3960, 6, 6 
47943, 6, 6 
44941, 6, 6 
52421, 6, 6 
48370, 6, 6 
27442, 6, 6 
37751, 6, 6 
8326, 6, 6 
43485, 6, 6 
52844, 6, 6 
29950, 6, 6 
56195, 6, 6 
3586, 6, 6 
18670, 6, 6 
18907, 6, 6 
41413, 6, 6 
7972, 6, 6 
15314, 6, 6 
6930, 6, 6 
12452, 6, 6 
25893, 6, 6 
19157, 6, 6 
3136, 6, 6 
21755, 6, 6 
50810, 6, 6 
8627, 6, 6 
44655, 6, 6 
10044, 6, 6 
24363, 6, 6 
45965, 6, 6 
8497, 6, 6 
23983, 6, 6 
36698, 6, 6 
16889, 6, 6 
12216, 6, 6 
2311, 6, 6 
40927, 6, 6 
672, 6, 6 
37679, 6, 6 
5629, 6, 6 
45623, 6, 6 
45949, 6, 6 
19488, 6, 6 
45856, 6, 6 
6963, 6, 6 
25959, 6, 6 
10442, 6, 6 
58732, 6, 6 
2152, 6, 6 
41545, 6, 6 
8683, 6, 6 
4087, 6, 6 
27405, 6, 6 
37831, 6, 6 
55615, 6, 6 
8947, 6, 6 
7008, 6, 6 
42558, 6, 6 
26497, 6, 6 
31371, 6, 6 
24031, 6, 6 
50168, 6, 6 
30454, 6, 6 
29392, 6, 6 
55066, 6, 6 
19197, 6, 6 
27724, 6, 6 
59928, 6, 6 
21912, 6, 6 
45664, 6, 6 
30882, 6, 6 
32119, 6, 6 
17546, 6, 6 
2967, 6, 6 
25943, 6, 6 
22693, 6, 6 
32546, 6, 6 
59966, 6, 6 
17075, 6, 6 
29647, 6, 6 
12959, 6, 6 
59255, 6, 6 
8100, 6, 6 
47827, 6, 6 
11678, 6, 6 
25351, 6, 6 
32205, 6, 6 
3700, 6, 6 
37044, 6, 6 
49977, 6, 6 
9063, 6, 6 
50932, 6, 6 
14732, 6, 6 
17796, 6, 6 
28830, 6, 6 
3207, 6, 6 
311, 6, 6 
43263, 6, 6 
14492, 6, 6 
58605, 6, 6 
49699, 6, 6 
7063, 6, 6 
37990, 6, 6 
41423, 6, 6 
21452, 6, 6 
35918, 6, 6 
47415, 6, 6 
13709, 6, 6 
37442, 6, 6 
47025, 6, 6 
17004, 6, 6 
1781, 6, 6 
49403, 6, 6 
16077, 6, 6 
2607, 6, 6 
57075, 6, 6 
47847, 6, 6 
50323, 6, 6 
58714, 6, 6 
33242, 6, 8 
47191, 6, 6 
23126, 6, 6 
24037, 6, 6 
32325, 6, 6 
40124, 6, 6 
35683, 6, 6 
21605, 6, 6 
55725, 6, 6 
9967, 6, 6 
22107, 6, 6 
29917, 6, 6 
13712, 6, 6 
35810, 6, 6 
48145, 6, 6 
36665, 6, 6 
24934, 6, 6 
9058, 6, 6 
48620, 6, 6 
34189, 6, 6 
40278, 6, 6 
44814, 6, 6 
37401, 6, 6 
2494, 6, 6 
50818, 6, 6 
1892, 6, 6 
14583, 6, 6 
9533, 6, 6 
25771, 6, 6 
4765, 6, 6 
16560, 6, 6 
33619, 6, 6 
2638, 6, 6 
22962, 6, 6 
18068, 6, 6 
1990, 6, 6 
50551, 6, 6 
28382, 6, 6 
17344, 6, 6 
38578, 6, 6 
49626, 6, 6 
46120, 6, 6 
58281, 6, 6 
48568, 6, 6 
30608, 6, 6 
23421, 6, 6 
9863, 6, 6 
44132, 6, 6 
45614, 6, 6 
33015, 6, 6 
40209, 6, 6 
19142, 6, 6 
19723, 6, 6 
17001, 6, 6 
46421, 6, 6 
6464, 6, 6 
48338, 6, 6 
14147, 6, 6 
32736, 6, 6 
35184, 6, 6 
7224, 6, 6 
44735, 6, 6 
47774, 6, 6 
2504, 6, 6 
54570, 6, 6 
52183, 6, 6 
26181, 6, 6 
15320, 6, 6 
46590, 6, 6 
57419, 6, 6 
11723, 6, 6 
26386, 6, 6 
7901, 6, 6 
8140, 6, 6 
31672, 6, 6 
10335, 6, 6 
38936, 6, 6 
54830, 6, 6 
48941, 6, 6 
50415, 6, 6 
16335, 6, 6 
38634, 6, 6 
42190, 6, 6 
21772, 6, 6 
50645, 6, 6 
24523, 6, 6 
21808, 6, 6 
10910, 6, 6 
44250, 6, 6 
46207, 6, 6 
26285, 6, 6 
47064, 6, 6 
11253, 6, 6 
5213, 6, 6 
31475, 6, 6 
42481, 6, 6 
13511, 6, 6 
27415, 6, 6 
41089, 6, 6 
32345, 6, 6 
44503, 6, 6 
36673, 6, 6 
11800, 6, 6 
8290, 6, 6 
45265, 6, 6 
13598, 6, 6 
17011, 6, 6 
37230, 6, 6 
39087, 6, 6 
13427, 6, 6 
34915, 6, 6 
23195, 6, 6 
1671, 6, 6 
47492, 6, 6 
19277, 6, 6 
59548, 6, 6 
8820, 6, 6 
52145, 6, 6 
48907, 6, 6 
49448, 6, 6 
204, 6, 6 
31974, 6, 6 
29147, 6, 6 
41172, 6, 6 
35968, 6, 6 
19956, 6, 6 
3543, 6, 6 
3053, 6, 6 
47432, 6, 6 
24622, 6, 6 
29439, 6, 6 
44420, 6, 6 
10853, 6, 6 
38022, 6, 6 
23223, 6, 6 
56211, 6, 6 
8814, 6, 6 
38172, 6, 6 
17910, 6, 6 
30632, 6, 6 
22084, 6, 6 
33704, 6, 6 
57313, 6, 6 
32701, 6, 6 
10307, 6, 6 
49505, 6, 6 
5832, 6, 6 
44070, 6, 6 
59474, 6, 6 
51924, 6, 6 
44801, 6, 6 
5837, 6, 6 
22665, 6, 6 
26470, 6, 6 
9113, 6, 6 
6657, 6, 6 
26900, 6, 6 
6452, 6, 6 
52551, 6, 6 
50073, 6, 6 
1515, 6, 6 
59359, 6, 6 
54211, 6, 6 
26065, 6, 6 
2836, 6, 6 
45478, 6, 6 
25559, 6, 6 
49178, 6, 6 
36310, 6, 6 
58010, 6, 6 
5553, 6, 6 
48749, 6, 6 
41874, 6, 6 
19040, 6, 6 
39742, 6, 6 
1184, 6, 6 
38875, 6, 6 
53175, 6, 6 
10793, 6, 6 
22055, 6, 6 
19661, 6, 6 
43251, 6, 6 
15417, 6, 6 
36792, 6, 6 
53621, 6, 6 
24611, 6, 6 
55638, 6, 6 
9629, 6, 6 
38555, 6, 6 
29455, 6, 6 
10754, 6, 6 
47418, 6, 6 
36417, 6, 6 
27530, 6, 6 
50823, 6, 6 
57213, 6, 6 
31294, 6, 6 
1784, 6, 6 
4871, 6, 6 
20663, 6, 6 
55943, 6, 6 
44394, 6, 6 
9798, 6, 6 
43386, 6, 6 
44331, 6, 6 
6828, 6, 6 
701, 6, 6 
26180, 6, 6 
36660, 6, 6 
36527, 6, 6 
25541, 6, 6 
11411, 6, 6 
30818, 6, 6 
3597, 6, 6 
49879, 6, 6 
15797, 6, 6 
55372, 6, 6 
43655, 6, 6 
28039, 6, 6 
32180, 6, 6 
28425, 6, 6 
5693, 6, 6 
43061, 6, 6 
45755, 6, 6 
52100, 6, 6 
23475, 6, 6 
8817, 6, 6 
53127, 6, 6 
3789, 6, 6 
28644, 6, 6 
3577, 6, 6 
6602, 6, 6 
52557, 6, 6 
18292, 6, 6 
47808, 6, 6 
40526, 6, 6 
35750, 6, 6 
57791, 6, 6 
29981, 6, 6 
57456, 6, 6 
59508, 6, 6 
15826, 6, 6 
20782, 6, 6 
24554, 6, 6 
25489, 6, 6 
25593, 6, 6 
37476, 6, 6 
5996, 6, 6 
49083, 6, 6 
57587, 6, 6 
32969, 6, 6 
14661, 6, 6 
26988, 6, 6 
35682, 6, 6 
565, 6, 6 
8454, 6, 6 
11065, 6, 6 
38327, 6, 6 
47772, 6, 6 
33615, 6, 6 
38730, 6, 6 
2637, 6, 6 
12090, 6, 6 
59284, 6, 6 
23654, 6, 6 
53047, 6, 6 
57138, 6, 6 
50888, 6, 6 
9244, 6, 6 
10925, 6, 6 
31500, 6, 6 
26498, 6, 6 
51159, 6, 6 
57529, 6, 6 
23900, 6, 6 
35861, 6, 6 
42937, 6, 6 
25684, 6, 6 
50870, 6, 6 
49970, 6, 6 
38394, 6, 6 
38961, 6, 6 
41346, 6, 6 
33497, 6, 6 
4612, 6, 6 
9010, 6, 6 
8621, 6, 6 
49651, 6, 6 
5554, 6, 6 
58438, 6, 6 
36561, 6, 6 
52571, 6, 6 
39466, 6, 6 
22649, 6, 6 
6159, 6, 6 
10036, 6, 6 
2372, 6, 6 
50241, 6, 6 
23471, 6, 6 
18869, 6, 6 
55824, 6, 6 
42525, 6, 6 
45479, 6, 6 
42420, 6, 6 
58295, 6, 6 
52833, 6, 6 
27320, 6, 6 
38661, 6, 6 
5159, 6, 6 
34285, 6, 6 
36703, 6, 6 
56727, 6, 6 
21041, 6, 6 
14083, 6, 6 
35169, 6, 6 
36700, 7, 7 
1825, 7, 7 
25465, 7, 7 
38017, 7, 7 
53771, 7, 7 
42606, 7, 7 
39605, 7, 7 
18871, 7, 7 
55693, 7, 7 
24639, 7, 7 
58140, 7, 7 
21459, 7, 7 
35842, 7, 7 
26575, 7, 7 
48315, 7, 7 
35512, 7, 7 
50874, 7, 7 
27597, 7, 7 
12149, 7, 7 
46133, 7, 7 
57134, 7, 7 
13665, 7, 7 
48247, 7, 7 
13123, 7, 7 
3804, 7, 7 
22018, 7, 7 
38506, 7, 7 
11430, 7, 7 
16113, 7, 7 
22826, 7, 7 
6241, 7, 7 
37999, 7, 7 
34564, 7, 7 
29954, 7, 7 
3249, 7, 7 
14891, 7, 7 
46493, 7, 7 
29373, 7, 7 
8791, 7, 7 
38244, 7, 7 
26528, 7, 7 
38338, 7, 7 
6053, 7, 7 
59115, 7, 7 
32861, 7, 7 
11689, 7, 7 
50345, 7, 7 
52997, 7, 7 
4452, 7, 7 
16272, 7, 7 
20669, 7, 7 
58485, 7, 7 
6713, 7, 7 
8596, 7, 7 
47203, 7, 7 
57692, 7, 7 
51236, 7, 7 
13756, 7, 7 
15811, 7, 7 
22313, 7, 7 
44566, 7, 7 
14245, 7, 7 
5269, 7, 7 
41310, 7, 7 
55266, 7, 7 
4604, 7, 7 
48948, 7, 7 
17483, 7, 7 
56359, 7, 7 
54555, 7, 7 
2752, 7, 7 
1730, 7, 7 
40643, 7, 7 
45626, 7, 7 
4965, 7, 7 
29436, 7, 7 
23094, 7, 7 
28009, 7, 7 
27956, 7, 7 
7663, 7, 7 
19327, 7, 7 
158, 7, 7 
30250, 7, 7 
28791, 7, 7 
43722, 7, 7 
38149, 7, 7 
2024, 7, 7 
16962, 7, 7 
45865, 7, 7 
7992, 7, 7 
48450, 7, 7 
8562, 7, 7 
1975, 7, 7 
27983, 7, 7 
37073, 7, 7 
43998, 7, 7 
40077, 7, 7 
53702, 7, 7 
4680, 7, 7 
50706, 7, 7 
25561, 7, 7 
40774, 7, 7 
40911, 7, 7 
23704, 7, 7 
27872, 7, 7 
48221, 7, 7 
4743, 7, 7 
37984, 7, 7 
52217, 7, 7 
22467, 7, 7 
55052, 7, 7 
51911, 7, 7 
31542, 7, 7 
25850, 7, 7 
5325, 7, 7 
59611, 7, 7 
56381, 7, 7 
14590, 7, 7 
18265, 7, 7 
9510, 7, 7 
35871, 7, 7 
20866, 7, 7 
31387, 7, 7 
753, 7, 7 
1156, 7, 7 
936, 7, 7 
11757, 7, 7 
52701, 7, 7 
58977, 7, 7 
53956, 7, 7 
25615, 7, 7 
52235, 7, 7 
40435, 7, 7 
44787, 7, 7 
38838, 7, 7 
29191, 7, 7 
52991, 7, 7 
30118, 7, 7 
32608, 7, 7 
26271, 7, 7 
50278, 7, 7 
11763, 7, 7 
12391, 7, 7 
47232, 7, 7 
6688, 7, 7 
29212, 7, 7 
15019, 7, 7 
8361, 7, 7 
46819, 7, 7 
56160, 7, 7 
17513, 7, 7 
20969, 7, 7 
45720, 7, 7 
47859, 7, 7 
23840, 7, 7 
4995, 7, 7 
17866, 7, 7 
28921, 7, 7 
13915, 7, 7 
59304, 7, 7 
12031, 7, 7 
9535, 7, 7 
45533, 7, 7 
48585, 7, 7 
31648, 7, 7 
22007, 7, 7 
55431, 7, 7 
46724, 7, 7 
32416, 7, 7 
50351, 7, 7 
6054, 7, 7 
36012, 7, 7 
2292, 7, 7 
6064, 7, 7 
16162, 7, 7 
39048, 7, 7 
50137, 7, 7 
58690, 7, 7 
7229, 7, 7 
30479, 7, 7 
48422, 7, 7 
26945, 7, 7 
4211, 7, 7 
45097, 7, 7 
30917, 7, 7 
59462, 7, 7 
32282, 7, 7 
5473, 7, 7 
43859, 7, 7 
29117, 7, 7 
55117, 7, 7 
40170, 7, 7 
483, 7, 7 
41998, 7, 2 
40211, 7, 7 
41325, 7, 7 
5897, 7, 7 
8965, 7, 7 
54066, 7, 7 
21463, 7, 7 
38389, 7, 7 
31207, 7, 7 
36763, 7, 7 
31066, 7, 7 
55535, 7, 7 
41597, 7, 7 
43489, 7, 7 
37107, 7, 7 
7809, 7, 7 
39244, 7, 7 
26266, 7, 7 
19448, 7, 7 
14522, 7, 7 
47160, 7, 7 
39289, 7, 7 
9571, 7, 7 
30357, 7, 7 
54364, 7, 7 
24644, 7, 7 
9788, 7, 7 
48694, 7, 7 
48166, 7, 7 
11703, 7, 7 
55802, 7, 7 
45310, 7, 7 
57350, 7, 7 
33651, 7, 7 
12558, 7, 7 
25095, 7, 7 
28012, 7, 7 
31009, 7, 7 
14536, 7, 7 
13482, 7, 7 
57792, 7, 7 
2814, 7, 7 
29951, 7, 7 
30428, 7, 7 
25062, 7, 7 
25140, 7, 7 
11054, 7, 7 
52471, 7, 7 
13244, 7, 7 
6141, 7, 7 
18681, 7, 7 
56017, 7, 7 
31196, 7, 7 
9519, 7, 7 
8107, 7, 7 
59703, 7, 7 
48102, 7, 7 
42976, 7, 7 
15801, 7, 7 
27039, 7, 7 
48944, 7, 7 
950, 7, 7 
46253, 7, 7 
3863, 7, 7 
26080, 7, 7 
9499, 7, 7 
3909, 7, 7 
56354, 7, 7 
22651, 7, 7 
884, 7, 7 
50681, 7, 7 
18037, 7, 7 
3253, 7, 7 
17388, 7, 7 
31391, 7, 7 
16537, 7, 7 
13975, 7, 7 
21367, 7, 7 
40512, 7, 7 
47931, 7, 7 
28064, 7, 7 
50392, 7, 7 
5407, 7, 7 
15192, 7, 7 
3992, 7, 7 
40017, 7, 7 
41788, 7, 7 
37131, 7, 7 
33082, 7, 7 
38890, 7, 7 
27203, 7, 7 
41493, 7, 7 
33280, 7, 7 
22534, 7, 7 
3747, 7, 7 
47511, 7, 7 
36105, 7, 7 
13540, 7, 7 
4034, 7, 7 
17490, 7, 7 
20004, 7, 7 
46356, 7, 7 
11426, 7, 7 
47221, 7, 7 
51634, 7, 7 
20619, 7, 7 
32364, 7, 7 
44139, 7, 7 
33996, 7, 7 
37753, 7, 7 
21133, 7, 7 
3324, 7, 7 
35645, 7, 7 
54732, 7, 7 
35998, 7, 7 
36395, 7, 7 
11092, 7, 7 
25792, 7, 7 
2229, 7, 7 
37878, 7, 7 
34245, 7, 7 
52486, 7, 7 
50443, 7, 7 
34160, 7, 7 
19733, 7, 7 
32252, 7, 7 
21159, 7, 7 
55374, 7, 7 
8990, 7, 7 
33582, 7, 7 
1513, 7, 7 
26322, 7, 7 
47596, 7, 7 
14532, 7, 7 
10911, 7, 7 
37898, 7, 7 
24291, 7, 7 
16100, 7, 4 
103, 7, 7 
53986, 7, 7 
10651, 7, 7 
24041, 7, 7 
50760, 7, 7 
47604, 7, 7 
40386, 7, 9 
35636, 7, 7 
22399, 7, 7 
35754, 7, 7 
15877, 7, 7 
617, 7, 7 
55514, 7, 7 
38215, 7, 7 
34518, 7, 7 
9143, 7, 7 
49799, 7, 7 
36563, 7, 7 
21386, 7, 7 
13333, 7, 7 
2108, 7, 7 
33995, 7, 7 
50742, 7, 7 
4385, 7, 7 
28236, 7, 7 
32849, 7, 7 
2491, 7, 7 
962, 7, 7 
24935, 7, 7 
30768, 7, 7 
37055, 7, 7 
9426, 7, 7 
57949, 7, 7 
51229, 7, 7 
47929, 7, 7 
3620, 7, 7 
33656, 7, 7 
51927, 7, 7 
24094, 7, 7 
25895, 7, 7 
45715, 7, 7 
14920, 7, 7 
12208, 7, 7 
29325, 7, 7 
34055, 7, 7 
9086, 7, 7 
29998, 7, 7 
38869, 7, 7 
23969, 7, 7 
13710, 7, 7 
36967, 7, 7 
54155, 7, 7 
57564, 7, 7 
48473, 7, 7 
56900, 7, 7 
47049, 7, 7 
39813, 7, 7 
48889, 7, 7 
3343, 7, 7 
2576, 7, 7 
24455, 7, 7 
28118, 7, 7 
436, 7, 7 
16843, 7, 7 
55195, 7, 7 
16205, 7, 7 
19183, 7, 7 
23609, 7, 7 
38144, 7, 7 
24801, 7, 7 
30008, 7, 7 
15849, 7, 7 
55021, 7, 7 
18086, 7, 7 
43039, 7, 7 
36472, 7, 7 
43341, 7, 7 
13158, 7, 7 
32028, 7, 7 
13570, 7, 7 
58683, 7, 7 
34344, 7, 7 
18161, 7, 7 
27199, 7, 7 
9188, 7, 7 
24964, 7, 7 
36925, 7, 7 
29443, 7, 7 
32289, 7, 7 
48343, 7, 7 
49516, 7, 7 
58128, 7, 7 
15204, 7, 7 
56233, 7, 7 
36926, 7, 7 
39314, 7, 7 
50438, 7, 7 
9606, 7, 7 
11810, 7, 7 
19636, 7, 7 
3087, 7, 7 
58009, 7, 7 
45777, 7, 7 
28956, 7, 7 
11207, 7, 7 
10461, 7, 7 
27950, 7, 7 
31239, 7, 7 
46607, 7, 7 
15422, 7, 7 
43919, 7, 7 
2455, 7, 7 
45329, 7, 7 
32651, 7, 7 
48432, 7, 7 
49698, 7, 7 
45314, 7, 7 
34278, 7, 7 
58342, 7, 7 
16711, 7, 7 
15074, 7, 7 
46274, 7, 2 
52670, 7, 7 
50224, 7, 7 
43528, 7, 7 
24692, 7, 7 
26967, 7, 7 
37402, 7, 7 
57541, 7, 7 
42283, 7, 7 
20980, 7, 7 
3223, 7, 7 
17789, 7, 7 
49806, 7, 7 
35675, 7, 7 
23711, 7, 7 
35260, 7, 7 
25452, 7, 7 
35291, 7, 7 
56983, 7, 7 
41002, 7, 7 
52249, 7, 7 
40675, 7, 7 
52124, 7, 7 
55799, 7, 7 
18557, 7, 7 
33964, 7, 7 
14581, 7, 7 
56542, 7, 7 
55409, 7, 7 
59056, 7, 7 
3426, 7, 7 
42269, 7, 7 
29607, 7, 7 
43356, 7, 7 
22995, 7, 7 
18315, 7, 7 
1347, 7, 7 
12751, 7, 7 
24005, 7, 7 
25121, 7, 7 
40906, 7, 7 
36530, 7, 7 
42593, 7, 7 
7643, 7, 7 
50371, 7, 7 
24518, 7, 7 
599, 7, 7 
12233, 7, 7 
57562, 8, 8 
43290, 8, 8 
59403, 8, 8 
7450, 8, 8 
43511, 8, 8 
42003, 8, 8 
26807, 8, 8 
49620, 8, 8 
9014, 8, 8 
7851, 8, 8 
23426, 8, 8 
48842, 8, 8 
29988, 8, 8 
12944, 8, 8 
23843, 8, 8 
54701, 8, 8 
24147, 8, 8 
29132, 8, 8 
10079, 8, 8 
44624, 8, 8 
58880, 8, 8 
7607, 8, 8 
22281, 8, 8 
23964, 8, 8 
47057, 8, 8 
19371, 8, 8 
9608, 8, 8 
3066, 8, 8 
45026, 8, 8 
6788, 8, 8 
16416, 8, 8 
22623, 8, 8 
23405, 8, 8 
37431, 8, 8 
40158, 8, 8 
2951, 8, 8 
51313, 8, 8 
42679, 8, 8 
14640, 8, 8 
56357, 8, 8 
18368, 8, 8 
10126, 8, 8 
25657, 8, 8 
7136, 8, 8 
35246, 8, 8 
37325, 8, 8 
17194, 8, 8 
38237, 8, 8 
37776, 8, 8 
48003, 8, 8 
25418, 8, 8 
56617, 8, 8 
51394, 8, 8 
35021, 8, 8 
27121, 8, 8 
22703, 8, 8 
51307, 8, 8 
11383, 8, 8 
30510, 8, 8 
18629, 8, 8 
48331, 8, 8 
55696, 8, 8 
47420, 8, 8 
36054, 8, 8 
19911, 8, 8 
37152, 8, 8 
26515, 8, 8 
44007, 8, 8 
56536, 8, 8 
53605, 8, 8 
54178, 8, 8 
31139, 8, 8 
55519, 8, 8 
51467, 8, 8 
17289, 8, 8 
5163, 8, 8 
34030, 8, 8 
28662, 8, 8 
23967, 8, 8 
15616, 8, 8 
4384, 8, 8 
39005, 8, 8 
8520, 8, 8 
18618, 8, 8 
56387, 8, 8 
49548, 8, 8 
4151, 8, 8 
9900, 8, 8 
27819, 8, 8 
57467, 8, 8 
2117, 8, 8 
25870, 8, 8 
20419, 8, 8 
12857, 8, 8 
24422, 8, 8 
21663, 8, 8 
58233, 8, 8 
47283, 8, 8 
31440, 8, 8 
6774, 8, 8 
25799, 8, 8 
52573, 8, 8 
59018, 8, 8 
1223, 8, 8 
40453, 8, 8 
7681, 8, 8 
32279, 8, 8 
13592, 8, 8 
1519, 8, 8 
25131, 8, 8 
24101, 8, 9 
29604, 8, 8 
57648, 8, 8 
56628, 8, 8 
42383, 8, 8 
5916, 8, 8 
2810, 8, 8 
418, 8, 2 
7777, 8, 8 
14872, 8, 8 
41464, 8, 5 
1543, 8, 8 
59813, 8, 8 
34691, 8, 8 
18104, 8, 8 
52863, 8, 8 
10596, 8, 8 
50176, 8, 8 
29877, 8, 8 
39602, 8, 8 
26664, 8, 8 
10856, 8, 8 
31468, 8, 8 
18945, 8, 8 
3073, 8, 8 
22568, 8, 8 
51904, 8, 8 
38391, 8, 8 
4834, 8, 8 
30029, 8, 8 
54916, 8, 8 
58283, 8, 8 
46475, 8, 8 
456, 8, 8 
50886, 8, 8 
51341, 8, 8 
25429, 8, 8 
56889, 8, 8 
39092, 8, 8 
3744, 8, 8 
2768, 8, 8 
3689, 8, 8 
11555, 8, 8 
59466, 8, 8 
50172, 8, 8 
13477, 8, 8 
27918, 8, 8 
1254, 8, 8 
43741, 8, 8 
12974, 8, 8 
26090, 8, 8 
46396, 8, 8 
51615, 8, 8 
13485, 8, 8 
38251, 8, 8 
1388, 8, 8 
45223, 8, 8 
57800, 8, 8 
27106, 8, 8 
59303, 8, 8 
32774, 8, 8 
32907, 8, 8 
54185, 8, 8 
39499, 8, 8 
43306, 8, 8 
42229, 8, 8 
24925, 8, 8 
11614, 8, 8 
35265, 8, 8 
4887, 8, 8 
27372, 8, 8 
33546, 8, 8 
59838, 8, 8 
21851, 8, 8 
50171, 8, 8 
21383, 8, 8 
31023, 8, 8 
49543, 8, 0 
49830, 8, 8 
18835, 8, 8 
17407, 8, 8 
14745, 8, 8 
28483, 8, 8 
24769, 8, 8 
24026, 8, 8 
50505, 8, 8 
791, 8, 8 
27524, 8, 8 
34040, 8, 8 
54625, 8, 8 
55853, 8, 8 
45110, 8, 8 
51705, 8, 8 
58666, 8, 8 
45056, 8, 8 
10201, 8, 8 
559, 8, 8 
39827, 8, 8 
45317, 8, 8 
22526, 8, 8 
51906, 8, 8 
57513, 8, 8 
34460, 8, 8 
28989, 8, 8 
11734, 8, 8 
10800, 8, 3 
29493, 8, 8 
55989, 8, 8 
3163, 8, 8 
27488, 8, 8 
33898, 8, 8 
25016, 8, 8 
34872, 8, 8 
6187, 8, 8 
20559, 8, 8 
55530, 8, 8 
20037, 8, 8 
41622, 8, 8 
34901, 8, 8 
39882, 8, 8 
37488, 8, 8 
1948, 8, 8 
47550, 8, 8 
41046, 8, 8 
25081, 8, 8 
41560, 8, 8 
32617, 8, 8 
1384, 8, 8 
11406, 8, 8 
32874, 8, 8 
45737, 8, 8 
53970, 8, 8 
10189, 8, 8 
10021, 8, 8 
39599, 8, 8 
47888, 8, 8 
9641, 8, 8 
32012, 8, 8 
49803, 8, 8 
1542, 8, 8 
43201, 8, 8 
55650, 8, 8 
58199, 8, 8 
27251, 8, 8 
4287, 8, 8 
14191, 8, 8 
57870, 8, 8 
48256, 8, 8 
49617, 8, 8 
6994, 8, 8 
53865, 8, 8 
14553, 8, 8 
12190, 8, 8 
29431, 8, 8 
30467, 8, 8 
54006, 8, 8 
59224, 8, 8 
1063, 8, 8 
12963, 8, 8 
14625, 8, 8 
56284, 8, 8 
11120, 8, 8 
53184, 8, 8 
59505, 8, 8 
55623, 8, 8 
49493, 8, 8 
7768, 8, 8 
31273, 8, 8 
56913, 8, 8 
48726, 8, 8 
1505, 8, 8 
36820, 8, 8 
14845, 8, 8 
20743, 8, 8 
30914, 8, 8 
5338, 8, 8 
5369, 8, 8 
30521, 8, 8 
45647, 8, 8 
43848, 8, 8 
31205, 8, 8 
11586, 8, 8 
41271, 8, 8 
41034, 8, 8 
12663, 8, 8 
50513, 8, 8 
24007, 8, 8 
28432, 8, 8 
55537, 8, 8 
23524, 8, 8 
48555, 8, 8 
45660, 8, 8 
57484, 8, 8 
43097, 8, 8 
393, 8, 8 
39865, 8, 8 
20372, 8, 8 
34108, 8, 8 
7638, 8, 8 
49901, 8, 8 
3086, 8, 8 
15219, 8, 8 
59049, 8, 8 
59101, 8, 8 
40488, 8, 8 
57668, 8, 8 
46658, 8, 8 
37924, 8, 8 
38476, 8, 8 
47359, 8, 8 
13917, 8, 8 
35307, 8, 8 
46528, 8, 8 
31569, 8, 8 
28307, 8, 8 
35338, 8, 8 
52890, 8, 8 
6066, 8, 8 
29381, 8, 8 
18291, 8, 8 
56295, 8, 8 
25709, 8, 8 
53131, 8, 8 
7825, 8, 8 
23805, 8, 8 
48875, 8, 8 
54612, 8, 8 
240, 8, 8 
3148, 8, 8 
39178, 8, 8 
57918, 8, 8 
41118, 8, 8 
54645, 8, 8 
56956, 8, 8 
11726, 8, 8 
5680, 8, 8 
1239, 8, 8 
26115, 8, 8 
31710, 8, 4 
33270, 8, 8 
50393, 8, 8 
43559, 8, 8 
25365, 8, 8 
28511, 8, 8 
42331, 8, 8 
33202, 8, 8 
26532, 8, 8 
26948, 8, 8 
45954, 8, 8 
11311, 8, 8 
3153, 8, 8 
48140, 8, 8 
22808, 8, 8 
39201, 8, 8 
23205, 8, 8 
50970, 8, 8 
38544, 8, 8 
27072, 8, 8 
12960, 8, 8 
20607, 8, 8 
42706, 8, 8 
43334, 8, 8 
45891, 8, 8 
52401, 8, 8 
31507, 8, 8 
9866, 8, 8 
7824, 8, 8 
14733, 8, 8 
49532, 8, 8 
41013, 8, 8 
15911, 8, 8 
37267, 8, 8 
16467, 8, 8 
499, 8, 8 
20923, 8, 8 
39575, 8, 8 
51612, 8, 8 
33755, 8, 8 
41931, 8, 8 
22119, 8, 8 
16154, 8, 8 
3040, 8, 8 
6275, 8, 8 
10515, 8, 8 
9208, 8, 8 
16073, 8, 8 
39187, 8, 8 
31832, 8, 8 
54492, 8, 8 
35120, 8, 8 
23768, 8, 8 
49295, 8, 8 
47080, 8, 8 
2243, 8, 8 
42347, 8, 8 
42079, 8, 8 
56623, 8, 8 
13204, 8, 8 
10559, 8, 8 
40417, 8, 8 
37253, 8, 8 
59034, 8, 8 
2511, 8, 8 
45458, 8, 8 
4139, 8, 8 
44579, 8, 8 
26805, 8, 8 
5783, 8, 8 
42051, 8, 8 
50552, 8, 8 
32110, 8, 8 
43072, 8, 8 
19475, 8, 8 
52483, 8, 8 
50791, 8, 8 
24679, 8, 8 
17405, 8, 8 
56911, 8, 8 
51437, 8, 8 
22365, 8, 8 
8782, 8, 8 
12616, 8, 8 
52968, 8, 2 
26153, 8, 8 
1749, 8, 8 
48375, 8, 8 
12848, 8, 8 
144, 8, 8 
24160, 8, 8 
35576, 8, 8 
56672, 8, 8 
52901, 8, 8 
24889, 8, 8 
47538, 8, 5 
47648, 8, 8 
40715, 8, 8 
6905, 8, 8 
29422, 8, 8 
44172, 8, 3 
34649, 8, 8 
13343, 8, 8 
9528, 8, 8 
9601, 8, 8 
22320, 8, 8 
36386, 8, 8 
48739, 8, 8 
35484, 8, 8 
13899, 8, 8 
694, 8, 8 
44806, 8, 8 
31236, 8, 8 
19756, 8, 8 
50394, 8, 8 
10064, 8, 8 
34328, 8, 8 
8675, 8, 8 
16340, 8, 8 
5827, 8, 8 
17506, 8, 8 
39191, 8, 8 
32103, 8, 8 
17894, 8, 8 
43403, 8, 8 
37493, 8, 8 
6938, 8, 8 
24312, 8, 8 
10359, 8, 8 
3211, 8, 8 
23316, 8, 8 
1475, 8, 8 
53186, 8, 8 
18674, 8, 8 
20545, 8, 8 
32509, 8, 8 
29365, 8, 8 
31801, 8, 8 
51878, 8, 8 
50302, 8, 8 
39693, 8, 8 
30248, 8, 8 
32926, 8, 8 
51803, 8, 8 
40213, 8, 8 
44834, 8, 8 
4036, 8, 8 
41699, 8, 8 
41935, 8, 8 
28003, 8, 8 
43953, 8, 8 
3119, 8, 8 
45756, 9, 9 
10306, 9, 9 
39064, 9, 9 
32304, 9, 9 
31934, 9, 9 
30636, 9, 9 
4158, 9, 4 
16776, 9, 9 
36181, 9, 9 
26440, 9, 9 
55493, 9, 9 
55131, 9, 9 
4050, 9, 9 
41295, 9, 9 
8111, 9, 9 
6061, 9, 9 
13178, 9, 9 
14294, 9, 9 
49511, 9, 9 
322, 9, 9 
49143, 9, 7 
54144, 9, 9 
31261, 9, 9 
16463, 9, 9 
110, 9, 9 
25643, 9, 9 
2697, 9, 9 
374, 9, 9 
14547, 9, 9 
9630, 9, 9 
50515, 9, 9 
55247, 9, 9 
9896, 9, 9 
6790, 9, 9 
34517, 9, 9 
17591, 9, 9 
36538, 9, 9 
4589, 9, 9 
26845, 9, 9 
10977, 9, 9 
14057, 9, 9 
59449, 9, 9 
30208, 9, 9 
18610, 9, 9 
9827, 9, 9 
59910, 9, 9 
56216, 9, 9 
13887, 9, 9 
18118, 9, 9 
6051, 9, 9 
23084, 9, 9 
35598, 9, 9 
33174, 9, 9 
18531, 9, 9 
24497, 9, 9 
10438, 9, 9 
19747, 9, 9 
58348, 9, 9 
33061, 9, 9 
14409, 9, 9 
14956, 9, 9 
28007, 9, 9 
37637, 9, 9 
34103, 9, 9 
33156, 9, 9 
7647, 9, 9 
18228, 9, 9 
28260, 9, 9 
56431, 9, 9 
36830, 9, 9 
34834, 9, 9 
12646, 9, 9 
34954, 9, 9 
38632, 9, 9 
13891, 9, 9 
12999, 9, 9 
43873, 9, 9 
44721, 9, 9 
7893, 9, 9 
39532, 9, 9 
23027, 9, 9 
45739, 9, 9 
20920, 9, 9 
13209, 9, 9 
50562, 9, 9 
28446, 9, 9 
26486, 9, 9 
51516, 9, 9 
10047, 9, 9 
49871, 9, 9 
38877, 9, 9 
34227, 9, 9 
59804, 9, 9 
43253, 9, 9 
11199, 9, 9 
43419, 9, 9 
48980, 9, 9 
32089, 9, 9 
36456, 9, 9 
5589, 9, 9 
54139, 9, 9 
9889, 9, 9 
30221, 9, 9 
4019, 9, 9 
32403, 9, 9 
59656, 9, 9 
18976, 9, 9 
8525, 9, 9 
12175, 9, 9 
29935, 9, 9 
31834, 9, 9 
39538, 9, 9 
38690, 9, 9 
7258, 9, 9 
27953, 9, 9 
5350, 9, 9 
2793, 9, 9 
43416, 9, 9 
21165, 9, 9 
45176, 9, 9 
15670, 9, 9 
35623, 9, 9 
42144, 9, 9 
29980, 9, 9 
31653, 9, 9 
45201, 9, 9 
51082, 9, 9 
23919, 9, 9 
9081, 9, 9 
20826, 9, 9 
21786, 9, 9 
45232, 9, 9 
35647, 9, 9 
32532, 9, 9 
54307, 9, 9 
52635, 9, 9 
13116, 9, 9 
58761, 9, 9 
25562, 9, 7 
42870, 9, 9 
37321, 9, 9 
37318, 9, 9 
52570, 9, 9 
48803, 9, 9 
25371, 9, 9 
59325, 9, 9 
8837, 9, 9 
21495, 9, 9 
29018, 9, 9 
48384, 9, 8 
7822, 9, 9 
10004, 9, 9 
33249, 9, 9 
58127, 9, 9 
20264, 9, 9 
26060, 9, 9 
37593, 9, 9 
31309, 9, 9 
45440, 9, 9 
40341, 9, 9 
52903, 9, 9 
48804, 9, 9 
18777, 9, 9 
31094, 9, 9 
3967, 9, 9 
162, 9, 9 
26764, 9, 9 
35191, 9, 9 
11151, 9, 9 
10142, 9, 9 
29993, 9, 9 
34211, 9, 9 
29978, 9, 9 
25810, 9, 9 
1112, 9, 9 
36720, 9, 9 
46282, 9, 9 
51730, 9, 9 
50020, 9, 9 
39331, 9, 9 
55642, 9, 9 
1167, 9, 9 
35341, 9, 9 
8127, 9, 9 
16039, 9, 9 
44687, 9, 9 
53821, 9, 9 
2060, 9, 9 
50747, 9, 9 
3263, 9, 9 
51280, 9, 9 
43565, 9, 9 
15268, 9, 9 
34753, 9, 9 
27164, 9, 9 
46655, 9, 9 
631, 9, 9 
40440, 9, 9 
26276, 9, 9 
37664, 9, 9 
2199, 9, 9 
15746, 9, 9 
58242, 9, 9 
6751, 9, 9 
39571, 9, 9 
52304, 9, 9 
12127, 9, 9 
43765, 9, 9 
2119, 9, 9 
37772, 9, 9 
31707, 9, 9 
55834, 9, 9 
10208, 9, 9 
19806, 9, 9 
41503, 9, 9 
42437, 9, 9 
4989, 9, 9 
28368, 9, 2 
16939, 9, 9 
20026, 9, 9 
43750, 9, 9 
19146, 9, 9 
30735, 9, 9 
9876, 9, 9 
50177, 9, 9 
23431, 9, 9 
6382, 9, 9 
12946, 9, 9 
30328, 9, 9 
7070, 9, 9 
24860, 9, 9 
29923, 9, 9 
29349, 9, 9 
11194, 9, 9 
22523, 9, 9 
3970, 9, 9 
6679, 9, 9 
13998, 9, 9 
2501, 9, 9 
19300, 9, 9 
42400, 9, 9 
42642, 9, 9 
32909, 9, 9 
58696, 9, 9 
41501, 9, 9 
24967, 9, 9 
41791, 9, 9 
55064, 9, 9 
46087, 9, 9 
6821, 9, 9 
12406, 9, 9 
27383, 9, 9 
22174, 9, 9 
59371, 9, 9 
26558, 9, 9 
1732, 9, 9 
43661, 9, 9 
34123, 9, 9 
38674, 9, 9 
29552, 9, 9 
19586, 9, 9 
25376, 9, 9 
49272, 9, 9 
25933, 9, 9 
53190, 9, 9 
36348, 9, 7 
38279, 9, 9 
38121, 9, 9 
44992, 9, 9 
34332, 9, 9 
14222, 9, 9 
44403, 9, 9 
36922, 9, 9 
57786, 9, 9 
23771, 9, 9 
8847, 9, 9 
6491, 9, 9 
43034, 9, 9 
9127, 9, 9 
55406, 9, 9 
42458, 9, 9 
8751, 9, 9 
27846, 9, 9 
33372, 9, 9 
7511, 9, 9 
51713, 9, 9 
41135, 9, 9 
56839, 9, 9 
40876, 9, 9 
14699, 9, 9 
34019, 9, 9 
51209, 9, 9 
12669, 9, 9 
36793, 9, 9 
14716, 9, 9 
20750, 9, 9 
1370, 9, 9 
32745, 9, 9 
3084, 9, 9 
21540, 9, 9 
56896, 9, 9 
59238, 9, 9 
57449, 9, 9 
11745, 9, 9 
44534, 9, 3 
37333, 9, 9 
52576, 9, 9 
30944, 9, 9 
55465, 9, 9 
14247, 9, 9 
42564, 9, 9 
59741, 9, 9 
48388, 9, 9 
2364, 9, 9 
9654, 9, 9 
28604, 9, 9 
44592, 9, 9 
44670, 9, 9 
52535, 9, 9 
44931, 9, 9 
59194, 9, 9 
362, 9, 9 
19576, 9, 9 
59814, 9, 9 
49549, 9, 9 
36148, 9, 9 
6294, 9, 9 
25044, 9, 9 
59214, 9, 9 
17427, 9, 9 
33461, 9, 9 
28047, 9, 9 
14687, 9, 9 
7447, 9, 9 
1574, 9, 9 
26885, 9, 9 
17550, 9, 9 
41375, 9, 9 
13717, 9, 9 
24593, 9, 9 
55763, 9, 9 
9532, 9, 9 
38767, 9, 9 
48580, 9, 9 
55599, 9, 9 
50859, 9, 9 
41014, 9, 9 
6145, 9, 9 
13278, 9, 9 
20508, 9, 9 
2371, 9, 9 
50851, 9, 9 
17723, 9, 9 
12051, 9, 9 
47120, 9, 9 
13456, 9, 9 
10820, 9, 9 
38552, 9, 9 
40136, 9, 9 
49383, 9, 9 
19629, 9, 9 
22230, 9, 9 
56135, 9, 9 
37326, 9, 9 
56577, 9, 9 
22223, 9, 9 
31128, 9, 9 
19220, 9, 9 
22799, 9, 9 
13429, 9, 9 
14886, 9, 9 
3095, 9, 9 
52017, 9, 9 
30469, 9, 9 
8440, 9, 9 
33236, 9, 9 
38701, 9, 9 
55978, 9, 9 
54698, 9, 9 
12496, 9, 9 
40772, 9, 9 
32729, 9, 9 
52341, 9, 9 
12059, 9, 9 
56478, 9, 9 
23555, 9, 9 
35332, 9, 9 
56257, 9, 9 
57033, 9, 9 
8059, 9, 9 
4627, 9, 9 
15212, 9, 9 
43478, 9, 9 
53059, 9, 9 
520, 9, 9 
18146, 9, 9 
14985, 9, 9 
55296, 9, 9 
763, 9, 9 
34300, 9, 9 
31961, 9, 9 
17666, 9, 9 
5523, 9, 9 
44407, 9, 9 
26259, 9, 9 
58529, 9, 9 
58401, 9, 9 
12257, 9, 9 
54687, 9, 9 
15222, 9, 9 
1623, 9, 9 
58075, 9, 9 
9306, 9, 9 
37824, 9, 9 
10055, 9, 9 
28197, 9, 9 
54311, 9, 9 
38673, 9, 9 
56270, 9, 9 
44429, 9, 9 
8358, 9, 9 
7742, 9, 9 
50807, 9, 9 
50386, 9, 9 
6156, 9, 9 
28215, 9, 9 
14058, 9, 9 
26846, 9, 9 
2267, 9, 9 
20282, 9, 9 
46578, 9, 9 
42017, 9, 9 
18405, 9, 9 
2137, 9, 9 
26361, 9, 9 
3594, 9, 9 
23638, 9, 9 
21724, 9, 9 
56413, 9, 9 
16829, 9, 9 
44348, 9, 9 
54038, 9, 9 
57295, 9, 9 
35641, 9, 9 
16470, 9, 9 
1683, 9, 9 
41433, 9, 9 
49358, 9, 9 
10495, 9, 9 
44769, 9, 9 
52538, 9, 9 
25655, 9, 9 
56341, 9, 9 
46373, 9, 9 
35605, 9, 9 
11970, 9, 9 
471, 9, 9 
6564, 9, 9 
31532, 9, 9 
10143, 9, 9 
29305, 9, 9 
39025, 9, 9 
6166, 9, 9 
19268, 9, 9 
47185, 9, 9 
280, 9, 9 
48171, 9, 9 
53645, 9, 9 
51807, 9, 9 
33597, 9, 9 
51985, 9, 9 
5212, 9, 9 
43193, 9, 9 
30756, 9, 9 
49752, 9, 9 
24054, 9, 9 
14696, 9, 9 
14358, 9, 9 
54793, 9, 9 
32908, 9, 9 
46030, 9, 9 
31747, 9, 9 
18813, 9, 9 
29346, 9, 9 
13409, 9, 9 
56408, 9, 9 
54386, 9, 9 
44071, 9, 9 
59397, 9, 9 
20554, 9, 9 
1984, 9, 9 
26594, 9, 9 
40330, 9, 9 
24153, 9, 9 
52672, 9, 9 
47762, 9, 9 
57627, 9, 9 
45380, 9, 9 
27661, 9, 9 
40943, 9, 9 
