id, true label, predicted label 
35064, 0, 0 
53429, 0, 0 
59696, 0, 0 
22757, 0, 0 
47997, 0, 0 
35050, 0, 0 
17133, 0, 0 
26903, 0, 0 
30790, 0, 0 
55541, 0, 0 
52079, 0, 0 
38993, 0, 0 
57073, 0, 0 
38404, 0, 0 
53404, 0, 0 
3131, 0, 0 
11361, 0, 0 
56419, 0, 0 
10874, 0, 0 
45129, 0, 0 
16961, 0, 0 
6468, 0, 0 
48578, 0, 0 
6331, 0, 0 
34237, 0, 0 
26728, 0, 0 
55840, 0, 0 
40329, 0, 0 
53256, 0, 0 
34251, 0, 0 
20482, 0, 0 
45817, 0, 0 
27638, 0, 0 
51826, 0, 0 
48807, 0, 0 
14752, 0, 0 
14564, 0, 0 
31677, 0, 0 
16352, 0, 0 
50353, 0, 0 
17977, 0, 0 
21898, 0, 0 
55361, 0, 0 
13054, 0, 0 
40180, 0, 0 
56606, 0, 0 
34486, 0, 0 
30699, 0, 0 
37677, 0, 0 
10705, 0, 0 
57769, 0, 0 
53509, 0, 0 
48911, 0, 0 
44023, 0, 0 
38501, 0, 0 
14158, 0, 0 
57810, 0, 0 
23988, 0, 0 
58376, 0, 0 
16484, 0, 0 
41265, 0, 0 
5674, 0, 0 
59143, 0, 0 
59043, 0, 0 
11526, 0, 0 
2806, 0, 0 
56609, 0, 0 
8926, 0, 0 
52728, 0, 0 
1819, 0, 0 
9166, 0, 0 
57705, 0, 0 
27951, 0, 0 
3490, 0, 0 
37408, 0, 0 
26979, 0, 0 
41041, 0, 0 
35739, 0, 0 
59605, 0, 0 
59929, 0, 0 
56239, 0, 0 
2532, 0, 0 
1093, 0, 0 
5462, 0, 0 
47263, 0, 0 
40454, 0, 0 
8343, 0, 0 
47031, 0, 0 
59987, 0, 0 
7025, 0, 0 
24962, 0, 0 
30097, 0, 0 
21256, 0, 0 
22362, 0, 0 
53814, 0, 0 
58665, 0, 0 
18443, 0, 0 
25456, 0, 0 
42038, 0, 0 
57296, 0, 0 
9874, 0, 0 
26685, 0, 0 
5194, 0, 0 
6614, 0, 0 
32690, 0, 0 
25729, 0, 0 
59244, 0, 0 
21506, 0, 0 
54284, 0, 0 
25390, 0, 0 
41211, 0, 0 
23613, 0, 0 
40821, 0, 0 
23120, 0, 0 
8262, 0, 0 
13286, 0, 0 
34172, 0, 0 
20175, 0, 0 
56362, 0, 0 
28165, 0, 0 
4356, 0, 0 
14613, 0, 0 
41646, 0, 0 
15926, 0, 0 
13033, 0, 0 
43347, 0, 0 
54642, 0, 0 
27663, 0, 0 
57730, 0, 0 
22917, 0, 0 
55048, 0, 0 
11661, 0, 0 
42664, 0, 0 
43074, 0, 0 
49199, 0, 0 
9790, 0, 0 
24872, 0, 0 
27170, 0, 0 
7055, 0, 0 
30653, 0, 0 
26298, 0, 0 
36391, 0, 0 
42945, 0, 0 
50256, 0, 0 
41643, 0, 0 
48488, 0, 0 
59105, 0, 0 
41713, 0, 0 
11217, 0, 0 
45722, 0, 0 
3896, 0, 0 
1868, 0, 0 
14160, 0, 0 
7846, 0, 0 
31490, 0, 0 
53189, 0, 0 
40260, 0, 0 
29262, 0, 0 
52409, 0, 0 
12457, 0, 0 
14773, 0, 0 
54089, 0, 0 
6630, 0, 0 
18232, 0, 0 
28945, 0, 0 
53857, 0, 0 
27343, 0, 0 
30923, 0, 0 
58035, 0, 0 
7158, 0, 0 
16679, 0, 0 
39050, 0, 0 
29395, 0, 0 
18042, 0, 0 
1930, 0, 0 
48459, 0, 0 
57393, 0, 0 
27854, 0, 0 
10045, 0, 0 
24389, 0, 0 
2257, 0, 0 
4911, 0, 0 
5154, 0, 0 
10840, 0, 0 
429, 0, 0 
55297, 0, 0 
14356, 0, 0 
6422, 0, 0 
52396, 0, 0 
21586, 0, 0 
42981, 0, 0 
28296, 0, 0 
19203, 0, 0 
7548, 0, 0 
51121, 0, 0 
23709, 0, 0 
43727, 0, 0 
34302, 0, 0 
38179, 0, 0 
9869, 0, 0 
36537, 0, 0 
27512, 0, 0 
10366, 0, 0 
12103, 0, 0 
45840, 0, 0 
58668, 0, 0 
29128, 0, 0 
5368, 0, 0 
32574, 0, 0 
55967, 0, 0 
32427, 0, 0 
33237, 0, 0 
49059, 0, 0 
17122, 0, 0 
34099, 0, 0 
35107, 0, 0 
7305, 0, 0 
1128, 0, 0 
51809, 0, 0 
5563, 0, 0 
33848, 0, 0 
14775, 0, 0 
19930, 0, 0 
28402, 0, 0 
34562, 0, 0 
39075, 0, 0 
15863, 0, 0 
30119, 0, 0 
29599, 0, 0 
44243, 0, 0 
58362, 0, 0 
59911, 0, 0 
29420, 0, 0 
48677, 0, 0 
16618, 0, 0 
44777, 0, 0 
45676, 0, 0 
27544, 0, 0 
7128, 0, 0 
41051, 0, 0 
45371, 0, 0 
56940, 0, 0 
45721, 0, 0 
48790, 0, 0 
21975, 0, 0 
14705, 0, 0 
28486, 0, 0 
2084, 0, 0 
8533, 0, 0 
50511, 0, 0 
18658, 0, 0 
55680, 0, 0 
29732, 0, 0 
5330, 0, 0 
2745, 0, 0 
46273, 0, 0 
16975, 0, 0 
2826, 0, 0 
22111, 0, 0 
45596, 0, 0 
38808, 0, 0 
3953, 0, 0 
10265, 0, 0 
776, 0, 0 
44883, 0, 0 
40582, 0, 0 
8274, 0, 0 
18921, 0, 0 
44127, 0, 0 
5883, 0, 0 
26843, 0, 0 
33389, 0, 0 
55065, 0, 0 
38903, 0, 0 
18832, 0, 0 
639, 0, 0 
35612, 0, 0 
50036, 0, 0 
40340, 0, 0 
49351, 0, 0 
33496, 0, 0 
38523, 0, 0 
6179, 0, 0 
30009, 0, 0 
52955, 0, 0 
25181, 0, 0 
38744, 0, 0 
50643, 0, 0 
18357, 0, 0 
43610, 0, 0 
13203, 0, 0 
46166, 0, 0 
45760, 0, 0 
39944, 0, 0 
28357, 0, 0 
46963, 0, 0 
2582, 0, 0 
23331, 0, 0 
59869, 0, 0 
48661, 0, 0 
7066, 0, 0 
48627, 0, 0 
28101, 0, 0 
20816, 0, 0 
19074, 0, 0 
51352, 0, 0 
28024, 0, 0 
39202, 0, 0 
16139, 0, 0 
36484, 0, 0 
13344, 0, 0 
20608, 0, 0 
11091, 0, 0 
29102, 0, 0 
16634, 0, 0 
43011, 0, 0 
52133, 0, 0 
54835, 0, 0 
17770, 0, 0 
3409, 0, 0 
37, 0, 0 
56704, 0, 0 
47476, 0, 0 
39823, 0, 0 
21546, 0, 0 
54229, 0, 0 
2854, 0, 0 
39683, 0, 0 
3198, 0, 0 
39715, 0, 0 
41627, 0, 0 
45422, 0, 0 
50727, 0, 0 
13609, 0, 0 
15142, 0, 0 
55501, 0, 0 
10069, 0, 0 
36617, 0, 0 
13217, 0, 0 
36848, 0, 0 
31628, 0, 0 
29414, 0, 0 
50298, 0, 0 
3328, 0, 0 
22441, 0, 0 
6970, 0, 0 
15275, 0, 0 
19985, 0, 0 
12776, 0, 0 
20349, 0, 0 
1606, 0, 0 
32966, 0, 0 
37411, 0, 0 
872, 0, 0 
51041, 0, 0 
31297, 0, 0 
19915, 0, 0 
46812, 0, 0 
19117, 0, 0 
51491, 0, 0 
2435, 0, 0 
35959, 0, 0 
10107, 0, 0 
10384, 0, 0 
12421, 0, 0 
43258, 0, 0 
42053, 0, 0 
55890, 0, 0 
38766, 0, 0 
15628, 0, 0 
25389, 0, 0 
5830, 0, 0 
27247, 0, 0 
12497, 0, 0 
24444, 0, 0 
25818, 0, 0 
2597, 0, 0 
57760, 0, 0 
13726, 0, 0 
47736, 0, 0 
46726, 0, 0 
30849, 0, 0 
53298, 0, 0 
57682, 0, 0 
31410, 0, 0 
36476, 0, 0 
53387, 0, 0 
42637, 0, 0 
42131, 0, 0 
31172, 0, 0 
10272, 0, 0 
42783, 0, 0 
33148, 0, 0 
23297, 0, 0 
20085, 0, 0 
27859, 0, 0 
41331, 0, 0 
11860, 0, 0 
49197, 0, 0 
32526, 0, 0 
2160, 0, 0 
56005, 0, 0 
689, 0, 0 
32098, 0, 0 
29388, 0, 0 
1076, 0, 0 
27407, 0, 0 
1018, 0, 0 
22487, 0, 0 
14919, 0, 0 
50852, 0, 0 
15344, 0, 0 
36198, 0, 0 
709, 0, 0 
58062, 0, 0 
12020, 0, 0 
7254, 0, 0 
25039, 0, 0 
2528, 0, 0 
59012, 0, 0 
28540, 0, 0 
16520, 0, 0 
17738, 0, 0 
21602, 0, 0 
17549, 0, 0 
37189, 0, 0 
37052, 0, 0 
46227, 0, 0 
31995, 0, 0 
57536, 0, 0 
19492, 0, 0 
5249, 0, 0 
28105, 0, 0 
58121, 0, 0 
6332, 0, 0 
13777, 0, 0 
52558, 0, 0 
42369, 0, 0 
25166, 0, 0 
6758, 0, 0 
22043, 0, 0 
45467, 0, 0 
52804, 0, 0 
57027, 0, 0 
54290, 0, 0 
42744, 0, 0 
47135, 0, 0 
10456, 0, 0 
18703, 0, 0 
46479, 0, 0 
32785, 0, 0 
58492, 0, 0 
7062, 0, 0 
15492, 0, 0 
40888, 0, 0 
57695, 0, 0 
15695, 0, 0 
31263, 0, 0 
31445, 0, 0 
27401, 0, 0 
19325, 0, 0 
56459, 0, 0 
30827, 0, 0 
34097, 0, 0 
16178, 0, 0 
20088, 0, 0 
21553, 0, 0 
11620, 0, 0 
4985, 0, 0 
20117, 0, 0 
3015, 0, 0 
58229, 0, 0 
24189, 0, 0 
48526, 0, 0 
58146, 0, 0 
5694, 0, 0 
7471, 0, 0 
8813, 0, 0 
19171, 0, 0 
39483, 0, 0 
33244, 0, 0 
26197, 0, 0 
40412, 0, 0 
46535, 0, 0 
23813, 0, 0 
24993, 0, 0 
825, 0, 0 
903, 0, 0 
48200, 0, 0 
3632, 0, 0 
35782, 0, 0 
17534, 0, 0 
22013, 0, 0 
32605, 0, 0 
51301, 0, 0 
19485, 0, 0 
7708, 0, 0 
23293, 0, 0 
40613, 0, 0 
36019, 0, 0 
31323, 1, 1 
14181, 1, 1 
33535, 1, 1 
31755, 1, 1 
45131, 1, 1 
6678, 1, 1 
5507, 1, 1 
19735, 1, 1 
15316, 1, 1 
21889, 1, 1 
18790, 1, 1 
16076, 1, 1 
36448, 1, 1 
6977, 1, 1 
4644, 1, 1 
37926, 1, 1 
38482, 1, 1 
50608, 1, 1 
37670, 1, 1 
2791, 1, 1 
11337, 1, 1 
1132, 1, 1 
19997, 1, 1 
56149, 1, 1 
37038, 1, 2 
19731, 1, 1 
33558, 1, 1 
40071, 1, 1 
59, 1, 1 
17639, 1, 1 
58056, 1, 1 
37911, 1, 1 
14298, 1, 1 
5713, 1, 1 
54458, 1, 1 
7838, 1, 1 
17413, 1, 1 
34513, 1, 1 
11440, 1, 1 
11901, 1, 1 
27662, 1, 1 
13392, 1, 1 
38707, 1, 1 
36625, 1, 1 
9884, 1, 1 
15967, 1, 1 
3802, 1, 1 
53610, 1, 1 
593, 1, 1 
12212, 1, 1 
22916, 1, 1 
49359, 1, 1 
25274, 1, 1 
49292, 1, 1 
16714, 1, 1 
15805, 1, 1 
18741, 1, 1 
19381, 1, 1 
28836, 1, 1 
44561, 1, 1 
2938, 1, 1 
45140, 1, 1 
21109, 1, 1 
1080, 1, 1 
28743, 1, 1 
16203, 1, 1 
3379, 1, 1 
54552, 1, 1 
24555, 1, 1 
470, 1, 1 
44296, 1, 1 
205, 1, 1 
32465, 1, 1 
26492, 1, 1 
30471, 1, 1 
59414, 1, 1 
19782, 1, 1 
49482, 1, 1 
11317, 1, 1 
30512, 1, 1 
19894, 1, 1 
29288, 1, 1 
13260, 1, 1 
40610, 1, 1 
45290, 1, 1 
39160, 1, 1 
42040, 1, 1 
23852, 1, 1 
58737, 1, 1 
34681, 1, 1 
2878, 1, 1 
20231, 1, 1 
37207, 1, 1 
7720, 1, 1 
44542, 1, 1 
46210, 1, 1 
5425, 1, 1 
6328, 1, 1 
27111, 1, 1 
44198, 1, 1 
41914, 1, 1 
31144, 1, 1 
15290, 1, 1 
15758, 1, 1 
7850, 1, 1 
30143, 1, 1 
39796, 1, 1 
47692, 1, 1 
24536, 1, 1 
41019, 1, 1 
17254, 1, 1 
7105, 1, 1 
56192, 1, 1 
26420, 1, 1 
13689, 1, 1 
41536, 1, 1 
22207, 1, 1 
59382, 1, 1 
8, 1, 1 
58689, 1, 1 
56423, 1, 1 
53405, 1, 1 
16204, 1, 1 
34515, 1, 1 
56764, 1, 1 
43808, 1, 1 
2362, 1, 1 
19753, 1, 1 
8633, 1, 1 
39711, 1, 1 
20394, 1, 1 
19837, 1, 1 
5090, 1, 1 
12932, 1, 1 
4486, 1, 1 
32677, 1, 1 
24710, 1, 1 
35719, 1, 1 
56960, 1, 1 
47535, 1, 1 
23219, 1, 1 
48229, 1, 1 
17856, 1, 1 
39364, 1, 1 
53178, 1, 1 
18389, 1, 1 
4286, 1, 1 
31264, 1, 1 
38455, 1, 1 
18516, 1, 1 
41238, 1, 1 
45167, 1, 1 
33992, 1, 1 
13296, 1, 1 
6702, 1, 1 
52489, 1, 1 
19901, 1, 1 
57453, 1, 1 
31815, 1, 1 
45803, 1, 1 
52382, 1, 1 
56511, 1, 1 
10205, 1, 1 
13855, 1, 1 
52741, 1, 1 
3295, 1, 1 
17815, 1, 1 
44038, 1, 1 
42175, 1, 1 
38235, 1, 1 
19122, 1, 1 
58865, 1, 1 
36297, 1, 1 
9199, 1, 1 
11735, 1, 1 
37155, 1, 1 
17618, 1, 1 
21697, 1, 1 
34074, 1, 1 
28019, 1, 1 
29740, 1, 1 
14021, 1, 1 
7472, 1, 1 
6989, 1, 1 
8704, 1, 1 
35792, 1, 1 
24328, 1, 1 
48931, 1, 1 
35303, 1, 1 
11622, 1, 1 
59671, 1, 1 
26175, 1, 1 
29068, 1, 1 
43249, 1, 1 
28925, 1, 1 
22812, 1, 1 
54340, 1, 1 
10892, 1, 1 
2202, 1, 1 
8422, 1, 1 
54753, 1, 1 
45147, 1, 1 
36373, 1, 1 
52963, 1, 1 
37719, 1, 1 
3212, 1, 1 
18640, 1, 1 
22412, 1, 1 
54027, 1, 1 
48303, 1, 1 
32231, 1, 1 
13788, 1, 1 
53041, 1, 1 
44693, 1, 1 
33108, 1, 1 
52369, 1, 1 
41418, 1, 1 
455, 1, 1 
4731, 1, 1 
3800, 1, 1 
41637, 1, 1 
56506, 1, 1 
533, 1, 1 
32462, 1, 1 
6709, 1, 1 
23505, 1, 1 
24838, 1, 1 
4766, 1, 1 
25989, 1, 1 
47947, 1, 1 
25057, 1, 1 
22247, 1, 1 
47770, 1, 1 
59832, 1, 1 
15345, 1, 1 
18282, 1, 1 
56610, 1, 1 
7524, 1, 1 
16835, 1, 1 
34173, 1, 1 
22170, 1, 1 
57454, 1, 1 
33166, 1, 1 
16012, 1, 1 
40287, 1, 1 
23255, 1, 1 
48183, 1, 1 
17782, 1, 1 
21398, 1, 1 
14234, 1, 1 
51149, 1, 1 
2336, 1, 1 
24974, 1, 1 
58913, 1, 1 
25327, 1, 1 
56071, 1, 1 
4152, 1, 1 
39052, 1, 1 
24136, 1, 1 
39857, 1, 1 
10257, 1, 1 
16159, 1, 1 
2776, 1, 1 
11387, 1, 1 
12314, 1, 1 
45900, 1, 1 
58008, 1, 1 
55067, 1, 1 
23115, 1, 1 
50103, 1, 1 
609, 1, 1 
39049, 1, 1 
2872, 1, 1 
22345, 1, 1 
47583, 1, 1 
47796, 1, 1 
5262, 1, 1 
20988, 1, 1 
10922, 1, 1 
14119, 1, 1 
7609, 1, 1 
51900, 1, 1 
34655, 1, 1 
55386, 1, 1 
37225, 1, 1 
12145, 1, 1 
3, 1, 1 
2083, 1, 1 
35756, 1, 1 
50207, 1, 1 
41777, 1, 1 
38160, 1, 1 
46304, 1, 1 
26867, 1, 1 
4639, 1, 1 
21362, 1, 1 
56683, 1, 1 
9910, 1, 1 
29587, 1, 1 
15803, 1, 1 
41859, 1, 1 
8382, 1, 1 
3111, 1, 1 
14016, 1, 1 
14268, 1, 1 
57014, 1, 1 
17541, 1, 1 
49941, 1, 1 
3380, 1, 1 
46267, 1, 1 
35862, 1, 1 
49610, 1, 1 
1003, 1, 1 
7996, 1, 1 
59052, 1, 1 
18384, 1, 1 
45221, 1, 1 
59460, 1, 1 
2166, 1, 1 
42176, 1, 1 
35163, 1, 1 
49569, 1, 1 
49488, 1, 1 
174, 1, 1 
16325, 1, 1 
32528, 1, 1 
7234, 1, 1 
4291, 1, 1 
9570, 1, 1 
3996, 1, 1 
8836, 1, 1 
31019, 1, 1 
15138, 1, 1 
18259, 1, 1 
43349, 1, 1 
9453, 1, 1 
12441, 1, 1 
35436, 1, 1 
4069, 1, 1 
40438, 1, 1 
49919, 1, 1 
10267, 1, 1 
57865, 1, 1 
52648, 1, 1 
24115, 1, 1 
51377, 1, 1 
49787, 1, 1 
8160, 1, 1 
14874, 1, 1 
27409, 1, 1 
24900, 1, 1 
15813, 1, 1 
44648, 1, 1 
56696, 1, 1 
33417, 1, 1 
18075, 1, 1 
27528, 1, 1 
36271, 1, 1 
43897, 1, 1 
17599, 1, 1 
29598, 1, 1 
37782, 1, 1 
3898, 1, 1 
28970, 1, 1 
1331, 1, 1 
18695, 1, 1 
18761, 1, 1 
56384, 1, 1 
17854, 1, 1 
32824, 1, 1 
40004, 1, 1 
18800, 1, 1 
2415, 1, 1 
49232, 1, 1 
18664, 1, 1 
15920, 1, 1 
25054, 1, 1 
44126, 1, 1 
28656, 1, 1 
34077, 1, 1 
50652, 1, 1 
1002, 1, 1 
23751, 1, 1 
21991, 1, 1 
25857, 1, 1 
32378, 1, 1 
2039, 1, 1 
41986, 1, 1 
50632, 1, 1 
30606, 1, 1 
19850, 1, 1 
25858, 1, 1 
49395, 1, 1 
15574, 1, 1 
2316, 1, 1 
57310, 1, 1 
46085, 1, 1 
24355, 1, 1 
48361, 1, 1 
1807, 1, 1 
3729, 1, 1 
51252, 1, 1 
45182, 1, 1 
29033, 1, 1 
16348, 1, 1 
42874, 1, 1 
58741, 1, 1 
38492, 1, 1 
13453, 1, 1 
16742, 1, 1 
52075, 1, 1 
13974, 1, 1 
7993, 1, 1 
5950, 1, 1 
37101, 1, 1 
7806, 1, 1 
49641, 1, 1 
7910, 1, 1 
16061, 1, 1 
20146, 1, 1 
7696, 1, 1 
15933, 1, 1 
45768, 1, 1 
57305, 1, 1 
11134, 1, 1 
16367, 1, 1 
55901, 1, 1 
34625, 1, 1 
24973, 1, 1 
24013, 1, 1 
15240, 1, 1 
53448, 1, 1 
57250, 1, 1 
58501, 1, 1 
6570, 1, 1 
26587, 1, 1 
11895, 1, 1 
24366, 1, 1 
58820, 1, 1 
22899, 1, 1 
47153, 1, 1 
5814, 1, 1 
9693, 1, 1 
6665, 1, 1 
35595, 1, 1 
56810, 1, 1 
38463, 1, 1 
40779, 1, 1 
13785, 1, 1 
21878, 1, 1 
28056, 1, 1 
25253, 1, 1 
1548, 1, 1 
6499, 1, 1 
13413, 1, 1 
13338, 1, 1 
49878, 1, 1 
28822, 1, 1 
54239, 1, 1 
27629, 1, 1 
11249, 1, 1 
8331, 1, 1 
1597, 1, 1 
23390, 1, 1 
25697, 1, 1 
4407, 1, 1 
2725, 1, 1 
7169, 1, 1 
57322, 1, 1 
28331, 1, 1 
59912, 1, 1 
4553, 1, 1 
44065, 1, 1 
10098, 1, 1 
30742, 1, 1 
43300, 1, 1 
53168, 1, 1 
20465, 1, 1 
39265, 1, 1 
33841, 1, 1 
15020, 1, 1 
20828, 1, 1 
48650, 1, 1 
49723, 1, 1 
10268, 1, 1 
8660, 1, 1 
31296, 1, 1 
35945, 1, 1 
54489, 1, 1 
49811, 1, 1 
20474, 1, 1 
10565, 1, 1 
9540, 1, 1 
18019, 1, 1 
22848, 1, 1 
9981, 1, 1 
58963, 1, 1 
45075, 1, 1 
13748, 1, 1 
21166, 1, 1 
52358, 2, 2 
57574, 2, 2 
56069, 2, 2 
22661, 2, 2 
1896, 2, 2 
38665, 2, 2 
47804, 2, 2 
6080, 2, 2 
24067, 2, 2 
3142, 2, 2 
43314, 2, 2 
24098, 2, 2 
13061, 2, 2 
29646, 2, 2 
3848, 2, 2 
37437, 2, 2 
21009, 2, 2 
18633, 2, 2 
56590, 2, 2 
25507, 2, 2 
36914, 2, 2 
17266, 2, 2 
55228, 2, 2 
36715, 2, 2 
5890, 2, 2 
46977, 2, 2 
830, 2, 2 
38937, 2, 2 
29784, 2, 2 
36463, 2, 2 
46656, 2, 2 
51653, 2, 2 
20867, 2, 2 
34436, 2, 2 
14868, 2, 2 
1880, 2, 2 
30309, 2, 2 
13374, 2, 2 
19463, 2, 2 
24790, 2, 2 
51931, 2, 2 
1438, 2, 2 
25718, 2, 2 
23797, 2, 2 
47226, 2, 2 
7818, 2, 2 
38070, 2, 2 
22062, 2, 2 
32264, 2, 2 
57153, 2, 2 
7257, 2, 2 
40886, 2, 2 
2875, 2, 2 
19903, 2, 2 
19391, 2, 2 
29220, 2, 2 
23222, 2, 2 
44229, 2, 2 
40968, 2, 2 
12951, 2, 2 
35785, 2, 2 
19129, 2, 2 
1735, 2, 2 
15853, 2, 2 
35138, 2, 2 
13877, 2, 2 
15614, 2, 2 
551, 2, 2 
37083, 2, 2 
41937, 2, 2 
44847, 2, 2 
3975, 2, 2 
18489, 2, 2 
9248, 2, 2 
8201, 2, 2 
55281, 2, 2 
45725, 2, 2 
30970, 2, 2 
5289, 2, 2 
52982, 2, 2 
30811, 2, 2 
24450, 2, 2 
54613, 2, 2 
20065, 2, 2 
35478, 2, 2 
42328, 2, 2 
444, 2, 2 
2802, 2, 2 
866, 2, 2 
39921, 2, 2 
3791, 2, 2 
52109, 2, 2 
36805, 2, 2 
41182, 2, 2 
9203, 2, 2 
55304, 2, 2 
57191, 2, 2 
18201, 2, 2 
6126, 2, 2 
54545, 2, 2 
19345, 2, 2 
23846, 2, 2 
46783, 2, 2 
50153, 2, 2 
20224, 2, 2 
12608, 2, 2 
34831, 2, 2 
24552, 2, 2 
16567, 2, 2 
49642, 2, 2 
48757, 2, 2 
18117, 2, 2 
14837, 2, 2 
16269, 2, 2 
32155, 2, 2 
48320, 2, 2 
24427, 2, 2 
33698, 2, 2 
50221, 2, 2 
44828, 2, 2 
14835, 2, 2 
38010, 2, 2 
143, 2, 2 
16627, 2, 2 
8905, 2, 2 
27719, 2, 2 
23705, 2, 2 
23194, 2, 2 
23410, 2, 2 
11346, 2, 2 
56427, 2, 2 
26941, 2, 2 
18164, 2, 2 
57319, 2, 2 
43681, 2, 2 
39323, 2, 2 
38542, 2, 2 
53377, 2, 2 
54848, 2, 2 
41633, 2, 2 
35872, 2, 2 
42991, 2, 2 
27673, 2, 2 
11971, 2, 2 
42240, 2, 2 
22358, 2, 2 
57338, 2, 2 
57889, 2, 2 
1550, 2, 2 
39772, 2, 2 
47590, 2, 2 
8433, 2, 2 
57284, 2, 2 
26632, 2, 2 
19750, 2, 2 
5400, 2, 2 
46129, 2, 2 
47922, 2, 2 
27614, 2, 2 
52839, 2, 2 
55657, 2, 2 
27696, 2, 2 
1188, 2, 2 
43576, 2, 2 
38319, 2, 2 
17873, 2, 2 
48147, 2, 2 
1724, 2, 2 
55982, 2, 2 
52208, 2, 2 
3339, 2, 2 
317, 2, 2 
8403, 2, 2 
35927, 2, 2 
53650, 2, 2 
34907, 2, 2 
43331, 2, 2 
14836, 2, 2 
28842, 2, 2 
30931, 2, 2 
48270, 2, 2 
47924, 2, 2 
51448, 2, 2 
19653, 2, 2 
31133, 2, 2 
1407, 2, 2 
33807, 2, 2 
38396, 2, 2 
7895, 2, 2 
40949, 2, 2 
40212, 2, 2 
7646, 2, 2 
7369, 2, 2 
57799, 2, 2 
28268, 2, 2 
4514, 2, 2 
47088, 2, 2 
37630, 2, 2 
14113, 2, 2 
36662, 2, 2 
46343, 2, 2 
8446, 2, 2 
48934, 2, 2 
50538, 2, 2 
41900, 2, 2 
44021, 2, 2 
32057, 2, 2 
58841, 2, 2 
32973, 2, 2 
54519, 2, 2 
13330, 2, 2 
47965, 2, 2 
47787, 2, 2 
30705, 2, 2 
26794, 2, 2 
37145, 2, 2 
52602, 2, 2 
21151, 2, 2 
35832, 2, 2 
18535, 2, 2 
4603, 2, 2 
19087, 2, 2 
51037, 2, 2 
45158, 2, 2 
23355, 2, 2 
10122, 2, 2 
28407, 2, 2 
51273, 2, 2 
42538, 2, 2 
34717, 2, 2 
31933, 2, 2 
51064, 2, 2 
35509, 2, 2 
54480, 2, 2 
55176, 2, 2 
9722, 2, 2 
39299, 2, 2 
48248, 2, 2 
25548, 2, 2 
17912, 2, 2 
13522, 2, 2 
38409, 2, 2 
13922, 2, 2 
37967, 2, 2 
5529, 2, 2 
5816, 2, 2 
13179, 2, 2 
24418, 2, 2 
30719, 2, 2 
15799, 2, 2 
6005, 2, 2 
20375, 2, 2 
28801, 2, 9 
13159, 2, 2 
20473, 2, 2 
41916, 2, 2 
17080, 2, 2 
48531, 2, 2 
35453, 2, 2 
59476, 2, 2 
18783, 2, 2 
36375, 2, 2 
18514, 2, 2 
5985, 2, 2 
43566, 2, 2 
57503, 2, 2 
47706, 2, 2 
4398, 2, 2 
11493, 2, 2 
18922, 2, 2 
52271, 2, 2 
50826, 2, 2 
47971, 2, 2 
3917, 2, 2 
51599, 2, 2 
42454, 2, 2 
37727, 2, 2 
50065, 2, 2 
10554, 2, 2 
36462, 2, 2 
1711, 2, 2 
6055, 2, 2 
38171, 2, 2 
17464, 2, 2 
43935, 2, 2 
19505, 2, 2 
23957, 2, 2 
34680, 2, 2 
6515, 2, 2 
42353, 2, 2 
41766, 2, 2 
40607, 2, 2 
3381, 2, 2 
76, 2, 2 
46707, 2, 2 
27239, 2, 2 
642, 2, 2 
38785, 2, 2 
59628, 2, 2 
48951, 2, 2 
29612, 2, 2 
59675, 2, 2 
11018, 2, 2 
27232, 2, 2 
7827, 2, 2 
40151, 2, 2 
30078, 2, 2 
53984, 2, 2 
28537, 2, 2 
21436, 2, 2 
21136, 2, 2 
28879, 2, 2 
48621, 2, 2 
21450, 2, 2 
4509, 2, 2 
8293, 2, 2 
5420, 2, 2 
2189, 2, 2 
38024, 2, 2 
45362, 2, 2 
35023, 2, 2 
27108, 2, 2 
57273, 2, 2 
43172, 2, 2 
5700, 2, 2 
49498, 2, 2 
1374, 2, 2 
52453, 2, 2 
59788, 2, 2 
46543, 2, 2 
15603, 2, 2 
38127, 2, 2 
48034, 2, 2 
35827, 2, 2 
14490, 2, 2 
29626, 2, 2 
2877, 2, 2 
49115, 2, 2 
27898, 2, 2 
50230, 2, 2 
14357, 2, 2 
6161, 2, 2 
8334, 2, 2 
5258, 2, 2 
18930, 2, 2 
47036, 2, 2 
34444, 2, 2 
19154, 2, 2 
41821, 2, 2 
29510, 2, 2 
29244, 2, 2 
26329, 2, 2 
54247, 2, 2 
40090, 2, 2 
13313, 2, 2 
36685, 2, 2 
4031, 2, 2 
17315, 2, 2 
53744, 2, 2 
1595, 2, 2 
10680, 2, 2 
23701, 2, 2 
27864, 2, 2 
14458, 2, 2 
37631, 2, 2 
25677, 2, 2 
1255, 2, 2 
7673, 2, 2 
10776, 2, 2 
31221, 2, 2 
1361, 2, 2 
34157, 2, 2 
7347, 2, 2 
7370, 2, 2 
24430, 2, 2 
6642, 2, 2 
43477, 2, 2 
52403, 2, 2 
1648, 2, 2 
47043, 2, 2 
3342, 2, 2 
26541, 2, 2 
25974, 2, 2 
25020, 2, 2 
15585, 2, 2 
7920, 2, 2 
14373, 2, 2 
54457, 2, 2 
48598, 2, 2 
51580, 2, 2 
17188, 2, 2 
54573, 2, 2 
58063, 2, 2 
42068, 2, 2 
3880, 2, 2 
26899, 2, 2 
57894, 2, 2 
56154, 2, 2 
39008, 2, 2 
19028, 2, 2 
28285, 2, 2 
26577, 2, 2 
10194, 2, 2 
32418, 2, 2 
46162, 2, 2 
23683, 2, 2 
7776, 2, 2 
22712, 2, 2 
52001, 2, 2 
29401, 2, 2 
15263, 2, 2 
12501, 2, 2 
10824, 2, 2 
51323, 2, 2 
46001, 2, 2 
714, 2, 2 
23038, 2, 2 
49148, 2, 2 
5733, 2, 2 
20514, 2, 2 
58215, 2, 2 
7615, 2, 2 
17600, 2, 2 
34371, 2, 2 
15434, 2, 4 
7916, 2, 2 
12385, 2, 2 
873, 2, 2 
36868, 2, 2 
17566, 2, 2 
12582, 2, 2 
15403, 2, 2 
38275, 2, 2 
22115, 2, 2 
4706, 2, 2 
59444, 2, 2 
22199, 2, 2 
58398, 2, 2 
6273, 2, 2 
25309, 2, 2 
20432, 2, 2 
11339, 2, 2 
35011, 2, 2 
17052, 2, 2 
41911, 2, 2 
9169, 2, 2 
33088, 2, 2 
41382, 2, 2 
27181, 2, 2 
28366, 2, 2 
50452, 2, 2 
25533, 2, 2 
32949, 2, 2 
26922, 2, 2 
45838, 2, 2 
47102, 2, 2 
48107, 2, 2 
6231, 2, 2 
14800, 2, 2 
34287, 2, 2 
11581, 2, 2 
45500, 2, 2 
5129, 2, 2 
51738, 2, 2 
26006, 2, 2 
51541, 2, 2 
36768, 2, 2 
19693, 2, 2 
57130, 2, 2 
15094, 2, 2 
11446, 2, 2 
50546, 2, 2 
50563, 2, 2 
45867, 2, 2 
53901, 2, 2 
32998, 2, 2 
13299, 2, 2 
59252, 2, 2 
13082, 2, 2 
28293, 2, 2 
21982, 2, 7 
10327, 2, 2 
50953, 2, 2 
29025, 2, 2 
37655, 2, 2 
28672, 2, 2 
49580, 2, 2 
57838, 2, 2 
39979, 2, 2 
59706, 2, 2 
43105, 2, 2 
37084, 2, 2 
9271, 2, 2 
9484, 2, 2 
25476, 2, 2 
5156, 2, 2 
35456, 2, 2 
3165, 2, 2 
39203, 2, 2 
18764, 2, 2 
13824, 3, 3 
35180, 3, 3 
46228, 3, 3 
48482, 3, 3 
52565, 3, 3 
8967, 3, 3 
37792, 3, 3 
16125, 3, 3 
28936, 3, 3 
35459, 3, 3 
10260, 3, 3 
52101, 3, 3 
21001, 3, 3 
17575, 3, 3 
11645, 3, 3 
9443, 3, 3 
29800, 3, 3 
52585, 3, 3 
58237, 3, 3 
17155, 3, 3 
39855, 3, 3 
30375, 3, 3 
17403, 3, 3 
3424, 3, 3 
18099, 3, 3 
11874, 3, 3 
30679, 3, 3 
56817, 3, 3 
47455, 3, 3 
19222, 3, 3 
26048, 3, 3 
7189, 3, 3 
19063, 3, 3 
36707, 3, 3 
40858, 3, 3 
56134, 3, 3 
29427, 3, 3 
12761, 3, 3 
33444, 3, 3 
26222, 3, 3 
10330, 3, 3 
20844, 3, 3 
3938, 3, 3 
18268, 3, 3 
24597, 3, 3 
31745, 3, 3 
55071, 3, 3 
16344, 3, 3 
45246, 3, 3 
15052, 3, 3 
22238, 3, 3 
47361, 3, 3 
57396, 3, 3 
10921, 3, 3 
20181, 3, 3 
8246, 3, 3 
18218, 3, 3 
44032, 3, 3 
23357, 3, 3 
35132, 3, 3 
13957, 3, 3 
18039, 3, 3 
44969, 3, 2 
12645, 3, 3 
32421, 3, 3 
35914, 3, 3 
51106, 3, 3 
51054, 3, 3 
34597, 3, 3 
14002, 3, 3 
28224, 3, 3 
55336, 3, 3 
17037, 3, 3 
34630, 3, 3 
53104, 3, 3 
37132, 3, 3 
31157, 3, 3 
24281, 3, 3 
34387, 3, 3 
10676, 3, 3 
52386, 3, 3 
19110, 3, 3 
21980, 3, 3 
57166, 3, 3 
14177, 3, 3 
57909, 3, 3 
36803, 3, 3 
48806, 3, 3 
10880, 3, 3 
35568, 3, 3 
59535, 3, 3 
46296, 3, 3 
58642, 3, 3 
42398, 3, 3 
39904, 3, 3 
56488, 3, 3 
57765, 3, 3 
37765, 3, 3 
55104, 3, 3 
50312, 3, 3 
9466, 3, 3 
11171, 3, 3 
48702, 3, 3 
33186, 3, 3 
45389, 3, 3 
15372, 3, 3 
43817, 3, 3 
39981, 3, 3 
25007, 3, 3 
56297, 3, 3 
56434, 3, 3 
35381, 3, 3 
41969, 3, 3 
31960, 3, 3 
47496, 3, 3 
13658, 3, 3 
15010, 3, 3 
41010, 3, 3 
14686, 3, 3 
8099, 3, 3 
5097, 3, 3 
6286, 3, 3 
27172, 3, 3 
24770, 3, 3 
2675, 3, 3 
5812, 3, 3 
25721, 3, 3 
36248, 3, 3 
51196, 3, 3 
31897, 3, 3 
24400, 3, 3 
46563, 3, 3 
32975, 3, 3 
55194, 3, 3 
55550, 3, 3 
35803, 3, 3 
42777, 3, 3 
46937, 3, 3 
40926, 3, 3 
13242, 3, 3 
37205, 3, 3 
20849, 3, 3 
19675, 3, 3 
32680, 3, 3 
46500, 3, 3 
26013, 3, 3 
14454, 3, 3 
55488, 3, 3 
5143, 3, 3 
21815, 3, 3 
22374, 3, 3 
53514, 3, 3 
25949, 3, 3 
7422, 3, 3 
18612, 3, 3 
36946, 3, 3 
33000, 3, 3 
9272, 3, 3 
33225, 3, 3 
27143, 3, 3 
20540, 3, 3 
49477, 3, 3 
5041, 3, 3 
48701, 3, 3 
21170, 3, 3 
57488, 3, 3 
43196, 3, 3 
11921, 3, 3 
50964, 3, 3 
13935, 3, 3 
30793, 3, 3 
2207, 3, 3 
5337, 3, 3 
58955, 3, 3 
36917, 3, 3 
45619, 3, 3 
59375, 3, 3 
44312, 3, 3 
18569, 3, 3 
24987, 3, 3 
7339, 3, 3 
18814, 3, 3 
28418, 3, 3 
20544, 3, 3 
46480, 3, 3 
15080, 3, 3 
42343, 3, 3 
53722, 3, 3 
452, 3, 3 
24850, 3, 3 
13778, 3, 3 
14863, 3, 3 
26156, 3, 3 
18307, 3, 3 
29972, 3, 3 
23043, 3, 3 
38180, 3, 3 
52773, 3, 3 
41883, 3, 3 
6123, 3, 3 
22460, 3, 3 
57171, 3, 3 
39941, 3, 3 
37729, 3, 3 
1631, 3, 3 
54735, 3, 3 
48770, 3, 3 
17082, 3, 3 
38653, 3, 3 
42755, 3, 3 
18587, 3, 3 
31831, 3, 3 
8544, 3, 3 
42994, 3, 3 
20610, 3, 3 
11710, 3, 3 
44519, 3, 3 
28380, 3, 3 
21893, 3, 3 
74, 3, 3 
56053, 3, 3 
6894, 3, 3 
22619, 3, 3 
18630, 3, 3 
14792, 3, 3 
7678, 3, 9 
29913, 3, 3 
46709, 3, 3 
27726, 3, 3 
22717, 3, 3 
12729, 3, 3 
35874, 3, 3 
37991, 3, 3 
30041, 3, 5 
54028, 3, 3 
39520, 3, 3 
1021, 3, 3 
4937, 3, 3 
31155, 3, 3 
1470, 3, 3 
15534, 3, 3 
19307, 3, 3 
42545, 3, 3 
56730, 3, 3 
47950, 3, 3 
49450, 3, 3 
25552, 3, 3 
36242, 3, 3 
48485, 3, 3 
35354, 3, 3 
31108, 3, 3 
8405, 3, 3 
56616, 3, 3 
18765, 3, 3 
35170, 3, 3 
33004, 3, 3 
54413, 3, 3 
52747, 3, 3 
2252, 3, 3 
57919, 3, 3 
23029, 3, 3 
10405, 3, 3 
9065, 3, 3 
11556, 3, 3 
39445, 3, 3 
23439, 3, 3 
18974, 3, 3 
31349, 3, 3 
48336, 3, 3 
41107, 3, 3 
46062, 3, 3 
23527, 3, 3 
51991, 3, 3 
43014, 3, 3 
12812, 3, 3 
18244, 3, 3 
17105, 3, 3 
6071, 3, 3 
37604, 3, 3 
46098, 3, 3 
42775, 3, 3 
14619, 3, 3 
12044, 3, 3 
36515, 3, 3 
48498, 3, 3 
58700, 3, 3 
2021, 3, 3 
58048, 3, 3 
35045, 3, 3 
37908, 3, 3 
44216, 3, 3 
53595, 3, 3 
39469, 3, 3 
7132, 3, 3 
8241, 3, 3 
19263, 3, 3 
2263, 3, 3 
40382, 3, 3 
34552, 3, 3 
58853, 3, 3 
49826, 3, 3 
56535, 3, 3 
31949, 3, 3 
30417, 3, 3 
50212, 3, 9 
2179, 3, 3 
37167, 3, 3 
18992, 3, 3 
52476, 3, 3 
39124, 3, 3 
25398, 3, 3 
59699, 3, 3 
29464, 3, 3 
39909, 3, 3 
49166, 3, 3 
48930, 3, 9 
35582, 3, 3 
2535, 3, 3 
41917, 3, 3 
37569, 3, 3 
54029, 3, 3 
7635, 3, 3 
17460, 3, 3 
16922, 3, 3 
15261, 3, 3 
42678, 3, 3 
40898, 3, 3 
58878, 3, 3 
24883, 3, 3 
37271, 3, 3 
51871, 3, 3 
34364, 3, 3 
18485, 3, 3 
49627, 3, 3 
57771, 3, 3 
51142, 3, 3 
14655, 3, 3 
30193, 3, 3 
32689, 3, 3 
47669, 3, 3 
731, 3, 3 
10214, 3, 3 
56288, 3, 3 
25883, 3, 3 
36093, 3, 3 
18977, 3, 3 
3844, 3, 3 
41229, 3, 3 
51771, 3, 3 
40184, 3, 3 
40068, 3, 3 
17752, 3, 3 
35794, 3, 3 
24886, 3, 3 
45712, 3, 3 
37022, 3, 3 
35379, 3, 3 
9363, 3, 3 
17274, 3, 3 
4632, 3, 3 
33169, 3, 3 
17077, 3, 3 
43775, 3, 3 
32931, 3, 3 
36802, 3, 3 
51376, 3, 3 
24251, 3, 3 
55592, 3, 3 
7261, 3, 3 
17893, 3, 3 
10314, 3, 3 
50950, 3, 3 
49404, 3, 3 
30515, 3, 3 
2200, 3, 3 
15717, 3, 3 
46208, 3, 3 
55791, 3, 3 
31446, 3, 3 
8228, 3, 3 
18646, 3, 3 
36525, 3, 3 
54430, 3, 3 
48783, 3, 3 
50713, 3, 3 
35610, 3, 3 
6892, 3, 3 
48139, 3, 3 
59334, 3, 3 
21695, 3, 3 
7134, 3, 3 
39140, 3, 3 
8808, 3, 3 
31664, 3, 3 
36287, 3, 3 
44138, 3, 3 
25553, 3, 3 
25630, 3, 3 
14255, 3, 3 
48465, 3, 3 
55579, 3, 3 
52096, 3, 3 
49882, 3, 3 
22149, 3, 3 
5738, 3, 3 
8800, 3, 3 
46523, 3, 3 
43031, 3, 3 
2883, 3, 3 
20985, 3, 3 
4755, 3, 3 
7397, 3, 3 
8075, 3, 3 
18964, 3, 3 
31562, 3, 3 
44888, 3, 3 
49188, 3, 3 
17988, 3, 3 
12995, 3, 3 
14026, 3, 3 
23046, 3, 3 
55717, 3, 3 
15379, 3, 3 
33649, 3, 3 
59275, 3, 3 
17371, 3, 3 
23866, 3, 3 
43435, 3, 3 
43517, 3, 3 
39798, 3, 3 
30974, 3, 3 
20437, 3, 3 
39686, 3, 3 
32753, 3, 3 
17593, 3, 3 
4033, 3, 3 
37404, 3, 3 
17386, 3, 3 
13332, 3, 3 
57879, 3, 3 
31719, 3, 3 
47095, 3, 3 
27238, 3, 3 
12, 3, 3 
45945, 3, 3 
57983, 3, 3 
56165, 3, 3 
55062, 3, 3 
31548, 3, 3 
18627, 3, 3 
41590, 3, 3 
33609, 3, 3 
4836, 3, 3 
12416, 3, 3 
43067, 3, 3 
43659, 3, 3 
16220, 3, 3 
7698, 3, 3 
20492, 3, 3 
20606, 3, 3 
59307, 3, 3 
2023, 3, 3 
2087, 3, 3 
14352, 3, 3 
5567, 3, 3 
53107, 3, 3 
13601, 3, 3 
45995, 3, 3 
16626, 3, 3 
6410, 3, 3 
6309, 3, 3 
2774, 3, 3 
30574, 3, 3 
45612, 3, 3 
37649, 3, 3 
43865, 3, 3 
38507, 3, 3 
56474, 3, 3 
6415, 3, 3 
42088, 3, 3 
10882, 3, 3 
28803, 3, 3 
10865, 3, 3 
29249, 3, 3 
31395, 3, 3 
24481, 3, 3 
58089, 3, 3 
44, 3, 3 
53619, 3, 3 
37309, 3, 3 
29765, 3, 3 
15656, 3, 3 
3521, 3, 3 
58389, 3, 3 
19620, 3, 3 
34120, 3, 3 
37903, 3, 3 
52252, 3, 3 
27718, 3, 3 
10743, 3, 3 
42032, 4, 4 
8341, 4, 4 
30169, 4, 4 
30151, 4, 4 
55774, 4, 4 
48835, 4, 4 
10758, 4, 4 
35866, 4, 4 
11962, 4, 4 
12197, 4, 4 
39386, 4, 4 
7489, 4, 4 
16738, 4, 4 
50427, 4, 4 
9189, 4, 4 
52729, 4, 4 
12505, 4, 4 
6160, 4, 4 
43106, 4, 4 
10587, 4, 4 
35324, 4, 4 
58269, 4, 4 
17523, 4, 4 
50152, 4, 4 
3990, 4, 4 
33650, 4, 4 
43781, 4, 4 
57361, 4, 4 
7863, 4, 4 
9746, 4, 4 
48685, 4, 4 
11256, 4, 4 
10832, 4, 4 
27055, 4, 4 
34860, 4, 4 
57835, 4, 4 
8930, 4, 4 
54686, 4, 4 
15092, 4, 4 
8215, 4, 4 
45815, 4, 4 
37958, 4, 4 
1979, 4, 4 
55323, 4, 4 
26166, 4, 4 
25175, 4, 4 
39867, 4, 4 
40496, 4, 4 
41991, 4, 4 
18190, 4, 4 
8854, 4, 4 
35771, 4, 4 
55684, 4, 4 
52344, 4, 4 
30795, 4, 4 
58712, 4, 4 
15543, 4, 4 
13443, 4, 4 
31227, 4, 4 
34102, 4, 4 
11424, 4, 4 
52727, 4, 4 
12465, 4, 4 
19249, 4, 4 
31484, 4, 4 
29141, 4, 4 
22602, 4, 4 
16338, 4, 4 
25884, 4, 4 
28290, 4, 4 
38052, 4, 4 
7152, 4, 4 
28917, 4, 4 
2773, 4, 4 
5195, 4, 4 
41626, 4, 4 
18751, 4, 4 
38601, 4, 4 
3724, 4, 4 
52229, 4, 4 
38997, 4, 4 
7327, 4, 4 
28976, 4, 4 
15822, 4, 4 
7487, 4, 4 
937, 4, 4 
54452, 4, 4 
55810, 4, 4 
45017, 4, 4 
48990, 4, 4 
414, 4, 4 
26693, 4, 4 
37295, 4, 4 
54563, 4, 4 
12948, 4, 4 
28190, 4, 4 
28635, 4, 4 
38011, 4, 4 
46128, 4, 4 
21999, 4, 4 
27919, 4, 4 
17091, 4, 4 
11145, 4, 4 
54187, 4, 4 
33740, 4, 4 
36017, 4, 4 
2240, 4, 4 
31601, 4, 4 
19637, 4, 4 
51360, 4, 4 
47028, 4, 4 
32469, 4, 4 
24894, 4, 4 
22482, 4, 4 
19311, 4, 4 
15038, 4, 4 
15179, 4, 4 
11414, 4, 4 
31717, 4, 4 
47033, 4, 4 
49967, 4, 4 
26235, 4, 4 
47477, 4, 4 
21746, 4, 4 
54112, 4, 4 
58023, 4, 4 
43112, 4, 4 
19138, 4, 4 
24287, 4, 4 
16865, 4, 4 
36151, 4, 4 
40169, 4, 4 
354, 4, 4 
19794, 4, 4 
33545, 4, 4 
33051, 4, 4 
22480, 4, 4 
48928, 4, 4 
49325, 4, 4 
33411, 4, 4 
51076, 4, 4 
41990, 4, 4 
54431, 4, 4 
48365, 4, 4 
5401, 4, 4 
43858, 4, 4 
12922, 4, 4 
21590, 4, 4 
20468, 4, 4 
59210, 4, 4 
12687, 4, 4 
49001, 4, 4 
48198, 4, 4 
27077, 4, 4 
38498, 4, 4 
22409, 4, 4 
24087, 4, 4 
48854, 4, 4 
754, 4, 4 
50089, 4, 4 
10133, 4, 4 
56060, 4, 4 
59674, 4, 4 
11024, 4, 4 
19840, 4, 4 
4460, 4, 4 
53439, 4, 4 
32769, 4, 4 
20219, 4, 4 
38270, 4, 4 
34348, 4, 4 
35590, 4, 4 
56143, 4, 4 
4114, 4, 4 
34611, 4, 4 
43068, 4, 4 
48813, 4, 4 
55024, 4, 4 
1738, 4, 4 
6996, 4, 4 
59789, 4, 4 
49745, 4, 4 
11770, 4, 4 
38852, 4, 4 
30447, 4, 4 
3753, 4, 4 
40025, 4, 4 
8179, 4, 4 
6037, 4, 4 
27001, 4, 4 
57371, 4, 4 
5105, 4, 4 
57747, 4, 4 
48558, 4, 4 
4593, 4, 4 
55930, 4, 4 
48048, 4, 4 
57499, 4, 4 
57279, 4, 4 
3018, 4, 4 
22714, 4, 4 
15259, 4, 4 
11153, 4, 4 
4423, 4, 4 
37429, 4, 4 
35142, 4, 4 
37826, 4, 4 
5689, 4, 4 
25670, 4, 4 
1705, 4, 4 
36577, 4, 4 
46781, 4, 4 
10311, 4, 4 
48486, 4, 4 
11815, 4, 4 
26963, 4, 4 
48393, 4, 4 
32466, 4, 4 
6596, 4, 4 
58551, 4, 4 
12397, 4, 4 
37076, 4, 4 
34361, 4, 4 
31340, 4, 4 
45095, 4, 4 
51047, 4, 4 
20098, 4, 4 
45137, 4, 4 
48782, 4, 4 
47379, 4, 4 
51853, 4, 4 
2190, 4, 4 
47627, 4, 4 
33195, 4, 4 
20653, 4, 4 
37505, 4, 4 
43038, 4, 4 
40912, 4, 4 
57892, 4, 4 
48876, 4, 4 
16434, 4, 4 
3203, 4, 4 
30121, 4, 4 
3183, 4, 4 
23904, 4, 4 
37447, 4, 4 
19923, 4, 4 
16578, 4, 4 
31029, 4, 4 
2390, 4, 4 
15719, 4, 4 
1576, 4, 4 
18294, 4, 4 
51678, 4, 4 
5361, 4, 4 
43022, 4, 4 
49982, 4, 4 
30367, 4, 4 
56173, 4, 4 
15752, 4, 4 
9046, 4, 4 
55418, 4, 4 
2106, 4, 4 
29864, 4, 4 
54158, 4, 4 
56563, 4, 4 
23761, 4, 4 
44842, 4, 4 
13861, 4, 4 
43614, 4, 4 
39471, 4, 4 
10269, 4, 4 
48015, 4, 4 
6449, 4, 4 
32513, 4, 4 
58380, 4, 4 
51979, 4, 4 
34279, 4, 4 
50284, 4, 4 
55981, 4, 4 
50699, 4, 4 
39303, 4, 4 
29941, 4, 4 
56893, 4, 4 
54379, 4, 4 
33011, 4, 4 
131, 4, 4 
10196, 4, 4 
52274, 4, 4 
13727, 4, 4 
7804, 4, 4 
30164, 4, 4 
6049, 4, 4 
569, 4, 4 
22105, 4, 4 
29549, 4, 4 
6990, 4, 4 
29503, 4, 4 
53249, 4, 4 
25173, 4, 4 
8560, 4, 4 
47566, 4, 4 
24113, 4, 4 
52564, 4, 4 
36557, 4, 4 
25255, 4, 4 
11709, 4, 4 
19983, 4, 4 
30921, 4, 4 
20262, 4, 4 
55964, 4, 4 
1992, 4, 4 
48903, 4, 4 
16399, 4, 4 
33889, 4, 4 
53141, 4, 4 
38370, 4, 4 
54903, 4, 4 
23623, 4, 4 
48379, 4, 4 
13968, 4, 4 
5444, 4, 4 
44105, 4, 4 
13009, 4, 4 
59931, 4, 4 
34133, 4, 4 
35178, 4, 4 
10778, 4, 4 
48635, 4, 4 
12058, 4, 4 
6323, 4, 4 
35263, 4, 4 
7333, 4, 4 
27014, 4, 4 
48690, 4, 4 
39209, 4, 4 
3009, 4, 4 
36836, 4, 4 
14036, 4, 4 
3739, 4, 4 
5982, 4, 4 
21994, 4, 4 
49920, 4, 4 
50858, 4, 4 
39123, 4, 4 
14496, 4, 4 
4180, 4, 4 
58417, 4, 4 
48487, 4, 4 
7551, 4, 4 
44668, 4, 4 
41574, 4, 4 
56646, 4, 4 
58730, 4, 4 
58744, 4, 4 
43275, 4, 4 
4802, 4, 4 
47121, 4, 4 
31885, 4, 4 
48535, 4, 4 
2715, 4, 4 
49700, 4, 4 
36222, 4, 4 
7285, 4, 4 
34043, 4, 4 
3351, 4, 4 
42300, 4, 4 
38583, 4, 4 
58795, 4, 4 
44137, 4, 4 
32560, 4, 4 
27800, 4, 4 
58478, 4, 4 
57343, 4, 4 
1663, 4, 4 
19810, 4, 4 
42638, 4, 4 
49398, 4, 4 
58514, 4, 4 
17300, 4, 4 
45069, 4, 4 
5091, 4, 4 
4274, 4, 4 
13291, 4, 4 
30198, 4, 4 
51221, 4, 4 
59077, 4, 4 
43700, 4, 4 
58340, 4, 4 
59629, 4, 4 
54567, 4, 4 
57582, 4, 4 
297, 4, 4 
43757, 4, 4 
2490, 4, 4 
6283, 4, 4 
46993, 4, 4 
31067, 4, 4 
50591, 4, 4 
44342, 4, 4 
38209, 4, 4 
19522, 4, 4 
29530, 4, 4 
55191, 4, 4 
16387, 4, 4 
850, 4, 4 
369, 4, 4 
64, 4, 4 
4796, 4, 4 
49629, 4, 4 
7282, 4, 4 
4877, 4, 4 
19380, 4, 4 
18245, 4, 4 
52007, 4, 4 
38316, 4, 4 
4829, 4, 4 
49015, 4, 4 
33143, 4, 4 
44535, 4, 4 
46716, 4, 4 
26015, 4, 4 
43516, 4, 4 
6955, 4, 4 
40827, 4, 4 
6210, 4, 4 
41381, 4, 4 
46533, 4, 4 
45048, 4, 4 
34971, 4, 4 
26855, 4, 4 
19573, 4, 4 
14865, 4, 4 
16899, 4, 4 
43983, 4, 4 
17141, 4, 4 
28938, 4, 4 
20768, 4, 4 
28173, 4, 4 
41775, 4, 4 
1440, 4, 4 
38132, 4, 4 
28462, 4, 4 
24912, 4, 4 
24880, 4, 4 
29218, 4, 4 
20496, 4, 4 
24047, 4, 4 
5038, 4, 4 
37528, 4, 4 
59069, 4, 4 
27743, 4, 4 
30765, 4, 4 
49843, 4, 4 
28610, 4, 4 
11434, 4, 4 
14650, 4, 4 
12102, 4, 4 
36379, 4, 4 
55641, 4, 4 
19026, 4, 4 
5954, 4, 4 
59608, 4, 4 
42213, 4, 4 
55025, 4, 4 
49162, 4, 4 
12125, 4, 4 
35813, 4, 4 
48402, 4, 4 
29898, 4, 4 
21327, 4, 4 
49587, 4, 4 
1345, 4, 4 
4346, 4, 4 
58938, 4, 4 
25353, 4, 4 
52308, 4, 4 
44464, 4, 4 
52996, 4, 4 
51893, 4, 4 
57076, 4, 4 
19107, 4, 4 
11818, 4, 4 
53125, 4, 4 
21134, 4, 4 
55197, 4, 4 
44499, 4, 4 
20894, 4, 4 
24869, 4, 4 
39458, 4, 4 
51820, 4, 4 
54234, 4, 4 
53149, 4, 4 
1477, 4, 4 
34875, 4, 4 
4703, 4, 4 
3548, 4, 4 
23644, 4, 4 
37899, 4, 4 
56440, 4, 4 
35611, 5, 5 
30817, 5, 5 
332, 5, 5 
47718, 5, 5 
13094, 5, 5 
27403, 5, 5 
7988, 5, 5 
15041, 5, 5 
42085, 5, 5 
29361, 5, 5 
14609, 5, 5 
9958, 5, 5 
55394, 5, 5 
28315, 5, 5 
6646, 5, 5 
17219, 5, 5 
33928, 5, 5 
25508, 5, 5 
44003, 5, 5 
17794, 5, 5 
38439, 5, 5 
1324, 5, 5 
44662, 5, 5 
49689, 5, 5 
29473, 5, 5 
49611, 5, 5 
42221, 5, 5 
8988, 5, 5 
26793, 5, 5 
36663, 5, 5 
33502, 5, 5 
43748, 5, 5 
49992, 5, 5 
4194, 5, 5 
5742, 5, 5 
15702, 5, 5 
2080, 5, 5 
45883, 5, 5 
55728, 5, 5 
49503, 5, 5 
24093, 5, 5 
31435, 5, 5 
32415, 5, 5 
29457, 5, 5 
8642, 5, 5 
33905, 5, 5 
5991, 5, 5 
37114, 5, 5 
58414, 5, 5 
18518, 5, 5 
11338, 5, 5 
10740, 5, 5 
20246, 5, 5 
11237, 5, 5 
40920, 5, 5 
38624, 5, 5 
5737, 5, 5 
11198, 5, 5 
52902, 5, 5 
5620, 5, 5 
1824, 5, 5 
27176, 5, 5 
24716, 5, 5 
46418, 5, 5 
30980, 5, 5 
37817, 5, 5 
51416, 5, 5 
27340, 5, 5 
13886, 5, 5 
8010, 5, 5 
30315, 5, 5 
239, 5, 5 
57013, 5, 5 
15915, 5, 5 
27408, 5, 5 
26437, 5, 5 
19610, 5, 5 
57231, 5, 5 
16353, 5, 5 
21309, 5, 5 
42312, 5, 5 
32758, 5, 5 
16629, 5, 5 
6077, 5, 5 
2304, 5, 5 
56669, 5, 5 
23736, 5, 5 
31615, 5, 5 
2056, 5, 5 
9336, 5, 5 
33303, 5, 5 
35224, 5, 5 
52458, 5, 5 
30288, 5, 5 
37341, 5, 5 
16573, 5, 5 
15698, 5, 5 
34159, 5, 5 
48971, 5, 5 
59662, 5, 5 
45491, 5, 5 
45003, 5, 5 
36642, 5, 5 
24820, 5, 5 
5550, 5, 5 
28845, 5, 5 
32831, 5, 5 
32156, 5, 5 
3595, 5, 5 
30622, 5, 5 
19775, 5, 5 
58365, 5, 5 
22130, 5, 5 
7963, 5, 5 
24516, 5, 5 
50322, 5, 5 
46307, 5, 5 
30086, 5, 5 
27557, 5, 5 
15071, 5, 5 
45604, 5, 5 
10062, 5, 5 
28161, 5, 5 
58713, 5, 5 
41618, 5, 5 
33573, 5, 5 
34082, 5, 5 
579, 5, 5 
45991, 5, 5 
53826, 5, 5 
9800, 5, 5 
30858, 5, 5 
15771, 5, 5 
9381, 5, 5 
24890, 5, 5 
7044, 5, 5 
44733, 5, 5 
59473, 5, 5 
33352, 5, 5 
24374, 5, 5 
47845, 5, 5 
31253, 5, 5 
51050, 5, 5 
16471, 5, 5 
26112, 5, 5 
11325, 5, 5 
41582, 5, 5 
33340, 5, 5 
16956, 5, 5 
37864, 5, 5 
45070, 5, 5 
34299, 5, 5 
17610, 5, 5 
24323, 5, 5 
49895, 5, 5 
23620, 5, 5 
38553, 5, 5 
24043, 5, 5 
11802, 5, 5 
6255, 5, 5 
51762, 5, 5 
41673, 5, 5 
4184, 5, 5 
9849, 5, 5 
7382, 5, 5 
42480, 5, 5 
22571, 5, 5 
899, 5, 5 
54366, 5, 5 
36987, 5, 5 
50759, 5, 5 
18005, 5, 5 
46331, 5, 5 
11025, 5, 5 
7820, 5, 5 
58040, 5, 5 
32154, 5, 5 
19839, 5, 5 
18366, 5, 5 
32870, 5, 5 
6868, 5, 5 
24056, 5, 5 
7073, 5, 5 
45334, 5, 5 
38817, 5, 5 
23007, 5, 5 
59406, 5, 5 
55349, 5, 5 
19920, 5, 5 
41140, 5, 5 
15768, 5, 5 
53069, 5, 5 
30061, 5, 5 
28178, 5, 5 
41867, 5, 5 
44476, 5, 5 
35838, 5, 5 
48249, 5, 5 
32547, 5, 5 
20325, 5, 5 
12386, 5, 5 
49885, 5, 5 
54902, 5, 5 
58948, 5, 5 
43127, 5, 5 
420, 5, 5 
40964, 5, 5 
55260, 5, 5 
36330, 5, 5 
50316, 5, 5 
59956, 5, 5 
18829, 5, 5 
10877, 5, 5 
39424, 5, 5 
34274, 5, 5 
42121, 5, 5 
45526, 5, 5 
52875, 5, 5 
26143, 5, 5 
7024, 5, 5 
36111, 5, 5 
37558, 5, 5 
6504, 5, 5 
47828, 5, 5 
13580, 5, 5 
52264, 5, 5 
40567, 5, 5 
50460, 5, 5 
43144, 5, 5 
13681, 5, 5 
56938, 5, 5 
2049, 5, 5 
41390, 5, 5 
51989, 5, 5 
11410, 5, 5 
35628, 5, 5 
50111, 5, 5 
42322, 5, 5 
43699, 5, 5 
23452, 5, 5 
38408, 5, 5 
4617, 5, 5 
26413, 5, 5 
28280, 5, 5 
40258, 5, 5 
29049, 5, 5 
23808, 5, 5 
36658, 5, 5 
51345, 5, 5 
26290, 5, 5 
7967, 5, 5 
21810, 5, 5 
35570, 5, 5 
6096, 5, 5 
7323, 5, 5 
27317, 5, 5 
39436, 5, 5 
175, 5, 5 
8927, 5, 5 
2272, 5, 5 
35406, 5, 5 
38762, 5, 5 
29344, 5, 5 
36495, 5, 5 
815, 5, 5 
13404, 5, 5 
12269, 5, 5 
4847, 5, 5 
26363, 5, 5 
49352, 5, 5 
5383, 5, 5 
49991, 5, 5 
25997, 5, 5 
52122, 5, 5 
47471, 5, 5 
55513, 5, 5 
41370, 5, 5 
49061, 5, 5 
18197, 5, 5 
55729, 5, 5 
33245, 5, 5 
13387, 5, 5 
5254, 5, 5 
18875, 5, 5 
24353, 5, 5 
40268, 5, 5 
51405, 5, 5 
47444, 5, 5 
16844, 5, 5 
58757, 5, 5 
25654, 5, 5 
41127, 5, 5 
13938, 5, 5 
58471, 5, 5 
55886, 5, 5 
58632, 5, 5 
51524, 5, 5 
14444, 5, 5 
57256, 5, 5 
44461, 5, 5 
53122, 5, 5 
14370, 5, 5 
4885, 5, 5 
45716, 5, 5 
44009, 5, 5 
9376, 5, 5 
11549, 5, 5 
59600, 5, 5 
19174, 5, 5 
50690, 5, 5 
24421, 5, 5 
22918, 5, 5 
3205, 5, 5 
11889, 5, 5 
2281, 5, 5 
10353, 5, 5 
55712, 5, 5 
13948, 5, 5 
35274, 5, 5 
6188, 5, 5 
22565, 5, 5 
26236, 5, 5 
32757, 5, 5 
53172, 5, 5 
42407, 5, 5 
6171, 5, 5 
48016, 5, 5 
19288, 5, 5 
19925, 5, 5 
11064, 5, 5 
2605, 5, 5 
43442, 5, 5 
54934, 5, 5 
34908, 5, 5 
54528, 5, 5 
38902, 5, 5 
15232, 5, 5 
1847, 5, 5 
42431, 5, 5 
53568, 5, 5 
15873, 5, 5 
21385, 5, 5 
57106, 5, 5 
37472, 5, 5 
25295, 5, 5 
58261, 5, 5 
20881, 5, 5 
21093, 5, 5 
43397, 5, 5 
44564, 5, 5 
14316, 5, 5 
20590, 5, 5 
34128, 5, 5 
40868, 5, 5 
43454, 5, 3 
53120, 5, 5 
14742, 5, 5 
4670, 5, 5 
2780, 5, 5 
56200, 5, 5 
38628, 5, 5 
182, 5, 5 
34137, 5, 5 
45124, 5, 5 
20428, 5, 5 
52353, 5, 5 
52947, 5, 5 
33555, 5, 5 
43809, 5, 5 
34039, 5, 5 
1929, 5, 5 
22020, 5, 5 
38090, 5, 5 
15488, 5, 5 
25747, 5, 5 
27500, 5, 5 
54092, 5, 5 
13466, 5, 5 
836, 5, 5 
49797, 5, 5 
43820, 5, 5 
33321, 5, 5 
51425, 5, 5 
55685, 5, 5 
24402, 5, 5 
36454, 5, 5 
24202, 5, 5 
19497, 5, 5 
11980, 5, 5 
42511, 5, 5 
49687, 5, 5 
44341, 5, 5 
37160, 5, 5 
38864, 5, 5 
35114, 5, 5 
23434, 5, 5 
26648, 5, 5 
47856, 5, 5 
20569, 5, 5 
41926, 5, 5 
59269, 5, 5 
27877, 5, 5 
48905, 5, 5 
15085, 5, 5 
15118, 5, 5 
54975, 5, 5 
14737, 5, 5 
36253, 5, 5 
57128, 5, 5 
21013, 5, 5 
36089, 5, 5 
23361, 5, 5 
14979, 5, 5 
7640, 5, 5 
6027, 5, 5 
21058, 5, 5 
37983, 5, 5 
47414, 5, 5 
11310, 5, 5 
39574, 5, 5 
22379, 5, 5 
41387, 5, 5 
33537, 5, 5 
28974, 5, 5 
44383, 5, 5 
56269, 5, 5 
12688, 5, 5 
59064, 5, 5 
13619, 5, 5 
620, 5, 5 
37699, 5, 5 
5403, 5, 5 
58217, 5, 5 
36091, 5, 5 
23655, 5, 5 
57369, 5, 5 
22089, 5, 5 
47098, 5, 5 
8421, 5, 5 
16533, 5, 5 
30217, 5, 5 
28271, 5, 5 
58930, 5, 5 
13336, 5, 5 
39625, 5, 5 
26493, 5, 5 
36244, 5, 5 
43837, 5, 5 
7884, 5, 5 
48469, 5, 5 
15462, 5, 5 
32585, 5, 5 
11609, 5, 5 
10244, 5, 5 
36309, 5, 5 
7449, 5, 5 
59968, 5, 5 
25936, 5, 5 
42436, 5, 5 
10192, 5, 5 
46108, 5, 5 
35171, 5, 5 
14630, 5, 5 
2282, 5, 5 
31768, 5, 5 
29348, 5, 5 
37820, 5, 5 
13400, 5, 5 
24773, 5, 5 
7735, 5, 5 
23235, 5, 5 
20716, 5, 5 
56407, 5, 5 
6929, 5, 5 
26069, 5, 5 
53063, 5, 5 
8623, 5, 5 
31651, 5, 5 
29065, 5, 5 
5685, 5, 5 
20101, 5, 5 
42604, 5, 5 
42589, 5, 5 
37069, 5, 5 
53567, 5, 5 
41610, 5, 5 
55795, 5, 5 
43936, 5, 5 
2620, 5, 5 
54577, 5, 5 
47146, 5, 5 
34242, 5, 5 
8103, 5, 5 
8434, 5, 5 
37680, 5, 5 
32354, 5, 5 
43488, 5, 5 
21865, 5, 5 
3378, 5, 5 
29021, 5, 5 
16410, 6, 6 
23558, 6, 6 
24581, 6, 6 
24091, 6, 6 
1303, 6, 6 
35734, 6, 6 
47611, 6, 6 
17273, 6, 6 
20757, 6, 6 
47774, 6, 6 
48507, 6, 6 
10304, 6, 6 
59841, 6, 6 
11218, 6, 6 
51607, 6, 6 
33829, 6, 6 
42190, 6, 6 
32305, 6, 6 
52197, 6, 6 
38156, 6, 6 
9860, 6, 6 
49517, 6, 6 
36101, 6, 6 
10418, 6, 6 
48823, 6, 6 
2262, 6, 6 
43892, 6, 6 
6657, 6, 6 
37639, 6, 6 
3814, 6, 6 
48539, 6, 6 
43839, 6, 6 
13809, 6, 6 
28425, 6, 6 
36232, 6, 6 
10843, 6, 6 
53081, 6, 6 
41890, 6, 6 
43154, 6, 6 
10767, 6, 6 
57675, 6, 6 
30995, 6, 6 
1567, 6, 6 
47358, 6, 6 
47827, 6, 6 
18376, 6, 6 
3520, 6, 6 
10440, 6, 6 
23251, 6, 6 
58900, 6, 6 
38022, 6, 6 
35026, 6, 6 
25815, 6, 6 
13224, 6, 6 
19197, 6, 6 
16258, 6, 6 
11195, 6, 6 
13085, 6, 6 
27217, 6, 6 
59445, 6, 6 
33434, 6, 6 
59548, 6, 6 
51920, 6, 6 
52820, 6, 6 
47574, 6, 6 
17023, 6, 6 
28805, 6, 6 
27303, 6, 6 
23653, 6, 6 
43348, 6, 6 
26641, 6, 6 
165, 6, 6 
4943, 6, 6 
9016, 6, 6 
20416, 6, 6 
16102, 6, 6 
22763, 6, 6 
24237, 6, 6 
6482, 6, 6 
27442, 6, 6 
57438, 6, 6 
38633, 6, 6 
44754, 6, 6 
19040, 6, 6 
54851, 6, 6 
11759, 6, 6 
59687, 6, 6 
26940, 6, 6 
57742, 6, 6 
25636, 6, 6 
43420, 6, 6 
54907, 6, 6 
25104, 6, 6 
5267, 6, 6 
21407, 6, 6 
28605, 6, 6 
1906, 6, 6 
46750, 6, 6 
59039, 6, 6 
28554, 6, 6 
12088, 6, 6 
22091, 6, 6 
51407, 6, 6 
23148, 6, 6 
17251, 6, 6 
62, 6, 6 
41086, 6, 6 
19970, 6, 6 
9500, 6, 6 
55483, 6, 6 
18388, 6, 6 
34520, 6, 6 
55230, 6, 6 
29891, 6, 6 
48071, 6, 6 
51354, 6, 6 
10879, 6, 6 
11348, 6, 6 
10294, 6, 6 
32868, 6, 6 
18611, 6, 6 
55162, 6, 6 
28847, 6, 6 
34767, 6, 6 
12964, 6, 6 
53798, 6, 6 
33497, 6, 6 
2496, 6, 6 
12159, 6, 6 
17249, 6, 6 
43720, 6, 6 
49084, 6, 6 
13246, 6, 6 
53422, 6, 6 
31620, 6, 6 
43424, 6, 6 
10855, 6, 6 
26889, 6, 6 
10044, 6, 6 
42912, 6, 6 
1504, 6, 6 
48328, 6, 6 
57029, 6, 6 
1257, 6, 6 
30289, 6, 6 
57578, 6, 6 
15756, 6, 6 
56863, 6, 6 
34393, 6, 6 
14147, 6, 6 
14399, 6, 6 
1844, 6, 6 
27491, 6, 6 
47772, 6, 6 
33887, 6, 6 
40304, 6, 6 
37194, 6, 6 
29758, 6, 6 
12810, 6, 6 
7401, 6, 6 
33006, 6, 6 
27320, 6, 6 
54959, 6, 6 
2789, 6, 6 
56904, 6, 6 
5782, 6, 6 
37351, 6, 6 
40757, 6, 6 
38393, 6, 6 
11000, 6, 6 
53472, 6, 6 
36660, 6, 6 
18105, 6, 6 
24804, 6, 6 
30689, 6, 6 
34859, 6, 6 
31623, 6, 6 
19095, 6, 6 
49083, 6, 6 
7684, 6, 6 
59895, 6, 6 
14632, 6, 6 
53754, 6, 6 
52724, 6, 6 
1741, 6, 6 
11327, 6, 6 
50266, 6, 6 
22448, 6, 6 
25614, 6, 6 
4572, 6, 6 
49252, 6, 6 
8153, 6, 6 
33154, 6, 6 
31670, 6, 6 
41508, 6, 6 
58766, 6, 6 
33135, 6, 6 
9818, 6, 6 
13828, 6, 6 
23898, 6, 6 
46209, 6, 6 
21298, 6, 6 
29163, 6, 6 
56441, 6, 6 
42335, 6, 6 
7516, 6, 6 
36310, 6, 6 
34106, 6, 6 
58301, 6, 6 
41695, 6, 6 
27842, 6, 6 
44463, 6, 6 
57346, 6, 6 
23569, 6, 6 
15450, 6, 6 
25572, 6, 6 
31974, 6, 6 
43822, 6, 6 
16245, 6, 6 
32658, 6, 6 
34198, 6, 6 
5759, 6, 6 
17982, 6, 6 
48656, 6, 6 
30950, 6, 6 
18670, 6, 6 
59549, 6, 6 
44843, 6, 6 
46272, 6, 6 
3098, 6, 6 
47840, 6, 6 
57989, 6, 6 
43359, 6, 6 
49296, 6, 6 
26453, 6, 6 
44503, 6, 6 
4232, 6, 6 
55096, 6, 6 
12231, 6, 6 
13565, 6, 6 
49161, 6, 6 
3058, 6, 6 
43164, 6, 6 
36724, 6, 6 
32265, 6, 6 
41261, 6, 6 
39164, 6, 6 
32312, 6, 6 
17835, 6, 6 
30822, 6, 6 
8799, 6, 6 
32782, 6, 6 
41050, 6, 6 
5931, 6, 6 
40475, 6, 6 
15257, 6, 6 
20104, 6, 6 
10190, 6, 6 
48145, 6, 6 
52641, 6, 6 
16002, 6, 6 
29489, 6, 6 
11282, 6, 6 
50635, 6, 6 
6239, 6, 6 
15627, 6, 6 
32357, 6, 6 
6673, 6, 6 
41869, 6, 6 
56044, 6, 6 
57777, 6, 6 
57409, 6, 6 
50893, 6, 6 
55913, 6, 6 
28733, 6, 6 
16131, 6, 6 
39626, 6, 6 
6265, 6, 6 
52541, 6, 6 
53677, 6, 6 
10149, 6, 6 
59345, 6, 6 
34350, 6, 6 
16207, 6, 6 
55138, 6, 6 
48380, 6, 6 
13047, 6, 6 
41190, 6, 6 
15500, 6, 6 
15483, 6, 6 
43931, 6, 6 
52645, 6, 6 
23073, 6, 6 
43646, 6, 6 
16822, 6, 6 
25505, 6, 6 
52194, 6, 6 
1761, 6, 6 
39967, 6, 6 
33030, 6, 6 
27624, 6, 6 
16616, 6, 6 
43592, 6, 6 
53068, 6, 6 
23475, 6, 6 
32978, 6, 6 
1830, 6, 6 
48594, 6, 6 
56345, 6, 6 
26253, 6, 6 
56162, 6, 6 
37033, 6, 6 
23415, 6, 6 
22709, 6, 6 
58055, 6, 6 
47269, 6, 6 
17788, 6, 6 
9201, 6, 6 
29639, 6, 6 
32999, 6, 6 
38176, 6, 6 
52897, 6, 6 
14072, 6, 6 
42996, 6, 6 
47562, 6, 6 
32631, 6, 6 
36363, 6, 6 
37931, 6, 6 
11871, 6, 6 
35825, 6, 6 
54237, 6, 6 
16898, 6, 6 
2602, 6, 6 
52759, 6, 6 
46043, 6, 6 
14565, 6, 6 
1418, 6, 6 
44066, 6, 6 
50618, 6, 6 
10344, 6, 6 
22775, 6, 6 
41757, 6, 6 
48505, 6, 6 
30563, 6, 6 
34189, 6, 6 
6909, 6, 6 
47593, 6, 6 
44932, 6, 6 
7641, 6, 6 
48568, 6, 6 
6635, 6, 6 
42072, 6, 6 
38219, 6, 6 
20005, 6, 6 
49036, 6, 6 
9702, 6, 6 
24158, 6, 6 
46590, 6, 6 
31954, 6, 6 
53111, 6, 6 
39273, 6, 6 
27402, 6, 6 
2978, 6, 6 
11062, 6, 6 
45569, 6, 6 
973, 6, 6 
17556, 6, 6 
25358, 6, 6 
30474, 6, 6 
28467, 6, 6 
15806, 6, 6 
13587, 6, 6 
12902, 6, 6 
49965, 6, 6 
40157, 6, 6 
48152, 6, 6 
56399, 6, 6 
33055, 6, 6 
26384, 6, 6 
25035, 6, 6 
54847, 6, 6 
3856, 6, 6 
22559, 6, 6 
3952, 6, 6 
11870, 6, 6 
48370, 6, 6 
53827, 6, 6 
36267, 6, 6 
11140, 6, 6 
54124, 6, 6 
22737, 6, 6 
2849, 6, 6 
15386, 6, 6 
43505, 6, 6 
8057, 6, 6 
55447, 6, 6 
11347, 6, 6 
27019, 6, 6 
32006, 6, 6 
17510, 6, 6 
59570, 6, 6 
2212, 6, 6 
27724, 6, 6 
21676, 6, 6 
37310, 6, 6 
5686, 6, 6 
10174, 6, 6 
34049, 6, 6 
35750, 6, 6 
56342, 6, 6 
37340, 6, 6 
32624, 6, 6 
58506, 6, 6 
15025, 6, 6 
20272, 6, 6 
8881, 6, 6 
19761, 6, 6 
57994, 6, 6 
56186, 6, 6 
20057, 6, 6 
56552, 6, 6 
5451, 6, 6 
9305, 6, 6 
33269, 6, 6 
59907, 6, 6 
18331, 6, 6 
25475, 6, 6 
1358, 6, 6 
4231, 6, 6 
12433, 6, 6 
36653, 6, 6 
430, 6, 6 
42869, 6, 6 
3325, 6, 6 
37346, 6, 6 
14265, 6, 6 
5600, 6, 6 
26469, 6, 6 
45335, 6, 6 
43908, 6, 6 
27249, 6, 6 
35470, 6, 6 
52742, 6, 6 
32402, 6, 6 
29686, 6, 6 
3671, 6, 6 
42694, 6, 6 
25944, 6, 6 
5846, 6, 6 
6602, 6, 6 
27240, 6, 6 
29255, 6, 6 
44655, 6, 6 
2126, 6, 6 
6131, 6, 6 
6693, 6, 6 
31708, 6, 6 
35575, 6, 6 
5213, 6, 6 
16346, 6, 6 
48117, 6, 6 
31046, 6, 6 
35426, 6, 6 
50415, 6, 6 
26768, 6, 6 
38334, 6, 6 
23907, 6, 6 
39221, 6, 6 
1898, 6, 6 
21128, 6, 6 
23354, 6, 6 
11684, 6, 6 
37246, 6, 6 
19276, 6, 6 
23694, 6, 6 
33742, 6, 6 
36504, 6, 6 
2062, 6, 6 
32903, 6, 6 
33341, 6, 6 
34776, 6, 6 
56981, 6, 6 
22936, 6, 6 
9015, 6, 6 
15320, 6, 6 
31588, 6, 6 
36784, 6, 6 
534, 6, 6 
38511, 6, 6 
37535, 6, 6 
54032, 6, 6 
11363, 6, 6 
30812, 6, 6 
54420, 6, 6 
8860, 6, 6 
58755, 6, 6 
51697, 6, 6 
4817, 6, 6 
54206, 6, 6 
21977, 6, 6 
56650, 7, 7 
40510, 7, 7 
25816, 7, 7 
18894, 7, 7 
58128, 7, 7 
47423, 7, 7 
27532, 7, 7 
53612, 7, 7 
28273, 7, 7 
14505, 7, 7 
5349, 7, 7 
11516, 7, 7 
17306, 7, 7 
44908, 7, 7 
42077, 7, 7 
39305, 7, 7 
8205, 7, 7 
13187, 7, 7 
2168, 7, 7 
12537, 7, 7 
33104, 7, 7 
41054, 7, 7 
42177, 7, 7 
53956, 7, 7 
24181, 7, 7 
18736, 7, 7 
11399, 7, 7 
497, 7, 7 
31957, 7, 7 
10461, 7, 7 
37900, 7, 7 
33571, 7, 7 
58925, 7, 7 
36027, 7, 7 
13243, 7, 7 
42430, 7, 7 
49071, 7, 7 
49551, 7, 7 
14573, 7, 7 
48889, 7, 7 
18191, 7, 7 
11329, 7, 7 
57725, 7, 7 
15452, 7, 7 
17350, 7, 7 
11370, 7, 7 
31678, 7, 7 
12979, 7, 7 
27203, 7, 7 
39835, 7, 7 
6403, 7, 7 
50994, 7, 7 
4041, 7, 7 
25868, 7, 7 
47559, 7, 7 
32236, 7, 7 
4273, 7, 7 
30294, 7, 7 
16800, 7, 7 
49694, 7, 7 
14219, 7, 7 
53171, 7, 7 
7769, 7, 7 
9885, 7, 7 
6381, 7, 7 
36178, 7, 7 
23932, 7, 7 
25444, 7, 7 
47181, 7, 7 
32347, 7, 7 
39535, 7, 7 
84, 7, 7 
2618, 7, 7 
51088, 7, 7 
47184, 7, 7 
40080, 7, 7 
55535, 7, 7 
35633, 7, 7 
7420, 7, 7 
11168, 7, 7 
24599, 7, 7 
29900, 7, 7 
1746, 7, 7 
28421, 7, 7 
24409, 7, 7 
19780, 7, 7 
28988, 7, 7 
50126, 7, 7 
3895, 7, 7 
51634, 7, 7 
11595, 7, 7 
436, 7, 7 
30442, 7, 7 
28535, 7, 7 
58109, 7, 7 
3728, 7, 7 
6115, 7, 7 
38972, 7, 7 
28106, 7, 7 
22392, 7, 7 
20789, 7, 7 
14898, 7, 7 
57555, 7, 7 
21904, 7, 7 
31300, 7, 7 
10297, 7, 7 
30502, 7, 7 
52969, 7, 7 
38916, 7, 7 
56042, 7, 7 
18773, 7, 7 
17918, 7, 4 
3246, 7, 7 
50215, 7, 7 
4285, 7, 7 
55843, 7, 7 
34487, 7, 7 
56285, 7, 7 
32538, 7, 7 
56392, 7, 7 
24675, 7, 7 
29508, 7, 7 
24291, 7, 7 
16721, 7, 7 
49242, 7, 7 
15460, 7, 7 
59717, 7, 7 
33082, 7, 7 
4794, 7, 7 
8559, 7, 7 
6046, 7, 7 
29963, 7, 7 
18819, 7, 7 
48675, 7, 7 
43541, 7, 7 
10965, 7, 7 
55735, 7, 7 
11510, 7, 7 
58988, 7, 7 
38711, 7, 7 
30941, 7, 7 
59405, 7, 7 
41998, 7, 7 
54066, 7, 7 
7284, 7, 7 
54529, 7, 7 
40368, 7, 7 
23051, 7, 7 
3633, 7, 7 
40638, 7, 7 
37297, 7, 7 
47879, 7, 7 
19164, 7, 7 
13776, 7, 7 
44194, 7, 7 
58202, 7, 7 
43821, 7, 7 
1001, 7, 7 
24005, 7, 7 
56209, 7, 7 
48678, 7, 7 
55078, 7, 7 
18048, 7, 7 
32945, 7, 7 
10744, 7, 7 
31003, 7, 7 
25211, 7, 7 
17557, 7, 7 
42976, 7, 7 
58092, 7, 7 
36612, 7, 7 
50868, 7, 7 
51885, 7, 7 
57380, 7, 7 
27956, 7, 7 
44626, 7, 7 
12139, 7, 7 
57540, 7, 7 
42466, 7, 7 
3343, 7, 7 
11763, 7, 7 
18351, 7, 7 
23883, 7, 7 
36531, 7, 7 
37536, 7, 7 
56722, 7, 7 
8637, 7, 7 
8849, 7, 7 
7852, 7, 7 
58078, 7, 7 
25452, 7, 7 
43924, 7, 7 
52579, 7, 7 
50648, 7, 7 
24325, 7, 7 
38269, 7, 7 
34951, 7, 7 
24882, 7, 7 
15997, 7, 7 
15792, 7, 7 
52089, 7, 7 
53629, 7, 7 
212, 7, 7 
49721, 7, 7 
58683, 7, 7 
16138, 7, 7 
19635, 7, 7 
12601, 7, 7 
12742, 7, 7 
23309, 7, 7 
6862, 7, 7 
37853, 7, 7 
3790, 7, 7 
44943, 7, 7 
17979, 7, 7 
29850, 7, 7 
59469, 7, 7 
15518, 7, 7 
34435, 7, 7 
2903, 7, 7 
27867, 7, 7 
5448, 7, 7 
55480, 7, 7 
22005, 7, 7 
55180, 7, 7 
52732, 7, 7 
45187, 7, 7 
22891, 7, 7 
20509, 7, 7 
43400, 7, 7 
55896, 7, 7 
11180, 7, 7 
47677, 7, 7 
20557, 7, 7 
40728, 7, 7 
56680, 7, 7 
52162, 7, 7 
49635, 7, 7 
26004, 7, 7 
36530, 7, 7 
13416, 7, 7 
1899, 7, 7 
18757, 7, 7 
9888, 7, 7 
1652, 7, 7 
6740, 7, 7 
42722, 7, 7 
15037, 7, 7 
32048, 7, 7 
52591, 7, 7 
32497, 7, 7 
4680, 7, 7 
9082, 7, 7 
59204, 7, 7 
11946, 7, 7 
59115, 7, 7 
36136, 7, 7 
25370, 7, 7 
51023, 7, 7 
8377, 7, 7 
16524, 7, 7 
59068, 7, 7 
2173, 7, 7 
27039, 7, 7 
4897, 7, 7 
4326, 7, 7 
1392, 7, 7 
22007, 7, 7 
47775, 7, 7 
50614, 7, 7 
24159, 7, 7 
19270, 7, 7 
45180, 7, 7 
28885, 7, 7 
31844, 7, 7 
35696, 7, 7 
47495, 7, 7 
15895, 7, 7 
40415, 7, 7 
17659, 7, 7 
56196, 7, 7 
4242, 7, 7 
29257, 7, 7 
2929, 7, 7 
38186, 7, 7 
31547, 7, 9 
37706, 7, 7 
44516, 7, 7 
10202, 7, 7 
16272, 7, 7 
59977, 7, 7 
24141, 7, 7 
6487, 7, 7 
45054, 7, 7 
15327, 7, 7 
2108, 7, 7 
51621, 7, 7 
19642, 7, 7 
41958, 7, 7 
50365, 7, 7 
2380, 7, 7 
4809, 7, 7 
59172, 7, 7 
12659, 7, 7 
2054, 7, 7 
57923, 7, 7 
3081, 7, 7 
9768, 7, 7 
4255, 7, 7 
57325, 7, 7 
34200, 7, 7 
52173, 7, 7 
17205, 7, 7 
40311, 7, 7 
25639, 7, 7 
44965, 7, 7 
49980, 7, 7 
20311, 7, 7 
54317, 7, 7 
27485, 7, 7 
56482, 7, 7 
11798, 7, 7 
5000, 7, 7 
20996, 7, 7 
29625, 7, 7 
58061, 7, 7 
2319, 7, 7 
39969, 7, 7 
38338, 7, 7 
48593, 7, 7 
26051, 7, 7 
17830, 7, 7 
21335, 7, 7 
26714, 7, 7 
8516, 7, 7 
14288, 7, 7 
20969, 7, 7 
45059, 7, 7 
9510, 7, 7 
10357, 7, 7 
59646, 7, 7 
12491, 7, 7 
40557, 7, 7 
58282, 7, 7 
54871, 7, 7 
39917, 7, 7 
13380, 7, 7 
9882, 7, 7 
27265, 7, 7 
54478, 7, 7 
22314, 7, 7 
7686, 7, 7 
18122, 7, 7 
21258, 7, 7 
45045, 7, 7 
18691, 7, 7 
35544, 7, 7 
52752, 7, 7 
8803, 7, 7 
37770, 7, 7 
14242, 7, 7 
54219, 7, 7 
53501, 7, 7 
11810, 7, 7 
10295, 7, 7 
6304, 7, 7 
10986, 7, 7 
38004, 7, 7 
8801, 7, 7 
5821, 7, 7 
32835, 7, 7 
4759, 7, 7 
45333, 7, 7 
7229, 7, 7 
58606, 7, 7 
40476, 7, 7 
9588, 7, 7 
9831, 7, 7 
3059, 7, 7 
33384, 7, 7 
47727, 7, 7 
10095, 7, 7 
26274, 7, 7 
12138, 7, 7 
6597, 7, 7 
38447, 7, 7 
29277, 7, 7 
19370, 7, 7 
14201, 7, 7 
56780, 7, 7 
14642, 7, 7 
44772, 7, 7 
51236, 7, 7 
32542, 7, 7 
24670, 7, 7 
24788, 7, 7 
47067, 7, 7 
52937, 7, 7 
36760, 7, 7 
4551, 7, 7 
21803, 7, 7 
12373, 7, 7 
48562, 7, 7 
23000, 7, 7 
49691, 7, 7 
23978, 7, 7 
12649, 7, 7 
32195, 7, 7 
48648, 7, 7 
38215, 7, 7 
38550, 7, 7 
22613, 7, 7 
55466, 7, 7 
33307, 7, 7 
29633, 7, 7 
27406, 7, 7 
38075, 7, 7 
37762, 7, 7 
43645, 7, 7 
54494, 7, 7 
8237, 7, 7 
51429, 7, 7 
5650, 7, 7 
50763, 7, 7 
10544, 7, 7 
51526, 7, 7 
56844, 7, 7 
17329, 7, 7 
42811, 7, 7 
6173, 7, 7 
1619, 7, 7 
29783, 7, 7 
18392, 7, 7 
36972, 7, 7 
46888, 7, 7 
18402, 7, 7 
52013, 7, 7 
34331, 7, 7 
141, 7, 7 
48691, 7, 7 
40700, 7, 7 
54696, 7, 7 
37389, 7, 7 
45533, 7, 7 
31835, 7, 7 
3641, 7, 7 
2391, 7, 7 
56983, 7, 7 
21704, 7, 7 
32122, 7, 7 
34434, 7, 7 
14475, 7, 7 
4592, 7, 7 
31064, 7, 7 
42031, 7, 7 
25578, 7, 7 
54482, 7, 7 
22109, 7, 7 
28897, 7, 7 
3252, 7, 7 
35519, 7, 7 
2844, 7, 7 
17687, 7, 7 
47613, 7, 7 
8805, 7, 7 
50732, 7, 7 
16795, 7, 7 
59779, 7, 7 
3250, 7, 7 
51532, 7, 7 
16712, 7, 7 
46957, 7, 7 
28982, 7, 7 
25979, 7, 7 
16557, 7, 7 
52235, 7, 7 
13883, 7, 7 
42514, 7, 7 
30722, 7, 7 
42067, 7, 7 
13867, 7, 7 
37420, 7, 7 
36762, 7, 7 
6224, 7, 7 
7470, 7, 7 
6015, 7, 7 
59019, 7, 7 
49058, 7, 7 
522, 7, 7 
21133, 7, 7 
34446, 7, 7 
1832, 7, 7 
35150, 7, 7 
29799, 7, 7 
18809, 7, 7 
19809, 7, 7 
53423, 7, 7 
8717, 7, 7 
59842, 7, 7 
1437, 7, 7 
45948, 8, 8 
58787, 8, 8 
10197, 8, 8 
5534, 8, 8 
29095, 8, 8 
16023, 8, 8 
26952, 8, 8 
20408, 8, 8 
58990, 8, 8 
42383, 8, 8 
18089, 8, 8 
46504, 8, 8 
12493, 8, 8 
39350, 8, 8 
27121, 8, 8 
1901, 8, 8 
1666, 8, 8 
18629, 8, 8 
24051, 8, 8 
25686, 8, 8 
15307, 8, 8 
11063, 8, 8 
47748, 8, 8 
47066, 8, 8 
31591, 8, 8 
27251, 8, 8 
26122, 8, 8 
47546, 8, 8 
35428, 8, 8 
3643, 8, 8 
21189, 8, 8 
27819, 8, 8 
40549, 8, 8 
28785, 8, 8 
45849, 8, 8 
10895, 8, 8 
40011, 8, 8 
22724, 8, 8 
27849, 8, 8 
19358, 8, 8 
32615, 8, 8 
11836, 8, 8 
49963, 8, 8 
46959, 8, 8 
38702, 8, 8 
42665, 8, 8 
57922, 8, 8 
13605, 8, 8 
34075, 8, 8 
7642, 8, 8 
11457, 8, 8 
58643, 8, 8 
1026, 8, 8 
53464, 8, 8 
14697, 8, 8 
40306, 8, 8 
55766, 8, 8 
12198, 8, 8 
44576, 8, 8 
17179, 8, 8 
17705, 8, 8 
39547, 8, 8 
34165, 8, 8 
23769, 8, 8 
59270, 8, 8 
48652, 8, 8 
56867, 8, 8 
56685, 8, 8 
25592, 8, 8 
51846, 8, 8 
3281, 8, 8 
8753, 8, 8 
2442, 8, 8 
225, 8, 8 
9334, 8, 8 
21868, 8, 8 
4745, 8, 8 
12174, 8, 8 
42880, 8, 8 
3152, 8, 8 
40398, 8, 8 
25709, 8, 8 
18711, 8, 8 
11311, 8, 8 
24498, 8, 8 
16154, 8, 8 
19392, 8, 8 
55618, 8, 8 
25228, 8, 8 
57189, 8, 8 
53745, 8, 8 
22175, 8, 8 
38067, 8, 8 
47728, 8, 8 
35730, 8, 8 
144, 8, 8 
40553, 8, 8 
17756, 8, 8 
53184, 8, 8 
14075, 8, 8 
44221, 8, 8 
37398, 8, 8 
55146, 8, 8 
25692, 8, 8 
8485, 8, 8 
58201, 8, 8 
32784, 8, 8 
53580, 8, 8 
44087, 8, 8 
37129, 8, 8 
33036, 8, 8 
50044, 8, 8 
18109, 8, 8 
42238, 8, 8 
31080, 8, 8 
4305, 8, 8 
386, 8, 8 
38967, 8, 8 
19242, 8, 8 
22784, 8, 8 
12379, 8, 8 
48753, 8, 8 
59751, 8, 8 
6580, 8, 8 
20722, 8, 8 
10499, 8, 8 
12084, 8, 8 
42661, 8, 8 
34649, 8, 8 
22965, 8, 8 
41560, 8, 8 
28813, 8, 8 
39827, 8, 8 
15236, 8, 8 
19351, 8, 8 
59015, 8, 8 
59834, 8, 8 
22290, 8, 8 
59813, 8, 8 
50869, 8, 8 
503, 8, 8 
45168, 8, 8 
32285, 8, 8 
2668, 8, 8 
35541, 8, 8 
24558, 8, 8 
56430, 8, 8 
31525, 8, 8 
34669, 8, 8 
42147, 8, 8 
13990, 8, 8 
53648, 8, 8 
25207, 8, 8 
34901, 8, 8 
33778, 8, 8 
44308, 8, 8 
48104, 8, 8 
43121, 8, 8 
45573, 8, 8 
44652, 8, 8 
17178, 8, 8 
47401, 8, 8 
4927, 8, 8 
2475, 8, 8 
35307, 8, 8 
21383, 8, 8 
16301, 8, 8 
44945, 8, 8 
8397, 8, 8 
18642, 8, 8 
43793, 8, 8 
54117, 8, 8 
44203, 8, 8 
28480, 8, 8 
41598, 8, 8 
15807, 8, 8 
55868, 8, 8 
56296, 8, 8 
9918, 8, 8 
27687, 8, 8 
28297, 8, 8 
56623, 8, 8 
36503, 8, 8 
15455, 8, 8 
14779, 8, 8 
4357, 8, 8 
35438, 8, 8 
40595, 8, 8 
23428, 8, 8 
32076, 8, 8 
32641, 8, 8 
2927, 8, 8 
50097, 8, 8 
6677, 8, 8 
27650, 8, 8 
56771, 8, 8 
42196, 8, 8 
6940, 8, 8 
10710, 8, 8 
8175, 8, 8 
58657, 8, 8 
42365, 8, 8 
4058, 8, 8 
29618, 8, 8 
36529, 8, 8 
19605, 8, 8 
25796, 8, 8 
42691, 8, 8 
3664, 8, 8 
50054, 8, 8 
1713, 8, 8 
16158, 8, 8 
8764, 8, 8 
13274, 8, 8 
32011, 8, 8 
5894, 8, 8 
46756, 8, 8 
30451, 8, 8 
46789, 8, 8 
30862, 8, 8 
6322, 8, 8 
18305, 8, 8 
58849, 8, 8 
9554, 8, 8 
6831, 8, 8 
58150, 8, 8 
35383, 8, 8 
10948, 8, 8 
24073, 8, 8 
48160, 8, 8 
47008, 8, 8 
26681, 8, 8 
42656, 8, 8 
38581, 8, 8 
17743, 8, 8 
34098, 8, 8 
4761, 8, 8 
1621, 8, 8 
57352, 8, 8 
28433, 8, 8 
16539, 8, 8 
45649, 8, 8 
29989, 8, 8 
26666, 8, 8 
20880, 8, 8 
54180, 8, 8 
50327, 8, 8 
30771, 8, 8 
20328, 8, 8 
52775, 8, 8 
32261, 8, 8 
33719, 8, 8 
4675, 8, 8 
17405, 8, 8 
41, 8, 8 
14474, 8, 8 
53970, 8, 8 
34933, 8, 8 
50634, 8, 8 
5333, 8, 8 
59511, 8, 8 
57238, 8, 8 
26935, 8, 8 
26760, 8, 8 
28726, 8, 8 
41718, 8, 8 
31985, 8, 8 
49016, 8, 8 
14975, 8, 8 
55256, 8, 8 
12777, 8, 8 
49465, 8, 8 
14203, 8, 8 
49525, 8, 8 
24769, 8, 8 
45223, 8, 8 
51746, 8, 8 
20133, 8, 8 
865, 8, 8 
16964, 8, 8 
51720, 8, 8 
17948, 8, 8 
22568, 8, 8 
45956, 8, 8 
58543, 8, 8 
28206, 8, 8 
43099, 8, 8 
49303, 8, 8 
17237, 8, 8 
6006, 8, 8 
11213, 8, 8 
36605, 8, 8 
20261, 8, 8 
9543, 8, 8 
57244, 8, 8 
23436, 8, 8 
54564, 8, 8 
49563, 8, 8 
12163, 8, 8 
37198, 8, 8 
415, 8, 8 
5034, 8, 8 
47948, 8, 8 
10319, 8, 8 
45103, 8, 8 
3845, 8, 8 
47387, 8, 8 
19650, 8, 8 
33777, 8, 8 
35704, 8, 8 
41396, 8, 8 
46226, 8, 8 
48726, 8, 8 
33755, 8, 8 
32636, 8, 8 
25250, 8, 8 
20904, 8, 8 
32206, 8, 8 
31206, 8, 8 
26379, 8, 8 
52159, 8, 8 
8171, 8, 8 
21475, 8, 8 
34758, 8, 8 
8365, 8, 8 
53506, 8, 8 
47315, 8, 8 
50687, 8, 8 
27236, 8, 8 
47577, 8, 8 
46387, 8, 8 
23890, 8, 8 
49487, 8, 8 
30401, 8, 8 
31721, 8, 8 
57179, 8, 8 
53806, 8, 9 
56594, 8, 8 
29022, 8, 8 
6243, 8, 8 
4691, 8, 8 
5042, 8, 8 
5170, 8, 8 
45660, 8, 8 
43548, 8, 8 
17924, 8, 8 
12936, 8, 8 
188, 8, 8 
21650, 8, 8 
4272, 8, 8 
13597, 8, 8 
18338, 8, 8 
56523, 8, 8 
26203, 8, 8 
26672, 8, 8 
17456, 8, 8 
1193, 8, 8 
2170, 8, 8 
31355, 8, 8 
53203, 8, 8 
16517, 8, 8 
35997, 8, 8 
21943, 8, 8 
35096, 8, 8 
18574, 8, 8 
20771, 8, 8 
3976, 8, 8 
57532, 8, 8 
45326, 8, 8 
6152, 8, 8 
6731, 8, 8 
34872, 8, 8 
21045, 8, 8 
37431, 8, 8 
29402, 8, 8 
33018, 8, 8 
45938, 8, 8 
39519, 8, 8 
57617, 8, 8 
39604, 8, 8 
40339, 8, 8 
55801, 8, 8 
10274, 8, 8 
40031, 8, 8 
41017, 8, 8 
14626, 8, 8 
44196, 8, 8 
33636, 8, 8 
27017, 8, 8 
44638, 8, 8 
46495, 8, 8 
22469, 8, 8 
57077, 8, 8 
24534, 8, 8 
3584, 8, 8 
39647, 8, 8 
32467, 8, 8 
40652, 8, 8 
15219, 8, 8 
3928, 8, 8 
17760, 8, 8 
55519, 8, 8 
17055, 8, 8 
4598, 8, 8 
38112, 8, 8 
23865, 8, 8 
32225, 8, 8 
39611, 8, 8 
57042, 8, 8 
49276, 8, 8 
47176, 8, 8 
43299, 8, 8 
50790, 8, 8 
56544, 8, 8 
3499, 8, 8 
46738, 8, 8 
58394, 8, 8 
7799, 8, 8 
59946, 8, 8 
44624, 8, 8 
19214, 8, 8 
29422, 8, 8 
532, 8, 8 
53660, 8, 8 
59286, 8, 8 
26138, 8, 8 
9805, 8, 8 
52303, 8, 8 
59962, 8, 8 
7117, 8, 8 
22810, 8, 8 
56039, 8, 8 
50513, 8, 8 
59718, 8, 8 
43464, 8, 8 
15515, 8, 8 
50791, 8, 8 
11239, 8, 8 
53486, 8, 8 
41622, 8, 8 
32181, 8, 8 
40727, 8, 8 
1790, 8, 8 
15467, 8, 8 
8859, 8, 8 
18310, 8, 8 
47563, 8, 8 
38397, 8, 8 
13301, 8, 8 
59280, 8, 8 
45311, 8, 8 
32968, 8, 8 
36627, 8, 8 
43846, 8, 8 
51725, 8, 8 
57118, 8, 8 
14128, 8, 8 
33820, 8, 8 
26135, 8, 8 
45122, 8, 8 
29053, 8, 8 
5896, 8, 7 
4381, 8, 8 
59803, 8, 8 
46299, 8, 8 
53248, 8, 8 
58178, 8, 8 
17609, 8, 8 
50626, 8, 8 
14645, 8, 8 
45647, 8, 8 
14665, 8, 8 
36974, 8, 8 
14452, 8, 8 
33419, 8, 8 
32717, 8, 8 
11382, 8, 8 
6533, 8, 8 
57019, 8, 8 
18994, 8, 8 
16266, 8, 8 
34011, 8, 8 
12466, 8, 8 
47462, 8, 8 
43986, 8, 2 
39167, 8, 8 
49129, 8, 8 
1543, 8, 8 
295, 8, 8 
59685, 8, 8 
10041, 8, 8 
23063, 8, 8 
5248, 8, 8 
18774, 8, 8 
2265, 8, 8 
3086, 8, 8 
10281, 8, 8 
17878, 8, 8 
48503, 8, 8 
10619, 8, 8 
34651, 9, 9 
48603, 9, 9 
29195, 9, 9 
38064, 9, 9 
43093, 9, 9 
49319, 9, 9 
8484, 9, 9 
26179, 9, 9 
24319, 9, 9 
10977, 9, 9 
25323, 9, 9 
45176, 9, 9 
11485, 9, 9 
41097, 9, 9 
18382, 9, 9 
29328, 9, 9 
25168, 9, 9 
20444, 9, 9 
23262, 9, 9 
9673, 9, 9 
11103, 9, 9 
28984, 9, 2 
56300, 9, 9 
57452, 9, 9 
37349, 9, 9 
27771, 9, 9 
4219, 9, 9 
7098, 9, 9 
6787, 9, 9 
52761, 9, 9 
27450, 9, 9 
27519, 9, 9 
45084, 9, 9 
27230, 9, 9 
47755, 9, 9 
15991, 9, 9 
18558, 9, 9 
23084, 9, 9 
47009, 9, 9 
32260, 9, 9 
16067, 9, 9 
12768, 9, 9 
9683, 9, 9 
50436, 9, 9 
4720, 9, 9 
51455, 9, 9 
36886, 9, 9 
30505, 9, 9 
30712, 9, 9 
19707, 9, 9 
37046, 9, 9 
7155, 9, 9 
37283, 9, 9 
36922, 9, 9 
46987, 9, 9 
17384, 9, 9 
44863, 9, 9 
31919, 9, 9 
54538, 9, 9 
36161, 9, 9 
38248, 9, 9 
19641, 9, 9 
19, 9, 9 
58013, 9, 9 
1274, 9, 9 
12320, 9, 9 
45828, 9, 9 
1878, 9, 9 
6162, 9, 9 
49870, 9, 9 
20700, 9, 9 
80, 9, 8 
12120, 9, 9 
22406, 9, 9 
11206, 9, 9 
33311, 9, 9 
39795, 9, 9 
17860, 9, 9 
44081, 9, 9 
56829, 9, 9 
39733, 9, 9 
49335, 9, 9 
30778, 9, 9 
34903, 9, 9 
32668, 9, 9 
43777, 9, 9 
27074, 9, 9 
29802, 9, 9 
20893, 9, 9 
30782, 9, 9 
22334, 9, 9 
29369, 9, 9 
10970, 9, 9 
12607, 9, 9 
18166, 9, 9 
59973, 9, 9 
38048, 9, 9 
45969, 9, 9 
10808, 9, 9 
1560, 9, 9 
37575, 9, 9 
34184, 9, 9 
52800, 9, 9 
20410, 9, 9 
44182, 9, 9 
4811, 9, 9 
13308, 9, 9 
21172, 9, 9 
47237, 9, 9 
14925, 9, 9 
15837, 9, 9 
20001, 9, 9 
24071, 9, 9 
38279, 9, 9 
52910, 9, 9 
48257, 9, 9 
35893, 9, 9 
29475, 9, 9 
8316, 9, 9 
19143, 9, 9 
11688, 9, 9 
24916, 9, 9 
13326, 9, 9 
50458, 9, 9 
49130, 9, 9 
8525, 9, 9 
3544, 9, 9 
22664, 9, 9 
31074, 9, 9 
46000, 9, 9 
38795, 9, 9 
16005, 9, 9 
17983, 9, 9 
16055, 9, 9 
3991, 9, 9 
16409, 9, 9 
51192, 9, 9 
3967, 9, 9 
34482, 9, 9 
30491, 9, 9 
54944, 9, 9 
24596, 9, 9 
3913, 9, 9 
59566, 9, 9 
42109, 9, 9 
47355, 9, 9 
25280, 9, 9 
59741, 9, 9 
17656, 9, 9 
45421, 9, 9 
23447, 9, 9 
4065, 9, 9 
29547, 9, 9 
10305, 9, 9 
48836, 9, 9 
39997, 9, 9 
10374, 9, 9 
21336, 9, 9 
460, 9, 9 
27774, 9, 9 
32351, 9, 9 
25212, 9, 9 
11900, 9, 9 
27383, 9, 9 
27226, 9, 9 
44509, 9, 9 
4313, 9, 9 
12721, 9, 9 
58639, 9, 9 
8127, 9, 9 
16463, 9, 9 
12315, 9, 9 
42851, 9, 9 
21616, 9, 9 
49984, 9, 9 
50177, 9, 9 
13672, 9, 9 
18401, 9, 9 
31986, 9, 9 
36194, 9, 9 
43896, 9, 9 
51020, 9, 9 
20900, 9, 9 
37541, 9, 9 
25706, 9, 9 
19644, 9, 9 
4594, 9, 9 
5063, 9, 9 
1622, 9, 9 
25493, 9, 9 
19030, 9, 9 
42458, 9, 9 
47863, 9, 9 
33860, 9, 9 
16778, 9, 9 
21072, 9, 9 
49973, 9, 9 
19667, 9, 9 
15162, 9, 9 
2989, 9, 9 
33336, 9, 9 
2997, 9, 9 
10208, 9, 9 
772, 9, 9 
9311, 9, 9 
11186, 9, 9 
48171, 9, 9 
59518, 9, 9 
9122, 9, 9 
49447, 9, 9 
6036, 9, 9 
48789, 9, 9 
14058, 9, 9 
17902, 9, 9 
37338, 9, 9 
48157, 9, 9 
57175, 9, 9 
18355, 9, 9 
36474, 9, 9 
1612, 9, 9 
40839, 9, 9 
5136, 9, 9 
26177, 9, 9 
44400, 9, 9 
22433, 9, 9 
49925, 9, 9 
7947, 9, 9 
22514, 9, 9 
32963, 9, 9 
35189, 9, 9 
56087, 9, 9 
51022, 9, 9 
26663, 9, 9 
3063, 9, 9 
43814, 9, 9 
58348, 9, 9 
32732, 9, 9 
7201, 9, 9 
10004, 9, 9 
37127, 9, 9 
18187, 9, 9 
14365, 9, 9 
43325, 9, 9 
5745, 9, 9 
980, 9, 9 
23771, 9, 9 
19359, 9, 9 
53505, 9, 9 
24194, 9, 9 
48980, 9, 9 
51985, 9, 9 
50209, 9, 9 
54738, 9, 9 
48987, 9, 9 
42838, 9, 9 
50832, 9, 9 
51281, 9, 9 
1569, 9, 9 
40876, 9, 9 
32235, 9, 9 
27615, 9, 9 
40685, 9, 9 
56726, 9, 9 
26558, 9, 9 
334, 9, 9 
45944, 9, 9 
47766, 9, 9 
18458, 9, 9 
58761, 9, 9 
55992, 9, 9 
36349, 9, 9 
57627, 9, 9 
11416, 9, 9 
56627, 9, 9 
52546, 9, 9 
8953, 9, 9 
59910, 9, 9 
22503, 9, 9 
24337, 9, 9 
27087, 9, 9 
14436, 9, 9 
16137, 9, 9 
36249, 9, 9 
36607, 9, 9 
27391, 9, 9 
37637, 9, 9 
25376, 9, 9 
20788, 9, 9 
54307, 9, 9 
29565, 9, 9 
23807, 9, 9 
30583, 9, 9 
34591, 9, 9 
23420, 9, 9 
31337, 9, 9 
25698, 9, 9 
39425, 9, 7 
53801, 9, 9 
10142, 9, 9 
19778, 9, 9 
52714, 9, 9 
55510, 9, 9 
6334, 9, 9 
53267, 9, 9 
17666, 9, 9 
58159, 9, 9 
31551, 9, 9 
763, 9, 9 
31561, 9, 9 
13269, 9, 9 
49944, 9, 9 
51516, 9, 9 
52814, 9, 9 
29874, 9, 9 
52055, 9, 9 
51284, 9, 9 
8220, 9, 9 
19728, 9, 9 
3506, 9, 9 
27130, 9, 9 
21471, 9, 9 
34598, 9, 9 
53280, 9, 9 
41081, 9, 9 
22388, 9, 9 
55539, 9, 9 
23901, 9, 9 
49679, 9, 9 
22458, 9, 9 
56201, 9, 9 
11633, 9, 9 
1066, 9, 9 
36080, 9, 9 
55235, 9, 9 
32972, 9, 9 
36418, 9, 9 
12562, 9, 9 
17597, 9, 9 
21842, 9, 9 
49956, 9, 9 
27863, 9, 9 
13668, 9, 9 
24956, 9, 9 
41813, 9, 9 
14680, 9, 9 
59075, 9, 9 
26060, 9, 9 
37466, 9, 9 
26416, 9, 9 
40177, 9, 9 
31295, 9, 9 
57670, 9, 9 
44376, 9, 9 
15489, 9, 9 
32271, 9, 9 
55859, 9, 9 
53059, 9, 9 
47103, 9, 9 
57753, 9, 9 
44618, 9, 9 
29349, 9, 9 
1291, 9, 9 
20366, 9, 9 
43478, 9, 9 
17226, 9, 9 
1632, 9, 9 
24736, 9, 9 
27766, 9, 9 
12629, 9, 9 
57688, 9, 9 
1161, 9, 9 
27016, 9, 9 
10875, 9, 9 
4894, 9, 9 
27128, 9, 9 
14042, 9, 9 
3998, 9, 9 
56702, 9, 9 
11626, 9, 9 
20129, 9, 9 
31818, 9, 9 
25837, 9, 9 
24594, 9, 9 
42149, 9, 9 
42924, 9, 9 
6061, 9, 9 
21757, 9, 9 
38082, 9, 9 
29397, 9, 9 
50020, 9, 9 
26954, 9, 9 
51253, 9, 9 
16588, 9, 9 
49752, 9, 9 
5165, 9, 9 
21245, 9, 9 
54955, 9, 9 
19995, 9, 9 
41684, 9, 9 
48577, 9, 9 
52017, 9, 9 
14950, 9, 9 
37935, 9, 9 
11090, 9, 9 
580, 9, 9 
46609, 9, 9 
7541, 9, 9 
41070, 9, 9 
22841, 9, 9 
18973, 9, 9 
54843, 9, 9 
5201, 9, 9 
52324, 9, 9 
24482, 9, 9 
10820, 9, 9 
17410, 9, 9 
12029, 9, 9 
57052, 9, 9 
3704, 9, 9 
33592, 9, 9 
29865, 9, 9 
19577, 9, 9 
19126, 9, 9 
18813, 9, 9 
13530, 9, 9 
56896, 9, 9 
45445, 9, 9 
23555, 9, 9 
47398, 9, 9 
11474, 9, 9 
2795, 9, 9 
8847, 9, 9 
34347, 9, 9 
39025, 9, 9 
54702, 9, 9 
59888, 9, 9 
45323, 9, 9 
37259, 9, 9 
16981, 9, 9 
1038, 9, 9 
27846, 9, 9 
11970, 9, 9 
37651, 9, 9 
22338, 9, 9 
49469, 9, 9 
41840, 9, 9 
37520, 9, 9 
24092, 9, 9 
10166, 9, 9 
25640, 9, 9 
47120, 9, 9 
41395, 9, 9 
58696, 9, 9 
53196, 9, 9 
8654, 9, 9 
44534, 9, 9 
44882, 9, 9 
39869, 9, 9 
18387, 9, 9 
28308, 9, 9 
36920, 9, 9 
13557, 9, 9 
10143, 9, 9 
26844, 9, 9 
11931, 9, 9 
56599, 9, 9 
25263, 9, 9 
31130, 9, 9 
59887, 9, 9 
21562, 9, 9 
38775, 9, 9 
43891, 9, 9 
51930, 9, 9 
17119, 9, 9 
1736, 9, 9 
55473, 9, 9 
35188, 9, 9 
22283, 9, 9 
30103, 9, 9 
55568, 9, 9 
10906, 9, 9 
45007, 9, 9 
59191, 9, 9 
11775, 9, 9 
52556, 9, 9 
50124, 9, 9 
22898, 9, 9 
6149, 9, 9 
38154, 9, 9 
17570, 9, 9 
14816, 9, 9 
11192, 9, 9 
35506, 9, 9 
47165, 9, 9 
52467, 9, 9 
16521, 9, 9 
31747, 9, 9 
17827, 9, 9 
20920, 9, 9 
41827, 9, 9 
