id, true label, predicted label 
32221, 0, 0 
52238, 0, 0 
3410, 0, 0 
18443, 0, 0 
50205, 0, 0 
13344, 0, 0 
32160, 0, 0 
36272, 0, 0 
57811, 0, 0 
28855, 0, 0 
51737, 0, 0 
22364, 0, 0 
34471, 0, 0 
24348, 0, 0 
34237, 0, 0 
59987, 0, 0 
12785, 0, 0 
58012, 0, 0 
57003, 0, 0 
24629, 0, 0 
3943, 0, 0 
26438, 0, 0 
5475, 0, 0 
26832, 0, 0 
25304, 0, 0 
4310, 0, 0 
55345, 0, 0 
17360, 0, 0 
41612, 0, 0 
22583, 0, 0 
20256, 0, 0 
4655, 0, 0 
27985, 0, 0 
40284, 0, 0 
19258, 0, 0 
52428, 0, 0 
51685, 0, 0 
1304, 0, 0 
34014, 0, 0 
17932, 0, 0 
23315, 0, 0 
11041, 0, 0 
22143, 0, 0 
36882, 0, 0 
32336, 0, 0 
42358, 0, 0 
27820, 0, 0 
23067, 0, 0 
30300, 0, 0 
12575, 0, 0 
8273, 0, 0 
5266, 0, 0 
10604, 0, 0 
8193, 0, 0 
21996, 0, 0 
27749, 0, 0 
49185, 0, 0 
13729, 0, 0 
5961, 0, 0 
33403, 0, 0 
28024, 0, 0 
2066, 0, 0 
45042, 0, 0 
3143, 0, 0 
32293, 0, 0 
37708, 0, 0 
984, 0, 0 
19012, 0, 0 
58062, 0, 0 
12140, 0, 0 
37377, 0, 0 
35655, 0, 0 
5052, 0, 0 
4748, 0, 0 
45515, 0, 0 
5228, 0, 0 
30212, 0, 0 
14965, 0, 0 
7135, 0, 0 
10919, 0, 0 
6227, 0, 0 
56404, 0, 0 
4597, 0, 0 
9744, 0, 0 
24075, 0, 0 
28165, 0, 0 
21526, 0, 0 
1195, 0, 0 
43236, 0, 0 
3131, 0, 0 
11860, 0, 0 
26117, 0, 0 
54549, 0, 0 
9435, 0, 0 
12266, 0, 0 
2079, 0, 0 
51546, 0, 0 
37192, 0, 0 
12662, 0, 0 
39664, 0, 0 
54102, 0, 0 
20843, 0, 0 
11974, 0, 0 
55911, 0, 0 
13916, 0, 0 
16415, 0, 0 
50637, 0, 0 
5007, 0, 0 
7129, 0, 0 
51638, 0, 0 
46562, 0, 0 
32834, 0, 0 
17381, 0, 0 
54939, 0, 0 
1423, 0, 0 
44335, 0, 0 
22886, 0, 0 
52804, 0, 0 
7944, 0, 0 
18284, 0, 0 
42136, 0, 0 
26656, 0, 0 
46557, 0, 0 
26608, 0, 0 
44796, 0, 0 
19845, 0, 0 
48210, 0, 0 
46459, 0, 0 
20863, 0, 0 
26241, 0, 0 
31445, 0, 0 
27145, 0, 0 
52154, 0, 0 
28821, 0, 0 
45617, 0, 0 
7557, 0, 0 
3286, 0, 0 
17738, 0, 0 
4918, 0, 0 
20478, 0, 0 
29101, 0, 0 
5808, 0, 0 
44692, 0, 0 
51627, 0, 0 
943, 0, 0 
2100, 0, 0 
41353, 0, 0 
33228, 0, 0 
40563, 0, 0 
7062, 0, 0 
451, 0, 0 
48439, 0, 0 
26139, 0, 0 
8116, 0, 0 
524, 0, 0 
15189, 0, 0 
16083, 0, 0 
4773, 0, 0 
16163, 0, 0 
14564, 0, 0 
47447, 0, 0 
42444, 0, 0 
12690, 0, 0 
38228, 0, 0 
8877, 0, 0 
12691, 0, 0 
7373, 0, 0 
48267, 0, 0 
2615, 0, 0 
54349, 0, 0 
35185, 0, 0 
24268, 0, 0 
27209, 0, 0 
31173, 0, 0 
18759, 0, 0 
818, 0, 0 
59786, 0, 0 
51499, 0, 0 
30665, 0, 0 
16516, 0, 0 
8897, 0, 0 
19811, 0, 0 
49059, 0, 0 
46560, 0, 0 
38662, 0, 0 
24399, 0, 0 
19292, 0, 0 
47406, 0, 0 
42623, 0, 0 
5525, 0, 0 
52793, 0, 0 
42980, 0, 0 
43685, 0, 0 
55130, 0, 0 
27811, 0, 0 
45953, 0, 0 
9806, 0, 0 
50257, 0, 0 
40039, 0, 0 
14012, 0, 0 
50070, 0, 0 
31314, 0, 0 
26184, 0, 0 
54844, 0, 0 
8134, 0, 0 
58866, 0, 0 
40859, 0, 0 
23464, 0, 0 
27327, 0, 0 
9455, 0, 0 
46484, 0, 0 
41789, 0, 0 
49354, 0, 0 
3776, 0, 0 
15566, 0, 0 
22860, 0, 0 
33945, 0, 0 
13029, 0, 0 
21759, 0, 0 
26415, 0, 0 
23728, 0, 0 
46371, 0, 0 
32494, 0, 0 
5883, 0, 0 
35408, 0, 0 
27170, 0, 0 
46289, 0, 0 
6832, 0, 0 
28784, 0, 0 
2333, 0, 0 
42008, 0, 0 
25773, 0, 0 
22910, 0, 0 
15583, 0, 0 
293, 0, 0 
28755, 0, 0 
50820, 0, 0 
57451, 0, 0 
20727, 0, 0 
7858, 0, 0 
1625, 0, 0 
7948, 0, 0 
15156, 0, 0 
38035, 0, 0 
28286, 0, 0 
16975, 0, 0 
44491, 0, 0 
5469, 0, 0 
36809, 0, 0 
53684, 0, 0 
47997, 0, 0 
35148, 0, 0 
28428, 0, 0 
33244, 0, 0 
43081, 0, 0 
44867, 0, 0 
44606, 0, 0 
23773, 0, 0 
33923, 0, 0 
29579, 0, 0 
4556, 0, 0 
37027, 0, 0 
17755, 0, 0 
39968, 0, 0 
40732, 0, 0 
7409, 0, 0 
19180, 0, 0 
42610, 0, 0 
47271, 0, 0 
4455, 0, 0 
40797, 0, 0 
3709, 0, 0 
45384, 0, 0 
8249, 0, 0 
46479, 0, 0 
32131, 0, 0 
3534, 0, 0 
46235, 0, 0 
31836, 0, 0 
19985, 0, 0 
25932, 0, 0 
46746, 0, 0 
19649, 0, 0 
49528, 0, 0 
31194, 0, 0 
16498, 0, 0 
37158, 0, 0 
41810, 0, 0 
15779, 0, 0 
19179, 0, 0 
21380, 0, 0 
40843, 0, 0 
10384, 0, 0 
36412, 0, 0 
41443, 0, 0 
34553, 0, 0 
43961, 0, 0 
52312, 0, 0 
28772, 0, 0 
34305, 0, 0 
10563, 0, 0 
26436, 0, 0 
50813, 0, 0 
54642, 0, 0 
17761, 0, 0 
37099, 0, 0 
19369, 0, 0 
10272, 0, 0 
43847, 0, 0 
59680, 0, 0 
8028, 0, 0 
6960, 0, 0 
13816, 0, 0 
11133, 0, 0 
40965, 0, 0 
5398, 0, 0 
20088, 0, 0 
19861, 0, 0 
38100, 0, 0 
53575, 0, 0 
9834, 0, 0 
16043, 0, 0 
28814, 0, 0 
10781, 0, 0 
27492, 0, 0 
5888, 0, 0 
13075, 0, 0 
49595, 0, 0 
40322, 0, 0 
25836, 0, 0 
25987, 0, 0 
1571, 0, 0 
23739, 0, 0 
21542, 0, 0 
25390, 0, 0 
33823, 0, 0 
13233, 0, 0 
24085, 0, 0 
30222, 0, 0 
8788, 0, 0 
2373, 0, 0 
7882, 0, 0 
10579, 0, 0 
20095, 0, 0 
37467, 0, 0 
46571, 0, 0 
29560, 0, 0 
15471, 0, 0 
10254, 0, 0 
36431, 0, 0 
57408, 0, 0 
50357, 0, 0 
53299, 0, 0 
4629, 0, 0 
56419, 0, 0 
54141, 0, 0 
57061, 0, 0 
48791, 0, 0 
44399, 0, 0 
50839, 0, 0 
37506, 0, 0 
36789, 0, 0 
29520, 0, 0 
14202, 0, 0 
37790, 0, 0 
40844, 0, 0 
55745, 0, 0 
21319, 0, 0 
6023, 0, 0 
29341, 0, 0 
30388, 0, 0 
53429, 0, 0 
48142, 0, 0 
29438, 0, 0 
50492, 0, 0 
19744, 0, 0 
20724, 0, 0 
12321, 0, 0 
38488, 0, 0 
45115, 0, 0 
44448, 0, 0 
19407, 0, 0 
52204, 0, 0 
3016, 0, 0 
2606, 0, 0 
54832, 0, 0 
58546, 0, 0 
59418, 0, 0 
10456, 0, 0 
20955, 0, 0 
40586, 0, 0 
44276, 0, 0 
58575, 0, 0 
56674, 0, 0 
4686, 0, 0 
53256, 0, 0 
14513, 0, 0 
15480, 0, 0 
41030, 0, 0 
47736, 0, 0 
48059, 0, 0 
2525, 0, 0 
5268, 0, 0 
7954, 0, 0 
4852, 0, 0 
24121, 0, 0 
28427, 0, 0 
2935, 0, 0 
51889, 0, 0 
10840, 0, 0 
1371, 0, 0 
48834, 0, 0 
25914, 0, 0 
57912, 0, 0 
38929, 0, 0 
31466, 0, 0 
20371, 0, 0 
31288, 0, 0 
27153, 0, 0 
39740, 0, 0 
12195, 0, 0 
108, 0, 0 
11620, 0, 0 
35192, 0, 0 
36447, 0, 0 
58765, 0, 0 
42865, 0, 0 
15581, 0, 0 
25181, 0, 0 
30156, 0, 0 
58360, 0, 0 
56777, 0, 0 
39811, 0, 0 
49075, 0, 0 
28628, 0, 0 
41490, 0, 0 
48111, 0, 0 
1926, 0, 0 
13685, 0, 0 
40199, 0, 0 
5120, 0, 0 
9194, 0, 0 
38696, 0, 0 
38161, 0, 0 
1963, 0, 0 
59712, 0, 0 
55217, 0, 0 
26753, 0, 0 
45276, 0, 0 
4325, 0, 0 
32086, 0, 0 
31138, 0, 0 
52202, 0, 0 
36506, 0, 0 
42183, 0, 0 
59095, 0, 0 
15103, 0, 0 
8533, 0, 0 
33350, 0, 0 
19061, 0, 0 
23044, 0, 0 
39758, 0, 0 
49199, 0, 0 
26389, 0, 0 
9257, 0, 0 
55681, 0, 0 
36223, 0, 0 
24749, 0, 0 
13609, 0, 0 
5048, 0, 0 
6700, 0, 0 
4142, 0, 0 
40320, 0, 0 
40813, 0, 0 
17518, 0, 0 
30618, 0, 0 
35262, 0, 0 
19261, 0, 0 
25892, 0, 0 
7038, 0, 0 
54371, 0, 0 
10025, 0, 0 
30044, 0, 0 
54263, 0, 0 
16178, 0, 0 
11729, 0, 0 
4793, 0, 0 
3021, 0, 0 
11091, 0, 0 
46952, 0, 0 
52294, 0, 0 
46494, 0, 0 
27206, 0, 0 
21064, 0, 0 
20244, 0, 0 
11661, 0, 0 
37113, 0, 0 
22757, 0, 0 
39746, 0, 0 
43965, 0, 0 
43323, 1, 1 
5204, 1, 1 
9674, 1, 1 
58355, 1, 1 
18880, 1, 1 
20824, 1, 1 
12811, 1, 1 
26914, 1, 1 
14149, 1, 1 
20643, 1, 1 
37337, 1, 1 
47153, 1, 1 
11604, 1, 1 
35212, 1, 1 
39051, 1, 1 
50652, 1, 1 
13974, 1, 1 
52807, 1, 1 
22671, 1, 1 
1450, 1, 1 
447, 1, 1 
55714, 1, 1 
49035, 1, 1 
35596, 1, 1 
50472, 1, 1 
7821, 1, 1 
23604, 1, 1 
48085, 1, 1 
21972, 1, 1 
23036, 1, 1 
33110, 1, 1 
10020, 1, 1 
59545, 1, 1 
27744, 1, 1 
25781, 1, 1 
43344, 1, 1 
2177, 1, 1 
31932, 1, 1 
3004, 1, 1 
47291, 1, 1 
43429, 1, 1 
31296, 1, 1 
46880, 1, 1 
6880, 1, 1 
21702, 1, 1 
22164, 1, 1 
28350, 1, 1 
23703, 1, 1 
55621, 1, 1 
45087, 1, 1 
24973, 1, 1 
20474, 1, 1 
2374, 1, 1 
11835, 1, 1 
58511, 1, 1 
26225, 1, 1 
12932, 1, 1 
20332, 1, 1 
47019, 1, 1 
8811, 1, 1 
52395, 1, 1 
42404, 1, 1 
55397, 1, 1 
42947, 1, 1 
48127, 1, 1 
5824, 1, 1 
18912, 1, 1 
765, 1, 1 
406, 1, 1 
43704, 1, 1 
42644, 1, 1 
1579, 1, 1 
33268, 1, 1 
6020, 1, 1 
51900, 1, 1 
21594, 1, 1 
31640, 1, 1 
56980, 1, 1 
1703, 1, 1 
30389, 1, 1 
30639, 1, 1 
25651, 1, 1 
54963, 1, 1 
24721, 1, 1 
17960, 1, 1 
32332, 1, 1 
21492, 1, 1 
30148, 1, 1 
44996, 1, 1 
59984, 1, 1 
53436, 1, 1 
41607, 1, 1 
29986, 1, 1 
16418, 1, 1 
31864, 1, 1 
16636, 1, 1 
32773, 1, 1 
6226, 1, 1 
24090, 1, 1 
7971, 1, 1 
2437, 1, 1 
3111, 1, 1 
11418, 1, 1 
104, 1, 1 
34585, 1, 1 
470, 1, 1 
55142, 1, 1 
54576, 1, 1 
35565, 1, 1 
58806, 1, 1 
2198, 1, 1 
43770, 1, 1 
6244, 1, 1 
4333, 1, 1 
19731, 1, 1 
18452, 1, 1 
54816, 1, 1 
34412, 1, 1 
9106, 1, 1 
34595, 1, 1 
13025, 1, 1 
24470, 1, 1 
7138, 1, 1 
14724, 1, 1 
43142, 1, 1 
55232, 1, 1 
25274, 1, 1 
20108, 1, 1 
2415, 1, 1 
53361, 1, 1 
32892, 1, 1 
48027, 1, 1 
20298, 1, 1 
12885, 1, 1 
55236, 1, 1 
54485, 1, 1 
36265, 1, 1 
27528, 1, 1 
58773, 1, 1 
27896, 1, 1 
13514, 1, 1 
32224, 1, 1 
7630, 1, 1 
57022, 1, 1 
37441, 1, 1 
53119, 1, 1 
58056, 1, 1 
4140, 1, 1 
11608, 1, 1 
56057, 1, 1 
38357, 1, 1 
49397, 1, 1 
37939, 1, 1 
8040, 1, 1 
14221, 1, 1 
12771, 1, 1 
15044, 1, 1 
49440, 1, 1 
48845, 1, 1 
46026, 1, 1 
40196, 1, 1 
53135, 1, 1 
51876, 1, 1 
44813, 1, 1 
22478, 1, 1 
46930, 1, 1 
58672, 1, 1 
11228, 1, 1 
56046, 1, 1 
41360, 1, 1 
48908, 1, 1 
52451, 1, 1 
31323, 1, 1 
32083, 1, 1 
2136, 1, 1 
16759, 1, 1 
13140, 1, 1 
46093, 1, 1 
44125, 1, 1 
15561, 1, 1 
34778, 1, 1 
26757, 1, 1 
28656, 1, 1 
16012, 1, 1 
31061, 1, 1 
29556, 1, 1 
7572, 1, 1 
42846, 1, 1 
30430, 1, 1 
28981, 1, 1 
13090, 1, 1 
32204, 1, 1 
24974, 1, 1 
1597, 1, 1 
6925, 1, 1 
15135, 1, 1 
16441, 1, 1 
23559, 1, 1 
17135, 1, 1 
58083, 1, 1 
28909, 1, 1 
52745, 1, 1 
37547, 1, 1 
3898, 1, 1 
20438, 1, 1 
54720, 1, 1 
45502, 1, 1 
36687, 1, 1 
15851, 1, 1 
37499, 1, 1 
46919, 1, 1 
20838, 1, 1 
52167, 1, 1 
23822, 1, 1 
8815, 1, 1 
7609, 1, 1 
48741, 1, 1 
45861, 1, 1 
59688, 1, 1 
19850, 1, 1 
28134, 1, 1 
18196, 1, 1 
33396, 1, 1 
9653, 1, 1 
26250, 1, 1 
44705, 1, 1 
39782, 1, 1 
31556, 1, 1 
51436, 1, 1 
13399, 1, 1 
33354, 1, 1 
52360, 1, 1 
55000, 1, 1 
44876, 1, 1 
45516, 1, 1 
59728, 1, 1 
56081, 1, 1 
25794, 1, 1 
5635, 1, 1 
27250, 1, 1 
35345, 1, 1 
19355, 1, 1 
50951, 1, 1 
23142, 1, 1 
49787, 1, 1 
28673, 1, 1 
27345, 1, 1 
33943, 1, 1 
6232, 1, 1 
53080, 1, 1 
30457, 1, 1 
34426, 1, 1 
36921, 1, 1 
31198, 1, 1 
47729, 1, 1 
29080, 1, 1 
47535, 1, 1 
572, 1, 1 
52309, 1, 1 
55888, 1, 1 
13160, 1, 1 
45063, 1, 1 
2889, 1, 1 
29068, 1, 1 
56656, 1, 1 
55768, 1, 1 
32133, 1, 1 
57834, 1, 1 
16938, 1, 1 
18482, 1, 1 
31058, 1, 1 
44886, 1, 1 
19613, 1, 1 
1044, 1, 1 
47799, 1, 1 
55317, 1, 1 
27270, 1, 1 
48797, 1, 1 
43316, 1, 1 
27634, 1, 1 
35527, 1, 1 
57855, 1, 1 
13398, 1, 1 
37461, 1, 1 
33623, 1, 1 
31945, 1, 1 
27330, 1, 1 
22812, 1, 1 
50103, 1, 1 
47790, 1, 1 
34938, 1, 1 
50850, 1, 1 
47050, 1, 1 
19145, 1, 1 
15002, 1, 1 
13006, 1, 1 
17775, 1, 1 
40577, 1, 1 
23749, 1, 1 
41029, 1, 1 
28516, 1, 1 
31534, 1, 1 
12042, 1, 1 
3306, 1, 1 
9404, 1, 1 
46089, 1, 1 
57418, 1, 1 
25767, 1, 1 
50572, 1, 1 
48411, 1, 1 
44038, 1, 1 
1230, 1, 1 
17854, 1, 1 
58675, 1, 1 
52505, 1, 1 
15763, 1, 1 
14466, 1, 1 
14936, 1, 1 
13007, 1, 1 
4128, 1, 1 
52780, 1, 1 
33433, 1, 1 
38463, 1, 1 
28015, 1, 1 
40897, 1, 1 
33183, 1, 1 
34269, 1, 1 
18316, 1, 1 
23911, 1, 1 
43030, 1, 1 
49902, 1, 1 
201, 1, 1 
37915, 1, 1 
38545, 1, 1 
17806, 1, 1 
17925, 1, 1 
33326, 1, 1 
637, 1, 1 
12399, 1, 1 
10110, 1, 1 
58447, 1, 1 
41449, 1, 1 
46507, 1, 1 
31017, 1, 1 
59994, 1, 1 
32229, 1, 1 
49888, 1, 1 
49927, 1, 1 
47908, 1, 1 
870, 1, 1 
16608, 1, 1 
19304, 1, 1 
32306, 1, 1 
34038, 1, 1 
20593, 1, 1 
32886, 1, 1 
40482, 1, 1 
45650, 1, 1 
4821, 1, 1 
20135, 1, 1 
3379, 1, 1 
5749, 1, 1 
16348, 1, 1 
54614, 1, 1 
12791, 1, 1 
25473, 1, 1 
47709, 1, 1 
52334, 1, 1 
31113, 1, 1 
25310, 1, 1 
4152, 1, 1 
21460, 1, 1 
39077, 1, 1 
22937, 1, 1 
42058, 1, 1 
50493, 1, 1 
26924, 1, 1 
8092, 1, 1 
37607, 1, 1 
59116, 1, 1 
12166, 1, 1 
28355, 1, 1 
50772, 1, 1 
58072, 1, 1 
49569, 1, 1 
54753, 1, 1 
12521, 1, 1 
28334, 1, 1 
53791, 1, 1 
1607, 1, 1 
36898, 1, 1 
6998, 1, 1 
50632, 1, 1 
21201, 1, 1 
13201, 1, 1 
5239, 1, 1 
18940, 1, 1 
14656, 1, 1 
45092, 1, 1 
1816, 1, 1 
55767, 1, 1 
26099, 1, 1 
13112, 1, 1 
29347, 1, 1 
17433, 1, 1 
20195, 1, 1 
45451, 1, 1 
50130, 1, 1 
47350, 1, 1 
57607, 1, 1 
58810, 1, 1 
56689, 1, 1 
58767, 1, 1 
7996, 1, 1 
21379, 1, 1 
58727, 1, 1 
57223, 1, 1 
53304, 1, 1 
27665, 1, 1 
33385, 1, 1 
48184, 1, 1 
34329, 1, 1 
27309, 1, 1 
47527, 1, 1 
55121, 1, 1 
18768, 1, 1 
43197, 1, 1 
37343, 1, 1 
11561, 1, 1 
41809, 1, 1 
39033, 1, 1 
37011, 1, 1 
8989, 1, 1 
45659, 1, 1 
5516, 1, 4 
55594, 1, 1 
16218, 1, 1 
34874, 1, 1 
46601, 1, 1 
5785, 1, 1 
710, 1, 1 
6531, 1, 1 
23133, 1, 1 
25352, 1, 1 
21498, 1, 1 
54103, 1, 1 
8839, 1, 1 
38664, 1, 1 
11883, 1, 1 
9562, 1, 1 
9017, 1, 1 
37354, 1, 1 
3758, 1, 1 
58196, 1, 1 
30303, 1, 1 
27531, 1, 1 
43671, 1, 1 
33634, 1, 1 
14560, 1, 1 
27474, 1, 1 
21744, 1, 1 
51169, 1, 1 
33467, 1, 1 
48573, 1, 1 
50219, 1, 1 
13213, 1, 1 
53750, 1, 1 
19765, 1, 1 
19068, 1, 1 
5731, 1, 1 
9693, 1, 1 
19102, 1, 1 
26174, 1, 1 
14606, 1, 1 
23908, 1, 1 
55014, 1, 1 
31911, 1, 1 
30996, 1, 1 
13584, 1, 1 
48253, 1, 1 
24863, 1, 1 
59713, 1, 1 
14327, 1, 1 
9399, 1, 1 
56584, 1, 1 
20274, 1, 1 
40604, 1, 1 
53041, 1, 1 
43595, 1, 1 
4405, 1, 1 
56252, 1, 1 
7078, 1, 1 
57673, 1, 1 
14929, 1, 1 
48041, 1, 1 
59028, 1, 1 
33462, 1, 1 
8895, 1, 1 
49488, 1, 1 
358, 1, 1 
55399, 2, 2 
38009, 2, 2 
2840, 2, 2 
12608, 2, 2 
3006, 2, 2 
56040, 2, 2 
34444, 2, 2 
27551, 2, 2 
14381, 2, 2 
46377, 2, 2 
49189, 2, 2 
49993, 2, 2 
31247, 2, 2 
56243, 2, 2 
46463, 2, 2 
2171, 2, 2 
15005, 2, 2 
13043, 2, 2 
38962, 2, 2 
30353, 2, 2 
25609, 2, 2 
49537, 2, 2 
30569, 2, 2 
48238, 2, 2 
10078, 2, 2 
20411, 2, 2 
10687, 2, 2 
57342, 2, 2 
45638, 2, 2 
22027, 2, 2 
11844, 2, 2 
3799, 2, 2 
58533, 2, 2 
11243, 2, 2 
1058, 2, 2 
23952, 2, 2 
47573, 2, 2 
35134, 2, 2 
37367, 2, 2 
59971, 2, 2 
8609, 2, 2 
24790, 2, 2 
36355, 2, 2 
45698, 2, 2 
58468, 2, 2 
317, 2, 2 
30884, 2, 2 
6079, 2, 2 
34891, 2, 2 
47258, 2, 2 
20613, 2, 2 
25991, 2, 2 
5095, 2, 2 
22713, 2, 2 
53989, 2, 2 
28269, 2, 2 
19693, 2, 2 
365, 2, 2 
13627, 2, 2 
37187, 2, 2 
51630, 2, 2 
48926, 2, 2 
17507, 2, 2 
49781, 2, 2 
28731, 2, 2 
27223, 2, 2 
24129, 2, 2 
19843, 2, 2 
43257, 2, 2 
39203, 2, 2 
4005, 2, 2 
54709, 2, 2 
42887, 2, 2 
51599, 2, 2 
26046, 2, 2 
9317, 2, 2 
30344, 2, 2 
45714, 2, 2 
34795, 2, 2 
12950, 2, 2 
27264, 2, 2 
55172, 2, 2 
19450, 2, 2 
53266, 2, 2 
17080, 2, 2 
46543, 2, 2 
10959, 2, 2 
11193, 2, 2 
4662, 2, 2 
40152, 2, 2 
58441, 2, 2 
15845, 2, 2 
33469, 2, 2 
26245, 2, 2 
39644, 2, 2 
24462, 2, 2 
18213, 2, 2 
732, 2, 2 
9658, 2, 2 
347, 2, 2 
42603, 2, 2 
15223, 2, 2 
25510, 2, 2 
493, 2, 2 
27791, 2, 2 
59231, 2, 2 
51356, 2, 2 
28366, 2, 2 
44657, 2, 2 
24118, 2, 2 
42219, 2, 2 
21784, 2, 2 
49282, 2, 2 
34850, 2, 2 
36147, 2, 2 
17315, 2, 2 
44049, 2, 2 
8670, 2, 2 
4714, 2, 2 
30831, 2, 2 
22500, 2, 2 
56213, 2, 2 
42830, 2, 2 
48767, 2, 2 
12424, 2, 2 
53494, 2, 2 
35240, 2, 2 
9333, 2, 2 
38886, 2, 2 
2342, 2, 2 
51458, 2, 2 
50334, 2, 2 
31148, 2, 2 
18255, 2, 2 
23323, 2, 2 
30880, 2, 2 
20624, 2, 2 
41082, 2, 2 
43635, 2, 2 
31462, 2, 2 
44140, 2, 2 
58868, 2, 2 
37437, 2, 2 
58568, 2, 2 
30376, 2, 2 
7360, 2, 2 
21911, 2, 2 
40975, 2, 2 
20165, 2, 2 
17909, 2, 2 
43441, 2, 2 
5677, 2, 2 
37570, 2, 2 
58487, 2, 2 
45531, 2, 2 
54978, 2, 2 
39918, 2, 2 
24602, 2, 2 
17173, 2, 2 
30972, 2, 2 
24418, 2, 2 
17431, 2, 2 
44727, 2, 2 
59223, 2, 2 
54375, 2, 2 
38033, 2, 2 
19053, 2, 2 
24546, 2, 2 
57139, 2, 2 
33857, 2, 2 
53284, 2, 2 
31928, 2, 2 
55100, 2, 2 
34217, 2, 2 
42522, 2, 2 
35670, 2, 2 
9777, 2, 2 
55033, 2, 2 
45073, 2, 2 
22594, 2, 2 
26221, 2, 2 
48043, 2, 2 
48525, 2, 2 
28154, 2, 2 
58851, 2, 2 
12598, 2, 2 
21438, 2, 2 
21443, 2, 2 
2892, 2, 2 
47443, 2, 2 
11086, 2, 2 
25700, 2, 2 
43220, 2, 2 
21274, 2, 2 
29071, 2, 2 
10583, 2, 2 
38256, 2, 2 
5700, 2, 2 
17369, 2, 2 
46849, 2, 2 
32654, 2, 2 
16544, 2, 2 
1624, 2, 2 
16690, 2, 2 
20514, 2, 2 
42789, 2, 2 
26638, 2, 2 
54854, 2, 2 
51642, 2, 2 
27587, 2, 2 
57388, 2, 2 
48698, 2, 2 
56372, 2, 2 
23721, 2, 2 
57928, 2, 2 
339, 2, 2 
11257, 2, 2 
584, 2, 2 
16567, 2, 2 
55545, 2, 2 
22203, 2, 2 
9383, 2, 2 
35597, 2, 2 
15055, 2, 2 
42693, 2, 2 
30752, 2, 2 
59365, 2, 2 
38435, 2, 2 
20239, 2, 2 
16837, 2, 2 
27451, 2, 2 
35802, 2, 2 
18693, 2, 2 
7370, 2, 2 
51648, 2, 2 
10113, 2, 2 
32169, 2, 2 
37258, 2, 2 
22139, 2, 2 
33213, 2, 2 
2626, 2, 2 
42095, 2, 2 
1774, 2, 2 
36813, 2, 2 
26477, 2, 2 
38815, 2, 2 
13508, 2, 2 
54408, 2, 2 
59788, 2, 2 
55972, 2, 2 
28067, 2, 2 
38070, 2, 2 
9098, 2, 2 
5952, 2, 2 
58315, 2, 2 
23087, 2, 2 
32212, 2, 2 
39392, 2, 2 
42327, 2, 2 
38381, 2, 2 
49555, 2, 2 
7259, 2, 2 
10200, 2, 2 
47531, 2, 2 
58771, 2, 2 
36704, 2, 2 
2959, 2, 2 
40420, 2, 2 
2280, 2, 2 
53434, 2, 2 
16895, 2, 2 
4185, 2, 2 
15013, 2, 2 
3890, 2, 2 
56665, 2, 2 
18230, 2, 2 
2534, 2, 2 
59425, 2, 2 
1124, 2, 2 
13818, 2, 2 
41710, 2, 2 
43988, 2, 2 
8212, 2, 2 
13179, 2, 2 
12549, 2, 2 
7859, 2, 2 
24269, 2, 2 
5135, 2, 2 
24290, 2, 2 
9830, 2, 2 
4664, 2, 2 
1255, 2, 2 
35161, 2, 2 
21009, 2, 2 
53343, 2, 2 
50700, 2, 2 
35690, 2, 2 
57574, 2, 2 
59040, 2, 2 
6547, 2, 2 
11006, 2, 2 
52684, 2, 2 
52835, 2, 2 
32709, 2, 2 
24152, 2, 2 
38924, 2, 2 
55360, 2, 2 
25564, 2, 2 
34833, 2, 2 
3054, 2, 2 
32008, 2, 2 
42019, 2, 2 
16547, 2, 2 
54737, 2, 2 
13100, 2, 2 
48446, 2, 2 
1010, 2, 2 
27660, 2, 2 
45367, 2, 2 
49805, 2, 2 
53644, 2, 2 
41835, 2, 2 
14267, 2, 2 
16351, 2, 2 
18764, 2, 2 
57755, 2, 2 
3165, 2, 2 
57633, 2, 2 
22369, 2, 2 
35011, 2, 2 
12435, 2, 2 
53017, 2, 2 
3813, 2, 2 
38618, 2, 2 
17995, 2, 2 
55637, 2, 2 
12204, 2, 2 
14005, 2, 2 
25618, 2, 2 
31240, 2, 2 
9218, 2, 2 
22353, 2, 2 
55899, 2, 2 
49247, 2, 2 
18413, 2, 2 
34087, 2, 2 
49115, 2, 2 
35930, 2, 2 
28228, 2, 2 
47306, 2, 2 
29481, 2, 2 
6442, 2, 2 
11865, 2, 2 
29355, 2, 2 
55193, 2, 2 
2510, 2, 2 
6626, 2, 2 
8582, 2, 2 
37007, 2, 2 
6252, 2, 2 
6494, 2, 2 
42539, 2, 2 
47965, 2, 2 
4293, 2, 2 
44412, 2, 2 
41984, 2, 2 
26630, 2, 2 
32424, 2, 2 
22070, 2, 2 
32297, 2, 2 
40597, 2, 2 
34657, 2, 2 
6846, 2, 2 
43994, 2, 2 
4914, 2, 2 
46690, 2, 2 
57185, 2, 2 
1143, 2, 2 
7500, 2, 2 
24467, 2, 2 
55381, 2, 2 
25939, 2, 2 
26577, 2, 2 
9249, 2, 2 
21880, 2, 2 
10024, 2, 2 
3161, 2, 2 
21470, 2, 2 
36781, 2, 2 
54326, 2, 2 
26883, 2, 2 
21147, 2, 2 
28095, 2, 2 
18643, 2, 2 
11560, 2, 2 
36728, 2, 2 
14484, 2, 2 
23468, 2, 2 
56643, 2, 2 
36374, 2, 2 
45133, 2, 2 
8939, 2, 2 
2517, 2, 2 
33743, 2, 2 
41832, 2, 2 
55678, 2, 2 
41581, 2, 2 
30369, 2, 2 
58297, 2, 2 
45672, 2, 2 
13613, 2, 2 
21952, 2, 2 
15603, 2, 2 
9471, 2, 2 
35638, 2, 2 
58071, 2, 2 
49580, 2, 2 
28, 2, 2 
29240, 2, 2 
48516, 2, 2 
42929, 2, 2 
19926, 2, 2 
35344, 2, 2 
29990, 2, 2 
6190, 2, 2 
32792, 2, 2 
16794, 2, 2 
54134, 2, 2 
32155, 2, 2 
47467, 2, 2 
6348, 2, 2 
53910, 2, 6 
23058, 2, 2 
57976, 2, 2 
7014, 2, 2 
52630, 2, 2 
15030, 2, 2 
30485, 2, 2 
35572, 2, 2 
2270, 2, 2 
40788, 2, 2 
29893, 2, 2 
18158, 2, 2 
21012, 2, 2 
6755, 2, 2 
39726, 2, 2 
34157, 2, 2 
57799, 2, 2 
48107, 2, 2 
28370, 2, 2 
58472, 2, 2 
5162, 2, 2 
19415, 2, 2 
17691, 2, 2 
13922, 2, 2 
57007, 2, 2 
16404, 2, 2 
43632, 2, 2 
28471, 2, 2 
18435, 2, 2 
3902, 2, 2 
20309, 2, 2 
7170, 2, 2 
41966, 2, 2 
45972, 2, 2 
56864, 2, 2 
56973, 2, 2 
43486, 2, 2 
53455, 2, 2 
54511, 2, 2 
11737, 2, 2 
44143, 2, 2 
57151, 2, 2 
28611, 2, 2 
2450, 2, 2 
17372, 2, 2 
6685, 2, 2 
10106, 2, 2 
31146, 2, 2 
35014, 2, 2 
25272, 2, 2 
39228, 2, 2 
12931, 2, 2 
28278, 2, 2 
53890, 2, 2 
20867, 2, 2 
43047, 2, 2 
27535, 2, 2 
39338, 2, 2 
19602, 2, 2 
16200, 2, 2 
2104, 2, 2 
17052, 2, 2 
12093, 2, 2 
7646, 2, 2 
4398, 2, 2 
22395, 2, 2 
15748, 2, 2 
1573, 2, 2 
19391, 2, 2 
33532, 3, 3 
33694, 3, 3 
2149, 3, 3 
37280, 3, 3 
24132, 3, 3 
37569, 3, 3 
18997, 3, 3 
43599, 3, 3 
42914, 3, 3 
13134, 3, 3 
59262, 3, 3 
6711, 3, 3 
23851, 3, 3 
9612, 3, 3 
37625, 3, 3 
40480, 3, 3 
25924, 3, 3 
207, 3, 3 
29246, 3, 3 
27783, 3, 3 
8557, 3, 3 
19263, 3, 3 
8381, 3, 3 
43943, 3, 3 
18915, 3, 3 
42794, 3, 3 
17715, 3, 3 
13221, 3, 3 
46555, 3, 3 
4179, 3, 3 
49566, 3, 3 
21112, 3, 3 
44157, 3, 3 
40298, 3, 3 
13601, 3, 3 
45196, 3, 3 
50516, 3, 3 
6500, 3, 3 
24407, 3, 3 
7987, 3, 3 
5396, 3, 3 
18252, 3, 3 
39184, 3, 7 
27214, 3, 3 
26989, 3, 3 
20344, 3, 3 
42938, 3, 3 
54655, 3, 3 
29650, 3, 3 
5858, 3, 3 
58268, 3, 3 
1631, 3, 3 
57402, 3, 3 
53357, 3, 3 
59480, 3, 3 
53419, 3, 3 
3057, 3, 3 
35869, 3, 3 
19633, 3, 3 
24883, 3, 3 
3844, 3, 3 
16873, 3, 3 
16811, 3, 3 
39136, 3, 3 
55103, 3, 3 
12094, 3, 3 
45959, 3, 3 
32680, 3, 3 
32827, 3, 3 
54535, 3, 3 
13935, 3, 3 
39836, 3, 3 
1077, 3, 3 
47287, 3, 3 
41653, 3, 3 
32091, 3, 3 
44350, 3, 3 
8350, 3, 3 
1260, 3, 3 
24063, 3, 3 
50361, 3, 3 
19962, 3, 3 
4966, 3, 3 
3655, 3, 3 
9648, 3, 3 
49585, 3, 3 
29014, 3, 3 
4864, 3, 3 
490, 3, 3 
55550, 3, 3 
44888, 3, 3 
14655, 3, 3 
37304, 3, 3 
51947, 3, 3 
54534, 3, 3 
21306, 3, 3 
46425, 3, 3 
16911, 3, 3 
22496, 3, 3 
8771, 3, 3 
25746, 3, 3 
43492, 3, 3 
4429, 3, 3 
47245, 3, 3 
49404, 3, 3 
59725, 3, 3 
4369, 3, 3 
52287, 3, 3 
20708, 3, 3 
37439, 3, 3 
49570, 3, 3 
1551, 3, 3 
49117, 3, 3 
56191, 3, 3 
57399, 3, 3 
2941, 3, 3 
17593, 3, 3 
13957, 3, 3 
20903, 3, 3 
40811, 3, 3 
2128, 3, 3 
54481, 3, 3 
2183, 3, 3 
2567, 3, 3 
36709, 3, 3 
54724, 3, 3 
37847, 3, 3 
57492, 3, 3 
42248, 3, 3 
4658, 3, 3 
22643, 3, 2 
43922, 3, 3 
11619, 3, 3 
56921, 3, 3 
50067, 3, 3 
34092, 3, 3 
15233, 3, 3 
33331, 3, 3 
34828, 3, 3 
31451, 3, 3 
3452, 3, 3 
14761, 3, 3 
55580, 3, 3 
2915, 3, 3 
32688, 3, 3 
26981, 3, 3 
15656, 3, 3 
5337, 3, 3 
53453, 3, 3 
15379, 3, 3 
40996, 3, 3 
31641, 3, 3 
6185, 3, 3 
26548, 3, 3 
767, 3, 3 
40655, 3, 3 
21080, 3, 3 
48435, 3, 3 
16922, 3, 3 
47651, 3, 3 
57009, 3, 3 
8865, 3, 3 
37627, 3, 3 
41565, 3, 3 
48193, 3, 3 
11002, 3, 3 
6898, 3, 3 
56008, 3, 3 
27047, 3, 3 
6291, 3, 3 
41740, 3, 3 
5148, 3, 3 
47930, 3, 3 
29459, 3, 3 
2023, 3, 3 
40078, 3, 3 
46306, 3, 3 
2931, 3, 3 
52700, 3, 3 
2705, 3, 3 
35622, 3, 3 
45656, 3, 3 
3683, 3, 3 
24119, 3, 3 
18948, 3, 3 
53542, 3, 3 
44959, 3, 3 
10677, 3, 3 
42951, 3, 3 
6057, 3, 3 
37626, 3, 3 
6894, 3, 3 
46570, 3, 3 
27701, 3, 3 
2981, 3, 3 
50940, 3, 3 
57739, 3, 3 
17435, 3, 3 
33729, 3, 3 
55071, 3, 3 
49926, 3, 3 
8946, 3, 3 
13831, 3, 3 
41969, 3, 3 
1981, 3, 3 
6269, 3, 0 
35563, 3, 3 
51946, 3, 3 
9183, 3, 3 
14177, 3, 3 
17355, 3, 3 
16900, 3, 3 
38239, 3, 3 
41753, 3, 3 
45655, 3, 3 
50688, 3, 3 
27132, 3, 3 
59408, 3, 3 
760, 3, 3 
14350, 3, 3 
6342, 3, 3 
17403, 3, 3 
13332, 3, 3 
25480, 3, 3 
36421, 3, 3 
6912, 3, 3 
57373, 3, 3 
8528, 3, 3 
51998, 3, 3 
37404, 3, 3 
49948, 3, 3 
19855, 3, 3 
21861, 3, 3 
50892, 3, 3 
12012, 3, 3 
24066, 3, 3 
58587, 3, 3 
59356, 3, 3 
9037, 3, 3 
25328, 3, 3 
52085, 3, 3 
23373, 3, 3 
21596, 3, 3 
59436, 3, 3 
16693, 3, 3 
32610, 3, 3 
18964, 3, 3 
49556, 3, 3 
54013, 3, 3 
27160, 3, 3 
56073, 3, 3 
36684, 3, 3 
13629, 3, 3 
13325, 3, 3 
36707, 3, 3 
17643, 3, 3 
37134, 3, 3 
57247, 3, 3 
39125, 3, 3 
14115, 3, 3 
12667, 3, 3 
26550, 3, 3 
17521, 3, 3 
48498, 3, 3 
13242, 3, 3 
26561, 3, 3 
53960, 3, 3 
11138, 3, 3 
27649, 3, 3 
21170, 3, 3 
49882, 3, 3 
10880, 3, 3 
13615, 3, 3 
17634, 3, 3 
54736, 3, 3 
35366, 3, 3 
3674, 3, 3 
43711, 3, 3 
51401, 3, 3 
19620, 3, 3 
27480, 3, 3 
32804, 3, 3 
4579, 3, 3 
50680, 3, 3 
35542, 3, 3 
45979, 3, 3 
28571, 3, 3 
58278, 3, 3 
4917, 3, 3 
52281, 3, 3 
49286, 3, 3 
25553, 3, 3 
24528, 3, 3 
42907, 3, 3 
55628, 3, 3 
26929, 3, 3 
8821, 3, 3 
39520, 3, 3 
12355, 3, 3 
39445, 3, 3 
5679, 3, 3 
43456, 3, 3 
52679, 3, 3 
18274, 3, 3 
31748, 3, 2 
36740, 3, 3 
48599, 3, 3 
15945, 3, 3 
7030, 3, 3 
33917, 3, 3 
10984, 3, 3 
15139, 3, 3 
34659, 3, 3 
24987, 3, 3 
28224, 3, 3 
12490, 3, 3 
29889, 3, 3 
27670, 3, 3 
17766, 3, 3 
32689, 3, 3 
39469, 3, 3 
53091, 3, 3 
4584, 3, 3 
32171, 3, 3 
7123, 3, 3 
12483, 3, 3 
24680, 3, 3 
38109, 3, 3 
8338, 3, 3 
52435, 3, 3 
23320, 3, 3 
12063, 3, 3 
1348, 3, 3 
26130, 3, 3 
22619, 3, 3 
52702, 3, 3 
43773, 3, 3 
36887, 3, 3 
37132, 3, 3 
5980, 3, 3 
36671, 3, 3 
42114, 3, 3 
57680, 3, 3 
31595, 3, 3 
43672, 3, 3 
15412, 3, 3 
22014, 3, 3 
37309, 3, 3 
58412, 3, 3 
11476, 3, 3 
9739, 3, 3 
22304, 3, 3 
31469, 3, 3 
13212, 3, 3 
39798, 3, 3 
14275, 3, 3 
39415, 3, 3 
38565, 3, 3 
34018, 3, 3 
5173, 3, 3 
26194, 3, 3 
52810, 3, 3 
7569, 3, 3 
9380, 3, 3 
36572, 3, 3 
33828, 3, 3 
11545, 3, 3 
34203, 3, 3 
4033, 3, 3 
13478, 3, 3 
42398, 3, 3 
27238, 3, 3 
34740, 3, 3 
14792, 3, 3 
3466, 3, 3 
19660, 3, 3 
24731, 3, 3 
15630, 3, 3 
31989, 3, 3 
21531, 3, 3 
2315, 3, 3 
41007, 3, 3 
54107, 3, 3 
55592, 3, 3 
18542, 3, 3 
22733, 3, 3 
20222, 3, 3 
45843, 3, 3 
28955, 3, 3 
34085, 3, 3 
6450, 3, 3 
45365, 3, 3 
35143, 3, 3 
50286, 3, 3 
45239, 3, 3 
35208, 3, 3 
45480, 3, 3 
36555, 3, 3 
18986, 3, 3 
28458, 3, 3 
789, 3, 3 
19386, 3, 3 
56820, 3, 3 
56578, 3, 3 
48352, 3, 3 
4359, 3, 3 
1144, 3, 3 
43552, 3, 3 
18375, 3, 3 
24333, 3, 3 
35954, 3, 3 
37928, 3, 3 
16556, 3, 3 
31269, 3, 3 
55051, 3, 3 
59104, 3, 3 
34846, 3, 3 
7982, 3, 3 
35929, 3, 3 
30375, 3, 3 
39981, 3, 3 
2430, 3, 3 
21579, 3, 3 
55378, 3, 3 
38451, 3, 3 
8120, 3, 2 
28707, 3, 3 
31249, 3, 3 
53287, 3, 3 
54780, 3, 3 
53570, 3, 3 
4988, 3, 3 
19101, 3, 3 
6856, 3, 3 
56528, 3, 3 
39412, 3, 3 
21420, 3, 3 
49446, 3, 3 
44439, 3, 3 
4883, 3, 3 
56260, 3, 3 
15201, 3, 3 
20458, 3, 3 
18155, 3, 3 
30206, 3, 3 
55858, 3, 3 
8923, 3, 3 
46563, 3, 3 
31722, 3, 3 
54413, 3, 3 
40830, 3, 3 
56197, 3, 3 
56288, 3, 3 
3005, 3, 3 
38086, 3, 3 
12498, 3, 3 
21325, 3, 3 
43775, 3, 3 
47618, 3, 3 
29642, 3, 3 
43012, 3, 3 
22715, 3, 3 
12329, 3, 3 
4543, 3, 3 
14903, 3, 3 
34318, 3, 3 
31913, 3, 3 
52853, 3, 3 
26311, 3, 3 
10953, 3, 3 
47628, 3, 3 
49981, 3, 3 
15850, 3, 3 
6595, 3, 3 
27443, 3, 3 
42056, 3, 3 
16193, 3, 3 
46983, 3, 3 
46532, 3, 3 
9355, 3, 3 
28263, 3, 3 
46157, 3, 3 
7483, 3, 3 
2011, 3, 3 
23877, 3, 3 
11481, 3, 3 
11544, 3, 3 
14255, 3, 3 
59777, 3, 3 
23076, 3, 3 
46821, 3, 3 
42303, 3, 3 
47678, 3, 3 
41171, 3, 3 
4236, 3, 3 
57864, 3, 3 
31745, 3, 3 
3576, 3, 3 
557, 3, 3 
44385, 3, 3 
36092, 4, 4 
17428, 4, 4 
20574, 4, 4 
26296, 4, 4 
50388, 4, 4 
59063, 4, 4 
36907, 4, 4 
58231, 4, 4 
27495, 4, 4 
3417, 4, 4 
14966, 4, 4 
57002, 4, 4 
24391, 4, 4 
28914, 4, 4 
59515, 4, 4 
7657, 4, 4 
37372, 4, 4 
27552, 4, 4 
56740, 4, 4 
42249, 4, 4 
52200, 4, 4 
23478, 4, 4 
14449, 4, 4 
24169, 4, 4 
9667, 4, 4 
39491, 4, 4 
4240, 4, 4 
39046, 4, 4 
18071, 4, 4 
3110, 4, 4 
19564, 4, 4 
34537, 4, 4 
42812, 4, 4 
39386, 4, 4 
48418, 4, 4 
55577, 4, 4 
49423, 4, 4 
56094, 4, 4 
54686, 4, 4 
23641, 4, 4 
34428, 4, 4 
18487, 4, 4 
37019, 4, 4 
4439, 4, 4 
47368, 4, 4 
30243, 4, 4 
51817, 4, 4 
17406, 4, 4 
1164, 4, 4 
50203, 4, 4 
40225, 4, 4 
26599, 4, 4 
13500, 4, 4 
23270, 4, 4 
7579, 4, 4 
56422, 4, 4 
37156, 4, 4 
33991, 4, 4 
16818, 4, 4 
45729, 4, 4 
4436, 4, 4 
55753, 4, 4 
9091, 4, 4 
51071, 4, 4 
33355, 4, 4 
4382, 4, 4 
17018, 4, 4 
29764, 4, 4 
42377, 4, 4 
32341, 4, 4 
49000, 4, 4 
37339, 4, 4 
59335, 4, 4 
11073, 4, 4 
12589, 4, 4 
25846, 4, 4 
25175, 4, 4 
5295, 4, 4 
9391, 4, 4 
52211, 4, 4 
26249, 4, 4 
15313, 4, 4 
19112, 4, 4 
12327, 4, 4 
34043, 4, 4 
23685, 4, 4 
31083, 4, 4 
16434, 4, 4 
36359, 4, 4 
21992, 4, 4 
33805, 4, 4 
3239, 4, 4 
15840, 4, 4 
56084, 4, 4 
28128, 4, 4 
18501, 4, 4 
13236, 4, 4 
10960, 4, 4 
39833, 4, 4 
5401, 4, 4 
10311, 4, 4 
31050, 4, 4 
9536, 4, 4 
57082, 4, 4 
4626, 4, 4 
55774, 4, 4 
36097, 4, 4 
21642, 4, 4 
29898, 4, 4 
56825, 4, 4 
19983, 4, 4 
41925, 4, 4 
50846, 4, 4 
40576, 4, 4 
31872, 4, 4 
10338, 4, 4 
18345, 4, 4 
56302, 4, 4 
10942, 4, 4 
47001, 4, 4 
25558, 4, 4 
59753, 4, 4 
56331, 4, 4 
55529, 4, 4 
37144, 4, 4 
33853, 4, 4 
53776, 4, 4 
6672, 4, 4 
1411, 4, 4 
43239, 4, 4 
58432, 4, 4 
58153, 4, 4 
2647, 4, 4 
45238, 4, 4 
42787, 4, 4 
22563, 4, 4 
54245, 4, 4 
35852, 4, 4 
46503, 4, 4 
18484, 4, 4 
9147, 4, 4 
2458, 4, 4 
10159, 4, 4 
26000, 4, 4 
15682, 4, 4 
14592, 4, 4 
22670, 4, 4 
55141, 4, 4 
22580, 4, 4 
24822, 4, 4 
5490, 4, 4 
40066, 4, 4 
56173, 4, 4 
38402, 4, 4 
22085, 4, 4 
39670, 4, 4 
7343, 4, 4 
40062, 4, 4 
41625, 4, 4 
4796, 4, 4 
16051, 4, 4 
20496, 4, 4 
54814, 4, 4 
31123, 4, 4 
41864, 4, 4 
26855, 4, 4 
37519, 4, 4 
18617, 4, 4 
57544, 4, 4 
12760, 4, 4 
47413, 4, 4 
11494, 4, 4 
54431, 4, 4 
42139, 4, 4 
1220, 4, 4 
53925, 4, 4 
36634, 4, 4 
39891, 4, 4 
48000, 4, 4 
15871, 4, 4 
55191, 4, 4 
34234, 4, 4 
9465, 4, 4 
42421, 4, 4 
16625, 4, 4 
33106, 4, 4 
3984, 4, 4 
41528, 4, 4 
9741, 4, 4 
24894, 4, 4 
49105, 4, 4 
46643, 4, 4 
53767, 4, 4 
6215, 4, 4 
17231, 4, 4 
25347, 4, 4 
30464, 4, 4 
43756, 4, 4 
30725, 4, 4 
35335, 4, 4 
18571, 4, 4 
12460, 4, 4 
31315, 4, 4 
12306, 4, 4 
57713, 4, 4 
38872, 4, 4 
48514, 4, 4 
34949, 4, 4 
7399, 4, 4 
35258, 4, 4 
30066, 4, 4 
25114, 4, 4 
43150, 4, 4 
21814, 4, 4 
26111, 4, 4 
19561, 4, 4 
5287, 4, 4 
3724, 4, 4 
29631, 4, 4 
24287, 4, 4 
16195, 4, 4 
8769, 4, 4 
36286, 4, 4 
48486, 4, 4 
12384, 4, 4 
17774, 4, 4 
11713, 4, 4 
29141, 4, 4 
41220, 4, 4 
29385, 4, 4 
28706, 4, 4 
58504, 4, 4 
7551, 4, 4 
53452, 4, 4 
16094, 4, 4 
47532, 4, 4 
3039, 4, 4 
58212, 4, 4 
54745, 4, 4 
18190, 4, 4 
32798, 4, 4 
41120, 4, 4 
3738, 4, 4 
50005, 4, 4 
25856, 4, 4 
4464, 4, 4 
13223, 4, 4 
48535, 4, 4 
16542, 4, 4 
15373, 4, 4 
19192, 4, 4 
31941, 4, 4 
24766, 4, 4 
23459, 4, 4 
25938, 4, 4 
41192, 4, 4 
24798, 4, 0 
36977, 4, 4 
14539, 4, 4 
9362, 4, 4 
49546, 4, 4 
25382, 4, 4 
14496, 4, 4 
31598, 4, 4 
6753, 4, 4 
58184, 4, 4 
18717, 4, 4 
33117, 4, 4 
25575, 4, 4 
18279, 4, 4 
21648, 4, 4 
4498, 4, 4 
28518, 4, 4 
38803, 4, 4 
47674, 4, 4 
20620, 4, 4 
8570, 4, 4 
13942, 4, 4 
49850, 4, 4 
44386, 4, 4 
5960, 4, 4 
49373, 4, 4 
541, 4, 4 
36932, 4, 4 
38737, 4, 4 
59879, 4, 4 
3857, 4, 4 
15821, 4, 4 
51270, 4, 4 
7426, 4, 4 
31777, 4, 4 
20399, 4, 4 
52979, 4, 4 
58867, 4, 4 
24052, 4, 4 
6235, 4, 4 
17944, 4, 4 
12033, 4, 4 
13251, 4, 4 
51694, 4, 4 
48785, 4, 4 
17857, 4, 4 
5278, 4, 4 
19123, 4, 4 
42684, 4, 4 
32442, 4, 4 
18854, 4, 4 
32813, 4, 4 
20525, 4, 4 
21922, 4, 4 
28493, 4, 4 
4781, 4, 4 
36171, 4, 4 
14882, 4, 4 
17203, 4, 4 
58805, 4, 4 
8914, 4, 4 
4433, 4, 4 
59727, 4, 4 
27335, 4, 4 
5322, 4, 4 
27218, 4, 4 
34210, 4, 4 
30953, 4, 4 
4839, 4, 4 
13850, 4, 4 
51604, 4, 4 
11126, 4, 4 
10634, 4, 4 
2390, 4, 4 
41913, 4, 4 
56143, 4, 4 
39063, 4, 4 
58531, 4, 4 
50636, 4, 4 
10850, 4, 4 
4837, 4, 4 
27222, 4, 4 
40933, 4, 4 
35884, 4, 4 
46281, 4, 4 
44521, 4, 4 
22262, 4, 4 
10704, 4, 4 
31984, 4, 4 
54171, 4, 4 
32865, 4, 4 
51820, 4, 4 
16680, 4, 4 
36400, 4, 4 
2031, 4, 4 
43275, 4, 4 
37815, 4, 4 
57228, 4, 4 
38631, 4, 4 
15416, 4, 4 
9541, 4, 4 
21131, 4, 4 
44528, 4, 4 
46314, 4, 9 
58551, 4, 4 
23201, 4, 4 
21340, 4, 4 
37087, 4, 4 
57712, 4, 4 
3437, 4, 4 
22933, 4, 4 
8174, 4, 4 
4361, 4, 4 
47691, 4, 4 
24120, 4, 4 
33320, 4, 4 
50152, 4, 4 
24019, 4, 4 
38812, 4, 4 
20368, 4, 4 
2546, 4, 4 
48522, 4, 4 
16206, 4, 4 
25180, 4, 4 
48447, 4, 4 
12396, 4, 4 
53631, 4, 4 
7204, 4, 4 
20702, 4, 4 
15822, 4, 4 
25670, 4, 4 
48782, 4, 4 
26297, 4, 4 
33554, 4, 4 
28615, 4, 4 
13104, 4, 4 
46613, 4, 4 
25173, 4, 4 
7965, 4, 4 
44694, 4, 4 
5406, 4, 4 
37388, 4, 4 
11434, 4, 4 
19573, 4, 4 
58902, 4, 4 
32391, 4, 4 
38960, 4, 4 
30327, 4, 4 
54807, 4, 4 
1992, 4, 4 
38757, 4, 4 
28691, 4, 4 
27437, 4, 4 
24901, 4, 4 
33952, 4, 4 
48313, 4, 4 
3905, 4, 4 
32262, 4, 4 
461, 4, 4 
23670, 4, 4 
21590, 4, 4 
31776, 4, 4 
43531, 4, 4 
17940, 4, 4 
8412, 4, 4 
42620, 4, 4 
33177, 4, 4 
10504, 4, 4 
51926, 4, 4 
6949, 4, 4 
24648, 4, 4 
15294, 4, 4 
46754, 4, 4 
46734, 4, 4 
20464, 4, 4 
23188, 4, 4 
29885, 4, 4 
19840, 4, 4 
24018, 4, 4 
28034, 4, 4 
52623, 4, 4 
18200, 4, 4 
15027, 4, 4 
34735, 4, 4 
697, 4, 4 
2859, 4, 4 
53459, 4, 4 
4959, 4, 4 
58548, 4, 4 
27586, 4, 4 
127, 4, 4 
18937, 4, 4 
32683, 4, 4 
26367, 4, 4 
34430, 4, 4 
15359, 4, 4 
43703, 4, 4 
19882, 4, 4 
17576, 4, 4 
44496, 4, 4 
23432, 4, 4 
23608, 4, 4 
46059, 4, 4 
52600, 4, 4 
7009, 4, 4 
37112, 4, 4 
44264, 4, 4 
52909, 4, 4 
24506, 4, 4 
13714, 4, 4 
55323, 4, 4 
30180, 4, 4 
39269, 4, 4 
23913, 4, 4 
55197, 4, 4 
28556, 4, 4 
43732, 4, 4 
25995, 4, 4 
23595, 4, 4 
44279, 4, 4 
10695, 4, 4 
32917, 4, 4 
9558, 4, 4 
10331, 4, 4 
33900, 4, 4 
914, 4, 4 
54158, 4, 4 
44860, 4, 4 
2290, 4, 4 
17949, 4, 4 
12820, 4, 4 
20809, 4, 4 
29588, 4, 4 
35759, 4, 4 
25845, 4, 4 
29123, 4, 4 
46456, 4, 4 
43740, 4, 4 
19831, 4, 4 
40919, 4, 4 
11414, 4, 4 
3455, 4, 4 
17498, 4, 4 
9513, 4, 4 
40535, 5, 5 
49481, 5, 5 
5158, 5, 5 
22396, 5, 5 
34579, 5, 5 
18676, 5, 5 
23324, 5, 5 
52474, 5, 5 
25080, 5, 5 
54904, 5, 5 
29571, 5, 5 
12016, 5, 5 
4622, 5, 5 
52776, 5, 5 
4171, 5, 5 
28080, 5, 5 
985, 5, 5 
46610, 5, 5 
5526, 5, 5 
28261, 5, 5 
51039, 5, 5 
33734, 5, 5 
8649, 5, 5 
14489, 5, 5 
14451, 5, 5 
19022, 5, 5 
53992, 5, 5 
23544, 5, 5 
37465, 5, 5 
22821, 5, 5 
52332, 5, 5 
14951, 5, 5 
48400, 5, 5 
2401, 5, 5 
12269, 5, 5 
39473, 5, 5 
44165, 5, 5 
33954, 5, 5 
23827, 5, 5 
28097, 5, 5 
58877, 5, 5 
3575, 5, 5 
6324, 5, 5 
41673, 5, 5 
7885, 5, 5 
23806, 5, 5 
56108, 5, 5 
26995, 5, 5 
32923, 5, 5 
26368, 5, 5 
56999, 5, 5 
32217, 5, 5 
41566, 5, 5 
21989, 5, 5 
16767, 5, 5 
54525, 5, 5 
44923, 5, 5 
2037, 5, 5 
49038, 5, 5 
57566, 5, 5 
5383, 5, 5 
912, 5, 5 
56711, 5, 5 
59338, 5, 5 
6188, 5, 5 
48094, 5, 5 
5489, 5, 5 
44938, 5, 5 
38194, 5, 5 
6786, 5, 5 
28865, 5, 5 
40422, 5, 5 
32154, 5, 5 
23137, 5, 5 
1997, 5, 5 
35611, 5, 5 
21548, 5, 5 
10049, 5, 5 
34463, 5, 5 
13862, 5, 5 
38792, 5, 5 
18018, 5, 5 
47938, 5, 5 
41094, 5, 5 
30991, 5, 5 
50091, 5, 5 
15071, 5, 5 
33448, 5, 5 
54282, 5, 5 
54774, 5, 5 
26163, 5, 5 
58193, 5, 5 
52459, 5, 5 
5598, 5, 5 
37929, 5, 5 
8757, 5, 5 
11631, 5, 5 
23597, 5, 5 
42836, 5, 5 
34868, 5, 5 
2861, 5, 5 
27117, 5, 5 
2622, 5, 5 
55643, 5, 5 
19083, 5, 5 
31886, 5, 5 
8744, 5, 5 
14854, 5, 5 
16028, 5, 5 
24170, 5, 5 
33137, 5, 5 
15136, 5, 5 
26320, 5, 5 
2945, 5, 5 
32415, 5, 5 
40905, 5, 5 
50332, 5, 5 
56990, 5, 5 
9326, 5, 5 
49428, 5, 5 
55875, 5, 5 
26590, 5, 5 
41759, 5, 5 
27482, 5, 5 
17312, 5, 5 
14404, 5, 5 
49107, 5, 5 
29955, 5, 5 
40966, 5, 5 
34527, 5, 5 
22255, 5, 5 
42698, 5, 5 
0, 5, 5 
4940, 5, 5 
17739, 5, 5 
5109, 5, 5 
36722, 5, 5 
24820, 5, 5 
29156, 5, 5 
6363, 5, 5 
45731, 5, 5 
21963, 5, 5 
41140, 5, 5 
28057, 5, 5 
6504, 5, 5 
21114, 5, 5 
10401, 5, 5 
32533, 5, 5 
13185, 5, 5 
5453, 5, 5 
47934, 5, 5 
10598, 5, 5 
19958, 5, 5 
57982, 5, 5 
6151, 5, 5 
35187, 5, 5 
37590, 5, 5 
17794, 5, 5 
43568, 5, 5 
18123, 5, 5 
41322, 5, 5 
6782, 5, 5 
18699, 5, 5 
29343, 5, 5 
38907, 5, 5 
23377, 5, 5 
32354, 5, 5 
3864, 5, 5 
5551, 5, 5 
34325, 5, 5 
6068, 5, 5 
13829, 5, 5 
7238, 5, 5 
51392, 5, 5 
13305, 5, 5 
38222, 5, 5 
14009, 5, 5 
16784, 5, 5 
29705, 5, 5 
27377, 5, 5 
19719, 5, 5 
37180, 5, 5 
21385, 5, 5 
48966, 5, 5 
48777, 5, 5 
2758, 5, 5 
37160, 5, 5 
41486, 5, 5 
57128, 5, 5 
53268, 5, 5 
58803, 5, 5 
20044, 5, 5 
17558, 5, 5 
55459, 5, 5 
16424, 5, 5 
23655, 5, 5 
53922, 5, 5 
14867, 5, 5 
12566, 5, 5 
502, 5, 5 
36989, 5, 5 
4844, 5, 5 
41152, 5, 5 
24630, 5, 5 
36289, 5, 5 
12800, 5, 5 
56804, 5, 5 
3558, 5, 5 
1263, 5, 5 
38285, 5, 5 
50166, 5, 5 
43319, 5, 5 
48440, 5, 5 
2655, 5, 5 
47357, 5, 5 
5971, 5, 5 
11643, 5, 5 
2279, 5, 5 
20914, 5, 5 
48637, 5, 5 
11115, 5, 5 
56014, 5, 3 
54902, 5, 5 
23763, 5, 5 
21206, 5, 5 
24217, 5, 5 
54673, 5, 5 
51764, 5, 5 
22101, 5, 5 
1834, 5, 5 
5027, 5, 5 
6370, 5, 5 
20325, 5, 5 
27668, 5, 5 
11983, 5, 5 
24250, 5, 5 
33349, 5, 5 
59134, 5, 5 
33420, 5, 5 
54750, 5, 5 
37249, 5, 5 
51258, 5, 5 
4194, 5, 5 
12386, 5, 5 
43308, 5, 5 
48856, 5, 5 
46667, 5, 5 
55980, 5, 5 
52947, 5, 5 
31290, 5, 5 
26112, 5, 5 
48512, 5, 5 
49785, 5, 5 
3500, 5, 5 
26062, 5, 5 
27767, 5, 5 
55878, 5, 5 
11928, 5, 5 
50223, 5, 5 
35743, 5, 5 
33674, 5, 5 
8263, 5, 5 
21252, 5, 5 
19497, 5, 5 
23690, 5, 5 
57168, 5, 5 
56045, 5, 5 
46612, 5, 5 
53063, 5, 5 
8190, 5, 5 
57805, 5, 5 
22156, 5, 5 
11806, 5, 5 
9328, 5, 5 
21927, 5, 5 
3180, 5, 5 
2193, 5, 5 
4645, 5, 5 
36487, 5, 5 
31929, 5, 5 
27942, 5, 5 
2912, 5, 5 
56589, 5, 5 
16487, 5, 5 
56024, 5, 5 
14195, 5, 5 
27593, 5, 5 
58989, 5, 5 
9515, 5, 5 
51963, 5, 5 
19106, 5, 5 
21276, 5, 5 
27499, 5, 5 
34391, 5, 5 
39208, 5, 5 
6200, 5, 5 
42569, 5, 5 
29787, 5, 5 
38698, 5, 5 
51231, 5, 5 
33603, 5, 5 
48950, 5, 5 
36804, 5, 5 
56306, 5, 5 
7884, 5, 5 
42609, 5, 5 
40688, 5, 5 
23332, 5, 5 
12692, 5, 5 
40032, 5, 5 
23925, 5, 5 
46513, 5, 5 
36528, 5, 5 
17645, 5, 5 
53096, 5, 5 
27408, 5, 5 
46635, 5, 5 
19529, 5, 5 
2966, 5, 5 
7848, 5, 5 
23235, 5, 5 
47629, 5, 5 
7917, 5, 5 
55223, 5, 5 
11, 5, 5 
29940, 5, 5 
43212, 5, 5 
40902, 5, 5 
10871, 5, 5 
38675, 5, 5 
14318, 5, 5 
44752, 5, 5 
29771, 5, 5 
36366, 5, 5 
15085, 5, 5 
25084, 5, 5 
13938, 5, 5 
44664, 5, 5 
33767, 5, 5 
28666, 5, 5 
14707, 5, 5 
44928, 5, 5 
1635, 5, 5 
37016, 5, 5 
6501, 5, 5 
51473, 5, 5 
37137, 5, 5 
924, 5, 5 
57256, 5, 5 
55434, 5, 5 
30028, 5, 5 
24097, 5, 5 
34276, 5, 5 
37662, 5, 5 
5904, 5, 5 
47920, 5, 5 
15070, 5, 5 
57639, 5, 5 
1340, 5, 5 
16692, 5, 5 
25958, 5, 5 
17504, 5, 5 
56202, 5, 5 
11238, 5, 5 
39021, 5, 5 
55442, 5, 5 
29107, 5, 5 
42589, 5, 5 
57926, 5, 5 
20791, 5, 5 
21530, 5, 5 
54670, 5, 5 
13749, 5, 5 
21850, 5, 5 
48143, 5, 5 
23452, 5, 5 
699, 5, 5 
54281, 5, 5 
39230, 5, 5 
41521, 5, 5 
46829, 5, 5 
33121, 5, 5 
12713, 5, 5 
4327, 5, 5 
52065, 5, 5 
4786, 5, 5 
899, 5, 5 
55428, 5, 5 
14144, 5, 5 
13863, 5, 5 
33001, 5, 5 
38252, 5, 5 
41719, 5, 5 
36256, 5, 5 
20976, 5, 5 
6978, 5, 5 
52981, 5, 6 
53193, 5, 5 
38612, 5, 5 
12829, 5, 5 
18875, 5, 5 
58141, 5, 5 
27416, 5, 5 
23938, 5, 5 
44235, 5, 5 
21883, 5, 5 
47412, 5, 5 
33340, 5, 5 
36332, 5, 5 
58976, 5, 5 
41752, 5, 5 
43218, 5, 5 
47146, 5, 5 
10536, 5, 5 
33555, 5, 5 
35545, 5, 5 
33081, 5, 5 
29248, 5, 5 
9368, 5, 5 
32671, 5, 5 
15116, 5, 5 
46060, 5, 5 
25359, 5, 5 
23146, 5, 5 
45390, 5, 5 
19108, 5, 5 
53859, 5, 5 
13633, 5, 5 
16737, 5, 5 
27801, 5, 5 
13591, 5, 5 
8927, 5, 5 
19590, 5, 5 
19328, 5, 5 
19874, 5, 5 
13784, 5, 5 
47995, 5, 5 
1690, 5, 5 
2172, 5, 5 
35858, 5, 5 
21782, 5, 5 
20109, 5, 5 
50739, 5, 5 
34711, 5, 5 
19306, 5, 5 
55734, 5, 5 
40993, 5, 5 
43648, 5, 5 
970, 5, 5 
53942, 5, 5 
44404, 5, 5 
10586, 5, 5 
15892, 5, 5 
537, 5, 5 
23264, 5, 5 
28534, 5, 5 
53675, 5, 5 
38851, 5, 5 
21671, 5, 5 
29880, 5, 5 
20246, 5, 5 
38325, 5, 5 
28465, 5, 5 
40824, 5, 5 
16116, 5, 5 
10791, 5, 5 
19396, 5, 5 
39831, 5, 5 
47854, 5, 5 
4625, 5, 5 
53568, 5, 5 
15778, 5, 5 
24173, 5, 5 
58808, 5, 5 
27038, 5, 5 
27224, 5, 5 
43409, 5, 5 
45780, 5, 5 
47848, 5, 5 
45797, 5, 5 
23418, 5, 5 
22686, 5, 5 
38848, 5, 5 
31008, 5, 5 
30233, 5, 5 
11696, 5, 5 
19078, 5, 5 
7419, 5, 5 
10244, 5, 5 
610, 5, 5 
52491, 5, 5 
3563, 5, 5 
54189, 5, 5 
33303, 5, 5 
54289, 5, 5 
54024, 5, 5 
52896, 5, 5 
39410, 5, 5 
12695, 5, 5 
15886, 5, 5 
31955, 6, 6 
34621, 6, 6 
57777, 6, 6 
53499, 6, 6 
13444, 6, 6 
4210, 6, 6 
46859, 6, 6 
26530, 6, 6 
36703, 6, 6 
36310, 6, 6 
39506, 6, 6 
10101, 6, 6 
13172, 6, 6 
12271, 6, 6 
36769, 6, 6 
54771, 6, 6 
14570, 6, 6 
20781, 6, 6 
44102, 6, 6 
59483, 6, 6 
9295, 6, 6 
19105, 6, 6 
28639, 6, 6 
32894, 6, 6 
55520, 6, 6 
50817, 6, 6 
38853, 6, 6 
59171, 6, 6 
30004, 6, 6 
29295, 6, 6 
56463, 6, 6 
7015, 6, 6 
14109, 6, 6 
11357, 6, 6 
16957, 6, 6 
35935, 6, 6 
26650, 6, 6 
41213, 6, 6 
14328, 6, 6 
39087, 6, 6 
18220, 6, 6 
38450, 6, 6 
33604, 6, 6 
32866, 6, 6 
20663, 6, 6 
28170, 6, 6 
43940, 6, 6 
51438, 6, 6 
24304, 6, 6 
10298, 6, 6 
57346, 6, 6 
5619, 6, 6 
12902, 6, 6 
47383, 6, 6 
21901, 6, 6 
22520, 6, 6 
38555, 6, 6 
4364, 6, 6 
47037, 6, 6 
8697, 6, 6 
21599, 6, 6 
8981, 6, 6 
32183, 6, 6 
36254, 6, 6 
47343, 6, 6 
20494, 6, 6 
10552, 6, 6 
53005, 6, 6 
5311, 6, 6 
16821, 6, 6 
3387, 6, 6 
14400, 6, 6 
17004, 6, 6 
56411, 6, 6 
37310, 6, 6 
21234, 6, 6 
7901, 6, 6 
2992, 6, 6 
11218, 6, 6 
21752, 6, 6 
23148, 6, 6 
6509, 6, 6 
45609, 6, 6 
15043, 6, 6 
59029, 6, 6 
15831, 6, 6 
852, 6, 6 
39273, 6, 6 
33436, 6, 6 
46309, 6, 6 
45154, 6, 6 
37707, 6, 6 
57254, 6, 6 
37371, 6, 6 
1337, 6, 6 
11461, 6, 6 
22834, 6, 6 
42745, 6, 6 
18125, 6, 6 
31270, 6, 6 
44814, 6, 6 
12509, 6, 6 
17332, 6, 6 
55134, 6, 6 
4018, 6, 6 
34220, 6, 6 
10851, 6, 6 
19290, 6, 6 
46441, 6, 6 
59892, 6, 6 
50092, 6, 6 
9926, 6, 6 
50387, 6, 6 
15995, 6, 6 
2504, 6, 6 
56854, 6, 6 
49083, 6, 6 
10950, 6, 6 
36581, 6, 6 
31104, 6, 6 
2498, 6, 6 
36344, 6, 6 
53697, 6, 6 
28798, 6, 6 
4922, 6, 6 
33901, 6, 6 
30343, 6, 6 
7926, 6, 6 
34174, 6, 6 
29793, 6, 6 
6267, 6, 6 
14909, 6, 6 
48219, 6, 6 
14783, 6, 6 
5222, 6, 6 
29096, 6, 6 
58534, 6, 6 
58251, 6, 6 
7456, 6, 6 
31000, 6, 6 
41869, 6, 6 
1520, 6, 6 
54945, 6, 6 
42843, 6, 6 
26498, 6, 6 
14339, 6, 6 
11098, 6, 6 
38444, 6, 6 
59431, 6, 6 
21214, 6, 6 
5846, 6, 6 
59531, 6, 6 
7490, 6, 6 
24963, 6, 6 
2212, 6, 6 
33135, 6, 6 
57012, 6, 6 
38219, 6, 6 
59448, 6, 6 
46558, 6, 6 
7294, 6, 6 
58766, 6, 6 
49426, 6, 6 
8290, 6, 6 
13224, 6, 6 
38694, 6, 6 
30249, 6, 6 
14805, 6, 6 
9187, 6, 6 
4702, 6, 6 
15448, 6, 6 
55561, 6, 6 
51681, 6, 6 
13364, 6, 6 
29971, 6, 6 
33401, 6, 6 
31118, 6, 6 
54265, 6, 6 
37334, 6, 6 
13622, 6, 6 
12489, 6, 6 
56251, 6, 6 
4910, 6, 6 
14237, 6, 6 
41746, 6, 6 
57226, 6, 6 
17126, 6, 6 
31931, 6, 6 
39067, 6, 6 
7516, 6, 6 
681, 6, 6 
2291, 6, 6 
23050, 6, 6 
44078, 6, 6 
14265, 6, 6 
28572, 6, 6 
57029, 6, 6 
10833, 6, 6 
7104, 6, 6 
49711, 6, 6 
31629, 6, 6 
37345, 6, 6 
33980, 6, 6 
18096, 6, 6 
802, 6, 6 
27750, 6, 6 
39455, 6, 6 
36905, 6, 6 
26453, 6, 6 
19828, 6, 6 
13427, 6, 6 
31612, 6, 6 
5413, 6, 6 
43973, 6, 6 
22654, 6, 6 
34012, 6, 6 
49626, 6, 6 
3287, 6, 6 
25317, 6, 6 
44460, 6, 6 
10076, 6, 6 
10557, 6, 6 
46440, 6, 6 
4198, 6, 6 
36014, 6, 6 
57075, 6, 6 
15565, 6, 6 
20839, 6, 6 
1456, 6, 6 
54923, 6, 6 
23019, 6, 6 
59509, 6, 6 
45107, 6, 6 
56562, 6, 6 
47877, 6, 6 
35566, 6, 6 
22718, 6, 6 
16538, 6, 6 
20503, 6, 6 
25098, 6, 6 
5405, 6, 6 
16583, 6, 6 
33704, 6, 6 
22178, 6, 6 
42729, 6, 6 
36895, 6, 6 
49772, 6, 6 
52951, 6, 6 
54547, 6, 6 
44358, 6, 6 
5721, 6, 6 
47436, 6, 6 
14989, 6, 6 
36985, 6, 6 
8153, 6, 6 
6971, 6, 6 
21180, 6, 6 
16736, 6, 6 
48821, 6, 6 
30638, 6, 6 
2487, 6, 6 
43225, 6, 6 
22803, 6, 6 
10335, 6, 6 
55447, 6, 6 
26410, 6, 6 
36002, 6, 6 
5554, 6, 6 
41829, 6, 6 
50275, 6, 6 
28104, 6, 6 
49047, 6, 6 
35452, 6, 6 
2635, 6, 6 
7641, 6, 6 
18312, 6, 6 
19523, 6, 6 
41976, 6, 6 
17764, 6, 6 
40917, 6, 6 
18094, 6, 6 
40394, 6, 6 
10913, 6, 6 
53336, 6, 6 
51406, 6, 6 
4349, 6, 6 
47214, 6, 6 
16550, 6, 6 
9659, 6, 6 
49401, 6, 6 
9016, 6, 6 
52233, 6, 6 
7163, 6, 6 
26768, 6, 6 
3485, 6, 6 
34700, 6, 6 
1890, 6, 6 
5084, 6, 6 
31046, 6, 6 
59474, 6, 6 
28590, 6, 6 
26160, 6, 6 
24385, 6, 6 
16739, 6, 6 
36383, 6, 6 
9417, 6, 6 
30878, 6, 6 
55731, 6, 6 
28830, 6, 6 
15459, 6, 6 
33984, 6, 6 
31752, 6, 6 
52788, 6, 6 
44754, 6, 6 
21929, 6, 6 
13309, 6, 6 
54183, 6, 6 
30150, 6, 6 
1092, 6, 6 
1257, 6, 6 
38761, 6, 6 
57846, 6, 6 
7868, 6, 6 
24058, 6, 6 
1389, 6, 6 
22872, 6, 6 
7224, 6, 6 
12480, 6, 6 
37535, 6, 6 
29768, 6, 6 
5832, 6, 6 
14912, 6, 6 
14973, 6, 6 
29020, 6, 6 
5931, 6, 6 
46735, 6, 6 
21961, 6, 6 
6194, 6, 6 
3172, 6, 6 
47713, 6, 6 
21434, 6, 6 
24475, 6, 6 
25893, 6, 6 
7759, 6, 6 
1761, 6, 6 
29987, 6, 6 
52282, 6, 6 
32082, 6, 6 
9576, 6, 6 
43735, 6, 6 
34285, 6, 6 
8314, 6, 6 
23626, 6, 6 
54847, 6, 6 
44503, 6, 6 
32929, 6, 6 
39278, 6, 6 
58115, 6, 6 
27190, 6, 6 
630, 6, 6 
32436, 6, 6 
10813, 6, 6 
26511, 6, 6 
59493, 6, 6 
47064, 6, 6 
54049, 6, 6 
23697, 6, 6 
17910, 6, 6 
21103, 6, 6 
24030, 6, 6 
28459, 6, 6 
4546, 6, 6 
51021, 6, 6 
34894, 6, 6 
26614, 6, 6 
36113, 6, 6 
39221, 6, 6 
30916, 6, 6 
42103, 6, 6 
27559, 6, 6 
16560, 6, 6 
16667, 6, 6 
28281, 6, 6 
901, 6, 6 
34059, 6, 6 
32731, 6, 6 
31204, 6, 6 
20383, 6, 6 
35844, 6, 6 
8688, 6, 6 
12758, 6, 6 
43640, 6, 6 
25906, 6, 6 
48083, 6, 6 
2545, 6, 6 
6219, 6, 6 
32903, 6, 6 
29460, 6, 6 
2005, 6, 6 
24474, 6, 6 
5684, 6, 6 
14492, 6, 6 
4867, 6, 6 
25943, 6, 6 
3861, 6, 6 
8577, 6, 6 
5634, 6, 6 
55615, 6, 6 
26633, 6, 6 
30295, 6, 6 
20596, 6, 6 
25035, 6, 6 
11870, 6, 6 
7717, 6, 6 
30812, 6, 6 
2470, 6, 6 
21918, 6, 6 
59208, 6, 6 
29331, 6, 6 
38260, 6, 6 
37340, 6, 6 
23168, 6, 6 
6571, 6, 6 
55558, 6, 6 
26345, 6, 6 
33058, 6, 6 
56519, 6, 6 
41577, 6, 6 
18275, 6, 6 
30557, 6, 6 
52856, 6, 6 
14256, 6, 6 
17066, 6, 6 
9619, 6, 6 
23900, 6, 6 
41060, 6, 6 
24569, 6, 6 
20317, 6, 6 
51745, 6, 6 
53606, 6, 6 
49405, 6, 6 
3654, 6, 6 
3821, 6, 6 
44237, 6, 6 
35828, 6, 6 
37788, 6, 6 
34284, 6, 6 
22145, 6, 6 
12866, 6, 6 
52275, 6, 6 
19316, 6, 6 
6602, 6, 6 
11673, 6, 6 
29028, 6, 6 
2372, 6, 6 
24753, 6, 6 
39086, 6, 6 
25165, 6, 6 
9629, 6, 6 
48656, 6, 6 
28704, 6, 6 
44073, 6, 6 
24377, 6, 6 
15500, 6, 6 
46521, 6, 6 
51977, 6, 6 
11483, 6, 6 
47789, 6, 6 
1494, 6, 6 
51370, 6, 6 
26946, 6, 6 
12177, 6, 6 
6963, 6, 6 
45224, 6, 6 
44984, 6, 6 
41413, 6, 6 
34295, 6, 6 
10190, 6, 6 
13133, 6, 6 
17161, 6, 6 
16410, 6, 6 
55638, 6, 6 
54211, 6, 6 
49305, 6, 6 
30855, 6, 6 
7452, 6, 8 
22609, 6, 6 
50073, 6, 6 
21854, 6, 6 
19571, 6, 6 
18957, 6, 6 
38915, 6, 6 
19356, 6, 6 
30350, 6, 6 
53516, 6, 6 
37050, 6, 6 
2167, 6, 6 
48594, 6, 6 
13686, 6, 6 
58732, 6, 6 
47399, 7, 7 
8444, 7, 7 
43288, 7, 7 
39649, 7, 7 
57372, 7, 7 
57884, 7, 7 
2658, 7, 7 
58099, 7, 7 
44669, 7, 7 
7054, 7, 7 
54385, 7, 7 
31804, 7, 7 
39880, 7, 7 
45663, 7, 7 
24138, 7, 7 
43143, 7, 7 
33616, 7, 7 
12208, 7, 7 
3641, 7, 7 
31844, 7, 7 
55041, 7, 7 
47978, 7, 7 
12065, 7, 7 
14277, 7, 7 
43341, 7, 7 
25543, 7, 7 
55826, 7, 7 
41309, 7, 7 
9901, 7, 7 
42163, 7, 7 
50095, 7, 7 
23334, 7, 7 
52013, 7, 7 
57367, 7, 7 
53771, 7, 7 
31382, 7, 7 
44908, 7, 7 
39490, 7, 7 
51198, 7, 7 
24565, 7, 7 
19987, 7, 7 
30982, 7, 7 
56107, 7, 7 
1608, 7, 7 
52594, 7, 7 
51916, 7, 7 
26826, 7, 7 
41244, 7, 7 
21834, 7, 7 
46202, 7, 7 
13637, 7, 7 
12007, 7, 7 
48909, 7, 7 
24682, 7, 7 
40684, 7, 7 
48125, 7, 7 
49867, 7, 7 
47682, 7, 7 
20417, 7, 7 
55885, 7, 7 
46084, 7, 7 
34704, 7, 7 
29931, 7, 7 
3116, 7, 7 
48515, 7, 7 
25610, 7, 7 
30990, 7, 7 
15254, 7, 7 
59533, 7, 7 
40430, 7, 7 
40386, 7, 9 
18557, 7, 7 
17483, 7, 7 
51914, 7, 7 
26829, 7, 7 
969, 7, 7 
46630, 7, 7 
19949, 7, 7 
51586, 7, 7 
47362, 7, 7 
478, 7, 7 
29689, 7, 7 
54278, 7, 7 
49277, 7, 7 
50708, 7, 7 
6134, 7, 7 
33107, 7, 7 
52732, 7, 7 
23661, 7, 7 
611, 7, 7 
14597, 7, 7 
52992, 7, 7 
19683, 7, 7 
15737, 7, 7 
46048, 7, 7 
19434, 7, 7 
31319, 7, 7 
42062, 7, 7 
52008, 7, 7 
28988, 7, 7 
42639, 7, 7 
7568, 7, 7 
5784, 7, 7 
54176, 7, 7 
35728, 7, 7 
27872, 7, 7 
22683, 7, 7 
47374, 7, 7 
3992, 7, 7 
41615, 7, 7 
22527, 7, 7 
28550, 7, 7 
38688, 7, 7 
2145, 7, 7 
30294, 7, 7 
30307, 7, 7 
29282, 7, 7 
25062, 7, 7 
28014, 7, 7 
42016, 7, 7 
1919, 7, 7 
37041, 7, 7 
26417, 7, 7 
48979, 7, 7 
57177, 7, 9 
22287, 7, 7 
30504, 7, 7 
16138, 7, 7 
48377, 7, 7 
57255, 7, 7 
50115, 7, 7 
26337, 7, 7 
16852, 7, 7 
35980, 7, 7 
4432, 7, 7 
33093, 7, 7 
24041, 7, 7 
16343, 7, 7 
20043, 7, 7 
11166, 7, 7 
8196, 7, 7 
16337, 7, 7 
22570, 7, 7 
56983, 7, 7 
54887, 7, 7 
9598, 7, 7 
55895, 7, 7 
54118, 7, 7 
3823, 7, 7 
3515, 7, 7 
24935, 7, 7 
57839, 7, 7 
5953, 7, 7 
703, 7, 7 
9519, 7, 7 
10708, 7, 7 
16247, 7, 7 
44353, 7, 7 
10648, 7, 7 
28562, 7, 7 
42582, 7, 7 
18322, 7, 7 
5049, 7, 7 
14238, 7, 7 
39390, 7, 7 
25868, 7, 7 
44914, 7, 7 
43821, 7, 7 
1157, 7, 7 
45004, 7, 7 
9905, 7, 7 
25021, 7, 7 
49980, 7, 7 
2455, 7, 7 
44111, 7, 7 
21111, 7, 7 
10544, 7, 7 
48333, 7, 7 
44835, 7, 7 
57119, 7, 7 
42772, 7, 7 
28180, 7, 7 
44005, 7, 7 
20996, 7, 7 
56880, 7, 7 
19370, 7, 7 
14403, 7, 7 
51384, 7, 7 
55425, 7, 7 
18289, 7, 7 
41660, 7, 7 
32542, 7, 7 
33737, 7, 7 
17762, 7, 7 
22876, 7, 7 
24975, 7, 7 
36818, 7, 7 
5059, 7, 7 
8114, 7, 7 
55779, 7, 7 
9052, 7, 7 
15824, 7, 7 
5387, 7, 7 
16717, 7, 7 
45777, 7, 7 
56844, 7, 7 
11294, 7, 7 
13048, 7, 7 
53333, 7, 7 
42782, 7, 8 
28852, 7, 7 
96, 7, 7 
46404, 7, 7 
57405, 7, 7 
10932, 7, 7 
4422, 7, 7 
53232, 7, 7 
1547, 7, 7 
6908, 7, 7 
7423, 7, 7 
57066, 7, 7 
36748, 7, 7 
37657, 7, 7 
45329, 7, 7 
55647, 7, 7 
32266, 7, 7 
37001, 7, 7 
24994, 7, 7 
21783, 7, 7 
34485, 7, 7 
42514, 7, 7 
13355, 7, 7 
35382, 7, 7 
1338, 7, 7 
20386, 7, 7 
32820, 7, 7 
57386, 7, 7 
16248, 7, 7 
57323, 7, 7 
2014, 7, 7 
56095, 7, 7 
53523, 7, 7 
46265, 7, 7 
55668, 7, 7 
53855, 7, 7 
19383, 7, 7 
26659, 7, 7 
17798, 7, 7 
58228, 7, 7 
11798, 7, 7 
40470, 7, 7 
53302, 7, 7 
43969, 7, 7 
50732, 7, 7 
56438, 7, 7 
25506, 7, 7 
12081, 7, 7 
29998, 7, 7 
20162, 7, 7 
28064, 7, 7 
51557, 7, 7 
37212, 7, 7 
41941, 7, 7 
38338, 7, 7 
3405, 7, 7 
16194, 7, 7 
27623, 7, 7 
27561, 7, 7 
29470, 7, 7 
1400, 7, 7 
56483, 7, 7 
19895, 7, 7 
14307, 7, 7 
3081, 7, 7 
50365, 7, 7 
35321, 7, 7 
1014, 7, 7 
18498, 7, 7 
52744, 7, 7 
51335, 7, 7 
57885, 7, 7 
1586, 7, 7 
41176, 7, 7 
7388, 7, 7 
29607, 7, 7 
41700, 7, 7 
29762, 7, 7 
31055, 7, 7 
34118, 7, 7 
24186, 7, 7 
26886, 7, 7 
7697, 7, 7 
17419, 7, 7 
10095, 7, 7 
59025, 7, 7 
1392, 7, 7 
1789, 7, 7 
13169, 7, 7 
41601, 7, 7 
56294, 7, 7 
11059, 7, 7 
29833, 7, 7 
58778, 7, 7 
23507, 7, 7 
42352, 7, 7 
14961, 7, 7 
3010, 7, 7 
40165, 7, 7 
31882, 7, 7 
51025, 7, 7 
7731, 7, 7 
1656, 7, 7 
13570, 7, 7 
8248, 7, 7 
50920, 7, 7 
26049, 7, 7 
29632, 7, 7 
58308, 7, 7 
6054, 7, 7 
18736, 7, 7 
21761, 7, 7 
39659, 7, 7 
13561, 7, 7 
56111, 7, 7 
13512, 7, 7 
43285, 7, 7 
36954, 7, 7 
36873, 7, 7 
44590, 7, 7 
17897, 7, 7 
4458, 7, 7 
7781, 7, 7 
28790, 7, 7 
59746, 7, 7 
45606, 7, 7 
2543, 7, 7 
6046, 7, 7 
1821, 7, 7 
49523, 7, 7 
18173, 7, 7 
31533, 7, 7 
43686, 7, 7 
263, 7, 7 
9224, 7, 7 
9276, 7, 7 
56794, 7, 7 
4925, 7, 7 
43898, 7, 7 
31558, 7, 7 
19527, 7, 7 
32716, 7, 7 
10763, 7, 7 
31189, 7, 7 
42573, 7, 7 
38621, 7, 7 
19086, 7, 7 
46765, 7, 7 
933, 7, 7 
52750, 7, 7 
27235, 7, 7 
43052, 7, 7 
30224, 7, 7 
23010, 7, 7 
23965, 7, 7 
27220, 7, 7 
50255, 7, 7 
47698, 7, 7 
27522, 7, 2 
28201, 7, 7 
32346, 7, 7 
9086, 7, 7 
30672, 7, 7 
52147, 7, 7 
23068, 7, 7 
56042, 7, 7 
20600, 7, 7 
58125, 7, 7 
47800, 7, 7 
53368, 7, 7 
14046, 7, 7 
19226, 7, 7 
21758, 7, 7 
41650, 7, 7 
21243, 7, 7 
6616, 7, 7 
57134, 7, 7 
18843, 7, 7 
14920, 7, 7 
15740, 7, 7 
23811, 7, 7 
39069, 7, 7 
30201, 7, 7 
34149, 7, 7 
12757, 7, 7 
2095, 7, 7 
51839, 7, 7 
51568, 7, 7 
20277, 7, 7 
5946, 7, 7 
34178, 7, 7 
24443, 7, 7 
55613, 7, 7 
30465, 7, 7 
57866, 7, 7 
59348, 7, 7 
55494, 7, 7 
50224, 7, 7 
8483, 7, 7 
53214, 7, 7 
4840, 7, 7 
49063, 7, 7 
19172, 7, 7 
44526, 7, 7 
29920, 7, 7 
15230, 7, 7 
15545, 7, 7 
1302, 7, 7 
29797, 7, 7 
12849, 7, 7 
49721, 7, 7 
13963, 7, 7 
18671, 7, 7 
49507, 7, 7 
24639, 7, 7 
12149, 7, 7 
31003, 7, 7 
26441, 7, 7 
33988, 7, 7 
37930, 7, 7 
42997, 7, 7 
29210, 7, 7 
56543, 7, 7 
53643, 7, 7 
25070, 7, 7 
54643, 7, 7 
26957, 7, 7 
11254, 7, 7 
4303, 7, 7 
43723, 7, 7 
54532, 7, 7 
52124, 7, 7 
42011, 7, 7 
33170, 7, 7 
34835, 7, 7 
33964, 7, 7 
49187, 7, 7 
36611, 7, 7 
40406, 7, 7 
21293, 7, 7 
36615, 7, 7 
55119, 7, 7 
22836, 7, 7 
58844, 7, 7 
46155, 7, 7 
42282, 7, 7 
15202, 7, 7 
33466, 7, 7 
56112, 7, 7 
36231, 7, 7 
10893, 7, 7 
23932, 7, 7 
33635, 7, 7 
18006, 7, 7 
59935, 7, 7 
57905, 7, 7 
25229, 7, 7 
54037, 7, 7 
22300, 7, 7 
24049, 7, 7 
58177, 7, 7 
13819, 7, 7 
52591, 7, 7 
34378, 7, 7 
54638, 7, 7 
55560, 7, 7 
20335, 7, 7 
27554, 7, 7 
22995, 7, 7 
49698, 7, 7 
40873, 7, 7 
38504, 7, 7 
15468, 7, 9 
5811, 7, 7 
40810, 7, 7 
23292, 7, 7 
15900, 7, 7 
42125, 7, 7 
42594, 7, 7 
1281, 7, 7 
43346, 7, 7 
9954, 7, 7 
17350, 7, 7 
27199, 7, 7 
53066, 7, 7 
8205, 7, 7 
29963, 7, 7 
58453, 7, 7 
23433, 7, 7 
42672, 7, 7 
20789, 7, 7 
40403, 8, 8 
19540, 8, 8 
53240, 8, 8 
4440, 8, 8 
32352, 8, 8 
40626, 8, 8 
10862, 8, 8 
9155, 8, 8 
33755, 8, 8 
32147, 8, 8 
37406, 8, 8 
5819, 8, 8 
50925, 8, 8 
15033, 8, 8 
13803, 8, 8 
40998, 8, 8 
55929, 8, 8 
26776, 8, 8 
38641, 8, 8 
13597, 8, 8 
54157, 8, 8 
34455, 8, 8 
418, 8, 8 
18967, 8, 8 
7328, 8, 8 
54352, 8, 8 
54636, 8, 8 
24578, 8, 8 
6203, 8, 8 
51964, 8, 8 
6261, 8, 8 
14396, 8, 8 
48495, 8, 8 
18156, 8, 8 
34020, 8, 8 
47298, 8, 8 
35353, 8, 8 
54593, 8, 8 
15599, 8, 8 
7051, 8, 8 
11365, 8, 8 
21475, 8, 8 
57212, 8, 8 
43538, 8, 8 
5409, 8, 8 
39142, 8, 8 
39322, 8, 8 
27293, 8, 8 
31119, 8, 8 
11383, 8, 8 
14495, 8, 8 
9925, 8, 8 
59049, 8, 8 
51897, 8, 8 
43062, 8, 8 
31390, 8, 8 
33611, 8, 8 
18901, 8, 8 
29711, 8, 8 
30581, 8, 8 
51128, 8, 8 
8661, 8, 8 
18994, 8, 8 
6288, 8, 8 
30451, 8, 8 
41901, 8, 8 
41132, 8, 8 
12936, 8, 8 
54954, 8, 8 
51224, 8, 8 
31569, 8, 8 
45249, 8, 8 
44144, 8, 8 
42515, 8, 8 
94, 8, 8 
26474, 8, 8 
24110, 8, 8 
27891, 8, 8 
29511, 8, 8 
1319, 8, 8 
15636, 8, 8 
55968, 8, 8 
35061, 8, 8 
26079, 8, 8 
5205, 8, 8 
43110, 8, 8 
31182, 8, 8 
9125, 8, 8 
28940, 8, 8 
52241, 8, 9 
17990, 8, 8 
44615, 8, 8 
46313, 8, 8 
32596, 8, 8 
52044, 8, 8 
53782, 8, 8 
21965, 8, 8 
23631, 8, 8 
34946, 8, 8 
42979, 8, 8 
24845, 8, 8 
42576, 8, 8 
25736, 8, 8 
57666, 8, 8 
31832, 8, 8 
51715, 8, 8 
59685, 8, 8 
18491, 8, 8 
22557, 8, 8 
43145, 8, 8 
300, 8, 8 
36137, 8, 8 
1598, 8, 8 
5333, 8, 8 
39668, 8, 8 
50791, 8, 8 
53574, 8, 8 
6493, 8, 8 
24981, 8, 8 
11989, 8, 8 
2845, 8, 8 
28198, 8, 8 
58195, 8, 8 
49887, 8, 8 
47498, 8, 8 
8645, 8, 8 
26078, 8, 8 
47144, 8, 8 
41893, 8, 8 
27927, 8, 8 
28999, 8, 8 
13079, 8, 8 
16762, 8, 8 
19692, 8, 8 
50552, 8, 8 
56672, 8, 8 
29877, 8, 8 
51803, 8, 8 
54889, 8, 8 
25799, 8, 8 
33579, 8, 8 
53155, 8, 8 
54749, 8, 8 
16182, 8, 8 
57316, 8, 8 
31091, 8, 8 
5394, 8, 8 
9732, 8, 8 
23737, 8, 8 
20191, 8, 8 
55438, 8, 8 
56295, 8, 8 
36020, 8, 8 
14754, 8, 8 
5360, 8, 8 
23637, 8, 8 
2636, 8, 8 
36785, 8, 8 
37949, 8, 8 
17952, 8, 8 
50342, 8, 8 
29118, 8, 8 
42196, 8, 8 
21925, 8, 8 
54488, 8, 8 
42104, 8, 8 
25132, 8, 8 
47099, 8, 8 
17545, 8, 8 
49170, 8, 8 
34974, 8, 8 
53605, 8, 8 
56001, 8, 8 
14826, 8, 8 
2940, 8, 8 
4761, 8, 8 
30777, 8, 8 
50625, 8, 8 
13122, 8, 8 
19879, 8, 8 
13151, 8, 8 
52306, 8, 8 
48503, 8, 8 
49502, 8, 8 
37109, 8, 8 
1236, 8, 8 
8764, 8, 8 
33036, 8, 8 
56070, 8, 8 
51208, 8, 8 
54047, 8, 8 
35983, 8, 8 
46776, 8, 8 
41481, 8, 8 
15532, 8, 8 
7479, 8, 8 
36825, 8, 8 
27105, 8, 8 
23143, 8, 8 
47462, 8, 8 
35997, 8, 8 
41564, 8, 8 
35776, 8, 8 
36179, 8, 8 
58448, 8, 8 
53513, 8, 8 
24187, 8, 8 
56731, 8, 8 
29722, 8, 8 
22469, 8, 8 
16897, 8, 8 
15221, 8, 8 
44206, 8, 8 
41183, 8, 8 
33038, 8, 8 
39653, 8, 8 
4927, 8, 8 
12043, 8, 8 
14173, 8, 8 
45985, 8, 8 
13186, 8, 8 
8675, 8, 8 
9112, 8, 8 
12899, 8, 8 
38271, 8, 8 
9839, 8, 8 
40893, 8, 8 
25179, 8, 8 
38267, 8, 8 
15408, 8, 8 
24534, 8, 8 
16373, 8, 8 
15723, 8, 8 
13342, 8, 8 
37431, 8, 8 
28182, 8, 8 
33181, 8, 8 
57800, 8, 8 
37704, 8, 8 
33839, 8, 8 
39104, 8, 8 
24256, 8, 8 
19392, 8, 8 
31630, 8, 8 
19367, 8, 8 
51315, 8, 8 
52944, 8, 8 
16669, 8, 8 
34635, 8, 8 
734, 8, 8 
39141, 8, 8 
19148, 8, 8 
22755, 8, 8 
36648, 8, 8 
30527, 8, 8 
3630, 8, 8 
32747, 8, 8 
51709, 8, 8 
28785, 8, 8 
43731, 8, 8 
59999, 8, 8 
59565, 8, 8 
12616, 8, 8 
7844, 8, 8 
43182, 8, 8 
26362, 8, 8 
17808, 8, 8 
21249, 8, 8 
51184, 8, 8 
1207, 8, 8 
41218, 8, 8 
24134, 8, 8 
10422, 8, 8 
28623, 8, 8 
22873, 8, 8 
58993, 8, 8 
16880, 8, 8 
17675, 8, 8 
38324, 8, 8 
18740, 8, 8 
35981, 8, 8 
54645, 8, 8 
54554, 8, 8 
2302, 8, 8 
36034, 8, 8 
17515, 8, 8 
44286, 8, 8 
27381, 8, 8 
4357, 8, 8 
55153, 8, 8 
46502, 8, 8 
20035, 8, 8 
19177, 8, 8 
59447, 8, 8 
45016, 8, 8 
59224, 8, 8 
6788, 8, 8 
1666, 8, 8 
22175, 8, 8 
48540, 8, 8 
37428, 8, 8 
52968, 8, 8 
5597, 8, 8 
56315, 8, 8 
18711, 8, 8 
32478, 8, 8 
34814, 8, 8 
26023, 8, 8 
9782, 8, 8 
49323, 8, 8 
6223, 8, 8 
37032, 8, 8 
43504, 8, 8 
2097, 8, 8 
33386, 8, 8 
37152, 8, 8 
19600, 8, 8 
33490, 8, 8 
265, 8, 8 
9020, 8, 8 
59505, 8, 8 
5431, 8, 8 
29183, 8, 8 
3961, 8, 8 
27185, 8, 8 
20904, 8, 8 
26496, 8, 8 
58990, 8, 8 
30450, 8, 8 
15286, 8, 8 
53999, 8, 0 
12073, 8, 8 
48160, 8, 8 
56428, 8, 8 
35005, 8, 8 
24768, 8, 8 
42478, 8, 8 
15102, 8, 8 
58543, 8, 8 
17784, 8, 8 
45529, 8, 8 
57826, 8, 8 
52671, 8, 8 
46330, 8, 8 
57450, 8, 8 
15640, 8, 8 
40698, 8, 8 
25835, 8, 8 
3153, 8, 8 
33162, 8, 8 
22421, 8, 8 
9345, 8, 8 
19595, 8, 8 
30173, 8, 8 
2421, 8, 8 
20157, 8, 8 
46348, 8, 8 
40437, 8, 8 
14413, 8, 8 
30185, 8, 8 
6580, 8, 8 
37460, 8, 8 
37710, 8, 8 
46791, 8, 8 
42872, 8, 8 
47111, 8, 8 
51501, 8, 8 
37910, 8, 8 
34766, 8, 8 
44880, 8, 8 
39547, 8, 8 
43410, 8, 8 
14075, 8, 8 
40274, 8, 8 
3872, 8, 8 
39149, 8, 8 
31781, 8, 8 
16023, 8, 8 
7607, 8, 8 
33382, 8, 8 
30236, 8, 8 
47328, 8, 8 
39779, 8, 8 
35365, 8, 8 
30688, 8, 8 
5534, 8, 8 
31704, 8, 8 
40265, 8, 8 
15158, 8, 8 
31622, 8, 8 
16069, 8, 8 
47085, 8, 8 
13639, 8, 8 
27017, 8, 8 
31380, 8, 8 
16252, 8, 8 
19358, 8, 8 
54498, 8, 8 
47359, 8, 8 
7115, 8, 8 
12988, 8, 8 
52764, 8, 8 
11311, 8, 8 
16974, 8, 8 
43051, 8, 8 
21855, 8, 8 
26523, 8, 8 
16901, 8, 8 
528, 8, 8 
35958, 8, 8 
30029, 8, 8 
42615, 8, 8 
34577, 8, 8 
12099, 8, 8 
34929, 8, 8 
21211, 8, 8 
13924, 8, 8 
34212, 8, 8 
2598, 8, 8 
13407, 8, 8 
24937, 8, 8 
33893, 8, 8 
46647, 8, 8 
51087, 8, 8 
3825, 8, 8 
27236, 8, 8 
58122, 8, 8 
35762, 8, 8 
15738, 8, 8 
14830, 8, 8 
42467, 8, 8 
54217, 8, 8 
9334, 8, 8 
24370, 8, 8 
11322, 8, 8 
25715, 8, 8 
7638, 8, 2 
15879, 8, 8 
56751, 8, 8 
38725, 8, 8 
29259, 8, 8 
14611, 8, 8 
18242, 8, 8 
24664, 8, 8 
44631, 8, 8 
59097, 8, 8 
24416, 8, 8 
38136, 8, 8 
21589, 8, 8 
29777, 8, 8 
32774, 8, 8 
46629, 8, 8 
22934, 8, 8 
23350, 8, 8 
41560, 8, 8 
10513, 8, 8 
4388, 8, 8 
50074, 8, 8 
20858, 8, 8 
45988, 8, 8 
50785, 8, 8 
5609, 8, 8 
23035, 8, 8 
45458, 8, 8 
26203, 8, 8 
12623, 8, 8 
35619, 8, 8 
44527, 8, 8 
49225, 8, 8 
49279, 8, 8 
58168, 8, 8 
3501, 8, 8 
18872, 8, 8 
47183, 8, 8 
37483, 8, 8 
8955, 8, 8 
46519, 8, 8 
27118, 8, 8 
2413, 8, 8 
16066, 8, 8 
37255, 8, 8 
38945, 8, 8 
43306, 8, 8 
12444, 8, 8 
33059, 8, 9 
25379, 8, 8 
59067, 8, 8 
2369, 8, 8 
1064, 8, 8 
42218, 8, 8 
50246, 8, 8 
7793, 8, 8 
43464, 8, 8 
3555, 8, 8 
54787, 8, 8 
51437, 8, 8 
10274, 8, 8 
19025, 8, 8 
34075, 8, 8 
34414, 8, 8 
14985, 9, 9 
59890, 9, 9 
1284, 9, 9 
9122, 9, 9 
23864, 9, 9 
55510, 9, 9 
58639, 9, 9 
9129, 9, 9 
4824, 9, 9 
48654, 9, 9 
35016, 9, 9 
8998, 9, 9 
4026, 9, 9 
10934, 9, 9 
33380, 9, 9 
11934, 9, 9 
59131, 9, 9 
5901, 9, 9 
28553, 9, 9 
34482, 9, 9 
57079, 9, 9 
16020, 9, 9 
30517, 9, 9 
24211, 9, 9 
13616, 9, 9 
31072, 9, 9 
3935, 9, 9 
15235, 9, 9 
34769, 9, 9 
14289, 9, 9 
17826, 9, 9 
45421, 9, 9 
3099, 9, 9 
11196, 9, 9 
38182, 9, 9 
15832, 9, 9 
32342, 9, 9 
26064, 9, 9 
57039, 9, 9 
42512, 9, 9 
32311, 9, 9 
7468, 9, 9 
52595, 9, 9 
42709, 9, 9 
37352, 9, 9 
8315, 9, 9 
54251, 9, 9 
34903, 9, 9 
24911, 9, 9 
41014, 9, 9 
31676, 9, 9 
22915, 9, 9 
18786, 9, 9 
42577, 9, 9 
36880, 9, 9 
32593, 9, 9 
59362, 9, 9 
2989, 9, 9 
51099, 9, 9 
47103, 9, 9 
59205, 9, 9 
33360, 9, 9 
25909, 9, 9 
27926, 9, 9 
28058, 9, 9 
52605, 9, 9 
2953, 9, 9 
26833, 9, 9 
13692, 9, 9 
39172, 9, 9 
27016, 9, 9 
26302, 9, 9 
17936, 9, 9 
19147, 9, 9 
38600, 9, 9 
38775, 9, 9 
13235, 9, 9 
44992, 9, 9 
29195, 9, 9 
18698, 9, 9 
11992, 9, 9 
59888, 9, 9 
45575, 9, 9 
18666, 9, 9 
36161, 9, 9 
12050, 9, 9 
9357, 9, 9 
25633, 9, 9 
2331, 9, 9 
43970, 9, 9 
41033, 9, 9 
12570, 9, 9 
38082, 9, 9 
16621, 9, 9 
20164, 9, 9 
29693, 9, 9 
21516, 9, 9 
52555, 9, 9 
59111, 9, 9 
3874, 9, 9 
41178, 9, 9 
53645, 9, 9 
5130, 9, 9 
57896, 9, 9 
4690, 9, 9 
41791, 9, 9 
27440, 9, 9 
11139, 9, 9 
5558, 9, 9 
10132, 9, 9 
48589, 9, 9 
54335, 9, 9 
2804, 9, 9 
55763, 9, 9 
53951, 9, 9 
16635, 9, 9 
14057, 9, 9 
57567, 9, 9 
39423, 9, 8 
35623, 9, 9 
13739, 9, 9 
29084, 9, 9 
49112, 9, 9 
52034, 9, 9 
5426, 9, 9 
87, 9, 9 
23224, 9, 9 
55375, 9, 9 
33246, 9, 9 
4667, 9, 9 
15644, 9, 9 
12171, 9, 9 
27843, 9, 9 
59496, 9, 9 
16117, 9, 9 
46714, 9, 9 
687, 9, 9 
38395, 9, 9 
57854, 9, 9 
27448, 9, 9 
43845, 9, 9 
15503, 9, 9 
32983, 9, 9 
34280, 9, 9 
37123, 9, 9 
55468, 9, 9 
31097, 9, 9 
55571, 9, 9 
10929, 9, 9 
4127, 9, 9 
40330, 9, 9 
51632, 9, 9 
3227, 9, 9 
31942, 9, 9 
5964, 9, 9 
34694, 9, 9 
45841, 9, 9 
26428, 9, 9 
54592, 9, 9 
25303, 9, 9 
5062, 9, 9 
49495, 9, 9 
16588, 9, 9 
50079, 9, 9 
47056, 9, 9 
13462, 9, 9 
5201, 9, 9 
5572, 9, 9 
27066, 9, 9 
25239, 9, 9 
35332, 9, 9 
39997, 9, 9 
51807, 9, 9 
44048, 9, 9 
40270, 9, 9 
57206, 9, 9 
36973, 9, 9 
20692, 9, 9 
50663, 9, 9 
30804, 9, 9 
41833, 9, 9 
46000, 9, 9 
37520, 9, 9 
56486, 9, 9 
19300, 9, 9 
13791, 9, 9 
11206, 9, 9 
3020, 9, 9 
43888, 9, 9 
176, 9, 9 
37126, 9, 9 
23744, 9, 9 
9613, 9, 9 
7690, 9, 9 
46021, 9, 9 
38541, 9, 9 
29009, 9, 9 
58914, 9, 9 
16034, 9, 9 
39733, 9, 9 
26233, 9, 9 
43550, 9, 9 
6577, 9, 9 
27128, 9, 9 
29261, 9, 9 
7053, 9, 9 
1962, 9, 9 
5538, 9, 9 
6679, 9, 9 
21981, 9, 9 
30003, 9, 9 
45337, 9, 9 
37115, 9, 9 
27515, 9, 9 
25532, 9, 9 
46602, 9, 9 
11194, 9, 9 
28007, 9, 9 
38467, 9, 9 
11647, 9, 9 
24920, 9, 9 
23217, 9, 9 
17571, 9, 9 
31364, 9, 9 
15312, 9, 9 
21639, 9, 9 
8059, 9, 9 
33862, 9, 9 
23374, 9, 9 
4831, 9, 9 
48347, 9, 9 
15079, 9, 9 
42017, 9, 9 
47788, 9, 9 
5669, 9, 9 
4483, 9, 9 
31443, 9, 9 
18296, 9, 9 
38003, 9, 9 
27533, 9, 9 
5898, 9, 9 
11990, 9, 9 
31456, 9, 9 
28346, 9, 9 
8592, 9, 9 
40469, 9, 9 
42882, 9, 9 
38233, 9, 9 
53202, 9, 9 
40174, 9, 9 
47489, 9, 9 
46373, 9, 9 
54965, 9, 9 
30437, 9, 9 
1610, 9, 9 
48384, 9, 9 
32163, 9, 9 
35441, 9, 9 
36567, 9, 9 
15170, 9, 9 
39480, 9, 9 
40113, 9, 9 
34615, 9, 9 
18175, 9, 9 
30704, 9, 9 
46137, 9, 9 
43114, 9, 9 
45719, 9, 9 
32377, 9, 9 
35603, 9, 9 
11192, 9, 9 
32068, 9, 9 
10588, 9, 9 
55642, 9, 9 
37824, 9, 9 
3193, 9, 9 
33212, 9, 9 
4, 9, 9 
12832, 9, 9 
38493, 9, 9 
37331, 9, 9 
42551, 9, 9 
20290, 9, 9 
57072, 9, 9 
59344, 9, 9 
46146, 9, 9 
45787, 9, 9 
11924, 9, 9 
56788, 9, 9 
35233, 9, 9 
18405, 9, 9 
43777, 9, 9 
30342, 9, 9 
52709, 9, 9 
9041, 9, 9 
46100, 9, 9 
39034, 9, 9 
31170, 9, 9 
2712, 9, 9 
32047, 9, 9 
42052, 9, 9 
26703, 9, 9 
56649, 9, 9 
13265, 9, 9 
2956, 9, 9 
50349, 9, 9 
59776, 9, 9 
32256, 9, 9 
56464, 9, 9 
53736, 9, 9 
12127, 9, 9 
14164, 9, 9 
14762, 9, 9 
1333, 9, 9 
53044, 9, 9 
11538, 9, 9 
12061, 9, 9 
43146, 9, 9 
5402, 9, 9 
29975, 9, 9 
13428, 9, 9 
25463, 9, 9 
47091, 9, 9 
58385, 9, 9 
4678, 9, 9 
43521, 9, 9 
20773, 9, 7 
19728, 9, 9 
48413, 9, 9 
46176, 9, 9 
25385, 9, 9 
53142, 9, 9 
30623, 9, 9 
50816, 9, 9 
22256, 9, 9 
42465, 9, 9 
49319, 9, 9 
48713, 9, 9 
39428, 9, 9 
34224, 9, 9 
1632, 9, 9 
29091, 9, 9 
51761, 9, 9 
18885, 9, 9 
6661, 9, 9 
28911, 9, 9 
42640, 9, 9 
2041, 9, 9 
8654, 9, 9 
26512, 9, 9 
17537, 9, 9 
46589, 9, 9 
47009, 9, 9 
30221, 9, 9 
26314, 9, 9 
21870, 9, 9 
42773, 9, 9 
18118, 9, 9 
21145, 9, 9 
33793, 9, 9 
46298, 9, 9 
37867, 9, 9 
46148, 9, 9 
44586, 9, 9 
26416, 9, 9 
21336, 9, 9 
3164, 9, 9 
22947, 9, 9 
19885, 9, 9 
47813, 9, 9 
18143, 9, 9 
53682, 9, 9 
18552, 9, 9 
28114, 9, 9 
53369, 9, 9 
53396, 9, 9 
44361, 9, 9 
6821, 9, 9 
59236, 9, 9 
595, 9, 9 
34496, 9, 9 
12945, 9, 9 
14815, 9, 9 
55780, 9, 9 
24942, 9, 9 
3678, 9, 9 
18500, 9, 9 
35105, 9, 9 
46362, 9, 9 
26558, 9, 9 
53623, 9, 9 
14442, 9, 9 
32676, 9, 9 
38992, 9, 9 
11816, 9, 9 
793, 9, 9 
33014, 9, 9 
16090, 9, 9 
32771, 9, 9 
16522, 9, 9 
58828, 9, 9 
51647, 9, 9 
39576, 9, 9 
15413, 9, 9 
26185, 9, 9 
42566, 9, 4 
5478, 9, 9 
29993, 9, 9 
10848, 9, 9 
43903, 9, 9 
13932, 9, 9 
12280, 9, 9 
52328, 9, 9 
35135, 9, 9 
13806, 9, 9 
24006, 9, 9 
25965, 9, 9 
57975, 9, 9 
11252, 9, 9 
6225, 9, 9 
36526, 9, 9 
31295, 9, 9 
35715, 9, 9 
21369, 9, 9 
57667, 9, 9 
22283, 9, 9 
19457, 9, 9 
4377, 9, 9 
51590, 9, 9 
42826, 9, 9 
44825, 9, 9 
49371, 9, 9 
51713, 9, 9 
43512, 9, 9 
46492, 9, 9 
3904, 9, 9 
8199, 9, 9 
1256, 9, 9 
26424, 9, 9 
16602, 9, 9 
8321, 9, 9 
49143, 9, 9 
32706, 9, 9 
21495, 9, 9 
20457, 9, 9 
35182, 9, 9 
14580, 9, 9 
15395, 9, 9 
35854, 9, 9 
19515, 9, 9 
36013, 9, 9 
52795, 9, 9 
27519, 9, 9 
53276, 9, 9 
48304, 9, 9 
45178, 9, 9 
51910, 9, 9 
172, 9, 9 
2640, 9, 9 
21224, 9, 9 
626, 9, 9 
56230, 9, 9 
16877, 9, 9 
49988, 9, 9 
13526, 9, 9 
47874, 9, 9 
18928, 9, 9 
8518, 9, 9 
30947, 9, 9 
26045, 9, 9 
31094, 9, 9 
10387, 9, 9 
56906, 9, 9 
59765, 9, 9 
45236, 9, 9 
6162, 9, 9 
18241, 9, 9 
56003, 9, 9 
59027, 9, 9 
15433, 9, 9 
49714, 9, 9 
4092, 9, 9 
18009, 9, 9 
7056, 9, 9 
36960, 9, 9 
5219, 9, 9 
49163, 9, 9 
29663, 9, 9 
3834, 9, 9 
24701, 9, 9 
19007, 9, 9 
45044, 9, 9 
4118, 9, 9 
22299, 9, 9 
53397, 9, 9 
25215, 9, 9 
49549, 9, 9 
56021, 9, 9 
53250, 9, 9 
32403, 9, 9 
