id, true label, predicted label 
51002, 0, 0 
3198, 0, 0 
52720, 0, 0 
20846, 0, 0 
39890, 0, 0 
21910, 0, 0 
44094, 0, 0 
57214, 0, 0 
29336, 0, 0 
25942, 0, 0 
16868, 0, 0 
23589, 0, 0 
11105, 0, 0 
47752, 0, 0 
57326, 0, 0 
37814, 0, 0 
13623, 0, 0 
54391, 0, 0 
36689, 0, 0 
25285, 0, 0 
44127, 0, 0 
36183, 0, 0 
24529, 0, 0 
49889, 0, 0 
9753, 0, 0 
50435, 0, 0 
32693, 0, 0 
50944, 0, 0 
54010, 0, 0 
21216, 0, 0 
1015, 0, 0 
55727, 0, 0 
55986, 0, 0 
42614, 0, 0 
14102, 0, 0 
5690, 0, 0 
46740, 0, 0 
45817, 0, 0 
16326, 0, 0 
2746, 0, 0 
25051, 0, 0 
2191, 0, 0 
58180, 0, 0 
2253, 0, 0 
11330, 0, 0 
22658, 0, 0 
21082, 0, 0 
57091, 0, 0 
58560, 0, 0 
13075, 0, 0 
45417, 0, 0 
1605, 0, 0 
7969, 0, 0 
22636, 0, 0 
34305, 0, 0 
41358, 0, 0 
6991, 0, 0 
9857, 0, 0 
32273, 0, 0 
42074, 0, 0 
22978, 0, 0 
50876, 0, 0 
13738, 0, 0 
10919, 0, 0 
56352, 0, 0 
47619, 0, 0 
42664, 0, 0 
47815, 0, 0 
38865, 0, 0 
51680, 0, 0 
32781, 0, 0 
17738, 0, 0 
10938, 0, 0 
58285, 0, 0 
7557, 0, 0 
18132, 0, 0 
22436, 0, 0 
1049, 0, 0 
31369, 0, 0 
787, 0, 0 
20895, 0, 0 
17606, 0, 0 
12325, 0, 0 
7629, 0, 0 
12195, 0, 0 
46868, 0, 0 
15480, 0, 0 
10363, 0, 0 
38662, 0, 0 
21954, 0, 0 
31145, 0, 0 
22270, 0, 0 
19006, 0, 0 
29772, 0, 0 
43932, 0, 0 
45942, 0, 0 
44161, 0, 0 
28101, 0, 0 
35667, 0, 0 
51265, 0, 0 
49903, 0, 0 
46294, 0, 0 
15142, 0, 0 
22605, 0, 0 
56775, 0, 0 
9458, 0, 0 
33847, 0, 0 
7846, 0, 0 
28044, 0, 0 
54800, 0, 0 
35963, 0, 0 
8863, 0, 0 
29873, 0, 0 
6117, 0, 0 
43011, 0, 0 
3516, 0, 0 
2112, 0, 0 
54812, 0, 0 
55354, 0, 0 
46683, 0, 0 
9142, 0, 0 
34803, 0, 0 
5470, 0, 0 
55501, 0, 0 
46273, 0, 0 
15237, 0, 0 
18603, 0, 0 
24072, 0, 0 
16543, 0, 0 
38102, 0, 0 
11846, 0, 0 
17124, 0, 0 
10242, 0, 0 
13547, 0, 0 
57882, 0, 0 
29395, 0, 0 
37758, 0, 9 
36749, 0, 0 
5266, 0, 0 
16585, 0, 0 
38200, 0, 0 
52276, 0, 0 
25039, 0, 0 
32800, 0, 0 
10140, 0, 0 
41341, 0, 0 
53936, 0, 0 
6502, 0, 0 
45701, 0, 0 
58275, 0, 0 
30384, 0, 0 
24148, 0, 0 
40335, 0, 0 
11833, 0, 0 
46661, 0, 0 
5196, 0, 0 
30585, 0, 0 
45741, 0, 0 
19009, 0, 0 
33403, 0, 0 
26343, 0, 0 
8682, 0, 0 
7835, 0, 0 
42063, 0, 0 
35943, 0, 0 
18893, 0, 0 
8897, 0, 0 
303, 0, 0 
40179, 0, 0 
39376, 0, 0 
46183, 0, 0 
3248, 0, 0 
51505, 0, 0 
54715, 0, 0 
27911, 0, 0 
54328, 0, 0 
31392, 0, 0 
1046, 0, 0 
9733, 0, 0 
40582, 0, 0 
11597, 0, 0 
12907, 0, 0 
41187, 0, 0 
2582, 0, 0 
44872, 0, 0 
22008, 0, 0 
39631, 0, 0 
50101, 0, 0 
16402, 0, 0 
5801, 0, 0 
38605, 0, 0 
32207, 0, 0 
42277, 0, 0 
51623, 0, 0 
35708, 0, 0 
19399, 0, 0 
13286, 0, 0 
19581, 0, 0 
12144, 0, 0 
38473, 0, 0 
6629, 0, 0 
3231, 0, 0 
52655, 0, 0 
19856, 0, 0 
12008, 0, 0 
47716, 0, 0 
5961, 0, 0 
52161, 0, 0 
48287, 0, 0 
12193, 0, 0 
56635, 0, 0 
13215, 0, 0 
53934, 0, 0 
12456, 0, 0 
3943, 0, 0 
38297, 0, 0 
31079, 0, 0 
30051, 0, 0 
37153, 0, 0 
6496, 0, 0 
7691, 0, 0 
49780, 0, 0 
36084, 0, 0 
23728, 0, 0 
15934, 0, 0 
48604, 0, 0 
13483, 0, 0 
31165, 0, 0 
38289, 0, 0 
30123, 0, 0 
43418, 0, 0 
13164, 0, 0 
12217, 0, 0 
6441, 0, 0 
34555, 0, 0 
13347, 0, 0 
5083, 0, 0 
14511, 0, 0 
58864, 0, 0 
18725, 0, 0 
24151, 0, 0 
55479, 0, 0 
49949, 0, 0 
8294, 0, 0 
38335, 0, 0 
8885, 0, 0 
7786, 0, 0 
54515, 0, 0 
41837, 0, 0 
12662, 0, 0 
53298, 0, 0 
55805, 0, 0 
40565, 0, 0 
58659, 0, 0 
50518, 0, 0 
55656, 0, 0 
40103, 0, 0 
54004, 0, 0 
5767, 0, 0 
15580, 0, 0 
10924, 0, 0 
57494, 0, 0 
49750, 0, 0 
54214, 0, 0 
48602, 0, 0 
49774, 0, 0 
55251, 0, 0 
48815, 0, 0 
28875, 0, 0 
38540, 0, 0 
5622, 0, 0 
15759, 0, 0 
41987, 0, 0 
8932, 0, 0 
9881, 0, 0 
34656, 0, 0 
55967, 0, 0 
30871, 0, 0 
13734, 0, 0 
859, 0, 0 
43129, 0, 0 
38893, 0, 0 
34302, 0, 0 
36277, 0, 0 
38599, 0, 0 
2745, 0, 0 
8681, 0, 0 
35449, 0, 0 
8653, 0, 0 
2245, 0, 0 
7664, 0, 0 
18599, 0, 0 
46785, 0, 0 
29456, 0, 0 
49429, 0, 0 
7954, 0, 0 
42402, 0, 0 
13872, 0, 0 
55785, 0, 0 
21546, 0, 0 
29994, 0, 0 
24393, 0, 0 
19171, 0, 0 
20843, 0, 0 
44560, 0, 0 
58694, 0, 0 
965, 0, 0 
11403, 0, 0 
4981, 0, 0 
8116, 0, 0 
2525, 0, 0 
52079, 0, 0 
47422, 0, 0 
7816, 0, 0 
55398, 0, 0 
10188, 0, 0 
2218, 0, 0 
18102, 0, 0 
13764, 0, 0 
54102, 0, 0 
9439, 0, 0 
42771, 0, 0 
35465, 0, 0 
55345, 0, 0 
40280, 0, 0 
34251, 0, 0 
40649, 0, 0 
25137, 0, 0 
13751, 0, 0 
30087, 0, 0 
54411, 0, 0 
55297, 0, 0 
50629, 0, 0 
28076, 0, 0 
14559, 0, 0 
53354, 0, 0 
18137, 0, 0 
17877, 0, 0 
38729, 0, 0 
48350, 0, 0 
24371, 0, 0 
41999, 0, 0 
2709, 0, 0 
38161, 0, 0 
46992, 0, 0 
50291, 0, 0 
9677, 0, 0 
5905, 0, 0 
20625, 0, 0 
50808, 0, 0 
56908, 0, 0 
44333, 0, 0 
7281, 0, 0 
46860, 0, 0 
27583, 0, 0 
13799, 0, 0 
59421, 0, 0 
7038, 0, 0 
42818, 0, 0 
39906, 0, 0 
23884, 0, 0 
28125, 0, 0 
26623, 0, 0 
4465, 0, 0 
57542, 0, 0 
33534, 0, 0 
10691, 0, 0 
54012, 0, 0 
29750, 0, 0 
46871, 0, 0 
58575, 0, 0 
39037, 0, 0 
50523, 0, 0 
31695, 0, 0 
2436, 0, 0 
36797, 0, 0 
39093, 0, 0 
19935, 0, 0 
57705, 0, 0 
36533, 0, 0 
19612, 0, 0 
57161, 0, 0 
53243, 0, 0 
39960, 0, 0 
22202, 0, 0 
41683, 0, 0 
19861, 0, 0 
23598, 0, 0 
13030, 0, 0 
16144, 0, 0 
44979, 0, 0 
32793, 0, 0 
234, 0, 0 
24445, 0, 0 
40260, 0, 0 
38722, 0, 0 
13076, 0, 0 
20886, 0, 0 
1725, 0, 0 
42111, 0, 0 
7499, 0, 0 
12605, 0, 0 
24842, 0, 0 
9994, 0, 0 
8545, 0, 0 
31059, 0, 0 
20141, 0, 0 
47470, 0, 0 
47902, 0, 0 
23044, 0, 0 
9965, 0, 0 
9296, 0, 0 
9688, 0, 0 
28593, 0, 0 
3016, 0, 0 
56103, 0, 0 
49331, 0, 0 
6987, 0, 0 
56124, 0, 0 
34073, 0, 0 
29394, 0, 0 
36241, 0, 0 
13097, 0, 0 
30434, 0, 0 
56415, 0, 0 
27328, 0, 0 
1386, 0, 0 
30170, 0, 0 
4994, 0, 0 
23875, 0, 0 
41635, 0, 0 
29311, 0, 0 
9018, 0, 0 
19547, 0, 0 
27153, 0, 0 
47150, 0, 0 
31904, 0, 0 
38693, 0, 0 
2144, 0, 0 
12134, 0, 0 
30939, 0, 0 
21319, 0, 0 
5194, 0, 0 
4556, 0, 0 
22445, 0, 0 
23009, 0, 0 
6970, 0, 0 
53959, 0, 0 
57650, 0, 0 
58769, 0, 0 
46017, 0, 2 
33482, 0, 0 
40115, 0, 0 
2195, 0, 0 
6958, 0, 0 
9544, 0, 0 
8274, 0, 0 
31297, 0, 0 
27841, 0, 0 
48547, 0, 0 
56940, 0, 0 
24078, 0, 0 
34358, 0, 0 
52691, 0, 0 
42835, 0, 0 
34538, 0, 0 
6663, 0, 0 
17327, 0, 0 
24495, 0, 0 
37323, 0, 0 
5010, 0, 0 
13544, 0, 0 
11694, 0, 0 
23616, 0, 0 
47739, 0, 0 
58738, 0, 0 
39620, 0, 0 
3829, 0, 0 
55302, 0, 0 
40418, 0, 0 
12004, 0, 0 
15311, 0, 0 
55290, 0, 0 
9038, 0, 0 
23773, 0, 0 
10352, 0, 0 
28725, 0, 0 
50018, 0, 0 
18926, 0, 0 
18357, 0, 0 
53814, 0, 0 
57397, 0, 0 
4289, 0, 0 
55622, 0, 0 
6103, 0, 0 
28667, 0, 0 
52930, 0, 0 
46653, 0, 0 
10773, 0, 0 
13268, 0, 0 
47601, 1, 1 
2374, 1, 1 
16495, 1, 1 
16805, 1, 1 
8610, 1, 1 
59289, 1, 1 
38163, 1, 1 
26174, 1, 1 
45254, 1, 1 
45403, 1, 1 
59517, 1, 1 
40248, 1, 1 
30969, 1, 1 
16950, 1, 1 
17029, 1, 1 
45373, 1, 1 
7609, 1, 1 
56576, 1, 1 
49569, 1, 1 
38398, 1, 1 
31494, 1, 1 
45105, 1, 1 
46583, 1, 1 
29522, 1, 1 
765, 1, 1 
22628, 1, 1 
44079, 1, 1 
16061, 1, 1 
6682, 1, 1 
40982, 1, 1 
33684, 1, 1 
5864, 1, 1 
23755, 1, 1 
871, 1, 1 
51836, 1, 1 
34173, 1, 1 
6277, 1, 1 
30898, 1, 1 
56365, 1, 1 
50582, 1, 1 
13892, 1, 1 
22343, 1, 1 
9072, 1, 1 
49837, 1, 1 
9199, 1, 1 
12236, 1, 1 
58935, 1, 1 
26696, 1, 1 
14464, 1, 1 
25785, 1, 1 
959, 1, 1 
57464, 1, 1 
35925, 1, 1 
38492, 1, 1 
49538, 1, 1 
46181, 1, 1 
44113, 1, 1 
33418, 1, 1 
26914, 1, 1 
398, 1, 1 
18182, 1, 1 
51876, 1, 1 
40504, 1, 1 
20384, 1, 1 
52627, 1, 1 
33487, 1, 1 
32528, 1, 1 
9525, 1, 1 
37191, 1, 1 
25253, 1, 1 
22227, 1, 1 
20817, 1, 1 
17812, 1, 1 
46722, 1, 1 
11360, 1, 1 
48517, 1, 1 
29575, 1, 1 
14234, 1, 1 
46782, 1, 1 
9803, 1, 1 
26263, 1, 1 
21741, 1, 1 
48513, 1, 1 
3272, 1, 1 
30436, 1, 1 
29083, 1, 1 
29278, 1, 1 
12634, 1, 1 
44277, 1, 1 
16906, 1, 1 
46127, 1, 1 
26939, 1, 1 
33634, 1, 1 
31762, 1, 1 
18452, 1, 1 
5963, 1, 1 
24624, 1, 1 
14860, 1, 1 
4553, 1, 1 
46679, 1, 1 
2988, 1, 1 
38806, 1, 1 
57160, 1, 1 
41269, 1, 1 
12356, 1, 1 
15574, 1, 1 
53599, 1, 1 
38337, 1, 1 
53484, 1, 1 
34923, 1, 1 
10205, 1, 8 
30238, 1, 1 
7185, 1, 1 
51936, 1, 1 
15290, 1, 1 
53726, 1, 1 
18683, 1, 1 
40294, 1, 1 
29828, 1, 1 
24738, 1, 1 
34749, 1, 1 
52317, 1, 1 
270, 1, 1 
49420, 1, 1 
3111, 1, 1 
11432, 1, 1 
5149, 1, 1 
9175, 1, 1 
7658, 1, 1 
14964, 1, 1 
8177, 1, 1 
21357, 1, 1 
29939, 1, 1 
58561, 1, 1 
45290, 1, 1 
8430, 1, 1 
23756, 1, 1 
10565, 1, 1 
54213, 1, 1 
54552, 1, 1 
38480, 1, 1 
13266, 1, 1 
56538, 1, 1 
14980, 1, 1 
41332, 1, 1 
56575, 1, 1 
4149, 1, 1 
14414, 1, 1 
19516, 1, 1 
22512, 1, 1 
34849, 1, 1 
8379, 1, 1 
23176, 1, 1 
52444, 1, 1 
22931, 1, 1 
44745, 1, 1 
19100, 1, 1 
46372, 1, 1 
17135, 1, 1 
56656, 1, 1 
38499, 1, 1 
45767, 1, 1 
23045, 1, 1 
48175, 1, 1 
4484, 1, 1 
6365, 1, 1 
10180, 1, 1 
14021, 1, 1 
16720, 1, 1 
36532, 1, 1 
57430, 1, 1 
18411, 1, 1 
52586, 1, 1 
19346, 1, 1 
38455, 1, 1 
41454, 1, 1 
23390, 1, 1 
58944, 1, 1 
58741, 1, 1 
30200, 1, 1 
22093, 1, 1 
50453, 1, 1 
19968, 1, 1 
30809, 1, 1 
39393, 1, 1 
39270, 1, 1 
31181, 1, 1 
36786, 1, 1 
29673, 1, 1 
3068, 1, 1 
47991, 1, 1 
941, 1, 1 
42584, 1, 1 
37330, 1, 1 
1697, 1, 1 
46809, 1, 1 
54182, 1, 1 
38974, 1, 1 
30337, 1, 1 
30628, 1, 1 
47960, 1, 1 
40319, 1, 1 
36947, 1, 1 
32577, 1, 1 
5020, 1, 1 
36448, 1, 1 
59060, 1, 1 
587, 1, 1 
28035, 1, 1 
8394, 1, 1 
14196, 1, 1 
31511, 1, 1 
38525, 1, 1 
29628, 1, 1 
42276, 1, 1 
35396, 1, 1 
1654, 1, 1 
9540, 1, 1 
40071, 1, 1 
59427, 1, 1 
57647, 1, 1 
16656, 1, 1 
18442, 1, 1 
38272, 1, 1 
53594, 1, 1 
56851, 1, 1 
34759, 1, 1 
12486, 1, 1 
2719, 1, 1 
44569, 1, 1 
2326, 1, 1 
26476, 1, 1 
59071, 1, 1 
22476, 1, 1 
40826, 1, 1 
26747, 1, 1 
24808, 1, 1 
37923, 1, 1 
4387, 1, 1 
40779, 1, 1 
51741, 1, 1 
4390, 1, 1 
23340, 1, 1 
57579, 1, 1 
466, 1, 1 
56435, 1, 1 
28629, 1, 1 
33440, 1, 1 
22859, 1, 1 
26029, 1, 1 
24771, 1, 1 
18359, 1, 1 
18912, 1, 1 
36108, 1, 1 
14606, 1, 1 
48131, 1, 1 
43484, 1, 1 
48592, 1, 1 
11608, 1, 1 
1816, 1, 1 
35212, 1, 1 
22972, 1, 1 
28743, 1, 1 
44296, 1, 1 
4267, 1, 1 
47063, 1, 1 
23413, 1, 1 
53301, 1, 1 
30550, 1, 1 
5915, 1, 1 
51377, 1, 1 
41884, 1, 1 
5601, 1, 1 
43790, 1, 1 
37938, 1, 1 
77, 1, 1 
2335, 1, 1 
14995, 1, 1 
25336, 1, 1 
19749, 1, 1 
10823, 1, 1 
20094, 1, 1 
30404, 1, 1 
39328, 1, 1 
6226, 1, 1 
2907, 1, 1 
51847, 1, 1 
36490, 1, 1 
32496, 1, 1 
34467, 1, 1 
37455, 1, 1 
46178, 1, 1 
6701, 1, 1 
21715, 1, 1 
19304, 1, 1 
30958, 1, 1 
7821, 1, 1 
8083, 1, 1 
29897, 1, 1 
45331, 1, 1 
27590, 1, 1 
58148, 1, 1 
49194, 1, 1 
31766, 1, 1 
3966, 1, 1 
41249, 1, 1 
6785, 1, 1 
48022, 1, 1 
10152, 1, 1 
1528, 1, 1 
4311, 1, 1 
26388, 1, 1 
42422, 1, 1 
31478, 1, 1 
47986, 1, 1 
18304, 1, 1 
15940, 1, 1 
22410, 1, 1 
56910, 1, 1 
20064, 1, 1 
6834, 1, 1 
34383, 1, 1 
20951, 1, 1 
475, 1, 1 
12499, 1, 1 
14942, 1, 1 
15789, 1, 1 
16236, 1, 1 
17240, 1, 1 
26295, 1, 1 
59705, 1, 1 
31081, 1, 1 
55478, 1, 1 
8222, 1, 1 
53780, 1, 1 
18647, 1, 1 
13398, 1, 1 
4958, 1, 1 
15175, 1, 1 
30209, 1, 1 
49265, 1, 1 
52693, 1, 1 
9404, 1, 1 
18282, 1, 1 
309, 1, 1 
20987, 1, 1 
17815, 1, 1 
9643, 1, 1 
56252, 1, 1 
7149, 1, 1 
51566, 1, 1 
30218, 1, 1 
25118, 1, 1 
1786, 1, 1 
21054, 1, 1 
56714, 1, 1 
57644, 1, 1 
27284, 1, 1 
11765, 1, 1 
13788, 1, 1 
53018, 1, 1 
58570, 1, 1 
55740, 1, 1 
49717, 1, 1 
1681, 1, 1 
28925, 1, 1 
44698, 1, 1 
8512, 1, 1 
1483, 1, 1 
47333, 1, 1 
53178, 1, 1 
23973, 1, 1 
21698, 1, 1 
25606, 1, 1 
22452, 1, 1 
46499, 1, 1 
28981, 1, 1 
7689, 1, 1 
51784, 1, 1 
37518, 1, 1 
16062, 1, 1 
13701, 1, 1 
18583, 1, 1 
4557, 1, 1 
1597, 1, 1 
16287, 1, 1 
32741, 1, 1 
31916, 1, 1 
46664, 1, 1 
53707, 1, 1 
39603, 1, 1 
40327, 1, 1 
7491, 1, 1 
42040, 1, 1 
48454, 1, 1 
9975, 1, 1 
25983, 1, 1 
8382, 1, 1 
15300, 1, 1 
30148, 1, 1 
8087, 1, 1 
52530, 1, 1 
55169, 1, 1 
9562, 1, 1 
37629, 1, 1 
4972, 1, 1 
40802, 1, 1 
28609, 1, 1 
41011, 1, 1 
20706, 1, 1 
39437, 1, 1 
11418, 1, 1 
50928, 1, 1 
14541, 1, 1 
54855, 1, 1 
53321, 1, 1 
23532, 1, 1 
835, 1, 1 
31384, 1, 1 
8725, 1, 1 
43872, 1, 1 
55901, 1, 1 
25666, 1, 1 
55819, 1, 1 
47998, 1, 1 
35942, 1, 1 
26096, 1, 1 
41748, 1, 1 
50326, 1, 1 
18116, 1, 1 
7315, 1, 1 
58286, 1, 1 
52854, 1, 1 
24020, 1, 1 
30847, 1, 1 
2437, 1, 1 
12241, 1, 1 
52342, 1, 1 
58322, 1, 1 
59074, 1, 1 
52961, 1, 1 
21070, 1, 1 
27018, 1, 1 
20810, 1, 1 
7696, 1, 1 
49521, 1, 1 
55310, 1, 1 
47041, 1, 1 
58238, 1, 1 
6062, 1, 1 
49113, 1, 1 
17706, 1, 1 
42581, 1, 1 
34493, 1, 1 
42719, 1, 1 
8070, 1, 1 
11143, 1, 1 
53471, 1, 1 
7656, 1, 1 
52097, 1, 1 
4140, 1, 1 
43844, 1, 1 
12578, 1, 1 
23280, 1, 1 
13711, 1, 1 
36778, 1, 1 
14900, 1, 1 
56584, 1, 1 
14998, 1, 1 
2045, 1, 1 
8422, 1, 1 
44131, 1, 1 
10615, 1, 1 
38595, 1, 1 
14227, 1, 1 
25600, 1, 1 
31848, 1, 1 
59248, 1, 1 
31238, 1, 1 
36042, 1, 1 
7363, 1, 1 
29567, 1, 1 
54886, 1, 1 
57780, 1, 1 
41959, 1, 1 
14685, 1, 1 
35427, 1, 1 
20643, 1, 1 
56511, 1, 1 
19446, 1, 1 
48851, 1, 1 
47373, 1, 1 
35508, 1, 1 
22847, 1, 1 
36185, 1, 1 
23656, 1, 1 
25779, 1, 1 
57785, 1, 1 
27582, 1, 1 
46552, 1, 1 
28189, 2, 2 
29681, 2, 2 
25627, 2, 2 
47023, 2, 2 
10113, 2, 2 
54375, 2, 2 
28269, 2, 2 
11242, 2, 2 
49267, 2, 2 
28285, 2, 2 
12950, 2, 2 
36718, 2, 2 
41004, 2, 2 
43996, 2, 2 
28844, 2, 2 
56922, 2, 2 
28801, 2, 2 
34928, 2, 2 
52971, 2, 2 
3413, 2, 2 
41672, 2, 2 
43184, 2, 2 
59667, 2, 2 
46760, 2, 2 
4401, 2, 2 
29667, 2, 2 
7431, 2, 2 
38094, 2, 2 
17489, 2, 2 
57878, 2, 2 
17369, 2, 2 
31092, 2, 2 
38884, 2, 2 
48899, 2, 2 
34371, 2, 2 
22356, 2, 2 
17039, 2, 2 
40788, 2, 2 
40569, 2, 2 
55433, 2, 2 
48991, 2, 2 
20071, 2, 2 
34136, 2, 2 
41429, 2, 2 
37638, 2, 2 
41841, 2, 2 
45358, 2, 2 
22807, 2, 2 
54834, 2, 2 
41668, 2, 2 
558, 2, 2 
16813, 2, 2 
59734, 2, 2 
774, 2, 2 
18978, 2, 2 
10016, 2, 2 
46277, 2, 2 
25147, 2, 2 
21324, 2, 2 
59231, 2, 2 
16025, 2, 2 
38635, 2, 2 
17263, 2, 2 
36170, 2, 2 
26883, 2, 2 
49975, 2, 2 
35478, 2, 2 
49908, 2, 2 
10785, 2, 2 
9776, 2, 2 
46343, 2, 2 
36462, 2, 2 
56848, 2, 2 
48799, 2, 2 
17763, 2, 2 
44334, 2, 2 
33541, 2, 2 
31024, 2, 2 
58000, 2, 2 
34113, 2, 2 
39959, 2, 2 
9939, 2, 2 
32611, 2, 2 
7787, 2, 2 
43116, 2, 2 
23610, 2, 2 
1255, 2, 2 
5985, 2, 2 
47706, 2, 2 
52643, 2, 2 
26646, 2, 2 
37601, 2, 2 
4414, 2, 2 
51957, 2, 2 
29784, 2, 2 
24997, 2, 2 
1923, 2, 2 
8972, 2, 2 
54796, 2, 2 
33438, 2, 2 
17884, 2, 2 
42861, 2, 2 
36064, 2, 2 
3879, 2, 2 
46540, 2, 2 
10477, 2, 2 
10024, 2, 2 
24552, 2, 2 
56083, 2, 2 
9284, 2, 2 
7353, 2, 2 
18763, 2, 2 
33662, 2, 2 
12797, 2, 2 
18395, 2, 2 
22606, 2, 2 
29819, 2, 2 
37613, 2, 2 
28067, 2, 2 
1188, 2, 2 
23310, 2, 2 
21773, 2, 2 
16638, 2, 2 
54837, 2, 2 
23859, 2, 2 
46408, 2, 2 
47369, 2, 2 
893, 2, 2 
844, 2, 2 
38366, 2, 2 
1299, 2, 2 
56125, 2, 2 
15296, 2, 2 
8740, 2, 2 
2824, 2, 2 
52637, 2, 2 
40119, 2, 2 
24390, 2, 2 
4648, 2, 2 
51719, 2, 2 
53689, 2, 2 
5724, 2, 2 
18499, 2, 2 
53323, 2, 2 
16033, 2, 2 
2389, 2, 2 
29735, 2, 2 
25912, 2, 2 
16198, 2, 2 
56394, 2, 2 
49857, 2, 2 
28879, 2, 2 
14763, 2, 2 
47804, 2, 2 
47780, 2, 2 
43241, 2, 2 
24089, 2, 2 
47142, 2, 2 
25217, 2, 2 
9853, 2, 2 
32250, 2, 2 
12718, 2, 2 
39510, 2, 2 
7414, 2, 2 
43450, 2, 2 
31874, 2, 2 
22620, 2, 2 
1165, 2, 2 
37435, 2, 2 
49430, 2, 2 
16527, 2, 2 
14938, 2, 2 
49416, 2, 2 
29247, 2, 2 
47685, 2, 2 
26718, 2, 2 
31513, 2, 2 
5318, 2, 2 
37832, 2, 2 
7347, 2, 2 
26863, 2, 2 
26669, 2, 2 
20257, 2, 2 
6860, 2, 2 
49914, 2, 2 
12582, 2, 2 
35215, 2, 2 
45943, 2, 2 
33027, 2, 2 
51151, 2, 2 
907, 2, 2 
52011, 2, 2 
42929, 2, 2 
41595, 2, 2 
34462, 2, 2 
16124, 2, 2 
58235, 2, 2 
10312, 2, 2 
31133, 2, 2 
20448, 2, 2 
32751, 2, 2 
12551, 2, 2 
51884, 2, 2 
40420, 2, 2 
8078, 2, 2 
120, 2, 7 
22335, 2, 2 
2065, 2, 2 
21507, 2, 2 
20770, 2, 2 
21598, 2, 2 
26817, 2, 2 
27888, 2, 2 
55011, 2, 2 
23216, 2, 2 
22516, 2, 2 
48934, 2, 2 
55662, 2, 2 
55228, 2, 2 
41438, 2, 2 
2346, 2, 2 
12803, 2, 2 
33906, 2, 2 
4476, 2, 3 
23089, 2, 2 
18544, 2, 2 
19982, 2, 2 
2078, 2, 2 
15476, 2, 2 
49101, 2, 2 
26330, 2, 2 
44316, 2, 2 
27700, 2, 2 
33008, 2, 2 
32981, 2, 2 
11319, 2, 2 
26907, 2, 2 
1549, 2, 2 
19524, 2, 2 
53879, 2, 2 
49614, 2, 2 
20029, 2, 2 
3381, 2, 2 
57342, 2, 2 
35235, 2, 2 
42014, 2, 2 
4096, 2, 2 
10805, 2, 2 
42366, 2, 2 
39453, 2, 2 
35887, 2, 2 
43407, 2, 2 
57319, 2, 2 
26431, 2, 2 
43345, 2, 2 
13039, 2, 2 
21952, 2, 2 
20671, 2, 2 
54395, 2, 2 
42328, 2, 2 
18713, 2, 2 
32918, 2, 2 
52025, 2, 2 
23561, 2, 2 
3853, 2, 2 
9841, 2, 2 
24152, 2, 2 
24968, 2, 2 
37766, 2, 2 
55857, 2, 2 
23794, 2, 2 
47890, 2, 2 
35873, 2, 2 
40206, 2, 2 
35344, 2, 2 
38221, 2, 2 
46115, 2, 2 
37995, 2, 2 
30356, 2, 2 
2851, 2, 2 
39810, 2, 2 
52874, 2, 2 
13156, 2, 2 
29005, 2, 2 
5895, 2, 2 
13330, 2, 2 
8831, 2, 2 
59425, 2, 2 
9021, 2, 2 
49537, 2, 2 
43546, 2, 2 
44021, 2, 2 
51575, 2, 2 
16449, 2, 2 
48323, 2, 2 
59831, 2, 2 
51541, 2, 2 
24796, 2, 2 
43117, 2, 2 
54973, 2, 2 
25787, 2, 2 
48516, 2, 2 
16060, 2, 2 
34250, 2, 2 
16024, 2, 2 
33697, 2, 2 
8024, 2, 2 
58910, 2, 2 
25332, 2, 2 
30840, 2, 2 
29717, 2, 2 
35689, 2, 2 
20831, 2, 2 
41216, 2, 2 
22368, 2, 2 
31267, 2, 2 
45283, 2, 2 
29240, 2, 2 
34056, 2, 2 
20613, 2, 2 
40405, 2, 2 
56213, 2, 2 
57442, 2, 2 
8727, 2, 2 
48674, 2, 2 
23025, 2, 2 
6105, 2, 2 
43988, 2, 2 
50581, 2, 2 
2261, 2, 2 
50315, 2, 2 
44828, 2, 2 
58114, 2, 2 
30570, 2, 2 
53650, 2, 2 
39153, 2, 2 
41420, 2, 2 
10200, 2, 2 
5481, 2, 2 
22229, 2, 2 
6377, 2, 2 
3023, 2, 2 
26075, 2, 2 
58670, 2, 2 
4355, 2, 2 
43852, 2, 2 
35721, 2, 2 
588, 2, 2 
46319, 2, 2 
9271, 2, 2 
9809, 2, 2 
22945, 2, 2 
35652, 2, 2 
2337, 2, 2 
53571, 2, 2 
32264, 2, 2 
38068, 2, 2 
35690, 2, 2 
41936, 2, 2 
3357, 2, 2 
6038, 2, 2 
33160, 2, 2 
42887, 2, 2 
1572, 2, 2 
24449, 2, 2 
11727, 2, 2 
50642, 2, 2 
32318, 2, 2 
2936, 2, 2 
20242, 2, 2 
18216, 2, 2 
11648, 2, 2 
35492, 2, 2 
14422, 2, 2 
38862, 2, 2 
20910, 2, 2 
3765, 2, 2 
59824, 2, 2 
51869, 2, 2 
39899, 2, 2 
25138, 2, 2 
35445, 2, 2 
23325, 2, 2 
19505, 2, 2 
47231, 2, 2 
32437, 2, 2 
53727, 2, 2 
19688, 2, 2 
30730, 2, 2 
673, 2, 2 
13930, 2, 2 
24450, 2, 2 
43293, 2, 2 
3880, 2, 2 
20847, 2, 2 
30826, 2, 2 
40988, 2, 2 
25017, 2, 2 
29837, 2, 2 
30975, 2, 2 
8631, 2, 2 
39790, 2, 2 
53901, 2, 2 
22358, 2, 2 
45631, 2, 2 
8473, 2, 2 
4185, 2, 2 
37083, 2, 2 
9736, 2, 2 
27188, 2, 2 
26638, 2, 2 
13645, 2, 2 
8201, 2, 2 
51241, 2, 2 
29893, 2, 2 
50736, 2, 2 
21665, 2, 2 
17912, 2, 2 
29500, 2, 2 
37545, 2, 2 
45125, 2, 2 
32650, 2, 2 
6919, 2, 2 
31247, 2, 2 
31905, 2, 2 
8841, 2, 2 
21435, 2, 2 
39840, 2, 2 
42188, 2, 2 
7736, 2, 2 
24722, 2, 2 
863, 2, 2 
47164, 2, 2 
25148, 2, 2 
35288, 2, 2 
12091, 2, 2 
14063, 2, 2 
52774, 2, 2 
41702, 2, 2 
6937, 2, 2 
3871, 2, 2 
53628, 2, 2 
31068, 2, 2 
22391, 2, 2 
27874, 2, 2 
17071, 2, 2 
16472, 2, 2 
6540, 2, 2 
17137, 2, 2 
20440, 2, 2 
59572, 2, 2 
39572, 2, 2 
16104, 2, 2 
43994, 2, 2 
37504, 2, 2 
36979, 2, 2 
12311, 2, 2 
1662, 2, 2 
56508, 2, 2 
56467, 2, 2 
24844, 2, 2 
10300, 2, 2 
12299, 2, 2 
36167, 2, 2 
24035, 2, 2 
7870, 2, 2 
34833, 2, 2 
48536, 2, 2 
16269, 2, 2 
51117, 2, 2 
33938, 2, 2 
58929, 2, 2 
308, 2, 2 
9360, 2, 2 
42866, 2, 9 
7772, 2, 2 
32726, 2, 2 
22395, 2, 2 
57520, 2, 2 
20959, 2, 9 
15603, 2, 2 
37743, 2, 2 
48912, 2, 2 
59706, 2, 2 
30014, 2, 2 
25020, 2, 2 
31373, 2, 2 
57904, 2, 2 
14244, 2, 2 
42126, 2, 2 
180, 2, 2 
39249, 2, 2 
49181, 2, 2 
54355, 2, 2 
12985, 2, 2 
2694, 2, 2 
13984, 2, 2 
17840, 2, 2 
8784, 2, 2 
13059, 2, 2 
7803, 3, 3 
23986, 3, 3 
50043, 3, 3 
53475, 3, 3 
3358, 3, 3 
20397, 3, 3 
20181, 3, 3 
45266, 3, 3 
14065, 3, 3 
43204, 3, 3 
27755, 3, 3 
43196, 3, 3 
22374, 3, 3 
27067, 3, 3 
57914, 3, 3 
40811, 3, 3 
22522, 3, 3 
58311, 3, 3 
58411, 3, 3 
33817, 3, 3 
57877, 3, 3 
34712, 3, 3 
28391, 3, 3 
32960, 3, 3 
27212, 3, 3 
48264, 3, 3 
16512, 3, 3 
10606, 3, 3 
9268, 3, 3 
33169, 3, 3 
643, 3, 3 
49821, 3, 3 
57833, 3, 3 
44608, 3, 3 
39415, 3, 3 
38549, 3, 3 
45796, 3, 3 
25746, 3, 3 
26534, 3, 3 
45398, 3, 3 
7433, 3, 3 
39100, 3, 3 
54707, 3, 3 
23977, 3, 3 
37284, 3, 3 
37118, 3, 3 
32490, 3, 3 
8350, 3, 3 
36644, 3, 3 
17207, 3, 3 
55008, 3, 3 
715, 3, 3 
38882, 3, 3 
59151, 3, 3 
10887, 3, 3 
8756, 3, 3 
1689, 3, 3 
50361, 3, 3 
18615, 3, 3 
6784, 3, 3 
29613, 3, 3 
52740, 3, 3 
12228, 3, 3 
44959, 3, 3 
25955, 3, 3 
12720, 3, 3 
32176, 3, 3 
20377, 3, 3 
2286, 3, 3 
27282, 3, 3 
9680, 3, 3 
55791, 3, 3 
4154, 3, 3 
55377, 3, 3 
27527, 3, 3 
46269, 3, 2 
12617, 3, 3 
30411, 3, 3 
34701, 3, 3 
5354, 3, 3 
27960, 3, 3 
28693, 3, 3 
14420, 3, 3 
28316, 3, 3 
4246, 3, 3 
7626, 3, 3 
5941, 3, 3 
26878, 3, 3 
37756, 3, 3 
16678, 3, 9 
59815, 3, 3 
5736, 3, 3 
53671, 3, 3 
13448, 3, 3 
22488, 3, 3 
5838, 3, 3 
59691, 3, 3 
18477, 3, 3 
19116, 3, 3 
36128, 3, 3 
7987, 3, 3 
36946, 3, 3 
44716, 3, 3 
33589, 3, 3 
30284, 3, 3 
9380, 3, 3 
28826, 3, 3 
890, 3, 3 
7634, 3, 3 
51655, 3, 3 
8672, 3, 3 
15109, 3, 3 
3201, 3, 3 
40883, 3, 3 
38109, 3, 3 
15769, 3, 3 
5770, 3, 3 
43417, 3, 3 
5252, 3, 3 
49566, 3, 3 
36575, 3, 3 
3656, 3, 3 
24672, 3, 3 
22708, 3, 3 
18503, 3, 3 
21187, 3, 3 
31691, 3, 3 
13935, 3, 3 
21228, 3, 3 
34547, 3, 3 
29231, 3, 3 
49230, 3, 3 
33840, 3, 3 
2541, 3, 3 
18646, 3, 3 
14636, 3, 3 
19014, 3, 3 
10405, 3, 3 
37163, 3, 3 
36931, 3, 3 
13438, 3, 3 
33028, 3, 3 
57635, 3, 3 
49117, 3, 3 
25509, 3, 3 
361, 3, 3 
2788, 3, 3 
42902, 3, 3 
46279, 3, 3 
48683, 3, 3 
57689, 3, 3 
15990, 3, 3 
19474, 3, 3 
16924, 3, 3 
57308, 3, 3 
5871, 3, 3 
6576, 3, 3 
1336, 3, 3 
23873, 3, 3 
43230, 3, 3 
34828, 3, 3 
56994, 3, 3 
42441, 3, 3 
48324, 3, 3 
55726, 3, 3 
27795, 3, 3 
59081, 3, 3 
42264, 3, 3 
17908, 3, 3 
34366, 3, 3 
59500, 3, 3 
51686, 3, 3 
41048, 3, 3 
50885, 3, 3 
11978, 3, 3 
24358, 3, 3 
59016, 3, 3 
14210, 3, 3 
38037, 3, 3 
31805, 3, 3 
11011, 3, 3 
3655, 3, 3 
50613, 3, 3 
43952, 3, 3 
21261, 3, 3 
11556, 3, 3 
52269, 3, 3 
29765, 3, 3 
12490, 3, 3 
1119, 3, 3 
37132, 3, 3 
24575, 3, 3 
49477, 3, 3 
26674, 3, 3 
327, 3, 3 
10756, 3, 3 
12661, 3, 3 
46296, 3, 3 
29972, 3, 3 
40940, 3, 3 
9053, 3, 3 
37896, 3, 3 
18584, 3, 3 
19536, 3, 3 
18343, 3, 3 
42150, 3, 3 
40452, 3, 3 
45015, 3, 3 
31791, 3, 3 
51469, 3, 3 
15760, 3, 3 
26830, 3, 3 
27316, 3, 3 
51640, 3, 3 
18061, 3, 3 
16249, 3, 3 
39907, 3, 3 
18030, 3, 3 
15031, 3, 3 
14786, 3, 3 
45675, 3, 3 
19976, 3, 3 
14166, 3, 3 
18120, 3, 3 
28431, 3, 3 
5542, 3, 3 
50260, 3, 3 
34333, 3, 3 
24610, 3, 3 
6416, 3, 3 
12214, 3, 3 
6762, 3, 3 
26140, 3, 3 
1341, 3, 3 
25331, 3, 3 
45878, 3, 3 
10206, 3, 3 
10865, 3, 3 
42423, 3, 3 
32401, 3, 3 
13516, 3, 3 
3997, 3, 3 
59229, 3, 3 
37443, 3, 3 
55334, 3, 3 
33624, 3, 3 
11285, 3, 3 
7209, 3, 3 
6651, 3, 9 
35805, 3, 3 
52679, 3, 3 
34190, 3, 3 
34023, 3, 3 
32276, 3, 3 
16291, 3, 3 
32420, 3, 3 
14535, 3, 3 
55796, 3, 3 
46681, 3, 3 
51555, 3, 3 
40490, 3, 3 
17403, 3, 3 
26505, 3, 3 
31044, 3, 3 
12063, 3, 3 
46427, 3, 3 
29642, 3, 3 
48291, 3, 3 
51217, 3, 3 
10896, 3, 3 
22567, 3, 3 
25880, 3, 3 
3684, 3, 3 
17062, 3, 3 
54028, 3, 3 
44540, 3, 3 
53846, 3, 3 
42794, 3, 3 
15701, 3, 3 
6233, 3, 3 
25996, 3, 3 
55343, 3, 3 
24735, 3, 3 
55962, 3, 3 
8663, 3, 3 
55103, 3, 3 
29670, 3, 3 
15540, 3, 3 
7675, 3, 3 
33587, 3, 3 
15186, 3, 3 
50288, 3, 3 
20697, 3, 3 
56198, 3, 3 
18939, 3, 3 
56820, 3, 3 
24446, 3, 3 
10527, 3, 3 
54248, 3, 3 
43670, 3, 3 
52281, 3, 3 
59242, 3, 3 
12392, 3, 3 
57920, 3, 3 
54402, 3, 3 
56621, 3, 3 
37795, 3, 3 
41476, 3, 3 
17354, 3, 3 
59550, 3, 3 
26744, 3, 3 
39215, 3, 3 
18549, 3, 3 
23695, 3, 3 
4328, 3, 3 
54013, 3, 3 
25266, 3, 3 
500, 3, 2 
51706, 3, 3 
59104, 3, 3 
41356, 3, 3 
40463, 3, 3 
47587, 3, 3 
12968, 3, 3 
15544, 3, 3 
29246, 3, 3 
37373, 3, 3 
56288, 3, 3 
12933, 3, 3 
58785, 3, 3 
20150, 3, 3 
12503, 3, 3 
31049, 3, 3 
49234, 3, 3 
17105, 3, 3 
55038, 3, 3 
59467, 3, 3 
37572, 3, 3 
811, 3, 3 
2207, 3, 3 
58812, 3, 3 
405, 3, 3 
48426, 3, 3 
43759, 3, 3 
48498, 3, 3 
7982, 3, 3 
20941, 3, 3 
53554, 3, 3 
35658, 3, 3 
53182, 3, 3 
35563, 3, 3 
20249, 3, 3 
29042, 3, 3 
34058, 3, 3 
33754, 3, 3 
33908, 3, 3 
51896, 3, 3 
46900, 3, 3 
41632, 3, 3 
5588, 3, 3 
46555, 3, 3 
58678, 3, 3 
53755, 3, 3 
38116, 3, 3 
48233, 3, 3 
17997, 3, 3 
54739, 3, 3 
5919, 3, 3 
45758, 3, 3 
43235, 3, 3 
53863, 3, 3 
26284, 3, 3 
3674, 3, 3 
6317, 3, 3 
22185, 3, 3 
32209, 3, 3 
17993, 3, 3 
17710, 3, 3 
12300, 3, 3 
39312, 3, 3 
23747, 3, 3 
10779, 3, 3 
14548, 3, 3 
37368, 3, 3 
4510, 3, 3 
8635, 3, 3 
46702, 3, 3 
56067, 3, 3 
37991, 3, 3 
44456, 3, 2 
37355, 3, 3 
17274, 3, 3 
34802, 3, 7 
48302, 3, 3 
32227, 3, 3 
17699, 3, 3 
23547, 3, 3 
21610, 3, 3 
15743, 3, 3 
43758, 3, 3 
21390, 3, 3 
29391, 3, 3 
10745, 3, 3 
50300, 3, 3 
27172, 3, 3 
39941, 3, 3 
18630, 3, 3 
42469, 3, 3 
5011, 3, 3 
39124, 3, 3 
34862, 3, 3 
47605, 3, 3 
8427, 3, 3 
58874, 3, 3 
16708, 3, 3 
32284, 3, 3 
26050, 3, 3 
9638, 3, 3 
10393, 3, 3 
22032, 3, 3 
10730, 3, 3 
31065, 3, 3 
34659, 3, 3 
19834, 3, 3 
7765, 3, 3 
51230, 3, 3 
2820, 3, 3 
14080, 3, 3 
3835, 3, 3 
43962, 3, 3 
19708, 3, 3 
59334, 3, 3 
3075, 3, 3 
23730, 3, 3 
44457, 3, 3 
18915, 3, 3 
32275, 3, 3 
43280, 3, 3 
12783, 3, 3 
23225, 3, 3 
54524, 3, 3 
43064, 3, 3 
33745, 3, 3 
15842, 3, 9 
6342, 3, 3 
47426, 3, 3 
45545, 3, 3 
41143, 3, 3 
46523, 3, 3 
1130, 3, 3 
1981, 3, 3 
34351, 3, 3 
26463, 3, 3 
46639, 3, 3 
24042, 3, 3 
29398, 3, 3 
40830, 3, 3 
10676, 3, 3 
26130, 3, 3 
47620, 3, 3 
42248, 3, 3 
49157, 3, 3 
55106, 3, 3 
39231, 3, 3 
35379, 3, 3 
38086, 3, 3 
4236, 3, 3 
37889, 3, 3 
55353, 3, 3 
59930, 3, 3 
675, 3, 3 
45264, 3, 3 
30229, 3, 3 
47724, 3, 3 
17646, 3, 3 
5970, 3, 3 
53987, 3, 3 
18463, 3, 3 
59778, 3, 3 
22234, 3, 3 
48981, 3, 3 
58721, 3, 3 
53075, 3, 3 
43155, 3, 3 
16584, 3, 3 
21007, 3, 3 
26478, 3, 3 
31446, 3, 3 
38129, 3, 3 
41494, 3, 3 
13496, 3, 3 
7031, 3, 3 
6230, 3, 3 
53447, 3, 3 
16074, 3, 3 
1737, 3, 3 
24264, 3, 3 
45477, 3, 3 
21221, 3, 3 
3824, 3, 3 
45325, 4, 4 
59905, 4, 4 
48235, 4, 4 
13446, 4, 4 
5410, 4, 4 
25722, 4, 4 
44594, 4, 4 
11419, 4, 4 
51263, 4, 4 
115, 4, 4 
13132, 4, 4 
43302, 4, 4 
26858, 4, 4 
40224, 4, 4 
25925, 4, 4 
36171, 4, 4 
31235, 4, 4 
24316, 4, 4 
56856, 4, 4 
36584, 4, 4 
32101, 4, 4 
23269, 4, 4 
24340, 4, 4 
54187, 4, 4 
6323, 4, 4 
4102, 4, 4 
59543, 4, 4 
40187, 4, 4 
31984, 4, 4 
38551, 4, 4 
51482, 4, 4 
23599, 4, 4 
50510, 4, 4 
39433, 4, 4 
13868, 4, 4 
19840, 4, 4 
40919, 4, 4 
35229, 4, 4 
54718, 4, 4 
45847, 4, 4 
17774, 4, 4 
18831, 4, 4 
27776, 4, 4 
11024, 4, 4 
13520, 4, 4 
11652, 4, 4 
38906, 4, 4 
18190, 4, 4 
43737, 4, 4 
10854, 4, 4 
53655, 4, 4 
2449, 4, 4 
49700, 4, 4 
35989, 4, 4 
29638, 4, 4 
37731, 4, 4 
43881, 4, 4 
41964, 4, 4 
24822, 4, 4 
44990, 4, 4 
6127, 4, 4 
52756, 4, 4 
20897, 4, 4 
53912, 4, 4 
46777, 4, 4 
48068, 4, 4 
5960, 4, 4 
10462, 4, 4 
37485, 4, 4 
23648, 4, 4 
36428, 4, 4 
53902, 4, 4 
41625, 4, 4 
37945, 4, 4 
7333, 4, 4 
52087, 4, 4 
8370, 4, 4 
12194, 4, 4 
9172, 4, 4 
14957, 4, 4 
35673, 4, 4 
39563, 4, 4 
16542, 4, 4 
40846, 4, 4 
4829, 4, 4 
47823, 4, 4 
37128, 4, 4 
26246, 4, 4 
9108, 4, 4 
41923, 4, 4 
30683, 4, 4 
43531, 4, 4 
29606, 4, 4 
36675, 4, 4 
36286, 4, 4 
24980, 4, 4 
9536, 4, 4 
51325, 4, 4 
17412, 4, 4 
1232, 4, 4 
6778, 4, 4 
19952, 4, 4 
27612, 4, 4 
59335, 4, 4 
55641, 4, 4 
26249, 4, 4 
38132, 4, 4 
7166, 4, 4 
39558, 4, 4 
25333, 4, 4 
27824, 4, 4 
22456, 4, 4 
31285, 4, 4 
34465, 4, 4 
26864, 4, 9 
58101, 4, 4 
12418, 4, 4 
21992, 4, 4 
25791, 4, 4 
51939, 4, 4 
49646, 4, 4 
54777, 4, 4 
25488, 4, 4 
51449, 4, 4 
36336, 4, 4 
59465, 4, 4 
36664, 4, 4 
37800, 4, 4 
48288, 4, 9 
58847, 4, 4 
33630, 4, 4 
3351, 4, 4 
54960, 4, 4 
2647, 4, 4 
6189, 4, 4 
4782, 4, 4 
43156, 4, 4 
43278, 4, 4 
29739, 4, 4 
33650, 4, 4 
23692, 4, 4 
48646, 4, 4 
31872, 4, 4 
54729, 4, 4 
49753, 4, 4 
42742, 4, 4 
59708, 4, 4 
7637, 4, 4 
14652, 4, 4 
16464, 4, 4 
18604, 4, 4 
24169, 4, 4 
9667, 4, 4 
58018, 4, 4 
28806, 4, 4 
40593, 4, 4 
31660, 4, 4 
46234, 4, 4 
26334, 4, 4 
20665, 4, 4 
34809, 4, 4 
30933, 4, 4 
48754, 4, 4 
142, 4, 4 
56802, 4, 4 
1373, 4, 4 
48936, 4, 4 
35780, 4, 4 
44356, 4, 4 
5623, 4, 4 
11658, 4, 4 
15184, 4, 4 
3018, 4, 4 
24493, 4, 4 
32126, 4, 4 
7883, 4, 4 
2222, 4, 4 
49920, 4, 4 
34572, 4, 4 
28008, 4, 4 
55004, 4, 4 
5755, 4, 4 
8695, 4, 4 
717, 4, 4 
50699, 4, 4 
33359, 4, 4 
27948, 4, 4 
37546, 4, 9 
29258, 4, 4 
20293, 4, 4 
37492, 4, 4 
7502, 4, 4 
18202, 4, 4 
39886, 4, 4 
20069, 4, 4 
59727, 4, 4 
42167, 4, 4 
59951, 4, 4 
21951, 4, 4 
3761, 4, 4 
50737, 4, 4 
29683, 4, 4 
22774, 4, 4 
3686, 4, 4 
12291, 4, 4 
28022, 4, 4 
16387, 4, 4 
20337, 4, 4 
52457, 4, 4 
17390, 4, 4 
9984, 4, 4 
2031, 4, 4 
50981, 4, 4 
54455, 4, 4 
31632, 4, 4 
13125, 4, 4 
3399, 4, 4 
37815, 4, 4 
6955, 4, 4 
25490, 4, 4 
43929, 4, 4 
32802, 4, 4 
31552, 4, 4 
36228, 4, 4 
25279, 4, 4 
55339, 4, 4 
55418, 4, 4 
24734, 4, 4 
30327, 4, 4 
22614, 4, 4 
7723, 4, 4 
23484, 4, 4 
7751, 4, 4 
51926, 4, 4 
20995, 4, 4 
28948, 4, 4 
48876, 4, 4 
7804, 4, 4 
438, 4, 4 
29063, 4, 4 
36025, 4, 4 
40946, 4, 4 
45095, 4, 4 
52377, 4, 4 
12755, 4, 4 
19810, 4, 4 
22970, 4, 4 
19608, 4, 4 
44137, 4, 4 
53495, 4, 4 
25396, 4, 4 
35583, 4, 4 
32669, 4, 4 
31036, 4, 4 
12316, 4, 4 
13068, 4, 4 
3828, 4, 4 
55282, 4, 4 
1537, 4, 4 
22818, 4, 4 
15622, 4, 4 
55676, 4, 4 
59063, 4, 4 
21134, 4, 4 
46691, 4, 4 
16571, 4, 4 
22580, 4, 4 
7573, 4, 4 
38428, 4, 4 
27196, 4, 4 
24298, 4, 4 
7705, 4, 4 
2416, 4, 4 
51135, 4, 4 
25826, 4, 4 
49325, 4, 4 
41075, 4, 4 
13418, 4, 4 
5863, 4, 4 
39943, 4, 4 
57835, 4, 4 
51593, 4, 4 
22572, 4, 4 
54410, 4, 4 
49843, 4, 4 
13541, 4, 4 
15310, 4, 4 
8570, 4, 4 
25292, 4, 4 
22064, 4, 4 
31051, 4, 4 
27097, 4, 4 
3100, 4, 4 
31858, 4, 4 
49155, 4, 4 
8996, 4, 4 
11463, 4, 4 
52566, 4, 4 
43858, 4, 4 
35626, 4, 4 
38957, 4, 4 
17590, 4, 4 
18601, 4, 4 
34991, 4, 4 
6879, 4, 9 
33991, 4, 4 
53898, 4, 4 
26465, 4, 4 
46402, 4, 4 
56646, 4, 4 
6729, 4, 4 
34947, 4, 4 
44791, 4, 4 
13350, 4, 4 
3862, 4, 4 
47318, 4, 4 
55024, 4, 4 
27272, 4, 4 
24472, 4, 4 
48252, 4, 4 
41977, 4, 4 
33415, 4, 4 
41173, 4, 4 
34043, 4, 4 
52293, 4, 4 
16605, 4, 4 
14326, 4, 4 
59551, 4, 4 
49940, 4, 4 
48496, 4, 4 
25644, 4, 4 
44885, 4, 4 
56406, 4, 4 
58225, 4, 4 
7965, 4, 4 
48020, 4, 4 
4593, 4, 4 
51018, 4, 4 
13069, 4, 4 
2753, 4, 4 
34709, 4, 4 
9513, 4, 4 
45827, 4, 4 
10269, 4, 4 
11323, 4, 4 
12795, 4, 4 
55181, 4, 4 
58300, 4, 4 
24669, 4, 4 
23409, 4, 4 
28363, 4, 4 
4205, 4, 4 
372, 4, 4 
39730, 4, 4 
17218, 4, 4 
49881, 4, 4 
26564, 4, 4 
59047, 4, 4 
11764, 4, 4 
2963, 4, 4 
23904, 4, 4 
20496, 4, 4 
58231, 4, 4 
2072, 4, 4 
33833, 4, 4 
11861, 4, 4 
56173, 4, 4 
45916, 4, 4 
56142, 4, 4 
10724, 4, 4 
55776, 4, 4 
31885, 4, 4 
40267, 4, 4 
36226, 4, 4 
24109, 4, 4 
57422, 4, 4 
33702, 4, 4 
52343, 4, 4 
13367, 4, 4 
50267, 4, 4 
6890, 4, 4 
9461, 4, 4 
55053, 4, 4 
44581, 4, 4 
17870, 4, 4 
7551, 4, 4 
8737, 4, 4 
53093, 4, 4 
36342, 4, 4 
22974, 4, 4 
46993, 4, 4 
56319, 4, 4 
38872, 4, 4 
52246, 4, 4 
51723, 4, 4 
52024, 4, 4 
7280, 4, 4 
29854, 4, 4 
23274, 4, 4 
44352, 4, 4 
46939, 4, 4 
25971, 4, 4 
37884, 4, 4 
30536, 4, 4 
51350, 4, 4 
24018, 4, 4 
50005, 4, 4 
9337, 4, 4 
36466, 4, 4 
20098, 4, 4 
8317, 4, 4 
14206, 4, 4 
32037, 4, 4 
29690, 4, 4 
12935, 4, 4 
15615, 4, 4 
13942, 4, 4 
16818, 4, 4 
11916, 4, 4 
55538, 4, 4 
31951, 4, 4 
41079, 4, 4 
51694, 4, 4 
50432, 4, 4 
43112, 4, 4 
2665, 4, 4 
50653, 4, 4 
54769, 4, 4 
44264, 4, 4 
5032, 4, 4 
32186, 4, 4 
25760, 4, 4 
57637, 4, 4 
12581, 4, 4 
56183, 4, 4 
38973, 4, 4 
25662, 4, 4 
27473, 4, 4 
33900, 4, 4 
39182, 4, 4 
16180, 4, 4 
4633, 4, 4 
49078, 4, 4 
5122, 4, 4 
4952, 4, 4 
55577, 4, 4 
48487, 4, 4 
39875, 4, 4 
8560, 4, 4 
28159, 4, 4 
55860, 4, 4 
46022, 4, 4 
39514, 4, 4 
44960, 4, 4 
53631, 4, 4 
6193, 4, 4 
27584, 4, 4 
29588, 4, 6 
36632, 4, 4 
48056, 4, 4 
17944, 4, 4 
18717, 4, 4 
40392, 4, 4 
36073, 4, 4 
34752, 4, 4 
57845, 4, 4 
43835, 4, 4 
29196, 4, 4 
7657, 4, 4 
39522, 4, 4 
4721, 4, 4 
55490, 4, 4 
57370, 4, 4 
19564, 4, 4 
34550, 4, 4 
31777, 4, 4 
27494, 4, 4 
26725, 4, 4 
48535, 4, 4 
46677, 4, 4 
10607, 4, 4 
37447, 4, 4 
27809, 4, 4 
38601, 4, 4 
27575, 4, 4 
8466, 4, 4 
59614, 4, 4 
45173, 4, 4 
3088, 4, 4 
4195, 4, 4 
20236, 4, 4 
28518, 4, 4 
21797, 4, 4 
59357, 4, 4 
24590, 4, 4 
24637, 4, 4 
46711, 4, 4 
50164, 4, 4 
12384, 4, 4 
33711, 4, 4 
27291, 5, 5 
36722, 5, 5 
12638, 5, 5 
21677, 5, 5 
16063, 5, 5 
3384, 5, 5 
59022, 5, 5 
23923, 5, 5 
53675, 5, 5 
51392, 5, 5 
19920, 5, 5 
4290, 5, 5 
2000, 5, 5 
25508, 5, 5 
32711, 5, 5 
5254, 5, 5 
53063, 5, 5 
15781, 5, 5 
16295, 5, 5 
21806, 5, 5 
56371, 5, 5 
10370, 5, 5 
18925, 5, 5 
39831, 5, 5 
12181, 5, 5 
26034, 5, 5 
20006, 5, 5 
31590, 5, 5 
49316, 5, 5 
25832, 5, 5 
25066, 5, 5 
6374, 5, 5 
25295, 5, 5 
27996, 5, 5 
43021, 5, 5 
12476, 5, 5 
32134, 5, 5 
2690, 5, 5 
32040, 5, 5 
57124, 5, 5 
6929, 5, 5 
57497, 5, 5 
24910, 5, 5 
25080, 5, 5 
44152, 5, 5 
44215, 5, 5 
48374, 5, 5 
51234, 5, 5 
5678, 5, 5 
34021, 5, 5 
58375, 5, 5 
17567, 5, 5 
4309, 5, 5 
36918, 5, 5 
53942, 5, 5 
40535, 5, 5 
19207, 5, 5 
2916, 5, 5 
51775, 5, 5 
16646, 5, 5 
31615, 5, 5 
57566, 5, 5 
59234, 5, 5 
33674, 5, 5 
11182, 5, 5 
58740, 5, 5 
55734, 5, 5 
31346, 5, 5 
17920, 5, 5 
24043, 5, 5 
32533, 5, 5 
9801, 5, 5 
24232, 5, 5 
16213, 5, 5 
14887, 5, 5 
10939, 5, 5 
46635, 5, 5 
27043, 5, 5 
23836, 5, 5 
2968, 5, 5 
54659, 5, 5 
57293, 5, 5 
7900, 5, 5 
53352, 5, 5 
2211, 5, 5 
9111, 5, 5 
50570, 5, 5 
16380, 5, 5 
13747, 5, 5 
7276, 5, 5 
14894, 5, 5 
15661, 5, 5 
55965, 5, 5 
29307, 5, 5 
16092, 5, 5 
15126, 5, 5 
36639, 5, 5 
28579, 5, 5 
3275, 5, 5 
699, 5, 5 
52057, 5, 5 
59790, 5, 5 
41498, 5, 5 
44869, 5, 5 
53695, 5, 5 
12358, 5, 5 
40290, 5, 5 
26787, 5, 5 
33267, 5, 5 
30853, 5, 5 
33972, 5, 5 
25315, 5, 5 
37842, 5, 5 
4666, 5, 5 
1670, 5, 5 
13182, 5, 5 
53538, 5, 5 
57013, 5, 5 
54491, 5, 5 
33617, 5, 5 
23226, 5, 5 
39176, 5, 5 
47768, 5, 5 
1089, 5, 5 
56720, 5, 5 
5776, 5, 5 
46203, 5, 5 
42387, 5, 5 
4247, 5, 5 
53024, 5, 5 
10386, 5, 5 
44821, 5, 5 
1810, 5, 5 
25603, 5, 5 
30132, 5, 5 
55396, 5, 5 
35567, 5, 5 
43506, 5, 5 
55823, 5, 5 
59096, 5, 5 
6151, 5, 5 
56786, 5, 5 
7989, 5, 5 
31418, 5, 5 
12210, 5, 5 
42543, 5, 5 
27594, 5, 5 
36437, 5, 5 
32198, 5, 5 
19236, 5, 5 
41208, 5, 5 
14672, 5, 5 
40518, 5, 5 
48865, 5, 5 
42940, 5, 5 
26607, 5, 5 
15398, 5, 5 
43056, 5, 5 
49728, 5, 5 
29842, 5, 5 
53590, 5, 5 
19529, 5, 5 
57231, 5, 5 
41548, 5, 5 
1433, 5, 5 
30216, 5, 5 
46895, 5, 5 
40350, 5, 5 
7323, 5, 5 
56013, 5, 5 
28846, 5, 5 
23947, 5, 5 
12821, 5, 5 
554, 5, 5 
19585, 5, 5 
54202, 5, 5 
24519, 5, 5 
5737, 5, 5 
20109, 5, 5 
18431, 5, 5 
7917, 5, 5 
25468, 5, 5 
28116, 5, 5 
29892, 5, 5 
24778, 5, 5 
38843, 5, 5 
13505, 5, 5 
40567, 5, 5 
1847, 5, 5 
44736, 5, 5 
50173, 5, 5 
25580, 5, 5 
25738, 5, 5 
46448, 5, 5 
34984, 5, 5 
5603, 5, 5 
13237, 5, 5 
48369, 5, 5 
29316, 5, 5 
34411, 5, 5 
59406, 5, 5 
24683, 5, 5 
25457, 5, 5 
12689, 5, 5 
48440, 5, 5 
2780, 5, 5 
9919, 5, 5 
4845, 5, 5 
43772, 5, 5 
1691, 5, 5 
34913, 5, 5 
16164, 5, 5 
57510, 5, 5 
34581, 5, 5 
48567, 5, 5 
20890, 5, 5 
46369, 5, 5 
26913, 5, 5 
35041, 5, 5 
19551, 5, 5 
50881, 5, 9 
33138, 5, 5 
12695, 5, 5 
57182, 5, 5 
21139, 5, 5 
45344, 5, 5 
53054, 5, 5 
14376, 5, 5 
5668, 5, 5 
17544, 5, 5 
10622, 5, 5 
19741, 5, 5 
40761, 5, 5 
32684, 5, 5 
54528, 5, 5 
10451, 5, 5 
41938, 5, 5 
46102, 5, 5 
11305, 5, 5 
19318, 5, 5 
43587, 5, 5 
8676, 5, 5 
29006, 5, 5 
5984, 5, 5 
39881, 5, 5 
27000, 5, 5 
35228, 5, 5 
59430, 5, 5 
27255, 5, 5 
51659, 5, 5 
38345, 5, 5 
32915, 5, 5 
43432, 5, 5 
37817, 5, 5 
56999, 5, 5 
20528, 5, 5 
947, 5, 5 
6363, 5, 5 
32290, 5, 5 
10598, 5, 5 
22720, 5, 5 
17366, 5, 5 
26290, 5, 5 
20017, 5, 5 
39745, 5, 5 
14389, 5, 5 
47661, 5, 5 
49611, 5, 5 
53296, 5, 5 
52769, 5, 5 
14100, 5, 5 
45222, 5, 5 
8819, 5, 5 
55739, 5, 2 
31253, 5, 5 
48564, 5, 5 
19319, 5, 5 
8209, 5, 5 
34727, 5, 5 
18719, 5, 5 
1467, 5, 5 
23377, 5, 5 
27079, 5, 5 
15655, 5, 5 
7457, 5, 5 
4194, 5, 5 
2868, 5, 5 
47039, 5, 5 
41523, 5, 5 
15140, 5, 5 
18151, 5, 5 
13958, 5, 5 
28899, 5, 5 
9384, 5, 5 
3141, 5, 5 
45591, 5, 5 
20171, 5, 5 
3864, 5, 5 
35903, 5, 5 
56054, 5, 5 
16862, 5, 5 
13633, 5, 5 
59563, 5, 5 
42221, 5, 5 
28732, 5, 5 
47856, 5, 5 
49785, 5, 5 
45052, 5, 5 
38553, 5, 5 
3705, 5, 5 
27954, 5, 5 
25192, 5, 5 
31756, 5, 5 
10822, 5, 5 
52608, 5, 5 
56935, 5, 5 
42889, 5, 5 
10538, 5, 5 
5872, 5, 5 
36756, 5, 5 
30676, 5, 5 
59358, 5, 5 
1222, 5, 5 
5685, 5, 5 
38612, 5, 5 
10777, 5, 5 
20185, 5, 5 
36193, 5, 5 
53978, 5, 5 
19279, 5, 5 
21850, 5, 5 
26286, 5, 5 
19973, 5, 5 
65, 5, 5 
19944, 5, 5 
39424, 5, 5 
50592, 5, 5 
57088, 5, 5 
29940, 5, 5 
17118, 5, 5 
41522, 5, 5 
27317, 5, 5 
55804, 5, 5 
44665, 5, 5 
22380, 5, 5 
13078, 5, 5 
10877, 5, 5 
16784, 5, 5 
27499, 5, 5 
21914, 5, 5 
21754, 5, 5 
50895, 5, 5 
6407, 5, 5 
14078, 5, 5 
7907, 5, 5 
6936, 5, 5 
17239, 5, 5 
14670, 5, 5 
1961, 5, 5 
49334, 5, 5 
3860, 5, 5 
39858, 5, 5 
37680, 5, 5 
18782, 5, 5 
11966, 5, 5 
23938, 5, 5 
5742, 5, 5 
56468, 5, 5 
15041, 5, 5 
15778, 5, 5 
15732, 5, 5 
19301, 5, 5 
46990, 5, 5 
27288, 5, 5 
543, 5, 5 
2713, 5, 5 
18005, 5, 5 
34858, 5, 5 
43540, 5, 5 
34932, 5, 5 
20266, 5, 5 
51553, 5, 5 
29781, 5, 5 
11260, 5, 5 
18553, 5, 5 
36126, 5, 5 
9607, 5, 5 
22599, 5, 5 
39280, 5, 5 
9419, 5, 5 
40840, 5, 5 
26995, 5, 5 
1340, 5, 5 
18639, 5, 5 
7073, 5, 5 
57837, 5, 5 
8519, 5, 5 
17264, 5, 5 
34720, 5, 5 
27471, 5, 5 
58731, 5, 5 
55591, 5, 5 
28637, 5, 5 
41808, 5, 5 
13988, 5, 5 
41152, 5, 5 
34841, 5, 5 
59311, 5, 5 
768, 5, 5 
17558, 5, 5 
27941, 5, 5 
2395, 5, 5 
48230, 5, 5 
39120, 5, 5 
40144, 5, 5 
44733, 5, 5 
7448, 5, 5 
25144, 5, 5 
47077, 5, 5 
27310, 5, 5 
51278, 5, 5 
13783, 5, 5 
12733, 5, 5 
39671, 5, 5 
7592, 5, 5 
6513, 5, 5 
7546, 5, 5 
37590, 5, 5 
27699, 5, 5 
41815, 5, 5 
1311, 5, 5 
36289, 5, 5 
21810, 5, 5 
8734, 5, 5 
8056, 5, 5 
9652, 5, 5 
13517, 5, 5 
19980, 5, 5 
14006, 5, 5 
44634, 5, 5 
24402, 5, 5 
12146, 5, 5 
15378, 5, 5 
3401, 5, 5 
32699, 5, 5 
18347, 5, 5 
45155, 5, 5 
28080, 5, 5 
29329, 5, 5 
37584, 5, 5 
44662, 5, 5 
47848, 5, 5 
38830, 5, 5 
8339, 5, 5 
23065, 5, 5 
20093, 5, 5 
30402, 5, 5 
24792, 5, 5 
9738, 5, 5 
23633, 5, 5 
37414, 5, 5 
13394, 5, 5 
15136, 5, 5 
8668, 5, 5 
36454, 5, 5 
53410, 5, 5 
53795, 5, 5 
56838, 5, 5 
11806, 5, 5 
13551, 5, 5 
8426, 5, 5 
28376, 5, 5 
19578, 5, 5 
33216, 5, 5 
41759, 5, 5 
32322, 5, 5 
26648, 5, 5 
40172, 5, 5 
6868, 5, 5 
50060, 5, 5 
51762, 5, 5 
14150, 5, 5 
44055, 5, 5 
26062, 5, 5 
19497, 5, 5 
43454, 5, 3 
52686, 5, 5 
44706, 5, 5 
59349, 5, 5 
55643, 5, 5 
49360, 5, 5 
6646, 5, 5 
44845, 5, 5 
59525, 5, 5 
56038, 5, 5 
27877, 5, 5 
44564, 5, 5 
56314, 5, 5 
1817, 5, 5 
20374, 5, 5 
41047, 6, 6 
26977, 6, 6 
49139, 6, 6 
47562, 6, 6 
623, 6, 6 
52534, 6, 6 
19532, 6, 6 
27249, 6, 6 
41508, 6, 6 
3993, 6, 6 
25435, 6, 6 
42335, 6, 6 
5218, 6, 6 
1504, 6, 6 
27134, 6, 6 
30563, 6, 6 
55975, 6, 6 
35664, 6, 6 
8140, 6, 6 
32866, 6, 6 
23654, 6, 6 
10234, 6, 6 
7718, 6, 6 
36702, 6, 6 
59132, 6, 6 
2061, 6, 6 
38390, 6, 6 
36267, 6, 6 
10917, 6, 6 
7341, 6, 6 
24934, 6, 6 
29583, 6, 6 
53981, 6, 6 
10913, 6, 6 
1768, 6, 6 
16896, 6, 6 
52912, 6, 6 
16207, 6, 6 
10617, 6, 6 
1671, 6, 6 
41874, 6, 6 
2387, 6, 6 
11183, 6, 6 
28807, 6, 6 
28847, 6, 6 
37888, 6, 6 
21599, 6, 6 
13101, 6, 6 
23415, 6, 6 
51232, 6, 6 
28639, 6, 6 
42370, 6, 6 
44498, 6, 6 
32889, 6, 6 
53677, 6, 6 
59873, 6, 6 
8206, 6, 6 
43592, 6, 6 
11427, 6, 6 
22422, 6, 6 
34624, 6, 6 
958, 6, 6 
1435, 6, 6 
41666, 6, 6 
47687, 6, 6 
11140, 6, 6 
47761, 6, 6 
6767, 6, 6 
36305, 6, 6 
17788, 6, 6 
15025, 6, 6 
30576, 6, 6 
3629, 6, 6 
39205, 6, 6 
31147, 6, 6 
47497, 6, 6 
55904, 6, 6 
56210, 6, 6 
39043, 6, 6 
53578, 6, 5 
51570, 6, 6 
27642, 6, 6 
19970, 6, 6 
25165, 6, 6 
23766, 6, 6 
49405, 6, 6 
45262, 6, 6 
20733, 6, 6 
14783, 6, 6 
44879, 6, 6 
57891, 6, 6 
41889, 6, 6 
58488, 6, 6 
57419, 6, 6 
25405, 6, 6 
57783, 6, 6 
47574, 6, 6 
23073, 6, 6 
52380, 6, 6 
5274, 6, 6 
12905, 6, 6 
37003, 6, 6 
39164, 6, 6 
25098, 6, 6 
49293, 6, 6 
59673, 6, 6 
37666, 6, 6 
6963, 6, 6 
14072, 6, 6 
9113, 6, 6 
38032, 6, 6 
26677, 6, 6 
51953, 6, 6 
44070, 6, 6 
11871, 6, 6 
39632, 6, 6 
1020, 6, 6 
19762, 6, 6 
4221, 6, 6 
46003, 6, 6 
26940, 6, 6 
31040, 6, 6 
1466, 6, 6 
49910, 6, 6 
52212, 6, 6 
6473, 6, 6 
221, 6, 6 
5260, 6, 6 
51620, 6, 6 
56809, 6, 6 
50635, 6, 6 
45986, 6, 6 
20806, 6, 6 
39112, 6, 6 
16963, 6, 6 
26934, 6, 6 
57791, 6, 6 
18403, 6, 6 
27905, 6, 6 
50670, 6, 6 
73, 6, 6 
56421, 6, 6 
38393, 6, 6 
55475, 6, 6 
6388, 6, 6 
20324, 6, 6 
35601, 6, 6 
58869, 6, 6 
27796, 6, 6 
49847, 6, 6 
14921, 6, 6 
3736, 6, 6 
55134, 6, 6 
11972, 6, 6 
9967, 6, 6 
51485, 6, 6 
42856, 6, 6 
49517, 6, 6 
13964, 6, 6 
46704, 6, 6 
21728, 6, 6 
25769, 6, 6 
55168, 6, 6 
59161, 6, 6 
37228, 6, 6 
7559, 6, 6 
9917, 6, 6 
52049, 6, 6 
54602, 6, 6 
19293, 6, 6 
34488, 6, 6 
40757, 6, 6 
19274, 6, 6 
38190, 6, 6 
44571, 6, 6 
12673, 6, 6 
24687, 6, 6 
11610, 6, 6 
35968, 6, 6 
14889, 6, 6 
21128, 6, 6 
19272, 6, 6 
55483, 6, 6 
45324, 6, 6 
53557, 6, 6 
28216, 6, 6 
46471, 6, 6 
32754, 6, 6 
17075, 6, 6 
14232, 6, 6 
21675, 6, 6 
8981, 6, 6 
33548, 6, 6 
32569, 6, 6 
52678, 6, 6 
33604, 6, 6 
57529, 6, 6 
40019, 6, 6 
36254, 6, 6 
51528, 6, 6 
16102, 6, 6 
54068, 6, 6 
11699, 6, 6 
38327, 6, 6 
20253, 6, 6 
165, 6, 6 
47705, 6, 6 
5141, 6, 6 
41890, 6, 6 
16957, 6, 6 
49449, 6, 6 
19799, 6, 6 
3449, 6, 6 
54788, 6, 6 
45839, 6, 6 
4980, 6, 6 
25684, 6, 6 
46665, 6, 6 
14473, 6, 6 
3808, 6, 6 
34628, 6, 6 
498, 6, 6 
35318, 6, 6 
29620, 6, 6 
45447, 6, 6 
8908, 6, 6 
13772, 6, 6 
46521, 6, 6 
37231, 6, 6 
10833, 6, 6 
1041, 6, 6 
13147, 6, 6 
50122, 6, 6 
36417, 6, 6 
16188, 6, 6 
13210, 6, 6 
38961, 6, 6 
15961, 6, 6 
45104, 6, 6 
30882, 6, 6 
45881, 6, 6 
35588, 6, 6 
39583, 6, 6 
47018, 6, 6 
18772, 6, 6 
34247, 6, 6 
2644, 6, 6 
35158, 6, 6 
7202, 6, 6 
57514, 6, 6 
13067, 6, 6 
32113, 6, 6 
29537, 6, 6 
10697, 6, 6 
32932, 6, 6 
2372, 6, 6 
19563, 6, 6 
26716, 6, 6 
54370, 6, 6 
32624, 6, 6 
20555, 6, 6 
42489, 6, 6 
15257, 6, 6 
16668, 6, 6 
2680, 6, 6 
17249, 6, 6 
939, 6, 6 
35034, 6, 6 
256, 6, 6 
7298, 6, 6 
31754, 6, 6 
3268, 6, 6 
44809, 6, 6 
33588, 6, 6 
40191, 6, 6 
9233, 6, 6 
31626, 6, 6 
13595, 6, 6 
47824, 6, 6 
4724, 6, 6 
26071, 6, 6 
21291, 6, 6 
15951, 6, 6 
48692, 6, 6 
46390, 6, 6 
10725, 6, 6 
26252, 6, 6 
9700, 6, 6 
24074, 6, 6 
1990, 6, 6 
20744, 6, 6 
23958, 6, 6 
47277, 6, 6 
506, 6, 6 
49484, 6, 6 
44114, 6, 6 
49401, 6, 6 
19984, 6, 6 
45949, 6, 6 
12283, 6, 6 
36903, 6, 6 
37931, 6, 6 
24523, 6, 6 
29872, 6, 6 
13085, 6, 6 
14721, 6, 6 
48086, 6, 6 
27019, 6, 6 
8929, 6, 6 
7102, 6, 6 
52150, 6, 6 
28152, 6, 6 
36636, 6, 6 
30744, 6, 6 
3873, 6, 6 
45771, 6, 6 
18904, 6, 6 
11589, 6, 6 
3127, 6, 6 
15404, 6, 6 
25742, 6, 6 
37905, 6, 6 
30632, 6, 6 
5996, 6, 6 
13011, 6, 6 
28680, 6, 6 
1553, 6, 6 
10032, 6, 6 
48760, 6, 6 
34003, 6, 6 
3366, 6, 6 
37071, 6, 6 
28549, 6, 6 
10910, 6, 6 
39394, 6, 6 
41963, 6, 6 
21821, 6, 6 
22449, 6, 6 
56115, 6, 6 
15957, 6, 6 
18821, 6, 6 
2311, 6, 6 
51179, 6, 6 
9389, 6, 6 
23774, 6, 6 
55420, 6, 6 
5837, 6, 6 
33032, 6, 6 
9645, 6, 6 
55760, 6, 6 
20489, 6, 6 
54206, 6, 6 
28039, 6, 6 
13389, 6, 6 
54802, 6, 6 
58605, 6, 6 
14784, 6, 6 
49593, 6, 6 
48319, 6, 6 
24395, 6, 6 
41408, 6, 6 
41167, 6, 6 
1493, 6, 6 
4905, 6, 6 
32803, 6, 6 
24486, 6, 6 
15459, 6, 6 
53197, 6, 6 
2789, 6, 6 
17982, 6, 6 
20353, 6, 6 
2992, 6, 6 
54717, 6, 6 
44255, 6, 6 
49828, 6, 6 
51475, 6, 6 
973, 6, 6 
28333, 6, 6 
14377, 6, 6 
9497, 6, 6 
48907, 6, 6 
3485, 6, 6 
36232, 6, 6 
21081, 6, 6 
2262, 6, 6 
41400, 6, 6 
25673, 6, 6 
32345, 6, 6 
28711, 6, 6 
6266, 6, 6 
42869, 6, 6 
39987, 6, 6 
5070, 6, 6 
28733, 6, 6 
11386, 6, 6 
48433, 6, 6 
11731, 6, 6 
5485, 6, 6 
57226, 6, 6 
34546, 6, 6 
57959, 6, 6 
1886, 6, 6 
12220, 6, 6 
44649, 6, 6 
34827, 6, 6 
24214, 6, 6 
15159, 6, 6 
33056, 6, 6 
55616, 6, 6 
16056, 6, 6 
55713, 6, 6 
17528, 6, 6 
11680, 6, 6 
47084, 6, 6 
39630, 6, 6 
54641, 6, 6 
57075, 6, 6 
38754, 6, 6 
52640, 6, 6 
30685, 6, 6 
47792, 6, 6 
59125, 6, 6 
39154, 6, 6 
31672, 6, 6 
46524, 6, 6 
44843, 6, 6 
23963, 6, 6 
50941, 6, 6 
58050, 6, 6 
10344, 6, 6 
45552, 6, 6 
55057, 6, 6 
62, 6, 6 
11551, 6, 6 
41346, 6, 6 
42785, 6, 6 
48823, 6, 6 
29295, 6, 6 
46750, 6, 6 
28591, 6, 6 
5826, 6, 6 
53416, 6, 6 
42921, 6, 6 
53929, 6, 6 
22872, 6, 6 
25076, 6, 6 
7867, 6, 6 
52685, 6, 6 
10275, 6, 6 
59302, 6, 6 
46411, 6, 6 
10135, 6, 6 
31464, 6, 6 
3109, 6, 6 
5634, 6, 6 
19624, 6, 6 
26884, 6, 6 
13709, 6, 6 
15641, 6, 6 
40010, 6, 6 
59145, 6, 6 
33975, 6, 6 
13881, 6, 6 
55977, 6, 6 
6343, 6, 6 
40176, 6, 6 
22298, 6, 6 
59324, 6, 6 
23626, 6, 6 
14487, 6, 6 
22258, 6, 6 
592, 6, 6 
630, 6, 6 
56182, 6, 6 
55016, 6, 6 
24453, 6, 6 
46861, 6, 6 
8720, 6, 6 
55703, 6, 6 
18068, 6, 6 
6267, 6, 6 
31736, 6, 6 
9090, 6, 6 
4546, 6, 6 
45067, 6, 6 
44728, 6, 6 
30671, 6, 6 
31623, 6, 6 
2954, 6, 6 
1669, 6, 6 
18428, 6, 6 
6159, 6, 6 
9765, 6, 6 
52053, 6, 6 
52502, 6, 6 
37621, 6, 6 
19562, 6, 6 
42558, 6, 6 
30995, 6, 6 
9580, 6, 6 
15081, 7, 7 
12165, 7, 7 
56034, 7, 7 
32028, 7, 7 
27054, 7, 7 
55896, 7, 7 
51636, 7, 7 
57851, 7, 7 
41088, 7, 7 
41844, 7, 7 
21459, 7, 7 
654, 7, 7 
59031, 7, 7 
32589, 7, 7 
34702, 7, 7 
13890, 7, 7 
15518, 7, 7 
18429, 7, 7 
2969, 7, 7 
13555, 7, 7 
55744, 7, 7 
47061, 7, 7 
34501, 7, 7 
30165, 7, 7 
24415, 7, 7 
49372, 7, 7 
39252, 7, 7 
37133, 7, 7 
10946, 7, 7 
1944, 7, 7 
9327, 7, 7 
42501, 7, 7 
33348, 7, 7 
45937, 7, 7 
25229, 7, 7 
18816, 7, 7 
14871, 7, 7 
28670, 7, 7 
37146, 7, 7 
55291, 7, 7 
12813, 7, 7 
54118, 7, 7 
41405, 7, 7 
9198, 7, 7 
32700, 7, 7 
45606, 7, 7 
4226, 7, 7 
4396, 7, 7 
11399, 7, 7 
2984, 7, 7 
21412, 7, 7 
19383, 7, 7 
18408, 7, 7 
59379, 7, 7 
25841, 7, 7 
38191, 7, 7 
33988, 7, 7 
24008, 7, 7 
14519, 7, 7 
54426, 7, 7 
10890, 7, 7 
37193, 7, 7 
46106, 7, 7 
13048, 7, 7 
56816, 7, 7 
48170, 7, 7 
3728, 7, 7 
17955, 7, 7 
43075, 7, 7 
43378, 7, 7 
57646, 7, 7 
43763, 7, 7 
25998, 7, 7 
57866, 7, 7 
43082, 7, 7 
13056, 7, 7 
43087, 7, 7 
148, 7, 9 
59977, 7, 7 
42733, 7, 7 
23127, 7, 7 
19978, 7, 7 
7643, 7, 7 
32099, 7, 7 
46422, 7, 7 
45020, 7, 7 
58009, 7, 7 
30664, 7, 7 
56294, 7, 7 
30313, 7, 7 
2064, 7, 7 
33234, 7, 7 
9432, 7, 7 
16949, 7, 7 
30579, 7, 7 
14360, 7, 7 
36902, 7, 7 
13534, 7, 7 
1343, 7, 7 
31085, 7, 7 
44590, 7, 7 
7605, 7, 7 
33616, 7, 7 
12391, 7, 7 
8861, 7, 7 
37068, 7, 7 
40067, 7, 7 
37922, 7, 7 
26854, 7, 7 
51650, 7, 7 
4734, 7, 7 
55086, 7, 7 
48165, 7, 7 
40712, 7, 7 
44178, 7, 7 
30713, 7, 7 
29919, 7, 7 
1023, 7, 7 
9519, 7, 7 
411, 7, 7 
35580, 7, 7 
41871, 7, 7 
11430, 7, 7 
42670, 7, 7 
57372, 7, 7 
12292, 7, 7 
21514, 7, 7 
18784, 7, 7 
23292, 7, 7 
55895, 7, 7 
2985, 7, 7 
50730, 7, 7 
18427, 7, 7 
52969, 7, 7 
38088, 7, 7 
36554, 7, 7 
31690, 7, 7 
25115, 7, 7 
15305, 7, 7 
8741, 7, 7 
28535, 7, 7 
38575, 7, 9 
25615, 7, 7 
7568, 7, 7 
21396, 7, 7 
45715, 7, 7 
54529, 7, 7 
5784, 7, 7 
30988, 7, 7 
28437, 7, 7 
12863, 7, 7 
58140, 7, 7 
31176, 7, 7 
18107, 7, 7 
14920, 7, 7 
14287, 7, 7 
52363, 7, 7 
6046, 7, 7 
20694, 7, 7 
23173, 7, 7 
58565, 7, 7 
58932, 7, 7 
52594, 7, 7 
17306, 7, 7 
44836, 7, 7 
48144, 7, 7 
15452, 7, 7 
41250, 7, 7 
55843, 7, 7 
49458, 7, 7 
26709, 7, 9 
18346, 7, 7 
50999, 7, 7 
41998, 7, 7 
56888, 7, 7 
45895, 7, 7 
14536, 7, 7 
29592, 7, 7 
39223, 7, 7 
3448, 7, 7 
46648, 7, 7 
55518, 7, 7 
58701, 7, 7 
4995, 7, 7 
3253, 7, 7 
57215, 7, 7 
27497, 7, 7 
9416, 7, 7 
59254, 7, 7 
8805, 7, 7 
17267, 7, 7 
50126, 7, 7 
30201, 7, 7 
58972, 7, 7 
55365, 7, 7 
13513, 7, 7 
26001, 7, 7 
1619, 7, 7 
47003, 7, 7 
27723, 7, 7 
1636, 7, 7 
46048, 7, 7 
44954, 7, 7 
16505, 7, 7 
101, 7, 7 
10911, 7, 7 
12185, 7, 7 
15635, 7, 7 
30166, 7, 7 
39821, 7, 7 
31792, 7, 7 
34032, 7, 7 
11294, 7, 7 
44835, 7, 7 
12772, 7, 7 
19073, 7, 7 
57996, 7, 7 
6050, 7, 7 
49212, 7, 7 
34232, 7, 7 
954, 7, 7 
32307, 7, 7 
30659, 7, 9 
3060, 7, 7 
14999, 7, 7 
23782, 7, 7 
21111, 7, 7 
36534, 7, 7 
7438, 7, 7 
10131, 7, 7 
1332, 7, 7 
43374, 7, 7 
17144, 7, 7 
58624, 7, 7 
34890, 7, 7 
44387, 7, 7 
12850, 7, 7 
44807, 7, 7 
59172, 7, 7 
23686, 7, 7 
16004, 7, 7 
46466, 7, 7 
15718, 7, 7 
36796, 7, 7 
43860, 7, 7 
17649, 7, 7 
20048, 7, 7 
18818, 7, 7 
58836, 7, 7 
25500, 7, 7 
56346, 7, 7 
52162, 7, 7 
15122, 7, 7 
14605, 7, 7 
11059, 7, 7 
56694, 7, 7 
54555, 7, 7 
35519, 7, 7 
4991, 7, 7 
16672, 7, 7 
58349, 7, 7 
26966, 7, 7 
8168, 7, 7 
3079, 7, 7 
43483, 7, 7 
45663, 7, 7 
56653, 7, 7 
45170, 7, 7 
969, 7, 7 
38269, 7, 7 
35790, 7, 7 
42064, 7, 7 
7446, 7, 7 
57063, 7, 7 
8205, 7, 7 
48102, 7, 7 
15087, 7, 7 
16700, 7, 7 
53392, 7, 7 
18616, 7, 7 
39535, 7, 7 
42798, 7, 7 
57792, 7, 7 
44322, 7, 7 
56030, 7, 7 
22167, 7, 7 
15939, 7, 7 
35636, 7, 7 
43470, 7, 7 
37168, 7, 7 
44472, 7, 7 
17424, 7, 7 
52779, 7, 7 
55413, 7, 7 
10474, 7, 7 
47137, 7, 7 
37713, 7, 7 
59953, 7, 7 
8931, 7, 7 
48432, 7, 7 
5811, 7, 7 
48377, 7, 7 
46906, 7, 9 
13905, 7, 7 
16419, 7, 7 
10287, 7, 7 
49909, 7, 7 
48759, 7, 7 
25058, 7, 7 
24670, 7, 7 
12390, 7, 7 
43802, 7, 7 
41113, 7, 7 
30008, 7, 7 
27706, 7, 7 
38117, 7, 7 
47242, 7, 7 
12208, 7, 7 
37537, 7, 7 
27542, 7, 7 
34939, 7, 7 
36859, 7, 7 
50351, 7, 7 
32416, 7, 7 
15260, 7, 7 
51353, 7, 7 
40170, 7, 7 
54731, 7, 7 
4876, 7, 7 
1125, 7, 7 
24705, 7, 7 
58848, 7, 7 
51074, 7, 7 
41161, 7, 7 
55689, 7, 7 
23849, 7, 7 
52436, 7, 7 
44185, 7, 7 
34149, 7, 7 
35199, 7, 7 
11594, 7, 7 
23309, 7, 7 
18513, 7, 7 
10640, 7, 7 
4571, 7, 7 
26659, 7, 7 
48619, 7, 7 
20158, 7, 7 
47775, 7, 7 
49093, 7, 7 
1416, 7, 7 
14506, 7, 2 
17163, 7, 7 
6843, 7, 7 
13842, 7, 7 
5325, 7, 7 
42790, 7, 7 
13311, 7, 7 
31912, 7, 7 
23178, 7, 7 
13192, 7, 7 
22134, 7, 7 
56850, 7, 7 
599, 7, 7 
52480, 7, 7 
33356, 7, 7 
8237, 7, 7 
27059, 7, 7 
5035, 7, 7 
1946, 7, 7 
6339, 7, 7 
59845, 7, 7 
43039, 7, 7 
21758, 7, 7 
25506, 7, 7 
56983, 7, 7 
56274, 7, 7 
2102, 7, 7 
28011, 7, 7 
34516, 7, 7 
58346, 7, 7 
22955, 7, 7 
42527, 7, 7 
16264, 7, 7 
27872, 7, 7 
37971, 7, 7 
56418, 7, 7 
51885, 7, 7 
8198, 7, 7 
42202, 7, 7 
10708, 7, 7 
2766, 7, 7 
53415, 7, 7 
3538, 7, 7 
37073, 7, 7 
49806, 7, 7 
30177, 7, 7 
20549, 7, 7 
49933, 7, 7 
28270, 7, 7 
7509, 7, 7 
49891, 7, 7 
26838, 7, 7 
59424, 7, 7 
29948, 7, 7 
43178, 7, 7 
14814, 7, 7 
38723, 7, 7 
33851, 7, 7 
55467, 7, 7 
29582, 7, 7 
6064, 7, 7 
17109, 7, 7 
22420, 7, 7 
14930, 7, 7 
14983, 7, 7 
43886, 7, 7 
25639, 7, 7 
8302, 7, 7 
17483, 7, 7 
47666, 7, 7 
27635, 7, 7 
34899, 7, 7 
41630, 7, 7 
38921, 7, 7 
16710, 7, 7 
26705, 7, 7 
28421, 7, 7 
33067, 7, 7 
4452, 7, 7 
56272, 7, 7 
45570, 7, 7 
57725, 7, 7 
8214, 7, 7 
30941, 7, 7 
30286, 7, 7 
4897, 7, 7 
42976, 7, 7 
1983, 7, 7 
45680, 7, 7 
58517, 7, 7 
10893, 7, 7 
51409, 7, 7 
55374, 7, 7 
42163, 7, 7 
14307, 7, 7 
47184, 7, 7 
9716, 7, 7 
25642, 7, 7 
41362, 7, 7 
39314, 7, 7 
41313, 7, 7 
36088, 7, 7 
43163, 7, 7 
35839, 7, 7 
15019, 7, 7 
26272, 7, 7 
53719, 7, 7 
51292, 7, 7 
11349, 7, 7 
44145, 7, 7 
15792, 7, 7 
4945, 7, 7 
28520, 7, 7 
41336, 7, 7 
27722, 7, 7 
6752, 7, 7 
38034, 7, 7 
55446, 7, 7 
9214, 7, 7 
53699, 7, 7 
53302, 7, 7 
43036, 7, 7 
5347, 7, 7 
40338, 7, 7 
44787, 7, 7 
8604, 7, 7 
15106, 7, 8 
9356, 7, 7 
10337, 7, 7 
20417, 7, 7 
21651, 7, 7 
48675, 7, 7 
58528, 7, 7 
53368, 7, 7 
35731, 7, 7 
31408, 7, 7 
56160, 7, 7 
19433, 7, 7 
50721, 7, 7 
52524, 7, 7 
14777, 7, 7 
53962, 7, 7 
16041, 7, 7 
55448, 7, 7 
11716, 7, 7 
22228, 7, 7 
51971, 7, 7 
32873, 7, 7 
45492, 7, 7 
48652, 8, 8 
35120, 8, 8 
22532, 8, 8 
22261, 8, 8 
27851, 8, 8 
7328, 8, 8 
1294, 8, 8 
41901, 8, 8 
21663, 8, 8 
58239, 8, 8 
2668, 8, 8 
20535, 8, 8 
5360, 8, 8 
7908, 8, 8 
51803, 8, 8 
26153, 8, 8 
9076, 8, 8 
53782, 8, 8 
393, 8, 8 
30242, 8, 8 
24679, 8, 8 
32907, 8, 8 
6728, 8, 8 
25741, 8, 8 
37962, 8, 8 
58595, 8, 8 
51053, 8, 8 
23674, 8, 8 
44929, 8, 8 
39373, 8, 9 
56315, 8, 8 
5369, 8, 8 
38309, 8, 8 
20666, 8, 8 
13219, 8, 8 
21733, 8, 8 
23064, 8, 8 
13677, 8, 8 
32936, 8, 8 
12892, 8, 8 
14253, 8, 8 
10447, 8, 8 
54896, 8, 8 
56557, 8, 8 
26090, 8, 8 
22923, 8, 8 
13281, 8, 8 
54749, 8, 8 
48571, 8, 8 
59648, 8, 8 
43524, 8, 8 
6731, 8, 8 
18205, 8, 8 
33611, 8, 8 
46631, 8, 8 
42313, 8, 8 
30777, 8, 8 
33621, 8, 8 
31259, 8, 8 
38638, 8, 8 
16637, 8, 8 
26948, 8, 8 
17975, 8, 8 
4834, 8, 8 
27048, 8, 8 
30688, 8, 8 
57019, 8, 8 
26523, 8, 8 
20807, 8, 8 
47728, 8, 8 
50514, 8, 3 
7928, 8, 8 
21389, 8, 8 
21656, 8, 8 
20560, 8, 8 
58232, 8, 8 
48007, 8, 8 
50272, 8, 8 
42034, 8, 8 
5625, 8, 8 
8951, 8, 8 
55331, 8, 8 
16920, 8, 8 
57060, 8, 8 
6288, 8, 8 
47675, 8, 8 
4434, 8, 8 
52072, 8, 8 
20269, 8, 8 
16937, 8, 8 
24349, 8, 8 
47421, 8, 5 
6891, 8, 8 
25081, 8, 8 
3931, 8, 8 
45849, 8, 8 
57616, 8, 8 
19948, 8, 8 
57955, 8, 8 
51412, 8, 8 
20300, 8, 8 
44200, 8, 8 
59086, 8, 8 
11836, 8, 8 
23161, 8, 8 
18242, 8, 8 
52523, 8, 8 
48375, 8, 8 
17751, 8, 8 
19358, 8, 8 
37434, 8, 8 
24598, 8, 8 
52689, 8, 8 
23383, 8, 8 
28719, 8, 8 
36915, 8, 8 
1966, 8, 8 
312, 8, 8 
37479, 8, 8 
22526, 8, 8 
7441, 8, 8 
50044, 8, 8 
8213, 8, 8 
18580, 8, 8 
24130, 8, 8 
52090, 8, 8 
32046, 8, 8 
43690, 8, 8 
30985, 8, 8 
54190, 8, 8 
30026, 8, 8 
23081, 8, 8 
43242, 8, 8 
23729, 8, 8 
40629, 8, 8 
36727, 8, 8 
10398, 8, 8 
49407, 8, 8 
27278, 8, 8 
37253, 8, 8 
17743, 8, 8 
43271, 8, 8 
22557, 8, 8 
28480, 8, 8 
26273, 8, 8 
1974, 8, 8 
6506, 8, 8 
59926, 8, 8 
58776, 8, 8 
12904, 8, 8 
13017, 8, 8 
12658, 8, 8 
50283, 8, 8 
31103, 8, 8 
708, 8, 8 
8359, 8, 8 
34193, 8, 8 
23077, 8, 8 
1339, 8, 8 
31182, 8, 8 
34034, 8, 8 
50001, 8, 8 
55357, 8, 8 
23078, 8, 8 
35460, 8, 8 
37078, 8, 8 
23805, 8, 8 
15102, 8, 8 
14406, 8, 8 
53636, 8, 8 
42920, 8, 8 
26813, 8, 8 
16223, 8, 8 
55880, 8, 8 
38135, 8, 8 
1759, 8, 8 
19392, 8, 8 
24311, 8, 8 
31060, 8, 8 
12037, 8, 8 
6022, 8, 8 
43226, 8, 8 
10817, 8, 8 
54243, 8, 8 
22201, 8, 8 
37617, 8, 8 
29780, 8, 8 
58709, 8, 8 
55395, 8, 8 
56141, 8, 8 
12616, 8, 8 
2475, 8, 8 
20419, 8, 8 
16040, 8, 8 
17170, 8, 8 
46827, 8, 8 
3665, 8, 8 
25018, 8, 8 
51487, 8, 8 
28003, 8, 8 
39611, 8, 8 
53006, 8, 8 
51964, 8, 8 
45859, 8, 8 
38623, 8, 8 
59838, 8, 8 
16762, 8, 8 
12054, 8, 8 
3976, 8, 8 
16339, 8, 8 
20725, 8, 8 
37721, 8, 8 
57467, 8, 8 
57561, 8, 8 
35916, 8, 8 
40953, 8, 8 
20408, 8, 8 
6942, 8, 8 
28348, 8, 8 
28381, 8, 8 
46223, 8, 8 
54554, 8, 8 
44427, 8, 8 
33181, 8, 8 
28779, 8, 8 
32639, 8, 8 
51943, 8, 8 
30450, 8, 8 
49744, 8, 8 
16955, 8, 8 
42820, 8, 8 
45765, 8, 8 
14305, 8, 8 
52303, 8, 8 
51307, 8, 8 
36652, 8, 8 
2971, 8, 8 
1543, 8, 8 
33278, 8, 8 
42096, 8, 8 
23650, 8, 8 
52746, 8, 8 
55764, 8, 8 
20578, 8, 8 
53092, 8, 8 
3119, 8, 8 
6240, 8, 8 
46982, 8, 8 
58446, 8, 8 
23680, 8, 8 
36745, 8, 8 
20880, 8, 8 
21399, 8, 8 
33453, 8, 8 
45117, 8, 8 
54916, 8, 8 
16639, 8, 8 
41873, 8, 8 
37460, 8, 8 
52171, 8, 8 
8889, 8, 8 
38420, 8, 8 
46753, 8, 8 
25012, 8, 8 
33557, 8, 8 
31308, 8, 8 
36299, 8, 8 
17162, 8, 8 
55557, 8, 8 
40134, 8, 8 
57664, 8, 8 
13554, 8, 8 
10963, 8, 8 
16554, 8, 8 
25710, 8, 8 
16284, 8, 8 
726, 8, 8 
39135, 8, 8 
34691, 8, 8 
55852, 8, 8 
2951, 8, 8 
7218, 8, 8 
45103, 8, 8 
32926, 8, 8 
4139, 8, 8 
49677, 8, 8 
34500, 8, 8 
34738, 8, 8 
10079, 8, 8 
15626, 8, 8 
26908, 8, 8 
33820, 8, 8 
29863, 8, 8 
55256, 8, 8 
58552, 8, 8 
37032, 8, 8 
52237, 8, 8 
54569, 8, 8 
56322, 8, 8 
19557, 8, 8 
35123, 8, 8 
20657, 8, 8 
52115, 8, 8 
24344, 8, 8 
16658, 8, 1 
49634, 8, 9 
59224, 8, 8 
58893, 8, 8 
22118, 8, 8 
17358, 8, 8 
25418, 8, 8 
34870, 8, 8 
44041, 8, 8 
15707, 8, 8 
24979, 8, 8 
21384, 8, 8 
15956, 8, 8 
10515, 8, 8 
3959, 8, 8 
26583, 8, 8 
23659, 8, 8 
53854, 8, 8 
59067, 8, 8 
25731, 8, 8 
42130, 8, 8 
18689, 8, 8 
41504, 8, 8 
58969, 8, 8 
12513, 8, 8 
15724, 8, 9 
57832, 8, 8 
2400, 8, 8 
48752, 8, 8 
54047, 8, 8 
4040, 8, 8 
43609, 8, 8 
42656, 8, 8 
29877, 8, 8 
24241, 8, 8 
35237, 8, 8 
12890, 8, 8 
53865, 8, 8 
39778, 8, 8 
41947, 8, 8 
13103, 8, 8 
24654, 8, 8 
58138, 8, 8 
56647, 8, 8 
5009, 8, 8 
43299, 8, 8 
26443, 8, 8 
15691, 8, 8 
23422, 8, 8 
56952, 8, 8 
57062, 8, 8 
32636, 8, 8 
31915, 8, 8 
31706, 8, 8 
51954, 8, 8 
45298, 8, 8 
245, 8, 8 
16883, 8, 8 
23591, 8, 8 
48256, 8, 8 
25043, 8, 8 
13014, 8, 9 
38942, 8, 8 
45813, 8, 8 
30435, 8, 8 
13051, 8, 8 
27418, 8, 8 
40158, 8, 8 
24026, 8, 8 
44007, 8, 8 
47567, 8, 8 
40012, 8, 8 
8047, 8, 8 
57668, 8, 8 
3425, 8, 8 
15487, 8, 8 
35398, 8, 8 
23215, 8, 8 
6697, 8, 8 
1045, 8, 8 
37776, 8, 8 
7793, 8, 8 
41431, 8, 8 
8386, 8, 8 
30147, 8, 8 
20372, 8, 8 
32072, 8, 8 
27958, 8, 8 
29858, 8, 8 
33570, 8, 8 
32962, 8, 8 
18305, 8, 8 
4521, 8, 8 
40233, 8, 8 
333, 8, 8 
39948, 8, 8 
15919, 8, 8 
7184, 8, 8 
16880, 8, 8 
3918, 8, 8 
25582, 8, 8 
10837, 8, 8 
44616, 8, 8 
50970, 8, 8 
11108, 8, 8 
33019, 8, 8 
16579, 8, 8 
33179, 8, 8 
14648, 8, 8 
791, 8, 8 
9852, 8, 8 
9567, 8, 8 
3792, 8, 8 
38331, 8, 8 
55519, 8, 8 
50277, 8, 8 
45082, 8, 8 
44861, 8, 8 
11211, 8, 8 
53002, 8, 8 
27972, 8, 8 
34719, 8, 8 
44163, 8, 8 
16797, 8, 8 
28726, 8, 8 
31468, 8, 8 
6896, 8, 8 
56296, 8, 8 
16022, 8, 8 
37456, 8, 8 
7995, 8, 8 
5281, 8, 8 
46450, 8, 8 
50274, 8, 8 
12857, 8, 8 
58384, 8, 8 
17013, 8, 8 
27819, 8, 8 
5783, 8, 8 
27029, 8, 8 
45109, 8, 8 
1219, 8, 8 
16790, 8, 8 
19911, 8, 8 
3630, 8, 8 
8666, 8, 8 
53065, 8, 8 
54498, 8, 8 
14279, 8, 8 
59718, 8, 8 
20618, 8, 8 
14013, 8, 8 
11444, 8, 8 
29393, 8, 8 
56536, 8, 8 
10711, 8, 8 
22123, 8, 8 
50532, 8, 8 
50307, 8, 9 
23071, 8, 8 
40875, 8, 8 
53848, 8, 8 
14872, 8, 8 
8067, 8, 8 
18214, 8, 8 
44202, 8, 8 
15149, 8, 8 
3014, 8, 8 
11586, 8, 8 
46110, 8, 8 
31655, 8, 8 
37605, 8, 8 
55586, 8, 8 
10862, 8, 8 
9528, 8, 8 
28739, 8, 8 
4440, 8, 8 
6544, 8, 8 
32352, 8, 8 
27312, 8, 8 
50394, 8, 8 
2265, 8, 8 
58195, 8, 8 
42079, 8, 8 
48296, 8, 8 
50821, 8, 8 
33883, 8, 8 
54954, 8, 8 
12032, 8, 8 
46233, 8, 8 
1758, 8, 8 
14754, 8, 8 
54701, 8, 8 
54423, 8, 8 
9764, 8, 8 
37075, 8, 8 
25655, 9, 9 
37359, 9, 9 
17899, 9, 9 
59794, 9, 9 
18153, 9, 9 
26643, 9, 9 
1305, 9, 9 
20193, 9, 9 
10784, 9, 9 
40128, 9, 9 
1728, 9, 9 
12061, 9, 9 
46423, 9, 9 
22804, 9, 9 
14341, 9, 9 
48804, 9, 9 
24496, 9, 9 
17674, 9, 9 
29091, 9, 9 
1522, 9, 9 
50358, 9, 9 
32821, 9, 9 
31896, 9, 9 
41605, 9, 9 
18350, 9, 9 
40297, 9, 9 
48344, 9, 9 
59109, 9, 9 
43325, 9, 9 
17858, 9, 9 
44469, 9, 9 
2934, 9, 9 
9306, 9, 9 
46742, 9, 9 
34176, 9, 9 
36666, 9, 9 
22340, 9, 9 
16082, 9, 9 
56303, 9, 9 
33764, 9, 9 
42344, 9, 9 
50698, 9, 9 
6010, 9, 9 
10382, 9, 9 
50177, 9, 9 
20792, 9, 9 
35724, 9, 9 
24197, 9, 9 
24178, 9, 9 
58013, 9, 9 
29134, 9, 9 
48927, 9, 9 
471, 9, 9 
14216, 9, 9 
22597, 9, 9 
8525, 9, 9 
15195, 9, 9 
18598, 9, 9 
52772, 9, 9 
51194, 9, 9 
38353, 9, 9 
59969, 9, 9 
32745, 9, 9 
11464, 9, 9 
35341, 9, 9 
8847, 9, 9 
16839, 9, 9 
176, 9, 9 
28346, 9, 9 
14580, 9, 9 
17702, 9, 9 
58914, 9, 9 
29031, 9, 9 
41005, 9, 9 
11557, 9, 9 
27766, 9, 9 
33461, 9, 9 
22655, 9, 9 
43950, 9, 9 
34377, 9, 9 
566, 9, 9 
20677, 9, 9 
4678, 9, 9 
38768, 9, 9 
50787, 9, 9 
10361, 9, 9 
6872, 9, 9 
26612, 9, 9 
21377, 9, 9 
35292, 9, 9 
227, 9, 9 
45244, 9, 9 
28279, 9, 9 
33756, 9, 9 
27397, 9, 9 
53592, 9, 9 
25168, 9, 9 
50391, 9, 9 
55814, 9, 9 
42293, 9, 9 
25652, 9, 9 
34044, 9, 9 
24999, 9, 9 
40197, 9, 9 
42643, 9, 9 
1507, 9, 9 
626, 9, 9 
37651, 9, 9 
6751, 9, 9 
11123, 9, 9 
45864, 9, 9 
36863, 9, 9 
46762, 9, 9 
34637, 9, 9 
5044, 9, 9 
9555, 9, 9 
25224, 9, 9 
59765, 9, 9 
58616, 9, 9 
9752, 9, 9 
25233, 9, 9 
36777, 9, 9 
11538, 9, 9 
39787, 9, 9 
31878, 9, 9 
741, 9, 9 
32366, 9, 9 
31336, 9, 9 
58132, 9, 9 
42577, 9, 9 
36083, 9, 9 
20159, 9, 9 
49335, 9, 9 
32152, 9, 9 
44008, 9, 9 
58401, 9, 9 
54, 9, 9 
52148, 9, 9 
54085, 9, 9 
38646, 9, 9 
21645, 9, 9 
42566, 9, 4 
80, 9, 8 
12320, 9, 9 
15827, 9, 9 
2712, 9, 9 
3621, 9, 9 
36886, 9, 9 
19256, 9, 9 
24401, 9, 9 
24270, 9, 9 
55369, 9, 9 
25239, 9, 9 
47244, 9, 9 
29861, 9, 9 
31405, 9, 9 
22672, 9, 9 
7016, 9, 9 
48634, 9, 9 
36389, 9, 9 
31653, 9, 9 
56062, 9, 9 
45065, 9, 9 
11452, 9, 9 
49944, 9, 9 
1632, 9, 9 
39593, 9, 9 
25905, 9, 9 
39571, 9, 9 
20683, 9, 9 
45465, 9, 9 
19972, 9, 9 
15894, 9, 9 
17384, 9, 9 
22902, 9, 9 
44430, 9, 9 
11924, 9, 9 
20270, 9, 9 
13887, 9, 9 
26042, 9, 9 
9771, 9, 9 
26361, 9, 9 
47445, 9, 9 
8745, 9, 9 
42946, 9, 9 
23624, 9, 9 
15253, 9, 9 
16968, 9, 9 
8308, 9, 9 
30562, 9, 9 
22423, 9, 9 
2351, 9, 9 
5701, 9, 9 
25515, 9, 9 
36148, 9, 9 
2140, 9, 9 
39576, 9, 9 
30660, 9, 9 
19417, 9, 9 
12297, 9, 9 
17571, 9, 9 
27698, 9, 9 
34886, 9, 9 
36201, 9, 9 
12277, 9, 9 
41329, 9, 9 
15369, 9, 9 
2728, 9, 9 
10977, 9, 9 
46065, 9, 9 
31737, 9, 9 
33581, 9, 9 
25019, 9, 9 
6459, 9, 9 
23738, 9, 9 
5892, 9, 9 
29513, 9, 9 
30693, 9, 9 
10577, 9, 9 
21356, 9, 9 
52447, 9, 9 
27304, 9, 9 
34668, 9, 9 
53020, 9, 9 
42228, 9, 9 
1733, 9, 9 
6272, 9, 9 
5457, 9, 9 
13362, 9, 9 
35059, 9, 9 
54504, 9, 9 
26997, 9, 9 
28368, 9, 9 
37764, 9, 9 
10934, 9, 9 
35877, 9, 9 
30069, 9, 9 
27817, 9, 9 
41008, 9, 9 
15602, 9, 9 
3511, 9, 9 
11186, 9, 9 
744, 9, 9 
29993, 9, 9 
41334, 9, 9 
5518, 9, 9 
32260, 9, 9 
13096, 9, 9 
13050, 9, 9 
7936, 9, 9 
34694, 9, 9 
32433, 9, 9 
47103, 9, 9 
37259, 9, 9 
54069, 9, 9 
35641, 9, 9 
30419, 9, 9 
53044, 9, 9 
10614, 9, 9 
30500, 9, 9 
22664, 9, 9 
44107, 9, 9 
30825, 9, 9 
27260, 9, 9 
55633, 9, 9 
17297, 9, 9 
7873, 9, 9 
26064, 9, 9 
41251, 9, 9 
32417, 9, 9 
42315, 9, 9 
17283, 9, 9 
47126, 9, 9 
54166, 9, 9 
46497, 9, 9 
20900, 9, 9 
47833, 9, 9 
41114, 9, 9 
39549, 9, 9 
22312, 9, 9 
57896, 9, 9 
27521, 9, 9 
28889, 9, 9 
116, 9, 9 
39370, 9, 9 
55496, 9, 9 
34195, 9, 9 
1291, 9, 9 
2973, 9, 9 
4345, 9, 9 
41295, 9, 9 
4092, 9, 9 
346, 9, 9 
8547, 9, 9 
4663, 9, 9 
15560, 9, 9 
32857, 9, 9 
43785, 9, 9 
14982, 9, 9 
52383, 9, 9 
41783, 9, 9 
27334, 9, 9 
48713, 9, 9 
27731, 9, 9 
1683, 9, 9 
34822, 9, 9 
27460, 9, 9 
34052, 9, 9 
33372, 9, 9 
35455, 9, 9 
20075, 9, 9 
26512, 9, 9 
13194, 9, 9 
2924, 9, 9 
33738, 9, 9 
57274, 9, 9 
6145, 9, 9 
52805, 9, 9 
17720, 9, 9 
29400, 9, 9 
10023, 9, 9 
11900, 9, 9 
59650, 9, 9 
44778, 9, 9 
34786, 9, 9 
54793, 9, 9 
39569, 9, 9 
50144, 9, 9 
43596, 9, 9 
18355, 9, 9 
37097, 9, 9 
8608, 9, 9 
6535, 9, 9 
26566, 9, 9 
26902, 9, 9 
10820, 9, 9 
57047, 9, 9 
26462, 9, 9 
51644, 9, 9 
34603, 9, 9 
26314, 9, 9 
40485, 9, 9 
57428, 9, 9 
11931, 9, 9 
28239, 9, 9 
12440, 9, 9 
31089, 9, 9 
22216, 9, 9 
12792, 9, 9 
29110, 9, 9 
24246, 9, 9 
17792, 9, 9 
38829, 9, 9 
30627, 9, 9 
4611, 9, 9 
2033, 9, 9 
6577, 9, 9 
25643, 9, 9 
44048, 9, 9 
24337, 9, 9 
33712, 9, 9 
4244, 9, 9 
32064, 9, 9 
40063, 9, 9 
1968, 9, 9 
42721, 9, 9 
43660, 9, 9 
27163, 9, 9 
24927, 9, 9 
41665, 9, 9 
10112, 9, 9 
16020, 9, 9 
1939, 9, 9 
44421, 9, 9 
42458, 9, 9 
40634, 9, 9 
49227, 9, 9 
19715, 9, 9 
14762, 9, 9 
44776, 9, 9 
14627, 9, 9 
4929, 9, 9 
33999, 9, 9 
29010, 9, 9 
13971, 9, 9 
39319, 9, 9 
39733, 9, 9 
19757, 9, 9 
57258, 9, 9 
52009, 9, 9 
21213, 9, 9 
40666, 9, 9 
35174, 9, 9 
16815, 9, 9 
50204, 9, 9 
23480, 9, 9 
11190, 9, 9 
5745, 9, 9 
31120, 9, 9 
46287, 9, 9 
56478, 9, 9 
22332, 9, 9 
54702, 9, 9 
23552, 9, 9 
21445, 9, 9 
9998, 9, 9 
22078, 9, 9 
58792, 9, 9 
56713, 9, 9 
44586, 9, 9 
57794, 9, 9 
48388, 9, 9 
59942, 9, 9 
41791, 9, 9 
59761, 9, 9 
52638, 9, 9 
47617, 9, 9 
34797, 9, 9 
8356, 9, 9 
15413, 9, 9 
13247, 9, 9 
42512, 9, 9 
4124, 9, 9 
37331, 9, 9 
44553, 9, 9 
22319, 9, 9 
30342, 9, 9 
10341, 9, 9 
19814, 9, 9 
12342, 9, 9 
51413, 9, 9 
20184, 9, 9 
41918, 9, 9 
13893, 9, 9 
15063, 9, 9 
2274, 9, 9 
409, 9, 9 
6460, 9, 9 
25801, 9, 9 
8216, 9, 9 
59887, 9, 9 
48766, 9, 9 
7241, 9, 9 
34147, 9, 9 
1684, 9, 9 
24983, 9, 9 
28592, 9, 9 
7108, 9, 9 
57986, 9, 9 
55007, 9, 9 
26005, 9, 9 
55652, 9, 9 
58245, 9, 9 
58854, 9, 9 
51020, 9, 9 
29281, 9, 9 
48803, 9, 9 
38740, 9, 9 
34892, 9, 9 
30977, 9, 9 
28088, 9, 9 
32618, 9, 9 
11633, 9, 9 
3277, 9, 9 
18668, 9, 9 
31842, 9, 9 
37906, 9, 9 
53729, 9, 9 
11773, 9, 9 
6121, 9, 9 
33701, 9, 9 
45980, 9, 9 
11001, 9, 9 
59917, 9, 9 
133, 9, 9 
36044, 9, 9 
23868, 9, 9 
21138, 9, 9 
42129, 9, 9 
53764, 9, 9 
46946, 9, 9 
16388, 9, 9 
49272, 9, 9 
26594, 9, 9 
53831, 9, 9 
20308, 9, 9 
59127, 9, 9 
16973, 9, 9 
47196, 9, 9 
59075, 9, 9 
10374, 9, 9 
37002, 9, 9 
9372, 9, 9 
28007, 9, 9 
57452, 9, 9 
43959, 9, 9 
10819, 9, 9 
17826, 9, 9 
14928, 9, 9 
43000, 9, 9 
