id, true label, predicted label 
59934, 0, 0 
55593, 0, 0 
47046, 0, 0 
33192, 0, 0 
25390, 0, 0 
29102, 0, 0 
49530, 0, 0 
43613, 0, 0 
14949, 0, 0 
49695, 0, 0 
12748, 0, 0 
43976, 0, 0 
18779, 0, 0 
42649, 0, 0 
19180, 0, 0 
46748, 0, 0 
48604, 0, 0 
31341, 0, 0 
26784, 0, 0 
42074, 0, 0 
11974, 0, 0 
55907, 0, 0 
44000, 0, 0 
17941, 0, 0 
8369, 0, 0 
18357, 0, 0 
55922, 0, 0 
37059, 0, 0 
43347, 0, 0 
15734, 0, 0 
47150, 0, 0 
1015, 0, 0 
36484, 0, 0 
19798, 0, 0 
57601, 0, 0 
2079, 0, 0 
17293, 0, 0 
57912, 0, 0 
36414, 0, 0 
20161, 0, 0 
24121, 0, 0 
3612, 0, 0 
28546, 0, 0 
51147, 0, 0 
37901, 0, 0 
14746, 0, 0 
53399, 0, 0 
58229, 0, 0 
5512, 0, 0 
7932, 0, 0 
29378, 0, 0 
34305, 0, 0 
8509, 0, 0 
29497, 0, 0 
43932, 0, 0 
57451, 0, 0 
22487, 0, 0 
37559, 0, 0 
47716, 0, 0 
57642, 0, 0 
50324, 0, 0 
32541, 0, 0 
6332, 0, 0 
35408, 0, 0 
10140, 0, 0 
43685, 0, 0 
45721, 0, 0 
20391, 0, 0 
44130, 0, 0 
32383, 0, 0 
818, 0, 0 
54812, 0, 0 
53460, 0, 0 
59723, 0, 0 
7471, 0, 0 
34730, 0, 0 
32494, 0, 0 
9881, 0, 0 
3778, 0, 0 
43186, 0, 0 
21513, 0, 0 
11920, 0, 0 
15198, 0, 0 
41353, 0, 0 
3590, 0, 0 
59755, 0, 0 
18896, 0, 0 
47405, 0, 0 
31173, 0, 0 
10384, 0, 0 
3262, 0, 0 
57288, 0, 0 
34486, 0, 0 
26775, 0, 0 
41907, 0, 0 
49750, 0, 0 
34854, 0, 0 
41756, 0, 0 
38473, 0, 0 
48023, 0, 0 
24962, 0, 0 
21560, 0, 0 
4653, 0, 0 
21350, 0, 0 
36689, 0, 0 
11105, 0, 0 
44700, 0, 0 
57420, 0, 0 
17285, 0, 0 
41445, 0, 0 
46810, 0, 0 
577, 0, 0 
7038, 0, 0 
18837, 0, 0 
19550, 0, 0 
30223, 0, 0 
54873, 0, 0 
42913, 0, 0 
38497, 0, 0 
39224, 0, 0 
31314, 0, 0 
46992, 0, 0 
50127, 0, 0 
46054, 0, 0 
8021, 0, 0 
2473, 0, 0 
15854, 0, 0 
18868, 0, 0 
19360, 0, 0 
34073, 0, 0 
8157, 0, 0 
6958, 0, 0 
34714, 0, 0 
51059, 0, 0 
24749, 0, 0 
29559, 0, 0 
1377, 0, 0 
15516, 0, 0 
118, 0, 0 
54290, 0, 0 
30929, 0, 0 
23786, 0, 0 
12142, 0, 0 
14278, 0, 0 
22646, 0, 0 
51375, 0, 0 
5187, 0, 0 
32925, 0, 0 
13989, 0, 0 
21800, 0, 0 
52079, 0, 0 
14752, 0, 0 
8912, 0, 0 
44449, 0, 0 
29128, 0, 0 
49528, 0, 0 
43472, 0, 0 
41285, 0, 0 
34451, 0, 0 
7985, 0, 0 
33608, 0, 0 
41609, 0, 0 
55993, 0, 0 
35632, 0, 0 
6331, 0, 0 
42153, 0, 0 
51308, 0, 0 
10026, 0, 0 
1664, 0, 0 
44096, 0, 0 
5883, 0, 0 
53959, 0, 0 
6045, 0, 0 
39639, 0, 0 
30087, 0, 0 
39213, 0, 0 
2532, 0, 0 
58726, 0, 0 
19543, 0, 0 
21506, 0, 0 
44859, 0, 0 
28317, 0, 0 
28784, 0, 0 
23589, 0, 0 
52993, 0, 0 
49535, 0, 0 
41259, 0, 0 
19027, 0, 0 
1723, 0, 0 
50390, 0, 0 
15567, 0, 0 
1310, 0, 0 
35775, 0, 0 
57471, 0, 0 
1018, 0, 0 
2112, 0, 0 
23971, 0, 0 
50518, 0, 0 
48227, 0, 0 
27466, 0, 0 
10689, 0, 0 
6968, 0, 0 
48207, 0, 0 
59786, 0, 0 
46227, 0, 0 
44629, 0, 0 
4713, 0, 0 
12665, 0, 0 
36564, 0, 0 
11281, 0, 0 
22978, 0, 0 
14291, 0, 0 
41056, 0, 0 
56709, 0, 0 
55765, 0, 0 
47822, 0, 0 
28357, 0, 0 
55873, 0, 0 
26210, 0, 0 
31095, 0, 0 
25839, 0, 0 
45475, 0, 0 
45513, 0, 0 
15189, 0, 0 
21343, 0, 0 
16031, 0, 0 
27735, 0, 0 
18022, 0, 0 
55366, 0, 0 
53814, 0, 0 
47476, 0, 0 
7597, 0, 0 
46926, 0, 0 
57907, 0, 0 
13913, 0, 0 
30605, 0, 0 
30160, 0, 0 
33023, 0, 0 
22040, 0, 0 
59154, 0, 0 
42744, 0, 0 
54608, 0, 0 
48523, 0, 0 
21658, 0, 0 
42559, 0, 0 
31476, 0, 0 
32746, 0, 0 
54328, 0, 0 
46069, 0, 0 
8687, 0, 0 
29490, 0, 0 
28108, 0, 0 
48863, 0, 0 
26262, 0, 0 
49171, 0, 0 
1645, 0, 0 
7050, 0, 0 
11574, 0, 0 
46625, 0, 0 
5072, 0, 0 
2396, 0, 0 
38660, 0, 0 
49800, 0, 0 
57390, 0, 0 
15445, 0, 0 
54080, 0, 0 
17304, 0, 0 
53381, 0, 0 
8134, 0, 0 
49774, 0, 0 
22752, 0, 0 
40171, 0, 0 
51052, 0, 0 
53051, 0, 0 
15590, 0, 0 
45112, 0, 0 
20357, 0, 0 
51753, 0, 0 
28402, 0, 0 
5393, 0, 0 
957, 0, 0 
49151, 0, 0 
7875, 0, 0 
22046, 0, 0 
1152, 0, 0 
32723, 0, 0 
54229, 0, 0 
5461, 0, 0 
37543, 0, 0 
6207, 0, 0 
4854, 0, 0 
28965, 0, 0 
47835, 0, 0 
50949, 0, 0 
8289, 0, 0 
58718, 0, 0 
51774, 0, 0 
15150, 0, 0 
4245, 0, 0 
40038, 0, 0 
34634, 0, 0 
19492, 0, 0 
58668, 0, 0 
16921, 0, 0 
52613, 0, 0 
17581, 0, 0 
42185, 0, 0 
1876, 0, 0 
40633, 0, 0 
52429, 0, 0 
44656, 0, 0 
32336, 0, 0 
16144, 0, 0 
28202, 0, 0 
5083, 0, 0 
30331, 0, 0 
36667, 0, 0 
10240, 0, 0 
8703, 0, 0 
35973, 0, 0 
37758, 0, 0 
4485, 0, 0 
14430, 0, 0 
56347, 0, 0 
20392, 0, 0 
8113, 0, 0 
35311, 0, 0 
43965, 0, 0 
11304, 0, 0 
9699, 0, 0 
37432, 0, 0 
35282, 0, 0 
59353, 0, 0 
54711, 0, 0 
53537, 0, 0 
20840, 0, 0 
28030, 0, 0 
55521, 0, 0 
58861, 0, 0 
8653, 0, 0 
30939, 0, 0 
14749, 0, 0 
57003, 0, 0 
36692, 0, 0 
33363, 0, 0 
23980, 0, 0 
25529, 0, 0 
7786, 0, 0 
4655, 0, 0 
37723, 0, 0 
43712, 0, 0 
39531, 0, 0 
46905, 0, 0 
50559, 0, 0 
19240, 0, 0 
5830, 0, 0 
24698, 0, 0 
24940, 0, 0 
2839, 0, 0 
57073, 0, 0 
1600, 0, 0 
18319, 0, 0 
11269, 0, 0 
7451, 0, 0 
40582, 0, 0 
24689, 0, 0 
9890, 0, 0 
14944, 0, 0 
14817, 0, 0 
3715, 0, 0 
38211, 0, 0 
53444, 0, 0 
30923, 0, 0 
30547, 0, 0 
35646, 0, 0 
5052, 0, 0 
37141, 0, 0 
18505, 0, 0 
27050, 0, 0 
7243, 0, 0 
19419, 0, 0 
32682, 0, 0 
1102, 0, 0 
3743, 0, 0 
8284, 0, 0 
57202, 0, 0 
13197, 0, 0 
22063, 0, 0 
8809, 0, 0 
57707, 0, 0 
39044, 0, 0 
46443, 0, 0 
49713, 0, 0 
35821, 0, 0 
23598, 0, 0 
20642, 0, 0 
26339, 0, 0 
26507, 0, 0 
979, 0, 0 
13314, 0, 0 
8050, 0, 0 
49576, 0, 0 
18208, 0, 0 
6034, 0, 0 
43020, 0, 0 
32951, 0, 0 
8932, 0, 0 
4527, 0, 0 
27322, 0, 0 
28102, 0, 0 
35409, 0, 0 
55105, 0, 0 
58609, 0, 0 
22589, 0, 0 
6883, 0, 0 
25461, 0, 0 
30438, 0, 0 
36849, 0, 0 
30320, 0, 0 
22954, 0, 0 
58864, 0, 0 
31272, 0, 0 
51797, 0, 0 
13459, 0, 0 
39347, 0, 0 
43283, 0, 0 
2882, 0, 0 
7409, 0, 0 
3016, 0, 0 
34401, 0, 0 
9452, 0, 0 
48267, 0, 0 
5147, 0, 0 
54272, 0, 0 
31361, 0, 0 
33345, 0, 0 
42433, 0, 0 
40280, 0, 0 
16423, 0, 0 
47139, 0, 0 
20334, 0, 0 
58223, 0, 0 
2919, 0, 0 
8354, 0, 0 
733, 0, 0 
25305, 0, 0 
47267, 0, 0 
18178, 0, 0 
46183, 0, 0 
12259, 0, 0 
44893, 0, 0 
19709, 0, 0 
41789, 0, 0 
20471, 0, 0 
8158, 0, 0 
36628, 0, 0 
59225, 0, 0 
38926, 0, 0 
33237, 0, 0 
49394, 0, 0 
4608, 0, 0 
51422, 0, 0 
8250, 0, 0 
1999, 0, 0 
34244, 0, 0 
2770, 0, 0 
17449, 0, 0 
50240, 0, 0 
50542, 0, 0 
58160, 0, 0 
39859, 0, 0 
37663, 0, 0 
5010, 0, 0 
5961, 0, 0 
32693, 0, 0 
17169, 0, 0 
36519, 0, 0 
56176, 0, 0 
18461, 0, 0 
2557, 0, 0 
7664, 0, 0 
7066, 0, 0 
26686, 0, 0 
49987, 0, 0 
31509, 0, 0 
11077, 0, 0 
49354, 0, 0 
29119, 0, 0 
34262, 0, 0 
22764, 0, 0 
16412, 0, 0 
29211, 0, 0 
49639, 0, 0 
9456, 0, 0 
33848, 0, 0 
29368, 0, 0 
58350, 0, 0 
1956, 0, 0 
10801, 0, 0 
57061, 0, 0 
17423, 1, 1 
32041, 1, 1 
1287, 1, 1 
52627, 1, 1 
57362, 1, 1 
53168, 1, 1 
9975, 1, 1 
43705, 1, 1 
38225, 1, 1 
46185, 1, 1 
46954, 1, 1 
30261, 1, 1 
27790, 1, 1 
32795, 1, 1 
41623, 1, 1 
39076, 1, 1 
29227, 1, 1 
17032, 1, 1 
11735, 1, 1 
28629, 1, 1 
42071, 1, 1 
26421, 1, 1 
45363, 1, 1 
16362, 1, 1 
54719, 1, 1 
10293, 1, 1 
28063, 1, 1 
51739, 1, 1 
6575, 1, 1 
33600, 1, 1 
45240, 1, 1 
14154, 1, 1 
19966, 1, 1 
9815, 1, 1 
39849, 1, 1 
20070, 1, 1 
46159, 1, 1 
15677, 1, 1 
24814, 1, 1 
45690, 1, 1 
41748, 1, 1 
57440, 1, 1 
53427, 1, 1 
17748, 1, 1 
26667, 1, 1 
17727, 1, 1 
52143, 1, 1 
47982, 1, 1 
20802, 1, 1 
52382, 1, 1 
59498, 1, 1 
6931, 1, 1 
33394, 1, 1 
7806, 1, 1 
30564, 1, 1 
7898, 1, 1 
5054, 1, 1 
48318, 1, 1 
34869, 1, 1 
6384, 1, 1 
53980, 1, 1 
7603, 1, 1 
26243, 1, 1 
35761, 1, 1 
14615, 1, 1 
40918, 1, 1 
50261, 1, 1 
7588, 1, 1 
510, 1, 1 
59028, 1, 1 
16076, 1, 1 
18899, 1, 1 
29679, 1, 1 
20475, 1, 1 
11093, 1, 1 
36532, 1, 1 
35328, 1, 1 
41195, 1, 1 
38454, 1, 1 
17012, 1, 1 
24470, 1, 1 
15962, 1, 1 
2362, 1, 1 
22207, 1, 1 
59248, 1, 1 
44370, 1, 1 
41542, 1, 1 
37191, 1, 1 
50952, 1, 1 
13334, 1, 1 
6488, 1, 1 
55846, 1, 1 
43790, 1, 1 
30301, 1, 1 
29377, 1, 1 
59166, 1, 1 
46210, 1, 1 
47601, 1, 1 
35048, 1, 1 
23756, 1, 1 
8542, 1, 1 
41266, 1, 1 
18781, 1, 1 
10667, 1, 1 
17771, 1, 1 
4764, 1, 1 
49919, 1, 1 
31093, 1, 1 
25781, 1, 1 
55031, 1, 1 
4066, 1, 1 
44829, 1, 1 
5582, 1, 1 
39297, 1, 1 
37354, 1, 1 
46181, 1, 1 
19158, 1, 1 
36591, 1, 1 
34849, 1, 1 
24738, 1, 1 
16441, 1, 1 
57961, 1, 1 
22850, 1, 1 
16779, 1, 1 
8506, 1, 1 
30535, 1, 1 
51426, 1, 1 
50063, 1, 1 
20643, 1, 1 
17351, 1, 1 
7877, 1, 1 
19782, 1, 1 
23953, 1, 1 
7693, 1, 1 
13689, 1, 1 
39838, 1, 1 
5484, 1, 1 
52616, 1, 1 
29143, 1, 1 
29278, 1, 1 
48645, 1, 1 
38736, 1, 1 
1452, 1, 1 
43746, 1, 1 
18316, 1, 1 
24647, 1, 1 
23740, 1, 1 
44569, 1, 1 
33084, 1, 1 
50582, 1, 1 
11867, 1, 1 
12318, 1, 1 
5204, 1, 1 
25052, 1, 1 
49902, 1, 1 
16869, 1, 1 
31048, 1, 1 
48464, 1, 1 
22025, 1, 1 
41073, 1, 1 
13733, 1, 1 
23255, 1, 1 
20263, 1, 1 
21101, 1, 1 
51468, 1, 1 
51631, 1, 1 
21908, 1, 1 
33339, 1, 1 
50367, 1, 1 
50482, 1, 1 
42435, 1, 1 
33902, 1, 1 
2719, 1, 1 
10519, 1, 1 
34282, 1, 1 
30854, 1, 1 
43085, 1, 1 
16838, 1, 1 
20817, 1, 1 
10982, 1, 1 
36786, 1, 1 
43715, 1, 1 
17782, 1, 1 
12356, 1, 1 
48184, 1, 1 
1816, 1, 1 
11272, 1, 1 
12013, 1, 1 
56836, 1, 1 
19243, 1, 1 
42881, 1, 1 
35719, 1, 1 
47340, 1, 7 
57830, 1, 1 
15710, 1, 1 
18906, 1, 1 
42731, 1, 1 
29628, 1, 1 
14119, 1, 1 
32559, 1, 1 
56965, 1, 1 
55901, 1, 1 
7656, 1, 1 
55335, 1, 1 
7275, 1, 1 
50498, 1, 1 
40468, 1, 1 
5850, 1, 1 
51750, 1, 1 
48326, 1, 1 
15392, 1, 1 
11543, 1, 1 
8836, 1, 1 
48765, 1, 1 
8219, 1, 1 
46518, 1, 1 
53187, 1, 1 
7651, 1, 1 
19010, 1, 1 
26610, 1, 1 
17607, 1, 1 
53750, 1, 1 
27345, 1, 1 
54143, 1, 1 
41816, 1, 1 
8760, 1, 1 
37207, 1, 1 
2725, 1, 1 
47279, 1, 1 
8112, 1, 1 
46360, 1, 1 
21127, 1, 1 
13748, 1, 1 
15451, 1, 1 
23214, 1, 1 
28250, 1, 1 
54213, 1, 1 
12634, 1, 1 
58451, 1, 1 
4585, 1, 1 
27920, 1, 1 
19894, 1, 1 
44036, 1, 1 
57190, 1, 1 
50589, 1, 1 
11634, 1, 1 
26581, 1, 1 
9331, 1, 1 
58320, 1, 1 
46496, 1, 1 
35278, 1, 1 
20143, 1, 1 
44986, 1, 1 
42175, 1, 1 
49395, 1, 1 
30731, 1, 1 
3822, 1, 1 
1174, 1, 1 
821, 1, 1 
40132, 1, 1 
35168, 1, 1 
56365, 1, 1 
13449, 1, 1 
28232, 1, 1 
21143, 1, 1 
36215, 1, 1 
25744, 1, 1 
28322, 1, 1 
3878, 1, 1 
55495, 1, 1 
22247, 1, 1 
7040, 1, 1 
25394, 1, 1 
46173, 1, 1 
23970, 1, 1 
44422, 1, 1 
19626, 1, 1 
59686, 1, 1 
8383, 1, 1 
43671, 1, 1 
30996, 1, 1 
28970, 1, 1 
44966, 1, 1 
18942, 1, 1 
2123, 1, 1 
4186, 1, 1 
56764, 1, 1 
17984, 1, 1 
56865, 1, 1 
55609, 1, 1 
3966, 1, 1 
56308, 1, 1 
51801, 1, 1 
4319, 1, 1 
34723, 1, 1 
17243, 1, 1 
35285, 1, 1 
14967, 1, 1 
38328, 1, 1 
42316, 1, 1 
57960, 1, 1 
11043, 1, 1 
21709, 1, 1 
46302, 1, 1 
20961, 1, 1 
23219, 1, 1 
1069, 1, 1 
42351, 1, 1 
17125, 1, 1 
24126, 1, 1 
8319, 1, 1 
1155, 1, 1 
31384, 1, 1 
53761, 1, 1 
2188, 1, 1 
16943, 1, 1 
52965, 1, 1 
45659, 1, 1 
50993, 1, 1 
35826, 1, 1 
29773, 1, 1 
34470, 1, 1 
50333, 1, 1 
24888, 1, 1 
40071, 1, 1 
59671, 1, 1 
35900, 1, 1 
58123, 1, 1 
29575, 1, 1 
33012, 1, 1 
29598, 1, 1 
56470, 1, 1 
21409, 1, 1 
40525, 1, 1 
23762, 1, 1 
34403, 1, 1 
28646, 1, 1 
13474, 1, 1 
1977, 1, 1 
366, 1, 1 
33580, 1, 1 
17839, 1, 1 
31640, 1, 1 
45559, 1, 1 
58147, 1, 1 
2906, 1, 1 
25785, 1, 1 
28090, 1, 1 
2159, 1, 1 
44220, 1, 1 
15493, 1, 1 
40971, 1, 1 
11715, 1, 1 
18266, 1, 1 
28969, 1, 1 
15790, 1, 1 
10157, 1, 1 
58561, 1, 1 
52369, 1, 1 
43905, 1, 1 
2336, 1, 1 
27746, 1, 1 
6075, 1, 1 
20691, 1, 1 
11404, 1, 1 
19051, 1, 1 
41248, 1, 1 
57005, 1, 1 
18409, 1, 1 
25064, 1, 1 
16670, 1, 1 
39362, 1, 1 
33998, 1, 1 
28405, 1, 1 
16259, 1, 1 
450, 1, 1 
21394, 1, 1 
44813, 1, 1 
41076, 1, 1 
2318, 1, 1 
35600, 1, 1 
40954, 1, 1 
40909, 1, 1 
29517, 1, 1 
11943, 1, 1 
40007, 1, 1 
36765, 1, 1 
8166, 1, 1 
14998, 1, 1 
14980, 1, 1 
50928, 1, 1 
18958, 1, 1 
24564, 1, 1 
17505, 1, 1 
21535, 1, 1 
13657, 1, 1 
26070, 1, 1 
17180, 1, 1 
51767, 1, 1 
40190, 1, 1 
43349, 1, 1 
4970, 1, 1 
57378, 1, 1 
27465, 1, 1 
30607, 1, 1 
7857, 1, 1 
45167, 1, 1 
38466, 1, 1 
32179, 1, 1 
10136, 1, 1 
20443, 1, 1 
4557, 1, 1 
10468, 1, 1 
35985, 1, 1 
31556, 1, 1 
52780, 1, 1 
39717, 1, 1 
7834, 1, 1 
22502, 1, 1 
54692, 1, 1 
8032, 1, 1 
41888, 1, 1 
19830, 1, 1 
19100, 1, 1 
34617, 1, 1 
52562, 1, 1 
29040, 1, 1 
31685, 1, 1 
19623, 1, 1 
382, 1, 1 
22093, 1, 1 
19421, 1, 1 
2316, 1, 1 
41437, 1, 1 
28035, 1, 1 
45502, 1, 1 
19122, 1, 1 
22972, 1, 1 
2432, 1, 1 
45006, 1, 1 
51249, 1, 1 
34359, 1, 1 
47141, 1, 1 
37742, 1, 1 
55787, 1, 1 
30894, 1, 1 
29173, 1, 1 
57903, 1, 1 
46934, 1, 1 
47576, 1, 1 
59783, 1, 1 
45666, 1, 1 
8194, 1, 1 
40982, 1, 1 
47545, 1, 1 
25087, 1, 1 
36457, 1, 1 
59478, 1, 1 
19517, 1, 1 
6122, 1, 1 
9423, 1, 1 
47222, 1, 1 
46127, 1, 1 
31250, 1, 1 
43887, 1, 1 
4193, 1, 1 
270, 1, 1 
20373, 1, 1 
17847, 1, 1 
21357, 1, 1 
54070, 1, 1 
49860, 1, 1 
44369, 1, 1 
26059, 1, 1 
18115, 1, 1 
56048, 1, 1 
13725, 1, 1 
9562, 1, 1 
3394, 1, 1 
31012, 1, 1 
56584, 1, 1 
30053, 1, 1 
59414, 1, 1 
3971, 1, 1 
35270, 1, 1 
3898, 1, 1 
55236, 1, 1 
37182, 1, 1 
6419, 1, 1 
3605, 1, 1 
40140, 1, 1 
48458, 1, 1 
20394, 1, 1 
8529, 1, 1 
38449, 1, 1 
40516, 1, 1 
50678, 1, 1 
48040, 1, 1 
1681, 1, 1 
27455, 1, 1 
37568, 2, 2 
37570, 2, 2 
41256, 2, 2 
2513, 2, 2 
15650, 2, 2 
10978, 2, 2 
51673, 2, 2 
9894, 2, 2 
42491, 2, 2 
58801, 2, 2 
693, 2, 2 
39042, 2, 2 
26280, 2, 2 
38396, 2, 2 
27878, 2, 2 
14264, 2, 2 
13844, 2, 2 
44393, 2, 2 
5421, 2, 2 
34494, 2, 2 
52829, 2, 2 
19808, 2, 2 
53773, 2, 2 
24557, 2, 2 
34484, 2, 2 
41541, 2, 2 
20257, 2, 2 
22056, 2, 2 
59732, 2, 2 
45500, 2, 2 
53658, 2, 2 
15712, 2, 2 
22232, 2, 2 
20779, 2, 2 
30719, 2, 2 
19602, 2, 2 
6079, 2, 2 
52647, 2, 2 
2261, 2, 2 
10411, 2, 2 
57183, 2, 2 
17220, 2, 2 
41037, 2, 2 
40425, 2, 2 
6138, 2, 2 
49430, 2, 2 
52453, 2, 2 
39146, 2, 2 
25920, 2, 2 
58590, 2, 2 
6344, 2, 2 
3166, 2, 2 
50736, 2, 2 
41234, 2, 2 
57815, 2, 2 
18693, 2, 2 
44226, 2, 2 
46678, 2, 2 
21366, 2, 2 
2517, 2, 2 
50211, 2, 2 
27171, 2, 2 
31373, 2, 2 
18236, 2, 2 
8793, 2, 2 
43871, 2, 2 
36127, 2, 2 
30420, 2, 2 
41087, 2, 2 
41074, 2, 2 
17432, 2, 2 
51599, 2, 2 
44718, 2, 2 
41197, 2, 2 
6628, 2, 2 
41595, 2, 2 
34559, 2, 2 
58601, 2, 2 
39790, 2, 2 
37322, 2, 2 
9104, 2, 1 
59556, 2, 2 
36624, 2, 2 
17697, 2, 2 
2908, 2, 2 
10317, 2, 2 
52331, 2, 2 
21507, 2, 2 
41651, 2, 2 
30880, 2, 2 
24198, 2, 2 
21796, 2, 2 
18662, 2, 2 
43681, 2, 2 
59231, 2, 2 
2464, 2, 2 
38036, 2, 2 
38542, 2, 2 
35393, 2, 2 
46690, 2, 2 
10739, 2, 2 
28052, 2, 2 
49041, 2, 2 
30724, 2, 2 
5345, 2, 2 
28868, 2, 2 
46940, 2, 2 
2457, 2, 2 
4016, 2, 2 
48748, 2, 2 
49148, 2, 2 
11319, 2, 2 
10472, 2, 2 
27472, 2, 2 
44364, 2, 2 
48460, 2, 2 
23718, 2, 3 
8878, 2, 2 
15585, 2, 2 
34917, 2, 2 
56919, 2, 2 
21251, 2, 2 
13612, 2, 2 
47024, 2, 2 
27898, 2, 2 
11394, 2, 2 
48320, 2, 2 
52501, 2, 2 
21042, 2, 2 
53269, 2, 2 
9826, 2, 2 
33857, 2, 2 
35902, 2, 2 
51458, 2, 2 
26899, 2, 2 
7107, 2, 2 
35443, 2, 2 
18713, 2, 2 
11503, 2, 2 
35599, 2, 2 
15642, 2, 2 
31696, 2, 2 
45818, 2, 2 
946, 2, 2 
6547, 2, 2 
8983, 2, 2 
27915, 2, 2 
25700, 2, 2 
58487, 2, 2 
59326, 2, 2 
47534, 2, 2 
59222, 2, 2 
46414, 2, 2 
58063, 2, 2 
4157, 2, 2 
49856, 2, 2 
36187, 2, 2 
42717, 2, 2 
16709, 2, 2 
24203, 2, 2 
45350, 2, 2 
12608, 2, 2 
52488, 2, 2 
54078, 2, 2 
56598, 2, 2 
41832, 2, 9 
29071, 2, 2 
41294, 2, 2 
23069, 2, 2 
45584, 2, 2 
52694, 2, 2 
21597, 2, 2 
39663, 2, 2 
24213, 2, 2 
58137, 2, 2 
41399, 2, 2 
40120, 2, 2 
16456, 2, 2 
44021, 2, 2 
41105, 2, 2 
48516, 2, 2 
56682, 2, 2 
34871, 2, 2 
59374, 2, 2 
26883, 2, 2 
49993, 2, 2 
10528, 2, 2 
13586, 2, 2 
568, 2, 2 
1715, 2, 2 
7895, 2, 2 
29167, 2, 2 
27660, 2, 2 
35031, 2, 2 
23777, 2, 2 
35071, 2, 2 
44710, 2, 2 
18255, 2, 2 
58619, 2, 2 
57908, 2, 2 
13984, 2, 2 
9246, 2, 2 
45130, 2, 2 
32481, 2, 2 
9396, 2, 2 
43436, 2, 2 
5988, 2, 2 
54857, 2, 2 
50487, 2, 2 
16328, 2, 2 
893, 2, 2 
4664, 2, 2 
19031, 2, 2 
33743, 2, 2 
13159, 2, 2 
53608, 2, 2 
21983, 2, 2 
6992, 2, 2 
54075, 2, 2 
5297, 2, 2 
37967, 2, 2 
52495, 2, 2 
48975, 2, 8 
59587, 2, 2 
48881, 2, 2 
252, 2, 2 
22188, 2, 2 
41861, 2, 2 
53733, 2, 2 
59621, 2, 2 
40119, 2, 2 
34717, 2, 2 
30336, 2, 2 
23491, 2, 2 
38862, 2, 2 
30561, 2, 2 
49363, 2, 2 
41182, 2, 2 
13082, 2, 2 
22793, 2, 2 
56120, 2, 2 
54240, 2, 2 
25807, 2, 2 
33250, 2, 2 
59667, 2, 2 
48332, 2, 2 
22742, 2, 2 
44374, 2, 2 
23268, 2, 2 
57620, 2, 2 
37825, 2, 2 
22226, 2, 2 
46997, 2, 2 
42373, 2, 2 
12951, 2, 2 
20514, 2, 2 
15363, 2, 2 
6974, 2, 2 
32981, 2, 2 
17555, 2, 2 
51359, 2, 2 
51399, 2, 2 
3161, 2, 2 
21652, 2, 2 
11971, 2, 2 
15958, 2, 2 
22395, 2, 2 
15057, 2, 2 
39216, 2, 2 
21323, 2, 2 
16952, 2, 2 
46129, 2, 2 
22701, 2, 2 
7897, 2, 2 
18040, 2, 2 
32818, 2, 2 
46105, 2, 2 
42799, 2, 2 
31928, 2, 2 
44054, 2, 2 
31146, 2, 2 
12745, 2, 2 
42308, 2, 2 
25838, 2, 2 
20071, 2, 2 
20967, 2, 2 
55352, 2, 2 
22558, 2, 2 
16781, 2, 2 
59333, 2, 2 
12582, 2, 2 
36914, 2, 2 
56325, 2, 2 
40333, 2, 2 
20867, 2, 2 
7537, 2, 2 
46345, 2, 2 
28787, 2, 2 
39090, 2, 2 
27178, 2, 2 
31493, 2, 2 
21537, 2, 2 
29413, 2, 2 
26927, 2, 2 
55199, 2, 2 
48270, 2, 2 
23952, 2, 2 
25907, 2, 2 
58868, 2, 2 
18386, 2, 2 
38208, 2, 2 
2664, 2, 2 
51320, 2, 2 
40718, 2, 2 
7395, 2, 2 
55782, 2, 2 
56394, 2, 2 
8617, 2, 3 
33085, 2, 2 
391, 2, 2 
46687, 2, 2 
8002, 2, 2 
22900, 2, 2 
16690, 2, 2 
22922, 2, 2 
4646, 2, 2 
51100, 2, 2 
31247, 2, 2 
36321, 2, 2 
14174, 2, 2 
19466, 2, 2 
14342, 2, 2 
49474, 2, 2 
25459, 2, 2 
17660, 2, 2 
48525, 2, 2 
20493, 2, 2 
23231, 2, 2 
42273, 2, 2 
24485, 2, 2 
48178, 2, 2 
49914, 2, 2 
10024, 2, 2 
28920, 2, 2 
8229, 2, 2 
25551, 2, 2 
24695, 2, 2 
23185, 2, 2 
47254, 2, 2 
5166, 2, 2 
24836, 2, 2 
5902, 2, 2 
59365, 2, 2 
1213, 2, 2 
48391, 2, 2 
19444, 2, 2 
56614, 2, 2 
6743, 2, 2 
35691, 2, 2 
43831, 2, 2 
14702, 2, 2 
17566, 2, 2 
59875, 2, 2 
24794, 2, 2 
47557, 2, 2 
47862, 2, 2 
37274, 2, 2 
28189, 2, 2 
26740, 2, 2 
47113, 2, 2 
20850, 2, 2 
55769, 2, 2 
57446, 2, 2 
9036, 2, 2 
29906, 2, 2 
43391, 2, 2 
12445, 2, 2 
46082, 2, 2 
53708, 2, 2 
31327, 2, 2 
24229, 2, 2 
47999, 2, 2 
47900, 2, 2 
46517, 2, 2 
52637, 2, 2 
22635, 2, 2 
55653, 2, 2 
49975, 2, 2 
57939, 2, 2 
47226, 2, 2 
15799, 2, 2 
5545, 2, 2 
16018, 2, 2 
13249, 2, 2 
42538, 2, 2 
39228, 2, 2 
22442, 2, 2 
41745, 2, 2 
31096, 2, 2 
33489, 2, 2 
13914, 2, 2 
31492, 2, 2 
17369, 2, 2 
30746, 2, 2 
20448, 2, 2 
15605, 2, 2 
52684, 2, 2 
52953, 2, 2 
23025, 2, 2 
52189, 2, 2 
10567, 2, 2 
46486, 2, 2 
27810, 2, 2 
47945, 2, 2 
52942, 2, 2 
21982, 2, 2 
42603, 2, 2 
58192, 2, 2 
48401, 2, 2 
50011, 2, 2 
47585, 2, 2 
38261, 2, 2 
48527, 2, 2 
49834, 2, 2 
58378, 2, 2 
56957, 2, 2 
23222, 2, 2 
17895, 2, 2 
43124, 2, 2 
20440, 2, 2 
21623, 2, 2 
3880, 2, 2 
36614, 2, 2 
25406, 2, 2 
19084, 2, 2 
15083, 2, 2 
24665, 2, 2 
48506, 2, 2 
7916, 2, 2 
20247, 2, 2 
23800, 2, 2 
5867, 2, 2 
59061, 2, 2 
23705, 2, 2 
20242, 2, 2 
22104, 2, 2 
13953, 2, 2 
28560, 2, 2 
19854, 2, 2 
14081, 2, 2 
10100, 2, 2 
830, 2, 2 
18891, 2, 2 
43345, 2, 2 
15829, 2, 2 
17464, 2, 2 
21135, 2, 2 
33334, 2, 2 
28154, 2, 2 
360, 2, 2 
53105, 2, 2 
814, 2, 2 
22335, 2, 2 
8372, 2, 2 
37863, 2, 2 
36485, 2, 2 
54128, 2, 2 
48887, 2, 2 
8390, 2, 2 
26779, 2, 2 
56687, 2, 2 
45763, 2, 2 
46543, 2, 2 
58884, 2, 2 
23525, 2, 2 
40409, 2, 2 
13495, 2, 2 
52801, 2, 2 
28998, 2, 2 
25437, 2, 2 
42991, 2, 2 
2790, 2, 2 
47499, 2, 2 
43312, 2, 2 
5895, 2, 2 
29967, 2, 2 
37942, 2, 2 
27883, 2, 2 
29312, 2, 2 
26907, 2, 2 
8614, 2, 2 
38127, 2, 2 
52001, 2, 2 
23039, 2, 2 
20695, 2, 2 
40832, 2, 2 
53367, 2, 2 
5094, 2, 2 
9841, 2, 2 
58936, 2, 2 
49406, 3, 3 
58163, 3, 3 
44729, 3, 3 
39678, 3, 3 
42681, 3, 3 
37643, 3, 3 
49654, 3, 3 
49149, 3, 3 
33709, 3, 3 
26050, 3, 3 
45239, 3, 3 
37082, 3, 3 
54694, 3, 3 
44338, 3, 3 
51655, 3, 3 
36705, 3, 3 
23425, 3, 3 
34893, 3, 3 
16370, 3, 3 
42735, 3, 3 
13831, 3, 3 
39349, 3, 3 
36855, 3, 3 
43717, 3, 3 
15010, 3, 3 
53619, 3, 3 
33009, 3, 3 
18765, 3, 3 
32042, 3, 3 
10369, 3, 3 
5433, 3, 3 
8427, 3, 3 
2029, 3, 3 
56047, 3, 3 
10141, 3, 3 
18299, 3, 3 
52539, 3, 3 
45642, 3, 3 
19368, 3, 3 
1436, 3, 3 
59643, 3, 3 
235, 3, 3 
55649, 3, 3 
37649, 3, 3 
44349, 3, 3 
8795, 3, 3 
39770, 3, 3 
19335, 3, 3 
44134, 3, 3 
1068, 3, 3 
40901, 3, 3 
49207, 3, 3 
53325, 3, 3 
55732, 3, 3 
45195, 3, 3 
51616, 3, 3 
39696, 3, 3 
39285, 3, 3 
13703, 3, 7 
16748, 3, 3 
39325, 3, 3 
59707, 3, 3 
35407, 3, 3 
34716, 3, 3 
33880, 3, 3 
52545, 3, 3 
38086, 3, 3 
10074, 3, 3 
54648, 3, 3 
25601, 3, 3 
12346, 3, 3 
56657, 3, 3 
22733, 3, 3 
7569, 3, 3 
361, 3, 3 
26744, 3, 3 
29182, 3, 3 
59891, 3, 3 
30483, 3, 3 
58333, 3, 3 
25091, 3, 3 
39235, 3, 3 
59318, 3, 3 
9851, 3, 3 
35890, 3, 3 
51756, 3, 3 
32586, 3, 3 
44439, 3, 3 
15907, 3, 3 
9932, 3, 3 
47225, 3, 3 
28031, 3, 3 
58065, 3, 3 
48045, 3, 3 
26267, 3, 3 
48396, 3, 3 
42212, 3, 3 
55257, 3, 3 
21144, 3, 3 
6415, 3, 3 
13577, 3, 3 
54062, 3, 3 
37017, 3, 3 
48426, 3, 3 
18992, 3, 3 
44969, 3, 3 
31136, 3, 3 
24906, 3, 3 
40247, 3, 3 
51471, 3, 3 
3606, 3, 3 
5919, 3, 3 
3674, 3, 3 
24867, 3, 3 
3740, 3, 3 
55937, 3, 3 
54530, 3, 3 
40572, 3, 3 
41085, 3, 3 
39445, 3, 3 
45031, 3, 3 
50946, 3, 3 
49006, 3, 3 
56337, 3, 3 
21584, 3, 3 
22721, 3, 3 
23829, 3, 3 
12437, 3, 3 
20347, 3, 3 
54107, 3, 3 
39804, 3, 3 
11296, 3, 3 
59350, 3, 3 
8773, 3, 3 
11960, 3, 3 
54704, 3, 3 
13576, 3, 3 
36287, 3, 3 
50735, 3, 3 
50491, 3, 3 
58257, 3, 3 
13496, 3, 3 
4628, 3, 3 
32505, 3, 3 
31631, 3, 3 
45734, 3, 3 
17634, 3, 3 
13706, 3, 3 
10762, 3, 3 
1722, 3, 3 
10635, 3, 3 
16372, 3, 3 
10330, 3, 3 
27930, 3, 3 
33754, 3, 3 
36471, 3, 3 
13579, 3, 3 
25033, 3, 3 
28263, 3, 3 
2179, 3, 3 
2127, 3, 3 
37422, 3, 3 
47455, 3, 3 
27795, 3, 3 
19536, 3, 3 
27160, 3, 3 
55527, 3, 3 
890, 3, 3 
24870, 3, 3 
1872, 3, 3 
51321, 3, 3 
22906, 3, 3 
17745, 3, 3 
52939, 3, 3 
35422, 3, 3 
45940, 3, 3 
37244, 3, 3 
1486, 3, 3 
11341, 3, 3 
4795, 3, 3 
37944, 3, 3 
44157, 3, 9 
35542, 3, 3 
49560, 3, 3 
36862, 3, 3 
21559, 3, 3 
38361, 3, 3 
14588, 3, 3 
35615, 3, 3 
39836, 3, 3 
32479, 3, 3 
26830, 3, 3 
58587, 3, 3 
58700, 3, 3 
54343, 3, 3 
59808, 3, 3 
43140, 3, 3 
22149, 3, 3 
57608, 3, 3 
56697, 3, 3 
7225, 3, 3 
25740, 3, 3 
51947, 3, 3 
28476, 3, 3 
11021, 3, 3 
50995, 3, 3 
19215, 3, 3 
35723, 3, 3 
15075, 3, 3 
40481, 3, 3 
47367, 3, 3 
29013, 3, 3 
46534, 3, 3 
59178, 3, 3 
51274, 3, 3 
57336, 3, 3 
5736, 3, 3 
53923, 3, 3 
57886, 3, 3 
50960, 3, 3 
12153, 3, 3 
40836, 3, 3 
23043, 3, 3 
26825, 3, 3 
645, 3, 3 
53903, 3, 3 
44889, 3, 3 
56934, 3, 3 
37636, 3, 3 
16924, 3, 3 
10865, 3, 3 
49249, 3, 3 
59886, 3, 3 
18169, 3, 3 
48557, 3, 3 
13325, 3, 3 
33371, 3, 3 
2941, 3, 3 
49020, 3, 3 
32581, 3, 3 
25480, 3, 3 
1718, 3, 3 
45554, 3, 3 
2463, 3, 3 
52259, 3, 3 
10608, 3, 3 
13673, 3, 3 
6233, 3, 3 
1778, 3, 3 
3397, 3, 3 
34630, 3, 3 
16078, 3, 3 
40739, 3, 3 
57533, 3, 3 
4508, 3, 3 
58250, 3, 3 
16556, 3, 3 
3810, 3, 3 
34740, 3, 3 
43889, 3, 3 
21154, 3, 3 
39798, 3, 3 
46465, 3, 3 
21261, 3, 3 
18426, 3, 3 
35165, 3, 3 
34644, 3, 3 
21673, 3, 3 
56191, 3, 3 
48499, 3, 3 
38180, 3, 3 
53104, 3, 3 
33970, 3, 3 
27671, 3, 3 
22069, 3, 3 
28936, 3, 3 
46729, 3, 3 
39619, 3, 3 
31548, 3, 3 
36103, 3, 3 
28199, 3, 3 
41233, 3, 3 
53514, 3, 3 
51522, 3, 3 
37021, 3, 3 
37622, 3, 3 
22451, 3, 3 
40166, 3, 3 
41929, 3, 3 
36337, 3, 3 
44575, 3, 3 
46899, 3, 3 
29269, 3, 3 
43435, 3, 3 
11201, 3, 3 
56305, 3, 3 
44848, 3, 2 
35486, 3, 3 
14177, 3, 3 
27691, 3, 3 
4429, 3, 3 
51790, 3, 3 
59630, 3, 3 
28137, 3, 3 
50969, 3, 3 
49981, 3, 3 
36917, 3, 3 
8693, 3, 3 
26053, 3, 3 
3793, 3, 3 
36566, 3, 3 
4295, 3, 3 
46403, 3, 3 
767, 3, 3 
40892, 3, 3 
5001, 3, 3 
40555, 3, 3 
24787, 3, 3 
18812, 3, 3 
11138, 3, 3 
10757, 3, 3 
48662, 3, 3 
39686, 3, 3 
14883, 3, 3 
20952, 3, 3 
8568, 3, 3 
58541, 3, 3 
32490, 3, 3 
9602, 3, 3 
35622, 3, 3 
35568, 3, 3 
42264, 3, 3 
40502, 3, 3 
52269, 3, 3 
1843, 3, 3 
22029, 3, 3 
55482, 3, 3 
25007, 3, 3 
23344, 3, 3 
23322, 3, 3 
1378, 3, 3 
6584, 3, 3 
15639, 3, 3 
54746, 3, 3 
43090, 3, 3 
52098, 3, 3 
55050, 3, 3 
56475, 3, 3 
54406, 3, 3 
21098, 3, 3 
6594, 3, 3 
32984, 3, 3 
54898, 3, 3 
54858, 3, 3 
38983, 3, 3 
11747, 3, 1 
48291, 3, 3 
18453, 3, 3 
27870, 3, 3 
13376, 3, 3 
54782, 3, 3 
27560, 3, 3 
13202, 3, 3 
5442, 3, 3 
17777, 3, 3 
47095, 3, 3 
7767, 3, 3 
31703, 3, 3 
18061, 3, 3 
31962, 3, 8 
36432, 3, 3 
10483, 3, 3 
6428, 3, 3 
53758, 3, 3 
15176, 3, 3 
33583, 3, 3 
48311, 3, 3 
35415, 3, 3 
50140, 3, 3 
13448, 3, 3 
49057, 3, 3 
38580, 3, 3 
8447, 3, 3 
13629, 3, 3 
35249, 3, 3 
19941, 3, 3 
21149, 3, 3 
16075, 3, 3 
4740, 3, 3 
22122, 3, 3 
13045, 3, 3 
30885, 3, 3 
8528, 3, 3 
14388, 3, 3 
59883, 3, 3 
28303, 3, 3 
16239, 3, 3 
26809, 3, 3 
22825, 3, 3 
36119, 3, 3 
53954, 3, 3 
5812, 3, 3 
29972, 3, 3 
5798, 3, 3 
16260, 3, 3 
3291, 3, 3 
48587, 3, 3 
56624, 3, 3 
12463, 3, 3 
15251, 3, 3 
24731, 3, 3 
4461, 3, 3 
34701, 3, 3 
31748, 3, 3 
34629, 3, 3 
26391, 3, 3 
26156, 3, 3 
35180, 3, 3 
41632, 3, 3 
39301, 3, 3 
41428, 3, 3 
51092, 3, 3 
52432, 3, 3 
29936, 3, 3 
4868, 3, 3 
20610, 3, 3 
44249, 3, 3 
43517, 3, 3 
29528, 3, 3 
44373, 3, 3 
42343, 3, 3 
47925, 3, 3 
19579, 3, 3 
54073, 3, 3 
57199, 3, 3 
46854, 3, 3 
39705, 3, 3 
10585, 3, 3 
49433, 3, 3 
11233, 3, 3 
2834, 3, 3 
30057, 3, 3 
35195, 3, 3 
38037, 3, 3 
11978, 3, 3 
5728, 3, 3 
46072, 3, 3 
25536, 3, 3 
43702, 3, 3 
50529, 3, 3 
46834, 3, 3 
25231, 3, 3 
28983, 3, 3 
7367, 3, 3 
19758, 3, 3 
12617, 3, 3 
7396, 3, 3 
38859, 3, 3 
15045, 3, 3 
58881, 3, 3 
12667, 3, 3 
39231, 3, 3 
37690, 3, 3 
41107, 3, 3 
51153, 3, 3 
55688, 3, 3 
18974, 3, 3 
59930, 3, 3 
16019, 3, 3 
23730, 3, 3 
23101, 3, 3 
28778, 3, 3 
56871, 3, 3 
22000, 3, 3 
16336, 3, 3 
1035, 3, 3 
10728, 3, 3 
9078, 3, 3 
59092, 3, 3 
49732, 3, 3 
43043, 3, 3 
13740, 3, 3 
30304, 3, 3 
54074, 3, 3 
2200, 3, 3 
27610, 3, 3 
19438, 3, 3 
8455, 3, 3 
9612, 3, 3 
46853, 3, 3 
24452, 3, 3 
47157, 3, 3 
3969, 3, 3 
50815, 3, 3 
20329, 3, 3 
9324, 3, 3 
12747, 3, 3 
17100, 3, 3 
59760, 3, 3 
44709, 3, 3 
17740, 4, 4 
43657, 4, 4 
13864, 4, 4 
14426, 4, 4 
22694, 4, 4 
54175, 4, 4 
37916, 4, 4 
14592, 4, 4 
18246, 4, 4 
22367, 4, 4 
16251, 4, 4 
51625, 4, 4 
1215, 4, 4 
7751, 4, 4 
38616, 4, 4 
25188, 4, 4 
27494, 4, 4 
16037, 4, 4 
32124, 4, 4 
28173, 4, 4 
42286, 4, 4 
57950, 4, 4 
53307, 4, 4 
22096, 4, 4 
42078, 4, 4 
45095, 4, 4 
29914, 4, 4 
24822, 4, 4 
31984, 4, 4 
34809, 4, 4 
1133, 4, 4 
47070, 4, 4 
32813, 4, 4 
44283, 4, 4 
53985, 4, 4 
38803, 4, 4 
21017, 4, 4 
41093, 4, 4 
46384, 4, 4 
57343, 4, 4 
1667, 4, 4 
10737, 4, 4 
21951, 4, 4 
16719, 4, 4 
17478, 4, 4 
26435, 4, 4 
59392, 4, 4 
49874, 4, 4 
28691, 4, 4 
59690, 4, 4 
32865, 4, 4 
22865, 4, 4 
35952, 4, 4 
3973, 4, 4 
56671, 4, 4 
11740, 4, 4 
17736, 4, 4 
35964, 4, 4 
5064, 4, 4 
8239, 4, 4 
53260, 4, 4 
4035, 4, 4 
27041, 4, 4 
39386, 4, 4 
20447, 4, 4 
37419, 4, 4 
26599, 4, 4 
2176, 4, 4 
15682, 4, 4 
6817, 4, 4 
9071, 4, 4 
32802, 4, 4 
36513, 4, 4 
25612, 4, 4 
49206, 4, 4 
59629, 4, 4 
22233, 4, 4 
41528, 4, 4 
58164, 4, 4 
46712, 4, 4 
26288, 4, 4 
29166, 4, 4 
22988, 4, 4 
21163, 4, 4 
38284, 4, 4 
50427, 4, 4 
21393, 4, 4 
23150, 4, 4 
51403, 4, 4 
18961, 4, 4 
41576, 4, 4 
24114, 4, 4 
26588, 4, 4 
25644, 4, 4 
18560, 4, 4 
30361, 4, 4 
52949, 4, 4 
17141, 4, 4 
33117, 4, 4 
6184, 4, 4 
35759, 4, 4 
49777, 4, 4 
39891, 4, 4 
39304, 4, 4 
56147, 4, 4 
19952, 4, 4 
29340, 4, 4 
18233, 4, 4 
35849, 4, 4 
2724, 4, 4 
55004, 4, 4 
1767, 4, 4 
44332, 4, 4 
21140, 4, 4 
35412, 4, 4 
27097, 4, 4 
37961, 4, 4 
55516, 4, 4 
25470, 4, 4 
8695, 4, 4 
27272, 4, 4 
12028, 4, 4 
4641, 4, 4 
31776, 4, 4 
22482, 4, 4 
8644, 4, 4 
14027, 4, 4 
31246, 4, 4 
57835, 4, 4 
47001, 4, 4 
55630, 4, 4 
52522, 4, 4 
54521, 4, 4 
58325, 4, 4 
54992, 4, 4 
58151, 4, 4 
28028, 4, 4 
13852, 4, 4 
8333, 4, 4 
53052, 4, 4 
18601, 4, 4 
44937, 4, 4 
10196, 4, 4 
14501, 4, 4 
55328, 4, 4 
49162, 4, 4 
17552, 4, 4 
27979, 4, 4 
15027, 4, 4 
13252, 4, 4 
9321, 4, 4 
21152, 4, 4 
38253, 4, 4 
50694, 4, 4 
51263, 4, 4 
53618, 4, 4 
36435, 4, 4 
6865, 4, 4 
34279, 4, 4 
40529, 4, 4 
53808, 4, 4 
35493, 4, 4 
36742, 4, 4 
28917, 4, 4 
38236, 4, 4 
25197, 4, 4 
2485, 4, 4 
45681, 4, 4 
5734, 4, 4 
18026, 4, 4 
23881, 4, 4 
46140, 4, 4 
54628, 4, 4 
16566, 4, 4 
43395, 4, 4 
2235, 4, 4 
34234, 4, 9 
42536, 4, 4 
39218, 4, 4 
39635, 4, 4 
7843, 4, 4 
39536, 4, 4 
5689, 4, 4 
23658, 4, 4 
39458, 4, 4 
48703, 4, 4 
31601, 4, 4 
13363, 4, 4 
58101, 4, 1 
17238, 4, 4 
12125, 4, 4 
43709, 4, 4 
38041, 4, 4 
55925, 4, 4 
19522, 4, 4 
44688, 4, 4 
11670, 4, 4 
22974, 4, 4 
8011, 4, 4 
32049, 4, 4 
10462, 4, 4 
4174, 4, 4 
53974, 4, 4 
12779, 4, 4 
166, 4, 4 
4464, 4, 4 
16929, 4, 4 
41664, 4, 4 
16216, 4, 4 
24929, 4, 4 
46955, 4, 4 
11024, 4, 4 
6674, 4, 4 
14739, 4, 4 
13901, 4, 4 
44620, 4, 4 
38229, 4, 4 
52681, 4, 4 
12873, 4, 4 
32387, 4, 4 
48487, 4, 4 
29271, 4, 4 
57382, 4, 4 
43302, 4, 4 
51382, 4, 4 
2520, 4, 4 
25613, 4, 4 
53327, 4, 4 
57585, 4, 4 
21916, 4, 4 
12052, 4, 4 
42774, 4, 4 
5792, 4, 4 
16051, 4, 4 
26992, 4, 4 
23276, 4, 4 
9541, 4, 4 
33051, 4, 4 
7677, 4, 4 
50879, 4, 4 
44499, 4, 4 
51360, 4, 4 
20208, 4, 4 
58, 4, 4 
4829, 4, 4 
23714, 4, 4 
52348, 4, 4 
52260, 4, 4 
36174, 4, 4 
56190, 4, 4 
48418, 4, 4 
49251, 4, 4 
22580, 4, 4 
46644, 4, 4 
57713, 4, 4 
11690, 4, 4 
15525, 4, 4 
6469, 4, 4 
50858, 4, 4 
8006, 4, 4 
4114, 4, 4 
48880, 4, 4 
11783, 4, 4 
32851, 4, 4 
12105, 4, 4 
50152, 4, 4 
4593, 4, 4 
18504, 4, 4 
41686, 4, 4 
51111, 4, 4 
38227, 4, 4 
42519, 4, 4 
33346, 4, 4 
35263, 4, 4 
9216, 4, 4 
8086, 4, 4 
34810, 4, 4 
20251, 4, 4 
5623, 4, 4 
31761, 4, 4 
55074, 4, 4 
2546, 4, 4 
35258, 4, 4 
59608, 4, 4 
45827, 4, 4 
55607, 4, 4 
43740, 4, 4 
52623, 4, 4 
24084, 4, 4 
33731, 4, 4 
45578, 4, 4 
717, 4, 4 
53031, 4, 4 
1440, 4, 4 
53451, 4, 4 
16851, 4, 4 
47431, 4, 4 
21339, 4, 4 
21037, 4, 4 
56758, 4, 4 
42750, 4, 4 
46415, 4, 4 
48961, 4, 4 
51049, 4, 4 
30888, 4, 4 
15179, 4, 4 
38601, 4, 4 
58764, 4, 4 
36322, 4, 4 
38270, 4, 4 
19483, 4, 4 
55776, 4, 4 
20653, 4, 4 
35472, 4, 4 
32448, 4, 4 
40657, 4, 4 
46022, 4, 4 
45749, 4, 4 
17325, 4, 4 
30658, 4, 4 
14683, 4, 4 
21875, 4, 4 
32032, 4, 4 
23538, 4, 9 
11886, 4, 4 
57721, 4, 4 
45238, 4, 9 
17182, 4, 4 
45778, 4, 4 
11040, 4, 4 
56893, 4, 4 
26458, 4, 9 
59759, 4, 4 
33359, 4, 4 
14788, 4, 4 
23999, 4, 4 
10241, 4, 4 
29558, 4, 4 
21134, 4, 4 
16969, 4, 8 
32661, 4, 4 
20711, 4, 4 
46487, 4, 4 
7596, 4, 4 
44110, 4, 4 
36190, 4, 4 
5085, 4, 4 
52517, 4, 4 
5033, 4, 4 
19252, 4, 4 
5293, 4, 4 
5322, 4, 4 
44342, 4, 4 
46498, 4, 4 
30169, 4, 4 
17744, 4, 4 
43364, 4, 4 
40846, 4, 4 
14972, 4, 4 
49195, 4, 4 
30725, 4, 4 
59543, 4, 4 
20962, 4, 4 
36483, 4, 4 
29992, 4, 4 
40903, 4, 4 
39730, 4, 4 
58049, 4, 4 
36940, 4, 4 
40660, 4, 8 
7186, 4, 4 
29461, 4, 4 
9189, 4, 4 
40671, 4, 4 
34855, 4, 4 
43703, 4, 4 
31285, 4, 4 
21363, 4, 4 
23031, 4, 4 
31050, 4, 4 
13291, 4, 4 
15298, 4, 4 
2032, 4, 4 
50183, 4, 4 
29898, 4, 4 
51814, 4, 4 
55597, 4, 4 
16438, 4, 4 
576, 4, 4 
23411, 4, 4 
35335, 4, 4 
52658, 4, 4 
21263, 4, 4 
37104, 4, 4 
54046, 4, 4 
18999, 4, 4 
16338, 4, 4 
15617, 4, 4 
40169, 4, 4 
18490, 4, 4 
16206, 4, 4 
5945, 4, 4 
12966, 4, 4 
26544, 4, 4 
28767, 4, 4 
1554, 4, 4 
47691, 4, 4 
11046, 4, 4 
412, 4, 4 
32469, 4, 4 
22771, 4, 4 
20794, 4, 4 
28573, 4, 4 
59789, 4, 4 
20529, 4, 4 
4406, 4, 4 
55964, 4, 4 
21472, 4, 4 
21307, 4, 4 
26365, 4, 4 
39341, 4, 4 
10832, 4, 4 
19907, 4, 4 
7002, 4, 4 
13302, 4, 4 
3091, 4, 4 
15568, 4, 4 
8872, 4, 4 
4423, 4, 4 
59465, 4, 4 
45339, 4, 4 
45709, 4, 4 
35830, 4, 4 
57361, 4, 4 
9190, 4, 4 
43612, 4, 4 
20651, 4, 4 
57371, 4, 4 
48972, 4, 4 
6329, 4, 4 
49712, 4, 4 
27825, 4, 4 
30830, 4, 4 
43452, 4, 4 
1765, 4, 4 
481, 4, 4 
43983, 4, 4 
41511, 4, 4 
25662, 4, 4 
12332, 4, 4 
56827, 4, 4 
8298, 4, 4 
16625, 4, 4 
14206, 4, 4 
22645, 4, 4 
50022, 4, 4 
29054, 4, 4 
33630, 4, 4 
43398, 4, 4 
18578, 4, 4 
35584, 4, 4 
18200, 4, 4 
37295, 4, 4 
23083, 4, 4 
31539, 4, 4 
29339, 4, 4 
12169, 4, 4 
35813, 4, 4 
18981, 4, 4 
16389, 4, 4 
26111, 4, 4 
54826, 4, 4 
37840, 4, 4 
10845, 4, 4 
6107, 4, 4 
40990, 4, 4 
23528, 4, 4 
10504, 4, 4 
29372, 4, 4 
35425, 4, 4 
12726, 4, 4 
54582, 4, 4 
48215, 4, 4 
55954, 4, 4 
50471, 4, 4 
52344, 4, 4 
22699, 4, 4 
3125, 4, 4 
59975, 4, 4 
39298, 4, 4 
18062, 4, 4 
52873, 4, 4 
15310, 4, 4 
51454, 4, 4 
51312, 4, 4 
6652, 4, 4 
58833, 4, 4 
12948, 4, 4 
26, 4, 4 
45353, 4, 4 
52257, 5, 5 
50320, 5, 5 
15855, 5, 5 
52717, 5, 5 
28046, 5, 5 
33767, 5, 5 
328, 5, 5 
17608, 5, 5 
5872, 5, 5 
15390, 5, 5 
23066, 5, 5 
59005, 5, 5 
32533, 5, 5 
1635, 5, 5 
20266, 5, 5 
43021, 5, 5 
18676, 5, 5 
34811, 5, 5 
16980, 5, 5 
16310, 5, 5 
17514, 5, 5 
24864, 5, 5 
16295, 5, 5 
43753, 5, 5 
43855, 5, 5 
43696, 5, 5 
56979, 5, 5 
13633, 5, 5 
24128, 5, 5 
7927, 5, 5 
5984, 5, 5 
23824, 5, 9 
47968, 5, 5 
50985, 5, 5 
23005, 5, 5 
5719, 5, 5 
28141, 5, 5 
8712, 5, 5 
6610, 5, 5 
49236, 5, 5 
38648, 5, 5 
21902, 5, 5 
10498, 5, 5 
44924, 5, 5 
46522, 5, 5 
50202, 5, 5 
25765, 5, 5 
22354, 5, 5 
1340, 5, 5 
25411, 5, 5 
51157, 5, 5 
2945, 5, 5 
56935, 5, 5 
53968, 5, 5 
18254, 5, 5 
41390, 5, 5 
45536, 5, 5 
40972, 5, 5 
55010, 5, 5 
5668, 5, 5 
58757, 5, 5 
5188, 5, 5 
51679, 5, 5 
3752, 5, 5 
26198, 5, 5 
15949, 5, 5 
31618, 5, 5 
45166, 5, 5 
10192, 5, 5 
23655, 5, 5 
21385, 5, 5 
48533, 5, 5 
31022, 5, 5 
35187, 5, 5 
1313, 5, 5 
40534, 5, 5 
40021, 5, 5 
3301, 5, 5 
32511, 5, 5 
15284, 5, 5 
44461, 5, 5 
23903, 5, 5 
19056, 5, 5 
38830, 5, 5 
42910, 5, 5 
22736, 5, 5 
36407, 5, 5 
52947, 5, 5 
33617, 5, 5 
37276, 5, 5 
54230, 5, 5 
50422, 5, 5 
59338, 5, 5 
6300, 5, 5 
1650, 5, 5 
39380, 5, 5 
13276, 5, 5 
36695, 5, 5 
33876, 5, 5 
50782, 5, 5 
50301, 5, 5 
32788, 5, 5 
36480, 5, 5 
25357, 5, 5 
14799, 5, 5 
39689, 5, 5 
20799, 5, 5 
27224, 5, 5 
53971, 5, 5 
14048, 5, 5 
21850, 5, 5 
9111, 5, 5 
58731, 5, 5 
39562, 5, 5 
56314, 5, 5 
27801, 5, 5 
34760, 5, 5 
16424, 5, 5 
19175, 5, 5 
34561, 5, 5 
52108, 5, 5 
56669, 5, 5 
21433, 5, 5 
33749, 5, 5 
44494, 5, 5 
51553, 5, 5 
48449, 5, 5 
43218, 5, 5 
6237, 5, 5 
14428, 5, 5 
27742, 5, 5 
32492, 5, 5 
21329, 5, 5 
54932, 5, 5 
51254, 5, 5 
56947, 5, 5 
9397, 5, 5 
45591, 5, 5 
8337, 5, 5 
45797, 5, 5 
25273, 5, 5 
1285, 5, 5 
56128, 5, 5 
9326, 5, 5 
8945, 5, 5 
23007, 5, 5 
26131, 5, 5 
13862, 5, 5 
12569, 5, 5 
55075, 5, 5 
34082, 5, 5 
26552, 5, 5 
13279, 5, 5 
43357, 5, 5 
52210, 5, 4 
10258, 5, 5 
12488, 5, 5 
1382, 5, 5 
1526, 5, 5 
15136, 5, 5 
10811, 5, 5 
24426, 5, 9 
4940, 5, 5 
32026, 5, 5 
46469, 5, 5 
11154, 5, 5 
21989, 5, 5 
39725, 5, 5 
30622, 5, 5 
40868, 5, 5 
18947, 5, 5 
39114, 5, 5 
9291, 5, 5 
41610, 5, 5 
53122, 5, 5 
48644, 5, 5 
20140, 5, 5 
44783, 5, 5 
38038, 5, 5 
51973, 5, 5 
8519, 5, 5 
30448, 5, 5 
32198, 5, 5 
22180, 5, 5 
49820, 5, 5 
42680, 5, 5 
37226, 5, 5 
31316, 5, 5 
19699, 5, 5 
28504, 5, 5 
38959, 5, 5 
30323, 5, 5 
32875, 5, 5 
50983, 5, 5 
25223, 5, 5 
18417, 5, 5 
41566, 5, 5 
44830, 5, 5 
23209, 5, 5 
51874, 5, 5 
44845, 5, 5 
30528, 5, 5 
6451, 5, 5 
6830, 5, 5 
19839, 5, 5 
7133, 5, 5 
30918, 5, 5 
50316, 5, 5 
28939, 5, 5 
48424, 5, 5 
58040, 5, 5 
31702, 5, 5 
3705, 5, 5 
44055, 5, 5 
3613, 5, 5 
33288, 5, 5 
513, 5, 5 
30280, 5, 5 
31053, 5, 5 
32659, 5, 5 
36539, 5, 5 
40518, 5, 5 
23567, 5, 5 
15012, 5, 5 
48353, 5, 5 
38113, 5, 5 
20791, 5, 5 
11270, 5, 5 
35228, 5, 5 
6352, 5, 5 
19702, 5, 5 
57639, 5, 5 
23550, 5, 5 
5971, 5, 5 
4424, 5, 5 
22845, 5, 5 
36579, 5, 5 
9605, 5, 5 
58547, 5, 5 
15069, 5, 5 
25654, 5, 5 
53054, 5, 5 
51342, 5, 5 
56928, 5, 5 
42274, 5, 5 
21550, 5, 5 
45582, 5, 5 
45604, 5, 5 
36245, 5, 5 
50831, 5, 5 
34755, 5, 5 
12097, 5, 5 
7639, 5, 5 
19288, 5, 5 
58217, 5, 5 
34868, 5, 5 
36111, 5, 5 
3062, 5, 5 
59997, 5, 5 
6200, 5, 5 
42121, 5, 5 
53275, 5, 5 
38739, 5, 5 
15110, 5, 5 
50456, 5, 5 
26363, 5, 5 
40290, 5, 5 
32233, 5, 5 
24439, 5, 5 
9367, 5, 5 
55248, 5, 5 
25342, 5, 5 
23722, 5, 5 
12695, 5, 5 
12484, 5, 5 
20000, 5, 5 
24887, 5, 8 
46759, 5, 5 
12996, 5, 5 
12181, 5, 5 
20190, 5, 5 
15676, 5, 5 
5839, 5, 5 
56461, 5, 5 
56517, 5, 5 
51144, 5, 5 
22030, 5, 5 
27043, 5, 5 
47609, 5, 5 
35535, 5, 5 
19077, 5, 5 
43585, 5, 5 
42267, 5, 5 
27594, 5, 5 
2713, 5, 5 
48469, 5, 5 
11492, 5, 5 
14707, 5, 5 
53715, 5, 5 
36850, 5, 5 
32614, 5, 5 
18313, 5, 5 
50768, 5, 5 
54880, 5, 5 
21124, 5, 5 
37850, 5, 5 
33138, 5, 5 
19849, 5, 5 
2869, 5, 5 
1111, 5, 5 
35397, 5, 5 
12843, 5, 5 
44753, 5, 5 
48367, 5, 5 
59576, 5, 5 
14591, 5, 5 
9495, 5, 5 
10412, 5, 5 
14917, 5, 5 
52172, 5, 5 
39807, 5, 5 
31649, 5, 5 
52347, 5, 5 
1670, 5, 5 
19456, 5, 5 
39901, 5, 5 
19746, 5, 5 
44939, 5, 5 
40966, 5, 5 
55450, 5, 5 
31821, 5, 5 
59329, 5, 5 
49273, 5, 5 
42322, 5, 5 
13368, 5, 5 
45139, 5, 5 
56038, 5, 5 
7842, 5, 5 
59170, 5, 5 
59180, 5, 5 
27813, 5, 5 
43772, 5, 5 
41674, 5, 5 
40711, 5, 5 
23874, 5, 5 
6370, 5, 5 
55908, 5, 5 
14544, 5, 5 
49428, 5, 5 
49655, 5, 5 
8938, 5, 5 
14435, 5, 5 
53408, 5, 5 
51503, 5, 5 
17981, 5, 5 
16490, 5, 5 
59676, 5, 5 
22575, 5, 5 
59278, 5, 5 
43412, 5, 5 
9064, 5, 5 
47414, 5, 5 
2554, 5, 5 
14180, 5, 5 
7374, 5, 5 
53410, 5, 5 
34122, 5, 5 
4529, 5, 5 
16357, 5, 5 
6096, 5, 5 
622, 5, 5 
757, 5, 5 
41462, 5, 5 
16745, 5, 5 
23568, 5, 5 
12588, 5, 5 
21275, 5, 5 
10162, 5, 5 
44665, 5, 5 
37584, 5, 5 
19589, 5, 5 
33245, 5, 5 
2182, 5, 5 
49460, 5, 5 
55287, 5, 5 
30991, 5, 5 
50592, 5, 5 
2414, 5, 5 
10111, 5, 5 
51444, 5, 5 
28477, 5, 5 
39225, 5, 5 
53978, 5, 5 
23947, 5, 5 
54225, 5, 5 
19078, 5, 5 
22979, 5, 5 
31328, 5, 5 
24202, 5, 5 
36602, 5, 5 
15206, 5, 5 
4617, 5, 5 
49190, 5, 5 
59133, 5, 5 
316, 5, 5 
11542, 5, 5 
31069, 5, 5 
32154, 5, 5 
20804, 5, 5 
46476, 5, 5 
39808, 5, 5 
46513, 5, 5 
9028, 5, 5 
31253, 5, 5 
54233, 5, 5 
29268, 5, 5 
29112, 5, 5 
9947, 5, 5 
23725, 5, 5 
23836, 5, 5 
18839, 5, 5 
38362, 5, 5 
652, 5, 5 
45118, 5, 5 
33528, 5, 5 
37589, 5, 5 
14106, 5, 5 
44506, 5, 5 
53675, 5, 5 
25494, 5, 5 
43233, 5, 5 
23377, 5, 5 
33825, 5, 5 
9800, 5, 5 
18932, 5, 5 
54024, 5, 5 
13948, 5, 5 
34128, 5, 5 
15742, 5, 5 
31875, 5, 5 
56269, 5, 5 
3832, 5, 5 
36508, 5, 5 
9539, 5, 5 
44625, 5, 5 
30957, 5, 5 
39021, 5, 5 
24516, 5, 5 
9581, 5, 5 
9995, 5, 5 
18366, 5, 5 
13321, 5, 5 
51821, 5, 5 
12937, 5, 5 
47707, 5, 5 
9033, 5, 5 
23249, 5, 5 
14689, 5, 5 
17453, 5, 5 
38071, 5, 5 
22734, 5, 5 
34996, 5, 5 
43175, 5, 5 
44165, 5, 5 
13551, 5, 5 
51989, 5, 5 
51405, 5, 5 
22186, 5, 5 
403, 5, 5 
34836, 5, 5 
48637, 5, 5 
56748, 5, 5 
21749, 5, 5 
25096, 5, 5 
15975, 5, 5 
16737, 5, 5 
11025, 5, 5 
7845, 5, 5 
11182, 5, 5 
34584, 5, 5 
36087, 5, 5 
18518, 5, 5 
8569, 5, 5 
39539, 5, 5 
15874, 5, 5 
38023, 5, 5 
17879, 5, 5 
12978, 5, 5 
44480, 5, 5 
306, 5, 5 
19533, 5, 5 
42983, 5, 5 
2885, 5, 5 
18968, 5, 5 
36256, 5, 5 
29156, 5, 5 
3575, 5, 5 
22272, 5, 3 
32386, 5, 5 
50549, 5, 5 
31104, 6, 6 
701, 6, 6 
21844, 6, 6 
762, 6, 6 
51995, 6, 6 
39792, 6, 6 
9929, 6, 6 
43225, 6, 6 
13133, 6, 6 
41874, 6, 6 
31705, 6, 6 
39709, 6, 6 
1986, 6, 6 
43281, 6, 6 
25638, 6, 6 
11347, 6, 6 
59866, 6, 6 
13, 6, 6 
57254, 6, 6 
33615, 6, 6 
39506, 6, 6 
3172, 6, 6 
57587, 6, 6 
155, 6, 6 
1902, 6, 6 
37401, 6, 6 
58549, 6, 6 
5040, 6, 6 
51507, 6, 6 
48433, 6, 6 
45267, 6, 6 
55382, 6, 6 
24165, 6, 6 
17252, 6, 6 
4699, 6, 6 
54205, 6, 6 
23107, 6, 6 
48398, 6, 6 
3947, 6, 6 
56232, 6, 6 
28870, 6, 6 
1869, 6, 6 
40342, 6, 6 
21368, 6, 6 
11357, 6, 6 
53557, 6, 6 
4054, 6, 6 
4631, 6, 6 
28890, 6, 6 
43977, 6, 6 
54390, 6, 6 
3717, 6, 6 
5671, 6, 6 
38853, 6, 6 
33497, 6, 6 
11497, 6, 6 
51456, 6, 6 
58271, 6, 6 
49524, 6, 6 
1266, 6, 6 
36036, 6, 6 
50280, 6, 6 
10725, 6, 6 
21347, 6, 6 
17001, 6, 6 
47636, 6, 6 
14784, 6, 6 
27190, 6, 6 
9379, 6, 6 
19661, 6, 6 
25977, 6, 6 
37676, 6, 6 
10442, 6, 6 
50323, 6, 6 
39650, 6, 6 
4463, 6, 6 
42207, 6, 6 
34492, 6, 6 
15463, 6, 6 
21538, 6, 6 
35433, 6, 6 
37998, 6, 6 
3671, 6, 6 
27382, 6, 6 
47847, 6, 6 
14813, 6, 6 
4018, 6, 6 
28115, 6, 6 
30911, 6, 6 
4314, 6, 6 
5311, 6, 6 
20523, 6, 6 
9760, 6, 6 
43726, 6, 6 
24377, 6, 6 
26759, 6, 6 
10307, 6, 6 
59284, 6, 6 
19462, 6, 6 
9816, 6, 6 
28152, 6, 6 
34060, 6, 6 
1931, 6, 6 
45506, 6, 6 
59928, 6, 6 
22872, 6, 6 
27161, 6, 6 
57742, 6, 6 
3950, 6, 6 
19956, 6, 6 
21404, 6, 6 
50657, 6, 6 
14677, 6, 6 
48090, 6, 6 
55731, 6, 6 
48706, 6, 6 
47260, 6, 6 
261, 6, 6 
52754, 6, 6 
40034, 6, 6 
29140, 6, 6 
4392, 6, 6 
19349, 6, 6 
23922, 6, 6 
21920, 6, 6 
22190, 6, 6 
20775, 6, 6 
42225, 6, 6 
31303, 6, 6 
3577, 6, 6 
50082, 6, 6 
23139, 6, 6 
14487, 6, 6 
19208, 6, 6 
37228, 6, 6 
17221, 6, 6 
41415, 6, 6 
23577, 6, 6 
3127, 6, 6 
15839, 6, 6 
37195, 6, 6 
7970, 6, 6 
311, 6, 6 
25489, 6, 6 
40661, 6, 6 
26490, 6, 6 
10855, 6, 6 
58554, 6, 6 
4712, 6, 6 
15047, 6, 6 
28905, 6, 6 
37175, 6, 6 
29725, 6, 6 
10697, 6, 6 
16703, 6, 6 
10976, 6, 6 
43386, 6, 6 
25646, 6, 6 
55012, 6, 6 
16957, 6, 6 
54969, 6, 6 
38514, 6, 6 
34135, 6, 6 
36714, 6, 8 
23179, 6, 6 
25499, 6, 6 
17783, 6, 6 
40616, 6, 6 
10275, 6, 6 
2059, 6, 6 
33564, 6, 6 
34009, 6, 6 
13085, 6, 6 
48827, 6, 6 
39987, 6, 6 
25943, 6, 6 
32739, 6, 6 
6721, 6, 6 
28507, 6, 6 
23924, 6, 6 
33318, 6, 6 
45633, 6, 6 
42154, 6, 6 
15924, 6, 6 
48283, 6, 6 
30687, 6, 6 
11871, 6, 6 
57529, 6, 6 
49139, 6, 6 
52338, 6, 6 
54733, 6, 6 
13737, 6, 6 
55512, 6, 6 
17623, 6, 6 
44932, 6, 6 
27833, 6, 6 
11307, 6, 6 
19754, 6, 6 
34915, 6, 6 
45157, 6, 6 
4605, 6, 6 
36826, 6, 6 
45581, 6, 6 
51778, 6, 6 
3700, 6, 6 
31220, 6, 6 
59758, 6, 6 
50270, 6, 6 
11697, 6, 6 
40980, 6, 6 
49418, 6, 6 
53220, 6, 6 
27504, 6, 6 
106, 6, 6 
36259, 6, 6 
31040, 6, 6 
41676, 6, 6 
10164, 6, 6 
48740, 6, 6 
6631, 6, 6 
7564, 6, 6 
31046, 6, 6 
25579, 6, 6 
7206, 6, 6 
19135, 6, 6 
22693, 6, 6 
14453, 6, 6 
42075, 6, 6 
36561, 6, 6 
43589, 6, 6 
25037, 6, 6 
4586, 6, 6 
57353, 6, 6 
31289, 6, 6 
3392, 6, 6 
6602, 6, 6 
53068, 6, 6 
31620, 6, 6 
9765, 6, 6 
32436, 6, 6 
54547, 6, 6 
49693, 6, 6 
41547, 6, 6 
25769, 6, 6 
449, 6, 6 
5226, 6, 6 
41361, 6, 6 
2756, 6, 6 
36293, 6, 6 
59540, 6, 6 
26107, 6, 6 
6281, 6, 6 
565, 6, 6 
56549, 6, 6 
43424, 6, 6 
45241, 6, 6 
34220, 6, 6 
30971, 6, 6 
5998, 6, 6 
35213, 6, 6 
6567, 6, 6 
2822, 6, 6 
59591, 6, 6 
41459, 6, 6 
1350, 6, 6 
31646, 6, 6 
29832, 6, 6 
48632, 6, 6 
31907, 6, 6 
56545, 6, 6 
17034, 6, 6 
41577, 6, 6 
43742, 6, 6 
28339, 6, 6 
10463, 6, 6 
3939, 6, 6 
21331, 6, 6 
5619, 6, 6 
12567, 6, 6 
32696, 6, 6 
43736, 6, 6 
23421, 6, 6 
52557, 6, 6 
22982, 6, 6 
16590, 6, 6 
32633, 6, 6 
40356, 6, 6 
21941, 6, 6 
2311, 6, 6 
22718, 6, 6 
23125, 6, 6 
52859, 6, 6 
14525, 6, 6 
44082, 6, 6 
21316, 6, 6 
10913, 6, 6 
32999, 6, 6 
23354, 6, 6 
27890, 6, 6 
48169, 6, 6 
41778, 6, 6 
46471, 6, 6 
29643, 6, 6 
36910, 6, 6 
41344, 6, 6 
15324, 6, 6 
31606, 6, 6 
33063, 6, 6 
15419, 6, 6 
34840, 6, 6 
18908, 6, 6 
50199, 6, 6 
46198, 6, 6 
30577, 6, 6 
11996, 6, 6 
51528, 6, 6 
26670, 6, 6 
48141, 6, 6 
47715, 6, 6 
39180, 6, 6 
45856, 6, 6 
23476, 6, 6 
46359, 6, 6 
22889, 6, 6 
39251, 6, 6 
23533, 6, 6 
46003, 6, 6 
35684, 6, 6 
54265, 6, 6 
21418, 6, 6 
19356, 6, 6 
32402, 6, 6 
44197, 6, 6 
30839, 6, 6 
8940, 6, 6 
9662, 6, 6 
57409, 6, 6 
52678, 6, 6 
17556, 6, 6 
9798, 6, 6 
12191, 6, 6 
58815, 6, 6 
27266, 6, 6 
44879, 6, 6 
5218, 6, 6 
25572, 6, 6 
3869, 6, 6 
11875, 6, 6 
53818, 6, 6 
17855, 6, 6 
33006, 6, 6 
35817, 6, 6 
9305, 6, 6 
58251, 6, 6 
26614, 6, 6 
151, 6, 6 
59770, 6, 6 
24191, 6, 6 
48505, 6, 6 
17829, 6, 6 
21934, 6, 6 
53581, 6, 6 
15862, 6, 6 
31268, 6, 6 
20221, 6, 6 
43431, 6, 6 
16632, 6, 6 
54537, 6, 6 
7109, 6, 6 
39337, 6, 6 
44114, 6, 6 
42714, 6, 6 
46524, 6, 6 
23622, 6, 6 
5861, 6, 6 
48810, 6, 6 
24214, 6, 6 
1224, 6, 6 
36310, 6, 6 
30822, 6, 6 
23900, 6, 6 
7179, 6, 6 
52912, 6, 6 
48301, 6, 6 
47430, 6, 6 
29330, 6, 6 
1415, 6, 6 
2148, 6, 6 
17344, 6, 6 
24037, 6, 6 
15088, 6, 6 
15051, 6, 6 
13010, 6, 6 
23233, 6, 6 
18058, 6, 6 
38571, 6, 6 
47084, 6, 6 
17910, 6, 6 
48714, 6, 6 
29803, 6, 6 
40515, 6, 6 
48430, 6, 6 
36798, 6, 6 
14909, 6, 6 
41213, 6, 6 
1337, 6, 6 
26181, 6, 6 
18271, 6, 6 
21832, 6, 6 
50160, 6, 6 
35988, 6, 6 
16648, 6, 6 
9237, 6, 6 
58259, 6, 6 
944, 6, 6 
36067, 6, 6 
536, 6, 6 
12851, 6, 6 
59578, 6, 6 
25770, 6, 6 
6219, 6, 6 
14344, 6, 6 
26768, 6, 6 
29527, 6, 6 
11117, 6, 6 
49517, 6, 6 
1327, 6, 6 
45713, 6, 6 
28085, 6, 6 
52685, 6, 6 
13427, 6, 6 
49802, 6, 6 
14421, 6, 6 
6453, 6, 6 
17014, 6, 6 
50034, 6, 6 
26039, 6, 6 
31708, 6, 6 
44189, 6, 6 
40023, 6, 6 
17814, 6, 6 
50146, 6, 6 
35687, 6, 6 
44801, 6, 6 
2850, 6, 6 
794, 6, 6 
50241, 6, 6 
23098, 6, 6 
2300, 6, 6 
36363, 6, 6 
42685, 6, 6 
35385, 6, 6 
19881, 6, 6 
54652, 6, 6 
18732, 6, 6 
9090, 6, 6 
26470, 6, 6 
1435, 6, 6 
3115, 6, 6 
26633, 6, 6 
47006, 6, 6 
36425, 6, 6 
45209, 6, 6 
6526, 6, 6 
21712, 6, 6 
44644, 6, 6 
56592, 6, 6 
51687, 6, 6 
10650, 6, 6 
57233, 6, 6 
48744, 6, 6 
816, 6, 6 
49539, 6, 6 
51213, 6, 6 
5879, 6, 6 
51697, 6, 6 
36881, 6, 6 
25316, 6, 6 
20291, 6, 6 
21180, 6, 6 
52513, 6, 6 
15706, 6, 6 
24616, 6, 6 
9113, 6, 6 
43697, 6, 6 
4155, 6, 6 
10836, 6, 6 
1139, 6, 6 
38115, 6, 6 
39379, 6, 6 
49900, 6, 6 
52265, 6, 6 
45552, 6, 6 
93, 6, 6 
41439, 6, 6 
20839, 6, 6 
52781, 6, 6 
21755, 6, 6 
59744, 6, 6 
22128, 6, 6 
42798, 7, 7 
59894, 7, 7 
30599, 7, 7 
22588, 7, 7 
38688, 7, 7 
24415, 7, 7 
50760, 7, 7 
56888, 7, 7 
13042, 7, 7 
57540, 7, 7 
20971, 7, 7 
839, 7, 7 
23698, 7, 7 
51621, 7, 7 
2187, 7, 7 
38091, 7, 7 
57774, 7, 7 
8353, 7, 7 
27970, 7, 7 
31899, 7, 7 
9606, 7, 7 
36041, 7, 7 
25355, 7, 7 
23711, 7, 7 
52591, 7, 7 
21000, 7, 7 
19989, 7, 7 
53465, 7, 7 
10828, 7, 7 
31331, 7, 7 
41520, 7, 7 
53291, 7, 7 
38890, 7, 7 
10946, 7, 7 
17795, 7, 7 
58444, 7, 7 
50461, 7, 7 
53614, 7, 7 
14832, 7, 7 
31992, 7, 7 
19635, 7, 7 
27057, 7, 7 
12025, 7, 7 
27983, 7, 7 
15754, 7, 7 
50742, 7, 7 
16162, 7, 7 
59115, 7, 7 
14866, 7, 7 
6134, 7, 7 
13410, 7, 7 
45551, 7, 7 
22082, 7, 7 
1770, 7, 7 
32215, 7, 7 
14032, 7, 7 
50129, 7, 7 
54426, 7, 7 
26234, 7, 7 
53866, 7, 7 
57044, 7, 7 
58571, 7, 7 
56640, 7, 7 
31460, 7, 7 
58485, 7, 7 
32208, 7, 7 
40242, 7, 7 
12676, 7, 7 
41131, 7, 7 
44050, 7, 7 
17833, 7, 7 
57099, 7, 7 
8556, 7, 7 
47879, 7, 7 
39113, 7, 7 
41367, 7, 7 
29432, 7, 7 
38794, 7, 7 
20277, 7, 7 
50743, 7, 7 
27546, 7, 7 
7950, 7, 7 
43969, 7, 7 
59661, 7, 7 
16004, 7, 7 
56846, 7, 7 
21894, 7, 7 
43555, 7, 7 
38921, 7, 7 
6835, 7, 7 
11076, 7, 7 
43528, 7, 7 
16143, 7, 7 
23621, 7, 7 
4875, 7, 7 
56287, 7, 7 
49818, 7, 7 
32877, 7, 7 
16514, 7, 7 
14391, 7, 7 
36436, 7, 7 
30165, 7, 7 
13662, 7, 7 
16712, 7, 7 
30558, 7, 7 
10989, 7, 7 
45571, 7, 7 
31387, 7, 7 
42646, 7, 7 
56814, 7, 7 
27235, 7, 7 
12730, 7, 7 
52443, 7, 7 
1636, 7, 7 
58950, 7, 7 
30015, 7, 7 
17177, 7, 7 
20158, 7, 7 
52113, 7, 7 
54760, 7, 7 
59405, 7, 7 
52436, 7, 7 
7306, 7, 7 
52524, 7, 7 
9560, 7, 7 
48166, 7, 7 
17140, 7, 7 
35711, 7, 7 
14114, 7, 7 
31594, 7, 7 
8594, 7, 7 
25126, 7, 7 
26441, 7, 7 
51322, 7, 7 
28450, 7, 7 
32988, 7, 7 
12511, 7, 7 
46673, 7, 7 
50894, 7, 7 
7992, 7, 7 
42573, 7, 7 
31799, 7, 7 
39345, 7, 7 
22519, 7, 7 
30913, 7, 7 
51500, 7, 7 
9433, 7, 4 
49540, 7, 7 
28118, 7, 7 
47303, 7, 7 
7301, 7, 7 
4672, 7, 7 
51586, 7, 7 
6481, 7, 7 
31996, 7, 7 
38291, 7, 7 
33170, 7, 7 
43362, 7, 7 
969, 7, 7 
13599, 7, 7 
12273, 7, 7 
30290, 7, 7 
20004, 7, 7 
45615, 7, 7 
4478, 7, 7 
7961, 7, 7 
32649, 7, 7 
57405, 7, 7 
36069, 7, 7 
4995, 7, 7 
56037, 7, 7 
19869, 7, 7 
46341, 7, 7 
37994, 7, 7 
59107, 7, 7 
17278, 7, 7 
43019, 7, 7 
57280, 7, 7 
22743, 7, 7 
23526, 7, 7 
54482, 7, 7 
17114, 7, 7 
35636, 7, 7 
55084, 7, 7 
17481, 7, 7 
16343, 7, 7 
9582, 7, 7 
58099, 7, 7 
17044, 7, 7 
15997, 7, 7 
37900, 7, 7 
49116, 7, 7 
53242, 7, 7 
32589, 7, 7 
1891, 7, 7 
30449, 7, 7 
39257, 7, 7 
20707, 7, 7 
14741, 7, 7 
20466, 7, 7 
31699, 7, 7 
13905, 7, 7 
25160, 7, 7 
18969, 7, 7 
18736, 7, 7 
28869, 7, 7 
9157, 7, 7 
41707, 7, 7 
37684, 7, 7 
25862, 7, 7 
10160, 7, 7 
34970, 7, 7 
39586, 7, 7 
53766, 7, 7 
53886, 7, 7 
3788, 7, 7 
9767, 7, 7 
56591, 7, 7 
28670, 7, 7 
14348, 7, 7 
8362, 7, 7 
30155, 7, 7 
12737, 7, 7 
4519, 7, 7 
9905, 7, 7 
7494, 7, 7 
8980, 7, 7 
28620, 7, 7 
10461, 7, 7 
25133, 7, 7 
38908, 7, 7 
57652, 7, 7 
45428, 7, 7 
21062, 7, 7 
27574, 7, 7 
56680, 7, 7 
14439, 7, 7 
58690, 7, 7 
13786, 7, 7 
52363, 7, 7 
43427, 7, 7 
10095, 7, 7 
44322, 7, 7 
16226, 7, 7 
48768, 7, 7 
50143, 7, 7 
31713, 7, 7 
32327, 7, 7 
37508, 7, 7 
32441, 7, 7 
21133, 7, 7 
15147, 7, 7 
8616, 7, 7 
1054, 7, 7 
34298, 7, 7 
35102, 7, 7 
28933, 7, 7 
34445, 7, 7 
6597, 7, 7 
7849, 7, 7 
17735, 7, 7 
57431, 7, 7 
6485, 7, 7 
13754, 7, 7 
8463, 7, 7 
32820, 7, 7 
53779, 7, 7 
39289, 7, 7 
23010, 7, 7 
59602, 7, 7 
23609, 7, 7 
54632, 7, 7 
32220, 7, 7 
26047, 7, 7 
54740, 7, 7 
14911, 7, 7 
14770, 7, 7 
11099, 7, 7 
1335, 7, 7 
44398, 7, 7 
51941, 7, 7 
33307, 7, 7 
5546, 7, 7 
58635, 7, 7 
51203, 7, 7 
1300, 7, 7 
46457, 7, 7 
6590, 7, 7 
48080, 7, 7 
13416, 7, 7 
36889, 7, 7 
58725, 7, 7 
7994, 7, 9 
46095, 7, 7 
44927, 7, 7 
45059, 7, 7 
33977, 7, 7 
33995, 7, 7 
35391, 7, 7 
10408, 7, 7 
44042, 7, 7 
8699, 7, 7 
34935, 7, 7 
19893, 7, 7 
6824, 7, 7 
54695, 7, 7 
25733, 7, 7 
8783, 7, 7 
48979, 7, 7 
31964, 7, 7 
32515, 7, 7 
40451, 7, 7 
34231, 7, 7 
1851, 7, 7 
15895, 7, 7 
38857, 7, 7 
22593, 7, 7 
1933, 7, 7 
22570, 7, 7 
21823, 7, 7 
3933, 7, 7 
22870, 7, 7 
48122, 7, 7 
39649, 7, 7 
42897, 7, 9 
34079, 7, 7 
39760, 7, 7 
29783, 7, 7 
14506, 7, 7 
25808, 7, 7 
14581, 7, 7 
3423, 7, 7 
4661, 7, 7 
19658, 7, 7 
32048, 7, 7 
24544, 7, 7 
42901, 7, 7 
47423, 7, 7 
46035, 7, 7 
48377, 7, 7 
44835, 7, 7 
29309, 7, 7 
4725, 7, 7 
2969, 7, 7 
50464, 7, 7 
48562, 7, 7 
8217, 7, 7 
2575, 7, 7 
56058, 7, 7 
9382, 7, 7 
43374, 7, 7 
24644, 7, 7 
59953, 7, 7 
7210, 7, 7 
28309, 7, 7 
15276, 7, 4 
10727, 7, 7 
31674, 7, 9 
30538, 7, 7 
1106, 7, 7 
55431, 7, 7 
23220, 7, 7 
59812, 7, 7 
29984, 7, 7 
25897, 7, 7 
36840, 7, 7 
39605, 7, 7 
50708, 7, 7 
22796, 7, 7 
2691, 7, 7 
14850, 7, 7 
30764, 7, 7 
5786, 7, 7 
7001, 7, 7 
53302, 7, 7 
46945, 7, 7 
45060, 7, 7 
35446, 7, 7 
44526, 7, 7 
19164, 7, 7 
19683, 7, 7 
23661, 7, 7 
57643, 7, 7 
2750, 7, 7 
13529, 7, 7 
23932, 7, 7 
32289, 7, 7 
39190, 7, 7 
49721, 7, 7 
10609, 7, 7 
17809, 7, 7 
29948, 7, 7 
9588, 7, 7 
33836, 7, 7 
55809, 7, 7 
6248, 7, 7 
59254, 7, 7 
19479, 7, 7 
58346, 7, 7 
46765, 7, 7 
12296, 7, 7 
8931, 7, 7 
10309, 7, 7 
21159, 7, 7 
34111, 7, 7 
42621, 7, 7 
56076, 7, 7 
19780, 7, 7 
46957, 7, 7 
41336, 7, 7 
26969, 7, 7 
29238, 7, 7 
45618, 7, 7 
38964, 7, 7 
22862, 7, 7 
30759, 7, 7 
9885, 7, 7 
39399, 7, 7 
27632, 7, 7 
54536, 7, 7 
20501, 7, 7 
42354, 7, 7 
46327, 7, 7 
18333, 7, 7 
13091, 7, 7 
28988, 7, 7 
1208, 7, 7 
48422, 7, 7 
19949, 7, 7 
31589, 7, 7 
49242, 7, 7 
11716, 7, 7 
34914, 7, 7 
42695, 7, 7 
25756, 7, 7 
15468, 7, 7 
43160, 7, 7 
56729, 7, 7 
24228, 7, 7 
44708, 7, 7 
28073, 7, 7 
37399, 7, 7 
55744, 7, 7 
53129, 7, 7 
22971, 7, 7 
58205, 7, 7 
21732, 7, 7 
49365, 7, 7 
5968, 7, 7 
33406, 7, 7 
55945, 7, 7 
55863, 7, 7 
24364, 7, 7 
24815, 7, 7 
6361, 7, 7 
4331, 7, 7 
23259, 7, 7 
21783, 7, 7 
6600, 7, 7 
29277, 7, 7 
57367, 7, 7 
25200, 7, 7 
30657, 7, 7 
43346, 7, 7 
10148, 7, 7 
32906, 7, 3 
39254, 7, 7 
12993, 7, 7 
5022, 7, 7 
22754, 7, 7 
26446, 7, 7 
26097, 7, 7 
8483, 7, 7 
16379, 7, 7 
11810, 7, 7 
45865, 7, 7 
30021, 7, 7 
31137, 7, 7 
45180, 7, 7 
19050, 7, 7 
47844, 7, 7 
12253, 7, 7 
11204, 7, 7 
5441, 7, 7 
37168, 7, 7 
33153, 7, 7 
8517, 7, 7 
54176, 7, 7 
39712, 7, 7 
20740, 7, 7 
32920, 7, 7 
56253, 7, 7 
7017, 7, 7 
24655, 7, 7 
49412, 7, 7 
56381, 7, 7 
42061, 7, 7 
34245, 7, 7 
29582, 7, 7 
4784, 7, 7 
499, 8, 8 
33810, 8, 8 
48203, 8, 8 
40787, 8, 8 
41468, 8, 8 
55392, 8, 8 
15091, 8, 8 
10771, 8, 8 
7908, 8, 8 
17760, 8, 8 
38613, 8, 8 
35103, 8, 8 
12963, 8, 8 
27998, 8, 8 
39450, 8, 8 
55330, 8, 8 
51411, 8, 8 
17056, 8, 8 
50048, 8, 8 
12112, 8, 8 
18317, 8, 8 
54958, 8, 8 
50413, 8, 8 
17609, 8, 8 
15021, 8, 8 
14189, 8, 8 
10444, 8, 8 
20261, 8, 8 
51501, 8, 8 
1856, 8, 8 
28342, 8, 8 
32796, 8, 8 
45746, 8, 8 
50283, 8, 8 
41873, 8, 8 
52050, 8, 8 
18902, 8, 8 
12943, 8, 8 
32968, 8, 8 
55128, 8, 8 
7356, 8, 8 
45202, 8, 8 
23967, 8, 8 
55811, 8, 8 
30435, 8, 8 
16416, 8, 8 
11398, 8, 8 
23428, 8, 8 
2384, 8, 8 
55807, 8, 8 
7141, 8, 8 
16373, 8, 8 
35950, 8, 8 
21896, 8, 8 
46650, 8, 8 
9501, 8, 8 
41304, 8, 8 
42442, 8, 8 
19716, 8, 8 
8242, 8, 8 
9847, 8, 8 
10733, 8, 8 
29192, 8, 8 
32502, 8, 8 
51864, 8, 8 
31441, 8, 8 
35237, 8, 8 
53513, 8, 8 
9839, 8, 8 
38945, 8, 8 
27286, 8, 8 
2679, 8, 8 
37129, 8, 8 
3152, 8, 8 
17178, 8, 8 
44695, 8, 8 
14304, 8, 8 
27973, 8, 8 
24410, 8, 8 
55696, 8, 8 
40852, 8, 8 
23328, 8, 8 
43900, 8, 8 
36582, 8, 8 
8327, 8, 8 
7035, 8, 8 
59568, 8, 8 
44702, 8, 8 
46320, 8, 8 
46337, 8, 8 
15636, 8, 8 
9117, 8, 8 
58445, 8, 8 
36820, 8, 8 
12010, 8, 8 
56560, 8, 8 
28710, 8, 8 
14553, 8, 8 
41893, 8, 8 
25254, 8, 8 
7479, 8, 8 
38405, 8, 8 
55368, 8, 8 
12648, 8, 8 
26496, 8, 8 
766, 8, 8 
49044, 8, 8 
30347, 8, 8 
50346, 8, 8 
26061, 8, 8 
59622, 8, 8 
45772, 8, 8 
21048, 8, 8 
8386, 8, 8 
53999, 8, 0 
13951, 8, 8 
46505, 8, 8 
31845, 8, 8 
44616, 8, 8 
50596, 8, 8 
418, 8, 5 
6924, 8, 8 
50013, 8, 8 
43242, 8, 8 
9285, 8, 8 
4700, 8, 8 
50231, 8, 8 
3114, 8, 8 
53745, 8, 8 
57084, 8, 8 
48842, 8, 8 
45116, 8, 8 
13342, 8, 8 
57216, 8, 8 
8892, 8, 8 
30806, 8, 8 
26743, 8, 8 
36776, 8, 8 
5597, 8, 8 
33338, 8, 8 
28511, 8, 8 
46223, 8, 8 
15411, 8, 8 
21177, 8, 8 
43060, 8, 8 
26776, 8, 8 
49073, 8, 8 
26294, 8, 8 
6322, 8, 8 
19756, 8, 8 
46776, 8, 8 
48037, 8, 8 
38146, 8, 8 
46793, 8, 8 
20966, 8, 8 
23987, 8, 8 
6072, 8, 8 
25544, 8, 8 
4825, 8, 8 
39442, 8, 8 
43907, 8, 8 
22604, 8, 8 
21231, 8, 8 
37094, 8, 8 
51830, 8, 8 
56068, 8, 8 
2475, 8, 8 
27358, 8, 8 
35762, 8, 8 
39922, 8, 8 
49990, 8, 8 
30418, 8, 8 
24026, 8, 8 
58178, 8, 8 
25074, 8, 8 
39530, 8, 8 
20880, 8, 8 
45831, 8, 8 
42832, 8, 8 
47297, 8, 8 
2237, 8, 8 
57174, 8, 8 
39764, 8, 8 
42699, 8, 8 
3446, 8, 8 
38641, 8, 8 
50532, 8, 8 
40953, 8, 8 
4862, 8, 8 
30994, 8, 8 
24460, 8, 8 
17641, 8, 8 
22966, 8, 8 
44604, 8, 8 
17700, 8, 8 
58233, 8, 8 
18104, 8, 8 
41154, 8, 8 
13895, 8, 8 
38842, 8, 8 
39599, 8, 8 
1943, 8, 8 
15502, 8, 8 
5476, 8, 8 
49422, 8, 8 
55695, 8, 8 
8496, 8, 8 
9640, 8, 8 
7182, 8, 8 
16059, 8, 8 
52862, 8, 8 
17721, 8, 8 
18644, 8, 8 
48571, 8, 8 
37949, 8, 8 
48552, 8, 8 
20666, 8, 8 
32965, 8, 8 
42923, 8, 8 
55766, 8, 8 
49803, 8, 8 
56636, 8, 8 
5338, 8, 9 
55471, 8, 8 
17818, 8, 8 
25843, 8, 8 
2097, 8, 8 
34061, 8, 8 
40306, 8, 8 
26523, 8, 8 
21432, 8, 8 
44299, 8, 8 
48655, 8, 8 
16230, 8, 8 
13588, 8, 8 
7117, 8, 8 
831, 8, 8 
31380, 8, 8 
25731, 8, 8 
20859, 8, 8 
56685, 8, 8 
31611, 8, 8 
18369, 8, 8 
23086, 8, 8 
13639, 8, 8 
25482, 8, 8 
51412, 8, 8 
25012, 8, 8 
16275, 8, 8 
48555, 8, 8 
47615, 8, 8 
47478, 8, 8 
16797, 8, 8 
24048, 8, 8 
34452, 8, 8 
47295, 8, 8 
17688, 8, 8 
33201, 8, 8 
51207, 8, 8 
23253, 8, 8 
34722, 8, 8 
8666, 8, 8 
43194, 8, 8 
5112, 8, 8 
34320, 8, 8 
16432, 8, 8 
528, 8, 8 
46154, 8, 8 
1777, 8, 8 
55395, 8, 8 
57800, 8, 8 
35629, 8, 8 
4282, 8, 8 
52468, 8, 8 
43388, 8, 8 
50625, 8, 8 
25379, 8, 8 
758, 8, 8 
10054, 8, 8 
11575, 8, 8 
15158, 8, 8 
12130, 8, 8 
50180, 8, 8 
28802, 8, 8 
14494, 8, 8 
48658, 8, 8 
58556, 8, 8 
44173, 8, 8 
36834, 8, 8 
28962, 8, 8 
13498, 8, 8 
9155, 8, 8 
11613, 8, 8 
43145, 8, 8 
44866, 8, 8 
39178, 8, 8 
47549, 8, 8 
3775, 8, 8 
53506, 8, 8 
469, 8, 8 
29933, 8, 8 
17499, 8, 8 
1593, 8, 8 
31206, 8, 8 
4103, 8, 8 
26043, 8, 8 
9241, 8, 8 
30247, 8, 8 
19052, 8, 8 
29921, 8, 8 
7136, 8, 8 
14305, 8, 8 
858, 8, 8 
48588, 8, 8 
53653, 8, 8 
52567, 8, 8 
4370, 8, 8 
28851, 8, 8 
54030, 8, 8 
2476, 8, 8 
49323, 8, 8 
50604, 8, 8 
31800, 8, 8 
57745, 8, 8 
21389, 8, 8 
38589, 8, 8 
45710, 8, 8 
24112, 8, 8 
59995, 8, 8 
23674, 8, 8 
39035, 8, 8 
9020, 8, 8 
40626, 8, 8 
59215, 8, 8 
35997, 8, 8 
24000, 8, 8 
37608, 8, 8 
32244, 8, 8 
40259, 8, 8 
13004, 8, 8 
57640, 8, 8 
28782, 8, 8 
30510, 8, 8 
20127, 8, 8 
50886, 8, 8 
43250, 8, 8 
45454, 8, 8 
1484, 8, 8 
17512, 8, 8 
18348, 8, 9 
16284, 8, 8 
1914, 8, 8 
1713, 8, 8 
19570, 8, 8 
17096, 8, 8 
13960, 8, 8 
9554, 8, 8 
56322, 8, 8 
17628, 8, 8 
25276, 8, 8 
17145, 8, 8 
16974, 8, 8 
14477, 8, 8 
20524, 8, 8 
14068, 8, 8 
14322, 8, 8 
56913, 8, 8 
56430, 8, 8 
19877, 8, 8 
13065, 8, 8 
23091, 8, 8 
48906, 8, 8 
58636, 8, 8 
11258, 8, 8 
10217, 8, 8 
59636, 8, 8 
20968, 8, 8 
59764, 8, 8 
5050, 8, 8 
54726, 8, 8 
31333, 8, 8 
46767, 8, 8 
24979, 8, 8 
11722, 8, 8 
23639, 8, 8 
59485, 8, 8 
47030, 8, 8 
50785, 8, 8 
1267, 8, 8 
20906, 8, 8 
39693, 8, 8 
18580, 8, 8 
30374, 8, 8 
22853, 8, 8 
47936, 8, 8 
10064, 8, 4 
19711, 8, 8 
33668, 8, 8 
24600, 8, 8 
20387, 8, 8 
13051, 8, 8 
34150, 8, 8 
25741, 8, 8 
7000, 8, 8 
55284, 8, 8 
24829, 8, 8 
30688, 8, 8 
22163, 8, 8 
55438, 8, 8 
20157, 8, 8 
49963, 8, 8 
38832, 8, 8 
58552, 8, 8 
16979, 8, 8 
57450, 8, 8 
52980, 8, 8 
59865, 8, 8 
51504, 8, 8 
37774, 8, 8 
51160, 8, 8 
4419, 8, 8 
55192, 8, 8 
28364, 8, 8 
46927, 8, 8 
57901, 8, 8 
49457, 8, 8 
30450, 8, 8 
35308, 8, 8 
9936, 8, 8 
10124, 8, 8 
56254, 8, 8 
5594, 8, 8 
49046, 8, 8 
15749, 8, 8 
796, 8, 8 
54701, 8, 8 
14648, 8, 8 
29678, 8, 8 
58508, 8, 8 
46631, 8, 8 
39647, 8, 8 
17803, 8, 8 
41901, 8, 8 
23768, 8, 8 
49266, 8, 8 
57618, 8, 8 
52090, 8, 8 
39438, 8, 8 
35018, 8, 8 
36010, 8, 8 
12899, 8, 8 
15599, 8, 8 
59173, 8, 8 
45117, 8, 9 
41992, 8, 8 
9694, 8, 8 
46719, 8, 8 
22365, 8, 8 
59380, 8, 8 
3616, 8, 8 
18811, 8, 8 
10499, 8, 8 
20191, 8, 8 
59603, 8, 8 
49129, 8, 8 
3825, 8, 8 
48753, 8, 8 
54787, 8, 8 
8675, 8, 8 
2833, 8, 8 
35987, 8, 8 
12580, 8, 8 
30401, 8, 8 
15289, 8, 8 
50626, 8, 8 
29417, 8, 8 
11724, 8, 8 
53574, 8, 8 
39915, 8, 8 
8732, 8, 8 
24578, 8, 8 
29493, 8, 8 
49276, 8, 8 
52722, 8, 8 
245, 8, 8 
31, 8, 8 
52070, 8, 8 
6470, 8, 8 
28297, 8, 8 
28712, 8, 8 
20352, 8, 8 
48075, 8, 8 
57276, 8, 8 
50302, 8, 8 
9213, 8, 8 
36845, 8, 8 
56502, 8, 8 
46428, 8, 8 
40089, 8, 8 
45458, 8, 8 
26525, 9, 9 
49640, 9, 9 
16476, 9, 9 
16132, 9, 9 
48224, 9, 9 
36369, 9, 9 
5165, 9, 9 
41599, 9, 9 
1623, 9, 9 
57033, 9, 9 
7690, 9, 9 
24489, 9, 9 
15944, 9, 9 
13012, 9, 9 
23366, 9, 9 
6306, 9, 9 
44641, 9, 9 
22263, 9, 9 
23901, 9, 9 
6520, 9, 9 
40372, 9, 9 
36971, 9, 9 
51168, 9, 9 
22762, 9, 9 
58852, 9, 9 
50079, 9, 9 
16919, 9, 9 
59899, 9, 9 
43057, 9, 9 
44936, 9, 9 
15146, 9, 9 
24949, 9, 9 
47755, 9, 9 
26764, 9, 9 
56090, 9, 9 
25216, 9, 9 
19185, 9, 9 
27450, 9, 9 
20915, 9, 9 
42808, 9, 9 
35715, 9, 9 
25667, 9, 9 
11538, 9, 9 
3316, 9, 9 
48484, 9, 9 
31018, 9, 9 
20861, 9, 9 
56760, 9, 9 
34254, 9, 9 
10860, 9, 9 
1316, 9, 9 
26416, 9, 9 
42438, 9, 3 
59973, 9, 9 
57406, 9, 9 
47547, 9, 9 
50414, 9, 9 
37764, 9, 9 
56577, 9, 9 
20358, 9, 9 
22041, 9, 9 
33215, 9, 9 
37586, 9, 9 
49973, 9, 9 
47237, 9, 9 
33246, 9, 9 
44892, 9, 9 
9938, 9, 9 
23744, 9, 9 
51632, 9, 9 
53729, 9, 9 
48057, 9, 9 
43138, 9, 9 
53317, 9, 9 
15302, 9, 9 
4085, 9, 9 
31744, 9, 9 
50041, 9, 9 
15112, 9, 9 
38003, 9, 9 
38727, 9, 9 
35543, 9, 9 
58509, 9, 9 
26405, 9, 8 
59449, 9, 9 
49371, 9, 9 
18241, 9, 9 
20267, 9, 9 
6950, 9, 9 
10955, 9, 9 
27237, 9, 9 
28713, 9, 9 
4313, 9, 9 
7811, 9, 9 
43001, 9, 9 
17297, 9, 9 
55859, 9, 9 
41787, 9, 9 
27260, 9, 9 
11925, 9, 9 
52535, 9, 9 
33402, 9, 9 
50973, 9, 9 
36420, 9, 9 
20462, 9, 9 
3164, 9, 9 
7812, 9, 9 
6067, 9, 9 
48077, 9, 9 
22471, 9, 9 
29349, 9, 9 
11423, 9, 9 
42118, 9, 9 
3382, 9, 9 
36832, 9, 9 
13049, 9, 9 
53847, 9, 9 
41613, 9, 9 
827, 9, 9 
18057, 9, 9 
37321, 9, 9 
46741, 9, 9 
51956, 9, 9 
16342, 9, 9 
5658, 9, 9 
5727, 9, 9 
15912, 9, 9 
7108, 9, 9 
31456, 9, 9 
41005, 9, 9 
51095, 9, 9 
8585, 9, 9 
55730, 9, 9 
24210, 9, 9 
7269, 9, 9 
46315, 9, 9 
43000, 9, 9 
15592, 9, 9 
11416, 9, 9 
56703, 9, 9 
35741, 9, 9 
19126, 9, 9 
8276, 9, 9 
20495, 9, 9 
1250, 9, 9 
9308, 9, 9 
47958, 9, 9 
55370, 9, 9 
344, 9, 9 
20562, 9, 9 
12914, 9, 9 
10166, 9, 9 
56883, 9, 9 
36500, 9, 9 
25874, 9, 7 
10059, 9, 9 
22316, 9, 9 
21213, 9, 9 
9933, 9, 9 
51985, 9, 9 
27902, 9, 9 
45888, 9, 9 
9893, 9, 9 
40128, 9, 9 
29281, 9, 9 
43970, 9, 9 
8231, 9, 9 
24337, 9, 9 
566, 9, 9 
33052, 9, 9 
54050, 9, 9 
5172, 9, 9 
21138, 9, 9 
39942, 9, 9 
20677, 9, 9 
57432, 9, 9 
15517, 9, 9 
29841, 9, 9 
20879, 9, 9 
53680, 9, 7 
50927, 9, 9 
26108, 9, 9 
9968, 9, 9 
7774, 9, 9 
8510, 9, 9 
33, 9, 9 
56003, 9, 9 
46659, 9, 9 
3296, 9, 9 
35641, 9, 9 
40997, 9, 9 
28908, 9, 9 
43120, 9, 9 
5341, 9, 9 
57638, 9, 9 
6564, 9, 9 
52093, 9, 9 
26877, 9, 9 
50248, 9, 9 
6850, 9, 9 
48843, 9, 9 
31876, 9, 9 
40977, 9, 9 
3645, 9, 9 
37772, 9, 9 
33275, 9, 9 
36526, 9, 9 
6078, 9, 9 
20825, 9, 9 
13247, 9, 9 
9390, 9, 9 
30049, 9, 9 
49703, 9, 9 
3998, 9, 9 
5860, 9, 9 
18733, 9, 9 
44182, 9, 9 
57258, 9, 9 
39569, 9, 9 
46802, 9, 9 
24920, 9, 9 
54321, 9, 9 
40458, 9, 9 
12051, 9, 9 
15609, 9, 9 
17211, 9, 9 
59443, 9, 9 
16827, 9, 9 
24459, 9, 9 
10721, 9, 9 
34769, 9, 9 
30753, 9, 9 
25589, 9, 9 
6641, 9, 9 
34420, 9, 9 
46373, 9, 9 
2453, 9, 9 
34224, 9, 9 
17517, 9, 9 
21595, 9, 9 
3284, 9, 9 
41771, 9, 9 
54743, 9, 9 
5316, 9, 9 
5024, 9, 9 
13672, 9, 9 
22216, 9, 9 
37111, 9, 9 
18688, 9, 9 
48940, 9, 9 
41942, 9, 9 
45555, 9, 9 
7200, 9, 9 
31593, 9, 9 
50145, 9, 9 
11840, 9, 9 
35387, 9, 9 
14222, 9, 9 
11102, 9, 9 
54687, 9, 9 
16303, 9, 9 
51592, 9, 9 
58407, 9, 9 
29731, 9, 9 
22433, 9, 9 
54679, 9, 9 
56425, 9, 9 
14459, 9, 9 
26527, 9, 9 
44048, 9, 9 
13666, 9, 9 
58854, 9, 9 
34300, 9, 9 
44553, 9, 9 
26594, 9, 9 
30517, 9, 9 
29124, 9, 9 
26302, 9, 9 
26214, 9, 3 
36109, 9, 9 
32121, 9, 9 
2331, 9, 9 
37935, 9, 9 
50408, 9, 9 
14037, 9, 9 
12651, 9, 9 
19457, 9, 9 
5233, 9, 9 
46243, 9, 9 
7407, 9, 9 
43193, 9, 9 
30453, 9, 9 
11847, 9, 9 
21302, 9, 1 
34489, 9, 9 
1383, 9, 9 
19437, 9, 9 
10722, 9, 9 
35503, 9, 9 
2804, 9, 9 
50544, 9, 9 
31841, 9, 9 
17978, 9, 9 
2351, 9, 9 
21787, 9, 9 
14057, 9, 9 
57024, 9, 9 
19113, 9, 9 
38333, 9, 9 
17181, 9, 9 
29824, 9, 9 
33784, 9, 9 
49495, 9, 9 
15881, 9, 9 
24936, 9, 9 
15970, 9, 9 
46444, 9, 9 
14922, 9, 9 
183, 9, 9 
29018, 9, 9 
48647, 9, 9 
58596, 9, 9 
25810, 9, 9 
55600, 9, 9 
28260, 9, 9 
58413, 9, 9 
12789, 9, 9 
45603, 9, 9 
51284, 9, 9 
822, 9, 9 
29332, 9, 9 
25633, 9, 9 
2370, 9, 9 
33126, 9, 9 
12884, 9, 4 
56792, 9, 9 
12655, 9, 9 
14254, 9, 9 
806, 9, 9 
4975, 9, 9 
52315, 9, 9 
47390, 9, 9 
4315, 9, 9 
18106, 9, 9 
419, 9, 9 
57175, 9, 9 
2763, 9, 9 
15323, 9, 9 
55813, 9, 9 
17758, 9, 9 
53438, 9, 9 
22895, 9, 9 
27342, 9, 9 
53397, 9, 9 
30003, 9, 9 
55569, 9, 9 
53853, 9, 9 
26233, 9, 9 
18860, 9, 9 
59135, 9, 9 
42879, 9, 9 
57744, 9, 9 
12529, 9, 9 
27460, 9, 9 
4378, 9, 9 
2953, 9, 9 
57786, 9, 9 
4747, 9, 9 
11376, 9, 9 
24756, 9, 9 
13409, 9, 9 
9950, 9, 9 
31213, 9, 9 
48577, 9, 9 
46353, 9, 9 
3925, 9, 9 
3786, 9, 9 
42890, 9, 9 
13897, 9, 9 
18382, 9, 9 
56800, 9, 9 
15170, 9, 9 
25303, 9, 9 
56087, 9, 9 
18859, 9, 9 
28960, 9, 9 
13646, 9, 9 
49204, 9, 9 
9150, 9, 9 
25263, 9, 9 
32972, 9, 9 
31605, 9, 9 
56599, 9, 9 
21336, 9, 9 
47185, 9, 9 
53561, 9, 9 
13851, 9, 9 
58006, 9, 9 
36392, 9, 9 
22447, 9, 9 
8555, 9, 9 
50174, 9, 9 
32429, 9, 9 
29328, 9, 9 
36370, 9, 9 
11934, 9, 9 
58717, 9, 9 
48616, 9, 9 
13173, 9, 9 
20636, 9, 9 
46655, 9, 9 
26870, 9, 9 
36782, 9, 9 
11015, 9, 9 
41761, 9, 9 
8899, 9, 9 
6263, 9, 9 
44855, 9, 9 
14306, 9, 9 
55778, 9, 9 
42090, 9, 9 
26316, 9, 9 
6643, 9, 9 
58968, 9, 9 
43058, 9, 9 
7016, 9, 9 
5874, 9, 9 
34942, 9, 9 
29724, 9, 9 
4244, 9, 9 
51470, 9, 9 
51165, 9, 9 
24620, 9, 9 
15349, 9, 9 
27515, 9, 9 
17019, 9, 9 
56933, 9, 9 
17296, 9, 9 
22243, 9, 9 
5607, 9, 9 
22795, 9, 9 
13945, 9, 9 
45785, 9, 9 
8492, 9, 9 
38031, 9, 9 
1552, 9, 9 
21616, 9, 9 
9835, 9, 9 
33061, 9, 9 
48234, 9, 9 
57236, 9, 9 
10577, 9, 9 
7702, 9, 9 
39351, 9, 9 
35421, 9, 9 
37932, 9, 9 
41177, 9, 9 
42529, 9, 9 
32350, 9, 9 
14117, 9, 9 
52653, 9, 9 
2371, 9, 9 
42696, 9, 9 
27533, 9, 9 
364, 9, 9 
7274, 9, 9 
25372, 9, 9 
43765, 9, 9 
47664, 9, 9 
7714, 9, 9 
57299, 9, 9 
28129, 9, 9 
18510, 9, 9 
40317, 9, 9 
14984, 9, 9 
39781, 9, 9 
39134, 9, 9 
54571, 9, 9 
41875, 9, 9 
14239, 9, 9 
59804, 9, 9 
15268, 9, 9 
19619, 9, 9 
27110, 9, 9 
38992, 9, 9 
57880, 9, 9 
30836, 9, 9 
58034, 9, 9 
57452, 9, 9 
40857, 9, 9 
3481, 9, 9 
24243, 9, 9 
28481, 9, 9 
24538, 9, 9 
59079, 9, 9 
42542, 9, 9 
13041, 9, 9 
12368, 9, 9 
16147, 9, 9 
45323, 9, 9 
