id, true label, predicted label 
39581, 0, 0 
48963, 0, 0 
26422, 0, 0 
13081, 0, 0 
40746, 0, 0 
21658, 0, 0 
52885, 0, 0 
27328, 0, 0 
4239, 0, 0 
39788, 0, 0 
8343, 0, 0 
50924, 0, 0 
7557, 0, 0 
36047, 0, 0 
47957, 0, 0 
35659, 0, 0 
10755, 0, 0 
32459, 0, 0 
4535, 0, 0 
38412, 0, 0 
14110, 0, 0 
4713, 0, 0 
36022, 0, 0 
52288, 0, 0 
4106, 0, 0 
38128, 0, 0 
58256, 0, 0 
44826, 0, 0 
46111, 0, 0 
15695, 0, 0 
17779, 0, 0 
38963, 0, 0 
34421, 0, 0 
48947, 0, 0 
7969, 0, 0 
51598, 0, 0 
13916, 0, 0 
3632, 0, 0 
33230, 0, 0 
33042, 0, 0 
22669, 0, 0 
34538, 0, 0 
17761, 0, 0 
45152, 0, 0 
3943, 0, 0 
21736, 0, 0 
34358, 0, 0 
13911, 0, 0 
59659, 0, 0 
20584, 0, 0 
5319, 0, 0 
48121, 0, 0 
54783, 0, 0 
53959, 0, 0 
48911, 0, 0 
18715, 0, 0 
44838, 0, 0 
50435, 0, 0 
1049, 0, 0 
54999, 0, 0 
42100, 0, 0 
30709, 0, 0 
42612, 0, 0 
2160, 0, 0 
55681, 0, 0 
47579, 0, 0 
18799, 0, 0 
55656, 0, 0 
16396, 0, 0 
6757, 0, 0 
33923, 0, 0 
17381, 0, 0 
47739, 0, 0 
17051, 0, 0 
54104, 0, 0 
13135, 0, 0 
41350, 0, 0 
27633, 0, 0 
4889, 0, 0 
58500, 0, 0 
26103, 0, 0 
31116, 0, 0 
29119, 0, 0 
33904, 0, 0 
39326, 0, 0 
33843, 0, 0 
20727, 0, 0 
81, 0, 0 
51286, 0, 0 
48412, 0, 0 
58036, 0, 0 
4655, 0, 0 
9523, 0, 0 
37269, 0, 0 
30119, 0, 0 
13623, 0, 0 
17452, 0, 0 
14749, 0, 0 
35740, 0, 0 
11532, 0, 0 
10221, 0, 0 
26859, 0, 0 
57390, 0, 0 
50424, 0, 0 
21049, 0, 0 
26338, 0, 0 
25039, 0, 0 
47914, 0, 0 
59972, 0, 0 
2325, 0, 0 
8961, 0, 0 
19935, 0, 0 
40200, 0, 0 
43963, 0, 0 
36484, 0, 0 
58170, 0, 0 
46535, 0, 0 
5074, 0, 0 
34847, 0, 0 
10010, 0, 0 
11834, 0, 0 
48295, 0, 0 
24993, 0, 0 
27628, 0, 0 
7451, 0, 0 
51585, 0, 0 
53380, 0, 0 
3776, 0, 0 
30699, 0, 0 
23067, 0, 0 
3876, 0, 0 
41443, 0, 0 
52621, 0, 0 
36929, 0, 0 
45162, 0, 0 
15779, 0, 0 
46410, 0, 0 
43811, 0, 0 
17655, 0, 0 
59363, 0, 0 
52409, 0, 0 
26656, 0, 0 
12180, 0, 0 
53073, 0, 0 
2493, 0, 0 
58754, 0, 0 
27788, 0, 0 
54873, 0, 0 
25919, 0, 0 
11993, 0, 0 
54004, 0, 0 
13583, 0, 0 
24856, 0, 0 
28671, 0, 0 
53038, 0, 0 
49800, 0, 0 
56950, 0, 0 
47480, 0, 0 
21534, 0, 0 
519, 0, 0 
54371, 0, 0 
33670, 0, 0 
7254, 0, 0 
18443, 0, 0 
10439, 0, 0 
303, 0, 0 
11217, 0, 0 
39531, 0, 0 
57595, 0, 0 
43941, 0, 0 
32494, 0, 0 
12516, 0, 0 
3953, 0, 0 
709, 0, 0 
28412, 0, 0 
13738, 0, 0 
15798, 0, 0 
8003, 0, 0 
55993, 0, 0 
51623, 0, 0 
25957, 0, 0 
47647, 0, 0 
51737, 0, 0 
12926, 0, 0 
10700, 0, 0 
50828, 0, 0 
55911, 0, 0 
20123, 0, 0 
33079, 0, 0 
32009, 0, 0 
36560, 0, 0 
38746, 0, 0 
28968, 0, 0 
3693, 0, 0 
24367, 0, 0 
30707, 0, 0 
50749, 0, 0 
11833, 0, 0 
27609, 0, 0 
43186, 0, 0 
9195, 0, 0 
45522, 0, 0 
13926, 0, 0 
776, 0, 0 
59805, 0, 0 
29541, 0, 0 
57154, 0, 0 
40075, 0, 0 
49443, 0, 0 
54800, 0, 0 
30240, 0, 0 
6847, 0, 0 
18208, 0, 0 
25305, 0, 0 
5505, 0, 0 
14412, 0, 0 
43727, 0, 0 
55253, 0, 0 
30255, 0, 0 
51150, 0, 0 
26371, 0, 0 
6645, 0, 0 
28772, 0, 0 
28030, 0, 0 
56436, 0, 0 
13641, 0, 0 
33257, 0, 0 
45833, 0, 0 
39789, 0, 0 
46144, 0, 0 
47820, 0, 0 
21970, 0, 0 
34084, 0, 0 
12168, 0, 0 
45830, 0, 0 
24393, 0, 0 
37043, 0, 0 
11501, 0, 0 
51002, 0, 0 
20215, 0, 0 
39890, 0, 0 
17314, 0, 0 
33390, 0, 0 
38939, 0, 0 
56857, 0, 0 
38605, 0, 0 
50813, 0, 0 
13074, 0, 0 
8855, 0, 0 
24476, 0, 0 
26277, 0, 0 
25408, 0, 0 
15237, 0, 0 
24627, 0, 0 
36788, 0, 0 
10992, 0, 0 
54351, 0, 0 
52154, 0, 0 
17726, 0, 0 
22787, 0, 0 
53014, 0, 0 
37656, 0, 0 
6076, 0, 0 
29263, 0, 0 
5115, 0, 0 
47716, 0, 0 
1489, 0, 0 
4288, 0, 0 
36617, 0, 0 
58829, 0, 0 
26685, 0, 0 
47324, 0, 0 
15325, 0, 0 
18424, 0, 0 
22288, 0, 0 
9877, 0, 0 
47396, 0, 0 
35185, 0, 0 
38161, 0, 0 
12703, 0, 0 
53533, 0, 0 
34519, 0, 0 
23088, 0, 0 
41211, 0, 0 
40582, 0, 0 
17449, 0, 0 
33835, 0, 0 
1152, 0, 0 
57746, 0, 0 
51999, 0, 0 
32207, 0, 0 
28965, 0, 0 
44276, 0, 0 
15383, 0, 0 
20602, 0, 0 
57642, 0, 0 
59723, 0, 0 
46039, 0, 0 
20238, 0, 0 
13238, 0, 0 
5398, 0, 0 
17611, 0, 0 
4718, 0, 0 
56940, 0, 0 
22063, 0, 0 
32843, 0, 0 
48638, 0, 0 
45434, 0, 0 
33640, 0, 0 
21413, 0, 0 
46763, 0, 0 
4027, 0, 0 
19990, 0, 0 
8515, 0, 0 
18779, 0, 0 
18586, 0, 0 
22761, 0, 0 
20357, 0, 0 
296, 0, 0 
27822, 0, 0 
27982, 0, 0 
51108, 0, 0 
37506, 0, 0 
56259, 0, 0 
21308, 0, 0 
7506, 0, 0 
22224, 0, 0 
34737, 0, 0 
49770, 0, 0 
41643, 0, 0 
44513, 0, 0 
17003, 0, 0 
35712, 0, 0 
5932, 0, 0 
13764, 0, 0 
33350, 0, 0 
260, 0, 0 
27911, 0, 0 
2745, 0, 0 
36146, 0, 0 
5646, 0, 0 
2996, 0, 0 
6326, 0, 0 
48200, 0, 0 
5249, 0, 0 
47693, 0, 0 
41447, 0, 0 
4220, 0, 0 
8896, 0, 0 
27859, 0, 0 
30787, 0, 0 
42170, 0, 0 
49374, 0, 0 
36414, 0, 0 
54328, 0, 0 
48403, 0, 0 
49583, 0, 0 
12313, 0, 0 
11036, 0, 0 
32575, 0, 0 
26619, 0, 0 
44445, 0, 0 
56775, 0, 0 
18970, 0, 0 
5096, 0, 0 
22634, 0, 0 
57695, 0, 0 
2899, 0, 0 
21933, 0, 0 
3143, 0, 0 
6113, 0, 0 
49685, 0, 0 
232, 0, 0 
50511, 0, 0 
5690, 0, 0 
45905, 0, 0 
39701, 0, 0 
37790, 0, 0 
15208, 0, 0 
19772, 0, 0 
23032, 0, 0 
53994, 0, 0 
28295, 0, 0 
45608, 0, 0 
28784, 0, 0 
21097, 0, 0 
29559, 0, 0 
35896, 0, 0 
11957, 0, 0 
34731, 0, 0 
25518, 0, 0 
11072, 0, 0 
51019, 0, 0 
2081, 0, 0 
36362, 0, 0 
58882, 0, 0 
36331, 0, 0 
399, 0, 0 
464, 0, 0 
44449, 0, 0 
11577, 0, 0 
4289, 0, 0 
17285, 0, 0 
26408, 0, 0 
50354, 0, 0 
33442, 0, 0 
22306, 0, 0 
1819, 0, 0 
9067, 0, 0 
8134, 0, 0 
21809, 0, 0 
47335, 0, 0 
49987, 0, 0 
58402, 0, 0 
12414, 0, 0 
9890, 0, 0 
55045, 0, 0 
33608, 0, 0 
22487, 0, 0 
56415, 0, 0 
51061, 0, 0 
30275, 0, 0 
39746, 0, 0 
11091, 0, 0 
13030, 0, 0 
53403, 0, 0 
40441, 0, 0 
16598, 0, 0 
22373, 0, 0 
13408, 0, 0 
51789, 0, 0 
6928, 0, 0 
35971, 0, 0 
667, 0, 0 
46627, 0, 0 
4265, 0, 0 
37953, 0, 0 
13268, 0, 0 
58726, 0, 0 
6857, 0, 0 
53936, 0, 0 
46980, 0, 0 
4047, 0, 0 
53509, 0, 0 
30926, 0, 0 
8159, 0, 0 
58546, 0, 0 
18759, 0, 0 
21523, 0, 0 
5622, 0, 0 
29732, 0, 0 
28451, 0, 0 
38893, 0, 0 
15965, 0, 0 
30548, 0, 0 
45112, 0, 0 
40122, 0, 0 
15854, 0, 0 
24085, 0, 0 
19258, 0, 0 
23882, 0, 0 
52921, 0, 0 
56459, 0, 0 
46488, 0, 0 
50958, 0, 0 
11605, 0, 0 
19049, 0, 0 
5275, 0, 0 
43243, 0, 0 
2854, 0, 0 
21271, 0, 0 
36646, 0, 0 
46796, 0, 0 
50357, 0, 0 
19899, 0, 0 
1128, 0, 0 
21526, 0, 0 
10801, 0, 0 
46992, 0, 0 
13798, 0, 0 
8355, 0, 0 
47186, 0, 0 
7378, 0, 0 
32463, 0, 0 
49075, 0, 0 
7566, 0, 0 
1090, 0, 0 
37377, 0, 0 
48039, 0, 0 
37937, 0, 0 
51235, 0, 0 
38662, 0, 0 
14557, 0, 0 
15559, 0, 0 
4142, 0, 0 
29704, 0, 0 
29570, 0, 0 
55297, 0, 0 
16903, 0, 0 
11612, 0, 0 
24923, 1, 1 
45588, 1, 1 
13474, 1, 1 
23295, 1, 1 
50525, 1, 1 
32204, 1, 1 
5006, 1, 1 
21878, 1, 1 
21253, 1, 1 
36997, 1, 1 
41518, 1, 1 
29901, 1, 1 
37354, 1, 1 
22419, 1, 1 
3901, 1, 1 
54079, 1, 1 
18393, 1, 1 
604, 1, 1 
28831, 1, 1 
27509, 1, 1 
44222, 1, 1 
55601, 1, 1 
52032, 1, 1 
39049, 1, 1 
6104, 1, 1 
11152, 1, 1 
58072, 1, 1 
49002, 1, 1 
23665, 1, 1 
24487, 1, 1 
552, 1, 1 
39052, 1, 1 
58451, 1, 1 
32795, 1, 1 
28822, 1, 1 
31296, 1, 1 
34990, 1, 1 
32879, 1, 1 
57197, 1, 1 
36273, 1, 1 
35831, 1, 1 
24628, 1, 1 
38207, 1, 1 
56683, 1, 1 
22328, 1, 1 
2045, 1, 1 
56717, 1, 1 
11292, 1, 1 
40982, 1, 1 
26667, 1, 1 
39542, 1, 1 
1095, 1, 1 
25989, 1, 1 
54557, 1, 1 
54544, 1, 1 
6075, 1, 1 
2166, 1, 1 
39684, 1, 1 
34595, 1, 1 
16107, 1, 1 
41956, 1, 1 
28017, 1, 1 
20212, 1, 1 
40468, 1, 1 
28660, 1, 1 
49186, 1, 1 
57301, 1, 1 
12394, 1, 1 
46254, 1, 1 
41247, 1, 1 
12113, 1, 1 
24915, 1, 1 
13711, 1, 1 
5054, 1, 1 
46304, 1, 1 
33319, 1, 1 
30441, 1, 1 
46326, 1, 1 
45277, 1, 1 
48112, 1, 1 
21791, 1, 1 
5107, 1, 1 
48510, 1, 1 
33750, 1, 1 
21680, 1, 1 
48131, 1, 1 
7746, 1, 1 
821, 1, 1 
59738, 1, 1 
57997, 1, 1 
39007, 1, 1 
30303, 1, 1 
53939, 1, 1 
28318, 1, 1 
29416, 1, 1 
49943, 1, 1 
42463, 1, 1 
13369, 1, 1 
16087, 1, 1 
33110, 1, 1 
40878, 1, 1 
56575, 1, 1 
53310, 1, 1 
42893, 1, 1 
38398, 1, 1 
22659, 1, 1 
48040, 1, 1 
6718, 1, 1 
15578, 1, 1 
44126, 1, 1 
58207, 1, 1 
6208, 1, 1 
3431, 1, 1 
49927, 1, 1 
39041, 1, 1 
33433, 1, 1 
31377, 1, 1 
34241, 1, 1 
26598, 1, 1 
46823, 1, 1 
36033, 1, 1 
18282, 1, 1 
25899, 1, 1 
29030, 1, 1 
31365, 1, 1 
2362, 1, 1 
48326, 1, 1 
10615, 1, 1 
59339, 1, 1 
6640, 1, 1 
46792, 1, 1 
46407, 1, 1 
34199, 1, 1 
54428, 1, 1 
6254, 1, 1 
29976, 1, 1 
45743, 1, 1 
45537, 1, 1 
40464, 1, 1 
50225, 1, 1 
30389, 1, 1 
26986, 1, 1 
25786, 1, 1 
37191, 1, 1 
53904, 1, 1 
29551, 1, 1 
31420, 1, 1 
46855, 1, 1 
19446, 1, 1 
23993, 1, 1 
16278, 1, 1 
46664, 1, 1 
9693, 1, 1 
11278, 1, 1 
24247, 1, 1 
57714, 1, 1 
13273, 1, 1 
30366, 1, 1 
3755, 1, 1 
32958, 1, 1 
10420, 1, 1 
9365, 1, 1 
1230, 1, 1 
44242, 1, 1 
34261, 1, 1 
49817, 1, 1 
447, 1, 1 
56986, 1, 1 
48390, 1, 1 
12215, 1, 1 
20988, 1, 1 
22748, 1, 1 
27111, 1, 1 
10684, 1, 1 
58576, 1, 1 
20036, 1, 1 
58677, 1, 1 
14463, 1, 1 
53147, 1, 1 
47340, 1, 1 
51083, 1, 1 
55567, 1, 1 
33942, 1, 1 
19010, 1, 1 
36382, 1, 1 
10257, 1, 1 
19018, 1, 1 
45221, 1, 1 
55988, 1, 1 
39716, 1, 1 
8904, 1, 1 
20066, 1, 1 
27681, 1, 1 
28482, 1, 1 
56384, 1, 1 
11606, 1, 1 
35404, 1, 1 
31169, 1, 1 
10027, 1, 1 
16262, 1, 1 
38840, 1, 1 
39012, 1, 1 
2907, 1, 1 
46006, 1, 1 
46936, 1, 1 
43553, 1, 1 
35826, 1, 1 
2994, 1, 1 
48456, 1, 1 
35163, 1, 1 
5271, 1, 1 
36388, 1, 1 
30292, 1, 1 
5012, 1, 1 
8070, 1, 1 
46705, 1, 1 
27071, 1, 1 
3996, 1, 1 
34796, 1, 1 
15164, 1, 1 
56374, 1, 1 
14079, 1, 1 
46637, 1, 1 
15809, 1, 1 
52619, 1, 1 
47908, 1, 1 
48024, 1, 1 
45627, 1, 1 
14980, 1, 1 
1601, 1, 1 
47350, 1, 1 
54683, 1, 1 
16014, 1, 1 
30089, 1, 1 
28981, 1, 1 
36536, 1, 1 
42713, 1, 1 
6229, 1, 1 
41454, 1, 1 
11287, 1, 1 
12930, 1, 1 
53780, 1, 1 
45941, 1, 1 
59010, 1, 1 
6436, 1, 1 
47583, 1, 1 
23892, 1, 1 
8106, 1, 1 
23844, 1, 1 
53168, 1, 1 
36037, 1, 1 
25531, 1, 1 
46782, 1, 1 
15293, 1, 1 
38965, 1, 1 
6247, 1, 1 
47721, 1, 1 
22847, 1, 1 
47224, 1, 1 
28673, 1, 1 
58913, 1, 1 
26070, 1, 1 
14354, 1, 1 
12532, 1, 1 
27012, 1, 1 
49641, 1, 1 
2188, 1, 1 
19188, 1, 1 
36094, 1, 1 
21051, 1, 1 
32231, 1, 1 
27789, 1, 1 
28099, 1, 1 
32921, 1, 1 
50094, 1, 1 
7421, 1, 1 
37897, 1, 1 
18492, 1, 1 
55371, 1, 1 
2123, 1, 1 
9487, 1, 1 
48583, 1, 1 
25600, 1, 1 
54388, 1, 1 
41685, 1, 1 
67, 1, 1 
40459, 1, 1 
23559, 1, 1 
35777, 1, 1 
24996, 1, 1 
7007, 1, 1 
6709, 1, 1 
43261, 1, 1 
671, 1, 1 
17964, 1, 1 
50838, 1, 1 
2776, 1, 1 
44899, 1, 1 
38532, 1, 1 
54210, 1, 1 
34542, 1, 1 
5779, 1, 1 
28837, 1, 1 
56637, 1, 1 
44113, 1, 1 
15575, 1, 1 
31370, 1, 1 
52119, 1, 1 
20611, 1, 1 
17806, 1, 1 
39896, 1, 1 
59686, 1, 1 
27572, 1, 1 
43829, 1, 1 
6384, 1, 1 
28718, 1, 1 
14000, 1, 1 
1369, 1, 1 
35360, 1, 1 
28828, 1, 1 
53087, 1, 1 
20327, 1, 1 
3411, 1, 1 
33385, 1, 1 
26096, 1, 1 
37116, 1, 1 
30171, 1, 1 
58727, 1, 1 
23404, 1, 1 
41909, 1, 1 
24020, 1, 1 
41600, 1, 1 
7131, 1, 1 
44967, 1, 1 
9910, 1, 1 
20279, 1, 1 
59545, 1, 1 
30958, 1, 1 
33781, 1, 1 
50273, 1, 1 
19997, 1, 1 
21201, 1, 1 
19897, 1, 1 
45182, 1, 1 
15473, 1, 1 
55155, 1, 1 
57437, 1, 1 
48444, 1, 1 
31174, 1, 1 
47384, 1, 1 
37624, 1, 1 
42260, 1, 1 
23604, 1, 1 
24838, 1, 1 
394, 1, 1 
28196, 1, 1 
6702, 1, 1 
44622, 1, 1 
16944, 1, 1 
48461, 1, 1 
34222, 1, 1 
51888, 1, 1 
17685, 1, 1 
30852, 1, 1 
23656, 1, 1 
53180, 1, 1 
30436, 1, 1 
15148, 1, 1 
52492, 1, 1 
15435, 1, 1 
42406, 1, 1 
7160, 1, 1 
11533, 1, 1 
28110, 1, 1 
32892, 1, 1 
23181, 1, 1 
35719, 1, 1 
29098, 1, 1 
14327, 1, 1 
6530, 1, 1 
13129, 1, 1 
48127, 1, 1 
905, 1, 1 
47601, 1, 1 
26175, 1, 1 
23973, 1, 1 
25087, 1, 1 
41449, 1, 1 
55523, 1, 1 
55786, 1, 1 
24328, 1, 1 
30684, 1, 1 
11134, 1, 1 
53662, 1, 1 
25876, 1, 1 
10156, 1, 1 
22828, 1, 1 
8895, 1, 1 
47982, 1, 1 
14685, 1, 1 
44136, 1, 1 
43779, 1, 1 
10006, 1, 1 
46954, 1, 1 
51631, 1, 1 
25336, 1, 1 
31144, 1, 1 
59954, 1, 1 
41879, 1, 1 
38774, 1, 1 
50857, 1, 1 
20990, 1, 1 
31282, 1, 1 
23030, 1, 1 
40714, 1, 1 
678, 1, 1 
25858, 1, 1 
37635, 1, 1 
54963, 1, 1 
27506, 1, 1 
38337, 1, 1 
5648, 1, 1 
46127, 1, 1 
33800, 1, 1 
27751, 1, 1 
14503, 1, 1 
1579, 1, 1 
6206, 1, 1 
10692, 1, 1 
47850, 1, 1 
10907, 1, 1 
2446, 1, 1 
58309, 1, 1 
37659, 1, 1 
30667, 1, 1 
9453, 1, 1 
25163, 1, 1 
44327, 1, 1 
33684, 1, 1 
10152, 1, 1 
44359, 1, 1 
52963, 1, 1 
21990, 1, 1 
37433, 1, 1 
44245, 1, 1 
48908, 1, 1 
26696, 1, 1 
10346, 1, 1 
1192, 1, 1 
15154, 1, 1 
13649, 1, 1 
16468, 1, 1 
58772, 1, 1 
18053, 1, 1 
54825, 1, 1 
38081, 1, 1 
43006, 1, 1 
33663, 1, 1 
19966, 1, 1 
15805, 1, 1 
54223, 1, 1 
38164, 1, 1 
7205, 1, 1 
8625, 1, 1 
53304, 1, 1 
26388, 1, 1 
9354, 1, 1 
52965, 1, 1 
3440, 1, 1 
25934, 1, 1 
33949, 1, 1 
37926, 1, 1 
25322, 1, 1 
48600, 1, 1 
32378, 1, 1 
25549, 1, 1 
48916, 1, 1 
57829, 1, 1 
24932, 1, 1 
20340, 1, 1 
21964, 1, 1 
39262, 1, 1 
48977, 1, 1 
25441, 1, 1 
24714, 1, 1 
27707, 1, 1 
5760, 1, 1 
9697, 1, 1 
59289, 1, 1 
53040, 1, 1 
10638, 1, 1 
33440, 1, 1 
43336, 1, 1 
54173, 1, 1 
24834, 1, 1 
17477, 1, 1 
22045, 1, 1 
8985, 1, 1 
53899, 1, 1 
710, 1, 1 
45077, 2, 2 
58771, 2, 2 
15845, 2, 2 
46833, 2, 2 
32146, 2, 2 
17265, 2, 2 
52224, 2, 2 
17137, 2, 2 
57262, 2, 2 
27672, 2, 2 
11718, 2, 2 
17851, 2, 2 
9777, 2, 2 
25912, 2, 2 
40614, 2, 2 
38884, 2, 2 
36266, 2, 2 
55373, 2, 2 
1175, 2, 2 
27787, 2, 2 
178, 2, 2 
11299, 2, 2 
40847, 2, 2 
3830, 2, 2 
54105, 2, 2 
18077, 2, 2 
21164, 2, 2 
6846, 2, 2 
15263, 2, 2 
31258, 2, 2 
25412, 2, 2 
8453, 2, 2 
34747, 2, 2 
23917, 2, 2 
26280, 2, 2 
716, 2, 2 
5900, 2, 2 
54866, 2, 2 
6839, 2, 2 
53772, 2, 2 
35638, 2, 2 
51648, 2, 2 
2283, 2, 2 
56069, 2, 2 
31608, 2, 2 
52547, 2, 2 
30032, 2, 2 
40049, 2, 2 
24491, 2, 2 
1058, 2, 2 
26741, 2, 2 
29906, 2, 2 
9087, 2, 2 
43871, 2, 2 
22856, 2, 2 
18236, 2, 2 
57139, 2, 2 
21323, 2, 2 
56687, 2, 2 
10073, 2, 2 
43769, 2, 2 
23934, 2, 2 
53748, 2, 2 
22386, 2, 2 
39698, 2, 2 
23025, 2, 2 
49349, 2, 2 
54714, 2, 2 
52694, 2, 2 
43293, 2, 2 
9600, 2, 2 
35690, 2, 2 
58821, 2, 2 
58172, 2, 2 
28537, 2, 2 
57956, 2, 2 
14264, 2, 2 
55300, 2, 2 
40206, 2, 2 
76, 2, 2 
32637, 2, 2 
14490, 2, 2 
55657, 2, 2 
30369, 2, 2 
25294, 2, 2 
23460, 2, 2 
37832, 2, 2 
30107, 2, 2 
6125, 2, 2 
26146, 2, 2 
53512, 2, 2 
39118, 2, 2 
41121, 2, 2 
14617, 2, 2 
20145, 2, 2 
5890, 2, 2 
24060, 2, 2 
56083, 2, 2 
20655, 2, 2 
21636, 2, 2 
20742, 2, 2 
26477, 2, 2 
59920, 2, 2 
8229, 2, 2 
26326, 2, 2 
13994, 2, 2 
34181, 2, 2 
23895, 2, 2 
3589, 2, 2 
7792, 2, 2 
13330, 2, 2 
46266, 2, 2 
49567, 2, 2 
47922, 2, 2 
20309, 2, 2 
55209, 2, 2 
8853, 2, 3 
21451, 2, 2 
28839, 2, 2 
7170, 2, 2 
58896, 2, 2 
51630, 2, 2 
5415, 2, 2 
46593, 2, 2 
26340, 2, 2 
37151, 2, 2 
47973, 2, 2 
52251, 2, 2 
59675, 2, 2 
30530, 2, 2 
23082, 2, 2 
20442, 2, 2 
27331, 2, 2 
8924, 2, 2 
17464, 2, 2 
40622, 2, 2 
17212, 2, 2 
27600, 2, 2 
59698, 2, 2 
33233, 2, 2 
14295, 2, 2 
57694, 2, 2 
11475, 2, 2 
36209, 2, 2 
55769, 2, 2 
25403, 2, 2 
58857, 2, 2 
26504, 2, 2 
13952, 2, 2 
26688, 2, 2 
38784, 2, 2 
43743, 2, 2 
52898, 2, 2 
24897, 2, 2 
47369, 2, 2 
18643, 2, 2 
35134, 2, 2 
2402, 2, 2 
26434, 2, 2 
24203, 2, 2 
36462, 2, 2 
21527, 2, 2 
37416, 2, 2 
54306, 2, 2 
5016, 2, 2 
46163, 2, 2 
27456, 2, 2 
2472, 2, 2 
44415, 2, 2 
40705, 2, 2 
7839, 2, 2 
59298, 2, 2 
13121, 2, 2 
30997, 2, 2 
10502, 2, 2 
45375, 2, 2 
51653, 2, 2 
14555, 2, 2 
29050, 2, 2 
54551, 2, 2 
47804, 2, 2 
46162, 2, 2 
48525, 2, 2 
57752, 2, 2 
55170, 2, 2 
28685, 2, 2 
22612, 2, 2 
25041, 2, 2 
42373, 2, 2 
9855, 2, 2 
47515, 2, 2 
28471, 2, 2 
11458, 2, 2 
16781, 2, 2 
5104, 2, 2 
25787, 2, 2 
40152, 2, 2 
17995, 2, 2 
29698, 2, 2 
48991, 2, 2 
25533, 2, 2 
12875, 2, 2 
10941, 2, 2 
47531, 2, 2 
45439, 2, 2 
49856, 2, 2 
17153, 2, 2 
4157, 2, 2 
42301, 2, 2 
1727, 2, 2 
51506, 2, 2 
19069, 2, 2 
2251, 2, 2 
43351, 2, 2 
3853, 2, 2 
54553, 2, 2 
5420, 2, 2 
3791, 2, 2 
22792, 2, 2 
33414, 2, 2 
12682, 2, 2 
37501, 2, 2 
40812, 2, 2 
49976, 2, 2 
36006, 2, 2 
2389, 2, 2 
34643, 2, 2 
4428, 2, 2 
31429, 2, 2 
36077, 2, 2 
31973, 2, 2 
57284, 2, 2 
39323, 2, 2 
54169, 2, 2 
56612, 2, 2 
21042, 2, 2 
12906, 2, 2 
26083, 2, 2 
32595, 2, 2 
14118, 2, 2 
29904, 2, 2 
20007, 2, 2 
46921, 2, 2 
56508, 2, 2 
36781, 2, 2 
13370, 2, 2 
55972, 2, 2 
44092, 2, 2 
13138, 2, 2 
14355, 2, 2 
10616, 2, 2 
27869, 2, 2 
27883, 2, 2 
9989, 2, 2 
20981, 2, 2 
27432, 2, 2 
56361, 2, 2 
29612, 2, 2 
17272, 2, 2 
28050, 2, 2 
2305, 2, 2 
35445, 2, 2 
57289, 2, 2 
34201, 2, 2 
38733, 2, 2 
51001, 2, 2 
7615, 2, 2 
38148, 2, 2 
29619, 2, 2 
30344, 2, 2 
16916, 2, 2 
16482, 2, 2 
35670, 2, 2 
49267, 2, 2 
1438, 2, 2 
17500, 2, 2 
1563, 2, 2 
24546, 2, 2 
11380, 2, 2 
14302, 2, 2 
37743, 2, 2 
46463, 2, 2 
11869, 2, 2 
37243, 2, 2 
6445, 2, 2 
2838, 2, 2 
22712, 2, 2 
5647, 2, 2 
12718, 2, 2 
19688, 2, 2 
27186, 2, 2 
45501, 2, 2 
20970, 2, 2 
13612, 2, 2 
42950, 2, 2 
50748, 2, 2 
18585, 2, 2 
39759, 2, 2 
8204, 2, 2 
16677, 2, 2 
59327, 2, 2 
48784, 2, 2 
7801, 2, 2 
44371, 2, 2 
56598, 2, 2 
989, 2, 2 
40425, 2, 2 
33685, 2, 2 
23231, 2, 2 
46377, 2, 2 
30931, 2, 2 
34936, 2, 2 
58297, 2, 2 
29408, 2, 2 
56998, 2, 2 
14369, 2, 2 
43513, 2, 2 
37157, 2, 2 
34680, 2, 2 
14596, 2, 2 
40566, 2, 2 
6039, 2, 2 
59971, 2, 2 
10436, 2, 2 
32763, 2, 2 
33413, 2, 2 
15829, 2, 2 
53608, 2, 2 
2053, 2, 2 
32142, 2, 2 
23397, 2, 2 
13310, 2, 2 
58538, 2, 2 
31928, 2, 2 
28998, 2, 2 
44718, 2, 2 
22391, 2, 2 
17684, 2, 2 
56739, 2, 2 
46556, 2, 2 
13552, 2, 2 
19721, 2, 2 
39592, 2, 2 
43391, 2, 2 
23776, 2, 2 
45412, 2, 2 
14978, 2, 2 
35111, 2, 2 
31024, 2, 2 
57448, 2, 2 
54161, 2, 2 
14938, 2, 2 
49911, 2, 2 
57658, 2, 2 
26093, 2, 2 
30655, 2, 2 
29726, 2, 2 
42168, 2, 2 
59819, 2, 2 
10081, 2, 2 
51760, 2, 2 
18815, 2, 2 
43964, 2, 2 
8212, 2, 2 
38636, 2, 2 
5449, 2, 2 
29876, 2, 2 
51357, 2, 2 
40053, 2, 2 
49486, 2, 2 
53264, 2, 2 
13527, 2, 2 
50335, 2, 2 
27374, 2, 2 
10680, 2, 2 
8599, 2, 2 
46447, 2, 2 
47258, 2, 2 
24321, 2, 2 
40975, 2, 2 
30724, 2, 2 
20992, 2, 2 
774, 2, 2 
10583, 2, 2 
47623, 2, 2 
43895, 2, 2 
11601, 2, 2 
31837, 2, 2 
24198, 2, 2 
16772, 2, 2 
29699, 2, 2 
48951, 2, 2 
56553, 2, 2 
21982, 2, 2 
35138, 2, 2 
6637, 2, 2 
15475, 2, 2 
18804, 2, 2 
36965, 2, 2 
22278, 2, 2 
54806, 2, 2 
5715, 2, 2 
32010, 2, 2 
262, 2, 2 
25618, 2, 2 
22115, 2, 2 
44248, 2, 2 
58644, 2, 2 
29085, 2, 2 
46867, 2, 2 
32640, 2, 2 
23847, 2, 2 
11961, 2, 2 
28169, 2, 2 
16124, 2, 2 
14569, 2, 2 
37320, 2, 2 
43292, 2, 2 
4446, 2, 2 
21891, 2, 2 
59556, 2, 2 
30640, 2, 2 
14381, 2, 2 
23625, 2, 2 
52413, 2, 2 
32035, 2, 2 
8972, 2, 2 
22356, 2, 2 
10130, 2, 2 
23520, 2, 2 
1561, 2, 2 
49605, 2, 2 
15187, 2, 2 
45889, 2, 2 
50052, 2, 2 
29510, 2, 2 
2171, 2, 2 
25156, 2, 2 
41581, 2, 2 
26454, 2, 2 
52796, 2, 2 
59253, 2, 2 
54541, 2, 2 
29244, 2, 2 
12871, 2, 2 
41080, 2, 2 
43831, 2, 2 
49248, 2, 2 
20313, 2, 2 
46974, 2, 2 
4241, 2, 2 
28640, 2, 2 
34795, 2, 2 
51541, 2, 2 
22442, 2, 2 
34475, 2, 2 
31603, 2, 2 
24050, 2, 2 
28289, 2, 2 
13023, 2, 2 
55149, 2, 2 
22994, 2, 2 
10321, 2, 2 
19343, 2, 2 
37995, 2, 2 
31327, 2, 2 
33488, 2, 2 
23491, 2, 2 
54095, 2, 2 
24632, 2, 2 
5988, 2, 2 
22573, 2, 2 
20077, 2, 2 
32024, 2, 2 
19444, 2, 2 
46835, 2, 2 
40420, 2, 2 
45745, 2, 2 
25020, 2, 2 
25700, 2, 2 
58409, 2, 2 
46727, 2, 2 
45867, 2, 2 
56301, 2, 2 
57899, 2, 2 
36936, 2, 2 
673, 2, 2 
56540, 2, 2 
48211, 2, 2 
47603, 2, 2 
50705, 2, 2 
54877, 2, 2 
47839, 2, 2 
46143, 2, 2 
38288, 2, 2 
37630, 2, 2 
51748, 2, 2 
57966, 2, 2 
40037, 2, 2 
35529, 2, 2 
35195, 3, 3 
46117, 3, 3 
48014, 3, 3 
16676, 3, 3 
25768, 3, 3 
9685, 3, 3 
17324, 3, 3 
19631, 3, 3 
24095, 3, 3 
46269, 3, 2 
45272, 3, 3 
19713, 3, 3 
36180, 3, 3 
135, 3, 3 
31404, 3, 3 
13567, 3, 3 
17906, 3, 3 
54704, 3, 3 
28633, 3, 3 
31021, 3, 3 
22492, 3, 3 
19878, 3, 3 
675, 3, 3 
47653, 3, 3 
46427, 3, 3 
47426, 3, 3 
17460, 3, 3 
22619, 3, 3 
57004, 3, 3 
50671, 3, 3 
41537, 3, 3 
5687, 3, 3 
43711, 3, 3 
18847, 3, 3 
23955, 3, 3 
2788, 3, 3 
22307, 3, 3 
6576, 3, 3 
34183, 3, 3 
55482, 3, 3 
56925, 3, 3 
34085, 3, 3 
57990, 3, 3 
22003, 3, 3 
22011, 3, 3 
10238, 3, 3 
47930, 3, 3 
21420, 3, 3 
5127, 3, 3 
12583, 3, 3 
7784, 3, 5 
58144, 3, 3 
3404, 3, 3 
41453, 3, 2 
50067, 3, 3 
45979, 3, 3 
10921, 3, 3 
12300, 3, 3 
31579, 3, 3 
21007, 3, 3 
12246, 3, 3 
11781, 3, 3 
35984, 3, 3 
28826, 3, 3 
56820, 3, 3 
15651, 3, 3 
59436, 3, 3 
41343, 3, 3 
46986, 3, 3 
59315, 3, 3 
3591, 3, 3 
9294, 3, 3 
13965, 3, 3 
37745, 3, 3 
21582, 3, 3 
33896, 3, 3 
983, 3, 3 
39189, 3, 3 
13778, 3, 3 
50286, 3, 3 
46211, 3, 3 
24867, 3, 3 
50265, 3, 3 
7080, 3, 5 
46981, 3, 3 
35557, 3, 3 
31515, 3, 3 
42117, 3, 3 
23206, 3, 3 
46051, 3, 3 
1097, 3, 3 
49149, 3, 3 
15496, 3, 3 
30282, 3, 3 
28472, 3, 3 
13124, 3, 3 
33989, 3, 3 
4471, 3, 3 
33491, 3, 3 
24789, 3, 3 
27625, 3, 3 
31720, 3, 3 
30256, 3, 3 
9974, 3, 3 
38495, 3, 3 
2568, 3, 3 
54476, 3, 3 
8192, 3, 3 
26724, 3, 3 
4898, 3, 3 
46329, 3, 3 
5736, 3, 3 
49307, 3, 3 
20631, 3, 3 
17778, 3, 3 
19280, 3, 3 
47225, 3, 3 
1677, 3, 3 
51991, 3, 3 
15519, 3, 3 
24850, 3, 3 
24059, 3, 3 
11570, 3, 7 
49826, 3, 3 
37174, 3, 3 
49638, 3, 3 
59158, 3, 3 
23657, 3, 3 
50964, 3, 3 
19601, 3, 3 
43070, 3, 3 
48978, 3, 3 
9759, 3, 3 
42681, 3, 3 
30090, 3, 3 
9639, 3, 3 
5238, 3, 3 
42220, 3, 3 
35407, 3, 3 
15534, 3, 3 
22733, 3, 3 
34364, 3, 3 
34363, 3, 3 
41171, 3, 3 
56875, 3, 3 
20437, 3, 3 
30379, 3, 3 
12506, 3, 3 
4996, 3, 3 
18687, 3, 2 
45854, 3, 3 
31183, 3, 3 
48873, 3, 3 
17588, 3, 5 
22708, 3, 3 
45759, 3, 3 
6098, 3, 3 
12024, 3, 3 
20780, 3, 3 
49318, 3, 3 
27419, 3, 3 
33240, 3, 3 
15930, 3, 3 
8800, 3, 3 
31641, 3, 3 
24787, 3, 3 
44174, 3, 3 
11232, 3, 3 
58183, 3, 3 
7097, 3, 3 
9412, 3, 3 
36803, 3, 3 
6894, 3, 3 
51616, 3, 5 
38218, 3, 3 
31559, 3, 3 
1121, 3, 3 
5252, 3, 3 
58587, 3, 3 
39100, 3, 3 
45327, 3, 3 
50025, 3, 3 
39884, 3, 3 
14266, 3, 3 
54249, 3, 3 
11539, 3, 3 
46062, 3, 3 
37397, 3, 3 
54735, 3, 3 
18920, 3, 3 
4449, 3, 3 
28536, 3, 3 
57488, 3, 3 
14514, 3, 3 
1119, 3, 3 
26710, 3, 3 
49607, 3, 3 
31098, 3, 3 
56260, 3, 3 
21980, 3, 3 
33276, 3, 3 
12656, 3, 3 
59137, 3, 3 
53357, 3, 3 
52464, 3, 3 
30934, 3, 3 
50175, 3, 3 
59707, 3, 3 
49467, 3, 3 
21447, 3, 3 
51534, 3, 3 
55292, 3, 3 
49725, 3, 3 
7067, 3, 3 
56721, 3, 3 
33299, 3, 3 
29962, 3, 3 
40931, 3, 3 
14619, 3, 5 
32990, 3, 3 
36149, 3, 3 
215, 3, 3 
36887, 3, 3 
14352, 3, 3 
4581, 3, 3 
8013, 3, 3 
15245, 3, 3 
55249, 3, 3 
54084, 3, 3 
17116, 3, 3 
52041, 3, 3 
12329, 3, 3 
30375, 3, 3 
53757, 3, 3 
26391, 3, 3 
7123, 3, 3 
59490, 3, 3 
7463, 3, 3 
17699, 3, 3 
28252, 3, 3 
31349, 3, 3 
41978, 3, 3 
32479, 3, 3 
55474, 3, 3 
42962, 3, 3 
52085, 3, 3 
4579, 3, 3 
22154, 3, 3 
6033, 3, 3 
13670, 3, 3 
36247, 3, 3 
14028, 3, 3 
26127, 3, 3 
37792, 3, 3 
30511, 3, 3 
37118, 3, 5 
15647, 3, 3 
11480, 3, 3 
51717, 3, 3 
29816, 3, 3 
47979, 3, 3 
23779, 3, 3 
40752, 3, 5 
10644, 3, 3 
31745, 3, 3 
28515, 3, 3 
48770, 3, 3 
19660, 3, 3 
1908, 3, 3 
32850, 3, 3 
19675, 3, 3 
861, 3, 3 
33649, 3, 3 
19579, 3, 3 
31989, 3, 3 
31178, 3, 3 
10, 3, 3 
8017, 3, 3 
18004, 3, 3 
46979, 3, 3 
1357, 3, 3 
14903, 3, 3 
17280, 3, 3 
44142, 3, 3 
36572, 3, 3 
45636, 3, 3 
50728, 3, 3 
31582, 3, 3 
23778, 3, 3 
56869, 3, 3 
7600, 3, 3 
58747, 3, 3 
1870, 3, 3 
54535, 3, 3 
3824, 3, 3 
11321, 3, 3 
49648, 3, 3 
41267, 3, 3 
26048, 3, 3 
54694, 3, 3 
33080, 3, 3 
17409, 3, 3 
18225, 3, 3 
21150, 3, 3 
20597, 3, 3 
1651, 3, 3 
33229, 3, 3 
31504, 3, 3 
23724, 3, 3 
28571, 3, 3 
31587, 3, 3 
53156, 3, 2 
49020, 3, 3 
38410, 3, 3 
46072, 3, 3 
43475, 3, 3 
20937, 3, 3 
3626, 3, 3 
29300, 3, 3 
34318, 3, 3 
24132, 3, 3 
23439, 3, 3 
33607, 3, 3 
45477, 3, 3 
13109, 3, 3 
16867, 3, 3 
14286, 3, 3 
9411, 3, 3 
25453, 3, 3 
18252, 3, 3 
19863, 3, 3 
14558, 3, 3 
15986, 3, 3 
36216, 3, 3 
11296, 3, 3 
50545, 3, 3 
21328, 3, 3 
26548, 3, 3 
22730, 3, 3 
56823, 3, 3 
9904, 3, 3 
7162, 3, 3 
52027, 3, 3 
50915, 3, 3 
40745, 3, 3 
49461, 3, 3 
18679, 3, 3 
14535, 3, 3 
33880, 3, 3 
10745, 3, 3 
16220, 3, 3 
20080, 3, 3 
46834, 3, 3 
47950, 3, 3 
23322, 3, 3 
48139, 3, 3 
31011, 3, 3 
19950, 3, 3 
54524, 3, 3 
57207, 3, 3 
21341, 3, 3 
9230, 3, 3 
37692, 3, 3 
50955, 3, 3 
18739, 3, 3 
10511, 3, 3 
16239, 3, 3 
42477, 3, 3 
14431, 3, 3 
28444, 3, 3 
5738, 3, 3 
9648, 3, 3 
43962, 3, 3 
54062, 3, 3 
48465, 3, 3 
22474, 3, 3 
3596, 3, 3 
14383, 3, 3 
50364, 3, 3 
46563, 3, 3 
29249, 3, 3 
46634, 3, 3 
18061, 3, 3 
54603, 3, 3 
54285, 3, 3 
21864, 3, 3 
48137, 3, 3 
35349, 3, 3 
17634, 3, 3 
30885, 3, 3 
24965, 3, 3 
40257, 3, 3 
27917, 3, 3 
29972, 3, 3 
341, 3, 3 
35979, 3, 3 
25708, 3, 3 
57009, 3, 3 
1829, 3, 3 
9621, 3, 3 
43783, 3, 2 
8338, 3, 3 
37944, 3, 3 
44134, 3, 3 
16626, 3, 3 
25291, 3, 3 
21685, 3, 3 
35562, 3, 3 
59038, 3, 3 
36862, 3, 3 
46932, 3, 3 
21278, 3, 3 
43067, 3, 3 
24899, 3, 3 
15201, 3, 3 
30130, 3, 3 
7794, 3, 3 
16530, 3, 8 
7803, 3, 5 
40247, 3, 3 
3810, 3, 3 
42055, 3, 3 
59828, 3, 3 
16125, 3, 3 
36623, 3, 3 
46370, 3, 3 
29882, 3, 3 
53048, 3, 3 
35582, 3, 3 
48722, 3, 3 
53474, 3, 3 
17752, 3, 3 
45586, 3, 3 
2469, 3, 3 
55751, 3, 3 
22587, 3, 3 
33854, 3, 3 
38894, 3, 3 
50885, 3, 3 
55093, 3, 3 
20377, 3, 3 
37691, 3, 3 
47838, 3, 3 
2042, 3, 3 
2964, 3, 3 
13242, 3, 3 
3606, 3, 3 
6007, 3, 3 
40337, 3, 3 
37928, 3, 3 
25346, 3, 3 
18960, 3, 3 
13736, 3, 3 
31032, 3, 3 
8450, 3, 3 
8882, 3, 3 
11481, 3, 3 
15109, 3, 3 
52828, 3, 3 
14420, 3, 3 
3683, 3, 3 
55758, 3, 3 
46882, 3, 3 
26383, 3, 3 
51555, 3, 3 
25949, 3, 3 
8765, 3, 3 
24870, 3, 3 
56434, 3, 3 
21947, 3, 3 
2379, 3, 3 
33471, 3, 3 
18363, 3, 3 
58421, 3, 3 
890, 3, 3 
30258, 3, 3 
24573, 3, 3 
39566, 3, 3 
19200, 3, 3 
50148, 3, 3 
59168, 3, 3 
58966, 3, 3 
51613, 3, 3 
31548, 3, 3 
5660, 3, 3 
41720, 3, 3 
19977, 3, 3 
35459, 3, 3 
32539, 3, 3 
14410, 3, 3 
19386, 3, 3 
7397, 3, 3 
2275, 3, 3 
34387, 3, 3 
58558, 3, 3 
23412, 3, 3 
27804, 3, 3 
32013, 3, 3 
18287, 3, 3 
43759, 3, 3 
52499, 4, 4 
46384, 4, 4 
28159, 4, 4 
33301, 4, 4 
44224, 4, 4 
23187, 4, 4 
10433, 4, 4 
51403, 4, 4 
12343, 4, 4 
12316, 4, 4 
5807, 4, 4 
12870, 4, 4 
33177, 4, 4 
4464, 4, 4 
2589, 4, 4 
55930, 4, 4 
37623, 4, 4 
32084, 4, 4 
10236, 4, 4 
53384, 4, 4 
42139, 4, 4 
42995, 4, 4 
20346, 4, 4 
17469, 4, 4 
29617, 4, 4 
20835, 4, 4 
19599, 4, 4 
28938, 4, 4 
59674, 4, 4 
36733, 4, 4 
35472, 4, 4 
22403, 4, 4 
8887, 4, 4 
4890, 4, 4 
46894, 4, 4 
33720, 4, 4 
27102, 4, 4 
38922, 4, 4 
22242, 4, 4 
43934, 4, 4 
56276, 4, 4 
27180, 4, 4 
20011, 4, 4 
16450, 4, 4 
33731, 4, 4 
28518, 4, 4 
8539, 4, 4 
6532, 4, 4 
2392, 4, 4 
54895, 4, 4 
28393, 4, 4 
39404, 4, 4 
48813, 4, 4 
46503, 4, 4 
28914, 4, 4 
1767, 4, 4 
37221, 4, 4 
11627, 4, 4 
47764, 4, 4 
57965, 4, 4 
11434, 4, 4 
51018, 4, 4 
18551, 4, 4 
30134, 4, 4 
4283, 4, 4 
57724, 4, 4 
23150, 4, 4 
54041, 4, 4 
19657, 4, 4 
616, 4, 4 
25660, 4, 4 
40573, 4, 4 
51111, 4, 4 
26367, 4, 4 
8495, 4, 4 
46374, 4, 4 
21619, 4, 4 
18455, 4, 4 
57747, 4, 4 
53476, 4, 4 
16312, 4, 4 
16098, 4, 4 
34346, 4, 4 
40793, 4, 4 
13864, 4, 4 
10371, 4, 4 
23658, 4, 4 
2647, 4, 4 
47128, 4, 4 
34000, 4, 4 
4874, 4, 4 
6258, 4, 4 
28703, 4, 4 
8553, 4, 4 
29992, 4, 4 
59515, 4, 4 
22974, 4, 4 
7579, 4, 4 
14592, 4, 4 
13251, 4, 4 
22372, 4, 4 
33506, 4, 7 
29046, 4, 4 
16448, 4, 4 
4146, 4, 4 
59620, 4, 4 
51382, 4, 4 
36817, 4, 4 
27088, 4, 4 
56705, 4, 4 
11512, 4, 4 
27914, 4, 4 
9887, 4, 4 
21936, 4, 4 
38551, 4, 4 
55891, 4, 4 
30875, 4, 4 
53109, 4, 4 
48379, 4, 4 
53753, 4, 4 
41921, 4, 4 
35229, 4, 4 
12327, 4, 4 
6336, 4, 4 
19813, 4, 4 
58847, 4, 4 
20368, 4, 4 
42471, 4, 4 
11424, 4, 4 
4318, 4, 4 
32188, 4, 4 
50819, 4, 4 
30327, 4, 4 
749, 4, 4 
48819, 4, 4 
11227, 4, 4 
20711, 4, 4 
56595, 4, 4 
5324, 4, 4 
15931, 4, 4 
18831, 4, 4 
47521, 4, 4 
48327, 4, 4 
30367, 4, 4 
50405, 4, 4 
53144, 4, 4 
2089, 4, 4 
56146, 4, 4 
11740, 4, 4 
8995, 4, 4 
914, 4, 4 
27809, 4, 4 
30005, 4, 4 
41066, 4, 4 
18071, 4, 4 
39743, 4, 4 
47109, 4, 4 
34406, 4, 4 
28327, 4, 4 
15525, 4, 4 
52267, 4, 4 
38716, 4, 4 
49092, 4, 4 
25856, 4, 4 
41093, 4, 4 
6556, 4, 4 
48399, 4, 4 
34530, 4, 4 
32124, 4, 4 
52448, 4, 4 
59386, 4, 4 
59451, 4, 4 
40081, 4, 4 
39058, 4, 4 
51255, 4, 4 
18184, 4, 4 
27141, 4, 4 
22553, 4, 4 
52589, 4, 4 
46925, 4, 4 
31543, 4, 4 
22670, 4, 4 
33747, 4, 4 
33726, 4, 4 
21431, 4, 4 
12396, 4, 4 
48685, 4, 4 
3370, 4, 4 
14882, 4, 4 
23692, 4, 4 
40702, 4, 4 
48252, 4, 4 
50080, 4, 4 
3694, 4, 4 
47379, 4, 4 
37683, 4, 4 
53300, 4, 4 
53905, 4, 4 
36174, 4, 4 
6714, 4, 4 
47330, 4, 4 
53346, 4, 4 
26465, 4, 4 
25234, 4, 4 
52437, 4, 4 
20208, 4, 4 
15604, 4, 4 
21988, 4, 4 
5047, 4, 4 
54634, 4, 4 
55098, 4, 4 
2185, 4, 4 
21140, 4, 4 
34067, 4, 4 
58325, 4, 4 
35752, 4, 4 
55773, 4, 4 
21922, 4, 4 
14193, 4, 4 
7864, 4, 4 
22034, 4, 4 
51350, 4, 4 
59881, 4, 4 
14793, 4, 4 
45184, 4, 4 
27591, 4, 4 
2922, 4, 4 
39361, 4, 4 
1932, 4, 4 
5982, 4, 4 
16387, 4, 4 
57126, 4, 4 
42684, 4, 4 
50319, 4, 4 
21888, 4, 4 
17823, 4, 4 
19192, 4, 4 
52985, 4, 4 
11886, 4, 4 
18088, 4, 4 
52756, 4, 4 
30180, 4, 4 
55948, 4, 4 
20069, 4, 4 
847, 4, 4 
54770, 4, 4 
27686, 4, 4 
2046, 4, 4 
36243, 4, 4 
35482, 4, 4 
20702, 4, 4 
35392, 4, 4 
30198, 4, 4 
25575, 4, 4 
5945, 4, 4 
10396, 4, 4 
58504, 4, 4 
28290, 4, 4 
28919, 4, 4 
29767, 4, 4 
30590, 4, 4 
48436, 4, 4 
27882, 4, 4 
41626, 4, 4 
45709, 4, 4 
12070, 4, 4 
4417, 4, 4 
26634, 4, 4 
18961, 4, 4 
12306, 4, 4 
33265, 4, 4 
12384, 4, 4 
3857, 4, 4 
4746, 4, 4 
45191, 4, 4 
34249, 4, 4 
28248, 4, 4 
35227, 4, 4 
6329, 4, 4 
18592, 4, 4 
3548, 4, 4 
29530, 4, 4 
37986, 4, 4 
59852, 4, 4 
39607, 4, 4 
53145, 4, 4 
14241, 4, 4 
53990, 4, 4 
29885, 4, 4 
22574, 4, 4 
45778, 4, 4 
41298, 4, 4 
39117, 4, 4 
23974, 4, 4 
44530, 4, 4 
47308, 4, 4 
53295, 4, 4 
46920, 4, 4 
37492, 4, 4 
59700, 4, 4 
39433, 4, 4 
1203, 4, 4 
39674, 4, 4 
51454, 4, 4 
47028, 4, 4 
54563, 4, 4 
8215, 4, 4 
2069, 4, 4 
45788, 4, 4 
42812, 4, 4 
5822, 4, 4 
5134, 4, 4 
7502, 4, 4 
36202, 4, 4 
24713, 4, 4 
8695, 4, 4 
55136, 4, 4 
967, 4, 4 
58621, 4, 4 
35259, 4, 4 
22273, 4, 4 
36706, 4, 4 
49274, 4, 4 
34947, 4, 4 
7045, 4, 4 
56770, 4, 4 
4837, 4, 4 
44264, 4, 4 
59465, 4, 4 
57706, 4, 4 
19064, 4, 4 
17565, 4, 4 
43954, 4, 4 
26588, 4, 4 
6759, 4, 4 
40992, 4, 4 
8956, 4, 4 
27494, 4, 4 
32094, 4, 4 
37248, 4, 4 
55511, 4, 4 
17857, 4, 4 
40703, 4, 4 
35178, 4, 4 
4522, 4, 4 
44646, 4, 4 
58240, 4, 4 
53263, 4, 4 
38323, 4, 4 
45564, 4, 4 
39413, 4, 4 
6107, 4, 4 
42676, 4, 4 
31717, 4, 4 
12291, 4, 4 
57585, 4, 4 
11494, 4, 4 
1818, 4, 4 
34784, 4, 4 
31563, 4, 4 
58730, 4, 4 
33346, 4, 4 
17730, 4, 4 
24547, 4, 4 
5293, 4, 4 
47121, 4, 4 
32556, 4, 4 
56417, 4, 4 
37490, 4, 4 
13500, 4, 4 
33125, 4, 4 
43355, 4, 4 
48892, 4, 4 
6669, 4, 4 
33740, 4, 4 
21461, 4, 4 
7009, 4, 4 
37916, 4, 4 
54852, 4, 4 
15214, 4, 4 
5813, 4, 4 
37112, 4, 4 
42216, 4, 4 
13640, 4, 4 
21887, 4, 4 
45033, 4, 4 
13848, 4, 4 
40169, 4, 4 
36400, 4, 4 
6761, 4, 4 
45172, 4, 4 
43740, 4, 4 
32178, 4, 4 
46402, 4, 4 
53421, 4, 4 
31692, 4, 4 
43835, 4, 4 
10869, 4, 4 
42787, 4, 4 
23904, 4, 4 
39083, 4, 4 
8466, 4, 4 
15822, 4, 4 
54617, 4, 4 
2441, 4, 4 
39514, 4, 4 
43452, 4, 4 
18180, 4, 4 
59491, 4, 4 
53327, 4, 4 
15059, 4, 4 
53607, 4, 4 
29884, 4, 4 
48389, 4, 4 
47089, 4, 4 
40806, 4, 4 
3978, 4, 4 
20379, 4, 4 
43601, 4, 4 
16982, 4, 4 
54279, 4, 4 
17573, 4, 4 
18026, 4, 4 
42587, 4, 4 
29218, 4, 4 
10241, 4, 4 
59240, 4, 4 
59261, 4, 4 
57985, 4, 4 
17931, 4, 4 
24039, 4, 4 
57950, 4, 4 
34185, 4, 4 
294, 4, 4 
50609, 4, 4 
56676, 4, 4 
5064, 4, 4 
59367, 4, 4 
29818, 4, 4 
54960, 4, 4 
54567, 4, 4 
48730, 4, 4 
4633, 4, 4 
58992, 4, 4 
50757, 4, 4 
14274, 4, 4 
35926, 4, 4 
59943, 4, 4 
17749, 4, 4 
37505, 4, 4 
36399, 4, 4 
33306, 4, 4 
49998, 4, 4 
54109, 4, 4 
42116, 4, 4 
9566, 4, 4 
1885, 4, 4 
7296, 4, 4 
12438, 4, 4 
35818, 4, 4 
50284, 4, 4 
3724, 4, 4 
10642, 4, 4 
12615, 4, 4 
30321, 4, 4 
58895, 4, 4 
21664, 4, 4 
25182, 4, 4 
57482, 4, 4 
23837, 4, 4 
22028, 4, 4 
27826, 4, 4 
10338, 4, 4 
47285, 4, 4 
14720, 4, 4 
13458, 4, 4 
44342, 4, 4 
56173, 4, 4 
17067, 4, 4 
24744, 4, 4 
52128, 4, 4 
46939, 4, 4 
21077, 4, 4 
55877, 4, 4 
8266, 4, 4 
3905, 4, 4 
15161, 4, 4 
17970, 4, 4 
56827, 4, 4 
19281, 4, 4 
30169, 4, 4 
38518, 4, 4 
59743, 4, 4 
36218, 4, 4 
33545, 4, 4 
17678, 4, 4 
3503, 4, 4 
59821, 4, 4 
53856, 4, 4 
11040, 4, 4 
13078, 5, 5 
25384, 5, 5 
42850, 5, 5 
3216, 5, 5 
1413, 5, 5 
51740, 5, 5 
2330, 5, 5 
32961, 5, 5 
19083, 5, 5 
9690, 5, 5 
56804, 5, 5 
18172, 5, 5 
13659, 5, 5 
45222, 5, 5 
58948, 5, 5 
29273, 5, 5 
15054, 5, 5 
8173, 5, 5 
31687, 5, 5 
15791, 5, 5 
34187, 5, 5 
41208, 5, 5 
14713, 5, 5 
44738, 5, 5 
11695, 5, 5 
47081, 5, 5 
56852, 5, 5 
27291, 5, 5 
49950, 5, 5 
33734, 5, 5 
36602, 5, 5 
44647, 5, 5 
59170, 5, 5 
11505, 5, 5 
4987, 5, 5 
28057, 5, 5 
23455, 5, 5 
56587, 5, 5 
43289, 5, 5 
43882, 5, 5 
11492, 5, 5 
18591, 5, 5 
5598, 5, 5 
3301, 5, 5 
3007, 5, 5 
27310, 5, 5 
49890, 5, 5 
12891, 5, 5 
56061, 5, 5 
21749, 5, 5 
42390, 5, 5 
57848, 5, 5 
32902, 5, 5 
17981, 5, 5 
45049, 5, 5 
30575, 5, 5 
17651, 5, 5 
58877, 5, 5 
8876, 5, 5 
18476, 5, 5 
52902, 5, 5 
40353, 5, 5 
50926, 5, 5 
46307, 5, 5 
34325, 5, 5 
13404, 5, 5 
23928, 5, 5 
58460, 5, 5 
59368, 5, 5 
20933, 5, 5 
12087, 5, 5 
4948, 5, 5 
35611, 5, 5 
27416, 5, 5 
11776, 5, 5 
54779, 5, 5 
17024, 5, 5 
8263, 5, 5 
40546, 5, 5 
26621, 5, 5 
26150, 5, 5 
4596, 5, 5 
15155, 5, 5 
56725, 5, 5 
24792, 5, 5 
4752, 5, 5 
59311, 5, 5 
28579, 5, 5 
42680, 5, 5 
34082, 5, 5 
27271, 5, 5 
26493, 5, 5 
4376, 5, 5 
50060, 5, 5 
31149, 5, 5 
23137, 5, 5 
38189, 5, 5 
54142, 5, 5 
175, 5, 5 
49334, 5, 5 
2869, 5, 5 
28148, 5, 5 
37597, 5, 5 
48838, 5, 5 
51027, 5, 5 
55902, 5, 5 
41719, 5, 5 
5752, 5, 5 
33622, 5, 5 
14549, 5, 5 
22846, 5, 5 
24128, 5, 5 
17502, 5, 5 
7382, 5, 5 
44009, 5, 5 
38907, 5, 5 
41186, 5, 5 
13732, 5, 5 
25560, 5, 5 
24630, 5, 5 
34829, 5, 5 
219, 5, 5 
47357, 5, 5 
50649, 5, 5 
52264, 5, 5 
37551, 5, 5 
21604, 5, 5 
46019, 5, 5 
36939, 5, 5 
43506, 5, 5 
47138, 5, 5 
52981, 5, 5 
49402, 5, 5 
26706, 5, 5 
58814, 5, 5 
52399, 5, 5 
10798, 5, 5 
44563, 5, 5 
58359, 5, 5 
41938, 5, 5 
26251, 5, 5 
53942, 5, 5 
31214, 5, 5 
50010, 5, 5 
1913, 5, 5 
21115, 5, 5 
31644, 5, 5 
38360, 5, 5 
50779, 5, 5 
55865, 5, 5 
36480, 5, 5 
23947, 5, 5 
33605, 5, 5 
3648, 5, 5 
27400, 5, 5 
35040, 5, 5 
12386, 5, 5 
36214, 5, 5 
37557, 5, 5 
14659, 5, 5 
34996, 5, 5 
30233, 5, 5 
19775, 5, 5 
14951, 5, 5 
22887, 5, 5 
59096, 5, 5 
10286, 5, 5 
56306, 5, 5 
49705, 5, 5 
24275, 5, 5 
11599, 5, 5 
36774, 5, 5 
59349, 5, 5 
48733, 5, 5 
42428, 5, 5 
13502, 5, 5 
47629, 5, 5 
54914, 5, 5 
4908, 5, 5 
38798, 5, 5 
12157, 5, 5 
8339, 5, 5 
284, 5, 5 
47825, 5, 5 
40756, 5, 5 
10353, 5, 5 
28886, 5, 5 
417, 5, 5 
6068, 5, 5 
33562, 5, 5 
33221, 5, 5 
16832, 5, 5 
28258, 5, 5 
30980, 5, 5 
12381, 5, 5 
11936, 5, 5 
42604, 5, 5 
59662, 5, 5 
719, 5, 5 
5383, 5, 5 
26873, 5, 5 
52561, 5, 5 
47146, 5, 5 
24504, 5, 5 
45534, 5, 5 
41457, 5, 5 
54839, 5, 5 
45536, 5, 5 
58976, 5, 5 
26098, 5, 5 
7480, 5, 5 
36028, 5, 5 
5240, 5, 5 
14867, 5, 5 
57787, 5, 5 
26736, 5, 5 
41815, 5, 5 
29316, 5, 5 
58547, 5, 5 
23341, 5, 5 
53122, 5, 5 
33138, 5, 5 
15915, 5, 5 
26787, 5, 5 
18186, 5, 5 
57242, 5, 5 
9160, 5, 5 
46924, 5, 5 
38408, 5, 5 
6004, 5, 5 
23158, 5, 5 
47951, 5, 5 
37148, 5, 5 
2946, 5, 5 
45607, 5, 5 
6434, 5, 5 
1961, 5, 5 
437, 5, 5 
5028, 5, 5 
57462, 5, 5 
25240, 5, 5 
29916, 5, 5 
3875, 5, 5 
29815, 5, 5 
38533, 5, 5 
17722, 5, 5 
27441, 5, 5 
52295, 5, 5 
18364, 5, 5 
55643, 5, 5 
7351, 5, 5 
31694, 5, 5 
4695, 5, 5 
31982, 5, 5 
49476, 5, 5 
24317, 5, 5 
10665, 5, 5 
45295, 5, 5 
25423, 5, 5 
43503, 5, 5 
23312, 5, 5 
771, 5, 5 
39103, 5, 5 
42221, 5, 5 
47866, 5, 5 
4480, 5, 5 
6868, 5, 5 
56669, 5, 5 
9323, 5, 5 
1265, 5, 5 
55376, 5, 5 
33044, 5, 5 
10400, 5, 5 
6852, 5, 5 
17494, 5, 5 
41754, 5, 5 
4885, 5, 5 
55755, 5, 5 
964, 5, 5 
55356, 5, 5 
11305, 5, 5 
49040, 5, 5 
36381, 5, 5 
54230, 5, 5 
56666, 5, 5 
44845, 5, 5 
27526, 5, 5 
27942, 5, 5 
59329, 5, 5 
34692, 5, 5 
55455, 5, 5 
52540, 5, 5 
44783, 5, 5 
27288, 5, 5 
57853, 5, 5 
45567, 5, 5 
36639, 5, 5 
42964, 5, 5 
50533, 5, 5 
21233, 5, 5 
36366, 5, 5 
44152, 5, 5 
48533, 5, 5 
699, 5, 5 
12898, 5, 5 
5939, 5, 5 
6997, 5, 5 
17468, 5, 5 
18326, 5, 5 
44907, 5, 5 
42338, 5, 5 
23568, 5, 5 
4134, 5, 5 
9159, 5, 5 
5934, 5, 5 
53718, 5, 5 
26803, 5, 5 
36609, 5, 5 
25084, 5, 5 
48985, 5, 5 
47940, 5, 5 
1970, 5, 5 
10255, 5, 5 
54670, 5, 5 
21976, 5, 5 
4327, 5, 5 
924, 5, 5 
37358, 5, 5 
25930, 5, 5 
51727, 5, 5 
13321, 5, 5 
15206, 5, 5 
58655, 5, 5 
57269, 5, 5 
36424, 5, 5 
15000, 5, 5 
2933, 5, 5 
1263, 5, 5 
13938, 5, 5 
17247, 5, 5 
56363, 5, 5 
25521, 5, 5 
3974, 5, 5 
54483, 5, 5 
37698, 5, 5 
32603, 5, 5 
21093, 5, 5 
20922, 5, 5 
36493, 5, 5 
20342, 5, 5 
47278, 5, 5 
19374, 5, 5 
10871, 5, 5 
46612, 5, 5 
56658, 5, 5 
55394, 5, 5 
11136, 5, 5 
3141, 5, 5 
12540, 5, 5 
17732, 5, 5 
38655, 5, 5 
59850, 5, 5 
56002, 5, 5 
43218, 5, 5 
20914, 5, 5 
20374, 5, 5 
16490, 5, 5 
132, 5, 5 
32707, 5, 5 
33603, 5, 5 
55489, 5, 5 
28046, 5, 5 
50252, 5, 5 
1482, 5, 5 
45250, 5, 5 
19585, 5, 5 
9171, 5, 5 
35214, 5, 5 
24323, 5, 5 
16400, 5, 5 
28395, 5, 5 
47983, 5, 5 
23925, 5, 5 
35738, 5, 5 
57987, 5, 5 
3384, 5, 5 
39280, 5, 5 
768, 5, 5 
49428, 5, 5 
23630, 5, 5 
9951, 5, 5 
58330, 5, 5 
27818, 5, 5 
33033, 5, 5 
59960, 5, 5 
46152, 5, 5 
32870, 5, 5 
9647, 5, 5 
52122, 5, 5 
26413, 5, 5 
9801, 5, 5 
14623, 5, 5 
12347, 5, 5 
13400, 5, 5 
58439, 5, 5 
16647, 5, 5 
20799, 5, 5 
39460, 5, 5 
5157, 5, 5 
54246, 5, 5 
28762, 5, 5 
57302, 5, 5 
15337, 5, 5 
12181, 5, 5 
59822, 5, 5 
59670, 5, 5 
9084, 5, 5 
38888, 5, 5 
45731, 5, 5 
15880, 5, 5 
12957, 5, 5 
38756, 5, 5 
18947, 5, 5 
44480, 5, 5 
7144, 5, 5 
47204, 5, 5 
33013, 5, 5 
44939, 5, 5 
25967, 5, 5 
44014, 5, 5 
6504, 5, 5 
4290, 5, 5 
19506, 5, 5 
12697, 5, 5 
36309, 5, 5 
396, 5, 5 
31434, 5, 5 
57403, 5, 5 
43459, 5, 5 
39803, 5, 5 
34309, 5, 5 
30405, 5, 5 
20325, 5, 5 
16257, 5, 5 
8521, 5, 5 
29268, 5, 5 
22205, 5, 5 
41025, 5, 5 
56745, 5, 5 
3205, 5, 5 
20390, 5, 5 
0, 5, 5 
44673, 5, 5 
56262, 5, 5 
24812, 5, 5 
100, 5, 5 
25178, 5, 5 
21259, 5, 5 
22130, 5, 5 
6412, 5, 5 
45160, 5, 5 
11325, 5, 5 
25273, 5, 5 
48512, 5, 5 
19676, 5, 5 
24799, 5, 5 
56547, 5, 5 
53638, 5, 8 
43111, 5, 5 
30900, 5, 2 
56128, 5, 5 
38848, 5, 5 
41016, 5, 5 
14862, 5, 5 
2622, 5, 5 
9259, 5, 5 
29027, 5, 5 
59384, 5, 5 
54562, 5, 5 
17544, 5, 5 
53769, 5, 5 
3563, 5, 5 
32720, 5, 5 
31519, 5, 5 
39311, 5, 5 
44165, 5, 5 
5515, 5, 5 
47952, 5, 5 
24408, 5, 5 
32507, 5, 5 
59923, 5, 5 
22186, 5, 5 
55794, 5, 5 
7216, 5, 5 
13602, 5, 5 
52559, 5, 5 
32840, 5, 5 
24004, 5, 5 
20575, 5, 5 
54619, 5, 5 
90, 6, 6 
12262, 6, 6 
2005, 6, 6 
28115, 6, 6 
7564, 6, 6 
31232, 6, 6 
18262, 6, 6 
56805, 6, 6 
38376, 6, 6 
30638, 6, 6 
13375, 6, 6 
41273, 6, 6 
27887, 6, 6 
1418, 6, 6 
22435, 6, 6 
17164, 6, 6 
39665, 6, 6 
28170, 6, 6 
47584, 6, 6 
44814, 6, 6 
56441, 6, 6 
2785, 6, 6 
33887, 6, 6 
43379, 6, 6 
18575, 6, 6 
18678, 6, 6 
28876, 6, 6 
48117, 6, 6 
58949, 6, 6 
33779, 6, 6 
15220, 6, 6 
57413, 6, 6 
38961, 6, 6 
9533, 6, 6 
39086, 6, 6 
22448, 6, 6 
15484, 6, 6 
58488, 6, 6 
3449, 6, 6 
23905, 6, 6 
37973, 6, 6 
39601, 6, 6 
43485, 6, 6 
51602, 6, 6 
24726, 6, 6 
52163, 6, 6 
1202, 6, 6 
4526, 6, 6 
51485, 6, 6 
44617, 6, 6 
37254, 6, 6 
23766, 6, 6 
53169, 6, 6 
41170, 6, 6 
922, 6, 6 
19329, 6, 6 
30440, 6, 6 
34380, 6, 6 
41829, 6, 6 
58093, 6, 6 
38721, 6, 6 
18716, 6, 6 
18593, 6, 6 
12606, 6, 6 
18459, 6, 6 
36724, 6, 6 
14399, 6, 6 
13575, 6, 6 
19481, 6, 6 
49133, 6, 6 
37315, 6, 6 
25226, 6, 6 
23667, 6, 6 
21900, 6, 6 
33585, 6, 6 
58442, 6, 6 
22212, 6, 6 
35322, 6, 6 
47673, 6, 6 
41800, 6, 6 
30956, 6, 6 
29548, 6, 6 
3335, 6, 6 
58370, 6, 6 
30142, 6, 6 
45154, 6, 6 
14328, 6, 6 
52837, 6, 6 
35034, 6, 6 
23790, 6, 6 
20087, 6, 6 
36866, 6, 6 
11226, 6, 6 
24609, 6, 6 
11218, 6, 6 
46120, 6, 6 
18957, 6, 6 
10375, 6, 6 
19503, 6, 6 
18238, 6, 6 
30727, 6, 6 
44483, 6, 6 
25771, 6, 6 
27750, 6, 6 
20486, 6, 6 
5634, 6, 6 
33410, 6, 6 
16538, 6, 6 
11915, 6, 6 
27842, 6, 6 
13758, 6, 6 
15448, 6, 6 
721, 6, 6 
16550, 6, 6 
57989, 6, 6 
30182, 6, 6 
45614, 6, 6 
17416, 6, 6 
58295, 6, 6 
5956, 6, 6 
6433, 6, 6 
8224, 6, 6 
52951, 6, 6 
31228, 6, 6 
4408, 6, 6 
59785, 6, 6 
50004, 6, 6 
24656, 6, 6 
38185, 6, 6 
6281, 6, 6 
56446, 6, 6 
30157, 6, 6 
27081, 6, 6 
20603, 6, 6 
8305, 6, 6 
59775, 6, 6 
50719, 6, 6 
18956, 6, 6 
15960, 6, 6 
31686, 6, 6 
1393, 6, 6 
50941, 6, 6 
9929, 6, 6 
13261, 6, 6 
52197, 6, 6 
55168, 6, 6 
59206, 6, 6 
21392, 6, 6 
50781, 6, 6 
18336, 6, 6 
14473, 6, 6 
9556, 6, 6 
33063, 6, 6 
8942, 6, 6 
42521, 6, 6 
8826, 6, 6 
9233, 6, 6 
56144, 6, 6 
10475, 6, 6 
47524, 6, 6 
50893, 6, 6 
56854, 6, 6 
1020, 6, 6 
1694, 6, 6 
33102, 6, 6 
58536, 6, 6 
56548, 6, 6 
28721, 6, 6 
28733, 6, 6 
20822, 6, 6 
25317, 6, 6 
41167, 6, 6 
56177, 6, 6 
204, 6, 6 
5632, 6, 6 
21995, 6, 6 
50165, 6, 6 
35918, 6, 6 
50125, 6, 6 
32211, 6, 6 
19947, 6, 6 
19647, 6, 6 
50160, 6, 6 
46096, 6, 6 
48433, 6, 6 
29891, 6, 6 
18023, 6, 6 
36980, 6, 6 
58251, 6, 6 
20555, 6, 6 
26716, 6, 6 
5671, 6, 6 
33715, 6, 6 
9058, 6, 6 
53818, 6, 6 
9917, 6, 6 
25035, 6, 6 
20896, 6, 6 
41346, 6, 6 
3050, 6, 6 
39589, 6, 6 
27217, 6, 6 
465, 6, 6 
27505, 6, 6 
44119, 6, 6 
11723, 6, 6 
51690, 6, 6 
59431, 6, 6 
28758, 6, 6 
2113, 6, 6 
944, 6, 6 
15334, 6, 6 
7522, 6, 6 
55515, 6, 6 
29758, 6, 6 
21349, 6, 6 
27363, 6, 6 
2196, 6, 6 
1918, 6, 6 
4143, 6, 6 
36383, 6, 6 
36344, 6, 6 
24948, 6, 6 
12905, 6, 6 
11189, 6, 6 
7095, 6, 6 
20291, 6, 6 
32826, 6, 6 
58839, 6, 6 
27350, 6, 6 
33006, 6, 6 
14232, 6, 6 
25901, 6, 6 
21696, 6, 6 
36841, 6, 6 
21348, 6, 6 
35297, 6, 6 
55252, 6, 6 
55077, 6, 6 
34488, 6, 6 
6657, 6, 6 
16433, 6, 6 
57463, 6, 6 
15652, 6, 6 
35846, 6, 6 
26920, 6, 6 
58166, 6, 6 
36985, 6, 6 
11941, 6, 6 
24592, 6, 6 
57438, 6, 6 
40332, 6, 6 
35222, 6, 6 
8282, 6, 6 
28576, 6, 6 
36446, 6, 6 
34879, 6, 6 
36232, 6, 6 
22775, 6, 6 
31612, 6, 6 
42558, 6, 6 
11038, 6, 6 
9500, 6, 6 
28554, 6, 6 
13, 6, 6 
24127, 6, 6 
40176, 6, 6 
40941, 6, 6 
11589, 6, 6 
6581, 6, 6 
43505, 6, 6 
17843, 6, 6 
40034, 6, 6 
42498, 6, 6 
24058, 6, 6 
44346, 6, 6 
47847, 6, 6 
55824, 6, 6 
33034, 6, 6 
35037, 6, 6 
22633, 6, 6 
50932, 6, 6 
47209, 6, 6 
34060, 6, 6 
29028, 6, 6 
43166, 6, 6 
59841, 6, 6 
26530, 6, 6 
21345, 6, 6 
31220, 6, 6 
43424, 6, 6 
57842, 6, 6 
46861, 6, 6 
46101, 6, 6 
1750, 6, 6 
21832, 6, 6 
19135, 6, 6 
53526, 6, 6 
17510, 6, 6 
28216, 6, 6 
43161, 6, 6 
49344, 6, 6 
54994, 6, 6 
32670, 6, 6 
5935, 6, 6 
51408, 6, 6 
50059, 6, 6 
2516, 6, 6 
5951, 6, 6 
30576, 6, 6 
13133, 6, 6 
23465, 6, 6 
1493, 6, 6 
3524, 6, 6 
15641, 6, 6 
28867, 6, 6 
29707, 6, 6 
44790, 6, 6 
51804, 6, 6 
49019, 6, 6 
15257, 6, 6 
45479, 6, 6 
48792, 6, 6 
53646, 6, 6 
23622, 6, 6 
15404, 6, 6 
21967, 6, 6 
2545, 6, 6 
51319, 6, 6 
30045, 6, 6 
27483, 6, 6 
55226, 6, 6 
33269, 6, 6 
24441, 6, 6 
13595, 6, 6 
506, 6, 6 
34285, 6, 6 
16506, 6, 6 
1494, 6, 6 
881, 6, 6 
44697, 6, 6 
5556, 6, 6 
16616, 6, 6 
12636, 6, 6 
42525, 6, 6 
39440, 6, 6 
8532, 6, 6 
59217, 6, 6 
1159, 6, 6 
56240, 6, 6 
11347, 6, 6 
41890, 6, 6 
25030, 6, 6 
3043, 6, 6 
10076, 6, 6 
29813, 6, 6 
5782, 6, 6 
45448, 6, 6 
47611, 6, 6 
31303, 6, 6 
34360, 6, 6 
93, 6, 6 
54348, 6, 6 
54200, 6, 6 
3717, 6, 6 
36743, 6, 6 
32320, 6, 6 
23179, 6, 6 
12759, 6, 6 
41361, 6, 6 
31557, 6, 6 
52265, 6, 6 
50595, 6, 6 
42729, 6, 6 
45542, 6, 6 
23489, 6, 6 
17008, 6, 6 
17796, 6, 6 
48809, 6, 6 
11870, 6, 6 
44722, 6, 6 
52667, 6, 6 
7711, 6, 6 
13468, 6, 6 
22908, 6, 6 
48591, 6, 6 
50086, 6, 6 
43518, 6, 6 
57587, 6, 6 
4943, 6, 6 
13593, 6, 6 
36014, 6, 6 
22709, 6, 6 
55798, 6, 6 
49004, 6, 6 
45569, 6, 6 
25374, 6, 6 
31752, 6, 6 
40009, 6, 6 
19062, 6, 6 
31954, 6, 6 
13780, 6, 6 
49396, 6, 6 
7294, 6, 6 
9210, 6, 6 
40952, 6, 6 
16666, 6, 6 
13712, 6, 6 
54969, 6, 6 
51109, 6, 6 
10101, 6, 6 
8034, 6, 6 
18149, 6, 6 
29639, 6, 6 
38643, 6, 6 
59642, 6, 6 
33035, 6, 6 
54224, 6, 6 
41874, 6, 6 
22962, 6, 6 
10729, 6, 6 
12673, 6, 6 
21605, 6, 6 
49524, 6, 6 
56519, 6, 6 
22702, 6, 6 
2588, 6, 6 
6013, 6, 6 
54462, 6, 6 
27244, 6, 6 
30971, 6, 6 
36903, 6, 6 
28644, 6, 6 
29489, 6, 6 
13427, 6, 6 
15006, 6, 6 
23593, 6, 6 
30911, 6, 6 
15924, 6, 6 
4155, 6, 6 
15324, 6, 6 
29460, 6, 6 
27556, 6, 6 
22869, 6, 6 
41675, 6, 6 
13759, 6, 6 
6638, 6, 6 
39383, 6, 6 
6705, 6, 6 
39893, 6, 6 
11357, 6, 6 
30788, 6, 6 
32549, 6, 6 
37477, 6, 6 
35993, 6, 6 
47112, 6, 6 
49539, 6, 6 
16425, 6, 6 
35158, 6, 6 
58807, 6, 6 
19095, 6, 6 
977, 6, 6 
42912, 6, 6 
10355, 6, 6 
48451, 6, 6 
47472, 6, 6 
30444, 6, 6 
17788, 6, 6 
15673, 6, 6 
38214, 6, 6 
44809, 6, 6 
48145, 6, 6 
5384, 6, 6 
57233, 6, 6 
1866, 6, 6 
18076, 6, 6 
10234, 6, 6 
55913, 6, 6 
8420, 6, 6 
22091, 6, 6 
39709, 6, 6 
45107, 6, 6 
40707, 6, 6 
20122, 6, 6 
11427, 6, 6 
55382, 6, 6 
50761, 6, 6 
21452, 6, 6 
53798, 6, 6 
31212, 6, 6 
38347, 6, 6 
29620, 6, 6 
55897, 6, 6 
27243, 6, 6 
42103, 6, 6 
58766, 6, 6 
44355, 6, 6 
33742, 6, 6 
29507, 6, 6 
11289, 6, 6 
24464, 7, 7 
37353, 7, 7 
37093, 7, 7 
35957, 7, 7 
23535, 7, 7 
54193, 7, 7 
28790, 7, 7 
18322, 7, 7 
56846, 7, 7 
56680, 7, 7 
35176, 7, 7 
32173, 7, 7 
52199, 7, 7 
17718, 7, 7 
17497, 7, 7 
54176, 7, 7 
2867, 7, 7 
44807, 7, 7 
15019, 7, 7 
16247, 7, 7 
33393, 7, 7 
2949, 7, 7 
34477, 7, 7 
14379, 7, 7 
8345, 7, 7 
37753, 7, 7 
48709, 7, 7 
36546, 7, 7 
57652, 7, 7 
37480, 7, 7 
9843, 7, 7 
14684, 7, 7 
19372, 7, 7 
53589, 7, 7 
8758, 7, 7 
22539, 7, 7 
18556, 7, 7 
33335, 7, 7 
1825, 7, 7 
6173, 7, 7 
29109, 7, 7 
9676, 7, 7 
50664, 7, 7 
15953, 7, 7 
37494, 7, 7 
9001, 7, 7 
824, 7, 7 
40060, 7, 7 
40118, 7, 7 
51460, 7, 7 
6675, 7, 7 
44896, 7, 7 
36615, 7, 7 
17282, 7, 7 
4479, 7, 7 
56534, 7, 7 
1191, 7, 7 
43414, 7, 7 
48490, 7, 7 
31553, 7, 7 
10170, 7, 7 
53679, 7, 7 
59441, 7, 7 
43461, 7, 7 
22577, 7, 7 
45535, 7, 7 
38994, 7, 7 
27158, 7, 7 
32048, 7, 7 
57839, 7, 7 
50121, 7, 7 
43541, 7, 7 
41919, 7, 7 
36688, 7, 7 
42430, 7, 7 
30259, 7, 7 
10487, 7, 7 
14245, 7, 7 
11180, 7, 7 
8084, 7, 7 
25449, 7, 7 
50894, 7, 7 
48100, 7, 7 
51389, 7, 7 
17683, 7, 7 
59209, 7, 7 
13746, 7, 7 
46283, 7, 7 
57621, 7, 7 
21885, 7, 7 
39048, 7, 7 
14622, 7, 7 
57372, 7, 7 
9188, 7, 7 
33996, 7, 7 
53699, 7, 7 
45829, 7, 7 
53843, 7, 7 
15983, 7, 7 
29325, 7, 7 
42527, 7, 7 
7226, 7, 2 
27481, 7, 7 
24207, 7, 7 
43607, 7, 7 
384, 7, 7 
11716, 7, 7 
36763, 7, 7 
40701, 7, 7 
49849, 7, 7 
51971, 7, 7 
45492, 7, 7 
6054, 7, 7 
43019, 7, 7 
42363, 7, 7 
51358, 7, 7 
59264, 7, 7 
4472, 7, 7 
19039, 7, 7 
56756, 7, 7 
12668, 7, 7 
23965, 7, 7 
26668, 7, 7 
24044, 7, 7 
41164, 7, 7 
17481, 7, 7 
9052, 7, 7 
14145, 7, 7 
32608, 7, 7 
57110, 7, 7 
41779, 7, 7 
59138, 7, 7 
22082, 7, 7 
13662, 7, 7 
8401, 7, 7 
10251, 7, 7 
23334, 7, 7 
6315, 7, 7 
16113, 7, 7 
5214, 7, 7 
42811, 7, 7 
48135, 7, 7 
2540, 7, 7 
41379, 7, 7 
53666, 7, 7 
45937, 7, 7 
41339, 7, 7 
26232, 7, 7 
17703, 7, 7 
37394, 7, 7 
34774, 7, 7 
25897, 7, 7 
29191, 7, 7 
14238, 7, 7 
30723, 7, 7 
49551, 7, 7 
16288, 7, 7 
46361, 7, 7 
41532, 7, 7 
40357, 7, 7 
39010, 7, 7 
22392, 7, 7 
37297, 7, 7 
14088, 7, 7 
58258, 7, 7 
28362, 7, 7 
46422, 7, 7 
16316, 7, 7 
44505, 7, 7 
38506, 7, 7 
48190, 7, 7 
29756, 7, 7 
5786, 7, 7 
28849, 7, 7 
4458, 7, 7 
44737, 7, 7 
14287, 7, 7 
42368, 7, 7 
34600, 7, 7 
42639, 7, 7 
36531, 7, 7 
16641, 7, 7 
2706, 7, 7 
59845, 7, 7 
24928, 7, 7 
41725, 7, 7 
37573, 7, 7 
17206, 7, 7 
24171, 7, 7 
31902, 7, 7 
40070, 7, 7 
27574, 7, 7 
18966, 7, 7 
56381, 7, 7 
9224, 7, 7 
53961, 7, 7 
2704, 7, 7 
15490, 7, 7 
49877, 7, 7 
27983, 7, 7 
53066, 7, 7 
42067, 7, 7 
12000, 7, 7 
15589, 7, 7 
36395, 7, 7 
15393, 7, 7 
23686, 7, 7 
3747, 7, 7 
38242, 7, 7 
36902, 7, 7 
42790, 7, 7 
20991, 7, 7 
49694, 7, 7 
10708, 7, 7 
43923, 7, 7 
56542, 7, 7 
34673, 7, 7 
31176, 7, 7 
44150, 7, 7 
4000, 7, 7 
18408, 7, 7 
50822, 7, 7 
7697, 7, 7 
795, 7, 7 
48909, 7, 7 
773, 7, 7 
24280, 7, 7 
53302, 7, 7 
45663, 7, 7 
52089, 7, 7 
19199, 7, 7 
54995, 7, 7 
50868, 7, 7 
23127, 7, 7 
31712, 7, 7 
31850, 7, 3 
57564, 7, 7 
43821, 7, 7 
4317, 7, 7 
6435, 7, 7 
18479, 7, 7 
30479, 7, 7 
58524, 7, 7 
15801, 7, 7 
7994, 7, 9 
2344, 7, 7 
52579, 7, 7 
52146, 7, 7 
13416, 7, 7 
27554, 7, 7 
19648, 7, 7 
12813, 7, 7 
33304, 7, 7 
2814, 7, 7 
53956, 7, 7 
31560, 7, 7 
33287, 7, 7 
10522, 7, 7 
971, 7, 7 
13355, 7, 7 
36654, 7, 7 
56285, 7, 7 
51043, 7, 7 
7059, 7, 7 
27827, 7, 7 
52391, 7, 7 
19683, 7, 7 
57546, 7, 7 
54482, 7, 7 
37001, 7, 7 
25833, 7, 7 
43719, 7, 7 
50520, 7, 7 
50351, 7, 7 
37317, 7, 7 
14391, 7, 7 
23068, 7, 7 
22984, 7, 7 
30465, 7, 7 
8511, 7, 7 
54971, 7, 7 
13915, 7, 7 
13027, 7, 7 
54118, 7, 7 
20789, 7, 7 
21386, 7, 7 
42592, 7, 7 
24990, 7, 7 
28071, 7, 7 
34899, 7, 7 
19259, 7, 7 
14360, 7, 7 
38688, 7, 7 
4330, 7, 7 
8517, 7, 7 
5716, 7, 7 
8949, 7, 7 
17830, 7, 7 
42094, 7, 7 
14600, 7, 7 
57215, 7, 7 
16133, 7, 7 
46009, 7, 7 
24692, 7, 7 
7348, 7, 7 
43493, 7, 7 
48717, 7, 7 
40791, 7, 7 
41910, 7, 7 
1491, 7, 7 
13136, 7, 7 
52633, 7, 7 
29733, 7, 7 
18333, 7, 7 
3795, 7, 7 
37583, 7, 7 
42415, 7, 7 
47385, 7, 7 
13534, 7, 7 
20723, 7, 7 
49235, 7, 7 
6432, 7, 7 
5347, 7, 7 
1958, 7, 7 
57576, 7, 7 
45895, 7, 7 
32645, 7, 7 
8827, 7, 7 
54022, 7, 7 
51650, 7, 7 
16394, 7, 7 
21547, 7, 7 
37420, 7, 7 
39769, 7, 7 
46253, 7, 7 
26054, 7, 7 
49806, 7, 7 
56418, 7, 7 
25982, 7, 7 
7781, 7, 7 
56482, 7, 7 
981, 7, 7 
59664, 7, 7 
48515, 7, 7 
12233, 7, 7 
6046, 7, 7 
9905, 7, 7 
43381, 7, 7 
57748, 7, 7 
30250, 7, 7 
4842, 7, 7 
20921, 7, 7 
22570, 7, 7 
15173, 7, 7 
56873, 7, 7 
9768, 7, 7 
52588, 7, 7 
31137, 7, 7 
4946, 7, 7 
193, 7, 7 
12628, 7, 7 
55829, 7, 7 
21621, 7, 7 
47170, 7, 7 
3951, 7, 7 
52736, 7, 7 
7017, 7, 7 
43669, 7, 7 
24670, 7, 7 
31542, 7, 7 
2229, 7, 7 
15172, 7, 7 
55517, 7, 7 
18498, 7, 7 
14871, 7, 7 
6696, 7, 7 
56111, 7, 7 
59250, 7, 7 
36156, 7, 7 
3214, 7, 7 
21841, 7, 7 
27912, 7, 7 
305, 7, 7 
14920, 7, 7 
16099, 7, 7 
9327, 7, 7 
45571, 7, 7 
2903, 7, 7 
5546, 7, 7 
25465, 7, 7 
45720, 7, 7 
44566, 7, 7 
39390, 7, 7 
5437, 7, 7 
17007, 7, 7 
54253, 7, 7 
42283, 7, 7 
25121, 7, 7 
32289, 7, 7 
8107, 7, 7 
57188, 7, 7 
53465, 7, 7 
21894, 7, 7 
44387, 7, 7 
35518, 7, 7 
17772, 7, 1 
34207, 7, 7 
54317, 7, 7 
16966, 7, 7 
20883, 7, 7 
14556, 7, 7 
4421, 7, 7 
12253, 7, 7 
24022, 7, 7 
9774, 7, 7 
57414, 7, 7 
51306, 7, 7 
59468, 7, 7 
8049, 7, 7 
39053, 7, 7 
51441, 7, 7 
56841, 7, 7 
42320, 7, 7 
54267, 7, 7 
41450, 7, 7 
28991, 7, 7 
48914, 7, 7 
15200, 7, 7 
53601, 7, 7 
50742, 7, 7 
19260, 7, 7 
1523, 7, 7 
48866, 7, 7 
31257, 7, 7 
23782, 7, 7 
57458, 7, 7 
57386, 7, 7 
14522, 7, 7 
10357, 7, 7 
16630, 7, 7 
4548, 7, 7 
56915, 7, 7 
38556, 7, 7 
59003, 7, 7 
10769, 7, 7 
20557, 7, 7 
14563, 7, 7 
26917, 7, 7 
28642, 7, 2 
58574, 7, 7 
20380, 7, 7 
25314, 7, 7 
96, 7, 7 
28118, 7, 7 
46081, 7, 7 
518, 7, 7 
24565, 7, 7 
35937, 7, 7 
33798, 7, 7 
1154, 7, 7 
48593, 7, 7 
5596, 7, 7 
56432, 7, 7 
2024, 7, 7 
16687, 7, 7 
50095, 7, 7 
27561, 7, 7 
14246, 7, 7 
44050, 7, 7 
3276, 7, 7 
7686, 7, 7 
1343, 7, 7 
33348, 7, 7 
37762, 7, 7 
19987, 7, 7 
28138, 7, 7 
24314, 7, 7 
46673, 7, 7 
5986, 7, 7 
54065, 7, 7 
18557, 7, 7 
52110, 7, 7 
44212, 7, 7 
25850, 7, 7 
49472, 7, 7 
48648, 7, 7 
3721, 7, 7 
32662, 7, 7 
14141, 7, 7 
5953, 7, 7 
28211, 7, 7 
44111, 7, 7 
33710, 7, 7 
25816, 7, 7 
41697, 7, 7 
11768, 7, 7 
12641, 7, 7 
49958, 7, 7 
46349, 7, 7 
36140, 7, 7 
46396, 8, 8 
35983, 8, 8 
52218, 8, 8 
16339, 8, 8 
6477, 8, 8 
13301, 8, 8 
43097, 8, 8 
35308, 8, 8 
13632, 8, 8 
58158, 8, 8 
59542, 8, 8 
21211, 8, 8 
45057, 8, 8 
10561, 8, 8 
48256, 8, 8 
9557, 8, 8 
29276, 8, 8 
14648, 8, 8 
44087, 8, 8 
30867, 8, 8 
38119, 8, 8 
50363, 8, 8 
5435, 8, 8 
58762, 8, 8 
39882, 8, 8 
7450, 8, 8 
32199, 8, 8 
45918, 8, 8 
2237, 8, 8 
41866, 8, 8 
58448, 8, 8 
53728, 8, 8 
50327, 8, 8 
146, 8, 8 
6353, 8, 8 
24344, 8, 8 
49947, 8, 8 
58239, 8, 8 
13592, 8, 8 
55430, 8, 8 
24160, 8, 8 
36635, 8, 8 
10187, 8, 8 
25132, 8, 8 
45270, 8, 8 
37527, 8, 8 
5389, 8, 8 
40364, 8, 8 
30635, 8, 8 
29627, 8, 8 
54594, 8, 8 
52523, 8, 8 
13016, 8, 8 
33278, 8, 8 
35704, 8, 8 
34209, 8, 8 
51656, 8, 8 
734, 8, 8 
15595, 8, 8 
55764, 8, 8 
46650, 8, 8 
46025, 8, 8 
44880, 8, 8 
13489, 8, 8 
18450, 8, 8 
57596, 8, 8 
56070, 8, 8 
55619, 8, 8 
34313, 8, 8 
25321, 8, 8 
7665, 8, 8 
3029, 8, 8 
32355, 8, 8 
59072, 8, 8 
45208, 8, 8 
18338, 8, 8 
21383, 8, 8 
25731, 8, 8 
4040, 8, 8 
7674, 8, 8 
47903, 8, 8 
23437, 8, 8 
7117, 8, 8 
57745, 8, 8 
23253, 8, 8 
54636, 8, 8 
27891, 8, 8 
7035, 8, 8 
34524, 8, 8 
1783, 8, 8 
13407, 8, 8 
50015, 8, 8 
17760, 8, 8 
48973, 8, 8 
31758, 8, 8 
10057, 8, 8 
45317, 8, 8 
11872, 8, 8 
49400, 8, 8 
42218, 8, 8 
45746, 8, 8 
10398, 8, 8 
7076, 8, 8 
30416, 8, 8 
32774, 8, 8 
12892, 8, 8 
12988, 8, 8 
59049, 8, 8 
34376, 8, 8 
7519, 8, 8 
4148, 8, 8 
18014, 8, 8 
39585, 8, 8 
16230, 8, 8 
56097, 8, 8 
24498, 8, 8 
1219, 8, 8 
13186, 8, 8 
11161, 8, 8 
57038, 8, 8 
50548, 8, 8 
27907, 8, 8 
40808, 8, 8 
45122, 8, 8 
30111, 8, 8 
12275, 8, 8 
33766, 8, 8 
32261, 8, 8 
25563, 8, 8 
41882, 8, 8 
41952, 8, 8 
17609, 8, 8 
34978, 8, 8 
6728, 8, 8 
25429, 8, 8 
3657, 8, 8 
22617, 8, 8 
22976, 8, 8 
52733, 8, 8 
15321, 8, 8 
54163, 8, 8 
48203, 8, 8 
51803, 8, 8 
51968, 8, 8 
49545, 8, 8 
56387, 8, 8 
47331, 8, 8 
58138, 8, 8 
5263, 8, 8 
34382, 8, 8 
12513, 8, 8 
43060, 8, 8 
32615, 8, 8 
48223, 8, 8 
52567, 8, 8 
12630, 8, 8 
17545, 8, 8 
14782, 8, 8 
58657, 8, 8 
32116, 8, 8 
32573, 8, 2 
14301, 8, 8 
28297, 8, 8 
45106, 8, 8 
35323, 8, 8 
44604, 8, 8 
37095, 8, 8 
42704, 8, 8 
545, 8, 8 
59884, 8, 8 
44391, 8, 8 
31721, 8, 8 
15104, 8, 8 
29192, 8, 8 
36825, 8, 8 
44343, 8, 8 
34452, 8, 8 
50555, 8, 8 
28003, 8, 8 
22551, 8, 8 
35038, 8, 8 
22966, 8, 8 
35484, 8, 8 
38623, 8, 8 
10720, 8, 8 
17165, 8, 8 
45684, 8, 8 
55132, 8, 8 
33270, 8, 8 
33452, 8, 8 
16101, 8, 8 
19948, 8, 8 
25799, 8, 8 
27177, 8, 8 
28233, 8, 8 
4862, 8, 8 
27024, 8, 8 
615, 8, 8 
34766, 8, 8 
51347, 8, 8 
8234, 8, 8 
48509, 8, 8 
28432, 8, 8 
44310, 8, 8 
45202, 8, 8 
27030, 8, 8 
39602, 8, 8 
50535, 8, 8 
20640, 8, 8 
59793, 8, 8 
48891, 8, 8 
33813, 8, 8 
47163, 8, 8 
16154, 8, 8 
54684, 8, 8 
38870, 8, 8 
12112, 8, 8 
35096, 8, 8 
36121, 8, 8 
48375, 8, 8 
31355, 8, 8 
8536, 8, 8 
26289, 8, 8 
20859, 8, 8 
539, 8, 8 
49509, 8, 8 
42724, 8, 8 
44597, 8, 8 
47577, 8, 8 
13588, 8, 8 
58856, 8, 8 
5376, 8, 8 
37891, 8, 8 
44615, 8, 8 
26362, 8, 8 
14322, 8, 8 
23408, 8, 8 
11425, 8, 8 
57737, 8, 8 
45692, 8, 8 
55537, 8, 8 
22543, 8, 8 
6240, 8, 8 
18623, 8, 8 
27910, 8, 8 
49660, 8, 8 
21851, 8, 8 
57316, 8, 8 
53090, 8, 8 
42051, 8, 8 
13895, 8, 8 
4324, 8, 8 
47312, 8, 8 
6498, 8, 8 
41203, 8, 8 
45938, 8, 8 
44259, 8, 8 
43558, 8, 8 
1641, 8, 8 
50198, 8, 8 
59916, 8, 8 
51830, 8, 8 
51773, 8, 8 
30239, 8, 8 
31800, 8, 8 
9591, 8, 8 
23466, 8, 8 
29596, 8, 8 
28093, 8, 8 
22079, 8, 8 
44442, 8, 8 
37695, 8, 8 
53099, 8, 8 
10250, 8, 8 
15219, 8, 8 
49990, 8, 8 
40758, 8, 8 
35521, 8, 8 
13793, 8, 8 
52746, 8, 8 
35751, 8, 8 
35300, 8, 8 
40579, 8, 8 
29711, 8, 8 
2303, 8, 8 
528, 8, 8 
13447, 8, 8 
1666, 8, 8 
14908, 8, 8 
45923, 8, 8 
53933, 8, 8 
25275, 8, 8 
18710, 8, 8 
2805, 8, 8 
57665, 8, 8 
9359, 8, 8 
7436, 8, 8 
57404, 8, 8 
21913, 8, 8 
15626, 8, 8 
6703, 8, 8 
16365, 8, 8 
21475, 8, 8 
29116, 8, 8 
53071, 8, 8 
22438, 8, 8 
40245, 8, 8 
33946, 8, 8 
8485, 8, 8 
13341, 8, 8 
26443, 8, 8 
58405, 8, 8 
27513, 8, 8 
16284, 8, 8 
36478, 8, 8 
58674, 8, 8 
12130, 8, 8 
33036, 8, 8 
15723, 8, 8 
54654, 8, 8 
53079, 8, 8 
33557, 8, 8 
415, 8, 8 
25556, 8, 8 
7924, 8, 8 
22653, 8, 8 
4859, 8, 8 
4637, 8, 8 
3918, 8, 8 
34900, 8, 8 
34098, 8, 8 
39876, 8, 8 
57189, 8, 8 
16044, 8, 9 
40939, 8, 8 
20771, 8, 8 
34212, 8, 8 
45706, 8, 8 
12066, 8, 8 
55697, 8, 8 
55182, 8, 8 
13423, 8, 8 
35061, 8, 8 
21085, 8, 8 
10012, 8, 8 
56710, 8, 8 
30519, 8, 8 
54926, 8, 8 
49630, 8, 8 
58837, 8, 8 
18523, 8, 8 
45813, 8, 8 
9601, 8, 8 
9309, 8, 8 
53854, 8, 8 
1362, 8, 8 
41598, 8, 8 
50514, 8, 2 
32722, 8, 8 
22001, 8, 8 
3407, 8, 8 
32390, 8, 8 
41115, 8, 8 
20025, 8, 8 
36913, 8, 8 
34872, 8, 8 
56881, 8, 8 
21965, 8, 8 
51437, 8, 8 
20516, 8, 8 
49617, 8, 8 
32072, 8, 8 
8619, 8, 8 
9811, 8, 8 
18406, 8, 8 
50044, 8, 8 
3883, 8, 8 
11146, 8, 8 
58595, 8, 8 
46614, 8, 8 
31655, 8, 8 
56874, 8, 8 
10592, 8, 8 
9839, 8, 8 
28498, 8, 8 
51615, 8, 8 
1025, 8, 8 
59663, 8, 8 
12455, 8, 8 
52711, 8, 8 
52296, 8, 8 
48723, 8, 8 
39167, 8, 8 
52612, 8, 8 
13620, 8, 8 
12317, 8, 8 
10711, 8, 8 
333, 8, 8 
53240, 8, 8 
7400, 8, 8 
33770, 8, 8 
20968, 8, 8 
21688, 8, 8 
43690, 8, 8 
31333, 8, 8 
54137, 8, 8 
55807, 8, 8 
15343, 8, 8 
368, 8, 8 
51412, 8, 8 
53872, 8, 8 
52954, 8, 8 
16266, 8, 8 
16223, 8, 8 
50869, 8, 8 
14913, 8, 8 
26583, 8, 8 
6199, 8, 8 
197, 8, 8 
56056, 8, 8 
36182, 8, 8 
44436, 8, 8 
38074, 8, 8 
57701, 8, 8 
18130, 8, 8 
12473, 8, 8 
33898, 8, 8 
28065, 8, 8 
39219, 8, 8 
53953, 8, 8 
8955, 8, 8 
20823, 8, 8 
50040, 8, 8 
49715, 8, 8 
34663, 8, 8 
16042, 8, 8 
46753, 8, 8 
37813, 8, 8 
38942, 8, 8 
5537, 8, 8 
24740, 8, 8 
19711, 8, 8 
36785, 8, 8 
38136, 8, 8 
20472, 8, 8 
47550, 8, 8 
17375, 8, 8 
2628, 8, 8 
31600, 8, 8 
30546, 8, 8 
58394, 8, 8 
18089, 8, 8 
22810, 8, 8 
24026, 8, 8 
58990, 8, 8 
44833, 8, 8 
5853, 8, 8 
41622, 8, 8 
42706, 8, 8 
23347, 8, 8 
17160, 8, 8 
48711, 8, 8 
51705, 8, 8 
38112, 8, 8 
56299, 8, 8 
29493, 8, 8 
44929, 8, 8 
1067, 8, 8 
15307, 8, 8 
47634, 8, 8 
56891, 8, 8 
18931, 8, 8 
14441, 8, 8 
38423, 8, 8 
20157, 8, 8 
14772, 8, 8 
41, 8, 8 
49822, 8, 8 
6187, 8, 8 
43754, 8, 8 
48394, 8, 8 
42259, 8, 8 
35129, 8, 8 
16824, 8, 8 
22484, 8, 8 
56378, 8, 8 
4992, 8, 8 
27425, 8, 8 
6583, 8, 8 
2026, 8, 8 
44320, 8, 8 
19650, 8, 8 
16277, 8, 8 
32962, 8, 8 
27085, 8, 8 
42079, 8, 8 
26028, 8, 8 
343, 8, 8 
30116, 8, 8 
59277, 8, 8 
16581, 9, 9 
9950, 9, 9 
50845, 9, 9 
49870, 9, 9 
34903, 9, 9 
31261, 9, 9 
20054, 9, 9 
32433, 9, 9 
27929, 9, 9 
41792, 9, 9 
35812, 9, 9 
13191, 9, 9 
58081, 9, 9 
56135, 9, 9 
52061, 9, 9 
22305, 9, 9 
33701, 9, 9 
31312, 9, 9 
49333, 9, 9 
6734, 9, 9 
21859, 9, 9 
32417, 9, 9 
55970, 9, 9 
19546, 9, 9 
45163, 9, 9 
17235, 9, 9 
5017, 9, 9 
54321, 9, 9 
31226, 9, 9 
52770, 9, 9 
6272, 9, 9 
6084, 9, 9 
29426, 9, 9 
12029, 9, 9 
14568, 9, 9 
30583, 9, 9 
25119, 9, 9 
8487, 9, 9 
5185, 9, 9 
3359, 9, 9 
21145, 9, 9 
17689, 9, 9 
7256, 9, 9 
6166, 9, 9 
25376, 9, 9 
2579, 9, 9 
36083, 9, 9 
27260, 9, 9 
15657, 9, 9 
2099, 9, 9 
30660, 9, 9 
15309, 9, 9 
33976, 9, 9 
34258, 9, 9 
19729, 9, 9 
3371, 9, 9 
1939, 9, 9 
43248, 9, 9 
18579, 9, 9 
41364, 9, 9 
42385, 9, 9 
11862, 9, 9 
58222, 9, 9 
44824, 9, 9 
46958, 9, 9 
5943, 9, 9 
32316, 9, 9 
46271, 9, 9 
12431, 9, 9 
30877, 9, 9 
16476, 9, 9 
50908, 9, 9 
45824, 9, 9 
6156, 9, 9 
9132, 9, 9 
14306, 9, 9 
14010, 9, 9 
21869, 9, 9 
54627, 9, 9 
5045, 9, 9 
33, 9, 9 
9347, 9, 9 
37593, 9, 9 
1610, 9, 9 
26082, 9, 9 
59506, 9, 9 
25215, 9, 9 
43903, 9, 9 
5402, 9, 9 
56341, 9, 9 
17283, 9, 9 
631, 9, 9 
31744, 9, 9 
19300, 9, 9 
38995, 9, 9 
21957, 9, 9 
47766, 9, 9 
47762, 9, 9 
35694, 9, 9 
6699, 9, 9 
18883, 9, 9 
12368, 9, 9 
41274, 9, 9 
10794, 9, 9 
40531, 9, 9 
30263, 9, 9 
50124, 9, 9 
1732, 9, 9 
15079, 9, 9 
56018, 9, 9 
58542, 9, 9 
49764, 9, 9 
19832, 9, 9 
52618, 9, 9 
31320, 9, 9 
25367, 9, 9 
35715, 9, 9 
55477, 9, 9 
51730, 9, 9 
37538, 9, 9 
18175, 9, 9 
52236, 9, 9 
38917, 9, 9 
11840, 9, 9 
41270, 9, 9 
12172, 9, 9 
30394, 9, 9 
23611, 9, 9 
38230, 9, 9 
26846, 9, 9 
13409, 9, 9 
12674, 9, 9 
13358, 9, 9 
2953, 9, 9 
16588, 9, 9 
14331, 9, 9 
5803, 9, 9 
48589, 9, 9 
8356, 9, 9 
9673, 9, 9 
26110, 9, 9 
7208, 9, 9 
18024, 9, 9 
30944, 9, 9 
21774, 9, 9 
26380, 9, 9 
18624, 9, 9 
5607, 9, 9 
16570, 9, 9 
16250, 9, 9 
51521, 9, 9 
419, 9, 9 
31364, 9, 9 
37764, 9, 9 
19007, 9, 9 
50833, 9, 9 
14117, 9, 9 
29281, 9, 9 
54905, 9, 9 
39842, 9, 9 
56859, 9, 9 
7312, 9, 9 
9041, 9, 9 
18051, 9, 9 
43918, 9, 9 
10752, 9, 9 
3099, 9, 9 
53070, 9, 9 
57206, 9, 9 
46569, 9, 9 
41178, 9, 9 
36024, 9, 9 
45917, 9, 9 
56021, 9, 9 
20818, 9, 9 
14842, 9, 9 
9825, 9, 9 
7505, 9, 9 
12475, 9, 9 
33744, 9, 9 
1811, 9, 9 
7053, 9, 9 
24313, 9, 9 
8525, 9, 9 
35804, 9, 9 
30694, 9, 9 
30627, 9, 9 
27112, 9, 9 
33402, 9, 9 
7071, 9, 9 
37611, 9, 9 
5165, 9, 9 
52427, 9, 9 
40300, 9, 9 
36720, 9, 9 
32235, 9, 9 
26885, 9, 9 
56703, 9, 9 
37757, 9, 9 
19085, 9, 9 
57309, 9, 9 
34123, 9, 9 
35358, 9, 9 
27087, 9, 9 
17445, 9, 9 
29993, 9, 9 
56807, 9, 9 
2613, 9, 9 
46651, 9, 9 
17983, 9, 9 
4399, 9, 9 
110, 9, 9 
1585, 9, 9 
21616, 9, 9 
45810, 9, 9 
24712, 9, 9 
18193, 9, 9 
33358, 9, 9 
11452, 9, 9 
42924, 9, 9 
9654, 9, 9 
8626, 9, 9 
55642, 9, 9 
13695, 9, 9 
46490, 9, 9 
54451, 9, 9 
10646, 9, 9 
49177, 9, 9 
17152, 9, 9 
2060, 9, 9 
29513, 9, 9 
28774, 9, 9 
48530, 9, 9 
12171, 9, 9 
33791, 9, 9 
49121, 9, 7 
3649, 9, 9 
34147, 9, 9 
50832, 9, 9 
36782, 9, 9 
4895, 9, 9 
11603, 9, 9 
55347, 9, 9 
17792, 9, 9 
55126, 9, 9 
9002, 9, 9 
7013, 9, 9 
3030, 9, 5 
24956, 9, 9 
54300, 9, 9 
27661, 9, 9 
39614, 9, 9 
33764, 9, 9 
23090, 9, 9 
55441, 9, 9 
18009, 9, 9 
29663, 9, 9 
43729, 9, 9 
17181, 9, 9 
38333, 9, 9 
4916, 9, 9 
57469, 9, 9 
31675, 9, 9 
59287, 9, 9 
9066, 9, 9 
19934, 9, 9 
26025, 9, 9 
47390, 9, 9 
34975, 9, 9 
50462, 9, 9 
16622, 9, 9 
59050, 9, 9 
48130, 9, 9 
21158, 9, 9 
25562, 9, 7 
13563, 9, 9 
1459, 9, 9 
22915, 9, 9 
49696, 9, 9 
20518, 9, 9 
26643, 9, 9 
10839, 9, 9 
14127, 9, 9 
13717, 9, 9 
19597, 9, 9 
6376, 9, 9 
28058, 9, 9 
37682, 9, 9 
26536, 9, 9 
26332, 9, 9 
36863, 9, 9 
6310, 9, 9 
31737, 9, 9 
6067, 9, 9 
42048, 9, 9 
4720, 9, 9 
52214, 9, 9 
42668, 9, 9 
42870, 9, 9 
55563, 9, 9 
57728, 9, 9 
50522, 9, 8 
25323, 9, 9 
34496, 9, 9 
10341, 9, 9 
55978, 9, 9 
5918, 9, 9 
45242, 9, 9 
27848, 9, 9 
34399, 9, 9 
34729, 9, 9 
57100, 9, 9 
27909, 9, 9 
43385, 9, 9 
29580, 9, 9 
33372, 9, 9 
8492, 9, 9 
5745, 9, 9 
20248, 9, 9 
25083, 9, 9 
48225, 9, 9 
39718, 9, 9 
52718, 9, 9 
31767, 9, 9 
23420, 9, 9 
27334, 9, 9 
47165, 9, 9 
54166, 9, 9 
18917, 9, 9 
36477, 9, 9 
22086, 9, 9 
43750, 9, 9 
18510, 9, 9 
38813, 9, 9 
55600, 9, 9 
49262, 9, 9 
11633, 9, 9 
59761, 9, 9 
33907, 9, 9 
37534, 9, 9 
10165, 9, 9 
1370, 9, 9 
21595, 9, 9 
31097, 9, 9 
42258, 9, 9 
16413, 9, 9 
59927, 9, 9 
38006, 9, 9 
27815, 9, 9 
15593, 9, 9 
56774, 9, 9 
36181, 9, 9 
12061, 9, 9 
8592, 9, 9 
29078, 9, 9 
11906, 9, 9 
15912, 9, 9 
48634, 9, 9 
26179, 9, 9 
26703, 9, 9 
11223, 9, 9 
9372, 9, 9 
15063, 9, 9 
42035, 9, 9 
1612, 9, 9 
32713, 9, 9 
16082, 9, 9 
45708, 9, 9 
56478, 9, 9 
45605, 9, 9 
10004, 9, 9 
8630, 9, 9 
12160, 9, 9 
36930, 9, 9 
43028, 9, 9 
9304, 9, 9 
48654, 9, 9 
32848, 9, 9 
47813, 9, 9 
15369, 9, 9 
5093, 9, 9 
35085, 9, 9 
12294, 9, 9 
53511, 9, 9 
2600, 9, 9 
39762, 9, 9 
43425, 9, 9 
44854, 9, 9 
52355, 9, 9 
2321, 9, 9 
59027, 9, 9 
10480, 9, 9 
51582, 9, 9 
49039, 9, 9 
53736, 9, 1 
25634, 9, 9 
25664, 9, 9 
6625, 9, 9 
58735, 9, 9 
4377, 9, 9 
5044, 9, 9 
59749, 9, 9 
17860, 9, 9 
6535, 9, 9 
12443, 9, 9 
11151, 9, 9 
25821, 9, 9 
56414, 9, 9 
5901, 9, 9 
11938, 9, 9 
42129, 9, 9 
11669, 9, 9 
6383, 9, 9 
18755, 9, 9 
24009, 9, 9 
39787, 9, 9 
56323, 9, 9 
54026, 9, 9 
13437, 9, 9 
55125, 9, 9 
8620, 9, 9 
1250, 9, 9 
12562, 9, 9 
29195, 9, 9 
18015, 9, 9 
56507, 9, 9 
3146, 9, 9 
32882, 9, 9 
52500, 9, 9 
39331, 9, 9 
34227, 9, 9 
54334, 9, 9 
18350, 9, 9 
28889, 9, 9 
4788, 9, 9 
48159, 9, 9 
31170, 9, 9 
47894, 9, 9 
50102, 9, 9 
19255, 9, 9 
58264, 9, 9 
13687, 9, 9 
16853, 9, 9 
5386, 9, 9 
29134, 9, 9 
11909, 9, 9 
12305, 9, 9 
53317, 9, 9 
16628, 9, 9 
57281, 9, 9 
37781, 9, 9 
22780, 9, 9 
43693, 9, 9 
18448, 9, 9 
26970, 9, 9 
24494, 9, 9 
45034, 9, 9 
8999, 9, 9 
40215, 9, 9 
59776, 9, 9 
27688, 9, 9 
53217, 9, 9 
54698, 9, 9 
28960, 9, 9 
59562, 9, 9 
55207, 9, 9 
28523, 9, 9 
45487, 9, 9 
34330, 9, 9 
12789, 9, 9 
8714, 9, 9 
10105, 9, 9 
7623, 9, 9 
4894, 9, 9 
22485, 9, 9 
4315, 9, 9 
6518, 9, 9 
22165, 9, 9 
27004, 9, 9 
30135, 9, 9 
26845, 9, 9 
53948, 9, 9 
12846, 9, 9 
15601, 9, 9 
38353, 9, 9 
35941, 9, 9 
43982, 9, 9 
5503, 9, 9 
34797, 9, 9 
27993, 9, 9 
36757, 9, 9 
23061, 9, 9 
44129, 9, 9 
45775, 9, 9 
21040, 9, 9 
172, 9, 9 
38003, 9, 9 
19619, 9, 9 
19641, 9, 9 
56634, 9, 9 
