id, true label, predicted label 
36829, 0, 0 
11588, 0, 0 
31995, 0, 0 
234, 0, 0 
30087, 0, 0 
56704, 0, 0 
7499, 0, 0 
14820, 0, 0 
37432, 0, 0 
43593, 0, 0 
55617, 0, 0 
47791, 0, 0 
4485, 0, 0 
11172, 0, 0 
3698, 0, 0 
56129, 0, 0 
12550, 0, 0 
48695, 0, 0 
45402, 0, 0 
13117, 0, 0 
28746, 0, 0 
45522, 0, 0 
18715, 0, 0 
53399, 0, 0 
54221, 0, 0 
26881, 0, 0 
2473, 0, 0 
9297, 0, 0 
37678, 0, 0 
13081, 0, 0 
47000, 0, 0 
43685, 0, 0 
53789, 0, 0 
53537, 0, 0 
54833, 0, 0 
36621, 0, 0 
19492, 0, 0 
48227, 0, 0 
12992, 0, 0 
30992, 0, 0 
42487, 0, 0 
37758, 0, 0 
38835, 0, 0 
49853, 0, 0 
19664, 0, 0 
40390, 0, 0 
47174, 0, 0 
3309, 0, 0 
59689, 0, 0 
28519, 0, 0 
3896, 0, 0 
20863, 0, 0 
3377, 0, 0 
1725, 0, 0 
1028, 0, 0 
10283, 0, 0 
19504, 0, 0 
5773, 0, 0 
4082, 0, 0 
58882, 0, 0 
17223, 0, 0 
50424, 0, 0 
25366, 0, 0 
2101, 0, 0 
11077, 0, 0 
58110, 0, 0 
36849, 0, 0 
58943, 0, 0 
45042, 0, 0 
44094, 0, 0 
8304, 0, 0 
6791, 0, 0 
40825, 0, 0 
21573, 0, 0 
59043, 0, 0 
20533, 0, 0 
13054, 0, 0 
56163, 0, 0 
57536, 0, 0 
5512, 0, 0 
53959, 0, 0 
7925, 0, 0 
43465, 0, 0 
13314, 0, 0 
52228, 0, 0 
29263, 0, 0 
18665, 0, 0 
28428, 0, 0 
35720, 0, 0 
296, 0, 0 
26073, 0, 0 
58247, 0, 0 
35107, 0, 0 
24952, 0, 0 
23809, 0, 0 
59017, 0, 0 
27811, 0, 0 
25892, 0, 0 
6883, 0, 0 
43195, 0, 0 
35217, 0, 0 
27658, 0, 0 
51758, 0, 0 
34502, 0, 0 
30828, 0, 0 
19686, 0, 0 
41485, 0, 0 
26731, 0, 0 
39956, 0, 0 
28784, 0, 0 
12732, 0, 0 
32843, 0, 0 
28510, 0, 0 
49075, 0, 0 
36351, 0, 0 
8724, 0, 0 
29985, 0, 0 
5583, 0, 0 
9459, 0, 0 
41987, 0, 0 
43463, 0, 0 
18507, 0, 0 
16520, 0, 0 
11746, 0, 0 
7018, 0, 0 
30578, 0, 0 
22337, 0, 0 
34977, 0, 0 
19104, 0, 0 
13175, 0, 0 
47166, 0, 0 
21970, 0, 0 
31350, 0, 0 
5053, 0, 0 
55242, 0, 0 
7325, 0, 0 
36272, 0, 0 
14102, 0, 0 
18319, 0, 0 
49014, 0, 0 
14511, 0, 0 
59653, 0, 0 
56766, 0, 0 
28875, 0, 0 
51122, 0, 0 
38903, 0, 0 
57685, 0, 0 
5082, 0, 0 
17411, 0, 0 
49370, 0, 0 
59418, 0, 0 
52821, 0, 0 
28076, 0, 0 
57359, 0, 0 
47275, 0, 0 
33214, 0, 0 
57201, 0, 0 
7038, 0, 0 
45152, 0, 0 
19646, 0, 0 
7471, 0, 0 
53924, 0, 0 
15761, 0, 0 
18603, 0, 0 
2974, 0, 0 
29177, 0, 0 
4047, 0, 0 
2218, 0, 0 
29374, 0, 0 
52928, 0, 0 
13955, 0, 0 
34392, 0, 0 
2327, 0, 0 
9441, 0, 0 
40246, 0, 0 
12324, 0, 0 
59869, 0, 0 
38579, 0, 0 
1798, 0, 0 
53916, 0, 0 
38473, 0, 0 
52079, 0, 0 
46653, 0, 0 
44583, 0, 0 
27583, 0, 0 
37079, 0, 0 
1995, 0, 0 
11860, 0, 0 
9978, 0, 0 
8249, 0, 0 
54354, 0, 0 
17334, 0, 0 
15344, 0, 0 
45494, 0, 0 
34706, 0, 0 
2975, 0, 0 
7066, 0, 0 
42275, 0, 0 
9056, 0, 0 
15242, 0, 0 
45058, 0, 0 
25952, 0, 0 
17508, 0, 0 
45129, 0, 0 
11429, 0, 0 
51598, 0, 0 
13926, 0, 0 
52289, 0, 0 
42324, 0, 0 
36919, 0, 0 
54800, 0, 0 
24541, 0, 0 
30484, 0, 0 
10840, 0, 0 
10919, 0, 0 
31657, 0, 0 
45676, 0, 0 
20548, 0, 0 
19166, 0, 0 
21600, 0, 0 
24842, 0, 0 
16705, 0, 0 
3391, 0, 0 
40003, 0, 0 
58784, 0, 0 
639, 0, 0 
52028, 0, 0 
43273, 0, 0 
22897, 0, 0 
12457, 0, 0 
17968, 0, 0 
57695, 0, 0 
35243, 0, 0 
58879, 0, 0 
26176, 0, 0 
19554, 0, 0 
25512, 0, 0 
55681, 0, 0 
14649, 0, 0 
35999, 0, 0 
1775, 0, 0 
51627, 0, 0 
57161, 0, 0 
39955, 0, 0 
6593, 0, 0 
26753, 0, 0 
22857, 0, 0 
29474, 0, 0 
36797, 0, 0 
40428, 0, 0 
20979, 0, 0 
2396, 0, 0 
40200, 0, 0 
20608, 0, 0 
49500, 0, 0 
12748, 0, 0 
16921, 0, 0 
43013, 0, 0 
35971, 0, 0 
9257, 0, 0 
53747, 0, 0 
26999, 0, 0 
7648, 0, 0 
22932, 0, 0 
57700, 0, 0 
56347, 0, 0 
25518, 0, 0 
2854, 0, 0 
43963, 0, 0 
57784, 0, 0 
23301, 0, 0 
18832, 0, 0 
51997, 0, 0 
2051, 0, 0 
39498, 0, 0 
20420, 0, 0 
41896, 0, 0 
57811, 0, 0 
58982, 0, 0 
4981, 0, 0 
54474, 0, 0 
17466, 0, 0 
6446, 0, 0 
32273, 0, 0 
14202, 0, 0 
50628, 0, 0 
3937, 0, 0 
4889, 0, 0 
745, 0, 0 
17625, 0, 0 
40389, 0, 0 
25433, 0, 0 
57601, 0, 0 
52130, 0, 0 
19049, 0, 0 
27900, 0, 0 
55593, 0, 0 
50123, 0, 0 
31502, 0, 0 
33078, 0, 0 
27401, 0, 0 
36569, 0, 0 
56989, 0, 0 
18486, 0, 0 
17049, 0, 0 
26298, 0, 0 
63, 0, 0 
57117, 0, 0 
26930, 0, 0 
57887, 0, 0 
9963, 0, 0 
23378, 0, 0 
37970, 0, 0 
22373, 0, 0 
32966, 0, 0 
40042, 0, 0 
39422, 0, 0 
7130, 0, 0 
6917, 0, 0 
57760, 0, 0 
1709, 0, 0 
55830, 0, 0 
58665, 0, 0 
16238, 0, 0 
55217, 0, 0 
56606, 0, 0 
48434, 0, 0 
5505, 0, 0 
41052, 0, 0 
27603, 0, 0 
5330, 0, 0 
54303, 0, 0 
47739, 0, 0 
47419, 0, 0 
42980, 0, 0 
2436, 0, 0 
35262, 0, 0 
21800, 0, 0 
18563, 0, 0 
29585, 0, 0 
8233, 0, 0 
2278, 0, 0 
15993, 0, 0 
14722, 0, 0 
56968, 0, 0 
31127, 0, 0 
49952, 0, 0 
30246, 0, 0 
11848, 0, 0 
5202, 0, 0 
28242, 0, 0 
29469, 0, 0 
52221, 0, 0 
48920, 0, 0 
7506, 0, 0 
31661, 0, 0 
53243, 0, 0 
6928, 0, 0 
1512, 0, 0 
31836, 0, 0 
17581, 0, 0 
24993, 0, 0 
57326, 0, 0 
14419, 0, 0 
40494, 0, 0 
2147, 0, 0 
37856, 0, 0 
14325, 0, 0 
54089, 0, 0 
34989, 0, 0 
31026, 0, 0 
59704, 0, 0 
49737, 0, 0 
56715, 0, 0 
34401, 0, 0 
28840, 0, 0 
27749, 0, 0 
39935, 0, 0 
53424, 0, 0 
40162, 0, 0 
24893, 0, 0 
59558, 0, 0 
50930, 0, 0 
10479, 0, 0 
27200, 0, 0 
28607, 0, 0 
6245, 0, 0 
3809, 0, 0 
15675, 0, 0 
20537, 0, 0 
32298, 0, 0 
4918, 0, 0 
524, 0, 0 
40173, 0, 0 
41999, 0, 0 
59296, 0, 0 
21789, 0, 0 
31430, 0, 0 
40038, 0, 0 
48023, 0, 0 
19594, 0, 0 
28992, 0, 0 
17923, 0, 0 
56174, 0, 0 
27631, 0, 0 
46582, 0, 0 
3001, 0, 0 
18926, 0, 0 
26438, 0, 0 
48274, 0, 0 
11361, 0, 0 
42005, 0, 0 
48547, 0, 0 
21215, 0, 0 
31865, 0, 0 
35294, 0, 0 
49243, 0, 0 
57061, 0, 0 
37415, 0, 0 
16460, 0, 0 
26292, 0, 0 
2192, 0, 0 
14589, 0, 0 
43020, 0, 0 
46860, 0, 0 
46090, 0, 0 
51809, 0, 0 
6857, 0, 0 
50929, 0, 0 
28296, 0, 0 
40412, 0, 0 
15119, 0, 0 
48863, 0, 0 
7062, 0, 0 
36842, 0, 0 
23104, 0, 0 
56707, 0, 0 
8540, 0, 0 
30586, 0, 0 
41245, 0, 0 
9874, 0, 0 
8682, 0, 0 
36562, 0, 0 
35663, 0, 0 
52831, 0, 0 
47626, 0, 0 
42488, 0, 0 
31393, 0, 0 
17106, 0, 0 
35175, 0, 0 
59037, 0, 0 
22752, 0, 0 
53344, 0, 0 
52716, 0, 0 
23891, 0, 0 
48421, 0, 0 
12605, 0, 0 
47247, 0, 0 
39306, 0, 0 
18425, 0, 0 
21069, 0, 0 
35816, 0, 0 
16563, 0, 0 
2526, 0, 0 
56103, 0, 0 
47917, 0, 0 
33789, 0, 0 
44268, 0, 0 
11453, 0, 0 
45997, 0, 0 
56259, 0, 0 
50828, 0, 0 
303, 0, 0 
53893, 0, 0 
40043, 0, 0 
46748, 0, 0 
35056, 0, 0 
57707, 0, 0 
46627, 0, 0 
9435, 0, 0 
7807, 0, 0 
27697, 0, 0 
458, 0, 0 
15901, 0, 0 
48350, 0, 0 
18443, 0, 0 
16803, 0, 0 
28896, 0, 0 
6461, 0, 0 
15445, 0, 0 
7371, 0, 0 
25092, 0, 0 
22063, 0, 0 
20174, 0, 0 
46010, 0, 0 
11541, 0, 0 
13280, 0, 0 
1195, 0, 0 
36824, 0, 0 
7052, 0, 0 
16735, 1, 1 
40880, 1, 1 
54005, 1, 1 
4010, 1, 1 
20027, 1, 1 
34632, 1, 1 
38677, 1, 1 
10581, 1, 1 
38125, 1, 1 
58230, 1, 1 
30475, 1, 1 
538, 1, 1 
59156, 1, 1 
33902, 1, 1 
10205, 1, 8 
24143, 1, 1 
26747, 1, 1 
14651, 1, 1 
16983, 1, 1 
30189, 1, 1 
8806, 1, 1 
45768, 1, 1 
7440, 1, 1 
30649, 1, 1 
52262, 1, 1 
32540, 1, 1 
46199, 1, 1 
26610, 1, 1 
7007, 1, 1 
43296, 1, 1 
42039, 1, 1 
14821, 1, 1 
20070, 1, 1 
25269, 1, 1 
46809, 1, 1 
54373, 1, 1 
52084, 1, 1 
52234, 1, 1 
48573, 1, 1 
20108, 1, 1 
9653, 1, 1 
6436, 1, 1 
51603, 1, 1 
29828, 1, 1 
20988, 1, 1 
2692, 1, 1 
9299, 1, 1 
50577, 1, 1 
833, 1, 1 
53330, 1, 1 
9895, 1, 1 
53405, 1, 1 
24647, 1, 1 
33750, 1, 1 
23585, 1, 1 
59200, 1, 1 
152, 1, 1 
22087, 1, 1 
14860, 1, 1 
55415, 1, 1 
12132, 1, 1 
42578, 1, 1 
48625, 1, 1 
58253, 1, 1 
53787, 1, 1 
16381, 1, 1 
52854, 1, 1 
16218, 1, 1 
28622, 1, 1 
54070, 1, 1 
43836, 1, 1 
3956, 1, 1 
23889, 1, 1 
34383, 1, 1 
49927, 1, 1 
57998, 1, 1 
46385, 1, 1 
4291, 1, 1 
26746, 1, 1 
41638, 1, 1 
2876, 1, 1 
54886, 1, 1 
8550, 1, 1 
28099, 1, 1 
19168, 1, 1 
44725, 1, 1 
47642, 1, 1 
10669, 1, 1 
18196, 1, 1 
58767, 1, 1 
38056, 1, 1 
7105, 1, 1 
59028, 1, 1 
45666, 1, 1 
56071, 1, 1 
37354, 1, 1 
32852, 1, 1 
1031, 1, 1 
52088, 1, 1 
18256, 1, 1 
10420, 1, 1 
1277, 1, 1 
34162, 1, 1 
41685, 1, 1 
16287, 1, 1 
18692, 1, 1 
40973, 1, 1 
39818, 1, 1 
22828, 1, 1 
25596, 1, 1 
36995, 1, 1 
35313, 1, 1 
46954, 1, 1 
11337, 1, 1 
3587, 1, 1 
17538, 1, 1 
18074, 1, 1 
22512, 1, 1 
51005, 1, 1 
56955, 1, 1 
5176, 1, 1 
27454, 1, 1 
8383, 1, 1 
32167, 1, 1 
31894, 1, 1 
23240, 1, 1 
6900, 1, 1 
16107, 1, 1 
32133, 1, 1 
29609, 1, 1 
51390, 1, 1 
17425, 1, 1 
14314, 1, 1 
21401, 1, 1 
38425, 1, 1 
24631, 1, 1 
4190, 1, 1 
27585, 1, 1 
46850, 1, 1 
52867, 1, 1 
31318, 1, 1 
3272, 1, 1 
20132, 1, 1 
43790, 1, 1 
40694, 1, 1 
37809, 1, 1 
10027, 1, 1 
691, 1, 1 
7345, 1, 1 
51439, 1, 1 
36042, 1, 1 
22330, 1, 1 
5930, 1, 1 
15001, 1, 1 
24424, 1, 1 
22632, 1, 1 
54719, 1, 1 
7435, 1, 1 
10257, 1, 1 
55371, 1, 1 
25704, 1, 1 
19507, 1, 1 
13453, 1, 1 
13961, 1, 1 
33188, 1, 1 
15903, 1, 1 
43984, 1, 1 
39849, 1, 1 
38159, 1, 1 
59783, 1, 1 
51083, 1, 1 
42015, 1, 1 
36814, 1, 1 
5023, 1, 1 
11156, 1, 1 
8176, 1, 1 
13307, 1, 1 
32187, 1, 1 
15353, 1, 1 
24306, 1, 1 
53707, 1, 1 
37058, 1, 1 
7060, 1, 1 
14767, 1, 1 
14812, 1, 1 
6698, 1, 1 
9277, 1, 1 
40287, 1, 1 
38340, 1, 1 
40, 1, 1 
54611, 1, 1 
51742, 1, 1 
32765, 1, 1 
17748, 1, 1 
17834, 1, 1 
36669, 1, 1 
26696, 1, 1 
47502, 1, 1 
12072, 1, 1 
50751, 1, 1 
3373, 1, 1 
2853, 1, 1 
47236, 1, 1 
17438, 1, 1 
55495, 1, 1 
56633, 1, 1 
51493, 1, 1 
20135, 1, 1 
15451, 1, 1 
53871, 1, 1 
39646, 1, 1 
35089, 1, 1 
33487, 1, 1 
28656, 1, 1 
23872, 1, 1 
52619, 1, 1 
44864, 1, 1 
38558, 1, 1 
13273, 1, 1 
53627, 1, 1 
20322, 1, 1 
38860, 1, 1 
14945, 1, 1 
16691, 1, 1 
3, 1, 1 
3898, 1, 1 
5732, 1, 1 
1259, 1, 1 
38490, 1, 1 
4775, 1, 1 
59297, 1, 1 
49113, 1, 1 
57738, 1, 1 
16153, 1, 1 
24216, 1, 1 
11676, 1, 1 
20961, 1, 1 
9907, 1, 1 
55478, 1, 1 
4872, 1, 1 
3725, 1, 1 
42768, 1, 1 
11835, 1, 1 
205, 1, 1 
45931, 1, 1 
49964, 1, 1 
40664, 1, 1 
32554, 1, 1 
54557, 1, 1 
20146, 1, 1 
49210, 1, 1 
49260, 1, 1 
22478, 1, 1 
3675, 1, 1 
51779, 1, 1 
35197, 1, 1 
58207, 1, 1 
6613, 1, 1 
40605, 1, 1 
20465, 1, 1 
15722, 1, 1 
44281, 1, 1 
56744, 1, 1 
11291, 1, 1 
46934, 1, 1 
50400, 1, 1 
5477, 1, 1 
48600, 1, 1 
12949, 1, 1 
37285, 1, 1 
17661, 1, 1 
23554, 1, 1 
56584, 1, 1 
49292, 1, 1 
10006, 1, 1 
53824, 1, 1 
11433, 1, 1 
54824, 1, 1 
33769, 1, 1 
5114, 1, 1 
16087, 1, 1 
57780, 1, 1 
48751, 1, 1 
50797, 1, 1 
10686, 1, 1 
28361, 1, 1 
31846, 1, 1 
32597, 1, 1 
50293, 1, 1 
7938, 1, 1 
41826, 1, 1 
59559, 1, 1 
35244, 1, 1 
54963, 1, 1 
28822, 1, 1 
55567, 1, 1 
52715, 1, 1 
59519, 1, 1 
46347, 1, 1 
10741, 1, 1 
33985, 1, 1 
58673, 1, 1 
57579, 1, 1 
35435, 1, 1 
2563, 1, 1 
12436, 1, 1 
18188, 1, 1 
2336, 1, 1 
36608, 1, 1 
53599, 1, 1 
25825, 1, 1 
20699, 1, 1 
38731, 1, 1 
10823, 1, 1 
22798, 1, 1 
3729, 1, 1 
22868, 1, 1 
28609, 1, 1 
29740, 1, 1 
29901, 1, 1 
30852, 1, 1 
21709, 1, 1 
21908, 1, 1 
21394, 1, 1 
31911, 1, 1 
19167, 1, 1 
29986, 1, 1 
31280, 1, 1 
31478, 1, 1 
15099, 1, 1 
20828, 1, 1 
38522, 1, 1 
13283, 1, 1 
3900, 1, 1 
40482, 1, 1 
20678, 1, 1 
21791, 1, 1 
50621, 1, 1 
46334, 1, 1 
20951, 1, 1 
26556, 1, 1 
52710, 1, 1 
37024, 1, 1 
41514, 1, 1 
34749, 1, 1 
26581, 1, 1 
4710, 1, 1 
5713, 1, 1 
4470, 1, 1 
49488, 1, 1 
24634, 1, 1 
1879, 1, 1 
14221, 1, 1 
23012, 1, 1 
26914, 1, 1 
23134, 1, 1 
59796, 1, 1 
44131, 1, 1 
36822, 1, 1 
25441, 1, 1 
42440, 1, 1 
40314, 1, 1 
29567, 1, 1 
10458, 1, 1 
58561, 1, 1 
9312, 1, 1 
14309, 1, 1 
31739, 1, 1 
24811, 1, 1 
18649, 1, 1 
8445, 1, 1 
55412, 1, 1 
9584, 1, 1 
8916, 1, 1 
18987, 1, 1 
406, 1, 1 
15316, 1, 1 
9609, 1, 1 
29315, 1, 1 
46185, 1, 1 
17029, 1, 1 
51606, 1, 1 
2695, 1, 1 
36625, 1, 1 
7411, 1, 1 
4487, 1, 1 
11050, 1, 1 
47998, 1, 1 
24090, 1, 1 
21094, 1, 1 
54809, 1, 1 
13584, 1, 1 
57310, 1, 1 
35359, 1, 1 
28250, 1, 1 
33667, 1, 1 
53448, 1, 1 
49961, 1, 1 
56831, 1, 1 
4064, 1, 1 
52431, 1, 1 
8388, 1, 1 
36265, 1, 1 
40744, 1, 1 
56834, 1, 1 
42999, 1, 1 
7831, 1, 1 
43444, 1, 1 
29909, 1, 1 
23045, 1, 1 
55719, 1, 1 
25569, 1, 1 
34038, 1, 1 
47194, 1, 1 
52376, 1, 1 
50063, 1, 1 
8194, 1, 1 
47729, 1, 1 
37920, 1, 1 
12314, 1, 1 
21697, 1, 1 
2015, 1, 1 
14948, 1, 1 
22833, 1, 1 
48184, 1, 1 
31061, 1, 1 
5149, 1, 1 
8296, 1, 1 
42412, 1, 1 
8542, 1, 1 
21737, 1, 1 
21741, 1, 1 
9399, 1, 1 
24038, 1, 1 
3897, 1, 1 
17846, 1, 1 
58727, 1, 1 
30963, 1, 1 
25485, 1, 1 
24208, 1, 1 
56221, 1, 1 
37023, 1, 1 
18565, 1, 1 
30301, 1, 1 
31237, 1, 1 
16938, 1, 1 
55324, 1, 1 
8836, 1, 1 
30210, 1, 1 
15790, 1, 1 
58266, 1, 1 
51908, 1, 1 
34667, 1, 1 
32295, 1, 1 
40319, 1, 1 
27104, 1, 1 
45320, 1, 1 
26887, 1, 1 
12539, 1, 1 
41195, 1, 1 
47279, 1, 1 
56506, 1, 1 
5256, 1, 1 
32807, 1, 1 
9288, 1, 1 
44548, 1, 1 
3122, 1, 1 
10545, 1, 1 
40635, 1, 1 
13398, 1, 1 
20686, 1, 1 
1080, 1, 1 
21088, 1, 1 
24738, 1, 1 
36045, 1, 1 
38750, 1, 1 
2977, 1, 1 
12407, 1, 1 
37661, 1, 1 
47360, 1, 1 
30829, 1, 1 
5643, 1, 1 
8451, 1, 1 
6913, 1, 1 
34008, 1, 1 
13160, 1, 1 
24487, 1, 1 
51447, 1, 1 
3763, 1, 1 
26984, 1, 1 
46705, 1, 1 
53489, 1, 1 
23954, 1, 1 
33425, 1, 1 
3431, 1, 1 
27474, 1, 1 
10293, 1, 1 
19598, 1, 1 
42602, 1, 1 
53348, 1, 1 
7554, 2, 2 
31258, 2, 2 
37580, 2, 2 
22341, 2, 2 
12053, 2, 2 
55559, 2, 2 
44475, 2, 2 
27033, 2, 2 
4157, 2, 2 
24303, 2, 2 
16567, 2, 2 
37533, 2, 7 
10554, 2, 2 
48899, 2, 2 
25718, 2, 2 
27178, 2, 2 
48757, 2, 2 
27311, 2, 2 
9725, 2, 2 
49605, 2, 2 
10945, 2, 2 
10194, 2, 2 
45885, 2, 2 
54355, 2, 2 
22793, 2, 2 
53639, 2, 2 
46447, 2, 2 
16025, 2, 2 
49101, 2, 2 
13818, 2, 2 
30344, 2, 2 
33213, 2, 2 
21674, 2, 2 
30884, 2, 2 
5751, 2, 2 
47534, 2, 2 
21522, 2, 2 
46293, 2, 2 
32998, 2, 2 
2721, 2, 2 
1299, 2, 2 
7394, 2, 2 
31665, 2, 2 
52840, 2, 2 
21436, 2, 2 
41207, 2, 2 
27258, 2, 2 
3486, 2, 2 
10620, 2, 2 
43047, 2, 2 
25459, 2, 2 
15262, 2, 2 
31635, 2, 2 
5733, 2, 2 
16813, 2, 2 
1624, 2, 2 
53541, 2, 2 
53772, 2, 2 
22357, 2, 2 
21414, 2, 2 
59920, 2, 2 
54105, 2, 2 
14797, 2, 2 
43964, 2, 2 
39421, 2, 2 
45341, 2, 2 
9284, 2, 2 
48884, 2, 2 
55404, 2, 2 
57626, 2, 2 
26157, 2, 2 
49993, 2, 2 
39507, 2, 2 
54330, 2, 2 
5162, 2, 2 
8251, 2, 2 
24997, 2, 2 
25691, 2, 2 
34252, 2, 2 
17439, 2, 2 
9249, 2, 2 
49776, 2, 2 
27052, 2, 2 
45453, 2, 2 
37560, 2, 2 
5297, 2, 2 
36978, 2, 2 
56993, 2, 2 
44455, 2, 2 
57981, 2, 2 
3836, 2, 2 
23162, 2, 2 
16772, 2, 2 
51673, 2, 2 
48029, 2, 2 
17520, 2, 2 
33184, 2, 2 
30794, 2, 2 
56590, 2, 2 
16047, 2, 2 
13249, 2, 2 
20874, 2, 2 
40949, 2, 2 
57500, 2, 2 
7960, 2, 2 
10403, 2, 2 
23961, 2, 2 
13972, 2, 2 
55678, 2, 2 
49929, 2, 2 
54551, 2, 2 
9371, 2, 2 
54758, 2, 2 
15618, 2, 2 
25138, 2, 2 
39338, 2, 2 
6944, 2, 3 
11420, 2, 2 
10084, 2, 2 
55862, 2, 2 
54440, 2, 2 
35510, 2, 2 
16716, 2, 2 
8611, 2, 2 
38401, 2, 2 
28842, 2, 2 
44612, 2, 2 
432, 2, 2 
52630, 2, 2 
59122, 2, 2 
13384, 2, 2 
9318, 2, 2 
29244, 2, 2 
44565, 2, 2 
20542, 2, 2 
8864, 2, 2 
31609, 2, 2 
34443, 2, 2 
20284, 2, 2 
54408, 2, 2 
27490, 2, 7 
18489, 2, 2 
7473, 2, 2 
57142, 2, 2 
27736, 2, 2 
16707, 2, 2 
27010, 2, 2 
44098, 2, 2 
53571, 2, 2 
35106, 2, 2 
28567, 2, 2 
21251, 2, 2 
41366, 2, 2 
6252, 2, 2 
16909, 2, 2 
30669, 2, 2 
25238, 2, 2 
24961, 2, 2 
32595, 2, 2 
21566, 2, 2 
57262, 2, 2 
28998, 2, 2 
53473, 2, 2 
59983, 2, 2 
50287, 2, 2 
2887, 2, 2 
39892, 2, 2 
58032, 2, 2 
27503, 2, 2 
55952, 2, 2 
33414, 2, 2 
40948, 2, 2 
41189, 2, 2 
32590, 2, 2 
42918, 2, 2 
50722, 2, 2 
46001, 2, 2 
9776, 2, 2 
39074, 2, 2 
20655, 2, 2 
31823, 2, 2 
57633, 2, 2 
28278, 2, 2 
14596, 2, 2 
57964, 2, 2 
8632, 2, 2 
47036, 2, 2 
45505, 2, 2 
51359, 2, 2 
5841, 2, 2 
41301, 2, 2 
18460, 2, 2 
38409, 2, 2 
14809, 2, 2 
59797, 2, 2 
54857, 2, 2 
57694, 2, 2 
9449, 2, 2 
39663, 2, 2 
55972, 2, 2 
51216, 2, 2 
34310, 2, 2 
44186, 2, 2 
48391, 2, 2 
22641, 2, 2 
21845, 2, 2 
16791, 2, 2 
6391, 2, 2 
17110, 2, 2 
57904, 2, 2 
40530, 2, 9 
21528, 2, 2 
2875, 2, 2 
10429, 2, 2 
6044, 2, 2 
45620, 2, 2 
24649, 2, 2 
47228, 2, 2 
36979, 2, 2 
54765, 2, 2 
25150, 2, 2 
22278, 2, 2 
52987, 2, 2 
31506, 2, 2 
47342, 2, 2 
39296, 2, 2 
53585, 2, 2 
51580, 2, 2 
32202, 2, 1 
48686, 2, 2 
39228, 2, 2 
862, 2, 2 
7484, 2, 2 
27883, 2, 2 
2626, 2, 2 
22199, 2, 2 
19764, 2, 2 
56100, 2, 2 
15263, 2, 2 
40881, 2, 2 
22229, 2, 2 
54527, 2, 2 
50753, 2, 2 
4051, 2, 2 
2205, 2, 2 
2184, 2, 2 
45405, 2, 2 
11438, 2, 2 
54573, 2, 2 
35331, 2, 2 
5415, 2, 2 
8413, 2, 2 
6764, 2, 2 
52757, 2, 2 
58087, 2, 2 
8853, 2, 3 
22026, 2, 2 
51448, 2, 2 
39162, 2, 2 
52762, 2, 2 
14174, 2, 2 
3569, 2, 2 
50897, 2, 2 
6992, 2, 2 
378, 2, 2 
10629, 2, 2 
14702, 2, 2 
7772, 2, 2 
7082, 2, 2 
51569, 2, 2 
58801, 2, 2 
48748, 2, 2 
24612, 2, 2 
43294, 2, 2 
27120, 2, 2 
13506, 2, 2 
23370, 2, 2 
14458, 2, 2 
7818, 2, 2 
48109, 2, 2 
21033, 2, 2 
49873, 2, 2 
47743, 2, 2 
32450, 2, 2 
20454, 2, 2 
20517, 2, 2 
42814, 2, 2 
46386, 2, 2 
44265, 2, 2 
28453, 2, 2 
25020, 2, 2 
50096, 2, 2 
52224, 2, 2 
17677, 2, 2 
29646, 2, 2 
51898, 2, 2 
18631, 2, 2 
13693, 2, 2 
31696, 2, 2 
15887, 2, 2 
30594, 2, 2 
48294, 2, 2 
29626, 2, 2 
50773, 2, 2 
47819, 2, 2 
45350, 2, 2 
36475, 2, 2 
16033, 2, 2 
30726, 2, 2 
4753, 2, 2 
15905, 2, 2 
23313, 2, 2 
48446, 2, 2 
14653, 2, 2 
48698, 2, 2 
35298, 2, 2 
19903, 2, 2 
25551, 2, 2 
48220, 2, 2 
55429, 2, 2 
47529, 2, 2 
49762, 2, 2 
53658, 2, 2 
42562, 2, 2 
10766, 2, 2 
51273, 2, 2 
58896, 2, 2 
51976, 2, 2 
20021, 2, 2 
24557, 2, 2 
8617, 2, 3 
23491, 2, 2 
42019, 2, 2 
3112, 2, 2 
57790, 2, 2 
17729, 2, 2 
3871, 2, 2 
3362, 2, 2 
53709, 2, 2 
59475, 2, 2 
13434, 2, 2 
54790, 2, 2 
7093, 2, 2 
25807, 2, 2 
12517, 2, 2 
5762, 2, 2 
25148, 2, 2 
3176, 2, 2 
58182, 2, 2 
49189, 2, 2 
11163, 2, 2 
37861, 2, 2 
14932, 2, 2 
4489, 2, 2 
33691, 2, 2 
27641, 2, 2 
40686, 2, 2 
6204, 2, 2 
29449, 2, 2 
57398, 2, 2 
46910, 2, 2 
11030, 2, 7 
1988, 2, 2 
58563, 2, 2 
25732, 2, 2 
8972, 2, 2 
30291, 2, 2 
30802, 2, 2 
12286, 2, 2 
13019, 2, 2 
48933, 2, 8 
55433, 2, 2 
55782, 2, 2 
19271, 2, 2 
30102, 2, 2 
2322, 2, 2 
38438, 2, 2 
47189, 2, 2 
43994, 2, 2 
44021, 2, 2 
18216, 2, 2 
33688, 2, 2 
52207, 2, 2 
5624, 2, 2 
34907, 2, 2 
46553, 2, 2 
59991, 2, 2 
6445, 2, 2 
22792, 2, 2 
45342, 2, 2 
25752, 2, 2 
35023, 2, 2 
51653, 2, 2 
34559, 2, 2 
9179, 2, 2 
50085, 2, 2 
14508, 2, 2 
2783, 2, 2 
24722, 2, 2 
25570, 2, 2 
52001, 2, 2 
5113, 2, 2 
40747, 2, 2 
21652, 2, 2 
28631, 2, 2 
15846, 2, 2 
9627, 2, 2 
29219, 2, 2 
40369, 2, 2 
24060, 2, 2 
43546, 2, 2 
17046, 2, 2 
477, 2, 2 
54854, 2, 2 
8226, 2, 2 
42323, 2, 2 
32630, 2, 2 
24724, 2, 2 
8204, 2, 2 
57649, 2, 2 
18318, 2, 2 
13645, 2, 2 
45149, 2, 2 
5227, 2, 2 
7337, 2, 2 
38127, 2, 2 
37446, 2, 2 
7695, 2, 2 
25526, 2, 2 
40425, 2, 2 
11018, 2, 2 
45287, 2, 2 
26821, 2, 2 
9248, 2, 2 
51064, 2, 2 
39153, 2, 2 
59875, 2, 2 
30014, 2, 2 
32640, 2, 2 
50221, 2, 2 
12299, 2, 2 
40203, 2, 2 
24695, 2, 2 
30503, 2, 2 
17595, 2, 2 
7827, 2, 2 
36006, 2, 2 
28335, 2, 2 
11844, 2, 2 
1715, 2, 2 
47023, 2, 2 
15039, 2, 2 
45099, 2, 2 
48354, 2, 2 
50581, 2, 2 
49735, 2, 2 
44502, 2, 2 
23683, 2, 2 
52408, 2, 2 
55769, 2, 2 
25517, 2, 2 
38366, 2, 2 
42168, 2, 2 
55281, 2, 2 
25105, 2, 2 
44302, 2, 2 
58964, 2, 2 
29789, 2, 2 
52083, 2, 2 
23481, 2, 2 
15328, 2, 2 
19568, 2, 2 
53072, 2, 2 
23117, 2, 2 
3676, 2, 2 
46143, 2, 2 
40614, 2, 2 
11774, 2, 2 
39739, 2, 2 
23770, 2, 2 
32318, 2, 2 
55996, 2, 2 
9211, 2, 2 
1301, 2, 2 
41438, 2, 7 
16810, 2, 2 
1841, 2, 2 
58215, 2, 2 
40416, 2, 2 
7758, 2, 2 
48349, 2, 2 
41745, 2, 2 
36355, 2, 2 
33593, 2, 2 
41087, 2, 2 
16408, 2, 2 
24290, 2, 2 
45130, 2, 2 
11738, 2, 2 
21670, 2, 2 
7058, 3, 3 
34387, 3, 3 
32299, 3, 3 
59955, 3, 3 
58678, 3, 3 
11752, 3, 3 
24354, 3, 3 
2456, 3, 3 
31548, 3, 3 
17175, 3, 3 
42083, 3, 3 
27316, 3, 3 
40925, 3, 3 
7625, 3, 3 
33590, 3, 3 
38507, 3, 3 
35349, 3, 3 
21447, 3, 3 
856, 3, 3 
9080, 3, 3 
37524, 3, 3 
14810, 3, 3 
6754, 3, 3 
31791, 3, 3 
33568, 3, 3 
56197, 3, 3 
51686, 3, 3 
17010, 3, 7 
8663, 3, 3 
17288, 3, 3 
59569, 3, 3 
42210, 3, 3 
22002, 3, 3 
58406, 3, 3 
34967, 3, 3 
17274, 3, 3 
36093, 3, 3 
40100, 3, 3 
10389, 3, 3 
1178, 3, 3 
45734, 3, 3 
56624, 3, 3 
43711, 3, 3 
46807, 3, 3 
27671, 3, 3 
52375, 3, 3 
50815, 3, 3 
6467, 3, 3 
23860, 3, 3 
35491, 3, 3 
31488, 3, 3 
24095, 3, 3 
6939, 3, 3 
36887, 3, 3 
45196, 3, 3 
11874, 3, 3 
23116, 3, 3 
47720, 3, 3 
30733, 3, 3 
46523, 3, 3 
57308, 3, 3 
22643, 3, 2 
8544, 3, 3 
26306, 3, 3 
3220, 3, 3 
18915, 3, 3 
59643, 3, 3 
40570, 3, 3 
49188, 3, 3 
38377, 3, 3 
43702, 3, 5 
36872, 3, 3 
16296, 3, 3 
2960, 3, 3 
17026, 3, 3 
2252, 3, 3 
55694, 3, 3 
55926, 3, 3 
4068, 3, 3 
55966, 3, 3 
38755, 3, 3 
5408, 3, 3 
19866, 3, 3 
29757, 3, 3 
43922, 3, 3 
23939, 3, 3 
23373, 3, 3 
41233, 3, 3 
49673, 3, 3 
58045, 3, 3 
35833, 3, 3 
41552, 3, 3 
47493, 3, 3 
27115, 3, 3 
33054, 3, 3 
49981, 3, 3 
27541, 3, 3 
43126, 3, 3 
55482, 3, 3 
48978, 3, 3 
53084, 3, 3 
10329, 3, 3 
2567, 3, 3 
39215, 3, 3 
45658, 3, 3 
16134, 3, 3 
39108, 3, 3 
26165, 3, 3 
44349, 3, 3 
33407, 3, 3 
17904, 3, 3 
45246, 3, 3 
34605, 3, 3 
392, 3, 3 
50936, 3, 3 
1119, 3, 3 
36709, 3, 3 
30747, 3, 3 
2232, 3, 3 
47145, 3, 3 
45088, 3, 3 
10483, 3, 3 
36488, 3, 3 
58163, 3, 3 
16510, 3, 3 
42794, 3, 3 
20492, 3, 3 
50529, 3, 3 
12750, 3, 3 
22733, 3, 3 
12044, 3, 3 
2132, 3, 3 
31108, 3, 3 
9303, 3, 3 
27143, 3, 3 
27467, 3, 3 
22598, 3, 3 
14674, 3, 3 
22122, 3, 3 
15336, 3, 3 
54707, 3, 3 
22567, 3, 3 
12153, 3, 3 
32013, 3, 3 
17292, 3, 3 
33299, 3, 3 
17409, 3, 3 
47059, 3, 3 
7162, 3, 3 
37625, 3, 3 
49287, 3, 3 
52227, 3, 3 
34828, 3, 3 
58793, 3, 3 
59886, 3, 3 
32267, 3, 3 
33049, 3, 3 
46465, 3, 3 
20426, 3, 3 
181, 3, 3 
13773, 3, 3 
9529, 3, 3 
55726, 3, 3 
58249, 3, 3 
50340, 3, 3 
51918, 3, 3 
46911, 3, 3 
27670, 3, 3 
45655, 3, 3 
19445, 3, 3 
49147, 3, 3 
26057, 3, 3 
46241, 3, 3 
40720, 3, 3 
2941, 3, 3 
18827, 3, 3 
14099, 3, 3 
24597, 3, 3 
18805, 3, 3 
13478, 3, 3 
13124, 3, 3 
5511, 3, 3 
54772, 3, 3 
17575, 3, 3 
27362, 3, 3 
8976, 3, 3 
2669, 3, 3 
14383, 3, 3 
37293, 3, 3 
45636, 3, 3 
54273, 3, 3 
25586, 3, 3 
47007, 3, 3 
10137, 3, 3 
56225, 3, 3 
10099, 3, 3 
35640, 3, 3 
21660, 3, 3 
1317, 3, 3 
41123, 3, 3 
15701, 3, 3 
39619, 3, 3 
42677, 3, 3 
43644, 3, 3 
4628, 3, 3 
9413, 3, 3 
57199, 3, 3 
21238, 3, 3 
15762, 3, 3 
40830, 3, 3 
43943, 3, 3 
23298, 3, 3 
38223, 3, 3 
13531, 3, 3 
4866, 3, 3 
47881, 3, 3 
53987, 3, 3 
37890, 3, 3 
10278, 3, 3 
26053, 3, 3 
49156, 3, 3 
16491, 3, 3 
40883, 3, 3 
50369, 3, 9 
24783, 3, 3 
12329, 3, 3 
35155, 3, 3 
49207, 3, 3 
28803, 3, 3 
54199, 3, 3 
42804, 3, 3 
19338, 3, 3 
54304, 3, 3 
25106, 3, 3 
57009, 3, 3 
24132, 3, 3 
51851, 3, 3 
12498, 3, 3 
54722, 3, 3 
1883, 3, 3 
51401, 3, 3 
55869, 3, 3 
17227, 3, 3 
15968, 3, 3 
12882, 3, 3 
42303, 3, 3 
12186, 3, 3 
47461, 3, 3 
43428, 3, 3 
57990, 3, 3 
37085, 3, 3 
58582, 3, 3 
12545, 3, 3 
24789, 3, 3 
21466, 3, 3 
42476, 3, 3 
16708, 3, 3 
51230, 3, 3 
13909, 3, 3 
43509, 3, 3 
10052, 3, 3 
37730, 3, 3 
2524, 3, 3 
55566, 3, 3 
25209, 3, 3 
18992, 3, 3 
26391, 3, 3 
9074, 3, 3 
21559, 3, 3 
56495, 3, 3 
34526, 3, 3 
12148, 3, 3 
33500, 3, 3 
21007, 3, 3 
58544, 3, 3 
43192, 3, 3 
5332, 3, 3 
59777, 3, 3 
20451, 3, 3 
10674, 3, 3 
843, 3, 3 
46157, 3, 3 
48091, 3, 3 
47979, 3, 3 
23053, 3, 3 
35401, 3, 3 
51201, 3, 3 
37132, 3, 3 
35165, 3, 3 
135, 3, 3 
30377, 3, 3 
39397, 3, 3 
15519, 3, 3 
24446, 3, 3 
19092, 3, 3 
46098, 3, 3 
48998, 3, 3 
57424, 3, 3 
21285, 3, 3 
51196, 3, 3 
6427, 3, 3 
20356, 3, 3 
16029, 3, 3 
26364, 3, 3 
17207, 3, 3 
36327, 3, 3 
3347, 3, 3 
19633, 3, 3 
12244, 3, 3 
43065, 3, 3 
54736, 3, 3 
6863, 3, 3 
19347, 3, 3 
6966, 3, 3 
45707, 3, 3 
52773, 3, 3 
51054, 3, 3 
8054, 3, 3 
40574, 3, 3 
59318, 3, 3 
48700, 3, 3 
22989, 3, 3 
56207, 3, 3 
49556, 3, 3 
43353, 3, 3 
13288, 3, 3 
44477, 3, 3 
59375, 3, 3 
19377, 3, 3 
54014, 3, 3 
8017, 3, 3 
452, 3, 3 
56420, 3, 3 
34208, 3, 3 
46136, 3, 3 
53688, 3, 3 
35703, 3, 3 
33754, 3, 3 
24145, 3, 3 
13601, 3, 3 
34525, 3, 3 
22322, 3, 3 
32883, 3, 3 
1870, 3, 3 
32031, 3, 3 
21877, 3, 3 
29894, 3, 3 
34390, 3, 3 
42735, 3, 3 
19181, 3, 3 
1315, 3, 3 
56139, 3, 3 
54029, 3, 3 
49193, 3, 3 
15869, 3, 3 
41491, 3, 3 
46882, 3, 3 
45970, 3, 3 
55292, 3, 3 
32275, 3, 3 
36705, 3, 3 
29225, 3, 3 
20664, 3, 3 
26710, 3, 3 
43256, 3, 3 
35568, 3, 3 
49446, 3, 3 
38451, 3, 3 
17621, 3, 3 
59350, 3, 3 
30226, 3, 3 
32157, 3, 3 
11618, 3, 3 
18542, 3, 3 
59467, 3, 3 
12967, 3, 3 
23482, 3, 3 
18974, 3, 3 
9420, 3, 3 
21098, 3, 3 
20437, 3, 3 
19803, 3, 3 
13656, 3, 3 
25509, 3, 3 
9411, 3, 3 
56875, 3, 3 
19110, 3, 3 
56457, 3, 3 
34802, 3, 7 
42398, 3, 3 
25861, 3, 3 
37454, 3, 3 
31936, 3, 3 
51991, 3, 3 
17993, 3, 3 
11010, 3, 3 
46182, 3, 3 
39469, 3, 3 
52939, 3, 3 
52751, 3, 3 
39705, 3, 3 
33532, 3, 3 
53889, 3, 3 
24294, 3, 3 
16462, 3, 3 
26809, 3, 3 
15667, 3, 3 
43200, 3, 3 
21156, 3, 3 
39136, 3, 3 
53566, 3, 3 
49789, 3, 3 
11520, 3, 3 
17632, 3, 3 
20926, 3, 3 
6809, 3, 3 
19821, 3, 3 
25883, 3, 3 
59328, 3, 3 
9279, 3, 3 
250, 3, 3 
6595, 3, 3 
46681, 3, 3 
33371, 3, 3 
37167, 3, 3 
36103, 3, 3 
46027, 3, 3 
35422, 3, 3 
35486, 3, 3 
31450, 3, 3 
38245, 3, 3 
57306, 3, 3 
53558, 3, 3 
21182, 3, 3 
13577, 3, 3 
31404, 3, 3 
7976, 3, 3 
56574, 3, 3 
21720, 3, 3 
32444, 3, 3 
32703, 3, 3 
55677, 3, 3 
30411, 3, 3 
32071, 3, 3 
25950, 3, 3 
8188, 3, 3 
11216, 3, 3 
42807, 3, 3 
26448, 3, 3 
19878, 3, 3 
20121, 3, 3 
8936, 3, 3 
11031, 3, 3 
9427, 3, 3 
46221, 3, 3 
861, 3, 3 
38383, 3, 3 
22029, 3, 3 
19368, 3, 3 
808, 3, 3 
28444, 3, 3 
56260, 3, 3 
2423, 3, 3 
12775, 3, 3 
44959, 3, 3 
18612, 3, 3 
26674, 3, 3 
55050, 3, 3 
4342, 3, 3 
29763, 3, 3 
26644, 3, 3 
55947, 3, 3 
18453, 3, 3 
28826, 3, 3 
49091, 3, 3 
48904, 3, 3 
20705, 3, 3 
39804, 3, 3 
14851, 3, 3 
18155, 3, 3 
58937, 3, 3 
23483, 3, 3 
1432, 3, 3 
37362, 3, 3 
35458, 3, 3 
6216, 3, 3 
17100, 3, 3 
52116, 3, 3 
49157, 3, 3 
50184, 3, 3 
58660, 3, 3 
6750, 3, 3 
34023, 3, 3 
43991, 3, 3 
12953, 3, 3 
37746, 3, 3 
48642, 3, 3 
254, 3, 3 
41537, 3, 3 
8065, 3, 3 
36907, 4, 4 
25737, 4, 4 
39584, 4, 4 
14811, 4, 4 
23085, 4, 4 
36364, 4, 4 
46352, 4, 4 
22722, 4, 4 
7677, 4, 4 
34424, 4, 4 
43737, 4, 4 
14981, 4, 4 
21999, 4, 4 
294, 4, 4 
24316, 4, 4 
41796, 4, 4 
9282, 4, 4 
59543, 4, 4 
16578, 4, 4 
25846, 4, 4 
13856, 4, 4 
40379, 4, 4 
38716, 4, 4 
882, 4, 4 
57779, 4, 4 
47541, 4, 4 
2809, 4, 4 
36676, 4, 4 
50510, 4, 4 
40677, 4, 4 
27588, 4, 4 
25100, 4, 4 
5091, 4, 4 
31419, 4, 4 
48959, 4, 4 
45069, 4, 4 
22138, 4, 4 
15622, 4, 4 
20429, 4, 4 
16685, 4, 4 
23670, 4, 4 
42263, 4, 4 
24113, 4, 4 
46976, 4, 4 
34742, 4, 4 
25605, 4, 4 
43130, 4, 4 
38906, 4, 4 
43983, 4, 4 
7864, 4, 4 
22394, 4, 4 
22098, 4, 4 
6724, 4, 4 
32518, 4, 4 
22768, 4, 4 
30708, 4, 4 
1646, 4, 4 
56484, 4, 4 
13650, 4, 4 
58514, 4, 4 
12247, 4, 4 
38147, 4, 4 
56784, 4, 4 
4433, 4, 4 
58764, 4, 4 
59087, 4, 4 
40552, 4, 4 
34537, 4, 4 
4779, 4, 4 
17922, 4, 4 
41109, 4, 4 
30863, 4, 4 
51396, 4, 4 
27676, 4, 4 
29946, 4, 4 
9701, 4, 4 
1992, 4, 4 
50636, 4, 4 
20711, 4, 4 
51926, 4, 4 
28049, 4, 4 
11818, 4, 4 
12788, 4, 4 
18787, 4, 4 
25656, 4, 4 
27800, 4, 4 
26879, 4, 4 
38370, 4, 4 
49237, 4, 4 
9547, 4, 4 
41991, 4, 4 
22843, 4, 4 
31036, 4, 4 
54234, 4, 4 
36384, 4, 4 
28614, 4, 4 
54171, 4, 4 
37257, 4, 4 
19561, 4, 4 
11930, 4, 4 
10768, 4, 4 
8235, 4, 4 
7749, 4, 4 
38392, 4, 4 
25093, 4, 4 
19032, 4, 4 
44515, 4, 4 
31883, 4, 4 
44983, 4, 4 
45674, 4, 4 
29166, 4, 4 
50388, 4, 4 
40955, 4, 4 
15852, 4, 4 
47211, 4, 4 
3957, 4, 4 
10504, 4, 4 
21363, 4, 4 
17891, 4, 4 
19202, 4, 4 
49144, 4, 4 
15942, 4, 4 
40316, 4, 4 
6220, 4, 4 
54813, 4, 4 
7327, 4, 4 
54116, 4, 4 
32578, 4, 4 
36025, 4, 4 
59620, 4, 4 
43219, 4, 4 
36434, 4, 4 
1763, 4, 4 
5796, 4, 4 
4796, 4, 4 
21992, 4, 4 
35234, 4, 6 
4318, 4, 4 
18011, 4, 4 
47336, 4, 4 
16094, 4, 4 
33894, 4, 4 
19795, 4, 4 
21994, 4, 4 
14259, 4, 4 
49994, 4, 4 
31541, 4, 4 
43639, 4, 4 
34146, 4, 4 
14027, 4, 4 
37311, 4, 4 
52704, 4, 4 
1273, 4, 4 
60, 4, 4 
55687, 4, 4 
4438, 4, 4 
10177, 4, 4 
28767, 4, 4 
22607, 4, 8 
3475, 4, 4 
22189, 4, 4 
33708, 4, 4 
52442, 4, 4 
16625, 4, 4 
44584, 4, 4 
47771, 4, 4 
28442, 4, 4 
44190, 4, 4 
10636, 4, 4 
22064, 4, 4 
45318, 4, 4 
59451, 4, 4 
12460, 4, 4 
56190, 4, 4 
2069, 4, 4 
37961, 4, 4 
44466, 4, 4 
47589, 4, 4 
56676, 4, 4 
13339, 4, 4 
44052, 4, 4 
34290, 4, 4 
43571, 4, 4 
53519, 4, 4 
33637, 4, 4 
17733, 4, 4 
19819, 4, 4 
42519, 4, 4 
38336, 4, 4 
47500, 4, 4 
20950, 4, 4 
52652, 4, 4 
24713, 4, 4 
50377, 4, 4 
5805, 4, 4 
9795, 4, 4 
43375, 4, 4 
51047, 4, 4 
53631, 4, 4 
38498, 4, 4 
11815, 4, 4 
37328, 4, 4 
55924, 4, 4 
14433, 4, 4 
57569, 4, 4 
3624, 4, 4 
31776, 4, 4 
42272, 4, 4 
40288, 4, 9 
8278, 4, 4 
24084, 4, 4 
40402, 4, 4 
11127, 4, 4 
19484, 4, 4 
57875, 4, 4 
27088, 4, 4 
52377, 4, 4 
23459, 4, 4 
44167, 4, 4 
58211, 4, 4 
51337, 4, 4 
37080, 4, 4 
9558, 4, 4 
22614, 4, 4 
47884, 4, 4 
9741, 4, 4 
35362, 4, 4 
37496, 4, 4 
23896, 4, 4 
6887, 4, 4 
14715, 4, 4 
12997, 4, 4 
50466, 4, 4 
13104, 4, 4 
20464, 4, 4 
36675, 4, 4 
13986, 4, 4 
46644, 4, 4 
41426, 4, 4 
58938, 4, 4 
49251, 4, 4 
11389, 4, 4 
16996, 4, 4 
22885, 4, 4 
9714, 4, 4 
7723, 4, 4 
42198, 4, 4 
13350, 4, 4 
1380, 4, 4 
50609, 4, 4 
42236, 4, 4 
9496, 4, 4 
29141, 4, 4 
7417, 4, 4 
2071, 4, 4 
682, 4, 4 
926, 4, 4 
13430, 4, 4 
51723, 4, 4 
32182, 4, 4 
40573, 4, 4 
8650, 4, 4 
43173, 4, 4 
39680, 4, 4 
27979, 4, 4 
8179, 4, 4 
32391, 4, 4 
31433, 4, 4 
45574, 4, 4 
7464, 4, 4 
36394, 4, 4 
28248, 4, 4 
22361, 4, 4 
1099, 4, 4 
53141, 4, 4 
39723, 4, 4 
41780, 4, 4 
7725, 4, 4 
29960, 4, 4 
29588, 4, 6 
37986, 4, 4 
7560, 4, 4 
55037, 4, 4 
12058, 4, 4 
20851, 4, 4 
21442, 4, 4 
53145, 4, 4 
13426, 4, 4 
47606, 4, 4 
55469, 4, 4 
29063, 4, 4 
28190, 4, 4 
23096, 4, 4 
47252, 4, 4 
18121, 4, 4 
55427, 4, 4 
42653, 4, 4 
3484, 4, 4 
31102, 4, 4 
49998, 4, 4 
8890, 4, 4 
26847, 4, 4 
41950, 4, 4 
58795, 4, 4 
3072, 4, 4 
29754, 4, 4 
48779, 4, 4 
42638, 4, 4 
50889, 4, 4 
33679, 4, 4 
37302, 4, 4 
43364, 4, 4 
47086, 4, 4 
56316, 4, 4 
1765, 4, 4 
47347, 4, 4 
56539, 4, 4 
30169, 4, 4 
25162, 4, 4 
43949, 4, 4 
52949, 4, 4 
13073, 4, 4 
37712, 4, 4 
48252, 4, 4 
52074, 4, 4 
48389, 4, 4 
5138, 4, 4 
24287, 4, 4 
56422, 4, 4 
50411, 4, 4 
40600, 4, 4 
20118, 4, 4 
6483, 4, 4 
10693, 4, 4 
40919, 4, 4 
58210, 4, 4 
34275, 4, 4 
222, 4, 4 
4780, 4, 4 
49881, 4, 4 
54109, 4, 4 
7343, 4, 4 
27901, 4, 4 
44124, 4, 4 
20182, 4, 4 
39304, 4, 4 
1149, 4, 4 
4954, 4, 4 
28635, 4, 4 
8869, 4, 4 
36151, 4, 4 
17944, 4, 4 
28914, 4, 4 
15347, 4, 4 
50134, 4, 4 
47276, 4, 4 
21729, 4, 4 
6653, 4, 4 
18551, 4, 4 
57371, 4, 4 
12418, 4, 4 
21541, 4, 4 
22563, 4, 4 
33115, 4, 4 
44264, 4, 4 
38524, 4, 4 
57279, 4, 4 
54359, 4, 4 
22933, 4, 4 
44294, 4, 4 
29692, 4, 4 
30876, 4, 4 
16466, 4, 4 
53655, 4, 4 
53674, 4, 4 
36952, 4, 4 
43415, 4, 4 
39182, 4, 4 
31163, 4, 4 
31994, 4, 4 
51780, 4, 4 
34971, 4, 4 
14272, 4, 4 
39891, 4, 4 
4737, 4, 4 
10737, 4, 4 
16338, 4, 4 
51081, 4, 4 
53327, 4, 4 
17604, 4, 4 
13688, 4, 4 
55318, 4, 4 
33119, 4, 4 
14602, 4, 4 
46884, 4, 4 
5581, 4, 4 
31790, 4, 4 
47695, 4, 4 
48405, 4, 4 
10908, 4, 4 
59401, 4, 4 
10736, 4, 4 
11419, 4, 4 
40657, 4, 4 
16886, 4, 4 
43239, 4, 4 
14220, 4, 4 
41192, 4, 4 
20098, 4, 4 
30367, 4, 4 
39435, 4, 4 
43302, 4, 4 
4593, 4, 4 
26855, 4, 4 
6810, 4, 4 
25353, 4, 4 
10175, 4, 4 
51382, 4, 4 
29258, 4, 4 
33932, 4, 4 
33816, 4, 4 
32661, 4, 4 
35429, 4, 4 
42116, 4, 4 
38253, 4, 4 
9148, 4, 4 
46623, 4, 4 
23121, 4, 4 
25378, 4, 4 
55753, 4, 4 
8174, 4, 4 
1565, 4, 4 
56563, 4, 4 
54347, 4, 4 
12332, 4, 4 
44053, 4, 4 
19922, 4, 4 
5032, 4, 4 
42078, 4, 4 
12194, 4, 4 
26798, 4, 4 
55098, 4, 4 
52996, 4, 4 
36795, 4, 4 
11495, 4, 4 
15841, 4, 4 
51445, 4, 4 
32862, 4, 4 
35769, 4, 4 
25218, 4, 4 
30326, 4, 7 
11783, 4, 4 
4959, 4, 4 
28578, 4, 4 
20415, 4, 4 
3260, 4, 4 
18180, 4, 4 
6761, 4, 4 
6323, 4, 4 
9465, 4, 4 
51678, 4, 4 
24472, 4, 4 
59922, 4, 4 
53078, 4, 4 
22544, 4, 4 
28089, 4, 4 
36204, 4, 4 
19666, 4, 4 
16431, 4, 4 
47326, 4, 4 
4423, 4, 4 
6058, 4, 4 
48486, 4, 4 
9172, 4, 4 
10371, 4, 4 
31006, 4, 4 
37683, 4, 4 
10391, 4, 4 
3351, 4, 4 
4874, 4, 4 
21940, 4, 4 
48478, 4, 4 
9431, 4, 4 
20634, 4, 4 
57368, 4, 4 
32328, 4, 4 
47732, 4, 4 
46798, 4, 4 
58749, 4, 4 
25260, 4, 4 
39413, 4, 4 
34756, 4, 4 
18081, 4, 4 
142, 4, 4 
24980, 4, 4 
49754, 4, 4 
37546, 4, 4 
26281, 4, 4 
48936, 4, 4 
22980, 4, 4 
32415, 5, 5 
9898, 5, 5 
58740, 5, 5 
41808, 5, 5 
31756, 5, 5 
26467, 5, 5 
1913, 5, 5 
55965, 5, 5 
58280, 5, 5 
51854, 5, 5 
58359, 5, 5 
47856, 5, 5 
40623, 5, 5 
35097, 5, 5 
18172, 5, 5 
47251, 5, 5 
18600, 5, 5 
59473, 5, 5 
20837, 5, 5 
18875, 5, 5 
9387, 5, 5 
42864, 5, 5 
22156, 5, 5 
4480, 5, 5 
56203, 5, 5 
24910, 5, 5 
14737, 5, 5 
46847, 5, 5 
31650, 5, 5 
56745, 5, 5 
17414, 5, 5 
23671, 5, 5 
47741, 5, 5 
47873, 5, 5 
30499, 5, 5 
33748, 5, 5 
32724, 5, 5 
37507, 5, 5 
55058, 5, 5 
22130, 5, 7 
28874, 5, 5 
26204, 5, 5 
31346, 5, 5 
58515, 5, 5 
27627, 5, 5 
53015, 5, 5 
32616, 5, 5 
21734, 5, 5 
4590, 5, 5 
13331, 5, 5 
39671, 5, 5 
1324, 5, 5 
28258, 5, 5 
132, 5, 1 
42337, 5, 5 
40474, 5, 5 
16745, 5, 5 
40930, 5, 5 
21895, 5, 5 
8938, 5, 5 
34610, 5, 5 
40669, 5, 5 
50533, 5, 5 
49895, 5, 5 
52026, 5, 5 
23655, 5, 5 
27452, 5, 5 
6712, 5, 5 
5947, 5, 5 
28029, 5, 5 
35903, 5, 5 
15012, 5, 5 
30233, 5, 5 
182, 5, 5 
3419, 5, 5 
55823, 5, 5 
44165, 5, 5 
31186, 5, 5 
54465, 5, 5 
35864, 5, 5 
42232, 5, 5 
4134, 5, 5 
57926, 5, 5 
19719, 5, 5 
51283, 5, 5 
25886, 5, 5 
9858, 5, 5 
44673, 5, 5 
20200, 5, 5 
35077, 5, 5 
59160, 5, 5 
42836, 5, 5 
38801, 5, 5 
51392, 5, 5 
32961, 5, 5 
47468, 5, 5 
28918, 5, 5 
54639, 5, 5 
47641, 5, 5 
30697, 5, 5 
31772, 5, 5 
48872, 5, 5 
44642, 5, 5 
18550, 5, 5 
3216, 5, 5 
39556, 5, 5 
55708, 5, 5 
16446, 5, 5 
3527, 5, 5 
12157, 5, 5 
41868, 5, 5 
19679, 5, 5 
34137, 5, 5 
20331, 5, 5 
23792, 5, 5 
42955, 5, 5 
11695, 5, 5 
12937, 5, 5 
56014, 5, 3 
14144, 5, 5 
16910, 5, 5 
24077, 5, 5 
14006, 5, 5 
40478, 5, 5 
37275, 5, 5 
9228, 5, 5 
7735, 5, 5 
38944, 5, 5 
25557, 5, 5 
55953, 5, 5 
45101, 5, 5 
4411, 5, 5 
44014, 5, 5 
55800, 5, 5 
29759, 5, 5 
690, 5, 5 
36207, 5, 5 
57951, 5, 5 
54671, 5, 5 
29038, 5, 5 
8728, 5, 5 
58989, 5, 5 
34579, 5, 5 
19752, 5, 5 
27441, 5, 5 
25203, 5, 5 
43882, 5, 5 
34274, 5, 5 
49536, 5, 5 
47433, 5, 5 
34984, 5, 5 
51231, 5, 5 
58834, 5, 5 
2549, 5, 5 
36495, 5, 5 
31921, 5, 5 
39901, 5, 5 
47825, 5, 5 
8190, 5, 5 
51050, 5, 5 
23920, 5, 5 
39103, 5, 5 
19328, 5, 9 
37874, 5, 5 
17514, 5, 5 
18005, 5, 5 
3385, 5, 5 
38612, 5, 5 
4259, 5, 5 
14096, 5, 9 
50111, 5, 5 
49957, 5, 5 
11456, 5, 5 
28103, 5, 5 
47039, 5, 5 
27607, 5, 5 
17915, 5, 5 
49652, 5, 5 
44691, 5, 5 
56720, 5, 5 
21259, 5, 5 
5742, 5, 5 
56711, 5, 5 
26538, 5, 5 
6418, 5, 4 
1210, 5, 5 
55287, 5, 5 
16010, 5, 5 
45012, 5, 5 
51852, 5, 5 
10904, 5, 5 
39562, 5, 5 
36528, 5, 5 
45826, 5, 5 
19318, 5, 5 
22102, 5, 5 
48400, 5, 5 
46759, 5, 5 
23434, 5, 5 
34431, 5, 5 
10749, 5, 5 
26637, 5, 5 
6504, 5, 5 
13517, 5, 5 
10277, 5, 8 
54002, 5, 5 
26891, 5, 5 
29525, 5, 5 
49348, 5, 5 
10092, 5, 5 
54159, 5, 5 
59502, 5, 5 
27100, 5, 5 
46990, 5, 5 
55818, 5, 5 
65, 5, 5 
6848, 5, 5 
52314, 5, 5 
30622, 5, 5 
59091, 5, 5 
6026, 5, 5 
59997, 5, 5 
10451, 5, 5 
1263, 5, 5 
34474, 5, 5 
35041, 5, 5 
8623, 5, 5 
45024, 5, 5 
22431, 5, 5 
40887, 5, 5 
22805, 5, 5 
54811, 5, 5 
26113, 5, 5 
32915, 5, 5 
47683, 5, 5 
37929, 5, 5 
50848, 5, 5 
54142, 5, 5 
886, 5, 5 
52999, 5, 5 
35650, 5, 5 
29712, 5, 5 
47858, 5, 5 
34270, 5, 5 
37597, 5, 5 
8767, 5, 5 
37004, 5, 5 
22650, 5, 5 
8307, 5, 5 
38071, 5, 5 
34463, 5, 5 
22428, 5, 5 
49476, 5, 5 
30323, 5, 5 
51349, 5, 5 
1298, 5, 5 
48249, 5, 5 
9783, 5, 5 
36217, 5, 5 
34821, 5, 5 
49270, 5, 5 
2038, 5, 5 
16129, 5, 5 
49141, 5, 5 
43748, 5, 5 
38902, 5, 5 
37409, 5, 5 
17298, 5, 5 
46180, 5, 5 
8128, 5, 5 
13305, 5, 5 
30766, 5, 5 
27002, 5, 5 
36381, 5, 5 
236, 5, 5 
25654, 5, 5 
59968, 5, 5 
635, 5, 5 
40599, 5, 5 
2049, 5, 5 
11776, 5, 5 
1592, 5, 5 
43488, 5, 5 
4760, 5, 5 
14090, 5, 5 
9323, 5, 5 
32822, 5, 5 
36661, 5, 5 
41243, 5, 5 
22935, 5, 5 
9368, 5, 5 
22380, 5, 5 
35057, 5, 5 
33267, 5, 5 
40748, 5, 5 
18808, 5, 5 
55865, 5, 5 
53797, 5, 5 
20093, 5, 5 
41949, 5, 5 
53054, 5, 5 
58165, 5, 5 
8414, 5, 5 
27228, 5, 5 
9450, 5, 5 
24330, 5, 5 
29433, 5, 5 
13681, 5, 5 
22680, 5, 5 
30082, 5, 5 
34829, 5, 5 
5210, 5, 5 
26387, 5, 5 
21155, 5, 5 
9111, 5, 5 
7091, 5, 5 
6352, 5, 5 
53053, 5, 5 
7885, 5, 5 
30081, 5, 5 
16671, 5, 5 
18701, 5, 5 
15144, 5, 5 
29845, 5, 5 
45582, 5, 5 
23392, 5, 5 
21550, 5, 5 
51227, 5, 5 
17742, 5, 5 
27310, 5, 5 
12574, 5, 5 
2713, 5, 5 
58040, 5, 5 
40869, 5, 5 
31008, 5, 5 
55322, 5, 3 
16733, 5, 5 
42322, 5, 5 
49393, 5, 5 
51107, 5, 5 
14451, 5, 5 
30333, 5, 5 
31222, 5, 5 
33222, 5, 5 
4600, 5, 5 
50263, 5, 5 
49343, 5, 5 
16862, 5, 5 
40347, 5, 5 
24021, 5, 5 
51144, 5, 5 
36888, 5, 5 
10656, 5, 5 
22819, 5, 5 
37574, 5, 5 
28777, 5, 5 
21754, 5, 5 
29157, 5, 5 
19288, 5, 5 
50420, 5, 5 
38698, 5, 5 
17584, 5, 5 
7670, 5, 5 
18518, 5, 5 
18934, 5, 5 
6177, 5, 5 
15778, 5, 5 
24490, 5, 5 
36896, 5, 5 
51177, 5, 5 
31768, 5, 5 
6370, 5, 5 
32200, 5, 5 
1690, 5, 5 
50739, 5, 5 
2527, 5, 5 
9320, 5, 5 
29804, 5, 5 
33071, 5, 5 
35062, 5, 5 
29708, 5, 5 
42221, 5, 5 
2912, 5, 5 
13021, 5, 5 
3634, 5, 5 
56476, 5, 5 
53796, 5, 5 
13946, 5, 5 
28175, 5, 5 
34082, 5, 5 
37072, 5, 5 
10822, 5, 5 
4299, 5, 5 
52019, 5, 5 
8459, 5, 5 
13256, 5, 5 
504, 5, 5 
9495, 5, 5 
31821, 5, 5 
12986, 5, 5 
42761, 5, 5 
50252, 5, 5 
5056, 5, 5 
50759, 5, 5 
52170, 5, 5 
37820, 5, 5 
4573, 5, 5 
36059, 5, 5 
29354, 5, 5 
23806, 5, 5 
9845, 5, 5 
4077, 5, 5 
10192, 5, 5 
23209, 5, 5 
20885, 5, 5 
40534, 5, 5 
55349, 5, 5 
14507, 5, 5 
22089, 5, 5 
27942, 5, 5 
30928, 5, 5 
42237, 5, 5 
28617, 5, 5 
59609, 5, 5 
2916, 5, 5 
53620, 5, 5 
9801, 5, 5 
44293, 5, 5 
21530, 5, 5 
15969, 5, 5 
30396, 5, 5 
43377, 5, 5 
22541, 5, 5 
11876, 5, 5 
42517, 5, 5 
34242, 5, 5 
39460, 5, 5 
15886, 5, 5 
38217, 5, 5 
5309, 5, 5 
24608, 5, 5 
40422, 5, 5 
58318, 5, 5 
42964, 5, 5 
33220, 5, 5 
32600, 5, 5 
26018, 5, 5 
14150, 5, 5 
19609, 5, 5 
28974, 5, 5 
57025, 5, 5 
28732, 5, 5 
49636, 5, 5 
15398, 5, 5 
7739, 5, 5 
12467, 5, 5 
51040, 5, 5 
58547, 5, 5 
53292, 5, 5 
26856, 5, 5 
50187, 5, 5 
56695, 5, 5 
58312, 5, 5 
17436, 5, 5 
36729, 5, 5 
52857, 5, 5 
52962, 5, 5 
57293, 5, 5 
45360, 5, 5 
33206, 5, 5 
11659, 5, 5 
22211, 5, 5 
54562, 5, 5 
16980, 5, 5 
4723, 5, 5 
43397, 5, 5 
11839, 5, 5 
6829, 5, 5 
41752, 5, 5 
23252, 5, 5 
56024, 5, 5 
30797, 5, 5 
35147, 5, 5 
43021, 5, 5 
8504, 5, 5 
56277, 5, 5 
58824, 5, 5 
51731, 5, 5 
31782, 5, 5 
16573, 5, 5 
58894, 5, 5 
49236, 5, 5 
7238, 5, 5 
26211, 5, 5 
6772, 5, 5 
20306, 5, 5 
53696, 5, 5 
30566, 5, 5 
39831, 5, 5 
10954, 5, 5 
56988, 6, 6 
18336, 6, 6 
33692, 6, 6 
46676, 6, 6 
53909, 6, 6 
19993, 6, 6 
40641, 6, 6 
6742, 6, 6 
1100, 6, 6 
40650, 6, 6 
12509, 6, 6 
32230, 6, 6 
6281, 6, 6 
22737, 6, 6 
38659, 6, 6 
38334, 6, 6 
45863, 6, 6 
1750, 6, 6 
15190, 6, 6 
20076, 6, 6 
56520, 6, 6 
27530, 6, 6 
52542, 6, 6 
18045, 6, 6 
50594, 6, 6 
57438, 6, 6 
13759, 6, 6 
26955, 6, 6 
2657, 6, 6 
50810, 6, 6 
28594, 6, 6 
51628, 6, 6 
53969, 6, 6 
2954, 6, 6 
630, 6, 6 
36184, 6, 6 
40707, 6, 6 
3861, 6, 6 
48328, 6, 6 
9460, 6, 6 
23667, 6, 6 
24486, 6, 6 
33615, 6, 6 
23830, 6, 6 
34840, 6, 6 
46120, 6, 6 
23924, 6, 6 
18655, 6, 6 
10654, 6, 6 
19661, 6, 6 
13282, 6, 6 
4314, 6, 6 
55154, 6, 6 
50506, 6, 6 
20137, 6, 6 
34490, 6, 6 
15183, 6, 6 
9619, 6, 6 
2898, 6, 6 
15338, 6, 6 
19002, 6, 6 
49456, 6, 6 
59976, 6, 6 
53481, 6, 6 
19218, 6, 6 
10956, 6, 6 
9262, 6, 6 
56342, 6, 6 
56747, 6, 6 
32977, 6, 6 
29686, 6, 6 
17484, 6, 6 
28576, 6, 6 
38347, 6, 6 
7868, 6, 6 
46383, 6, 6 
33584, 6, 6 
26912, 6, 6 
13046, 6, 6 
27266, 6, 6 
46024, 6, 6 
48792, 6, 6 
57791, 6, 6 
31303, 6, 6 
26931, 6, 6 
53606, 6, 6 
54383, 6, 6 
35851, 6, 6 
39112, 6, 6 
31903, 6, 6 
17174, 6, 6 
12606, 6, 6 
14044, 6, 6 
42558, 6, 6 
42729, 6, 6 
3449, 6, 6 
43940, 6, 6 
50612, 6, 6 
20433, 6, 6 
52571, 6, 6 
38185, 6, 6 
20154, 6, 6 
14167, 6, 6 
42450, 6, 6 
43726, 6, 6 
27992, 6, 6 
19196, 6, 6 
59369, 6, 6 
31568, 6, 6 
58442, 6, 6 
25317, 6, 6 
45425, 6, 6 
55382, 6, 6 
59637, 6, 6 
2291, 6, 6 
7341, 6, 6 
9517, 6, 6 
17556, 6, 6 
9946, 6, 6 
26920, 6, 6 
43589, 6, 6 
4587, 6, 6 
6971, 6, 6 
22145, 6, 6 
1706, 6, 6 
19021, 6, 6 
10833, 6, 6 
4188, 6, 6 
43305, 6, 6 
8638, 6, 6 
35200, 6, 6 
22718, 6, 6 
47404, 6, 6 
43605, 6, 6 
48760, 6, 6 
27156, 6, 6 
53553, 6, 6 
48005, 6, 6 
48427, 6, 6 
5037, 6, 6 
25171, 6, 6 
38796, 6, 6 
59032, 6, 6 
45010, 6, 6 
3671, 6, 6 
48994, 6, 6 
1562, 6, 6 
54490, 6, 6 
7718, 6, 6 
8326, 6, 6 
49624, 6, 6 
20745, 6, 6 
40927, 6, 6 
26677, 6, 6 
20221, 6, 6 
26052, 6, 6 
7224, 6, 6 
47014, 6, 6 
2474, 6, 6 
21684, 6, 6 
23600, 6, 6 
55797, 6, 6 
44602, 6, 6 
18181, 6, 6 
19496, 6, 6 
36810, 6, 6 
59736, 6, 6 
1466, 6, 6 
24827, 6, 6 
47611, 6, 6 
30338, 6, 6 
32325, 6, 6 
6572, 6, 6 
37071, 6, 6 
8500, 6, 6 
20383, 6, 6 
59470, 6, 6 
47772, 6, 6 
3993, 6, 6 
13737, 6, 6 
16002, 6, 6 
32587, 6, 6 
16786, 6, 6 
58329, 6, 6 
28255, 6, 6 
21901, 6, 6 
19451, 6, 6 
35768, 6, 6 
55475, 6, 6 
40514, 6, 6 
48319, 6, 6 
49626, 6, 6 
35305, 6, 6 
7342, 6, 6 
10552, 6, 6 
10790, 6, 6 
27438, 6, 6 
22986, 6, 6 
40526, 6, 6 
44790, 6, 6 
10855, 6, 6 
3629, 6, 6 
2850, 6, 6 
32500, 6, 6 
40961, 6, 6 
25769, 6, 6 
8265, 6, 6 
36841, 6, 6 
8688, 6, 6 
18134, 6, 6 
30995, 6, 6 
19290, 6, 6 
24458, 6, 6 
20353, 6, 6 
13995, 6, 6 
11723, 6, 6 
46611, 6, 6 
53148, 6, 6 
44617, 6, 6 
54907, 6, 6 
28905, 6, 6 
11253, 6, 6 
44870, 6, 6 
30182, 6, 6 
20927, 6, 6 
11173, 6, 6 
55420, 6, 6 
43620, 6, 6 
35687, 6, 6 
13635, 6, 6 
9500, 6, 6 
48620, 6, 6 
4712, 6, 6 
14747, 6, 6 
1494, 6, 6 
31037, 6, 6 
49510, 6, 6 
15351, 6, 6 
43736, 6, 6 
32111, 6, 6 
22035, 6, 6 
36446, 6, 6 
56746, 6, 6 
25579, 6, 6 
5766, 6, 6 
19984, 6, 6 
8870, 6, 6 
30839, 6, 6 
9785, 6, 6 
13809, 6, 6 
36996, 6, 6 
30632, 6, 6 
238, 6, 6 
4817, 6, 6 
40849, 6, 6 
27086, 6, 6 
48941, 6, 6 
27842, 6, 6 
31475, 6, 6 
37998, 6, 6 
5222, 6, 6 
42937, 6, 6 
47789, 6, 6 
21728, 6, 6 
42785, 6, 6 
34827, 6, 6 
35566, 6, 6 
32833, 6, 6 
27204, 6, 6 
39430, 6, 6 
49426, 6, 6 
28152, 6, 6 
11769, 6, 6 
36144, 6, 6 
38022, 6, 6 
40917, 6, 6 
37990, 6, 6 
6257, 6, 6 
50670, 6, 6 
50004, 6, 6 
21844, 6, 6 
38460, 6, 6 
43431, 6, 6 
22820, 6, 6 
7126, 6, 6 
22908, 6, 6 
8074, 6, 6 
20806, 6, 6 
34546, 6, 6 
58534, 6, 6 
44742, 6, 6 
21538, 6, 6 
59752, 6, 6 
36176, 6, 6 
17332, 6, 6 
44666, 6, 6 
17835, 6, 6 
29776, 6, 6 
35714, 6, 6 
26900, 6, 6 
48565, 6, 6 
17796, 6, 6 
2345, 6, 6 
46482, 6, 6 
49970, 6, 6 
21808, 6, 6 
50870, 6, 6 
1637, 6, 6 
13941, 6, 6 
55372, 6, 6 
44571, 6, 6 
43866, 6, 6 
38555, 6, 6 
41538, 6, 6 
2496, 6, 6 
17980, 6, 6 
51745, 6, 6 
5849, 6, 6 
30557, 6, 6 
21074, 6, 6 
59885, 6, 6 
3577, 6, 6 
39251, 6, 6 
56943, 6, 6 
4090, 6, 6 
55590, 6, 6 
14576, 6, 6 
1358, 6, 6 
38348, 6, 6 
39385, 6, 6 
4910, 6, 6 
5686, 6, 6 
52946, 6, 6 
51953, 6, 6 
58516, 6, 6 
24785, 6, 6 
2516, 6, 6 
24074, 6, 6 
50890, 6, 6 
30343, 6, 6 
18303, 6, 6 
21268, 6, 6 
39475, 6, 6 
47774, 6, 6 
16335, 6, 6 
42340, 6, 6 
13494, 6, 6 
22215, 6, 6 
30392, 6, 6 
29362, 6, 6 
54583, 6, 6 
14676, 6, 6 
42072, 6, 6 
49258, 6, 6 
54841, 6, 6 
28817, 6, 6 
17396, 6, 6 
59029, 6, 6 
11828, 6, 6 
40282, 6, 6 
15084, 6, 6 
50425, 6, 6 
20057, 6, 6 
32357, 6, 6 
7997, 6, 6 
23223, 6, 6 
54503, 6, 6 
17647, 6, 6 
18982, 6, 6 
19530, 6, 6 
51778, 6, 6 
34783, 6, 6 
53697, 6, 6 
4402, 6, 6 
47962, 6, 6 
22277, 6, 6 
34963, 6, 6 
25962, 6, 6 
8814, 6, 6 
23126, 6, 6 
32826, 6, 6 
27887, 6, 6 
17126, 6, 6 
43594, 6, 6 
36070, 6, 6 
3736, 6, 6 
19105, 6, 6 
256, 6, 6 
13661, 6, 6 
19927, 6, 6 
1902, 6, 6 
32694, 6, 6 
13565, 6, 6 
53949, 6, 6 
35962, 6, 6 
7562, 6, 6 
42960, 6, 6 
45013, 6, 6 
56736, 6, 6 
12231, 6, 6 
57565, 6, 6 
57218, 6, 6 
42541, 6, 6 
43270, 6, 6 
28830, 6, 6 
32876, 6, 6 
52421, 6, 6 
48156, 6, 6 
59039, 6, 6 
39837, 6, 6 
41814, 6, 6 
10101, 6, 6 
51995, 6, 6 
21036, 6, 6 
42162, 6, 6 
18076, 6, 6 
6954, 6, 6 
16695, 6, 6 
45157, 6, 6 
7086, 6, 6 
21373, 6, 6 
25351, 6, 6 
16703, 6, 6 
5141, 6, 6 
49930, 6, 6 
41842, 6, 6 
30024, 6, 6 
38367, 6, 6 
27243, 6, 6 
26606, 6, 6 
57557, 6, 6 
28508, 6, 6 
8376, 6, 6 
15463, 6, 6 
37523, 6, 6 
5084, 6, 6 
9417, 6, 6 
7744, 6, 6 
49104, 6, 6 
17221, 6, 6 
17619, 6, 6 
47018, 6, 6 
19272, 6, 6 
10767, 6, 6 
47807, 6, 6 
9254, 6, 6 
37831, 6, 6 
40229, 6, 6 
16736, 6, 6 
9629, 6, 6 
12866, 6, 6 
9745, 6, 6 
13536, 6, 6 
10925, 6, 6 
23626, 6, 6 
18194, 6, 6 
27081, 6, 6 
26159, 6, 6 
28590, 6, 6 
2849, 6, 6 
1768, 6, 6 
6895, 6, 6 
35844, 6, 6 
50934, 6, 6 
40034, 6, 6 
10032, 6, 6 
6581, 6, 6 
14418, 6, 6 
30577, 6, 6 
62, 6, 6 
52434, 6, 6 
12410, 6, 6 
54067, 6, 6 
15448, 6, 6 
54771, 6, 6 
12201, 6, 6 
43457, 6, 6 
45614, 6, 1 
47980, 6, 6 
6456, 6, 6 
13838, 6, 6 
38782, 6, 6 
12468, 6, 6 
51676, 6, 6 
46521, 6, 6 
32118, 6, 6 
45294, 6, 6 
47006, 6, 6 
57881, 6, 6 
52725, 6, 6 
4800, 6, 6 
25798, 6, 6 
42256, 6, 6 
46471, 6, 6 
53463, 6, 6 
5576, 6, 6 
31203, 6, 6 
54113, 6, 6 
52275, 6, 6 
6876, 6, 6 
7314, 7, 7 
14337, 7, 7 
38255, 7, 7 
35731, 7, 7 
59617, 7, 7 
53525, 7, 7 
1381, 7, 7 
12526, 7, 7 
4396, 7, 7 
8476, 7, 7 
803, 7, 7 
46153, 7, 7 
13978, 7, 7 
25058, 7, 7 
24571, 7, 7 
50910, 7, 7 
5447, 7, 7 
54606, 7, 7 
24005, 7, 7 
21823, 7, 7 
23811, 7, 7 
57921, 7, 7 
29900, 7, 7 
41095, 7, 7 
50742, 7, 7 
57609, 7, 7 
12143, 7, 7 
21651, 7, 7 
56992, 7, 7 
17316, 7, 7 
46851, 7, 7 
18152, 7, 7 
42169, 7, 7 
53097, 7, 7 
4394, 7, 7 
31879, 7, 7 
24228, 7, 7 
44914, 7, 7 
34951, 7, 7 
49906, 7, 7 
15518, 7, 7 
32294, 7, 7 
44572, 7, 7 
45844, 7, 7 
47242, 7, 7 
38300, 7, 7 
30018, 7, 7 
185, 7, 7 
34609, 7, 7 
52477, 7, 7 
51885, 7, 7 
9681, 7, 7 
4116, 7, 7 
38607, 7, 7 
39969, 7, 7 
50064, 7, 7 
15204, 7, 7 
43470, 7, 7 
21603, 7, 7 
30449, 7, 7 
52937, 7, 7 
50370, 7, 7 
31423, 7, 7 
17649, 7, 7 
26056, 7, 7 
21043, 7, 7 
19257, 7, 7 
8783, 7, 7 
6140, 7, 7 
14920, 7, 7 
29850, 7, 7 
27747, 7, 7 
53227, 7, 7 
44505, 7, 7 
22826, 7, 7 
51025, 7, 7 
5291, 7, 7 
59293, 7, 7 
14824, 7, 7 
12007, 7, 7 
10324, 7, 7 
34132, 7, 7 
57445, 7, 7 
11290, 7, 7 
11407, 7, 7 
30065, 7, 7 
39316, 7, 7 
57866, 7, 7 
28219, 7, 7 
2447, 7, 7 
8576, 7, 7 
15952, 7, 7 
3442, 7, 7 
59774, 7, 7 
56382, 7, 7 
23360, 7, 7 
20296, 7, 7 
2102, 7, 7 
44949, 7, 7 
29382, 7, 7 
2618, 7, 7 
59424, 7, 7 
4928, 7, 7 
4432, 7, 7 
40742, 7, 7 
2238, 7, 7 
6908, 7, 7 
37984, 7, 7 
48105, 7, 7 
30560, 7, 7 
49523, 7, 7 
28118, 7, 7 
12896, 7, 7 
1570, 7, 7 
43919, 7, 7 
50743, 7, 7 
20866, 7, 7 
29282, 7, 7 
27061, 7, 7 
24797, 7, 7 
5786, 7, 7 
35920, 7, 7 
44562, 7, 7 
49923, 7, 7 
59250, 7, 7 
38758, 7, 7 
30259, 7, 7 
42134, 7, 7 
44920, 7, 7 
35938, 7, 7 
38096, 7, 7 
47262, 7, 7 
6381, 7, 7 
59323, 7, 7 
29512, 7, 7 
18048, 7, 7 
55887, 7, 7 
4207, 7, 7 
47717, 7, 7 
24670, 7, 7 
32460, 7, 7 
6525, 7, 7 
27542, 7, 7 
28011, 7, 7 
2168, 7, 7 
49385, 7, 7 
46615, 7, 7 
24518, 7, 7 
19259, 7, 7 
30264, 7, 7 
57621, 7, 7 
19572, 7, 7 
3914, 7, 7 
26441, 7, 7 
43005, 7, 7 
54435, 7, 7 
46156, 7, 7 
6914, 7, 7 
50706, 7, 7 
15718, 7, 7 
22519, 7, 7 
10763, 7, 7 
11166, 7, 7 
21175, 7, 7 
41479, 7, 7 
28158, 7, 7 
56346, 7, 7 
1848, 7, 7 
31713, 7, 7 
4331, 7, 7 
9787, 7, 7 
36796, 7, 7 
31850, 7, 7 
57334, 7, 7 
12993, 7, 7 
47303, 7, 7 
13718, 7, 7 
2867, 7, 7 
55329, 7, 7 
16288, 7, 7 
23094, 7, 7 
5422, 7, 7 
26169, 7, 7 
55088, 7, 7 
41328, 7, 7 
52744, 7, 7 
48100, 7, 7 
51819, 7, 7 
5821, 7, 7 
33171, 7, 7 
10287, 7, 7 
22941, 7, 7 
21160, 7, 7 
56482, 7, 7 
48593, 7, 7 
47793, 7, 7 
10181, 7, 7 
8959, 7, 7 
27862, 7, 7 
56794, 7, 7 
51279, 7, 7 
27265, 7, 7 
48678, 7, 7 
53171, 7, 7 
40193, 7, 7 
36281, 7, 7 
21437, 7, 7 
27155, 7, 2 
2543, 7, 7 
13570, 7, 7 
15074, 7, 7 
55052, 7, 7 
928, 7, 7 
14094, 7, 7 
23051, 7, 7 
32282, 7, 7 
17807, 7, 7 
18966, 7, 7 
10231, 7, 7 
34970, 7, 7 
40338, 7, 7 
32004, 7, 7 
25363, 7, 7 
52587, 7, 7 
45382, 7, 7 
48341, 7, 7 
21387, 7, 7 
55270, 7, 7 
25339, 7, 7 
25506, 7, 7 
5986, 7, 7 
6481, 7, 7 
27302, 7, 7 
17248, 7, 7 
16496, 7, 7 
50920, 7, 7 
37508, 7, 7 
35417, 7, 7 
52670, 7, 7 
28661, 7, 7 
31690, 7, 7 
52217, 7, 7 
59740, 7, 7 
24788, 7, 7 
36136, 7, 7 
19929, 7, 7 
33104, 7, 7 
56932, 7, 7 
1719, 7, 7 
42876, 7, 7 
4984, 7, 7 
29797, 7, 7 
52760, 7, 7 
683, 7, 7 
46737, 7, 7 
51914, 7, 7 
54882, 7, 7 
4965, 7, 7 
24818, 7, 7 
49458, 7, 7 
5427, 7, 7 
47439, 7, 7 
36799, 7, 7 
49485, 7, 7 
41520, 7, 7 
46260, 7, 7 
21050, 7, 7 
49849, 7, 7 
28558, 7, 7 
11007, 7, 7 
57255, 7, 7 
32738, 7, 7 
23941, 7, 7 
44853, 7, 7 
59802, 7, 7 
3692, 7, 7 
41148, 7, 7 
36398, 7, 7 
20105, 7, 7 
5014, 7, 7 
7173, 7, 7 
42094, 7, 7 
24709, 7, 7 
28138, 7, 7 
52750, 7, 7 
11664, 7, 7 
22955, 7, 7 
13180, 7, 7 
15192, 7, 7 
25444, 7, 7 
21572, 7, 7 
44434, 7, 7 
51452, 7, 7 
4074, 7, 7 
10946, 7, 7 
53137, 7, 7 
31967, 7, 7 
18876, 7, 7 
45456, 7, 7 
20398, 7, 7 
49551, 7, 7 
39190, 7, 7 
57991, 7, 7 
12048, 7, 7 
26826, 7, 7 
19658, 7, 7 
29277, 7, 7 
52256, 7, 7 
56052, 7, 7 
15922, 7, 7 
58099, 7, 7 
20449, 7, 7 
56392, 7, 7 
14505, 7, 7 
53066, 7, 7 
55426, 7, 7 
54278, 7, 7 
2844, 7, 7 
13311, 7, 7 
41472, 7, 7 
52879, 7, 7 
942, 7, 7 
39314, 7, 7 
51023, 7, 7 
58589, 7, 7 
57958, 7, 7 
28379, 7, 7 
9432, 7, 7 
36088, 7, 7 
45081, 7, 7 
56483, 7, 7 
16935, 7, 7 
18816, 7, 7 
17113, 7, 7 
18367, 7, 7 
995, 7, 7 
19409, 7, 7 
29051, 7, 7 
18002, 7, 7 
34395, 7, 7 
57405, 7, 7 
40029, 7, 7 
6487, 7, 7 
16594, 7, 7 
34568, 7, 7 
27254, 7, 7 
29376, 7, 7 
1216, 7, 7 
21429, 7, 7 
34751, 7, 7 
49209, 7, 7 
23178, 7, 7 
57541, 7, 7 
37055, 7, 7 
43346, 7, 7 
4897, 7, 7 
47117, 7, 7 
3579, 7, 7 
35450, 7, 7 
45680, 7, 7 
11076, 7, 7 
52463, 7, 7 
10702, 7, 7 
32893, 7, 7 
57196, 7, 7 
27709, 7, 7 
37133, 7, 7 
12278, 7, 7 
13842, 7, 7 
8791, 7, 7 
30531, 7, 7 
20048, 7, 7 
39672, 7, 7 
5569, 7, 7 
46215, 7, 7 
56287, 7, 7 
12252, 7, 7 
27912, 7, 7 
29727, 7, 7 
2512, 7, 7 
46636, 7, 7 
52321, 7, 7 
24975, 7, 7 
57676, 7, 7 
54135, 7, 7 
54037, 7, 7 
23902, 7, 7 
14832, 7, 7 
59469, 7, 7 
57099, 7, 7 
20971, 7, 7 
48343, 7, 7 
14439, 7, 7 
57723, 7, 7 
39863, 7, 7 
32861, 7, 7 
30610, 7, 7 
2980, 7, 7 
8931, 7, 7 
27906, 7, 7 
22336, 7, 7 
55759, 7, 7 
51974, 7, 7 
795, 7, 7 
15469, 7, 7 
8214, 7, 7 
25200, 7, 7 
49738, 7, 7 
52497, 7, 7 
30502, 7, 7 
32551, 7, 7 
53372, 7, 7 
8566, 7, 7 
46190, 7, 7 
51879, 7, 7 
22743, 7, 7 
50708, 7, 7 
59533, 7, 7 
25115, 7, 7 
28362, 7, 7 
59665, 7, 7 
48259, 7, 7 
14387, 7, 7 
13867, 7, 7 
51971, 7, 7 
17809, 7, 7 
48969, 7, 7 
31910, 7, 7 
42363, 7, 7 
24412, 7, 7 
32599, 7, 7 
27623, 7, 7 
16226, 7, 7 
58450, 7, 7 
11266, 7, 7 
57836, 7, 7 
37819, 7, 7 
42939, 7, 7 
45374, 7, 7 
33759, 7, 7 
45361, 7, 7 
5546, 7, 7 
4061, 7, 7 
57923, 7, 7 
17340, 7, 7 
43898, 7, 7 
30604, 7, 4 
26354, 7, 7 
32095, 7, 7 
39784, 7, 7 
52330, 7, 7 
15597, 7, 7 
30008, 7, 7 
13644, 7, 7 
12273, 7, 7 
53302, 7, 7 
18392, 7, 7 
43341, 7, 7 
12678, 7, 7 
12724, 7, 7 
37583, 7, 7 
39847, 7, 7 
22921, 7, 7 
1525, 7, 7 
7931, 7, 7 
18066, 7, 7 
7913, 7, 7 
24813, 7, 7 
9901, 7, 7 
16049, 7, 7 
2488, 7, 7 
2650, 7, 7 
5057, 7, 7 
41656, 7, 7 
20189, 7, 7 
703, 7, 7 
20406, 7, 7 
12081, 7, 7 
37494, 7, 7 
4046, 7, 7 
8861, 7, 7 
22228, 7, 7 
20549, 7, 7 
30643, 7, 7 
8196, 7, 7 
29212, 7, 7 
10708, 7, 7 
51000, 7, 7 
27635, 7, 7 
38557, 7, 7 
52926, 7, 7 
56900, 7, 7 
32150, 7, 7 
59379, 7, 7 
48893, 7, 7 
34732, 7, 7 
38794, 7, 7 
58524, 7, 7 
56416, 7, 7 
27925, 7, 7 
15424, 8, 8 
11506, 8, 8 
2303, 8, 8 
8139, 8, 8 
10596, 8, 8 
27105, 8, 8 
35375, 8, 8 
7908, 8, 8 
32806, 8, 8 
15973, 8, 8 
6017, 8, 8 
6477, 8, 8 
32225, 8, 8 
3066, 8, 8 
26385, 8, 8 
13152, 8, 8 
40558, 8, 8 
4698, 8, 8 
26491, 8, 8 
13089, 8, 8 
23426, 8, 8 
44527, 8, 8 
50883, 8, 8 
41200, 8, 8 
9165, 8, 8 
33557, 8, 8 
58178, 8, 8 
18041, 8, 8 
54030, 8, 8 
23833, 8, 8 
32478, 8, 8 
44286, 8, 8 
30330, 8, 8 
19159, 8, 8 
19570, 8, 8 
12043, 8, 8 
17957, 8, 8 
16880, 8, 8 
37130, 8, 8 
27312, 8, 8 
12630, 8, 8 
56891, 8, 8 
34883, 8, 8 
44918, 8, 8 
59260, 8, 8 
10447, 8, 8 
26257, 8, 8 
43534, 8, 8 
47401, 8, 8 
39751, 8, 8 
52468, 8, 8 
55026, 8, 8 
7101, 8, 8 
30418, 8, 8 
7034, 8, 8 
25556, 8, 8 
41253, 8, 8 
528, 8, 8 
25388, 8, 8 
10561, 8, 8 
343, 8, 8 
4215, 8, 8 
59235, 8, 8 
27399, 8, 8 
27029, 8, 8 
56560, 8, 8 
41463, 8, 8 
39266, 8, 8 
25477, 8, 8 
52285, 8, 8 
49215, 8, 5 
24134, 8, 8 
17197, 8, 8 
56145, 8, 8 
12250, 8, 8 
49332, 8, 8 
11425, 8, 8 
21105, 8, 8 
38971, 8, 8 
8719, 8, 8 
32452, 8, 8 
13979, 8, 8 
46793, 8, 8 
6196, 8, 8 
29700, 8, 8 
56956, 8, 8 
52950, 8, 8 
55128, 8, 8 
31075, 8, 8 
3168, 8, 8 
5369, 8, 8 
34165, 8, 8 
720, 8, 1 
16340, 8, 8 
517, 8, 8 
35120, 8, 8 
36913, 8, 8 
52115, 8, 8 
41758, 8, 8 
50421, 8, 8 
18967, 8, 8 
59380, 8, 8 
12164, 8, 8 
30147, 8, 8 
40928, 8, 8 
43921, 8, 8 
4814, 8, 8 
26557, 8, 8 
46018, 8, 8 
16669, 8, 8 
14075, 8, 8 
21045, 8, 8 
58860, 8, 8 
29422, 8, 8 
29276, 8, 8 
58990, 8, 8 
36034, 8, 8 
8722, 8, 8 
22784, 8, 8 
21663, 8, 8 
40064, 8, 8 
26908, 8, 8 
40295, 8, 8 
5034, 8, 8 
32261, 8, 8 
38849, 8, 8 
28959, 8, 8 
24586, 8, 8 
29722, 8, 8 
44676, 8, 8 
44433, 8, 8 
19351, 8, 8 
16790, 8, 8 
52632, 8, 8 
17559, 8, 8 
43687, 8, 8 
2378, 8, 8 
59568, 8, 8 
40381, 8, 8 
50715, 8, 8 
50342, 8, 8 
42331, 8, 8 
52070, 8, 8 
50097, 8, 8 
41441, 8, 8 
34554, 8, 8 
58880, 8, 8 
44833, 8, 8 
54093, 8, 8 
44270, 8, 8 
37709, 8, 8 
53774, 8, 8 
17894, 8, 8 
35253, 8, 8 
24686, 8, 8 
37605, 8, 8 
53092, 8, 8 
31832, 8, 8 
58827, 8, 8 
45458, 8, 8 
2901, 8, 5 
27947, 8, 8 
6582, 8, 8 
15636, 8, 8 
30874, 8, 8 
45772, 8, 8 
9925, 8, 8 
28856, 8, 8 
47038, 8, 8 
11940, 8, 8 
15436, 8, 8 
47328, 8, 8 
9900, 8, 8 
9057, 8, 8 
7918, 8, 8 
47675, 8, 8 
44436, 8, 8 
44176, 8, 8 
55269, 8, 8 
6831, 8, 8 
13346, 8, 8 
18795, 8, 8 
30738, 8, 8 
25012, 8, 8 
45110, 8, 8 
57617, 8, 8 
13301, 8, 8 
6905, 8, 8 
43363, 8, 8 
22469, 8, 8 
57324, 8, 8 
43525, 8, 8 
35230, 8, 8 
24562, 8, 8 
39238, 8, 8 
49701, 8, 8 
2388, 8, 8 
18890, 8, 8 
5916, 8, 8 
41013, 8, 8 
20106, 8, 8 
45896, 8, 8 
25766, 8, 8 
43342, 8, 8 
41064, 8, 8 
10559, 8, 8 
28352, 8, 8 
27372, 8, 8 
3191, 8, 8 
18690, 8, 8 
28884, 8, 8 
47218, 8, 8 
35103, 8, 8 
24187, 8, 8 
29691, 8, 8 
35061, 8, 8 
31273, 8, 8 
29179, 8, 8 
4253, 8, 8 
39609, 8, 8 
4176, 8, 8 
19313, 8, 8 
43958, 8, 8 
42218, 8, 8 
14020, 8, 8 
57133, 8, 8 
41873, 8, 8 
40953, 8, 8 
42229, 8, 8 
39142, 8, 8 
49522, 8, 8 
14211, 8, 8 
4582, 8, 8 
53743, 8, 8 
58201, 8, 8 
39559, 8, 8 
32641, 8, 8 
37870, 8, 8 
59622, 8, 8 
29493, 8, 8 
55650, 8, 8 
18629, 8, 8 
54916, 8, 8 
57425, 8, 8 
39264, 8, 8 
29306, 8, 8 
50272, 8, 8 
23263, 8, 8 
49170, 8, 8 
56235, 8, 8 
16059, 8, 8 
44789, 8, 8 
45529, 8, 8 
12014, 8, 8 
31293, 8, 8 
33447, 8, 8 
29678, 8, 8 
15129, 8, 8 
40792, 8, 8 
44631, 8, 8 
32181, 8, 8 
58233, 8, 8 
57513, 8, 8 
8482, 8, 8 
48997, 8, 8 
54367, 8, 8 
10936, 8, 8 
34968, 8, 8 
30494, 8, 8 
42208, 8, 8 
39841, 8, 8 
24396, 8, 8 
9019, 8, 8 
59834, 8, 8 
5853, 8, 8 
45057, 8, 8 
20037, 8, 8 
50393, 8, 8 
30870, 8, 8 
49830, 8, 8 
12309, 8, 8 
55632, 8, 8 
37910, 8, 8 
39355, 8, 8 
10881, 8, 8 
56710, 8, 8 
46959, 8, 8 
9564, 8, 8 
36845, 8, 8 
55182, 8, 8 
45866, 8, 8 
1758, 8, 8 
19595, 8, 8 
6158, 8, 8 
46730, 8, 8 
21085, 8, 8 
34804, 8, 8 
27286, 8, 8 
40706, 8, 8 
46270, 8, 8 
3766, 8, 8 
33810, 8, 8 
46175, 8, 8 
10201, 8, 8 
34966, 8, 8 
469, 8, 8 
48737, 8, 8 
5699, 8, 8 
36828, 8, 8 
22079, 8, 8 
26231, 8, 8 
34813, 8, 8 
44659, 8, 8 
41231, 8, 8 
50176, 8, 8 
22438, 8, 8 
38863, 8, 8 
43290, 8, 8 
49724, 8, 8 
38391, 8, 8 
45454, 8, 8 
21962, 8, 8 
53854, 8, 8 
51732, 8, 8 
25236, 8, 8 
26804, 8, 8 
56858, 8, 8 
5894, 8, 8 
43692, 8, 8 
50191, 8, 8 
44308, 8, 8 
2243, 8, 8 
58100, 8, 8 
56093, 8, 8 
46650, 8, 8 
3476, 8, 8 
21177, 8, 8 
7928, 8, 8 
42314, 8, 8 
29082, 8, 8 
52091, 8, 8 
1745, 8, 8 
9935, 8, 8 
2942, 8, 8 
9601, 8, 8 
18242, 8, 8 
34225, 8, 8 
43993, 8, 8 
38418, 8, 8 
53872, 8, 8 
48002, 8, 8 
16870, 8, 8 
30781, 8, 8 
47151, 8, 8 
44579, 8, 8 
4634, 8, 4 
1141, 8, 8 
36854, 8, 8 
23865, 8, 8 
13917, 8, 8 
57832, 8, 8 
796, 8, 8 
43234, 8, 8 
15282, 8, 8 
7190, 8, 8 
22813, 8, 8 
38765, 8, 8 
27210, 8, 8 
31236, 8, 8 
58748, 8, 8 
53663, 8, 8 
28506, 8, 8 
5819, 8, 8 
16398, 8, 8 
53701, 8, 8 
24578, 8, 8 
38351, 8, 8 
2265, 8, 8 
28042, 8, 8 
29829, 8, 8 
8730, 8, 8 
43986, 8, 8 
49563, 8, 0 
54268, 8, 8 
45706, 8, 8 
7799, 8, 8 
9345, 8, 8 
15757, 8, 8 
56313, 8, 8 
6288, 8, 8 
35932, 8, 8 
19052, 8, 8 
6187, 8, 8 
33419, 8, 8 
11904, 8, 8 
23048, 8, 8 
4669, 8, 8 
55614, 8, 8 
30546, 8, 8 
55606, 8, 8 
29365, 8, 8 
6072, 8, 8 
49073, 8, 8 
45161, 8, 8 
13424, 8, 8 
11858, 8, 8 
33517, 8, 8 
17784, 8, 8 
30631, 8, 8 
6243, 8, 8 
34304, 8, 8 
8313, 8, 8 
22201, 8, 8 
46519, 8, 8 
31607, 8, 8 
50044, 8, 8 
57355, 8, 8 
30347, 8, 8 
34034, 8, 8 
21494, 8, 8 
24123, 8, 8 
33755, 8, 8 
51668, 8, 8 
393, 8, 8 
31656, 8, 8 
27121, 8, 8 
20807, 8, 8 
58993, 8, 8 
49259, 8, 8 
40893, 8, 8 
55940, 8, 8 
11823, 8, 8 
41598, 8, 8 
40626, 8, 8 
59967, 8, 8 
45463, 8, 8 
53979, 8, 8 
59277, 8, 8 
47312, 8, 8 
12513, 8, 8 
48115, 8, 8 
57045, 8, 8 
35353, 8, 8 
28470, 8, 8 
28206, 8, 8 
23081, 8, 8 
45082, 8, 8 
22873, 8, 8 
56623, 8, 8 
9732, 8, 8 
14730, 8, 8 
4797, 8, 8 
10726, 8, 8 
44638, 8, 8 
12660, 8, 8 
43250, 8, 8 
40324, 8, 8 
28341, 8, 8 
33205, 8, 8 
10663, 8, 8 
55557, 8, 8 
38842, 8, 8 
12848, 8, 8 
9918, 8, 8 
6199, 8, 8 
44024, 8, 8 
43788, 8, 8 
47122, 8, 8 
7436, 8, 8 
16820, 8, 8 
31591, 8, 8 
20973, 8, 8 
885, 8, 8 
1296, 8, 8 
53115, 8, 8 
48509, 8, 8 
6322, 8, 8 
9178, 8, 8 
25015, 8, 8 
38423, 8, 8 
12037, 8, 8 
44391, 8, 8 
22261, 8, 8 
2442, 8, 8 
44568, 8, 8 
1484, 8, 8 
55683, 8, 8 
20062, 8, 8 
13498, 8, 8 
46658, 8, 8 
3211, 8, 8 
48723, 8, 8 
38237, 8, 8 
265, 8, 8 
12045, 8, 8 
57210, 8, 8 
3293, 8, 8 
3600, 8, 8 
59423, 8, 8 
57955, 8, 8 
18277, 9, 9 
17529, 9, 9 
48771, 9, 9 
44721, 9, 9 
12096, 9, 9 
1574, 9, 9 
3745, 9, 9 
19747, 9, 9 
11223, 9, 9 
29565, 9, 9 
16753, 9, 9 
5208, 9, 9 
34254, 9, 9 
11186, 9, 9 
39423, 9, 7 
46087, 9, 9 
23673, 9, 9 
57729, 9, 9 
42344, 9, 9 
34176, 9, 9 
35789, 9, 9 
57683, 9, 9 
34491, 9, 9 
56713, 9, 9 
41594, 9, 4 
1925, 9, 9 
52929, 9, 9 
40800, 9, 9 
49541, 9, 9 
29134, 9, 9 
52635, 9, 9 
44048, 9, 9 
28984, 9, 9 
33653, 9, 9 
31621, 9, 9 
31803, 9, 9 
36930, 9, 9 
32311, 9, 9 
44328, 9, 9 
36062, 9, 9 
4368, 9, 9 
6625, 9, 9 
41162, 9, 9 
58927, 9, 9 
22684, 9, 9 
56323, 9, 9 
20462, 9, 9 
34761, 9, 9 
20915, 9, 9 
1235, 9, 9 
8547, 9, 9 
28761, 9, 9 
50967, 9, 9 
29465, 9, 9 
43845, 9, 9 
41771, 9, 9 
14982, 9, 9 
23502, 9, 9 
49696, 9, 9 
6234, 9, 9 
51644, 9, 9 
53948, 9, 9 
24588, 9, 9 
5726, 9, 9 
23542, 9, 9 
3355, 9, 9 
11820, 9, 9 
46071, 9, 9 
37664, 9, 9 
19395, 9, 9 
28715, 9, 9 
39034, 9, 9 
15894, 9, 9 
29390, 9, 9 
38064, 9, 9 
32360, 9, 9 
16827, 9, 9 
57039, 9, 9 
47918, 9, 7 
27361, 9, 9 
43185, 9, 9 
20505, 9, 9 
18874, 9, 9 
24594, 9, 9 
31004, 9, 9 
19113, 9, 9 
17437, 9, 9 
29154, 9, 9 
31828, 9, 9 
33764, 9, 9 
1732, 9, 9 
58742, 9, 9 
55063, 9, 9 
54944, 9, 9 
32491, 9, 9 
21516, 9, 9 
52989, 9, 9 
19743, 9, 9 
3834, 9, 9 
10003, 9, 9 
13646, 9, 9 
59942, 9, 9 
50698, 9, 0 
25367, 9, 9 
25637, 9, 9 
20360, 9, 9 
6382, 9, 9 
35188, 9, 9 
7241, 9, 9 
4161, 9, 9 
2579, 9, 9 
28530, 9, 9 
15162, 9, 9 
18082, 9, 9 
36196, 9, 9 
15112, 9, 9 
19729, 9, 9 
5592, 9, 9 
19644, 9, 9 
1518, 9, 9 
49227, 9, 9 
29322, 9, 9 
11617, 9, 9 
13932, 9, 9 
25463, 9, 9 
11485, 9, 9 
26795, 9, 9 
3773, 9, 9 
1169, 9, 9 
26212, 9, 9 
59566, 9, 9 
10772, 9, 9 
45445, 9, 9 
57052, 9, 9 
36827, 9, 9 
14735, 9, 9 
12738, 9, 9 
52017, 9, 9 
36438, 9, 9 
2119, 9, 9 
59927, 9, 9 
13806, 9, 9 
57085, 9, 9 
36934, 9, 4 
47010, 9, 9 
334, 9, 9 
31987, 9, 9 
3696, 9, 7 
20778, 9, 9 
44044, 9, 9 
59464, 9, 9 
21172, 9, 9 
35735, 9, 9 
18146, 9, 9 
38005, 9, 9 
14843, 9, 9 
5522, 9, 9 
21356, 9, 9 
33336, 9, 9 
44361, 9, 9 
37123, 9, 9 
4456, 9, 9 
43785, 9, 9 
9346, 9, 9 
59295, 9, 9 
43174, 9, 7 
30783, 9, 9 
4589, 9, 9 
56212, 9, 9 
59749, 9, 9 
28564, 9, 9 
13717, 9, 9 
11096, 9, 9 
41377, 9, 9 
39192, 9, 9 
10906, 9, 9 
29778, 9, 9 
54698, 9, 9 
20402, 9, 9 
4345, 9, 9 
17427, 9, 9 
29724, 9, 9 
26042, 9, 9 
39593, 9, 9 
50859, 9, 9 
30184, 9, 9 
32342, 9, 9 
43086, 9, 9 
19718, 9, 9 
44995, 9, 9 
24825, 9, 9 
52139, 9, 9 
56201, 9, 9 
9729, 9, 9 
36050, 9, 9 
59514, 9, 9 
50119, 9, 9 
2453, 9, 9 
16470, 9, 9 
19320, 9, 9 
34321, 9, 9 
5320, 9, 9 
15592, 9, 9 
24891, 9, 9 
1733, 9, 9 
23976, 9, 9 
29552, 9, 9 
35941, 9, 9 
8899, 9, 9 
36459, 9, 9 
46284, 9, 9 
16740, 9, 9 
9673, 9, 9 
15512, 9, 9 
24482, 9, 9 
40781, 9, 9 
57567, 9, 9 
41375, 9, 9 
53729, 9, 9 
6741, 9, 9 
43253, 9, 9 
1507, 9, 9 
5740, 9, 9 
44081, 9, 7 
59381, 9, 9 
32451, 9, 9 
44351, 9, 9 
14681, 9, 9 
33597, 9, 9 
34504, 9, 9 
30096, 9, 9 
24454, 9, 9 
33182, 9, 9 
22576, 9, 9 
33129, 9, 9 
23771, 9, 9 
41199, 9, 9 
54743, 9, 9 
32714, 9, 9 
40177, 9, 9 
36499, 9, 9 
46987, 9, 9 
48, 9, 9 
16039, 9, 9 
46909, 9, 9 
12570, 9, 9 
47196, 9, 9 
41761, 9, 9 
37457, 9, 9 
46492, 9, 9 
9708, 9, 9 
7505, 9, 9 
16350, 9, 9 
3316, 9, 9 
33860, 9, 9 
36349, 9, 9 
59080, 9, 9 
13768, 9, 9 
42497, 9, 9 
24285, 9, 9 
16152, 9, 9 
27780, 9, 9 
5704, 9, 9 
29201, 9, 9 
7755, 9, 9 
31783, 9, 9 
19934, 9, 9 
27654, 9, 9 
38673, 9, 9 
41311, 9, 9 
48388, 9, 9 
20734, 9, 9 
27873, 9, 9 
4929, 9, 9 
21351, 9, 9 
5532, 9, 9 
2924, 9, 9 
17550, 9, 9 
46176, 9, 9 
33762, 9, 9 
27334, 9, 9 
1286, 9, 9 
33859, 9, 9 
20228, 9, 9 
44982, 9, 9 
39795, 9, 9 
14247, 9, 9 
8424, 9, 9 
11246, 9, 9 
2514, 9, 9 
30237, 9, 9 
56466, 9, 9 
30360, 9, 9 
24062, 9, 9 
59341, 9, 9 
53393, 9, 9 
4689, 9, 9 
33252, 9, 9 
8363, 9, 9 
36666, 9, 9 
45810, 9, 9 
8751, 9, 9 
18500, 9, 9 
46946, 9, 9 
1728, 9, 9 
8671, 9, 9 
51284, 9, 9 
32331, 9, 9 
9655, 9, 9 
25303, 9, 9 
9428, 9, 9 
53020, 9, 9 
51036, 9, 9 
26730, 9, 9 
24613, 9, 9 
59214, 9, 9 
7714, 9, 9 
16280, 9, 9 
31747, 9, 9 
7774, 9, 9 
43107, 9, 4 
7233, 9, 9 
28288, 9, 9 
27710, 9, 9 
8585, 9, 9 
21669, 9, 9 
53337, 9, 9 
31299, 9, 9 
36886, 9, 9 
10374, 9, 9 
51200, 9, 9 
4306, 9, 9 
17899, 9, 9 
36029, 9, 9 
14407, 9, 9 
49734, 9, 9 
26837, 9, 9 
5137, 9, 9 
32970, 9, 9 
35189, 9, 9 
7683, 9, 9 
344, 9, 9 
6439, 9, 9 
50746, 9, 9 
26314, 9, 9 
30144, 9, 9 
8073, 9, 9 
43310, 9, 9 
31922, 9, 9 
57796, 9, 9 
21445, 9, 9 
58363, 9, 9 
550, 9, 9 
54085, 9, 9 
47664, 9, 9 
19914, 9, 9 
58081, 9, 9 
8015, 9, 9 
45980, 9, 9 
12380, 9, 9 
30452, 9, 9 
28547, 9, 9 
43193, 9, 9 
54081, 9, 9 
11536, 9, 4 
6950, 9, 9 
54793, 9, 9 
13887, 9, 9 
49143, 9, 7 
51393, 9, 9 
48036, 9, 9 
19832, 9, 9 
7690, 9, 9 
26571, 9, 9 
13034, 9, 9 
26233, 9, 9 
41953, 9, 9 
50851, 9, 9 
20111, 9, 9 
55539, 9, 9 
30735, 9, 9 
17972, 9, 9 
54244, 9, 9 
32679, 9, 9 
47126, 9, 9 
7886, 9, 8 
58069, 9, 9 
26045, 9, 9 
47165, 9, 9 
39174, 9, 9 
6306, 9, 9 
15602, 9, 9 
18506, 9, 9 
23710, 9, 9 
28195, 9, 9 
23791, 9, 7 
37534, 9, 9 
26405, 9, 8 
25044, 9, 9 
16421, 9, 9 
31700, 9, 9 
50747, 9, 9 
2696, 9, 9 
37048, 9, 9 
5727, 9, 9 
10752, 9, 9 
13687, 9, 9 
58407, 9, 9 
22305, 9, 9 
26822, 9, 9 
10794, 9, 9 
20184, 9, 9 
40666, 9, 9 
41480, 9, 9 
37046, 9, 9 
45922, 9, 9 
57913, 9, 9 
59211, 9, 9 
22086, 9, 9 
49565, 9, 9 
2274, 9, 9 
47745, 9, 9 
1333, 9, 9 
11853, 9, 9 
43777, 9, 9 
54592, 9, 9 
25385, 9, 9 
39538, 9, 9 
32759, 9, 9 
45688, 9, 9 
23262, 9, 9 
54181, 9, 9 
22406, 9, 9 
58717, 9, 9 
59804, 9, 9 
34753, 9, 9 
33236, 9, 9 
30694, 9, 9 
51982, 9, 9 
59776, 9, 9 
42173, 9, 9 
17983, 9, 9 
15170, 9, 7 
4826, 9, 9 
44670, 9, 9 
5745, 9, 9 
11190, 9, 9 
23100, 9, 9 
56464, 9, 9 
46929, 9, 9 
22890, 9, 9 
15387, 9, 9 
13326, 9, 9 
36360, 9, 9 
32706, 9, 9 
27383, 9, 9 
18677, 9, 9 
27387, 9, 9 
39030, 9, 9 
53735, 9, 9 
3913, 9, 9 
2911, 9, 9 
40634, 9, 9 
16481, 9, 9 
13428, 9, 9 
21827, 9, 9 
17152, 9, 9 
28283, 9, 9 
41589, 9, 9 
31744, 9, 9 
34248, 9, 9 
19641, 9, 9 
37352, 9, 9 
48713, 9, 9 
3583, 9, 9 
36420, 9, 9 
43864, 9, 9 
11762, 9, 9 
41510, 9, 9 
48964, 9, 9 
18883, 9, 9 
38003, 9, 9 
32396, 9, 9 
30696, 9, 9 
54843, 9, 9 
6734, 9, 9 
520, 9, 9 
42943, 9, 9 
32123, 9, 9 
48888, 9, 9 
54449, 9, 9 
4594, 9, 9 
10623, 9, 9 
47345, 9, 9 
13499, 9, 9 
27344, 9, 9 
3146, 9, 7 
53396, 9, 9 
27015, 9, 9 
10761, 9, 9 
