id, true label, predicted label 
38404, 0, 0 
29438, 0, 0 
7254, 0, 0 
17877, 0, 0 
38412, 0, 0 
40284, 0, 0 
5938, 0, 0 
1916, 0, 0 
27663, 0, 0 
37937, 0, 0 
28295, 0, 0 
4106, 0, 0 
11694, 0, 0 
58521, 0, 0 
48532, 0, 0 
37954, 0, 0 
16585, 0, 0 
30163, 0, 0 
23120, 0, 0 
40989, 0, 0 
43050, 0, 0 
23297, 0, 0 
4565, 0, 0 
41634, 0, 0 
40336, 0, 0 
429, 0, 0 
232, 0, 0 
24105, 0, 0 
7882, 0, 0 
40414, 0, 0 
50804, 0, 0 
39788, 0, 0 
3709, 0, 0 
51235, 0, 0 
5007, 0, 0 
10261, 0, 0 
48834, 0, 0 
50930, 0, 0 
55366, 0, 0 
38211, 0, 0 
17466, 0, 0 
58012, 0, 0 
17381, 0, 0 
26645, 0, 0 
39746, 0, 0 
36589, 0, 0 
31234, 0, 0 
12686, 0, 0 
38706, 0, 0 
26422, 0, 0 
5563, 0, 0 
44184, 0, 0 
9790, 0, 0 
53173, 0, 0 
16777, 0, 0 
39360, 0, 0 
38126, 0, 0 
45728, 0, 0 
3622, 0, 0 
16595, 0, 0 
40648, 0, 0 
18301, 0, 0 
43685, 0, 0 
27257, 0, 0 
39407, 0, 0 
31288, 0, 0 
44560, 0, 0 
49894, 0, 0 
14282, 0, 0 
14157, 0, 0 
26117, 0, 0 
43981, 0, 0 
9881, 0, 0 
38850, 0, 0 
2404, 0, 0 
25497, 0, 0 
45193, 0, 0 
18543, 0, 0 
16679, 0, 0 
56941, 0, 0 
10283, 0, 0 
21800, 0, 0 
234, 0, 0 
22224, 0, 0 
34073, 0, 0 
5927, 0, 0 
26979, 0, 0 
12839, 0, 0 
34523, 0, 0 
49419, 0, 0 
22225, 0, 0 
57115, 0, 0 
35063, 0, 0 
17064, 0, 0 
35972, 0, 0 
9750, 0, 0 
43631, 0, 0 
12880, 0, 0 
13033, 0, 0 
33465, 0, 0 
12723, 0, 0 
4239, 0, 0 
46810, 0, 0 
50974, 0, 0 
48574, 0, 0 
46723, 0, 0 
18581, 0, 0 
16975, 0, 0 
43083, 0, 0 
8368, 0, 0 
52396, 0, 0 
36277, 0, 0 
31657, 0, 0 
4926, 0, 0 
50123, 0, 0 
32313, 0, 0 
53387, 0, 0 
48542, 0, 0 
35261, 0, 0 
59704, 0, 0 
43013, 0, 0 
45769, 0, 0 
36412, 0, 0 
9485, 0, 0 
52832, 0, 0 
54942, 0, 0 
49394, 0, 0 
28257, 0, 0 
18538, 0, 0 
12477, 0, 0 
41027, 0, 0 
1857, 0, 0 
47275, 0, 0 
15761, 0, 0 
18725, 0, 0 
6738, 0, 0 
24268, 0, 0 
32463, 0, 0 
9773, 0, 0 
29477, 0, 0 
3516, 0, 0 
42389, 0, 0 
27638, 0, 0 
36506, 0, 0 
7378, 0, 0 
47271, 0, 0 
13459, 0, 0 
37901, 0, 0 
42349, 0, 0 
44614, 0, 0 
29809, 0, 0 
10366, 0, 0 
12605, 0, 0 
38599, 0, 0 
48210, 0, 0 
44917, 0, 0 
39600, 0, 0 
27547, 0, 0 
37495, 0, 0 
21260, 0, 0 
28325, 0, 0 
13826, 0, 0 
46273, 0, 0 
27841, 0, 0 
7710, 0, 0 
6611, 0, 0 
19504, 0, 0 
33923, 0, 0 
18572, 0, 0 
15142, 0, 0 
44867, 0, 0 
26656, 0, 0 
33363, 0, 0 
52238, 0, 0 
21534, 0, 0 
46812, 0, 0 
9047, 0, 0 
8272, 0, 0 
28328, 0, 0 
57241, 0, 0 
25206, 0, 0 
49939, 0, 0 
55348, 0, 0 
35502, 0, 0 
57746, 0, 0 
49065, 0, 0 
42913, 0, 0 
29926, 0, 0 
15520, 0, 0 
28357, 0, 0 
59487, 0, 0 
46484, 0, 0 
28746, 0, 0 
22917, 0, 0 
49124, 0, 0 
29368, 0, 0 
19216, 0, 0 
6663, 0, 0 
50151, 0, 0 
5690, 0, 0 
54980, 0, 0 
24320, 0, 0 
26058, 0, 0 
50385, 0, 0 
29211, 0, 0 
26620, 0, 0 
27788, 0, 0 
4201, 0, 0 
43536, 0, 0 
34016, 0, 0 
9151, 0, 0 
29706, 0, 0 
32151, 0, 0 
49621, 0, 0 
5108, 0, 0 
34708, 0, 0 
12500, 0, 0 
29378, 0, 0 
33512, 0, 0 
44268, 0, 0 
3964, 0, 0 
59547, 0, 0 
46963, 0, 0 
29235, 0, 0 
23131, 0, 0 
8885, 0, 0 
14712, 0, 0 
6970, 0, 0 
13211, 0, 0 
3024, 0, 0 
34051, 0, 0 
32086, 0, 0 
44063, 0, 0 
18232, 0, 0 
1771, 0, 0 
26415, 0, 0 
40396, 0, 0 
30009, 0, 0 
56352, 0, 0 
59940, 0, 0 
21721, 0, 0 
36255, 0, 0 
45418, 0, 0 
38155, 0, 0 
37425, 0, 0 
54290, 0, 0 
25243, 0, 0 
59272, 0, 0 
14919, 0, 0 
38099, 0, 0 
57686, 0, 0 
25823, 0, 0 
8113, 0, 0 
4629, 0, 0 
58180, 0, 0 
53212, 0, 0 
19308, 0, 0 
34508, 0, 0 
36689, 0, 0 
11330, 0, 0 
48187, 0, 0 
44656, 0, 0 
55288, 0, 0 
49336, 0, 0 
9505, 0, 0 
25005, 0, 0 
50281, 0, 0 
59918, 0, 0 
7004, 0, 0 
58015, 0, 0 
15694, 0, 0 
15133, 0, 0 
43463, 0, 0 
668, 0, 0 
40456, 0, 0 
46294, 0, 0 
36447, 0, 0 
19594, 0, 0 
40082, 0, 0 
49310, 0, 0 
49500, 0, 0 
55065, 0, 0 
38110, 0, 0 
14165, 0, 0 
55501, 0, 0 
21215, 0, 0 
49530, 0, 0 
12764, 0, 0 
41191, 0, 0 
15854, 0, 0 
5541, 0, 0 
54284, 0, 0 
49848, 0, 0 
58553, 0, 0 
53893, 0, 0 
22929, 0, 0 
30480, 0, 0 
38054, 0, 0 
50157, 0, 0 
46822, 0, 0 
34887, 0, 0 
54474, 0, 0 
58316, 0, 0 
19012, 0, 0 
10083, 0, 0 
59313, 0, 0 
52617, 0, 0 
45042, 0, 0 
36824, 0, 0 
41490, 0, 0 
303, 0, 0 
8349, 0, 0 
6441, 0, 0 
825, 0, 0 
35302, 0, 0 
50344, 0, 0 
10914, 0, 0 
38693, 0, 0 
34302, 0, 0 
19818, 0, 0 
50629, 0, 0 
24529, 0, 0 
52179, 0, 0 
11902, 0, 0 
8288, 0, 0 
35185, 0, 0 
34099, 0, 0 
46892, 0, 0 
51999, 0, 0 
25159, 0, 0 
18171, 0, 0 
14644, 0, 0 
56914, 0, 0 
57650, 0, 0 
57451, 0, 0 
42744, 0, 0 
49374, 0, 0 
54982, 0, 0 
43847, 0, 0 
8129, 0, 0 
47647, 0, 0 
11888, 0, 0 
45682, 0, 0 
41259, 0, 0 
9806, 0, 0 
46488, 0, 0 
10974, 0, 0 
40965, 0, 0 
23809, 0, 0 
13077, 0, 0 
45442, 0, 0 
3720, 0, 0 
23305, 0, 0 
55315, 0, 0 
979, 0, 0 
31410, 0, 0 
59795, 0, 0 
54232, 0, 0 
25051, 0, 0 
18137, 0, 0 
39463, 0, 0 
21970, 0, 0 
38574, 0, 0 
19049, 0, 0 
41606, 0, 0 
8003, 0, 0 
15992, 0, 0 
49883, 0, 0 
13286, 0, 0 
17485, 0, 0 
31243, 0, 0 
40251, 0, 0 
17838, 0, 0 
4653, 0, 0 
38411, 0, 0 
12897, 0, 0 
35720, 0, 0 
6832, 0, 0 
43665, 0, 0 
48661, 0, 0 
33381, 0, 0 
31753, 0, 0 
50310, 0, 0 
5187, 0, 0 
24024, 0, 0 
1664, 0, 0 
51, 0, 0 
50407, 0, 0 
33645, 0, 0 
9439, 0, 0 
58858, 0, 0 
17214, 0, 0 
33847, 0, 0 
49331, 0, 0 
41756, 0, 0 
48438, 0, 0 
3262, 0, 0 
57117, 0, 0 
7338, 0, 0 
2935, 0, 0 
56625, 0, 0 
25386, 0, 0 
49535, 0, 0 
54728, 0, 0 
17741, 0, 0 
17881, 0, 0 
29677, 0, 0 
56686, 0, 0 
38488, 0, 0 
5921, 0, 0 
4855, 0, 0 
32062, 0, 0 
35423, 0, 0 
3175, 0, 0 
10579, 0, 0 
39194, 0, 0 
16139, 0, 0 
3888, 0, 0 
25461, 0, 0 
40613, 0, 0 
39263, 0, 0 
41265, 0, 0 
776, 0, 0 
52599, 0, 0 
55837, 0, 0 
2629, 0, 0 
39623, 0, 0 
27512, 0, 0 
1040, 0, 0 
45218, 0, 0 
29187, 0, 0 
14574, 0, 0 
24081, 0, 0 
30707, 0, 0 
23616, 0, 0 
15237, 0, 0 
47488, 0, 0 
51669, 0, 0 
47480, 0, 0 
31943, 0, 0 
49853, 0, 0 
42848, 0, 0 
22669, 0, 0 
36318, 0, 0 
56397, 0, 0 
26799, 0, 0 
26438, 0, 0 
32789, 0, 0 
3698, 0, 0 
52613, 0, 0 
19744, 0, 0 
56512, 0, 0 
4356, 0, 0 
33427, 0, 0 
31661, 0, 0 
4415, 0, 0 
19325, 0, 0 
53509, 0, 0 
3568, 0, 0 
21996, 0, 0 
1015, 0, 0 
20215, 0, 0 
14278, 0, 0 
13492, 0, 0 
30044, 0, 0 
49214, 0, 0 
47867, 0, 0 
31865, 0, 0 
42456, 0, 0 
44730, 0, 0 
3247, 0, 0 
3286, 0, 0 
35700, 0, 0 
51041, 0, 0 
9455, 0, 0 
54764, 0, 0 
53562, 0, 0 
49304, 0, 0 
46917, 0, 0 
57390, 0, 0 
41352, 0, 0 
40217, 0, 0 
16987, 0, 0 
22744, 0, 0 
54235, 0, 0 
45371, 0, 0 
52045, 0, 0 
47923, 0, 0 
14481, 0, 0 
22757, 0, 0 
9699, 0, 0 
14937, 0, 0 
31683, 0, 0 
38228, 0, 0 
7786, 0, 0 
43149, 0, 0 
33392, 0, 0 
35525, 0, 0 
28414, 0, 0 
53360, 0, 0 
17005, 1, 1 
15290, 1, 1 
27201, 1, 1 
18649, 1, 1 
5667, 1, 1 
56603, 1, 1 
39297, 1, 1 
24288, 1, 1 
36551, 1, 1 
5648, 1, 1 
1703, 1, 1 
38160, 1, 1 
3379, 1, 1 
53058, 1, 1 
1238, 1, 1 
3, 1, 1 
19100, 1, 1 
711, 1, 1 
12375, 1, 1 
36687, 1, 1 
48306, 1, 1 
70, 1, 1 
1942, 1, 1 
19093, 1, 1 
29952, 1, 1 
5862, 1, 1 
30035, 1, 1 
38713, 1, 1 
27920, 1, 1 
4066, 1, 1 
7993, 1, 1 
12412, 1, 1 
30210, 1, 1 
31633, 1, 1 
26072, 1, 1 
20319, 1, 1 
21751, 1, 1 
58737, 1, 1 
8319, 1, 1 
43426, 1, 1 
6998, 1, 1 
55036, 1, 1 
10145, 1, 1 
29062, 1, 2 
3120, 1, 1 
43085, 1, 1 
54417, 1, 1 
32660, 1, 1 
18830, 1, 1 
35527, 1, 1 
19018, 1, 1 
25524, 1, 1 
22815, 1, 1 
14812, 1, 1 
48583, 1, 1 
19381, 1, 1 
53168, 1, 1 
12842, 1, 1 
43577, 1, 1 
24487, 1, 1 
47697, 1, 1 
50682, 1, 1 
57571, 1, 1 
28405, 1, 1 
20829, 1, 1 
39185, 1, 1 
1211, 1, 1 
31494, 1, 1 
7363, 1, 1 
5351, 1, 1 
52291, 1, 1 
7536, 1, 1 
12486, 1, 1 
34945, 1, 1 
40007, 1, 1 
35565, 1, 1 
51666, 1, 1 
38965, 1, 1 
19243, 1, 1 
50952, 1, 1 
29517, 1, 1 
58909, 1, 1 
6793, 1, 1 
26009, 1, 1 
36388, 1, 1 
47097, 1, 1 
45204, 1, 1 
53896, 1, 1 
24974, 1, 1 
31174, 1, 1 
32392, 1, 1 
56728, 1, 1 
52850, 1, 1 
26295, 1, 1 
11835, 1, 1 
40220, 1, 1 
37354, 1, 1 
48993, 1, 1 
44418, 1, 1 
49395, 1, 1 
42401, 1, 1 
29715, 1, 1 
1065, 1, 1 
26152, 1, 1 
38779, 1, 1 
12722, 1, 1 
57037, 1, 1 
24133, 1, 1 
51187, 1, 1 
33943, 1, 1 
29030, 1, 1 
1197, 1, 1 
41961, 1, 1 
51594, 1, 1 
26175, 1, 1 
38897, 1, 1 
7078, 1, 1 
5691, 1, 1 
57454, 1, 1 
33105, 1, 1 
47702, 1, 1 
30535, 1, 1 
44887, 1, 1 
54329, 1, 1 
51671, 1, 1 
14892, 1, 1 
44935, 1, 1 
46012, 1, 1 
32879, 1, 1 
16345, 1, 1 
29284, 1, 1 
23908, 1, 1 
49592, 1, 1 
951, 1, 1 
7469, 1, 1 
26429, 1, 1 
22727, 1, 1 
31843, 1, 1 
23254, 1, 1 
42806, 1, 1 
49919, 1, 1 
16562, 1, 1 
41289, 1, 1 
30869, 1, 1 
47905, 1, 1 
49557, 1, 1 
41567, 1, 1 
44108, 1, 1 
41419, 1, 1 
24013, 1, 1 
57517, 1, 1 
44422, 1, 1 
19355, 1, 1 
28792, 1, 1 
47758, 1, 1 
27885, 1, 1 
46552, 1, 1 
52627, 1, 1 
43006, 1, 1 
13140, 1, 1 
24996, 1, 1 
59382, 1, 1 
47233, 1, 1 
40147, 1, 1 
10345, 1, 1 
47777, 1, 1 
27509, 1, 1 
19289, 1, 1 
49504, 1, 1 
41555, 1, 1 
46496, 1, 1 
58307, 1, 1 
58322, 1, 1 
7789, 1, 1 
16855, 1, 1 
26698, 1, 1 
31038, 1, 1 
21379, 1, 1 
37802, 1, 1 
47551, 1, 1 
40973, 1, 1 
32041, 1, 1 
42899, 1, 1 
17090, 1, 1 
38941, 1, 1 
37393, 1, 1 
49154, 1, 1 
29088, 1, 1 
42171, 1, 1 
2505, 1, 1 
36535, 1, 1 
58618, 1, 1 
5174, 1, 1 
47977, 1, 1 
508, 1, 1 
18259, 1, 1 
23213, 1, 1 
7752, 1, 1 
31282, 1, 1 
59671, 1, 1 
8987, 1, 1 
47880, 1, 1 
40004, 1, 1 
49362, 1, 1 
18707, 1, 1 
55169, 1, 1 
34757, 1, 1 
29040, 1, 1 
28586, 1, 1 
55583, 1, 1 
10157, 1, 1 
37237, 1, 1 
16218, 1, 1 
47169, 1, 1 
10399, 1, 1 
56435, 1, 1 
39393, 1, 1 
18942, 1, 1 
55716, 1, 1 
27978, 1, 1 
20474, 1, 1 
10416, 1, 1 
11702, 1, 1 
5245, 1, 1 
33646, 1, 1 
11275, 1, 1 
43539, 1, 1 
5779, 1, 1 
8063, 1, 1 
17305, 1, 1 
10248, 1, 1 
28484, 1, 1 
8992, 1, 1 
39354, 1, 1 
7411, 1, 1 
17775, 1, 1 
15786, 1, 1 
48625, 1, 1 
37455, 1, 1 
25724, 1, 1 
35856, 1, 1 
25858, 1, 1 
48112, 1, 1 
22689, 1, 1 
42713, 1, 1 
5304, 1, 1 
36368, 1, 1 
1640, 1, 1 
20052, 1, 1 
41986, 1, 1 
54071, 1, 1 
16385, 1, 1 
46360, 1, 1 
22475, 1, 1 
2870, 1, 1 
56138, 1, 1 
56010, 1, 1 
33113, 1, 1 
8162, 1, 1 
47601, 1, 1 
56016, 1, 1 
59827, 1, 1 
25666, 1, 1 
20987, 1, 1 
17171, 1, 1 
4900, 1, 1 
38159, 1, 1 
26421, 1, 1 
20036, 1, 1 
16509, 1, 1 
58148, 1, 1 
9599, 1, 1 
8177, 1, 1 
22330, 1, 1 
25628, 1, 1 
52361, 1, 1 
10627, 1, 1 
23308, 1, 1 
55380, 1, 1 
3019, 1, 1 
23056, 1, 1 
52056, 1, 1 
48860, 1, 1 
55855, 1, 1 
9354, 1, 1 
33800, 1, 1 
31640, 1, 1 
43905, 1, 1 
33048, 1, 1 
6052, 1, 1 
28893, 1, 1 
20143, 1, 1 
31245, 1, 1 
48040, 1, 1 
3963, 1, 1 
38487, 1, 1 
9563, 1, 1 
29125, 1, 1 
46046, 1, 1 
31017, 1, 1 
54786, 1, 1 
40664, 1, 1 
9903, 1, 1 
54611, 1, 1 
1085, 1, 1 
4920, 1, 1 
20393, 1, 1 
37955, 1, 1 
13790, 1, 1 
28793, 1, 1 
19265, 1, 1 
8543, 1, 1 
57301, 1, 1 
10922, 1, 1 
26535, 1, 1 
56456, 1, 1 
38164, 1, 1 
27619, 1, 1 
56511, 1, 1 
2094, 1, 1 
2318, 1, 1 
3004, 1, 1 
48454, 1, 1 
34759, 1, 1 
15175, 1, 1 
19731, 1, 1 
33861, 1, 1 
20686, 1, 1 
28191, 1, 1 
5955, 1, 1 
20659, 1, 1 
31264, 1, 1 
3132, 1, 1 
59, 1, 1 
45962, 1, 1 
23142, 1, 1 
5012, 1, 1 
38837, 1, 1 
32741, 1, 1 
58719, 1, 1 
5123, 1, 1 
1607, 1, 1 
41031, 1, 1 
35299, 1, 1 
8451, 1, 1 
57109, 1, 1 
17243, 1, 1 
55601, 1, 1 
12885, 1, 1 
54693, 1, 1 
27821, 1, 1 
56831, 1, 1 
30920, 1, 1 
35436, 1, 1 
24762, 1, 1 
38664, 1, 1 
19070, 1, 1 
22914, 1, 1 
38482, 1, 1 
1597, 1, 1 
5630, 1, 1 
31980, 1, 1 
55279, 1, 1 
34169, 1, 1 
33998, 1, 1 
51483, 1, 1 
6647, 1, 1 
18384, 1, 1 
26263, 1, 1 
18482, 1, 1 
49482, 1, 1 
6209, 1, 1 
7668, 1, 1 
58600, 1, 1 
11679, 1, 1 
49194, 1, 1 
19640, 1, 1 
24329, 1, 1 
32635, 1, 1 
54380, 1, 1 
32756, 1, 1 
54061, 1, 1 
5530, 1, 1 
14154, 1, 1 
56851, 1, 1 
9045, 1, 1 
4010, 1, 1 
52368, 1, 1 
20194, 1, 1 
51397, 1, 1 
27034, 1, 1 
38787, 1, 1 
6318, 1, 1 
39441, 1, 1 
676, 1, 1 
57192, 1, 1 
49355, 1, 1 
19751, 1, 1 
27020, 1, 1 
56081, 1, 1 
29679, 1, 1 
6082, 1, 1 
16228, 1, 1 
2122, 1, 1 
26537, 1, 1 
24209, 1, 1 
10537, 1, 1 
42701, 1, 1 
14021, 1, 1 
15048, 1, 1 
37978, 1, 1 
49099, 1, 1 
366, 1, 1 
25934, 1, 1 
16495, 1, 1 
9856, 1, 1 
2872, 1, 1 
25794, 1, 1 
1425, 1, 1 
1052, 1, 1 
47373, 1, 1 
11440, 1, 1 
36814, 1, 1 
33467, 1, 1 
59114, 1, 1 
20963, 1, 1 
47327, 1, 1 
24930, 1, 1 
56644, 1, 1 
8388, 1, 1 
41723, 1, 1 
57005, 1, 1 
39931, 1, 1 
33175, 1, 1 
44919, 1, 1 
9013, 1, 1 
47055, 1, 1 
2419, 1, 1 
12314, 1, 1 
14234, 1, 1 
22343, 1, 1 
9705, 1, 1 
9130, 1, 1 
9734, 1, 1 
38774, 1, 1 
51509, 1, 1 
42630, 1, 1 
19613, 1, 1 
11262, 1, 1 
37547, 1, 1 
39281, 1, 1 
55142, 1, 1 
52887, 1, 1 
32632, 1, 1 
19305, 1, 1 
27871, 1, 1 
39912, 1, 1 
52965, 1, 1 
2225, 1, 1 
7831, 1, 1 
13510, 1, 1 
35654, 1, 1 
28069, 1, 1 
46893, 1, 1 
30940, 1, 1 
5834, 1, 1 
25805, 1, 1 
16699, 1, 1 
17554, 1, 1 
46058, 1, 1 
30616, 1, 1 
35001, 1, 1 
20094, 1, 1 
4657, 1, 1 
6822, 1, 1 
3546, 1, 1 
4412, 1, 1 
9902, 1, 1 
47035, 1, 1 
32353, 1, 1 
38860, 1, 1 
3212, 1, 1 
48131, 1, 1 
5864, 1, 1 
16872, 1, 1 
39554, 1, 1 
57069, 1, 1 
14575, 1, 1 
12930, 1, 1 
51767, 1, 1 
11236, 1, 1 
19517, 1, 1 
11968, 1, 1 
21171, 1, 1 
53662, 1, 1 
9415, 1, 1 
58610, 1, 1 
1496, 1, 1 
36240, 1, 1 
47830, 1, 1 
4722, 2, 2 
27673, 2, 2 
50496, 2, 2 
53343, 2, 2 
6642, 2, 2 
32991, 2, 2 
31267, 2, 2 
814, 2, 2 
58215, 2, 2 
26157, 2, 2 
28155, 2, 2 
4701, 2, 2 
7706, 2, 2 
47965, 2, 2 
59721, 2, 2 
25139, 2, 2 
50441, 2, 2 
54424, 2, 2 
31696, 2, 2 
3965, 2, 2 
36979, 2, 2 
3536, 2, 2 
34256, 2, 2 
45998, 2, 2 
50335, 2, 2 
27535, 2, 2 
40388, 2, 2 
58644, 2, 2 
40956, 2, 2 
45929, 2, 2 
37440, 2, 2 
38356, 2, 2 
32057, 2, 2 
42472, 2, 2 
16200, 2, 2 
13613, 2, 2 
34864, 2, 2 
26821, 2, 2 
14465, 2, 2 
42810, 2, 2 
36949, 2, 2 
18038, 2, 2 
50287, 2, 2 
56372, 2, 2 
5076, 2, 2 
29071, 2, 2 
57270, 2, 2 
58638, 2, 2 
41074, 2, 2 
47223, 2, 2 
23957, 2, 2 
20595, 2, 2 
35691, 2, 2 
28844, 2, 2 
35235, 2, 2 
40900, 2, 2 
28631, 2, 2 
45638, 2, 2 
34961, 2, 2 
8609, 2, 2 
22249, 2, 2 
18230, 2, 2 
26875, 2, 2 
32792, 2, 2 
42726, 2, 2 
50290, 2, 2 
1478, 2, 2 
25069, 2, 2 
38036, 2, 2 
7758, 2, 2 
32081, 2, 2 
21009, 2, 2 
55202, 2, 2 
25991, 2, 2 
56665, 2, 2 
6948, 2, 2 
44334, 2, 2 
15005, 2, 2 
56691, 2, 2 
31617, 2, 2 
56355, 2, 2 
20268, 2, 2 
16707, 2, 2 
15272, 2, 2 
45500, 2, 2 
3989, 2, 2 
47508, 2, 2 
57096, 2, 2 
45464, 2, 2 
3791, 2, 2 
59667, 2, 2 
26468, 2, 2 
42142, 2, 2 
40119, 2, 2 
19152, 2, 2 
13310, 2, 2 
190, 2, 2 
37526, 2, 2 
34113, 2, 2 
23625, 2, 2 
55655, 2, 2 
19694, 2, 2 
44520, 2, 2 
57588, 2, 2 
45584, 2, 2 
35974, 2, 2 
22391, 2, 2 
4005, 2, 2 
48294, 2, 2 
43176, 2, 2 
59621, 2, 2 
42513, 2, 2 
19505, 2, 2 
1888, 2, 2 
14996, 2, 2 
52358, 2, 2 
27643, 2, 2 
16472, 2, 2 
8905, 2, 2 
1900, 2, 2 
58962, 2, 2 
42496, 2, 2 
37696, 2, 2 
20242, 2, 2 
42394, 2, 2 
44828, 2, 2 
29611, 2, 2 
35279, 2, 2 
30881, 2, 2 
5908, 2, 2 
35215, 2, 2 
7614, 2, 2 
49067, 2, 2 
59675, 2, 2 
11600, 2, 2 
40592, 2, 2 
28684, 2, 2 
8784, 2, 2 
12858, 2, 2 
18684, 2, 2 
17110, 2, 2 
31665, 2, 2 
48820, 2, 2 
16650, 2, 2 
24116, 2, 2 
41255, 2, 2 
5345, 2, 2 
11147, 2, 2 
13694, 2, 2 
49976, 2, 2 
11458, 2, 2 
7107, 2, 2 
8841, 2, 2 
10739, 2, 2 
34650, 2, 2 
14373, 2, 2 
52083, 2, 2 
49408, 2, 2 
56088, 2, 2 
41189, 2, 2 
37941, 2, 2 
26927, 2, 2 
56065, 2, 2 
19191, 2, 2 
12916, 2, 2 
36998, 2, 2 
15295, 2, 2 
54277, 2, 2 
24491, 2, 2 
31216, 2, 2 
48334, 2, 2 
40498, 2, 2 
55040, 2, 2 
36133, 2, 2 
54765, 2, 2 
3627, 2, 2 
40513, 2, 2 
40120, 2, 2 
38339, 2, 2 
57139, 2, 2 
3836, 2, 2 
43689, 2, 2 
41204, 2, 2 
24674, 2, 2 
43371, 2, 2 
2959, 2, 2 
53963, 2, 2 
2205, 2, 2 
39592, 2, 2 
55952, 2, 2 
51719, 2, 2 
1140, 2, 2 
21804, 2, 2 
30710, 2, 2 
391, 2, 2 
49475, 2, 2 
41438, 2, 2 
22712, 2, 2 
14084, 2, 2 
713, 2, 2 
2738, 2, 2 
46656, 2, 2 
24513, 2, 2 
41668, 2, 2 
13585, 2, 2 
56040, 2, 2 
51660, 2, 2 
26907, 2, 2 
52456, 2, 2 
37083, 2, 2 
15510, 2, 2 
46921, 2, 2 
55542, 2, 2 
46574, 2, 2 
29967, 2, 2 
58135, 2, 2 
57358, 2, 2 
18922, 2, 2 
35572, 2, 2 
49314, 2, 2 
16198, 2, 2 
46386, 2, 2 
4469, 2, 2 
1447, 2, 2 
23039, 2, 2 
6899, 2, 2 
262, 2, 2 
15948, 2, 2 
12447, 2, 2 
2748, 2, 2 
32008, 2, 2 
49873, 2, 2 
26690, 2, 2 
23503, 2, 2 
11251, 2, 2 
10411, 2, 2 
23114, 2, 2 
10723, 2, 2 
24517, 2, 2 
41348, 2, 2 
56175, 2, 2 
16952, 2, 2 
12598, 2, 2 
18526, 2, 2 
28050, 2, 2 
7072, 2, 2 
43113, 2, 2 
20179, 2, 2 
32856, 2, 2 
39470, 2, 2 
50478, 2, 2 
53138, 2, 2 
34253, 2, 2 
17836, 2, 2 
47171, 2, 2 
9721, 2, 2 
9484, 2, 2 
56222, 2, 2 
15205, 2, 2 
15016, 2, 2 
58441, 2, 2 
82, 2, 2 
49781, 2, 2 
25185, 2, 2 
33819, 2, 2 
49778, 2, 2 
24803, 2, 2 
49189, 2, 2 
29408, 2, 2 
45620, 2, 2 
46867, 2, 2 
40445, 2, 2 
38530, 2, 2 
29698, 2, 2 
23491, 2, 2 
13693, 2, 2 
17992, 2, 2 
29717, 2, 2 
47113, 2, 2 
13452, 2, 2 
45932, 2, 2 
37020, 2, 2 
30860, 2, 2 
16183, 2, 2 
59983, 2, 2 
7933, 2, 2 
20695, 2, 2 
26434, 2, 2 
4016, 2, 2 
35509, 2, 2 
10075, 2, 2 
5104, 2, 2 
26718, 2, 2 
26075, 2, 2 
8277, 2, 2 
45378, 2, 2 
2648, 2, 2 
18139, 2, 2 
54297, 2, 2 
3880, 2, 2 
47102, 2, 2 
9186, 2, 2 
7082, 2, 2 
57506, 2, 2 
35457, 2, 2 
20515, 2, 2 
7242, 2, 2 
46593, 2, 2 
16857, 2, 2 
19545, 2, 2 
28787, 2, 2 
19321, 2, 2 
44371, 2, 2 
558, 2, 2 
19524, 2, 2 
31281, 2, 2 
38924, 2, 2 
38417, 2, 2 
53340, 2, 2 
45889, 2, 2 
38430, 2, 2 
3341, 2, 2 
42310, 2, 2 
38509, 2, 2 
10200, 2, 2 
40968, 2, 2 
13374, 2, 2 
35104, 2, 2 
52647, 2, 2 
37469, 2, 9 
56473, 2, 2 
17046, 2, 2 
43513, 2, 2 
59974, 2, 2 
45149, 2, 2 
3042, 2, 2 
14113, 2, 2 
7005, 2, 2 
59444, 2, 2 
28744, 2, 2 
2022, 2, 2 
5706, 2, 2 
12461, 2, 8 
27252, 2, 2 
49643, 2, 2 
854, 2, 9 
6377, 2, 2 
25281, 2, 2 
46288, 2, 2 
20568, 2, 2 
9479, 2, 2 
58841, 2, 2 
7920, 2, 2 
19432, 2, 2 
13612, 2, 2 
35483, 2, 2 
13138, 2, 2 
16351, 2, 2 
28324, 2, 2 
35071, 2, 2 
10620, 2, 2 
53266, 2, 2 
21121, 2, 2 
33698, 2, 2 
29005, 2, 2 
18110, 2, 2 
59009, 2, 2 
32065, 2, 2 
26146, 2, 2 
35110, 2, 2 
24229, 2, 2 
646, 2, 2 
2565, 2, 2 
21330, 2, 2 
813, 2, 2 
26850, 2, 2 
4212, 2, 2 
43674, 2, 2 
16627, 2, 2 
10920, 2, 2 
20831, 2, 2 
12859, 2, 2 
18198, 2, 2 
36662, 2, 2 
28078, 2, 2 
47743, 2, 2 
42535, 2, 2 
37942, 2, 2 
21251, 2, 2 
3444, 2, 2 
938, 2, 2 
19508, 2, 2 
12243, 2, 2 
59489, 2, 2 
44209, 2, 2 
59093, 2, 2 
11243, 2, 2 
46028, 2, 2 
54456, 2, 2 
674, 2, 2 
6771, 2, 2 
53862, 2, 2 
30655, 2, 2 
25459, 2, 2 
25854, 2, 2 
41121, 2, 2 
44149, 2, 2 
11961, 2, 2 
11648, 2, 2 
38427, 2, 2 
59896, 2, 2 
59222, 2, 2 
56514, 2, 2 
23117, 2, 2 
58476, 2, 2 
49430, 2, 2 
42805, 2, 2 
46002, 2, 2 
9939, 2, 2 
1894, 2, 2 
12551, 2, 2 
4706, 2, 2 
52251, 2, 2 
31873, 2, 2 
59188, 2, 2 
20165, 2, 2 
36460, 2, 2 
6386, 2, 2 
20944, 2, 2 
36833, 2, 2 
42830, 2, 2 
42821, 2, 2 
55129, 2, 2 
53819, 2, 2 
10279, 2, 2 
47448, 2, 2 
21324, 2, 2 
41421, 2, 2 
59007, 2, 2 
26658, 2, 2 
36170, 2, 2 
16361, 2, 2 
2261, 2, 2 
45306, 2, 2 
33090, 2, 2 
3134, 2, 2 
17115, 2, 2 
9658, 2, 2 
23578, 2, 2 
6039, 2, 2 
43124, 2, 2 
43854, 2, 2 
15994, 2, 2 
31056, 2, 2 
2518, 2, 2 
31947, 2, 2 
50475, 2, 2 
10825, 2, 2 
45430, 2, 2 
4442, 2, 2 
8229, 2, 2 
34441, 2, 2 
38692, 2, 2 
47378, 2, 2 
47603, 2, 2 
52987, 2, 2 
42654, 2, 2 
5790, 2, 2 
14163, 2, 2 
48356, 2, 2 
23520, 2, 2 
33662, 2, 2 
22861, 2, 2 
34717, 2, 2 
45096, 2, 2 
15905, 2, 2 
4717, 2, 2 
54541, 2, 2 
42538, 2, 2 
52099, 2, 2 
43850, 2, 2 
32650, 2, 2 
26533, 2, 2 
37588, 2, 2 
6637, 2, 2 
2073, 2, 2 
51748, 2, 2 
45133, 2, 2 
58137, 2, 2 
9627, 2, 2 
28882, 2, 2 
35090, 2, 2 
58452, 2, 2 
42982, 2, 2 
28872, 2, 2 
5151, 2, 2 
36600, 2, 2 
54078, 2, 2 
37812, 2, 2 
24982, 2, 2 
49230, 3, 3 
4250, 3, 3 
57172, 3, 3 
49814, 3, 3 
46098, 3, 3 
23298, 3, 3 
22460, 3, 3 
8246, 3, 3 
45809, 3, 3 
6118, 3, 3 
34203, 3, 3 
7030, 3, 3 
2886, 3, 3 
32799, 3, 3 
56654, 3, 3 
3048, 3, 3 
26866, 3, 3 
25949, 3, 3 
58640, 3, 3 
16503, 3, 3 
56645, 3, 3 
19445, 3, 3 
27644, 3, 3 
40375, 3, 3 
31988, 3, 3 
29270, 3, 3 
9053, 3, 3 
22366, 3, 3 
57426, 3, 3 
43672, 3, 3 
8360, 3, 3 
53560, 3, 3 
1971, 3, 3 
53482, 3, 3 
58410, 3, 3 
33009, 3, 3 
29765, 3, 3 
670, 3, 3 
26715, 3, 3 
53875, 3, 3 
250, 3, 3 
49648, 3, 3 
49137, 3, 3 
20738, 3, 3 
4583, 3, 3 
49147, 3, 3 
47643, 3, 3 
47352, 3, 3 
5379, 3, 3 
26127, 3, 3 
56871, 3, 3 
40763, 3, 3 
33969, 3, 3 
3674, 3, 3 
28343, 3, 3 
19675, 3, 3 
41143, 3, 3 
51675, 3, 3 
43943, 3, 3 
36511, 3, 3 
52116, 3, 3 
11874, 3, 3 
38507, 3, 3 
30386, 3, 3 
34736, 3, 3 
38593, 3, 3 
22293, 3, 3 
23202, 3, 3 
22625, 3, 3 
8094, 3, 3 
10052, 3, 3 
2818, 3, 3 
53889, 3, 3 
11999, 3, 3 
7745, 3, 3 
39359, 3, 3 
53048, 3, 3 
21038, 3, 3 
10031, 3, 3 
36018, 3, 3 
33240, 3, 3 
136, 3, 3 
1244, 3, 9 
57863, 3, 3 
59242, 3, 3 
14350, 3, 3 
9864, 3, 3 
32422, 3, 3 
975, 3, 3 
10453, 3, 3 
26433, 3, 3 
58399, 3, 3 
50470, 3, 3 
56817, 3, 3 
2098, 3, 7 
55071, 3, 3 
39595, 3, 3 
36802, 3, 3 
34629, 3, 3 
41491, 3, 3 
31636, 3, 3 
47469, 3, 3 
46525, 3, 3 
34120, 3, 3 
24400, 3, 3 
25509, 3, 3 
50995, 3, 3 
53083, 3, 3 
27675, 3, 3 
40463, 3, 3 
19695, 3, 3 
8406, 3, 3 
1378, 3, 3 
5923, 3, 3 
55858, 3, 3 
52098, 3, 3 
43209, 3, 3 
57308, 3, 3 
25245, 3, 3 
18542, 3, 3 
5186, 3, 3 
17929, 3, 3 
40202, 3, 3 
34712, 3, 3 
42669, 3, 3 
50265, 3, 3 
11034, 3, 3 
41619, 3, 3 
23877, 3, 3 
53283, 3, 3 
32539, 3, 3 
50007, 3, 3 
56528, 3, 3 
5702, 3, 3 
59168, 3, 3 
32299, 3, 3 
43435, 3, 3 
42432, 3, 3 
43298, 3, 3 
35568, 3, 3 
31811, 3, 3 
43883, 3, 3 
31136, 3, 3 
14636, 3, 3 
52601, 3, 3 
30002, 3, 3 
43730, 3, 3 
40384, 3, 3 
44497, 3, 3 
36623, 3, 3 
58431, 3, 3 
56616, 3, 3 
15443, 3, 3 
21726, 3, 3 
54249, 3, 3 
58333, 3, 3 
18030, 3, 3 
38990, 3, 3 
17077, 3, 3 
54735, 3, 3 
58067, 3, 3 
44380, 3, 3 
44540, 3, 3 
13141, 3, 3 
34793, 3, 3 
58525, 3, 3 
35979, 3, 3 
6856, 3, 3 
2603, 3, 3 
808, 3, 3 
48396, 3, 3 
30915, 3, 3 
14352, 3, 3 
46138, 3, 3 
15080, 3, 3 
49868, 3, 3 
28107, 3, 3 
43196, 3, 3 
1097, 3, 3 
19386, 3, 3 
32764, 3, 3 
37927, 3, 3 
58183, 3, 3 
14765, 3, 3 
18527, 3, 3 
57766, 3, 3 
45699, 3, 3 
25695, 3, 3 
24989, 3, 3 
5616, 3, 3 
47946, 3, 3 
54953, 3, 3 
20362, 3, 3 
27423, 3, 3 
15980, 3, 3 
29613, 3, 3 
21938, 3, 3 
42117, 3, 3 
55472, 3, 3 
3471, 3, 3 
6048, 3, 3 
18812, 3, 3 
21815, 3, 3 
56474, 3, 3 
8941, 3, 3 
33970, 3, 3 
10042, 3, 3 
45759, 3, 3 
57492, 3, 3 
7556, 3, 3 
56738, 3, 3 
43782, 3, 3 
31748, 3, 2 
29224, 3, 3 
12274, 3, 3 
6489, 3, 3 
28075, 3, 3 
8425, 3, 3 
26651, 3, 3 
50337, 3, 3 
8227, 3, 3 
47426, 3, 3 
49404, 3, 3 
57635, 3, 3 
50374, 3, 3 
8693, 3, 3 
30774, 3, 3 
19758, 3, 3 
40205, 3, 3 
32227, 3, 3 
52455, 3, 3 
52014, 3, 3 
25454, 3, 3 
32975, 3, 3 
23322, 3, 3 
15292, 3, 3 
32933, 3, 3 
12702, 3, 9 
43552, 3, 3 
20430, 3, 3 
25630, 3, 3 
26981, 3, 3 
25993, 3, 3 
50809, 3, 3 
25078, 3, 3 
55628, 3, 3 
48922, 3, 3 
55737, 3, 3 
6516, 3, 3 
28263, 3, 3 
43100, 3, 3 
33049, 3, 3 
31610, 3, 3 
17242, 3, 3 
51617, 3, 3 
48930, 3, 9 
47424, 3, 3 
54127, 3, 3 
8765, 3, 3 
49673, 3, 3 
34995, 3, 3 
6945, 3, 3 
14674, 3, 3 
45878, 3, 3 
34659, 3, 3 
24386, 3, 3 
57651, 3, 3 
30754, 3, 3 
30645, 3, 3 
15990, 3, 3 
24219, 3, 3 
38199, 3, 3 
17026, 3, 3 
7483, 3, 3 
28796, 3, 3 
16291, 3, 3 
54191, 3, 3 
33002, 3, 3 
20937, 3, 3 
207, 3, 3 
4762, 3, 3 
4719, 3, 3 
10644, 3, 3 
14883, 3, 3 
35058, 3, 3 
13824, 3, 3 
34461, 3, 3 
58328, 3, 3 
55649, 3, 3 
38321, 3, 3 
11524, 3, 3 
41007, 3, 3 
17699, 3, 3 
34396, 3, 3 
47795, 3, 3 
24196, 3, 3 
16676, 3, 3 
57401, 3, 3 
50975, 3, 3 
6427, 3, 3 
12094, 3, 3 
4658, 3, 3 
26671, 3, 3 
35814, 3, 3 
45008, 3, 3 
50372, 3, 3 
17038, 3, 3 
19601, 3, 3 
57568, 3, 3 
36957, 3, 3 
54073, 3, 3 
21278, 3, 3 
53547, 3, 3 
25996, 3, 3 
10666, 3, 3 
47676, 3, 3 
42178, 3, 3 
20347, 3, 3 
38383, 3, 3 
57195, 3, 3 
18240, 3, 3 
55017, 3, 3 
24531, 3, 3 
46247, 3, 8 
1870, 3, 3 
37013, 3, 3 
7263, 3, 3 
17208, 3, 3 
59769, 3, 3 
39704, 3, 3 
47975, 3, 3 
59652, 3, 3 
59870, 3, 3 
35043, 3, 3 
4342, 3, 3 
39768, 3, 3 
55845, 3, 3 
4581, 3, 3 
24017, 3, 3 
14488, 3, 3 
18059, 3, 3 
50412, 3, 3 
27478, 3, 3 
21179, 3, 3 
55866, 3, 3 
27899, 3, 3 
35407, 3, 3 
20147, 3, 3 
29701, 3, 3 
58664, 3, 3 
56574, 3, 3 
33583, 3, 3 
9482, 3, 3 
30897, 3, 3 
3824, 3, 3 
56321, 3, 3 
16657, 3, 3 
12463, 3, 3 
37729, 3, 3 
57166, 3, 3 
49269, 3, 3 
25222, 3, 3 
34710, 3, 3 
2707, 3, 3 
4490, 3, 3 
33845, 3, 3 
32106, 3, 3 
38712, 3, 3 
33607, 3, 3 
10696, 3, 3 
35249, 3, 3 
4223, 3, 3 
21714, 3, 3 
54296, 3, 3 
7675, 3, 3 
52936, 3, 3 
9380, 3, 3 
42823, 3, 3 
7339, 3, 3 
18915, 3, 3 
47925, 3, 3 
47803, 3, 3 
53376, 3, 3 
840, 3, 3 
17257, 3, 3 
16626, 3, 3 
19230, 3, 3 
40517, 3, 3 
33299, 3, 3 
36471, 3, 3 
28571, 3, 3 
55231, 3, 3 
29800, 3, 3 
20213, 3, 3 
3941, 3, 3 
29231, 3, 3 
17629, 3, 3 
51474, 3, 3 
20121, 3, 3 
17766, 3, 3 
34898, 3, 3 
29504, 3, 3 
6440, 3, 3 
30591, 3, 3 
17676, 3, 3 
5753, 3, 3 
8976, 3, 3 
57009, 3, 3 
4373, 3, 3 
11958, 3, 3 
47749, 3, 3 
54436, 3, 3 
53231, 3, 3 
10161, 3, 3 
33763, 3, 3 
48849, 3, 3 
46079, 3, 3 
29913, 3, 3 
57594, 3, 3 
37855, 3, 3 
28536, 3, 3 
38991, 3, 3 
48806, 3, 3 
19063, 3, 3 
4632, 3, 3 
17810, 3, 3 
13288, 3, 3 
24281, 3, 3 
4694, 3, 3 
28633, 3, 3 
19941, 3, 3 
51038, 3, 3 
8200, 3, 9 
31178, 3, 3 
33412, 3, 8 
21487, 3, 3 
49841, 3, 3 
49556, 3, 3 
6251, 3, 3 
47245, 3, 3 
53252, 3, 3 
25094, 3, 3 
45275, 3, 3 
32688, 3, 3 
3810, 3, 3 
52773, 3, 3 
33633, 3, 3 
53975, 3, 3 
29608, 3, 3 
56225, 3, 3 
8888, 3, 3 
40256, 3, 3 
12100, 3, 3 
24770, 3, 3 
55488, 3, 3 
51106, 3, 3 
44426, 3, 3 
37627, 3, 3 
15544, 3, 3 
9363, 3, 3 
54856, 3, 3 
30611, 3, 3 
54622, 3, 3 
26084, 3, 3 
42505, 3, 3 
15251, 3, 3 
19348, 3, 3 
12350, 3, 3 
3656, 3, 3 
5152, 3, 3 
54704, 3, 3 
23357, 3, 3 
47970, 3, 3 
11467, 3, 3 
44312, 3, 3 
10865, 3, 3 
50087, 3, 3 
42201, 3, 3 
1981, 3, 3 
47361, 3, 3 
7915, 3, 3 
59535, 3, 3 
12836, 3, 2 
4235, 3, 3 
43853, 3, 3 
51054, 3, 3 
24733, 3, 3 
45327, 3, 3 
14548, 3, 3 
4996, 3, 3 
4461, 3, 3 
3923, 3, 3 
18274, 3, 3 
26909, 3, 3 
59471, 3, 3 
6216, 3, 3 
9516, 3, 3 
13134, 3, 3 
37827, 3, 3 
26831, 3, 3 
11709, 4, 4 
804, 4, 4 
58980, 4, 4 
31761, 4, 4 
10960, 4, 4 
39943, 4, 4 
44086, 4, 4 
39891, 4, 4 
44459, 4, 4 
44405, 4, 4 
51693, 4, 4 
7677, 4, 4 
42781, 4, 4 
47607, 4, 4 
31728, 4, 4 
51351, 4, 4 
29566, 4, 4 
36938, 4, 4 
20897, 4, 4 
49692, 4, 4 
38011, 4, 4 
34809, 4, 4 
35335, 4, 4 
31317, 4, 4 
35951, 4, 4 
37961, 4, 4 
10262, 4, 4 
1628, 4, 4 
30835, 4, 4 
35098, 4, 4 
10850, 4, 4 
275, 4, 4 
380, 4, 4 
58151, 4, 4 
48252, 4, 4 
34424, 4, 4 
55320, 4, 4 
12102, 4, 4 
54657, 4, 4 
28225, 4, 4 
4837, 4, 4 
44345, 4, 4 
2277, 4, 4 
13766, 4, 4 
48000, 4, 4 
5406, 4, 4 
42239, 4, 4 
19032, 4, 4 
56316, 4, 4 
25558, 4, 4 
17020, 4, 4 
5989, 4, 4 
45485, 4, 4 
14296, 4, 4 
23121, 4, 4 
56723, 4, 4 
36097, 4, 4 
40885, 4, 4 
22885, 4, 4 
18512, 4, 4 
38301, 4, 4 
9586, 4, 4 
24734, 4, 4 
1580, 4, 9 
47627, 4, 4 
44860, 4, 4 
3417, 4, 4 
30876, 4, 4 
29721, 4, 4 
32458, 4, 4 
36548, 4, 4 
31860, 4, 4 
43835, 4, 4 
45611, 4, 4 
7725, 4, 4 
22865, 4, 4 
59386, 4, 4 
24109, 4, 4 
17231, 4, 4 
29135, 4, 4 
27437, 4, 4 
41714, 4, 4 
7399, 4, 4 
16719, 4, 4 
42377, 4, 4 
22403, 4, 4 
6716, 4, 4 
9108, 4, 4 
55085, 4, 4 
54814, 4, 4 
23406, 4, 4 
15615, 4, 4 
44342, 4, 4 
18185, 4, 4 
41921, 4, 4 
59743, 4, 4 
26494, 4, 4 
52274, 4, 4 
50388, 4, 4 
34027, 4, 4 
6336, 4, 4 
7285, 4, 4 
25170, 4, 4 
2334, 4, 4 
50841, 4, 4 
3978, 4, 4 
2392, 4, 4 
26458, 4, 9 
25653, 4, 4 
40094, 4, 4 
54742, 4, 4 
31025, 4, 4 
11981, 4, 4 
36817, 4, 4 
10459, 4, 4 
34784, 4, 4 
43832, 4, 4 
50089, 4, 4 
53582, 4, 4 
13252, 4, 4 
7726, 4, 4 
30321, 4, 4 
19055, 4, 4 
36584, 4, 4 
23272, 4, 4 
11283, 4, 4 
30016, 4, 4 
50090, 4, 4 
8695, 4, 4 
42711, 4, 4 
54807, 4, 4 
47541, 4, 4 
20651, 4, 4 
21491, 4, 4 
49850, 4, 4 
31484, 4, 4 
57934, 4, 4 
24258, 4, 4 
25772, 4, 4 
14036, 4, 4 
42425, 4, 4 
21828, 4, 4 
27809, 4, 4 
56564, 4, 4 
22676, 4, 4 
19531, 4, 4 
742, 4, 4 
21743, 4, 4 
9189, 4, 4 
1261, 4, 4 
17730, 4, 4 
56496, 4, 4 
58813, 4, 4 
47293, 4, 4 
3370, 4, 4 
44110, 4, 4 
5450, 4, 4 
46367, 4, 4 
31790, 4, 4 
7489, 4, 4 
56258, 4, 4 
13943, 4, 4 
51657, 4, 4 
40919, 4, 4 
29942, 4, 4 
14976, 4, 9 
16214, 4, 4 
22677, 4, 4 
13868, 4, 4 
52566, 4, 4 
2443, 4, 4 
7955, 4, 4 
44960, 4, 4 
36191, 4, 4 
28290, 4, 4 
14781, 4, 4 
6536, 4, 4 
33761, 4, 4 
13419, 4, 4 
1487, 4, 4 
4874, 4, 4 
27308, 4, 4 
28980, 4, 4 
12194, 4, 4 
52572, 4, 4 
46622, 4, 4 
7152, 4, 4 
26105, 4, 4 
11512, 4, 4 
53307, 4, 4 
34346, 4, 4 
33925, 4, 4 
36759, 4, 4 
10350, 4, 4 
50427, 4, 4 
25479, 4, 4 
1473, 4, 4 
40285, 4, 4 
56059, 4, 4 
15310, 4, 4 
57892, 4, 4 
39743, 4, 4 
2181, 4, 4 
9573, 4, 4 
57950, 4, 4 
8842, 4, 4 
15180, 4, 4 
17281, 4, 4 
17276, 4, 4 
48282, 4, 4 
1094, 4, 4 
19840, 4, 4 
59893, 4, 4 
34144, 4, 4 
33204, 4, 4 
32301, 4, 4 
53130, 4, 4 
4318, 4, 4 
42302, 4, 4 
59809, 4, 4 
44356, 4, 4 
35879, 4, 4 
4707, 4, 4 
5796, 4, 4 
21837, 4, 4 
26, 4, 4 
51225, 4, 4 
38147, 4, 4 
49513, 4, 4 
40933, 4, 4 
46503, 4, 4 
15023, 4, 4 
4954, 4, 4 
35461, 4, 4 
13271, 4, 4 
21119, 4, 4 
25176, 4, 4 
8890, 4, 4 
53295, 4, 4 
53738, 4, 4 
53192, 4, 4 
25114, 4, 4 
17991, 4, 4 
3716, 4, 4 
23580, 4, 4 
51838, 4, 4 
47589, 4, 4 
48418, 4, 4 
12267, 4, 4 
4075, 4, 4 
10212, 4, 4 
43433, 4, 4 
13128, 4, 4 
51449, 4, 4 
17862, 4, 4 
28747, 4, 4 
30243, 4, 4 
53990, 4, 4 
56808, 4, 4 
52920, 4, 4 
30830, 4, 4 
56190, 4, 4 
32182, 4, 4 
24295, 4, 4 
24174, 4, 4 
29252, 4, 9 
19700, 4, 4 
11578, 4, 4 
39894, 4, 4 
28948, 4, 4 
31692, 4, 4 
14788, 4, 4 
25380, 4, 4 
8944, 4, 4 
28096, 4, 4 
32976, 4, 4 
14496, 4, 4 
5091, 4, 4 
55776, 4, 4 
4538, 4, 4 
54007, 4, 4 
19161, 4, 4 
22747, 4, 4 
50846, 4, 4 
20211, 4, 4 
32498, 4, 4 
33708, 4, 4 
27196, 4, 4 
17823, 4, 4 
29561, 4, 4 
16807, 4, 4 
2185, 4, 4 
10209, 4, 4 
45137, 4, 4 
31315, 4, 4 
38852, 4, 4 
56856, 4, 4 
32448, 4, 4 
36339, 4, 4 
30108, 4, 4 
10812, 4, 4 
47518, 4, 4 
16312, 4, 4 
45788, 4, 4 
36897, 4, 4 
7526, 4, 4 
34430, 4, 9 
34810, 4, 4 
50450, 4, 4 
40164, 4, 4 
19922, 4, 4 
16566, 4, 4 
35624, 4, 4 
16929, 4, 4 
20251, 4, 4 
29922, 4, 4 
11690, 4, 4 
38316, 4, 4 
25884, 4, 4 
41125, 4, 4 
53713, 4, 4 
21472, 4, 4 
58400, 4, 4 
55684, 4, 4 
36226, 4, 4 
41580, 4, 4 
35392, 4, 4 
9940, 4, 4 
30447, 4, 4 
45915, 4, 4 
18854, 4, 4 
43022, 4, 4 
51076, 4, 4 
9190, 4, 4 
32178, 4, 4 
25218, 4, 4 
8281, 4, 4 
6049, 4, 4 
32469, 4, 4 
53693, 4, 4 
34249, 4, 4 
52729, 4, 4 
32798, 4, 4 
39123, 4, 4 
31583, 4, 4 
1744, 4, 4 
16942, 4, 4 
32499, 4, 4 
16387, 4, 4 
32661, 4, 4 
6890, 4, 4 
49629, 4, 4 
36336, 4, 4 
5111, 4, 4 
3436, 4, 4 
50879, 4, 4 
39636, 4, 4 
1253, 4, 4 
40970, 4, 4 
27129, 4, 4 
46472, 4, 4 
23595, 4, 4 
2451, 4, 4 
52243, 4, 4 
43612, 4, 4 
12055, 4, 4 
53649, 4, 4 
20074, 4, 4 
57382, 4, 4 
58797, 4, 4 
43228, 4, 4 
19026, 4, 4 
54991, 4, 4 
58210, 4, 4 
2361, 4, 4 
46164, 4, 4 
37248, 4, 4 
32802, 4, 4 
26035, 4, 4 
16399, 4, 4 
13451, 4, 4 
26725, 4, 4 
22028, 4, 4 
20056, 4, 4 
51018, 4, 4 
8341, 4, 4 
44765, 4, 4 
54109, 4, 4 
9388, 4, 4 
40621, 4, 4 
7914, 4, 4 
6314, 4, 4 
338, 4, 4 
16155, 4, 4 
41298, 4, 4 
30458, 4, 4 
41845, 4, 4 
49874, 4, 4 
36970, 4, 4 
35258, 4, 4 
57857, 4, 4 
49289, 4, 4 
15179, 4, 4 
8995, 4, 4 
26567, 4, 4 
21140, 4, 4 
3455, 4, 4 
56893, 4, 4 
45148, 4, 4 
55328, 4, 4 
19281, 4, 4 
22242, 4, 4 
5960, 4, 4 
54617, 4, 4 
17576, 4, 4 
31776, 4, 4 
45950, 4, 4 
2542, 4, 4 
25100, 4, 4 
3352, 4, 4 
54745, 4, 4 
22355, 4, 4 
17415, 4, 4 
17949, 4, 4 
50183, 4, 4 
3092, 4, 4 
36742, 4, 4 
51337, 4, 4 
14176, 4, 4 
5122, 4, 4 
1565, 4, 4 
14542, 4, 4 
39720, 4, 4 
33882, 4, 4 
56080, 4, 4 
48286, 4, 4 
18008, 4, 4 
1498, 4, 4 
46234, 4, 4 
45815, 4, 4 
28022, 4, 4 
58023, 4, 4 
23435, 4, 4 
10371, 4, 4 
3350, 4, 4 
12595, 4, 4 
4035, 4, 4 
2490, 4, 4 
45507, 4, 4 
3990, 4, 4 
22838, 4, 4 
34756, 4, 4 
57443, 4, 4 
30180, 4, 4 
22394, 4, 4 
40361, 4, 4 
15821, 4, 4 
29703, 4, 4 
56853, 4, 4 
41724, 4, 4 
24113, 4, 4 
14695, 4, 4 
52988, 4, 4 
18937, 4, 4 
8207, 4, 4 
58380, 4, 4 
48764, 4, 4 
21940, 4, 4 
33306, 4, 4 
22786, 4, 4 
18501, 4, 4 
41780, 4, 4 
10997, 4, 4 
12538, 4, 4 
46460, 4, 4 
3074, 4, 4 
50844, 4, 4 
55037, 4, 4 
35183, 4, 4 
50152, 4, 4 
49050, 4, 4 
15682, 4, 4 
49196, 4, 4 
25995, 4, 9 
39525, 4, 4 
17926, 4, 4 
4205, 4, 4 
39680, 4, 4 
12458, 4, 4 
31601, 4, 4 
6009, 4, 4 
54936, 4, 4 
40493, 4, 4 
50014, 4, 4 
23014, 4, 4 
28164, 4, 4 
30121, 4, 4 
54686, 4, 4 
56799, 4, 4 
6996, 4, 4 
42267, 5, 5 
7260, 5, 5 
1690, 5, 5 
38345, 5, 5 
47107, 5, 5 
22846, 5, 5 
56711, 5, 5 
56663, 5, 5 
12087, 5, 5 
50540, 5, 5 
51107, 5, 5 
3972, 5, 5 
51659, 5, 5 
10891, 5, 5 
18934, 5, 5 
27062, 5, 5 
55910, 5, 5 
42554, 5, 5 
39539, 5, 5 
59160, 5, 5 
53408, 5, 5 
23252, 5, 5 
38577, 5, 5 
17886, 5, 5 
56045, 5, 5 
41127, 5, 5 
45160, 5, 5 
34473, 5, 5 
11118, 5, 5 
33033, 5, 5 
13988, 5, 5 
33077, 5, 5 
22380, 5, 5 
44099, 5, 5 
25177, 5, 5 
47016, 5, 5 
11064, 5, 5 
1615, 5, 5 
9814, 5, 5 
51718, 5, 5 
25457, 5, 5 
635, 5, 2 
28271, 5, 5 
46996, 5, 5 
36663, 5, 5 
29316, 5, 5 
46713, 5, 5 
19994, 5, 5 
35976, 5, 5 
16910, 5, 5 
14195, 5, 5 
44235, 5, 5 
29790, 5, 5 
5109, 5, 5 
31520, 5, 5 
35535, 5, 5 
41314, 5, 5 
15232, 5, 5 
719, 5, 5 
12157, 5, 5 
12821, 5, 5 
10280, 5, 5 
27408, 5, 5 
21027, 5, 5 
26876, 5, 5 
26211, 5, 5 
51072, 5, 5 
59411, 5, 5 
4475, 5, 5 
43289, 5, 5 
14106, 5, 5 
57510, 5, 5 
59234, 5, 5 
11477, 5, 5 
45012, 5, 5 
20034, 5, 5 
41072, 5, 5 
1929, 5, 5 
38433, 5, 5 
35133, 5, 5 
32707, 5, 5 
15720, 5, 5 
59400, 5, 5 
59800, 5, 5 
31618, 5, 5 
59134, 5, 5 
51227, 5, 5 
57528, 5, 5 
17739, 5, 5 
53414, 5, 5 
47433, 5, 5 
57821, 5, 5 
52459, 5, 5 
3875, 5, 5 
54577, 5, 5 
48850, 5, 5 
36480, 5, 5 
56982, 5, 5 
4192, 5, 5 
31615, 5, 5 
50954, 5, 5 
57234, 5, 5 
38481, 5, 5 
34505, 5, 5 
55748, 5, 5 
29066, 5, 5 
51955, 5, 5 
34557, 5, 5 
1263, 5, 5 
52491, 5, 5 
43503, 5, 5 
2281, 5, 5 
2605, 5, 5 
43641, 5, 5 
19909, 5, 5 
3275, 5, 5 
57128, 5, 5 
12146, 5, 5 
3575, 5, 5 
3433, 5, 5 
41498, 5, 5 
6776, 5, 5 
11237, 5, 5 
55871, 5, 5 
30197, 5, 5 
46244, 5, 5 
21484, 5, 5 
3170, 5, 5 
20125, 5, 5 
10316, 5, 5 
50320, 5, 5 
9330, 5, 5 
37358, 5, 8 
41731, 5, 5 
34584, 5, 5 
20151, 5, 5 
52452, 5, 5 
16219, 5, 5 
39671, 5, 5 
32254, 5, 5 
57028, 5, 5 
47944, 5, 5 
15444, 5, 5 
15362, 5, 5 
12574, 5, 5 
40659, 5, 5 
54045, 5, 5 
57837, 5, 5 
55672, 5, 5 
3378, 5, 5 
49820, 5, 5 
50592, 5, 5 
21548, 5, 5 
47889, 5, 5 
6646, 5, 5 
37049, 5, 5 
24439, 5, 5 
21873, 5, 5 
13633, 5, 5 
50017, 5, 5 
14544, 5, 5 
58808, 5, 5 
56661, 5, 5 
38254, 5, 5 
10538, 5, 5 
805, 5, 5 
37864, 5, 5 
44625, 5, 5 
35609, 5, 5 
1162, 5, 5 
12843, 5, 5 
12502, 5, 5 
56999, 5, 5 
34877, 5, 5 
16276, 5, 5 
29107, 5, 5 
28141, 5, 5 
27375, 5, 5 
38071, 5, 5 
31455, 5, 5 
6195, 5, 5 
52717, 5, 5 
32290, 5, 5 
55643, 5, 5 
33573, 5, 5 
32059, 5, 5 
16819, 5, 5 
23385, 5, 5 
36987, 5, 5 
38408, 5, 5 
38689, 5, 5 
21629, 5, 5 
22508, 5, 5 
26066, 5, 5 
19944, 5, 5 
54202, 5, 5 
2287, 5, 5 
55184, 5, 5 
41798, 5, 5 
12449, 5, 5 
20530, 5, 5 
5598, 5, 5 
12540, 5, 5 
24660, 5, 5 
26467, 5, 5 
56935, 5, 5 
50420, 5, 5 
32415, 5, 5 
50959, 5, 5 
3637, 5, 5 
5856, 5, 5 
57710, 5, 5 
33220, 5, 5 
56967, 5, 5 
17514, 5, 5 
34112, 5, 5 
39424, 5, 5 
38592, 5, 5 
19319, 5, 5 
55108, 5, 5 
55460, 5, 5 
42760, 5, 5 
2775, 5, 5 
7902, 5, 5 
43319, 5, 5 
15284, 5, 5 
24859, 5, 5 
19529, 5, 5 
49470, 5, 5 
51339, 5, 5 
11456, 5, 5 
5027, 5, 5 
9044, 5, 5 
10954, 5, 5 
25840, 5, 5 
52474, 5, 5 
7907, 5, 5 
14213, 5, 5 
22887, 5, 5 
38604, 5, 5 
52106, 5, 5 
59446, 5, 5 
35082, 5, 5 
38818, 5, 5 
41509, 5, 5 
54779, 5, 5 
17651, 5, 5 
7699, 5, 5 
2143, 5, 5 
37056, 5, 5 
58142, 5, 5 
7480, 5, 5 
1324, 5, 5 
16213, 5, 5 
29384, 5, 5 
41389, 5, 5 
1413, 5, 5 
52347, 5, 5 
41305, 5, 5 
44215, 5, 5 
15726, 5, 5 
37850, 5, 5 
51844, 5, 5 
58312, 5, 5 
58739, 5, 5 
37842, 5, 5 
54122, 5, 5 
9450, 5, 5 
35207, 5, 5 
7964, 5, 5 
56371, 5, 5 
8023, 5, 5 
58663, 5, 5 
7377, 5, 5 
44691, 5, 5 
56368, 5, 5 
4416, 5, 5 
38931, 5, 5 
27253, 5, 5 
27421, 5, 5 
17132, 5, 5 
55389, 5, 5 
502, 5, 5 
6781, 5, 5 
4801, 5, 5 
44662, 5, 5 
11417, 5, 5 
42590, 5, 5 
45091, 5, 5 
47919, 5, 5 
25240, 5, 5 
59662, 5, 5 
2966, 5, 5 
21976, 5, 5 
17951, 5, 5 
53306, 5, 5 
13594, 5, 5 
32674, 5, 5 
48856, 5, 5 
24255, 5, 5 
43244, 5, 5 
55434, 5, 5 
17915, 5, 5 
50848, 5, 5 
1978, 5, 5 
2945, 5, 5 
15834, 5, 5 
33340, 5, 5 
31782, 5, 5 
19436, 5, 5 
50383, 5, 5 
20359, 5, 5 
42836, 5, 5 
5240, 5, 5 
34857, 5, 5 
36482, 5, 5 
7044, 5, 5 
24671, 5, 5 
35975, 5, 5 
28277, 5, 5 
58193, 5, 5 
28465, 5, 5 
28384, 5, 5 
26320, 5, 5 
3638, 5, 5 
35608, 5, 5 
15698, 5, 5 
31078, 5, 5 
17742, 5, 5 
36217, 5, 5 
42337, 5, 5 
14122, 5, 5 
39725, 5, 5 
24173, 5, 5 
19430, 5, 5 
59201, 5, 5 
51727, 5, 5 
42517, 5, 5 
36454, 5, 5 
18925, 5, 5 
57293, 5, 5 
31772, 5, 5 
36011, 5, 5 
59823, 5, 5 
837, 5, 5 
48449, 5, 5 
35889, 5, 5 
24361, 5, 5 
17722, 5, 5 
56360, 5, 5 
30714, 5, 5 
13229, 5, 5 
13502, 5, 5 
19106, 5, 5 
24128, 5, 5 
16257, 5, 5 
18676, 5, 5 
16647, 5, 5 
8757, 5, 5 
54381, 5, 5 
56203, 5, 5 
51792, 5, 5 
37341, 5, 5 
14199, 5, 5 
53647, 5, 5 
50173, 5, 5 
42101, 5, 5 
47741, 5, 5 
52509, 5, 5 
32217, 5, 5 
53470, 5, 5 
59170, 5, 5 
52439, 5, 5 
16424, 5, 5 
20933, 5, 5 
27656, 5, 5 
2968, 5, 5 
35702, 5, 5 
57805, 5, 5 
4184, 5, 5 
4462, 5, 5 
10939, 5, 5 
52172, 5, 5 
6300, 5, 5 
37004, 5, 5 
21079, 5, 5 
14887, 5, 5 
53275, 5, 5 
14806, 5, 5 
9565, 5, 5 
5828, 5, 5 
33575, 5, 5 
56013, 5, 5 
31929, 5, 5 
53086, 5, 5 
31424, 5, 5 
1650, 5, 5 
29027, 5, 5 
46448, 5, 5 
23455, 5, 5 
34908, 5, 5 
24716, 5, 5 
48134, 5, 5 
45536, 5, 5 
899, 5, 5 
55875, 5, 5 
11707, 5, 5 
13642, 5, 5 
19170, 5, 5 
16242, 5, 5 
45222, 5, 5 
38134, 5, 5 
52019, 5, 5 
43568, 5, 5 
21989, 5, 5 
5776, 5, 5 
31007, 5, 5 
41185, 5, 5 
48345, 5, 5 
45711, 5, 5 
36015, 5, 5 
9951, 5, 5 
25357, 5, 5 
43508, 5, 5 
31352, 5, 5 
23918, 5, 5 
34843, 5, 5 
29892, 5, 5 
5606, 5, 5 
42556, 5, 5 
45870, 5, 5 
29129, 5, 5 
53054, 5, 5 
45024, 5, 5 
15975, 5, 5 
53272, 5, 5 
46990, 5, 5 
14549, 5, 5 
16426, 5, 5 
34527, 5, 5 
32582, 5, 5 
26913, 5, 5 
22805, 5, 5 
41091, 5, 5 
10798, 5, 5 
20885, 5, 5 
19162, 5, 5 
4119, 5, 5 
26018, 5, 5 
2330, 5, 5 
4443, 5, 5 
19160, 5, 5 
27593, 5, 5 
32023, 5, 5 
13811, 5, 5 
23806, 5, 5 
55804, 5, 5 
44781, 5, 5 
41522, 5, 5 
44381, 5, 5 
45226, 5, 5 
22186, 5, 5 
47707, 5, 5 
41602, 5, 5 
2000, 5, 5 
50010, 5, 5 
45582, 5, 5 
52896, 5, 5 
38287, 5, 5 
11359, 5, 5 
25560, 5, 5 
12386, 5, 5 
24492, 5, 5 
34858, 5, 5 
26113, 5, 5 
56054, 5, 5 
50768, 5, 5 
49476, 5, 5 
25259, 5, 5 
21819, 5, 5 
26978, 5, 5 
22180, 5, 5 
41140, 5, 5 
25356, 5, 5 
2544, 5, 5 
53859, 5, 5 
50301, 5, 5 
42193, 5, 5 
35838, 5, 5 
4529, 5, 5 
54723, 5, 5 
14204, 5, 5 
25411, 5, 5 
55728, 5, 5 
47828, 5, 5 
30676, 5, 5 
58731, 5, 5 
26517, 5, 5 
53152, 5, 5 
20033, 5, 5 
29548, 6, 6 
51066, 6, 6 
17764, 6, 6 
44197, 6, 6 
47277, 6, 6 
42948, 6, 6 
41262, 6, 6 
30597, 6, 6 
24622, 6, 6 
27833, 6, 6 
6828, 6, 6 
21128, 6, 6 
10650, 6, 6 
50670, 6, 6 
33790, 6, 6 
44617, 6, 6 
24438, 6, 6 
2320, 6, 6 
40491, 6, 6 
31705, 6, 6 
55994, 6, 6 
42490, 6, 6 
42960, 6, 6 
15280, 6, 6 
14418, 6, 6 
56981, 6, 6 
16933, 6, 6 
34963, 6, 6 
4170, 6, 6 
18908, 6, 6 
26472, 6, 6 
59117, 6, 6 
6313, 6, 6 
18199, 6, 6 
41129, 6, 6 
19984, 6, 6 
3327, 6, 6 
57125, 6, 6 
8206, 6, 6 
55138, 6, 6 
14308, 6, 6 
53652, 6, 6 
12101, 6, 6 
26940, 6, 6 
13493, 6, 6 
8826, 6, 6 
5040, 6, 6 
9497, 6, 6 
54086, 6, 6 
41423, 6, 6 
9574, 6, 6 
38347, 6, 6 
9281, 6, 6 
5311, 6, 6 
14910, 6, 6 
11828, 6, 6 
23839, 6, 6 
17863, 6, 6 
90, 6, 6 
23566, 6, 6 
14524, 6, 6 
40594, 6, 6 
18517, 6, 6 
45614, 6, 6 
49526, 6, 6 
27285, 6, 6 
27369, 6, 6 
56840, 6, 6 
52062, 6, 6 
23500, 6, 6 
53793, 6, 6 
53555, 6, 6 
49651, 6, 6 
59785, 6, 6 
21332, 6, 6 
41828, 6, 6 
36504, 6, 6 
44790, 6, 6 
31371, 6, 6 
36725, 6, 6 
46049, 6, 6 
9526, 6, 6 
1418, 6, 6 
30466, 6, 6 
7543, 6, 6 
48630, 6, 6 
36702, 6, 6 
34255, 6, 6 
3136, 6, 6 
51664, 6, 6 
59448, 6, 6 
13101, 6, 6 
27161, 6, 6 
29362, 6, 6 
15687, 6, 6 
40980, 6, 6 
45805, 6, 6 
30036, 6, 6 
11497, 6, 6 
7829, 6, 6 
56373, 6, 6 
58629, 6, 6 
46844, 6, 6 
9967, 6, 6 
33751, 6, 6 
7289, 6, 6 
51728, 6, 6 
18555, 6, 6 
56641, 6, 6 
35861, 6, 6 
30199, 6, 6 
21241, 6, 6 
35439, 6, 6 
34783, 6, 6 
52641, 6, 6 
35318, 6, 6 
51995, 6, 6 
51687, 6, 6 
30139, 6, 6 
53007, 6, 6 
45863, 6, 6 
40707, 6, 6 
37142, 6, 6 
57353, 6, 6 
21764, 6, 6 
3985, 6, 6 
27708, 6, 6 
39495, 6, 6 
4198, 6, 6 
31797, 6, 6 
20104, 6, 6 
4221, 6, 6 
23742, 6, 6 
31255, 6, 6 
1708, 6, 6 
57253, 6, 6 
1190, 6, 6 
24522, 6, 6 
28817, 6, 6 
26576, 6, 6 
37476, 6, 6 
23893, 6, 6 
40641, 6, 6 
36417, 6, 6 
40356, 6, 6 
59736, 6, 6 
15459, 6, 6 
21918, 6, 6 
19698, 6, 6 
40991, 6, 6 
14921, 6, 6 
19118, 6, 6 
44336, 6, 6 
1398, 6, 6 
18536, 6, 6 
53277, 6, 6 
29275, 6, 6 
43726, 6, 6 
52380, 6, 6 
2741, 6, 6 
12509, 6, 6 
59892, 6, 6 
35888, 6, 6 
39870, 6, 6 
8057, 6, 6 
1189, 6, 6 
52297, 6, 6 
10108, 6, 6 
29832, 6, 6 
53625, 6, 6 
18068, 6, 6 
50093, 6, 6 
21856, 6, 6 
28459, 6, 6 
10135, 6, 6 
54851, 6, 6 
49577, 6, 6 
37218, 6, 6 
24526, 6, 6 
8076, 6, 6 
43063, 6, 6 
9649, 6, 6 
22017, 6, 6 
15177, 6, 6 
48082, 6, 6 
23475, 6, 6 
49347, 6, 6 
50509, 6, 6 
7581, 6, 6 
32265, 6, 6 
45080, 6, 6 
20931, 6, 6 
50323, 6, 6 
11589, 6, 6 
28496, 6, 6 
16349, 6, 6 
21934, 6, 6 
4337, 6, 6 
9533, 6, 6 
2158, 6, 6 
53005, 6, 6 
30392, 6, 6 
42021, 6, 6 
27655, 6, 6 
59073, 6, 6 
11386, 6, 6 
9217, 6, 6 
49959, 6, 6 
22681, 6, 6 
18548, 6, 6 
37973, 6, 6 
25306, 6, 6 
2324, 6, 6 
5849, 6, 6 
59508, 6, 6 
16346, 6, 6 
32739, 6, 6 
29331, 6, 6 
41546, 6, 6 
42700, 6, 6 
5837, 6, 6 
47824, 6, 6 
30576, 6, 6 
4533, 6, 6 
8140, 6, 6 
27275, 6, 6 
19956, 6, 6 
41848, 6, 6 
28287, 6, 6 
24779, 6, 6 
57881, 6, 6 
35206, 6, 6 
8947, 6, 6 
43264, 6, 6 
1309, 6, 6 
25999, 6, 6 
49624, 6, 6 
41059, 6, 6 
56520, 6, 6 
1849, 6, 6 
54205, 6, 6 
12319, 6, 6 
13709, 6, 6 
39098, 6, 6 
29327, 6, 6 
27807, 6, 6 
10813, 6, 6 
16317, 6, 6 
49448, 6, 6 
42600, 6, 6 
42154, 6, 6 
57994, 6, 6 
15870, 6, 6 
57935, 6, 6 
21941, 6, 6 
38460, 6, 6 
11158, 6, 6 
8384, 6, 6 
56177, 6, 6 
6670, 6, 6 
35579, 6, 6 
35768, 6, 6 
58226, 6, 6 
56972, 6, 6 
16097, 6, 6 
47436, 6, 6 
55827, 6, 6 
34393, 6, 6 
31071, 6, 6 
54503, 6, 6 
22068, 6, 6 
55154, 6, 6 
8862, 6, 6 
56678, 6, 6 
53422, 6, 6 
48706, 6, 6 
58224, 6, 6 
56718, 6, 6 
24266, 6, 6 
5846, 6, 6 
2093, 6, 6 
41757, 6, 6 
24774, 6, 6 
24383, 6, 6 
14778, 6, 6 
47376, 6, 5 
534, 6, 6 
44309, 6, 6 
9813, 6, 6 
30444, 6, 6 
51115, 6, 6 
39273, 6, 6 
56943, 6, 6 
53220, 6, 6 
44460, 6, 6 
3537, 6, 6 
395, 6, 6 
45635, 6, 6 
55289, 6, 6 
46209, 6, 6 
4030, 6, 6 
31220, 6, 6 
36792, 6, 6 
23485, 6, 6 
2607, 6, 6 
54572, 6, 6 
15145, 6, 6 
19503, 6, 6 
36068, 6, 6 
28702, 6, 6 
40383, 6, 6 
8688, 6, 6 
5267, 6, 6 
56746, 6, 6 
55638, 6, 6 
13431, 6, 6 
22387, 6, 6 
26938, 6, 6 
58304, 6, 6 
18271, 6, 6 
35687, 6, 6 
2880, 6, 6 
15401, 6, 6 
4059, 6, 6 
15924, 6, 6 
27086, 6, 6 
33814, 6, 6 
30474, 6, 6 
38703, 6, 6 
32436, 6, 6 
18275, 6, 6 
32118, 6, 6 
37371, 6, 6 
45409, 6, 6 
47792, 6, 6 
39226, 6, 6 
5365, 6, 6 
28572, 6, 6 
35210, 6, 6 
3736, 6, 6 
16054, 6, 6 
44238, 6, 6 
15061, 6, 6 
47772, 6, 6 
57498, 6, 6 
25430, 6, 6 
44128, 6, 6 
10475, 6, 6 
38342, 6, 6 
2479, 6, 6 
48609, 6, 6 
204, 6, 6 
32576, 6, 6 
13210, 6, 6 
8462, 6, 6 
9446, 6, 6 
25340, 6, 6 
50556, 6, 6 
7179, 6, 6 
28798, 6, 6 
26077, 6, 6 
50793, 6, 6 
40085, 6, 6 
45664, 6, 6 
54907, 6, 6 
13084, 6, 6 
54885, 6, 6 
43386, 6, 6 
39883, 6, 6 
56790, 6, 6 
5671, 6, 6 
1503, 6, 6 
46420, 6, 6 
42489, 6, 6 
58786, 6, 6 
28552, 6, 6 
57029, 6, 6 
10725, 6, 6 
52678, 6, 6 
22908, 6, 6 
24687, 6, 6 
23363, 6, 6 
33055, 6, 6 
31645, 6, 6 
57554, 6, 6 
20320, 6, 6 
44483, 6, 6 
22889, 6, 6 
1694, 6, 6 
13828, 6, 6 
24224, 6, 6 
48605, 6, 6 
25638, 6, 6 
24488, 6, 6 
36390, 6, 6 
45566, 6, 6 
9010, 6, 6 
34106, 6, 6 
43682, 6, 6 
4631, 6, 6 
19946, 6, 6 
34993, 6, 6 
6456, 6, 6 
52426, 6, 6 
52858, 6, 6 
10164, 6, 6 
56548, 6, 6 
45757, 6, 6 
14300, 6, 6 
30563, 6, 6 
52000, 6, 6 
14344, 6, 6 
25141, 6, 6 
16245, 6, 6 
59801, 6, 6 
28590, 6, 6 
6930, 6, 6 
48219, 6, 6 
52503, 6, 6 
23758, 6, 6 
44452, 6, 6 
58724, 6, 6 
22609, 6, 6 
19723, 6, 6 
8546, 6, 6 
17023, 6, 6 
31629, 6, 6 
3939, 6, 6 
23959, 6, 6 
11730, 6, 6 
8817, 6, 6 
20781, 6, 6 
26107, 6, 6 
6464, 6, 6 
46994, 6, 6 
26622, 6, 6 
17686, 6, 6 
23346, 6, 6 
43154, 6, 6 
29317, 6, 6 
47524, 6, 6 
58626, 6, 6 
27019, 6, 6 
14500, 6, 6 
16788, 6, 6 
30192, 6, 6 
17176, 6, 6 
5274, 6, 6 
34827, 6, 6 
10930, 6, 6 
22520, 6, 6 
55372, 6, 6 
9094, 6, 6 
15527, 6, 6 
5273, 6, 6 
23830, 6, 6 
49173, 6, 6 
49346, 6, 6 
55039, 6, 6 
31931, 6, 6 
44644, 6, 6 
31714, 6, 6 
36653, 6, 6 
49019, 6, 6 
8697, 6, 6 
42381, 6, 6 
51427, 6, 6 
22737, 6, 6 
19530, 6, 6 
35791, 6, 6 
14608, 6, 6 
8871, 6, 6 
26962, 6, 6 
21103, 6, 6 
29160, 6, 6 
31516, 6, 6 
9113, 6, 6 
32140, 6, 6 
8929, 6, 6 
37872, 6, 6 
3615, 6, 6 
1269, 6, 6 
31481, 6, 6 
47045, 6, 6 
12005, 6, 6 
59549, 6, 6 
25010, 6, 6 
56552, 6, 6 
43892, 6, 6 
51446, 6, 6 
42919, 6, 6 
5226, 6, 6 
17652, 6, 6 
12759, 6, 6 
56162, 6, 6 
18354, 6, 6 
49802, 6, 6 
38448, 6, 6 
47265, 6, 6 
33693, 6, 6 
54287, 7, 7 
57718, 7, 7 
27728, 7, 7 
22577, 7, 7 
15485, 7, 7 
27756, 7, 7 
14832, 7, 7 
37537, 7, 7 
10095, 7, 7 
54176, 7, 7 
26272, 7, 7 
16596, 7, 7 
33543, 7, 7 
32643, 7, 7 
50380, 7, 7 
928, 7, 7 
50233, 7, 7 
47161, 7, 7 
21462, 7, 7 
54494, 7, 7 
12123, 7, 7 
43723, 7, 7 
13905, 7, 7 
54114, 7, 7 
12492, 7, 7 
6397, 7, 7 
56650, 7, 7 
11085, 7, 7 
41174, 7, 7 
4116, 7, 7 
2691, 7, 7 
16823, 7, 7 
37471, 7, 7 
36307, 7, 7 
40397, 7, 7 
7621, 7, 7 
8137, 7, 7 
23571, 7, 7 
49413, 7, 7 
25350, 7, 7 
12403, 7, 7 
50984, 7, 7 
49315, 7, 7 
25998, 7, 7 
9223, 7, 7 
55466, 7, 7 
58337, 7, 7 
51858, 7, 7 
41958, 7, 7 
48073, 7, 7 
41061, 7, 7 
36150, 7, 7 
25133, 7, 7 
1106, 7, 7 
46055, 7, 7 
51322, 7, 7 
48976, 7, 7 
46906, 7, 9 
353, 7, 7 
37657, 7, 7 
19929, 7, 7 
34633, 7, 7 
2054, 7, 7 
27722, 7, 7 
48691, 7, 7 
1001, 7, 7 
17391, 7, 7 
5264, 7, 7 
1332, 7, 7 
5089, 7, 7 
54115, 7, 7 
14601, 7, 7 
47049, 7, 7 
59162, 7, 7 
20707, 7, 7 
5975, 7, 7 
19434, 7, 7 
54792, 7, 7 
44623, 7, 7 
36177, 7, 7 
14076, 7, 7 
42163, 7, 7 
40795, 7, 7 
21159, 7, 7 
13637, 7, 7 
24502, 7, 7 
36554, 7, 7 
47929, 7, 7 
46765, 7, 7 
47417, 7, 7 
1347, 7, 7 
34230, 7, 7 
45456, 7, 7 
3798, 7, 7 
32649, 7, 7 
15260, 7, 7 
55517, 7, 7 
24917, 7, 7 
59348, 7, 7 
5437, 7, 7 
29607, 7, 7 
50115, 7, 7 
33736, 7, 7 
1821, 7, 7 
24928, 7, 7 
58042, 7, 7 
59592, 7, 7 
12850, 7, 7 
4842, 7, 7 
55885, 7, 7 
9711, 7, 7 
28447, 7, 7 
40358, 7, 7 
20189, 7, 7 
40684, 7, 7 
46349, 7, 7 
35382, 7, 9 
44254, 7, 7 
19283, 7, 7 
16962, 7, 7 
44637, 7, 7 
8049, 7, 7 
7530, 7, 2 
50075, 7, 7 
25756, 7, 7 
44387, 7, 7 
3317, 7, 7 
55896, 7, 2 
29661, 7, 7 
10357, 7, 7 
48221, 7, 7 
5651, 7, 7 
3059, 7, 7 
17830, 7, 7 
16079, 7, 7 
29826, 7, 7 
10063, 7, 7 
27574, 7, 7 
21514, 7, 7 
8463, 7, 7 
35291, 7, 7 
42782, 7, 5 
18609, 7, 7 
11528, 7, 7 
56196, 7, 7 
40916, 7, 7 
9548, 7, 7 
47613, 7, 7 
2455, 7, 7 
53291, 7, 7 
57534, 7, 7 
23002, 7, 7 
337, 7, 7 
44175, 7, 7 
42722, 7, 7 
49391, 7, 7 
53525, 7, 7 
11877, 7, 7 
31879, 7, 7 
2492, 7, 7 
22941, 7, 7 
50721, 7, 7 
43669, 7, 7 
39047, 7, 7 
38954, 7, 7 
13662, 7, 7 
57445, 7, 7 
25985, 7, 7 
31804, 7, 7 
57323, 7, 7 
27632, 7, 7 
14475, 7, 7 
6824, 7, 7 
15570, 7, 7 
29783, 7, 7 
37245, 7, 7 
50047, 7, 7 
34153, 7, 7 
19642, 7, 7 
7113, 7, 7 
6319, 7, 7 
20385, 7, 7 
52644, 7, 7 
50743, 7, 7 
58589, 7, 7 
683, 7, 7 
34415, 7, 7 
21333, 7, 7 
34161, 7, 7 
16548, 7, 7 
8436, 7, 7 
13710, 7, 7 
4897, 7, 7 
31003, 7, 7 
36135, 7, 7 
18289, 7, 7 
36818, 7, 7 
7730, 7, 7 
18170, 7, 7 
5161, 7, 7 
340, 7, 7 
33315, 7, 7 
38320, 7, 7 
31742, 7, 0 
52330, 7, 7 
31835, 7, 7 
15147, 7, 7 
56034, 7, 7 
48675, 7, 7 
39294, 7, 7 
21217, 7, 7 
41365, 7, 7 
54372, 7, 7 
13644, 7, 7 
17974, 7, 7 
3270, 7, 7 
48247, 7, 7 
59412, 7, 7 
15243, 7, 7 
48050, 7, 7 
45483, 7, 7 
38220, 7, 7 
50461, 7, 7 
47423, 7, 7 
8196, 7, 7 
13907, 7, 7 
12081, 7, 7 
41088, 7, 7 
5025, 7, 7 
46673, 7, 9 
12491, 7, 7 
30008, 7, 7 
52991, 7, 7 
34079, 7, 7 
10287, 7, 7 
29963, 7, 7 
17703, 7, 7 
42733, 7, 7 
56932, 7, 7 
45626, 7, 7 
35560, 7, 7 
23726, 7, 7 
13847, 7, 7 
46873, 7, 7 
13566, 7, 7 
32197, 7, 7 
7961, 7, 7 
9603, 7, 7 
58899, 7, 7 
58092, 7, 7 
34506, 7, 7 
23951, 7, 7 
42011, 7, 7 
5723, 7, 7 
10986, 7, 7 
47110, 7, 7 
4332, 7, 7 
41844, 7, 7 
13027, 7, 7 
24662, 7, 9 
58671, 7, 7 
19259, 7, 7 
46752, 7, 7 
39821, 7, 7 
24280, 7, 7 
2431, 7, 7 
13000, 7, 7 
33067, 7, 7 
15900, 7, 7 
54096, 7, 7 
16999, 7, 7 
1803, 7, 7 
47485, 7, 7 
29, 7, 7 
33964, 7, 7 
34881, 7, 7 
36197, 7, 7 
8965, 7, 7 
12391, 7, 7 
48759, 7, 7 
37971, 7, 7 
13131, 7, 7 
4545, 7, 7 
34925, 7, 7 
55244, 7, 7 
53510, 7, 7 
11664, 7, 7 
45615, 7, 7 
59830, 7, 7 
27225, 7, 7 
44663, 7, 7 
8170, 7, 7 
7769, 7, 7 
29105, 7, 7 
18616, 7, 7 
37317, 7, 7 
12176, 7, 7 
56503, 7, 7 
20971, 7, 7 
7213, 7, 7 
2168, 7, 7 
56028, 7, 7 
16304, 7, 7 
52680, 7, 7 
23609, 7, 7 
17772, 7, 7 
32289, 7, 7 
25693, 7, 7 
49187, 7, 7 
10935, 7, 7 
10324, 7, 7 
11623, 7, 7 
53589, 7, 7 
9954, 7, 7 
27592, 7, 7 
57405, 7, 7 
59779, 7, 7 
26189, 7, 7 
59560, 7, 7 
38763, 7, 7 
30432, 7, 7 
13684, 7, 7 
57504, 7, 7 
31643, 7, 7 
51927, 7, 7 
6587, 7, 7 
24131, 7, 7 
23430, 7, 7 
13382, 7, 7 
7334, 7, 7 
58221, 7, 7 
42177, 7, 7 
31614, 7, 7 
9901, 7, 7 
53372, 7, 7 
36843, 7, 7 
42892, 7, 7 
39651, 7, 7 
33499, 7, 7 
15976, 7, 7 
9356, 7, 7 
56814, 7, 7 
53961, 7, 7 
43356, 7, 7 
30935, 7, 7 
47262, 7, 7 
28201, 7, 7 
36027, 7, 7 
30414, 7, 7 
23661, 7, 7 
42202, 7, 7 
27827, 7, 7 
57600, 7, 7 
42748, 7, 7 
46541, 7, 7 
34477, 7, 7 
29983, 7, 7 
45844, 7, 7 
41892, 7, 7 
29652, 7, 7 
942, 7, 7 
24464, 7, 7 
26707, 7, 7 
54565, 7, 7 
34774, 7, 7 
26734, 7, 7 
30166, 7, 7 
29943, 7, 7 
11007, 7, 9 
40406, 7, 7 
968, 7, 7 
50162, 7, 7 
4024, 7, 7 
29376, 7, 7 
30912, 7, 7 
33885, 7, 7 
44803, 7, 7 
15531, 7, 7 
39917, 7, 7 
43382, 7, 7 
51806, 7, 7 
2477, 7, 7 
50891, 7, 7 
4211, 7, 7 
44957, 7, 7 
9327, 7, 7 
55086, 7, 7 
29117, 7, 7 
33335, 7, 7 
39439, 7, 7 
6695, 7, 7 
43277, 7, 7 
39523, 7, 7 
42023, 7, 7 
3206, 7, 7 
22401, 7, 7 
786, 7, 7 
45200, 7, 7 
19844, 7, 7 
33870, 7, 7 
5472, 7, 7 
1054, 7, 7 
12464, 7, 7 
37835, 7, 7 
16271, 7, 7 
5596, 7, 7 
57071, 7, 7 
45992, 7, 7 
57866, 7, 7 
52407, 7, 7 
53783, 7, 7 
50763, 7, 7 
29859, 7, 7 
25716, 7, 2 
59494, 7, 7 
17724, 7, 7 
11274, 7, 7 
18322, 7, 7 
20996, 7, 7 
36115, 7, 7 
6713, 7, 7 
5976, 7, 7 
52110, 7, 7 
31674, 7, 7 
19260, 7, 7 
2574, 7, 7 
36430, 7, 7 
387, 7, 7 
23784, 7, 7 
3116, 7, 7 
43533, 7, 7 
38916, 7, 7 
29509, 7, 7 
14299, 7, 7 
24171, 7, 7 
54971, 7, 7 
9276, 7, 7 
21482, 7, 7 
16795, 7, 7 
38838, 7, 7 
45314, 7, 7 
30659, 7, 9 
45102, 7, 7 
10893, 7, 7 
14095, 7, 7 
57017, 7, 7 
59602, 7, 7 
9433, 7, 4 
5579, 7, 7 
49136, 7, 7 
56272, 7, 7 
5519, 7, 7 
6485, 7, 7 
49069, 7, 7 
5300, 7, 7 
24815, 7, 7 
41062, 7, 4 
521, 7, 7 
4647, 7, 7 
37001, 7, 7 
42592, 7, 7 
26076, 7, 7 
45435, 7, 7 
44141, 7, 7 
58890, 7, 7 
55724, 7, 7 
21456, 7, 7 
14403, 7, 2 
59264, 7, 7 
51294, 7, 2 
4591, 7, 7 
30290, 7, 2 
36902, 7, 7 
11937, 7, 7 
17117, 7, 7 
57337, 7, 7 
3942, 7, 7 
15923, 7, 7 
44927, 7, 7 
20579, 7, 7 
31009, 7, 7 
51856, 7, 7 
41236, 7, 7 
26894, 7, 7 
258, 7, 7 
18810, 7, 7 
33681, 7, 7 
16419, 7, 7 
52750, 7, 7 
45014, 7, 7 
51181, 7, 7 
35417, 7, 7 
22454, 7, 7 
46265, 7, 7 
26417, 7, 7 
25841, 7, 7 
16143, 7, 7 
36954, 7, 7 
45053, 7, 7 
1022, 7, 7 
36622, 8, 8 
39442, 8, 8 
43579, 8, 8 
21282, 8, 8 
38725, 8, 8 
59128, 8, 8 
56872, 8, 8 
22241, 8, 8 
45103, 8, 8 
10797, 8, 8 
39419, 8, 8 
30235, 8, 8 
44789, 8, 8 
55471, 8, 8 
15820, 8, 8 
57772, 8, 8 
7215, 8, 8 
6288, 8, 8 
8607, 8, 8 
10649, 8, 8 
7665, 8, 8 
3153, 8, 8 
29142, 8, 8 
25276, 8, 8 
28785, 8, 8 
50410, 8, 8 
51906, 8, 8 
7300, 8, 8 
39585, 8, 8 
37808, 8, 8 
51747, 8, 8 
54387, 8, 8 
53979, 8, 8 
54954, 8, 8 
35521, 8, 8 
18762, 8, 8 
32073, 8, 8 
19756, 8, 8 
37479, 8, 8 
22289, 8, 8 
6493, 8, 8 
6905, 8, 8 
19725, 8, 8 
18373, 8, 8 
39094, 8, 8 
12580, 8, 8 
53002, 8, 8 
41495, 8, 8 
45684, 8, 8 
53110, 8, 8 
36489, 8, 8 
3517, 8, 8 
28348, 8, 8 
45458, 8, 8 
7479, 8, 8 
43250, 8, 8 
3148, 8, 8 
43181, 8, 8 
1026, 8, 8 
8008, 8, 8 
24297, 8, 8 
48110, 8, 8 
12943, 8, 8 
13301, 8, 8 
44203, 8, 8 
21395, 8, 8 
756, 8, 8 
39382, 8, 8 
53011, 8, 8 
45110, 8, 8 
27927, 8, 8 
53286, 8, 8 
9640, 8, 8 
55061, 8, 8 
51467, 8, 8 
43580, 8, 8 
56315, 8, 8 
9832, 8, 8 
31810, 8, 8 
10710, 8, 8 
33097, 8, 8 
14362, 8, 8 
24925, 8, 8 
46699, 8, 8 
19237, 8, 8 
49493, 8, 8 
28643, 8, 8 
28511, 8, 8 
52250, 8, 8 
27918, 8, 8 
3766, 8, 8 
2394, 8, 8 
8482, 8, 8 
39604, 8, 8 
4525, 8, 8 
38805, 8, 8 
23817, 8, 8 
3979, 8, 8 
37488, 8, 8 
796, 8, 8 
32717, 8, 8 
49114, 8, 8 
26681, 8, 8 
49744, 8, 8 
16184, 8, 8 
20743, 8, 8 
16750, 8, 8 
40149, 8, 8 
10632, 8, 8 
58543, 8, 8 
24852, 8, 8 
30162, 8, 8 
28480, 8, 8 
33514, 8, 8 
20923, 8, 8 
25879, 8, 8 
36137, 8, 8 
8764, 8, 8 
48021, 8, 8 
56952, 8, 8 
30516, 8, 8 
48204, 8, 8 
3928, 8, 8 
40689, 8, 8 
37721, 8, 8 
11858, 8, 8 
25228, 8, 8 
7575, 8, 8 
2043, 8, 8 
14611, 8, 8 
58679, 8, 8 
19605, 8, 8 
9970, 8, 8 
35932, 8, 8 
3438, 8, 8 
34108, 8, 8 
53806, 8, 9 
12379, 8, 8 
21106, 8, 8 
59649, 8, 8 
45772, 8, 8 
13412, 8, 8 
18619, 8, 8 
32712, 8, 8 
30239, 8, 8 
47100, 8, 8 
32253, 8, 8 
22913, 8, 8 
33755, 8, 8 
6503, 8, 8 
24658, 8, 8 
23147, 8, 8 
43121, 8, 8 
37539, 8, 8 
17111, 8, 8 
7604, 8, 8 
11273, 8, 8 
19475, 8, 8 
35145, 8, 8 
59280, 8, 8 
47315, 8, 8 
9408, 8, 8 
24256, 8, 8 
8310, 8, 8 
44615, 8, 8 
51172, 8, 8 
46337, 8, 8 
11160, 8, 8 
44286, 8, 8 
12164, 8, 8 
20712, 8, 8 
44616, 8, 8 
1236, 8, 8 
38309, 8, 8 
12255, 8, 8 
57668, 8, 8 
15807, 8, 8 
30635, 8, 8 
36834, 8, 8 
48475, 8, 8 
55163, 8, 8 
13065, 8, 8 
17628, 8, 8 
52465, 8, 8 
11506, 8, 8 
3243, 8, 8 
54741, 8, 8 
18311, 8, 8 
35042, 8, 8 
11555, 8, 8 
46348, 8, 8 
5215, 8, 8 
7799, 8, 8 
499, 8, 8 
23296, 8, 8 
57212, 8, 8 
18281, 8, 8 
57315, 8, 8 
33664, 8, 8 
51846, 8, 8 
5205, 8, 8 
43909, 8, 8 
39142, 8, 8 
5248, 8, 8 
55218, 8, 8 
30098, 8, 8 
6457, 8, 8 
18690, 8, 8 
418, 8, 5 
49170, 8, 8 
46650, 8, 8 
27236, 8, 8 
13920, 8, 8 
37483, 8, 8 
14008, 8, 9 
28136, 8, 8 
8213, 8, 8 
43846, 8, 8 
47926, 8, 9 
21593, 8, 8 
50626, 8, 8 
19043, 8, 8 
50097, 8, 8 
18335, 8, 8 
29493, 8, 8 
734, 8, 8 
45027, 8, 8 
14478, 8, 8 
18623, 8, 8 
31851, 8, 8 
8730, 8, 8 
37078, 8, 8 
47567, 8, 8 
17302, 8, 8 
36785, 8, 8 
6873, 8, 8 
3114, 8, 8 
52425, 8, 8 
50302, 8, 8 
58573, 8, 8 
9057, 8, 8 
16870, 8, 8 
21105, 8, 8 
34107, 8, 8 
58615, 8, 8 
22290, 8, 8 
35916, 8, 8 
25495, 8, 8 
52892, 8, 8 
46380, 8, 8 
18931, 8, 8 
20859, 8, 8 
17121, 8, 8 
5791, 8, 8 
45985, 8, 8 
2421, 8, 8 
21104, 8, 8 
20127, 8, 8 
28023, 8, 8 
36710, 8, 8 
30111, 8, 8 
48339, 8, 8 
50790, 8, 8 
25715, 8, 8 
46299, 8, 8 
50268, 8, 8 
56628, 8, 8 
23899, 8, 8 
40275, 8, 8 
33883, 8, 8 
6364, 8, 8 
3555, 8, 8 
935, 8, 8 
15935, 8, 8 
39841, 8, 8 
16624, 8, 8 
25301, 8, 8 
22439, 8, 8 
53099, 8, 8 
17162, 8, 8 
31168, 8, 8 
39308, 8, 8 
20539, 8, 8 
23458, 8, 8 
42737, 8, 8 
43524, 8, 8 
49851, 8, 8 
7026, 8, 8 
22324, 8, 8 
47936, 8, 8 
11881, 8, 8 
29387, 8, 8 
35364, 8, 8 
13055, 8, 8 
57060, 8, 8 
18872, 8, 8 
47085, 8, 8 
50513, 8, 8 
9020, 8, 8 
30732, 8, 8 
17013, 8, 8 
38581, 8, 8 
32161, 8, 8 
8928, 8, 8 
26660, 8, 8 
57316, 8, 8 
45717, 8, 8 
1329, 8, 8 
11431, 8, 8 
50054, 8, 8 
43096, 8, 8 
43787, 8, 8 
31607, 8, 8 
42238, 8, 8 
11239, 8, 8 
42704, 8, 8 
59123, 8, 8 
5163, 8, 8 
50048, 8, 8 
32806, 8, 8 
18217, 8, 8 
40571, 8, 8 
13014, 8, 8 
13944, 8, 8 
10694, 8, 8 
15102, 8, 8 
47577, 8, 8 
36913, 8, 8 
29306, 8, 8 
18795, 8, 8 
39450, 8, 8 
53743, 8, 8 
41712, 8, 8 
23180, 8, 8 
42624, 8, 9 
39395, 8, 8 
26022, 8, 8 
19600, 8, 8 
56296, 8, 8 
11365, 8, 8 
39035, 8, 8 
54243, 8, 8 
41611, 8, 8 
5034, 8, 8 
58168, 8, 8 
14614, 8, 8 
51324, 8, 8 
6728, 8, 8 
29886, 8, 8 
4388, 8, 8 
545, 8, 8 
42241, 8, 8 
40893, 8, 8 
56505, 8, 8 
23161, 8, 8 
16172, 8, 8 
4598, 8, 8 
56070, 8, 8 
20614, 8, 8 
627, 8, 8 
52905, 8, 8 
13554, 8, 8 
6417, 8, 8 
49366, 8, 8 
23263, 8, 8 
37493, 8, 8 
22703, 8, 8 
21826, 8, 8 
43559, 8, 8 
48495, 8, 8 
15355, 8, 8 
58960, 8, 8 
53464, 8, 8 
35928, 8, 8 
49509, 8, 8 
50274, 8, 8 
43894, 8, 8 
47882, 8, 8 
16284, 8, 8 
47506, 8, 8 
8125, 8, 8 
24137, 8, 8 
32030, 8, 8 
45298, 8, 8 
53774, 8, 8 
50869, 8, 8 
11761, 8, 8 
10927, 8, 8 
53953, 8, 8 
1657, 8, 8 
31758, 8, 8 
13396, 8, 8 
31760, 8, 8 
14896, 8, 8 
34574, 8, 8 
45948, 8, 8 
18195, 8, 8 
29053, 8, 8 
53203, 8, 8 
28307, 8, 8 
3872, 8, 8 
36610, 8, 8 
4305, 8, 8 
53191, 8, 8 
8690, 8, 8 
19877, 8, 8 
58334, 8, 8 
57174, 8, 8 
1793, 8, 8 
13895, 8, 8 
8536, 8, 8 
14173, 8, 8 
52862, 8, 8 
53115, 8, 8 
45849, 8, 8 
40503, 8, 8 
52091, 8, 8 
51189, 8, 8 
8535, 8, 8 
30545, 8, 8 
5661, 8, 8 
28871, 8, 8 
41133, 8, 8 
58239, 8, 8 
49543, 8, 0 
44514, 8, 8 
35547, 8, 8 
55741, 8, 8 
35561, 8, 8 
41873, 8, 8 
42880, 8, 8 
5431, 8, 8 
22543, 8, 8 
39315, 8, 8 
45802, 8, 8 
42034, 8, 8 
34469, 8, 8 
10595, 8, 8 
28915, 8, 8 
55081, 8, 8 
15623, 8, 8 
26200, 8, 8 
39756, 8, 8 
5743, 8, 8 
47438, 8, 8 
8675, 8, 8 
12616, 8, 8 
13578, 8, 8 
52080, 8, 8 
8659, 8, 8 
17499, 8, 8 
14872, 8, 8 
37459, 8, 8 
15610, 8, 8 
17784, 8, 8 
21486, 8, 8 
33766, 8, 8 
29829, 8, 8 
6243, 8, 8 
53133, 8, 8 
56412, 8, 8 
16559, 8, 8 
18887, 8, 8 
17222, 8, 8 
1207, 8, 8 
51183, 8, 8 
57918, 8, 8 
45882, 8, 8 
20363, 8, 8 
36367, 8, 8 
22421, 8, 8 
25582, 8, 8 
15091, 8, 8 
40089, 8, 8 
37096, 8, 8 
7918, 8, 8 
19362, 8, 8 
39070, 8, 8 
30967, 8, 8 
20580, 8, 8 
8300, 8, 8 
11181, 8, 8 
31600, 8, 8 
12622, 8, 8 
57450, 8, 8 
35843, 8, 8 
59447, 8, 8 
58556, 8, 8 
51163, 8, 8 
46519, 8, 8 
12892, 8, 8 
38386, 8, 8 
55674, 8, 8 
36605, 8, 8 
52719, 8, 8 
5043, 8, 8 
40031, 8, 8 
758, 8, 8 
6066, 8, 8 
45976, 8, 8 
4025, 9, 9 
48245, 9, 9 
33791, 9, 9 
31312, 9, 9 
37233, 9, 9 
22772, 9, 9 
34764, 9, 9 
344, 9, 9 
1720, 9, 9 
7239, 9, 9 
47645, 9, 9 
46698, 9, 9 
37651, 9, 9 
6294, 9, 9 
19597, 9, 9 
11633, 9, 9 
12607, 9, 9 
27780, 9, 9 
29137, 9, 9 
33256, 9, 9 
58369, 9, 9 
55570, 9, 9 
3998, 9, 9 
16303, 9, 9 
11015, 9, 9 
27260, 9, 9 
48244, 9, 9 
4098, 9, 9 
41813, 9, 9 
51082, 9, 9 
11202, 9, 9 
13720, 9, 9 
49925, 9, 9 
51472, 9, 9 
53515, 9, 9 
31295, 9, 9 
41306, 9, 9 
57732, 9, 9 
11300, 9, 9 
11280, 9, 9 
28523, 9, 9 
16740, 9, 9 
13936, 9, 9 
42165, 9, 9 
49898, 9, 9 
41791, 9, 9 
46261, 9, 9 
59184, 9, 9 
22312, 9, 9 
59594, 9, 9 
34665, 9, 9 
5208, 9, 9 
11367, 9, 9 
45381, 9, 9 
3374, 9, 9 
7727, 9, 9 
22, 9, 9 
57047, 9, 9 
4093, 9, 9 
48566, 9, 9 
39692, 9, 9 
39025, 9, 9 
23016, 9, 9 
1748, 9, 9 
29841, 9, 9 
26525, 9, 9 
6272, 9, 9 
33215, 9, 9 
29426, 9, 9 
21377, 9, 9 
28582, 9, 9 
27710, 9, 9 
36930, 9, 9 
16020, 9, 9 
29036, 9, 9 
18666, 9, 9 
87, 9, 9 
16581, 9, 9 
6964, 9, 9 
37111, 9, 9 
56681, 9, 9 
25258, 9, 9 
5142, 9, 9 
11150, 9, 9 
37359, 9, 9 
41008, 9, 9 
1355, 9, 9 
33899, 9, 9 
43864, 9, 9 
5478, 9, 9 
55510, 9, 9 
16570, 9, 9 
55159, 9, 9 
36349, 9, 9 
18387, 9, 9 
15167, 9, 9 
2141, 9, 9 
39229, 9, 9 
10722, 9, 9 
45800, 9, 9 
38312, 9, 9 
42668, 9, 9 
22948, 9, 9 
31986, 9, 9 
13752, 9, 9 
45227, 9, 9 
14222, 9, 9 
16451, 9, 9 
12237, 9, 9 
51770, 9, 9 
39927, 9, 9 
59990, 9, 9 
45301, 9, 9 
55815, 9, 9 
11376, 9, 9 
52538, 9, 9 
39754, 9, 9 
37879, 9, 9 
29234, 9, 9 
4065, 9, 9 
37757, 9, 9 
43863, 9, 9 
52017, 9, 9 
27107, 9, 9 
50309, 9, 9 
56859, 9, 9 
26954, 9, 9 
51316, 9, 9 
49143, 9, 9 
30756, 9, 9 
16801, 9, 9 
350, 9, 9 
32967, 9, 9 
4313, 9, 9 
24057, 9, 9 
15584, 9, 9 
11668, 9, 9 
12767, 9, 9 
27908, 9, 9 
34569, 9, 9 
54984, 9, 9 
59814, 9, 9 
8608, 9, 9 
41738, 9, 9 
11773, 9, 9 
56102, 9, 9 
50784, 9, 9 
43661, 9, 9 
52672, 9, 9 
3292, 9, 9 
51863, 9, 9 
26594, 9, 9 
42124, 9, 9 
21924, 9, 9 
4968, 9, 9 
8015, 9, 9 
1036, 9, 9 
10860, 9, 9 
55813, 9, 9 
18935, 9, 9 
10043, 9, 9 
2060, 9, 9 
45869, 9, 9 
48597, 9, 9 
47933, 9, 9 
24967, 9, 9 
36161, 9, 9 
16628, 9, 9 
54064, 9, 9 
42743, 9, 9 
17827, 9, 9 
43777, 9, 9 
4229, 9, 9 
10848, 9, 9 
56466, 9, 9 
26025, 9, 9 
44763, 9, 9 
17147, 9, 9 
14931, 9, 9 
41502, 9, 9 
55120, 9, 9 
10820, 9, 9 
13278, 9, 9 
28574, 9, 9 
30696, 9, 9 
37211, 9, 9 
13668, 9, 9 
29822, 9, 9 
56807, 9, 9 
14116, 9, 9 
4127, 9, 9 
21356, 9, 9 
30623, 9, 9 
10235, 9, 9 
5523, 9, 9 
3355, 9, 9 
43057, 9, 9 
16330, 9, 9 
6310, 9, 9 
42728, 9, 9 
8503, 9, 9 
6950, 9, 9 
14341, 9, 9 
4368, 9, 9 
23950, 9, 9 
23867, 9, 9 
38137, 9, 9 
32377, 9, 9 
34103, 9, 9 
19387, 9, 9 
15725, 9, 9 
52570, 9, 9 
23128, 9, 9 
15987, 9, 9 
1167, 9, 9 
53342, 9, 9 
4747, 9, 9 
26902, 9, 9 
1038, 9, 9 
43992, 9, 9 
11816, 9, 9 
41349, 9, 9 
28240, 9, 9 
51334, 9, 9 
58401, 9, 9 
6263, 9, 9 
58735, 9, 9 
41070, 9, 9 
49358, 9, 9 
6918, 9, 9 
33300, 9, 9 
11925, 9, 9 
17195, 9, 9 
42651, 9, 9 
25515, 9, 9 
8329, 9, 9 
3277, 9, 9 
41599, 9, 9 
29591, 9, 9 
56348, 9, 9 
45244, 9, 9 
13028, 9, 9 
7056, 9, 9 
34338, 9, 9 
30977, 9, 9 
55636, 9, 9 
6741, 9, 9 
3645, 9, 9 
40755, 9, 9 
19412, 9, 9 
55780, 9, 9 
1083, 9, 9 
15387, 9, 9 
24775, 9, 9 
25824, 9, 9 
24956, 9, 9 
40371, 9, 9 
42231, 9, 9 
20241, 9, 9 
41875, 9, 9 
33990, 9, 9 
28677, 9, 9 
12646, 9, 9 
30319, 9, 9 
9041, 9, 9 
13359, 9, 9 
47427, 9, 9 
36306, 9, 9 
12753, 9, 9 
6438, 9, 9 
49833, 9, 9 
57024, 9, 9 
6668, 9, 9 
3528, 9, 9 
19244, 9, 5 
23998, 9, 9 
24999, 9, 9 
53778, 9, 9 
19806, 9, 9 
51036, 9, 9 
56166, 9, 9 
29547, 9, 9 
48205, 9, 9 
32051, 9, 9 
36029, 9, 9 
9838, 9, 9 
55849, 9, 9 
37247, 9, 9 
35506, 9, 9 
31961, 9, 9 
57627, 9, 9 
8220, 9, 9 
29031, 9, 9 
17234, 9, 9 
42943, 9, 9 
20366, 9, 9 
45980, 9, 9 
25965, 9, 9 
35605, 9, 9 
18024, 9, 9 
43792, 9, 9 
46474, 9, 9 
39613, 9, 9 
35854, 9, 9 
14875, 9, 9 
5718, 9, 9 
19457, 9, 9 
15151, 9, 9 
31833, 9, 9 
6641, 9, 9 
54311, 9, 9 
53190, 9, 9 
18917, 9, 9 
24243, 9, 9 
17384, 9, 9 
32970, 9, 9 
18211, 9, 9 
14687, 9, 9 
59765, 9, 9 
42851, 9, 9 
58499, 9, 9 
54546, 9, 9 
13871, 9, 9 
5765, 9, 9 
56464, 9, 9 
51194, 9, 9 
26861, 9, 9 
37887, 9, 9 
44537, 9, 9 
42738, 9, 9 
38829, 9, 9 
56987, 9, 9 
57421, 9, 9 
16702, 9, 9 
21756, 9, 9 
45440, 9, 9 
25376, 9, 9 
12440, 9, 9 
11628, 9, 9 
59079, 9, 9 
31919, 9, 9 
22283, 9, 9 
170, 9, 9 
59221, 9, 9 
24313, 9, 9 
14950, 9, 9 
48980, 9, 9 
49096, 9, 9 
27773, 9, 9 
36186, 9, 9 
22174, 9, 9 
28215, 9, 9 
21562, 9, 9 
19045, 9, 9 
55464, 9, 9 
39633, 9, 9 
50558, 9, 9 
3970, 9, 9 
23732, 9, 9 
50386, 9, 9 
56708, 9, 9 
29213, 9, 9 
45201, 9, 9 
38456, 9, 9 
33212, 9, 9 
30096, 9, 9 
57753, 9, 9 
26226, 9, 9 
33014, 9, 9 
4523, 9, 9 
33891, 9, 9 
33358, 9, 9 
14716, 9, 9 
2219, 9, 9 
49261, 9, 9 
172, 9, 9 
24942, 9, 9 
29878, 9, 9 
16175, 9, 9 
44486, 9, 9 
38917, 9, 9 
58076, 9, 9 
1177, 9, 9 
58596, 9, 9 
9933, 9, 9 
46889, 9, 9 
43237, 9, 9 
1455, 9, 9 
22687, 9, 9 
24946, 9, 9 
8440, 9, 9 
58852, 9, 9 
6872, 9, 9 
48618, 9, 9 
22334, 9, 9 
49880, 9, 9 
41483, 9, 9 
43146, 9, 9 
33860, 9, 9 
40215, 9, 9 
27087, 9, 9 
19913, 9, 9 
37077, 9, 9 
24860, 9, 9 
30491, 9, 9 
32898, 9, 9 
49844, 9, 9 
59131, 9, 9 
8776, 9, 9 
50758, 9, 9 
49653, 9, 9 
57444, 9, 9 
11853, 9, 9 
25801, 9, 9 
29010, 9, 9 
32759, 9, 9 
52214, 9, 9 
11924, 9, 9 
25900, 9, 9 
40136, 9, 9 
24659, 9, 9 
31320, 9, 9 
1884, 9, 9 
41014, 9, 9 
12832, 9, 9 
1733, 9, 9 
1518, 9, 9 
19616, 9, 9 
54055, 9, 9 
26353, 9, 9 
23111, 9, 9 
48548, 9, 9 
40050, 9, 9 
48924, 9, 9 
28424, 9, 9 
28007, 9, 9 
16515, 9, 9 
4122, 9, 9 
50724, 9, 9 
8231, 9, 9 
47120, 9, 9 
16939, 9, 9 
58804, 9, 9 
44895, 9, 9 
55835, 9, 9 
25528, 9, 9 
5869, 9, 9 
41665, 9, 9 
54036, 9, 9 
24337, 9, 9 
28197, 9, 9 
9613, 9, 9 
14208, 9, 9 
44926, 9, 9 
26212, 9, 9 
58699, 9, 9 
3621, 9, 9 
12200, 9, 9 
30646, 9, 9 
16270, 9, 9 
17597, 9, 9 
41905, 9, 9 
50349, 9, 9 
23853, 9, 9 
14680, 9, 9 
17551, 9, 7 
54081, 9, 9 
13191, 9, 9 
44450, 9, 9 
54323, 9, 9 
20267, 9, 9 
22195, 9, 9 
53853, 9, 9 
4606, 9, 9 
2434, 9, 9 
32713, 9, 9 
54677, 9, 9 
39842, 9, 9 
36567, 9, 9 
49764, 9, 9 
32648, 9, 9 
57854, 9, 9 
1507, 9, 9 
3044, 9, 9 
49003, 9, 9 
280, 9, 9 
26282, 9, 9 
55063, 9, 9 
7620, 9, 9 
42209, 9, 9 
39333, 9, 9 
32959, 9, 9 
37824, 9, 9 
5371, 9, 9 
58796, 9, 9 
47885, 9, 9 
41395, 9, 9 
21267, 9, 9 
34176, 9, 9 
10112, 9, 9 
