id, true label, predicted label 
4642, 0, 0 
35680, 0, 0 
45539, 0, 0 
55830, 0, 0 
26713, 0, 0 
53173, 0, 0 
24011, 0, 0 
38332, 0, 0 
2582, 0, 0 
15882, 0, 0 
56, 0, 0 
58768, 0, 0 
19645, 0, 0 
24367, 0, 0 
20418, 0, 0 
59450, 0, 0 
48631, 0, 0 
39504, 0, 0 
1709, 0, 0 
24188, 0, 0 
32843, 0, 0 
169, 0, 0 
34416, 0, 0 
17314, 0, 0 
55115, 0, 0 
41051, 0, 0 
37511, 0, 0 
55666, 0, 0 
4597, 0, 0 
5505, 0, 0 
54783, 0, 0 
4773, 0, 0 
15508, 0, 0 
21242, 0, 0 
14717, 0, 0 
20602, 0, 0 
36090, 0, 0 
582, 0, 0 
5615, 0, 0 
53014, 0, 0 
11559, 0, 0 
1090, 0, 0 
38816, 0, 0 
28486, 0, 0 
26369, 0, 0 
13729, 0, 0 
45303, 0, 0 
34639, 0, 0 
1454, 0, 0 
22829, 0, 0 
20175, 0, 0 
11780, 0, 0 
668, 0, 0 
51520, 0, 0 
1152, 0, 0 
37408, 0, 0 
17518, 0, 0 
11335, 0, 0 
26799, 0, 0 
24661, 0, 0 
37529, 0, 0 
31836, 0, 0 
23009, 0, 0 
35943, 0, 0 
709, 0, 0 
52204, 0, 0 
1310, 0, 0 
16085, 0, 0 
23741, 0, 0 
47000, 0, 0 
43387, 0, 0 
38198, 0, 0 
51774, 0, 0 
19485, 0, 0 
42871, 0, 0 
36376, 0, 0 
40150, 0, 0 
34296, 0, 0 
40915, 0, 0 
11746, 0, 0 
4159, 0, 0 
4415, 0, 0 
32463, 0, 0 
12732, 0, 0 
4044, 0, 0 
22761, 0, 0 
57471, 0, 0 
14419, 0, 0 
43273, 0, 0 
8917, 0, 0 
9965, 0, 0 
8355, 0, 0 
59256, 0, 0 
3896, 0, 0 
27477, 0, 0 
28973, 0, 0 
22023, 0, 0 
42487, 0, 0 
9101, 0, 0 
28079, 0, 0 
34197, 0, 0 
19171, 0, 0 
427, 0, 0 
55721, 0, 0 
37697, 0, 0 
41100, 0, 0 
51466, 0, 0 
38865, 0, 0 
11091, 0, 0 
14102, 0, 0 
16705, 0, 0 
33538, 0, 0 
23579, 0, 0 
24346, 0, 0 
39850, 0, 0 
44314, 0, 0 
6302, 0, 0 
31808, 0, 0 
53355, 0, 0 
13779, 0, 0 
47042, 0, 0 
34538, 0, 0 
42045, 0, 0 
23980, 0, 0 
44060, 0, 0 
2873, 0, 0 
39683, 0, 0 
22294, 0, 0 
15288, 0, 0 
2483, 0, 0 
17285, 0, 0 
48601, 0, 0 
29718, 0, 0 
14749, 0, 0 
39890, 0, 0 
10083, 0, 0 
1501, 0, 0 
40586, 0, 0 
28992, 0, 0 
4776, 0, 0 
42063, 0, 0 
45494, 0, 0 
56626, 0, 0 
55177, 0, 0 
24078, 0, 0 
52095, 0, 0 
7813, 0, 0 
41108, 0, 0 
7203, 0, 0 
57586, 0, 0 
22008, 0, 0 
26620, 0, 0 
1000, 0, 0 
3262, 0, 0 
59331, 0, 0 
27153, 0, 0 
20609, 0, 0 
45455, 0, 0 
24148, 0, 0 
41384, 0, 0 
192, 0, 0 
50385, 0, 0 
53101, 0, 0 
40454, 0, 0 
16285, 0, 0 
50628, 0, 0 
28818, 0, 0 
16105, 0, 0 
33983, 0, 0 
53027, 0, 0 
22646, 0, 0 
32237, 0, 0 
26712, 0, 0 
12150, 0, 0 
40260, 0, 0 
52449, 0, 0 
46339, 0, 0 
27658, 0, 0 
42074, 0, 0 
41609, 0, 0 
21308, 0, 0 
44159, 0, 0 
13408, 0, 0 
49924, 0, 0 
47172, 0, 0 
229, 0, 0 
49429, 0, 0 
37950, 0, 0 
6619, 0, 0 
48661, 0, 0 
7925, 0, 0 
29199, 0, 0 
18881, 0, 0 
32693, 0, 0 
10700, 0, 0 
8979, 0, 0 
39224, 0, 0 
25456, 0, 0 
11833, 0, 0 
56181, 0, 0 
689, 0, 0 
16540, 0, 0 
21533, 0, 0 
13196, 0, 0 
9822, 0, 0 
9435, 0, 0 
47923, 0, 0 
19979, 0, 0 
30037, 0, 0 
58073, 0, 0 
12324, 0, 0 
58649, 0, 0 
35185, 0, 0 
7835, 0, 0 
519, 0, 0 
8369, 0, 0 
44372, 0, 0 
29471, 0, 0 
55646, 0, 0 
29676, 0, 0 
21521, 0, 0 
44518, 0, 0 
18538, 0, 0 
27429, 0, 0 
31657, 0, 0 
40690, 0, 0 
58074, 0, 0 
36764, 0, 0 
37287, 0, 0 
36255, 0, 0 
52114, 0, 0 
10664, 0, 0 
51789, 0, 0 
14291, 0, 0 
34519, 0, 0 
31509, 0, 0 
42981, 0, 0 
9441, 0, 0 
29541, 0, 0 
49208, 0, 0 
33848, 0, 0 
25750, 0, 0 
45467, 0, 0 
57916, 0, 0 
59653, 0, 0 
44872, 0, 0 
40479, 0, 0 
49561, 0, 0 
20814, 0, 0 
28771, 0, 0 
2298, 0, 0 
36241, 0, 0 
30044, 0, 0 
46905, 0, 0 
1489, 0, 0 
33042, 0, 0 
44723, 0, 0 
49675, 0, 0 
19604, 0, 0 
35740, 0, 0 
48218, 0, 0 
6316, 0, 0 
54690, 0, 0 
33066, 0, 0 
32557, 0, 0 
49770, 0, 0 
28519, 0, 0 
35423, 0, 0 
40188, 0, 0 
2974, 0, 0 
50852, 0, 0 
34064, 0, 0 
28230, 0, 0 
57700, 0, 0 
2538, 0, 0 
11029, 0, 0 
39360, 0, 0 
56984, 0, 0 
25814, 0, 0 
34586, 0, 0 
10801, 0, 0 
8021, 0, 0 
25512, 0, 0 
49815, 0, 0 
9313, 0, 0 
1625, 0, 0 
52793, 0, 0 
3698, 0, 0 
43266, 0, 0 
52064, 0, 0 
21635, 0, 0 
28102, 0, 0 
59342, 0, 0 
22978, 0, 0 
33512, 0, 0 
56556, 0, 0 
42230, 0, 0 
45066, 0, 0 
11379, 0, 0 
8096, 0, 0 
19861, 0, 0 
36621, 0, 0 
31716, 0, 0 
50390, 0, 0 
28755, 0, 0 
46868, 0, 0 
36689, 0, 0 
39075, 0, 0 
57161, 0, 0 
13217, 0, 0 
20349, 0, 0 
32313, 0, 0 
33501, 0, 0 
41616, 0, 0 
23380, 0, 0 
6676, 0, 0 
32541, 0, 0 
56942, 0, 0 
57963, 0, 0 
23378, 0, 0 
57659, 0, 0 
28896, 0, 0 
13719, 0, 0 
26999, 0, 0 
3248, 0, 0 
51121, 0, 0 
21932, 0, 0 
54235, 0, 0 
46562, 0, 0 
19686, 0, 0 
1128, 0, 0 
55254, 0, 0 
34401, 0, 0 
9691, 0, 0 
41810, 0, 0 
53195, 0, 0 
13955, 0, 0 
25285, 0, 0 
40162, 0, 0 
9310, 0, 0 
38057, 0, 0 
53319, 0, 0 
21703, 0, 0 
3286, 0, 0 
19924, 0, 0 
16518, 0, 0 
37883, 0, 0 
4656, 0, 0 
22444, 0, 0 
24749, 0, 0 
6823, 0, 0 
5560, 0, 0 
35700, 0, 0 
38412, 0, 0 
51809, 0, 0 
3882, 0, 0 
28965, 0, 0 
56724, 0, 0 
20139, 0, 0 
15242, 0, 0 
5801, 0, 0 
11060, 0, 0 
57408, 0, 0 
59472, 0, 0 
36138, 0, 0 
57067, 0, 0 
35778, 0, 0 
26623, 0, 0 
38177, 0, 0 
15142, 0, 0 
8368, 0, 0 
37914, 0, 0 
44583, 0, 0 
15619, 0, 0 
20955, 0, 0 
11217, 0, 0 
51546, 0, 0 
30828, 0, 0 
27583, 0, 0 
52133, 0, 0 
58121, 0, 0 
38579, 0, 0 
58952, 0, 0 
27805, 0, 0 
39236, 0, 0 
48295, 0, 0 
26753, 0, 0 
13450, 0, 0 
8309, 0, 0 
12869, 0, 0 
41315, 0, 0 
37269, 0, 0 
24069, 0, 0 
4453, 0, 0 
58247, 0, 0 
4279, 0, 0 
15471, 0, 0 
54922, 0, 0 
35681, 0, 0 
47139, 0, 0 
58014, 0, 0 
10530, 0, 0 
15530, 0, 0 
59187, 0, 0 
5244, 0, 0 
40732, 0, 0 
21971, 0, 0 
40312, 0, 0 
25152, 0, 0 
24388, 0, 0 
53957, 0, 0 
40313, 0, 0 
51499, 0, 0 
5144, 0, 0 
24893, 0, 0 
13377, 0, 0 
42658, 0, 0 
46860, 0, 0 
44703, 0, 0 
1015, 0, 0 
9195, 0, 0 
21608, 0, 0 
29498, 0, 0 
50526, 0, 0 
13268, 0, 0 
47786, 0, 0 
10272, 0, 0 
10992, 0, 0 
47822, 0, 0 
49695, 0, 0 
31015, 0, 0 
36019, 0, 0 
34177, 0, 0 
56450, 0, 0 
1712, 0, 0 
54502, 0, 0 
21513, 0, 0 
42801, 0, 0 
40441, 0, 0 
11281, 0, 0 
28242, 0, 0 
34502, 0, 0 
2890, 0, 0 
17051, 0, 0 
18093, 0, 0 
47294, 0, 0 
13098, 0, 0 
35262, 0, 0 
35157, 0, 0 
36628, 0, 0 
49244, 0, 0 
39600, 0, 0 
28257, 0, 0 
18124, 0, 0 
15662, 0, 0 
58510, 0, 0 
19612, 0, 0 
5905, 0, 0 
53444, 0, 0 
46292, 0, 0 
19535, 0, 0 
54104, 0, 0 
59051, 0, 0 
12193, 0, 0 
5475, 0, 0 
30240, 0, 0 
25497, 0, 0 
37901, 0, 0 
44955, 0, 0 
44614, 0, 0 
35074, 0, 0 
37686, 0, 0 
18712, 0, 0 
23598, 0, 0 
40280, 0, 0 
4201, 0, 0 
3541, 0, 0 
6972, 0, 0 
4002, 0, 0 
40611, 0, 0 
46069, 0, 0 
11887, 0, 0 
37787, 0, 0 
58408, 0, 0 
13238, 0, 0 
41406, 0, 0 
37467, 0, 0 
45682, 0, 0 
7427, 0, 0 
26980, 0, 0 
39055, 0, 0 
23754, 0, 0 
22405, 0, 0 
4239, 0, 0 
25005, 0, 0 
29540, 0, 0 
21953, 0, 0 
38315, 0, 0 
19074, 0, 0 
10380, 0, 0 
15048, 1, 1 
2047, 1, 1 
32921, 1, 1 
58181, 1, 1 
31174, 1, 1 
38595, 1, 1 
4764, 1, 1 
56902, 1, 1 
38466, 1, 1 
16714, 1, 1 
12060, 1, 1 
10624, 1, 1 
33467, 1, 1 
3733, 1, 1 
58561, 1, 1 
46933, 1, 1 
43653, 1, 1 
53049, 1, 1 
49488, 1, 1 
21202, 1, 1 
58810, 1, 1 
9045, 1, 1 
28909, 1, 1 
4553, 1, 1 
31853, 1, 1 
7729, 1, 1 
28355, 1, 1 
35661, 1, 1 
45546, 1, 1 
838, 1, 1 
4884, 1, 1 
3473, 1, 1 
17433, 1, 1 
36141, 1, 1 
27256, 1, 1 
44126, 1, 1 
11939, 1, 1 
2316, 1, 1 
57287, 1, 1 
24135, 1, 1 
9628, 1, 1 
40468, 1, 1 
941, 1, 1 
20824, 1, 1 
44389, 1, 1 
22065, 1, 1 
25049, 1, 1 
2188, 1, 1 
30749, 1, 1 
21479, 1, 1 
57197, 1, 1 
3889, 1, 1 
9415, 1, 1 
41449, 1, 1 
52368, 1, 1 
7205, 1, 1 
4003, 1, 1 
17750, 1, 1 
27509, 1, 1 
29609, 1, 1 
34852, 1, 1 
55080, 1, 1 
15612, 1, 1 
56696, 1, 1 
38918, 1, 1 
49559, 1, 1 
6702, 1, 1 
9796, 1, 1 
6647, 1, 1 
46679, 1, 1 
22621, 1, 1 
41372, 1, 1 
10048, 1, 1 
56114, 1, 1 
27969, 1, 1 
13782, 1, 1 
31815, 1, 1 
35945, 1, 1 
52248, 1, 1 
6613, 1, 1 
11943, 1, 1 
47118, 1, 1 
24904, 1, 1 
14859, 1, 1 
54708, 1, 1 
6913, 1, 1 
43684, 1, 1 
42276, 1, 1 
43044, 1, 1 
5955, 1, 1 
24580, 1, 1 
32138, 1, 1 
7630, 1, 1 
22659, 1, 1 
14929, 1, 1 
20094, 1, 1 
23142, 1, 1 
22120, 1, 1 
15427, 1, 1 
2907, 1, 1 
33480, 1, 1 
26827, 1, 1 
8823, 1, 1 
13160, 1, 1 
7668, 1, 1 
34282, 1, 1 
51369, 1, 1 
18442, 1, 1 
50577, 1, 1 
10669, 1, 1 
47327, 1, 1 
50751, 1, 1 
47535, 1, 1 
11809, 1, 1 
20302, 1, 1 
1065, 1, 1 
8348, 1, 1 
33025, 1, 1 
42894, 1, 1 
21794, 1, 1 
28827, 1, 1 
56633, 1, 1 
35912, 1, 1 
15713, 1, 1 
2374, 1, 1 
34641, 1, 1 
46267, 1, 1 
25448, 1, 1 
25264, 1, 1 
47668, 1, 1 
55784, 1, 1 
47229, 1, 1 
27585, 1, 1 
56506, 1, 1 
53805, 1, 1 
41637, 1, 1 
53001, 1, 1 
6870, 1, 1 
4105, 1, 1 
8895, 1, 1 
11508, 1, 1 
38516, 1, 1 
41909, 1, 1 
4109, 1, 1 
19091, 1, 1 
10301, 1, 1 
46936, 1, 1 
12226, 1, 1 
53448, 1, 1 
3800, 1, 1 
13956, 1, 1 
18545, 1, 1 
56283, 1, 1 
46865, 1, 1 
57250, 1, 1 
52888, 1, 1 
40831, 1, 1 
44296, 1, 1 
12261, 1, 1 
41898, 1, 1 
11352, 1, 1 
3406, 1, 1 
47644, 1, 1 
43053, 1, 1 
1148, 1, 1 
49246, 1, 1 
46840, 1, 1 
12704, 1, 1 
53233, 1, 1 
59671, 1, 1 
37196, 1, 1 
53425, 1, 1 
14038, 1, 1 
15974, 1, 1 
25354, 1, 1 
22555, 1, 1 
5271, 1, 1 
37354, 1, 1 
54393, 1, 1 
20332, 1, 1 
8992, 1, 1 
10834, 1, 1 
35565, 1, 1 
32306, 1, 1 
39367, 1, 1 
32079, 1, 1 
4900, 1, 1 
18707, 1, 1 
10868, 1, 1 
38666, 1, 1 
32863, 1, 1 
7542, 1, 1 
58953, 1, 1 
18741, 1, 1 
42462, 1, 1 
18899, 1, 1 
1365, 1, 1 
23333, 1, 1 
11561, 1, 1 
26070, 1, 1 
28134, 1, 1 
18647, 1, 1 
28583, 1, 1 
27205, 1, 1 
49878, 1, 1 
5950, 1, 1 
59364, 1, 1 
51250, 1, 1 
41525, 1, 1 
34215, 1, 1 
10545, 1, 1 
38303, 1, 1 
9540, 1, 1 
48573, 1, 1 
2437, 1, 1 
41209, 1, 1 
5355, 1, 1 
18880, 1, 1 
23852, 1, 1 
32367, 1, 1 
50023, 1, 1 
47935, 1, 1 
16334, 1, 1 
11634, 1, 1 
2151, 1, 1 
37761, 1, 1 
2747, 1, 1 
57440, 1, 1 
21166, 1, 1 
29909, 1, 1 
1354, 1, 1 
39052, 1, 1 
38664, 1, 1 
36273, 1, 1 
21247, 1, 1 
39603, 1, 1 
47490, 1, 1 
14575, 1, 1 
35052, 1, 1 
1696, 1, 1 
37024, 1, 1 
29265, 1, 1 
45989, 1, 1 
24923, 1, 1 
56912, 1, 1 
49603, 1, 1 
51784, 1, 1 
14656, 1, 1 
12811, 1, 1 
10413, 1, 1 
57400, 1, 1 
6020, 1, 1 
42156, 1, 1 
25307, 1, 1 
39484, 1, 1 
19555, 1, 1 
23835, 1, 1 
49964, 1, 1 
17488, 1, 1 
2725, 1, 1 
32378, 1, 1 
25436, 1, 1 
20749, 1, 1 
44698, 1, 1 
14945, 1, 1 
6900, 1, 1 
18019, 1, 1 
34757, 1, 1 
46046, 1, 1 
27681, 1, 1 
24436, 1, 1 
4319, 1, 1 
8219, 1, 1 
45927, 1, 1 
14998, 1, 1 
22952, 1, 1 
47969, 1, 1 
22164, 1, 1 
46113, 1, 1 
39007, 1, 1 
7563, 1, 1 
59339, 1, 1 
41862, 1, 1 
33108, 1, 1 
3878, 1, 1 
27123, 1, 1 
23133, 1, 1 
29897, 1, 1 
3430, 1, 1 
22095, 1, 1 
51005, 1, 1 
21555, 1, 1 
39057, 1, 1 
30117, 1, 1 
58909, 1, 1 
46919, 1, 1 
58588, 1, 1 
39017, 1, 1 
46685, 1, 1 
46792, 1, 1 
17254, 1, 1 
26002, 1, 1 
25910, 1, 1 
54416, 1, 1 
42888, 1, 1 
18359, 1, 1 
24143, 1, 1 
39711, 1, 1 
36490, 1, 1 
8512, 1, 1 
1197, 1, 1 
11433, 1, 1 
50249, 1, 1 
56252, 1, 1 
11671, 1, 1 
33998, 1, 1 
14169, 1, 1 
18035, 1, 1 
46407, 1, 1 
13392, 1, 1 
1497, 1, 1 
41944, 1, 1 
39185, 1, 1 
8124, 1, 1 
40443, 1, 1 
12145, 1, 1 
42578, 1, 1 
46434, 1, 1 
44725, 1, 1 
18886, 1, 1 
15940, 1, 1 
13433, 1, 1 
533, 1, 1 
42968, 1, 1 
58662, 1, 1 
30486, 1, 1 
16509, 1, 1 
30372, 1, 1 
8589, 1, 1 
18235, 1, 1 
3963, 1, 1 
25537, 1, 1 
41226, 1, 1 
12771, 1, 1 
51110, 1, 1 
33654, 1, 1 
42316, 1, 1 
24970, 1, 1 
33456, 1, 1 
17854, 1, 1 
29087, 1, 1 
38840, 1, 1 
23291, 1, 1 
18683, 1, 1 
58985, 1, 1 
21465, 1, 1 
25474, 1, 1 
7693, 1, 1 
42630, 1, 1 
32153, 1, 1 
13003, 1, 1 
21771, 1, 1 
20884, 1, 1 
11404, 1, 1 
17618, 1, 1 
12042, 1, 1 
21196, 1, 1 
53206, 1, 1 
22892, 1, 1 
15989, 1, 1 
14466, 1, 1 
44633, 1, 1 
58610, 1, 1 
41249, 1, 1 
19452, 1, 1 
56772, 1, 1 
35009, 1, 1 
26295, 1, 1 
51901, 1, 1 
56865, 1, 1 
18196, 1, 1 
3487, 1, 1 
20888, 1, 1 
39051, 1, 1 
8382, 1, 1 
9487, 1, 1 
6082, 1, 1 
38629, 1, 1 
33105, 1, 1 
24996, 1, 1 
33268, 1, 1 
32765, 1, 1 
58702, 1, 1 
15044, 1, 1 
5850, 1, 1 
20064, 1, 1 
40724, 1, 1 
52411, 1, 1 
25052, 1, 1 
5530, 1, 1 
50130, 1, 1 
6062, 1, 1 
17180, 1, 1 
42859, 1, 1 
28153, 1, 1 
52143, 1, 1 
7303, 1, 1 
11291, 1, 1 
538, 1, 1 
38388, 1, 1 
26072, 1, 1 
57340, 1, 1 
50482, 1, 1 
24771, 1, 1 
59979, 1, 1 
35621, 1, 1 
28513, 1, 1 
2938, 1, 1 
42093, 1, 1 
22462, 1, 1 
42175, 1, 1 
3605, 1, 1 
11275, 1, 1 
8811, 1, 1 
52334, 1, 1 
16869, 1, 1 
19894, 1, 1 
58161, 1, 1 
31357, 1, 1 
57603, 1, 1 
18958, 1, 1 
15121, 1, 1 
45693, 1, 1 
49592, 1, 1 
30809, 1, 1 
72, 1, 1 
39138, 1, 1 
27270, 1, 1 
39451, 1, 1 
8373, 1, 1 
22831, 1, 1 
15034, 1, 1 
41119, 1, 1 
2227, 1, 1 
18758, 1, 1 
44290, 1, 1 
32886, 1, 1 
5058, 1, 1 
19096, 1, 1 
28094, 1, 1 
12310, 1, 1 
46077, 1, 1 
43344, 1, 1 
45754, 1, 1 
21424, 1, 1 
29901, 1, 1 
37038, 1, 2 
59750, 1, 1 
7877, 1, 1 
52174, 1, 1 
29288, 1, 1 
45541, 1, 1 
4470, 1, 1 
22347, 1, 1 
52984, 1, 1 
35303, 1, 1 
33706, 1, 1 
28019, 1, 1 
59199, 1, 1 
1977, 1, 1 
47035, 1, 1 
13604, 1, 1 
59705, 1, 1 
52849, 1, 1 
39986, 1, 1 
16418, 1, 1 
41419, 1, 1 
22582, 1, 1 
43480, 1, 1 
2552, 1, 1 
3592, 1, 1 
50063, 1, 1 
205, 1, 1 
38975, 1, 1 
31862, 1, 1 
36811, 1, 1 
11608, 1, 1 
50652, 1, 1 
6488, 1, 1 
56048, 1, 1 
28245, 1, 1 
8781, 1, 1 
49884, 1, 1 
14227, 1, 1 
50788, 1, 1 
49167, 1, 1 
27531, 1, 1 
8177, 1, 1 
59932, 1, 1 
5114, 1, 1 
6138, 2, 2 
41207, 2, 2 
36998, 2, 2 
28294, 2, 2 
56498, 2, 2 
47839, 2, 2 
22010, 2, 2 
36475, 2, 2 
28293, 2, 2 
43133, 2, 2 
18864, 2, 2 
35167, 2, 2 
33133, 2, 2 
31634, 2, 2 
52835, 2, 2 
23800, 2, 2 
45799, 2, 2 
39726, 2, 2 
48549, 2, 2 
24433, 2, 2 
10620, 2, 2 
48462, 2, 2 
47922, 2, 2 
21504, 2, 2 
37570, 2, 2 
48525, 2, 2 
37187, 2, 2 
11552, 2, 2 
51698, 2, 2 
43436, 2, 2 
58611, 2, 2 
23082, 2, 2 
10264, 2, 2 
3813, 2, 2 
1199, 2, 2 
32077, 2, 2 
44302, 2, 2 
36147, 2, 2 
45130, 2, 2 
34724, 2, 2 
48926, 2, 2 
49282, 2, 2 
42982, 2, 2 
21151, 2, 2 
11346, 2, 2 
32973, 2, 2 
39342, 2, 2 
54756, 2, 2 
18264, 2, 2 
54161, 2, 2 
1861, 2, 2 
57815, 2, 2 
53388, 2, 2 
52422, 2, 2 
22800, 2, 2 
56922, 2, 2 
19519, 2, 2 
50897, 2, 2 
36978, 2, 2 
27548, 2, 2 
48178, 2, 2 
17840, 2, 2 
58323, 2, 2 
13994, 2, 2 
38406, 2, 2 
36704, 2, 2 
21073, 2, 2 
32949, 2, 2 
530, 2, 2 
18097, 2, 2 
51721, 2, 2 
39398, 2, 2 
4269, 2, 2 
32611, 2, 2 
43241, 2, 2 
39411, 2, 2 
57366, 2, 2 
11503, 2, 2 
51171, 2, 2 
5241, 2, 2 
39476, 2, 2 
29176, 2, 2 
41484, 2, 2 
20071, 2, 2 
23578, 2, 2 
46510, 2, 2 
4153, 2, 2 
35290, 2, 2 
29247, 2, 2 
47754, 2, 2 
33878, 2, 2 
23039, 2, 2 
46727, 2, 2 
27791, 2, 2 
37588, 2, 2 
9449, 2, 2 
31802, 2, 2 
49421, 2, 2 
39587, 2, 2 
41835, 2, 2 
49775, 2, 2 
16709, 2, 2 
35445, 2, 2 
28370, 2, 2 
23457, 2, 2 
33449, 2, 2 
15712, 2, 2 
15614, 2, 2 
15093, 2, 2 
25510, 2, 2 
44362, 2, 2 
11018, 2, 2 
55528, 2, 2 
29425, 2, 2 
28404, 2, 2 
35405, 2, 2 
3134, 2, 2 
45341, 2, 2 
10957, 2, 2 
18236, 2, 2 
23675, 2, 2 
33184, 2, 2 
46833, 2, 2 
58783, 2, 2 
9104, 2, 2 
57225, 2, 2 
55862, 2, 2 
48391, 2, 2 
43105, 2, 2 
7079, 2, 2 
8591, 2, 2 
43394, 2, 2 
44095, 2, 2 
39698, 2, 2 
45920, 2, 2 
58409, 2, 2 
36614, 2, 2 
42206, 2, 2 
49782, 2, 2 
20850, 2, 2 
25780, 2, 2 
50676, 2, 2 
27434, 2, 2 
15603, 2, 2 
43211, 2, 2 
30291, 2, 2 
48643, 2, 2 
47804, 2, 2 
25492, 2, 2 
49191, 2, 2 
40289, 2, 2 
41438, 2, 2 
6910, 2, 2 
43988, 2, 2 
34614, 2, 2 
55149, 2, 2 
5988, 2, 2 
39408, 2, 2 
13820, 2, 2 
25294, 2, 2 
56739, 2, 2 
7510, 2, 2 
31150, 2, 2 
26357, 2, 2 
8078, 2, 2 
10497, 2, 2 
5250, 2, 2 
25912, 2, 2 
28533, 2, 2 
32010, 2, 2 
54613, 2, 2 
50457, 2, 2 
36292, 2, 2 
38753, 2, 2 
53644, 2, 2 
13031, 2, 4 
11243, 2, 2 
47578, 2, 2 
24036, 2, 2 
22811, 2, 2 
20305, 2, 2 
49515, 2, 2 
33906, 2, 2 
34479, 2, 2 
56864, 2, 2 
7500, 2, 2 
17713, 2, 2 
40580, 2, 2 
47164, 2, 2 
38609, 2, 2 
52224, 2, 2 
27186, 2, 2 
39794, 2, 2 
7082, 2, 2 
34717, 2, 2 
12911, 2, 2 
9772, 2, 2 
199, 2, 2 
21254, 2, 2 
59177, 2, 2 
23847, 2, 2 
51931, 2, 2 
28275, 2, 2 
26245, 2, 2 
52839, 2, 2 
25683, 2, 2 
23916, 2, 2 
14343, 2, 2 
59122, 2, 2 
50991, 2, 2 
47667, 2, 2 
38409, 2, 2 
55526, 2, 2 
21630, 2, 2 
31276, 2, 2 
13455, 2, 2 
39282, 2, 2 
41830, 2, 2 
41478, 2, 2 
17555, 2, 2 
4509, 2, 2 
9398, 2, 2 
1920, 2, 2 
33666, 2, 2 
8742, 2, 2 
30663, 2, 2 
21441, 2, 2 
10354, 2, 2 
36914, 2, 2 
40863, 2, 2 
41105, 2, 2 
32854, 2, 2 
25974, 2, 2 
10082, 2, 2 
36813, 2, 2 
53029, 2, 2 
14113, 2, 2 
43294, 2, 2 
49498, 2, 2 
13762, 2, 2 
46553, 2, 2 
41427, 2, 2 
59479, 2, 2 
46277, 2, 2 
43184, 2, 2 
44492, 2, 2 
46400, 2, 2 
8691, 2, 2 
47973, 2, 2 
7432, 2, 2 
20502, 2, 2 
11344, 2, 2 
28335, 2, 2 
45287, 2, 2 
20721, 2, 2 
31513, 2, 2 
57112, 2, 2 
37957, 2, 2 
32998, 2, 2 
46574, 2, 2 
45342, 2, 2 
51216, 2, 2 
34636, 2, 2 
59539, 2, 2 
4646, 2, 2 
18036, 2, 2 
58910, 2, 2 
23826, 2, 2 
22187, 2, 2 
54553, 2, 2 
8582, 2, 2 
32297, 2, 2 
40416, 2, 2 
48884, 2, 2 
1954, 2, 2 
35721, 2, 2 
58563, 2, 2 
13705, 2, 2 
15205, 2, 2 
28944, 2, 2 
18544, 2, 2 
55769, 2, 2 
34917, 2, 2 
15083, 2, 2 
59076, 2, 2 
29519, 2, 2 
55982, 2, 2 
39249, 2, 2 
28284, 2, 2 
4997, 2, 2 
43974, 2, 2 
29019, 2, 2 
35347, 2, 2 
7839, 2, 2 
14776, 2, 2 
24229, 2, 2 
4915, 2, 2 
36072, 2, 2 
54866, 2, 2 
57506, 2, 2 
27188, 2, 2 
39862, 2, 2 
21053, 2, 2 
57509, 2, 2 
38560, 2, 2 
28366, 2, 2 
20078, 2, 2 
696, 2, 2 
24841, 2, 2 
36753, 2, 2 
17729, 2, 2 
53224, 2, 2 
10312, 2, 2 
18206, 2, 2 
26788, 2, 2 
381, 2, 2 
50315, 2, 2 
863, 2, 2 
47238, 2, 2 
28135, 2, 2 
44475, 2, 2 
43434, 2, 2 
17137, 2, 2 
19373, 2, 2 
20514, 2, 2 
34252, 2, 2 
41080, 2, 2 
54355, 2, 2 
13585, 2, 2 
1987, 2, 2 
9242, 2, 2 
56009, 2, 2 
14465, 2, 2 
47956, 2, 2 
54456, 2, 2 
42095, 2, 2 
42842, 2, 2 
3362, 2, 2 
55836, 2, 2 
40949, 2, 2 
36326, 2, 2 
36942, 2, 2 
59188, 2, 2 
20022, 2, 2 
55629, 2, 2 
5216, 2, 2 
39090, 2, 2 
36781, 2, 2 
36884, 2, 2 
24449, 2, 2 
13082, 2, 7 
29789, 2, 2 
18213, 2, 2 
27150, 2, 2 
40632, 2, 2 
21881, 2, 2 
47132, 2, 2 
44209, 2, 2 
15263, 2, 2 
23797, 2, 2 
39198, 2, 2 
27754, 2, 2 
29626, 2, 2 
50334, 2, 2 
38359, 2, 2 
15506, 2, 2 
9756, 2, 2 
48640, 2, 2 
1896, 2, 2 
6063, 2, 2 
33342, 2, 2 
27138, 2, 2 
42472, 2, 2 
26461, 2, 2 
17431, 2, 2 
42568, 2, 2 
6105, 2, 2 
14458, 2, 2 
25939, 2, 2 
51782, 2, 2 
13667, 2, 2 
15748, 2, 2 
10785, 2, 2 
26170, 2, 2 
35599, 2, 2 
318, 2, 2 
37435, 2, 2 
26447, 2, 2 
6126, 2, 2 
29853, 2, 2 
13198, 2, 2 
37638, 2, 2 
28651, 2, 2 
55040, 2, 2 
58619, 2, 2 
5908, 2, 2 
11319, 2, 2 
50153, 2, 2 
51323, 2, 2 
20021, 2, 2 
35758, 2, 2 
15039, 2, 2 
23335, 2, 2 
11242, 2, 2 
49285, 2, 2 
28567, 2, 2 
13930, 2, 2 
12204, 2, 2 
6773, 2, 2 
41541, 2, 2 
59281, 2, 2 
55808, 2, 2 
33007, 2, 2 
39392, 2, 2 
54714, 2, 2 
46830, 2, 2 
21194, 2, 2 
56223, 2, 2 
50640, 2, 2 
2550, 2, 2 
49625, 2, 2 
13612, 2, 2 
4183, 2, 2 
26509, 2, 2 
11667, 2, 2 
49643, 2, 2 
56795, 2, 2 
1249, 2, 2 
27052, 2, 2 
49875, 2, 2 
43430, 2, 2 
48881, 2, 2 
11446, 2, 2 
53879, 2, 2 
52403, 2, 2 
50753, 2, 2 
18394, 2, 2 
48063, 2, 2 
20917, 2, 2 
36321, 2, 2 
39682, 2, 2 
17851, 2, 2 
39145, 2, 2 
11795, 2, 2 
53056, 2, 2 
30993, 2, 2 
20967, 2, 2 
56614, 2, 2 
26330, 2, 2 
44393, 2, 2 
476, 2, 2 
38401, 2, 2 
24786, 2, 2 
30420, 2, 2 
20970, 2, 2 
14838, 2, 2 
19450, 2, 2 
34558, 2, 2 
8433, 2, 2 
8133, 2, 2 
9572, 2, 2 
6056, 2, 2 
21857, 2, 2 
2184, 2, 2 
7823, 2, 2 
12093, 2, 2 
6478, 2, 2 
54043, 2, 2 
7929, 2, 2 
23355, 2, 2 
9258, 2, 2 
23268, 2, 2 
46974, 2, 2 
32361, 2, 2 
24695, 2, 2 
9484, 2, 2 
33068, 2, 2 
22769, 2, 2 
30297, 2, 2 
32809, 2, 2 
14763, 2, 2 
22146, 2, 2 
31890, 2, 2 
31381, 2, 2 
58241, 2, 2 
32212, 2, 2 
38793, 2, 2 
42065, 2, 2 
49434, 2, 2 
44901, 2, 2 
30075, 2, 2 
21024, 2, 2 
10477, 2, 2 
8852, 2, 2 
4701, 2, 2 
25663, 2, 2 
40566, 2, 2 
45631, 2, 2 
57270, 2, 2 
6442, 2, 2 
56528, 3, 3 
33953, 3, 3 
56012, 3, 3 
6667, 3, 3 
34536, 3, 3 
55960, 3, 3 
30193, 3, 3 
17257, 3, 3 
14080, 3, 3 
3844, 3, 3 
45408, 3, 3 
39820, 3, 3 
46555, 3, 3 
56391, 3, 3 
22069, 3, 3 
38166, 3, 3 
12035, 3, 3 
41436, 3, 3 
3550, 3, 3 
9412, 3, 3 
54526, 3, 3 
33694, 3, 3 
50946, 3, 3 
17864, 3, 3 
34208, 3, 3 
26488, 3, 3 
37266, 3, 3 
7367, 3, 3 
31183, 3, 3 
27435, 3, 3 
15346, 3, 3 
12, 3, 3 
17062, 3, 3 
18542, 3, 3 
11524, 3, 3 
38529, 3, 3 
34645, 3, 3 
20252, 3, 3 
26148, 3, 3 
32850, 3, 3 
17754, 3, 3 
40914, 3, 3 
13980, 3, 3 
39184, 3, 7 
53903, 3, 3 
31274, 3, 3 
10282, 3, 3 
46681, 3, 3 
58564, 3, 3 
10569, 3, 3 
32157, 3, 3 
50935, 3, 3 
33054, 3, 3 
25225, 3, 3 
16504, 3, 3 
19263, 3, 3 
48995, 3, 3 
48076, 3, 3 
23820, 3, 3 
840, 3, 3 
3938, 3, 3 
40404, 3, 3 
59275, 3, 3 
54199, 3, 3 
1336, 3, 3 
54301, 3, 3 
24784, 3, 3 
48599, 3, 3 
50603, 3, 3 
46306, 3, 3 
34556, 3, 3 
35366, 3, 3 
18079, 3, 3 
14691, 3, 3 
57291, 3, 3 
15008, 3, 3 
53156, 3, 2 
30611, 3, 3 
7982, 3, 3 
47123, 3, 3 
25331, 3, 3 
3051, 3, 3 
48500, 3, 3 
49985, 3, 2 
12592, 3, 3 
40743, 3, 3 
21660, 3, 3 
9065, 3, 3 
34788, 3, 3 
50770, 3, 3 
50336, 3, 3 
56966, 3, 3 
43702, 3, 3 
56869, 3, 3 
6033, 3, 3 
15251, 3, 3 
3005, 3, 3 
12094, 3, 3 
52300, 3, 3 
53630, 3, 3 
43672, 3, 3 
18997, 3, 3 
11556, 3, 3 
33624, 3, 3 
8946, 3, 3 
4881, 3, 3 
55017, 3, 3 
1429, 3, 3 
44522, 3, 3 
42343, 3, 3 
46595, 3, 3 
31925, 3, 3 
49809, 3, 3 
55579, 3, 3 
13242, 3, 3 
18299, 3, 3 
47678, 3, 3 
28936, 3, 3 
52111, 3, 3 
38049, 3, 3 
41165, 3, 3 
52446, 3, 3 
20965, 3, 3 
47195, 3, 3 
1661, 3, 3 
59318, 3, 3 
28515, 3, 3 
50950, 3, 3 
30824, 3, 3 
30740, 3, 3 
41476, 3, 3 
32563, 3, 3 
44188, 3, 3 
5173, 3, 3 
56921, 3, 3 
5562, 3, 5 
4263, 3, 3 
32420, 3, 3 
953, 3, 3 
46592, 3, 3 
1312, 3, 3 
35173, 3, 3 
111, 3, 3 
47225, 3, 3 
21112, 3, 3 
52585, 3, 3 
52828, 3, 3 
39108, 3, 3 
3435, 3, 3 
12349, 3, 3 
2760, 3, 3 
52753, 3, 3 
11513, 3, 3 
42056, 3, 3 
16260, 3, 3 
9300, 3, 3 
39744, 3, 3 
37928, 3, 3 
22304, 3, 3 
52479, 3, 3 
39941, 3, 3 
4868, 3, 3 
29675, 3, 3 
5497, 3, 3 
5511, 3, 3 
54858, 3, 8 
47027, 3, 3 
17588, 3, 3 
35796, 3, 3 
37896, 3, 3 
47684, 3, 3 
37355, 3, 3 
18964, 3, 3 
5127, 3, 3 
13773, 3, 3 
30377, 3, 3 
22825, 3, 3 
38294, 3, 3 
19205, 3, 3 
46986, 3, 3 
54530, 3, 3 
16940, 3, 3 
46442, 3, 3 
1474, 3, 3 
41491, 3, 3 
58268, 3, 3 
44848, 3, 2 
26831, 3, 3 
53527, 3, 3 
17139, 3, 3 
13658, 3, 3 
3048, 3, 3 
42070, 3, 3 
47653, 3, 3 
54014, 3, 3 
19302, 3, 3 
29896, 3, 3 
16435, 3, 3 
40789, 3, 3 
52590, 3, 3 
5942, 3, 3 
7862, 3, 3 
47930, 3, 3 
24469, 3, 3 
49729, 3, 3 
46702, 3, 3 
17192, 3, 3 
28900, 3, 3 
7771, 3, 3 
42636, 3, 3 
3609, 3, 3 
5588, 3, 3 
32495, 3, 3 
21056, 3, 3 
57941, 3, 3 
22625, 3, 3 
40575, 3, 3 
27718, 3, 3 
48922, 3, 3 
7132, 3, 3 
41573, 3, 3 
15639, 3, 3 
18862, 3, 3 
55144, 3, 3 
26929, 3, 3 
34368, 3, 3 
43014, 3, 3 
46425, 3, 3 
30273, 3, 3 
13218, 3, 3 
6347, 3, 3 
54798, 3, 3 
13488, 3, 3 
10779, 3, 3 
46072, 3, 3 
34740, 3, 3 
4136, 3, 3 
34127, 3, 3 
57864, 3, 3 
37443, 3, 3 
29383, 3, 3 
39329, 3, 3 
9864, 3, 3 
30729, 3, 3 
26194, 3, 3 
14577, 3, 3 
50688, 3, 3 
47625, 3, 3 
36815, 3, 3 
25078, 3, 3 
4257, 3, 3 
41994, 3, 3 
33223, 3, 3 
21812, 3, 3 
8455, 3, 3 
16873, 3, 3 
18252, 3, 3 
6766, 3, 3 
18059, 3, 3 
1994, 3, 3 
14856, 3, 3 
15535, 3, 3 
42043, 3, 3 
22318, 3, 3 
40555, 3, 3 
49966, 3, 3 
4073, 3, 3 
49771, 3, 3 
56875, 3, 3 
1566, 3, 3 
34481, 3, 3 
39301, 3, 3 
11031, 3, 3 
8295, 3, 3 
40932, 3, 3 
11111, 3, 3 
38732, 3, 3 
31117, 3, 3 
11284, 3, 3 
37169, 3, 3 
6522, 3, 3 
3233, 3, 3 
18069, 3, 3 
9303, 3, 3 
21420, 3, 3 
47539, 3, 3 
35881, 3, 3 
38804, 3, 3 
25116, 3, 3 
35744, 3, 3 
58558, 3, 3 
14488, 3, 3 
23412, 3, 3 
5687, 3, 3 
14738, 3, 3 
1351, 3, 3 
23877, 3, 3 
28264, 3, 3 
52014, 3, 3 
48974, 3, 3 
54780, 3, 3 
43637, 3, 3 
4281, 3, 3 
29889, 3, 3 
51890, 3, 3 
44457, 3, 3 
56730, 3, 3 
11535, 3, 3 
58333, 3, 3 
18426, 3, 3 
49467, 3, 3 
20400, 3, 3 
41537, 3, 3 
8936, 3, 3 
8635, 3, 3 
5190, 3, 3 
57983, 3, 3 
54736, 3, 3 
33491, 3, 3 
34119, 3, 3 
23759, 3, 3 
17712, 3, 3 
25586, 3, 3 
45436, 3, 3 
19114, 3, 3 
31664, 3, 3 
15342, 3, 3 
32414, 3, 3 
51085, 3, 3 
45655, 3, 3 
24299, 3, 3 
7745, 3, 3 
31703, 3, 3 
45747, 3, 3 
2669, 3, 3 
47746, 3, 3 
20397, 3, 3 
29602, 3, 3 
34203, 3, 3 
40636, 3, 3 
58966, 3, 3 
22155, 3, 3 
2114, 3, 3 
46403, 3, 3 
32194, 3, 3 
54436, 3, 3 
14636, 3, 3 
2132, 3, 3 
26555, 3, 3 
59735, 3, 3 
35610, 3, 3 
21986, 3, 3 
7613, 3, 3 
215, 3, 3 
15937, 3, 3 
32689, 3, 3 
42161, 3, 3 
47280, 3, 3 
10389, 3, 3 
47095, 3, 3 
44827, 3, 3 
56657, 3, 3 
9516, 3, 3 
47669, 3, 3 
14527, 3, 3 
1583, 3, 3 
45480, 3, 3 
22522, 3, 3 
51918, 3, 3 
3740, 3, 3 
6016, 3, 3 
38882, 3, 3 
9168, 3, 3 
34713, 3, 3 
13105, 3, 3 
56337, 3, 3 
26629, 3, 7 
37404, 3, 3 
39885, 3, 3 
29353, 3, 3 
38066, 3, 3 
1226, 3, 3 
58080, 3, 3 
35814, 3, 3 
41143, 3, 3 
46145, 3, 3 
43064, 3, 3 
29225, 3, 3 
695, 3, 3 
54977, 3, 3 
37163, 3, 3 
33594, 3, 3 
46807, 3, 3 
46136, 3, 3 
11138, 3, 3 
35459, 3, 3 
48859, 3, 3 
14566, 3, 3 
39770, 3, 3 
31153, 3, 3 
40281, 3, 3 
425, 3, 3 
37944, 3, 3 
27287, 3, 3 
46525, 3, 3 
22154, 3, 3 
51851, 3, 3 
22674, 3, 3 
30400, 3, 3 
40588, 3, 3 
24731, 3, 3 
28392, 3, 1 
37711, 3, 3 
8554, 3, 3 
56067, 3, 3 
42585, 3, 3 
12490, 3, 3 
16208, 3, 3 
490, 3, 3 
3462, 3, 3 
57166, 3, 3 
48352, 3, 3 
26154, 3, 3 
31249, 3, 3 
31395, 3, 3 
53123, 3, 3 
33099, 3, 3 
57308, 3, 3 
49589, 3, 3 
23778, 3, 3 
1470, 3, 3 
55580, 3, 3 
20099, 3, 3 
49627, 3, 3 
13109, 3, 3 
21179, 3, 3 
16945, 3, 3 
12437, 3, 3 
16900, 3, 3 
20790, 3, 3 
56136, 3, 3 
2886, 3, 3 
30048, 3, 3 
48666, 3, 3 
21285, 3, 3 
14786, 3, 3 
23322, 3, 3 
20805, 3, 3 
35615, 3, 3 
38451, 3, 3 
30041, 3, 5 
10984, 3, 3 
59356, 3, 3 
25091, 3, 3 
15511, 3, 3 
35949, 3, 3 
50378, 3, 3 
52415, 3, 3 
58812, 3, 8 
38277, 3, 3 
55474, 3, 3 
30423, 3, 3 
44397, 3, 3 
42962, 3, 3 
30124, 3, 3 
48498, 3, 3 
55937, 3, 3 
29459, 3, 3 
21466, 3, 3 
58544, 3, 3 
32409, 3, 5 
43644, 3, 3 
19285, 3, 3 
35333, 3, 3 
18240, 3, 3 
50964, 3, 3 
24448, 3, 3 
12882, 3, 3 
45911, 3, 3 
54767, 3, 3 
40184, 3, 3 
31627, 3, 3 
3323, 3, 3 
32203, 3, 3 
23287, 3, 3 
19803, 3, 3 
31409, 3, 3 
4917, 3, 3 
856, 3, 3 
33763, 3, 3 
54953, 3, 3 
8544, 3, 3 
29894, 3, 3 
28707, 3, 3 
36324, 3, 3 
9685, 3, 3 
35043, 3, 3 
58339, 3, 3 
27899, 3, 3 
8475, 3, 3 
55964, 4, 4 
34895, 4, 4 
42119, 4, 4 
48970, 4, 4 
38041, 4, 4 
379, 4, 4 
59232, 4, 4 
19952, 4, 4 
44419, 4, 4 
55178, 4, 4 
21503, 4, 4 
4737, 4, 4 
38132, 4, 4 
25938, 4, 4 
7248, 4, 4 
33894, 4, 4 
13664, 4, 4 
30198, 4, 4 
58023, 4, 4 
25470, 4, 4 
32032, 4, 4 
39269, 4, 4 
31123, 4, 4 
11184, 4, 4 
51712, 4, 4 
8037, 4, 4 
54582, 4, 4 
22614, 4, 4 
34192, 4, 4 
14966, 4, 4 
56770, 4, 4 
35098, 4, 4 
9, 4, 4 
6598, 4, 4 
51453, 4, 4 
6009, 4, 4 
17577, 4, 4 
12077, 4, 4 
58531, 4, 4 
27575, 4, 4 
10888, 4, 4 
56539, 4, 4 
18011, 4, 4 
41846, 4, 4 
24244, 4, 4 
19233, 4, 4 
27955, 4, 4 
56516, 4, 4 
23484, 4, 4 
4838, 4, 4 
49994, 4, 4 
29542, 4, 4 
5891, 4, 4 
34424, 4, 4 
32661, 4, 4 
49379, 4, 4 
27040, 4, 4 
10159, 4, 4 
26111, 4, 4 
10937, 4, 4 
49001, 4, 4 
20599, 4, 4 
6154, 4, 4 
47491, 4, 4 
11145, 4, 4 
35759, 4, 4 
5631, 4, 4 
33852, 4, 4 
26769, 4, 4 
42455, 4, 4 
13539, 4, 4 
57459, 4, 4 
24437, 4, 4 
17390, 4, 4 
30272, 4, 4 
57687, 4, 4 
43949, 4, 4 
59862, 4, 4 
5217, 4, 4 
3496, 4, 4 
842, 4, 4 
53607, 4, 4 
13520, 4, 4 
8869, 4, 4 
3350, 4, 4 
10331, 4, 4 
30830, 4, 4 
24391, 4, 4 
17891, 4, 4 
45981, 4, 4 
27939, 4, 4 
24052, 4, 4 
3724, 4, 4 
43068, 4, 4 
17321, 4, 4 
44977, 4, 4 
42272, 4, 4 
56146, 4, 4 
3877, 4, 4 
24018, 4, 4 
338, 4, 4 
44264, 4, 4 
57026, 4, 4 
17469, 4, 4 
3668, 4, 4 
32286, 4, 4 
56183, 4, 4 
5796, 4, 4 
29692, 4, 4 
33320, 4, 4 
8412, 4, 4 
49417, 4, 4 
52277, 4, 4 
38370, 4, 6 
49480, 4, 4 
43639, 4, 4 
30079, 4, 4 
34875, 4, 4 
12472, 4, 4 
22786, 4, 4 
58433, 4, 4 
22372, 4, 4 
31632, 4, 4 
40226, 4, 4 
58018, 4, 4 
11148, 4, 4 
3061, 4, 4 
32341, 4, 4 
14390, 4, 4 
11459, 4, 4 
53205, 4, 4 
58463, 4, 4 
25114, 4, 4 
18245, 4, 4 
31711, 4, 4 
33509, 4, 4 
461, 4, 4 
49514, 4, 4 
32213, 4, 4 
16874, 4, 4 
14290, 4, 4 
45485, 4, 4 
3222, 4, 4 
2206, 4, 4 
45038, 4, 4 
10618, 4, 4 
56280, 4, 4 
115, 4, 4 
23692, 4, 4 
45507, 4, 4 
16438, 4, 4 
59700, 4, 4 
48582, 4, 4 
37546, 4, 4 
56648, 4, 4 
52652, 4, 4 
24327, 4, 4 
33846, 4, 4 
18054, 4, 4 
31941, 4, 4 
25109, 4, 4 
52893, 4, 4 
36494, 4, 4 
24527, 4, 4 
30108, 4, 4 
45674, 4, 4 
21951, 4, 4 
32560, 4, 4 
15400, 4, 4 
58289, 4, 4 
21777, 4, 4 
38717, 4, 4 
32832, 4, 4 
54960, 4, 4 
39303, 4, 4 
3817, 4, 4 
17916, 4, 4 
12711, 4, 4 
22479, 4, 4 
22547, 4, 4 
22584, 4, 4 
37000, 4, 4 
57011, 4, 4 
3352, 4, 4 
30773, 4, 4 
55577, 4, 4 
27959, 4, 4 
27882, 4, 4 
45318, 4, 4 
28599, 4, 4 
33900, 4, 4 
41528, 4, 4 
1461, 4, 4 
45565, 4, 4 
52909, 4, 4 
55085, 4, 4 
32412, 4, 4 
52384, 4, 4 
31514, 4, 4 
58364, 4, 4 
10641, 4, 4 
2289, 4, 4 
32657, 4, 4 
54130, 4, 4 
56951, 4, 4 
10018, 4, 4 
46451, 4, 4 
57002, 4, 4 
55124, 4, 4 
40112, 4, 4 
33915, 4, 4 
33731, 4, 4 
9040, 4, 4 
12675, 4, 4 
23055, 4, 4 
57709, 4, 4 
52417, 4, 4 
6817, 4, 4 
32776, 4, 4 
32513, 4, 4 
34000, 4, 4 
46352, 4, 4 
46172, 4, 4 
35429, 4, 4 
28860, 4, 4 
54234, 4, 4 
25534, 4, 4 
17158, 4, 4 
17281, 4, 4 
33359, 4, 4 
14449, 4, 4 
53955, 4, 4 
314, 4, 4 
33282, 4, 4 
2827, 4, 4 
21988, 4, 4 
3039, 4, 4 
54419, 4, 4 
23014, 4, 4 
34611, 4, 4 
50704, 4, 4 
12749, 4, 4 
52704, 4, 4 
590, 4, 4 
21134, 4, 4 
46460, 4, 4 
7464, 4, 4 
32762, 4, 4 
51600, 4, 4 
16051, 4, 4 
35075, 4, 4 
57126, 4, 4 
17406, 4, 4 
48020, 4, 4 
31984, 4, 4 
40990, 4, 4 
1380, 4, 4 
41293, 4, 4 
19975, 4, 4 
45394, 4, 4 
55516, 4, 4 
37490, 4, 4 
37395, 4, 4 
42198, 4, 4 
54319, 4, 4 
30851, 4, 4 
58994, 4, 4 
42547, 4, 4 
50427, 4, 4 
33637, 4, 4 
27014, 4, 4 
706, 4, 4 
39302, 4, 4 
4781, 4, 4 
14193, 4, 4 
569, 4, 4 
32769, 4, 4 
27308, 4, 4 
29122, 4, 4 
49609, 4, 4 
541, 4, 4 
19088, 4, 4 
37171, 4, 4 
53985, 4, 4 
57569, 4, 4 
29196, 4, 4 
37447, 4, 4 
8644, 4, 4 
55239, 4, 4 
14528, 4, 4 
54628, 4, 4 
34744, 4, 4 
58151, 4, 4 
52935, 4, 4 
49850, 4, 4 
9148, 4, 4 
55812, 4, 4 
26105, 4, 4 
4616, 4, 4 
53032, 4, 4 
28706, 4, 4 
55294, 4, 4 
48288, 4, 9 
29638, 4, 4 
18088, 4, 4 
13981, 4, 4 
21581, 4, 4 
990, 4, 4 
58400, 4, 4 
44190, 4, 4 
33833, 4, 4 
2217, 4, 4 
35141, 4, 4 
59413, 4, 4 
6536, 4, 4 
25894, 4, 4 
40677, 4, 4 
22660, 4, 4 
33803, 4, 4 
48514, 4, 4 
35686, 4, 4 
9493, 4, 4 
42956, 4, 4 
41626, 4, 4 
57946, 4, 4 
20172, 4, 9 
11879, 4, 4 
37519, 4, 4 
57972, 4, 4 
25194, 4, 4 
41028, 4, 4 
1379, 4, 4 
30702, 4, 4 
49934, 4, 4 
32448, 4, 4 
1271, 4, 4 
36976, 4, 4 
36243, 4, 4 
48172, 4, 4 
14616, 4, 4 
27713, 4, 4 
47058, 4, 4 
59185, 4, 4 
11314, 4, 4 
7955, 4, 4 
48522, 4, 4 
2484, 4, 4 
18000, 4, 4 
24274, 4, 4 
44685, 4, 4 
39720, 4, 4 
29123, 4, 4 
46761, 4, 4 
29922, 4, 4 
5689, 4, 4 
52246, 4, 4 
29467, 4, 4 
11824, 4, 4 
16098, 4, 4 
40495, 4, 4 
38622, 4, 4 
2520, 4, 4 
3911, 4, 4 
38131, 4, 4 
39413, 4, 4 
15822, 4, 4 
54899, 4, 4 
22402, 4, 4 
16985, 4, 4 
35546, 4, 4 
27517, 4, 4 
17474, 4, 4 
47028, 4, 4 
33119, 4, 4 
51382, 4, 4 
38567, 4, 4 
6128, 4, 4 
4386, 4, 4 
16865, 4, 4 
5155, 4, 4 
35186, 4, 4 
16996, 4, 4 
43009, 4, 4 
34279, 4, 4 
46245, 4, 4 
9781, 4, 4 
18487, 4, 4 
55954, 4, 4 
906, 4, 4 
28304, 4, 4 
44496, 4, 4 
52442, 4, 4 
9536, 4, 4 
5293, 4, 4 
13868, 4, 4 
34281, 4, 4 
40187, 4, 4 
29690, 4, 4 
8534, 4, 4 
9139, 4, 4 
54921, 4, 4 
16389, 4, 4 
15604, 4, 4 
13068, 4, 4 
55538, 4, 4 
16180, 4, 4 
42710, 4, 4 
48357, 4, 4 
9026, 4, 4 
16434, 4, 4 
34545, 4, 4 
55597, 4, 4 
43173, 4, 4 
8996, 4, 4 
22262, 4, 4 
35319, 4, 4 
17822, 4, 4 
9993, 4, 4 
4055, 4, 4 
30215, 4, 4 
17450, 4, 4 
45095, 4, 4 
10634, 4, 4 
5445, 4, 4 
36379, 4, 4 
7211, 4, 4 
20251, 4, 4 
45761, 4, 9 
39101, 4, 4 
39954, 4, 4 
11986, 4, 4 
2772, 4, 4 
59551, 4, 4 
41066, 4, 4 
46786, 4, 4 
24258, 4, 4 
29561, 4, 4 
12055, 4, 4 
36597, 4, 4 
34949, 4, 4 
33204, 4, 4 
5590, 4, 4 
9282, 4, 4 
47483, 4, 4 
5356, 4, 4 
17523, 4, 4 
52165, 4, 4 
44761, 4, 4 
13441, 4, 4 
22253, 4, 4 
56758, 4, 4 
10832, 4, 4 
50049, 4, 4 
48957, 4, 4 
42216, 4, 4 
10391, 4, 4 
18385, 4, 4 
54657, 4, 4 
20696, 4, 4 
19389, 4, 4 
49881, 4, 4 
7045, 4, 4 
47843, 4, 4 
47094, 4, 4 
4779, 4, 4 
12948, 4, 4 
3280, 4, 4 
9701, 4, 4 
34348, 4, 4 
58867, 4, 4 
35875, 4, 4 
49169, 4, 4 
57704, 4, 4 
51368, 4, 4 
48990, 4, 4 
48448, 4, 4 
33925, 4, 4 
35335, 4, 4 
11256, 4, 4 
50299, 4, 4 
53768, 4, 4 
12687, 4, 4 
1604, 4, 9 
29258, 4, 4 
42249, 4, 4 
22031, 4, 4 
9980, 4, 4 
21792, 4, 4 
57354, 4, 4 
28310, 4, 4 
28501, 4, 4 
38978, 4, 4 
58279, 4, 4 
57249, 4, 4 
45357, 4, 4 
35830, 4, 4 
12817, 4, 4 
43355, 4, 4 
8650, 4, 4 
51146, 4, 4 
26229, 5, 5 
58790, 5, 5 
1615, 5, 5 
11505, 5, 5 
20374, 5, 5 
9763, 5, 5 
4711, 5, 5 
40704, 5, 5 
5499, 5, 5 
14090, 5, 5 
55602, 5, 5 
35933, 5, 5 
25084, 5, 5 
1265, 5, 5 
5066, 5, 5 
7232, 5, 5 
42680, 5, 5 
28434, 5, 5 
51511, 5, 5 
20006, 5, 5 
7842, 5, 5 
14029, 5, 5 
17494, 5, 5 
51227, 5, 5 
32570, 5, 5 
5383, 5, 5 
43206, 5, 5 
4462, 5, 5 
14489, 5, 5 
43442, 5, 5 
14096, 5, 5 
29107, 5, 5 
51874, 5, 5 
45139, 5, 5 
16646, 5, 5 
21519, 5, 5 
42141, 5, 5 
34760, 5, 5 
4596, 5, 5 
8767, 5, 5 
13681, 5, 5 
17915, 5, 5 
6781, 5, 5 
55223, 5, 5 
43488, 5, 5 
12843, 5, 5 
10764, 5, 5 
41904, 5, 8 
58872, 5, 5 
48705, 5, 5 
13829, 5, 5 
56804, 5, 5 
3860, 5, 5 
27422, 5, 5 
8945, 5, 5 
28413, 5, 5 
19022, 5, 5 
19676, 5, 5 
22509, 5, 5 
18123, 5, 5 
22302, 5, 5 
18167, 5, 5 
34122, 5, 5 
16845, 5, 5 
55795, 5, 5 
52213, 5, 5 
25622, 5, 5 
38486, 5, 5 
14106, 5, 5 
24335, 5, 5 
1997, 5, 5 
41934, 5, 5 
28865, 5, 5 
31434, 5, 5 
28161, 5, 5 
59502, 5, 5 
832, 5, 5 
7964, 5, 5 
42705, 5, 5 
32283, 5, 5 
10182, 5, 5 
44147, 5, 5 
37056, 5, 5 
22053, 5, 5 
49892, 5, 3 
2165, 5, 5 
45132, 5, 5 
39562, 5, 5 
18404, 5, 5 
28175, 5, 5 
54914, 5, 5 
13120, 5, 5 
49668, 5, 5 
30918, 5, 5 
37823, 5, 5 
30288, 5, 5 
38365, 5, 5 
7068, 5, 5 
44976, 5, 5 
57837, 5, 5 
18090, 5, 5 
16011, 5, 5 
22732, 5, 5 
24235, 5, 5 
12110, 5, 5 
13749, 5, 5 
48161, 5, 5 
50959, 5, 5 
59136, 5, 5 
614, 5, 5 
20628, 5, 5 
55184, 5, 5 
775, 5, 5 
48249, 5, 5 
55908, 5, 5 
39176, 5, 5 
51130, 5, 5 
2308, 5, 5 
52527, 5, 5 
50881, 5, 5 
23341, 5, 5 
50173, 5, 5 
59609, 5, 5 
52195, 5, 5 
14150, 5, 5 
8252, 5, 5 
31929, 5, 5 
6527, 5, 5 
335, 5, 5 
36028, 5, 5 
27813, 5, 5 
6324, 5, 5 
42121, 5, 5 
34817, 5, 5 
8623, 5, 5 
50759, 5, 5 
59406, 5, 5 
33260, 5, 5 
14979, 5, 5 
56658, 5, 5 
25315, 5, 5 
4007, 5, 5 
24217, 5, 5 
56587, 5, 5 
16931, 5, 5 
59993, 5, 5 
12893, 5, 5 
26113, 5, 5 
29524, 5, 5 
43454, 5, 3 
40253, 5, 5 
4247, 5, 5 
33954, 5, 5 
10894, 5, 5 
17016, 5, 5 
38325, 5, 5 
23725, 5, 5 
19888, 5, 5 
59822, 5, 5 
7444, 5, 5 
8337, 5, 5 
14639, 5, 5 
37807, 5, 5 
45155, 5, 5 
28949, 5, 5 
4017, 5, 5 
40008, 5, 5 
38959, 5, 5 
41241, 5, 5 
4941, 5, 5 
10227, 5, 5 
21360, 5, 5 
24820, 5, 5 
3271, 5, 5 
21385, 5, 5 
18701, 5, 5 
23568, 5, 5 
21919, 5, 5 
29273, 5, 5 
173, 5, 5 
45344, 5, 5 
47251, 5, 5 
23007, 5, 5 
54862, 5, 5 
52210, 5, 4 
3580, 5, 5 
7112, 5, 5 
13234, 5, 5 
40761, 5, 5 
49048, 5, 5 
5515, 5, 5 
26553, 5, 5 
49141, 5, 5 
59190, 5, 5 
11549, 5, 5 
45211, 5, 5 
49950, 5, 5 
44733, 5, 5 
47769, 5, 5 
44845, 5, 5 
59338, 5, 5 
7044, 5, 5 
54589, 5, 5 
3141, 5, 5 
44706, 5, 5 
57234, 5, 5 
12470, 5, 5 
7323, 5, 5 
54659, 5, 5 
55298, 5, 5 
49760, 5, 5 
44970, 5, 5 
17578, 5, 5 
31734, 5, 5 
31976, 5, 5 
44783, 5, 5 
49360, 5, 5 
42761, 5, 5 
48046, 5, 5 
25521, 5, 5 
32724, 5, 5 
6853, 5, 5 
15206, 5, 5 
24283, 5, 5 
10288, 5, 5 
56939, 5, 5 
32040, 5, 5 
53978, 5, 5 
7482, 5, 5 
17680, 5, 5 
34139, 5, 5 
31495, 5, 5 
42392, 5, 5 
23981, 5, 5 
49536, 5, 5 
26590, 5, 5 
48345, 5, 5 
19994, 5, 5 
43648, 5, 5 
6274, 5, 5 
54510, 5, 5 
24819, 5, 5 
31875, 5, 5 
50615, 5, 5 
30456, 5, 5 
13958, 5, 5 
53572, 5, 5 
31772, 5, 5 
59923, 5, 5 
6471, 5, 5 
219, 5, 5 
25240, 5, 5 
9770, 5, 5 
43159, 5, 5 
23763, 5, 5 
32699, 5, 5 
32254, 5, 5 
51762, 5, 5 
34984, 5, 5 
53046, 5, 5 
26283, 5, 5 
29155, 5, 5 
53461, 5, 5 
23384, 5, 5 
46453, 5, 5 
58248, 5, 5 
8713, 5, 5 
48576, 5, 5 
40431, 5, 5 
51251, 5, 5 
42609, 5, 5 
39374, 5, 5 
49367, 5, 5 
44480, 5, 5 
5925, 5, 5 
49905, 5, 5 
6418, 5, 5 
4376, 5, 5 
13300, 5, 5 
10578, 5, 5 
40434, 5, 5 
22541, 5, 5 
12962, 5, 5 
59670, 5, 5 
16553, 5, 5 
8734, 5, 5 
886, 5, 5 
41049, 5, 5 
30112, 5, 5 
18938, 5, 5 
42590, 5, 5 
33081, 5, 5 
55886, 5, 5 
53829, 5, 5 
2209, 5, 5 
50187, 5, 5 
51362, 5, 5 
10412, 5, 5 
12611, 5, 5 
32060, 5, 5 
17739, 5, 5 
22973, 5, 5 
45753, 5, 5 
49686, 5, 5 
59180, 5, 5 
2946, 5, 5 
32582, 5, 5 
35628, 5, 5 
31022, 5, 5 
38240, 5, 5 
24128, 5, 5 
15464, 5, 5 
44621, 5, 5 
59089, 5, 5 
10173, 5, 5 
20976, 5, 5 
45443, 5, 5 
29759, 5, 5 
25468, 5, 5 
44691, 5, 5 
24887, 5, 5 
50017, 5, 5 
29329, 5, 5 
18676, 5, 5 
52040, 5, 5 
54184, 5, 5 
14074, 5, 5 
38848, 5, 5 
22638, 5, 5 
59005, 5, 5 
53275, 5, 5 
23312, 5, 5 
29525, 5, 5 
59351, 5, 5 
49689, 5, 5 
57231, 5, 5 
58739, 5, 5 
18080, 5, 5 
55902, 5, 5 
22020, 5, 5 
27814, 5, 5 
19353, 5, 5 
47115, 5, 5 
49241, 5, 5 
35046, 5, 5 
31266, 5, 5 
10333, 5, 5 
31473, 5, 5 
59600, 5, 5 
4801, 5, 5 
23906, 5, 5 
30482, 5, 5 
14688, 5, 5 
13940, 5, 5 
18481, 5, 5 
47889, 5, 5 
12804, 5, 5 
11739, 5, 5 
523, 5, 5 
12650, 5, 5 
45770, 5, 5 
1817, 5, 5 
44804, 5, 5 
22517, 5, 5 
17780, 5, 5 
31756, 5, 5 
15415, 5, 5 
56982, 5, 5 
21206, 5, 5 
35394, 5, 5 
41094, 5, 5 
26195, 5, 5 
59968, 5, 5 
5984, 5, 5 
54000, 5, 5 
14054, 5, 5 
41322, 5, 5 
24045, 5, 5 
18067, 5, 5 
5157, 5, 5 
15969, 5, 5 
37717, 5, 5 
38792, 5, 5 
5971, 5, 5 
21671, 5, 5 
12978, 5, 5 
25483, 5, 5 
8260, 5, 5 
32755, 5, 5 
51072, 5, 5 
11817, 5, 5 
45166, 5, 5 
7591, 5, 5 
23874, 5, 5 
29021, 5, 5 
37414, 5, 5 
24107, 5, 5 
54331, 5, 5 
48872, 5, 5 
18929, 5, 5 
40731, 5, 5 
15558, 5, 5 
55980, 5, 5 
16063, 5, 5 
49032, 5, 5 
26018, 5, 5 
33909, 5, 5 
53268, 5, 5 
52043, 5, 5 
21963, 5, 5 
53122, 5, 5 
42372, 5, 5 
5414, 5, 5 
29924, 5, 5 
46597, 5, 5 
57165, 5, 5 
22566, 5, 5 
1276, 5, 5 
14078, 5, 5 
40711, 5, 5 
26706, 5, 5 
38217, 5, 5 
24960, 5, 5 
836, 5, 5 
4529, 5, 5 
18431, 5, 5 
22720, 5, 5 
40393, 5, 5 
35462, 5, 5 
29462, 5, 5 
14955, 5, 5 
29404, 5, 5 
47284, 5, 5 
30575, 5, 5 
41933, 5, 5 
27482, 5, 5 
49784, 5, 5 
38165, 5, 5 
47250, 5, 5 
30405, 5, 5 
34843, 5, 5 
36252, 5, 5 
39923, 5, 5 
33349, 5, 5 
690, 5, 5 
28951, 5, 5 
18172, 5, 5 
20784, 5, 5 
59538, 5, 5 
20306, 5, 5 
12986, 5, 5 
43691, 5, 5 
5303, 5, 5 
52769, 5, 5 
53000, 5, 5 
31499, 5, 5 
27416, 5, 5 
7382, 5, 5 
47629, 5, 5 
41867, 5, 5 
57369, 5, 5 
59823, 5, 5 
32506, 5, 5 
53647, 5, 5 
14233, 5, 5 
47204, 5, 5 
33013, 5, 5 
41475, 5, 5 
40733, 5, 5 
35224, 5, 5 
182, 5, 5 
38360, 5, 5 
44821, 5, 5 
49825, 5, 5 
38628, 5, 5 
45591, 5, 5 
25423, 5, 5 
27952, 5, 5 
18083, 5, 5 
34463, 5, 5 
9858, 5, 5 
3705, 5, 5 
15884, 5, 5 
32698, 5, 5 
25966, 5, 5 
51626, 5, 5 
20140, 5, 5 
45872, 5, 5 
31926, 5, 5 
34626, 5, 5 
36065, 5, 5 
41602, 5, 5 
4562, 5, 5 
31821, 5, 5 
6983, 5, 5 
27818, 5, 5 
23903, 5, 5 
59482, 5, 5 
50138, 5, 5 
17118, 5, 5 
48083, 6, 6 
50776, 6, 6 
44666, 6, 6 
24342, 6, 6 
48907, 6, 6 
36743, 6, 6 
17686, 6, 6 
27046, 6, 6 
22178, 6, 6 
20984, 6, 6 
9015, 6, 6 
38450, 6, 6 
43424, 6, 6 
43498, 6, 6 
26622, 6, 6 
3221, 6, 6 
8715, 6, 6 
29221, 6, 6 
37228, 6, 6 
26729, 6, 6 
1637, 6, 6 
1113, 6, 6 
32889, 6, 6 
852, 6, 6 
49047, 6, 6 
14909, 6, 6 
8153, 6, 6 
33518, 6, 6 
49613, 6, 6 
33486, 6, 6 
5384, 6, 6 
32180, 6, 6 
32569, 6, 6 
46392, 6, 6 
44644, 6, 6 
21298, 6, 6 
50059, 6, 6 
12452, 6, 6 
27807, 6, 6 
24687, 6, 6 
56441, 6, 6 
43908, 6, 6 
8311, 6, 6 
11307, 6, 6 
28619, 6, 6 
17176, 6, 6 
41561, 6, 6 
22128, 6, 6 
35047, 6, 6 
22191, 6, 6 
13047, 6, 6 
11174, 6, 6 
54215, 6, 6 
50132, 6, 6 
12170, 6, 6 
42409, 6, 6 
42007, 6, 6 
43767, 6, 6 
21565, 6, 6 
12853, 6, 6 
41726, 6, 6 
23667, 6, 6 
12068, 6, 6 
30882, 6, 6 
44602, 6, 6 
27090, 6, 6 
37577, 6, 6 
31859, 6, 6 
8042, 6, 6 
28576, 6, 6 
7490, 6, 6 
51400, 6, 6 
29441, 6, 6 
34380, 6, 6 
40907, 6, 6 
29380, 6, 6 
7544, 6, 6 
38856, 6, 6 
38833, 6, 6 
52833, 6, 6 
34840, 6, 6 
50880, 6, 6 
1990, 6, 6 
57514, 6, 6 
41793, 6, 6 
83, 6, 6 
46567, 6, 6 
41408, 6, 6 
21941, 6, 6 
18732, 6, 6 
19761, 6, 6 
26439, 6, 6 
8817, 6, 6 
52742, 6, 6 
43720, 6, 6 
42694, 6, 6 
48760, 6, 6 
25665, 6, 6 
34601, 6, 6 
22763, 6, 6 
49456, 6, 6 
54602, 6, 6 
52420, 6, 6 
40625, 6, 6 
43161, 6, 6 
56115, 6, 6 
56358, 6, 6 
24030, 6, 6 
20113, 6, 6 
18125, 6, 6 
52434, 6, 6 
23107, 6, 6 
57860, 6, 6 
56830, 6, 6 
5274, 6, 6 
25467, 6, 6 
55512, 6, 6 
9765, 6, 6 
38634, 6, 6 
28177, 6, 6 
39260, 6, 6 
28876, 6, 6 
42160, 6, 6 
23937, 6, 6 
3932, 6, 6 
11610, 6, 6 
53148, 6, 6 
20978, 6, 6 
20896, 6, 6 
38988, 6, 6 
11915, 6, 6 
51031, 6, 6 
29917, 6, 6 
4232, 6, 6 
22212, 6, 6 
43822, 6, 6 
43804, 6, 6 
45090, 6, 6 
33560, 6, 6 
7202, 6, 6 
31457, 6, 6 
23453, 6, 6 
4827, 6, 6 
31481, 6, 6 
26576, 6, 6 
42730, 6, 6 
31626, 6, 6 
49827, 6, 6 
10591, 6, 6 
4702, 6, 6 
1779, 6, 6 
43035, 6, 6 
16769, 6, 6 
45224, 6, 6 
50418, 6, 6 
23236, 6, 6 
46665, 6, 6 
56840, 6, 6 
6013, 6, 6 
36113, 6, 6 
8225, 6, 6 
36578, 6, 6 
14147, 6, 6 
46389, 6, 6 
5993, 6, 6 
59959, 6, 6 
5956, 6, 6 
24179, 6, 6 
41201, 6, 6 
9512, 6, 6 
17796, 6, 6 
53706, 6, 6 
41757, 6, 6 
43396, 6, 6 
26469, 6, 6 
53929, 6, 6 
11592, 6, 6 
28708, 6, 6 
23766, 6, 6 
16768, 6, 6 
49651, 6, 6 
47047, 6, 6 
45425, 6, 6 
28552, 6, 6 
21955, 6, 6 
39221, 6, 6 
17199, 6, 6 
9010, 6, 6 
57347, 6, 6 
41047, 6, 6 
40717, 6, 6 
34046, 6, 6 
57253, 6, 6 
10996, 6, 6 
21564, 6, 6 
36491, 6, 6 
16065, 6, 6 
15448, 6, 6 
13575, 6, 6 
47474, 6, 6 
37256, 6, 6 
5576, 6, 6 
33585, 6, 6 
9239, 6, 6 
3207, 6, 6 
28386, 6, 6 
45294, 6, 6 
9468, 6, 6 
18520, 6, 6 
56790, 6, 6 
323, 6, 6 
28830, 6, 6 
578, 6, 6 
39567, 6, 6 
49448, 6, 6 
10218, 6, 6 
1146, 6, 6 
7991, 6, 6 
51355, 6, 6 
6486, 6, 6 
29507, 6, 6 
17728, 6, 6 
22716, 6, 6 
58592, 6, 6 
25593, 6, 6 
24286, 6, 6 
14374, 6, 6 
43564, 6, 6 
42847, 6, 6 
41974, 6, 6 
55824, 6, 6 
14265, 6, 6 
26551, 6, 6 
15634, 6, 6 
17204, 6, 6 
38876, 6, 6 
7997, 6, 6 
2480, 6, 6 
17287, 6, 6 
30741, 6, 6 
30036, 6, 6 
6562, 6, 6 
46186, 6, 6 
55713, 6, 6 
58786, 6, 6 
34413, 6, 6 
26983, 6, 6 
4314, 6, 6 
39709, 6, 6 
31268, 6, 6 
18199, 6, 6 
43264, 6, 6 
43866, 6, 6 
47458, 6, 6 
21407, 6, 6 
59895, 6, 6 
55584, 6, 6 
4770, 6, 6 
5334, 6, 6 
20957, 6, 6 
51700, 6, 6 
4620, 6, 6 
30878, 6, 6 
9928, 6, 6 
21605, 6, 6 
45742, 6, 6 
48451, 6, 6 
8829, 6, 6 
4431, 6, 6 
13306, 6, 6 
13999, 6, 6 
37621, 6, 6 
58050, 6, 6 
23019, 6, 6 
11684, 6, 6 
40591, 6, 6 
52877, 6, 6 
39893, 6, 6 
9187, 6, 6 
24127, 6, 6 
36014, 6, 6 
25963, 6, 6 
50242, 6, 6 
36305, 6, 6 
55977, 6, 6 
3586, 6, 6 
11870, 6, 6 
17397, 6, 6 
18032, 6, 6 
52062, 6, 6 
57023, 6, 6 
1536, 6, 6 
15447, 6, 6 
21348, 6, 6 
47593, 6, 6 
15324, 6, 6 
30716, 6, 6 
11875, 6, 6 
29643, 6, 6 
32876, 6, 6 
54153, 6, 6 
55515, 6, 6 
31924, 6, 6 
20136, 6, 6 
33015, 6, 6 
45267, 6, 6 
58136, 6, 6 
37334, 6, 6 
59035, 6, 6 
17619, 6, 6 
48886, 6, 6 
15478, 6, 6 
54067, 6, 6 
32255, 6, 6 
45368, 6, 6 
14973, 6, 6 
48278, 6, 6 
25422, 6, 6 
30812, 6, 6 
34897, 6, 6 
52503, 6, 6 
15280, 6, 6 
54403, 6, 6 
49718, 6, 6 
46013, 6, 6 
1337, 6, 6 
46594, 6, 6 
5021, 6, 6 
16054, 6, 6 
20104, 6, 6 
34812, 6, 6 
29140, 6, 6 
25010, 6, 6 
30507, 6, 6 
12401, 6, 6 
1731, 6, 6 
1784, 6, 6 
26071, 6, 6 
45609, 6, 6 
50741, 6, 6 
33980, 6, 6 
59578, 6, 6 
58798, 6, 6 
7684, 6, 6 
2657, 6, 6 
9206, 6, 6 
56673, 6, 6 
21585, 6, 6 
18168, 6, 6 
1266, 6, 6 
11263, 6, 6 
46903, 6, 6 
24622, 6, 6 
16056, 6, 6 
12220, 6, 6 
17764, 6, 6 
5040, 6, 6 
56130, 6, 6 
12047, 6, 6 
23566, 6, 6 
41666, 6, 6 
26124, 6, 6 
2214, 6, 6 
50004, 6, 6 
38936, 6, 6 
54298, 6, 6 
41695, 6, 6 
26452, 6, 6 
4990, 6, 6 
56182, 6, 6 
30150, 6, 6 
8407, 6, 6 
26940, 6, 8 
1204, 6, 6 
54252, 6, 6 
1520, 6, 6 
3297, 6, 6 
53047, 6, 6 
40278, 6, 6 
43640, 6, 6 
39067, 6, 6 
11128, 6, 6 
15084, 6, 6 
3127, 6, 6 
58900, 6, 6 
50818, 6, 6 
4724, 6, 6 
26019, 6, 6 
46646, 6, 6 
10836, 6, 6 
28222, 6, 6 
49060, 6, 6 
10440, 6, 6 
20119, 6, 6 
34260, 6, 6 
39045, 6, 6 
18330, 6, 6 
32977, 6, 6 
12005, 6, 6 
40139, 6, 6 
21122, 6, 6 
46189, 6, 6 
47824, 6, 6 
57971, 6, 6 
34748, 6, 6 
40501, 6, 6 
44735, 6, 6 
43795, 6, 6 
12636, 6, 6 
41430, 6, 6 
38299, 6, 6 
41134, 6, 6 
37246, 6, 6 
23654, 6, 6 
43054, 6, 6 
41111, 6, 6 
14632, 6, 6 
5290, 6, 6 
3139, 6, 6 
57260, 6, 6 
35206, 6, 6 
36101, 6, 6 
6799, 6, 6 
15780, 6, 6 
47451, 6, 6 
52551, 6, 6 
10234, 6, 6 
18791, 6, 6 
14437, 6, 6 
17011, 6, 6 
7179, 6, 6 
30025, 6, 6 
46755, 6, 6 
54771, 6, 6 
56747, 6, 6 
9872, 6, 6 
9635, 6, 6 
21290, 6, 6 
37502, 6, 6 
7212, 6, 6 
31411, 6, 6 
47162, 6, 6 
38548, 6, 6 
3559, 6, 6 
31974, 6, 6 
33704, 6, 6 
4963, 6, 6 
35683, 6, 6 
44817, 6, 6 
10976, 6, 6 
28320, 6, 6 
59029, 6, 6 
42361, 6, 6 
126, 6, 6 
36291, 6, 6 
26563, 6, 6 
22465, 6, 6 
44201, 6, 6 
57254, 6, 6 
55230, 6, 6 
36496, 6, 6 
38104, 6, 6 
33397, 6, 6 
15843, 6, 6 
36274, 6, 6 
4402, 6, 6 
23244, 6, 6 
41814, 6, 6 
56885, 6, 6 
16534, 6, 6 
20781, 6, 6 
147, 6, 6 
56899, 6, 6 
48605, 6, 6 
2992, 6, 6 
36067, 6, 6 
42937, 6, 6 
59687, 6, 6 
52856, 6, 6 
32927, 6, 6 
15441, 6, 6 
21762, 6, 6 
48430, 6, 6 
44168, 6, 6 
35033, 6, 6 
33542, 6, 6 
32754, 6, 6 
6157, 6, 6 
27491, 6, 6 
16667, 6, 6 
31521, 6, 6 
46845, 6, 6 
48821, 6, 6 
1557, 6, 6 
50160, 6, 6 
3330, 6, 6 
30930, 6, 6 
43678, 6, 6 
55754, 6, 6 
45376, 6, 6 
25392, 7, 7 
42062, 7, 7 
56111, 7, 7 
7686, 7, 7 
10759, 7, 7 
820, 7, 7 
20370, 7, 7 
50047, 7, 7 
30380, 7, 7 
50732, 7, 7 
55021, 7, 7 
24742, 7, 7 
43493, 7, 7 
39687, 7, 7 
5555, 7, 7 
34344, 7, 7 
7795, 7, 7 
31076, 7, 7 
43381, 7, 7 
50620, 7, 7 
50359, 7, 1 
45663, 7, 7 
4331, 7, 7 
35668, 7, 7 
16712, 7, 7 
17329, 7, 7 
43926, 7, 7 
12982, 7, 7 
30560, 7, 7 
9444, 7, 7 
52752, 7, 7 
3641, 7, 7 
56086, 7, 7 
59682, 7, 7 
53783, 7, 7 
39826, 7, 7 
37987, 7, 7 
14841, 7, 7 
51502, 7, 7 
43645, 7, 7 
9519, 7, 7 
353, 7, 7 
13883, 7, 7 
24571, 7, 7 
12296, 7, 7 
7525, 7, 7 
50874, 7, 7 
35176, 7, 7 
5716, 7, 7 
11290, 7, 7 
54606, 7, 7 
30001, 7, 7 
20310, 7, 7 
31362, 7, 7 
25693, 7, 7 
54372, 7, 7 
52568, 7, 7 
51452, 7, 7 
47941, 7, 7 
50376, 7, 7 
54115, 7, 7 
28532, 7, 7 
39261, 7, 7 
5959, 7, 7 
25469, 7, 7 
33466, 7, 7 
10496, 7, 7 
38243, 7, 7 
41221, 7, 7 
18894, 7, 7 
4034, 7, 7 
30982, 7, 7 
23246, 7, 7 
58453, 7, 7 
45829, 7, 7 
15737, 7, 7 
41919, 7, 7 
51292, 7, 7 
8286, 7, 7 
28790, 7, 7 
55848, 7, 7 
21464, 7, 7 
55945, 7, 7 
23708, 7, 7 
58565, 7, 7 
36395, 7, 7 
48190, 7, 7 
45361, 7, 7 
20856, 7, 7 
44156, 7, 7 
28956, 7, 7 
26287, 7, 7 
2381, 7, 7 
6650, 7, 7 
8556, 7, 7 
55517, 7, 7 
58974, 7, 7 
17117, 7, 7 
25597, 7, 7 
29324, 7, 7 
55467, 7, 7 
24928, 7, 7 
33406, 7, 7 
27647, 7, 7 
39477, 7, 7 
19193, 7, 7 
59526, 7, 7 
41549, 7, 7 
41584, 7, 7 
53210, 7, 7 
44896, 7, 7 
9434, 7, 7 
44865, 7, 7 
38437, 7, 7 
19642, 7, 7 
45374, 7, 7 
35842, 7, 7 
46215, 7, 7 
36603, 7, 7 
22057, 7, 7 
52339, 7, 7 
16437, 7, 7 
16226, 7, 7 
21483, 7, 7 
52969, 7, 7 
39062, 7, 7 
3008, 7, 7 
22082, 7, 7 
13123, 7, 7 
56390, 7, 7 
43046, 7, 7 
12979, 7, 7 
22090, 7, 7 
14594, 7, 7 
19527, 7, 7 
9747, 7, 7 
13187, 7, 7 
634, 7, 7 
34997, 7, 7 
25201, 7, 7 
48298, 7, 7 
26151, 7, 7 
22577, 7, 7 
36283, 7, 7 
51927, 7, 7 
32247, 7, 7 
52666, 7, 7 
23711, 7, 7 
14053, 7, 7 
22314, 7, 7 
18966, 7, 7 
41769, 7, 7 
28314, 7, 7 
15213, 7, 7 
34047, 7, 7 
4175, 7, 7 
19525, 7, 7 
53418, 7, 7 
43362, 7, 7 
43382, 7, 7 
6881, 7, 7 
41520, 7, 7 
16271, 7, 7 
19344, 7, 7 
51663, 7, 7 
55329, 7, 7 
43618, 7, 7 
48724, 7, 7 
7331, 7, 7 
13512, 7, 7 
2881, 7, 7 
57600, 7, 7 
55180, 7, 7 
47325, 7, 7 
40873, 7, 7 
46311, 7, 7 
884, 7, 7 
52077, 7, 7 
38246, 7, 7 
56233, 7, 7 
16113, 7, 7 
54871, 7, 7 
36105, 7, 7 
43087, 7, 7 
28309, 7, 7 
43378, 7, 7 
26755, 7, 7 
44170, 7, 7 
39579, 7, 7 
37833, 7, 7 
56591, 7, 7 
14871, 7, 7 
33423, 7, 7 
10263, 7, 7 
18358, 7, 7 
44911, 7, 7 
3252, 7, 7 
48108, 7, 7 
11525, 7, 7 
14076, 7, 7 
23479, 7, 7 
56897, 7, 7 
9445, 7, 7 
49174, 7, 7 
41168, 7, 7 
23000, 7, 7 
1347, 7, 7 
31003, 7, 7 
23433, 7, 7 
12941, 7, 7 
29159, 7, 7 
30917, 7, 7 
4273, 7, 7 
3253, 7, 7 
5741, 7, 7 
6911, 7, 7 
38278, 7, 7 
7663, 7, 7 
45192, 7, 7 
1953, 7, 7 
14814, 7, 7 
15256, 7, 7 
23051, 7, 7 
55699, 7, 7 
30513, 7, 7 
59379, 7, 7 
11266, 7, 7 
26056, 7, 7 
23985, 7, 7 
46618, 7, 7 
53986, 7, 7 
42105, 7, 7 
4863, 7, 7 
28723, 7, 7 
22791, 7, 7 
12676, 7, 7 
45496, 7, 7 
1400, 7, 7 
17683, 7, 7 
49616, 7, 7 
35351, 7, 7 
55885, 7, 7 
11660, 7, 7 
30290, 7, 7 
24351, 7, 7 
23334, 7, 7 
2986, 7, 7 
25011, 7, 7 
51984, 7, 7 
27054, 7, 7 
39257, 7, 7 
35645, 7, 7 
39586, 7, 7 
11122, 7, 7 
58520, 7, 7 
45170, 7, 7 
41324, 7, 7 
28450, 7, 7 
26679, 7, 7 
36530, 7, 7 
29282, 7, 7 
21547, 7, 7 
41958, 7, 7 
6173, 7, 7 
48712, 7, 7 
22588, 7, 7 
35372, 7, 7 
57323, 7, 7 
20105, 7, 7 
3060, 7, 7 
47504, 7, 7 
52261, 7, 7 
45200, 7, 7 
59025, 7, 7 
48170, 7, 7 
39643, 7, 7 
52964, 7, 7 
21388, 7, 7 
34687, 7, 7 
48404, 7, 7 
57921, 7, 7 
23427, 7, 7 
51166, 7, 7 
10154, 7, 7 
8069, 7, 7 
45930, 7, 7 
2844, 7, 7 
33838, 7, 7 
57643, 7, 7 
8167, 7, 7 
25160, 7, 7 
4571, 7, 7 
42892, 7, 7 
46642, 7, 7 
26838, 7, 7 
58972, 7, 7 
53702, 7, 7 
42415, 7, 7 
32662, 7, 7 
49909, 7, 7 
16970, 7, 7 
21318, 7, 7 
48102, 7, 7 
54435, 7, 7 
58528, 7, 7 
8866, 7, 7 
49372, 7, 7 
19534, 7, 7 
11623, 7, 7 
467, 7, 7 
40046, 7, 7 
34934, 7, 7 
59533, 7, 7 
40911, 7, 7 
16454, 7, 7 
33037, 7, 7 
26271, 7, 7 
11421, 7, 7 
6088, 7, 7 
3498, 7, 7 
34233, 7, 7 
21518, 7, 7 
14755, 7, 7 
32957, 7, 7 
23588, 7, 2 
59611, 7, 7 
17443, 7, 7 
44254, 7, 7 
4530, 7, 7 
9843, 7, 7 
35731, 7, 7 
33543, 7, 7 
5347, 7, 7 
45744, 7, 7 
13744, 7, 7 
30462, 7, 7 
2477, 7, 7 
6722, 7, 7 
37500, 7, 7 
11020, 7, 7 
24907, 7, 7 
35225, 7, 7 
46174, 7, 7 
30504, 7, 7 
3283, 7, 7 
44663, 7, 7 
39784, 7, 7 
17017, 7, 7 
26189, 7, 7 
52952, 7, 1 
20996, 7, 7 
654, 7, 7 
52196, 7, 7 
307, 7, 7 
32604, 7, 7 
17424, 7, 7 
30015, 7, 7 
49136, 7, 7 
8699, 7, 7 
40603, 7, 7 
24140, 7, 7 
8516, 7, 7 
49862, 7, 7 
20909, 7, 7 
56253, 7, 7 
14284, 7, 7 
52477, 7, 7 
48343, 7, 7 
11553, 7, 7 
16687, 7, 7 
19262, 7, 7 
59172, 7, 7 
38133, 7, 7 
12841, 7, 7 
20504, 7, 7 
30558, 7, 7 
48787, 7, 7 
42125, 7, 7 
31957, 7, 7 
5906, 7, 7 
48122, 7, 7 
46055, 7, 7 
9467, 7, 7 
37073, 7, 7 
34477, 7, 7 
14386, 7, 7 
16717, 7, 7 
3162, 7, 7 
12188, 7, 7 
32195, 7, 7 
46957, 7, 7 
9115, 7, 7 
25133, 7, 7 
30764, 7, 7 
34230, 7, 7 
193, 7, 7 
29982, 7, 7 
5223, 7, 7 
49327, 7, 7 
53977, 7, 7 
50046, 7, 7 
6315, 7, 7 
44246, 7, 7 
26303, 7, 7 
5057, 7, 7 
7950, 7, 7 
4876, 7, 7 
51389, 7, 7 
24884, 7, 7 
58690, 7, 7 
44588, 7, 7 
42030, 7, 7 
29859, 7, 7 
45871, 7, 7 
17696, 7, 7 
42281, 7, 7 
9102, 7, 7 
51011, 7, 7 
25363, 7, 7 
23248, 7, 7 
26966, 7, 7 
23442, 7, 7 
31187, 7, 7 
27485, 7, 7 
22350, 7, 7 
17917, 7, 7 
43179, 7, 7 
26826, 7, 7 
9545, 7, 7 
7423, 7, 7 
45691, 7, 7 
22171, 7, 7 
42501, 7, 7 
18037, 7, 7 
48672, 7, 7 
1043, 7, 7 
10788, 7, 7 
8861, 7, 7 
45456, 7, 7 
30936, 7, 7 
8130, 7, 7 
34032, 7, 7 
21462, 7, 7 
53074, 7, 7 
57991, 7, 7 
36135, 7, 7 
47464, 7, 7 
50115, 7, 7 
46737, 7, 7 
57098, 7, 7 
46765, 7, 7 
48305, 7, 7 
59552, 7, 7 
38506, 7, 7 
40512, 7, 7 
49024, 7, 7 
50438, 7, 7 
48992, 7, 7 
57282, 7, 7 
23698, 7, 7 
2825, 7, 7 
29117, 7, 7 
9429, 7, 7 
19251, 7, 7 
28061, 7, 7 
21322, 7, 7 
31383, 7, 7 
21456, 7, 7 
52787, 7, 7 
29796, 7, 7 
50763, 7, 7 
31690, 7, 7 
35961, 7, 7 
30643, 7, 7 
48519, 7, 7 
36840, 7, 7 
41928, 7, 7 
47775, 7, 7 
51916, 7, 7 
34732, 7, 7 
55613, 7, 7 
32327, 7, 7 
14898, 7, 7 
521, 7, 7 
15952, 7, 7 
9716, 7, 7 
18391, 7, 7 
47717, 7, 7 
14832, 7, 7 
9793, 7, 7 
32150, 7, 7 
18824, 7, 7 
24568, 7, 7 
48315, 7, 7 
41661, 7, 7 
46156, 7, 7 
21662, 7, 7 
40018, 7, 7 
47402, 7, 7 
3916, 7, 7 
51094, 8, 8 
58424, 8, 8 
17668, 8, 8 
38067, 8, 8 
19582, 8, 8 
46237, 8, 8 
42034, 8, 8 
46118, 8, 8 
18644, 8, 8 
50307, 8, 8 
36099, 8, 8 
46018, 8, 8 
5112, 8, 8 
55683, 8, 8 
25859, 8, 8 
15467, 8, 8 
8661, 8, 8 
9591, 8, 8 
734, 8, 8 
28144, 8, 8 
26373, 8, 8 
20954, 8, 8 
3273, 8, 8 
50530, 8, 8 
13219, 8, 8 
16398, 8, 8 
55081, 8, 8 
45576, 8, 8 
30415, 8, 8 
40852, 8, 8 
14055, 8, 8 
47634, 8, 8 
27545, 8, 8 
17036, 8, 8 
51330, 8, 8 
7168, 8, 8 
59395, 8, 8 
38807, 8, 8 
24002, 8, 8 
22923, 8, 8 
41709, 8, 8 
1289, 8, 8 
15664, 8, 8 
18109, 8, 8 
20025, 8, 8 
16158, 8, 8 
5372, 8, 8 
32502, 8, 8 
6940, 8, 8 
10649, 8, 8 
34257, 8, 8 
15595, 8, 8 
45706, 8, 8 
13677, 8, 8 
57318, 8, 8 
44427, 8, 8 
8213, 8, 8 
38863, 8, 8 
54656, 8, 8 
40646, 8, 8 
40595, 8, 8 
33481, 8, 8 
34029, 8, 8 
58856, 8, 8 
35843, 8, 8 
52719, 8, 8 
4040, 8, 8 
17596, 8, 8 
40558, 8, 8 
33621, 8, 8 
47567, 8, 8 
12419, 8, 8 
36503, 8, 8 
18856, 8, 8 
4598, 8, 8 
37299, 8, 8 
18674, 8, 8 
10817, 8, 8 
55407, 8, 8 
47328, 8, 8 
1616, 8, 8 
21962, 8, 8 
17165, 8, 8 
50170, 8, 8 
55706, 8, 8 
34565, 8, 8 
20709, 8, 8 
11213, 8, 8 
40708, 8, 8 
22724, 8, 8 
37095, 8, 8 
39806, 8, 8 
16069, 8, 8 
36752, 8, 8 
16994, 8, 8 
36727, 8, 8 
7184, 8, 8 
6508, 8, 8 
10862, 8, 8 
30559, 8, 8 
25379, 8, 8 
44874, 8, 8 
46175, 8, 8 
33802, 8, 8 
33036, 8, 8 
18890, 8, 8 
58508, 8, 8 
48192, 8, 8 
35145, 8, 8 
41751, 8, 8 
2687, 8, 8 
23637, 8, 8 
14382, 8, 8 
43930, 8, 8 
16275, 8, 8 
26611, 8, 8 
31706, 8, 8 
48997, 8, 8 
37428, 8, 8 
50532, 8, 8 
35438, 8, 8 
1404, 8, 6 
46789, 8, 8 
15956, 8, 8 
33514, 8, 8 
28892, 8, 8 
33460, 8, 8 
16457, 8, 8 
2421, 8, 8 
20873, 8, 8 
38587, 8, 8 
43511, 8, 8 
15532, 8, 8 
47726, 8, 8 
57031, 8, 8 
44631, 8, 8 
2210, 8, 8 
20876, 8, 8 
21593, 8, 8 
17197, 8, 8 
40856, 8, 8 
11625, 8, 8 
47093, 8, 8 
41901, 8, 8 
52983, 8, 8 
52072, 8, 8 
35339, 8, 8 
30050, 8, 8 
13680, 8, 8 
12182, 8, 8 
6477, 8, 8 
49400, 8, 8 
1758, 8, 8 
25984, 8, 8 
11940, 8, 8 
12782, 8, 8 
47163, 8, 8 
10663, 8, 8 
23466, 8, 8 
20580, 8, 8 
20014, 8, 8 
12557, 8, 8 
3353, 8, 8 
52808, 8, 8 
30111, 8, 8 
53730, 8, 8 
12663, 8, 8 
300, 8, 8 
8299, 8, 8 
29877, 8, 8 
16750, 8, 8 
11121, 8, 8 
29276, 8, 8 
53002, 8, 8 
38641, 8, 8 
16979, 8, 8 
6187, 8, 8 
18281, 8, 8 
34312, 8, 8 
2805, 8, 8 
27072, 8, 8 
54919, 8, 8 
34107, 8, 8 
54725, 8, 8 
19291, 8, 8 
25568, 8, 8 
45842, 8, 8 
4308, 8, 8 
48223, 8, 8 
6760, 8, 8 
15248, 8, 8 
39350, 8, 8 
27851, 8, 8 
5418, 8, 8 
41327, 8, 8 
5574, 8, 8 
2425, 8, 8 
7231, 8, 8 
54463, 8, 8 
50410, 8, 8 
22059, 8, 8 
865, 8, 8 
9650, 8, 8 
46063, 8, 8 
26085, 8, 8 
1783, 8, 8 
6223, 8, 8 
8955, 8, 8 
18710, 8, 8 
22623, 8, 8 
528, 8, 8 
23717, 8, 8 
30248, 8, 8 
54920, 8, 8 
58305, 8, 8 
59485, 8, 8 
42656, 8, 8 
55619, 8, 8 
36648, 8, 8 
1901, 8, 8 
24889, 8, 8 
22289, 8, 8 
35264, 8, 8 
53996, 8, 8 
41394, 8, 8 
50114, 8, 8 
42473, 8, 8 
7586, 8, 8 
1966, 8, 8 
28480, 8, 8 
41873, 8, 8 
27348, 8, 8 
28587, 8, 8 
16373, 8, 8 
40195, 8, 8 
50740, 8, 8 
10358, 8, 1 
58593, 8, 8 
34669, 8, 8 
36677, 8, 8 
10561, 8, 8 
49044, 8, 8 
49225, 8, 8 
1067, 8, 8 
39778, 8, 8 
48973, 8, 8 
51467, 8, 8 
41416, 8, 8 
54636, 8, 8 
49457, 8, 8 
31091, 8, 8 
59711, 8, 8 
12043, 8, 8 
35042, 8, 8 
42442, 8, 8 
48503, 8, 8 
50785, 8, 8 
14968, 8, 8 
54327, 8, 8 
41712, 8, 8 
57988, 8, 8 
14226, 8, 8 
53517, 8, 8 
50231, 8, 8 
43695, 8, 8 
46502, 8, 8 
20107, 8, 8 
30654, 8, 8 
41013, 8, 8 
25849, 8, 8 
6788, 8, 8 
3883, 8, 8 
39104, 8, 8 
33278, 8, 8 
8666, 8, 8 
9057, 8, 8 
55118, 8, 8 
30478, 8, 8 
8536, 8, 8 
47051, 8, 8 
34722, 8, 8 
23631, 8, 8 
9408, 8, 8 
32270, 8, 8 
19128, 8, 8 
7575, 8, 8 
33771, 8, 8 
59429, 8, 8 
49620, 8, 8 
43201, 8, 8 
11749, 8, 8 
46738, 8, 8 
3158, 8, 8 
4282, 8, 8 
56867, 8, 8 
29198, 8, 8 
35232, 8, 8 
30937, 8, 8 
22469, 8, 8 
15341, 8, 8 
8210, 8, 8 
58969, 8, 8 
9762, 8, 8 
5170, 8, 8 
22266, 8, 8 
13095, 8, 8 
5534, 8, 8 
17302, 8, 8 
13477, 8, 8 
6962, 8, 8 
15307, 8, 8 
51224, 8, 8 
18478, 8, 8 
40808, 8, 8 
9088, 8, 8 
3517, 8, 8 
31440, 8, 8 
7359, 8, 8 
8482, 8, 8 
36854, 8, 8 
2001, 8, 8 
45270, 8, 8 
5248, 8, 8 
38331, 8, 8 
15321, 8, 8 
42944, 8, 8 
47438, 8, 8 
54178, 8, 8 
59568, 8, 8 
58709, 8, 8 
57077, 8, 8 
19756, 8, 8 
37479, 8, 8 
3299, 8, 8 
37857, 8, 8 
41106, 8, 8 
35591, 8, 8 
16951, 8, 8 
28045, 8, 8 
46034, 8, 8 
16901, 8, 8 
23639, 8, 8 
16611, 8, 8 
58464, 8, 8 
19237, 8, 8 
517, 8, 8 
28694, 8, 8 
37417, 8, 8 
57513, 8, 8 
15091, 8, 8 
23659, 8, 8 
45122, 8, 8 
43755, 8, 8 
42504, 8, 8 
41495, 8, 8 
13320, 8, 8 
20945, 8, 8 
47317, 8, 8 
21106, 8, 8 
7681, 8, 8 
51315, 8, 8 
43698, 8, 8 
23400, 8, 8 
40814, 8, 8 
48372, 8, 8 
50176, 8, 8 
58122, 8, 8 
28710, 8, 8 
34567, 8, 8 
55973, 8, 8 
49095, 8, 8 
18334, 8, 8 
25988, 8, 8 
41544, 8, 8 
16937, 8, 8 
6136, 8, 8 
18242, 8, 8 
12309, 8, 8 
55989, 8, 8 
46631, 8, 8 
23086, 8, 8 
41203, 8, 8 
58150, 8, 8 
23193, 8, 8 
8761, 8, 8 
4006, 8, 8 
8465, 8, 8 
27210, 8, 8 
55026, 8, 8 
15691, 8, 8 
56299, 8, 8 
16797, 8, 8 
4814, 8, 8 
26043, 8, 8 
55555, 8, 8 
19079, 8, 8 
19435, 8, 8 
5055, 8, 8 
3816, 8, 8 
39995, 8, 8 
6943, 8, 8 
46428, 8, 8 
21183, 8, 8 
23077, 8, 8 
30732, 8, 8 
22320, 8, 8 
31168, 8, 8 
8366, 8, 8 
49999, 8, 8 
13083, 8, 8 
23890, 8, 8 
45351, 8, 8 
39144, 8, 8 
19224, 8, 8 
7300, 8, 8 
21286, 8, 8 
37096, 8, 8 
45923, 8, 8 
31273, 8, 8 
17594, 8, 8 
33202, 8, 8 
51754, 8, 8 
48855, 8, 8 
42712, 8, 8 
32407, 8, 8 
11724, 8, 8 
47136, 8, 8 
20116, 8, 8 
50869, 8, 8 
31765, 8, 8 
55436, 8, 8 
53574, 8, 8 
22163, 8, 8 
28182, 8, 8 
41078, 8, 8 
45710, 8, 8 
36610, 8, 8 
39547, 8, 8 
15430, 8, 8 
55761, 8, 8 
39242, 8, 8 
15458, 8, 8 
23967, 8, 8 
41996, 8, 8 
9567, 8, 8 
41017, 8, 8 
11398, 8, 8 
22617, 8, 8 
17027, 8, 8 
41529, 8, 8 
2833, 8, 8 
27524, 8, 8 
6952, 8, 8 
9844, 8, 8 
46699, 8, 8 
19593, 8, 8 
55557, 8, 8 
21925, 8, 8 
50571, 8, 8 
34719, 8, 8 
31333, 8, 8 
52157, 8, 8 
43069, 8, 8 
55614, 8, 8 
51223, 8, 8 
10619, 8, 8 
55182, 8, 8 
57800, 8, 8 
39693, 8, 8 
45016, 8, 8 
10001, 8, 8 
3688, 8, 8 
58993, 8, 8 
18434, 8, 8 
48824, 8, 8 
33570, 8, 8 
57532, 8, 8 
4253, 8, 8 
17614, 8, 8 
16377, 8, 8 
9213, 8, 8 
55852, 8, 8 
4637, 8, 8 
54054, 8, 8 
5281, 8, 8 
56428, 8, 8 
18580, 8, 8 
17021, 8, 8 
16639, 8, 8 
59340, 8, 8 
34540, 8, 8 
54654, 8, 8 
52218, 8, 8 
18952, 8, 8 
54352, 8, 8 
9944, 8, 8 
791, 8, 8 
25674, 8, 8 
24909, 8, 8 
32011, 8, 8 
52827, 9, 9 
20228, 9, 9 
21757, 9, 9 
45071, 9, 9 
48057, 9, 9 
116, 9, 9 
5045, 9, 9 
19832, 9, 9 
21774, 9, 9 
13072, 9, 9 
4447, 9, 9 
39000, 9, 9 
12563, 9, 9 
49599, 9, 9 
15235, 9, 9 
54, 9, 9 
20773, 9, 7 
33126, 9, 9 
27226, 9, 9 
6368, 9, 9 
46137, 9, 9 
47292, 9, 9 
11123, 9, 9 
57421, 9, 9 
8404, 9, 9 
8301, 9, 9 
28808, 9, 9 
17107, 9, 9 
9247, 9, 9 
13439, 9, 9 
6993, 9, 9 
48457, 9, 9 
21870, 9, 9 
31426, 9, 9 
39692, 9, 9 
1352, 9, 3 
22078, 9, 9 
45232, 9, 9 
14434, 9, 9 
46271, 9, 9 
58616, 9, 9 
18698, 9, 9 
42943, 9, 9 
50851, 9, 9 
8525, 9, 9 
15367, 9, 9 
41979, 9, 9 
13472, 9, 9 
15970, 9, 9 
52304, 9, 9 
42090, 9, 9 
25865, 9, 9 
50537, 9, 9 
24194, 9, 9 
19576, 9, 9 
3447, 9, 9 
34504, 9, 9 
50908, 9, 9 
55064, 9, 9 
34196, 9, 9 
55125, 9, 9 
27004, 9, 9 
1142, 9, 9 
21807, 9, 9 
57729, 9, 9 
45775, 9, 9 
36104, 9, 9 
36420, 9, 9 
55938, 9, 9 
304, 9, 9 
31244, 9, 9 
34715, 9, 9 
32350, 9, 9 
23327, 9, 9 
35332, 9, 9 
31676, 9, 9 
25872, 9, 9 
48747, 9, 9 
58004, 9, 9 
7518, 9, 9 
1056, 9, 9 
3827, 9, 9 
47987, 9, 9 
27873, 9, 9 
13997, 9, 9 
5523, 9, 9 
22176, 9, 9 
33144, 9, 9 
34838, 9, 9 
10165, 9, 9 
33860, 9, 9 
20086, 9, 9 
22332, 9, 9 
35603, 9, 9 
19109, 9, 9 
1169, 9, 9 
56622, 9, 9 
19644, 9, 9 
8005, 9, 9 
16934, 9, 9 
25828, 9, 9 
1005, 9, 9 
32403, 9, 9 
4544, 9, 9 
10428, 9, 9 
17081, 9, 9 
12162, 9, 9 
11990, 9, 9 
27066, 9, 9 
37754, 9, 9 
53456, 9, 9 
264, 9, 9 
29693, 9, 9 
19707, 9, 9 
43028, 9, 9 
40167, 9, 9 
22678, 9, 9 
27773, 9, 9 
24246, 9, 9 
17622, 9, 9 
38910, 9, 9 
47813, 9, 9 
59344, 9, 9 
25044, 9, 9 
34743, 9, 9 
4975, 9, 9 
6301, 9, 9 
26806, 9, 9 
43786, 9, 9 
2728, 9, 9 
49333, 9, 9 
47588, 9, 9 
22804, 9, 9 
33793, 9, 9 
11366, 9, 9 
47645, 9, 9 
600, 9, 9 
29591, 9, 9 
33402, 9, 9 
53853, 9, 9 
33212, 9, 9 
42173, 9, 9 
25585, 9, 9 
2779, 9, 9 
42118, 9, 9 
1459, 9, 9 
26215, 9, 9 
43660, 9, 9 
32047, 9, 0 
34615, 9, 9 
56753, 9, 9 
38137, 9, 9 
14436, 9, 9 
35893, 9, 9 
19244, 9, 5 
319, 9, 9 
3190, 9, 9 
46706, 9, 9 
59409, 9, 9 
5522, 9, 9 
38419, 9, 9 
23257, 9, 9 
3796, 9, 9 
10038, 9, 9 
2553, 9, 9 
9758, 9, 9 
38795, 9, 9 
29305, 9, 9 
12708, 9, 9 
30698, 9, 9 
11830, 9, 9 
49844, 9, 9 
4466, 9, 9 
31834, 9, 9 
12646, 9, 9 
13041, 9, 9 
28055, 9, 9 
31275, 9, 9 
41953, 9, 9 
49730, 9, 9 
45431, 9, 9 
24620, 9, 9 
22148, 9, 9 
33380, 9, 9 
25933, 9, 9 
51393, 9, 9 
13173, 9, 9 
58332, 9, 9 
41510, 9, 9 
29111, 9, 9 
27277, 9, 9 
13668, 9, 9 
45654, 9, 9 
41364, 9, 9 
51093, 9, 9 
25267, 9, 9 
51545, 9, 9 
10109, 9, 9 
55114, 9, 9 
11190, 9, 9 
19747, 9, 9 
39640, 9, 9 
22086, 9, 9 
46909, 9, 9 
41135, 9, 9 
36550, 9, 9 
27116, 9, 9 
26108, 9, 9 
26748, 9, 4 
24387, 9, 9 
26594, 9, 9 
43982, 9, 9 
45873, 9, 9 
59634, 9, 9 
59458, 9, 9 
20345, 9, 9 
49669, 9, 9 
28753, 9, 9 
43966, 9, 9 
5391, 9, 9 
41274, 9, 9 
39447, 9, 9 
59381, 9, 9 
43650, 9, 9 
13326, 9, 9 
24153, 9, 9 
20207, 9, 9 
26950, 9, 9 
58242, 9, 9 
33961, 9, 9 
32351, 9, 9 
56906, 9, 9 
31077, 9, 9 
41645, 9, 9 
55496, 9, 9 
2911, 9, 9 
48836, 9, 9 
38917, 9, 9 
39724, 9, 9 
43365, 9, 9 
32848, 9, 9 
31833, 9, 9 
58372, 9, 9 
44228, 9, 9 
52180, 9, 9 
50462, 9, 9 
52948, 9, 9 
54300, 9, 9 
5165, 9, 9 
22523, 9, 9 
11912, 9, 9 
25019, 9, 9 
36779, 9, 9 
53964, 9, 9 
11557, 9, 9 
31986, 9, 9 
34258, 9, 9 
13499, 9, 9 
23638, 9, 9 
40293, 9, 9 
41701, 9, 9 
40050, 9, 9 
16617, 9, 9 
44104, 9, 9 
5063, 9, 9 
59084, 9, 9 
7647, 9, 9 
37026, 9, 3 
31405, 9, 9 
5940, 9, 9 
42757, 9, 9 
40328, 9, 9 
29236, 9, 9 
16702, 9, 9 
57896, 9, 9 
56304, 9, 9 
33721, 9, 9 
55200, 9, 9 
11246, 9, 9 
21245, 9, 9 
56649, 9, 9 
31141, 9, 9 
59135, 9, 9 
27566, 9, 9 
32260, 9, 9 
40177, 9, 9 
23574, 9, 9 
52709, 9, 9 
39660, 9, 9 
24243, 9, 9 
20111, 9, 9 
1161, 9, 9 
30520, 9, 9 
36349, 9, 9 
26179, 9, 9 
45247, 9, 9 
43718, 9, 9 
3781, 9, 9 
13678, 9, 9 
50309, 9, 9 
5341, 9, 9 
6999, 9, 9 
15693, 9, 9 
1552, 9, 9 
313, 9, 9 
20594, 9, 9 
5282, 9, 9 
42231, 9, 9 
23635, 9, 9 
33249, 9, 9 
31896, 9, 9 
57239, 9, 9 
52383, 9, 9 
37359, 9, 9 
4902, 9, 9 
32163, 9, 9 
23266, 9, 9 
10235, 9, 9 
727, 9, 9 
43611, 9, 9 
57018, 9, 9 
48603, 9, 9 
30099, 9, 9 
51012, 9, 9 
29328, 9, 9 
16588, 9, 9 
30010, 9, 9 
32959, 9, 9 
34184, 9, 9 
20450, 9, 9 
41081, 9, 9 
49710, 9, 9 
55702, 9, 9 
25478, 9, 9 
1465, 9, 9 
11015, 9, 9 
27730, 9, 9 
31524, 9, 9 
53211, 9, 9 
8440, 9, 9 
59948, 9, 9 
32821, 9, 9 
26839, 9, 9 
34399, 9, 9 
14120, 9, 9 
21040, 9, 9 
8015, 9, 9 
4754, 9, 9 
172, 9, 9 
14582, 9, 4 
46946, 9, 9 
2989, 9, 9 
37430, 9, 9 
54443, 9, 9 
18500, 9, 9 
54944, 9, 9 
10623, 9, 9 
26822, 9, 9 
13194, 9, 9 
47540, 9, 9 
42529, 9, 9 
39997, 9, 9 
36261, 9, 9 
50997, 9, 9 
12999, 9, 9 
48566, 9, 9 
14222, 9, 5 
10810, 9, 9 
43916, 9, 9 
5386, 9, 9 
57688, 9, 9 
5765, 9, 9 
11934, 9, 9 
52763, 9, 9 
282, 9, 9 
17226, 9, 9 
26082, 9, 9 
34066, 9, 9 
44008, 9, 9 
56760, 9, 9 
1591, 9, 9 
19567, 9, 9 
57452, 9, 9 
46490, 9, 9 
13414, 9, 9 
33944, 9, 9 
40854, 9, 9 
35804, 9, 9 
40026, 9, 9 
59109, 9, 9 
38632, 9, 9 
51581, 9, 9 
15745, 9, 9 
8468, 9, 9 
56877, 9, 9 
15433, 9, 9 
4720, 9, 9 
42459, 9, 9 
49219, 9, 9 
346, 9, 9 
36606, 9, 9 
6813, 9, 9 
32759, 9, 9 
31961, 9, 9 
7853, 9, 9 
4098, 9, 9 
58013, 9, 9 
27361, 9, 9 
20861, 9, 9 
44855, 9, 9 
56041, 9, 9 
7241, 9, 9 
14985, 9, 9 
42311, 9, 9 
9469, 9, 9 
19147, 9, 9 
19428, 9, 9 
54520, 9, 9 
24337, 9, 9 
58529, 9, 9 
53676, 9, 9 
59397, 9, 9 
55406, 9, 9 
26997, 9, 9 
24156, 9, 9 
33712, 9, 9 
53784, 9, 9 
56408, 9, 9 
24919, 9, 9 
8953, 9, 9 
25664, 9, 9 
18111, 9, 9 
18027, 9, 9 
41070, 9, 9 
40297, 9, 9 
48, 9, 9 
30470, 9, 9 
27698, 9, 9 
44776, 9, 9 
53317, 9, 9 
37233, 9, 9 
57100, 9, 9 
53267, 9, 9 
35755, 9, 9 
49371, 9, 9 
44234, 9, 9 
3090, 9, 9 
43667, 9, 9 
26730, 9, 9 
58034, 9, 9 
7148, 9, 9 
20667, 9, 9 
40855, 9, 9 
59238, 9, 9 
18669, 9, 9 
36960, 9, 9 
32316, 9, 9 
27688, 9, 9 
42246, 9, 9 
37781, 9, 9 
32271, 9, 9 
52910, 9, 9 
4377, 9, 9 
39139, 9, 9 
29168, 9, 9 
4894, 9, 9 
50169, 9, 9 
10341, 9, 9 
24549, 9, 9 
56279, 9, 9 
20330, 9, 9 
26346, 9, 9 
10576, 9, 9 
22854, 9, 9 
41334, 9, 8 
25589, 9, 9 
183, 9, 9 
2141, 9, 9 
2860, 9, 9 
36194, 9, 9 
35273, 9, 9 
31841, 9, 9 
43282, 9, 9 
29822, 9, 9 
59079, 9, 9 
44026, 9, 9 
28149, 9, 9 
53935, 9, 9 
57623, 9, 9 
11385, 9, 9 
14502, 9, 9 
6036, 9, 9 
30633, 9, 9 
13871, 9, 9 
56634, 9, 9 
40755, 9, 9 
1396, 9, 9 
29108, 9, 9 
41239, 9, 9 
5589, 9, 9 
