id, true label, predicted label 
40200, 0, 0 
8932, 0, 0 
33940, 0, 0 
37950, 0, 0 
57705, 0, 0 
33230, 0, 0 
45162, 0, 0 
13911, 0, 0 
24809, 0, 0 
56608, 0, 0 
54392, 0, 0 
16323, 0, 0 
32727, 0, 0 
3213, 0, 0 
59681, 0, 0 
38746, 0, 0 
40825, 0, 0 
10340, 0, 0 
52508, 0, 0 
15825, 0, 0 
41696, 0, 0 
33079, 0, 0 
59103, 0, 0 
50485, 0, 0 
21132, 0, 0 
31470, 0, 0 
46604, 0, 0 
52526, 0, 0 
38411, 0, 0 
31490, 0, 0 
9451, 0, 0 
16485, 0, 0 
43092, 0, 0 
399, 0, 0 
45503, 0, 0 
57977, 0, 0 
20471, 0, 0 
54836, 0, 0 
2642, 0, 0 
48167, 0, 0 
10938, 0, 0 
21635, 0, 0 
1501, 0, 0 
18222, 0, 0 
27492, 0, 0 
41406, 0, 0 
22596, 0, 0 
19924, 0, 0 
21874, 0, 0 
19292, 0, 0 
1128, 0, 0 
51733, 0, 0 
43706, 0, 0 
5202, 0, 0 
44449, 0, 0 
27990, 0, 0 
26219, 0, 0 
53678, 0, 0 
59911, 0, 0 
10140, 0, 0 
30058, 0, 0 
38461, 0, 0 
8961, 0, 0 
52930, 0, 0 
21721, 0, 0 
16083, 0, 0 
206, 0, 0 
45021, 0, 0 
29926, 0, 0 
46235, 0, 0 
9458, 0, 0 
23589, 0, 0 
58110, 0, 0 
30473, 0, 0 
39960, 0, 0 
17466, 0, 0 
34246, 0, 0 
27257, 0, 0 
1927, 0, 0 
33945, 0, 0 
15993, 0, 0 
2525, 0, 0 
23541, 0, 0 
5019, 0, 0 
57027, 0, 0 
51999, 0, 0 
4855, 0, 0 
10781, 0, 0 
6245, 0, 0 
49883, 0, 0 
21703, 0, 0 
7466, 0, 0 
47396, 0, 0 
53734, 0, 0 
52228, 0, 0 
39494, 0, 0 
38926, 0, 0 
35064, 0, 0 
38062, 0, 0 
3195, 0, 0 
39347, 0, 0 
19899, 0, 0 
21553, 0, 0 
34580, 0, 0 
7451, 0, 0 
52064, 0, 0 
31625, 0, 0 
23395, 0, 0 
39224, 0, 0 
6179, 0, 0 
14749, 0, 0 
57064, 0, 0 
24444, 0, 0 
59353, 0, 0 
35067, 0, 0 
49497, 0, 0 
45129, 0, 0 
32899, 0, 0 
15325, 0, 0 
44883, 0, 0 
25725, 0, 0 
54985, 0, 0 
50070, 0, 0 
4002, 0, 0 
34451, 0, 0 
15580, 0, 0 
9083, 0, 0 
50958, 0, 0 
31079, 0, 0 
25427, 0, 0 
4556, 0, 0 
9963, 0, 0 
45823, 0, 0 
2952, 0, 0 
10372, 0, 0 
9478, 0, 0 
13366, 0, 0 
53077, 0, 0 
7687, 0, 0 
56489, 0, 0 
4288, 0, 0 
14629, 0, 0 
53747, 0, 0 
15663, 0, 0 
23131, 0, 0 
40630, 0, 0 
43981, 0, 0 
57003, 0, 0 
50385, 0, 0 
29621, 0, 0 
59762, 0, 0 
28740, 0, 0 
39050, 0, 0 
28423, 0, 0 
27893, 0, 0 
5690, 0, 0 
28772, 0, 0 
11933, 0, 0 
36055, 0, 0 
56450, 0, 0 
30929, 0, 0 
14419, 0, 0 
24011, 0, 0 
40240, 0, 0 
12635, 0, 0 
13117, 0, 0 
47370, 0, 0 
59457, 0, 0 
25978, 0, 0 
27620, 0, 0 
16354, 0, 0 
43685, 0, 0 
54690, 0, 0 
34172, 0, 0 
10479, 0, 0 
32333, 0, 0 
15344, 0, 0 
53073, 0, 0 
46560, 0, 0 
41286, 0, 0 
18889, 0, 0 
31367, 0, 0 
47447, 0, 0 
32609, 0, 0 
32605, 0, 0 
52821, 0, 0 
31026, 0, 0 
58457, 0, 0 
2890, 0, 0 
2897, 0, 0 
31969, 0, 0 
16484, 0, 0 
54943, 0, 0 
10343, 0, 0 
23279, 0, 0 
12716, 0, 0 
33831, 0, 0 
48200, 0, 0 
15330, 0, 0 
49889, 0, 0 
41922, 0, 0 
27109, 0, 0 
45434, 0, 0 
48676, 0, 0 
32009, 0, 0 
12324, 0, 0 
47616, 0, 0 
25152, 0, 0 
24541, 0, 0 
9717, 0, 0 
56941, 0, 0 
55227, 0, 0 
20349, 0, 0 
27805, 0, 0 
32550, 0, 0 
36737, 0, 0 
10844, 0, 0 
44560, 0, 0 
55408, 0, 0 
57067, 0, 0 
40162, 0, 0 
38873, 0, 0 
50930, 0, 0 
33645, 0, 0 
11335, 0, 0 
56388, 0, 0 
26881, 0, 0 
25252, 0, 0 
30246, 0, 0 
22202, 0, 0 
14430, 0, 0 
15442, 0, 0 
27638, 0, 0 
45035, 0, 0 
34457, 0, 0 
57693, 0, 0 
14165, 0, 0 
11029, 0, 0 
23845, 0, 0 
11133, 0, 0 
8096, 0, 0 
44344, 0, 0 
12703, 0, 0 
59929, 0, 0 
37977, 0, 0 
28328, 0, 0 
47923, 0, 0 
2084, 0, 0 
54600, 0, 0 
13921, 0, 0 
13769, 0, 0 
47791, 0, 0 
13268, 0, 0 
29488, 0, 0 
14412, 0, 0 
52288, 0, 0 
19399, 0, 0 
30196, 0, 0 
43083, 0, 0 
40965, 0, 0 
6133, 0, 0 
26415, 0, 0 
50862, 0, 0 
53936, 0, 0 
32086, 0, 0 
12142, 0, 0 
16585, 0, 0 
20622, 0, 0 
22245, 0, 0 
18507, 0, 0 
20947, 0, 0 
11577, 0, 0 
35060, 0, 0 
55873, 0, 0 
50542, 0, 0 
42389, 0, 0 
40390, 0, 0 
33732, 0, 0 
2082, 0, 0 
45522, 0, 0 
121, 0, 0 
34037, 0, 0 
23823, 0, 0 
5342, 0, 0 
46041, 0, 0 
2100, 0, 0 
16085, 0, 0 
46746, 0, 0 
9985, 0, 0 
3953, 0, 0 
55045, 0, 0 
36537, 0, 0 
52354, 0, 0 
6400, 0, 0 
34854, 0, 0 
12723, 0, 0 
28607, 0, 0 
41030, 0, 0 
30807, 0, 0 
51598, 0, 0 
18509, 0, 0 
16221, 0, 0 
3131, 0, 0 
31145, 0, 0 
16227, 0, 0 
34803, 0, 0 
5541, 0, 0 
49949, 0, 0 
44268, 0, 0 
38157, 0, 0 
59148, 0, 0 
39055, 0, 0 
56256, 0, 0 
52021, 0, 0 
20478, 0, 0 
13830, 0, 0 
16043, 0, 0 
56509, 0, 0 
47324, 0, 0 
59859, 0, 0 
14817, 0, 0 
9018, 0, 0 
29809, 0, 0 
9865, 0, 0 
47476, 0, 0 
56857, 0, 0 
55048, 0, 0 
52396, 0, 0 
56635, 0, 0 
25304, 0, 0 
42053, 0, 0 
17956, 0, 0 
53460, 0, 0 
38893, 0, 0 
52114, 0, 0 
38155, 0, 0 
58396, 0, 0 
28965, 0, 0 
12414, 0, 0 
19786, 0, 0 
20863, 0, 0 
2404, 0, 0 
35973, 0, 0 
27822, 0, 0 
55410, 0, 0 
9032, 0, 0 
53894, 0, 0 
16081, 0, 0 
8288, 0, 0 
34352, 0, 0 
12134, 0, 0 
43195, 0, 0 
36749, 0, 0 
11451, 0, 0 
45426, 0, 0 
21907, 0, 0 
46183, 0, 0 
54214, 0, 0 
17611, 0, 0 
2944, 0, 0 
13719, 0, 0 
55993, 0, 0 
9439, 0, 0 
29907, 0, 0 
54711, 0, 0 
5978, 0, 0 
38644, 0, 0 
53502, 0, 0 
50324, 0, 0 
2617, 0, 0 
46860, 0, 0 
46980, 0, 0 
37714, 0, 0 
33492, 0, 0 
36848, 0, 0 
8969, 0, 0 
22707, 0, 0 
29230, 0, 0 
489, 0, 0 
14323, 0, 0 
11269, 0, 0 
24755, 0, 0 
943, 0, 0 
38099, 0, 0 
25051, 0, 0 
18603, 0, 0 
10874, 0, 0 
25757, 0, 0 
44859, 0, 0 
6591, 0, 0 
42227, 0, 0 
1712, 0, 0 
15504, 0, 0 
46603, 0, 0 
5525, 0, 0 
16642, 0, 0 
37153, 0, 0 
18319, 0, 0 
15779, 0, 0 
5074, 0, 0 
14574, 0, 0 
47902, 0, 0 
1028, 0, 0 
10914, 0, 0 
42100, 0, 0 
39075, 0, 0 
12568, 0, 0 
30992, 0, 0 
10469, 0, 0 
9056, 0, 0 
49220, 0, 0 
33789, 0, 0 
21945, 0, 0 
32925, 0, 0 
40613, 0, 0 
55656, 0, 0 
47887, 0, 0 
25101, 0, 0 
3248, 0, 0 
14530, 0, 0 
41810, 0, 0 
50310, 0, 0 
44844, 0, 0 
35175, 0, 0 
56124, 0, 0 
6730, 0, 0 
5932, 0, 0 
781, 0, 0 
10664, 0, 0 
31020, 0, 0 
15130, 0, 0 
4159, 0, 0 
15208, 0, 0 
46653, 0, 0 
45908, 0, 0 
17025, 0, 0 
48547, 0, 0 
12193, 0, 0 
5072, 0, 0 
11072, 0, 0 
22583, 0, 0 
4500, 0, 0 
3565, 0, 0 
3612, 0, 0 
30965, 0, 0 
48641, 0, 0 
22444, 0, 0 
42759, 0, 0 
49374, 0, 0 
12888, 0, 0 
27854, 0, 0 
14589, 0, 0 
58809, 0, 0 
51290, 0, 0 
14092, 0, 0 
8703, 0, 0 
50839, 0, 0 
1090, 0, 0 
15901, 0, 0 
11526, 0, 0 
42277, 0, 0 
12337, 0, 0 
53424, 0, 0 
41041, 0, 0 
25987, 0, 0 
41376, 0, 0 
48947, 0, 0 
41315, 0, 0 
37511, 0, 0 
55837, 0, 0 
56868, 0, 0 
14944, 0, 0 
20482, 0, 0 
11129, 0, 0 
5330, 0, 0 
41683, 0, 0 
28784, 0, 0 
14545, 0, 0 
18650, 0, 0 
17535, 0, 0 
13215, 0, 0 
53290, 0, 0 
6704, 0, 0 
15946, 0, 0 
12872, 0, 0 
54927, 0, 0 
46931, 0, 0 
28125, 0, 0 
10083, 0, 0 
24212, 0, 0 
22764, 0, 0 
11453, 0, 0 
16903, 0, 0 
7003, 0, 0 
40266, 0, 0 
35620, 0, 0 
29205, 0, 0 
16163, 0, 0 
3309, 0, 0 
667, 0, 0 
28827, 1, 1 
50646, 1, 1 
52362, 1, 1 
37624, 1, 1 
57715, 1, 1 
18942, 1, 1 
6785, 1, 1 
28350, 1, 1 
40033, 1, 1 
50541, 1, 1 
40359, 1, 1 
32937, 1, 1 
26559, 1, 1 
31990, 1, 1 
40635, 1, 1 
50400, 1, 1 
7472, 1, 1 
44327, 1, 1 
961, 1, 1 
36108, 1, 1 
25628, 1, 1 
34869, 1, 1 
16441, 1, 1 
43948, 1, 1 
3122, 1, 1 
12590, 1, 1 
28964, 1, 1 
23291, 1, 1 
47875, 1, 1 
1942, 1, 1 
21465, 1, 1 
26295, 1, 1 
4993, 1, 1 
59354, 1, 1 
59102, 1, 1 
23413, 1, 1 
38928, 1, 1 
46173, 1, 1 
10562, 1, 1 
9492, 1, 1 
50685, 1, 1 
2776, 1, 1 
32063, 1, 1 
53199, 1, 1 
14541, 1, 1 
55036, 1, 1 
9264, 1, 1 
29245, 1, 1 
21088, 1, 1 
37393, 1, 1 
19991, 1, 1 
31348, 1, 1 
57834, 1, 1 
13721, 1, 1 
3488, 1, 1 
27572, 1, 1 
16536, 1, 1 
11043, 1, 1 
30847, 1, 1 
33418, 1, 1 
14521, 1, 1 
51436, 1, 1 
36373, 1, 1 
6702, 1, 1 
59864, 1, 1 
4807, 1, 1 
45204, 1, 1 
26537, 1, 1 
11326, 1, 1 
18953, 1, 1 
27297, 1, 1 
40897, 1, 1 
2762, 1, 1 
16930, 1, 1 
1597, 1, 1 
4772, 1, 1 
22937, 1, 1 
20760, 1, 1 
11558, 1, 1 
993, 1, 1 
33005, 1, 1 
16153, 1, 1 
24974, 1, 1 
30104, 1, 1 
39957, 1, 1 
56338, 1, 1 
6209, 1, 1 
11760, 1, 1 
37290, 1, 1 
53178, 1, 1 
51468, 1, 1 
43705, 1, 1 
37849, 1, 1 
22349, 1, 1 
4333, 1, 1 
5304, 1, 1 
45078, 1, 1 
51493, 1, 1 
59517, 1, 1 
36947, 1, 1 
42494, 1, 1 
13129, 1, 1 
18256, 1, 1 
4976, 1, 1 
49943, 1, 1 
24083, 1, 1 
22833, 1, 1 
53233, 1, 1 
26598, 1, 1 
53448, 1, 1 
28649, 1, 1 
2725, 1, 1 
28557, 1, 1 
28922, 1, 1 
22785, 1, 1 
44245, 1, 1 
18918, 1, 1 
31864, 1, 1 
35094, 1, 1 
12212, 1, 1 
45297, 1, 1 
41823, 1, 1 
29062, 1, 2 
37101, 1, 1 
54254, 1, 1 
16545, 1, 1 
34681, 1, 1 
1528, 1, 1 
7622, 1, 1 
11362, 1, 1 
46210, 1, 1 
4064, 1, 1 
41637, 1, 1 
941, 1, 1 
13272, 1, 1 
35266, 1, 1 
13903, 1, 1 
55747, 1, 1 
50063, 1, 1 
48454, 1, 1 
24357, 1, 1 
21398, 1, 1 
25970, 1, 1 
15633, 1, 1 
6913, 1, 1 
9902, 1, 1 
38206, 1, 1 
46499, 1, 1 
454, 1, 1 
39169, 1, 1 
33166, 1, 1 
11292, 1, 1 
38002, 1, 1 
27309, 1, 1 
12479, 1, 1 
1445, 1, 1 
34937, 1, 1 
18207, 1, 1 
18321, 1, 1 
11004, 1, 1 
26772, 1, 1 
9331, 1, 1 
23498, 1, 1 
8095, 1, 1 
28196, 1, 1 
41862, 1, 1 
12885, 1, 1 
38499, 1, 1 
31386, 1, 1 
11855, 1, 1 
33266, 1, 1 
26029, 1, 1 
4766, 1, 1 
34852, 1, 1 
5245, 1, 1 
32814, 1, 1 
26914, 1, 1 
41967, 1, 1 
43570, 1, 1 
58008, 1, 1 
40983, 1, 1 
55335, 1, 1 
54931, 1, 1 
28695, 1, 1 
20018, 1, 1 
22560, 1, 1 
49368, 1, 1 
46679, 1, 1 
12412, 1, 1 
37182, 1, 1 
39936, 1, 1 
51369, 1, 1 
12847, 1, 1 
5075, 1, 1 
50293, 1, 1 
7188, 1, 1 
51739, 1, 1 
7131, 1, 1 
33012, 1, 1 
50326, 1, 1 
7658, 1, 1 
50062, 1, 1 
45941, 1, 1 
33648, 1, 1 
51432, 1, 1 
20654, 1, 1 
56834, 1, 1 
10868, 1, 1 
47119, 1, 1 
52078, 1, 1 
1676, 1, 1 
53804, 1, 1 
18692, 1, 1 
905, 1, 1 
1989, 1, 1 
52715, 1, 1 
6926, 1, 1 
2136, 1, 1 
52624, 1, 1 
48650, 1, 1 
21460, 1, 1 
46747, 1, 1 
34261, 1, 1 
3406, 1, 1 
44511, 1, 1 
54027, 1, 1 
53871, 1, 1 
24626, 1, 1 
3966, 1, 1 
53177, 1, 1 
41914, 1, 1 
9973, 1, 1 
46552, 1, 1 
31689, 1, 1 
26118, 1, 1 
58196, 1, 1 
53467, 1, 1 
53321, 1, 1 
15048, 1, 1 
36388, 1, 1 
18806, 1, 1 
24838, 1, 1 
46809, 1, 1 
18583, 1, 1 
47465, 1, 1 
43003, 1, 1 
58557, 1, 1 
49292, 1, 1 
43350, 1, 1 
24996, 1, 1 
41526, 1, 1 
49002, 1, 1 
49840, 1, 1 
1287, 1, 1 
49664, 1, 1 
59085, 1, 1 
55215, 1, 1 
27744, 1, 1 
25940, 1, 1 
52961, 1, 1 
37081, 1, 1 
13283, 1, 1 
25118, 1, 1 
7349, 1, 1 
14463, 1, 1 
25981, 1, 1 
13967, 1, 1 
50404, 1, 1 
5957, 1, 1 
41944, 1, 1 
36608, 1, 1 
51813, 1, 1 
29479, 1, 1 
14123, 1, 1 
52042, 1, 1 
20319, 1, 1 
53375, 1, 1 
34169, 1, 1 
49284, 1, 1 
4128, 1, 1 
39437, 1, 1 
17413, 1, 1 
21402, 1, 1 
15539, 1, 1 
21321, 1, 1 
8543, 1, 1 
24567, 1, 1 
39931, 1, 1 
57849, 1, 1 
34426, 1, 1 
45723, 1, 1 
16651, 1, 1 
27677, 1, 1 
4267, 1, 1 
6709, 1, 1 
7938, 1, 1 
39451, 1, 1 
6254, 1, 1 
8291, 1, 1 
20845, 1, 1 
4750, 1, 1 
26696, 1, 1 
52498, 1, 1 
19018, 1, 1 
38709, 1, 1 
1472, 1, 1 
15308, 1, 1 
54428, 1, 1 
29285, 1, 1 
40315, 1, 1 
4654, 1, 1 
1710, 1, 1 
54164, 1, 1 
57829, 1, 1 
34590, 1, 1 
14942, 1, 1 
44431, 1, 1 
17586, 1, 1 
36558, 1, 1 
9415, 1, 1 
43131, 1, 1 
14, 1, 1 
24322, 1, 1 
7588, 1, 1 
951, 1, 1 
31017, 1, 1 
22892, 1, 1 
45131, 1, 1 
14309, 1, 1 
1579, 1, 1 
4225, 1, 1 
4029, 1, 1 
39270, 1, 1 
23523, 1, 1 
43836, 1, 1 
1052, 1, 1 
10290, 1, 1 
37213, 1, 1 
50350, 1, 1 
45006, 1, 1 
54543, 1, 1 
1786, 1, 1 
55358, 1, 1 
32855, 1, 1 
56605, 1, 1 
51867, 1, 1 
54393, 1, 1 
40770, 1, 1 
6247, 1, 1 
33458, 1, 1 
41392, 1, 1 
11205, 1, 1 
39785, 1, 1 
53206, 1, 1 
27590, 1, 1 
25124, 1, 1 
8679, 1, 1 
36297, 1, 1 
52887, 1, 1 
17240, 1, 1 
42510, 1, 1 
44829, 1, 1 
48989, 1, 1 
31950, 1, 1 
30639, 1, 1 
30129, 1, 1 
29315, 1, 1 
59768, 1, 1 
8664, 1, 1 
11047, 1, 1 
52368, 1, 1 
13007, 1, 1 
30261, 1, 1 
29679, 1, 1 
28521, 1, 1 
39033, 1, 1 
57436, 1, 1 
13470, 1, 1 
4958, 1, 1 
53484, 1, 1 
10675, 1, 1 
43951, 1, 1 
30200, 1, 1 
9643, 1, 1 
44046, 1, 1 
38105, 1, 1 
31498, 1, 1 
27284, 1, 1 
42440, 1, 1 
22455, 1, 1 
53667, 1, 1 
12383, 1, 1 
54182, 1, 1 
41104, 1, 1 
5833, 1, 1 
31869, 1, 1 
4152, 1, 1 
30100, 1, 1 
55386, 1, 1 
24447, 1, 1 
9815, 1, 1 
42644, 1, 1 
15316, 1, 1 
57385, 1, 1 
48022, 1, 1 
13003, 1, 1 
24366, 1, 1 
38831, 1, 1 
21978, 1, 1 
19446, 1, 1 
57460, 1, 1 
33936, 1, 1 
59248, 1, 1 
11895, 1, 1 
44079, 1, 1 
58481, 1, 1 
21687, 1, 1 
9085, 1, 1 
18070, 1, 1 
46347, 1, 1 
43652, 1, 1 
14345, 1, 1 
57517, 1, 1 
10293, 1, 1 
19400, 1, 1 
27793, 1, 1 
17191, 1, 1 
25825, 1, 1 
2154, 1, 1 
47527, 1, 1 
7533, 1, 1 
20506, 1, 1 
47236, 1, 1 
6640, 1, 1 
26335, 1, 1 
28035, 1, 1 
49420, 1, 1 
18886, 1, 1 
224, 1, 1 
47373, 1, 1 
45032, 1, 1 
29396, 1, 1 
55543, 1, 1 
36037, 1, 1 
42485, 1, 1 
54259, 1, 1 
41446, 1, 1 
35595, 1, 1 
44269, 1, 1 
18282, 1, 1 
2719, 1, 1 
21292, 1, 1 
38554, 1, 1 
47784, 1, 1 
27034, 1, 1 
7039, 1, 1 
58451, 1, 1 
1080, 1, 1 
30958, 1, 1 
39367, 1, 1 
3723, 1, 1 
16904, 1, 1 
18316, 1, 1 
32842, 1, 1 
58953, 1, 1 
52450, 1, 1 
16691, 1, 1 
8934, 1, 1 
27262, 1, 1 
34655, 1, 1 
50914, 1, 1 
55495, 1, 1 
8176, 1, 1 
17925, 1, 1 
49932, 1, 1 
41437, 1, 1 
19297, 1, 1 
11509, 1, 1 
54177, 1, 1 
24814, 1, 1 
58965, 1, 1 
59419, 1, 1 
36626, 1, 1 
1200, 1, 1 
42894, 1, 1 
45651, 1, 1 
33663, 1, 1 
44109, 1, 1 
47004, 1, 1 
20322, 1, 1 
59074, 1, 1 
13338, 1, 1 
44031, 1, 1 
24782, 1, 1 
28609, 1, 1 
35826, 1, 1 
37635, 1, 1 
11606, 1, 1 
45926, 1, 1 
24932, 1, 1 
44455, 2, 2 
20629, 2, 2 
7897, 2, 2 
50736, 2, 2 
7337, 2, 2 
38652, 2, 2 
11727, 2, 2 
13148, 2, 2 
17431, 2, 2 
35827, 2, 2 
26779, 2, 2 
31609, 2, 2 
25551, 2, 2 
41301, 2, 2 
13910, 2, 2 
14838, 2, 2 
6445, 2, 2 
3871, 2, 2 
11380, 2, 2 
34087, 2, 2 
35137, 2, 2 
16404, 2, 2 
24972, 2, 2 
7780, 2, 2 
13159, 2, 2 
38617, 2, 2 
48129, 2, 2 
51117, 2, 2 
31933, 2, 2 
54857, 2, 2 
47984, 2, 2 
48975, 2, 2 
46163, 2, 2 
57446, 2, 2 
18206, 2, 2 
45348, 2, 2 
40530, 2, 2 
57615, 2, 2 
30997, 2, 2 
1823, 2, 2 
49430, 2, 2 
32243, 2, 2 
39930, 2, 2 
2847, 2, 2 
9658, 2, 2 
48043, 2, 2 
56824, 2, 2 
59365, 2, 2 
38171, 2, 2 
22199, 2, 2 
49369, 2, 2 
36718, 2, 2 
45332, 2, 2 
50640, 2, 2 
40886, 2, 2 
360, 2, 2 
15203, 2, 2 
50987, 2, 2 
9518, 2, 2 
9098, 2, 3 
29106, 2, 2 
30356, 2, 2 
52834, 2, 2 
1711, 2, 2 
31608, 2, 2 
18632, 2, 2 
34385, 2, 2 
25564, 2, 2 
57245, 2, 2 
31304, 2, 2 
29932, 2, 2 
48118, 2, 2 
10699, 2, 2 
17660, 2, 2 
39020, 2, 2 
35240, 2, 2 
41966, 2, 2 
1724, 2, 2 
48912, 2, 2 
18201, 2, 2 
44247, 2, 2 
52869, 2, 2 
4187, 2, 2 
42916, 2, 2 
8428, 2, 1 
21674, 2, 2 
53056, 2, 2 
10988, 2, 2 
45561, 2, 2 
42568, 2, 2 
18620, 2, 2 
23099, 2, 2 
37020, 2, 2 
33361, 2, 2 
53709, 2, 2 
12864, 2, 2 
12501, 2, 2 
40740, 2, 2 
12213, 2, 2 
38256, 2, 2 
25329, 2, 2 
48476, 2, 2 
30931, 2, 2 
57999, 2, 2 
6466, 2, 2 
42012, 2, 2 
37580, 2, 2 
50487, 2, 2 
57755, 2, 2 
43312, 2, 2 
51614, 2, 2 
23001, 2, 2 
29453, 2, 2 
37533, 2, 2 
14378, 2, 2 
48624, 2, 2 
20042, 2, 2 
45203, 2, 2 
2357, 2, 2 
53269, 2, 2 
4518, 2, 2 
19423, 2, 2 
33541, 2, 2 
48483, 2, 2 
36936, 2, 2 
26121, 2, 2 
30522, 2, 2 
36142, 2, 2 
46028, 2, 2 
19903, 2, 2 
31388, 2, 2 
4322, 2, 2 
49908, 2, 2 
29741, 2, 2 
13585, 2, 2 
28786, 2, 2 
50230, 2, 2 
46977, 2, 2 
46044, 2, 2 
26649, 2, 2 
35138, 2, 2 
54674, 2, 2 
26626, 2, 7 
3672, 2, 2 
25332, 2, 2 
43789, 2, 2 
13844, 2, 2 
47409, 2, 2 
30346, 2, 2 
7986, 2, 2 
2332, 2, 2 
35927, 2, 2 
34606, 2, 2 
13984, 2, 2 
22376, 2, 2 
50153, 2, 2 
4269, 2, 2 
57933, 2, 2 
49282, 2, 2 
38010, 2, 2 
25519, 2, 2 
48784, 2, 2 
14653, 2, 2 
34371, 2, 2 
12299, 2, 2 
59826, 2, 2 
21511, 2, 2 
55749, 2, 2 
30014, 2, 2 
30705, 2, 2 
26658, 2, 2 
41284, 2, 7 
1558, 2, 2 
19245, 2, 2 
48420, 2, 2 
22673, 2, 2 
40445, 2, 2 
38618, 2, 2 
22930, 2, 2 
53088, 2, 2 
46540, 2, 2 
40853, 2, 2 
25807, 2, 2 
36685, 2, 2 
2508, 2, 2 
55629, 2, 2 
21053, 2, 2 
46833, 2, 2 
42310, 2, 2 
47649, 2, 2 
34134, 2, 2 
873, 2, 2 
28731, 2, 2 
48109, 2, 2 
58215, 2, 2 
49231, 2, 2 
38469, 2, 2 
34228, 2, 2 
20485, 2, 2 
31616, 2, 2 
17071, 2, 2 
308, 2, 2 
56009, 2, 2 
44248, 2, 2 
6846, 2, 2 
44209, 2, 2 
57592, 2, 2 
48841, 2, 2 
2877, 2, 2 
53910, 2, 2 
25548, 2, 2 
50674, 2, 2 
51808, 2, 2 
33469, 2, 2 
390, 2, 2 
19468, 2, 2 
4935, 2, 3 
27587, 2, 2 
19654, 2, 2 
45169, 2, 2 
14852, 2, 2 
39032, 2, 2 
34717, 2, 2 
7929, 2, 2 
44304, 2, 2 
13771, 2, 2 
27232, 2, 2 
8024, 2, 2 
2601, 2, 2 
2802, 2, 2 
6144, 2, 2 
47839, 2, 2 
45319, 2, 2 
36292, 2, 2 
48293, 2, 2 
6099, 2, 2 
3444, 2, 2 
19963, 2, 2 
34167, 2, 2 
9682, 2, 2 
39008, 2, 2 
22414, 2, 2 
42443, 2, 2 
2085, 2, 2 
29355, 2, 2 
25732, 2, 2 
56361, 2, 2 
17265, 2, 2 
25923, 2, 2 
19232, 2, 2 
51542, 2, 2 
31506, 2, 2 
50052, 2, 2 
16390, 2, 2 
1754, 2, 2 
30064, 2, 2 
2694, 2, 2 
14050, 2, 2 
54457, 2, 2 
12797, 2, 2 
45631, 2, 2 
59675, 2, 2 
18851, 2, 2 
34202, 2, 2 
56687, 2, 2 
47590, 2, 2 
477, 2, 2 
25804, 2, 2 
4241, 2, 2 
32418, 2, 2 
15660, 2, 2 
21527, 2, 2 
23025, 2, 2 
17840, 2, 2 
12424, 2, 2 
51699, 2, 2 
9569, 2, 2 
58936, 2, 2 
9092, 2, 2 
53692, 2, 2 
36949, 2, 2 
26956, 2, 2 
8002, 2, 2 
20882, 2, 2 
35885, 2, 2 
51418, 2, 2 
13774, 2, 2 
26504, 2, 7 
26340, 2, 2 
31070, 2, 2 
52400, 2, 2 
17973, 2, 2 
32155, 2, 2 
12718, 2, 2 
37063, 2, 2 
21796, 2, 2 
42821, 2, 2 
54894, 2, 2 
31016, 2, 3 
24485, 2, 2 
2813, 2, 2 
45412, 2, 2 
28077, 2, 2 
2337, 2, 2 
26093, 2, 2 
56263, 2, 2 
43241, 2, 2 
37322, 2, 2 
13121, 2, 2 
59177, 2, 2 
53744, 2, 2 
17464, 2, 2 
19688, 2, 2 
7939, 2, 2 
6348, 2, 2 
32985, 2, 2 
48837, 2, 2 
48640, 2, 2 
43477, 2, 2 
2314, 2, 2 
41382, 2, 2 
46727, 2, 2 
22856, 2, 2 
50028, 2, 2 
44475, 2, 2 
57953, 2, 2 
17230, 2, 2 
2309, 2, 2 
1972, 2, 2 
49285, 2, 2 
57939, 2, 2 
44611, 2, 2 
33065, 2, 2 
35835, 2, 2 
12752, 2, 2 
39929, 2, 2 
52083, 2, 2 
24215, 2, 2 
866, 2, 2 
45943, 2, 2 
6307, 2, 2 
854, 2, 9 
48383, 2, 2 
16527, 2, 2 
15272, 2, 2 
3413, 2, 2 
54297, 2, 2 
30309, 2, 2 
24728, 2, 2 
40562, 2, 2 
3395, 2, 2 
12582, 2, 2 
37386, 2, 2 
22624, 2, 2 
26541, 2, 2 
7259, 2, 2 
12954, 2, 2 
15418, 2, 2 
49009, 2, 2 
59422, 2, 2 
54854, 2, 2 
59720, 2, 2 
14523, 2, 2 
34726, 2, 2 
22612, 2, 2 
29481, 2, 2 
53972, 2, 2 
38720, 2, 2 
27215, 2, 2 
40289, 2, 2 
21880, 2, 2 
23642, 2, 2 
17246, 2, 2 
34627, 2, 2 
49778, 2, 2 
7587, 2, 2 
26788, 2, 2 
51726, 2, 2 
3381, 2, 2 
58964, 2, 2 
10574, 2, 2 
39059, 2, 2 
9689, 2, 2 
15476, 2, 2 
53245, 2, 2 
45347, 2, 2 
42563, 2, 2 
10138, 2, 2 
13522, 2, 2 
18198, 2, 2 
16567, 2, 2 
19097, 2, 2 
26083, 2, 2 
3224, 2, 2 
12672, 2, 2 
21151, 2, 2 
29167, 2, 2 
54375, 2, 2 
8573, 2, 2 
27258, 2, 2 
32640, 2, 2 
25249, 2, 2 
47235, 2, 2 
21438, 2, 2 
21502, 2, 2 
52829, 2, 2 
51642, 2, 2 
38409, 2, 2 
38800, 2, 2 
49773, 2, 2 
23041, 2, 2 
18147, 2, 2 
54987, 2, 2 
44260, 2, 2 
13690, 2, 2 
35112, 2, 2 
36704, 2, 2 
46464, 2, 2 
5659, 2, 2 
50287, 2, 2 
34964, 2, 2 
58811, 2, 2 
27347, 2, 2 
34436, 2, 2 
51131, 2, 2 
8883, 2, 7 
28985, 2, 2 
17895, 2, 2 
48292, 2, 2 
46585, 2, 2 
11299, 2, 2 
19324, 2, 2 
1034, 2, 2 
26782, 2, 2 
39582, 2, 2 
28651, 2, 2 
28214, 2, 2 
23675, 2, 2 
8058, 2, 2 
53637, 2, 2 
4451, 2, 2 
47754, 2, 2 
2201, 2, 2 
5908, 2, 2 
13434, 2, 2 
41264, 2, 2 
11364, 2, 2 
56465, 2, 2 
13837, 2, 2 
52495, 2, 2 
22104, 2, 2 
3578, 2, 2 
41417, 2, 2 
6492, 2, 2 
59655, 2, 2 
48460, 2, 2 
28268, 2, 2 
22027, 2, 2 
4341, 2, 2 
1255, 2, 2 
21251, 2, 2 
17482, 2, 2 
53825, 2, 2 
14458, 2, 2 
20967, 2, 2 
26237, 2, 2 
42513, 2, 2 
39296, 2, 2 
44758, 2, 2 
26157, 2, 2 
51090, 2, 2 
49916, 2, 2 
13491, 2, 2 
27229, 2, 2 
18236, 2, 2 
51884, 2, 2 
19602, 2, 2 
12823, 2, 2 
7827, 2, 2 
58923, 2, 2 
23177, 2, 2 
51517, 2, 2 
7432, 2, 2 
41835, 2, 2 
28537, 2, 2 
8740, 2, 2 
54541, 2, 2 
34848, 2, 2 
31666, 2, 2 
51698, 2, 2 
18693, 2, 2 
51658, 2, 2 
48349, 2, 2 
7347, 2, 2 
48887, 2, 2 
47522, 2, 2 
27641, 2, 2 
29176, 2, 2 
9317, 2, 2 
22611, 2, 2 
4735, 3, 3 
20451, 3, 3 
38670, 3, 3 
16649, 3, 3 
48904, 3, 3 
49376, 3, 3 
55751, 3, 3 
38911, 3, 3 
35271, 3, 3 
37197, 3, 3 
19238, 3, 3 
14533, 3, 3 
10605, 3, 3 
45911, 3, 3 
43883, 3, 3 
975, 3, 3 
37652, 3, 3 
36644, 3, 3 
30256, 3, 3 
31913, 3, 3 
35574, 3, 3 
34597, 3, 3 
34387, 3, 3 
14388, 3, 3 
54073, 3, 3 
56515, 3, 3 
32013, 3, 3 
51635, 3, 3 
7067, 3, 3 
52446, 3, 3 
56164, 3, 3 
21075, 3, 3 
40078, 3, 3 
1119, 3, 3 
16763, 3, 3 
17389, 3, 3 
48500, 3, 3 
30445, 3, 3 
53591, 3, 3 
40055, 3, 3 
49324, 3, 3 
49586, 3, 3 
37848, 3, 3 
12225, 3, 3 
44439, 3, 3 
28371, 3, 3 
2786, 3, 3 
16620, 3, 3 
37943, 3, 3 
29476, 3, 3 
23298, 3, 3 
10635, 3, 3 
34862, 3, 3 
45903, 3, 3 
33022, 3, 3 
9511, 3, 3 
4335, 3, 3 
52022, 3, 3 
14454, 3, 3 
34481, 3, 3 
37691, 3, 3 
12667, 3, 3 
27067, 3, 3 
33186, 3, 3 
2661, 3, 3 
23419, 3, 3 
45273, 3, 3 
7800, 3, 3 
42681, 3, 3 
6863, 3, 3 
17460, 3, 3 
56139, 3, 3 
9294, 3, 3 
33877, 3, 3 
45468, 3, 3 
56994, 3, 3 
45658, 3, 3 
1218, 3, 3 
47519, 3, 3 
55932, 3, 3 
27478, 3, 3 
26391, 3, 3 
11929, 3, 3 
28709, 3, 3 
38811, 3, 3 
30780, 3, 3 
57195, 3, 3 
16811, 3, 3 
12729, 3, 3 
26550, 3, 3 
54270, 3, 3 
49091, 3, 3 
34363, 3, 3 
17062, 3, 3 
46246, 3, 3 
52378, 3, 3 
58257, 3, 3 
16191, 3, 3 
24481, 3, 3 
752, 3, 3 
17553, 3, 3 
15474, 3, 3 
12153, 3, 3 
50300, 3, 3 
23047, 3, 3 
25631, 3, 3 
2531, 3, 3 
3523, 3, 3 
8882, 3, 3 
35379, 3, 3 
45814, 3, 3 
44231, 3, 3 
42041, 3, 3 
53412, 3, 3 
36082, 3, 3 
31117, 3, 3 
53547, 3, 3 
2883, 3, 3 
55470, 3, 3 
6048, 3, 3 
5573, 3, 3 
19110, 3, 3 
20675, 3, 3 
16689, 3, 3 
54603, 3, 3 
36645, 3, 3 
50516, 3, 3 
35796, 3, 3 
36048, 3, 3 
26364, 3, 3 
49269, 3, 3 
1722, 3, 3 
53716, 3, 3 
15346, 3, 3 
11104, 3, 3 
57765, 3, 3 
51909, 3, 3 
28633, 3, 3 
28571, 3, 3 
56434, 3, 3 
52676, 3, 3 
1791, 3, 3 
12700, 3, 3 
53048, 3, 3 
16927, 3, 3 
55771, 3, 3 
4199, 3, 3 
41917, 3, 3 
25373, 3, 3 
32940, 3, 3 
29249, 3, 3 
1486, 3, 3 
983, 3, 3 
49446, 3, 3 
44462, 3, 3 
16190, 3, 3 
56420, 3, 3 
43991, 3, 3 
23939, 3, 3 
29991, 3, 3 
41171, 3, 3 
25922, 3, 3 
35803, 3, 3 
30897, 3, 3 
22154, 3, 3 
55051, 3, 3 
28299, 3, 3 
35376, 3, 3 
53755, 3, 3 
46138, 3, 3 
42083, 3, 3 
26084, 3, 3 
47725, 3, 3 
52771, 3, 3 
53282, 3, 3 
26448, 3, 3 
26534, 3, 3 
48064, 3, 3 
26744, 3, 3 
20181, 3, 3 
29719, 3, 3 
1668, 3, 3 
48352, 3, 3 
24621, 3, 3 
49650, 3, 3 
47533, 3, 3 
17026, 3, 3 
49234, 3, 3 
45848, 3, 3 
35066, 3, 3 
31579, 3, 3 
25552, 3, 3 
50834, 3, 3 
48355, 3, 3 
1529, 3, 3 
5588, 3, 3 
1938, 3, 3 
5679, 3, 3 
1778, 3, 3 
45441, 3, 3 
26433, 3, 3 
39325, 3, 3 
14691, 3, 3 
18268, 3, 3 
45000, 3, 3 
54772, 3, 3 
36287, 3, 3 
3969, 3, 3 
43135, 3, 3 
18218, 3, 3 
8164, 3, 3 
21695, 3, 3 
52751, 3, 3 
54402, 3, 3 
42807, 3, 3 
52994, 3, 3 
7412, 3, 3 
49859, 3, 3 
27786, 3, 3 
34605, 3, 3 
20626, 3, 3 
28561, 3, 3 
5611, 3, 3 
27988, 3, 3 
52240, 3, 3 
53262, 3, 3 
2200, 3, 3 
14878, 3, 3 
58853, 3, 3 
14903, 3, 3 
25689, 3, 3 
5408, 3, 3 
19950, 3, 3 
56624, 3, 3 
57056, 3, 3 
33445, 3, 3 
55488, 3, 3 
37082, 3, 3 
45902, 3, 3 
35015, 3, 3 
41391, 3, 3 
16003, 3, 3 
26715, 3, 3 
11377, 3, 3 
22957, 3, 3 
13980, 3, 3 
1581, 3, 3 
13607, 3, 3 
40578, 3, 3 
34018, 3, 3 
46051, 3, 3 
44416, 3, 3 
31564, 3, 3 
38277, 3, 3 
17582, 3, 3 
20259, 3, 3 
1233, 3, 3 
40079, 3, 3 
47895, 3, 3 
12546, 3, 3 
48930, 3, 9 
15477, 3, 3 
52272, 3, 3 
57103, 3, 3 
9289, 3, 3 
1718, 3, 3 
6182, 3, 3 
52679, 3, 3 
51616, 3, 3 
40121, 3, 3 
15656, 3, 3 
29304, 3, 3 
17853, 3, 3 
36555, 3, 3 
12228, 3, 3 
52922, 3, 3 
46595, 3, 3 
6416, 3, 3 
35504, 3, 3 
37959, 3, 3 
47975, 3, 3 
54398, 3, 3 
24219, 3, 3 
22708, 3, 3 
20458, 3, 3 
26909, 3, 3 
8018, 3, 3 
19114, 3, 3 
2536, 3, 3 
9636, 3, 3 
10155, 3, 3 
10998, 3, 3 
30379, 3, 3 
9059, 3, 3 
55144, 3, 3 
1429, 3, 3 
32811, 3, 3 
21035, 3, 3 
46570, 3, 3 
12265, 3, 3 
22492, 3, 3 
18814, 3, 3 
51154, 3, 3 
58021, 3, 3 
50713, 3, 3 
46953, 3, 3 
12483, 3, 3 
16954, 3, 3 
36149, 3, 3 
21643, 3, 3 
30062, 3, 3 
21512, 3, 3 
46899, 3, 3 
47834, 3, 3 
24284, 3, 3 
38892, 3, 3 
10, 3, 3 
8338, 3, 3 
40619, 3, 3 
4262, 3, 3 
281, 3, 3 
4094, 3, 3 
16291, 3, 3 
7097, 3, 3 
13568, 3, 3 
52753, 3, 3 
20926, 3, 3 
54746, 3, 3 
35550, 3, 3 
45043, 3, 3 
15109, 3, 3 
37517, 3, 3 
51486, 3, 3 
29894, 3, 3 
33189, 3, 3 
51388, 3, 3 
32931, 3, 3 
29521, 3, 3 
44058, 3, 3 
10415, 3, 3 
7295, 3, 3 
57833, 3, 3 
59120, 3, 3 
45389, 3, 3 
50340, 3, 3 
50545, 3, 3 
58249, 3, 3 
18727, 3, 3 
7046, 3, 3 
28032, 3, 3 
44478, 3, 3 
4369, 3, 3 
23829, 3, 3 
56974, 3, 3 
19829, 3, 3 
20243, 3, 3 
5277, 3, 3 
55283, 3, 3 
8786, 3, 3 
2339, 3, 3 
44249, 3, 3 
14851, 3, 3 
54029, 3, 3 
48137, 3, 3 
1908, 3, 3 
11978, 3, 3 
26306, 3, 3 
25000, 3, 3 
46072, 3, 3 
12451, 3, 3 
9739, 3, 3 
135, 3, 3 
55876, 3, 3 
17258, 3, 3 
5660, 3, 3 
21038, 3, 3 
27172, 3, 3 
8551, 3, 3 
28995, 3, 3 
51333, 3, 3 
20426, 3, 3 
1924, 3, 3 
26710, 3, 3 
15472, 3, 3 
51133, 3, 3 
23165, 3, 3 
38927, 3, 3 
26149, 3, 3 
53209, 3, 3 
38441, 3, 3 
20868, 3, 3 
4246, 3, 3 
44192, 3, 3 
6440, 3, 3 
14786, 3, 3 
41773, 3, 3 
44004, 3, 3 
24680, 3, 3 
10896, 3, 3 
59652, 3, 3 
19092, 3, 3 
13839, 3, 3 
34318, 3, 3 
42545, 3, 3 
18390, 3, 3 
17280, 3, 3 
13093, 3, 3 
53570, 3, 3 
24251, 3, 3 
1234, 3, 3 
1312, 3, 3 
59957, 3, 3 
46005, 3, 3 
59322, 3, 3 
49585, 3, 3 
56561, 3, 3 
33795, 3, 3 
11171, 3, 3 
47901, 3, 3 
57568, 3, 3 
34845, 3, 3 
40532, 3, 3 
42469, 3, 3 
32944, 3, 3 
35162, 3, 3 
26526, 3, 3 
25222, 3, 3 
20016, 3, 3 
23157, 3, 3 
32885, 3, 3 
54444, 3, 3 
27238, 3, 3 
44959, 3, 3 
13239, 3, 3 
12545, 3, 3 
25033, 3, 3 
12094, 3, 3 
27313, 3, 3 
25996, 3, 3 
24906, 3, 3 
1799, 3, 3 
43474, 3, 3 
40427, 3, 3 
22730, 3, 3 
51474, 3, 3 
35366, 3, 3 
24989, 3, 3 
59440, 3, 3 
14488, 3, 3 
49122, 3, 3 
56297, 3, 3 
37404, 3, 3 
31452, 3, 3 
16587, 3, 3 
2580, 3, 3 
34180, 3, 3 
17320, 3, 3 
8077, 3, 3 
10034, 3, 3 
53704, 3, 3 
37266, 3, 3 
49006, 3, 3 
12812, 3, 3 
17832, 3, 3 
54296, 3, 8 
4373, 3, 3 
31249, 3, 3 
59471, 3, 3 
5919, 3, 3 
36189, 3, 3 
53995, 3, 3 
43067, 3, 3 
5323, 3, 3 
45266, 3, 3 
54953, 3, 3 
21993, 3, 3 
28734, 3, 3 
3150, 3, 3 
5738, 3, 3 
24299, 3, 3 
17421, 3, 3 
7678, 3, 3 
1108, 3, 3 
33745, 3, 3 
31157, 3, 3 
43816, 3, 3 
27152, 3, 3 
6089, 3, 3 
44681, 3, 3 
50735, 3, 3 
12214, 3, 3 
52164, 3, 3 
42097, 3, 3 
36093, 3, 3 
45727, 3, 3 
46983, 3, 3 
52455, 3, 3 
6213, 3, 3 
24336, 3, 3 
50131, 3, 3 
42854, 4, 4 
42973, 4, 4 
18420, 4, 4 
46894, 4, 4 
32499, 4, 4 
13541, 4, 4 
17203, 4, 4 
56808, 4, 4 
33411, 4, 4 
15568, 4, 4 
20040, 4, 4 
23478, 4, 4 
54785, 4, 4 
54129, 4, 4 
52580, 4, 4 
49271, 4, 4 
18133, 4, 4 
4283, 4, 4 
6817, 4, 4 
22677, 4, 4 
38336, 4, 4 
48235, 4, 4 
37067, 4, 4 
16438, 4, 4 
26352, 4, 4 
24437, 4, 4 
36640, 4, 4 
16977, 4, 4 
12328, 4, 4 
37516, 4, 4 
3625, 4, 4 
142, 4, 4 
23459, 4, 4 
23881, 4, 4 
1576, 4, 4 
25971, 4, 4 
1932, 4, 4 
47483, 4, 4 
38284, 4, 4 
20276, 4, 4 
11624, 4, 4 
28449, 4, 4 
58420, 4, 4 
38052, 4, 4 
41006, 4, 4 
38737, 4, 4 
34449, 4, 4 
53, 4, 4 
22660, 4, 4 
3450, 4, 4 
41925, 4, 4 
45210, 4, 4 
13861, 4, 4 
2732, 4, 4 
5533, 4, 4 
41381, 4, 4 
23083, 4, 4 
37294, 4, 4 
23618, 4, 4 
24019, 4, 4 
44765, 4, 4 
11184, 4, 4 
2893, 4, 4 
49707, 4, 4 
15556, 4, 4 
22905, 4, 4 
35142, 4, 4 
19922, 4, 4 
10952, 4, 4 
39209, 4, 4 
38175, 4, 4 
48936, 4, 4 
44224, 4, 4 
53363, 4, 4 
43622, 4, 4 
42507, 4, 4 
56620, 4, 4 
57102, 4, 4 
33630, 4, 4 
56740, 4, 4 
44496, 4, 4 
27424, 4, 4 
33991, 4, 4 
4636, 4, 4 
37221, 4, 4 
41482, 4, 4 
16807, 4, 4 
57704, 4, 4 
41838, 4, 4 
40299, 4, 4 
59716, 4, 4 
56550, 4, 4 
16389, 4, 4 
56311, 4, 4 
25722, 4, 4 
40835, 4, 4 
54324, 4, 4 
3547, 4, 4 
13650, 4, 4 
55776, 4, 4 
48288, 4, 9 
59580, 4, 4 
7011, 4, 4 
44885, 4, 4 
21472, 4, 4 
21339, 4, 4 
3110, 4, 4 
6308, 4, 4 
53883, 4, 4 
48018, 4, 4 
14739, 4, 4 
57708, 4, 4 
33346, 4, 4 
4768, 4, 4 
58184, 4, 4 
41625, 4, 4 
56676, 4, 4 
2608, 4, 4 
53834, 4, 4 
20293, 4, 4 
7652, 4, 4 
21491, 4, 4 
27097, 4, 4 
36742, 4, 4 
12873, 4, 4 
18490, 4, 4 
48000, 4, 4 
36836, 4, 4 
3783, 4, 4 
53130, 4, 4 
39511, 4, 4 
25656, 4, 4 
22574, 4, 4 
26567, 4, 4 
56770, 4, 4 
45981, 4, 4 
34015, 4, 4 
55607, 4, 4 
55359, 4, 4 
52063, 4, 4 
39548, 4, 4 
57389, 4, 4 
58194, 4, 4 
45574, 4, 4 
19484, 4, 4 
15942, 4, 1 
54819, 4, 4 
23685, 4, 4 
59210, 4, 4 
34409, 4, 4 
55087, 4, 4 
9746, 4, 4 
56247, 4, 4 
21951, 4, 4 
3370, 4, 4 
21846, 4, 4 
16982, 4, 4 
1537, 4, 4 
46561, 4, 4 
14411, 4, 4 
39046, 4, 4 
25739, 4, 4 
37302, 4, 4 
12912, 4, 4 
17450, 4, 4 
3157, 4, 4 
3388, 4, 4 
41440, 4, 4 
48067, 4, 4 
59690, 4, 4 
29703, 4, 4 
20197, 4, 4 
26704, 4, 4 
44284, 4, 4 
15274, 4, 4 
49934, 4, 4 
52522, 4, 4 
46232, 4, 4 
29442, 4, 4 
21130, 4, 4 
40660, 4, 8 
24432, 4, 4 
2856, 4, 4 
34955, 4, 4 
17613, 4, 4 
12610, 4, 4 
27036, 4, 4 
35256, 4, 4 
42249, 4, 4 
56856, 4, 4 
45507, 4, 4 
7723, 4, 4 
37074, 4, 4 
34530, 4, 4 
59042, 4, 4 
45578, 4, 4 
50090, 4, 4 
56331, 4, 4 
9030, 4, 4 
31761, 4, 4 
24471, 4, 4 
41950, 4, 4 
58049, 4, 4 
19401, 4, 4 
39833, 4, 4 
967, 4, 4 
18519, 4, 4 
59047, 4, 4 
3260, 4, 4 
58994, 4, 4 
18365, 4, 4 
56497, 4, 4 
52103, 4, 4 
39783, 4, 4 
15665, 4, 4 
29929, 4, 4 
20399, 4, 4 
34290, 4, 4 
17565, 4, 4 
1050, 4, 4 
17276, 4, 4 
22933, 4, 4 
26963, 4, 4 
17412, 4, 4 
57111, 4, 4 
56094, 4, 4 
42032, 4, 4 
7145, 4, 4 
40593, 4, 4 
1653, 4, 4 
41915, 4, 4 
50712, 4, 4 
40343, 4, 4 
43130, 4, 4 
59465, 4, 4 
24795, 4, 4 
46052, 4, 4 
58210, 4, 4 
35813, 4, 4 
31977, 4, 4 
33031, 4, 4 
37450, 4, 4 
3350, 4, 4 
4264, 4, 4 
9547, 4, 4 
24456, 4, 4 
30861, 4, 4 
1545, 4, 4 
52708, 4, 4 
24493, 4, 4 
14349, 4, 4 
49647, 4, 4 
606, 4, 4 
41511, 4, 4 
45876, 4, 4 
27612, 4, 4 
26293, 4, 4 
49676, 4, 4 
55684, 4, 4 
23528, 4, 4 
31814, 4, 4 
12731, 4, 4 
2809, 4, 4 
53300, 4, 4 
697, 4, 4 
4438, 4, 4 
29011, 4, 4 
53452, 4, 4 
1280, 4, 4 
14290, 4, 4 
20741, 4, 4 
7211, 4, 4 
50450, 4, 4 
49480, 4, 4 
36222, 4, 4 
7751, 4, 4 
33846, 4, 4 
36502, 4, 4 
26128, 4, 4 
17837, 4, 4 
53607, 4, 4 
17091, 4, 4 
8650, 4, 4 
19657, 4, 4 
32838, 4, 4 
20950, 4, 4 
17511, 4, 4 
31774, 4, 4 
12197, 4, 4 
30198, 4, 4 
38428, 4, 4 
18730, 4, 4 
7036, 4, 4 
50948, 4, 4 
39239, 4, 4 
57835, 4, 4 
35626, 4, 4 
27473, 4, 4 
44528, 4, 4 
14865, 4, 4 
44279, 4, 4 
17694, 4, 4 
33165, 4, 4 
51923, 4, 4 
8412, 4, 4 
18582, 4, 4 
39287, 4, 4 
1037, 4, 4 
23992, 4, 4 
45121, 4, 4 
38274, 4, 4 
6035, 4, 4 
44356, 4, 4 
24298, 4, 4 
46754, 4, 4 
5180, 4, 4 
52165, 4, 4 
29550, 4, 4 
16399, 4, 4 
29467, 4, 4 
25347, 4, 4 
24543, 4, 4 
35418, 4, 4 
46846, 4, 4 
222, 4, 4 
2452, 4, 4 
52222, 4, 4 
27437, 4, 4 
38966, 4, 4 
3639, 4, 4 
19123, 4, 4 
20956, 4, 4 
30542, 4, 4 
50980, 4, 4 
3817, 4, 4 
29827, 4, 4 
56422, 4, 4 
28919, 4, 4 
20069, 4, 4 
31322, 4, 4 
30846, 4, 4 
40426, 4, 4 
45538, 4, 4 
28863, 4, 4 
3138, 4, 4 
6674, 4, 4 
19032, 4, 4 
34709, 4, 4 
46367, 4, 4 
38524, 4, 4 
31224, 4, 4 
52734, 4, 4 
40721, 4, 4 
10639, 4, 4 
46059, 4, 4 
40066, 4, 4 
754, 4, 4 
36791, 4, 4 
24378, 4, 4 
6154, 4, 4 
33650, 4, 4 
9362, 4, 4 
26246, 4, 4 
17451, 4, 4 
2034, 4, 4 
8747, 4, 4 
16551, 4, 4 
33679, 4, 4 
37257, 4, 4 
34742, 4, 4 
10643, 4, 4 
9585, 4, 4 
6483, 4, 4 
25194, 4, 4 
44544, 4, 4 
52473, 4, 4 
531, 4, 4 
58875, 4, 4 
24316, 4, 4 
28081, 4, 4 
59159, 4, 4 
26879, 4, 4 
53025, 4, 4 
21814, 4, 4 
13473, 4, 4 
42421, 4, 4 
38041, 4, 4 
54878, 4, 4 
4180, 4, 4 
9741, 4, 4 
10313, 4, 4 
6268, 4, 4 
15347, 4, 4 
18807, 4, 4 
6536, 4, 4 
3504, 4, 4 
18604, 4, 4 
44283, 4, 4 
58153, 4, 4 
52703, 4, 4 
6865, 4, 4 
40702, 4, 4 
39551, 4, 4 
22614, 4, 4 
272, 4, 4 
40827, 4, 4 
50022, 4, 4 
5792, 4, 4 
39443, 4, 4 
23714, 4, 4 
5101, 4, 4 
4540, 4, 4 
19795, 4, 4 
31090, 4, 4 
15432, 4, 4 
54452, 4, 4 
34346, 4, 4 
20599, 4, 4 
23781, 4, 4 
58417, 4, 4 
58805, 4, 4 
43757, 4, 4 
11460, 4, 4 
10854, 4, 4 
34185, 4, 4 
22138, 4, 4 
31025, 4, 4 
25903, 4, 4 
52246, 4, 4 
41163, 4, 4 
2289, 4, 4 
43106, 4, 4 
2204, 4, 4 
8344, 4, 4 
21830, 4, 4 
25845, 4, 4 
33506, 4, 1 
3652, 4, 4 
43612, 4, 4 
30554, 4, 4 
57279, 4, 4 
43433, 4, 4 
41671, 4, 4 
20836, 4, 4 
20110, 4, 4 
10736, 4, 4 
37846, 4, 4 
57747, 4, 4 
40600, 4, 4 
51263, 4, 4 
18999, 4, 4 
33312, 4, 4 
14654, 4, 4 
6621, 4, 4 
55385, 4, 4 
13430, 4, 4 
3503, 4, 4 
12019, 4, 4 
5982, 4, 4 
39241, 4, 4 
13765, 4, 4 
1431, 4, 4 
53564, 4, 4 
52384, 4, 4 
13441, 4, 4 
51288, 4, 4 
17916, 4, 9 
33265, 4, 4 
23432, 4, 4 
32769, 4, 4 
39635, 4, 4 
36647, 4, 4 
6833, 4, 4 
57840, 4, 4 
50725, 4, 4 
29690, 4, 4 
18180, 4, 4 
342, 4, 4 
39186, 4, 4 
59879, 4, 4 
24758, 4, 4 
43626, 4, 4 
30773, 4, 4 
16572, 4, 4 
51114, 4, 4 
25938, 4, 4 
8370, 4, 4 
3290, 4, 4 
49979, 4, 4 
6729, 4, 4 
39954, 4, 4 
42816, 4, 4 
40523, 4, 4 
53559, 4, 4 
31458, 4, 4 
53519, 4, 4 
39303, 4, 4 
11783, 4, 4 
14296, 4, 4 
6128, 4, 4 
15884, 5, 5 
16446, 5, 5 
51674, 5, 5 
12818, 5, 5 
8128, 5, 5 
32136, 5, 5 
27711, 5, 5 
757, 5, 5 
6680, 5, 5 
25832, 5, 5 
35172, 5, 5 
6077, 5, 5 
35082, 5, 5 
14485, 5, 5 
41566, 5, 5 
27340, 5, 5 
7885, 5, 5 
26018, 5, 5 
28175, 5, 5 
20209, 5, 5 
10173, 5, 5 
56711, 5, 5 
59822, 5, 5 
23169, 5, 5 
48777, 5, 5 
36011, 5, 5 
46489, 5, 5 
57345, 5, 5 
13094, 5, 5 
55248, 5, 5 
41509, 5, 5 
52388, 5, 5 
40659, 5, 5 
46307, 5, 5 
43696, 5, 5 
182, 5, 5 
13328, 5, 5 
43716, 5, 5 
23972, 5, 5 
32961, 5, 5 
43805, 5, 5 
12146, 5, 5 
16487, 5, 5 
33475, 5, 5 
53675, 5, 5 
17468, 5, 5 
2368, 5, 5 
51039, 5, 5 
26432, 5, 5 
26143, 5, 5 
14512, 5, 5 
16908, 5, 5 
21588, 5, 5 
11674, 5, 5 
26876, 5, 5 
50497, 5, 5 
41587, 5, 5 
30042, 5, 5 
41140, 5, 5 
52540, 5, 5 
9568, 5, 5 
26211, 5, 5 
21836, 5, 5 
19081, 5, 5 
16165, 5, 5 
11643, 5, 5 
10211, 5, 5 
14316, 5, 5 
29253, 5, 5 
19825, 5, 5 
19422, 5, 5 
39230, 5, 5 
30961, 5, 5 
10386, 5, 5 
31820, 5, 5 
32646, 5, 5 
28455, 5, 5 
17099, 5, 5 
2727, 5, 5 
46576, 5, 5 
35903, 5, 5 
53718, 5, 5 
48397, 5, 5 
59459, 5, 5 
24021, 5, 5 
6359, 5, 5 
7112, 5, 5 
27594, 5, 5 
14199, 5, 5 
6978, 5, 5 
10703, 5, 5 
58381, 5, 5 
3870, 5, 5 
42554, 5, 5 
54202, 5, 5 
54883, 5, 5 
13716, 5, 5 
48872, 5, 5 
54673, 5, 5 
32501, 5, 5 
15085, 5, 5 
5904, 5, 5 
39405, 5, 8 
1516, 5, 5 
10185, 5, 5 
10192, 5, 5 
56720, 5, 5 
31211, 5, 5 
19719, 5, 5 
771, 5, 5 
45490, 5, 5 
25002, 5, 5 
55076, 5, 5 
33349, 5, 5 
26204, 5, 5 
23734, 5, 5 
51503, 5, 5 
50592, 5, 5 
37558, 5, 5 
13724, 5, 5 
34908, 5, 5 
29648, 5, 5 
18968, 5, 5 
32415, 5, 5 
12341, 5, 5 
16357, 5, 5 
10939, 5, 5 
28254, 5, 5 
59701, 5, 6 
56344, 5, 5 
45295, 5, 5 
30482, 5, 5 
175, 5, 5 
28356, 5, 5 
48687, 5, 5 
31520, 5, 5 
38059, 5, 5 
35500, 5, 5 
1283, 5, 5 
42480, 5, 5 
11802, 5, 5 
45344, 5, 5 
24819, 5, 5 
16931, 5, 5 
40353, 5, 5 
9064, 5, 5 
41258, 5, 5 
31434, 5, 5 
15304, 5, 5 
30918, 5, 5 
39114, 5, 5 
32322, 5, 5 
23392, 5, 5 
3118, 5, 5 
27314, 5, 5 
21058, 5, 5 
14970, 5, 5 
45897, 5, 5 
35164, 5, 5 
33632, 5, 5 
29457, 5, 5 
44816, 5, 5 
27009, 5, 5 
4119, 5, 5 
53642, 5, 5 
13747, 5, 5 
5109, 5, 5 
2755, 5, 5 
14659, 5, 5 
53769, 5, 5 
55342, 5, 5 
52399, 5, 5 
11776, 5, 5 
21233, 5, 5 
46608, 5, 5 
26607, 5, 5 
37216, 5, 5 
54528, 5, 5 
27043, 5, 5 
34857, 5, 5 
26752, 5, 5 
8119, 5, 5 
59160, 5, 5 
47278, 5, 5 
14183, 5, 5 
30278, 5, 5 
19858, 5, 5 
33216, 5, 5 
58321, 5, 5 
46369, 5, 5 
6712, 5, 5 
31242, 5, 5 
16092, 5, 5 
18248, 5, 5 
40511, 5, 5 
41045, 5, 5 
14839, 5, 5 
49061, 5, 5 
36244, 5, 5 
54902, 5, 5 
35495, 5, 5 
21749, 5, 5 
54510, 5, 5 
42850, 5, 5 
34581, 5, 5 
46901, 5, 5 
52040, 5, 5 
38907, 5, 5 
56979, 5, 5 
23733, 5, 5 
22156, 5, 5 
54779, 5, 5 
40207, 5, 5 
17879, 5, 5 
33815, 5, 5 
19083, 5, 5 
8479, 5, 5 
12689, 5, 5 
46713, 5, 5 
12039, 5, 5 
9367, 5, 5 
23689, 5, 5 
55554, 5, 5 
22463, 5, 5 
38060, 5, 5 
41462, 5, 5 
28161, 5, 5 
59426, 5, 5 
15415, 5, 5 
44165, 5, 5 
1433, 5, 5 
40964, 5, 5 
46989, 5, 5 
15398, 5, 5 
6200, 5, 5 
3580, 5, 5 
12232, 5, 5 
32720, 5, 5 
44253, 5, 5 
28854, 5, 5 
29524, 5, 5 
36437, 5, 5 
3681, 5, 5 
51130, 5, 5 
52509, 5, 5 
24330, 5, 5 
38234, 5, 5 
55434, 5, 5 
2268, 5, 5 
20200, 5, 5 
39574, 5, 5 
25411, 5, 5 
50456, 5, 5 
40057, 5, 5 
23518, 5, 5 
49689, 5, 5 
33376, 5, 5 
58456, 5, 5 
25566, 5, 5 
14444, 5, 5 
47414, 5, 5 
45052, 5, 5 
8190, 5, 5 
43820, 5, 5 
2674, 5, 5 
14168, 5, 5 
13517, 5, 5 
45607, 5, 5 
8767, 5, 5 
13633, 5, 5 
23249, 5, 5 
32614, 5, 5 
16072, 5, 5 
10008, 5, 5 
5254, 5, 5 
56571, 5, 5 
19752, 5, 5 
480, 5, 5 
11928, 5, 5 
3500, 5, 5 
19279, 5, 5 
24217, 5, 5 
19207, 5, 5 
4601, 5, 5 
55261, 5, 5 
15378, 5, 5 
19852, 5, 5 
52459, 5, 5 
30393, 5, 5 
56586, 5, 5 
45443, 5, 5 
41798, 5, 5 
24426, 5, 5 
9589, 5, 5 
11136, 5, 5 
50766, 5, 5 
39126, 5, 5 
40761, 5, 5 
51994, 5, 5 
15488, 5, 5 
50111, 5, 5 
54562, 5, 5 
53968, 5, 5 
59190, 5, 5 
59096, 5, 5 
35797, 5, 5 
43748, 5, 5 
5066, 5, 5 
52170, 5, 5 
26793, 5, 5 
7172, 5, 5 
31028, 5, 5 
11410, 5, 5 
13538, 5, 5 
31921, 5, 5 
55804, 5, 5 
59669, 5, 5 
19994, 5, 5 
23928, 5, 5 
31953, 5, 5 
24318, 5, 5 
35062, 5, 5 
36059, 5, 5 
32707, 5, 5 
32290, 5, 5 
14748, 5, 5 
48905, 5, 5 
9539, 5, 5 
29525, 5, 5 
59846, 5, 5 
13946, 5, 5 
191, 5, 5 
32198, 5, 5 
12181, 5, 5 
34137, 5, 5 
27377, 5, 5 
59947, 5, 5 
42407, 5, 5 
44014, 5, 5 
49190, 5, 5 
43648, 5, 5 
53316, 5, 5 
26621, 5, 5 
35608, 5, 5 
50570, 5, 5 
55639, 5, 5 
20125, 5, 5 
43540, 5, 5 
43199, 5, 5 
26570, 5, 5 
15126, 5, 5 
41934, 5, 5 
28060, 5, 5 
45482, 5, 5 
15975, 5, 5 
40902, 5, 5 
1810, 5, 5 
42761, 5, 5 
43508, 5, 5 
6276, 5, 5 
13040, 5, 5 
29781, 5, 5 
35864, 5, 5 
7583, 5, 5 
36888, 5, 5 
12229, 5, 5 
36690, 5, 5 
23736, 5, 5 
26736, 5, 5 
59446, 5, 5 
1210, 5, 5 
59584, 5, 5 
15810, 5, 5 
19870, 5, 5 
10370, 5, 5 
57853, 5, 5 
36330, 5, 5 
9062, 5, 5 
54750, 5, 5 
543, 5, 5 
12284, 5, 5 
28340, 5, 5 
17514, 5, 5 
39197, 5, 5 
50650, 5, 5 
42864, 5, 5 
49094, 5, 5 
34561, 5, 5 
1978, 5, 5 
9323, 5, 5 
34139, 5, 5 
59329, 5, 5 
57211, 5, 5 
23906, 5, 5 
38932, 5, 5 
26030, 5, 5 
8521, 5, 5 
14078, 5, 3 
54975, 5, 5 
6346, 5, 5 
47854, 5, 5 
27337, 5, 5 
10146, 5, 5 
23550, 5, 5 
18197, 5, 5 
1817, 5, 5 
6305, 5, 5 
32755, 5, 5 
53973, 5, 5 
15996, 5, 5 
41523, 5, 5 
10961, 5, 5 
26538, 5, 5 
12210, 5, 5 
48733, 5, 5 
58365, 5, 5 
48985, 5, 5 
16384, 5, 5 
25356, 5, 5 
59368, 5, 5 
58119, 5, 5 
41737, 5, 5 
21264, 5, 5 
44939, 5, 5 
10814, 5, 5 
45886, 5, 5 
41390, 5, 5 
49241, 5, 5 
55794, 5, 5 
15390, 5, 5 
56938, 5, 5 
8022, 5, 5 
59377, 5, 5 
50602, 5, 5 
21671, 5, 5 
26913, 5, 5 
2329, 5, 5 
5757, 5, 5 
55643, 5, 5 
39526, 5, 5 
52364, 5, 5 
29155, 5, 5 
26451, 5, 5 
44625, 5, 5 
4645, 5, 5 
35747, 5, 5 
11393, 5, 5 
35867, 5, 5 
2193, 5, 5 
46996, 5, 5 
55728, 5, 5 
45987, 5, 5 
19374, 5, 5 
41321, 5, 5 
31328, 5, 5 
55838, 5, 5 
54828, 5, 5 
5668, 5, 5 
20534, 5, 5 
47314, 5, 5 
25711, 5, 5 
42436, 5, 5 
4304, 5, 5 
56860, 5, 5 
22845, 5, 5 
49760, 5, 5 
30405, 5, 5 
21416, 5, 5 
18254, 5, 5 
11456, 5, 5 
25203, 5, 5 
49682, 5, 5 
4845, 5, 5 
37114, 5, 5 
23105, 5, 5 
19589, 5, 5 
48921, 5, 5 
32567, 5, 5 
37164, 5, 5 
6177, 5, 5 
3922, 5, 5 
22867, 5, 5 
27727, 5, 5 
41186, 5, 5 
30402, 5, 5 
12756, 5, 5 
41000, 5, 5 
34365, 5, 5 
19610, 5, 5 
7595, 5, 5 
6068, 5, 5 
49273, 5, 5 
23870, 5, 5 
22255, 5, 5 
34005, 5, 5 
55712, 5, 5 
9171, 5, 5 
48046, 5, 5 
15402, 5, 5 
49785, 5, 5 
10481, 6, 6 
46440, 6, 6 
3700, 6, 6 
7008, 6, 6 
31623, 6, 6 
16349, 6, 6 
4155, 6, 6 
44517, 6, 6 
27769, 6, 6 
24673, 6, 6 
38933, 6, 6 
10697, 6, 6 
28590, 6, 6 
12980, 6, 6 
15196, 6, 6 
30314, 6, 6 
44649, 6, 6 
27757, 6, 6 
17401, 6, 6 
11218, 6, 6 
37475, 6, 6 
30182, 6, 6 
3919, 6, 6 
50199, 6, 6 
47798, 6, 6 
28644, 6, 6 
20057, 6, 6 
23533, 6, 6 
59453, 6, 6 
50893, 6, 6 
59503, 6, 6 
55827, 6, 6 
32219, 6, 6 
24277, 6, 6 
56549, 6, 6 
36903, 6, 6 
37931, 6, 6 
32345, 6, 6 
19331, 6, 6 
48692, 6, 6 
17251, 6, 6 
38376, 6, 6 
41413, 6, 6 
19274, 6, 6 
24184, 6, 6 
19134, 6, 6 
52859, 6, 6 
46732, 6, 6 
39825, 6, 6 
23284, 6, 6 
38347, 6, 6 
9016, 6, 6 
4314, 6, 6 
23839, 6, 6 
25541, 6, 6 
44331, 6, 6 
51788, 6, 6 
47807, 6, 6 
40775, 6, 6 
58807, 6, 6 
129, 6, 6 
14764, 6, 6 
32119, 6, 6 
48744, 6, 6 
43736, 6, 6 
33934, 6, 6 
51310, 6, 6 
3109, 6, 6 
9700, 6, 6 
33929, 6, 6 
15287, 6, 6 
7598, 6, 6 
29389, 6, 6 
34336, 6, 6 
19799, 6, 6 
21426, 6, 6 
25901, 6, 6 
51407, 6, 6 
15431, 6, 6 
46101, 6, 6 
54067, 6, 6 
54948, 6, 6 
36724, 6, 6 
26160, 6, 6 
48032, 6, 6 
7571, 6, 6 
34490, 6, 6 
27081, 6, 6 
33879, 6, 6 
38571, 6, 6 
54348, 6, 6 
18403, 6, 6 
12810, 6, 6 
55770, 6, 6 
25593, 6, 6 
19218, 6, 6 
56830, 6, 6 
18869, 6, 6 
2242, 6, 6 
286, 6, 6 
40927, 6, 6 
53179, 6, 6 
10930, 6, 6 
33975, 6, 6 
31931, 6, 6 
58354, 6, 6 
18430, 6, 6 
9468, 6, 6 
1456, 6, 6 
48879, 6, 6 
47343, 6, 6 
38302, 6, 6 
7543, 6, 6 
2978, 6, 6 
52145, 6, 6 
9409, 6, 6 
29255, 6, 6 
19272, 6, 6 
43545, 6, 6 
15257, 6, 6 
39372, 6, 6 
50059, 6, 6 
24304, 6, 6 
26498, 6, 6 
9123, 6, 6 
8265, 6, 6 
29160, 6, 6 
45523, 6, 6 
3451, 6, 6 
45881, 6, 6 
29543, 6, 6 
51480, 6, 6 
34748, 6, 6 
42234, 6, 6 
28320, 6, 6 
18328, 6, 6 
47778, 6, 6 
56568, 6, 6 
31521, 6, 6 
33779, 6, 6 
11784, 6, 6 
42166, 6, 6 
25614, 6, 6 
35033, 6, 6 
31203, 6, 6 
10853, 6, 6 
5230, 6, 6 
36772, 6, 6 
57850, 6, 6 
19385, 6, 6 
401, 6, 6 
37142, 6, 6 
48346, 6, 6 
58133, 6, 6 
47269, 6, 6 
39495, 6, 6 
6720, 6, 6 
36660, 6, 6 
44217, 6, 6 
14136, 6, 6 
54518, 6, 6 
55994, 6, 6 
15627, 6, 6 
44201, 6, 6 
21004, 6, 6 
958, 6, 6 
58435, 6, 6 
36702, 6, 6 
26301, 6, 6 
53068, 6, 6 
46536, 6, 6 
43697, 6, 6 
36996, 6, 6 
11487, 6, 6 
17066, 6, 6 
1617, 6, 6 
11065, 6, 6 
4817, 6, 6 
18303, 6, 6 
19712, 6, 6 
44179, 6, 6 
47277, 6, 6 
18605, 6, 6 
57463, 6, 6 
4520, 6, 6 
4620, 6, 6 
2898, 6, 6 
43095, 6, 6 
56796, 6, 6 
42481, 6, 6 
50761, 6, 6 
26119, 6, 6 
42381, 6, 6 
41442, 6, 6 
59811, 6, 6 
17023, 6, 6 
34624, 6, 6 
2035, 6, 6 
29803, 6, 6 
18907, 6, 6 
26321, 6, 6 
41400, 6, 6 
30023, 6, 6 
13772, 6, 6 
45668, 6, 6 
40862, 6, 6 
28039, 6, 6 
4886, 6, 6 
19710, 6, 6 
37037, 6, 6 
38371, 6, 6 
59892, 6, 6 
26884, 6, 6 
37044, 6, 6 
1538, 6, 6 
33549, 6, 6 
19048, 6, 6 
8347, 6, 6 
14308, 6, 6 
8145, 6, 6 
23790, 6, 6 
52837, 6, 6 
20892, 6, 6 
4800, 6, 6 
25297, 6, 6 
28678, 6, 6 
45634, 6, 6 
26439, 6, 6 
28143, 6, 6 
18555, 6, 6 
26344, 6, 6 
19125, 6, 6 
52880, 6, 6 
3098, 6, 6 
32436, 6, 6 
35844, 6, 6 
1792, 6, 6 
43177, 6, 6 
28382, 6, 6 
44925, 6, 6 
53005, 6, 6 
54237, 6, 6 
11347, 6, 6 
50415, 6, 6 
37336, 6, 6 
33100, 6, 6 
38854, 6, 6 
59181, 6, 6 
19462, 6, 6 
48083, 6, 6 
45262, 6, 6 
30648, 6, 6 
44666, 6, 6 
41654, 6, 6 
57989, 6, 6 
34284, 6, 6 
50863, 6, 6 
42335, 6, 6 
38633, 6, 6 
32894, 6, 6 
22665, 6, 6 
43061, 6, 6 
43125, 6, 6 
47840, 6, 6 
28142, 6, 6 
49047, 6, 6 
17867, 6, 6 
15314, 6, 6 
53557, 6, 6 
16335, 6, 6 
56678, 6, 6 
51620, 6, 6 
56446, 6, 6 
58549, 6, 6 
20119, 6, 6 
48630, 6, 6 
52513, 6, 6 
30916, 6, 6 
48632, 6, 6 
53697, 6, 6 
4477, 6, 6 
43035, 6, 6 
37966, 6, 6 
27812, 6, 6 
37859, 6, 6 
38450, 6, 6 
14374, 6, 6 
44814, 6, 6 
27249, 6, 6 
14300, 6, 6 
15896, 6, 6 
7937, 6, 6 
13995, 6, 6 
55754, 6, 6 
762, 6, 6 
44909, 6, 6 
9921, 6, 6 
23244, 6, 6 
37445, 6, 6 
12271, 6, 6 
39318, 6, 6 
26735, 6, 6 
4150, 6, 6 
24224, 6, 6 
37071, 6, 6 
54133, 6, 6 
20124, 6, 6 
16436, 6, 6 
24785, 6, 6 
27369, 6, 6 
47877, 6, 6 
42919, 6, 6 
16879, 6, 6 
52768, 6, 6 
21392, 6, 6 
59320, 6, 6 
55196, 6, 6 
12876, 6, 6 
55143, 6, 6 
36002, 6, 6 
5962, 6, 6 
19848, 6, 6 
51507, 6, 6 
40741, 6, 6 
2836, 6, 6 
33513, 6, 6 
31974, 6, 6 
27338, 6, 6 
4198, 6, 6 
2365, 6, 6 
49403, 6, 6 
35537, 6, 6 
23654, 6, 6 
29707, 6, 6 
28829, 6, 6 
13306, 6, 6 
7970, 6, 6 
32694, 6, 6 
52365, 6, 6 
31475, 6, 6 
13431, 6, 6 
56562, 6, 6 
8638, 6, 6 
30617, 6, 6 
9645, 6, 6 
22820, 6, 6 
3474, 6, 6 
55252, 6, 6 
30036, 6, 6 
12959, 6, 6 
12520, 6, 6 
8777, 6, 6 
45274, 6, 6 
53422, 6, 6 
12673, 6, 6 
27674, 6, 6 
22709, 6, 6 
52004, 6, 6 
23256, 6, 6 
33735, 6, 6 
46670, 6, 6 
22872, 6, 6 
9094, 6, 6 
47112, 6, 6 
9497, 6, 6 
6963, 6, 6 
35433, 6, 6 
25104, 6, 6 
59959, 6, 6 
23687, 6, 6 
8074, 6, 6 
41452, 6, 6 
51400, 6, 6 
50086, 6, 6 
28435, 6, 6 
19896, 6, 6 
7544, 6, 6 
48591, 6, 6 
35131, 6, 6 
46626, 6, 6 
33588, 6, 6 
32876, 6, 6 
3623, 6, 6 
35497, 6, 6 
48276, 6, 6 
17093, 6, 6 
14593, 6, 6 
10925, 6, 6 
25638, 6, 6 
43655, 6, 6 
56918, 6, 6 
48145, 6, 6 
16255, 6, 6 
10968, 6, 6 
24257, 6, 6 
13536, 6, 6 
9534, 6, 6 
2607, 6, 6 
39430, 6, 6 
52640, 6, 6 
41268, 6, 6 
41261, 6, 6 
45750, 6, 6 
46049, 6, 6 
44330, 6, 6 
49173, 6, 6 
27161, 6, 6 
13290, 6, 6 
22333, 6, 6 
21241, 6, 6 
25999, 6, 6 
19277, 6, 6 
58626, 6, 6 
36403, 6, 6 
23958, 6, 6 
49847, 6, 6 
44218, 6, 6 
44981, 6, 6 
13941, 6, 6 
26768, 6, 6 
5385, 6, 6 
56098, 6, 6 
26039, 6, 6 
6581, 6, 6 
34703, 6, 6 
56706, 6, 6 
52100, 6, 6 
36784, 6, 6 
51535, 6, 6 
48359, 6, 6 
45846, 6, 6 
40351, 6, 6 
52725, 6, 6 
55213, 6, 6 
16894, 6, 6 
33159, 6, 6 
21808, 6, 6 
46167, 6, 6 
56988, 6, 6 
155, 6, 6 
30332, 6, 6 
506, 6, 6 
2992, 6, 6 
36504, 6, 6 
11411, 6, 6 
51220, 6, 6 
47300, 6, 6 
56179, 6, 6 
2126, 6, 6 
53892, 6, 6 
28870, 6, 6 
36310, 6, 6 
34324, 6, 6 
3221, 6, 6 
58842, 6, 6 
49969, 6, 6 
51233, 6, 6 
24585, 6, 6 
14330, 6, 6 
5998, 6, 6 
45630, 6, 6 
30812, 6, 6 
4536, 6, 6 
1435, 6, 6 
34765, 6, 6 
16054, 6, 6 
27559, 6, 6 
9556, 6, 6 
32927, 6, 6 
56916, 6, 6 
2212, 6, 6 
57770, 6, 6 
14315, 6, 6 
45581, 6, 6 
17395, 6, 6 
59752, 6, 6 
13046, 6, 6 
1671, 6, 6 
13575, 6, 6 
16668, 6, 6 
8862, 6, 6 
1869, 6, 6 
8462, 6, 6 
8225, 6, 6 
43620, 6, 6 
41736, 6, 6 
18670, 6, 6 
34816, 6, 6 
50843, 6, 6 
29686, 6, 6 
29079, 6, 6 
36665, 6, 6 
27243, 6, 6 
4018, 6, 6 
6139, 6, 6 
49036, 6, 6 
10044, 6, 6 
50469, 6, 6 
32058, 6, 6 
24616, 6, 6 
36876, 7, 7 
53313, 7, 7 
33920, 7, 7 
4984, 7, 7 
5422, 7, 7 
31957, 7, 7 
48585, 7, 7 
30936, 7, 7 
19383, 7, 7 
23571, 7, 7 
46888, 7, 7 
37984, 7, 7 
46541, 7, 7 
38758, 7, 7 
30060, 7, 7 
16319, 7, 7 
49415, 7, 7 
26750, 7, 7 
23141, 7, 7 
42094, 7, 7 
26354, 7, 7 
31383, 7, 7 
47117, 7, 7 
25525, 7, 7 
14245, 7, 7 
10427, 7, 7 
48955, 7, 7 
29900, 7, 7 
7608, 7, 7 
51181, 7, 7 
58292, 7, 7 
55309, 7, 7 
36856, 7, 7 
27950, 7, 7 
44254, 7, 7 
26528, 7, 7 
33057, 7, 7 
3372, 7, 7 
2666, 7, 7 
54688, 7, 7 
35337, 7, 7 
53253, 7, 7 
22381, 7, 7 
33109, 7, 7 
1075, 7, 7 
24375, 7, 7 
57097, 7, 7 
45428, 7, 7 
22313, 7, 7 
28437, 7, 7 
11786, 7, 7 
47698, 7, 7 
13123, 7, 7 
41527, 7, 7 
6378, 7, 7 
387, 7, 7 
803, 7, 7 
24655, 7, 7 
9588, 7, 7 
23402, 7, 7 
4925, 7, 7 
7697, 7, 7 
17809, 7, 7 
56701, 7, 7 
21086, 7, 7 
43178, 7, 7 
54477, 7, 7 
46264, 7, 7 
12806, 7, 7 
55467, 7, 7 
31330, 7, 7 
54731, 7, 7 
39913, 7, 7 
36796, 7, 7 
2701, 7, 7 
17228, 7, 7 
48889, 7, 7 
54274, 7, 7 
47487, 7, 7 
5161, 7, 7 
38763, 7, 7 
57858, 7, 7 
38705, 7, 7 
27709, 7, 7 
11122, 7, 7 
55560, 7, 7 
5280, 7, 7 
53510, 7, 7 
19379, 7, 7 
46341, 7, 7 
4472, 7, 7 
33797, 7, 7 
7809, 7, 7 
57663, 7, 7 
22183, 7, 7 
19352, 7, 7 
58778, 7, 7 
18320, 7, 7 
34687, 7, 7 
51489, 7, 7 
53021, 7, 7 
12007, 7, 7 
56390, 7, 7 
24500, 7, 7 
7210, 7, 7 
44417, 7, 7 
34934, 7, 7 
46042, 7, 7 
57792, 7, 7 
5100, 7, 7 
28219, 7, 7 
24131, 7, 7 
26709, 7, 7 
15643, 7, 7 
934, 7, 7 
56920, 7, 7 
37733, 7, 7 
25748, 7, 7 
24172, 7, 7 
16672, 7, 7 
53431, 7, 7 
58520, 7, 7 
21396, 7, 7 
21567, 7, 7 
933, 7, 7 
4784, 7, 7 
50627, 7, 7 
8483, 7, 7 
33527, 7, 7 
53334, 7, 7 
36027, 7, 7 
58816, 7, 7 
44150, 7, 7 
59745, 7, 7 
51358, 7, 7 
55059, 7, 7 
23951, 7, 7 
9454, 7, 7 
47303, 7, 7 
44601, 7, 7 
15229, 7, 7 
57285, 7, 7 
19153, 7, 7 
32294, 7, 7 
45804, 7, 7 
40368, 7, 7 
56895, 7, 7 
10181, 7, 7 
38282, 7, 7 
3769, 7, 7 
2980, 7, 7 
19949, 7, 7 
48221, 7, 7 
56233, 7, 7 
59638, 7, 7 
20105, 7, 7 
3887, 7, 7 
27054, 7, 7 
33524, 7, 7 
52952, 7, 7 
518, 7, 7 
33964, 7, 7 
40378, 7, 7 
51138, 7, 7 
436, 7, 7 
48080, 7, 7 
22613, 7, 7 
3079, 7, 7 
8377, 7, 7 
46672, 7, 7 
49662, 7, 7 
37818, 7, 7 
28621, 7, 7 
50796, 7, 7 
39252, 7, 7 
1746, 7, 7 
22022, 7, 7 
28211, 7, 7 
36404, 7, 7 
51126, 7, 7 
28207, 7, 7 
40837, 7, 7 
5519, 7, 7 
56909, 7, 7 
52736, 7, 7 
34939, 7, 7 
10911, 7, 7 
34378, 7, 7 
19141, 7, 7 
40323, 7, 7 
43352, 7, 7 
24186, 7, 7 
42352, 7, 7 
58974, 7, 7 
497, 7, 7 
56900, 7, 7 
24382, 7, 7 
23767, 7, 7 
57134, 7, 7 
11421, 7, 7 
46248, 7, 7 
44595, 7, 7 
54792, 7, 7 
10231, 7, 7 
25009, 7, 7 
46031, 7, 7 
59198, 7, 7 
55779, 7, 7 
53548, 7, 7 
46819, 7, 7 
19809, 7, 7 
10179, 7, 7 
55809, 7, 7 
42416, 7, 7 
11736, 7, 7 
824, 7, 7 
49056, 7, 7 
25125, 7, 7 
6397, 7, 7 
46327, 7, 7 
43489, 7, 7 
54011, 7, 7 
26679, 7, 7 
18087, 7, 7 
53944, 7, 7 
50360, 7, 7 
11334, 7, 7 
9502, 7, 7 
6965, 7, 7 
18048, 7, 7 
44943, 7, 7 
52162, 7, 7 
28541, 7, 7 
258, 7, 7 
15954, 7, 7 
17807, 7, 7 
57431, 7, 7 
58507, 7, 7 
59389, 7, 7 
22515, 7, 7 
54106, 7, 7 
33681, 7, 7 
56196, 7, 7 
10544, 7, 7 
21871, 7, 7 
20504, 7, 7 
44080, 7, 7 
19636, 7, 7 
51441, 7, 7 
18358, 7, 7 
27103, 7, 7 
37215, 7, 7 
20162, 7, 7 
19259, 7, 7 
48988, 7, 7 
12668, 7, 7 
42784, 7, 7 
45697, 7, 7 
12717, 7, 7 
15570, 7, 7 
45014, 7, 7 
14076, 7, 7 
3276, 7, 7 
53097, 7, 7 
19409, 7, 7 
30798, 7, 7 
43722, 7, 7 
34485, 7, 7 
8144, 7, 7 
33656, 7, 7 
27302, 7, 7 
49980, 7, 7 
27058, 7, 7 
52256, 7, 7 
18736, 7, 7 
11640, 7, 7 
44117, 7, 7 
35474, 7, 7 
33171, 7, 7 
30538, 7, 7 
41297, 7, 7 
29423, 7, 7 
55174, 7, 7 
45040, 7, 7 
54135, 7, 7 
21111, 7, 7 
24325, 7, 7 
14088, 7, 7 
36951, 7, 7 
4432, 7, 7 
46174, 7, 7 
29633, 7, 7 
33093, 7, 7 
17917, 7, 7 
14022, 7, 7 
27827, 7, 7 
12492, 7, 7 
24502, 7, 7 
3556, 7, 7 
25982, 7, 7 
23715, 7, 7 
39649, 7, 7 
20301, 7, 7 
6064, 7, 7 
10154, 7, 7 
3899, 7, 7 
13205, 7, 7 
14004, 7, 7 
13834, 7, 7 
54995, 7, 7 
4869, 7, 7 
29714, 7, 7 
13150, 7, 7 
52052, 7, 7 
43533, 7, 7 
30664, 7, 7 
54212, 7, 7 
28624, 7, 7 
8604, 7, 7 
30224, 7, 7 
47806, 7, 7 
53601, 7, 7 
32551, 7, 7 
56992, 7, 7 
28004, 7, 7 
773, 7, 7 
6882, 7, 7 
7945, 7, 7 
16630, 7, 7 
47536, 7, 7 
5650, 7, 7 
59710, 7, 7 
11290, 7, 7 
16138, 7, 7 
10148, 7, 7 
5851, 7, 7 
15230, 7, 7 
17955, 7, 7 
20703, 7, 7 
6666, 7, 7 
13056, 7, 7 
23074, 7, 7 
31899, 7, 7 
6435, 7, 7 
16316, 7, 7 
56915, 7, 7 
39749, 7, 7 
10014, 7, 7 
3442, 7, 7 
15877, 7, 7 
4458, 7, 7 
49485, 7, 7 
28880, 7, 7 
14663, 7, 7 
56272, 7, 7 
22662, 7, 7 
40344, 7, 7 
29982, 7, 7 
25079, 7, 7 
32620, 7, 7 
53274, 7, 7 
48515, 7, 7 
46055, 7, 7 
44756, 7, 7 
4173, 7, 7 
12628, 7, 7 
1001, 7, 7 
56392, 7, 7 
20312, 7, 7 
6740, 7, 7 
19226, 7, 7 
35150, 7, 7 
52588, 7, 7 
35203, 7, 7 
46363, 7, 7 
38117, 7, 7 
19978, 7, 7 
307, 7, 7 
23621, 7, 7 
52137, 7, 7 
41698, 7, 7 
23153, 7, 7 
21651, 7, 7 
38794, 7, 7 
46265, 7, 7 
53886, 7, 7 
57925, 7, 7 
17350, 7, 7 
34560, 7, 7 
6014, 7, 7 
34909, 7, 7 
41661, 7, 7 
30946, 7, 7 
56844, 7, 7 
4680, 7, 7 
51941, 7, 7 
4141, 7, 7 
41236, 7, 7 
18183, 7, 7 
9522, 7, 7 
42695, 7, 7 
47362, 7, 7 
56897, 7, 7 
6889, 7, 7 
52960, 7, 7 
1730, 7, 7 
36105, 7, 7 
17525, 7, 7 
59019, 7, 7 
14926, 7, 7 
58950, 7, 7 
51996, 7, 7 
17307, 7, 7 
17420, 7, 7 
11805, 7, 7 
7418, 7, 7 
55425, 7, 7 
51591, 7, 7 
43288, 7, 7 
18127, 7, 7 
21322, 7, 7 
19473, 7, 7 
22082, 7, 7 
21175, 7, 7 
17714, 7, 7 
58078, 7, 7 
58094, 7, 7 
38857, 7, 7 
15545, 7, 7 
36150, 7, 7 
59513, 7, 7 
17343, 7, 7 
9911, 7, 7 
6241, 7, 7 
45618, 7, 7 
35291, 7, 7 
54022, 7, 7 
37057, 7, 7 
30465, 7, 7 
44246, 7, 7 
47852, 7, 7 
59717, 7, 7 
4273, 7, 7 
7731, 7, 7 
58383, 7, 7 
31992, 7, 7 
16226, 7, 7 
33851, 7, 7 
17109, 7, 7 
8594, 7, 7 
32571, 7, 7 
24041, 7, 7 
18322, 7, 7 
18269, 7, 7 
11435, 7, 7 
4326, 7, 7 
45053, 7, 7 
38943, 7, 7 
4799, 7, 7 
26189, 7, 7 
8517, 7, 7 
15859, 7, 7 
23711, 7, 7 
51363, 7, 7 
23259, 7, 7 
32542, 7, 7 
17683, 7, 7 
11534, 7, 7 
43555, 7, 7 
16984, 7, 7 
31062, 7, 7 
30264, 7, 7 
50365, 7, 7 
19869, 7, 7 
58308, 7, 7 
21641, 7, 7 
22911, 7, 7 
28897, 7, 7 
41194, 7, 7 
58715, 7, 7 
26957, 7, 7 
24505, 7, 7 
41250, 7, 7 
42548, 7, 7 
22181, 7, 7 
30657, 7, 7 
11007, 7, 7 
35842, 7, 7 
16186, 7, 7 
26967, 7, 7 
19704, 7, 7 
40001, 7, 7 
13064, 7, 7 
10708, 7, 7 
2558, 7, 7 
1499, 7, 7 
23173, 7, 7 
30558, 7, 7 
15586, 7, 7 
4394, 7, 7 
25321, 8, 8 
39478, 8, 8 
14211, 8, 8 
19367, 8, 8 
30919, 8, 8 
10596, 8, 8 
37644, 8, 8 
37240, 8, 8 
8234, 8, 8 
41092, 8, 8 
31738, 8, 8 
32717, 8, 8 
27359, 8, 8 
758, 8, 8 
39668, 8, 4 
3027, 8, 8 
50871, 8, 8 
38685, 8, 8 
44321, 8, 8 
23524, 8, 8 
27358, 8, 8 
28581, 8, 8 
33668, 8, 8 
59128, 8, 8 
34075, 8, 8 
23263, 8, 8 
29722, 8, 8 
54367, 8, 8 
9873, 8, 8 
50740, 8, 8 
17679, 8, 8 
56255, 8, 8 
27278, 8, 8 
45802, 8, 8 
18714, 8, 8 
38452, 8, 8 
17021, 8, 8 
22324, 8, 8 
17512, 8, 8 
2761, 8, 8 
4419, 8, 8 
16128, 8, 8 
50762, 8, 8 
26720, 8, 8 
37219, 8, 8 
37605, 8, 8 
4440, 8, 8 
54362, 8, 8 
9900, 8, 8 
42226, 8, 8 
27348, 8, 8 
31308, 8, 8 
1745, 8, 8 
13346, 8, 8 
51008, 8, 8 
15595, 8, 8 
23350, 8, 8 
13849, 8, 8 
54594, 8, 8 
5894, 8, 8 
2394, 8, 8 
5827, 8, 8 
3196, 8, 8 
59163, 8, 8 
43250, 8, 8 
51588, 8, 8 
41017, 8, 8 
47989, 8, 8 
54757, 8, 8 
42331, 8, 8 
12288, 8, 8 
51391, 8, 8 
49851, 8, 8 
21282, 8, 8 
44072, 8, 8 
42467, 8, 8 
42313, 8, 8 
29126, 8, 8 
53737, 8, 8 
43629, 8, 8 
23831, 8, 8 
43234, 8, 8 
29142, 8, 8 
24558, 8, 8 
4692, 8, 8 
26061, 8, 8 
2845, 8, 8 
44115, 8, 8 
55706, 8, 8 
25445, 8, 8 
27147, 8, 8 
1943, 8, 8 
46988, 8, 8 
13079, 8, 8 
18902, 8, 8 
38382, 8, 8 
49532, 8, 8 
3094, 8, 8 
57118, 8, 8 
45016, 8, 8 
45313, 8, 8 
54047, 8, 8 
2444, 8, 8 
3066, 8, 8 
40928, 8, 8 
21649, 8, 8 
41801, 8, 8 
45831, 8, 8 
58233, 8, 8 
51223, 8, 8 
54787, 8, 8 
19204, 8, 8 
12164, 8, 8 
10426, 8, 8 
49126, 8, 8 
17614, 8, 8 
28884, 8, 8 
58201, 8, 8 
50346, 8, 8 
50013, 8, 8 
43958, 8, 8 
42478, 8, 8 
3011, 8, 8 
44360, 8, 8 
25043, 8, 8 
10319, 8, 8 
12255, 8, 8 
19557, 8, 8 
43880, 8, 8 
45710, 8, 8 
10482, 8, 8 
23112, 8, 8 
52523, 8, 8 
47811, 8, 8 
38945, 8, 8 
30267, 8, 8 
38418, 8, 8 
26023, 8, 8 
46396, 8, 8 
51487, 8, 8 
10817, 8, 8 
28065, 8, 8 
19371, 8, 8 
40012, 8, 8 
37398, 8, 8 
50077, 8, 8 
19981, 8, 8 
56557, 8, 8 
44487, 8, 8 
32591, 8, 8 
51747, 8, 8 
35471, 8, 8 
6891, 8, 8 
44759, 8, 8 
1773, 8, 8 
12984, 8, 8 
40689, 8, 8 
94, 8, 8 
58595, 8, 9 
34763, 8, 8 
42833, 8, 8 
25149, 8, 8 
53701, 8, 8 
42238, 8, 8 
12857, 8, 8 
53043, 8, 8 
13171, 8, 8 
57216, 8, 8 
49803, 8, 8 
3689, 8, 8 
5220, 8, 8 
37808, 8, 8 
56978, 8, 8 
52980, 8, 8 
57263, 8, 8 
3002, 8, 8 
50900, 8, 8 
19540, 8, 8 
9591, 8, 8 
16432, 8, 8 
24167, 8, 8 
9982, 8, 8 
48028, 8, 8 
40706, 8, 8 
9764, 8, 8 
9608, 8, 8 
31959, 8, 8 
1964, 8, 8 
46998, 8, 8 
4043, 8, 8 
12594, 8, 8 
18711, 8, 8 
30559, 8, 8 
28307, 8, 8 
51488, 8, 8 
21863, 8, 8 
39827, 8, 8 
50001, 8, 8 
23078, 8, 8 
40665, 8, 8 
23737, 8, 8 
48875, 8, 8 
44442, 8, 8 
265, 8, 8 
32639, 8, 8 
21613, 8, 8 
47387, 8, 5 
26719, 8, 8 
13639, 8, 8 
20614, 8, 8 
17564, 8, 8 
48997, 8, 8 
30862, 8, 8 
40408, 8, 8 
35038, 8, 8 
32766, 8, 8 
13195, 8, 8 
54958, 8, 8 
22507, 8, 8 
9521, 8, 8 
22934, 8, 8 
57001, 8, 8 
44427, 8, 8 
9651, 8, 8 
53906, 8, 8 
42009, 8, 8 
56180, 8, 8 
57329, 8, 8 
10217, 8, 8 
7956, 8, 8 
28301, 8, 8 
40957, 8, 8 
12268, 8, 5 
15599, 8, 8 
29022, 8, 8 
740, 8, 8 
59751, 8, 8 
31306, 8, 8 
39779, 8, 8 
54505, 8, 8 
39144, 8, 8 
45956, 8, 8 
3513, 8, 8 
44007, 8, 8 
42112, 8, 4 
13424, 8, 8 
53240, 8, 8 
7035, 8, 8 
39841, 8, 8 
29276, 8, 8 
15096, 8, 8 
19365, 8, 8 
40646, 8, 8 
57596, 8, 8 
44196, 8, 8 
14413, 8, 8 
7674, 8, 8 
59090, 8, 8 
46025, 8, 8 
59340, 8, 8 
16624, 8, 8 
42076, 8, 8 
43787, 8, 8 
52905, 8, 8 
15919, 8, 8 
20271, 8, 8 
28903, 8, 8 
36708, 8, 8 
29691, 8, 8 
30412, 8, 8 
58508, 8, 8 
796, 8, 8 
46110, 8, 8 
7307, 8, 8 
8753, 8, 8 
29194, 8, 8 
50035, 8, 8 
28739, 8, 8 
39389, 8, 8 
16639, 8, 8 
38386, 8, 8 
25365, 8, 8 
5299, 8, 8 
13014, 8, 8 
34068, 8, 8 
41304, 8, 8 
37512, 8, 8 
7190, 8, 8 
56647, 8, 8 
25527, 8, 8 
24589, 8, 8 
27972, 8, 8 
23147, 8, 8 
35730, 8, 8 
51601, 8, 8 
19148, 8, 8 
43993, 8, 8 
34870, 8, 8 
43008, 8, 8 
15616, 8, 8 
46118, 8, 8 
5376, 8, 8 
40339, 8, 8 
9852, 8, 8 
19182, 8, 8 
58156, 8, 8 
58446, 8, 8 
29965, 8, 8 
58232, 8, 8 
1086, 8, 8 
55868, 8, 8 
48704, 8, 8 
32805, 8, 8 
40998, 8, 8 
4275, 8, 8 
18931, 8, 8 
4982, 8, 8 
21315, 8, 8 
21593, 8, 8 
12974, 8, 8 
26079, 8, 8 
39167, 8, 8 
13895, 8, 8 
19194, 8, 8 
7799, 8, 8 
29303, 8, 8 
57993, 8, 8 
13016, 8, 8 
7682, 8, 8 
41578, 8, 8 
35251, 8, 8 
43072, 8, 8 
23865, 8, 8 
57955, 8, 8 
23163, 8, 8 
29053, 8, 8 
27105, 8, 8 
8951, 8, 8 
21183, 8, 8 
55156, 8, 8 
50945, 8, 8 
8867, 8, 8 
51459, 8, 8 
30771, 8, 8 
51906, 8, 8 
38146, 8, 8 
20592, 8, 8 
31540, 8, 8 
54308, 8, 8 
2378, 8, 8 
42208, 8, 8 
20511, 8, 8 
17348, 8, 8 
19475, 8, 8 
54896, 8, 8 
7228, 8, 8 
29229, 8, 8 
49457, 8, 8 
41652, 8, 8 
50116, 8, 8 
15766, 8, 5 
34212, 8, 8 
5699, 8, 8 
3931, 8, 8 
59495, 8, 8 
52612, 8, 8 
49422, 8, 8 
2678, 8, 8 
42941, 8, 8 
28766, 8, 8 
42712, 8, 8 
22893, 8, 8 
29026, 8, 8 
13396, 8, 8 
11108, 8, 8 
32073, 8, 8 
13588, 8, 8 
22286, 8, 8 
7606, 8, 8 
47099, 8, 8 
36320, 8, 8 
57484, 8, 8 
12719, 8, 8 
24740, 8, 8 
49661, 8, 8 
51850, 8, 8 
14385, 8, 8 
40274, 8, 8 
23966, 8, 8 
50410, 8, 8 
10339, 8, 8 
20639, 8, 8 
19756, 8, 8 
20191, 8, 8 
16246, 8, 8 
35706, 8, 8 
58960, 8, 8 
18195, 8, 8 
55451, 8, 8 
22484, 8, 8 
8067, 8, 8 
31333, 8, 8 
19593, 8, 8 
36096, 8, 8 
17641, 8, 8 
17825, 8, 8 
46380, 8, 8 
41431, 8, 8 
32116, 8, 8 
54916, 8, 8 
35120, 8, 8 
5537, 8, 8 
52860, 8, 8 
11176, 8, 8 
35981, 8, 8 
18291, 8, 8 
16820, 8, 8 
34500, 8, 8 
51484, 8, 8 
20535, 8, 8 
43109, 8, 1 
53743, 8, 8 
39609, 8, 8 
39456, 8, 8 
2237, 8, 8 
44061, 8, 8 
38387, 8, 8 
30999, 8, 8 
52050, 8, 8 
3495, 8, 8 
59277, 8, 8 
45948, 8, 8 
25968, 8, 8 
37459, 8, 8 
38135, 8, 8 
34678, 8, 8 
30026, 8, 8 
50307, 8, 8 
47903, 8, 8 
2285, 8, 8 
2685, 8, 8 
48711, 8, 8 
38309, 8, 8 
42259, 8, 8 
25692, 8, 8 
47719, 8, 8 
30867, 8, 8 
47597, 8, 8 
34669, 8, 8 
57108, 8, 8 
54190, 8, 8 
18239, 8, 8 
11351, 8, 8 
12295, 8, 8 
736, 8, 8 
13037, 8, 8 
31721, 8, 8 
39585, 8, 8 
36413, 8, 8 
58374, 8, 8 
55491, 8, 8 
29629, 8, 8 
34540, 8, 8 
6275, 8, 8 
36652, 8, 8 
50821, 8, 8 
37704, 8, 8 
4947, 8, 8 
16040, 8, 8 
25131, 8, 8 
18884, 8, 8 
51878, 8, 8 
47074, 8, 8 
43515, 8, 8 
22494, 8, 8 
50274, 8, 8 
59123, 8, 8 
55128, 8, 8 
52080, 8, 8 
8299, 8, 8 
35916, 8, 8 
10486, 8, 8 
18217, 8, 8 
33895, 8, 8 
42347, 8, 8 
43690, 8, 8 
39135, 8, 8 
26379, 8, 8 
6814, 8, 8 
11575, 8, 8 
9364, 8, 8 
58556, 8, 8 
28136, 8, 8 
46719, 8, 8 
38588, 8, 8 
2175, 8, 8 
7750, 8, 8 
48206, 8, 8 
21578, 8, 8 
30038, 8, 8 
48980, 9, 9 
24967, 9, 9 
52555, 9, 9 
33353, 9, 9 
13108, 9, 9 
26663, 9, 9 
58054, 9, 9 
59341, 9, 9 
12442, 9, 9 
51253, 9, 9 
52030, 9, 9 
58967, 9, 9 
25637, 9, 9 
36922, 9, 9 
23512, 9, 9 
21277, 9, 9 
1939, 9, 9 
50329, 9, 7 
51281, 9, 9 
31141, 9, 9 
24210, 9, 9 
46972, 9, 9 
50079, 9, 9 
20333, 9, 9 
50867, 9, 9 
4122, 9, 9 
56157, 9, 9 
42214, 9, 9 
2779, 9, 9 
47134, 9, 9 
15644, 9, 9 
43310, 9, 9 
39713, 9, 9 
26179, 9, 9 
10336, 9, 9 
9933, 9, 9 
58637, 9, 9 
32196, 9, 9 
26834, 9, 9 
14407, 9, 9 
34103, 9, 9 
27397, 9, 9 
59890, 9, 9 
55406, 9, 9 
34786, 9, 9 
14235, 9, 9 
30838, 9, 3 
48157, 9, 9 
50088, 9, 8 
36847, 9, 9 
41665, 9, 9 
27926, 9, 9 
35054, 9, 9 
30277, 9, 9 
50053, 9, 9 
50102, 9, 9 
33981, 9, 9 
45892, 9, 9 
43094, 9, 9 
16350, 9, 9 
32089, 9, 9 
41369, 9, 9 
27430, 9, 9 
29847, 9, 9 
15212, 9, 9 
31213, 9, 9 
50710, 9, 9 
22855, 9, 9 
24936, 9, 9 
34764, 9, 9 
36389, 9, 9 
32532, 9, 9 
6535, 9, 9 
59604, 9, 9 
58961, 9, 9 
25375, 9, 9 
20519, 9, 9 
51945, 9, 9 
40499, 9, 9 
19747, 9, 9 
14324, 9, 9 
39822, 9, 9 
37688, 9, 9 
49226, 9, 9 
48647, 9, 9 
52311, 9, 9 
16806, 9, 9 
46802, 9, 9 
20900, 9, 9 
56413, 9, 9 
45719, 9, 9 
59942, 9, 9 
20130, 9, 9 
30505, 9, 9 
42090, 9, 9 
29752, 9, 9 
6993, 9, 9 
31326, 9, 9 
37259, 9, 9 
44177, 9, 9 
13358, 9, 9 
40584, 9, 9 
35724, 9, 9 
39333, 9, 9 
15553, 9, 9 
3020, 9, 9 
6019, 9, 9 
4983, 9, 9 
50248, 9, 9 
55763, 9, 9 
17858, 9, 9 
37586, 9, 9 
52805, 9, 9 
49956, 9, 9 
49489, 9, 9 
6821, 9, 9 
35068, 9, 4 
6073, 9, 9 
58059, 9, 9 
26631, 9, 9 
54874, 9, 9 
40984, 9, 9 
25472, 9, 9 
12162, 9, 9 
13904, 9, 9 
21540, 9, 9 
34969, 9, 9 
50309, 9, 9 
15357, 9, 9 
59776, 9, 9 
38312, 9, 9 
53532, 9, 9 
3663, 9, 9 
25624, 9, 9 
12900, 9, 7 
41021, 9, 9 
59496, 9, 9 
53146, 9, 9 
154, 9, 9 
49383, 9, 9 
33999, 9, 9 
5426, 9, 9 
5901, 9, 9 
19992, 9, 9 
18437, 9, 9 
15367, 9, 9 
58696, 9, 9 
55814, 9, 9 
53044, 9, 9 
7118, 9, 9 
50169, 9, 9 
35836, 9, 9 
16934, 9, 9 
2860, 9, 9 
54334, 9, 9 
33098, 9, 9 
40341, 9, 9 
43845, 9, 9 
24494, 9, 9 
45944, 9, 0 
24759, 9, 9 
1066, 9, 9 
4277, 9, 9 
35127, 9, 9 
47048, 9, 9 
9127, 9, 9 
52651, 9, 9 
17147, 9, 9 
43966, 9, 9 
36993, 9, 9 
58034, 9, 9 
50758, 9, 9 
58242, 9, 9 
42124, 9, 9 
56896, 9, 9 
14884, 9, 9 
52761, 9, 9 
7245, 9, 9 
20826, 9, 9 
18786, 9, 9 
43751, 9, 9 
24062, 9, 3 
5282, 9, 9 
7381, 9, 9 
15728, 9, 9 
23732, 9, 9 
19143, 9, 9 
43419, 9, 9 
9503, 9, 9 
18111, 9, 9 
45605, 9, 9 
23748, 9, 9 
55370, 9, 9 
29305, 9, 9 
48580, 9, 9 
34886, 9, 9 
57052, 9, 9 
9372, 9, 9 
47126, 9, 9 
9304, 9, 9 
12825, 9, 9 
1396, 9, 9 
13456, 9, 9 
31161, 9, 9 
45810, 9, 9 
21897, 9, 9 
172, 9, 9 
45163, 9, 9 
58437, 9, 9 
52304, 9, 9 
31917, 9, 9 
32016, 9, 9 
14436, 9, 9 
35444, 9, 9 
14216, 9, 9 
3796, 9, 9 
57444, 9, 9 
48234, 9, 9 
22321, 9, 9 
26518, 9, 9 
6100, 9, 9 
29841, 9, 9 
52943, 9, 9 
39692, 9, 9 
22672, 9, 9 
28007, 9, 9 
50724, 9, 9 
29346, 9, 9 
11333, 9, 9 
19256, 9, 9 
12739, 9, 9 
20734, 9, 9 
34123, 9, 9 
57050, 9, 9 
31834, 9, 9 
34439, 9, 9 
40448, 9, 9 
54743, 9, 9 
13028, 9, 9 
36148, 9, 9 
8318, 9, 9 
54144, 9, 9 
15562, 9, 9 
54039, 9, 9 
17226, 9, 9 
46828, 9, 9 
48603, 9, 9 
23278, 9, 9 
45575, 9, 9 
21981, 9, 9 
1855, 9, 9 
46609, 9, 9 
40113, 9, 9 
14726, 9, 9 
8111, 9, 9 
52577, 9, 9 
44607, 9, 9 
30633, 9, 9 
8358, 9, 9 
6051, 9, 9 
641, 9, 9 
7310, 9, 9 
24902, 9, 9 
31337, 9, 9 
53544, 9, 9 
38082, 9, 9 
44261, 9, 9 
40755, 9, 9 
42017, 9, 9 
10706, 9, 9 
25063, 9, 9 
35118, 9, 9 
42542, 9, 9 
16801, 9, 9 
59765, 9, 9 
46032, 9, 9 
6850, 9, 9 
12131, 9, 9 
1194, 9, 9 
18797, 9, 9 
23446, 9, 9 
2221, 9, 9 
54965, 9, 9 
57309, 9, 9 
25263, 9, 9 
7757, 9, 9 
40670, 9, 9 
38625, 9, 9 
17346, 9, 9 
24057, 9, 9 
59079, 9, 9 
23864, 9, 9 
374, 9, 9 
54508, 9, 9 
56742, 9, 9 
39532, 9, 9 
35763, 9, 9 
31480, 9, 9 
14843, 9, 9 
45071, 9, 9 
5523, 9, 9 
50832, 9, 9 
13362, 9, 9 
43814, 9, 9 
1169, 9, 9 
13763, 9, 9 
38344, 9, 9 
46569, 9, 9 
22116, 9, 9 
40608, 9, 9 
13997, 9, 9 
28941, 9, 9 
3745, 9, 9 
49564, 9, 9 
40293, 9, 9 
10043, 9, 9 
48758, 9, 9 
16476, 9, 9 
42228, 9, 9 
19140, 9, 9 
20788, 9, 9 
11698, 9, 9 
7468, 9, 9 
21774, 9, 9 
44892, 9, 9 
42516, 9, 9 
31878, 9, 9 
30583, 9, 9 
28774, 9, 9 
15167, 9, 9 
3621, 9, 9 
15659, 9, 9 
12529, 9, 9 
46146, 9, 9 
5063, 9, 9 
29655, 9, 9 
26861, 9, 9 
23314, 9, 9 
49549, 9, 9 
11682, 9, 9 
40177, 9, 9 
14925, 9, 9 
5794, 9, 9 
45, 9, 9 
34458, 9, 9 
48272, 9, 3 
4124, 9, 9 
22948, 9, 9 
38248, 9, 9 
25761, 9, 9 
20050, 9, 9 
59858, 9, 9 
9938, 9, 9 
35824, 9, 9 
58680, 9, 9 
3095, 9, 9 
7541, 9, 9 
9308, 9, 9 
59127, 9, 9 
4161, 9, 9 
51667, 9, 9 
18861, 9, 9 
38999, 9, 9 
56199, 9, 9 
42597, 9, 9 
17002, 9, 9 
30110, 9, 9 
51827, 9, 9 
18510, 9, 9 
13687, 9, 9 
39166, 9, 9 
59927, 9, 9 
54244, 9, 9 
48766, 9, 9 
26416, 9, 9 
3076, 9, 9 
50030, 9, 9 
42529, 9, 9 
41084, 9, 9 
10934, 9, 9 
20495, 9, 9 
58562, 9, 9 
31605, 9, 9 
46909, 9, 9 
59404, 9, 9 
33948, 9, 9 
24860, 9, 9 
35676, 9, 9 
18598, 9, 9 
22762, 9, 9 
26844, 9, 9 
4932, 9, 9 
19953, 9, 9 
19715, 9, 9 
23723, 9, 9 
44645, 9, 9 
46255, 9, 9 
49740, 9, 9 
59050, 9, 9 
36988, 9, 9 
28676, 9, 9 
33249, 9, 9 
5062, 9, 9 
28422, 9, 9 
13130, 9, 9 
3084, 9, 9 
38992, 9, 9 
21087, 9, 9 
50703, 9, 9 
58529, 9, 9 
4627, 9, 9 
18959, 9, 9 
7110, 9, 9 
40485, 9, 9 
24499, 9, 9 
940, 9, 9 
29012, 9, 9 
8199, 9, 9 
44244, 9, 9 
1256, 9, 9 
37534, 9, 9 
35523, 9, 9 
5559, 9, 9 
40667, 9, 9 
27626, 9, 9 
1116, 9, 9 
27725, 9, 9 
21510, 9, 9 
31524, 9, 9 
58761, 9, 9 
58395, 9, 9 
9437, 9, 9 
9407, 9, 9 
33291, 9, 9 
38887, 9, 9 
8244, 9, 9 
6036, 9, 9 
57152, 9, 9 
58968, 9, 9 
39576, 9, 9 
26997, 9, 9 
264, 9, 9 
36500, 9, 9 
44854, 9, 9 
18251, 9, 9 
33052, 9, 9 
31888, 9, 9 
46602, 9, 9 
18060, 9, 9 
44430, 9, 9 
48718, 9, 9 
8165, 9, 9 
52383, 9, 9 
17551, 9, 7 
39172, 9, 9 
24497, 9, 9 
23262, 9, 9 
3678, 9, 9 
41326, 9, 9 
3977, 9, 9 
23552, 9, 9 
46545, 9, 9 
52055, 9, 9 
40300, 9, 9 
11423, 9, 9 
36777, 9, 9 
55652, 9, 9 
57299, 9, 9 
11897, 9, 9 
21218, 9, 9 
19042, 9, 9 
35732, 9, 9 
34419, 9, 9 
3389, 9, 9 
52553, 9, 9 
19596, 9, 9 
53550, 9, 9 
35016, 9, 9 
22110, 9, 9 
31353, 9, 9 
1282, 9, 9 
7773, 9, 9 
16635, 9, 9 
53831, 9, 9 
3022, 9, 9 
49204, 9, 9 
26954, 9, 9 
22772, 9, 9 
19766, 9, 9 
900, 9, 9 
32618, 9, 9 
49973, 9, 9 
36261, 9, 9 
1401, 9, 9 
25216, 9, 9 
16360, 9, 9 
58075, 9, 9 
30328, 9, 9 
48940, 9, 9 
22246, 9, 9 
