id, true label, predicted label 
27628, 0, 0 
20843, 0, 0 
1502, 0, 0 
29490, 0, 0 
58754, 0, 0 
7052, 0, 0 
2718, 0, 0 
55666, 0, 0 
41077, 0, 0 
38614, 0, 0 
4985, 0, 0 
28746, 0, 0 
12500, 0, 0 
27070, 0, 0 
53380, 0, 0 
46661, 0, 0 
39956, 0, 0 
49739, 0, 0 
32951, 0, 0 
20088, 0, 0 
1387, 0, 0 
42294, 0, 0 
49497, 0, 0 
57700, 0, 0 
39581, 0, 0 
38062, 0, 0 
41837, 0, 0 
10240, 0, 0 
15524, 0, 0 
53460, 0, 0 
32388, 0, 0 
27414, 0, 0 
33079, 0, 0 
11754, 0, 0 
29676, 0, 0 
55408, 0, 0 
36628, 0, 0 
13459, 0, 0 
59639, 0, 0 
25167, 0, 0 
59099, 0, 0 
55991, 0, 0 
8159, 0, 0 
30548, 0, 0 
21513, 0, 0 
40180, 0, 0 
35209, 0, 0 
48547, 0, 0 
9983, 0, 0 
14668, 0, 0 
2160, 0, 0 
9733, 0, 0 
29623, 0, 0 
48526, 0, 0 
54597, 0, 0 
7128, 0, 0 
48268, 0, 0 
22224, 0, 0 
5202, 0, 0 
39735, 0, 0 
41069, 0, 0 
25383, 0, 0 
16817, 0, 0 
19770, 0, 0 
32531, 0, 0 
7181, 0, 0 
23875, 0, 0 
30699, 0, 0 
52799, 0, 0 
23662, 0, 0 
56444, 0, 0 
37303, 0, 0 
18645, 0, 0 
34392, 0, 0 
36869, 0, 0 
23297, 0, 0 
25542, 0, 0 
56651, 0, 0 
9695, 0, 0 
30555, 0, 0 
55917, 0, 0 
28041, 0, 0 
5612, 0, 0 
12168, 0, 0 
666, 0, 0 
29148, 0, 0 
18991, 0, 0 
44656, 0, 0 
31661, 0, 0 
7552, 0, 0 
29621, 0, 0 
35857, 0, 0 
3015, 0, 0 
28202, 0, 0 
32793, 0, 0 
51925, 0, 0 
38289, 0, 0 
81, 0, 0 
49268, 0, 0 
41743, 0, 0 
4539, 0, 0 
9322, 0, 0 
42217, 0, 0 
44276, 0, 0 
30170, 0, 0 
57003, 0, 0 
12927, 0, 0 
19485, 0, 0 
10505, 0, 0 
8000, 0, 0 
11933, 0, 0 
53077, 0, 0 
21960, 0, 0 
30678, 0, 0 
25285, 0, 0 
10924, 0, 0 
24529, 0, 0 
4854, 0, 0 
41880, 0, 0 
28274, 0, 0 
49903, 0, 0 
52039, 0, 0 
3568, 0, 0 
15692, 0, 0 
19584, 0, 0 
13826, 0, 0 
12533, 0, 0 
53994, 0, 0 
8515, 0, 0 
5053, 0, 0 
47479, 0, 0 
55680, 0, 0 
15520, 0, 0 
52409, 0, 0 
57642, 0, 0 
36848, 0, 0 
54445, 0, 0 
612, 0, 0 
15711, 0, 0 
13751, 0, 0 
32550, 0, 0 
57595, 0, 0 
33677, 0, 0 
39446, 0, 0 
27328, 0, 0 
34706, 0, 0 
30932, 0, 0 
21953, 0, 0 
4288, 0, 0 
37224, 0, 0 
29695, 0, 0 
50974, 0, 0 
31079, 0, 0 
46763, 0, 0 
51845, 0, 0 
51618, 0, 0 
48719, 0, 0 
23828, 0, 0 
24393, 0, 0 
37953, 0, 0 
27247, 0, 0 
3776, 0, 0 
12888, 0, 0 
15779, 0, 0 
49528, 0, 0 
57682, 0, 0 
20487, 0, 0 
40586, 0, 0 
59256, 0, 0 
26686, 0, 0 
18412, 0, 0 
41315, 0, 0 
36871, 0, 0 
31497, 0, 0 
57420, 0, 0 
10579, 0, 0 
9707, 0, 0 
23351, 0, 0 
53381, 0, 0 
15325, 0, 0 
8262, 0, 0 
32846, 0, 0 
8681, 0, 0 
702, 0, 0 
41245, 0, 0 
21266, 0, 0 
49500, 0, 0 
44413, 0, 0 
41807, 0, 0 
56835, 0, 0 
19369, 0, 0 
41331, 0, 0 
5074, 0, 0 
27633, 0, 0 
19801, 0, 0 
22306, 0, 0 
40335, 0, 0 
9750, 0, 0 
17761, 0, 0 
58532, 0, 0 
45766, 0, 0 
45190, 0, 0 
52045, 0, 0 
47736, 0, 0 
10005, 0, 0 
59795, 0, 0 
7728, 0, 0 
19915, 0, 0 
58782, 0, 0 
25750, 0, 0 
13233, 0, 0 
59651, 0, 0 
54649, 0, 0 
28385, 0, 0 
20225, 0, 0 
25137, 0, 0 
56989, 0, 0 
16151, 0, 0 
3337, 0, 0 
15329, 0, 0 
13913, 0, 0 
47190, 0, 0 
2298, 0, 0 
46905, 0, 0 
2310, 0, 0 
49443, 0, 0 
6330, 0, 0 
44121, 0, 0 
9204, 0, 0 
13807, 0, 0 
30352, 0, 0 
52995, 0, 0 
47797, 0, 0 
51002, 0, 0 
25783, 0, 0 
24308, 0, 0 
30625, 0, 0 
30923, 0, 0 
33645, 0, 0 
14412, 0, 0 
36260, 0, 0 
50825, 0, 0 
2066, 0, 0 
57491, 0, 0 
4624, 0, 0 
59059, 0, 0 
50769, 0, 0 
8894, 0, 0 
53243, 0, 0 
42224, 0, 0 
11060, 0, 0 
7219, 0, 0 
27023, 0, 0 
19490, 0, 0 
39775, 0, 0 
11701, 0, 0 
6645, 0, 0 
13155, 0, 0 
37954, 0, 0 
15621, 0, 0 
21308, 0, 0 
19258, 0, 0 
13029, 0, 0 
20713, 0, 0 
13889, 0, 0 
49872, 0, 0 
57746, 0, 0 
41647, 0, 0 
6973, 0, 0 
19166, 0, 0 
3377, 0, 0 
3673, 0, 0 
34989, 0, 0 
25757, 0, 0 
57067, 0, 0 
31505, 0, 0 
44844, 0, 0 
18324, 0, 0 
7585, 0, 0 
29456, 0, 0 
39861, 0, 0 
42250, 0, 0 
9934, 0, 0 
13833, 0, 0 
27512, 0, 0 
27638, 0, 0 
2373, 0, 0 
51490, 0, 0 
2935, 0, 0 
10384, 0, 0 
11920, 0, 0 
32086, 0, 0 
7267, 0, 0 
43276, 0, 0 
17214, 0, 0 
8489, 0, 0 
7158, 0, 0 
39620, 0, 0 
50839, 0, 0 
11091, 0, 0 
29034, 0, 0 
12542, 0, 0 
8288, 0, 0 
44103, 0, 0 
56512, 0, 0 
40414, 0, 0 
10025, 0, 0 
31059, 0, 0 
49387, 0, 0 
35646, 0, 0 
13583, 0, 0 
19061, 0, 0 
57384, 0, 0 
39856, 0, 0 
47079, 0, 0 
25101, 0, 0 
33219, 0, 0 
57407, 0, 0 
3241, 0, 0 
33485, 0, 0 
11403, 0, 0 
41108, 0, 0 
35261, 0, 0 
27307, 0, 0 
57784, 0, 0 
18538, 0, 0 
40003, 0, 0 
54514, 0, 0 
29378, 0, 0 
51147, 0, 0 
21137, 0, 0 
41384, 0, 0 
11746, 0, 0 
35746, 0, 0 
1897, 0, 0 
14919, 0, 0 
27289, 0, 0 
35465, 0, 0 
53734, 0, 0 
27894, 0, 0 
18507, 0, 0 
249, 0, 0 
26058, 0, 0 
5921, 0, 0 
55045, 0, 0 
41635, 0, 0 
30384, 0, 0 
31785, 0, 0 
27407, 0, 0 
43404, 0, 0 
46822, 0, 0 
40803, 0, 0 
30547, 0, 0 
7597, 0, 0 
326, 0, 0 
36829, 0, 0 
38865, 0, 0 
45418, 0, 0 
14944, 0, 0 
24645, 0, 0 
40649, 0, 0 
58223, 0, 0 
49336, 0, 0 
49533, 0, 0 
22596, 0, 0 
58062, 0, 0 
28910, 0, 0 
36391, 0, 0 
45165, 0, 0 
38473, 0, 0 
11902, 0, 0 
40262, 0, 0 
43468, 0, 0 
26044, 0, 0 
11742, 0, 0 
22757, 0, 0 
44040, 0, 0 
48023, 0, 0 
6987, 0, 0 
14705, 0, 0 
36506, 0, 0 
51215, 0, 0 
36376, 0, 0 
9822, 0, 0 
42835, 0, 0 
12550, 0, 0 
3677, 0, 0 
51348, 0, 0 
30149, 0, 0 
24024, 0, 0 
28325, 0, 0 
35505, 0, 0 
37854, 0, 0 
39683, 0, 0 
52114, 0, 0 
47139, 0, 0 
38055, 0, 0 
15965, 0, 0 
26980, 0, 0 
2586, 0, 0 
54459, 0, 0 
21971, 0, 0 
59558, 0, 0 
45359, 0, 0 
33345, 0, 0 
58012, 0, 0 
26597, 0, 0 
43884, 0, 0 
3849, 0, 0 
44060, 0, 0 
40042, 0, 0 
32905, 0, 0 
39975, 0, 0 
27609, 0, 0 
8469, 0, 0 
17149, 0, 0 
6034, 0, 0 
43941, 0, 0 
27603, 0, 0 
45682, 0, 0 
44979, 0, 0 
5469, 0, 0 
30382, 0, 0 
55130, 0, 0 
27859, 0, 0 
6065, 0, 0 
55879, 0, 0 
47740, 0, 0 
24011, 0, 0 
31855, 0, 0 
27394, 0, 0 
49889, 0, 0 
41051, 0, 0 
27170, 0, 0 
26073, 0, 0 
36414, 0, 0 
656, 0, 0 
9342, 0, 0 
1904, 0, 0 
11335, 0, 0 
216, 0, 0 
48834, 0, 0 
33111, 0, 0 
36040, 0, 0 
38054, 0, 0 
18171, 0, 0 
37411, 0, 0 
59477, 0, 0 
58743, 0, 0 
23586, 0, 0 
11231, 0, 0 
51992, 0, 0 
9406, 0, 0 
1168, 0, 0 
25181, 0, 0 
26292, 0, 0 
27290, 0, 0 
47422, 0, 0 
50990, 0, 0 
20418, 0, 0 
57202, 0, 0 
46812, 0, 0 
38484, 0, 0 
11860, 0, 0 
1798, 0, 0 
58275, 0, 0 
23741, 0, 0 
53684, 0, 0 
45455, 0, 0 
25159, 0, 0 
33163, 0, 0 
6857, 0, 0 
26308, 0, 0 
12374, 0, 0 
56353, 0, 0 
13217, 0, 0 
3612, 0, 0 
21933, 0, 0 
24627, 0, 0 
58726, 0, 0 
51774, 0, 0 
2561, 0, 0 
8096, 0, 0 
3391, 0, 0 
5961, 0, 0 
22270, 0, 0 
13408, 0, 0 
11834, 0, 0 
48439, 0, 0 
9742, 0, 0 
32293, 0, 0 
44750, 0, 0 
38579, 0, 0 
38706, 0, 0 
36734, 0, 0 
34152, 0, 0 
5115, 0, 0 
7557, 0, 0 
19732, 0, 0 
40582, 0, 0 
10118, 1, 1 
6747, 1, 1 
53273, 1, 1 
46747, 1, 1 
14758, 1, 1 
1031, 1, 1 
52562, 1, 1 
11112, 1, 1 
17661, 1, 1 
59149, 1, 1 
17433, 1, 1 
16287, 1, 1 
35657, 1, 1 
5123, 1, 1 
36451, 1, 1 
36433, 1, 1 
22926, 1, 1 
15316, 1, 1 
20302, 1, 1 
1681, 1, 1 
44031, 1, 1 
52882, 1, 1 
44210, 1, 1 
42986, 1, 1 
10290, 1, 1 
33190, 1, 1 
32335, 1, 1 
37330, 1, 1 
19323, 1, 1 
4972, 1, 1 
21247, 1, 1 
20772, 1, 1 
56208, 1, 1 
40561, 1, 1 
36297, 1, 1 
26072, 1, 1 
56189, 1, 1 
42171, 1, 1 
57644, 1, 1 
43872, 1, 1 
24376, 1, 1 
38105, 1, 1 
7435, 1, 1 
4128, 1, 1 
19091, 1, 1 
7671, 1, 1 
8451, 1, 1 
19394, 1, 1 
44369, 1, 1 
28069, 1, 1 
14227, 1, 1 
14936, 1, 1 
33936, 1, 1 
52177, 1, 1 
59559, 1, 1 
10223, 1, 1 
18683, 1, 1 
49145, 1, 1 
29517, 1, 1 
39159, 1, 1 
40287, 1, 1 
41879, 1, 1 
31478, 1, 1 
50356, 1, 1 
11291, 1, 1 
41694, 1, 1 
19643, 1, 1 
39776, 1, 1 
53080, 1, 1 
47770, 1, 1 
54479, 1, 1 
23612, 1, 1 
40954, 1, 1 
13697, 1, 1 
55338, 1, 1 
14860, 1, 1 
58459, 1, 1 
19421, 1, 1 
27071, 1, 1 
408, 1, 1 
7160, 1, 1 
46006, 1, 1 
34980, 1, 1 
39980, 1, 1 
48629, 1, 1 
22538, 1, 1 
19626, 1, 1 
18304, 1, 1 
50952, 1, 1 
52675, 1, 1 
11262, 1, 1 
42316, 1, 1 
54485, 1, 1 
33535, 1, 1 
42702, 1, 1 
57960, 1, 1 
26485, 1, 1 
6985, 1, 1 
21071, 1, 1 
58580, 1, 1 
28964, 1, 1 
49878, 1, 1 
54438, 1, 1 
50293, 1, 1 
31432, 1, 1 
24628, 1, 1 
9653, 1, 1 
19937, 1, 1 
52234, 1, 1 
49664, 1, 1 
45579, 1, 1 
45403, 1, 1 
55710, 1, 1 
52175, 1, 1 
52961, 1, 1 
27159, 1, 1 
32204, 1, 1 
51439, 1, 1 
33558, 1, 1 
58033, 1, 1 
7105, 1, 1 
30366, 1, 1 
6108, 1, 1 
41591, 1, 1 
59854, 1, 1 
38337, 1, 1 
1051, 1, 1 
22847, 1, 1 
57410, 1, 1 
36457, 1, 1 
13950, 1, 1 
43053, 1, 1 
54501, 1, 1 
48085, 1, 1 
16855, 1, 1 
5571, 1, 1 
38207, 1, 1 
14228, 1, 1 
23822, 1, 1 
47905, 1, 1 
29957, 1, 1 
24762, 1, 1 
50362, 1, 1 
18761, 1, 1 
59044, 1, 1 
13903, 1, 1 
18421, 1, 1 
20852, 1, 1 
2932, 1, 1 
6701, 1, 1 
42578, 1, 1 
9906, 1, 1 
34017, 1, 1 
41103, 1, 1 
29284, 1, 1 
32167, 1, 1 
46850, 1, 1 
50130, 1, 1 
32334, 1, 1 
2907, 1, 1 
20988, 1, 1 
2374, 1, 1 
6021, 1, 1 
47535, 1, 1 
46093, 1, 1 
9705, 1, 1 
24083, 1, 1 
4435, 1, 1 
8873, 1, 1 
35328, 1, 1 
38455, 1, 1 
34222, 1, 1 
56644, 1, 1 
46792, 1, 1 
8895, 1, 1 
51882, 1, 1 
5930, 1, 1 
32721, 1, 1 
1839, 1, 1 
19510, 1, 1 
50477, 1, 1 
53939, 1, 1 
52927, 1, 1 
8836, 1, 1 
40148, 1, 1 
47697, 1, 1 
28292, 1, 1 
43142, 1, 1 
22370, 1, 1 
33949, 1, 1 
58320, 1, 1 
11061, 1, 1 
41944, 1, 1 
25434, 1, 1 
49559, 1, 1 
13399, 1, 1 
2858, 1, 1 
18524, 1, 1 
16759, 1, 1 
21964, 1, 1 
38305, 1, 1 
7532, 1, 1 
8648, 1, 1 
36968, 1, 1 
5262, 1, 1 
8904, 1, 1 
49440, 1, 1 
25858, 1, 1 
25805, 1, 1 
37839, 1, 1 
19188, 1, 1 
53040, 1, 1 
55955, 1, 1 
39805, 1, 1 
41799, 1, 1 
41090, 1, 1 
26190, 1, 1 
2599, 1, 1 
54773, 1, 1 
48395, 1, 1 
11537, 1, 1 
25352, 1, 1 
18899, 1, 1 
43849, 1, 1 
48720, 1, 1 
43444, 1, 1 
16334, 1, 1 
46085, 1, 1 
10293, 1, 1 
22812, 1, 1 
38582, 1, 1 
20365, 1, 1 
41607, 1, 1 
25596, 1, 1 
59912, 1, 1 
29902, 1, 1 
35756, 1, 1 
9930, 1, 1 
9354, 1, 1 
6925, 1, 1 
32530, 1, 1 
23290, 1, 1 
36426, 1, 1 
16914, 1, 1 
22345, 1, 1 
2719, 1, 1 
22848, 1, 1 
42002, 1, 1 
39173, 1, 1 
34625, 1, 1 
31932, 1, 1 
33985, 1, 1 
11630, 1, 1 
36033, 1, 1 
29041, 1, 1 
8331, 1, 1 
35396, 1, 1 
32179, 1, 1 
49205, 1, 1 
4166, 1, 1 
40983, 1, 1 
22066, 1, 1 
57903, 1, 1 
53405, 1, 1 
77, 1, 1 
42486, 1, 1 
42666, 1, 1 
23970, 1, 1 
8218, 1, 1 
50979, 1, 1 
54614, 1, 1 
29407, 1, 1 
28568, 1, 1 
35508, 1, 1 
12734, 1, 1 
25118, 1, 1 
20643, 1, 1 
21811, 1, 1 
45092, 1, 1 
39716, 1, 1 
57813, 1, 1 
2831, 1, 1 
5840, 1, 1 
416, 1, 1 
18659, 1, 1 
5543, 1, 1 
41237, 1, 1 
46225, 1, 1 
18359, 1, 1 
29609, 1, 1 
47400, 1, 1 
56734, 1, 1 
53427, 1, 1 
39546, 1, 1 
31357, 1, 1 
41487, 1, 1 
32465, 1, 1 
5271, 1, 1 
38928, 1, 1 
49855, 1, 1 
38388, 1, 1 
24328, 1, 1 
47158, 1, 1 
28331, 1, 1 
47721, 1, 1 
12798, 1, 1 
1084, 1, 1 
6665, 1, 1 
46240, 1, 1 
59266, 1, 1 
7188, 1, 1 
45221, 1, 1 
45451, 1, 1 
49787, 1, 1 
19100, 1, 1 
58763, 1, 1 
5824, 1, 1 
39196, 1, 1 
5994, 1, 1 
25606, 1, 1 
32921, 1, 1 
54094, 1, 1 
53966, 1, 1 
26390, 1, 1 
8610, 1, 1 
52624, 1, 1 
18451, 1, 1 
27111, 1, 1 
51540, 1, 1 
7363, 1, 1 
30053, 1, 1 
23167, 1, 1 
8919, 1, 1 
39888, 1, 1 
48411, 1, 1 
7729, 1, 1 
21362, 1, 1 
47388, 1, 1 
8704, 1, 1 
5245, 1, 1 
3430, 1, 1 
7921, 1, 1 
38909, 1, 1 
16367, 1, 1 
45197, 1, 1 
17459, 1, 1 
24800, 1, 1 
37045, 1, 1 
37305, 1, 1 
9453, 1, 1 
52392, 1, 1 
14812, 1, 1 
5006, 1, 1 
44207, 1, 1 
53160, 1, 1 
3111, 1, 1 
3811, 1, 1 
52888, 1, 1 
51932, 1, 1 
23369, 1, 1 
24839, 1, 1 
16441, 1, 1 
49919, 1, 1 
13657, 1, 1 
47213, 1, 1 
30189, 1, 1 
51651, 1, 1 
18758, 1, 1 
32937, 1, 1 
17305, 1, 1 
2426, 1, 1 
2505, 1, 1 
16483, 1, 1 
25027, 1, 1 
11360, 1, 1 
3230, 1, 1 
30104, 1, 1 
51051, 1, 1 
18261, 1, 1 
8575, 1, 1 
37598, 1, 1 
41888, 1, 1 
27300, 1, 1 
37191, 1, 1 
21944, 1, 1 
33498, 1, 1 
17135, 1, 1 
55920, 1, 1 
38806, 1, 1 
58689, 1, 1 
34782, 1, 1 
23841, 1, 1 
38039, 1, 1 
30848, 1, 1 
28909, 1, 1 
22914, 1, 1 
24247, 1, 1 
37232, 1, 1 
27455, 1, 1 
42194, 1, 1 
26667, 1, 1 
52807, 1, 1 
30639, 1, 1 
11440, 1, 1 
31871, 1, 1 
22560, 1, 1 
18207, 1, 1 
38545, 1, 1 
42806, 1, 1 
7440, 1, 1 
1989, 1, 1 
58322, 1, 1 
13542, 1, 1 
52552, 1, 1 
14998, 1, 1 
16509, 1, 1 
13006, 1, 1 
18115, 1, 1 
13177, 1, 1 
13631, 1, 1 
22788, 1, 1 
32855, 1, 1 
12987, 1, 1 
2136, 1, 1 
30564, 1, 1 
58963, 1, 1 
3122, 1, 1 
27256, 1, 1 
42279, 1, 1 
1452, 1, 1 
573, 1, 1 
43887, 1, 1 
41019, 1, 1 
27461, 1, 1 
44038, 1, 1 
44542, 1, 1 
7971, 1, 1 
22004, 1, 1 
29840, 1, 1 
38974, 1, 1 
37782, 1, 1 
57997, 1, 1 
36731, 1, 1 
2307, 1, 1 
17151, 1, 1 
26421, 1, 1 
57453, 1, 1 
51390, 1, 1 
48851, 1, 1 
31237, 1, 1 
20146, 1, 1 
46518, 1, 1 
54380, 1, 1 
47908, 1, 1 
31174, 1, 1 
58123, 1, 1 
3464, 1, 1 
34337, 1, 1 
36928, 1, 1 
16779, 1, 1 
48573, 1, 1 
31238, 1, 1 
23245, 1, 1 
14980, 1, 1 
22192, 1, 1 
19691, 1, 1 
30809, 1, 1 
55747, 1, 1 
49876, 1, 1 
45961, 1, 1 
33298, 1, 1 
47998, 1, 1 
57778, 1, 1 
31179, 1, 1 
12072, 1, 1 
52822, 1, 1 
40921, 1, 1 
49899, 1, 1 
50190, 1, 1 
45204, 1, 1 
5630, 1, 1 
7084, 1, 1 
39007, 1, 1 
18912, 1, 1 
23532, 1, 1 
44556, 1, 1 
17130, 1, 1 
4160, 1, 1 
31766, 1, 1 
48458, 1, 1 
25595, 1, 1 
44988, 1, 1 
11857, 1, 1 
31038, 1, 1 
31421, 1, 1 
5516, 1, 1 
24567, 1, 1 
6366, 1, 1 
59116, 1, 1 
53871, 1, 1 
54318, 2, 2 
11250, 2, 2 
2450, 2, 2 
21527, 2, 2 
50899, 2, 2 
16025, 2, 2 
34907, 2, 2 
20454, 2, 2 
28454, 2, 2 
38288, 2, 2 
347, 2, 2 
53967, 2, 2 
13523, 2, 2 
20424, 2, 2 
53088, 2, 2 
15391, 2, 2 
37120, 2, 2 
42866, 2, 2 
27736, 2, 2 
47907, 2, 2 
15434, 2, 4 
28140, 2, 2 
21323, 2, 2 
56513, 2, 2 
58126, 2, 2 
5758, 2, 2 
58071, 2, 2 
29071, 2, 2 
47590, 2, 2 
50287, 2, 2 
39772, 2, 2 
16701, 2, 2 
40995, 2, 2 
42934, 2, 2 
3134, 2, 2 
4241, 2, 2 
28559, 2, 2 
30791, 2, 2 
40037, 2, 2 
47375, 2, 2 
7695, 2, 2 
23313, 2, 2 
10583, 2, 2 
29930, 2, 2 
42219, 2, 2 
10629, 2, 2 
568, 2, 2 
4086, 2, 2 
3799, 2, 2 
25533, 2, 2 
55655, 2, 2 
15588, 2, 2 
25617, 2, 2 
49936, 2, 2 
41417, 2, 2 
11242, 2, 2 
45378, 2, 2 
55429, 2, 2 
27935, 2, 2 
58502, 2, 2 
53008, 2, 2 
30569, 2, 2 
1952, 2, 2 
1987, 2, 2 
48292, 2, 2 
58962, 2, 2 
8251, 2, 2 
27252, 2, 2 
57139, 2, 2 
36680, 2, 2 
14523, 2, 2 
27426, 2, 2 
16547, 2, 2 
48383, 2, 2 
13606, 2, 2 
40870, 2, 2 
47199, 2, 2 
15272, 2, 2 
37347, 2, 2 
34444, 2, 2 
47973, 2, 2 
41878, 2, 2 
3486, 2, 2 
48799, 2, 2 
33361, 2, 2 
11394, 2, 2 
11458, 2, 2 
51787, 2, 2 
39171, 2, 2 
24997, 2, 2 
51849, 2, 2 
59706, 2, 2 
54794, 2, 2 
17500, 2, 2 
8277, 2, 2 
54676, 2, 2 
1199, 2, 2 
23675, 2, 2 
52959, 2, 2 
1714, 2, 2 
41581, 2, 2 
38354, 2, 2 
31247, 2, 2 
8833, 2, 2 
19028, 2, 2 
53819, 2, 2 
43794, 2, 2 
4165, 2, 2 
37615, 2, 2 
13275, 2, 2 
1165, 2, 2 
51869, 2, 2 
16046, 2, 2 
6743, 2, 2 
46867, 2, 2 
26164, 2, 2 
42012, 2, 2 
36614, 2, 2 
23162, 2, 2 
38753, 2, 2 
46259, 2, 2 
46690, 2, 2 
18972, 2, 2 
9897, 2, 2 
42439, 2, 2 
56125, 2, 2 
39698, 2, 2 
5, 2, 2 
36965, 2, 2 
40409, 2, 2 
46606, 2, 2 
16772, 2, 2 
50211, 2, 2 
34217, 2, 2 
21652, 2, 2 
31381, 2, 2 
30076, 2, 2 
37214, 2, 2 
15005, 2, 2 
39079, 2, 2 
9301, 2, 2 
8831, 2, 2 
49916, 2, 2 
27869, 2, 2 
37838, 2, 7 
15618, 2, 2 
34062, 2, 2 
21670, 2, 2 
43826, 2, 2 
36006, 2, 2 
8573, 2, 2 
24427, 2, 2 
21917, 2, 2 
2684, 2, 2 
8921, 2, 2 
18713, 2, 2 
40566, 2, 2 
57574, 2, 2 
48525, 2, 2 
1715, 2, 2 
6974, 2, 2 
9449, 2, 2 
23652, 2, 2 
26265, 2, 2 
48423, 2, 2 
29741, 2, 2 
47759, 2, 2 
24347, 2, 2 
7614, 2, 2 
47819, 2, 2 
16209, 2, 2 
43815, 2, 2 
52695, 2, 2 
48474, 2, 2 
28672, 2, 2 
46250, 2, 2 
47460, 2, 2 
4550, 2, 2 
43871, 2, 2 
5762, 2, 2 
42280, 2, 2 
22100, 2, 2 
6273, 2, 2 
37462, 2, 2 
46586, 2, 2 
30075, 2, 2 
13818, 2, 2 
38221, 2, 2 
42789, 2, 2 
59824, 2, 2 
33413, 2, 2 
47990, 2, 2 
1753, 2, 2 
3165, 2, 2 
6466, 2, 2 
54134, 2, 2 
1549, 2, 2 
17315, 2, 2 
45661, 2, 2 
56719, 2, 2 
54806, 2, 2 
3765, 2, 2 
22554, 2, 2 
17973, 2, 2 
24116, 2, 2 
39210, 2, 2 
10978, 2, 2 
28388, 2, 2 
34717, 2, 2 
40183, 2, 2 
21502, 2, 2 
31002, 2, 2 
14978, 2, 2 
20514, 2, 2 
35652, 2, 2 
39411, 2, 2 
42949, 2, 2 
7370, 2, 2 
5095, 2, 2 
55044, 2, 2 
40592, 2, 2 
29546, 2, 2 
55186, 2, 2 
47235, 2, 2 
29081, 2, 2 
46656, 2, 2 
48279, 2, 2 
31506, 2, 2 
14139, 2, 2 
9979, 2, 2 
39582, 2, 2 
59489, 2, 2 
37957, 2, 2 
18213, 2, 2 
7005, 2, 2 
43391, 2, 2 
2851, 2, 2 
30634, 2, 2 
52006, 2, 2 
29837, 2, 2 
46708, 2, 2 
42126, 2, 2 
18817, 2, 2 
37320, 2, 2 
9583, 2, 2 
31373, 2, 2 
12424, 2, 2 
35051, 2, 2 
15994, 2, 2 
34116, 2, 2 
44727, 2, 2 
40084, 2, 2 
44133, 2, 2 
30905, 2, 2 
14484, 2, 2 
36355, 2, 2 
47557, 2, 2 
14267, 2, 2 
54220, 2, 2 
1301, 2, 2 
34606, 2, 2 
19737, 2, 2 
29481, 2, 2 
43877, 2, 2 
39655, 2, 2 
52501, 2, 2 
9546, 2, 2 
10194, 2, 2 
45077, 2, 2 
1047, 2, 2 
48391, 2, 2 
35483, 2, 2 
27754, 2, 2 
17909, 2, 2 
37545, 2, 2 
4716, 2, 2 
3902, 2, 2 
24425, 2, 2 
20715, 2, 2 
32170, 2, 2 
22278, 2, 2 
9377, 2, 2 
56289, 2, 2 
48674, 2, 2 
41082, 2, 2 
4646, 2, 2 
3042, 2, 2 
873, 2, 2 
57831, 2, 2 
143, 2, 2 
29244, 2, 2 
34450, 2, 2 
48497, 2, 2 
22742, 2, 2 
21537, 2, 2 
4322, 2, 2 
21470, 2, 2 
31047, 2, 2 
16200, 2, 2 
21451, 2, 2 
17173, 2, 2 
34636, 2, 2 
11774, 2, 2 
12766, 2, 2 
15802, 2, 2 
12621, 2, 2 
7576, 2, 2 
31773, 2, 2 
24968, 2, 2 
32438, 2, 2 
32726, 2, 2 
41708, 2, 2 
34385, 2, 2 
43514, 2, 2 
7942, 2, 2 
54924, 2, 2 
23397, 2, 2 
54271, 2, 2 
18684, 2, 2 
25574, 2, 2 
28218, 2, 2 
40539, 2, 2 
33094, 2, 2 
29167, 2, 2 
24036, 2, 2 
22184, 2, 2 
6105, 2, 2 
24853, 2, 2 
8834, 2, 2 
25148, 2, 2 
41451, 2, 2 
58651, 2, 2 
59113, 2, 2 
42092, 2, 2 
43113, 2, 2 
6360, 2, 2 
54454, 2, 2 
27622, 2, 2 
42413, 2, 2 
801, 2, 2 
22861, 2, 2 
59985, 2, 2 
18763, 2, 2 
54078, 2, 2 
21674, 2, 2 
10429, 2, 2 
31617, 2, 2 
58098, 2, 2 
15799, 2, 2 
45319, 2, 2 
41340, 2, 2 
29287, 2, 2 
19602, 2, 2 
34917, 2, 2 
16544, 2, 2 
555, 2, 2 
31609, 2, 2 
3300, 2, 2 
27311, 2, 2 
32077, 2, 2 
49907, 2, 2 
46408, 2, 2 
31467, 2, 2 
48640, 2, 2 
38009, 2, 2 
10403, 2, 2 
51379, 2, 2 
3208, 2, 2 
35112, 2, 2 
44520, 2, 2 
59223, 2, 2 
15853, 2, 2 
41662, 2, 2 
6270, 2, 2 
31354, 2, 2 
25069, 2, 2 
3719, 2, 2 
36463, 2, 2 
1058, 2, 2 
35758, 2, 2 
6846, 2, 2 
36209, 2, 2 
15605, 2, 2 
15205, 2, 2 
51064, 2, 2 
16030, 2, 2 
5480, 2, 2 
44393, 2, 2 
54866, 2, 2 
76, 2, 2 
43597, 2, 2 
52118, 2, 2 
27797, 2, 2 
45125, 2, 2 
45620, 2, 2 
55749, 2, 2 
37660, 2, 2 
30120, 2, 2 
54292, 2, 2 
9179, 2, 2 
30970, 2, 2 
50446, 2, 2 
20375, 2, 2 
23625, 2, 2 
33373, 2, 2 
31096, 2, 2 
57624, 2, 2 
49369, 2, 2 
40289, 2, 2 
4437, 2, 2 
46262, 2, 2 
23310, 2, 2 
28336, 2, 2 
24035, 2, 2 
43546, 2, 2 
41169, 2, 2 
27122, 2, 2 
7146, 2, 2 
23138, 2, 2 
56876, 2, 2 
20970, 2, 2 
16047, 2, 2 
12474, 2, 2 
16018, 2, 2 
12302, 2, 2 
45638, 2, 2 
33878, 2, 2 
47443, 2, 2 
58928, 2, 2 
52109, 2, 2 
41466, 2, 2 
45906, 2, 2 
56919, 2, 2 
32818, 2, 2 
12858, 2, 2 
52835, 2, 2 
41841, 2, 2 
39145, 2, 2 
41721, 2, 2 
22579, 2, 2 
25627, 2, 2 
38094, 2, 2 
13138, 2, 2 
13820, 2, 2 
56847, 2, 2 
30752, 2, 2 
774, 2, 2 
3981, 2, 2 
17188, 2, 2 
4722, 2, 2 
3305, 2, 2 
47890, 2, 2 
43314, 2, 2 
34856, 2, 2 
20411, 2, 2 
19053, 2, 2 
7792, 2, 2 
13374, 2, 2 
57953, 2, 2 
33088, 2, 2 
13370, 2, 2 
28795, 2, 2 
58929, 2, 2 
57366, 2, 2 
57628, 2, 7 
7916, 2, 2 
42535, 2, 2 
39739, 2, 2 
40622, 2, 2 
27367, 2, 2 
23770, 2, 2 
45099, 2, 2 
28611, 2, 2 
34643, 2, 2 
2847, 2, 2 
8226, 2, 2 
19886, 2, 2 
27752, 2, 2 
23584, 2, 2 
49773, 2, 2 
46551, 2, 2 
18210, 2, 2 
3333, 2, 2 
45932, 2, 2 
5171, 2, 2 
5016, 2, 2 
53608, 2, 2 
42883, 2, 2 
56079, 2, 2 
35690, 2, 2 
18147, 2, 2 
40881, 2, 2 
16707, 2, 2 
17369, 2, 2 
21633, 2, 2 
52370, 2, 2 
9727, 2, 2 
39669, 2, 2 
59677, 2, 2 
4648, 2, 2 
39595, 3, 3 
13543, 3, 3 
5605, 3, 3 
9420, 3, 3 
11813, 3, 3 
53447, 3, 3 
17864, 3, 3 
7800, 3, 3 
41491, 3, 3 
5328, 3, 3 
21187, 3, 3 
5467, 3, 3 
8254, 3, 3 
6658, 3, 9 
40926, 3, 3 
22721, 3, 3 
38116, 3, 3 
7189, 3, 3 
19114, 3, 3 
15139, 3, 3 
36287, 3, 3 
14514, 3, 3 
13993, 3, 3 
33709, 3, 3 
37604, 3, 3 
29896, 3, 3 
28881, 3, 3 
5332, 3, 3 
50210, 3, 3 
41619, 3, 3 
16291, 3, 3 
7322, 3, 3 
36912, 3, 3 
31636, 3, 3 
52378, 3, 3 
36515, 3, 3 
41929, 3, 3 
5942, 3, 3 
24196, 3, 3 
37703, 3, 3 
35143, 3, 3 
6522, 3, 3 
12826, 3, 3 
59707, 3, 3 
34995, 3, 3 
46900, 3, 3 
55062, 3, 3 
2564, 3, 3 
46932, 3, 3 
40462, 3, 3 
33989, 3, 3 
59436, 3, 3 
29875, 3, 3 
36103, 3, 3 
13577, 3, 3 
50336, 3, 3 
36855, 3, 3 
6827, 3, 3 
2029, 3, 3 
50726, 3, 3 
13568, 3, 3 
27140, 3, 3 
51154, 3, 3 
32171, 3, 3 
35447, 3, 3 
58878, 3, 3 
1921, 3, 3 
12602, 3, 3 
27755, 3, 3 
52038, 3, 3 
55151, 3, 3 
29294, 3, 3 
43717, 3, 3 
8017, 3, 3 
9706, 3, 3 
643, 3, 3 
17621, 3, 3 
52974, 3, 3 
38239, 3, 3 
43043, 3, 3 
47380, 3, 3 
1185, 3, 3 
36917, 3, 3 
40811, 3, 3 
19977, 3, 3 
54915, 3, 3 
17435, 3, 3 
32703, 3, 3 
34710, 3, 3 
37908, 3, 3 
41969, 3, 3 
49254, 3, 3 
26724, 3, 3 
17295, 3, 3 
18612, 3, 3 
30011, 3, 3 
8907, 3, 3 
13045, 3, 3 
58721, 3, 3 
41753, 3, 3 
4073, 3, 3 
43070, 3, 3 
57689, 3, 3 
33054, 3, 3 
22231, 3, 3 
52994, 3, 3 
9848, 3, 3 
27610, 3, 3 
17643, 3, 3 
19263, 3, 3 
45135, 3, 3 
21980, 3, 3 
6430, 3, 3 
8425, 3, 3 
56008, 3, 3 
6632, 3, 3 
58582, 3, 3 
291, 3, 3 
56994, 3, 3 
48702, 3, 3 
20946, 3, 3 
54481, 3, 3 
50885, 3, 3 
49650, 3, 3 
8494, 3, 3 
46570, 3, 3 
25266, 3, 3 
32885, 3, 3 
51373, 3, 3 
27173, 3, 3 
6148, 3, 3 
26194, 3, 3 
45995, 3, 3 
30206, 3, 3 
53889, 3, 3 
22587, 3, 3 
58812, 3, 3 
14099, 3, 3 
59769, 3, 3 
49985, 3, 3 
25078, 3, 3 
23202, 3, 3 
39814, 3, 3 
17371, 3, 3 
33649, 3, 3 
10214, 3, 3 
56654, 3, 3 
59798, 3, 3 
5852, 3, 3 
48014, 3, 3 
28458, 3, 3 
22996, 3, 3 
48386, 3, 3 
8230, 3, 3 
57527, 3, 3 
37797, 3, 3 
28199, 3, 3 
14635, 3, 3 
37468, 3, 3 
21660, 3, 3 
5812, 3, 3 
24205, 3, 3 
21579, 3, 3 
4121, 3, 3 
54735, 3, 3 
25880, 3, 3 
13894, 3, 3 
41053, 3, 3 
35486, 3, 3 
13221, 3, 3 
41843, 3, 3 
13707, 3, 3 
12100, 3, 3 
15842, 3, 3 
51536, 3, 3 
17521, 3, 3 
18997, 3, 3 
58664, 3, 3 
21468, 3, 3 
22103, 3, 3 
10155, 3, 3 
49020, 3, 3 
18827, 3, 3 
52164, 3, 3 
35407, 3, 3 
48732, 3, 3 
5455, 3, 3 
17386, 3, 3 
31042, 3, 3 
12451, 3, 3 
22155, 3, 3 
2917, 3, 3 
11781, 3, 3 
27095, 3, 3 
22251, 3, 3 
8055, 3, 3 
48415, 3, 3 
37223, 3, 3 
37730, 3, 3 
15080, 3, 3 
37622, 3, 3 
55035, 3, 3 
52740, 3, 3 
16945, 3, 3 
42823, 3, 3 
19215, 3, 3 
35869, 3, 3 
8643, 3, 3 
57278, 3, 3 
4736, 3, 3 
38507, 3, 3 
21531, 3, 3 
57247, 3, 3 
2931, 3, 3 
39489, 3, 3 
13615, 3, 3 
18244, 3, 3 
14851, 3, 3 
44557, 3, 3 
30282, 3, 3 
50735, 3, 3 
9006, 3, 3 
49137, 3, 3 
21466, 3, 3 
22113, 3, 3 
30540, 3, 3 
8122, 3, 3 
49193, 3, 3 
16372, 3, 3 
3707, 3, 3 
13909, 3, 3 
25225, 3, 3 
36604, 3, 3 
36023, 3, 3 
21306, 3, 3 
29352, 3, 3 
54397, 3, 3 
23227, 3, 3 
17041, 3, 3 
43230, 3, 3 
8946, 3, 3 
3402, 3, 3 
15261, 3, 3 
52891, 3, 3 
5031, 3, 3 
7339, 3, 3 
59930, 3, 3 
53048, 3, 3 
16375, 3, 3 
43200, 3, 3 
27835, 3, 3 
58503, 3, 3 
44192, 3, 3 
58832, 3, 3 
32642, 3, 3 
32881, 3, 3 
44799, 3, 3 
27067, 3, 3 
30400, 3, 3 
13332, 3, 3 
22999, 3, 3 
34208, 3, 3 
10210, 3, 3 
30241, 3, 3 
38797, 3, 3 
53419, 3, 3 
40996, 3, 3 
36338, 3, 3 
45517, 3, 3 
45093, 3, 3 
49286, 3, 3 
36078, 3, 3 
13242, 3, 3 
18675, 3, 3 
49670, 3, 3 
9184, 3, 3 
6251, 3, 3 
10880, 3, 3 
59092, 3, 3 
45008, 3, 3 
25145, 3, 3 
23242, 3, 3 
27248, 3, 3 
44138, 3, 3 
49841, 3, 3 
29014, 3, 3 
11797, 3, 3 
16296, 3, 3 
39909, 3, 3 
7123, 3, 3 
14864, 3, 3 
10031, 3, 3 
56823, 3, 3 
55139, 3, 3 
33786, 3, 3 
5578, 3, 3 
55312, 3, 3 
27671, 3, 3 
9904, 3, 3 
10696, 3, 3 
9871, 3, 3 
3920, 3, 3 
2720, 3, 7 
6894, 3, 3 
49183, 3, 3 
21496, 3, 3 
21447, 3, 3 
11554, 3, 3 
15377, 3, 3 
3938, 3, 3 
25685, 3, 3 
3471, 3, 3 
13353, 3, 3 
13787, 3, 3 
13703, 3, 3 
59356, 3, 3 
5497, 3, 3 
18030, 3, 3 
10423, 3, 3 
42248, 3, 3 
44004, 3, 3 
34427, 3, 3 
40866, 3, 3 
47192, 3, 3 
9004, 3, 3 
28157, 3, 3 
2886, 3, 3 
25453, 3, 3 
43438, 3, 3 
26744, 3, 3 
58822, 3, 3 
17355, 3, 3 
18119, 3, 3 
43658, 3, 3 
22408, 3, 3 
48935, 3, 3 
55249, 3, 3 
3424, 3, 3 
27480, 3, 3 
43298, 3, 3 
18477, 3, 3 
22413, 3, 3 
37163, 3, 3 
3034, 3, 3 
12446, 3, 3 
35401, 3, 3 
37658, 3, 3 
3614, 3, 3 
38241, 3, 3 
40205, 3, 3 
38970, 3, 3 
4001, 3, 3 
54062, 3, 3 
54029, 3, 3 
29791, 3, 3 
4136, 3, 3 
7841, 3, 3 
38130, 3, 3 
59398, 3, 3 
31703, 3, 3 
25896, 3, 3 
29670, 3, 3 
789, 3, 3 
19015, 3, 3 
4996, 3, 3 
54174, 3, 3 
19962, 3, 3 
32753, 3, 3 
28472, 3, 3 
19495, 3, 3 
51274, 3, 3 
5798, 3, 3 
6118, 3, 3 
23556, 3, 3 
10608, 3, 3 
15990, 3, 3 
13658, 3, 3 
34363, 3, 3 
39565, 3, 3 
767, 3, 3 
8246, 3, 3 
46098, 3, 3 
31136, 3, 3 
48626, 3, 3 
49913, 3, 3 
17000, 3, 3 
41123, 3, 3 
25538, 3, 3 
19921, 3, 3 
31641, 3, 3 
49810, 3, 3 
58874, 3, 3 
54727, 3, 3 
17553, 3, 3 
41071, 3, 3 
30754, 3, 3 
31153, 3, 3 
11467, 3, 3 
41337, 3, 3 
43922, 3, 3 
53482, 3, 3 
47970, 3, 3 
9851, 3, 3 
43448, 3, 3 
28759, 3, 3 
17988, 3, 3 
54147, 3, 3 
50611, 3, 3 
30070, 3, 3 
36511, 3, 3 
19518, 3, 3 
38983, 3, 3 
31559, 3, 3 
19878, 3, 3 
12338, 3, 3 
18986, 3, 3 
51947, 3, 3 
2580, 3, 3 
30883, 3, 3 
47802, 3, 3 
12967, 3, 3 
15007, 3, 3 
50308, 3, 3 
59691, 3, 3 
2023, 3, 3 
1357, 3, 3 
36707, 3, 3 
23419, 3, 3 
5911, 3, 3 
50403, 3, 3 
30265, 3, 3 
5491, 3, 3 
27645, 3, 3 
52022, 3, 3 
26739, 3, 3 
56925, 3, 3 
51230, 3, 3 
17088, 3, 3 
21098, 3, 3 
16239, 3, 3 
35049, 3, 3 
12152, 3, 3 
55732, 3, 3 
36575, 3, 3 
35911, 3, 3 
24635, 3, 3 
15342, 3, 3 
28032, 3, 3 
29613, 3, 3 
20937, 3, 3 
42909, 3, 3 
58086, 3, 3 
14789, 3, 3 
14361, 3, 3 
4506, 3, 3 
52129, 3, 3 
47520, 3, 3 
23241, 3, 3 
25536, 3, 3 
43942, 3, 3 
28527, 3, 3 
2705, 3, 3 
15379, 3, 3 
31544, 3, 3 
53283, 3, 3 
53570, 3, 3 
40904, 3, 3 
37566, 3, 3 
6081, 3, 3 
51675, 3, 3 
35891, 3, 3 
490, 3, 3 
44510, 3, 3 
25107, 3, 3 
51106, 3, 3 
53474, 3, 3 
49826, 3, 3 
18626, 3, 3 
58620, 3, 3 
51798, 3, 3 
39836, 3, 3 
10585, 3, 3 
16783, 3, 3 
56073, 3, 3 
20989, 3, 3 
59955, 3, 3 
19231, 3, 3 
11244, 3, 3 
28476, 3, 3 
56474, 3, 3 
17966, 3, 3 
25191, 3, 3 
19266, 3, 3 
12913, 3, 3 
47742, 3, 3 
57897, 3, 3 
40830, 3, 3 
15762, 3, 3 
42791, 3, 3 
38732, 3, 3 
39867, 4, 4 
54009, 4, 4 
6812, 4, 4 
36675, 4, 4 
834, 4, 4 
14769, 4, 4 
20053, 4, 4 
25380, 4, 4 
6449, 4, 4 
4721, 4, 4 
47884, 4, 4 
729, 4, 4 
5822, 4, 4 
54422, 4, 4 
11547, 4, 4 
47086, 4, 4 
13009, 4, 4 
28492, 4, 4 
41068, 4, 4 
48310, 4, 4 
40168, 4, 4 
804, 4, 4 
36339, 4, 4 
53492, 4, 4 
19107, 4, 4 
7343, 4, 4 
16093, 4, 4 
36346, 4, 4 
442, 4, 4 
48288, 4, 9 
26264, 4, 4 
52517, 4, 4 
5755, 4, 4 
4075, 4, 4 
40030, 4, 4 
54936, 4, 4 
19484, 4, 4 
3817, 4, 4 
41120, 4, 4 
36350, 4, 4 
12615, 4, 4 
26738, 4, 4 
52876, 4, 4 
44685, 4, 4 
5155, 4, 4 
41079, 4, 4 
8215, 4, 4 
12397, 4, 4 
49195, 4, 4 
10587, 4, 4 
21951, 4, 4 
3624, 4, 4 
58066, 4, 4 
2222, 4, 4 
1232, 4, 4 
47397, 4, 4 
44137, 4, 4 
54991, 4, 4 
43983, 4, 4 
28008, 4, 4 
3351, 4, 4 
19840, 4, 4 
47109, 4, 4 
51351, 4, 4 
28914, 4, 4 
4460, 4, 4 
52893, 4, 4 
24032, 4, 4 
49251, 4, 4 
34101, 4, 4 
57538, 4, 4 
26367, 4, 4 
54415, 4, 4 
42377, 4, 4 
14720, 4, 4 
42750, 4, 4 
22262, 4, 4 
14538, 4, 4 
42587, 4, 4 
49647, 4, 4 
30868, 4, 4 
2467, 4, 4 
35142, 4, 4 
39304, 4, 4 
13548, 4, 4 
18202, 4, 4 
27014, 4, 4 
6810, 4, 4 
139, 4, 4 
50189, 4, 4 
35263, 4, 4 
27371, 4, 4 
51146, 4, 4 
21590, 4, 4 
49325, 4, 4 
36400, 4, 4 
37019, 4, 4 
53713, 4, 4 
49138, 4, 4 
22327, 4, 4 
49646, 4, 4 
8081, 4, 4 
45234, 4, 4 
2360, 4, 4 
16589, 4, 4 
43614, 4, 4 
44068, 4, 4 
17577, 4, 4 
35144, 4, 4 
35946, 4, 4 
55187, 4, 4 
36379, 4, 4 
3182, 4, 4 
5720, 4, 4 
3235, 4, 4 
22273, 4, 4 
26911, 4, 4 
44798, 4, 4 
55416, 4, 4 
35166, 4, 4 
23435, 4, 4 
13463, 4, 4 
10612, 4, 4 
33761, 4, 4 
22660, 4, 4 
6753, 4, 4 
53144, 4, 4 
1576, 4, 4 
56958, 4, 4 
797, 4, 4 
26797, 4, 4 
13901, 4, 4 
18807, 4, 4 
4274, 4, 4 
26458, 4, 9 
57279, 4, 4 
52979, 4, 4 
27077, 4, 4 
22572, 4, 4 
40424, 4, 4 
46939, 4, 4 
26864, 4, 4 
44356, 4, 4 
19447, 4, 4 
58208, 4, 4 
57589, 4, 4 
40867, 4, 4 
58987, 4, 4 
35461, 4, 4 
1765, 4, 4 
50858, 4, 4 
5138, 4, 4 
12915, 4, 4 
43781, 4, 4 
23801, 4, 4 
20794, 4, 4 
54686, 4, 4 
36092, 4, 4 
40316, 4, 4 
14482, 4, 4 
43657, 4, 4 
48690, 4, 4 
37239, 4, 4 
30593, 4, 4 
35136, 4, 4 
16531, 4, 4 
7734, 4, 4 
51135, 4, 4 
28243, 4, 4 
52448, 4, 4 
8399, 4, 4 
21107, 4, 4 
46033, 4, 4 
682, 4, 4 
9410, 4, 4 
32341, 4, 4 
46798, 4, 4 
58, 4, 4 
35254, 4, 4 
17749, 4, 4 
1767, 4, 4 
13363, 4, 4 
56763, 4, 4 
10670, 4, 4 
14066, 4, 4 
8832, 4, 4 
28866, 4, 4 
56699, 4, 4 
23031, 4, 4 
23085, 4, 4 
1685, 4, 4 
36518, 4, 4 
11641, 4, 4 
59700, 4, 4 
10942, 4, 4 
4346, 4, 4 
33626, 4, 4 
47732, 4, 4 
55607, 4, 4 
48316, 4, 4 
1541, 4, 4 
12472, 4, 4 
51693, 4, 4 
5944, 4, 4 
52377, 4, 4 
52299, 4, 4 
47483, 4, 4 
40066, 4, 4 
16391, 4, 4 
16331, 4, 4 
42766, 4, 4 
19287, 4, 4 
53263, 4, 4 
3548, 4, 4 
17822, 4, 4 
1215, 4, 4 
4730, 4, 4 
47521, 4, 4 
39302, 4, 4 
16977, 4, 4 
40285, 4, 4 
40842, 4, 4 
27487, 4, 4 
18133, 4, 4 
35534, 4, 4 
31106, 4, 4 
33563, 4, 4 
2896, 4, 4 
4125, 4, 4 
16566, 4, 4 
54466, 4, 4 
18724, 4, 4 
2235, 4, 4 
34133, 4, 4 
25878, 4, 4 
48470, 4, 4 
16397, 4, 4 
194, 4, 4 
20149, 4, 4 
41511, 4, 4 
59407, 4, 4 
27695, 4, 4 
21887, 4, 4 
11629, 4, 4 
12505, 4, 4 
40593, 4, 4 
53149, 4, 4 
15207, 4, 4 
29574, 4, 4 
23528, 4, 4 
14036, 4, 4 
46668, 4, 4 
45173, 4, 4 
50653, 4, 4 
53307, 4, 4 
59629, 4, 4 
13541, 4, 4 
24976, 4, 4 
1763, 4, 4 
56700, 4, 4 
40846, 4, 4 
12779, 4, 4 
25848, 4, 4 
53965, 4, 4 
32448, 4, 4 
39983, 4, 4 
8270, 4, 4 
41028, 4, 4 
29549, 4, 4 
45213, 4, 4 
34022, 4, 4 
42128, 4, 4 
8964, 4, 4 
39129, 4, 4 
40363, 4, 4 
4540, 4, 4 
14018, 4, 4 
34000, 4, 4 
32321, 4, 4 
49501, 4, 4 
23608, 4, 4 
5047, 4, 4 
32126, 4, 4 
29754, 4, 4 
28363, 4, 4 
57950, 4, 4 
8174, 4, 4 
44771, 4, 4 
18730, 4, 4 
35095, 4, 4 
4035, 4, 4 
18484, 4, 4 
54358, 4, 4 
47001, 4, 4 
19375, 4, 4 
38392, 4, 4 
20447, 4, 4 
11256, 4, 4 
42536, 4, 4 
44850, 4, 4 
9391, 4, 4 
29550, 4, 4 
6253, 4, 4 
17970, 4, 4 
9536, 4, 4 
42956, 4, 4 
10311, 4, 4 
34948, 4, 4 
42519, 4, 4 
59020, 4, 4 
7749, 4, 4 
19044, 4, 4 
27776, 4, 4 
15784, 4, 4 
32178, 4, 4 
34205, 4, 4 
30542, 4, 4 
25182, 4, 4 
50022, 4, 4 
11148, 4, 4 
37328, 4, 4 
42895, 4, 4 
6095, 4, 4 
53130, 4, 4 
51081, 4, 4 
52958, 4, 4 
51098, 4, 4 
24391, 4, 4 
51255, 4, 4 
26634, 4, 4 
19299, 4, 4 
27196, 4, 4 
22138, 4, 4 
35141, 4, 4 
4746, 4, 4 
11459, 4, 4 
55605, 4, 4 
31860, 4, 4 
30846, 4, 4 
42167, 4, 4 
56293, 4, 4 
21131, 4, 4 
8477, 4, 4 
44110, 4, 4 
13223, 4, 4 
22766, 4, 4 
20234, 4, 4 
34572, 4, 4 
36938, 4, 4 
8769, 4, 4 
15479, 4, 4 
51338, 4, 4 
43634, 4, 4 
19161, 4, 4 
24758, 4, 4 
1604, 4, 9 
58400, 4, 4 
44894, 4, 4 
10212, 4, 4 
52193, 4, 4 
56827, 4, 4 
19111, 4, 4 
10768, 4, 4 
34994, 4, 4 
27494, 4, 4 
38872, 4, 4 
2608, 4, 4 
11209, 4, 4 
48252, 4, 4 
11692, 4, 4 
15514, 4, 4 
17444, 4, 4 
2220, 4, 4 
25361, 4, 4 
24052, 4, 4 
35665, 4, 4 
42995, 4, 4 
2106, 4, 4 
57938, 4, 4 
6429, 4, 4 
49676, 4, 4 
6025, 4, 4 
2294, 4, 4 
2392, 4, 4 
32425, 4, 4 
21906, 4, 4 
6761, 4, 4 
44284, 4, 4 
50757, 4, 4 
55522, 4, 4 
1973, 4, 4 
12639, 4, 4 
18026, 4, 4 
25471, 4, 4 
6556, 4, 4 
15023, 4, 4 
7357, 4, 4 
14520, 4, 4 
38631, 4, 4 
19998, 4, 4 
8325, 4, 4 
37616, 4, 4 
33925, 4, 4 
4737, 4, 4 
15916, 4, 4 
9493, 4, 4 
55774, 4, 4 
53476, 4, 4 
14290, 4, 4 
700, 4, 4 
32647, 4, 4 
38518, 4, 4 
37067, 4, 4 
1704, 4, 4 
20455, 4, 4 
31114, 4, 4 
6833, 4, 4 
21817, 4, 4 
342, 4, 4 
1692, 4, 4 
18445, 4, 4 
661, 4, 4 
27315, 4, 4 
56080, 4, 4 
51047, 4, 4 
24084, 4, 4 
25575, 4, 4 
57354, 4, 4 
15092, 4, 4 
53025, 4, 4 
18327, 4, 4 
55328, 4, 4 
36867, 4, 4 
15405, 4, 4 
53125, 4, 4 
10196, 4, 4 
52729, 4, 4 
42346, 4, 4 
59863, 4, 4 
32865, 4, 4 
40621, 4, 4 
2050, 4, 4 
21837, 4, 4 
19389, 4, 4 
43355, 4, 4 
19233, 4, 4 
35813, 4, 4 
47326, 4, 4 
22544, 4, 4 
50673, 4, 4 
27959, 4, 4 
26767, 4, 4 
58613, 4, 4 
10641, 4, 4 
37731, 4, 4 
54452, 4, 4 
43928, 4, 4 
6271, 4, 4 
17913, 4, 4 
59376, 4, 4 
2204, 4, 4 
15111, 4, 4 
47336, 4, 4 
57035, 4, 4 
10013, 4, 4 
36664, 4, 4 
28146, 4, 4 
4616, 4, 4 
54791, 4, 4 
19794, 4, 4 
29703, 4, 4 
53032, 4, 4 
20056, 4, 4 
50299, 4, 4 
38668, 4, 4 
28615, 4, 4 
32419, 4, 4 
1110, 4, 4 
39375, 4, 4 
34808, 4, 4 
46716, 4, 4 
38229, 4, 4 
314, 4, 4 
8579, 4, 4 
15866, 4, 4 
53295, 4, 4 
23375, 4, 4 
2164, 4, 4 
35989, 4, 4 
20956, 4, 4 
1461, 4, 4 
37251, 4, 4 
1498, 4, 4 
30588, 4, 4 
37916, 4, 4 
53564, 4, 4 
18941, 4, 4 
31632, 4, 4 
15617, 4, 4 
42697, 4, 4 
37119, 5, 5 
58262, 5, 5 
19752, 5, 5 
47, 5, 5 
757, 5, 5 
39958, 5, 5 
36690, 5, 5 
5934, 5, 5 
29100, 5, 5 
24908, 5, 5 
1834, 5, 5 
51405, 5, 5 
28315, 5, 5 
10226, 5, 5 
30371, 5, 5 
56363, 5, 5 
57900, 5, 5 
48847, 5, 5 
11265, 5, 5 
57302, 5, 5 
58471, 5, 5 
13784, 5, 5 
30081, 5, 5 
27421, 5, 5 
59459, 5, 5 
54988, 5, 5 
19529, 5, 5 
44215, 5, 5 
37548, 5, 5 
10701, 5, 5 
55248, 5, 5 
3085, 5, 5 
6112, 5, 5 
46307, 5, 5 
39808, 5, 5 
51822, 5, 5 
29150, 5, 5 
37006, 5, 5 
7885, 5, 5 
35406, 5, 5 
26484, 5, 5 
5423, 5, 5 
16017, 5, 5 
3356, 5, 5 
44106, 5, 5 
26700, 5, 5 
26062, 5, 5 
2885, 5, 5 
2193, 5, 5 
20693, 5, 5 
39380, 5, 5 
19909, 5, 5 
2281, 5, 5 
54091, 5, 5 
40905, 5, 5 
36253, 5, 5 
39427, 5, 5 
47193, 5, 5 
16112, 5, 5 
27079, 5, 5 
6188, 5, 5 
56571, 5, 5 
53638, 5, 8 
23424, 5, 5 
25096, 5, 5 
40869, 5, 5 
13538, 5, 5 
57242, 5, 5 
14918, 5, 5 
3289, 5, 5 
21626, 5, 5 
16603, 5, 5 
21548, 5, 5 
44634, 5, 5 
513, 5, 5 
40489, 5, 5 
59563, 5, 5 
28413, 5, 5 
16315, 5, 5 
679, 5, 5 
12697, 5, 5 
15996, 5, 5 
33555, 5, 5 
4416, 5, 5 
16494, 5, 5 
52057, 5, 5 
4495, 5, 5 
26814, 5, 5 
18882, 5, 5 
49470, 5, 5 
57848, 5, 5 
3271, 5, 5 
36236, 5, 5 
38234, 5, 5 
8766, 5, 5 
38592, 5, 5 
13348, 5, 5 
6370, 5, 5 
13237, 5, 5 
59473, 5, 5 
32060, 5, 5 
59850, 5, 5 
1516, 5, 5 
31455, 5, 5 
57132, 5, 5 
29174, 5, 5 
39502, 5, 5 
47920, 5, 5 
514, 5, 3 
38864, 5, 5 
34309, 5, 5 
41949, 5, 5 
30553, 5, 5 
48769, 5, 5 
38280, 5, 5 
29924, 5, 5 
53829, 5, 5 
16072, 5, 5 
48838, 5, 5 
25494, 5, 5 
50662, 5, 5 
7998, 5, 5 
4312, 5, 5 
4259, 5, 5 
15284, 5, 5 
54282, 5, 5 
53120, 5, 5 
17739, 5, 5 
47320, 5, 5 
32711, 5, 5 
31010, 5, 5 
4119, 5, 5 
14143, 5, 5 
12694, 5, 5 
14183, 5, 5 
46720, 5, 5 
43055, 5, 5 
14970, 5, 5 
4760, 5, 5 
27291, 5, 5 
43803, 5, 5 
53675, 5, 5 
37226, 5, 5 
46999, 5, 5 
9919, 5, 5 
16980, 5, 5 
3500, 5, 5 
30399, 5, 5 
610, 5, 5 
10622, 5, 5 
27778, 5, 5 
42122, 5, 5 
55010, 5, 5 
7740, 5, 5 
16784, 5, 5 
44736, 5, 5 
20799, 5, 5 
16834, 5, 5 
59430, 5, 5 
44816, 5, 5 
27539, 5, 5 
8339, 5, 3 
42317, 5, 5 
34509, 5, 5 
11410, 5, 5 
6853, 5, 5 
45432, 5, 5 
59923, 5, 5 
23689, 5, 5 
12519, 5, 5 
19083, 5, 5 
21440, 5, 5 
55775, 5, 5 
34448, 5, 5 
52665, 5, 5 
34474, 5, 5 
7475, 5, 5 
38626, 5, 5 
11396, 5, 5 
57293, 5, 5 
47146, 5, 5 
33858, 5, 5 
14090, 5, 5 
49950, 5, 5 
15415, 5, 5 
40353, 5, 5 
12572, 5, 5 
21629, 5, 5 
42836, 5, 5 
38708, 5, 5 
32788, 5, 5 
14507, 5, 5 
13324, 5, 5 
19219, 5, 5 
22193, 5, 5 
45175, 5, 5 
26195, 5, 5 
15371, 5, 5 
43206, 5, 5 
44404, 5, 5 
43623, 5, 5 
43221, 5, 5 
36424, 5, 5 
33553, 5, 5 
38365, 5, 5 
58834, 5, 5 
54366, 5, 5 
11324, 5, 5 
44647, 5, 5 
25966, 5, 5 
46878, 5, 5 
36244, 5, 5 
15481, 5, 5 
45526, 5, 5 
59426, 5, 5 
523, 5, 5 
32303, 5, 5 
19436, 5, 5 
19578, 5, 5 
33235, 5, 5 
15116, 5, 5 
17016, 5, 5 
58255, 5, 5 
19945, 5, 5 
15611, 5, 5 
58757, 5, 5 
5599, 5, 5 
14689, 5, 5 
29049, 5, 5 
100, 5, 5 
24077, 5, 5 
14213, 5, 5 
1467, 5, 5 
58824, 5, 5 
9565, 5, 5 
43696, 5, 5 
25738, 5, 5 
16174, 5, 5 
23516, 5, 5 
20601, 5, 5 
50409, 5, 5 
56782, 5, 5 
51492, 5, 5 
19958, 5, 5 
53718, 5, 5 
38655, 5, 5 
15558, 5, 5 
768, 5, 5 
25423, 5, 5 
30393, 5, 5 
2401, 5, 5 
39400, 5, 5 
59823, 5, 5 
21439, 5, 5 
29781, 5, 5 
17446, 5, 5 
45616, 5, 5 
22746, 5, 5 
2900, 5, 5 
6431, 5, 5 
27009, 5, 5 
27996, 5, 5 
23832, 5, 3 
1592, 5, 5 
9450, 5, 5 
53826, 5, 5 
39556, 5, 5 
25483, 5, 5 
15767, 5, 5 
17722, 5, 5 
3635, 5, 5 
37929, 5, 5 
30351, 5, 5 
5856, 5, 5 
50173, 5, 5 
43048, 5, 5 
57182, 5, 5 
47683, 5, 5 
55075, 5, 5 
17338, 5, 5 
57461, 5, 5 
43303, 5, 5 
12467, 5, 5 
9320, 5, 5 
37589, 5, 5 
34112, 5, 5 
55388, 5, 5 
57248, 5, 5 
17312, 5, 5 
43328, 5, 5 
29268, 5, 5 
44383, 5, 5 
51392, 5, 5 
27253, 5, 5 
36539, 5, 5 
52353, 5, 5 
26198, 5, 5 
17366, 5, 5 
26451, 5, 5 
40587, 5, 5 
58190, 5, 5 
9064, 5, 5 
49520, 5, 5 
9859, 5, 5 
6644, 5, 5 
26407, 5, 5 
32750, 5, 5 
7091, 5, 5 
46787, 5, 5 
16574, 5, 5 
49536, 5, 5 
38360, 5, 5 
55233, 5, 5 
12986, 5, 5 
30514, 5, 5 
7068, 5, 5 
45052, 5, 5 
54510, 5, 5 
6151, 5, 5 
53796, 5, 5 
30012, 5, 5 
23341, 5, 5 
20381, 5, 5 
18162, 5, 5 
51177, 5, 5 
26680, 5, 5 
14917, 5, 5 
48800, 5, 5 
57124, 5, 5 
59670, 5, 5 
29787, 5, 5 
55748, 5, 5 
6852, 5, 5 
20190, 5, 5 
16780, 5, 5 
21455, 5, 5 
55260, 5, 5 
22819, 5, 5 
15655, 5, 5 
26706, 5, 5 
21543, 5, 5 
2690, 5, 5 
53268, 5, 5 
21819, 5, 5 
24630, 5, 5 
3539, 5, 5 
36332, 5, 5 
13256, 5, 5 
42569, 5, 5 
36774, 5, 5 
23123, 5, 5 
19839, 5, 5 
19130, 5, 5 
40840, 5, 5 
50959, 5, 5 
38254, 5, 5 
30858, 5, 5 
32445, 5, 5 
7103, 5, 5 
24403, 5, 5 
41945, 5, 5 
21583, 5, 5 
41618, 5, 5 
57793, 5, 5 
13940, 5, 5 
59330, 5, 5 
2544, 5, 5 
25356, 5, 5 
22805, 5, 5 
6868, 5, 5 
20390, 5, 5 
14204, 5, 5 
22918, 5, 5 
51793, 5, 5 
27340, 5, 5 
47848, 5, 5 
47624, 5, 5 
29852, 5, 5 
1206, 5, 5 
16862, 5, 5 
2537, 5, 5 
46195, 5, 5 
28384, 5, 5 
30132, 5, 5 
24232, 5, 5 
8757, 5, 5 
10400, 5, 5 
3839, 5, 5 
53973, 5, 5 
47039, 5, 5 
28430, 5, 5 
31214, 5, 5 
38439, 5, 5 
57345, 5, 5 
11817, 5, 5 
40189, 5, 5 
53759, 5, 5 
46453, 5, 5 
27255, 5, 5 
12957, 5, 5 
54189, 5, 5 
11136, 5, 5 
54470, 5, 5 
41475, 5, 5 
10030, 5, 5 
47972, 5, 5 
55902, 5, 5 
35274, 5, 5 
21155, 5, 5 
9414, 5, 5 
57947, 5, 5 
25580, 5, 5 
25832, 5, 5 
26862, 5, 5 
56661, 5, 5 
17811, 5, 5 
49655, 5, 5 
11980, 5, 5 
56554, 5, 5 
59810, 5, 5 
42232, 5, 5 
43837, 5, 5 
1430, 5, 5 
28596, 5, 5 
18949, 5, 5 
8713, 5, 5 
39015, 5, 5 
35466, 5, 5 
28717, 5, 5 
2028, 5, 5 
53647, 5, 5 
42428, 5, 5 
12487, 5, 5 
44148, 5, 5 
27216, 5, 5 
8767, 5, 5 
44235, 5, 5 
50316, 5, 5 
10536, 5, 5 
6434, 5, 5 
41934, 5, 5 
3705, 5, 5 
48374, 5, 5 
6781, 5, 5 
9084, 5, 5 
42046, 5, 5 
30042, 5, 5 
39539, 5, 5 
13394, 5, 5 
37049, 5, 5 
47414, 5, 5 
27053, 5, 5 
32023, 5, 5 
17645, 5, 5 
21609, 5, 5 
14894, 5, 5 
57470, 5, 5 
9330, 5, 5 
13040, 5, 5 
35500, 5, 5 
14451, 5, 5 
33903, 5, 5 
59846, 5, 5 
27099, 5, 5 
42626, 5, 5 
37072, 5, 5 
956, 5, 5 
36407, 5, 5 
28477, 5, 5 
2405, 5, 5 
46805, 5, 5 
35350, 5, 5 
31418, 5, 5 
30714, 5, 5 
49424, 5, 5 
2869, 5, 5 
44970, 5, 5 
32141, 5, 5 
32254, 5, 5 
21895, 5, 5 
2622, 5, 5 
23630, 5, 5 
31929, 5, 5 
29892, 5, 5 
13232, 5, 5 
32026, 5, 5 
18090, 5, 5 
53617, 5, 5 
58290, 5, 5 
15024, 5, 5 
22089, 5, 5 
46608, 5, 5 
4940, 5, 5 
46990, 5, 5 
7480, 5, 5 
15337, 5, 5 
25765, 5, 5 
51298, 5, 5 
7498, 5, 5 
55042, 5, 5 
27175, 6, 6 
4990, 6, 6 
13011, 6, 6 
13770, 6, 6 
32826, 6, 6 
39747, 6, 6 
56981, 6, 6 
8799, 6, 6 
36063, 6, 6 
52150, 6, 6 
7562, 6, 6 
10792, 6, 6 
9177, 6, 6 
54200, 6, 6 
36590, 6, 6 
50086, 6, 6 
46567, 6, 6 
33619, 6, 6 
35411, 6, 6 
25345, 6, 6 
58443, 6, 6 
33980, 6, 6 
1297, 6, 6 
53277, 6, 6 
15431, 6, 6 
14051, 6, 6 
29813, 6, 6 
42381, 6, 6 
22806, 6, 6 
20383, 6, 6 
14610, 6, 6 
30685, 6, 6 
8898, 6, 6 
32118, 6, 6 
56641, 6, 6 
36881, 6, 6 
27086, 6, 6 
41976, 6, 6 
53828, 6, 6 
11363, 6, 6 
12199, 6, 6 
16889, 6, 6 
56182, 6, 6 
42975, 6, 6 
24871, 6, 6 
24286, 6, 6 
19331, 6, 6 
39626, 6, 6 
32228, 6, 6 
7385, 6, 6 
18105, 6, 6 
27298, 6, 6 
57198, 6, 6 
36129, 6, 6 
20736, 6, 6 
16703, 6, 6 
48673, 6, 6 
39251, 6, 6 
944, 6, 6 
25297, 6, 6 
55162, 6, 6 
14315, 6, 6 
660, 6, 6 
59610, 6, 6 
39825, 6, 6 
32754, 6, 6 
36344, 6, 6 
15957, 6, 6 
29776, 6, 6 
8352, 6, 6 
30950, 6, 6 
21565, 6, 6 
7460, 6, 6 
2789, 6, 6 
45395, 6, 6 
8814, 6, 6 
42992, 6, 6 
44318, 6, 6 
48054, 6, 6 
34492, 6, 6 
55274, 6, 6 
59470, 6, 6 
49173, 6, 6 
16648, 6, 6 
17287, 6, 6 
26186, 6, 6 
8004, 6, 6 
45300, 6, 6 
8621, 6, 6 
29554, 6, 6 
41757, 6, 6 
19002, 6, 6 
1731, 6, 6 
16821, 6, 6 
17814, 6, 6 
11497, 6, 6 
50241, 6, 6 
50125, 6, 6 
49049, 6, 6 
4702, 6, 6 
51805, 6, 6 
39709, 6, 6 
6982, 6, 6 
14641, 6, 6 
15627, 6, 6 
35910, 6, 6 
57260, 6, 6 
22257, 6, 6 
19960, 6, 6 
30577, 6, 6 
35888, 6, 6 
21113, 6, 6 
17933, 6, 6 
54133, 6, 6 
56632, 6, 6 
7887, 6, 6 
53603, 6, 6 
15188, 6, 6 
20892, 6, 6 
14155, 6, 6 
11927, 6, 6 
13614, 6, 6 
46898, 6, 6 
35099, 6, 6 
52102, 6, 6 
14732, 6, 6 
4198, 6, 6 
8206, 6, 6 
17083, 6, 6 
40541, 6, 6 
9237, 6, 6 
46045, 6, 6 
17998, 6, 6 
41545, 6, 6 
53775, 6, 6 
31629, 6, 6 
37751, 6, 6 
22298, 6, 6 
46043, 6, 6 
8100, 6, 6 
38421, 6, 6 
6705, 6, 6 
29832, 6, 6 
45228, 6, 6 
37071, 6, 6 
34277, 6, 6 
35791, 6, 6 
56251, 6, 6 
13858, 6, 6 
45863, 6, 6 
20320, 6, 6 
36036, 6, 6 
59693, 6, 6 
58043, 6, 6 
35468, 6, 6 
16632, 6, 6 
2602, 6, 6 
9997, 6, 6 
19559, 6, 6 
15303, 6, 6 
6266, 6, 6 
35433, 6, 6 
51031, 6, 6 
55372, 6, 6 
27504, 6, 6 
53981, 6, 6 
40917, 6, 6 
57842, 6, 6 
54618, 6, 6 
46715, 6, 6 
22908, 6, 6 
50027, 6, 6 
21426, 6, 6 
5524, 6, 6 
21545, 6, 6 
10017, 6, 6 
21912, 6, 6 
31363, 6, 6 
19272, 6, 6 
58050, 6, 6 
41160, 6, 6 
52076, 6, 6 
56342, 6, 6 
29221, 6, 6 
15114, 6, 6 
20927, 6, 6 
34488, 6, 6 
35026, 6, 6 
34791, 6, 6 
2496, 6, 6 
37018, 6, 6 
35034, 6, 6 
29020, 6, 6 
23558, 6, 6 
50622, 6, 6 
3207, 6, 6 
41188, 6, 6 
4586, 6, 6 
17867, 6, 6 
39036, 6, 6 
56044, 6, 6 
41849, 6, 6 
11635, 6, 6 
9379, 6, 6 
55713, 6, 6 
25815, 6, 6 
50551, 6, 6 
8846, 6, 6 
2153, 6, 6 
6482, 6, 6 
45856, 6, 6 
48656, 6, 6 
57954, 6, 6 
49252, 6, 6 
19332, 6, 6 
13622, 6, 6 
12191, 6, 6 
27505, 6, 6 
10833, 6, 6 
22561, 6, 6 
43931, 6, 6 
42730, 6, 6 
58605, 6, 6 
9692, 6, 6 
37803, 6, 6 
10163, 6, 6 
37246, 6, 6 
46482, 6, 6 
22333, 6, 6 
48117, 6, 6 
14583, 6, 6 
35917, 6, 6 
29639, 6, 6 
6721, 6, 6 
59503, 6, 6 
32058, 6, 6 
15652, 6, 6 
40849, 6, 6 
15324, 6, 6 
19118, 6, 6 
5126, 6, 6 
8692, 6, 6 
41782, 6, 6 
30004, 6, 6 
45067, 6, 6 
24146, 6, 6 
15780, 6, 6 
14805, 6, 6 
56385, 6, 6 
19986, 6, 6 
48839, 6, 6 
41190, 6, 6 
4724, 6, 6 
30822, 6, 6 
27655, 6, 6 
54183, 6, 6 
13737, 6, 6 
38885, 6, 6 
29950, 6, 6 
57764, 6, 6 
41876, 6, 6 
44315, 6, 6 
9075, 6, 6 
31741, 6, 6 
17309, 6, 6 
28497, 6, 6 
10698, 6, 6 
50666, 6, 6 
47474, 6, 6 
9233, 6, 6 
36220, 6, 6 
5810, 6, 6 
83, 6, 6 
32546, 6, 6 
43643, 6, 6 
32549, 6, 6 
32345, 6, 6 
25141, 6, 6 
26386, 6, 6 
46309, 6, 6 
5273, 6, 6 
23415, 6, 6 
8384, 6, 6 
1202, 6, 6 
6602, 6, 6 
44460, 6, 6 
51457, 6, 6 
46209, 6, 6 
37477, 6, 6 
34859, 6, 6 
2096, 6, 6 
7641, 6, 6 
5267, 6, 6 
14083, 6, 6 
21934, 6, 6 
32752, 6, 6 
31981, 6, 6 
48066, 6, 6 
1869, 6, 6 
11128, 6, 6 
53918, 6, 6 
59217, 6, 6 
20087, 6, 6 
33159, 6, 6 
21488, 6, 6 
4170, 6, 6 
27303, 6, 6 
21564, 6, 6 
2862, 6, 6 
40475, 6, 6 
15826, 6, 6 
26889, 6, 6 
38875, 6, 6 
24016, 6, 6 
11483, 6, 6 
23694, 6, 6 
42694, 6, 6 
54907, 6, 6 
40176, 6, 6 
794, 6, 6 
26511, 6, 6 
32782, 6, 6 
24957, 6, 6 
57158, 6, 6 
41213, 6, 6 
14399, 6, 6 
38084, 6, 6 
34059, 6, 6 
24475, 6, 6 
53336, 6, 6 
55168, 6, 6 
31167, 6, 6 
43263, 6, 6 
47584, 6, 6 
36416, 6, 6 
56399, 6, 6 
7661, 6, 6 
3873, 6, 6 
18045, 6, 6 
20757, 6, 6 
10089, 6, 6 
49699, 6, 6 
17657, 6, 6 
126, 6, 6 
40367, 6, 6 
5037, 6, 6 
29981, 6, 6 
15061, 6, 6 
21900, 6, 6 
24037, 6, 6 
20682, 6, 6 
25467, 6, 6 
7206, 6, 6 
37356, 6, 6 
6541, 6, 6 
11100, 6, 6 
59841, 6, 6 
14492, 6, 6 
8829, 6, 6 
2293, 6, 6 
52263, 6, 6 
55913, 6, 6 
6954, 6, 6 
7880, 6, 6 
1327, 6, 6 
10271, 6, 6 
50004, 6, 6 
40383, 6, 6 
39200, 6, 6 
8822, 6, 6 
52759, 6, 6 
15478, 6, 6 
33779, 6, 6 
11680, 6, 6 
7086, 6, 6 
8862, 6, 6 
20156, 6, 6 
3726, 6, 6 
4243, 6, 6 
47794, 6, 6 
10956, 6, 6 
38219, 6, 6 
34324, 6, 6 
38390, 6, 6 
59141, 6, 6 
37973, 6, 6 
27369, 6, 6 
59540, 6, 6 
25798, 6, 6 
35575, 6, 6 
48507, 6, 6 
34124, 6, 6 
5556, 6, 6 
23963, 6, 6 
25665, 6, 6 
3789, 6, 6 
30106, 6, 6 
26470, 6, 6 
9765, 6, 6 
56675, 6, 6 
57557, 6, 6 
32002, 6, 6 
14910, 6, 6 
28797, 6, 6 
19382, 6, 6 
11386, 6, 6 
43281, 6, 6 
19228, 6, 6 
22006, 6, 6 
24031, 6, 6 
28758, 6, 6 
16160, 6, 6 
32242, 6, 6 
26792, 6, 6 
49865, 6, 6 
20486, 6, 6 
49769, 6, 6 
41675, 6, 6 
18971, 6, 6 
29136, 6, 6 
38676, 6, 6 
50275, 6, 6 
13493, 6, 6 
17273, 6, 6 
14593, 6, 6 
49133, 6, 6 
5279, 6, 6 
26977, 6, 6 
44754, 6, 6 
15459, 6, 6 
40594, 6, 6 
31612, 6, 6 
33379, 6, 6 
51995, 6, 6 
2837, 6, 6 
46088, 6, 8 
6257, 6, 6 
27923, 6, 6 
56854, 6, 6 
40845, 6, 6 
19451, 6, 6 
7398, 6, 6 
55390, 6, 6 
18821, 6, 6 
12959, 6, 6 
48032, 6, 6 
16998, 6, 6 
43973, 6, 6 
59848, 6, 6 
38584, 6, 6 
45478, 6, 6 
18536, 6, 6 
41361, 6, 6 
20113, 6, 6 
28438, 6, 6 
1985, 6, 6 
18354, 6, 6 
26101, 6, 6 
28339, 6, 6 
6638, 6, 6 
14136, 6, 6 
13357, 6, 6 
50741, 6, 6 
2487, 6, 6 
45986, 6, 6 
30033, 6, 6 
7126, 6, 6 
41797, 6, 6 
11730, 6, 6 
14453, 6, 6 
5084, 6, 6 
36294, 6, 6 
16684, 6, 6 
12480, 6, 6 
35377, 6, 6 
10851, 6, 6 
24526, 6, 6 
35079, 6, 6 
4640, 6, 6 
57463, 6, 6 
41129, 6, 6 
41940, 6, 6 
39250, 6, 6 
54646, 6, 6 
45514, 6, 6 
3910, 6, 6 
26606, 6, 6 
58415, 6, 6 
55956, 6, 6 
13865, 6, 6 
46109, 6, 6 
29622, 6, 6 
5003, 6, 6 
17773, 6, 6 
38416, 6, 6 
12104, 6, 6 
1536, 6, 6 
59966, 6, 6 
16747, 6, 6 
54503, 6, 6 
41221, 7, 7 
56285, 7, 7 
48724, 7, 7 
20354, 7, 7 
53501, 7, 7 
59469, 7, 7 
16882, 7, 7 
8913, 7, 7 
36284, 7, 7 
22134, 7, 7 
18706, 7, 7 
11810, 7, 7 
27522, 7, 7 
1335, 7, 7 
44807, 7, 7 
5223, 7, 7 
38650, 7, 7 
36105, 7, 7 
31796, 7, 7 
7226, 7, 7 
8068, 7, 7 
37876, 7, 7 
29714, 7, 7 
3868, 7, 7 
34998, 7, 7 
43710, 7, 7 
44516, 7, 7 
14439, 7, 7 
28205, 7, 7 
32364, 7, 7 
59348, 7, 7 
27058, 7, 7 
14961, 7, 7 
7663, 7, 7 
34825, 7, 7 
31459, 7, 7 
16623, 7, 7 
25439, 7, 7 
7945, 7, 7 
56076, 7, 7 
36951, 7, 7 
7959, 7, 7 
55759, 7, 7 
52013, 7, 7 
1156, 7, 7 
52670, 7, 7 
4353, 7, 7 
1400, 7, 7 
2386, 7, 7 
47568, 7, 7 
1719, 7, 7 
57215, 7, 7 
24141, 7, 7 
24409, 7, 7 
28362, 7, 3 
30998, 7, 7 
11854, 7, 7 
46799, 7, 7 
23260, 7, 7 
25775, 7, 7 
50100, 7, 7 
40231, 7, 7 
10788, 7, 7 
49235, 7, 7 
44160, 7, 7 
49644, 7, 7 
55094, 7, 7 
48575, 7, 7 
243, 7, 7 
49458, 7, 7 
51113, 7, 7 
50129, 7, 7 
9356, 7, 7 
37090, 7, 7 
30307, 7, 7 
49320, 7, 7 
42959, 7, 7 
22528, 7, 7 
22336, 7, 7 
46340, 7, 7 
7287, 7, 7 
55916, 7, 7 
24502, 7, 7 
40524, 7, 7 
4528, 7, 7 
10759, 7, 7 
43427, 7, 7 
38908, 7, 7 
2750, 7, 7 
4907, 7, 7 
43533, 7, 7 
25888, 7, 7 
35371, 7, 7 
9214, 7, 7 
5540, 7, 7 
26964, 7, 7 
22181, 7, 7 
36615, 7, 7 
30357, 7, 7 
59003, 7, 7 
14954, 7, 7 
32197, 7, 7 
50233, 7, 7 
52899, 7, 7 
38738, 7, 7 
15833, 7, 7 
58589, 7, 7 
29309, 7, 7 
40114, 7, 7 
39784, 7, 7 
1166, 7, 7 
36302, 7, 7 
46945, 7, 7 
46053, 7, 7 
19262, 7, 7 
53418, 7, 7 
46349, 7, 7 
24025, 7, 7 
3282, 7, 7 
24928, 7, 7 
18391, 7, 7 
32835, 7, 7 
57560, 7, 7 
33104, 7, 7 
56895, 7, 7 
56909, 7, 7 
55147, 7, 7 
14850, 7, 7 
9988, 7, 7 
37583, 7, 7 
1392, 7, 7 
54966, 7, 7 
57751, 7, 7 
39252, 7, 7 
57547, 7, 7 
38338, 7, 7 
18502, 7, 7 
27543, 7, 7 
4317, 7, 7 
39557, 7, 7 
40627, 7, 7 
23173, 7, 7 
46190, 7, 7 
13188, 7, 7 
13042, 7, 7 
23507, 7, 7 
51205, 7, 7 
24964, 7, 7 
51080, 7, 7 
59293, 7, 7 
23149, 7, 7 
1043, 7, 7 
13048, 7, 7 
7017, 7, 7 
52969, 7, 7 
12420, 7, 7 
17316, 7, 7 
11020, 7, 7 
48519, 7, 7 
12659, 7, 7 
30264, 7, 7 
21915, 7, 7 
41250, 7, 7 
185, 7, 7 
27254, 7, 7 
30165, 7, 7 
52321, 7, 7 
21679, 7, 7 
14920, 7, 7 
20435, 7, 7 
9499, 7, 7 
8396, 7, 7 
24364, 7, 7 
26441, 7, 7 
2844, 7, 7 
15062, 7, 7 
42418, 7, 7 
43390, 7, 7 
44840, 7, 7 
40590, 7, 7 
446, 7, 7 
3840, 7, 7 
58635, 7, 7 
23283, 7, 7 
49053, 7, 7 
31531, 7, 7 
20866, 7, 7 
2852, 7, 7 
48691, 7, 7 
58453, 7, 7 
20226, 7, 7 
28880, 7, 7 
39261, 7, 7 
59894, 7, 7 
30786, 7, 7 
45492, 7, 7 
37753, 7, 7 
15954, 7, 7 
34200, 7, 7 
29709, 7, 7 
19344, 7, 7 
34576, 7, 7 
50143, 7, 7 
46031, 7, 7 
38178, 7, 7 
32527, 7, 7 
54555, 7, 7 
45483, 7, 7 
47727, 7, 7 
11430, 7, 7 
56897, 7, 7 
898, 7, 7 
27632, 7, 7 
26442, 7, 7 
15877, 7, 7 
728, 7, 7 
33836, 7, 7 
1858, 7, 7 
9467, 7, 7 
49045, 7, 7 
33530, 7, 7 
2650, 7, 7 
57621, 7, 7 
46615, 7, 7 
54037, 7, 7 
32347, 7, 7 
12678, 7, 7 
41113, 7, 7 
44378, 7, 2 
30495, 7, 7 
51558, 7, 7 
59561, 7, 7 
6695, 7, 7 
11937, 7, 7 
18979, 7, 7 
6485, 7, 7 
16848, 7, 7 
42725, 7, 7 
8286, 7, 7 
59370, 7, 7 
8717, 7, 7 
33479, 7, 7 
23711, 7, 7 
50227, 7, 7 
6381, 7, 7 
8758, 7, 7 
55244, 7, 7 
47417, 7, 7 
34223, 7, 7 
40784, 7, 7 
5349, 7, 7 
52124, 7, 7 
46457, 7, 7 
11525, 7, 7 
25469, 7, 7 
12956, 7, 7 
19663, 7, 7 
10408, 7, 7 
55750, 7, 7 
27986, 7, 7 
49180, 7, 7 
54643, 7, 7 
6756, 7, 7 
25972, 7, 7 
263, 7, 7 
20996, 7, 7 
32359, 7, 7 
56892, 7, 7 
30433, 7, 7 
21405, 7, 7 
4672, 7, 7 
39821, 7, 7 
45811, 7, 7 
13599, 7, 7 
34142, 7, 7 
52216, 7, 7 
47595, 7, 7 
8182, 7, 7 
14605, 7, 7 
44737, 7, 7 
13205, 7, 7 
9545, 7, 7 
16133, 7, 7 
22753, 7, 7 
38783, 7, 7 
54035, 7, 7 
22007, 7, 7 
31239, 7, 7 
57350, 7, 7 
15422, 7, 7 
48053, 7, 7 
18066, 7, 7 
18857, 7, 7 
13963, 7, 7 
4421, 7, 7 
24675, 7, 7 
19572, 7, 7 
36818, 7, 7 
29191, 7, 7 
32941, 7, 7 
34751, 7, 7 
17054, 7, 7 
1687, 7, 7 
23068, 7, 7 
20370, 7, 7 
968, 7, 7 
54644, 7, 7 
36404, 7, 7 
52998, 7, 7 
25506, 7, 7 
56381, 7, 7 
55041, 7, 7 
22613, 7, 7 
18950, 7, 7 
29756, 7, 7 
15319, 7, 7 
11455, 7, 7 
48651, 7, 7 
28791, 7, 7 
28745, 7, 7 
56915, 7, 7 
1114, 7, 7 
56920, 7, 7 
31527, 7, 7 
4759, 7, 7 
11137, 7, 7 
46253, 7, 7 
57921, 7, 7 
35675, 7, 9 
36177, 7, 7 
42163, 7, 7 
20280, 7, 7 
59019, 7, 7 
57564, 7, 7 
4280, 7, 7 
10243, 7, 7 
1127, 7, 7 
1231, 7, 7 
11821, 7, 7 
29850, 7, 7 
13978, 7, 7 
20312, 7, 7 
17068, 7, 7 
45637, 7, 7 
41168, 7, 7 
44590, 7, 7 
35130, 7, 7 
5975, 7, 7 
25128, 7, 7 
50763, 7, 7 
27862, 7, 7 
1281, 7, 7 
28723, 7, 7 
30713, 7, 7 
10946, 7, 7 
942, 7, 7 
56543, 7, 7 
56983, 7, 7 
950, 7, 7 
36748, 7, 7 
11907, 7, 7 
58497, 7, 7 
31742, 7, 7 
42897, 7, 7 
2867, 7, 7 
31271, 7, 7 
15808, 7, 7 
16613, 7, 7 
14313, 7, 7 
45068, 7, 7 
42648, 7, 7 
17368, 7, 7 
5676, 7, 7 
29625, 7, 7 
1946, 7, 7 
57285, 7, 7 
26423, 7, 7 
22823, 7, 7 
39113, 7, 7 
30245, 7, 7 
28558, 7, 7 
8107, 7, 7 
27983, 7, 7 
9843, 7, 7 
10986, 7, 7 
55709, 7, 7 
31160, 7, 7 
23445, 7, 7 
50438, 7, 7 
14814, 7, 7 
10063, 7, 7 
52249, 7, 7 
48832, 7, 7 
53094, 7, 7 
41558, 7, 7 
38669, 7, 7 
23661, 7, 7 
30021, 7, 7 
50868, 7, 7 
11059, 7, 7 
54212, 7, 7 
19433, 7, 7 
27481, 7, 7 
53183, 7, 7 
8596, 7, 7 
14829, 7, 7 
51306, 7, 7 
47127, 7, 7 
2018, 7, 7 
7470, 7, 7 
10651, 7, 7 
49239, 7, 7 
46095, 7, 7 
34207, 7, 7 
9549, 7, 7 
324, 7, 7 
9955, 7, 7 
14741, 7, 7 
6986, 7, 7 
26272, 7, 7 
31712, 7, 7 
50984, 7, 7 
9833, 7, 7 
57255, 7, 7 
46462, 7, 7 
49662, 7, 7 
8389, 7, 7 
51034, 7, 7 
34959, 7, 7 
9911, 7, 7 
3795, 7, 7 
58455, 7, 7 
55363, 7, 7 
23883, 7, 7 
8866, 7, 7 
19383, 7, 7 
29867, 7, 7 
31725, 7, 7 
20277, 7, 7 
35101, 7, 7 
53234, 7, 7 
32873, 7, 7 
21400, 7, 7 
22129, 7, 7 
52760, 7, 7 
48343, 7, 7 
55088, 7, 7 
46081, 7, 7 
3368, 7, 7 
59140, 7, 7 
39449, 7, 7 
52137, 7, 7 
49846, 7, 7 
34670, 7, 7 
28219, 7, 7 
47682, 7, 7 
26851, 7, 7 
58701, 7, 7 
44757, 7, 7 
23686, 7, 7 
7686, 7, 7 
3283, 7, 7 
45185, 7, 7 
56346, 7, 7 
51178, 7, 7 
42363, 7, 7 
39490, 7, 7 
1082, 7, 7 
20558, 7, 7 
24568, 7, 7 
26218, 7, 7 
2447, 7, 7 
52752, 7, 7 
31914, 7, 7 
3854, 7, 7 
13199, 7, 7 
17329, 7, 7 
5300, 7, 7 
7534, 7, 7 
8214, 7, 7 
37327, 7, 7 
59592, 7, 7 
50648, 7, 7 
15998, 7, 7 
4164, 7, 7 
32289, 7, 7 
17969, 7, 7 
54385, 7, 7 
17144, 7, 7 
7950, 7, 7 
25126, 7, 7 
57178, 7, 7 
38890, 7, 7 
54606, 7, 7 
37963, 7, 7 
27717, 7, 7 
41161, 7, 7 
497, 7, 7 
50426, 7, 7 
1022, 7, 7 
17345, 8, 8 
51880, 8, 8 
17362, 8, 8 
58358, 8, 8 
27508, 8, 8 
37122, 8, 8 
59049, 8, 8 
51244, 8, 8 
40213, 8, 8 
2679, 8, 8 
20973, 8, 8 
25132, 8, 8 
20904, 8, 8 
46959, 8, 8 
12609, 8, 8 
7400, 8, 8 
41183, 8, 8 
53811, 8, 8 
1086, 8, 8 
33205, 8, 8 
39599, 8, 8 
23522, 8, 8 
45202, 8, 8 
43335, 8, 8 
7450, 8, 8 
34397, 8, 8 
11950, 8, 8 
51207, 8, 8 
14093, 8, 8 
38092, 8, 8 
15624, 8, 8 
18795, 8, 8 
46791, 8, 8 
56889, 8, 8 
52483, 8, 8 
11726, 8, 8 
40011, 8, 8 
37956, 8, 8 
41175, 8, 8 
8465, 8, 8 
45458, 8, 8 
50512, 8, 8 
3689, 8, 8 
23966, 8, 8 
20807, 8, 8 
59018, 8, 8 
11087, 8, 8 
34437, 8, 8 
52033, 8, 8 
35265, 8, 8 
30964, 8, 8 
42533, 8, 8 
47478, 8, 8 
39662, 8, 8 
37735, 8, 8 
20387, 8, 8 
11568, 8, 8 
43051, 8, 8 
23081, 8, 8 
31959, 8, 8 
1783, 8, 8 
55801, 8, 8 
32349, 8, 8 
10222, 8, 8 
7034, 8, 8 
16901, 8, 8 
55578, 8, 8 
55264, 8, 8 
29858, 8, 8 
16964, 8, 8 
6369, 8, 8 
22755, 8, 8 
21383, 8, 8 
25709, 8, 8 
20614, 8, 8 
46616, 8, 8 
59380, 8, 8 
23109, 8, 8 
36681, 8, 8 
25849, 8, 8 
756, 8, 8 
12130, 8, 8 
17765, 8, 8 
6111, 8, 8 
1294, 8, 8 
47942, 8, 8 
43901, 8, 8 
35526, 8, 8 
32452, 8, 8 
28802, 8, 8 
53002, 8, 8 
15738, 8, 8 
11722, 8, 8 
55234, 8, 8 
40245, 8, 8 
45859, 8, 8 
42900, 8, 8 
52219, 8, 8 
59946, 8, 8 
14226, 8, 8 
53286, 8, 8 
49303, 8, 8 
24959, 8, 8 
24297, 8, 8 
6022, 8, 8 
55632, 8, 8 
33946, 8, 8 
34165, 8, 8 
33289, 8, 8 
22286, 8, 8 
50246, 8, 8 
32784, 8, 8 
18217, 8, 8 
35981, 8, 8 
40437, 8, 8 
43945, 8, 8 
26028, 8, 8 
37312, 8, 8 
4100, 8, 8 
1016, 8, 8 
19159, 8, 8 
45156, 8, 8 
34193, 8, 8 
43403, 8, 8 
11181, 8, 8 
12904, 8, 8 
39971, 8, 8 
7642, 8, 8 
2841, 8, 8 
37363, 8, 8 
20511, 8, 8 
18775, 8, 8 
28694, 8, 8 
41598, 8, 8 
39604, 8, 8 
46631, 8, 8 
59612, 8, 8 
27563, 8, 8 
58195, 8, 8 
2231, 8, 8 
6006, 8, 8 
22484, 8, 8 
49126, 8, 8 
5463, 8, 8 
30267, 8, 8 
16517, 8, 8 
55807, 8, 8 
49563, 8, 8 
13951, 8, 8 
11823, 8, 8 
37909, 8, 8 
12027, 8, 8 
42218, 8, 8 
56056, 8, 8 
42576, 8, 8 
41013, 8, 8 
1966, 8, 8 
3807, 8, 8 
31972, 8, 8 
41481, 8, 8 
24065, 8, 8 
33325, 8, 8 
2810, 8, 8 
38000, 8, 8 
59215, 8, 8 
30067, 8, 8 
48842, 8, 8 
59884, 8, 8 
23048, 8, 8 
20336, 8, 8 
30412, 8, 8 
18396, 8, 8 
11478, 8, 8 
21708, 8, 8 
26397, 8, 8 
38725, 8, 8 
13204, 8, 8 
48617, 8, 8 
34554, 8, 8 
54492, 8, 8 
46285, 8, 8 
15775, 8, 8 
37704, 8, 8 
48973, 8, 8 
19201, 8, 8 
42479, 8, 8 
14480, 8, 8 
33251, 8, 8 
33451, 8, 8 
44806, 8, 8 
14831, 8, 8 
17112, 8, 8 
10021, 8, 8 
58475, 8, 8 
57077, 8, 8 
10281, 8, 8 
21310, 8, 8 
53285, 8, 8 
46231, 8, 8 
47748, 8, 8 
26743, 8, 8 
19605, 8, 8 
26569, 8, 8 
34575, 8, 8 
4698, 8, 8 
37325, 8, 8 
56872, 8, 8 
14553, 8, 8 
7844, 8, 8 
10358, 8, 8 
15515, 8, 8 
48528, 8, 8 
6731, 8, 8 
10733, 8, 8 
57392, 8, 8 
37398, 8, 8 
18348, 8, 9 
42104, 8, 8 
694, 8, 8 
7290, 8, 8 
35847, 8, 8 
2383, 8, 8 
3968, 8, 8 
19177, 8, 8 
48407, 8, 8 
5827, 8, 8 
28526, 8, 8 
8496, 8, 8 
54488, 8, 8 
59013, 8, 8 
27974, 8, 8 
59627, 8, 8 
33979, 8, 8 
43741, 8, 8 
27425, 8, 8 
12658, 8, 8 
47525, 8, 8 
5783, 8, 8 
876, 8, 8 
3581, 8, 8 
13412, 8, 8 
17681, 8, 8 
10711, 8, 8 
32735, 8, 8 
55438, 8, 8 
59711, 8, 8 
10482, 8, 8 
19313, 8, 8 
45976, 8, 8 
13477, 8, 8 
26248, 8, 8 
38942, 8, 8 
53743, 8, 8 
24101, 8, 8 
3082, 8, 8 
16658, 8, 7 
5087, 8, 8 
43793, 8, 8 
9608, 8, 8 
56235, 8, 8 
57062, 8, 8 
6288, 8, 8 
14697, 8, 8 
35983, 8, 8 
27236, 8, 8 
35967, 8, 8 
41564, 8, 8 
26022, 8, 8 
33895, 8, 8 
48875, 8, 8 
43828, 8, 8 
22507, 8, 8 
42029, 8, 8 
31080, 8, 8 
42096, 8, 8 
9832, 8, 8 
34540, 8, 8 
33074, 8, 8 
7300, 8, 8 
20363, 8, 8 
4525, 8, 8 
39307, 8, 8 
18310, 8, 8 
13447, 8, 8 
42127, 8, 8 
3630, 8, 8 
35021, 8, 8 
11311, 8, 8 
18214, 8, 8 
352, 8, 8 
46222, 8, 8 
39035, 8, 8 
52573, 8, 8 
49715, 8, 8 
11749, 8, 8 
25486, 8, 8 
8955, 8, 8 
5781, 8, 8 
11741, 8, 8 
43788, 8, 8 
50054, 8, 8 
16750, 8, 8 
5625, 8, 8 
28023, 8, 8 
35467, 8, 8 
55182, 8, 8 
57315, 8, 8 
1790, 8, 8 
32046, 8, 8 
46657, 8, 8 
56313, 8, 8 
17055, 8, 8 
26515, 8, 8 
13103, 8, 8 
33481, 8, 8 
12778, 8, 8 
20812, 8, 8 
46527, 8, 8 
45877, 8, 8 
33097, 8, 8 
9694, 8, 8 
32093, 8, 8 
40981, 8, 8 
55221, 8, 8 
9178, 8, 8 
4384, 8, 8 
27027, 8, 8 
30516, 8, 8 
38453, 8, 8 
15248, 8, 8 
21778, 8, 8 
39499, 8, 8 
25362, 8, 8 
57562, 8, 8 
19864, 8, 8 
31851, 8, 8 
11724, 8, 8 
8136, 8, 8 
13079, 8, 8 
17564, 8, 8 
16785, 8, 8 
54163, 8, 8 
3438, 8, 8 
49238, 8, 8 
54596, 8, 8 
21863, 8, 8 
976, 8, 8 
47438, 8, 8 
38442, 8, 8 
30460, 8, 8 
7995, 8, 8 
57324, 8, 8 
42364, 8, 8 
42297, 8, 8 
58107, 8, 8 
36137, 8, 8 
53028, 8, 8 
26953, 8, 8 
2384, 8, 8 
17121, 8, 8 
38849, 8, 8 
46475, 8, 8 
22141, 8, 8 
49579, 8, 8 
14638, 8, 8 
26760, 8, 3 
59286, 8, 8 
27994, 8, 8 
34034, 8, 8 
18311, 8, 8 
24241, 8, 8 
9014, 8, 8 
45679, 8, 8 
11383, 8, 8 
23015, 8, 8 
39001, 8, 8 
13476, 8, 8 
52719, 8, 8 
43511, 8, 8 
17527, 8, 8 
25400, 8, 8 
23440, 8, 8 
2683, 8, 8 
12288, 8, 8 
53036, 8, 8 
29680, 8, 8 
40417, 8, 8 
53248, 8, 8 
2927, 8, 8 
57212, 8, 8 
17952, 8, 8 
43201, 8, 8 
48289, 8, 8 
11028, 8, 8 
54268, 8, 8 
27916, 8, 8 
46233, 8, 8 
53913, 8, 8 
10771, 8, 8 
31801, 8, 8 
24026, 8, 8 
16637, 8, 8 
23316, 8, 8 
26231, 8, 8 
30843, 8, 8 
7508, 8, 8 
36776, 8, 8 
34734, 8, 8 
24926, 8, 8 
49302, 8, 8 
34040, 8, 8 
6604, 8, 8 
35589, 8, 8 
32805, 8, 8 
32837, 8, 8 
31530, 8, 8 
38065, 8, 8 
56357, 8, 8 
2124, 8, 8 
13037, 8, 8 
35007, 8, 8 
29656, 8, 8 
53848, 8, 8 
11146, 8, 8 
39344, 8, 8 
31441, 8, 8 
23987, 8, 8 
57189, 8, 8 
36489, 8, 8 
41153, 8, 8 
1666, 8, 8 
32270, 8, 8 
49064, 8, 8 
55790, 8, 8 
2577, 8, 8 
13498, 8, 8 
23737, 8, 8 
12899, 8, 8 
31656, 8, 8 
24457, 8, 8 
27126, 8, 8 
31569, 8, 8 
33827, 8, 8 
963, 8, 8 
41882, 8, 8 
4258, 8, 8 
42504, 8, 8 
33089, 8, 8 
3619, 8, 8 
41560, 8, 8 
51670, 8, 8 
7645, 8, 8 
25276, 8, 8 
27312, 8, 8 
25527, 8, 8 
58296, 8, 8 
7488, 8, 8 
31313, 8, 8 
50762, 8, 8 
35364, 8, 8 
42147, 8, 8 
55331, 8, 8 
26122, 8, 8 
23071, 8, 8 
42665, 8, 8 
48339, 8, 8 
36672, 8, 8 
10126, 8, 8 
31039, 8, 8 
31630, 8, 8 
31816, 8, 8 
34313, 8, 8 
28782, 8, 8 
44467, 8, 8 
37721, 8, 8 
57898, 8, 8 
19948, 8, 8 
18933, 8, 8 
46508, 8, 8 
3119, 8, 8 
27568, 8, 8 
48509, 8, 8 
10490, 8, 8 
15973, 8, 8 
55733, 8, 8 
57513, 8, 8 
29026, 8, 8 
13966, 8, 8 
49634, 8, 9 
2139, 8, 8 
34108, 8, 8 
34150, 8, 8 
42712, 8, 8 
26947, 8, 8 
24826, 8, 8 
44433, 8, 8 
11546, 8, 8 
5296, 8, 8 
9944, 8, 8 
52237, 8, 8 
8547, 9, 9 
15433, 9, 9 
49388, 9, 9 
54548, 9, 9 
20826, 9, 9 
974, 9, 9 
28330, 9, 9 
56726, 9, 9 
31074, 9, 4 
33061, 9, 9 
39998, 9, 9 
46929, 9, 9 
58703, 9, 9 
30834, 9, 9 
20879, 9, 9 
50329, 9, 7 
35755, 9, 9 
5901, 9, 9 
47918, 9, 7 
3746, 9, 9 
14974, 9, 9 
57449, 9, 9 
34504, 9, 9 
24712, 9, 9 
24919, 9, 9 
35059, 9, 9 
33141, 9, 9 
3927, 9, 9 
51840, 9, 9 
29400, 9, 9 
24489, 9, 9 
45369, 9, 9 
48980, 9, 9 
45603, 9, 9 
59633, 9, 9 
21091, 9, 9 
58332, 9, 9 
56464, 9, 9 
30756, 9, 9 
39694, 9, 9 
51574, 9, 9 
41422, 9, 9 
13356, 9, 9 
27533, 9, 9 
59829, 9, 9 
26594, 9, 9 
47459, 9, 9 
36007, 9, 9 
8216, 9, 9 
59385, 9, 9 
16806, 9, 9 
39174, 9, 9 
49495, 9, 9 
419, 9, 9 
45793, 9, 9 
14554, 9, 9 
50896, 9, 9 
31244, 9, 9 
9713, 9, 9 
5836, 9, 9 
38457, 9, 9 
4045, 9, 9 
20792, 9, 9 
1811, 9, 9 
50908, 9, 9 
33643, 9, 9 
28908, 9, 9 
42400, 9, 9 
24053, 9, 9 
22390, 9, 9 
43185, 9, 9 
27774, 9, 9 
7468, 9, 9 
13194, 9, 9 
172, 9, 9 
39895, 9, 9 
38493, 9, 9 
33721, 9, 9 
39293, 9, 9 
39464, 9, 9 
22799, 9, 9 
44607, 9, 9 
23864, 9, 9 
51716, 9, 9 
56230, 9, 9 
282, 9, 9 
40128, 9, 9 
12160, 9, 9 
56216, 9, 9 
19024, 9, 9 
18251, 9, 9 
46021, 9, 9 
18728, 9, 9 
15414, 9, 9 
53324, 9, 9 
21897, 9, 9 
2779, 9, 9 
27766, 9, 9 
37088, 9, 9 
49177, 9, 9 
38651, 9, 9 
1850, 9, 9 
25446, 9, 9 
40522, 9, 9 
42426, 9, 9 
46065, 9, 9 
44553, 9, 9 
35672, 9, 9 
28396, 9, 9 
13805, 9, 9 
39648, 9, 9 
36080, 9, 9 
38905, 9, 9 
57657, 9, 9 
38768, 9, 9 
31456, 9, 9 
34419, 9, 9 
1399, 9, 9 
15601, 9, 9 
54738, 9, 9 
46655, 9, 9 
3256, 9, 9 
52653, 9, 9 
52763, 9, 9 
10445, 9, 9 
17792, 9, 9 
52372, 9, 9 
23463, 9, 9 
59887, 9, 9 
34224, 9, 9 
51827, 9, 9 
53342, 9, 9 
1591, 9, 9 
29580, 9, 9 
37867, 9, 9 
35996, 9, 9 
26844, 9, 9 
39569, 9, 9 
37651, 9, 9 
46474, 9, 9 
54578, 9, 9 
4747, 9, 9 
3190, 9, 9 
3818, 9, 9 
8301, 9, 9 
34321, 9, 9 
45873, 9, 9 
23575, 9, 9 
26846, 9, 9 
487, 9, 9 
19729, 9, 9 
35763, 9, 9 
15541, 9, 9 
21859, 9, 9 
20202, 9, 9 
10614, 9, 9 
12240, 9, 9 
29124, 9, 9 
7335, 9, 9 
49227, 9, 9 
56774, 9, 4 
36477, 9, 9 
52151, 9, 9 
44762, 9, 9 
12792, 9, 9 
36464, 9, 9 
50698, 9, 9 
33806, 9, 9 
7946, 9, 9 
6162, 9, 9 
49870, 9, 9 
51334, 9, 9 
2321, 9, 9 
20084, 9, 9 
7312, 9, 9 
19, 9, 9 
55401, 9, 9 
45308, 9, 9 
29201, 9, 9 
44048, 9, 9 
25134, 9, 9 
39614, 9, 9 
32593, 9, 9 
37029, 9, 9 
21167, 9, 9 
11177, 9, 9 
23807, 9, 9 
4456, 9, 9 
11074, 9, 9 
23062, 9, 9 
29923, 9, 9 
4983, 9, 9 
40667, 9, 9 
46659, 9, 9 
43120, 9, 9 
26950, 9, 9 
13898, 9, 9 
5797, 9, 9 
22855, 9, 9 
31057, 9, 9 
4091, 9, 9 
14332, 9, 9 
56478, 9, 9 
17166, 9, 9 
45775, 9, 9 
44430, 9, 9 
30899, 9, 9 
42048, 9, 9 
17858, 9, 9 
38118, 9, 9 
26082, 9, 9 
33402, 9, 9 
37754, 9, 9 
22947, 9, 9 
29379, 9, 9 
54984, 9, 9 
15972, 9, 9 
34591, 9, 9 
3770, 9, 9 
9752, 9, 9 
35070, 9, 9 
24983, 9, 9 
35065, 9, 9 
18146, 9, 9 
42109, 9, 9 
49984, 9, 9 
11633, 9, 9 
40755, 9, 9 
35118, 9, 9 
39942, 9, 9 
13936, 9, 9 
45301, 9, 9 
1522, 9, 9 
44878, 9, 9 
38293, 9, 9 
57688, 9, 9 
33746, 9, 9 
45922, 9, 9 
36930, 9, 9 
22875, 9, 9 
2216, 9, 9 
56684, 9, 9 
51982, 9, 9 
29091, 9, 9 
5806, 9, 9 
25640, 9, 9 
18859, 9, 9 
37877, 9, 9 
3827, 9, 9 
46161, 9, 9 
20445, 9, 9 
30782, 9, 9 
3781, 9, 9 
41813, 9, 9 
43086, 9, 9 
55364, 9, 9 
33313, 9, 9 
43416, 9, 9 
53280, 9, 9 
54449, 9, 9 
54509, 9, 9 
48964, 9, 9 
41281, 9, 9 
32047, 9, 9 
11840, 9, 9 
57590, 9, 9 
14816, 9, 9 
46602, 9, 9 
43253, 9, 9 
47556, 9, 9 
39537, 9, 9 
46645, 9, 9 
29973, 9, 9 
43786, 9, 9 
53592, 9, 9 
53386, 9, 9 
41583, 9, 9 
47703, 9, 9 
21870, 9, 9 
55159, 9, 9 
9347, 9, 9 
49640, 9, 9 
20825, 9, 9 
52180, 9, 4 
21351, 9, 9 
23212, 9, 9 
15112, 9, 9 
6872, 9, 9 
7713, 9, 9 
13270, 9, 9 
22915, 9, 9 
55992, 9, 9 
20130, 9, 9 
52638, 9, 9 
58577, 9, 9 
47048, 9, 9 
49489, 9, 9 
37587, 9, 9 
31919, 9, 9 
37976, 9, 9 
11925, 9, 9 
31939, 9, 9 
5705, 9, 9 
46146, 9, 9 
25801, 9, 9 
36104, 9, 9 
41644, 9, 9 
57333, 9, 9 
18777, 9, 9 
22078, 9, 9 
42668, 9, 9 
11190, 9, 9 
47637, 9, 9 
33581, 9, 9 
47056, 9, 9 
55296, 9, 9 
54055, 9, 9 
13666, 9, 9 
12515, 9, 9 
30010, 9, 9 
43864, 9, 9 
20734, 9, 9 
22050, 9, 9 
7733, 9, 9 
59243, 9, 9 
53511, 9, 9 
3355, 9, 9 
29731, 9, 9 
44884, 9, 9 
37062, 9, 7 
11934, 9, 9 
21516, 9, 9 
2060, 9, 9 
16878, 9, 9 
34052, 9, 9 
42853, 9, 9 
11775, 9, 9 
57539, 9, 9 
56906, 9, 9 
26973, 9, 9 
10381, 9, 9 
3583, 9, 9 
19781, 9, 9 
58854, 9, 9 
17978, 9, 9 
4901, 9, 9 
47974, 9, 9 
26179, 9, 9 
7518, 9, 9 
15072, 9, 9 
26806, 9, 9 
18733, 9, 9 
23057, 9, 9 
36148, 9, 9 
50537, 9, 9 
42651, 9, 9 
40446, 9, 9 
8321, 9, 9 
42566, 9, 4 
33855, 9, 9 
49599, 9, 9 
29710, 9, 9 
1925, 9, 9 
44043, 9, 9 
43174, 9, 7 
58859, 9, 9 
30342, 9, 9 
2284, 9, 9 
43526, 9, 9 
6661, 9, 9 
50436, 9, 9 
30452, 9, 9 
51284, 9, 9 
56703, 9, 9 
5865, 9, 9 
37593, 9, 9 
13278, 9, 9 
20216, 9, 9 
44044, 9, 9 
47010, 9, 9 
55009, 9, 9 
2521, 9, 9 
34482, 9, 9 
13456, 9, 9 
48171, 9, 9 
12910, 9, 9 
30944, 9, 9 
17824, 9, 9 
21356, 9, 9 
27015, 9, 9 
45440, 9, 9 
16020, 9, 9 
32260, 9, 9 
51516, 9, 9 
116, 9, 9 
21669, 9, 9 
28424, 9, 9 
50787, 9, 9 
57469, 9, 9 
14082, 9, 9 
22299, 9, 9 
41918, 9, 9 
5860, 9, 9 
7541, 9, 9 
24927, 9, 9 
31077, 9, 9 
45244, 9, 9 
53396, 9, 4 
31200, 9, 9 
33311, 9, 9 
170, 9, 9 
37586, 9, 9 
15357, 9, 9 
18756, 9, 9 
17529, 9, 9 
18458, 9, 9 
19747, 9, 9 
52538, 9, 9 
49564, 9, 9 
47836, 9, 9 
1027, 9, 9 
14336, 9, 9 
1622, 9, 9 
16515, 9, 9 
54443, 9, 9 
15607, 9, 9 
9167, 9, 9 
41562, 9, 9 
4399, 9, 9 
18175, 9, 9 
39472, 9, 9 
26815, 9, 9 
49313, 9, 9 
14058, 9, 9 
5589, 9, 9 
56414, 9, 9 
19971, 9, 9 
51527, 9, 9 
59604, 9, 9 
59948, 9, 9 
14934, 9, 9 
56135, 9, 9 
48077, 9, 9 
50408, 9, 9 
45086, 9, 9 
24178, 9, 9 
36122, 9, 9 
32898, 9, 9 
20594, 9, 9 
48347, 9, 9 
10043, 9, 9 
50204, 9, 9 
29318, 9, 9 
48618, 9, 9 
25655, 9, 9 
49143, 9, 7 
31142, 9, 9 
32368, 9, 9 
31840, 9, 9 
9876, 9, 9 
18138, 9, 9 
57786, 9, 9 
12248, 9, 9 
22312, 9, 9 
51713, 9, 9 
45787, 9, 9 
2116, 9, 9 
31896, 9, 9 
11527, 9, 9 
45176, 9, 9 
19619, 9, 9 
25865, 9, 9 
44228, 9, 9 
9896, 9, 9 
21277, 9, 9 
54944, 9, 9 
35506, 9, 9 
36486, 9, 9 
46831, 9, 9 
2331, 9, 9 
41270, 9, 9 
54300, 9, 9 
47547, 9, 9 
19428, 9, 9 
56773, 9, 9 
5136, 9, 9 
47332, 9, 9 
54335, 9, 9 
7241, 9, 9 
53561, 9, 9 
36261, 9, 9 
59191, 9, 9 
46243, 9, 9 
26380, 9, 9 
13692, 9, 9 
43147, 9, 9 
11773, 9, 9 
51863, 9, 9 
28149, 9, 9 
5457, 9, 9 
