id, true label, predicted label 
47371, 0, 0 
48207, 0, 0 
18232, 0, 0 
52428, 0, 0 
21137, 0, 0 
4203, 0, 0 
53212, 0, 0 
13175, 0, 0 
36560, 0, 0 
7934, 0, 0 
37510, 0, 0 
10840, 0, 0 
58362, 0, 0 
12107, 0, 0 
50018, 0, 0 
45165, 0, 0 
29341, 0, 0 
21971, 0, 0 
30413, 0, 0 
56419, 0, 0 
28968, 0, 0 
13231, 0, 0 
24151, 0, 0 
56929, 0, 0 
56404, 0, 0 
21780, 0, 0 
56163, 0, 0 
14773, 0, 0 
52817, 0, 0 
49561, 0, 0 
21614, 0, 0 
7846, 0, 0 
47031, 0, 0 
59244, 0, 0 
27735, 0, 0 
19550, 0, 0 
51960, 0, 0 
38644, 0, 0 
51809, 0, 0 
55254, 0, 0 
48578, 0, 0 
19060, 0, 0 
59487, 0, 0 
41857, 0, 0 
40922, 0, 0 
21898, 0, 0 
2278, 0, 0 
57068, 0, 0 
7338, 0, 0 
38025, 0, 0 
55922, 0, 0 
5692, 0, 0 
34283, 0, 0 
25024, 0, 0 
36586, 0, 0 
57963, 0, 0 
10781, 0, 0 
29520, 0, 0 
27148, 0, 0 
34273, 0, 0 
35923, 0, 0 
2340, 0, 0 
32682, 0, 0 
39890, 0, 0 
55521, 0, 0 
38939, 0, 0 
57536, 0, 0 
17365, 0, 0 
17503, 0, 0 
30455, 0, 0 
45145, 0, 0 
46896, 0, 0 
283, 0, 0 
35720, 0, 0 
39055, 0, 0 
42579, 0, 0 
59457, 0, 0 
40732, 0, 0 
18921, 0, 0 
10261, 0, 0 
40760, 0, 0 
23606, 0, 0 
37192, 0, 0 
45190, 0, 0 
2817, 0, 0 
57575, 0, 0 
3367, 0, 0 
27638, 0, 0 
35959, 0, 0 
33257, 0, 0 
34084, 0, 0 
57543, 0, 0 
53937, 0, 0 
4804, 0, 0 
7882, 0, 0 
58584, 0, 0 
19818, 0, 0 
52921, 0, 0 
56639, 0, 0 
52305, 0, 0 
51883, 0, 0 
31172, 0, 0 
47174, 0, 0 
6502, 0, 0 
1926, 0, 0 
37408, 0, 0 
11409, 0, 0 
17726, 0, 0 
4527, 0, 0 
29677, 0, 0 
8703, 0, 0 
13164, 0, 0 
18563, 0, 0 
39628, 0, 0 
45589, 0, 0 
19490, 0, 0 
19646, 0, 0 
58819, 0, 0 
16679, 0, 0 
15505, 0, 0 
46992, 0, 0 
40277, 0, 0 
37844, 0, 0 
16595, 0, 0 
31581, 0, 0 
55556, 0, 0 
40237, 0, 0 
27829, 0, 0 
55152, 0, 0 
5505, 0, 0 
58461, 0, 0 
25092, 0, 0 
30473, 0, 0 
3016, 0, 0 
47167, 0, 0 
15471, 0, 0 
39854, 0, 0 
7305, 0, 0 
38873, 0, 0 
45189, 0, 0 
46192, 0, 0 
50208, 0, 0 
39207, 0, 0 
41401, 0, 0 
8272, 0, 0 
41101, 0, 0 
11945, 0, 0 
18991, 0, 0 
32463, 0, 0 
3067, 0, 0 
28274, 0, 0 
58396, 0, 0 
41051, 0, 0 
41795, 0, 0 
28165, 0, 0 
9505, 0, 0 
50423, 0, 0 
45401, 0, 0 
25629, 0, 0 
38232, 0, 0 
28427, 0, 0 
44449, 0, 0 
34238, 0, 0 
33381, 0, 0 
10168, 0, 0 
11022, 0, 0 
58353, 0, 0 
56023, 0, 0 
42703, 0, 0 
29250, 0, 0 
47370, 0, 0 
51352, 0, 0 
5502, 0, 0 
30547, 0, 0 
10861, 0, 0 
5131, 0, 0 
41556, 0, 0 
15399, 0, 0 
57261, 0, 0 
44448, 0, 0 
57027, 0, 0 
8449, 0, 0 
20418, 0, 0 
13544, 0, 0 
19859, 0, 0 
41443, 0, 0 
32109, 0, 0 
23454, 0, 0 
24706, 0, 0 
23914, 0, 0 
38162, 0, 0 
14675, 0, 0 
1828, 0, 0 
21560, 0, 0 
49657, 0, 0 
44130, 0, 0 
32423, 0, 0 
38494, 0, 0 
25914, 0, 0 
4009, 0, 0 
27394, 0, 0 
37467, 0, 0 
39715, 0, 0 
31112, 0, 0 
48715, 0, 0 
10909, 0, 0 
1209, 0, 0 
3709, 0, 0 
31943, 0, 0 
9166, 0, 0 
6645, 0, 0 
27583, 0, 0 
19547, 0, 0 
3720, 0, 0 
41406, 0, 0 
14153, 0, 0 
39236, 0, 0 
12662, 0, 0 
58617, 0, 0 
20632, 0, 0 
57154, 0, 0 
37790, 0, 0 
24749, 0, 0 
5514, 0, 0 
5830, 0, 0 
25836, 0, 0 
20117, 0, 0 
53014, 0, 0 
42180, 0, 0 
54900, 0, 0 
43205, 0, 0 
10107, 0, 0 
11335, 0, 0 
29560, 0, 0 
53924, 0, 0 
8343, 0, 0 
55680, 0, 0 
15160, 0, 0 
27637, 0, 0 
59859, 0, 0 
6538, 0, 0 
29421, 0, 0 
38054, 0, 0 
49331, 0, 0 
40240, 0, 0 
30618, 0, 0 
29055, 0, 0 
48403, 0, 0 
20877, 0, 0 
52226, 0, 0 
29405, 0, 0 
30807, 0, 0 
1916, 0, 0 
58560, 0, 0 
21985, 0, 0 
25383, 0, 0 
31234, 0, 0 
49533, 0, 0 
30926, 0, 0 
1775, 0, 0 
51865, 0, 0 
29498, 0, 0 
47976, 0, 0 
37841, 0, 0 
30484, 0, 0 
41388, 0, 0 
36223, 0, 0 
56444, 0, 0 
26308, 0, 0 
53404, 0, 0 
50566, 0, 0 
29230, 0, 0 
45152, 0, 0 
31855, 0, 0 
6341, 0, 0 
36019, 0, 0 
9269, 0, 0 
19584, 0, 0 
15237, 0, 0 
3937, 0, 0 
48863, 0, 0 
7364, 0, 0 
14752, 0, 0 
38043, 0, 0 
47172, 0, 0 
51826, 0, 0 
232, 0, 0 
58073, 0, 0 
55479, 0, 0 
1769, 0, 0 
5981, 0, 0 
44161, 0, 0 
19369, 0, 0 
14919, 0, 0 
36183, 0, 0 
23753, 0, 0 
5905, 0, 0 
16318, 0, 0 
19459, 0, 0 
11026, 0, 0 
13916, 0, 0 
44030, 0, 0 
34514, 0, 0 
8855, 0, 0 
33078, 0, 0 
47079, 0, 0 
38057, 0, 0 
53189, 0, 0 
30391, 0, 0 
9881, 0, 0 
27580, 0, 0 
13196, 0, 0 
23821, 0, 0 
7710, 0, 0 
27893, 0, 0 
46892, 0, 0 
23616, 0, 0 
40544, 0, 0 
58897, 0, 0 
31109, 0, 0 
4220, 0, 0 
1423, 0, 0 
34555, 0, 0 
2257, 0, 0 
17327, 0, 0 
32621, 0, 0 
28840, 0, 0 
1645, 0, 0 
10425, 0, 0 
21809, 0, 0 
22938, 0, 0 
31361, 0, 0 
37977, 0, 0 
30034, 0, 0 
48755, 0, 0 
35481, 0, 0 
43834, 0, 0 
44344, 0, 0 
13926, 0, 0 
36829, 0, 0 
41553, 0, 0 
50820, 0, 0 
21242, 0, 0 
25518, 0, 0 
59296, 0, 0 
33292, 0, 0 
11105, 0, 0 
43602, 0, 0 
49221, 0, 0 
9038, 0, 0 
52597, 0, 0 
29621, 0, 0 
2160, 0, 0 
1709, 0, 0 
1495, 0, 0 
27280, 0, 0 
40457, 0, 0 
23754, 0, 0 
9406, 0, 0 
38106, 0, 0 
52021, 0, 0 
47579, 0, 0 
51992, 0, 0 
44656, 0, 0 
4023, 0, 0 
21064, 0, 0 
40303, 0, 0 
56362, 0, 0 
55593, 0, 0 
53353, 0, 0 
16518, 0, 0 
23389, 0, 0 
45608, 0, 0 
22917, 0, 0 
5192, 0, 0 
43092, 0, 0 
55967, 0, 0 
41338, 0, 0 
36163, 0, 0 
32336, 0, 0 
41819, 0, 0 
49713, 0, 0 
2974, 0, 0 
24627, 0, 0 
56397, 0, 0 
22364, 0, 0 
13280, 0, 0 
40456, 0, 0 
29190, 0, 0 
23032, 0, 0 
24952, 0, 0 
39054, 0, 0 
27854, 0, 0 
20762, 0, 0 
15704, 0, 0 
29374, 0, 0 
28835, 0, 0 
51505, 0, 0 
52720, 0, 0 
16085, 0, 0 
30101, 0, 0 
40038, 0, 0 
25729, 0, 0 
59536, 0, 0 
59952, 0, 0 
57705, 0, 0 
30709, 0, 0 
29438, 0, 0 
12387, 0, 0 
7708, 0, 0 
28784, 0, 0 
3777, 0, 0 
42005, 0, 0 
24346, 0, 0 
16749, 0, 0 
58256, 0, 0 
4744, 0, 0 
57202, 0, 0 
13582, 0, 0 
28486, 0, 0 
35087, 0, 0 
42980, 0, 0 
6758, 0, 0 
4288, 0, 0 
51889, 0, 0 
34355, 0, 0 
39612, 0, 0 
34706, 0, 0 
55048, 0, 0 
20577, 0, 0 
19604, 0, 0 
55277, 0, 0 
52809, 0, 0 
5288, 0, 0 
39326, 0, 0 
40612, 0, 0 
48963, 0, 0 
28305, 0, 0 
42610, 0, 0 
54620, 0, 0 
15734, 0, 0 
1868, 0, 0 
9983, 0, 0 
14723, 0, 0 
4343, 0, 0 
50924, 0, 0 
5462, 0, 0 
42865, 0, 0 
24636, 0, 0 
3024, 0, 0 
46603, 0, 0 
12020, 0, 0 
24510, 0, 0 
9773, 0, 0 
26597, 0, 0 
8763, 0, 0 
32427, 0, 0 
8098, 0, 0 
5932, 0, 0 
18893, 0, 0 
4855, 0, 0 
41612, 0, 0 
45596, 0, 0 
19504, 0, 0 
19104, 0, 0 
6968, 0, 0 
42446, 0, 0 
50185, 0, 0 
7669, 0, 0 
10975, 0, 0 
26044, 0, 0 
52728, 0, 0 
20123, 0, 0 
1372, 0, 0 
6630, 0, 0 
54967, 0, 0 
51290, 0, 0 
5272, 0, 0 
7203, 0, 0 
47046, 0, 0 
21533, 0, 0 
39527, 0, 0 
6330, 0, 0 
35282, 0, 0 
49939, 0, 0 
25427, 0, 0 
25823, 0, 0 
11779, 0, 0 
15042, 0, 0 
33677, 0, 0 
8912, 0, 0 
55302, 0, 0 
28973, 0, 0 
41285, 0, 0 
10366, 0, 0 
81, 0, 0 
41030, 0, 0 
8187, 0, 0 
56914, 0, 0 
45426, 0, 0 
15722, 1, 1 
45105, 1, 1 
49884, 1, 1 
42673, 1, 1 
46547, 1, 1 
39707, 1, 1 
48993, 1, 1 
58320, 1, 1 
30592, 1, 1 
51905, 1, 1 
19297, 1, 1 
24814, 1, 1 
52234, 1, 1 
12314, 1, 1 
54079, 1, 1 
18035, 1, 1 
38707, 1, 1 
15669, 1, 1 
45627, 1, 1 
7149, 1, 1 
38918, 1, 1 
16536, 1, 1 
32326, 1, 1 
40918, 1, 1 
47429, 1, 1 
24208, 1, 1 
33441, 1, 1 
8989, 1, 1 
37378, 1, 1 
26487, 1, 1 
34215, 1, 1 
30869, 1, 1 
1676, 1, 1 
39555, 1, 1 
46360, 1, 1 
23886, 1, 1 
17472, 1, 1 
38425, 1, 1 
39980, 1, 1 
48751, 1, 1 
45075, 1, 1 
48931, 1, 1 
15789, 1, 1 
7429, 1, 1 
1354, 1, 1 
30906, 1, 1 
24624, 1, 1 
48074, 1, 1 
41739, 1, 1 
20094, 1, 1 
55286, 1, 1 
43484, 1, 1 
24339, 1, 1 
50830, 1, 1 
32406, 1, 1 
28167, 1, 1 
35289, 1, 1 
18987, 1, 1 
57243, 1, 1 
28857, 1, 1 
38683, 1, 1 
2177, 1, 1 
8131, 1, 1 
51048, 1, 1 
20988, 1, 1 
2692, 1, 1 
2853, 1, 1 
23751, 1, 1 
3234, 1, 1 
21292, 1, 1 
29133, 1, 1 
11883, 1, 1 
53160, 1, 1 
19516, 1, 1 
52431, 1, 1 
2362, 1, 1 
36315, 1, 1 
57968, 1, 1 
54886, 1, 1 
28622, 1, 1 
53405, 1, 1 
25421, 1, 1 
18286, 1, 1 
5425, 1, 1 
19188, 1, 1 
26473, 1, 1 
22419, 1, 1 
31113, 1, 1 
358, 1, 1 
55963, 1, 1 
3822, 1, 1 
3103, 1, 1 
28038, 1, 1 
22644, 1, 1 
39937, 1, 1 
50857, 1, 1 
21554, 1, 1 
25397, 1, 1 
50350, 1, 1 
7788, 1, 1 
72, 1, 1 
14541, 1, 1 
35710, 1, 1 
25061, 1, 1 
53780, 1, 1 
8660, 1, 1 
7349, 1, 1 
9260, 1, 1 
8550, 1, 1 
56610, 1, 1 
31238, 1, 1 
29567, 1, 1 
38860, 1, 1 
58727, 1, 1 
19768, 1, 1 
398, 1, 1 
44745, 1, 1 
28660, 1, 1 
58276, 1, 1 
50396, 1, 1 
52967, 1, 1 
13604, 1, 1 
38095, 1, 1 
15154, 1, 1 
55397, 1, 1 
19897, 1, 1 
18316, 1, 1 
59498, 1, 1 
394, 1, 1 
38554, 1, 1 
23160, 1, 1 
17262, 1, 1 
30143, 1, 1 
17685, 1, 1 
6822, 1, 1 
31966, 1, 1 
31718, 1, 1 
54259, 1, 1 
46685, 1, 1 
15633, 1, 1 
49384, 1, 1 
42171, 1, 1 
49392, 1, 1 
55358, 1, 1 
39878, 1, 1 
51035, 1, 1 
21958, 1, 1 
53823, 1, 1 
15885, 1, 1 
3540, 1, 1 
42028, 1, 1 
3755, 1, 1 
58588, 1, 1 
25163, 1, 1 
17171, 1, 1 
47991, 1, 1 
3971, 1, 1 
41492, 1, 1 
1155, 1, 1 
10205, 1, 1 
18339, 1, 1 
31478, 1, 1 
12743, 1, 1 
9039, 1, 1 
23908, 1, 1 
1627, 1, 1 
44126, 1, 1 
57339, 1, 1 
1369, 1, 1 
25027, 1, 1 
22370, 1, 1 
6002, 1, 1 
58913, 1, 1 
23854, 1, 1 
49326, 1, 1 
34402, 1, 1 
17782, 1, 1 
19937, 1, 1 
52268, 1, 1 
46434, 1, 1 
33343, 1, 1 
8542, 1, 1 
22926, 1, 1 
40273, 1, 1 
19837, 1, 1 
29517, 1, 1 
19411, 1, 1 
32041, 1, 1 
28361, 1, 1 
5571, 1, 1 
26495, 1, 1 
42026, 1, 1 
8383, 1, 1 
40248, 1, 1 
28649, 1, 1 
59686, 1, 1 
3080, 1, 1 
1528, 1, 1 
53018, 1, 1 
37518, 1, 1 
45962, 1, 1 
46225, 1, 1 
45931, 1, 1 
43714, 1, 1 
12459, 1, 1 
42401, 1, 1 
22328, 1, 1 
10885, 1, 1 
10365, 1, 1 
54708, 1, 1 
45205, 1, 1 
25606, 1, 1 
21791, 1, 1 
27330, 1, 1 
2227, 1, 1 
47243, 1, 1 
13974, 1, 1 
24619, 1, 1 
17191, 1, 1 
42630, 1, 1 
9312, 1, 1 
52615, 1, 1 
10129, 1, 1 
51051, 1, 1 
17180, 1, 1 
57714, 1, 1 
57722, 1, 1 
26421, 1, 1 
59932, 1, 1 
40071, 1, 1 
7363, 1, 1 
17465, 1, 1 
11152, 1, 1 
39185, 1, 1 
27789, 1, 1 
47960, 1, 1 
44650, 1, 1 
30031, 1, 1 
28695, 1, 1 
9584, 1, 1 
15898, 1, 1 
57197, 1, 1 
59289, 1, 1 
32189, 1, 1 
4129, 1, 1 
2583, 1, 1 
12145, 1, 1 
1544, 1, 1 
37716, 1, 1 
30848, 1, 1 
648, 1, 1 
1084, 1, 1 
20018, 1, 1 
57362, 1, 1 
58963, 1, 1 
37911, 1, 1 
44482, 1, 1 
30493, 1, 1 
9013, 1, 1 
6613, 1, 1 
36271, 1, 1 
55955, 1, 1 
59854, 1, 1 
27159, 1, 1 
14758, 1, 1 
35357, 1, 1 
34096, 1, 1 
47576, 1, 1 
21698, 1, 1 
22214, 1, 1 
33457, 1, 1 
43142, 1, 1 
42462, 1, 1 
22489, 1, 1 
34980, 1, 1 
1700, 1, 1 
208, 1, 1 
40880, 1, 1 
29083, 1, 1 
56572, 1, 1 
47194, 1, 1 
46893, 1, 1 
5245, 1, 1 
6208, 1, 1 
37839, 1, 1 
49697, 1, 1 
4764, 1, 1 
24888, 1, 1 
18266, 1, 1 
44813, 1, 1 
46141, 1, 1 
42893, 1, 1 
13213, 1, 1 
37618, 1, 1 
54897, 1, 1 
29715, 1, 1 
47869, 1, 1 
4970, 1, 1 
49588, 1, 1 
53627, 1, 1 
4979, 1, 1 
9705, 1, 1 
21552, 1, 1 
27091, 1, 1 
44622, 1, 1 
57322, 1, 1 
51493, 1, 1 
3758, 1, 1 
50356, 1, 1 
16608, 1, 1 
36276, 1, 1 
25264, 1, 1 
45366, 1, 1 
33140, 1, 1 
18421, 1, 1 
27707, 1, 1 
40464, 1, 1 
492, 1, 1 
51120, 1, 1 
57223, 1, 1 
55524, 1, 1 
49768, 1, 1 
7609, 1, 1 
31296, 1, 1 
40315, 1, 1 
57775, 1, 1 
10404, 1, 1 
30737, 1, 1 
16468, 1, 1 
53939, 1, 1 
50864, 1, 1 
39797, 1, 1 
30436, 1, 1 
41858, 1, 1 
41226, 1, 1 
42546, 1, 1 
13474, 1, 1 
535, 1, 1 
50771, 1, 1 
46159, 1, 1 
54177, 1, 1 
53714, 1, 1 
24973, 1, 1 
39776, 1, 1 
19420, 1, 1 
11249, 1, 1 
35880, 1, 1 
15716, 1, 1 
11509, 1, 1 
55417, 1, 1 
20281, 1, 1 
33705, 1, 1 
17022, 1, 1 
34269, 1, 1 
6365, 1, 1 
33446, 1, 1 
51540, 1, 1 
47118, 1, 1 
57834, 1, 1 
47817, 1, 1 
48209, 1, 1 
31815, 1, 1 
8985, 1, 1 
51544, 1, 1 
9423, 1, 1 
7599, 1, 1 
46855, 1, 1 
7877, 1, 1 
36442, 1, 1 
27662, 1, 1 
57673, 1, 1 
46107, 1, 1 
57266, 1, 1 
46236, 1, 1 
23835, 1, 1 
6226, 1, 1 
56779, 1, 1 
40944, 1, 1 
38981, 1, 1 
14070, 1, 1 
8331, 1, 1 
26939, 1, 1 
49232, 1, 1 
40537, 1, 1 
37531, 1, 1 
10624, 1, 1 
29087, 1, 1 
49355, 1, 1 
33580, 1, 1 
58745, 1, 1 
30238, 1, 1 
18880, 1, 1 
3237, 1, 1 
38337, 1, 1 
40069, 1, 1 
20279, 1, 1 
24070, 1, 1 
34681, 1, 1 
16241, 1, 1 
38384, 1, 1 
48456, 1, 1 
18492, 1, 1 
447, 1, 1 
49623, 1, 1 
42578, 1, 1 
26717, 1, 1 
4807, 1, 1 
50264, 1, 1 
22847, 1, 1 
18912, 1, 1 
25864, 1, 1 
27207, 1, 1 
6575, 1, 1 
19446, 1, 1 
27409, 1, 1 
32486, 1, 1 
24509, 1, 1 
24838, 1, 1 
20951, 1, 1 
38027, 1, 1 
4160, 1, 1 
33918, 1, 1 
9562, 1, 1 
28769, 1, 1 
14463, 1, 1 
26539, 1, 1 
27336, 1, 1 
9256, 1, 1 
42156, 1, 1 
33992, 1, 1 
3956, 1, 1 
41437, 1, 1 
8423, 1, 1 
22627, 1, 1 
43879, 1, 1 
5903, 1, 1 
18663, 1, 1 
16087, 1, 1 
38490, 1, 1 
34141, 1, 1 
29679, 1, 1 
35396, 1, 1 
38415, 1, 1 
41823, 1, 1 
7834, 1, 1 
9043, 1, 1 
41247, 1, 1 
47977, 1, 1 
5204, 1, 1 
53787, 1, 1 
33667, 1, 1 
21687, 1, 1 
5176, 1, 1 
42846, 1, 1 
43227, 1, 1 
6423, 1, 1 
46865, 1, 1 
15632, 1, 1 
31537, 1, 1 
47734, 1, 1 
17943, 1, 1 
56007, 1, 1 
47868, 1, 1 
47391, 1, 1 
33998, 1, 1 
11358, 1, 1 
22642, 1, 1 
58440, 1, 1 
21884, 1, 1 
33394, 1, 1 
38824, 1, 1 
12486, 1, 1 
22582, 1, 1 
14899, 1, 1 
56537, 1, 1 
33741, 1, 1 
36997, 1, 1 
23492, 1, 1 
32413, 1, 1 
6116, 1, 1 
6998, 1, 1 
21401, 1, 1 
7748, 1, 1 
23303, 1, 1 
34926, 1, 1 
4790, 1, 1 
39505, 1, 1 
10692, 1, 1 
23889, 1, 1 
15423, 1, 1 
15353, 1, 1 
47490, 1, 1 
4998, 1, 1 
47400, 1, 1 
8588, 1, 1 
30209, 1, 1 
23970, 1, 1 
31237, 1, 1 
11760, 1, 1 
19765, 1, 1 
15153, 2, 2 
1573, 2, 2 
47270, 2, 2 
29612, 2, 2 
22594, 2, 2 
109, 2, 2 
4662, 2, 2 
40853, 2, 2 
16456, 2, 2 
58728, 2, 2 
42496, 2, 2 
34521, 2, 2 
50689, 2, 2 
31740, 2, 2 
9776, 2, 2 
28156, 2, 2 
51760, 2, 2 
4489, 2, 2 
55202, 2, 2 
47652, 2, 2 
43988, 2, 2 
16018, 2, 2 
4071, 2, 2 
43815, 2, 2 
48674, 2, 2 
33707, 2, 2 
52242, 2, 2 
44260, 2, 2 
23625, 2, 2 
54758, 2, 2 
22792, 2, 2 
38275, 2, 2 
14569, 2, 2 
39453, 2, 2 
14551, 2, 2 
54756, 2, 2 
42454, 2, 2 
33941, 2, 2 
36120, 2, 2 
45705, 2, 2 
23545, 2, 2 
4028, 2, 2 
32035, 2, 2 
24724, 2, 2 
32155, 2, 2 
19587, 2, 2 
30530, 2, 2 
30228, 2, 2 
57799, 2, 2 
56655, 2, 2 
40183, 2, 2 
21527, 2, 2 
43376, 2, 2 
14369, 2, 2 
43590, 2, 2 
29175, 2, 2 
55559, 2, 2 
46708, 2, 2 
42115, 2, 2 
46001, 2, 2 
51547, 2, 2 
22516, 2, 2 
37669, 2, 2 
34202, 2, 2 
43153, 2, 2 
233, 2, 2 
47088, 2, 2 
53972, 2, 2 
58801, 2, 2 
16791, 2, 2 
3836, 2, 2 
12481, 2, 2 
13275, 2, 2 
28525, 2, 2 
33250, 2, 2 
17137, 2, 2 
27878, 2, 2 
29176, 2, 2 
35690, 2, 2 
27093, 2, 2 
35437, 2, 2 
32928, 2, 2 
20520, 2, 2 
37995, 2, 2 
37777, 2, 2 
59974, 2, 2 
21652, 2, 2 
51214, 2, 2 
24406, 2, 2 
36229, 2, 2 
5758, 2, 2 
39921, 2, 2 
6899, 2, 2 
42539, 2, 2 
6639, 2, 2 
17080, 2, 2 
3981, 2, 2 
716, 2, 2 
47531, 2, 2 
252, 2, 2 
40718, 2, 2 
19568, 2, 2 
13612, 2, 2 
15642, 2, 2 
8632, 2, 2 
41965, 2, 2 
49642, 2, 2 
32288, 2, 3 
41484, 2, 2 
4157, 2, 2 
13370, 2, 2 
21630, 2, 2 
3879, 2, 2 
41900, 2, 2 
52894, 2, 2 
41937, 2, 2 
24449, 2, 2 
7484, 2, 2 
36781, 2, 2 
5377, 2, 2 
46591, 2, 2 
49929, 2, 2 
44740, 2, 2 
51567, 2, 2 
28068, 2, 2 
43371, 2, 2 
13925, 2, 2 
9246, 2, 2 
39168, 2, 2 
32170, 2, 2 
3342, 2, 2 
29000, 2, 2 
20299, 2, 2 
54956, 2, 2 
31665, 2, 2 
42969, 2, 2 
23721, 2, 2 
42050, 2, 2 
8490, 2, 2 
7897, 2, 2 
44371, 2, 2 
51320, 2, 2 
28294, 2, 2 
28074, 2, 2 
25492, 2, 2 
50153, 2, 2 
15107, 2, 2 
40841, 2, 2 
49363, 2, 2 
49452, 2, 2 
43257, 2, 2 
10090, 2, 2 
58314, 2, 2 
50508, 2, 2 
31372, 2, 2 
14024, 2, 2 
14932, 2, 2 
34850, 2, 2 
54160, 2, 2 
53901, 2, 2 
43047, 2, 2 
26329, 2, 2 
18224, 2, 2 
46447, 2, 2 
31933, 2, 2 
6204, 2, 2 
54806, 2, 2 
47754, 2, 2 
55137, 2, 2 
24841, 2, 2 
54973, 2, 2 
55987, 2, 2 
52656, 2, 2 
27385, 2, 2 
52835, 2, 2 
52345, 2, 2 
36728, 2, 2 
15278, 2, 2 
57894, 2, 2 
42866, 2, 2 
35112, 2, 2 
35240, 2, 2 
31401, 2, 2 
11339, 2, 2 
32382, 2, 2 
10567, 2, 2 
52801, 2, 2 
57615, 2, 2 
23268, 2, 2 
35599, 2, 2 
642, 2, 2 
46011, 2, 2 
16298, 2, 2 
22252, 2, 2 
55692, 2, 2 
17489, 2, 2 
13984, 2, 2 
24096, 2, 2 
32212, 2, 2 
16237, 2, 2 
59040, 2, 2 
23310, 2, 2 
59231, 2, 2 
59245, 2, 2 
20242, 2, 2 
55070, 2, 2 
57658, 2, 2 
52841, 2, 2 
37668, 2, 2 
16283, 2, 2 
53879, 2, 2 
1531, 2, 2 
17579, 2, 2 
41721, 2, 2 
29005, 2, 2 
12435, 2, 2 
15506, 2, 2 
49090, 2, 2 
58705, 2, 2 
12752, 2, 2 
52373, 2, 2 
16196, 2, 2 
3023, 2, 2 
59641, 2, 2 
9252, 2, 2 
37941, 2, 2 
57185, 2, 2 
48986, 2, 2 
47142, 2, 2 
39669, 2, 2 
25004, 2, 2 
12559, 2, 8 
33007, 2, 2 
32998, 2, 2 
2201, 2, 2 
16909, 2, 2 
19833, 2, 2 
1595, 2, 2 
21197, 2, 2 
16281, 2, 2 
34675, 2, 2 
47922, 2, 2 
16895, 2, 2 
47780, 2, 2 
30580, 2, 2 
45347, 2, 2 
6910, 2, 2 
52684, 2, 2 
56759, 2, 2 
40206, 2, 2 
6725, 2, 2 
48536, 2, 2 
31512, 2, 2 
29990, 2, 2 
46593, 2, 2 
54768, 2, 2 
35457, 2, 2 
53742, 2, 2 
59177, 2, 2 
22217, 2, 2 
55912, 2, 2 
20761, 2, 2 
19545, 2, 2 
11449, 2, 2 
44585, 2, 2 
2959, 2, 2 
23776, 2, 2 
39627, 2, 2 
26221, 2, 2 
45149, 2, 2 
36147, 2, 2 
44823, 2, 2 
42443, 2, 2 
20550, 2, 2 
5988, 2, 2 
16033, 2, 2 
33620, 2, 2 
31508, 2, 2 
36949, 2, 2 
21414, 2, 2 
1648, 2, 2 
34062, 2, 2 
36879, 2, 2 
28684, 2, 2 
18684, 2, 2 
59410, 2, 2 
50901, 2, 2 
14264, 2, 2 
42789, 2, 2 
6190, 2, 2 
44993, 2, 2 
47226, 2, 2 
20831, 2, 2 
55183, 2, 2 
34250, 2, 2 
53727, 2, 2 
46760, 2, 2 
43514, 2, 2 
23683, 2, 2 
58104, 2, 2 
6344, 2, 2 
2019, 2, 2 
2846, 2, 2 
59218, 2, 2 
3042, 2, 2 
16858, 2, 2 
24014, 2, 2 
48738, 2, 2 
53269, 2, 2 
29734, 2, 2 
8609, 2, 2 
8972, 2, 2 
49819, 2, 2 
3395, 2, 2 
584, 2, 2 
38530, 2, 2 
45420, 2, 2 
21983, 2, 2 
50295, 2, 2 
25718, 2, 2 
45412, 2, 2 
6445, 2, 2 
21511, 2, 2 
14040, 2, 2 
49735, 2, 2 
23001, 2, 2 
24229, 2, 2 
40617, 2, 2 
43632, 2, 2 
476, 2, 2 
28685, 2, 2 
1715, 2, 2 
29247, 2, 2 
2877, 2, 2 
11865, 2, 2 
11621, 2, 2 
24557, 2, 2 
52602, 2, 2 
22062, 2, 2 
53121, 2, 2 
14378, 2, 2 
57183, 2, 2 
27664, 2, 2 
2749, 2, 2 
16794, 2, 2 
18713, 2, 2 
26577, 2, 2 
18300, 2, 2 
20022, 2, 2 
33096, 2, 2 
8886, 2, 2 
45387, 2, 2 
58287, 2, 2 
7760, 2, 2 
57908, 2, 2 
31935, 2, 2 
27186, 2, 2 
34745, 2, 2 
3470, 2, 2 
2065, 2, 2 
11084, 2, 2 
14771, 2, 2 
13508, 2, 2 
29200, 2, 2 
42693, 2, 2 
42563, 2, 2 
34226, 2, 2 
22990, 2, 2 
41169, 2, 2 
6161, 2, 2 
17684, 2, 2 
59597, 2, 2 
37320, 2, 2 
32856, 2, 2 
58317, 2, 2 
6846, 2, 2 
1096, 2, 2 
56175, 2, 2 
40321, 2, 2 
23770, 2, 2 
51743, 2, 2 
11013, 2, 2 
10291, 2, 2 
46619, 2, 2 
36375, 2, 2 
45133, 2, 2 
48378, 2, 2 
53105, 2, 2 
52358, 2, 2 
18110, 2, 2 
31874, 2, 2 
41984, 2, 2 
8939, 2, 2 
32216, 2, 2 
54440, 2, 2 
28155, 2, 2 
40369, 2, 2 
17078, 2, 2 
37360, 2, 2 
38826, 2, 2 
45283, 2, 2 
13930, 2, 2 
2450, 2, 2 
56553, 2, 2 
1199, 2, 2 
1711, 2, 2 
30349, 2, 2 
54551, 2, 2 
42439, 2, 2 
56583, 2, 2 
41399, 2, 2 
42810, 2, 2 
48270, 2, 2 
57669, 2, 2 
27233, 2, 2 
3660, 2, 2 
6114, 2, 2 
19028, 2, 2 
5928, 2, 2 
10117, 2, 2 
49041, 2, 2 
13527, 2, 2 
52971, 2, 2 
29240, 2, 2 
8614, 2, 2 
40956, 2, 2 
268, 2, 2 
58068, 2, 2 
53963, 2, 2 
42885, 2, 2 
30772, 2, 2 
5094, 2, 2 
14938, 2, 2 
40812, 2, 2 
58831, 2, 2 
6624, 2, 2 
34479, 2, 2 
6944, 2, 2 
12950, 2, 2 
37631, 2, 2 
50733, 2, 2 
30533, 2, 2 
14797, 2, 2 
15137, 2, 2 
54513, 2, 2 
5952, 2, 2 
54375, 2, 2 
52142, 2, 2 
53862, 2, 2 
20448, 2, 2 
5397, 2, 2 
49857, 2, 2 
14342, 2, 2 
32243, 2, 2 
31360, 2, 2 
29064, 2, 2 
1679, 2, 2 
30569, 2, 2 
55352, 2, 2 
41417, 2, 2 
26504, 2, 7 
33060, 2, 2 
41966, 2, 2 
7790, 2, 2 
35051, 2, 2 
29220, 2, 2 
11030, 2, 2 
51357, 2, 2 
13484, 2, 2 
29667, 2, 2 
16925, 2, 2 
59374, 2, 2 
10417, 2, 2 
10657, 2, 2 
25912, 2, 2 
39899, 2, 2 
47321, 2, 2 
39970, 2, 2 
44033, 2, 2 
38753, 2, 2 
42708, 2, 2 
55704, 2, 2 
9218, 2, 2 
48220, 2, 2 
21959, 2, 2 
5250, 2, 2 
18851, 2, 2 
54095, 2, 2 
38330, 2, 2 
12135, 2, 2 
15217, 2, 2 
51379, 2, 2 
31603, 2, 2 
43877, 2, 2 
5258, 2, 2 
32809, 2, 2 
49625, 2, 2 
23040, 2, 2 
33644, 2, 2 
44377, 2, 2 
10743, 3, 3 
13144, 3, 3 
56337, 3, 3 
5942, 3, 3 
38166, 3, 3 
31379, 3, 3 
49222, 3, 3 
41720, 3, 3 
46062, 3, 3 
5788, 3, 3 
11037, 3, 3 
3258, 3, 3 
49725, 3, 3 
34721, 3, 3 
38341, 3, 3 
42355, 3, 3 
15717, 3, 3 
1722, 3, 3 
37042, 3, 3 
21647, 3, 3 
54250, 3, 3 
59318, 3, 3 
46592, 3, 3 
41165, 3, 3 
23517, 3, 3 
36592, 3, 3 
19474, 3, 3 
25630, 3, 3 
58946, 3, 3 
48355, 3, 3 
26391, 3, 3 
11958, 3, 3 
1108, 3, 3 
14488, 3, 3 
15606, 3, 3 
19215, 3, 3 
5190, 3, 3 
56581, 3, 3 
20631, 3, 3 
55866, 3, 3 
2818, 3, 3 
27313, 3, 3 
49, 3, 3 
36301, 3, 3 
53376, 3, 3 
56524, 3, 3 
16336, 3, 3 
10666, 3, 3 
9355, 3, 3 
57598, 3, 3 
14177, 3, 3 
17255, 3, 3 
54797, 3, 3 
51373, 3, 3 
21102, 3, 3 
53688, 3, 3 
14266, 3, 3 
51343, 3, 3 
51196, 3, 3 
41822, 3, 3 
28444, 3, 3 
53167, 3, 3 
37280, 3, 3 
36128, 3, 3 
21221, 3, 3 
58640, 3, 3 
37649, 3, 3 
53545, 3, 3 
42906, 3, 3 
27173, 3, 3 
21950, 3, 3 
26744, 3, 3 
4868, 3, 3 
13707, 3, 3 
27861, 3, 3 
42908, 3, 3 
23412, 3, 3 
54074, 3, 3 
35944, 3, 3 
48088, 3, 3 
11197, 3, 3 
29650, 3, 3 
26149, 3, 3 
49122, 3, 3 
46681, 3, 3 
54077, 3, 3 
45597, 3, 3 
57762, 3, 3 
4429, 3, 3 
35649, 3, 3 
3810, 3, 3 
22293, 3, 3 
34384, 3, 3 
22271, 3, 3 
49810, 3, 3 
2652, 3, 3 
45946, 3, 3 
9977, 3, 3 
41704, 3, 3 
49324, 3, 3 
8541, 3, 3 
8643, 3, 3 
51401, 3, 3 
23298, 3, 3 
11034, 3, 3 
53722, 3, 3 
51776, 3, 3 
57172, 3, 3 
20009, 3, 3 
58278, 3, 3 
4891, 3, 3 
5798, 3, 3 
8888, 3, 3 
55461, 3, 3 
7123, 3, 3 
29094, 3, 3 
48700, 3, 3 
19347, 3, 3 
39786, 3, 3 
26307, 3, 3 
53863, 3, 3 
29613, 3, 3 
38058, 3, 3 
32409, 3, 5 
53457, 3, 3 
22404, 3, 3 
15233, 3, 3 
21720, 3, 3 
59624, 3, 3 
752, 3, 3 
9663, 3, 3 
7433, 3, 3 
12677, 3, 3 
26209, 3, 3 
59408, 3, 3 
22668, 3, 3 
1201, 3, 3 
281, 3, 3 
38223, 3, 3 
21468, 3, 3 
56791, 3, 3 
27541, 3, 3 
28515, 3, 3 
40404, 3, 3 
9255, 3, 3 
9153, 3, 3 
24763, 3, 3 
12483, 3, 3 
46692, 3, 3 
44211, 3, 3 
4223, 3, 3 
17471, 3, 3 
4898, 3, 3 
12895, 3, 3 
25619, 3, 3 
47519, 3, 3 
25708, 3, 3 
15080, 3, 3 
46588, 3, 3 
30883, 3, 3 
50964, 3, 3 
8709, 3, 3 
52404, 3, 3 
9335, 3, 3 
21496, 3, 3 
10880, 3, 3 
21559, 3, 3 
8568, 3, 3 
37174, 3, 3 
5642, 3, 3 
22231, 3, 3 
59366, 3, 3 
45089, 3, 3 
47329, 3, 3 
31409, 3, 3 
42203, 3, 3 
19342, 3, 3 
58853, 3, 3 
37422, 3, 3 
3048, 3, 3 
49287, 3, 3 
7584, 3, 5 
43991, 3, 3 
38383, 3, 3 
37374, 3, 3 
46563, 3, 3 
42254, 3, 3 
5875, 3, 3 
40462, 3, 3 
38129, 3, 3 
22477, 3, 3 
23022, 3, 3 
38368, 3, 3 
48352, 3, 3 
55771, 3, 3 
43126, 3, 3 
22738, 3, 3 
26651, 3, 3 
32794, 3, 3 
18992, 3, 3 
21341, 3, 3 
28193, 3, 3 
53514, 3, 3 
15486, 3, 3 
13325, 3, 3 
23221, 3, 3 
59307, 3, 3 
30206, 3, 3 
29757, 3, 3 
56615, 3, 3 
43730, 3, 3 
43702, 3, 3 
31229, 3, 3 
7832, 3, 3 
51463, 3, 3 
28953, 3, 3 
26127, 3, 3 
35022, 3, 3 
32790, 3, 3 
56260, 3, 3 
50976, 3, 3 
57660, 3, 3 
38086, 3, 3 
3402, 3, 3 
54199, 3, 3 
57472, 3, 3 
51991, 3, 3 
34183, 3, 3 
32885, 3, 3 
35381, 3, 3 
25409, 3, 3 
5547, 3, 3 
25164, 3, 3 
16311, 3, 3 
15482, 3, 3 
46848, 3, 3 
3655, 3, 3 
10765, 3, 3 
37314, 3, 3 
45843, 3, 3 
24059, 3, 3 
50141, 3, 3 
15201, 3, 3 
38983, 3, 3 
35876, 3, 3 
55151, 3, 3 
59860, 3, 3 
21524, 3, 3 
36324, 3, 3 
11216, 3, 3 
5433, 3, 3 
28406, 3, 3 
51173, 3, 3 
42161, 3, 3 
55050, 3, 3 
10393, 3, 3 
56515, 3, 3 
3075, 3, 3 
18964, 3, 3 
12882, 3, 3 
12920, 3, 3 
21966, 3, 3 
10775, 3, 3 
12545, 3, 3 
33845, 3, 3 
39127, 3, 3 
46932, 3, 3 
16783, 3, 3 
500, 3, 2 
10097, 3, 3 
36623, 3, 3 
20167, 3, 3 
14184, 3, 3 
31488, 3, 3 
19977, 3, 3 
8957, 3, 3 
18169, 3, 3 
52713, 3, 3 
44380, 3, 3 
55283, 3, 3 
48859, 3, 3 
17710, 3, 3 
43997, 3, 3 
10896, 3, 3 
35631, 3, 3 
29289, 3, 3 
43962, 3, 3 
30445, 3, 3 
2587, 3, 3 
2886, 3, 3 
3404, 3, 3 
30754, 3, 3 
50417, 3, 3 
4615, 3, 3 
46005, 3, 3 
30273, 3, 3 
16549, 3, 3 
52281, 3, 3 
10953, 3, 3 
40743, 3, 3 
24350, 3, 3 
25573, 3, 3 
55093, 3, 3 
55999, 3, 3 
10454, 3, 3 
2233, 3, 3 
24784, 3, 3 
19739, 3, 3 
31311, 3, 3 
8350, 3, 3 
33655, 3, 3 
29352, 3, 3 
3318, 3, 3 
26033, 3, 3 
32484, 3, 3 
25535, 3, 3 
51486, 3, 3 
20540, 3, 3 
19246, 3, 3 
25915, 3, 3 
6293, 3, 3 
40161, 3, 3 
43428, 3, 3 
10093, 3, 3 
51471, 3, 3 
45774, 3, 3 
54357, 3, 3 
44303, 3, 3 
17864, 3, 3 
7569, 3, 3 
39445, 3, 3 
6855, 3, 3 
41565, 3, 3 
10882, 3, 3 
27645, 3, 2 
45675, 3, 3 
34805, 3, 3 
18584, 3, 3 
34105, 3, 3 
56043, 3, 3 
17328, 3, 3 
44889, 3, 3 
36076, 3, 3 
38037, 3, 3 
30011, 3, 3 
16296, 3, 3 
17063, 3, 3 
20565, 3, 3 
54020, 3, 3 
17146, 3, 3 
433, 3, 3 
43029, 3, 3 
44249, 3, 3 
32031, 3, 3 
23634, 3, 3 
54248, 3, 3 
55527, 3, 3 
27840, 3, 3 
1994, 3, 3 
49410, 3, 3 
50906, 3, 3 
36855, 3, 3 
12814, 3, 3 
55378, 3, 3 
36946, 3, 3 
45959, 3, 3 
7675, 3, 3 
23860, 3, 3 
35043, 3, 3 
21075, 3, 3 
50201, 3, 3 
16372, 3, 3 
40720, 3, 3 
18049, 3, 3 
52828, 3, 3 
10116, 3, 7 
5270, 3, 3 
34547, 3, 3 
22567, 3, 3 
27420, 3, 3 
45517, 3, 3 
26013, 3, 3 
58431, 3, 3 
17553, 3, 3 
1007, 3, 3 
28026, 3, 3 
25688, 3, 3 
33407, 3, 3 
35093, 3, 3 
26692, 3, 3 
3460, 3, 3 
13993, 3, 3 
9182, 3, 3 
53357, 3, 3 
16229, 3, 3 
1603, 3, 3 
55509, 3, 3 
31722, 3, 3 
34685, 3, 3 
32339, 3, 3 
47678, 3, 3 
58183, 3, 3 
58465, 3, 3 
34893, 3, 3 
1185, 3, 3 
9386, 3, 3 
22587, 3, 3 
38130, 3, 3 
39231, 3, 3 
29991, 3, 3 
5207, 3, 3 
51848, 3, 3 
28983, 3, 3 
40830, 3, 3 
9226, 3, 3 
32730, 3, 3 
21998, 3, 3 
2660, 3, 3 
40683, 3, 3 
39181, 3, 3 
39301, 3, 3 
44779, 3, 3 
18001, 3, 3 
41071, 3, 3 
56730, 3, 3 
18249, 3, 3 
21209, 3, 3 
38998, 3, 3 
58084, 3, 3 
43482, 3, 3 
35349, 3, 3 
41727, 3, 3 
19821, 3, 3 
3793, 3, 3 
33223, 3, 3 
6185, 3, 3 
21187, 3, 3 
32827, 3, 3 
27666, 3, 3 
37443, 3, 3 
40745, 3, 3 
9004, 3, 3 
30984, 3, 3 
49156, 3, 3 
22000, 3, 3 
53803, 3, 3 
46279, 3, 3 
56994, 3, 3 
44282, 3, 3 
16764, 3, 3 
27274, 3, 3 
13906, 3, 3 
27553, 3, 3 
39678, 3, 3 
36082, 3, 3 
16755, 3, 3 
46899, 3, 3 
6123, 3, 3 
14200, 3, 3 
57474, 3, 3 
14283, 3, 3 
279, 3, 3 
48014, 3, 3 
57401, 3, 3 
44192, 3, 3 
55321, 3, 3 
28123, 3, 3 
2076, 3, 3 
40932, 3, 3 
7396, 3, 3 
15443, 3, 3 
31021, 3, 3 
57868, 3, 3 
48701, 3, 3 
40805, 3, 3 
24680, 3, 3 
31428, 3, 9 
46834, 3, 3 
5738, 3, 3 
50770, 3, 3 
2669, 3, 3 
4694, 3, 3 
4235, 3, 3 
10647, 3, 3 
29383, 3, 3 
31913, 3, 3 
23929, 3, 3 
18735, 3, 3 
5358, 3, 3 
56492, 3, 3 
49234, 3, 3 
24667, 3, 3 
30540, 3, 3 
16945, 3, 3 
7771, 3, 3 
36852, 3, 3 
15773, 3, 3 
48746, 3, 3 
26084, 3, 3 
32284, 3, 3 
31025, 4, 4 
8580, 4, 4 
46749, 4, 4 
35904, 4, 4 
57229, 4, 4 
55285, 4, 4 
44751, 4, 4 
24894, 4, 4 
10191, 4, 4 
53125, 4, 4 
1164, 4, 4 
15059, 4, 4 
30542, 4, 4 
40766, 4, 4 
50841, 4, 4 
17325, 4, 4 
142, 4, 4 
52532, 4, 4 
28863, 4, 4 
39182, 4, 4 
59210, 4, 4 
13073, 4, 4 
15852, 4, 4 
45038, 4, 4 
39584, 4, 4 
43173, 4, 4 
4757, 4, 4 
27575, 4, 4 
25184, 4, 4 
21181, 4, 4 
37419, 4, 4 
39063, 4, 4 
20276, 4, 4 
23409, 4, 4 
3978, 4, 4 
57985, 4, 4 
18767, 4, 4 
14482, 4, 4 
44791, 4, 4 
35472, 4, 4 
17141, 4, 4 
23956, 4, 4 
7725, 4, 4 
34428, 4, 4 
1922, 4, 4 
55351, 4, 4 
32262, 4, 4 
16601, 4, 4 
54869, 4, 4 
18831, 4, 4 
23587, 4, 4 
57819, 4, 4 
46766, 4, 4 
51383, 4, 4 
22311, 4, 4 
2467, 4, 4 
3088, 4, 4 
27914, 4, 4 
31223, 4, 4 
42239, 4, 4 
45590, 4, 4 
41885, 4, 4 
57144, 4, 4 
56376, 4, 4 
58613, 4, 4 
3450, 4, 4 
17857, 4, 4 
43797, 4, 4 
38168, 4, 4 
11913, 4, 4 
36053, 4, 4 
48172, 4, 4 
15141, 4, 4 
5322, 4, 4 
1630, 4, 4 
1854, 4, 4 
20059, 4, 4 
45564, 4, 4 
4839, 4, 4 
34093, 4, 4 
56970, 4, 4 
33630, 4, 4 
41804, 4, 4 
33064, 4, 4 
26015, 4, 4 
56084, 4, 4 
42956, 4, 4 
22051, 4, 4 
43657, 4, 4 
26296, 4, 4 
8011, 4, 4 
9029, 4, 4 
22968, 4, 4 
4174, 4, 4 
35412, 4, 4 
13775, 4, 4 
52681, 4, 4 
30736, 4, 4 
46624, 4, 4 
45485, 4, 4 
36659, 4, 4 
4877, 4, 4 
38150, 4, 4 
25575, 4, 4 
41354, 4, 4 
16338, 4, 4 
29703, 4, 4 
56183, 4, 4 
55025, 4, 4 
43530, 4, 4 
17428, 4, 4 
10558, 4, 4 
59491, 4, 4 
54960, 4, 4 
43906, 4, 4 
18501, 4, 4 
10433, 4, 4 
58603, 4, 4 
7560, 4, 4 
22677, 4, 4 
44594, 4, 4 
2443, 4, 4 
47086, 4, 4 
57938, 4, 4 
18905, 4, 4 
12922, 4, 4 
292, 4, 4 
32917, 4, 4 
16942, 4, 4 
46993, 4, 4 
58, 4, 4 
23913, 4, 4 
14865, 4, 4 
50673, 4, 4 
17944, 4, 4 
10060, 4, 4 
6483, 4, 4 
40842, 4, 4 
14927, 4, 4 
52919, 4, 4 
9585, 4, 4 
39690, 4, 4 
14105, 4, 4 
57721, 4, 4 
58289, 4, 4 
32341, 4, 4 
43026, 4, 4 
21858, 4, 4 
38392, 4, 4 
40299, 4, 4 
50284, 4, 4 
28124, 4, 4 
17478, 4, 4 
12427, 4, 4 
15111, 4, 4 
21500, 4, 4 
22189, 4, 4 
14793, 4, 4 
18582, 4, 4 
3074, 4, 4 
57934, 4, 4 
1280, 4, 4 
43274, 4, 4 
44124, 4, 4 
20098, 4, 4 
30113, 4, 4 
45982, 4, 4 
4297, 4, 4 
23274, 4, 4 
17976, 4, 4 
50031, 4, 4 
18867, 4, 4 
17991, 4, 4 
29739, 4, 4 
50616, 4, 4 
2963, 4, 4 
9867, 4, 4 
54419, 4, 4 
51693, 4, 4 
22372, 4, 4 
59335, 4, 4 
41109, 4, 4 
23837, 4, 4 
47293, 4, 4 
41648, 4, 4 
5945, 4, 4 
30180, 4, 4 
26546, 4, 4 
6271, 4, 4 
54819, 4, 4 
20714, 4, 4 
55675, 4, 4 
28703, 4, 4 
38786, 4, 4 
40030, 4, 4 
40424, 4, 4 
17592, 4, 4 
5064, 4, 4 
38898, 4, 4 
22400, 4, 4 
23664, 4, 4 
461, 4, 4 
36790, 4, 4 
8270, 4, 4 
34424, 4, 4 
29193, 4, 4 
41568, 4, 4 
13908, 4, 4 
32172, 4, 4 
29046, 4, 4 
13870, 4, 4 
35546, 4, 4 
1006, 4, 4 
9431, 4, 4 
23992, 4, 4 
52748, 4, 4 
55187, 4, 4 
46613, 4, 4 
9741, 4, 4 
37986, 4, 4 
51114, 4, 4 
32369, 4, 4 
9370, 4, 4 
37171, 4, 4 
33204, 4, 4 
40429, 4, 4 
10571, 4, 4 
363, 4, 4 
718, 4, 4 
21076, 4, 4 
1198, 4, 4 
32182, 4, 4 
48728, 4, 4 
51923, 4, 4 
39703, 4, 4 
848, 4, 4 
59069, 4, 4 
33415, 4, 4 
25396, 4, 4 
29914, 4, 4 
29291, 4, 4 
5313, 4, 4 
10241, 4, 4 
27901, 4, 4 
47159, 4, 4 
47092, 4, 4 
45981, 4, 4 
56276, 4, 4 
19810, 4, 4 
4730, 4, 4 
53564, 4, 4 
5410, 4, 4 
35392, 4, 4 
19666, 4, 4 
28492, 4, 4 
34043, 4, 4 
11893, 4, 4 
32088, 4, 4 
16391, 4, 4 
2449, 4, 4 
3945, 4, 4 
52985, 4, 4 
54814, 4, 4 
59766, 4, 4 
36962, 4, 4 
30875, 4, 4 
47589, 4, 4 
2829, 4, 4 
22985, 4, 4 
44052, 4, 4 
12991, 4, 4 
2737, 4, 4 
46925, 4, 4 
7152, 4, 4 
14411, 4, 4 
12125, 4, 4 
14538, 4, 4 
9586, 4, 4 
15841, 4, 4 
41691, 4, 4 
27041, 4, 4 
58218, 4, 4 
20425, 4, 4 
35075, 4, 4 
19700, 4, 4 
42684, 4, 4 
54447, 4, 4 
51929, 4, 4 
26808, 4, 4 
51625, 4, 4 
680, 4, 4 
50049, 4, 4 
11981, 4, 4 
8438, 4, 4 
21886, 4, 4 
3877, 4, 4 
10636, 4, 4 
877, 4, 4 
34133, 4, 4 
45316, 4, 4 
51199, 4, 4 
6218, 4, 4 
4135, 4, 4 
56648, 4, 4 
49683, 4, 4 
3110, 4, 4 
28652, 4, 4 
16719, 4, 4 
50319, 4, 4 
25884, 4, 4 
13419, 4, 4 
15683, 4, 4 
56247, 4, 4 
56958, 4, 4 
42236, 4, 4 
5180, 4, 4 
17896, 4, 4 
48478, 4, 4 
37302, 4, 4 
10351, 4, 4 
35635, 4, 4 
39809, 4, 4 
31006, 4, 4 
55605, 4, 4 
30851, 4, 4 
58780, 4, 4 
5513, 4, 4 
12564, 4, 4 
9541, 4, 4 
53546, 4, 4 
54452, 4, 4 
53327, 4, 4 
37311, 4, 4 
18654, 4, 4 
17736, 4, 4 
31858, 4, 4 
6484, 4, 4 
59589, 4, 4 
14654, 4, 4 
3666, 4, 4 
37485, 4, 4 
47569, 4, 4 
8887, 4, 4 
51951, 4, 4 
9461, 4, 4 
22839, 4, 4 
25260, 4, 4 
20653, 4, 4 
27056, 4, 4 
53459, 4, 4 
37683, 4, 4 
22456, 4, 4 
29251, 4, 4 
17321, 4, 4 
28089, 4, 4 
43881, 4, 4 
56496, 4, 4 
56705, 4, 4 
33888, 4, 4 
47109, 4, 4 
16387, 4, 4 
48522, 4, 4 
27141, 4, 4 
19561, 4, 4 
47927, 4, 4 
51263, 4, 4 
37251, 4, 4 
56825, 4, 4 
10371, 4, 4 
32518, 4, 4 
27398, 4, 4 
3862, 4, 4 
49692, 4, 4 
45299, 4, 4 
21430, 4, 4 
36836, 4, 4 
47029, 4, 4 
14134, 4, 4 
17561, 4, 4 
34027, 4, 4 
59674, 4, 4 
43928, 4, 4 
43929, 4, 4 
31790, 4, 4 
58269, 4, 4 
18362, 4, 4 
5287, 4, 4 
46305, 4, 4 
4890, 4, 4 
54359, 4, 4 
36513, 4, 4 
16531, 4, 4 
55532, 4, 4 
22064, 4, 4 
54634, 4, 4 
15218, 4, 4 
46877, 4, 4 
52015, 4, 4 
3399, 4, 4 
36092, 4, 4 
30745, 4, 4 
43355, 4, 4 
45674, 4, 4 
58416, 4, 4 
48195, 4, 4 
53622, 4, 4 
20950, 4, 4 
17218, 4, 4 
3903, 4, 4 
8914, 4, 4 
2859, 4, 4 
18496, 4, 4 
35293, 4, 4 
10633, 4, 4 
21119, 4, 4 
9245, 4, 4 
16612, 4, 4 
54376, 4, 4 
17922, 4, 4 
47368, 4, 4 
27743, 4, 4 
45318, 4, 4 
24174, 4, 4 
37736, 4, 4 
3217, 4, 4 
12397, 4, 4 
52473, 4, 4 
39209, 4, 4 
21037, 4, 4 
590, 4, 4 
12915, 4, 4 
17299, 4, 4 
11956, 4, 4 
52652, 4, 4 
46467, 4, 4 
34611, 4, 4 
52274, 4, 4 
4896, 4, 4 
16982, 4, 4 
55005, 4, 4 
44068, 4, 4 
47701, 4, 4 
53346, 4, 4 
54852, 4, 4 
61, 4, 4 
30458, 4, 4 
36837, 4, 4 
12786, 4, 4 
26456, 4, 4 
21777, 4, 4 
20396, 4, 4 
48646, 4, 4 
16851, 4, 4 
34430, 4, 4 
53450, 4, 4 
18223, 4, 4 
10758, 4, 4 
39674, 4, 4 
17694, 4, 4 
30321, 4, 4 
37273, 4, 4 
18200, 4, 4 
25378, 4, 4 
7009, 4, 4 
18560, 4, 4 
54279, 4, 4 
16302, 4, 4 
59614, 4, 4 
22034, 4, 4 
5175, 4, 4 
33824, 4, 4 
51396, 4, 4 
25602, 4, 4 
48327, 4, 4 
43700, 4, 4 
29484, 4, 4 
20617, 4, 4 
7299, 4, 4 
59900, 4, 4 
28217, 4, 4 
15821, 4, 4 
21875, 4, 4 
52658, 4, 4 
33761, 4, 4 
40600, 4, 4 
34860, 4, 4 
58210, 4, 4 
36097, 4, 4 
43737, 4, 4 
31163, 4, 4 
34101, 4, 4 
23781, 4, 4 
54998, 4, 4 
58823, 4, 4 
34249, 4, 4 
9632, 4, 4 
21152, 4, 4 
3739, 4, 4 
60, 4, 4 
9718, 4, 4 
41938, 5, 5 
55708, 5, 5 
30046, 5, 5 
9738, 5, 5 
54970, 5, 5 
32107, 5, 5 
25402, 5, 5 
30402, 5, 5 
15136, 5, 5 
14318, 5, 5 
1402, 5, 5 
53696, 5, 5 
12917, 5, 5 
31999, 5, 5 
43368, 5, 5 
42659, 5, 5 
15066, 5, 5 
3326, 5, 5 
6399, 5, 5 
16380, 5, 5 
56363, 5, 5 
33365, 5, 5 
47081, 5, 5 
29842, 5, 5 
31875, 5, 5 
42108, 5, 5 
26675, 5, 5 
47952, 5, 5 
34727, 5, 5 
32711, 5, 5 
34965, 5, 5 
22244, 5, 5 
22704, 5, 5 
28952, 5, 5 
3129, 5, 5 
32646, 5, 5 
15110, 5, 5 
21956, 5, 5 
11417, 5, 5 
46805, 5, 5 
34453, 5, 5 
43454, 5, 3 
33511, 5, 5 
56032, 5, 5 
2287, 5, 5 
25623, 5, 5 
14534, 5, 5 
20210, 5, 5 
53920, 5, 5 
40930, 5, 5 
23546, 5, 5 
43882, 5, 5 
35046, 5, 5 
42392, 5, 5 
56339, 5, 5 
29293, 5, 5 
51278, 5, 5 
13120, 5, 5 
33767, 5, 5 
27499, 5, 5 
13533, 5, 5 
46597, 5, 5 
41618, 5, 5 
41602, 5, 5 
19944, 5, 5 
55531, 5, 5 
21115, 5, 5 
56202, 5, 5 
37160, 5, 5 
51989, 5, 5 
44752, 5, 5 
22268, 5, 5 
30918, 5, 5 
9899, 5, 5 
2304, 5, 5 
42359, 5, 5 
20374, 5, 5 
24765, 5, 5 
30061, 5, 5 
20716, 5, 5 
49604, 5, 5 
5947, 5, 5 
24426, 5, 5 
26481, 5, 5 
32488, 5, 5 
50764, 5, 5 
45604, 5, 5 
8623, 5, 5 
35495, 5, 5 
46203, 5, 5 
32707, 5, 5 
9232, 5, 5 
46453, 5, 5 
37842, 5, 5 
58357, 5, 5 
44845, 5, 5 
6749, 5, 5 
41402, 5, 5 
13517, 5, 5 
41933, 5, 5 
56262, 5, 5 
27296, 5, 5 
30371, 5, 5 
11590, 5, 5 
23550, 5, 5 
44106, 5, 5 
53971, 5, 5 
55712, 5, 5 
14489, 5, 5 
5061, 5, 5 
26464, 5, 5 
31584, 5, 5 
11656, 5, 5 
45897, 5, 5 
8126, 5, 5 
3378, 5, 5 
23508, 5, 5 
53466, 5, 5 
15538, 5, 5 
15197, 5, 5 
10030, 5, 5 
29049, 5, 5 
23065, 5, 5 
40127, 5, 5 
480, 5, 5 
6527, 5, 5 
15791, 5, 5 
30020, 5, 5 
33555, 5, 5 
54189, 5, 5 
39999, 5, 5 
11631, 5, 5 
37164, 5, 5 
13058, 5, 5 
46086, 5, 5 
24716, 5, 5 
19994, 5, 5 
46891, 5, 5 
16095, 5, 5 
10258, 5, 5 
15579, 5, 5 
45292, 5, 5 
15768, 5, 5 
26857, 5, 5 
32815, 5, 5 
55823, 5, 5 
40963, 5, 5 
52326, 5, 5 
50406, 5, 5 
29555, 5, 5 
22827, 5, 5 
4562, 5, 5 
53759, 5, 5 
20922, 5, 5 
30410, 5, 5 
58688, 5, 5 
51492, 5, 5 
6936, 5, 5 
15880, 5, 5 
49632, 5, 5 
37820, 5, 5 
278, 5, 5 
16931, 5, 5 
31768, 5, 5 
34817, 5, 5 
52717, 5, 5 
24921, 5, 5 
18090, 5, 5 
46108, 5, 5 
47204, 5, 5 
25588, 5, 5 
27377, 5, 5 
10954, 5, 5 
15054, 5, 5 
19551, 5, 5 
11345, 5, 5 
21734, 5, 5 
44404, 5, 5 
44976, 5, 5 
43245, 5, 5 
7740, 5, 5 
43139, 5, 5 
33495, 5, 5 
1206, 5, 5 
21543, 5, 5 
48348, 5, 5 
49402, 5, 5 
7249, 5, 5 
32198, 5, 5 
29077, 5, 5 
45305, 5, 5 
18782, 5, 5 
30315, 5, 5 
51800, 5, 5 
58663, 5, 5 
43409, 5, 5 
2330, 5, 5 
37584, 5, 5 
21927, 5, 5 
3595, 5, 5 
39803, 5, 5 
53229, 5, 5 
39562, 5, 5 
26211, 5, 5 
47251, 5, 5 
25973, 5, 5 
49048, 5, 5 
29354, 5, 5 
34720, 5, 5 
49581, 5, 5 
48358, 5, 5 
55342, 5, 5 
35915, 5, 5 
51444, 5, 5 
59305, 5, 5 
35388, 5, 5 
39962, 5, 5 
41772, 5, 5 
37313, 5, 5 
12249, 5, 5 
18639, 5, 5 
56063, 5, 5 
53795, 5, 5 
54151, 5, 5 
4168, 5, 5 
55434, 5, 5 
8624, 5, 5 
7481, 5, 5 
47016, 5, 5 
33200, 5, 5 
50592, 5, 5 
53200, 5, 5 
31820, 5, 5 
16671, 5, 5 
49905, 5, 5 
3635, 5, 5 
49658, 5, 5 
26290, 5, 5 
12540, 5, 5 
55455, 5, 5 
49611, 5, 5 
44329, 5, 5 
28491, 5, 5 
679, 5, 5 
15041, 5, 5 
10434, 5, 5 
2363, 5, 5 
26547, 5, 5 
49061, 5, 5 
1864, 5, 5 
52608, 5, 5 
23514, 5, 5 
6853, 5, 5 
24250, 5, 5 
36609, 5, 5 
39410, 5, 5 
53268, 5, 5 
39065, 5, 5 
2131, 5, 5 
25144, 5, 5 
18248, 5, 5 
32154, 5, 5 
10244, 5, 5 
1265, 5, 5 
4614, 5, 5 
53626, 5, 5 
138, 5, 5 
26995, 5, 5 
38060, 5, 5 
22380, 5, 5 
1039, 5, 5 
5489, 5, 5 
47854, 5, 5 
51821, 5, 5 
12898, 5, 5 
37407, 5, 5 
10065, 5, 5 
36361, 5, 5 
50954, 5, 5 
19590, 5, 5 
36028, 5, 5 
14828, 5, 5 
13591, 5, 5 
27422, 5, 5 
12092, 5, 5 
14839, 5, 5 
13659, 5, 5 
31302, 5, 5 
22686, 5, 5 
38759, 5, 5 
24128, 5, 5 
33235, 5, 5 
29112, 5, 5 
26637, 5, 5 
26407, 5, 5 
21671, 5, 5 
11806, 5, 5 
37830, 5, 5 
335, 5, 5 
11402, 5, 5 
15140, 5, 5 
55403, 5, 5 
7044, 5, 5 
35975, 5, 5 
50881, 5, 5 
56476, 5, 5 
3275, 5, 5 
25096, 5, 5 
23066, 5, 5 
48687, 5, 5 
7377, 5, 5 
23418, 5, 5 
4948, 5, 5 
41539, 5, 5 
47920, 5, 5 
7735, 5, 5 
23676, 5, 5 
42652, 5, 5 
16586, 5, 5 
56695, 5, 5 
25203, 5, 5 
53114, 5, 5 
4171, 5, 5 
42101, 5, 5 
49708, 5, 5 
1324, 5, 5 
26062, 5, 5 
20006, 5, 5 
28455, 5, 5 
9328, 5, 5 
46331, 5, 5 
39808, 5, 5 
40227, 5, 5 
43506, 5, 5 
21329, 5, 5 
43319, 5, 5 
20453, 5, 5 
36987, 5, 5 
27263, 5, 5 
33053, 5, 5 
17522, 5, 5 
6027, 5, 5 
59683, 5, 5 
25765, 5, 5 
20091, 5, 5 
29539, 5, 5 
16215, 5, 5 
39645, 5, 5 
53316, 5, 5 
10610, 5, 5 
54577, 5, 5 
4847, 5, 5 
11980, 5, 5 
51086, 5, 5 
41243, 5, 5 
19162, 5, 5 
4462, 5, 5 
474, 5, 5 
43523, 5, 5 
49038, 5, 5 
17642, 5, 5 
46369, 5, 5 
4475, 5, 5 
39230, 5, 5 
37874, 5, 5 
36330, 5, 5 
47591, 5, 5 
15301, 5, 5 
37597, 5, 5 
19578, 5, 5 
43809, 5, 5 
32074, 5, 5 
1867, 5, 5 
53122, 5, 5 
32134, 5, 5 
12604, 5, 5 
1670, 5, 5 
51296, 5, 5 
16038, 5, 5 
49273, 5, 5 
31005, 5, 5 
54044, 5, 5 
53201, 5, 5 
54914, 5, 5 
25240, 5, 5 
21810, 5, 5 
24820, 5, 5 
54938, 5, 5 
52778, 5, 5 
56061, 5, 5 
55734, 5, 5 
42827, 5, 5 
36588, 5, 5 
20120, 5, 5 
46149, 5, 5 
5292, 5, 5 
51794, 5, 5 
9381, 5, 5 
38817, 5, 5 
19920, 5, 5 
18237, 5, 5 
58190, 5, 5 
13460, 5, 5 
26590, 5, 5 
27043, 5, 5 
23996, 5, 5 
17610, 5, 5 
11864, 5, 5 
19874, 5, 5 
9207, 5, 5 
26574, 5, 5 
55878, 5, 5 
15726, 5, 5 
19301, 5, 5 
40159, 5, 5 
6644, 5, 5 
17879, 5, 5 
41945, 5, 5 
23146, 5, 5 
18875, 5, 5 
18440, 5, 5 
57510, 5, 5 
44804, 5, 5 
52332, 5, 5 
2861, 5, 5 
16745, 5, 5 
36060, 5, 5 
6836, 5, 5 
20628, 5, 5 
26538, 5, 5 
54750, 5, 5 
55075, 5, 5 
13946, 5, 5 
1690, 5, 5 
33892, 5, 5 
31287, 5, 5 
37548, 5, 5 
437, 5, 5 
11325, 5, 5 
52170, 5, 5 
31637, 5, 5 
40350, 5, 5 
4004, 5, 5 
56479, 5, 5 
23169, 5, 5 
29505, 5, 5 
15415, 5, 5 
54000, 5, 5 
7032, 5, 5 
175, 5, 5 
32831, 5, 5 
32992, 5, 5 
17094, 5, 5 
47107, 5, 5 
38801, 5, 5 
31929, 5, 5 
53844, 5, 5 
27471, 5, 5 
43753, 5, 5 
42836, 5, 5 
41032, 5, 5 
26752, 5, 5 
55910, 5, 5 
27764, 5, 5 
34996, 5, 5 
48367, 5, 5 
28465, 5, 5 
32023, 5, 5 
54203, 5, 5 
47866, 5, 5 
49784, 5, 5 
48197, 5, 5 
18673, 5, 5 
24960, 5, 5 
34159, 5, 5 
45295, 5, 5 
16633, 5, 5 
29524, 5, 5 
36087, 5, 5 
9814, 5, 5 
23763, 5, 5 
54528, 5, 5 
55667, 5, 5 
30647, 5, 5 
6418, 5, 5 
19374, 5, 5 
55305, 5, 5 
41091, 5, 5 
5028, 5, 5 
28048, 5, 5 
31520, 5, 5 
17890, 5, 5 
41868, 5, 5 
50853, 5, 5 
32080, 5, 5 
52264, 5, 5 
36559, 5, 5 
40966, 5, 5 
49424, 5, 5 
55450, 5, 5 
47794, 6, 6 
25614, 6, 6 
33242, 6, 6 
30812, 6, 6 
21752, 6, 6 
52534, 6, 6 
50276, 6, 6 
4337, 6, 6 
8357, 6, 6 
18428, 6, 6 
58842, 6, 6 
15620, 6, 6 
2311, 6, 6 
6236, 6, 6 
21347, 6, 6 
33436, 6, 6 
15831, 6, 6 
5848, 6, 6 
50890, 6, 6 
58345, 6, 6 
5837, 6, 6 
14660, 6, 6 
51497, 6, 6 
42340, 6, 6 
20168, 6, 6 
19021, 6, 6 
38114, 6, 6 
12919, 6, 6 
14641, 6, 6 
19799, 6, 6 
40527, 6, 6 
50781, 6, 6 
17835, 6, 6 
388, 6, 6 
28163, 6, 6 
46390, 6, 6 
37576, 6, 6 
41572, 6, 6 
41814, 6, 6 
47472, 6, 6 
8870, 6, 6 
59255, 6, 6 
54425, 6, 6 
6631, 6, 6 
25742, 6, 6 
56210, 6, 6 
25108, 6, 6 
34059, 6, 6 
18063, 6, 6 
54591, 6, 6 
4431, 6, 6 
43694, 6, 6 
32549, 6, 6 
27382, 6, 6 
51066, 6, 6 
9063, 6, 6 
28619, 6, 6 
40492, 6, 6 
17126, 6, 6 
36, 6, 6 
1389, 6, 6 
26119, 6, 6 
28339, 6, 6 
18907, 6, 6 
17619, 6, 6 
44463, 6, 6 
6482, 6, 6 
36561, 6, 6 
1917, 6, 6 
10793, 6, 6 
37071, 6, 6 
19151, 6, 6 
33564, 6, 6 
35828, 6, 6 
48169, 6, 6 
6807, 6, 6 
27530, 6, 6 
41975, 6, 6 
2113, 6, 6 
56385, 6, 6 
55798, 6, 6 
22654, 6, 6 
14912, 6, 6 
38820, 6, 6 
35027, 6, 6 
3050, 6, 6 
34071, 6, 6 
33272, 6, 6 
17284, 6, 6 
41676, 6, 6 
17120, 6, 6 
20796, 6, 6 
48141, 6, 6 
47877, 6, 6 
49133, 6, 6 
45643, 6, 6 
9187, 6, 6 
56195, 6, 6 
22665, 6, 6 
52598, 6, 6 
9872, 6, 6 
27775, 6, 6 
36821, 6, 6 
1189, 6, 6 
14618, 6, 6 
40491, 6, 6 
12448, 6, 6 
50122, 6, 6 
8792, 6, 6 
33549, 6, 6 
35342, 6, 6 
15348, 6, 6 
4560, 6, 6 
8042, 6, 6 
3869, 6, 6 
26252, 6, 6 
36036, 6, 6 
23594, 6, 6 
19298, 6, 6 
37542, 6, 6 
20317, 6, 6 
43736, 6, 6 
3445, 6, 6 
17953, 6, 6 
3994, 6, 6 
57945, 6, 6 
31629, 6, 6 
21772, 6, 6 
1779, 6, 6 
16653, 6, 6 
36703, 6, 6 
49403, 6, 6 
1520, 6, 6 
56153, 6, 6 
41675, 6, 6 
45934, 6, 6 
27090, 6, 6 
39777, 6, 6 
31110, 6, 6 
44315, 6, 6 
41060, 6, 6 
44309, 6, 6 
48319, 6, 6 
24774, 6, 6 
21667, 6, 6 
45395, 6, 6 
21392, 6, 6 
12939, 6, 6 
59548, 6, 6 
57783, 6, 6 
1707, 6, 6 
48380, 6, 6 
6909, 6, 6 
49761, 6, 6 
26563, 6, 6 
16070, 6, 6 
40411, 6, 6 
11551, 6, 6 
48689, 6, 6 
59320, 6, 6 
32222, 6, 6 
3671, 6, 6 
9692, 6, 6 
52674, 6, 6 
9765, 6, 6 
17401, 6, 6 
10630, 6, 6 
28678, 6, 6 
29725, 6, 6 
30152, 6, 6 
33484, 6, 6 
20745, 6, 6 
26946, 6, 6 
40845, 6, 6 
15084, 6, 6 
31586, 6, 6 
17164, 6, 6 
20288, 6, 6 
7549, 6, 6 
28039, 6, 6 
49405, 6, 6 
129, 6, 6 
24191, 6, 6 
47219, 6, 6 
46229, 6, 6 
6102, 6, 6 
6670, 6, 6 
29380, 6, 6 
36444, 6, 6 
34343, 6, 6 
8001, 6, 6 
56746, 6, 6 
46024, 6, 6 
26386, 6, 6 
13709, 6, 6 
56182, 6, 6 
16538, 6, 6 
50588, 6, 6 
7268, 6, 6 
16668, 6, 6 
32143, 6, 6 
39137, 6, 6 
40433, 6, 6 
4054, 6, 6 
52029, 6, 6 
26114, 6, 6 
13226, 6, 6 
49328, 6, 6 
16054, 6, 6 
40229, 6, 6 
38352, 6, 6 
34260, 6, 6 
50004, 6, 6 
12201, 6, 6 
23922, 6, 6 
15951, 6, 6 
34247, 6, 6 
39610, 6, 6 
331, 6, 6 
20154, 6, 6 
59121, 6, 6 
40304, 6, 6 
29832, 6, 6 
17528, 6, 6 
44428, 6, 6 
39278, 6, 6 
3597, 6, 6 
40980, 6, 6 
41059, 6, 6 
11000, 6, 6 
35219, 6, 6 
34703, 6, 6 
17657, 6, 6 
39318, 6, 6 
25467, 6, 6 
35851, 6, 6 
3577, 6, 6 
10980, 6, 6 
23566, 6, 6 
37599, 6, 6 
17204, 6, 6 
6635, 6, 6 
56904, 6, 6 
17229, 6, 6 
59483, 6, 6 
54907, 6, 6 
12450, 6, 6 
52820, 6, 6 
51476, 6, 6 
29331, 6, 6 
31806, 6, 6 
12411, 6, 6 
12715, 6, 6 
21860, 6, 6 
48505, 6, 6 
18732, 6, 6 
45935, 6, 6 
147, 6, 6 
28997, 6, 6 
58516, 6, 6 
31646, 6, 6 
23476, 6, 6 
1415, 6, 6 
38450, 6, 6 
50912, 6, 6 
47026, 6, 6 
630, 6, 6 
16245, 6, 6 
40661, 6, 6 
41726, 6, 6 
83, 6, 6 
32180, 6, 6 
54733, 6, 6 
54820, 6, 6 
32436, 6, 6 
29686, 6, 6 
26019, 6, 6 
20656, 6, 6 
35119, 6, 6 
8347, 6, 6 
6721, 6, 6 
29766, 6, 6 
19722, 6, 6 
22830, 6, 6 
13290, 6, 6 
20320, 6, 6 
17876, 6, 6 
23072, 6, 6 
46755, 6, 6 
9217, 6, 6 
17652, 6, 6 
58224, 6, 6 
58958, 6, 6 
34539, 6, 6 
6266, 6, 6 
18908, 6, 6 
11307, 6, 6 
44460, 6, 6 
10671, 6, 6 
40356, 6, 6 
13046, 6, 6 
9049, 6, 6 
28659, 6, 6 
31588, 6, 6 
31500, 6, 6 
286, 6, 6 
22716, 6, 6 
58291, 6, 6 
26490, 6, 6 
29981, 6, 6 
9619, 6, 6 
53406, 6, 6 
19155, 6, 6 
33980, 6, 6 
57943, 6, 6 
55168, 6, 6 
35607, 6, 6 
6732, 6, 6 
27268, 6, 6 
30025, 6, 6 
55274, 6, 6 
18791, 6, 6 
51661, 6, 6 
24576, 6, 6 
32183, 6, 6 
35883, 6, 6 
18625, 6, 6 
58766, 6, 6 
53625, 6, 6 
19532, 6, 6 
23126, 6, 6 
18250, 6, 6 
43892, 6, 6 
34135, 6, 6 
18105, 6, 6 
50938, 6, 6 
10968, 6, 6 
33056, 6, 6 
2910, 6, 6 
17874, 6, 6 
21241, 6, 6 
6553, 6, 6 
32696, 6, 6 
37831, 6, 6 
28438, 6, 6 
27905, 6, 6 
1830, 6, 6 
56240, 6, 6 
39455, 6, 6 
39887, 6, 6 
25422, 6, 6 
46432, 6, 6 
19984, 6, 6 
53311, 6, 6 
59117, 6, 6 
9254, 6, 6 
12541, 6, 6 
57508, 6, 6 
55255, 6, 6 
41940, 6, 6 
14732, 6, 6 
46096, 6, 6 
4620, 6, 6 
10532, 6, 6 
21205, 6, 6 
3772, 6, 6 
37256, 6, 6 
33929, 6, 6 
38379, 6, 6 
547, 6, 6 
7718, 6, 6 
45851, 6, 6 
1070, 6, 6 
45368, 6, 6 
11277, 6, 6 
28847, 6, 6 
52215, 6, 6 
48907, 6, 6 
17855, 6, 6 
37535, 6, 6 
2850, 6, 6 
56619, 6, 6 
52915, 6, 6 
38260, 6, 6 
40475, 6, 6 
39383, 6, 6 
51438, 6, 6 
51310, 6, 6 
20401, 6, 6 
28326, 6, 6 
39121, 6, 6 
3288, 6, 6 
38045, 6, 6 
38192, 6, 6 
28644, 6, 6 
43061, 6, 6 
7230, 6, 6 
50810, 6, 6 
34918, 6, 6 
41050, 6, 6 
24934, 6, 6 
59324, 6, 6 
21411, 6, 6 
3294, 6, 6 
56545, 6, 6 
7887, 6, 6 
5026, 6, 6 
35146, 6, 6 
9316, 6, 6 
31000, 6, 6 
38416, 6, 6 
27428, 6, 6 
9233, 6, 6 
12155, 6, 6 
24179, 6, 6 
41842, 6, 6 
39466, 6, 6 
52145, 6, 6 
12744, 6, 6 
10813, 6, 6 
11878, 6, 6 
38933, 6, 6 
53993, 6, 6 
16728, 6, 6 
27624, 6, 6 
8074, 6, 6 
51711, 6, 6 
10044, 6, 6 
49718, 6, 6 
13351, 6, 6 
29079, 6, 6 
3726, 6, 6 
27923, 6, 6 
25241, 6, 6 
126, 6, 6 
37351, 6, 6 
54948, 6, 6 
29216, 6, 6 
29682, 6, 6 
19523, 6, 6 
28249, 6, 6 
12959, 6, 6 
41829, 6, 6 
1986, 6, 6 
26511, 6, 6 
18608, 6, 6 
50193, 6, 6 
12068, 6, 6 
34277, 6, 6 
14248, 6, 6 
43795, 6, 6 
17249, 6, 6 
35768, 6, 6 
32833, 6, 6 
41538, 6, 6 
54211, 6, 6 
24905, 6, 6 
31654, 6, 6 
17589, 6, 6 
41423, 6, 6 
7398, 6, 6 
7997, 6, 6 
52877, 6, 6 
36601, 6, 6 
15914, 6, 6 
42723, 6, 6 
12101, 6, 6 
56251, 6, 6 
6201, 6, 6 
57498, 6, 6 
46382, 6, 6 
38491, 6, 6 
44168, 6, 6 
44483, 6, 6 
18034, 6, 6 
4497, 6, 6 
34993, 6, 6 
18154, 6, 6 
7401, 6, 6 
5654, 6, 6 
36446, 6, 6 
38400, 6, 6 
42521, 6, 6 
43161, 6, 6 
55827, 6, 6 
44070, 6, 6 
47772, 6, 6 
36425, 6, 6 
53320, 6, 6 
11253, 6, 6 
26453, 6, 6 
9500, 6, 6 
25771, 6, 6 
57518, 6, 6 
30630, 6, 6 
59257, 6, 6 
29707, 6, 6 
13565, 6, 6 
23774, 6, 6 
42022, 6, 6 
19663, 7, 7 
49120, 7, 7 
54396, 7, 7 
15037, 7, 7 
15545, 7, 7 
29714, 7, 7 
43279, 7, 7 
19183, 7, 7 
32470, 7, 7 
54097, 7, 7 
32515, 7, 7 
32291, 7, 7 
59068, 7, 7 
11821, 7, 7 
27970, 7, 7 
10835, 7, 7 
34647, 7, 7 
55309, 7, 7 
29833, 7, 7 
6375, 7, 7 
4266, 7, 7 
23571, 7, 7 
52735, 7, 7 
45492, 7, 7 
35499, 7, 7 
28641, 7, 7 
24700, 7, 7 
27561, 7, 7 
47852, 7, 7 
3840, 7, 7 
39643, 7, 7 
59388, 7, 7 
14313, 7, 7 
20646, 7, 7 
21083, 7, 7 
18408, 7, 7 
44512, 7, 7 
48678, 7, 7 
13024, 7, 7 
14088, 7, 7 
44516, 7, 7 
10002, 7, 7 
23609, 7, 7 
45570, 7, 7 
52089, 7, 7 
16162, 7, 7 
2095, 7, 7 
44538, 7, 7 
33131, 7, 7 
54472, 7, 7 
24545, 7, 7 
53783, 7, 7 
44734, 7, 7 
24873, 7, 7 
17615, 7, 7 
42621, 7, 7 
42296, 7, 7 
55059, 7, 7 
50963, 7, 7 
38890, 7, 7 
46327, 7, 7 
24131, 7, 7 
54441, 7, 7 
54037, 7, 7 
8353, 7, 7 
34583, 7, 7 
43493, 7, 7 
46565, 7, 7 
57323, 7, 7 
25026, 7, 7 
44323, 7, 7 
39316, 7, 7 
59646, 7, 7 
9681, 7, 7 
48724, 7, 7 
40768, 7, 7 
27265, 7, 7 
38776, 7, 7 
52579, 7, 7 
44185, 7, 7 
45279, 7, 7 
6600, 7, 7 
39616, 7, 7 
59082, 7, 7 
33037, 7, 7 
25904, 7, 7 
43352, 7, 7 
27837, 7, 7 
59056, 7, 7 
52423, 7, 7 
19812, 7, 7 
25877, 7, 7 
53612, 7, 7 
18087, 7, 7 
17140, 7, 7 
2417, 7, 7 
28624, 7, 7 
42892, 7, 7 
20218, 7, 7 
40000, 7, 7 
22530, 7, 7 
11650, 7, 7 
14152, 7, 7 
20549, 7, 7 
54497, 7, 7 
34825, 7, 7 
14824, 7, 7 
20694, 7, 7 
340, 7, 7 
28082, 7, 7 
10841, 7, 7 
51839, 7, 7 
47640, 7, 7 
51203, 7, 7 
58583, 7, 7 
41584, 7, 7 
25444, 7, 7 
52669, 7, 7 
22228, 7, 7 
13515, 7, 7 
1114, 7, 7 
36613, 7, 7 
58733, 7, 7 
52486, 7, 7 
22171, 7, 7 
7906, 7, 7 
57991, 7, 7 
25895, 7, 7 
32893, 7, 7 
11122, 7, 7 
39345, 7, 7 
22342, 7, 7 
40794, 7, 7 
54439, 7, 7 
1730, 7, 7 
6965, 7, 7 
30558, 7, 7 
21437, 7, 7 
55918, 7, 7 
12185, 7, 7 
6550, 7, 7 
44849, 7, 7 
58912, 7, 7 
12067, 7, 7 
29733, 7, 7 
45382, 7, 7 
44311, 7, 7 
12428, 7, 7 
56160, 7, 7 
22005, 7, 7 
58701, 7, 7 
15859, 7, 7 
16710, 7, 7 
34410, 7, 7 
18753, 7, 7 
26441, 7, 7 
42468, 7, 7 
44940, 7, 7 
27577, 7, 7 
15909, 7, 7 
24692, 7, 7 
898, 7, 7 
20273, 7, 7 
45097, 7, 7 
55088, 7, 7 
35555, 7, 7 
48976, 7, 7 
25465, 7, 7 
6932, 7, 7 
32363, 7, 7 
26882, 7, 7 
58972, 7, 7 
32359, 7, 7 
57083, 7, 7 
58292, 7, 7 
26097, 7, 7 
50943, 7, 7 
26232, 7, 7 
50375, 7, 7 
12165, 7, 7 
39088, 7, 7 
16437, 7, 7 
38, 7, 7 
19221, 7, 7 
29801, 7, 7 
12395, 7, 7 
49125, 7, 7 
13479, 7, 7 
39729, 7, 7 
58844, 7, 7 
13933, 7, 7 
20255, 7, 7 
53813, 7, 7 
4519, 7, 7 
33093, 7, 7 
9273, 7, 7 
40344, 7, 7 
28009, 7, 7 
14556, 7, 7 
1338, 7, 7 
54115, 7, 7 
53021, 7, 7 
9854, 7, 7 
30924, 7, 7 
38255, 7, 7 
46095, 7, 7 
40357, 7, 7 
30155, 7, 7 
16248, 7, 7 
51583, 7, 7 
12835, 7, 7 
56909, 7, 7 
27971, 7, 7 
37833, 7, 7 
6623, 7, 7 
35961, 7, 7 
42105, 7, 7 
54623, 7, 7 
36554, 7, 7 
58214, 7, 7 
384, 7, 7 
33431, 7, 7 
1208, 7, 7 
17718, 7, 7 
46078, 7, 7 
8804, 7, 7 
41698, 7, 7 
55413, 7, 7 
15750, 7, 7 
29117, 7, 7 
25862, 7, 7 
56591, 7, 7 
20501, 7, 7 
12454, 7, 7 
34560, 7, 7 
36395, 7, 7 
33524, 7, 7 
14403, 7, 7 
40729, 7, 7 
4984, 7, 7 
10911, 7, 7 
36158, 7, 7 
42780, 7, 7 
27497, 7, 7 
20105, 7, 7 
5300, 7, 7 
48869, 7, 7 
31796, 7, 7 
38374, 7, 1 
39062, 7, 7 
7961, 7, 7 
44840, 7, 7 
1412, 7, 7 
54364, 7, 7 
14073, 7, 7 
29202, 7, 7 
13978, 7, 7 
22018, 7, 7 
14755, 7, 7 
40872, 7, 7 
59306, 7, 7 
27157, 7, 7 
37960, 7, 7 
43470, 7, 7 
30021, 7, 7 
5181, 7, 7 
9494, 7, 7 
36472, 7, 7 
1127, 7, 7 
30917, 7, 7 
33430, 7, 7 
22527, 7, 7 
34055, 7, 7 
7314, 7, 7 
30465, 7, 7 
34472, 7, 7 
46618, 7, 7 
48585, 7, 7 
41532, 7, 7 
19023, 7, 7 
24351, 7, 7 
46190, 7, 7 
22858, 7, 7 
49136, 7, 7 
17481, 7, 7 
38743, 7, 7 
47049, 7, 7 
18597, 7, 7 
15200, 7, 7 
55094, 7, 7 
39477, 7, 7 
56058, 7, 7 
16966, 7, 7 
26026, 7, 7 
8437, 7, 7 
14519, 7, 7 
32215, 7, 7 
505, 7, 7 
5161, 7, 7 
24975, 7, 7 
29326, 7, 7 
56601, 7, 7 
46278, 7, 7 
45456, 7, 7 
25439, 7, 7 
4964, 7, 7 
18289, 7, 7 
30941, 7, 7 
37353, 7, 7 
50972, 7, 7 
25871, 7, 7 
14605, 7, 7 
27906, 7, 7 
35728, 7, 7 
1125, 7, 7 
58480, 7, 7 
59264, 7, 7 
53699, 7, 7 
52110, 7, 7 
20740, 7, 7 
55363, 7, 7 
57949, 7, 7 
12292, 7, 7 
6248, 7, 7 
9888, 7, 7 
53113, 7, 7 
29144, 7, 7 
37146, 7, 7 
41168, 7, 7 
36512, 7, 7 
18183, 7, 7 
21159, 7, 7 
53431, 7, 7 
50627, 7, 7 
52216, 7, 7 
41224, 7, 7 
45143, 7, 7 
18773, 7, 7 
28071, 7, 7 
38437, 7, 7 
51070, 7, 7 
13534, 7, 7 
33234, 7, 7 
18818, 7, 7 
43163, 7, 7 
54274, 7, 7 
1166, 7, 7 
5387, 7, 7 
24742, 7, 7 
25123, 7, 7 
55724, 7, 7 
24040, 7, 7 
1231, 7, 7 
26499, 7, 7 
51384, 7, 7 
58095, 7, 7 
48675, 7, 7 
39651, 7, 7 
44145, 7, 7 
6381, 7, 7 
30998, 7, 7 
28179, 7, 7 
26801, 7, 7 
37203, 7, 7 
17866, 7, 7 
12007, 7, 7 
16557, 7, 7 
29191, 7, 7 
24181, 7, 7 
39190, 7, 7 
41325, 7, 7 
45895, 7, 7 
21603, 7, 7 
4141, 7, 7 
57555, 7, 7 
16999, 7, 7 
43886, 7, 7 
4131, 7, 7 
43052, 7, 7 
263, 7, 7 
3324, 7, 7 
26076, 7, 7 
6358, 7, 7 
12408, 7, 7 
36762, 7, 7 
38220, 7, 7 
40311, 7, 7 
40465, 7, 7 
40590, 7, 7 
38075, 7, 7 
13355, 7, 7 
9992, 7, 7 
54317, 7, 7 
10946, 7, 7 
36818, 7, 7 
11007, 7, 7 
46636, 7, 7 
19893, 7, 7 
16049, 7, 7 
41597, 7, 7 
6579, 7, 7 
8362, 7, 7 
55344, 7, 7 
13566, 7, 7 
52594, 7, 7 
46422, 7, 7 
56439, 7, 7 
55885, 7, 7 
12304, 7, 7 
37508, 7, 7 
942, 7, 7 
8910, 7, 7 
43471, 7, 7 
50269, 7, 7 
53986, 7, 7 
5347, 7, 7 
6510, 7, 7 
3343, 7, 7 
24815, 7, 7 
16871, 7, 7 
28012, 7, 7 
4571, 7, 7 
13149, 7, 7 
32920, 7, 7 
37657, 7, 7 
49444, 7, 7 
24200, 7, 7 
34939, 7, 7 
20155, 7, 7 
37612, 7, 7 
14642, 7, 7 
47568, 7, 7 
10640, 7, 7 
21915, 7, 7 
11642, 7, 7 
33830, 7, 7 
8143, 7, 7 
10297, 7, 7 
59802, 7, 7 
20583, 7, 7 
44803, 7, 7 
28745, 7, 7 
11290, 7, 7 
36385, 7, 7 
39847, 7, 7 
13691, 7, 7 
9740, 7, 7 
49806, 7, 7 
185, 7, 7 
32460, 7, 7 
14997, 7, 7 
41920, 7, 7 
53523, 7, 7 
53097, 7, 7 
10940, 7, 7 
33964, 7, 7 
17113, 7, 7 
36152, 7, 7 
18534, 7, 7 
42062, 7, 7 
45469, 7, 7 
5855, 7, 7 
44927, 7, 7 
45285, 7, 7 
43288, 7, 7 
7730, 7, 7 
9433, 7, 7 
42, 7, 7 
24723, 7, 7 
24155, 7, 7 
55238, 7, 7 
6046, 7, 7 
18681, 7, 7 
50536, 7, 7 
35512, 7, 7 
10296, 7, 7 
5986, 7, 7 
6889, 7, 7 
59124, 7, 7 
37784, 7, 7 
31799, 7, 7 
15106, 7, 7 
9198, 7, 7 
5716, 7, 7 
49755, 7, 7 
36951, 7, 7 
27747, 7, 7 
31523, 7, 7 
9999, 7, 7 
25578, 7, 7 
48979, 7, 7 
38669, 7, 7 
10727, 7, 7 
9270, 7, 7 
101, 7, 7 
37420, 7, 7 
18736, 7, 7 
13746, 7, 7 
59552, 7, 7 
56521, 7, 7 
45293, 8, 8 
21863, 8, 8 
10551, 8, 8 
35733, 8, 8 
51302, 8, 8 
54593, 8, 8 
10222, 8, 9 
23659, 8, 8 
47635, 8, 8 
51670, 8, 8 
33074, 8, 8 
35619, 8, 8 
45842, 8, 8 
45706, 8, 8 
31260, 8, 8 
23899, 8, 8 
53681, 8, 8 
923, 8, 8 
26701, 8, 8 
38588, 8, 8 
4357, 8, 8 
14913, 8, 8 
55293, 8, 8 
23510, 8, 8 
46876, 8, 8 
11704, 8, 8 
47656, 8, 8 
13219, 8, 8 
6187, 8, 8 
6523, 8, 8 
44616, 8, 8 
42147, 8, 8 
44123, 8, 8 
44944, 8, 8 
57484, 8, 8 
55697, 8, 8 
40652, 8, 8 
12026, 8, 8 
6697, 8, 8 
38745, 8, 8 
20560, 8, 8 
2681, 8, 8 
11355, 8, 8 
5248, 8, 8 
19460, 8, 8 
11726, 8, 8 
30510, 8, 8 
41893, 8, 8 
50040, 8, 8 
39585, 8, 8 
11568, 8, 8 
21913, 8, 8 
6498, 8, 8 
19065, 8, 8 
2378, 8, 8 
2781, 8, 8 
45877, 8, 8 
45891, 8, 8 
97, 8, 8 
51163, 8, 8 
50512, 8, 8 
13792, 8, 8 
15988, 8, 8 
1388, 8, 8 
40579, 8, 8 
4308, 8, 8 
13301, 8, 8 
5050, 8, 8 
39149, 8, 8 
48329, 8, 8 
34311, 8, 8 
20753, 8, 8 
15411, 8, 8 
40111, 8, 8 
46528, 8, 8 
50342, 8, 8 
38092, 8, 8 
17804, 8, 8 
51754, 8, 8 
22099, 8, 8 
25647, 8, 8 
59265, 8, 8 
43464, 8, 8 
18967, 8, 8 
21188, 8, 8 
40750, 8, 8 
59936, 8, 8 
18369, 8, 8 
16182, 8, 8 
38870, 8, 8 
18714, 8, 8 
56284, 8, 8 
49579, 8, 8 
29016, 8, 8 
41218, 8, 8 
16223, 8, 8 
36622, 8, 8 
539, 8, 8 
27076, 8, 8 
37857, 8, 8 
31507, 8, 8 
35591, 8, 8 
12580, 8, 8 
1064, 8, 8 
32742, 8, 8 
3727, 8, 8 
45056, 8, 8 
21656, 8, 8 
20089, 8, 8 
43656, 8, 8 
36020, 8, 8 
36582, 8, 8 
19489, 8, 8 
49963, 8, 8 
28182, 8, 8 
49661, 8, 8 
7034, 8, 8 
15096, 8, 8 
39779, 8, 8 
22261, 8, 8 
9591, 8, 8 
1294, 8, 8 
29229, 8, 8 
31191, 8, 8 
31414, 8, 8 
55211, 8, 8 
54821, 8, 8 
8933, 8, 8 
53248, 8, 8 
44775, 8, 8 
29995, 8, 8 
10151, 8, 8 
4040, 8, 8 
52091, 8, 8 
34814, 8, 8 
57898, 8, 8 
20102, 8, 8 
7215, 8, 8 
45595, 8, 8 
8365, 8, 8 
21549, 8, 8 
23674, 8, 8 
15956, 8, 8 
50785, 8, 8 
56068, 8, 8 
5661, 8, 8 
6437, 8, 8 
30116, 8, 8 
3501, 8, 8 
38510, 8, 8 
23193, 8, 8 
4305, 8, 8 
23112, 8, 8 
3040, 8, 8 
12111, 8, 8 
23282, 8, 8 
40792, 8, 8 
28381, 8, 8 
4215, 8, 8 
16955, 8, 8 
6364, 8, 8 
5460, 8, 8 
41132, 8, 8 
47425, 8, 8 
53865, 8, 8 
32147, 8, 8 
26519, 8, 8 
29365, 8, 8 
28480, 8, 8 
50274, 8, 8 
10981, 8, 8 
51164, 8, 8 
56867, 8, 8 
42266, 8, 8 
14766, 8, 8 
13895, 8, 8 
38249, 8, 8 
17721, 8, 8 
49701, 8, 8 
16101, 8, 8 
50180, 8, 8 
37493, 8, 8 
47964, 8, 8 
1214, 8, 8 
24826, 8, 8 
28506, 8, 8 
22813, 8, 8 
50179, 8, 8 
15941, 8, 8 
57562, 8, 8 
27386, 8, 8 
36776, 8, 8 
8694, 8, 8 
37695, 8, 8 
29179, 8, 8 
20758, 8, 8 
45968, 8, 8 
3600, 8, 8 
10837, 8, 8 
55491, 8, 8 
36489, 8, 8 
11890, 8, 8 
6152, 8, 8 
30867, 8, 8 
45110, 8, 8 
30435, 8, 8 
42749, 8, 8 
5917, 8, 8 
45737, 8, 8 
56369, 8, 8 
36386, 8, 8 
12609, 8, 8 
31236, 8, 8 
19792, 8, 8 
57666, 8, 8 
38778, 8, 8 
38858, 8, 8 
5557, 8, 8 
25276, 8, 8 
20743, 8, 8 
6041, 8, 8 
13677, 8, 8 
21282, 8, 8 
58679, 8, 8 
3493, 8, 8 
22604, 8, 8 
3273, 8, 8 
38606, 8, 8 
33771, 8, 8 
15248, 8, 8 
17361, 8, 8 
23078, 8, 8 
46988, 8, 8 
16820, 8, 8 
18012, 8, 8 
19103, 8, 8 
2175, 8, 8 
15897, 8, 8 
20657, 8, 8 
51725, 8, 8 
51899, 8, 8 
19538, 8, 8 
23631, 8, 8 
56502, 8, 8 
16785, 8, 8 
18334, 8, 8 
517, 8, 8 
42873, 8, 8 
49217, 8, 8 
11950, 8, 8 
26786, 8, 8 
15738, 8, 8 
22585, 8, 8 
13960, 8, 8 
4440, 8, 8 
24641, 8, 8 
47163, 8, 8 
17036, 8, 8 
42998, 8, 8 
58195, 8, 8 
37771, 8, 8 
4213, 8, 8 
20880, 8, 8 
29691, 8, 8 
23147, 8, 8 
50996, 8, 8 
15267, 8, 8 
21569, 8, 8 
12043, 8, 8 
59049, 8, 8 
34779, 8, 8 
13476, 8, 8 
57668, 8, 8 
45717, 8, 8 
55, 8, 8 
17121, 8, 8 
32253, 8, 8 
4582, 8, 8 
16964, 8, 8 
25262, 8, 8 
12988, 8, 8 
23669, 8, 8 
8535, 8, 8 
43609, 8, 8 
28892, 8, 8 
33419, 8, 8 
24223, 8, 8 
49715, 8, 8 
24457, 8, 8 
4848, 8, 8 
11613, 8, 8 
11858, 8, 8 
2043, 8, 8 
6891, 8, 8 
6196, 8, 8 
9345, 8, 8 
42661, 8, 8 
18214, 8, 8 
22484, 8, 8 
18195, 8, 8 
54185, 8, 8 
52533, 8, 8 
22568, 8, 8 
34966, 8, 8 
3958, 8, 8 
12027, 8, 8 
58595, 8, 8 
49407, 8, 8 
26664, 8, 8 
55128, 8, 8 
13186, 8, 8 
31479, 8, 8 
21650, 8, 8 
40453, 8, 8 
14873, 8, 8 
20712, 8, 8 
35025, 8, 8 
15772, 8, 8 
37776, 8, 8 
57832, 8, 8 
27348, 8, 8 
33519, 8, 8 
12960, 8, 8 
6583, 8, 8 
55620, 8, 8 
865, 8, 8 
8221, 8, 8 
27508, 8, 8 
12630, 8, 8 
29886, 8, 8 
33539, 8, 8 
55241, 8, 8 
47892, 8, 8 
15408, 8, 8 
13723, 8, 8 
37406, 8, 8 
47051, 8, 8 
52398, 8, 8 
20020, 8, 8 
56093, 8, 8 
33337, 8, 8 
54243, 8, 8 
35339, 8, 8 
55234, 8, 8 
40629, 8, 8 
11425, 8, 8 
4324, 8, 8 
1966, 8, 8 
1853, 8, 8 
56647, 8, 8 
10359, 8, 8 
33664, 8, 8 
16128, 8, 8 
47748, 8, 8 
26136, 8, 8 
32805, 8, 8 
56911, 8, 8 
41154, 8, 8 
34534, 8, 8 
6153, 8, 8 
43004, 8, 8 
44437, 8, 8 
36627, 8, 8 
47038, 8, 8 
4176, 8, 8 
6477, 8, 8 
50552, 8, 8 
23405, 8, 8 
30806, 8, 8 
25043, 8, 8 
12353, 8, 8 
24137, 8, 8 
6873, 8, 8 
52900, 8, 8 
27678, 8, 8 
24654, 8, 8 
30415, 8, 8 
25661, 8, 8 
2394, 8, 8 
44172, 8, 8 
7101, 8, 8 
49766, 8, 8 
22745, 8, 8 
50106, 8, 8 
2482, 8, 8 
43559, 8, 8 
54596, 8, 8 
29535, 8, 8 
30775, 8, 8 
34946, 8, 8 
24558, 8, 8 
46258, 8, 8 
52090, 8, 8 
23865, 8, 8 
39902, 8, 8 
48372, 8, 8 
34669, 8, 8 
54344, 8, 8 
52237, 8, 8 
44507, 8, 8 
26248, 8, 8 
50327, 8, 8 
39991, 8, 8 
17407, 8, 8 
10319, 8, 8 
44719, 8, 8 
33270, 8, 8 
37431, 8, 8 
44173, 8, 8 
30467, 8, 8 
7638, 8, 8 
36096, 8, 8 
20774, 8, 8 
50821, 8, 8 
9982, 8, 8 
14830, 8, 8 
28915, 8, 8 
51611, 8, 8 
55192, 8, 8 
52913, 8, 8 
27892, 8, 8 
31087, 8, 8 
26611, 8, 8 
19864, 8, 8 
50535, 8, 8 
1534, 8, 8 
41992, 8, 8 
28306, 8, 8 
57869, 8, 8 
43538, 8, 8 
25766, 8, 8 
22976, 8, 8 
23967, 8, 8 
39450, 8, 8 
48028, 8, 8 
17948, 8, 8 
30743, 8, 8 
16465, 8, 8 
3027, 8, 8 
56313, 8, 8 
54590, 8, 8 
37774, 8, 8 
34577, 8, 8 
47111, 8, 8 
1419, 8, 8 
48555, 8, 8 
17658, 8, 8 
24234, 8, 8 
36576, 8, 8 
27185, 8, 8 
47512, 8, 8 
34820, 8, 8 
3114, 8, 8 
17614, 8, 8 
7799, 8, 8 
47387, 8, 8 
30919, 8, 8 
15979, 8, 8 
14457, 8, 8 
11753, 8, 8 
51715, 8, 8 
445, 8, 8 
4448, 8, 8 
32456, 8, 8 
47851, 8, 8 
10001, 8, 8 
50607, 8, 8 
11469, 8, 8 
40306, 8, 8 
57616, 8, 8 
51576, 8, 8 
16965, 8, 8 
48309, 8, 8 
43194, 8, 8 
32468, 8, 8 
39647, 8, 8 
54336, 8, 8 
35365, 8, 8 
35295, 8, 8 
42347, 8, 8 
12974, 8, 8 
2124, 8, 8 
44997, 8, 8 
1439, 8, 8 
37267, 8, 8 
10482, 8, 8 
3883, 8, 8 
44458, 8, 8 
50790, 8, 8 
42635, 8, 8 
33018, 8, 8 
42941, 8, 8 
41327, 8, 8 
15102, 8, 8 
925, 8, 8 
41180, 8, 8 
19365, 8, 8 
6792, 8, 8 
44833, 8, 8 
39608, 8, 8 
58263, 9, 9 
47148, 9, 9 
21981, 9, 9 
55957, 9, 9 
28753, 9, 9 
51253, 9, 9 
23998, 9, 9 
6734, 9, 9 
16330, 9, 9 
26223, 9, 9 
24566, 9, 9 
44001, 9, 9 
33236, 9, 9 
45487, 9, 9 
12669, 9, 9 
5901, 9, 9 
57072, 9, 9 
30003, 9, 9 
631, 9, 9 
29168, 9, 9 
3232, 9, 9 
41665, 9, 9 
55691, 9, 9 
2821, 9, 9 
5492, 9, 9 
56622, 9, 9 
27107, 9, 9 
34280, 9, 9 
8630, 9, 9 
57309, 9, 9 
58129, 9, 9 
34592, 9, 9 
58596, 9, 9 
13904, 9, 9 
4368, 9, 9 
36847, 9, 9 
621, 9, 9 
22447, 9, 9 
49204, 9, 9 
53393, 9, 9 
37242, 9, 9 
27237, 9, 9 
389, 9, 9 
12294, 9, 9 
34668, 9, 9 
313, 9, 9 
54962, 9, 9 
22925, 9, 9 
48381, 9, 9 
49690, 9, 9 
56303, 9, 9 
36920, 9, 9 
48940, 9, 9 
55007, 9, 9 
11633, 9, 9 
51430, 9, 9 
29565, 9, 9 
14142, 9, 9 
7468, 9, 9 
2312, 9, 9 
16568, 9, 9 
19707, 9, 9 
23738, 9, 9 
53265, 9, 9 
17019, 9, 9 
11499, 9, 9 
12629, 9, 9 
4606, 9, 9 
43873, 9, 9 
37233, 9, 9 
9051, 9, 9 
29113, 9, 9 
49447, 9, 9 
17792, 9, 9 
43565, 9, 9 
41792, 9, 9 
51020, 9, 9 
55595, 9, 9 
57206, 9, 9 
38003, 9, 9 
27876, 9, 9 
46123, 9, 9 
21646, 9, 9 
5224, 9, 9 
35593, 9, 9 
28319, 9, 9 
31919, 9, 9 
25372, 9, 9 
23863, 9, 9 
59111, 9, 9 
45227, 9, 9 
43521, 9, 9 
35160, 9, 9 
16388, 9, 9 
20636, 9, 9 
19629, 9, 9 
19616, 9, 9 
2797, 9, 9 
45178, 9, 9 
1695, 9, 9 
9532, 9, 9 
23539, 9, 9 
16877, 9, 9 
23617, 9, 9 
17921, 9, 9 
29001, 9, 9 
19586, 9, 9 
3164, 9, 9 
36261, 9, 9 
13028, 9, 9 
3146, 9, 9 
58127, 9, 9 
21509, 9, 9 
49904, 9, 9 
7873, 9, 9 
40755, 9, 9 
27521, 9, 9 
10445, 9, 9 
37357, 9, 9 
6588, 9, 9 
6345, 9, 9 
11388, 9, 9 
1855, 9, 9 
15593, 9, 9 
35755, 9, 9 
8585, 9, 9 
687, 9, 9 
48157, 9, 9 
13949, 9, 9 
7069, 9, 9 
46907, 9, 9 
42017, 9, 9 
1112, 9, 9 
25532, 9, 9 
21787, 9, 9 
16149, 9, 9 
36148, 9, 9 
33682, 9, 9 
32959, 9, 9 
29672, 9, 9 
36607, 9, 9 
10706, 9, 9 
17195, 9, 9 
48894, 9, 9 
36122, 9, 9 
16815, 9, 9 
43248, 9, 5 
18146, 9, 9 
46318, 9, 9 
36587, 9, 9 
1882, 9, 9 
12160, 9, 9 
47865, 9, 9 
33899, 9, 9 
31364, 9, 9 
30500, 9, 9 
17427, 9, 9 
1984, 9, 9 
42035, 9, 9 
5386, 9, 9 
31480, 9, 9 
4973, 9, 9 
20050, 9, 9 
54843, 9, 9 
36392, 9, 9 
7087, 9, 9 
9407, 9, 9 
56944, 9, 9 
16816, 9, 9 
16480, 9, 9 
9390, 9, 9 
18777, 9, 9 
17674, 9, 9 
39111, 9, 9 
2640, 9, 9 
17707, 9, 9 
40292, 9, 9 
9481, 9, 9 
5341, 9, 9 
14058, 9, 9 
45183, 9, 9 
46373, 9, 9 
48225, 9, 9 
37586, 9, 9 
44026, 9, 9 
52555, 9, 9 
43324, 9, 9 
55850, 9, 9 
31072, 9, 9 
22127, 9, 9 
33291, 9, 9 
6542, 9, 9 
22804, 9, 9 
46778, 9, 9 
21669, 9, 9 
12074, 9, 9 
26179, 9, 9 
20864, 9, 9 
13768, 9, 9 
29868, 9, 9 
23574, 9, 9 
44177, 9, 9 
21757, 9, 9 
13499, 9, 9 
32732, 9, 9 
24643, 9, 9 
34954, 9, 9 
32821, 9, 9 
23976, 9, 9 
31840, 9, 9 
28547, 9, 9 
21510, 9, 9 
46866, 9, 9 
18228, 9, 9 
30778, 9, 9 
40440, 9, 9 
40026, 9, 9 
54666, 9, 9 
7148, 9, 9 
383, 9, 9 
20495, 9, 9 
47456, 9, 9 
22692, 9, 9 
57699, 9, 9 
6067, 9, 9 
17323, 9, 9 
11276, 9, 9 
7312, 9, 9 
15844, 9, 9 
23950, 9, 9 
45123, 9, 9 
46800, 9, 9 
37321, 9, 9 
58761, 9, 9 
54766, 9, 9 
5523, 9, 9 
56021, 9, 9 
22902, 9, 9 
19387, 9, 9 
54311, 9, 9 
14042, 9, 9 
17226, 9, 9 
49492, 9, 9 
48589, 9, 9 
50467, 9, 9 
53616, 9, 9 
51095, 9, 9 
25371, 9, 9 
37318, 9, 9 
15079, 9, 9 
18415, 9, 9 
39030, 9, 9 
53211, 9, 9 
56443, 9, 9 
49984, 9, 9 
4824, 9, 9 
33822, 9, 9 
48457, 9, 9 
50309, 9, 9 
41833, 9, 9 
4056, 9, 9 
59131, 9, 9 
46064, 9, 9 
49714, 9, 9 
6479, 9, 9 
52577, 9, 9 
50787, 9, 9 
45244, 9, 9 
11775, 9, 9 
40297, 9, 9 
11593, 9, 9 
54138, 9, 9 
10109, 9, 9 
18437, 9, 9 
35556, 9, 9 
29778, 9, 9 
38467, 9, 9 
344, 9, 9 
8316, 9, 9 
56317, 9, 9 
59749, 9, 9 
19295, 9, 9 
28368, 9, 5 
32121, 9, 9 
38426, 9, 9 
44995, 9, 9 
6234, 9, 9 
22503, 9, 9 
50767, 9, 9 
53349, 9, 9 
13269, 9, 9 
30899, 9, 9 
46243, 9, 9 
18500, 9, 9 
30505, 9, 9 
56051, 9, 9 
30838, 9, 9 
37077, 9, 9 
49213, 9, 9 
49619, 9, 9 
18731, 9, 9 
38562, 9, 9 
36808, 9, 9 
47264, 9, 7 
48224, 9, 9 
14816, 9, 9 
58294, 9, 9 
11373, 9, 9 
33336, 9, 9 
33764, 9, 9 
40028, 9, 9 
15131, 9, 9 
39148, 9, 9 
55711, 9, 9 
24538, 9, 9 
11536, 9, 9 
1103, 9, 9 
53059, 9, 9 
56859, 9, 9 
52845, 9, 9 
40631, 9, 9 
59888, 9, 9 
9229, 9, 9 
10772, 9, 9 
34292, 9, 9 
53847, 9, 9 
24071, 9, 9 
8321, 9, 9 
16808, 9, 9 
755, 9, 9 
34377, 9, 9 
33358, 9, 9 
29031, 9, 9 
15601, 9, 9 
11668, 9, 9 
45084, 9, 9 
33981, 9, 9 
34031, 9, 9 
51783, 9, 9 
48057, 9, 9 
48524, 9, 9 
42993, 9, 9 
25664, 9, 9 
11366, 9, 7 
50204, 9, 9 
57236, 9, 9 
14057, 9, 9 
51442, 9, 9 
1960, 9, 9 
626, 9, 9 
47755, 9, 9 
27581, 9, 9 
3483, 9, 9 
2465, 9, 9 
55120, 9, 9 
14762, 9, 9 
41199, 9, 5 
49030, 9, 9 
14249, 9, 9 
8899, 9, 9 
7256, 9, 9 
20571, 9, 9 
116, 9, 9 
29935, 9, 9 
4968, 9, 9 
35892, 9, 9 
18401, 9, 9 
37025, 9, 9 
9729, 9, 9 
25706, 9, 9 
52538, 9, 9 
19140, 9, 9 
59109, 9, 9 
8837, 9, 9 
788, 9, 8 
53703, 9, 9 
5979, 9, 9 
16053, 9, 9 
56774, 9, 9 
57274, 9, 9 
38887, 9, 9 
49489, 9, 9 
33380, 9, 9 
30583, 9, 9 
6918, 9, 9 
3662, 9, 7 
37779, 9, 9 
12257, 9, 9 
43863, 9, 9 
8702, 9, 9 
59079, 9, 9 
45739, 9, 9 
17785, 9, 9 
51093, 9, 9 
24413, 9, 9 
1740, 9, 9 
3784, 9, 9 
30646, 9, 9 
20861, 9, 9 
16090, 9, 9 
15212, 9, 9 
3398, 9, 9 
56948, 9, 9 
46828, 9, 9 
4362, 9, 9 
40439, 9, 9 
49871, 9, 9 
50209, 9, 9 
47323, 9, 9 
18027, 9, 9 
56178, 9, 9 
4098, 9, 9 
10717, 9, 9 
40300, 9, 9 
52117, 9, 9 
22050, 9, 9 
49764, 9, 9 
40799, 9, 9 
1903, 9, 9 
12767, 9, 9 
12417, 9, 9 
4668, 9, 9 
13072, 9, 9 
13805, 9, 9 
31107, 9, 9 
8736, 9, 9 
18598, 9, 9 
59455, 9, 9 
59314, 9, 9 
5746, 9, 9 
12006, 9, 9 
23262, 9, 9 
30735, 9, 9 
52556, 9, 9 
12389, 9, 9 
38917, 9, 9 
56442, 9, 9 
19320, 9, 9 
26837, 9, 9 
58804, 9, 9 
57895, 9, 9 
17119, 9, 9 
22041, 9, 9 
744, 9, 9 
1949, 9, 9 
30237, 9, 9 
20698, 9, 9 
35387, 9, 9 
33791, 9, 9 
21495, 9, 9 
41116, 9, 9 
46087, 9, 9 
35836, 9, 9 
57246, 9, 9 
44878, 9, 9 
52009, 9, 9 
15268, 9, 9 
26902, 9, 9 
9275, 9, 9 
46987, 9, 9 
3121, 9, 9 
43888, 9, 9 
27128, 9, 9 
19778, 9, 9 
41501, 9, 9 
48836, 9, 9 
8287, 9, 9 
33599, 9, 9 
58792, 9, 9 
34920, 9, 7 
529, 9, 9 
19395, 9, 9 
32618, 9, 9 
31417, 9, 9 
33597, 9, 9 
59514, 9, 9 
44429, 9, 9 
17666, 9, 9 
21277, 9, 9 
15354, 9, 9 
24775, 9, 9 
45671, 9, 9 
24092, 9, 9 
3796, 9, 9 
13717, 9, 9 
46474, 9, 9 
25367, 9, 9 
30698, 9, 9 
11368, 9, 9 
14332, 9, 9 
9167, 9, 9 
42438, 9, 3 
48265, 9, 9 
31834, 9, 9 
59835, 9, 9 
5362, 9, 9 
50226, 9, 9 
32360, 9, 9 
21639, 9, 9 
19178, 9, 9 
