id, true label, predicted label 
22306, 0, 0 
2436, 0, 0 
48780, 0, 0 
53077, 0, 0 
41999, 0, 0 
6316, 0, 0 
44979, 0, 0 
5266, 0, 0 
37686, 0, 0 
32273, 0, 0 
10276, 0, 0 
42053, 0, 0 
3443, 0, 0 
32843, 0, 0 
43497, 0, 0 
36304, 0, 0 
18878, 0, 0 
52114, 0, 0 
55837, 0, 0 
50061, 0, 0 
47976, 0, 0 
23557, 0, 0 
55986, 0, 0 
44199, 0, 0 
55651, 0, 0 
38228, 0, 0 
32036, 0, 0 
40582, 0, 0 
16888, 0, 0 
7691, 0, 0 
31199, 0, 0 
7816, 0, 0 
10505, 0, 0 
15330, 0, 0 
32131, 0, 0 
58206, 0, 0 
43205, 0, 0 
8681, 0, 0 
59929, 0, 0 
18893, 0, 0 
37303, 0, 0 
19133, 0, 0 
21066, 0, 3 
6607, 0, 0 
30871, 0, 0 
52320, 0, 0 
51059, 0, 0 
31180, 0, 0 
13779, 0, 0 
3715, 0, 0 
26323, 0, 0 
44551, 0, 0 
43981, 0, 0 
36251, 0, 0 
53917, 0, 0 
51148, 0, 0 
6723, 0, 0 
58500, 0, 0 
56709, 0, 0 
40441, 0, 0 
53085, 0, 0 
8754, 0, 0 
53297, 0, 0 
9971, 0, 0 
45975, 0, 0 
25065, 0, 0 
21620, 0, 0 
41052, 0, 0 
42074, 0, 0 
25166, 0, 0 
45830, 0, 0 
30929, 0, 0 
57176, 0, 0 
10022, 0, 0 
34025, 0, 0 
3693, 0, 0 
22583, 0, 0 
9744, 0, 0 
22710, 0, 0 
31350, 0, 0 
45115, 0, 0 
8969, 0, 0 
27547, 0, 0 
44599, 0, 0 
44614, 0, 0 
6337, 0, 0 
53030, 0, 0 
40199, 0, 0 
4044, 0, 0 
453, 0, 0 
18889, 0, 0 
39446, 0, 0 
56941, 0, 0 
20762, 0, 0 
43847, 0, 0 
29421, 0, 0 
23154, 0, 0 
24480, 0, 0 
25978, 0, 0 
10221, 0, 0 
47690, 0, 0 
30207, 0, 0 
49374, 0, 0 
17304, 0, 0 
5053, 0, 0 
23297, 0, 0 
50257, 0, 0 
9478, 0, 0 
41401, 0, 0 
23926, 0, 0 
57091, 0, 0 
41880, 0, 0 
45417, 0, 0 
33367, 0, 0 
7753, 0, 0 
7143, 0, 0 
7485, 0, 0 
51490, 0, 0 
22294, 0, 0 
51499, 0, 0 
22749, 0, 0 
55745, 0, 0 
524, 0, 0 
9204, 0, 0 
18743, 0, 0 
44619, 0, 0 
39817, 0, 0 
41989, 0, 0 
19930, 0, 0 
11045, 0, 0 
33392, 0, 0 
31314, 0, 0 
14158, 0, 0 
46438, 0, 0 
55727, 0, 0 
55348, 0, 0 
4556, 0, 0 
7409, 0, 0 
58916, 0, 0 
37224, 0, 0 
27633, 0, 0 
8294, 0, 0 
28358, 0, 0 
7687, 0, 0 
31769, 0, 0 
17381, 0, 0 
41646, 0, 0 
10579, 0, 0 
18563, 0, 0 
11428, 0, 0 
11654, 0, 0 
20591, 0, 0 
46826, 0, 0 
20979, 0, 0 
55366, 0, 0 
25024, 0, 0 
54808, 0, 0 
55484, 0, 0 
21800, 0, 0 
9215, 0, 0 
9032, 0, 0 
57543, 0, 0 
17838, 0, 0 
40099, 0, 0 
9703, 0, 0 
5196, 0, 0 
34358, 0, 0 
52047, 0, 0 
18178, 0, 0 
24075, 0, 0 
37497, 0, 0 
9441, 0, 0 
54104, 0, 0 
8687, 0, 0 
47167, 0, 0 
39220, 0, 0 
48638, 0, 0 
41614, 0, 0 
6065, 0, 0 
16520, 0, 0 
7597, 0, 0 
43445, 0, 0 
52596, 0, 0 
10372, 0, 0 
5202, 0, 0 
8050, 0, 0 
35409, 0, 0 
5883, 0, 0 
23980, 0, 0 
53678, 0, 0 
31082, 0, 0 
56968, 0, 0 
59795, 0, 0 
52831, 0, 0 
34985, 0, 0 
5886, 0, 0 
8147, 0, 0 
37511, 0, 0 
36393, 0, 0 
48419, 0, 0 
29609, 1, 1 
507, 1, 1 
43746, 1, 1 
30848, 1, 1 
31250, 1, 1 
12591, 1, 1 
31279, 1, 1 
1680, 1, 1 
35514, 1, 1 
7524, 1, 1 
53176, 1, 1 
2932, 1, 1 
15633, 1, 1 
45999, 1, 1 
34612, 1, 1 
58763, 1, 1 
56575, 1, 1 
38664, 1, 1 
45105, 1, 1 
15710, 1, 1 
15438, 1, 1 
7761, 1, 1 
41073, 1, 1 
104, 1, 1 
17618, 1, 1 
45140, 1, 1 
52575, 1, 1 
1483, 1, 1 
51397, 1, 1 
46385, 1, 1 
23585, 1, 1 
40944, 1, 1 
25524, 1, 1 
1472, 1, 1 
30364, 1, 1 
35001, 1, 1 
45994, 1, 1 
7671, 1, 1 
54631, 1, 1 
25764, 1, 1 
43017, 1, 1 
31729, 1, 1 
13604, 1, 1 
8382, 1, 1 
16930, 1, 1 
33965, 1, 1 
12734, 1, 1 
38499, 1, 1 
23012, 1, 1 
36943, 1, 1 
55846, 1, 1 
9525, 1, 1 
54329, 1, 1 
35669, 1, 1 
45471, 1, 1 
34852, 1, 1 
29499, 1, 1 
41669, 1, 1 
36373, 1, 1 
19731, 1, 1 
16759, 1, 1 
45926, 1, 1 
31950, 1, 1 
17413, 1, 1 
14615, 1, 1 
29961, 1, 1 
11760, 1, 1 
58876, 1, 1 
40999, 1, 1 
18545, 1, 1 
2410, 1, 1 
47993, 1, 1 
11809, 1, 1 
12209, 1, 1 
37978, 1, 1 
3080, 1, 1 
41640, 1, 1 
17704, 1, 1 
270, 1, 1 
38918, 1, 1 
15959, 1, 1 
46437, 1, 1 
9013, 1, 1 
12145, 1, 1 
36536, 1, 1 
30305, 1, 1 
11975, 1, 1 
57714, 1, 1 
12154, 1, 1 
50582, 1, 1 
358, 1, 1 
17351, 1, 1 
38305, 1, 1 
34992, 1, 1 
2938, 1, 1 
290, 1, 1 
23889, 1, 1 
7317, 1, 1 
4128, 1, 1 
12805, 1, 1 
43784, 1, 1 
31081, 1, 1 
11200, 1, 1 
57339, 1, 1 
13379, 1, 1 
3898, 1, 1 
28235, 1, 1 
53707, 1, 1 
42071, 1, 1 
466, 1, 1 
6458, 1, 1 
54210, 1, 1 
53168, 1, 1 
7898, 1, 1 
49521, 1, 1 
2767, 1, 1 
26317, 1, 1 
18497, 1, 1 
47158, 1, 1 
57437, 1, 1 
57381, 1, 1 
25112, 1, 1 
26939, 1, 1 
13273, 1, 1 
28583, 1, 1 
46275, 1, 1 
6745, 1, 1 
33332, 1, 1 
52492, 1, 1 
52916, 1, 1 
28964, 1, 1 
59, 1, 1 
11292, 1, 1 
29840, 1, 1 
1405, 1, 1 
32559, 1, 1 
59149, 1, 1 
41862, 1, 1 
6380, 1, 1 
43872, 1, 1 
53135, 1, 1 
16665, 1, 1 
32562, 1, 1 
4577, 1, 1 
10007, 1, 1 
25451, 1, 1 
5655, 1, 1 
27011, 1, 1 
19096, 1, 1 
6736, 1, 1 
31296, 1, 1 
25235, 1, 1 
18188, 1, 1 
29133, 1, 1 
891, 1, 1 
50447, 1, 1 
36469, 1, 1 
32378, 1, 1 
44366, 1, 1 
52619, 1, 1 
27681, 1, 1 
58685, 1, 1 
40045, 1, 1 
15548, 1, 1 
1211, 1, 1 
57436, 1, 1 
7693, 1, 1 
52418, 1, 1 
32863, 1, 1 
26914, 1, 1 
2988, 1, 1 
38056, 1, 1 
39699, 1, 1 
15353, 1, 1 
44561, 1, 1 
10458, 1, 1 
27091, 1, 1 
47758, 1, 1 
26487, 1, 1 
27142, 1, 1 
17856, 1, 1 
4504, 1, 1 
24628, 1, 1 
6989, 1, 1 
16686, 1, 1 
59692, 1, 1 
16348, 1, 1 
10448, 1, 1 
6365, 1, 1 
35819, 1, 1 
18963, 1, 1 
7496, 1, 1 
57197, 1, 1 
49087, 1, 1 
7424, 1, 1 
37330, 1, 1 
52056, 1, 1 
13785, 1, 1 
28334, 1, 1 
33224, 1, 5 
33863, 2, 2 
19569, 2, 2 
36167, 2, 2 
26741, 2, 2 
44021, 2, 2 
29408, 2, 2 
51986, 2, 2 
43769, 2, 2 
5345, 2, 2 
36868, 2, 2 
46224, 2, 2 
31024, 2, 2 
57605, 2, 2 
10106, 2, 2 
56222, 2, 2 
16544, 2, 2 
37403, 2, 2 
10805, 2, 2 
27413, 2, 2 
53742, 2, 2 
9841, 2, 2 
21441, 2, 2 
32973, 2, 2 
5095, 2, 2 
33695, 2, 2 
56558, 2, 2 
20497, 2, 2 
32751, 2, 2 
30054, 2, 2 
37995, 2, 2 
27571, 2, 2 
21804, 2, 2 
56719, 2, 2 
9266, 2, 2 
28156, 2, 2 
53269, 2, 2 
20993, 2, 2 
5227, 2, 2 
31603, 2, 2 
6637, 2, 2 
27393, 2, 2 
41112, 2, 2 
45136, 2, 2 
4457, 2, 2 
2664, 2, 2 
21229, 2, 2 
2078, 2, 2 
33297, 2, 2 
10321, 2, 2 
40653, 2, 2 
17263, 2, 2 
36998, 2, 2 
58502, 2, 2 
41766, 2, 2 
24602, 2, 2 
1249, 2, 2 
56498, 2, 2 
51869, 2, 2 
49515, 2, 2 
54893, 2, 2 
57113, 2, 2 
6815, 2, 2 
30336, 2, 2 
43124, 2, 2 
59290, 2, 2 
26690, 2, 2 
16697, 2, 2 
54513, 2, 2 
15650, 2, 2 
30972, 2, 2 
49916, 2, 2 
34202, 2, 2 
8921, 2, 2 
29167, 2, 2 
48147, 2, 2 
9862, 2, 2 
26265, 2, 2 
45648, 2, 2 
59575, 2, 2 
1550, 2, 2 
8374, 2, 2 
29425, 2, 2 
46266, 2, 2 
57284, 2, 2 
29619, 2, 2 
14510, 2, 2 
11774, 2, 2 
21982, 2, 2 
37347, 2, 2 
18135, 2, 2 
38080, 2, 2 
29247, 2, 2 
47132, 2, 2 
34287, 2, 2 
45484, 2, 2 
37243, 2, 2 
33185, 2, 2 
43254, 2, 2 
51726, 2, 2 
49363, 2, 2 
53963, 2, 2 
16857, 2, 2 
25139, 2, 2 
58287, 2, 2 
25609, 2, 2 
5166, 2, 2 
51567, 2, 2 
53491, 2, 2 
51448, 2, 2 
22407, 2, 2 
40053, 2, 2 
38826, 2, 2 
50478, 2, 2 
4442, 2, 2 
48899, 2, 0 
51849, 2, 2 
15751, 2, 2 
8229, 2, 2 
55723, 2, 2 
4437, 2, 2 
44978, 2, 2 
10583, 2, 2 
25294, 2, 2 
49781, 2, 2 
50716, 2, 2 
28389, 2, 2 
58388, 2, 2 
2693, 2, 2 
30705, 2, 2 
51356, 2, 2 
50508, 2, 2 
58783, 2, 2 
7428, 2, 2 
21493, 2, 2 
35111, 2, 2 
55816, 2, 2 
40614, 2, 2 
18413, 2, 2 
47956, 2, 2 
33930, 2, 2 
31503, 2, 2 
19296, 2, 2 
4722, 2, 2 
50028, 2, 2 
46286, 2, 2 
7139, 2, 2 
9772, 2, 2 
1679, 2, 2 
43211, 2, 2 
17892, 2, 2 
3362, 2, 2 
27470, 2, 2 
54408, 2, 2 
28293, 2, 2 
32872, 2, 2 
24794, 2, 2 
3930, 2, 2 
9092, 2, 2 
57185, 2, 2 
40203, 2, 2 
8460, 2, 2 
10228, 2, 2 
39392, 2, 2 
5841, 2, 2 
5400, 2, 2 
22635, 2, 2 
15055, 2, 2 
23038, 2, 2 
37418, 2, 2 
6937, 2, 2 
31546, 2, 2 
1755, 2, 2 
37435, 2, 2 
35992, 2, 2 
57104, 2, 2 
50736, 2, 2 
58581, 2, 2 
20078, 2, 2 
59410, 2, 2 
49757, 2, 2 
38790, 2, 2 
9912, 2, 2 
7170, 2, 2 
54545, 2, 2 
14040, 2, 2 
32918, 2, 2 
9672, 2, 2 
4183, 2, 2 
55657, 2, 2 
36685, 2, 2 
27503, 2, 2 
29906, 2, 2 
38952, 2, 2 
45906, 2, 2 
12426, 2, 2 
23776, 2, 2 
31933, 2, 2 
21436, 2, 2 
56065, 2, 2 
49189, 2, 2 
11788, 3, 3 
992, 3, 3 
58227, 3, 3 
54977, 3, 3 
9696, 3, 3 
15097, 3, 3 
5080, 3, 3 
4957, 3, 3 
8055, 3, 3 
49648, 3, 3 
51462, 3, 3 
12544, 3, 3 
15233, 3, 3 
40256, 3, 3 
27784, 3, 3 
50262, 3, 3 
10389, 3, 3 
9797, 3, 3 
57373, 3, 3 
40305, 3, 3 
30057, 3, 3 
55998, 3, 3 
39181, 3, 3 
52563, 3, 3 
39215, 3, 3 
42526, 3, 3 
13675, 3, 3 
46937, 3, 3 
495, 3, 3 
1077, 3, 3 
29353, 3, 3 
52432, 3, 3 
13576, 3, 3 
11011, 3, 3 
21149, 3, 3 
30, 3, 3 
17139, 3, 3 
46062, 3, 3 
37855, 3, 3 
20800, 3, 3 
19110, 3, 3 
40722, 3, 3 
5328, 3, 3 
16453, 3, 3 
51871, 3, 3 
37912, 3, 3 
47895, 3, 3 
7387, 3, 3 
27553, 3, 3 
36082, 3, 3 
28026, 3, 3 
54829, 3, 3 
15101, 3, 3 
38529, 3, 3 
20926, 3, 3 
1158, 3, 3 
40517, 3, 3 
24868, 3, 3 
4850, 3, 3 
34587, 3, 3 
24787, 3, 3 
28472, 3, 3 
33145, 3, 3 
15774, 3, 3 
55550, 3, 3 
38714, 3, 3 
37478, 3, 3 
3404, 3, 3 
57300, 3, 3 
53923, 3, 3 
228, 3, 3 
49147, 3, 3 
17104, 3, 3 
40020, 3, 3 
25809, 3, 3 
27167, 3, 3 
53158, 3, 3 
11693, 3, 5 
36542, 3, 3 
45164, 3, 3 
32031, 3, 3 
8976, 3, 3 
3462, 3, 3 
14851, 3, 3 
58721, 3, 3 
29823, 3, 3 
42178, 3, 3 
49312, 3, 3 
31960, 3, 3 
44188, 3, 3 
24573, 3, 3 
36295, 3, 3 
643, 3, 3 
32563, 3, 3 
7634, 3, 3 
56228, 3, 3 
59914, 3, 3 
37105, 3, 3 
12783, 3, 3 
20356, 3, 3 
57765, 3, 3 
44134, 3, 3 
53716, 3, 3 
25210, 3, 3 
24132, 3, 3 
6059, 3, 3 
18805, 3, 3 
45774, 3, 3 
22002, 3, 3 
51401, 3, 3 
23581, 3, 3 
58774, 3, 3 
57207, 3, 3 
11921, 3, 3 
44557, 3, 3 
3656, 3, 3 
25398, 3, 3 
7569, 3, 3 
44303, 3, 3 
20285, 3, 3 
58729, 3, 3 
18814, 3, 3 
3178, 3, 3 
6945, 3, 3 
16229, 3, 3 
27795, 3, 3 
51896, 3, 3 
26324, 3, 3 
24373, 3, 3 
33223, 3, 3 
22172, 3, 3 
30256, 3, 3 
50260, 3, 3 
9253, 3, 3 
21795, 3, 3 
51903, 3, 3 
28441, 3, 3 
8606, 3, 3 
43875, 3, 3 
25331, 3, 3 
12338, 3, 3 
9639, 3, 3 
35346, 3, 3 
8773, 3, 3 
57474, 3, 3 
52164, 3, 3 
35530, 3, 3 
15245, 3, 3 
5186, 3, 3 
21812, 3, 3 
28613, 3, 3 
2803, 3, 5 
17435, 3, 3 
57766, 3, 3 
55194, 3, 3 
25431, 3, 3 
39489, 3, 3 
29045, 3, 3 
5323, 3, 3 
5621, 3, 3 
51388, 3, 3 
21018, 3, 3 
59334, 3, 3 
670, 3, 3 
17341, 3, 3 
59092, 3, 3 
19548, 3, 3 
45801, 3, 3 
59100, 3, 3 
30540, 3, 3 
16911, 3, 3 
10042, 3, 3 
55717, 3, 3 
14619, 3, 3 
34293, 3, 3 
16111, 3, 3 
13615, 3, 3 
14786, 3, 3 
53402, 3, 3 
21487, 3, 3 
44416, 3, 3 
14420, 3, 3 
43557, 3, 3 
31735, 3, 3 
33002, 3, 3 
26526, 3, 3 
57004, 3, 3 
5799, 3, 3 
4883, 3, 3 
2871, 3, 3 
13144, 3, 3 
59195, 3, 3 
22474, 3, 3 
56139, 3, 3 
10093, 3, 3 
39327, 3, 7 
35949, 3, 3 
4762, 3, 3 
15077, 3, 3 
33939, 3, 3 
30593, 4, 4 
58390, 4, 4 
14220, 4, 4 
52473, 4, 4 
29321, 4, 4 
35551, 4, 4 
12525, 4, 4 
49753, 4, 4 
30542, 4, 4 
13069, 4, 4 
50980, 4, 4 
39886, 4, 4 
50339, 4, 4 
5969, 4, 4 
29574, 4, 4 
23696, 4, 4 
37645, 4, 4 
47215, 4, 4 
27922, 4, 4 
12731, 4, 4 
26132, 4, 4 
29047, 4, 4 
27914, 4, 4 
2753, 4, 4 
51893, 4, 4 
35166, 4, 4 
59491, 4, 4 
17018, 4, 4 
42711, 4, 4 
49000, 4, 4 
41163, 4, 4 
34035, 4, 4 
1440, 4, 4 
16969, 4, 4 
12460, 4, 4 
16168, 4, 4 
8240, 4, 4 
34709, 4, 4 
44224, 4, 4 
17256, 4, 4 
5636, 4, 4 
41036, 4, 4 
56060, 4, 4 
53260, 4, 4 
29141, 4, 4 
5105, 4, 4 
56400, 4, 4 
2548, 4, 4 
25479, 4, 4 
15027, 4, 4 
5406, 4, 4 
39607, 4, 4 
31549, 4, 4 
41006, 4, 4 
37851, 4, 4 
36518, 4, 4 
8061, 4, 4 
27825, 4, 4 
4796, 4, 4 
17215, 4, 4 
38343, 4, 4 
19380, 4, 4 
58400, 4, 4 
48685, 4, 4 
8534, 4, 4 
30361, 4, 4 
13850, 4, 4 
51125, 4, 4 
36742, 4, 4 
58873, 4, 4 
14703, 4, 4 
43675, 4, 4 
13104, 4, 4 
44275, 4, 4 
36941, 4, 4 
23933, 4, 4 
21263, 4, 4 
36400, 4, 4 
21363, 4, 4 
19875, 4, 4 
47109, 4, 4 
15787, 4, 4 
19522, 4, 4 
36218, 4, 4 
21931, 4, 4 
21973, 4, 4 
9375, 4, 4 
54410, 4, 4 
10809, 4, 4 
29690, 4, 4 
27612, 4, 4 
15359, 4, 4 
39110, 4, 4 
55944, 4, 4 
55883, 4, 4 
55339, 4, 4 
2891, 4, 4 
22331, 4, 4 
41655, 4, 4 
7863, 4, 4 
7502, 4, 4 
35673, 4, 4 
3496, 4, 4 
49979, 4, 4 
8370, 4, 4 
11264, 4, 4 
36630, 4, 4 
26249, 4, 4 
32558, 4, 9 
52682, 4, 4 
48596, 4, 4 
52074, 4, 4 
33889, 4, 4 
1633, 4, 4 
46305, 4, 4 
18455, 4, 4 
4264, 4, 4 
11040, 4, 4 
9091, 4, 4 
59465, 4, 4 
38757, 4, 4 
43481, 4, 4 
34571, 4, 4 
36907, 4, 4 
43781, 4, 4 
12194, 4, 4 
57229, 4, 4 
32425, 4, 4 
31051, 4, 4 
36208, 4, 4 
20599, 4, 4 
14349, 4, 4 
55098, 4, 4 
49423, 4, 4 
24590, 4, 4 
38919, 4, 4 
41626, 4, 4 
12224, 4, 4 
7749, 4, 4 
48919, 4, 4 
52499, 4, 4 
24744, 4, 4 
49078, 4, 4 
8875, 4, 4 
47826, 4, 4 
54175, 4, 4 
33711, 4, 4 
52377, 4, 4 
38385, 4, 4 
461, 4, 4 
47691, 4, 4 
51926, 4, 4 
2277, 4, 4 
47431, 4, 4 
58194, 4, 4 
3110, 4, 4 
34424, 4, 4 
55469, 4, 4 
59219, 4, 4 
17493, 4, 4 
56244, 4, 4 
21076, 4, 4 
23641, 4, 4 
26855, 4, 4 
58843, 4, 4 
4240, 4, 4 
44068, 4, 4 
25644, 4, 4 
16037, 4, 4 
40116, 4, 4 
58906, 4, 4 
38428, 4, 4 
18031, 4, 4 
9781, 4, 4 
26128, 4, 4 
18570, 4, 4 
3117, 4, 4 
1744, 4, 4 
35895, 4, 4 
8298, 4, 4 
39324, 4, 4 
6812, 4, 4 
3573, 4, 4 
54745, 4, 4 
37251, 4, 4 
30169, 4, 4 
380, 4, 4 
31317, 4, 4 
12654, 4, 4 
21186, 4, 4 
41528, 4, 4 
39386, 4, 4 
38984, 4, 4 
57184, 4, 4 
19192, 4, 4 
50388, 4, 4 
26897, 4, 4 
2069, 4, 4 
44356, 4, 4 
10690, 4, 4 
30837, 5, 5 
29870, 5, 5 
28057, 5, 5 
46968, 5, 5 
24792, 5, 5 
40253, 5, 5 
36900, 5, 5 
20374, 5, 5 
31302, 5, 5 
55506, 5, 5 
9207, 5, 5 
40869, 5, 5 
53620, 5, 5 
44999, 5, 5 
10543, 5, 5 
31253, 5, 5 
48637, 5, 5 
22679, 5, 5 
3768, 5, 5 
58604, 5, 5 
54142, 5, 5 
34115, 5, 5 
19945, 5, 5 
13732, 5, 5 
407, 5, 5 
2478, 5, 5 
29880, 5, 5 
7964, 5, 5 
43680, 5, 5 
6195, 5, 5 
13078, 5, 5 
2993, 5, 5 
50570, 5, 5 
54045, 5, 5 
37590, 5, 5 
10987, 5, 5 
59701, 5, 4 
25778, 5, 5 
20092, 5, 5 
41387, 5, 5 
47412, 5, 5 
53229, 5, 5 
10370, 5, 5 
33404, 5, 5 
48561, 5, 5 
24004, 5, 5 
27602, 5, 5 
46599, 5, 5 
10811, 5, 5 
24683, 5, 5 
50301, 5, 5 
16767, 5, 5 
35310, 5, 5 
27340, 5, 5 
16219, 5, 5 
9352, 5, 5 
37006, 5, 5 
57768, 5, 5 
21914, 5, 5 
16129, 5, 5 
9859, 5, 5 
19207, 5, 5 
53296, 5, 5 
42827, 5, 5 
13948, 5, 5 
47609, 5, 5 
53947, 5, 5 
31005, 5, 5 
17097, 5, 5 
45616, 5, 5 
1490, 5, 5 
24332, 5, 5 
19089, 5, 5 
28845, 5, 5 
4562, 5, 5 
19585, 5, 5 
53015, 5, 5 
38739, 5, 5 
30896, 5, 5 
10465, 5, 5 
16926, 5, 5 
50320, 5, 5 
39780, 5, 5 
32154, 5, 5 
1222, 5, 5 
50187, 5, 5 
31335, 5, 5 
9170, 5, 5 
11154, 5, 5 
38656, 5, 5 
26466, 5, 5 
27877, 5, 5 
6664, 5, 5 
27296, 5, 5 
15178, 5, 5 
31086, 5, 5 
58537, 5, 5 
19609, 5, 5 
51950, 5, 5 
40930, 5, 5 
29924, 5, 5 
15315, 5, 5 
41867, 5, 5 
36602, 5, 5 
54932, 5, 5 
51364, 5, 5 
26066, 5, 5 
1813, 5, 5 
37992, 5, 5 
39502, 5, 5 
22194, 5, 5 
31900, 5, 5 
28356, 5, 5 
7842, 5, 5 
9581, 5, 5 
46996, 5, 5 
39230, 5, 5 
57987, 5, 5 
6363, 5, 5 
51731, 5, 5 
17583, 5, 5 
49348, 5, 5 
58428, 5, 5 
16832, 5, 5 
34857, 5, 5 
41091, 5, 5 
23651, 5, 5 
30393, 5, 5 
53647, 5, 5 
57942, 5, 5 
15143, 5, 5 
25423, 5, 5 
47475, 5, 5 
6781, 5, 5 
7112, 5, 5 
10185, 5, 5 
38252, 5, 5 
36454, 5, 5 
52043, 5, 5 
49672, 5, 5 
11396, 5, 5 
57345, 5, 5 
54670, 5, 5 
51362, 5, 5 
34400, 5, 5 
56032, 5, 5 
57055, 5, 5 
52474, 5, 5 
20716, 5, 5 
53433, 5, 5 
13619, 5, 5 
32699, 5, 5 
9368, 5, 5 
5757, 5, 5 
20171, 5, 5 
15571, 5, 5 
33700, 5, 5 
57710, 5, 5 
29248, 5, 5 
16533, 5, 5 
5423, 5, 5 
6177, 5, 5 
41926, 5, 5 
23191, 5, 5 
54203, 5, 5 
38624, 5, 5 
16494, 5, 5 
51072, 5, 5 
11656, 5, 5 
6513, 5, 5 
56200, 5, 5 
27263, 5, 5 
55463, 5, 5 
6524, 5, 5 
18934, 5, 5 
46640, 5, 5 
26131, 5, 5 
58391, 5, 5 
53000, 5, 5 
29006, 5, 5 
32585, 5, 5 
13460, 5, 5 
22393, 5, 5 
57165, 5, 5 
35268, 5, 5 
36800, 5, 5 
57837, 5, 5 
43056, 5, 5 
5079, 5, 5 
54091, 5, 5 
40474, 5, 5 
42338, 5, 5 
42321, 5, 5 
7988, 5, 5 
46597, 5, 5 
912, 5, 5 
57818, 5, 5 
58653, 5, 5 
40268, 5, 5 
6077, 5, 5 
11592, 6, 6 
16896, 6, 6 
9497, 6, 6 
43679, 6, 6 
58430, 6, 6 
2365, 6, 6 
22806, 6, 6 
45523, 6, 6 
23626, 6, 6 
4188, 6, 6 
13511, 6, 6 
48145, 6, 6 
54948, 6, 6 
57140, 6, 6 
36014, 6, 6 
36308, 6, 6 
20948, 6, 6 
25599, 6, 6 
49337, 6, 6 
26377, 6, 6 
14072, 6, 6 
9468, 6, 6 
34100, 6, 6 
5750, 6, 6 
39105, 6, 6 
17034, 6, 6 
36504, 6, 6 
38471, 6, 6 
32325, 6, 6 
50811, 6, 6 
55798, 6, 6 
49847, 6, 6 
30252, 6, 6 
47214, 6, 6 
41346, 6, 6 
47343, 6, 6 
45755, 6, 6 
23785, 6, 6 
50781, 6, 6 
15788, 6, 6 
27438, 6, 6 
36294, 6, 6 
45309, 6, 6 
3294, 6, 6 
32569, 6, 6 
38104, 6, 6 
36866, 6, 6 
29331, 6, 6 
23195, 6, 6 
25351, 6, 6 
57253, 6, 6 
53969, 6, 6 
41242, 6, 6 
6930, 6, 6 
21081, 6, 6 
24257, 6, 6 
8940, 6, 0 
16796, 6, 6 
13977, 6, 6 
3449, 6, 6 
45609, 6, 6 
8829, 6, 6 
35861, 6, 6 
9024, 6, 6 
31898, 6, 6 
46229, 6, 6 
59474, 6, 6 
39430, 6, 6 
52858, 6, 6 
40526, 6, 6 
42370, 6, 6 
37310, 6, 6 
56153, 6, 6 
1358, 6, 6 
24581, 6, 6 
5311, 6, 6 
43625, 6, 6 
35146, 6, 6 
24944, 6, 6 
56736, 6, 6 
45910, 6, 6 
42162, 6, 6 
38322, 6, 6 
28947, 6, 6 
40642, 6, 6 
32692, 6, 6 
27402, 6, 6 
16534, 6, 6 
4857, 6, 6 
37195, 6, 6 
30392, 6, 6 
32257, 6, 6 
4635, 6, 6 
15634, 6, 6 
44119, 6, 6 
43673, 6, 6 
26285, 6, 6 
17001, 6, 5 
41782, 6, 6 
50836, 6, 6 
35033, 6, 6 
44444, 6, 6 
22424, 6, 6 
55943, 6, 6 
73, 6, 6 
238, 6, 6 
43620, 6, 6 
49765, 6, 6 
29370, 6, 6 
26065, 6, 6 
41829, 6, 6 
3654, 6, 6 
31343, 6, 6 
24957, 6, 6 
37707, 6, 6 
51711, 6, 6 
32357, 6, 6 
42021, 6, 6 
52513, 6, 6 
14921, 6, 6 
1557, 6, 6 
35753, 6, 6 
29216, 6, 6 
34186, 6, 1 
58578, 6, 6 
11673, 6, 6 
36070, 6, 6 
57860, 6, 6 
26107, 6, 6 
56210, 6, 6 
23593, 6, 6 
28810, 6, 6 
12283, 6, 6 
22600, 6, 6 
35684, 6, 6 
18702, 6, 6 
16538, 6, 6 
53621, 6, 6 
2637, 6, 6 
12258, 6, 6 
43396, 6, 6 
2324, 6, 6 
9619, 6, 6 
13046, 6, 6 
38996, 6, 6 
40484, 6, 6 
15004, 6, 6 
44330, 6, 6 
30638, 6, 6 
323, 6, 6 
5179, 6, 6 
23959, 6, 6 
9765, 6, 6 
2710, 6, 6 
29620, 6, 6 
52754, 6, 6 
25059, 6, 6 
42843, 6, 6 
23346, 6, 6 
19873, 6, 6 
25142, 6, 6 
26114, 6, 6 
18221, 6, 6 
56044, 6, 6 
30687, 6, 6 
47792, 6, 6 
37804, 6, 6 
31521, 6, 6 
4520, 6, 6 
20148, 6, 6 
9389, 6, 6 
25684, 6, 6 
52844, 6, 6 
18302, 6, 6 
39292, 6, 6 
51514, 6, 6 
50635, 6, 6 
14155, 6, 6 
7224, 6, 6 
43908, 6, 6 
2741, 6, 6 
50355, 6, 1 
40304, 6, 6 
22210, 6, 5 
6139, 6, 6 
12489, 6, 6 
22936, 6, 6 
34499, 6, 6 
24201, 6, 6 
25611, 6, 6 
20343, 6, 6 
45965, 6, 6 
25358, 6, 6 
42785, 6, 6 
15957, 6, 6 
18154, 6, 6 
27338, 6, 6 
51031, 6, 6 
37235, 6, 6 
19134, 6, 6 
18773, 7, 7 
30177, 7, 7 
422, 7, 7 
57177, 7, 7 
30465, 7, 7 
37878, 7, 7 
54732, 7, 7 
21217, 7, 7 
34081, 7, 7 
21313, 7, 7 
40243, 7, 7 
56253, 7, 7 
55422, 7, 7 
51819, 7, 7 
44005, 7, 7 
11247, 7, 7 
39605, 7, 7 
5564, 7, 7 
31558, 7, 7 
3769, 7, 7 
25160, 7, 7 
26356, 7, 7 
1392, 7, 7 
29964, 7, 7 
53643, 7, 7 
52926, 7, 7 
57405, 7, 7 
12000, 7, 7 
27292, 7, 7 
56077, 7, 7 
55779, 7, 7 
31824, 7, 7 
14243, 7, 7 
25123, 7, 7 
43491, 7, 7 
56844, 7, 7 
16756, 7, 7 
32247, 7, 7 
18706, 7, 7 
42722, 7, 7 
14403, 7, 7 
31678, 7, 7 
13162, 7, 7 
44219, 7, 7 
58571, 7, 7 
35625, 7, 7 
43179, 7, 7 
18351, 7, 7 
58671, 7, 7 
23815, 7, 7 
4551, 7, 7 
13255, 7, 7 
353, 7, 7 
1655, 7, 7 
21719, 7, 7 
56837, 7, 7 
25877, 7, 7 
14246, 7, 7 
37875, 7, 7 
9588, 7, 7 
19668, 7, 7 
1803, 7, 7 
40070, 7, 7 
26063, 7, 7 
24705, 7, 7 
7697, 7, 7 
38615, 7, 7 
43912, 7, 7 
54372, 7, 7 
28314, 7, 7 
10496, 7, 7 
11274, 7, 7 
12724, 7, 7 
33515, 7, 7 
40784, 7, 7 
46906, 7, 9 
55476, 7, 7 
31571, 7, 7 
54940, 7, 7 
27151, 7, 7 
5161, 7, 7 
36767, 7, 7 
15671, 7, 7 
19270, 7, 7 
15792, 7, 7 
1229, 7, 7 
28775, 7, 7 
25748, 7, 7 
19929, 7, 7 
58185, 7, 7 
55724, 7, 7 
17486, 7, 7 
56482, 7, 7 
24518, 7, 7 
57867, 7, 7 
26668, 7, 7 
33093, 7, 7 
3282, 7, 7 
8827, 7, 7 
7781, 7, 7 
6986, 7, 7 
57958, 7, 7 
750, 7, 7 
31485, 7, 7 
44297, 7, 7 
51879, 7, 7 
32416, 7, 7 
27061, 7, 7 
16478, 7, 7 
5326, 7, 7 
17177, 7, 7 
5784, 7, 7 
8302, 7, 7 
7092, 7, 7 
24141, 7, 7 
24372, 7, 7 
22052, 7, 7 
29297, 7, 7 
21823, 7, 7 
26549, 7, 7 
38810, 7, 7 
4863, 7, 7 
10940, 7, 7 
12348, 7, 7 
30764, 7, 7 
31187, 7, 7 
17143, 7, 7 
18824, 7, 7 
11877, 7, 7 
2903, 7, 7 
25693, 7, 7 
7284, 7, 7 
22870, 7, 7 
39649, 7, 7 
4832, 7, 7 
27956, 7, 7 
13416, 7, 7 
19912, 7, 7 
7754, 7, 7 
48242, 7, 7 
27714, 7, 7 
50126, 7, 7 
23760, 7, 7 
57927, 7, 7 
31137, 7, 7 
58272, 7, 7 
9901, 7, 7 
44818, 7, 7 
58816, 7, 7 
27098, 7, 7 
19580, 7, 7 
14288, 7, 7 
56066, 7, 9 
41362, 7, 7 
21904, 7, 7 
21367, 7, 7 
33307, 7, 7 
45187, 7, 7 
14581, 7, 7 
56518, 7, 7 
41872, 7, 7 
27516, 7, 7 
14590, 7, 7 
19057, 7, 7 
14280, 7, 7 
47859, 7, 7 
18736, 7, 7 
20134, 7, 7 
53431, 7, 7 
11407, 7, 7 
29184, 7, 7 
30462, 7, 7 
14841, 7, 7 
14348, 7, 7 
51181, 7, 7 
10590, 7, 7 
12048, 7, 7 
17424, 7, 7 
13048, 7, 7 
36547, 7, 7 
55021, 7, 7 
45068, 7, 7 
54037, 7, 7 
10243, 7, 7 
56418, 7, 7 
22129, 7, 7 
9888, 7, 7 
11994, 7, 7 
4984, 7, 7 
53725, 7, 7 
30672, 7, 7 
22955, 7, 7 
32849, 7, 7 
3805, 7, 7 
54256, 7, 7 
11421, 7, 7 
45392, 7, 9 
15895, 7, 7 
4472, 7, 7 
2949, 7, 7 
21421, 8, 8 
51891, 8, 8 
48101, 8, 8 
48104, 8, 8 
7586, 8, 8 
46629, 8, 8 
32352, 8, 8 
54394, 8, 8 
28483, 8, 8 
21589, 8, 1 
50442, 8, 8 
26737, 8, 9 
38309, 8, 8 
24404, 8, 8 
16870, 8, 8 
5220, 8, 8 
23243, 8, 8 
26532, 8, 8 
51904, 8, 5 
30581, 8, 8 
51014, 8, 8 
14830, 8, 5 
33979, 8, 8 
42873, 8, 8 
28495, 8, 8 
19948, 8, 8 
8507, 8, 8 
22141, 8, 8 
42365, 8, 8 
19475, 8, 8 
44968, 8, 8 
3438, 8, 8 
8666, 8, 8 
12369, 8, 8 
53996, 8, 8 
21613, 8, 8 
31985, 8, 8 
50514, 8, 3 
49276, 8, 8 
36825, 8, 8 
26813, 8, 8 
51732, 8, 8 
52329, 8, 8 
16897, 8, 8 
52241, 8, 9 
16486, 8, 3 
18884, 8, 8 
51665, 8, 8 
50268, 8, 8 
34212, 8, 8 
26273, 8, 8 
22604, 8, 8 
3482, 8, 8 
44638, 8, 8 
42009, 8, 8 
34328, 8, 8 
38613, 8, 8 
5537, 8, 8 
3163, 8, 8 
8371, 8, 8 
55043, 8, 8 
47093, 8, 8 
4381, 8, 8 
6017, 8, 8 
40715, 8, 8 
15599, 8, 8 
31441, 8, 8 
23428, 8, 8 
25379, 8, 8 
51164, 8, 9 
38596, 8, 8 
44308, 8, 8 
32456, 8, 8 
41304, 8, 8 
7636, 8, 8 
25849, 8, 8 
12235, 8, 8 
2971, 8, 8 
6604, 8, 8 
16417, 8, 8 
20880, 8, 8 
34565, 8, 8 
17291, 8, 8 
57348, 8, 8 
45356, 8, 8 
45849, 8, 8 
144, 8, 8 
39948, 8, 8 
28490, 8, 8 
43322, 8, 8 
38510, 8, 8 
53286, 8, 8 
32285, 8, 8 
8181, 8, 8 
34540, 8, 8 
28595, 8, 8 
34068, 8, 8 
5205, 8, 8 
31599, 8, 8 
58302, 8, 8 
18559, 8, 8 
23398, 8, 8 
51302, 8, 8 
26953, 8, 8 
58046, 8, 8 
52306, 8, 8 
58028, 8, 8 
12493, 8, 8 
29070, 8, 8 
13122, 8, 8 
33447, 8, 8 
7453, 8, 8 
17756, 8, 8 
58305, 8, 8 
37768, 8, 8 
52090, 8, 8 
39322, 8, 8 
5296, 8, 8 
51134, 8, 8 
45798, 8, 8 
40945, 8, 8 
47753, 8, 8 
40364, 8, 8 
13204, 8, 8 
12777, 8, 8 
15248, 8, 8 
25205, 8, 8 
27508, 8, 8 
33719, 8, 8 
58736, 8, 8 
10222, 8, 8 
8951, 8, 8 
33801, 8, 8 
28643, 8, 8 
1790, 8, 8 
54117, 8, 8 
1247, 8, 8 
3866, 8, 8 
8033, 8, 8 
34979, 8, 8 
56866, 8, 5 
51223, 8, 8 
9050, 8, 8 
2842, 8, 8 
10187, 8, 8 
49620, 8, 8 
21231, 8, 8 
35940, 8, 8 
4525, 8, 8 
26289, 8, 8 
32962, 8, 8 
57212, 8, 8 
18335, 8, 8 
10126, 8, 8 
57501, 8, 8 
7763, 8, 8 
28526, 8, 8 
10250, 8, 8 
12534, 8, 8 
58888, 8, 8 
28788, 8, 5 
26078, 8, 8 
50246, 8, 3 
33179, 8, 8 
46478, 8, 8 
22118, 8, 8 
28475, 8, 8 
14893, 8, 8 
20261, 8, 8 
14008, 8, 9 
33323, 8, 8 
42238, 8, 8 
16826, 8, 8 
36627, 8, 8 
1948, 8, 9 
34243, 8, 8 
14872, 8, 8 
39438, 8, 8 
4481, 8, 8 
16135, 8, 8 
10948, 8, 8 
22923, 8, 8 
29722, 8, 8 
25232, 8, 1 
8175, 8, 8 
2672, 8, 8 
9611, 8, 4 
34691, 8, 8 
14396, 8, 8 
53605, 8, 8 
1267, 8, 8 
46118, 8, 8 
36927, 8, 8 
694, 8, 8 
35776, 8, 8 
15267, 8, 8 
42299, 8, 8 
36010, 8, 8 
9567, 8, 8 
29545, 8, 8 
15709, 9, 9 
10613, 9, 9 
16816, 9, 9 
42993, 9, 9 
41199, 9, 9 
37097, 9, 9 
55126, 9, 9 
24454, 9, 9 
59656, 9, 9 
13063, 9, 9 
31094, 9, 9 
43512, 9, 9 
1333, 9, 9 
2712, 9, 9 
12832, 9, 9 
7269, 9, 9 
39657, 9, 9 
10132, 9, 9 
43966, 9, 9 
41948, 9, 9 
11536, 9, 9 
51647, 9, 9 
11276, 9, 9 
40786, 9, 9 
41982, 9, 9 
38248, 9, 9 
52315, 9, 9 
44741, 9, 9 
9503, 9, 9 
4244, 9, 9 
3374, 9, 9 
56303, 9, 9 
59973, 9, 9 
49227, 9, 9 
23042, 9, 9 
5595, 9, 9 
47783, 9, 9 
34404, 9, 8 
27688, 9, 9 
30205, 9, 9 
7194, 9, 9 
38930, 9, 9 
40647, 9, 9 
13435, 9, 9 
12202, 9, 9 
48484, 9, 9 
34013, 9, 9 
14127, 9, 9 
3186, 9, 9 
13752, 9, 9 
50758, 9, 9 
24246, 9, 9 
26314, 9, 9 
31922, 9, 9 
41065, 9, 9 
29847, 9, 9 
51812, 9, 9 
18959, 9, 9 
41833, 9, 9 
38910, 9, 9 
25532, 9, 9 
31653, 9, 9 
50686, 9, 9 
37541, 9, 9 
56157, 9, 9 
13153, 9, 9 
56431, 9, 9 
7742, 9, 9 
34637, 9, 9 
56839, 9, 9 
39889, 9, 9 
11215, 9, 9 
59486, 9, 9 
550, 9, 9 
30753, 9, 9 
53126, 9, 9 
47863, 9, 9 
50908, 9, 9 
17671, 9, 9 
5402, 9, 9 
48980, 9, 9 
47755, 9, 9 
15728, 9, 9 
28984, 9, 9 
23480, 9, 9 
10094, 9, 9 
19030, 9, 9 
1960, 9, 9 
31697, 9, 9 
31309, 9, 9 
8608, 9, 9 
46030, 9, 9 
43223, 9, 9 
18976, 9, 9 
44376, 9, 9 
43765, 9, 9 
10249, 9, 9 
50144, 9, 9 
49262, 9, 9 
59927, 9, 9 
20444, 9, 9 
6514, 9, 9 
45178, 9, 9 
55642, 9, 9 
1740, 9, 9 
40270, 9, 9 
42524, 9, 9 
39425, 9, 9 
49591, 9, 9 
23257, 9, 9 
42882, 9, 9 
29993, 9, 9 
10143, 9, 9 
12431, 9, 9 
57033, 9, 9 
45308, 9, 9 
18747, 9, 9 
10529, 9, 9 
2677, 9, 9 
47703, 9, 9 
3232, 9, 9 
27817, 9, 9 
52843, 9, 9 
54601, 9, 9 
54509, 9, 9 
25664, 9, 9 
13414, 9, 9 
29580, 9, 9 
8468, 9, 4 
35341, 9, 9 
52333, 9, 9 
14696, 9, 9 
48030, 9, 9 
59634, 9, 9 
54334, 9, 9 
36655, 9, 9 
5044, 9, 9 
41270, 9, 9 
10752, 9, 9 
26426, 9, 9 
24401, 9, 9 
34688, 9, 9 
5898, 9, 9 
44361, 9, 9 
5836, 9, 9 
26220, 9, 9 
34665, 9, 9 
2509, 9, 9 
20026, 9, 9 
16681, 9, 9 
51512, 9, 9 
50593, 9, 9 
12674, 9, 9 
29905, 9, 9 
57449, 9, 9 
29856, 9, 9 
4594, 9, 9 
46318, 9, 9 
18458, 9, 9 
56627, 9, 9 
59109, 9, 9 
26361, 9, 9 
19047, 9, 9 
54599, 9, 9 
47355, 9, 9 
29465, 9, 9 
14142, 9, 9 
57423, 9, 9 
4901, 9, 9 
8585, 9, 9 
27370, 9, 9 
46972, 9, 9 
56216, 9, 9 
53703, 9, 9 
39179, 9, 9 
53324, 9, 9 
30814, 9, 9 
31358, 9, 9 
38048, 9, 9 
23224, 9, 9 
52535, 9, 9 
10820, 9, 9 
13996, 9, 9 
1221, 9, 9 
2559, 9, 9 
10780, 9, 4 
44884, 9, 9 
35191, 9, 9 
25063, 9, 9 
42640, 9, 9 
9969, 9, 9 
45828, 9, 9 
7667, 9, 9 
29752, 9, 9 
19120, 9, 9 
22086, 9, 9 
25881, 9, 9 
2465, 9, 9 
44421, 9, 9 
24243, 9, 9 
