id, true label, predicted label 
25629, 0, 0 
15863, 0, 0 
34699, 0, 0 
17535, 0, 0 
56236, 0, 0 
35660, 0, 0 
57451, 0, 0 
52312, 0, 0 
19308, 0, 0 
38686, 0, 0 
31095, 0, 0 
47346, 0, 0 
7855, 0, 0 
19082, 0, 0 
20139, 0, 0 
52599, 0, 0 
57471, 0, 0 
33677, 0, 0 
17106, 0, 0 
41315, 0, 0 
4455, 0, 0 
40611, 0, 0 
52154, 0, 0 
43602, 0, 0 
16987, 0, 0 
53270, 0, 0 
41837, 0, 0 
57176, 0, 0 
51464, 0, 0 
2606, 0, 0 
31127, 0, 0 
29250, 0, 0 
53575, 0, 0 
49229, 0, 0 
29677, 0, 0 
41795, 0, 0 
45417, 0, 0 
46014, 0, 0 
11409, 0, 0 
17003, 0, 0 
56259, 0, 0 
1310, 0, 0 
10542, 0, 0 
36842, 0, 0 
28452, 0, 0 
31937, 0, 0 
38429, 0, 0 
38874, 0, 0 
48421, 0, 0 
14971, 0, 0 
22912, 0, 0 
37377, 0, 0 
8896, 0, 0 
41265, 0, 0 
45769, 0, 0 
51478, 0, 0 
31476, 0, 0 
30943, 0, 0 
54214, 0, 0 
34394, 0, 0 
42136, 0, 0 
5048, 0, 0 
2839, 0, 0 
16921, 0, 0 
3492, 0, 0 
30555, 0, 0 
24962, 0, 0 
54997, 0, 0 
34582, 0, 0 
12666, 0, 0 
34639, 0, 0 
51627, 0, 0 
54004, 0, 0 
1930, 0, 0 
30300, 0, 0 
22143, 0, 0 
43273, 0, 0 
28763, 0, 0 
47316, 0, 0 
16498, 0, 0 
1571, 0, 0 
41056, 0, 0 
44560, 0, 0 
5475, 0, 0 
16178, 0, 0 
36689, 0, 0 
11014, 0, 0 
12665, 0, 0 
41041, 0, 0 
30434, 0, 0 
47855, 0, 0 
16518, 0, 0 
49351, 0, 0 
2996, 0, 0 
39968, 0, 0 
38315, 0, 0 
30340, 0, 0 
31657, 0, 0 
47087, 0, 0 
9455, 0, 0 
7358, 0, 0 
15015, 0, 0 
51167, 0, 0 
1969, 0, 0 
29985, 0, 0 
55253, 0, 0 
13582, 0, 0 
53994, 0, 0 
23124, 0, 0 
9544, 0, 0 
3443, 0, 0 
20478, 0, 0 
156, 0, 0 
52797, 0, 0 
10625, 0, 0 
23093, 0, 0 
45115, 0, 0 
6103, 0, 0 
7451, 0, 0 
4642, 0, 0 
5608, 0, 0 
57221, 0, 0 
49354, 0, 0 
49263, 0, 0 
27280, 0, 0 
35320, 0, 0 
44700, 0, 0 
33023, 0, 0 
5498, 0, 0 
32097, 0, 0 
16607, 0, 0 
21534, 0, 0 
22270, 0, 0 
51019, 0, 0 
29119, 0, 0 
27343, 0, 0 
52428, 0, 0 
53381, 0, 0 
23088, 0, 0 
18505, 0, 0 
10750, 0, 0 
56217, 0, 0 
50804, 0, 0 
21780, 0, 0 
50061, 0, 0 
58170, 0, 0 
1304, 0, 0 
21769, 0, 0 
22043, 0, 0 
42632, 0, 0 
14991, 0, 0 
41683, 0, 0 
36376, 0, 0 
7687, 0, 0 
17881, 0, 0 
51228, 0, 0 
52597, 0, 0 
48929, 0, 0 
38228, 0, 0 
8050, 0, 0 
24367, 0, 0 
39295, 0, 0 
1798, 0, 0 
54595, 0, 0 
24777, 0, 0 
21542, 0, 0 
43445, 0, 0 
54284, 0, 0 
35209, 0, 0 
49471, 0, 0 
8110, 0, 0 
36272, 0, 0 
31350, 0, 0 
9971, 0, 0 
7648, 0, 0 
19550, 0, 0 
23980, 0, 0 
31392, 0, 0 
2352, 0, 0 
44103, 0, 0 
47722, 0, 0 
58386, 0, 0 
75, 0, 0 
9524, 0, 0 
10924, 0, 0 
31575, 0, 0 
40246, 0, 0 
47096, 0, 0 
11654, 0, 0 
15581, 0, 0 
17048, 0, 0 
29585, 0, 0 
35243, 0, 0 
12907, 0, 0 
51834, 0, 0 
5246, 0, 0 
1454, 0, 0 
51290, 0, 0 
40821, 0, 0 
21142, 0, 0 
37659, 1, 1 
13338, 1, 1 
20474, 1, 1 
53012, 1, 1 
15148, 1, 1 
4534, 1, 1 
9903, 1, 1 
2136, 1, 1 
5256, 1, 1 
4445, 1, 1 
5375, 1, 1 
11057, 1, 1 
4128, 1, 1 
9011, 1, 1 
5601, 1, 1 
31447, 1, 1 
23132, 1, 1 
45909, 1, 1 
59686, 1, 1 
5543, 1, 1 
2918, 1, 1 
54027, 1, 1 
1365, 1, 1 
7588, 1, 1 
57381, 1, 1 
30171, 1, 1 
32536, 1, 1 
9618, 1, 1 
38718, 1, 1 
10346, 1, 1 
40658, 1, 1 
36356, 1, 1 
29288, 1, 1 
32338, 1, 1 
22173, 1, 1 
10562, 1, 1 
52616, 1, 1 
38029, 1, 1 
309, 1, 1 
50350, 1, 1 
42371, 1, 1 
37725, 1, 1 
7973, 1, 1 
51833, 1, 1 
33092, 1, 1 
54479, 1, 1 
8985, 1, 1 
36786, 1, 1 
29447, 1, 1 
36410, 1, 1 
36814, 1, 1 
57778, 1, 1 
8602, 1, 1 
58196, 1, 1 
49441, 1, 1 
1807, 1, 1 
10293, 1, 1 
1909, 1, 1 
46949, 1, 1 
27629, 1, 1 
4696, 1, 1 
40635, 1, 1 
54897, 1, 1 
59806, 1, 1 
40220, 1, 1 
1521, 1, 1 
38951, 1, 1 
9884, 1, 1 
42194, 1, 1 
48977, 1, 1 
14503, 1, 1 
17888, 1, 1 
18452, 1, 1 
36442, 1, 1 
40327, 1, 1 
16722, 1, 1 
58341, 1, 1 
10556, 1, 1 
23059, 1, 1 
47998, 1, 1 
43300, 1, 1 
23003, 1, 1 
34782, 1, 1 
3230, 1, 1 
41591, 1, 1 
36030, 1, 1 
9399, 1, 1 
19691, 1, 1 
40954, 1, 1 
33418, 1, 1 
59488, 1, 1 
17260, 1, 1 
58276, 1, 1 
44800, 1, 1 
18013, 1, 1 
13006, 1, 1 
38388, 1, 1 
45471, 1, 1 
43910, 1, 1 
7671, 1, 1 
57440, 1, 1 
28718, 1, 1 
48229, 1, 1 
36490, 1, 1 
1123, 1, 1 
11352, 1, 1 
3430, 1, 1 
33310, 1, 1 
20298, 1, 1 
40359, 1, 1 
15878, 1, 3 
59849, 1, 1 
46933, 1, 1 
7330, 1, 1 
51249, 1, 1 
54901, 1, 1 
18993, 1, 1 
1627, 1, 1 
19940, 1, 1 
11358, 1, 1 
35367, 1, 1 
51015, 1, 1 
24115, 1, 1 
177, 1, 1 
19955, 1, 1 
8070, 1, 1 
45363, 1, 1 
21984, 1, 1 
32447, 1, 1 
27913, 1, 1 
57101, 1, 1 
47880, 1, 1 
20961, 1, 1 
9173, 1, 1 
50063, 1, 1 
56435, 1, 1 
14899, 1, 1 
26059, 1, 1 
35669, 1, 1 
53103, 1, 1 
11793, 1, 1 
57095, 1, 1 
38824, 1, 1 
18258, 1, 1 
29986, 1, 1 
32721, 1, 1 
53375, 1, 1 
7429, 1, 1 
54143, 1, 1 
38454, 1, 1 
11152, 1, 1 
46499, 1, 1 
23970, 1, 1 
54775, 1, 1 
6411, 1, 1 
30695, 1, 1 
30920, 1, 1 
37670, 1, 1 
27454, 1, 1 
19837, 1, 1 
13372, 1, 1 
2932, 1, 1 
13254, 1, 1 
15888, 1, 1 
33279, 1, 1 
50561, 1, 1 
26202, 1, 1 
51932, 1, 1 
11404, 1, 1 
32474, 1, 1 
46433, 1, 1 
22412, 1, 1 
2419, 1, 1 
14834, 1, 1 
12918, 1, 1 
33781, 1, 1 
19029, 1, 1 
35352, 1, 1 
58889, 1, 1 
36933, 1, 1 
8275, 1, 1 
17425, 1, 1 
9221, 1, 1 
47947, 1, 1 
14366, 1, 1 
6488, 1, 1 
20691, 1, 1 
3644, 1, 1 
10712, 1, 1 
28069, 1, 1 
12929, 1, 1 
55671, 1, 1 
41732, 1, 1 
3295, 1, 1 
32562, 1, 1 
42406, 1, 1 
46185, 1, 1 
2807, 1, 1 
42537, 1, 1 
14560, 1, 1 
43877, 2, 2 
25487, 2, 2 
13370, 2, 2 
21147, 2, 2 
732, 2, 2 
20542, 2, 2 
58215, 2, 2 
56213, 2, 2 
48029, 2, 2 
56514, 2, 2 
28335, 2, 2 
44377, 2, 2 
1531, 2, 2 
40416, 2, 2 
9826, 2, 2 
38009, 2, 2 
22726, 2, 2 
41841, 2, 2 
21959, 2, 2 
38667, 2, 2 
23545, 2, 2 
40592, 2, 2 
34182, 2, 2 
8154, 2, 2 
9780, 2, 2 
16124, 2, 2 
20624, 2, 2 
11438, 2, 2 
13495, 2, 2 
16200, 2, 2 
37063, 2, 2 
39210, 2, 2 
31890, 2, 2 
23177, 2, 2 
3981, 2, 2 
20224, 2, 2 
16289, 2, 2 
27736, 2, 2 
25041, 2, 2 
17070, 2, 2 
863, 2, 2 
22056, 2, 2 
12461, 2, 2 
38826, 2, 2 
54043, 2, 2 
46760, 2, 2 
1427, 2, 2 
28091, 2, 2 
47249, 2, 2 
50933, 2, 2 
53790, 2, 2 
31688, 2, 2 
57966, 2, 2 
22341, 2, 2 
9212, 2, 2 
11738, 2, 2 
56168, 2, 2 
55769, 2, 2 
37671, 2, 2 
47710, 2, 2 
41911, 2, 2 
32430, 2, 2 
11084, 2, 2 
35250, 2, 2 
48248, 2, 2 
30297, 2, 2 
38825, 2, 2 
32361, 2, 2 
34201, 2, 2 
17263, 2, 2 
43681, 2, 2 
55526, 2, 2 
13535, 2, 2 
32779, 2, 2 
56540, 2, 2 
32561, 2, 2 
18841, 2, 2 
4574, 2, 2 
13919, 2, 2 
48246, 2, 2 
9712, 2, 2 
47819, 2, 2 
43117, 2, 2 
17071, 2, 2 
52649, 2, 2 
54292, 2, 2 
9625, 2, 2 
36853, 2, 2 
6105, 2, 2 
41966, 2, 2 
12352, 2, 2 
28577, 2, 2 
53709, 2, 2 
20265, 2, 2 
6743, 2, 2 
17431, 2, 2 
34627, 2, 2 
50546, 2, 2 
49908, 2, 2 
58267, 2, 2 
20981, 2, 2 
49231, 2, 2 
37825, 2, 2 
45501, 2, 2 
946, 2, 2 
15887, 2, 2 
31905, 2, 2 
43874, 2, 2 
6360, 2, 2 
30291, 2, 2 
35974, 2, 2 
37863, 2, 2 
16108, 2, 2 
8972, 2, 2 
37812, 2, 2 
5307, 2, 2 
2518, 2, 2 
47862, 2, 2 
46115, 2, 2 
18198, 2, 2 
38068, 2, 2 
50720, 2, 2 
28686, 2, 2 
53637, 2, 2 
58032, 2, 2 
34724, 2, 2 
51448, 2, 2 
52726, 2, 2 
52755, 2, 2 
47999, 2, 2 
41234, 2, 2 
25902, 2, 2 
55188, 2, 2 
3578, 2, 2 
46414, 2, 2 
51658, 2, 2 
40632, 2, 2 
38427, 2, 2 
21366, 2, 2 
39862, 2, 2 
56175, 2, 2 
30076, 2, 2 
23584, 2, 2 
6055, 2, 2 
46593, 2, 2 
9819, 2, 2 
7177, 2, 2 
28200, 2, 2 
13525, 2, 2 
42693, 2, 2 
48463, 2, 2 
15263, 2, 2 
347, 2, 2 
31757, 2, 2 
34326, 2, 2 
46259, 2, 2 
31696, 2, 2 
1213, 2, 2 
29904, 2, 2 
27869, 2, 2 
49857, 2, 2 
18395, 2, 2 
31802, 2, 2 
53984, 2, 2 
30056, 2, 2 
43220, 2, 2 
31096, 2, 2 
38438, 2, 2 
10138, 2, 2 
46956, 2, 2 
32146, 2, 2 
2748, 2, 2 
19568, 2, 2 
27113, 2, 2 
8342, 2, 2 
50028, 2, 2 
38815, 2, 2 
51810, 2, 2 
15203, 2, 2 
31133, 2, 2 
7394, 2, 2 
21251, 2, 2 
26974, 2, 2 
36717, 2, 2 
44541, 2, 2 
6414, 2, 2 
52774, 2, 2 
49434, 2, 2 
5129, 2, 2 
18514, 2, 2 
48699, 2, 2 
11109, 2, 2 
47199, 2, 2 
27331, 2, 2 
17821, 2, 2 
56088, 2, 2 
55228, 2, 2 
51787, 2, 2 
16690, 2, 2 
39597, 2, 2 
15869, 3, 3 
37132, 3, 3 
57401, 3, 3 
33875, 3, 3 
28957, 3, 3 
29352, 3, 3 
25689, 3, 3 
36604, 3, 3 
1336, 3, 3 
33491, 3, 3 
19821, 3, 3 
49560, 3, 3 
38294, 3, 3 
25040, 3, 3 
55050, 3, 3 
36130, 3, 3 
30897, 3, 3 
58411, 3, 3 
13824, 3, 3 
1981, 3, 3 
47007, 3, 3 
37652, 3, 3 
48498, 3, 3 
4755, 3, 3 
46211, 3, 3 
24697, 3, 3 
22668, 3, 3 
27866, 3, 3 
7332, 3, 3 
9059, 3, 3 
10466, 3, 3 
20413, 3, 3 
59588, 3, 3 
13438, 3, 3 
11788, 3, 3 
33357, 3, 3 
14286, 3, 3 
17731, 3, 3 
24531, 3, 3 
24733, 3, 3 
19307, 3, 3 
25768, 3, 3 
44280, 3, 3 
35898, 3, 3 
21328, 3, 3 
3938, 3, 3 
40481, 3, 3 
43875, 3, 3 
42117, 3, 3 
21112, 3, 3 
27160, 3, 3 
8039, 3, 3 
30949, 3, 3 
9412, 3, 3 
15760, 3, 3 
59921, 3, 3 
57522, 3, 3 
10402, 3, 3 
32203, 3, 3 
53419, 3, 3 
59825, 3, 3 
45696, 3, 3 
11645, 3, 3 
48291, 3, 3 
25094, 3, 3 
44416, 3, 3 
59512, 3, 3 
35688, 3, 3 
2564, 3, 3 
26505, 3, 3 
59394, 3, 3 
37860, 3, 3 
5031, 3, 3 
1529, 3, 3 
43448, 3, 3 
55008, 3, 3 
39489, 3, 3 
29958, 3, 3 
25377, 3, 3 
48300, 3, 3 
16344, 3, 3 
45783, 3, 3 
2705, 3, 3 
55796, 3, 3 
9053, 3, 3 
20439, 3, 3 
36887, 3, 3 
21250, 3, 3 
9335, 3, 3 
58298, 3, 3 
17629, 3, 3 
44457, 3, 3 
43865, 3, 3 
50213, 3, 3 
47157, 3, 3 
19878, 3, 3 
25145, 3, 3 
24176, 3, 3 
6863, 3, 3 
28444, 3, 3 
24144, 3, 3 
22733, 3, 3 
9107, 3, 3 
56574, 3, 3 
19442, 3, 3 
40005, 3, 3 
52907, 3, 3 
27795, 3, 3 
5974, 3, 3 
13929, 3, 3 
22162, 3, 3 
19063, 3, 3 
10606, 3, 3 
14765, 3, 3 
18380, 3, 3 
998, 3, 3 
49586, 3, 3 
55283, 3, 3 
37355, 3, 3 
28476, 3, 3 
6185, 3, 3 
15186, 3, 3 
31469, 3, 3 
33139, 3, 3 
1559, 3, 3 
11480, 3, 3 
40925, 3, 3 
235, 3, 3 
23338, 3, 3 
22625, 3, 3 
1201, 3, 3 
31722, 3, 3 
10424, 3, 3 
23556, 3, 3 
29608, 3, 3 
36180, 3, 3 
35563, 3, 3 
40883, 3, 3 
55091, 3, 3 
24621, 3, 3 
46692, 3, 3 
37397, 3, 3 
39721, 3, 3 
44373, 3, 3 
57300, 3, 3 
39981, 3, 3 
14394, 3, 3 
38986, 3, 3 
50611, 3, 3 
15453, 3, 3 
55547, 3, 3 
50107, 3, 3 
12826, 3, 3 
54029, 3, 3 
11053, 3, 3 
9363, 3, 3 
645, 3, 3 
45340, 3, 3 
46295, 3, 3 
56535, 3, 3 
30760, 3, 3 
15014, 3, 3 
27084, 3, 3 
55866, 3, 3 
48264, 3, 3 
21390, 3, 3 
50481, 3, 3 
51890, 3, 3 
32013, 3, 3 
41513, 3, 3 
58853, 3, 3 
48701, 3, 3 
27167, 3, 3 
17966, 3, 3 
57698, 3, 3 
46821, 3, 3 
36409, 3, 3 
40836, 3, 3 
38377, 3, 3 
37796, 3, 3 
29294, 3, 3 
36555, 3, 3 
23778, 3, 3 
12881, 3, 3 
57750, 3, 3 
33316, 3, 3 
45150, 3, 3 
10405, 3, 3 
55999, 3, 3 
22204, 3, 3 
24063, 3, 3 
26247, 3, 3 
45601, 3, 3 
14692, 3, 3 
19633, 3, 3 
11710, 3, 3 
53158, 3, 3 
37304, 3, 3 
49810, 3, 3 
35582, 3, 3 
8553, 4, 4 
36204, 4, 4 
18999, 4, 4 
37257, 4, 4 
44636, 4, 4 
27676, 4, 4 
25488, 4, 4 
56758, 4, 4 
12034, 4, 4 
5777, 4, 4 
49256, 4, 4 
49017, 4, 4 
26128, 4, 4 
25100, 4, 4 
52949, 4, 4 
42620, 4, 4 
52112, 4, 4 
36596, 4, 4 
54187, 4, 4 
35583, 4, 4 
51923, 4, 4 
38821, 4, 4 
22031, 4, 4 
8695, 4, 4 
22138, 4, 4 
59185, 4, 4 
1744, 4, 4 
6160, 4, 4 
36243, 4, 4 
11818, 4, 4 
44352, 4, 4 
1280, 4, 4 
49937, 4, 4 
12247, 4, 4 
8854, 4, 4 
56642, 4, 4 
9189, 4, 4 
19311, 4, 4 
25255, 4, 4 
12397, 4, 4 
57059, 4, 4 
20208, 4, 4 
47365, 4, 4 
33991, 4, 4 
58906, 4, 4 
8415, 4, 4 
3639, 4, 4 
6184, 4, 4 
3157, 4, 4 
40793, 4, 4 
24033, 4, 4 
1842, 4, 4 
12788, 4, 4 
36584, 4, 4 
35686, 4, 4 
54007, 4, 4 
47764, 4, 4 
45316, 4, 4 
28398, 4, 4 
26544, 4, 4 
6210, 4, 4 
35931, 4, 4 
5631, 4, 4 
59905, 4, 4 
29631, 4, 4 
12972, 4, 4 
48984, 4, 4 
21246, 4, 4 
42933, 4, 4 
44688, 4, 4 
46234, 4, 4 
10459, 4, 4 
17916, 4, 9 
38984, 4, 4 
4796, 4, 4 
18717, 4, 4 
16947, 4, 4 
50450, 4, 4 
35879, 4, 4 
31111, 4, 4 
2990, 4, 4 
47109, 4, 4 
12224, 4, 4 
48194, 4, 4 
55074, 4, 4 
46172, 4, 4 
29485, 4, 4 
53288, 4, 4 
22843, 4, 4 
2829, 4, 4 
39723, 4, 4 
55320, 4, 4 
39886, 4, 4 
59413, 4, 4 
23478, 4, 4 
18941, 4, 4 
39875, 4, 4 
53052, 4, 4 
50189, 4, 4 
32015, 4, 4 
12763, 4, 4 
4055, 4, 4 
27494, 4, 4 
32647, 4, 4 
33787, 4, 4 
54347, 4, 4 
3350, 4, 4 
21152, 4, 4 
7417, 4, 4 
40867, 4, 4 
30666, 4, 4 
16098, 4, 4 
3218, 4, 4 
46711, 4, 4 
1934, 4, 4 
1508, 4, 4 
43781, 4, 4 
9541, 4, 4 
8737, 4, 4 
17922, 4, 4 
2129, 4, 4 
3184, 4, 4 
45318, 4, 4 
26567, 4, 4 
24767, 4, 4 
22992, 4, 4 
3701, 4, 4 
6955, 4, 4 
30186, 4, 4 
988, 4, 4 
7366, 4, 4 
39522, 4, 4 
28248, 4, 4 
53649, 4, 4 
43812, 4, 4 
18551, 4, 4 
2106, 4, 4 
11886, 4, 4 
19840, 4, 4 
59268, 4, 4 
22105, 4, 4 
52229, 4, 4 
42357, 4, 4 
48853, 4, 4 
55605, 4, 4 
37295, 4, 4 
33426, 4, 4 
30195, 4, 4 
13163, 4, 4 
1692, 4, 4 
25960, 4, 4 
27517, 4, 4 
52682, 4, 4 
18877, 4, 4 
21517, 4, 4 
32862, 4, 4 
40721, 4, 4 
4779, 4, 4 
289, 4, 4 
59259, 4, 4 
55098, 4, 4 
45252, 4, 4 
1545, 4, 4 
55024, 4, 4 
16929, 4, 4 
15927, 4, 4 
40392, 4, 4 
51579, 4, 4 
897, 4, 4 
25894, 4, 4 
38622, 4, 4 
54826, 4, 4 
13443, 4, 4 
12098, 4, 4 
44284, 4, 4 
25670, 4, 4 
1073, 4, 4 
56146, 4, 4 
22472, 4, 4 
8086, 4, 4 
46623, 4, 4 
21304, 4, 4 
13653, 4, 4 
27272, 4, 4 
34752, 4, 4 
58843, 4, 4 
7958, 4, 4 
57938, 4, 4 
31471, 4, 4 
33833, 4, 4 
12948, 4, 4 
2832, 4, 4 
40288, 4, 4 
51202, 4, 4 
12779, 4, 4 
5217, 4, 4 
13823, 4, 4 
9, 4, 4 
47363, 4, 4 
57146, 4, 4 
36470, 5, 5 
59574, 5, 5 
24859, 5, 5 
38298, 5, 5 
28080, 5, 5 
8392, 5, 5 
9514, 5, 5 
49604, 5, 5 
32060, 5, 5 
15884, 5, 5 
59906, 5, 5 
31821, 5, 5 
40711, 5, 5 
9539, 5, 5 
27271, 5, 5 
5598, 5, 5 
36153, 5, 5 
59358, 5, 5 
57743, 5, 5 
48826, 5, 5 
25539, 5, 5 
31415, 5, 5 
38594, 5, 5 
3219, 5, 5 
51283, 5, 5 
22396, 5, 5 
15285, 5, 5 
43776, 5, 5 
42312, 5, 5 
14368, 5, 5 
55718, 5, 5 
17645, 5, 5 
33674, 5, 5 
33071, 5, 5 
24864, 5, 5 
59160, 5, 5 
42047, 5, 5 
1433, 5, 5 
8521, 5, 5 
47828, 5, 5 
9367, 5, 5 
11549, 5, 5 
20601, 5, 5 
52043, 5, 5 
39780, 5, 5 
45536, 5, 5 
21806, 5, 5 
31999, 5, 5 
56939, 5, 5 
10543, 5, 5 
48615, 5, 5 
32659, 5, 5 
13276, 5, 5 
1485, 5, 5 
56529, 5, 5 
31863, 5, 5 
49820, 5, 5 
55708, 5, 5 
47707, 5, 5 
14171, 5, 5 
39015, 5, 5 
239, 5, 5 
33993, 5, 5 
57510, 5, 5 
33973, 5, 5 
20784, 5, 5 
9947, 5, 5 
18925, 5, 5 
11136, 5, 5 
10465, 5, 5 
28345, 5, 5 
12604, 5, 5 
50202, 5, 5 
47622, 5, 5 
29058, 5, 5 
11643, 5, 6 
40840, 5, 5 
10958, 5, 5 
31976, 5, 5 
58025, 5, 5 
2266, 5, 5 
53590, 5, 5 
19870, 5, 5 
6151, 5, 5 
51887, 5, 5 
35674, 5, 5 
5066, 5, 5 
27801, 5, 5 
4844, 5, 5 
20374, 5, 5 
42604, 5, 5 
17514, 5, 5 
21820, 5, 5 
26240, 5, 5 
13533, 5, 5 
48680, 5, 5 
20769, 5, 5 
38314, 5, 5 
31316, 5, 5 
58688, 5, 5 
24250, 5, 5 
49726, 5, 5 
24773, 5, 5 
29708, 5, 5 
18440, 5, 5 
25954, 5, 5 
58706, 5, 5 
16926, 5, 5 
10751, 5, 5 
12688, 5, 5 
49481, 5, 5 
59091, 5, 5 
49672, 5, 9 
2405, 5, 5 
25407, 5, 5 
29723, 5, 5 
57793, 5, 5 
38202, 5, 5 
3695, 5, 5 
6646, 5, 5 
18123, 5, 5 
2279, 5, 5 
48971, 5, 5 
42193, 5, 5 
19533, 5, 5 
30030, 5, 5 
4194, 5, 5 
51176, 5, 5 
55894, 5, 5 
56113, 5, 5 
4948, 5, 5 
9028, 5, 5 
21782, 5, 5 
44753, 5, 5 
27668, 5, 5 
29077, 5, 5 
3137, 5, 5 
9690, 5, 5 
33294, 5, 5 
51492, 5, 5 
9163, 5, 5 
32506, 5, 5 
31069, 5, 5 
11237, 5, 5 
25793, 5, 5 
34187, 5, 5 
35628, 5, 5 
10421, 5, 5 
23496, 5, 5 
55591, 5, 5 
38378, 5, 5 
30132, 5, 5 
17312, 5, 5 
13580, 5, 5 
16910, 5, 5 
25259, 5, 5 
51405, 5, 5 
28465, 5, 5 
7900, 5, 5 
46086, 5, 5 
34122, 5, 5 
25423, 5, 5 
59701, 5, 6 
41185, 5, 5 
3972, 5, 5 
28477, 5, 5 
9849, 5, 5 
41693, 5, 5 
55839, 5, 5 
53859, 5, 5 
28116, 5, 5 
21678, 5, 5 
51258, 5, 5 
46999, 5, 5 
53795, 5, 5 
58569, 5, 5 
23006, 5, 5 
47915, 5, 5 
28732, 5, 5 
27431, 5, 5 
29156, 5, 5 
51425, 5, 5 
17914, 5, 5 
35171, 5, 5 
55042, 5, 5 
56479, 5, 5 
57136, 5, 5 
52210, 5, 5 
37275, 5, 5 
29487, 5, 5 
3453, 5, 5 
1516, 5, 5 
58845, 5, 5 
31211, 5, 5 
33603, 5, 5 
25411, 5, 5 
40182, 5, 5 
14887, 5, 5 
47873, 5, 5 
18005, 5, 5 
10552, 6, 6 
26958, 6, 6 
19118, 6, 6 
23317, 6, 6 
21808, 6, 6 
4905, 6, 6 
49651, 6, 6 
22291, 6, 6 
6266, 6, 6 
8532, 6, 6 
44503, 6, 6 
31397, 6, 6 
18262, 6, 6 
16436, 6, 6 
25611, 6, 6 
50645, 6, 6 
46704, 6, 6 
11589, 6, 6 
48340, 6, 6 
48141, 6, 6 
50118, 6, 6 
59791, 6, 6 
22969, 6, 6 
49524, 6, 6 
17252, 6, 6 
51518, 6, 6 
29795, 6, 6 
46421, 6, 6 
17980, 6, 6 
24003, 6, 6 
40010, 6, 6 
43582, 6, 6 
54907, 6, 6 
11730, 6, 6 
49931, 6, 6 
29917, 6, 6 
47451, 6, 6 
43457, 6, 6 
22323, 6, 6 
47705, 6, 6 
8398, 6, 6 
3869, 6, 6 
48809, 6, 6 
44309, 6, 6 
18576, 6, 6 
19277, 6, 6 
55645, 6, 6 
51310, 6, 6 
24016, 6, 6 
36425, 6, 6 
17728, 6, 6 
57012, 6, 6 
30249, 6, 6 
58536, 6, 6 
51993, 6, 6 
35169, 6, 6 
1117, 6, 6 
23354, 6, 6 
1792, 6, 6 
37044, 6, 6 
25893, 6, 6 
46670, 6, 6 
43697, 6, 6 
30878, 6, 6 
26344, 6, 6 
27655, 6, 6 
5026, 6, 6 
18032, 6, 6 
48570, 6, 6 
27204, 6, 6 
44952, 6, 6 
31670, 6, 6 
23569, 6, 6 
53993, 6, 6 
42396, 6, 6 
49910, 6, 6 
31909, 6, 6 
57029, 6, 6 
5877, 6, 6 
26392, 6, 6 
21838, 6, 6 
4724, 6, 6 
53311, 6, 6 
57409, 6, 6 
48346, 6, 6 
45863, 6, 6 
18023, 6, 6 
42190, 6, 6 
18957, 6, 6 
11866, 6, 6 
37675, 6, 6 
19037, 6, 6 
52856, 6, 6 
8357, 6, 6 
20782, 6, 6 
8777, 6, 6 
3841, 6, 6 
7401, 6, 6 
26884, 6, 6 
14604, 6, 6 
56098, 6, 6 
29644, 6, 6 
37982, 6, 6 
25673, 6, 6 
59453, 6, 6 
43569, 6, 6 
31411, 6, 6 
44102, 6, 6 
34247, 6, 6 
56840, 6, 6 
48054, 6, 6 
43744, 6, 6 
26071, 6, 6 
10729, 6, 6 
2020, 6, 6 
30995, 6, 6 
17249, 6, 6 
41940, 6, 6 
19462, 6, 6 
12104, 6, 6 
53221, 6, 6 
30063, 6, 6 
58958, 6, 6 
1269, 6, 6 
25358, 6, 6 
50135, 6, 6 
51602, 6, 6 
26342, 6, 6 
27796, 6, 6 
3577, 6, 6 
24363, 6, 6 
39601, 6, 6 
31255, 6, 6 
53422, 6, 6 
28425, 6, 6 
58115, 6, 6 
8526, 6, 6 
4249, 6, 6 
49426, 6, 6 
54661, 6, 6 
38192, 6, 6 
2214, 6, 6 
55039, 6, 6 
30945, 6, 6 
35452, 6, 6 
2387, 6, 6 
58592, 6, 6 
11183, 6, 6 
49403, 6, 6 
56105, 6, 6 
10149, 6, 6 
30799, 6, 6 
2850, 6, 6 
18354, 6, 6 
6796, 6, 6 
39455, 6, 6 
52062, 6, 6 
48821, 6, 6 
46323, 6, 6 
34060, 6, 6 
4709, 6, 6 
25037, 6, 6 
49161, 6, 6 
44168, 6, 6 
32623, 6, 6 
42525, 6, 6 
16666, 6, 6 
26497, 6, 6 
47458, 6, 6 
28867, 6, 6 
41346, 6, 6 
47084, 6, 6 
2723, 6, 6 
51213, 6, 6 
52957, 6, 6 
44218, 6, 6 
45262, 6, 6 
51681, 6, 6 
19356, 6, 6 
56411, 6, 6 
8792, 6, 6 
22435, 6, 6 
8290, 6, 6 
3950, 6, 6 
29295, 6, 6 
11226, 6, 6 
43270, 6, 6 
19960, 6, 6 
18702, 6, 6 
22609, 6, 5 
44336, 6, 6 
2657, 6, 6 
841, 6, 6 
33549, 6, 6 
48539, 6, 6 
30474, 6, 6 
33497, 6, 6 
16976, 6, 6 
39792, 6, 6 
11363, 6, 6 
23978, 7, 7 
14387, 7, 7 
8144, 7, 7 
9351, 7, 7 
7445, 7, 7 
12576, 7, 7 
9224, 7, 7 
26004, 7, 7 
48165, 7, 7 
15721, 7, 7 
3276, 7, 7 
49691, 7, 7 
47941, 7, 7 
55735, 7, 7 
22836, 7, 7 
5022, 7, 7 
58185, 7, 7 
5014, 7, 7 
12208, 7, 7 
36205, 7, 7 
2750, 7, 7 
42204, 7, 7 
34934, 7, 7 
51974, 7, 7 
26455, 7, 7 
36859, 7, 7 
567, 7, 7 
55668, 7, 7 
27497, 7, 7 
1451, 7, 7 
16721, 7, 7 
18358, 7, 7 
23155, 7, 7 
42403, 7, 7 
2244, 7, 7 
51941, 7, 7 
56112, 7, 7 
9444, 7, 7 
53763, 7, 7 
49698, 7, 7 
29900, 7, 7 
52732, 7, 7 
20588, 7, 7 
55756, 7, 7 
37353, 7, 7 
14581, 7, 7 
5197, 7, 7 
45392, 7, 7 
31835, 7, 7 
16840, 7, 7 
22528, 7, 7 
57751, 7, 7 
36334, 7, 7 
41367, 7, 7 
13566, 7, 7 
23645, 7, 7 
34914, 7, 7 
48614, 7, 7 
44574, 7, 7 
43313, 7, 7 
56915, 7, 7 
57763, 7, 7 
55535, 7, 7 
50943, 7, 7 
54364, 7, 7 
39845, 7, 7 
58624, 7, 7 
59118, 7, 7 
31826, 7, 7 
33515, 7, 7 
35594, 7, 7 
45170, 7, 7 
29099, 7, 7 
56418, 7, 7 
15518, 7, 9 
10940, 7, 7 
32655, 7, 7 
13162, 7, 7 
16557, 7, 7 
54606, 7, 7 
7362, 7, 7 
41009, 7, 7 
10131, 7, 7 
45807, 7, 9 
22753, 7, 7 
55346, 7, 7 
34951, 7, 7 
48108, 7, 7 
35382, 7, 9 
44246, 7, 7 
15340, 7, 7 
26080, 7, 7 
51204, 7, 7 
1618, 7, 7 
29186, 7, 7 
52937, 7, 7 
15494, 7, 7 
46630, 7, 7 
9606, 7, 7 
41692, 7, 7 
36105, 7, 7 
11130, 7, 7 
48969, 7, 7 
38257, 7, 7 
20403, 7, 7 
9535, 7, 7 
21175, 7, 7 
46265, 7, 7 
58349, 7, 7 
11894, 7, 7 
27546, 7, 7 
9007, 7, 7 
10828, 7, 7 
3916, 7, 7 
10609, 7, 7 
42780, 7, 7 
7943, 7, 7 
23909, 7, 7 
13333, 7, 7 
32896, 7, 7 
40242, 7, 7 
10337, 7, 7 
6132, 7, 7 
13174, 7, 7 
47849, 7, 7 
4530, 7, 7 
27574, 7, 7 
39989, 7, 7 
52687, 7, 7 
59710, 7, 7 
47248, 7, 7 
22351, 7, 7 
32529, 7, 7 
2319, 7, 7 
25465, 7, 7 
36546, 7, 7 
41328, 7, 7 
51141, 7, 7 
9665, 7, 7 
38688, 7, 7 
50655, 7, 7 
10702, 7, 7 
11736, 7, 7 
17513, 7, 7 
54186, 7, 7 
31849, 7, 7 
34518, 7, 7 
23621, 7, 7 
28562, 7, 7 
14710, 7, 7 
19383, 7, 7 
6358, 7, 7 
38278, 7, 7 
18691, 7, 7 
3059, 7, 7 
50095, 7, 7 
59209, 7, 7 
49187, 7, 7 
21732, 7, 7 
59276, 7, 7 
4189, 7, 7 
50910, 7, 7 
14337, 7, 7 
54663, 7, 7 
22090, 7, 7 
23902, 7, 7 
6115, 7, 7 
7731, 7, 7 
23609, 7, 7 
43374, 7, 7 
47700, 7, 7 
37775, 7, 7 
29607, 7, 7 
29463, 7, 7 
16015, 7, 7 
42976, 7, 7 
20227, 7, 7 
47495, 7, 7 
21603, 7, 7 
32282, 7, 7 
9519, 7, 7 
52925, 7, 7 
11898, 7, 7 
25554, 7, 7 
32215, 7, 7 
5650, 7, 7 
37963, 7, 7 
16623, 7, 7 
56354, 7, 7 
31671, 7, 7 
44787, 7, 7 
39917, 7, 7 
59504, 7, 7 
41095, 7, 7 
58444, 7, 7 
59740, 7, 7 
13169, 7, 7 
27716, 7, 7 
5811, 7, 7 
59379, 7, 7 
12198, 8, 8 
26865, 8, 4 
43787, 8, 8 
23300, 8, 8 
53420, 8, 8 
23193, 8, 8 
48155, 8, 8 
21520, 8, 8 
36347, 8, 8 
49545, 8, 8 
13346, 8, 8 
13578, 8, 8 
14140, 8, 8 
40192, 8, 8 
39266, 8, 8 
53186, 8, 8 
17564, 8, 8 
51313, 8, 8 
7190, 8, 8 
37324, 8, 8 
27324, 8, 8 
54712, 8, 8 
36429, 8, 8 
348, 8, 8 
35438, 8, 8 
13195, 8, 8 
4705, 8, 8 
53133, 8, 8 
27974, 8, 8 
40158, 8, 8 
10217, 8, 8 
57918, 8, 8 
21249, 8, 8 
31758, 8, 8 
31704, 8, 8 
50347, 8, 8 
37870, 8, 8 
37278, 8, 8 
34001, 8, 8 
49704, 8, 8 
19864, 8, 8 
9782, 8, 8 
15616, 8, 8 
8132, 8, 8 
22755, 8, 8 
49302, 8, 8 
46397, 8, 8 
13122, 8, 8 
57481, 8, 8 
9134, 8, 8 
54625, 8, 8 
29070, 8, 8 
45913, 8, 8 
30732, 8, 8 
49400, 8, 8 
1294, 8, 8 
44834, 8, 8 
34594, 8, 8 
28662, 8, 8 
47989, 8, 8 
5348, 8, 8 
45313, 8, 8 
27269, 8, 8 
40645, 8, 8 
16036, 8, 8 
45877, 8, 8 
39778, 8, 8 
47462, 8, 8 
39264, 8, 8 
52090, 8, 8 
54216, 8, 8 
21315, 8, 8 
3983, 8, 8 
30543, 8, 8 
55221, 8, 8 
32615, 8, 8 
53854, 8, 8 
27678, 8, 8 
54093, 8, 8 
2394, 8, 8 
27998, 8, 8 
12379, 8, 8 
55192, 8, 8 
56357, 8, 8 
20732, 8, 8 
2400, 8, 8 
56296, 8, 8 
24641, 8, 8 
41064, 8, 8 
9285, 8, 8 
19350, 8, 8 
26397, 8, 8 
58593, 8, 8 
16824, 8, 8 
58615, 8, 8 
21826, 8, 8 
50117, 8, 8 
11908, 8, 8 
51058, 8, 8 
28813, 8, 8 
51880, 8, 8 
51094, 8, 8 
51087, 8, 8 
50687, 8, 8 
44206, 8, 8 
18674, 8, 8 
5917, 8, 8 
59511, 8, 8 
17096, 8, 8 
8645, 8, 8 
50524, 8, 8 
59423, 8, 8 
28381, 8, 8 
18890, 8, 8 
17672, 8, 8 
44659, 8, 8 
8359, 8, 8 
41200, 8, 8 
43306, 8, 8 
40547, 8, 8 
49548, 8, 8 
602, 8, 3 
24889, 8, 8 
44286, 8, 8 
53636, 8, 8 
44310, 8, 8 
47577, 8, 8 
28749, 8, 8 
17111, 8, 8 
12026, 8, 8 
40016, 8, 8 
50530, 8, 8 
49225, 8, 8 
18467, 8, 8 
33251, 8, 8 
33636, 8, 8 
48101, 8, 8 
22760, 8, 8 
8299, 8, 8 
53150, 8, 8 
12660, 8, 8 
40960, 8, 8 
51143, 8, 8 
44624, 8, 8 
7681, 8, 8 
36745, 8, 8 
43741, 8, 8 
39144, 8, 8 
52848, 8, 8 
16252, 8, 8 
36585, 8, 8 
3512, 8, 3 
58543, 8, 8 
21065, 8, 8 
49438, 8, 8 
28181, 8, 8 
4482, 8, 8 
48540, 8, 8 
22281, 8, 8 
24533, 8, 4 
51487, 8, 8 
32349, 8, 8 
32103, 8, 8 
3744, 8, 8 
30111, 8, 2 
9220, 8, 9 
19720, 8, 8 
23509, 8, 8 
25455, 8, 8 
54846, 8, 8 
5521, 8, 8 
49766, 8, 8 
56039, 8, 8 
33765, 8, 8 
59663, 8, 8 
19103, 8, 8 
33036, 8, 8 
7076, 8, 8 
32733, 8, 8 
58748, 8, 8 
7519, 8, 8 
48104, 8, 8 
8918, 8, 8 
46330, 8, 8 
57501, 8, 8 
3086, 8, 8 
30162, 8, 8 
3003, 8, 8 
28719, 8, 8 
6873, 8, 8 
49901, 8, 8 
38641, 8, 8 
37005, 8, 8 
48243, 8, 8 
10901, 8, 8 
571, 8, 8 
50272, 8, 8 
43051, 8, 8 
18798, 8, 8 
38489, 8, 8 
18355, 9, 9 
6993, 9, 9 
43107, 9, 9 
51956, 9, 9 
55938, 9, 9 
29857, 9, 9 
34476, 9, 9 
282, 9, 9 
346, 9, 9 
20254, 9, 9 
21302, 9, 9 
26428, 9, 9 
34962, 9, 9 
37873, 9, 9 
12297, 9, 9 
20825, 9, 9 
27450, 9, 9 
32860, 9, 9 
17283, 9, 9 
23624, 9, 9 
53435, 9, 9 
36029, 9, 9 
3847, 9, 9 
4983, 9, 9 
12884, 9, 9 
16256, 9, 9 
53349, 9, 9 
11934, 9, 9 
29495, 9, 9 
16775, 9, 9 
1905, 9, 9 
19185, 9, 9 
50845, 9, 9 
27773, 9, 9 
12753, 9, 9 
51194, 9, 9 
15659, 9, 9 
51796, 9, 9 
16561, 9, 9 
35956, 9, 9 
15162, 9, 9 
58828, 9, 9 
27780, 9, 9 
38740, 9, 9 
43499, 9, 9 
1500, 9, 9 
50578, 9, 9 
16846, 9, 9 
1061, 9, 9 
16008, 9, 9 
43343, 9, 9 
59969, 9, 9 
14647, 9, 9 
23062, 9, 9 
49663, 9, 9 
14925, 9, 9 
44687, 9, 9 
59594, 9, 9 
20341, 9, 9 
21807, 9, 9 
3528, 9, 9 
46800, 9, 9 
56494, 9, 9 
39016, 9, 9 
20698, 9, 9 
50896, 9, 9 
19047, 9, 9 
33360, 9, 9 
1950, 9, 9 
25446, 9, 9 
20792, 9, 9 
36782, 9, 9 
44995, 9, 9 
20358, 9, 9 
48330, 9, 9 
12945, 9, 9 
9129, 9, 9 
44234, 9, 9 
56156, 9, 9 
12832, 9, 9 
31842, 9, 9 
47878, 9, 9 
21540, 9, 9 
51281, 9, 9 
29379, 9, 9 
59243, 9, 9 
5937, 9, 9 
9938, 9, 9 
37534, 9, 9 
31561, 9, 9 
48771, 9, 9 
44769, 9, 9 
16020, 9, 9 
48457, 9, 9 
59084, 9, 9 
28941, 9, 9 
3506, 9, 9 
21192, 9, 9 
45775, 9, 9 
34818, 9, 9 
58351, 9, 9 
33682, 9, 9 
55652, 9, 9 
42222, 9, 9 
46537, 9, 9 
50285, 9, 9 
29980, 9, 9 
20170, 9, 9 
20893, 9, 9 
36062, 9, 9 
15239, 9, 9 
48484, 9, 9 
38470, 9, 9 
43237, 9, 9 
16388, 9, 9 
21087, 9, 9 
46474, 9, 9 
23467, 9, 9 
36203, 9, 9 
14681, 9, 9 
11089, 9, 9 
36050, 9, 9 
26950, 9, 9 
44537, 9, 9 
14985, 9, 9 
22927, 9, 9 
1177, 9, 9 
51647, 9, 9 
54048, 9, 9 
53369, 9, 9 
19268, 9, 9 
54257, 9, 9 
11353, 9, 9 
50833, 9, 9 
14341, 9, 9 
19315, 9, 9 
1518, 9, 9 
5658, 9, 9 
20811, 9, 9 
35188, 9, 9 
3544, 9, 9 
4594, 9, 9 
18935, 9, 9 
33249, 9, 9 
14607, 9, 9 
42109, 9, 9 
51036, 9, 9 
34341, 9, 9 
16621, 9, 9 
45917, 9, 9 
10784, 9, 9 
45671, 9, 9 
44741, 9, 9 
9448, 9, 9 
32249, 9, 9 
31565, 9, 9 
42059, 9, 9 
34824, 9, 9 
51022, 9, 9 
3773, 9, 9 
52018, 9, 9 
58914, 9, 9 
35059, 9, 9 
21669, 9, 9 
15194, 9, 9 
52286, 9, 9 
25343, 9, 9 
1643, 9, 9 
58898, 9, 9 
34195, 9, 9 
25821, 9, 9 
30696, 9, 9 
16341, 9, 9 
28754, 9, 9 
3084, 9, 9 
17181, 9, 9 
42557, 9, 9 
18916, 9, 9 
4830, 9, 9 
41128, 9, 9 
17597, 9, 9 
15131, 9, 9 
33232, 9, 9 
45044, 9, 9 
9306, 9, 9 
24494, 9, 9 
17190, 9, 9 
55126, 9, 9 
25933, 9, 9 
23042, 9, 9 
47120, 9, 9 
8558, 9, 9 
20677, 9, 9 
2697, 9, 9 
11499, 9, 9 
3704, 9, 9 
59174, 9, 9 
2600, 9, 9 
23446, 9, 9 
16829, 9, 9 
