id, true label, predicted label 
29101, 0, 0 
44335, 0, 0 
16323, 0, 0 
22487, 0, 0 
56950, 0, 0 
53575, 0, 0 
56450, 0, 0 
17322, 0, 0 
53814, 0, 0 
28402, 0, 0 
18443, 0, 0 
6496, 0, 0 
7597, 0, 0 
3876, 0, 0 
12555, 0, 0 
35740, 0, 0 
46439, 0, 0 
4145, 0, 0 
12500, 0, 0 
20632, 0, 0 
15208, 0, 0 
68, 0, 0 
27865, 0, 0 
27788, 0, 0 
35175, 0, 0 
35423, 0, 0 
20681, 0, 0 
48287, 0, 0 
47275, 0, 0 
40850, 0, 0 
52185, 0, 0 
36824, 0, 0 
781, 0, 0 
35192, 0, 0 
57707, 0, 0 
26292, 0, 0 
6630, 0, 0 
5514, 0, 0 
57053, 0, 0 
1927, 0, 0 
56353, 0, 0 
49835, 0, 0 
50331, 0, 0 
42488, 0, 0 
59911, 0, 0 
25199, 0, 0 
34731, 0, 0 
1076, 0, 0 
19004, 0, 0 
55410, 0, 0 
58121, 0, 0 
51815, 0, 0 
35327, 0, 0 
31445, 0, 0 
58584, 0, 0 
20060, 0, 0 
22013, 0, 0 
17025, 0, 0 
3565, 0, 0 
14897, 0, 0 
42185, 0, 0 
3667, 0, 0 
31877, 0, 0 
49394, 0, 0 
20175, 0, 0 
34586, 0, 0 
52921, 0, 0 
58858, 0, 0 
38412, 0, 0 
32690, 0, 0 
15759, 0, 0 
18868, 0, 0 
39207, 0, 0 
46905, 0, 0 
31575, 0, 0 
38484, 0, 0 
26753, 0, 0 
47078, 0, 0 
21299, 0, 0 
4500, 0, 0 
40421, 0, 0 
22857, 0, 0 
52133, 0, 0 
38614, 0, 0 
7816, 0, 0 
18212, 0, 0 
40286, 0, 0 
8309, 0, 0 
59639, 0, 0 
42818, 0, 0 
57384, 0, 0 
56625, 0, 0 
42915, 0, 0 
56715, 0, 0 
44589, 0, 0 
1729, 0, 0 
50324, 0, 0 
8335, 0, 0 
57822, 0, 0 
787, 0, 0 
22744, 0, 0 
7709, 0, 0 
19985, 0, 0 
34553, 0, 0 
27936, 0, 0 
15583, 0, 0 
33020, 0, 0 
26261, 0, 0 
15868, 0, 0 
8304, 0, 0 
33237, 0, 0 
20958, 0, 0 
8809, 0, 0 
59536, 0, 0 
49429, 0, 0 
10168, 0, 0 
57746, 0, 0 
26389, 0, 0 
32946, 0, 0 
58223, 0, 0 
43387, 0, 0 
7129, 0, 0 
52288, 0, 0 
11077, 0, 0 
18712, 0, 0 
45544, 0, 0 
56124, 0, 0 
12276, 0, 0 
23627, 0, 0 
20392, 0, 0 
25818, 0, 0 
28818, 0, 0 
36764, 0, 0 
52221, 0, 0 
46748, 0, 0 
18029, 0, 0 
36564, 0, 0 
45359, 0, 0 
44023, 0, 0 
53536, 0, 0 
42053, 0, 0 
4201, 0, 0 
50909, 0, 0 
9158, 0, 0 
11758, 0, 0 
44859, 0, 0 
5697, 0, 0 
51228, 0, 0 
59187, 0, 0 
22429, 0, 0 
34457, 0, 0 
25629, 0, 0 
36519, 0, 0 
7485, 0, 0 
11354, 0, 0 
30255, 0, 0 
47422, 0, 0 
51824, 0, 0 
28403, 0, 0 
3882, 0, 0 
5981, 0, 0 
50151, 0, 0 
10689, 0, 0 
49518, 0, 0 
3231, 0, 0 
25823, 0, 0 
42664, 0, 0 
53051, 0, 0 
5730, 0, 0 
26685, 0, 0 
43443, 0, 0 
33496, 0, 0 
16484, 0, 0 
50476, 0, 0 
42038, 0, 0 
1179, 0, 0 
7969, 0, 0 
47289, 0, 0 
23521, 0, 0 
59420, 0, 0 
6320, 0, 0 
22978, 0, 0 
20095, 0, 0 
43169, 0, 0 
26178, 0, 0 
51019, 0, 0 
36533, 0, 0 
55922, 0, 0 
34302, 0, 0 
56103, 0, 0 
12325, 0, 0 
52470, 0, 0 
29034, 0, 0 
49924, 0, 0 
28486, 0, 0 
47626, 0, 0 
24861, 0, 0 
53118, 0, 0 
31505, 0, 0 
32007, 0, 0 
7234, 1, 1 
19388, 1, 1 
24483, 1, 1 
35487, 1, 1 
56834, 1, 1 
24707, 1, 1 
40918, 1, 1 
16458, 1, 1 
13584, 1, 1 
8351, 1, 1 
25858, 1, 1 
10455, 1, 1 
13140, 1, 1 
46718, 1, 1 
15073, 1, 1 
16087, 1, 1 
24710, 1, 1 
50292, 1, 1 
39797, 1, 1 
638, 1, 1 
35756, 1, 1 
54393, 1, 1 
49198, 1, 1 
17243, 1, 1 
28828, 1, 1 
17213, 1, 1 
6052, 1, 1 
48464, 1, 1 
16545, 1, 1 
25327, 1, 1 
39896, 1, 1 
32005, 1, 1 
34263, 1, 1 
34334, 1, 1 
41392, 1, 1 
41554, 1, 1 
19968, 1, 1 
52032, 1, 1 
52187, 1, 1 
27665, 1, 1 
21230, 1, 1 
48209, 1, 1 
48518, 1, 1 
38207, 1, 1 
57931, 1, 1 
10129, 1, 1 
5006, 1, 1 
34922, 1, 1 
16674, 1, 1 
40525, 1, 1 
55931, 1, 1 
13697, 1, 1 
47129, 1, 1 
50396, 1, 1 
41600, 1, 1 
24958, 1, 1 
35642, 1, 1 
53361, 1, 1 
5601, 1, 1 
43704, 1, 1 
32892, 1, 1 
48326, 1, 1 
36933, 1, 1 
43197, 1, 1 
3068, 1, 1 
19441, 1, 1 
48650, 1, 1 
47784, 1, 1 
14560, 1, 1 
35657, 1, 1 
43446, 1, 1 
27345, 1, 1 
43249, 1, 1 
25704, 1, 1 
44628, 1, 1 
42404, 1, 1 
40909, 1, 1 
40220, 1, 1 
37618, 1, 1 
56374, 1, 1 
24352, 1, 1 
16665, 1, 1 
45001, 1, 1 
17337, 1, 1 
21321, 1, 1 
52916, 1, 1 
24175, 1, 1 
1425, 1, 1 
3755, 1, 1 
28793, 1, 1 
16907, 1, 1 
18165, 1, 1 
5058, 1, 1 
32921, 1, 1 
55740, 1, 1 
39594, 1, 1 
21427, 1, 1 
5020, 1, 1 
49919, 1, 1 
22656, 1, 1 
13956, 1, 1 
32335, 1, 1 
58120, 1, 1 
43128, 1, 1 
50685, 1, 1 
43484, 1, 1 
31048, 1, 1 
3080, 1, 1 
12743, 1, 1 
30073, 1, 1 
42716, 1, 1 
31839, 1, 1 
19776, 1, 1 
6870, 1, 1 
19446, 1, 1 
19897, 1, 1 
35285, 1, 1 
42102, 1, 1 
22926, 1, 1 
5235, 1, 1 
11671, 1, 1 
33935, 1, 1 
8383, 1, 1 
16876, 1, 1 
920, 1, 1 
44198, 1, 1 
21292, 1, 1 
38985, 1, 1 
16181, 1, 1 
13259, 1, 1 
1816, 1, 1 
39716, 1, 1 
19816, 1, 1 
8331, 1, 1 
5994, 1, 1 
39441, 1, 1 
25434, 1, 1 
38482, 1, 1 
59671, 1, 1 
51666, 1, 1 
23382, 1, 1 
30368, 1, 1 
8506, 1, 1 
10667, 1, 1 
15838, 1, 1 
45743, 1, 1 
604, 1, 1 
3111, 1, 1 
55047, 1, 1 
25496, 1, 1 
22343, 1, 1 
32133, 1, 1 
11522, 1, 1 
58501, 1, 1 
58155, 1, 1 
52807, 1, 1 
23559, 1, 1 
18852, 1, 1 
19804, 1, 1 
39041, 1, 1 
20659, 1, 1 
15361, 1, 1 
14314, 1, 1 
34762, 1, 1 
18116, 1, 1 
25414, 1, 1 
44183, 1, 1 
37207, 1, 1 
7253, 1, 1 
3996, 1, 1 
12128, 1, 1 
47272, 1, 1 
27262, 1, 1 
40007, 1, 1 
443, 1, 1 
53904, 1, 1 
49186, 1, 1 
17418, 1, 1 
36801, 1, 1 
20319, 1, 1 
50928, 1, 1 
48454, 1, 1 
53425, 1, 1 
49265, 1, 1 
52334, 1, 1 
29320, 1, 1 
14498, 1, 1 
50158, 1, 1 
35389, 1, 1 
20884, 1, 1 
51169, 1, 1 
21068, 1, 1 
54886, 1, 1 
54784, 1, 1 
13556, 1, 1 
22066, 1, 1 
33705, 1, 1 
24973, 1, 1 
42806, 1, 1 
4105, 1, 1 
41841, 2, 2 
43294, 2, 2 
35785, 2, 2 
14139, 2, 2 
55049, 2, 2 
28282, 2, 2 
23934, 2, 2 
57574, 2, 2 
38024, 2, 2 
57455, 2, 2 
4380, 2, 2 
4542, 2, 2 
16638, 2, 2 
56553, 2, 2 
42319, 2, 2 
52345, 2, 2 
25902, 2, 2 
53650, 2, 2 
38359, 2, 2 
49580, 2, 2 
3934, 2, 2 
9826, 2, 2 
47650, 2, 2 
51922, 2, 2 
36266, 2, 2 
5928, 2, 2 
57694, 2, 2 
55504, 2, 2 
54756, 2, 2 
34226, 2, 2 
43439, 2, 2 
50898, 2, 2 
10949, 2, 2 
12091, 2, 2 
29770, 2, 2 
32872, 2, 2 
59186, 2, 2 
7897, 2, 2 
18318, 2, 2 
43575, 2, 2 
30860, 2, 2 
27434, 2, 2 
8743, 2, 2 
37580, 2, 2 
28631, 2, 2 
37015, 2, 2 
11826, 2, 2 
44758, 2, 2 
17080, 2, 2 
8212, 2, 2 
43768, 2, 2 
43312, 2, 2 
25510, 2, 2 
36715, 2, 2 
21536, 2, 2 
56427, 2, 2 
40090, 2, 2 
35770, 2, 2 
10207, 2, 2 
47590, 2, 2 
30228, 2, 2 
47603, 2, 2 
33666, 2, 2 
33686, 2, 2 
4662, 2, 2 
6289, 2, 2 
19854, 2, 2 
12679, 2, 8 
15137, 2, 2 
26613, 2, 2 
52400, 2, 2 
49790, 2, 2 
54058, 2, 2 
41087, 2, 2 
5902, 2, 2 
657, 2, 2 
50381, 2, 2 
8251, 2, 2 
11519, 2, 2 
37145, 2, 2 
41766, 2, 2 
15495, 2, 2 
23859, 2, 2 
10464, 2, 2 
24897, 2, 2 
2342, 2, 2 
38275, 2, 2 
15994, 2, 2 
1624, 2, 2 
19808, 2, 2 
21880, 2, 2 
16449, 2, 2 
58235, 2, 2 
41082, 2, 2 
56847, 2, 2 
48527, 2, 2 
32022, 2, 2 
42223, 2, 2 
44993, 2, 2 
21982, 2, 2 
30826, 2, 2 
53890, 2, 2 
18776, 2, 2 
23087, 2, 2 
1199, 2, 2 
15094, 2, 2 
47565, 2, 2 
31267, 2, 2 
43220, 2, 2 
48476, 2, 2 
3830, 2, 2 
54075, 2, 2 
44898, 2, 2 
26341, 2, 2 
13484, 2, 2 
57245, 2, 2 
42969, 2, 2 
45584, 2, 2 
49158, 2, 2 
45022, 2, 2 
42373, 2, 2 
37660, 2, 2 
7041, 2, 2 
15205, 2, 2 
1531, 2, 2 
51356, 2, 2 
33819, 2, 2 
37969, 2, 2 
54978, 2, 2 
14603, 2, 2 
38409, 2, 2 
7673, 2, 2 
39862, 2, 2 
2847, 2, 2 
30872, 2, 2 
36694, 2, 2 
365, 2, 2 
6222, 2, 2 
56848, 2, 2 
32081, 2, 2 
23080, 2, 2 
45906, 2, 2 
26899, 2, 2 
45964, 2, 2 
23797, 2, 2 
52001, 2, 2 
10616, 2, 2 
12093, 2, 2 
30596, 2, 2 
10988, 2, 2 
43683, 2, 2 
13820, 2, 2 
15688, 2, 2 
42717, 2, 2 
10477, 2, 2 
8374, 2, 2 
59714, 2, 2 
6839, 2, 2 
14555, 2, 2 
35644, 2, 2 
48294, 2, 2 
44653, 2, 2 
6138, 2, 2 
31381, 2, 2 
24124, 2, 2 
1852, 2, 2 
45929, 2, 2 
27432, 2, 2 
45885, 2, 2 
15679, 2, 2 
57573, 2, 2 
47369, 2, 2 
34606, 2, 2 
59011, 2, 2 
5618, 2, 2 
713, 2, 2 
23231, 2, 2 
28868, 2, 2 
2812, 2, 2 
50700, 2, 2 
31092, 2, 2 
2908, 2, 2 
2075, 2, 2 
21636, 2, 2 
48293, 2, 2 
39153, 2, 2 
31603, 2, 2 
23403, 2, 2 
36064, 2, 2 
36998, 2, 2 
47804, 2, 2 
34928, 2, 2 
8853, 2, 2 
14836, 2, 2 
8573, 2, 2 
32947, 2, 2 
34902, 2, 2 
646, 2, 2 
317, 2, 2 
19444, 2, 2 
7147, 3, 3 
18739, 3, 3 
58298, 3, 3 
26526, 3, 3 
32790, 3, 3 
8241, 3, 3 
54228, 3, 3 
9255, 3, 3 
15482, 3, 3 
59652, 3, 3 
13212, 3, 3 
46465, 3, 3 
20470, 3, 3 
6040, 3, 3 
26674, 3, 3 
33795, 3, 3 
21228, 3, 3 
41067, 3, 3 
35132, 3, 3 
46621, 3, 3 
52191, 3, 3 
39301, 3, 3 
35744, 3, 3 
29962, 3, 3 
10966, 3, 3 
50672, 3, 3 
44906, 3, 3 
27847, 3, 3 
27828, 3, 3 
59262, 3, 3 
2803, 3, 3 
14080, 3, 3 
28953, 3, 3 
1870, 3, 3 
11285, 3, 3 
10745, 3, 3 
55923, 3, 3 
5442, 3, 3 
8455, 3, 3 
30072, 3, 3 
30423, 3, 3 
4490, 3, 3 
24104, 3, 3 
48031, 3, 3 
28485, 3, 3 
3949, 3, 3 
13127, 3, 3 
50369, 3, 3 
22460, 3, 3 
58379, 3, 3 
57651, 3, 3 
45781, 3, 3 
52585, 3, 3 
42432, 3, 3 
4595, 3, 3 
18426, 3, 3 
25915, 3, 3 
52936, 3, 3 
48415, 3, 3 
13957, 3, 3 
35226, 3, 3 
4543, 3, 3 
10676, 3, 3 
39520, 3, 3 
14533, 3, 3 
13628, 3, 3 
58077, 3, 3 
45843, 3, 3 
43103, 3, 3 
3491, 3, 3 
16156, 3, 3 
53457, 3, 3 
28773, 3, 3 
5923, 3, 3 
12094, 3, 3 
29097, 3, 3 
28752, 3, 3 
51991, 3, 3 
9230, 3, 3 
32409, 3, 3 
35010, 3, 3 
46953, 3, 3 
2786, 3, 3 
9991, 3, 3 
50210, 3, 3 
27835, 3, 3 
20538, 3, 3 
29791, 3, 3 
52816, 3, 3 
47913, 3, 3 
14883, 3, 3 
20072, 3, 3 
58278, 3, 3 
17100, 3, 3 
56849, 3, 3 
18243, 3, 3 
38657, 3, 3 
58640, 3, 3 
10998, 3, 3 
36216, 3, 3 
39329, 3, 3 
2074, 3, 3 
1981, 3, 3 
24369, 3, 3 
33316, 3, 3 
43475, 3, 3 
54377, 3, 3 
27316, 3, 3 
3835, 3, 3 
43717, 3, 3 
6098, 3, 3 
2469, 3, 3 
24883, 3, 3 
30000, 3, 3 
20492, 3, 3 
16003, 3, 3 
56730, 3, 3 
55893, 3, 3 
44903, 3, 3 
50401, 3, 3 
4762, 3, 3 
53595, 3, 3 
4628, 3, 3 
58410, 3, 3 
53165, 3, 3 
33421, 3, 3 
42505, 3, 3 
12345, 3, 3 
7192, 3, 3 
13250, 3, 3 
59352, 3, 3 
5491, 3, 3 
49748, 3, 3 
35805, 3, 3 
39125, 3, 3 
14286, 3, 3 
51196, 3, 3 
2408, 3, 3 
35333, 3, 3 
21695, 3, 3 
51428, 3, 3 
52240, 3, 3 
40185, 3, 3 
58582, 3, 3 
27078, 3, 3 
22318, 3, 3 
43126, 3, 3 
86, 3, 3 
33208, 3, 3 
4022, 3, 3 
56067, 3, 3 
54530, 3, 3 
19500, 3, 3 
25245, 3, 3 
31098, 3, 3 
4638, 3, 3 
40925, 3, 3 
39124, 3, 3 
57625, 3, 3 
59471, 3, 3 
11042, 3, 3 
50087, 3, 3 
13110, 3, 3 
6892, 3, 3 
6784, 3, 3 
56524, 3, 3 
34289, 3, 3 
23101, 3, 3 
34828, 3, 3 
12225, 3, 3 
31544, 3, 3 
5354, 3, 3 
3810, 3, 3 
51401, 3, 3 
11651, 3, 3 
17575, 3, 3 
47802, 3, 3 
47592, 3, 3 
38732, 3, 3 
35944, 3, 3 
53037, 3, 3 
58587, 3, 3 
27518, 3, 3 
32203, 3, 3 
38037, 3, 3 
43762, 3, 3 
15857, 3, 3 
58937, 3, 3 
46211, 3, 3 
22770, 3, 3 
47411, 3, 3 
14851, 3, 3 
49585, 3, 3 
52350, 3, 3 
29653, 3, 3 
15335, 3, 3 
44174, 3, 3 
5831, 3, 3 
35498, 3, 3 
5080, 3, 3 
54294, 4, 4 
851, 4, 4 
50948, 4, 4 
56122, 4, 4 
1613, 4, 4 
20, 4, 4 
51264, 4, 4 
40606, 4, 4 
54415, 4, 4 
1537, 4, 4 
49665, 4, 4 
24798, 4, 0 
22418, 4, 4 
32669, 4, 4 
38122, 4, 4 
52243, 4, 4 
51791, 4, 4 
22865, 4, 4 
50510, 4, 4 
11434, 4, 4 
58, 4, 4 
4097, 4, 4 
32321, 4, 4 
26763, 4, 4 
24109, 4, 4 
39245, 4, 4 
51098, 4, 4 
41930, 4, 4 
16180, 4, 4 
30529, 4, 4 
31814, 4, 4 
29063, 4, 4 
27080, 4, 4 
5581, 4, 4 
35442, 4, 4 
26798, 4, 4 
16706, 4, 4 
40523, 4, 4 
56364, 4, 4 
53551, 4, 4 
37273, 4, 4 
26627, 4, 4 
40309, 4, 4 
54359, 4, 4 
33509, 4, 4 
29914, 4, 4 
48730, 4, 4 
28615, 4, 4 
32262, 4, 4 
50606, 4, 4 
55585, 4, 4 
52729, 4, 4 
43467, 4, 4 
5085, 4, 4 
18081, 4, 4 
38531, 4, 4 
7903, 4, 4 
16168, 4, 4 
8857, 4, 4 
55073, 4, 4 
11113, 4, 4 
31598, 4, 4 
59367, 4, 4 
18570, 4, 4 
52229, 4, 4 
15729, 4, 4 
3091, 4, 4 
50419, 4, 4 
12460, 4, 4 
59753, 4, 4 
17730, 4, 4 
16685, 4, 4 
24874, 4, 4 
6314, 4, 4 
52517, 4, 4 
8061, 4, 4 
15668, 4, 4 
14650, 4, 4 
5891, 4, 4 
41020, 4, 4 
57712, 4, 4 
6598, 4, 4 
53965, 4, 4 
24781, 4, 4 
48286, 4, 4 
23432, 4, 4 
47826, 4, 4 
4874, 4, 4 
30361, 4, 4 
16765, 4, 4 
43621, 4, 4 
56532, 4, 4 
14274, 4, 4 
38671, 4, 4 
57035, 4, 4 
40030, 4, 4 
43219, 4, 4 
51894, 4, 4 
34545, 4, 4 
28164, 4, 4 
15604, 4, 4 
12820, 4, 4 
53546, 4, 4 
6268, 4, 4 
27591, 4, 4 
4125, 4, 4 
35078, 4, 4 
58994, 4, 4 
38871, 4, 4 
53883, 4, 4 
36977, 4, 4 
6025, 4, 4 
1604, 4, 4 
5954, 4, 4 
58902, 4, 4 
41671, 4, 4 
47921, 4, 4 
19447, 4, 4 
2808, 4, 4 
22786, 4, 4 
28517, 4, 4 
25184, 4, 4 
41845, 4, 4 
34234, 4, 4 
27695, 4, 4 
36017, 4, 4 
4180, 4, 4 
15735, 4, 4 
52437, 4, 4 
18596, 4, 4 
39151, 4, 4 
36202, 4, 4 
56422, 4, 4 
24296, 4, 4 
2289, 4, 4 
51853, 4, 4 
59933, 4, 4 
43600, 4, 4 
37395, 4, 4 
12795, 4, 4 
40449, 4, 4 
17590, 4, 4 
29574, 4, 4 
19795, 4, 4 
11692, 4, 4 
23393, 4, 4 
41625, 4, 4 
39812, 4, 4 
48885, 4, 4 
41885, 4, 4 
16051, 4, 4 
16214, 4, 4 
52973, 4, 4 
21119, 4, 4 
44765, 4, 4 
41678, 4, 4 
51338, 4, 4 
16251, 4, 4 
28493, 4, 4 
20995, 4, 4 
55549, 4, 4 
10467, 4, 4 
4346, 4, 4 
6714, 4, 4 
11124, 4, 4 
35229, 4, 4 
56563, 4, 4 
56143, 4, 4 
15298, 4, 4 
18519, 4, 4 
37687, 4, 4 
20894, 4, 4 
34733, 4, 4 
7399, 4, 4 
55793, 4, 4 
10850, 4, 4 
13848, 4, 4 
11512, 4, 4 
51966, 4, 4 
48853, 4, 4 
33506, 4, 1 
33119, 4, 4 
34823, 4, 4 
19634, 4, 4 
33554, 4, 4 
31817, 4, 4 
38898, 4, 4 
37366, 4, 4 
2443, 4, 4 
36151, 4, 4 
27221, 4, 4 
14657, 4, 4 
20711, 4, 4 
29372, 4, 4 
40719, 4, 4 
52402, 4, 4 
27948, 4, 4 
43231, 4, 4 
21837, 4, 4 
2069, 4, 4 
37582, 5, 5 
45052, 5, 5 
29457, 5, 5 
38459, 5, 5 
50252, 5, 5 
13863, 5, 5 
57081, 5, 5 
3870, 5, 5 
35388, 5, 5 
22382, 5, 5 
52507, 5, 5 
52739, 5, 5 
24323, 5, 5 
15984, 5, 5 
37592, 5, 5 
56663, 5, 5 
1702, 5, 5 
34340, 5, 5 
396, 5, 5 
46244, 5, 5 
35889, 5, 5 
47471, 5, 5 
29696, 5, 5 
50409, 5, 5 
47889, 5, 5 
6978, 5, 5 
38818, 5, 5 
41610, 5, 5 
43856, 5, 5 
37699, 5, 5 
55894, 5, 5 
59563, 5, 5 
46453, 5, 5 
37069, 5, 5 
23806, 5, 5 
31944, 5, 5 
55905, 5, 5 
59134, 5, 5 
44964, 5, 5 
24650, 5, 5 
53759, 5, 5 
1847, 5, 5 
2143, 5, 5 
28315, 5, 5 
47741, 5, 5 
6068, 5, 5 
59850, 5, 5 
18875, 5, 5 
19083, 5, 5 
31266, 5, 5 
8426, 5, 5 
52284, 5, 5 
12736, 5, 5 
59426, 5, 5 
1433, 5, 5 
42863, 5, 5 
47, 5, 5 
25483, 5, 5 
10412, 5, 5 
50641, 5, 5 
29749, 5, 5 
40535, 5, 5 
45018, 5, 5 
12449, 5, 5 
4104, 5, 5 
51762, 5, 5 
2780, 5, 5 
54366, 5, 5 
16490, 5, 5 
48705, 5, 5 
43772, 5, 5 
18197, 5, 5 
48576, 5, 5 
14534, 5, 5 
39556, 5, 5 
4134, 5, 5 
1997, 5, 5 
5866, 5, 5 
14709, 5, 5 
49270, 5, 5 
20097, 5, 5 
20854, 5, 5 
38864, 5, 5 
17298, 5, 5 
32507, 5, 5 
52706, 5, 5 
48161, 5, 5 
56947, 5, 5 
42338, 5, 5 
33690, 5, 5 
13248, 5, 5 
12893, 5, 5 
37472, 5, 5 
1638, 5, 5 
21927, 5, 5 
40773, 5, 5 
32646, 5, 5 
41016, 5, 5 
32322, 5, 5 
56206, 5, 5 
29912, 5, 5 
21779, 5, 5 
21276, 5, 5 
21963, 5, 5 
56224, 5, 5 
42232, 5, 5 
42046, 5, 5 
7670, 5, 5 
31746, 5, 5 
55661, 5, 5 
29787, 5, 5 
8190, 5, 5 
16959, 5, 5 
757, 5, 5 
6884, 5, 5 
37836, 5, 5 
27602, 5, 5 
57180, 5, 5 
10226, 5, 5 
36452, 5, 5 
18808, 5, 5 
59212, 5, 5 
35310, 5, 5 
15918, 5, 5 
45711, 5, 5 
30991, 5, 5 
53947, 5, 5 
6840, 5, 5 
47951, 5, 5 
40434, 5, 5 
33968, 5, 5 
496, 5, 5 
39230, 5, 5 
10814, 5, 5 
6786, 5, 5 
49935, 5, 5 
50786, 5, 5 
5440, 5, 5 
45933, 5, 5 
25158, 5, 5 
26621, 5, 5 
4625, 5, 5 
51283, 5, 5 
20125, 5, 5 
58040, 5, 5 
21184, 5, 5 
39424, 5, 5 
15884, 5, 5 
59618, 5, 5 
33365, 5, 5 
54446, 5, 5 
51692, 5, 5 
31022, 5, 5 
22393, 5, 5 
36987, 5, 5 
31424, 5, 5 
20006, 5, 5 
10804, 5, 5 
27997, 5, 5 
3275, 5, 5 
25623, 5, 5 
23434, 5, 5 
56054, 5, 5 
18897, 5, 5 
16364, 5, 5 
6644, 5, 5 
57240, 5, 5 
21093, 5, 5 
7591, 5, 5 
30125, 5, 5 
31186, 5, 5 
38628, 5, 5 
43409, 5, 5 
8414, 5, 5 
58872, 5, 5 
6217, 5, 5 
7640, 5, 5 
52003, 5, 5 
50263, 5, 5 
40489, 5, 5 
58005, 5, 5 
16692, 5, 5 
35420, 5, 5 
5887, 5, 5 
7032, 5, 5 
25223, 5, 5 
12470, 5, 5 
56804, 5, 5 
16426, 5, 5 
50677, 5, 5 
46469, 5, 5 
38433, 5, 5 
15579, 5, 5 
7592, 5, 5 
58130, 5, 5 
1062, 5, 5 
6096, 5, 5 
20922, 5, 5 
51367, 5, 5 
25711, 5, 5 
4251, 6, 6 
43545, 6, 6 
59687, 6, 6 
59531, 6, 6 
49659, 6, 6 
57314, 6, 6 
33397, 6, 6 
25769, 6, 6 
29813, 6, 6 
55584, 6, 6 
5848, 6, 6 
24214, 6, 6 
35033, 6, 6 
5290, 6, 6 
12728, 6, 6 
49711, 6, 6 
3297, 6, 6 
33209, 6, 6 
47738, 6, 6 
41167, 6, 6 
5721, 6, 6 
44843, 6, 6 
19349, 6, 6 
58043, 6, 6 
46205, 6, 6 
47962, 6, 6 
48505, 6, 6 
39336, 6, 6 
5684, 6, 6 
2062, 6, 6 
17075, 6, 6 
21226, 6, 6 
35579, 6, 6 
57802, 6, 6 
54255, 6, 6 
33588, 6, 6 
7785, 6, 6 
21473, 6, 6 
5780, 6, 6 
8481, 6, 6 
55168, 6, 6 
48409, 6, 6 
15756, 6, 6 
23900, 6, 6 
48082, 6, 6 
7593, 6, 6 
57565, 6, 6 
794, 6, 6 
12744, 6, 6 
45622, 6, 6 
39601, 6, 6 
53993, 6, 6 
4198, 6, 6 
17783, 6, 6 
26754, 6, 6 
33585, 6, 6 
40828, 6, 6 
42335, 6, 6 
30312, 6, 6 
27275, 6, 6 
40741, 6, 6 
27175, 6, 6 
17636, 6, 6 
39406, 6, 6 
29647, 6, 6 
25340, 6, 6 
21434, 6, 6 
23453, 6, 6 
48156, 6, 6 
56231, 6, 6 
46189, 6, 6 
26576, 6, 6 
26884, 6, 6 
23126, 6, 6 
57456, 6, 6 
31705, 6, 6 
18447, 6, 6 
26657, 6, 6 
43720, 6, 6 
31152, 6, 6 
3919, 6, 6 
25636, 6, 6 
39212, 6, 6 
36237, 6, 6 
23247, 6, 6 
22561, 6, 6 
3364, 6, 6 
93, 6, 6 
44309, 6, 6 
33100, 6, 6 
22091, 6, 6 
38342, 6, 6 
24030, 6, 6 
26677, 6, 6 
47147, 6, 6 
25076, 6, 6 
16054, 6, 6 
52504, 6, 6 
42905, 6, 6 
34009, 6, 6 
17626, 6, 6 
33242, 6, 6 
51400, 6, 6 
47018, 6, 6 
39, 6, 6 
23258, 6, 6 
12088, 6, 6 
58271, 6, 6 
14989, 6, 6 
40433, 6, 6 
40979, 6, 6 
11401, 6, 6 
31147, 6, 6 
8057, 6, 6 
8004, 6, 6 
35154, 6, 6 
29568, 6, 6 
8064, 6, 6 
43655, 6, 6 
7064, 6, 6 
22806, 6, 6 
59785, 6, 6 
681, 6, 6 
3524, 6, 6 
59463, 6, 6 
23949, 6, 6 
56015, 6, 6 
8733, 6, 6 
53775, 6, 6 
944, 6, 6 
47415, 6, 6 
56582, 6, 6 
58291, 6, 6 
50343, 6, 6 
48427, 6, 6 
55551, 6, 6 
52441, 6, 6 
10754, 6, 6 
39164, 6, 6 
32050, 6, 6 
42571, 6, 6 
38190, 6, 6 
770, 6, 6 
488, 6, 6 
51687, 6, 6 
12480, 6, 6 
6963, 6, 6 
29774, 6, 6 
16538, 6, 6 
2035, 6, 6 
28616, 6, 6 
32230, 6, 6 
26777, 6, 6 
49524, 6, 6 
49539, 6, 6 
9123, 6, 6 
58732, 6, 6 
42714, 6, 6 
46732, 6, 6 
25059, 6, 6 
5634, 6, 6 
2573, 6, 6 
55219, 6, 6 
11347, 6, 6 
53463, 6, 6 
37044, 6, 6 
11386, 6, 6 
58304, 6, 6 
52856, 6, 6 
46096, 6, 6 
31620, 6, 6 
23356, 6, 6 
32242, 6, 6 
42530, 6, 6 
15672, 6, 6 
29140, 6, 6 
8121, 6, 6 
28698, 6, 6 
4572, 6, 6 
33015, 6, 6 
26938, 6, 6 
28104, 6, 6 
25345, 6, 6 
9659, 6, 6 
33207, 6, 6 
37177, 6, 6 
54830, 6, 6 
51378, 6, 6 
3187, 6, 6 
36049, 6, 6 
23125, 6, 6 
33454, 6, 6 
11448, 6, 6 
16378, 6, 6 
45856, 6, 6 
35726, 6, 6 
32754, 6, 6 
23577, 6, 6 
46632, 6, 6 
9828, 6, 6 
25314, 7, 7 
16143, 7, 7 
6050, 7, 7 
15577, 7, 7 
3915, 7, 7 
24141, 7, 7 
59908, 7, 7 
898, 7, 7 
57643, 7, 7 
11435, 7, 7 
32844, 7, 7 
19658, 7, 7 
26659, 7, 7 
59745, 7, 7 
48593, 7, 7 
34267, 7, 7 
31991, 7, 7 
47485, 7, 7 
25985, 7, 7 
45871, 7, 7 
44246, 7, 7 
47399, 7, 7 
41851, 7, 7 
52736, 7, 7 
54176, 7, 7 
52991, 7, 7 
18720, 7, 7 
44417, 7, 7 
27194, 7, 7 
24362, 7, 7 
14573, 7, 7 
6319, 7, 7 
14004, 7, 7 
43990, 7, 7 
45180, 7, 7 
40018, 7, 7 
51000, 7, 7 
36969, 7, 7 
27235, 7, 7 
16641, 7, 7 
49093, 7, 7 
44145, 7, 7 
37525, 7, 7 
56112, 7, 7 
686, 7, 7 
57646, 7, 7 
56531, 7, 7 
14032, 7, 7 
21222, 7, 7 
4893, 7, 7 
29888, 7, 7 
11220, 7, 7 
52137, 7, 7 
52302, 7, 7 
29509, 7, 7 
7278, 7, 7 
43763, 7, 7 
29786, 7, 7 
44737, 7, 7 
34972, 7, 7 
15939, 7, 7 
3863, 7, 7 
55413, 7, 7 
45483, 7, 7 
17833, 7, 7 
33362, 7, 7 
39586, 7, 7 
36823, 7, 7 
9711, 7, 7 
23507, 7, 7 
20155, 7, 7 
50278, 7, 7 
10181, 7, 7 
50732, 7, 7 
19912, 7, 7 
9878, 7, 7 
29964, 7, 7 
15954, 7, 7 
21148, 7, 7 
41472, 7, 7 
43710, 7, 7 
47161, 7, 7 
20576, 7, 7 
3442, 7, 7 
22955, 7, 7 
38338, 7, 7 
54396, 7, 7 
33525, 7, 7 
4734, 7, 7 
6358, 7, 7 
51802, 7, 7 
21937, 7, 7 
13744, 7, 7 
2427, 7, 7 
39399, 7, 7 
24571, 7, 7 
28117, 7, 7 
45930, 7, 7 
55216, 7, 7 
44835, 7, 7 
50234, 7, 7 
44322, 7, 7 
50380, 7, 7 
3140, 7, 7 
9162, 7, 7 
5912, 7, 7 
560, 7, 7 
43390, 7, 7 
24675, 7, 7 
27005, 7, 7 
45663, 7, 7 
35371, 7, 7 
48453, 7, 7 
18449, 7, 7 
41061, 7, 7 
31643, 7, 7 
45735, 7, 7 
48619, 7, 7 
15204, 7, 7 
10077, 7, 7 
34825, 7, 7 
17177, 7, 7 
40344, 7, 7 
51344, 7, 7 
12007, 7, 7 
59360, 7, 7 
40794, 7, 7 
42549, 7, 7 
15646, 7, 7 
18855, 7, 7 
29325, 7, 7 
18681, 7, 7 
8849, 7, 7 
10014, 7, 7 
5387, 7, 7 
25649, 7, 7 
52339, 7, 7 
1547, 7, 7 
41221, 7, 7 
11703, 7, 7 
46875, 7, 7 
40663, 7, 7 
42639, 7, 7 
10496, 7, 7 
44323, 7, 7 
11528, 7, 7 
13571, 7, 7 
8758, 7, 7 
26589, 7, 7 
19842, 7, 7 
15932, 7, 7 
13292, 7, 7 
1746, 7, 7 
13382, 7, 7 
24505, 7, 7 
45844, 7, 7 
53227, 7, 7 
31510, 7, 7 
7362, 7, 7 
35957, 7, 7 
21816, 7, 7 
31533, 7, 7 
4545, 7, 7 
38836, 7, 7 
24873, 7, 7 
58788, 7, 4 
22301, 7, 7 
12287, 7, 7 
3899, 7, 7 
29694, 7, 7 
50075, 7, 7 
23803, 7, 7 
31713, 7, 7 
18682, 7, 7 
40838, 7, 7 
17615, 7, 7 
17963, 7, 7 
56900, 7, 7 
10202, 7, 7 
44774, 7, 7 
33618, 7, 7 
28745, 7, 7 
35337, 7, 7 
30531, 7, 7 
21258, 7, 7 
23849, 7, 7 
6248, 7, 7 
41026, 7, 7 
46462, 7, 7 
59348, 7, 7 
4227, 7, 7 
52497, 7, 7 
16226, 7, 7 
36758, 7, 7 
34807, 7, 7 
54274, 7, 7 
45097, 7, 7 
59172, 7, 7 
19809, 7, 7 
10969, 7, 7 
37030, 8, 8 
40626, 8, 8 
33946, 8, 8 
45971, 8, 8 
58777, 8, 8 
13378, 8, 8 
23948, 8, 8 
16611, 8, 8 
52483, 8, 8 
55132, 8, 8 
30510, 8, 8 
11028, 8, 8 
10551, 8, 8 
22494, 8, 8 
39238, 8, 8 
46226, 8, 8 
45493, 8, 8 
38587, 8, 8 
14975, 8, 8 
26805, 8, 8 
8535, 8, 8 
34804, 8, 8 
19988, 8, 8 
58709, 8, 8 
43930, 8, 8 
20539, 8, 8 
52468, 8, 8 
6437, 8, 8 
7871, 8, 8 
24344, 8, 8 
29596, 8, 8 
1873, 8, 8 
34437, 8, 8 
46876, 8, 8 
21188, 8, 8 
36099, 8, 8 
14728, 8, 8 
25455, 8, 8 
51341, 8, 8 
20732, 8, 8 
18521, 8, 8 
56082, 8, 8 
46631, 8, 8 
46658, 8, 8 
17743, 8, 8 
6604, 8, 8 
15430, 8, 8 
43091, 8, 8 
16114, 8, 8 
38638, 8, 8 
4381, 8, 8 
29702, 8, 8 
34870, 8, 8 
32733, 8, 8 
7636, 8, 8 
22292, 8, 8 
50988, 8, 8 
46399, 8, 8 
47151, 8, 8 
50001, 8, 8 
44180, 8, 8 
42813, 8, 8 
58817, 8, 8 
27606, 8, 8 
17672, 8, 8 
46927, 8, 8 
22286, 8, 8 
10856, 8, 8 
33205, 8, 8 
33890, 8, 8 
439, 8, 8 
51272, 8, 8 
31333, 8, 8 
51803, 8, 8 
29090, 8, 8 
44122, 8, 8 
46231, 8, 8 
34397, 8, 8 
19877, 8, 8 
41218, 8, 8 
5299, 8, 8 
19570, 8, 8 
35036, 8, 8 
13812, 8, 8 
56091, 8, 8 
32766, 8, 8 
50307, 8, 8 
56544, 8, 8 
1943, 8, 8 
18368, 8, 8 
20062, 8, 8 
55683, 8, 8 
12317, 8, 8 
54054, 8, 8 
831, 8, 8 
28526, 8, 8 
3438, 8, 8 
10800, 8, 8 
19826, 8, 8 
10694, 8, 8 
50178, 8, 8 
29722, 8, 8 
38069, 8, 8 
47967, 8, 8 
43051, 8, 8 
30964, 8, 8 
46338, 8, 8 
16179, 8, 8 
31206, 8, 8 
25018, 8, 8 
38489, 8, 8 
52070, 8, 8 
19131, 8, 8 
45639, 8, 8 
21723, 8, 8 
1598, 8, 8 
44913, 8, 8 
13605, 8, 8 
8746, 8, 8 
29162, 8, 8 
40856, 8, 8 
23064, 8, 8 
7453, 8, 8 
21432, 8, 8 
34061, 8, 8 
10889, 8, 8 
41712, 8, 8 
53312, 8, 8 
11160, 8, 8 
32011, 8, 8 
41153, 8, 8 
14474, 8, 8 
27121, 8, 8 
55491, 8, 8 
19777, 8, 8 
19350, 8, 8 
49756, 8, 8 
12974, 8, 8 
57493, 8, 8 
40467, 8, 8 
32774, 8, 8 
39277, 8, 8 
37783, 8, 8 
333, 8, 8 
28390, 8, 8 
35025, 8, 8 
34029, 8, 8 
50548, 8, 8 
34669, 8, 8 
10738, 8, 8 
14611, 8, 8 
9008, 8, 8 
49704, 8, 8 
35246, 8, 8 
44874, 8, 8 
29178, 8, 8 
51008, 8, 8 
54308, 8, 8 
4147, 8, 8 
27964, 8, 8 
26672, 8, 8 
25686, 8, 8 
54636, 8, 8 
30162, 8, 8 
3003, 8, 8 
20269, 8, 8 
50860, 8, 8 
59402, 8, 8 
44320, 8, 8 
37278, 8, 8 
43687, 8, 8 
28495, 8, 8 
12778, 8, 4 
40146, 8, 8 
31334, 8, 8 
47309, 8, 8 
19582, 8, 8 
5537, 8, 8 
12335, 8, 8 
1783, 8, 8 
528, 8, 8 
28851, 8, 8 
36677, 8, 8 
49677, 8, 8 
52303, 8, 8 
58028, 8, 8 
26115, 8, 8 
14226, 8, 8 
2679, 8, 8 
28419, 8, 8 
10281, 8, 8 
18047, 8, 8 
44467, 8, 8 
28687, 8, 8 
24370, 8, 8 
38387, 8, 8 
38420, 8, 8 
42478, 8, 8 
2685, 8, 8 
53774, 8, 8 
42306, 9, 9 
42367, 9, 9 
9771, 9, 9 
52712, 9, 9 
9503, 9, 9 
24759, 9, 9 
46161, 9, 9 
45785, 9, 9 
43086, 9, 9 
30977, 9, 9 
55778, 9, 9 
2696, 9, 9 
25216, 9, 9 
6074, 9, 9 
17793, 9, 9 
39571, 9, 9 
45007, 9, 9 
9304, 9, 9 
50239, 9, 9 
20031, 9, 9 
30922, 9, 9 
19757, 9, 9 
30660, 9, 9 
5943, 9, 9 
10539, 9, 9 
5172, 9, 9 
52009, 9, 9 
42642, 9, 9 
34975, 9, 9 
51022, 9, 9 
12739, 9, 9 
4056, 9, 9 
974, 9, 9 
15018, 9, 9 
43325, 9, 9 
27519, 9, 9 
53045, 9, 9 
28592, 9, 9 
49870, 9, 9 
50593, 9, 9 
51156, 9, 9 
26486, 9, 9 
8442, 9, 9 
4754, 9, 9 
46100, 9, 9 
45380, 9, 9 
56760, 9, 9 
43237, 9, 9 
17377, 9, 9 
3348, 9, 9 
54989, 9, 9 
13739, 9, 9 
35182, 9, 9 
31939, 9, 9 
33696, 9, 9 
11465, 9, 9 
49298, 9, 9 
48388, 9, 4 
929, 9, 9 
54076, 9, 9 
55783, 9, 9 
7194, 9, 9 
32916, 9, 9 
21445, 9, 9 
3867, 9, 9 
55406, 9, 9 
47456, 9, 9 
26155, 9, 9 
19428, 9, 9 
18562, 9, 9 
772, 9, 9 
5577, 9, 9 
56690, 9, 9 
43253, 9, 9 
8586, 9, 9 
50833, 9, 9 
20505, 9, 9 
18738, 9, 9 
9191, 9, 9 
55599, 9, 9 
52943, 9, 9 
1307, 9, 9 
1884, 9, 9 
10495, 9, 9 
59243, 9, 9 
45793, 9, 9 
55859, 9, 9 
12240, 9, 9 
17398, 9, 9 
56425, 9, 9 
39621, 9, 9 
14217, 9, 9 
8654, 9, 9 
29655, 9, 9 
33756, 9, 9 
13936, 9, 9 
29502, 9, 9 
50248, 9, 9 
16521, 9, 9 
55539, 9, 9 
27884, 9, 9 
12792, 9, 9 
32930, 9, 9 
26177, 9, 9 
37391, 9, 9 
4362, 9, 9 
44769, 9, 9 
37306, 9, 9 
46477, 9, 9 
12305, 9, 9 
12946, 9, 9 
9751, 9, 9 
32366, 9, 9 
30620, 9, 9 
27037, 9, 9 
55849, 9, 9 
16846, 9, 9 
45232, 9, 9 
44430, 9, 9 
58013, 9, 9 
50854, 9, 9 
43185, 9, 9 
33855, 9, 9 
13806, 9, 9 
41135, 9, 9 
35292, 9, 9 
53951, 9, 9 
31818, 9, 9 
10839, 9, 9 
58616, 9, 9 
37887, 9, 9 
45242, 9, 9 
16561, 9, 9 
52651, 9, 9 
10305, 9, 9 
27846, 9, 9 
43667, 9, 9 
2795, 9, 9 
53044, 9, 9 
38950, 9, 9 
55370, 9, 9 
51812, 9, 9 
46985, 9, 9 
2793, 9, 9 
58828, 9, 9 
8510, 9, 9 
34330, 9, 8 
50557, 9, 9 
44400, 9, 9 
45980, 9, 4 
57623, 9, 9 
14479, 9, 9 
19085, 9, 9 
45762, 9, 9 
55571, 9, 9 
45345, 9, 9 
47547, 9, 9 
27839, 9, 9 
19885, 9, 9 
3121, 9, 9 
29371, 9, 9 
1878, 9, 9 
53964, 9, 9 
46193, 9, 9 
50029, 9, 9 
31605, 9, 9 
39370, 9, 9 
44863, 9, 9 
59147, 9, 9 
7773, 9, 9 
40628, 9, 9 
53267, 9, 9 
39247, 9, 9 
55600, 9, 9 
45084, 9, 9 
33862, 9, 9 
1142, 9, 9 
37877, 9, 9 
9728, 9, 9 
49313, 9, 9 
26748, 9, 4 
54993, 9, 9 
15709, 9, 9 
3847, 9, 9 
34321, 9, 9 
20700, 9, 9 
23467, 9, 9 
17707, 9, 9 
13115, 9, 9 
22283, 9, 9 
56708, 9, 9 
18653, 9, 9 
1221, 9, 9 
43167, 9, 9 
12368, 9, 9 
57732, 9, 9 
25865, 9, 9 
19412, 9, 9 
35296, 9, 9 
55464, 9, 9 
