id, true label, predicted label 
51925, 0, 0 
14668, 0, 0 
13175, 0, 0 
13206, 0, 0 
8021, 0, 0 
4624, 0, 0 
42797, 0, 0 
22111, 0, 0 
37467, 0, 0 
47079, 0, 0 
49429, 0, 0 
33847, 0, 0 
53937, 0, 0 
36783, 0, 2 
51499, 0, 0 
27811, 0, 0 
464, 0, 0 
55366, 0, 0 
22601, 0, 0 
22441, 0, 0 
6629, 0, 0 
46090, 0, 0 
59557, 0, 0 
19009, 0, 0 
7012, 0, 0 
28923, 0, 0 
29446, 0, 0 
56949, 0, 0 
41052, 0, 0 
7373, 0, 0 
42224, 0, 0 
14937, 0, 0 
2051, 0, 0 
26343, 0, 0 
37980, 0, 0 
54835, 0, 0 
12690, 0, 0 
34773, 0, 0 
15890, 0, 0 
44344, 0, 0 
41485, 0, 0 
16460, 0, 0 
51866, 0, 0 
5147, 0, 0 
27492, 0, 0 
14097, 0, 0 
23023, 0, 0 
11902, 0, 0 
33257, 0, 0 
9422, 0, 0 
42157, 0, 0 
20095, 0, 0 
32785, 0, 0 
22877, 0, 0 
5622, 0, 0 
28122, 0, 0 
45349, 0, 0 
47135, 0, 0 
49575, 0, 0 
46430, 0, 0 
42925, 0, 0 
39504, 0, 0 
24121, 0, 0 
6663, 0, 0 
35488, 0, 0 
30087, 0, 0 
46810, 0, 0 
37425, 0, 0 
39050, 0, 0 
49953, 0, 0 
2839, 0, 0 
51215, 0, 0 
17411, 0, 0 
37954, 0, 0 
49185, 0, 0 
39710, 0, 0 
53173, 0, 0 
34014, 0, 0 
55541, 0, 0 
11780, 0, 0 
56755, 0, 0 
30480, 0, 0 
32966, 0, 0 
790, 0, 0 
39023, 0, 0 
6179, 0, 0 
1798, 0, 0 
42448, 0, 0 
50643, 0, 0 
48287, 0, 0 
34771, 0, 2 
16928, 0, 0 
50070, 0, 0 
58897, 0, 0 
57720, 0, 0 
30071, 0, 0 
825, 0, 0 
42402, 0, 0 
44040, 0, 2 
53537, 0, 0 
1600, 0, 0 
48274, 0, 0 
55622, 0, 0 
33427, 0, 0 
2539, 0, 0 
24103, 0, 0 
23289, 0, 0 
51505, 0, 0 
42245, 0, 0 
36371, 0, 0 
54010, 0, 0 
42783, 0, 0 
36090, 0, 0 
36260, 0, 0 
27401, 0, 0 
12880, 0, 0 
55805, 0, 0 
32036, 0, 0 
7055, 0, 0 
17335, 0, 0 
38865, 0, 0 
6538, 0, 0 
15580, 0, 0 
39956, 0, 0 
19061, 0, 0 
30787, 0, 0 
19027, 0, 0 
37252, 0, 0 
38043, 0, 0 
26843, 0, 0 
35971, 0, 0 
34457, 0, 0 
9703, 0, 0 
13544, 0, 0 
45769, 0, 0 
17095, 0, 0 
3541, 0, 0 
39960, 0, 0 
39498, 0, 0 
6045, 0, 0 
26903, 0, 0 
35275, 0, 0 
3610, 0, 0 
10407, 0, 0 
52105, 0, 0 
2352, 0, 0 
31490, 0, 0 
12219, 0, 0 
49278, 0, 0 
20661, 0, 0 
18425, 0, 0 
54445, 0, 0 
19979, 0, 0 
17581, 0, 0 
17327, 0, 0 
39801, 0, 0 
7934, 0, 0 
50328, 0, 0 
52797, 0, 0 
8193, 0, 0 
33522, 0, 0 
12324, 0, 0 
47267, 0, 0 
15530, 0, 0 
15904, 0, 0 
38110, 0, 0 
36734, 0, 0 
50566, 0, 0 
44958, 0, 0 
26979, 0, 0 
30932, 0, 0 
37047, 0, 0 
10240, 0, 0 
3143, 0, 0 
23499, 0, 0 
54351, 0, 0 
16244, 0, 0 
41156, 0, 0 
23067, 0, 0 
19857, 0, 0 
39360, 0, 0 
49601, 0, 0 
43463, 0, 0 
12927, 0, 0 
53747, 0, 0 
50990, 0, 0 
14089, 0, 0 
33302, 0, 0 
18424, 0, 0 
55177, 0, 0 
41534, 0, 0 
57176, 0, 0 
28457, 0, 0 
26712, 0, 0 
22603, 0, 0 
13583, 0, 0 
53487, 0, 0 
27462, 0, 0 
13347, 0, 0 
36040, 0, 0 
33663, 1, 1 
40359, 1, 1 
5239, 1, 1 
27677, 1, 1 
2725, 1, 1 
32326, 1, 1 
6931, 1, 1 
1197, 1, 1 
28673, 1, 1 
18053, 1, 1 
15696, 1, 1 
16876, 1, 1 
42404, 1, 1 
34926, 1, 1 
19901, 1, 1 
45078, 1, 1 
3878, 1, 1 
59728, 1, 1 
13985, 1, 1 
42412, 1, 1 
58155, 1, 1 
28349, 1, 1 
43764, 1, 1 
30940, 1, 1 
16236, 1, 1 
43746, 1, 1 
20987, 1, 1 
37182, 1, 1 
44198, 1, 1 
10624, 1, 1 
52965, 1, 1 
33025, 1, 1 
48024, 1, 1 
24580, 1, 1 
6682, 1, 1 
2937, 1, 1 
26492, 1, 1 
15786, 1, 1 
19991, 1, 1 
16385, 1, 1 
31264, 1, 2 
19742, 1, 1 
54468, 1, 1 
4953, 1, 1 
7421, 1, 1 
15803, 1, 1 
3440, 1, 1 
3546, 1, 1 
24102, 1, 1 
43761, 1, 1 
44207, 1, 1 
30471, 1, 1 
23585, 1, 1 
41205, 1, 1 
48273, 1, 1 
11522, 1, 1 
46159, 1, 1 
37213, 1, 1 
49326, 1, 1 
16742, 1, 1 
53521, 1, 1 
57453, 1, 1 
53004, 1, 1 
8423, 1, 1 
50489, 1, 1 
13372, 1, 1 
34334, 1, 1 
45907, 1, 1 
28828, 1, 1 
37732, 1, 1 
25268, 1, 1 
23647, 1, 1 
48335, 1, 1 
36933, 1, 1 
41392, 1, 1 
41073, 1, 1 
2920, 1, 1 
52342, 1, 1 
22025, 1, 1 
34169, 1, 1 
21682, 1, 1 
8166, 1, 1 
52451, 1, 1 
50788, 1, 1 
39950, 1, 1 
37463, 1, 1 
59902, 1, 1 
27136, 1, 1 
11249, 1, 1 
1717, 1, 1 
13201, 1, 1 
9181, 1, 1 
50225, 1, 1 
10468, 1, 1 
26225, 1, 1 
28649, 1, 1 
26495, 1, 1 
25416, 1, 1 
21401, 1, 1 
31511, 1, 1 
9755, 1, 1 
9815, 1, 1 
45366, 1, 1 
7472, 1, 1 
49359, 1, 1 
22476, 1, 1 
26029, 1, 1 
26174, 1, 1 
25745, 1, 1 
26604, 1, 1 
573, 1, 1 
3456, 1, 1 
25042, 1, 1 
8402, 1, 1 
22785, 1, 1 
56772, 1, 1 
35661, 1, 1 
25758, 1, 1 
5933, 1, 1 
31739, 1, 1 
27025, 1, 1 
39049, 1, 1 
16855, 1, 1 
55594, 1, 1 
51833, 1, 1 
24714, 1, 1 
21740, 1, 1 
2831, 1, 1 
19639, 1, 1 
39912, 1, 1 
11057, 1, 1 
15099, 1, 1 
53610, 1, 1 
37014, 1, 1 
3725, 1, 1 
43336, 1, 1 
53436, 1, 1 
19090, 1, 1 
58083, 1, 1 
8903, 1, 1 
18259, 1, 1 
45909, 1, 1 
12734, 1, 1 
27256, 1, 1 
56470, 1, 1 
23037, 1, 1 
5859, 1, 1 
3771, 1, 1 
5675, 1, 1 
20409, 1, 1 
30614, 1, 9 
27455, 1, 1 
31323, 1, 1 
59112, 1, 1 
38311, 1, 1 
48368, 1, 1 
40644, 1, 2 
11268, 1, 1 
19068, 1, 1 
23097, 1, 1 
23390, 1, 1 
31048, 1, 1 
55499, 1, 1 
36240, 1, 1 
27262, 1, 1 
32704, 1, 1 
30244, 1, 1 
30143, 1, 1 
36995, 1, 1 
27410, 1, 1 
23885, 1, 1 
58662, 1, 1 
33266, 1, 1 
50083, 1, 1 
45546, 1, 1 
47583, 1, 1 
13369, 1, 1 
56559, 1, 1 
15903, 1, 1 
20643, 1, 1 
1252, 1, 1 
31870, 1, 1 
27831, 1, 1 
36892, 1, 1 
24567, 1, 1 
39550, 1, 1 
32054, 1, 1 
18050, 1, 1 
47910, 1, 1 
49265, 1, 1 
23462, 1, 1 
38328, 1, 1 
45572, 1, 1 
17586, 1, 1 
7761, 1, 1 
33310, 1, 1 
33942, 1, 1 
315, 1, 1 
47429, 1, 1 
42205, 1, 1 
27131, 2, 2 
56569, 2, 2 
33184, 2, 2 
31928, 2, 2 
27810, 2, 2 
59004, 2, 2 
55300, 2, 2 
20710, 2, 2 
23310, 2, 2 
13490, 2, 2 
38061, 2, 2 
1213, 2, 2 
9962, 2, 2 
42503, 2, 2 
27797, 2, 2 
23776, 2, 2 
8334, 2, 2 
56055, 2, 2 
584, 2, 2 
37484, 2, 2 
56558, 2, 2 
40044, 2, 2 
31837, 2, 2 
15228, 2, 2 
30569, 2, 2 
41469, 2, 2 
25927, 2, 2 
57500, 2, 2 
50527, 2, 2 
55528, 2, 2 
8204, 2, 2 
44374, 2, 2 
51016, 2, 2 
43826, 2, 2 
8292, 2, 2 
13031, 2, 2 
20247, 2, 2 
33666, 2, 2 
10657, 2, 2 
54134, 2, 2 
31807, 2, 2 
50802, 2, 2 
43513, 2, 2 
53799, 2, 2 
20042, 2, 2 
11621, 2, 2 
53744, 2, 2 
457, 2, 2 
51810, 2, 2 
56739, 2, 2 
44525, 2, 2 
58087, 2, 2 
41429, 2, 2 
42535, 2, 2 
21207, 2, 2 
53656, 2, 2 
13624, 2, 2 
31258, 2, 2 
30291, 2, 2 
27503, 2, 2 
52726, 2, 2 
25088, 2, 2 
51937, 2, 2 
45561, 2, 2 
52422, 2, 2 
34558, 2, 2 
43331, 2, 2 
59556, 2, 2 
8793, 2, 2 
20440, 2, 2 
24390, 2, 2 
48070, 2, 2 
13310, 2, 2 
18003, 2, 2 
59030, 2, 2 
45500, 2, 2 
58568, 2, 2 
40851, 2, 2 
35974, 2, 2 
7242, 2, 2 
54978, 2, 2 
36704, 2, 2 
8598, 2, 2 
5509, 2, 2 
25974, 2, 2 
30816, 2, 2 
36039, 2, 2 
10978, 2, 2 
16057, 2, 2 
42323, 2, 2 
20655, 2, 2 
13015, 2, 2 
15461, 2, 2 
29967, 2, 2 
26577, 2, 2 
11563, 2, 2 
11436, 2, 2 
6540, 2, 2 
53742, 2, 2 
11286, 2, 2 
9203, 2, 2 
22269, 2, 2 
23916, 2, 2 
40206, 2, 2 
4777, 2, 2 
27472, 2, 2 
11711, 2, 2 
45620, 2, 2 
21147, 2, 2 
53650, 2, 2 
24360, 2, 2 
17087, 2, 2 
8277, 2, 2 
37570, 2, 2 
49285, 2, 2 
59425, 2, 2 
3813, 2, 2 
38784, 2, 2 
18651, 2, 2 
16328, 2, 2 
40279, 2, 2 
11319, 2, 2 
32818, 2, 2 
199, 2, 2 
9098, 2, 2 
53692, 2, 2 
49790, 2, 2 
26562, 2, 2 
6846, 2, 2 
1255, 2, 2 
30690, 2, 2 
8154, 2, 2 
45439, 2, 2 
16497, 2, 2 
36846, 2, 2 
23675, 2, 2 
34964, 2, 2 
58670, 2, 2 
23457, 2, 2 
22612, 2, 2 
4914, 2, 2 
5481, 2, 2 
20715, 2, 2 
35494, 2, 2 
4514, 2, 2 
48640, 2, 2 
53878, 2, 2 
21784, 2, 2 
56785, 2, 2 
6764, 2, 2 
43743, 2, 2 
12875, 2, 2 
46951, 2, 2 
53269, 2, 2 
20867, 2, 2 
47688, 2, 2 
48686, 2, 2 
34521, 2, 2 
49434, 2, 2 
47024, 2, 2 
1841, 2, 2 
14108, 2, 2 
41721, 2, 2 
6289, 2, 2 
5241, 2, 2 
39074, 2, 2 
2125, 2, 2 
37187, 2, 2 
31616, 2, 2 
31555, 2, 2 
7207, 2, 2 
24520, 2, 2 
22864, 2, 2 
35110, 2, 2 
49702, 2, 2 
47565, 2, 2 
26956, 2, 2 
35685, 2, 2 
16200, 2, 2 
45852, 2, 2 
54951, 2, 2 
36694, 2, 2 
30976, 2, 2 
30122, 2, 2 
25618, 2, 2 
51275, 2, 2 
52812, 2, 2 
43649, 2, 2 
35035, 2, 2 
11667, 2, 2 
15055, 2, 2 
12263, 2, 2 
20446, 2, 2 
43974, 2, 2 
31493, 2, 2 
2377, 2, 2 
35215, 2, 2 
82, 2, 2 
20100, 2, 2 
844, 2, 2 
45327, 3, 3 
35703, 3, 3 
30124, 3, 3 
59119, 3, 3 
15292, 3, 3 
32885, 3, 3 
1158, 3, 3 
5433, 3, 3 
38529, 3, 3 
47592, 3, 3 
32194, 3, 3 
45474, 3, 3 
22493, 3, 3 
47643, 3, 3 
59436, 3, 2 
19633, 3, 3 
42235, 3, 3 
36566, 3, 3 
1348, 3, 3 
34387, 3, 3 
50529, 3, 3 
14577, 3, 3 
47090, 3, 3 
9679, 3, 3 
15857, 3, 3 
40691, 3, 3 
10141, 3, 3 
35015, 3, 3 
12836, 3, 3 
19246, 3, 3 
50688, 3, 3 
6601, 3, 3 
15651, 3, 3 
40517, 3, 3 
27282, 3, 3 
52697, 3, 3 
50644, 3, 3 
16831, 3, 3 
21306, 3, 3 
35874, 3, 3 
25413, 3, 3 
808, 3, 3 
8756, 3, 3 
36227, 3, 3 
4271, 3, 3 
3920, 3, 3 
30093, 3, 3 
58785, 3, 3 
58001, 3, 3 
59914, 3, 3 
32990, 3, 3 
50735, 3, 3 
25671, 3, 3 
57009, 3, 3 
51142, 3, 3 
37017, 3, 3 
43782, 3, 3 
16940, 3, 9 
1872, 3, 3 
37383, 3, 3 
36324, 3, 3 
43252, 3, 3 
37205, 3, 3 
613, 3, 3 
15097, 3, 3 
37266, 3, 3 
56616, 3, 3 
2468, 3, 3 
5408, 3, 3 
15139, 3, 3 
13879, 3, 3 
33299, 3, 3 
11138, 3, 3 
59239, 3, 3 
14262, 3, 3 
20203, 3, 3 
56495, 3, 3 
24386, 3, 3 
52924, 3, 3 
37689, 3, 3 
19238, 3, 3 
36709, 3, 3 
24931, 3, 3 
2941, 3, 3 
4510, 3, 3 
2816, 3, 3 
26311, 3, 3 
37604, 3, 3 
1449, 3, 3 
2652, 3, 3 
12527, 3, 3 
33421, 3, 3 
32031, 3, 3 
50935, 3, 3 
5573, 3, 3 
8055, 3, 3 
17908, 3, 3 
48465, 3, 3 
15388, 3, 3 
8710, 3, 3 
12761, 3, 3 
52692, 3, 3 
34203, 3, 3 
17139, 3, 3 
56921, 3, 3 
27172, 3, 2 
12700, 3, 3 
46247, 3, 8 
46566, 3, 3 
40100, 3, 3 
8816, 3, 3 
4001, 3, 3 
23227, 3, 3 
19337, 3, 3 
47007, 3, 3 
58760, 3, 3 
12901, 3, 3 
26383, 3, 3 
59046, 3, 3 
27856, 3, 3 
15639, 3, 3 
21582, 3, 3 
58298, 3, 3 
36082, 3, 3 
58431, 3, 3 
6497, 3, 3 
45774, 3, 3 
12981, 3, 3 
29089, 3, 3 
20430, 3, 3 
54250, 3, 3 
9916, 3, 3 
30306, 3, 3 
43563, 3, 3 
34208, 3, 3 
9482, 3, 3 
6662, 3, 3 
58311, 3, 3 
46449, 3, 3 
25191, 3, 3 
2489, 3, 3 
39125, 3, 3 
15080, 3, 3 
15762, 3, 3 
54772, 3, 3 
36078, 3, 3 
9006, 3, 3 
14236, 3, 3 
39445, 3, 3 
32665, 3, 3 
15937, 3, 3 
2174, 3, 3 
22668, 3, 3 
19438, 3, 3 
52828, 3, 7 
56535, 3, 3 
46280, 3, 3 
7701, 3, 3 
48701, 3, 3 
49324, 3, 3 
37197, 3, 3 
42954, 3, 3 
4956, 3, 3 
59467, 3, 3 
22058, 3, 3 
28528, 3, 3 
39961, 3, 3 
32563, 3, 3 
10678, 3, 3 
23649, 3, 3 
42508, 3, 3 
48798, 3, 3 
18225, 3, 3 
53084, 3, 3 
35531, 3, 3 
31283, 3, 3 
57194, 3, 3 
48386, 3, 3 
55999, 3, 3 
13957, 3, 3 
25328, 3, 3 
44504, 3, 3 
42423, 3, 3 
14851, 3, 3 
7433, 3, 3 
5547, 3, 3 
31636, 3, 3 
53419, 3, 3 
54660, 3, 3 
24943, 3, 3 
46807, 3, 3 
36604, 3, 3 
57879, 3, 3 
46208, 3, 3 
42931, 3, 9 
33590, 3, 3 
55062, 3, 3 
53815, 3, 3 
659, 3, 3 
20616, 3, 3 
51703, 4, 4 
39743, 4, 4 
56106, 4, 4 
19666, 4, 4 
15035, 4, 4 
15456, 4, 4 
531, 4, 4 
56596, 4, 9 
27914, 4, 4 
52344, 4, 4 
37392, 4, 4 
35075, 4, 4 
9513, 4, 4 
222, 4, 4 
44584, 4, 4 
20251, 4, 4 
15784, 4, 4 
8412, 4, 4 
39667, 4, 4 
51374, 4, 4 
22660, 4, 4 
10888, 4, 4 
24601, 4, 4 
56893, 4, 4 
10636, 4, 4 
8495, 4, 4 
30861, 4, 4 
11783, 4, 4 
3837, 4, 4 
706, 4, 4 
17018, 4, 4 
38227, 4, 4 
41724, 4, 4 
52727, 4, 4 
14542, 4, 4 
19922, 4, 4 
4636, 4, 9 
46798, 4, 4 
9632, 4, 4 
17450, 4, 4 
27517, 4, 4 
44459, 4, 4 
39607, 4, 4 
46022, 4, 4 
11495, 4, 4 
29442, 4, 4 
32560, 4, 4 
49138, 4, 4 
30052, 4, 4 
19484, 4, 4 
50737, 4, 4 
3739, 4, 4 
33679, 4, 4 
34281, 4, 4 
18436, 4, 4 
55976, 4, 4 
24530, 4, 4 
47326, 4, 4 
37239, 4, 4 
54374, 4, 4 
46415, 4, 4 
16605, 4, 4 
4798, 4, 4 
28492, 4, 4 
5038, 4, 4 
29115, 4, 4 
21263, 4, 4 
3110, 4, 4 
41906, 4, 4 
34290, 4, 4 
11144, 4, 4 
58986, 4, 4 
20468, 4, 4 
25479, 4, 4 
21181, 4, 4 
50712, 4, 4 
21951, 4, 4 
54156, 4, 4 
29600, 4, 4 
26217, 4, 4 
55285, 4, 4 
41440, 4, 4 
38262, 4, 4 
40950, 4, 4 
58780, 4, 4 
7637, 4, 4 
51820, 4, 4 
19378, 4, 4 
17573, 4, 4 
33894, 4, 4 
23896, 4, 4 
49005, 4, 4 
57709, 4, 4 
28124, 4, 4 
3877, 4, 4 
46995, 4, 4 
16438, 4, 4 
20219, 4, 4 
9392, 4, 4 
31940, 4, 4 
37295, 4, 4 
23837, 4, 4 
48120, 4, 4 
24901, 4, 4 
37516, 4, 4 
45391, 4, 4 
38407, 4, 4 
29588, 4, 6 
57938, 4, 4 
17926, 4, 4 
45950, 4, 4 
37907, 4, 4 
17822, 4, 4 
32056, 4, 4 
49692, 4, 4 
49162, 4, 4 
11323, 4, 4 
41109, 4, 4 
36540, 4, 4 
38363, 4, 4 
59126, 4, 4 
26111, 4, 4 
12192, 4, 4 
35989, 4, 4 
26458, 4, 4 
19599, 4, 4 
47001, 4, 4 
43364, 4, 4 
29910, 4, 4 
35913, 4, 4 
33248, 4, 4 
4205, 4, 4 
21888, 4, 4 
9026, 4, 4 
50547, 4, 4 
47823, 4, 4 
22402, 4, 4 
52748, 4, 4 
52384, 4, 4 
8207, 4, 4 
58847, 4, 4 
57043, 4, 4 
17536, 4, 4 
48087, 4, 4 
49874, 4, 4 
24869, 4, 4 
1261, 4, 4 
38372, 4, 4 
48962, 4, 4 
4379, 4, 4 
54813, 4, 4 
55597, 4, 4 
6804, 4, 4 
31774, 4, 4 
1704, 4, 4 
23103, 4, 4 
25790, 4, 9 
37846, 4, 4 
8587, 4, 4 
52279, 4, 4 
42181, 4, 9 
53945, 4, 4 
9595, 4, 4 
41569, 4, 4 
14739, 4, 4 
38757, 4, 4 
52642, 4, 4 
37395, 4, 4 
9586, 4, 4 
45565, 4, 4 
40450, 4, 4 
24174, 4, 4 
57840, 4, 4 
25845, 4, 4 
36202, 4, 4 
52734, 4, 4 
9993, 4, 4 
40946, 4, 4 
5580, 4, 4 
15703, 4, 4 
43531, 4, 4 
6729, 4, 4 
17417, 4, 4 
33805, 4, 4 
20794, 4, 4 
33740, 4, 4 
163, 4, 4 
17604, 4, 4 
15787, 4, 4 
1565, 4, 4 
39833, 4, 4 
52414, 4, 4 
36073, 4, 4 
45252, 4, 4 
9880, 4, 4 
23459, 4, 4 
48786, 4, 4 
55141, 4, 4 
24713, 4, 4 
14865, 4, 4 
7368, 5, 5 
56712, 5, 5 
53120, 5, 5 
58870, 5, 5 
12736, 5, 5 
38378, 5, 5 
9376, 5, 5 
21626, 5, 5 
11599, 5, 5 
2250, 5, 5 
15155, 5, 5 
26451, 5, 5 
22255, 5, 5 
35799, 5, 5 
19506, 5, 5 
3974, 5, 5 
7738, 5, 5 
38325, 5, 5 
9945, 5, 5 
57510, 5, 5 
6472, 5, 5 
25295, 5, 5 
24718, 5, 5 
14512, 5, 5 
11523, 5, 5 
9160, 5, 5 
44106, 5, 5 
15791, 5, 5 
6786, 5, 5 
15880, 5, 5 
45211, 5, 5 
38250, 5, 5 
47016, 5, 5 
19590, 5, 5 
17742, 5, 5 
52210, 5, 4 
47021, 5, 5 
10185, 5, 5 
32303, 5, 5 
38883, 5, 5 
25080, 5, 5 
28589, 5, 5 
24117, 5, 5 
12978, 5, 5 
3875, 5, 5 
23123, 5, 5 
2551, 5, 5 
55498, 5, 5 
2592, 5, 5 
26995, 5, 5 
9690, 5, 5 
4004, 5, 5 
20569, 5, 5 
41847, 5, 5 
47951, 5, 5 
43585, 5, 5 
13594, 5, 5 
50173, 5, 5 
41682, 5, 5 
54111, 5, 5 
39230, 5, 5 
18696, 5, 5 
48353, 5, 5 
26868, 5, 5 
22363, 5, 5 
6660, 5, 5 
16347, 5, 5 
55287, 5, 5 
56720, 5, 5 
37276, 5, 5 
58318, 5, 5 
44148, 5, 5 
21264, 5, 5 
41387, 5, 5 
45547, 5, 5 
3356, 5, 5 
23927, 5, 5 
34438, 5, 5 
55455, 5, 5 
12519, 5, 5 
34932, 5, 5 
56063, 5, 5 
56468, 5, 5 
57242, 5, 5 
49241, 5, 5 
53942, 5, 5 
53794, 5, 5 
40840, 5, 5 
6988, 5, 5 
27263, 5, 5 
51283, 5, 5 
51972, 5, 5 
41752, 5, 5 
35707, 5, 5 
2414, 5, 5 
50624, 5, 5 
6426, 5, 5 
4475, 5, 5 
32671, 5, 5 
9093, 5, 5 
22704, 5, 5 
3188, 5, 5 
40182, 5, 5 
37164, 5, 5 
20853, 5, 5 
34584, 5, 5 
28231, 5, 5 
8639, 5, 5 
6978, 5, 5 
8504, 5, 5 
24275, 5, 5 
7535, 5, 5 
15676, 5, 5 
11876, 5, 5 
39831, 5, 5 
38266, 5, 5 
31891, 5, 5 
53507, 5, 5 
29912, 5, 5 
22827, 5, 5 
44621, 5, 5 
55248, 5, 5 
32217, 5, 5 
31795, 5, 5 
13234, 5, 5 
37313, 5, 5 
21836, 5, 5 
9419, 5, 5 
23418, 5, 5 
12110, 5, 5 
26655, 5, 5 
43189, 5, 5 
26787, 5, 5 
10182, 5, 5 
22979, 5, 5 
48369, 5, 5 
19469, 5, 5 
21244, 5, 5 
32501, 5, 5 
36303, 5, 5 
38546, 5, 5 
20935, 5, 5 
15304, 5, 5 
42121, 5, 5 
23455, 5, 5 
6200, 5, 5 
6352, 5, 5 
4302, 5, 5 
7172, 5, 5 
55434, 5, 5 
32168, 5, 5 
2248, 5, 5 
396, 5, 5 
27253, 5, 5 
32674, 5, 5 
3563, 5, 5 
16490, 5, 5 
22729, 5, 5 
175, 5, 5 
21093, 5, 5 
16157, 5, 5 
58321, 5, 5 
34474, 5, 5 
41091, 5, 5 
48400, 5, 5 
53200, 5, 5 
58154, 5, 5 
45753, 5, 5 
13681, 5, 5 
21225, 5, 5 
47348, 5, 5 
26901, 5, 5 
51562, 5, 5 
27801, 5, 5 
57566, 5, 5 
610, 5, 5 
54015, 5, 5 
2758, 5, 5 
19497, 5, 5 
12940, 5, 5 
7112, 5, 5 
54131, 5, 5 
14096, 5, 5 
43175, 5, 5 
32200, 5, 5 
10904, 5, 5 
5028, 5, 5 
15273, 5, 5 
57251, 5, 5 
38628, 5, 5 
26467, 5, 5 
35545, 5, 5 
32533, 5, 5 
7321, 5, 5 
26283, 5, 5 
17436, 5, 5 
37609, 5, 5 
20601, 5, 5 
40599, 5, 5 
15000, 5, 5 
31343, 6, 6 
19624, 6, 6 
51641, 6, 6 
7549, 6, 6 
11635, 6, 6 
27807, 6, 6 
59008, 6, 6 
43518, 6, 6 
11684, 6, 6 
27303, 6, 6 
21103, 6, 6 
57860, 6, 6 
26382, 6, 6 
32357, 6, 6 
41316, 6, 6 
54215, 6, 6 
41995, 6, 6 
24685, 6, 6 
48867, 6, 6 
35204, 6, 6 
40137, 6, 6 
47492, 6, 6 
672, 6, 6 
45552, 6, 6 
33318, 6, 6 
14565, 6, 6 
33901, 6, 6 
9967, 6, 6 
9126, 6, 6 
12005, 6, 6 
16297, 6, 6 
25977, 6, 6 
21605, 6, 6 
55900, 6, 6 
19881, 6, 6 
32436, 6, 6 
46207, 6, 6 
45614, 6, 6 
14593, 6, 6 
28333, 6, 6 
42948, 6, 6 
26946, 6, 6 
43141, 6, 6 
8940, 6, 6 
33814, 6, 6 
4765, 6, 6 
27369, 6, 6 
5935, 6, 6 
18376, 6, 6 
39508, 6, 6 
54124, 6, 6 
4365, 6, 6 
33497, 6, 6 
44483, 6, 6 
45225, 6, 6 
14660, 6, 6 
23126, 6, 6 
13511, 6, 6 
38347, 6, 6 
44722, 6, 6 
9700, 6, 6 
1707, 6, 6 
3454, 6, 6 
33178, 6, 6 
33929, 6, 6 
47636, 6, 6 
9316, 6, 6 
49275, 6, 6 
32143, 6, 6 
32082, 6, 6 
42350, 6, 6 
11479, 6, 6 
24074, 6, 6 
32345, 6, 6 
16187, 6, 6 
35433, 6, 6 
51755, 6, 6 
11832, 6, 6 
18271, 6, 6 
10968, 6, 6 
31909, 6, 6 
26019, 6, 6 
59369, 6, 6 
11128, 6, 6 
658, 6, 6 
8225, 6, 6 
59892, 6, 6 
27204, 6, 6 
21008, 6, 6 
6119, 6, 6 
19037, 6, 6 
35055, 6, 6 
53336, 6, 6 
19984, 6, 6 
22424, 6, 6 
18576, 6, 6 
54403, 6, 6 
8461, 6, 6 
22191, 6, 6 
38980, 6, 6 
39837, 6, 6 
22962, 6, 6 
14172, 6, 6 
9460, 6, 6 
20957, 6, 6 
22385, 6, 6 
8407, 6, 6 
26796, 6, 6 
42409, 6, 6 
8121, 6, 6 
20512, 6, 6 
12191, 6, 6 
7641, 6, 6 
45757, 6, 6 
51857, 6, 6 
10855, 6, 6 
52560, 6, 6 
35206, 6, 6 
54771, 6, 6 
2723, 6, 6 
6396, 6, 6 
50670, 6, 6 
54150, 6, 6 
6732, 6, 6 
3294, 6, 6 
36581, 6, 6 
51476, 6, 6 
25798, 6, 6 
3136, 6, 6 
24832, 6, 6 
27405, 6, 6 
256, 6, 6 
9281, 6, 6 
44077, 6, 6 
35322, 6, 6 
11226, 6, 6 
6509, 6, 6 
39677, 6, 6 
9574, 6, 6 
34791, 6, 6 
38114, 6, 6 
50004, 6, 6 
52502, 6, 6 
52503, 6, 6 
49258, 6, 6 
40591, 6, 6 
44635, 6, 6 
30426, 6, 6 
38478, 6, 6 
49296, 6, 6 
12728, 6, 6 
44179, 6, 6 
53540, 6, 6 
2474, 6, 6 
55626, 6, 6 
15565, 6, 6 
48359, 6, 6 
11678, 6, 6 
13575, 6, 6 
6930, 6, 6 
46043, 6, 6 
40304, 6, 6 
23533, 6, 6 
41410, 6, 6 
54641, 6, 6 
59885, 6, 6 
37523, 6, 6 
2523, 6, 6 
10512, 6, 6 
40395, 6, 6 
6562, 6, 6 
14732, 6, 6 
29774, 6, 6 
7815, 6, 6 
55307, 6, 6 
44463, 6, 6 
48114, 6, 6 
39967, 6, 6 
37177, 6, 6 
29389, 6, 6 
35540, 6, 6 
14031, 6, 6 
40501, 6, 6 
14889, 6, 6 
44953, 6, 6 
34896, 6, 6 
9024, 6, 6 
24184, 6, 6 
38643, 6, 6 
2992, 6, 6 
36980, 6, 6 
52494, 6, 6 
13970, 6, 6 
47789, 6, 6 
11401, 6, 6 
51446, 6, 6 
58578, 6, 6 
47288, 6, 6 
49828, 6, 6 
43569, 6, 6 
6688, 7, 7 
13329, 7, 7 
26274, 7, 7 
27059, 7, 7 
39316, 7, 7 
35450, 7, 7 
57074, 7, 7 
12126, 7, 7 
4173, 7, 7 
43307, 7, 7 
11898, 7, 7 
20435, 7, 7 
52, 7, 7 
29625, 7, 7 
23951, 7, 7 
51532, 7, 7 
19221, 7, 7 
58272, 7, 7 
24041, 7, 7 
9603, 7, 7 
4984, 7, 7 
11092, 7, 7 
9416, 7, 7 
19625, 7, 7 
31997, 7, 7 
39026, 7, 7 
728, 7, 7 
21086, 7, 7 
36197, 7, 7 
6616, 7, 7 
48377, 7, 7 
32527, 7, 7 
22519, 7, 7 
6315, 7, 7 
41044, 7, 7 
49301, 7, 7 
14391, 7, 7 
20729, 7, 7 
33164, 7, 7 
3538, 7, 7 
57646, 7, 7 
49472, 7, 7 
39305, 7, 7 
24935, 7, 7 
56167, 7, 7 
3324, 7, 7 
32236, 7, 7 
44643, 7, 7 
9665, 7, 7 
8167, 7, 7 
58631, 7, 7 
43024, 7, 7 
27529, 7, 7 
21761, 7, 7 
14795, 7, 7 
30821, 7, 7 
22739, 7, 7 
53490, 7, 7 
30224, 7, 7 
17809, 7, 7 
25140, 7, 7 
15305, 7, 7 
47248, 7, 7 
28991, 7, 7 
42977, 7, 7 
4130, 7, 7 
40505, 7, 7 
9498, 7, 7 
35371, 7, 7 
48675, 7, 7 
39314, 7, 7 
1186, 7, 7 
4888, 7, 7 
56131, 7, 7 
41697, 7, 7 
6130, 7, 2 
2118, 7, 7 
38639, 7, 7 
58308, 7, 7 
15833, 7, 7 
50721, 7, 7 
377, 7, 7 
6248, 7, 7 
45594, 7, 7 
2348, 7, 7 
24314, 7, 7 
59348, 7, 7 
56670, 7, 7 
39535, 7, 7 
3894, 7, 7 
22401, 7, 7 
39868, 7, 7 
8123, 7, 7 
21123, 7, 7 
22743, 7, 7 
43005, 7, 7 
6054, 7, 7 
47568, 7, 7 
56828, 7, 7 
2133, 7, 7 
3840, 7, 7 
41297, 7, 7 
37835, 7, 7 
52937, 7, 7 
30442, 7, 7 
29159, 7, 7 
33977, 7, 7 
53129, 7, 7 
5448, 7, 7 
7605, 7, 7 
1730, 7, 7 
6381, 7, 7 
33809, 7, 7 
948, 7, 7 
36512, 7, 7 
34088, 7, 7 
6014, 7, 7 
56531, 7, 7 
31812, 7, 7 
44472, 7, 7 
53214, 7, 7 
37423, 7, 7 
2575, 7, 7 
49980, 7, 7 
18720, 7, 7 
9162, 7, 7 
52752, 7, 7 
773, 7, 7 
33656, 7, 7 
28025, 7, 7 
58258, 7, 7 
20398, 7, 7 
58095, 7, 7 
59871, 7, 7 
5657, 7, 7 
43998, 7, 7 
30359, 7, 7 
48242, 7, 7 
14663, 7, 7 
20566, 7, 7 
25200, 7, 7 
32190, 7, 9 
51205, 7, 7 
4116, 7, 7 
12576, 7, 7 
36472, 7, 7 
23715, 7, 7 
44039, 7, 7 
26742, 7, 7 
51441, 7, 7 
52736, 7, 7 
18855, 7, 7 
37960, 7, 7 
33753, 7, 7 
26151, 7, 7 
14969, 7, 7 
39557, 7, 7 
31062, 7, 7 
5596, 7, 7 
39524, 7, 7 
29, 7, 7 
44663, 7, 7 
49444, 7, 7 
18346, 7, 7 
15998, 7, 7 
8182, 7, 7 
29714, 7, 7 
53066, 7, 7 
30879, 7, 7 
36135, 7, 7 
45068, 7, 7 
11122, 7, 7 
49125, 7, 7 
2852, 7, 7 
33913, 7, 7 
14757, 7, 7 
43163, 7, 7 
54536, 7, 7 
38329, 7, 7 
49986, 7, 7 
51832, 7, 7 
19817, 7, 7 
41470, 7, 7 
30913, 7, 7 
43798, 7, 7 
24873, 7, 7 
22381, 7, 7 
4385, 7, 7 
35965, 7, 7 
40603, 7, 7 
4899, 7, 7 
5269, 7, 7 
39500, 7, 7 
19434, 7, 7 
30728, 7, 7 
31331, 7, 7 
934, 7, 7 
15485, 7, 7 
1106, 7, 7 
40675, 7, 7 
7909, 8, 8 
22281, 8, 8 
8859, 8, 8 
13327, 8, 8 
35253, 8, 8 
39653, 8, 8 
37198, 8, 8 
29988, 8, 8 
9794, 8, 8 
52863, 8, 8 
27072, 8, 8 
44196, 8, 8 
55619, 8, 8 
14975, 8, 8 
17751, 8, 8 
30325, 8, 8 
34929, 8, 8 
31236, 8, 8 
4797, 8, 8 
52905, 8, 8 
44997, 8, 8 
34669, 8, 8 
36785, 8, 8 
43986, 8, 8 
39575, 8, 8 
30451, 8, 8 
19214, 8, 8 
59220, 8, 8 
51128, 8, 8 
46738, 8, 8 
53186, 8, 8 
45317, 8, 8 
29145, 8, 8 
42408, 8, 8 
16901, 8, 8 
37129, 8, 8 
15364, 8, 8 
58475, 8, 8 
34034, 8, 8 
45416, 8, 8 
18047, 8, 8 
1542, 8, 8 
14263, 8, 8 
35021, 8, 8 
22604, 8, 8 
23193, 8, 8 
41154, 8, 8 
34422, 8, 8 
16172, 8, 8 
17112, 8, 5 
35246, 8, 8 
50945, 8, 8 
45057, 8, 8 
36347, 8, 8 
56430, 8, 8 
11241, 8, 8 
43731, 8, 8 
19043, 8, 8 
34863, 8, 8 
16282, 8, 8 
35783, 8, 8 
31507, 8, 8 
23605, 8, 8 
42478, 8, 8 
45019, 8, 8 
4100, 8, 8 
56313, 8, 8 
47549, 8, 8 
43900, 8, 8 
48555, 8, 8 
59865, 8, 8 
55145, 8, 8 
16880, 8, 8 
40138, 8, 8 
35521, 8, 8 
32046, 8, 8 
5257, 8, 8 
47896, 8, 8 
49487, 8, 8 
40882, 8, 1 
22966, 8, 8 
44604, 8, 8 
52511, 8, 8 
44343, 8, 8 
53953, 8, 8 
36870, 8, 8 
16833, 8, 8 
615, 8, 8 
19705, 8, 8 
39094, 8, 8 
9640, 8, 8 
40549, 8, 8 
29126, 8, 8 
44467, 8, 8 
32259, 8, 8 
9782, 8, 8 
7215, 8, 8 
48162, 8, 8 
34313, 8, 8 
49724, 8, 8 
14923, 8, 8 
18559, 8, 8 
50762, 8, 8 
50970, 8, 8 
13122, 8, 8 
25146, 8, 8 
13346, 8, 8 
39191, 8, 8 
52901, 8, 8 
6321, 8, 8 
46776, 8, 8 
6041, 8, 8 
36752, 8, 8 
51172, 8, 8 
14211, 8, 8 
2002, 8, 8 
40064, 8, 8 
348, 8, 8 
28813, 8, 8 
31030, 8, 8 
14226, 8, 8 
31770, 8, 8 
35428, 8, 8 
12026, 8, 8 
885, 8, 8 
35398, 8, 8 
26852, 8, 8 
28182, 8, 8 
29596, 8, 8 
35809, 8, 8 
35706, 8, 8 
7141, 8, 8 
28495, 8, 8 
12010, 8, 8 
15286, 8, 8 
21589, 8, 1 
16860, 8, 8 
41801, 8, 8 
45529, 8, 8 
16275, 8, 8 
44695, 8, 8 
37130, 8, 8 
43018, 8, 8 
28539, 8, 8 
30545, 8, 8 
35438, 8, 8 
45026, 8, 8 
57332, 8, 8 
39778, 8, 8 
21188, 8, 8 
9185, 8, 8 
29254, 8, 8 
11067, 8, 8 
44320, 8, 8 
5537, 8, 8 
51841, 8, 8 
26385, 8, 8 
43907, 8, 8 
29306, 8, 8 
54842, 8, 8 
32218, 8, 8 
34635, 8, 8 
43525, 8, 8 
28682, 8, 8 
14941, 8, 8 
15749, 8, 8 
40195, 8, 8 
36622, 8, 8 
30242, 8, 8 
6703, 8, 8 
50886, 8, 8 
59097, 8, 8 
55284, 8, 8 
33202, 8, 8 
55762, 8, 8 
54626, 8, 8 
24657, 8, 8 
8213, 8, 8 
29131, 8, 8 
52349, 8, 8 
51878, 8, 8 
25870, 8, 8 
8359, 8, 8 
38331, 8, 8 
31191, 8, 8 
34460, 8, 8 
31091, 8, 8 
57580, 8, 8 
12522, 8, 8 
33570, 8, 8 
52722, 8, 8 
56858, 8, 8 
10486, 8, 8 
46216, 8, 8 
3029, 8, 8 
16059, 8, 8 
45270, 8, 8 
50413, 8, 8 
37281, 8, 2 
14831, 8, 8 
37150, 9, 9 
43253, 9, 9 
46497, 9, 9 
34044, 9, 9 
30660, 9, 9 
32882, 9, 9 
25239, 9, 9 
40890, 9, 9 
27344, 9, 9 
41813, 9, 9 
6479, 9, 9 
38046, 9, 9 
42808, 9, 9 
22523, 9, 9 
45892, 9, 9 
44936, 9, 9 
24082, 9, 9 
9771, 9, 9 
20307, 9, 9 
56859, 9, 9 
2006, 9, 9 
20567, 9, 9 
10284, 9, 9 
11103, 9, 9 
45784, 9, 9 
31226, 9, 9 
8442, 9, 9 
5142, 9, 9 
21145, 9, 9 
21297, 9, 9 
22433, 9, 9 
33581, 9, 9 
45381, 9, 9 
49227, 9, 9 
17824, 9, 9 
4085, 9, 9 
36606, 9, 9 
52148, 9, 9 
53202, 9, 9 
56753, 9, 9 
1736, 9, 9 
24379, 9, 9 
5868, 9, 9 
18091, 9, 9 
11840, 9, 9 
21015, 9, 9 
27566, 9, 9 
1569, 9, 9 
54546, 9, 9 
44947, 9, 9 
41403, 9, 9 
58159, 9, 9 
8085, 9, 9 
49319, 9, 9 
32064, 9, 9 
58096, 9, 9 
54738, 9, 9 
153, 9, 9 
25248, 9, 9 
10184, 9, 9 
51297, 9, 9 
52447, 9, 9 
12301, 9, 9 
1286, 9, 9 
26870, 9, 9 
53682, 9, 9 
29821, 9, 9 
30394, 9, 9 
29369, 9, 9 
56242, 9, 9 
42344, 9, 9 
6310, 9, 9 
4122, 9, 7 
20767, 9, 9 
764, 9, 9 
53369, 9, 9 
53565, 9, 9 
13425, 9, 9 
27007, 9, 9 
12773, 9, 9 
33336, 9, 9 
51393, 9, 9 
59668, 9, 9 
42209, 9, 9 
21213, 9, 9 
15899, 9, 9 
29536, 9, 9 
47517, 9, 9 
26064, 9, 9 
8837, 9, 9 
37951, 9, 9 
12768, 9, 9 
13002, 9, 9 
30446, 9, 9 
17463, 9, 9 
16152, 9, 9 
44402, 9, 9 
45756, 9, 9 
31624, 9, 9 
52500, 9, 9 
4816, 9, 9 
34844, 9, 9 
58838, 9, 9 
15326, 9, 9 
12096, 9, 9 
41155, 9, 9 
42845, 9, 9 
24775, 9, 9 
14925, 9, 9 
30358, 9, 9 
428, 9, 9 
38519, 9, 9 
20495, 9, 9 
42090, 9, 9 
52270, 9, 9 
4118, 9, 9 
44763, 9, 9 
42298, 9, 9 
31089, 9, 9 
8736, 9, 9 
18382, 9, 9 
53544, 9, 9 
30497, 9, 9 
6019, 9, 9 
54571, 9, 9 
51930, 9, 9 
23990, 9, 9 
50528, 9, 9 
2795, 9, 9 
39286, 9, 9 
22576, 9, 9 
16878, 9, 9 
58699, 9, 9 
52138, 9, 7 
13752, 9, 8 
10193, 9, 9 
16006, 9, 9 
4459, 9, 9 
53976, 9, 9 
50386, 9, 9 
35160, 9, 9 
59506, 9, 9 
3186, 9, 9 
27615, 9, 9 
45922, 9, 9 
9129, 9, 9 
9631, 9, 9 
25343, 9, 9 
20644, 9, 9 
52635, 9, 9 
59927, 9, 9 
33948, 9, 9 
45873, 9, 9 
36211, 9, 9 
26949, 9, 9 
59650, 9, 9 
3662, 9, 9 
36349, 9, 9 
59464, 9, 9 
34321, 9, 9 
46064, 9, 9 
31115, 9, 9 
42360, 9, 9 
13887, 9, 9 
9407, 9, 9 
44670, 9, 9 
9555, 9, 9 
56580, 9, 9 
2471, 9, 9 
12903, 9, 9 
35189, 9, 9 
26462, 9, 9 
25625, 9, 9 
34496, 9, 9 
5404, 9, 9 
41855, 9, 9 
1112, 9, 9 
28319, 9, 9 
41594, 9, 9 
18441, 9, 9 
43718, 9, 9 
4690, 9, 9 
30942, 9, 9 
42516, 9, 9 
55595, 9, 9 
33187, 9, 9 
37779, 9, 9 
30551, 9, 9 
28396, 9, 9 
6234, 9, 9 
2453, 9, 9 
38137, 9, 9 
39139, 9, 9 
58509, 9, 9 
46316, 9, 9 
44892, 9, 9 
23901, 9, 9 
57483, 9, 9 
1056, 9, 9 
23128, 9, 9 
