id, true label, predicted label 
27401, 0, 0 
50328, 0, 0 
58647, 0, 0 
19189, 0, 0 
59342, 0, 0 
37511, 0, 0 
55177, 0, 0 
13497, 0, 0 
20161, 0, 0 
32162, 0, 0 
31369, 0, 0 
5048, 0, 0 
57642, 0, 0 
44045, 0, 0 
32494, 0, 0 
49224, 0, 0 
7925, 0, 0 
8098, 0, 0 
11605, 0, 0 
11315, 0, 0 
42579, 0, 0 
54433, 0, 0 
9406, 0, 0 
58223, 0, 0 
8982, 0, 0 
41620, 0, 0 
8885, 0, 0 
7830, 0, 0 
9038, 0, 0 
30707, 0, 0 
7485, 0, 0 
54943, 0, 0 
52797, 0, 0 
36031, 0, 0 
47046, 0, 0 
790, 0, 0 
16221, 0, 0 
46871, 0, 0 
34177, 0, 0 
39735, 0, 0 
2817, 0, 0 
21759, 0, 0 
5202, 0, 0 
19818, 0, 0 
5052, 0, 0 
43088, 0, 0 
26565, 0, 0 
28016, 0, 0 
6723, 0, 0 
25953, 0, 0 
41696, 0, 0 
50542, 0, 0 
40241, 0, 0 
8703, 0, 0 
21960, 0, 0 
53562, 0, 0 
41465, 0, 0 
43827, 0, 0 
22453, 0, 0 
44897, 0, 0 
10859, 0, 0 
48547, 0, 0 
32007, 0, 0 
50825, 0, 0 
50629, 0, 0 
31165, 0, 0 
43170, 0, 0 
25252, 0, 0 
30382, 0, 0 
57176, 0, 0 
30939, 0, 0 
29151, 0, 0 
30547, 0, 0 
6935, 0, 0 
58754, 0, 0 
4608, 0, 0 
10938, 0, 0 
34798, 0, 0 
2435, 0, 0 
13826, 0, 0 
11105, 0, 0 
13582, 0, 0 
13408, 0, 0 
33350, 0, 0 
31661, 0, 0 
35320, 0, 0 
234, 0, 0 
45401, 0, 0 
24717, 0, 0 
47156, 0, 0 
40965, 0, 0 
28186, 0, 0 
44411, 0, 0 
1907, 0, 0 
18132, 0, 0 
46273, 0, 0 
23940, 0, 0 
5275, 0, 0 
44955, 0, 0 
46579, 0, 0 
7391, 0, 0 
13545, 0, 0 
16501, 0, 0 
17349, 0, 0 
44513, 0, 0 
31895, 0, 0 
40217, 0, 0 
12115, 0, 0 
49949, 0, 0 
58864, 0, 0 
23875, 0, 0 
39755, 0, 0 
38055, 0, 0 
2615, 0, 0 
12180, 0, 0 
1501, 0, 0 
47797, 0, 0 
3691, 0, 0 
33512, 0, 0 
33578, 0, 0 
13989, 0, 0 
34919, 0, 0 
46980, 0, 0 
2582, 0, 0 
3337, 0, 0 
37883, 0, 0 
19550, 0, 0 
10523, 0, 0 
18443, 0, 0 
36783, 0, 0 
10384, 0, 0 
52609, 0, 0 
8897, 0, 0 
48200, 0, 0 
11887, 0, 0 
39028, 0, 0 
54804, 0, 0 
5317, 0, 0 
30585, 0, 0 
35400, 0, 0 
52312, 0, 0 
55785, 0, 0 
23279, 0, 0 
40240, 0, 0 
28992, 0, 0 
53399, 0, 0 
27305, 0, 0 
21534, 0, 0 
19547, 0, 0 
43961, 0, 0 
50390, 0, 0 
47480, 0, 0 
12691, 0, 0 
3776, 0, 0 
28101, 0, 0 
48173, 0, 0 
54475, 0, 0 
14557, 0, 0 
5938, 0, 0 
13528, 0, 0 
32951, 0, 0 
27326, 0, 0 
14110, 0, 0 
31836, 0, 0 
14148, 0, 0 
20238, 0, 0 
18914, 0, 0 
50566, 0, 0 
50808, 0, 0 
889, 0, 0 
44933, 0, 0 
2952, 0, 0 
45126, 0, 0 
246, 0, 0 
12666, 0, 0 
52289, 0, 0 
31753, 0, 0 
39581, 0, 0 
12555, 0, 0 
22657, 0, 0 
8912, 0, 0 
24537, 0, 0 
8247, 0, 0 
20548, 0, 0 
52247, 0, 0 
26686, 0, 0 
4123, 0, 0 
24893, 0, 0 
4203, 0, 0 
3049, 0, 0 
18586, 0, 0 
19584, 0, 0 
41617, 0, 0 
9744, 0, 0 
15904, 0, 0 
59911, 0, 0 
15934, 0, 0 
44558, 0, 0 
55227, 0, 0 
49389, 0, 0 
13090, 1, 1 
48254, 1, 1 
37624, 1, 1 
39012, 1, 1 
44856, 1, 1 
37008, 1, 1 
21568, 1, 1 
8610, 1, 1 
5840, 1, 1 
32543, 1, 1 
5630, 1, 1 
23970, 1, 1 
49504, 1, 1 
49246, 1, 1 
33113, 1, 1 
22850, 1, 1 
36711, 1, 1 
20755, 1, 1 
38731, 1, 1 
52042, 1, 1 
46685, 1, 1 
42546, 1, 1 
54786, 1, 1 
33654, 1, 1 
31945, 1, 1 
43071, 1, 1 
6277, 1, 1 
33339, 1, 1 
25436, 1, 1 
45277, 1, 1 
50313, 1, 1 
15803, 1, 1 
54816, 1, 1 
43553, 1, 1 
51540, 1, 1 
5443, 1, 1 
32914, 1, 1 
50397, 1, 1 
20987, 1, 1 
43784, 1, 1 
41210, 1, 1 
32974, 1, 1 
1658, 1, 1 
17759, 1, 1 
57797, 1, 1 
57684, 1, 1 
50139, 1, 1 
19613, 1, 1 
43444, 1, 1 
14309, 1, 1 
15716, 1, 1 
19742, 1, 1 
54901, 1, 1 
4140, 1, 1 
7720, 1, 1 
41607, 1, 1 
27104, 1, 1 
59373, 1, 1 
45926, 1, 1 
32986, 1, 1 
15550, 1, 1 
13701, 1, 1 
29651, 1, 1 
7558, 1, 1 
17925, 1, 1 
29587, 1, 1 
58083, 1, 1 
57855, 1, 1 
3971, 1, 1 
33418, 1, 1 
33634, 1, 1 
22248, 1, 1 
16983, 1, 1 
55686, 1, 1 
3041, 1, 1 
12434, 1, 1 
54824, 1, 1 
408, 1, 1 
52359, 1, 1 
27681, 1, 1 
10110, 1, 1 
7696, 1, 1 
7406, 1, 1 
23181, 1, 1 
19243, 1, 1 
54418, 1, 1 
2717, 1, 1 
12634, 1, 1 
9399, 1, 1 
31420, 1, 1 
25853, 1, 1 
27262, 1, 1 
50032, 1, 1 
31264, 1, 1 
11995, 1, 1 
35278, 1, 1 
10838, 1, 1 
38554, 1, 1 
21498, 1, 1 
14812, 1, 1 
17627, 1, 1 
11728, 1, 1 
52046, 1, 1 
58891, 1, 1 
34418, 1, 1 
33416, 1, 1 
29849, 1, 1 
28815, 1, 1 
33086, 1, 1 
56471, 1, 1 
23740, 1, 1 
52537, 1, 1 
50911, 1, 1 
39546, 1, 1 
28793, 1, 1 
53489, 1, 1 
6568, 1, 1 
17465, 1, 1 
17587, 1, 1 
25230, 1, 1 
53610, 1, 1 
2762, 1, 1 
20888, 1, 1 
43813, 1, 1 
50771, 1, 1 
34080, 1, 1 
1243, 1, 1 
41019, 1, 1 
30146, 1, 1 
9492, 1, 1 
38095, 1, 1 
39757, 1, 1 
40352, 1, 1 
51905, 1, 1 
26070, 1, 1 
50120, 1, 4 
40987, 1, 1 
25064, 1, 1 
19394, 1, 1 
3545, 1, 1 
16665, 1, 1 
30225, 1, 1 
32530, 1, 1 
67, 1, 1 
21460, 1, 1 
33394, 1, 1 
51447, 1, 1 
13556, 1, 1 
22502, 1, 1 
33175, 1, 1 
9930, 1, 1 
47993, 1, 1 
10266, 1, 1 
19894, 1, 1 
40464, 1, 1 
11677, 1, 1 
25302, 1, 1 
34423, 1, 1 
18266, 1, 1 
15999, 1, 1 
8203, 1, 1 
9895, 1, 1 
27034, 1, 1 
50979, 1, 1 
4267, 1, 1 
23245, 1, 1 
27792, 1, 1 
30829, 1, 1 
52416, 1, 1 
52369, 1, 1 
20556, 1, 1 
58557, 1, 1 
224, 1, 1 
10508, 1, 1 
47119, 1, 1 
48537, 1, 1 
31250, 1, 1 
44046, 1, 1 
16932, 1, 1 
40692, 1, 1 
11387, 1, 1 
43708, 1, 1 
44988, 1, 1 
3004, 1, 1 
9045, 1, 1 
27531, 1, 1 
10686, 1, 1 
11522, 1, 1 
46452, 1, 1 
53563, 1, 1 
6003, 1, 1 
8, 1, 1 
35657, 1, 1 
9043, 1, 1 
54310, 1, 1 
33374, 1, 1 
10886, 1, 1 
39560, 1, 1 
48209, 1, 1 
40101, 1, 1 
7500, 2, 2 
8460, 2, 2 
57633, 2, 2 
52488, 2, 2 
40027, 2, 2 
13735, 2, 2 
13820, 2, 2 
6105, 2, 2 
13930, 2, 2 
56514, 2, 2 
23625, 2, 2 
15457, 2, 2 
29059, 2, 2 
17995, 2, 2 
42562, 2, 2 
53343, 2, 2 
27989, 2, 2 
10688, 2, 2 
8886, 2, 2 
46591, 2, 2 
26221, 2, 2 
28140, 2, 2 
17188, 2, 2 
27935, 2, 2 
43211, 2, 2 
19213, 2, 2 
713, 2, 2 
58533, 2, 2 
24520, 2, 2 
21750, 2, 2 
18213, 2, 2 
1299, 2, 2 
27874, 2, 2 
17566, 2, 2 
10009, 2, 2 
22391, 2, 2 
17269, 2, 2 
47801, 2, 2 
18394, 2, 2 
51458, 2, 2 
17230, 2, 2 
13370, 2, 2 
32424, 2, 2 
25294, 2, 2 
35410, 2, 2 
25735, 2, 2 
41911, 2, 2 
8614, 2, 2 
37532, 2, 2 
58244, 2, 2 
50913, 2, 2 
41900, 2, 2 
22922, 2, 2 
27844, 2, 2 
49580, 2, 2 
52835, 2, 2 
50096, 2, 2 
17246, 2, 2 
35885, 2, 2 
38171, 2, 2 
52400, 2, 2 
21557, 2, 2 
6649, 2, 2 
49164, 2, 6 
14711, 2, 2 
30211, 2, 2 
23082, 2, 2 
14861, 2, 2 
45631, 2, 2 
25517, 2, 2 
36961, 2, 2 
38667, 2, 2 
53658, 2, 2 
41189, 2, 2 
47819, 2, 2 
41745, 2, 2 
21194, 2, 2 
40569, 2, 2 
40556, 2, 2 
54161, 2, 2 
4322, 2, 8 
28200, 2, 2 
49573, 2, 4 
4599, 2, 2 
25272, 2, 2 
44395, 2, 2 
34405, 2, 2 
38061, 2, 2 
47984, 2, 2 
52550, 2, 2 
12129, 2, 2 
5236, 2, 2 
7594, 2, 2 
46727, 2, 2 
48912, 2, 2 
36209, 2, 2 
41179, 2, 2 
48474, 2, 2 
22500, 2, 2 
2019, 2, 2 
20284, 2, 2 
47900, 2, 2 
36335, 2, 2 
34850, 2, 2 
14876, 2, 2 
59326, 2, 2 
21952, 2, 2 
54306, 2, 2 
52547, 2, 2 
44362, 2, 2 
50802, 2, 2 
32148, 2, 2 
50287, 2, 2 
22368, 2, 2 
24467, 2, 2 
40949, 2, 2 
39930, 2, 2 
39918, 2, 2 
34871, 2, 2 
30889, 2, 2 
36614, 2, 2 
52643, 2, 2 
20960, 2, 2 
28336, 2, 2 
43312, 2, 2 
48181, 2, 2 
58720, 2, 2 
9508, 2, 2 
48246, 2, 2 
5965, 2, 2 
6204, 2, 2 
13994, 2, 2 
29662, 2, 2 
38753, 2, 2 
8474, 2, 2 
40206, 2, 2 
10999, 2, 2 
29904, 2, 2 
55982, 2, 2 
5345, 2, 2 
57319, 2, 2 
48915, 2, 2 
58619, 2, 2 
45022, 2, 2 
57966, 2, 2 
29043, 2, 2 
16697, 2, 2 
54806, 2, 2 
9471, 2, 2 
15603, 2, 2 
1074, 2, 2 
410, 2, 2 
46830, 2, 2 
15123, 2, 2 
23776, 2, 2 
3582, 2, 2 
55816, 2, 2 
3765, 2, 2 
47652, 2, 2 
12156, 2, 2 
24612, 2, 2 
1609, 2, 2 
20485, 2, 2 
48757, 2, 2 
52647, 2, 2 
38401, 2, 2 
11655, 2, 2 
16198, 2, 7 
41955, 2, 2 
56824, 2, 2 
24152, 2, 2 
38010, 2, 2 
59575, 2, 2 
50899, 2, 2 
50479, 2, 2 
4476, 2, 1 
49605, 2, 2 
16327, 2, 2 
18230, 2, 2 
9894, 2, 2 
32475, 2, 2 
41965, 2, 2 
44098, 2, 2 
46288, 2, 2 
43449, 2, 2 
51986, 2, 2 
1896, 2, 2 
24623, 2, 2 
1390, 2, 2 
37416, 2, 2 
53709, 2, 2 
14132, 2, 2 
44707, 2, 2 
55443, 2, 2 
28780, 2, 2 
39216, 2, 2 
29657, 2, 2 
38124, 2, 2 
10824, 2, 2 
41484, 2, 2 
27238, 3, 3 
15342, 3, 3 
13706, 3, 3 
46563, 3, 3 
19425, 3, 3 
43132, 3, 3 
55198, 3, 3 
43943, 3, 3 
48873, 3, 3 
48922, 3, 3 
35434, 3, 3 
35132, 3, 3 
52924, 3, 3 
9037, 3, 3 
53282, 3, 3 
6687, 3, 3 
16900, 3, 3 
56823, 3, 3 
27573, 3, 3 
3920, 3, 3 
31011, 3, 3 
6522, 3, 3 
27553, 3, 3 
8236, 3, 3 
42588, 3, 3 
33966, 3, 3 
56492, 3, 5 
18960, 3, 3 
14099, 3, 3 
33877, 3, 3 
59168, 3, 3 
27467, 3, 3 
11467, 3, 3 
2233, 3, 3 
7634, 3, 3 
8427, 3, 3 
44157, 3, 3 
24575, 3, 3 
55103, 3, 3 
39215, 3, 3 
10756, 3, 6 
42114, 3, 3 
44020, 3, 3 
58656, 3, 3 
52240, 3, 3 
23490, 3, 3 
26928, 3, 3 
38218, 3, 3 
10984, 3, 3 
39122, 3, 3 
11747, 3, 3 
15261, 3, 3 
13543, 3, 3 
11341, 3, 3 
39231, 3, 3 
58812, 3, 3 
13294, 3, 3 
20926, 3, 3 
27783, 3, 3 
14577, 3, 3 
39705, 3, 3 
28536, 3, 5 
22000, 3, 3 
15010, 3, 3 
57056, 3, 3 
34728, 3, 3 
13707, 3, 3 
9182, 3, 3 
55732, 3, 3 
33114, 3, 3 
29653, 3, 3 
23851, 3, 3 
54020, 3, 3 
39851, 3, 3 
14275, 3, 3 
53480, 3, 3 
26724, 3, 3 
52700, 3, 3 
28561, 3, 3 
41740, 3, 3 
23778, 3, 3 
12035, 3, 3 
40035, 3, 3 
20222, 3, 3 
40166, 3, 3 
21998, 3, 3 
38321, 3, 3 
9192, 3, 3 
50141, 3, 3 
22315, 3, 3 
19238, 3, 3 
4506, 3, 1 
13352, 3, 3 
23812, 3, 3 
54273, 3, 3 
50007, 3, 3 
12260, 3, 3 
26013, 3, 3 
11489, 3, 3 
43196, 3, 3 
28995, 3, 3 
14691, 3, 3 
25695, 3, 3 
37692, 3, 3 
54915, 3, 3 
54516, 3, 3 
26831, 3, 3 
35354, 3, 3 
47925, 3, 3 
14566, 3, 3 
29969, 3, 3 
8693, 3, 8 
7987, 3, 3 
40385, 3, 3 
42707, 3, 3 
19438, 3, 3 
56535, 3, 3 
25789, 3, 3 
45862, 3, 3 
1108, 3, 3 
17864, 3, 3 
20344, 3, 3 
37848, 3, 3 
20849, 3, 3 
15847, 3, 3 
41773, 3, 3 
1836, 3, 3 
31446, 3, 3 
47749, 3, 3 
22172, 3, 3 
1677, 3, 3 
29636, 3, 3 
28026, 3, 3 
3491, 3, 3 
41573, 3, 3 
17242, 3, 3 
43204, 3, 3 
58495, 3, 3 
21001, 3, 5 
35349, 3, 3 
46986, 3, 3 
13516, 3, 3 
3571, 3, 3 
30041, 3, 3 
28760, 3, 3 
10760, 3, 3 
22126, 3, 3 
56337, 3, 3 
31627, 3, 3 
6182, 3, 3 
17911, 3, 3 
28107, 3, 3 
5547, 3, 3 
36815, 3, 3 
28472, 3, 3 
13740, 3, 3 
20952, 3, 3 
43230, 3, 3 
47834, 3, 3 
28418, 3, 5 
11441, 3, 3 
21948, 3, 5 
30984, 3, 3 
22715, 3, 3 
5270, 3, 3 
12700, 3, 3 
51268, 3, 3 
36078, 3, 5 
18948, 3, 3 
27022, 3, 3 
21685, 3, 3 
59398, 3, 3 
5922, 3, 3 
5031, 3, 3 
43562, 3, 7 
32563, 3, 3 
45758, 3, 3 
59282, 3, 3 
45599, 3, 3 
58278, 3, 3 
21673, 3, 3 
57291, 3, 3 
33161, 3, 3 
8907, 3, 3 
7483, 3, 3 
43739, 3, 3 
8350, 3, 3 
25266, 3, 3 
808, 3, 3 
34805, 3, 3 
48465, 3, 3 
46857, 3, 8 
27183, 3, 3 
3824, 3, 3 
58527, 3, 3 
20147, 3, 3 
14855, 3, 3 
36076, 3, 3 
6827, 3, 3 
11719, 3, 3 
3370, 4, 4 
5533, 4, 4 
21817, 4, 4 
34028, 4, 4 
11629, 4, 4 
36836, 4, 4 
19634, 4, 4 
31717, 4, 4 
34948, 4, 4 
35879, 4, 4 
48198, 4, 4 
18617, 4, 4 
11512, 4, 4 
33882, 4, 4 
52682, 4, 4 
20287, 4, 4 
25162, 4, 4 
36675, 4, 4 
10618, 4, 4 
35490, 4, 9 
49211, 4, 4 
43137, 4, 4 
42750, 4, 4 
50889, 4, 4 
47608, 4, 4 
50777, 4, 4 
23761, 4, 4 
40842, 4, 4 
57375, 4, 4 
59069, 4, 4 
26758, 4, 4 
17390, 4, 4 
18570, 4, 4 
22295, 4, 4 
8925, 4, 4 
26067, 4, 4 
58478, 4, 4 
39078, 4, 4 
29690, 4, 4 
31083, 4, 4 
26334, 4, 4 
18484, 4, 4 
42825, 4, 4 
12465, 4, 4 
677, 4, 4 
7573, 4, 4 
59780, 4, 4 
23484, 4, 4 
3946, 4, 4 
28243, 4, 4 
24391, 4, 4 
47750, 4, 4 
30472, 4, 4 
15617, 4, 4 
54415, 4, 4 
10236, 4, 4 
21867, 4, 4 
5807, 4, 4 
24076, 4, 4 
7883, 4, 4 
10331, 4, 4 
40846, 4, 4 
35725, 4, 4 
34593, 4, 4 
52815, 4, 4 
2742, 4, 4 
37447, 4, 4 
20924, 4, 4 
12077, 4, 4 
34205, 4, 4 
47627, 4, 4 
59227, 4, 4 
38601, 4, 4 
54129, 4, 4 
27914, 4, 4 
25471, 4, 4 
26588, 4, 4 
47379, 4, 4 
35234, 4, 6 
50517, 4, 4 
19192, 4, 4 
17157, 4, 4 
55948, 4, 4 
57043, 4, 4 
34146, 4, 4 
4939, 4, 4 
43781, 4, 4 
44294, 4, 4 
17469, 4, 4 
4035, 4, 4 
20346, 4, 4 
56893, 4, 4 
40552, 4, 4 
7657, 4, 4 
47094, 4, 4 
37846, 4, 4 
13104, 4, 4 
37562, 4, 4 
33563, 4, 4 
13765, 4, 4 
45718, 4, 4 
58364, 4, 4 
48470, 4, 4 
39433, 4, 4 
58400, 4, 4 
25660, 4, 4 
4102, 4, 4 
39738, 4, 4 
23199, 4, 4 
47477, 4, 4 
45847, 4, 4 
55332, 4, 4 
13363, 4, 4 
12618, 4, 4 
48514, 4, 4 
34000, 4, 4 
24767, 4, 4 
58895, 4, 4 
51515, 4, 4 
42638, 4, 4 
44922, 4, 4 
54899, 4, 4 
41373, 4, 4 
12397, 4, 4 
46786, 4, 4 
59620, 4, 4 
54521, 4, 4 
25894, 4, 4 
58300, 4, 4 
18490, 4, 4 
19467, 4, 4 
28614, 4, 4 
38147, 4, 4 
7596, 4, 4 
56311, 4, 4 
25050, 4, 4 
19700, 4, 4 
33285, 4, 4 
13653, 4, 4 
53693, 4, 4 
38131, 4, 4 
1922, 4, 4 
31223, 4, 4 
17913, 4, 4 
10433, 4, 4 
19112, 4, 9 
57537, 4, 4 
33955, 4, 4 
57076, 4, 1 
3978, 4, 4 
47159, 4, 6 
11879, 4, 4 
16168, 4, 4 
34507, 4, 4 
2069, 4, 4 
11965, 4, 4 
38385, 4, 4 
36513, 4, 4 
3457, 4, 4 
46577, 4, 4 
49514, 4, 9 
23538, 4, 9 
29166, 4, 4 
12644, 4, 4 
40236, 4, 4 
41930, 4, 4 
5755, 4, 4 
56723, 4, 4 
29461, 4, 4 
18088, 4, 4 
27901, 4, 4 
7077, 4, 4 
2046, 4, 4 
41774, 4, 4 
50411, 4, 4 
33552, 4, 7 
57704, 4, 4 
55552, 4, 4 
34830, 4, 4 
48486, 4, 4 
23306, 4, 4 
2689, 4, 4 
55597, 4, 4 
43639, 4, 4 
58634, 4, 4 
33932, 4, 4 
15821, 4, 4 
1261, 4, 4 
4252, 4, 4 
616, 4, 4 
51382, 4, 4 
17218, 4, 4 
9148, 4, 4 
28121, 4, 4 
28304, 4, 4 
55239, 4, 4 
52734, 4, 4 
21181, 4, 4 
23837, 4, 4 
50835, 4, 4 
43837, 5, 5 
3007, 5, 5 
38762, 5, 5 
23597, 5, 5 
28141, 5, 5 
49079, 5, 5 
39311, 5, 5 
25330, 5, 5 
1071, 5, 5 
39374, 5, 5 
42609, 5, 5 
41457, 5, 5 
30572, 5, 5 
26150, 5, 5 
57330, 5, 5 
28899, 5, 5 
15024, 5, 5 
2182, 5, 5 
35858, 5, 5 
47741, 5, 5 
56586, 5, 5 
25066, 5, 5 
50173, 5, 5 
2258, 5, 5 
26466, 5, 5 
23861, 5, 5 
20017, 5, 5 
56658, 5, 5 
9581, 5, 5 
24318, 5, 5 
26680, 5, 5 
53973, 5, 5 
55795, 5, 5 
18329, 5, 5 
56327, 5, 5 
1887, 5, 5 
19472, 5, 5 
50017, 5, 5 
51727, 5, 5 
22846, 5, 5 
37448, 5, 5 
16028, 5, 5 
42392, 5, 5 
8649, 5, 5 
21440, 5, 5 
47077, 5, 5 
1311, 5, 5 
15273, 5, 5 
32533, 5, 5 
59889, 5, 5 
59190, 5, 5 
4845, 5, 5 
16333, 5, 5 
22650, 5, 5 
13060, 5, 5 
18929, 5, 5 
54159, 5, 5 
37894, 5, 5 
33260, 5, 5 
55388, 5, 5 
42660, 5, 5 
10092, 5, 5 
23065, 5, 5 
30476, 5, 5 
3180, 5, 5 
1283, 5, 5 
2933, 5, 5 
45282, 5, 5 
12507, 5, 5 
53306, 5, 5 
23361, 5, 5 
52650, 5, 5 
41610, 5, 5 
53769, 5, 5 
38298, 5, 5 
34932, 5, 5 
14639, 5, 5 
36437, 5, 5 
47848, 5, 5 
49236, 5, 5 
25080, 5, 5 
23011, 5, 5 
7535, 5, 5 
35057, 5, 5 
21093, 5, 5 
19019, 5, 5 
20777, 5, 5 
25930, 5, 5 
58989, 5, 5 
45991, 5, 5 
54470, 5, 5 
36774, 5, 5 
47526, 5, 5 
18470, 5, 5 
41321, 5, 5 
947, 5, 5 
14591, 5, 5 
17981, 5, 5 
45933, 5, 5 
33121, 5, 5 
1278, 5, 5 
44753, 5, 5 
6018, 5, 5 
16164, 5, 5 
40059, 5, 5 
9368, 5, 5 
57942, 5, 5 
10661, 5, 5 
10412, 5, 5 
34438, 5, 5 
37016, 5, 5 
44481, 5, 5 
15071, 5, 5 
9062, 5, 5 
30983, 5, 5 
33494, 5, 5 
48046, 5, 5 
7833, 5, 5 
54302, 5, 5 
44476, 5, 5 
51137, 5, 5 
57639, 5, 5 
26413, 5, 5 
20976, 5, 5 
40008, 5, 5 
4113, 5, 5 
46713, 5, 5 
50138, 5, 5 
43560, 5, 5 
25832, 5, 5 
46290, 5, 5 
9259, 5, 5 
32026, 5, 5 
4847, 5, 5 
54949, 5, 5 
6401, 5, 5 
39436, 5, 5 
49581, 5, 5 
19610, 5, 5 
54589, 5, 5 
11417, 5, 5 
38612, 5, 5 
18157, 5, 5 
44563, 5, 5 
43357, 5, 5 
1288, 5, 5 
52737, 5, 5 
4424, 5, 5 
10015, 5, 5 
16586, 5, 5 
2037, 5, 5 
57553, 5, 5 
23734, 5, 5 
57566, 5, 5 
27760, 5, 5 
46307, 5, 5 
679, 5, 5 
49632, 5, 5 
38360, 5, 5 
12756, 5, 5 
26236, 5, 5 
7962, 5, 5 
13708, 5, 5 
53751, 5, 5 
2028, 5, 5 
18701, 5, 5 
463, 5, 5 
10162, 5, 5 
26615, 5, 5 
23725, 5, 5 
5873, 5, 5 
24361, 5, 5 
42760, 5, 5 
55661, 5, 5 
56725, 5, 5 
48143, 5, 5 
5668, 5, 5 
5240, 5, 5 
29008, 5, 5 
59351, 5, 5 
41657, 5, 5 
44148, 5, 5 
35567, 5, 5 
38817, 5, 5 
37086, 5, 5 
51875, 5, 5 
16165, 5, 5 
18949, 5, 5 
27255, 5, 5 
34159, 5, 5 
50091, 5, 5 
4037, 5, 5 
39409, 5, 5 
25765, 5, 5 
40347, 5, 5 
26481, 5, 5 
4941, 5, 5 
5079, 5, 5 
38656, 5, 5 
27310, 5, 5 
31797, 6, 6 
33879, 6, 6 
31619, 6, 6 
32978, 6, 6 
18328, 6, 6 
54462, 6, 6 
8697, 6, 6 
8076, 6, 6 
5780, 6, 6 
28776, 6, 6 
38576, 6, 6 
41561, 6, 6 
9417, 6, 6 
54496, 6, 6 
31620, 6, 6 
31752, 6, 6 
51310, 6, 6 
24622, 6, 6 
35219, 6, 6 
37845, 6, 6 
36415, 6, 6 
17876, 6, 6 
30563, 6, 6 
27355, 6, 6 
43594, 6, 6 
27449, 6, 6 
54820, 6, 6 
36184, 6, 6 
37581, 6, 6 
49448, 6, 6 
51457, 6, 6 
16332, 6, 6 
40917, 6, 6 
32791, 6, 6 
37282, 6, 6 
53416, 6, 6 
34324, 6, 6 
59493, 6, 6 
37228, 6, 6 
40367, 6, 6 
57122, 6, 6 
40514, 6, 6 
45107, 6, 6 
28817, 6, 6 
48883, 6, 6 
52183, 6, 6 
55703, 6, 6 
19532, 6, 6 
20555, 6, 6 
36439, 6, 6 
43767, 6, 6 
11316, 6, 6 
25059, 6, 6 
56878, 6, 6 
58226, 6, 6 
11427, 6, 6 
35426, 6, 6 
13172, 6, 6 
15386, 6, 0 
43822, 6, 6 
816, 6, 6 
59474, 6, 6 
28805, 6, 6 
39385, 6, 6 
30083, 6, 6 
28497, 6, 6 
35910, 6, 6 
33984, 6, 6 
30873, 6, 6 
10851, 6, 6 
24441, 6, 6 
29424, 6, 6 
41039, 6, 6 
1830, 6, 6 
48319, 6, 6 
36702, 6, 6 
49104, 6, 6 
25520, 6, 6 
41050, 6, 6 
15788, 6, 6 
57010, 6, 6 
38299, 6, 6 
30518, 6, 6 
48591, 6, 6 
59752, 6, 6 
15896, 6, 6 
25889, 6, 6 
36985, 6, 6 
42452, 6, 6 
31586, 6, 6 
24127, 6, 6 
4404, 6, 6 
36310, 6, 6 
1435, 6, 6 
11128, 6, 6 
12023, 6, 6 
30796, 6, 6 
49711, 6, 6 
47943, 6, 6 
39313, 6, 6 
48071, 6, 6 
18194, 6, 6 
46383, 6, 6 
46611, 6, 6 
33794, 6, 6 
58050, 6, 6 
16963, 6, 6 
23072, 6, 6 
45410, 6, 6 
58534, 6, 6 
8974, 6, 6 
41134, 6, 6 
42490, 6, 6 
23699, 6, 6 
26321, 6, 6 
24179, 6, 6 
22814, 6, 6 
48879, 6, 6 
47792, 6, 6 
26345, 6, 6 
13511, 6, 6 
45241, 6, 6 
5274, 6, 6 
38634, 6, 6 
23907, 6, 6 
53754, 6, 6 
44255, 6, 6 
39475, 6, 6 
49328, 6, 6 
20931, 6, 6 
51877, 6, 6 
10671, 6, 6 
35753, 6, 6 
55274, 6, 6 
19464, 6, 6 
41659, 6, 6 
47877, 6, 6 
43581, 6, 6 
39130, 6, 6 
4586, 6, 6 
28678, 6, 6 
56441, 6, 6 
7997, 6, 6 
7230, 6, 6 
10332, 6, 5 
42154, 6, 6 
36826, 6, 6 
32320, 6, 6 
30617, 6, 6 
19290, 6, 6 
25316, 6, 6 
52275, 6, 6 
5037, 6, 6 
3207, 6, 6 
7063, 6, 6 
40105, 6, 6 
53009, 6, 6 
14660, 6, 6 
2196, 6, 6 
31645, 6, 6 
19553, 6, 6 
16796, 6, 6 
24804, 6, 6 
57529, 6, 6 
51410, 6, 6 
38936, 6, 6 
52542, 6, 6 
55820, 6, 6 
21488, 6, 6 
41757, 6, 6 
49066, 6, 6 
14618, 6, 6 
3123, 6, 6 
50793, 6, 6 
15177, 6, 6 
56251, 6, 6 
33704, 6, 6 
3646, 6, 6 
23049, 6, 6 
59121, 6, 6 
37993, 6, 6 
35810, 6, 6 
42996, 6, 6 
14524, 6, 6 
47911, 6, 6 
43726, 6, 6 
21955, 6, 6 
23694, 6, 6 
20005, 6, 6 
3058, 6, 6 
45635, 6, 6 
54363, 6, 6 
24214, 6, 6 
46272, 6, 6 
44715, 6, 6 
29554, 6, 6 
6194, 6, 6 
53775, 6, 6 
13912, 6, 4 
18525, 6, 6 
15449, 7, 7 
26097, 7, 7 
15554, 7, 7 
27970, 7, 7 
49063, 7, 7 
11642, 7, 7 
20223, 7, 7 
42639, 7, 7 
23965, 7, 7 
57751, 7, 7 
20579, 7, 7 
41998, 7, 7 
58974, 7, 7 
31614, 7, 7 
43774, 7, 7 
511, 7, 7 
19057, 7, 7 
10457, 7, 7 
23149, 7, 7 
21704, 7, 7 
11798, 7, 7 
28064, 7, 7 
30764, 7, 7 
14197, 7, 7 
47206, 7, 7 
6696, 7, 7 
27157, 7, 7 
377, 7, 7 
25888, 7, 7 
27341, 7, 7 
50095, 7, 7 
36284, 7, 7 
59617, 7, 7 
3747, 7, 7 
57465, 7, 7 
46078, 7, 7 
2055, 7, 7 
26303, 7, 7 
53702, 7, 7 
30202, 7, 7 
18025, 7, 7 
24709, 7, 7 
3065, 7, 7 
56052, 7, 7 
20583, 7, 7 
32432, 7, 7 
2865, 7, 7 
25355, 7, 7 
56798, 7, 7 
9102, 7, 7 
46466, 7, 7 
19416, 7, 7 
50038, 7, 7 
19648, 7, 7 
38506, 7, 7 
28675, 7, 7 
19904, 7, 7 
16319, 7, 7 
18351, 7, 7 
24477, 7, 7 
39003, 7, 7 
3769, 7, 7 
40937, 7, 7 
11664, 7, 7 
34415, 7, 7 
14600, 7, 7 
3899, 7, 7 
58221, 7, 7 
56220, 7, 7 
7033, 7, 7 
52166, 7, 7 
34941, 7, 7 
37107, 7, 7 
4809, 7, 7 
17340, 7, 7 
28012, 7, 7 
9499, 7, 7 
27758, 7, 7 
47049, 7, 7 
44943, 7, 7 
17849, 7, 7 
16420, 7, 7 
57703, 7, 7 
13027, 7, 7 
16150, 7, 7 
22790, 7, 7 
4842, 7, 7 
38794, 7, 7 
1673, 7, 7 
42613, 7, 7 
48678, 7, 7 
10735, 7, 7 
16756, 7, 7 
4592, 7, 7 
2168, 7, 7 
5946, 7, 7 
868, 7, 7 
36563, 7, 7 
17772, 7, 7 
57367, 7, 7 
52587, 7, 7 
45040, 7, 7 
18469, 7, 7 
12031, 7, 7 
36530, 7, 7 
24884, 7, 7 
44117, 7, 7 
26917, 7, 7 
30641, 7, 7 
27546, 7, 7 
13756, 7, 7 
47906, 7, 7 
50794, 7, 7 
4659, 7, 7 
30201, 7, 7 
41615, 7, 7 
35633, 7, 7 
55276, 7, 7 
42901, 7, 7 
51879, 7, 7 
59082, 7, 7 
35845, 7, 7 
44485, 7, 7 
84, 7, 7 
37212, 7, 7 
34265, 7, 7 
24259, 7, 7 
44965, 7, 7 
26894, 7, 7 
32945, 7, 7 
10640, 7, 7 
37090, 7, 7 
31408, 7, 7 
37133, 7, 7 
23849, 7, 7 
29509, 7, 7 
39784, 7, 7 
45735, 7, 7 
26575, 7, 7 
14961, 7, 7 
14398, 7, 7 
10496, 7, 7 
1126, 7, 7 
9270, 7, 7 
24583, 7, 7 
4946, 7, 7 
8107, 7, 7 
30952, 7, 7 
6224, 7, 7 
1832, 7, 7 
2018, 7, 7 
6167, 7, 7 
20385, 7, 7 
50468, 7, 7 
10063, 7, 7 
22300, 7, 7 
12188, 7, 7 
55086, 7, 7 
55494, 7, 7 
20226, 7, 7 
51279, 7, 7 
36967, 7, 7 
39863, 7, 9 
18320, 7, 7 
9886, 7, 7 
52339, 7, 7 
23443, 7, 7 
5546, 7, 7 
46769, 7, 7 
15172, 7, 7 
39062, 7, 7 
44717, 7, 7 
4254, 7, 7 
57337, 7, 7 
48298, 7, 7 
21169, 7, 7 
32428, 7, 7 
35351, 7, 7 
39316, 7, 7 
47988, 7, 7 
7236, 7, 7 
4116, 7, 7 
44949, 7, 7 
54155, 7, 7 
45333, 7, 7 
40308, 7, 7 
47402, 7, 7 
21651, 7, 7 
34661, 7, 7 
43886, 7, 7 
58574, 7, 7 
26549, 7, 7 
45314, 7, 7 
28236, 7, 7 
25639, 7, 7 
24572, 7, 7 
16696, 7, 7 
19141, 7, 7 
324, 7, 7 
4832, 7, 7 
35767, 8, 8 
44203, 8, 8 
4927, 8, 8 
51881, 8, 8 
55263, 8, 8 
9050, 8, 8 
41712, 8, 8 
38146, 8, 8 
19224, 8, 8 
40553, 8, 8 
9935, 8, 8 
51906, 8, 8 
53663, 8, 8 
16500, 8, 8 
29601, 8, 8 
41592, 8, 8 
56151, 8, 8 
20116, 8, 8 
12648, 8, 8 
45874, 8, 8 
24664, 8, 8 
43692, 8, 8 
30631, 8, 8 
20035, 8, 8 
22118, 8, 8 
5170, 8, 8 
15236, 8, 8 
13103, 8, 8 
56913, 8, 8 
40579, 8, 8 
8327, 8, 8 
55146, 8, 8 
53082, 8, 8 
23831, 8, 8 
9213, 8, 8 
5609, 8, 8 
50040, 8, 8 
53774, 8, 8 
16893, 8, 8 
25851, 8, 8 
59544, 8, 8 
39005, 8, 8 
19267, 8, 8 
29678, 8, 8 
34510, 8, 8 
55578, 8, 8 
23316, 8, 8 
13682, 8, 8 
34320, 8, 8 
4637, 8, 8 
9982, 8, 8 
17559, 8, 8 
35375, 8, 8 
37122, 8, 8 
8031, 8, 8 
21104, 8, 8 
21315, 8, 8 
2097, 8, 8 
57731, 8, 8 
22623, 8, 8 
35193, 8, 8 
33895, 8, 8 
52808, 8, 8 
53115, 8, 8 
33386, 8, 8 
15616, 8, 8 
46764, 8, 8 
6994, 8, 8 
23391, 8, 8 
26414, 8, 8 
2475, 8, 8 
40265, 8, 8 
46872, 8, 8 
28788, 8, 8 
39609, 8, 8 
46495, 8, 8 
25072, 8, 8 
57174, 8, 8 
3526, 8, 8 
4860, 8, 8 
6938, 8, 8 
23789, 8, 8 
25799, 8, 7 
27359, 8, 8 
54919, 8, 8 
34068, 8, 8 
19662, 8, 8 
34382, 8, 8 
34912, 8, 8 
21855, 8, 8 
36696, 8, 8 
25495, 8, 8 
1141, 8, 8 
42442, 8, 8 
16036, 8, 8 
1543, 8, 8 
40787, 8, 8 
35928, 8, 8 
44118, 8, 8 
3665, 8, 8 
35307, 8, 8 
33152, 8, 8 
28188, 8, 8 
13365, 8, 8 
50524, 8, 8 
37324, 8, 8 
9937, 8, 8 
18242, 8, 8 
54040, 8, 8 
7400, 8, 8 
58607, 8, 8 
21825, 8, 8 
12616, 8, 8 
3842, 8, 8 
13592, 8, 8 
32103, 8, 8 
46629, 8, 8 
19052, 8, 8 
30661, 8, 8 
32766, 8, 8 
40706, 8, 8 
28682, 8, 8 
29162, 8, 8 
36751, 8, 8 
22054, 8, 8 
51830, 8, 8 
13079, 8, 8 
539, 8, 8 
27105, 8, 8 
28595, 8, 8 
49634, 8, 8 
19460, 8, 8 
35924, 8, 8 
22760, 8, 8 
2303, 8, 8 
40324, 8, 8 
15664, 8, 8 
1013, 8, 8 
26379, 8, 8 
3495, 8, 8 
30416, 8, 8 
29259, 8, 8 
45293, 8, 8 
52468, 8, 8 
24396, 8, 8 
57772, 8, 8 
52072, 8, 8 
32968, 8, 8 
7121, 8, 8 
39806, 8, 8 
37096, 8, 8 
22617, 8, 8 
11382, 8, 8 
40629, 8, 8 
32061, 8, 8 
26496, 8, 8 
18690, 8, 8 
38423, 8, 8 
28887, 8, 8 
19877, 8, 8 
52722, 8, 8 
42104, 8, 8 
54645, 8, 8 
6897, 8, 8 
51053, 8, 8 
53806, 8, 8 
10217, 8, 8 
53133, 8, 8 
12066, 8, 8 
49509, 8, 0 
56097, 8, 8 
27386, 8, 8 
18406, 8, 8 
14499, 8, 8 
28987, 8, 8 
1101, 8, 8 
5119, 8, 8 
3499, 8, 8 
2672, 8, 8 
26987, 8, 8 
4006, 8, 8 
55853, 8, 8 
50077, 8, 8 
21494, 8, 8 
9019, 8, 8 
31847, 8, 8 
50785, 8, 8 
39307, 8, 8 
5281, 8, 8 
51007, 8, 8 
34813, 8, 8 
628, 8, 8 
2511, 8, 8 
24875, 8, 8 
59018, 8, 8 
55061, 8, 8 
49804, 8, 8 
56409, 8, 8 
32722, 8, 8 
54725, 8, 8 
47617, 9, 9 
56304, 9, 9 
32860, 9, 9 
6699, 9, 9 
49182, 9, 9 
22312, 9, 9 
16973, 9, 9 
17166, 9, 9 
21356, 9, 9 
7647, 9, 9 
8442, 9, 9 
13111, 9, 9 
48257, 9, 9 
52148, 9, 9 
7016, 9, 9 
54827, 9, 9 
54057, 9, 9 
8216, 9, 9 
59127, 9, 9 
2595, 9, 9 
5426, 9, 9 
15381, 9, 9 
57259, 9, 9 
42577, 9, 9 
19546, 9, 9 
3322, 9, 9 
35283, 9, 9 
30491, 9, 9 
37265, 9, 9 
22959, 9, 9 
44701, 9, 9 
55401, 9, 9 
24313, 9, 9 
22684, 9, 9 
3621, 9, 9 
13998, 9, 9 
17824, 9, 9 
40487, 9, 9 
13805, 9, 9 
51253, 9, 9 
56425, 9, 9 
43661, 9, 9 
46985, 9, 9 
55465, 9, 9 
55691, 9, 9 
44228, 9, 9 
39195, 9, 9 
49703, 9, 9 
3030, 9, 6 
32483, 9, 9 
36993, 9, 9 
43086, 9, 9 
17019, 9, 7 
7098, 9, 9 
37259, 9, 9 
5209, 9, 9 
14735, 9, 9 
29993, 9, 9 
54181, 9, 9 
52236, 9, 9 
42048, 9, 9 
46706, 9, 9 
15584, 9, 9 
27773, 9, 9 
53676, 9, 9 
7690, 9, 9 
17463, 9, 9 
35065, 9, 9 
5718, 9, 4 
31737, 9, 9 
39163, 9, 4 
24153, 9, 9 
35004, 9, 9 
7538, 9, 9 
32177, 9, 9 
22081, 9, 9 
56807, 9, 9 
12629, 9, 9 
44534, 9, 5 
40270, 9, 9 
600, 9, 9 
51945, 9, 9 
21192, 9, 9 
2997, 9, 9 
46353, 9, 9 
28927, 9, 9 
20735, 9, 0 
21592, 9, 9 
59135, 9, 9 
55068, 9, 9 
6961, 9, 9 
49547, 9, 9 
35605, 9, 9 
15146, 9, 9 
53801, 9, 9 
3099, 9, 9 
36886, 9, 9 
12051, 9, 9 
53698, 9, 9 
17899, 9, 9 
41311, 9, 9 
1455, 9, 9 
38995, 9, 9 
56199, 9, 5 
57874, 9, 9 
58263, 9, 9 
38087, 9, 9 
29846, 9, 9 
22243, 9, 9 
42497, 9, 9 
50784, 9, 9 
36679, 9, 9 
6376, 9, 9 
30701, 9, 9 
22388, 9, 9 
6999, 9, 9 
27949, 9, 9 
27876, 9, 9 
33701, 9, 9 
48290, 9, 9 
3925, 9, 9 
39593, 9, 9 
27370, 9, 9 
27615, 9, 9 
41274, 9, 9 
14434, 9, 9 
11090, 9, 9 
19914, 9, 9 
36013, 9, 9 
11947, 9, 9 
10906, 9, 9 
17994, 9, 9 
23548, 9, 9 
17702, 9, 9 
27107, 9, 9 
14726, 9, 9 
56773, 9, 7 
19163, 9, 9 
34764, 9, 9 
7505, 9, 9 
11669, 9, 4 
6717, 9, 9 
2137, 9, 9 
1410, 9, 9 
46146, 9, 7 
4771, 9, 9 
51413, 9, 9 
19586, 9, 9 
2640, 9, 9 
35812, 9, 9 
28283, 9, 9 
41162, 9, 9 
48938, 9, 9 
55370, 9, 9 
42152, 9, 9 
9437, 9, 9 
4627, 9, 9 
17211, 9, 9 
58395, 9, 9 
10722, 9, 9 
3704, 9, 9 
22915, 9, 9 
4968, 9, 9 
21317, 9, 9 
5523, 9, 9 
2006, 9, 9 
55792, 9, 3 
51168, 9, 9 
46609, 9, 9 
3346, 9, 9 
59084, 9, 9 
32410, 9, 9 
34865, 9, 9 
15413, 9, 9 
53393, 9, 9 
21300, 9, 9 
6787, 9, 9 
15512, 9, 9 
5024, 9, 9 
8484, 9, 9 
2643, 9, 9 
57986, 9, 9 
52315, 9, 9 
14743, 9, 9 
39016, 9, 9 
52577, 9, 9 
45142, 9, 9 
28582, 9, 9 
41102, 9, 9 
12202, 9, 9 
1855, 9, 9 
33791, 9, 9 
48222, 9, 9 
22782, 9, 9 
34876, 9, 9 
40302, 9, 9 
41422, 9, 9 
40330, 9, 9 
18374, 9, 9 
51032, 9, 9 
