id, true label, predicted label 
45722, 0, 0 
3175, 0, 0 
49281, 0, 0 
20751, 0, 0 
5398, 0, 0 
27332, 0, 0 
41987, 0, 0 
56469, 0, 0 
32298, 0, 0 
29414, 0, 0 
23773, 0, 0 
7934, 0, 0 
23250, 0, 0 
26366, 0, 0 
18137, 0, 0 
4344, 0, 0 
36734, 0, 0 
33330, 0, 0 
34025, 0, 0 
41069, 0, 0 
4216, 0, 0 
52520, 0, 0 
596, 0, 0 
15471, 0, 0 
48167, 0, 0 
55986, 0, 0 
16997, 0, 0 
9666, 0, 0 
21954, 0, 0 
57917, 0, 0 
20407, 0, 0 
16119, 0, 0 
20688, 0, 0 
53982, 0, 0 
11657, 0, 0 
32550, 0, 0 
10992, 0, 0 
21534, 0, 0 
33254, 0, 0 
49014, 0, 0 
22405, 0, 0 
6023, 0, 0 
47046, 0, 0 
32313, 0, 0 
2826, 0, 0 
42448, 0, 0 
18606, 0, 0 
42294, 0, 0 
12741, 0, 0 
18208, 0, 0 
29374, 0, 0 
24615, 0, 0 
15382, 0, 0 
9435, 0, 0 
28840, 0, 0 
1930, 0, 0 
40075, 0, 0 
53328, 0, 0 
95, 0, 0 
14820, 0, 0 
31321, 0, 0 
7948, 0, 0 
14258, 0, 0 
38440, 0, 0 
34356, 0, 0 
11453, 0, 0 
30391, 0, 0 
36953, 0, 0 
28323, 0, 0 
2009, 0, 0 
53785, 0, 0 
18319, 0, 0 
29336, 0, 0 
14110, 0, 0 
33732, 0, 0 
20225, 0, 0 
33192, 0, 0 
13497, 0, 0 
8653, 0, 0 
46703, 0, 0 
3021, 0, 0 
13203, 0, 0 
28295, 0, 0 
35923, 0, 0 
2897, 0, 0 
24985, 0, 0 
7835, 0, 0 
4713, 0, 0 
24696, 0, 0 
35667, 0, 0 
56248, 0, 0 
37408, 0, 0 
48834, 0, 0 
41056, 0, 0 
53101, 0, 0 
51314, 0, 0 
15581, 0, 0 
7471, 0, 0 
26323, 0, 0 
50518, 0, 0 
4220, 0, 0 
5560, 0, 0 
37738, 0, 0 
21560, 0, 0 
5498, 0, 0 
40486, 0, 0 
19738, 0, 0 
7003, 0, 0 
34440, 0, 0 
23301, 0, 0 
38926, 0, 0 
43129, 0, 0 
12477, 0, 0 
35757, 0, 0 
8885, 0, 0 
3376, 0, 0 
4729, 0, 0 
13738, 0, 0 
27289, 0, 0 
23557, 0, 0 
39321, 0, 0 
35905, 0, 0 
27307, 0, 0 
49229, 0, 0 
50974, 0, 0 
11354, 0, 0 
39363, 0, 0 
34296, 0, 0 
17050, 0, 0 
8531, 0, 0 
52621, 0, 0 
39243, 0, 0 
31410, 0, 0 
11022, 0, 0 
11833, 0, 0 
27911, 0, 0 
8249, 0, 0 
27854, 0, 0 
45315, 0, 0 
11045, 0, 0 
42848, 0, 0 
48268, 0, 0 
40843, 0, 0 
668, 0, 0 
29585, 0, 0 
14513, 0, 0 
27484, 0, 0 
4985, 0, 0 
33482, 0, 0 
51259, 0, 0 
32493, 0, 0 
39874, 0, 0 
38055, 0, 0 
33392, 0, 0 
44268, 0, 0 
44815, 0, 0 
24476, 0, 0 
11712, 0, 0 
23971, 0, 0 
41443, 0, 0 
4535, 0, 0 
10861, 0, 0 
28690, 0, 0 
53788, 0, 0 
49075, 0, 0 
51061, 0, 0 
22832, 0, 0 
30149, 0, 0 
57916, 0, 0 
12313, 0, 0 
7378, 0, 0 
326, 0, 0 
4748, 0, 0 
36251, 0, 0 
54083, 0, 0 
18837, 0, 0 
33669, 0, 0 
55663, 0, 0 
2483, 0, 0 
27395, 0, 0 
38808, 0, 0 
25022, 0, 0 
30009, 0, 0 
8096, 0, 0 
24212, 0, 0 
5830, 0, 0 
1837, 0, 0 
15965, 0, 0 
43283, 0, 0 
40218, 0, 0 
10488, 0, 0 
19899, 0, 0 
8932, 0, 0 
34097, 0, 0 
30156, 0, 0 
20840, 0, 0 
927, 0, 0 
42053, 0, 0 
46054, 0, 0 
7462, 0, 0 
13433, 1, 1 
42806, 1, 1 
14980, 1, 1 
24714, 1, 1 
40658, 1, 1 
38554, 1, 1 
23973, 1, 1 
48335, 1, 1 
6834, 1, 1 
56374, 1, 1 
16061, 1, 1 
35006, 1, 1 
31280, 1, 1 
57362, 1, 1 
11634, 1, 1 
42702, 1, 1 
28063, 1, 1 
44125, 1, 1 
24355, 1, 1 
27875, 1, 1 
21230, 1, 1 
26243, 1, 1 
57644, 1, 1 
35880, 1, 1 
30711, 1, 1 
46141, 1, 1 
54753, 1, 1 
49832, 1, 1 
8080, 1, 1 
56226, 1, 1 
17662, 1, 1 
33675, 1, 1 
4435, 1, 1 
5149, 1, 1 
58017, 1, 1 
47340, 1, 1 
3811, 1, 1 
44792, 1, 1 
16562, 1, 1 
959, 1, 1 
56365, 1, 1 
34282, 1, 1 
52615, 1, 1 
12441, 1, 1 
37828, 1, 1 
26726, 1, 1 
7105, 1, 1 
51671, 1, 1 
24020, 1, 1 
23498, 1, 1 
2594, 1, 1 
44126, 1, 1 
46251, 1, 1 
14516, 1, 1 
32411, 1, 1 
22227, 1, 1 
20824, 1, 1 
22398, 1, 1 
10982, 1, 1 
32562, 1, 1 
2630, 1, 1 
20749, 1, 1 
982, 1, 1 
58891, 1, 1 
12040, 1, 1 
34923, 1, 1 
52411, 1, 1 
44031, 1, 1 
48361, 1, 1 
28557, 1, 1 
55222, 1, 1 
8970, 1, 1 
35995, 1, 1 
2374, 1, 1 
54897, 1, 1 
23290, 1, 1 
470, 1, 1 
32326, 1, 1 
41669, 1, 1 
10376, 1, 1 
58198, 1, 1 
28378, 1, 1 
55169, 1, 1 
14794, 1, 1 
51952, 1, 1 
3394, 1, 1 
14464, 1, 1 
36240, 1, 1 
16267, 1, 1 
38337, 1, 1 
16241, 1, 1 
40770, 1, 1 
49534, 1, 1 
7747, 1, 1 
57738, 1, 1 
10129, 1, 1 
12236, 1, 1 
51836, 1, 1 
49519, 1, 1 
46984, 1, 1 
9298, 1, 1 
18074, 1, 1 
50472, 1, 1 
26009, 1, 1 
28035, 1, 1 
52309, 1, 1 
27136, 1, 1 
53341, 1, 1 
15575, 1, 1 
50632, 1, 2 
14041, 1, 1 
59460, 1, 1 
12883, 1, 1 
23255, 1, 1 
39711, 1, 1 
21942, 1, 1 
21166, 1, 1 
7040, 1, 1 
12060, 1, 1 
24737, 1, 1 
56945, 1, 1 
56291, 1, 1 
20686, 1, 1 
23037, 1, 1 
14821, 1, 1 
14682, 1, 1 
45795, 1, 1 
17782, 1, 1 
38007, 1, 1 
56660, 1, 1 
58320, 1, 1 
54239, 1, 1 
5204, 1, 1 
41805, 1, 1 
57440, 1, 1 
18451, 1, 1 
46093, 1, 1 
26144, 1, 1 
1607, 1, 1 
4577, 1, 1 
46089, 1, 1 
8222, 1, 1 
13956, 1, 1 
24647, 1, 1 
23756, 1, 1 
9331, 1, 1 
2429, 1, 1 
56986, 1, 1 
37915, 1, 1 
37997, 1, 1 
24487, 1, 1 
24729, 1, 1 
18918, 1, 1 
45677, 1, 1 
27793, 1, 1 
19940, 1, 1 
12078, 1, 1 
19510, 1, 1 
2177, 1, 1 
35435, 1, 1 
20963, 1, 1 
33398, 1, 1 
43849, 1, 1 
20817, 1, 1 
27879, 1, 1 
6617, 1, 1 
34681, 1, 1 
20810, 1, 1 
15730, 1, 1 
38196, 1, 1 
27245, 1, 1 
5903, 1, 1 
55215, 1, 1 
24771, 1, 1 
10669, 1, 1 
45078, 1, 1 
45438, 1, 1 
51714, 1, 1 
48253, 1, 1 
5174, 1, 1 
55142, 1, 1 
40908, 1, 1 
43003, 1, 1 
21601, 1, 1 
10378, 1, 1 
25287, 1, 1 
49664, 1, 1 
32986, 1, 1 
58387, 1, 1 
18912, 1, 1 
28405, 1, 1 
34215, 1, 1 
9256, 1, 1 
46747, 1, 1 
37839, 1, 1 
3041, 1, 1 
9755, 1, 1 
13003, 1, 1 
9175, 1, 1 
43017, 1, 1 
8390, 2, 2 
43851, 2, 2 
10472, 2, 2 
10354, 2, 2 
38080, 2, 2 
477, 2, 2 
19854, 2, 2 
21911, 2, 2 
42726, 2, 2 
25677, 2, 2 
13984, 2, 2 
1874, 2, 2 
32169, 2, 2 
15618, 2, 2 
35220, 2, 2 
18845, 2, 2 
54978, 2, 2 
26883, 2, 2 
38409, 2, 2 
45342, 2, 2 
52316, 2, 2 
29674, 2, 2 
39118, 2, 2 
57953, 2, 2 
51808, 2, 2 
37743, 2, 2 
48158, 2, 2 
54796, 2, 2 
58114, 2, 2 
3627, 2, 2 
24206, 2, 2 
52109, 2, 2 
11667, 2, 2 
51630, 2, 2 
16813, 2, 2 
27232, 2, 2 
44133, 2, 2 
59555, 2, 2 
53259, 2, 2 
29500, 2, 2 
28932, 2, 2 
6038, 2, 2 
27898, 2, 2 
15799, 2, 2 
27739, 2, 2 
49421, 2, 2 
30811, 2, 2 
56264, 2, 2 
40832, 2, 2 
41861, 2, 2 
50814, 2, 2 
9301, 2, 2 
32949, 2, 2 
25412, 2, 2 
56514, 2, 2 
16320, 2, 2 
50705, 2, 2 
53541, 2, 2 
19149, 2, 2 
46867, 2, 2 
52898, 2, 2 
53639, 2, 2 
17653, 2, 2 
26075, 2, 2 
24633, 2, 2 
7088, 2, 2 
43590, 2, 2 
29496, 2, 2 
19028, 2, 2 
45439, 2, 2 
25369, 2, 2 
33857, 2, 2 
1572, 2, 2 
5895, 2, 2 
18891, 2, 2 
27797, 2, 2 
4165, 2, 2 
8277, 2, 2 
31493, 2, 2 
36321, 2, 2 
56088, 2, 2 
31813, 2, 2 
54908, 2, 2 
53019, 2, 2 
56055, 2, 2 
31874, 2, 2 
22139, 2, 2 
57284, 2, 2 
18585, 2, 2 
28294, 2, 2 
25632, 2, 2 
24012, 2, 2 
12213, 2, 2 
2748, 2, 2 
40956, 2, 2 
59788, 2, 2 
35161, 2, 2 
20655, 2, 2 
32797, 2, 2 
28879, 2, 2 
59004, 2, 2 
46143, 2, 2 
48129, 2, 2 
16744, 2, 2 
15845, 2, 2 
1199, 2, 2 
14007, 2, 2 
16007, 2, 2 
59824, 2, 2 
26733, 2, 2 
38547, 2, 2 
57153, 2, 2 
39145, 2, 2 
54350, 2, 2 
57658, 2, 2 
37296, 2, 2 
41593, 2, 2 
7029, 2, 2 
41451, 2, 2 
42454, 2, 2 
23757, 2, 2 
55437, 2, 2 
26006, 2, 2 
50642, 2, 2 
23441, 2, 2 
28234, 2, 2 
21444, 2, 2 
44881, 2, 2 
53473, 2, 2 
22800, 2, 2 
39545, 2, 2 
26907, 2, 2 
7776, 2, 2 
24695, 2, 2 
39914, 2, 2 
19191, 2, 2 
30976, 2, 2 
25570, 2, 2 
19466, 2, 2 
30826, 2, 2 
657, 2, 2 
33016, 2, 2 
44657, 2, 2 
59290, 2, 2 
23894, 2, 2 
53571, 2, 2 
17369, 2, 2 
11106, 2, 2 
45972, 2, 2 
36978, 2, 2 
53367, 2, 2 
22177, 2, 2 
53901, 2, 2 
11772, 2, 2 
55404, 2, 2 
57755, 2, 2 
36423, 2, 2 
3659, 2, 2 
35167, 2, 2 
46940, 2, 2 
8793, 2, 2 
34848, 2, 2 
10429, 2, 2 
28950, 2, 2 
37632, 2, 2 
55391, 2, 2 
42926, 2, 2 
16351, 2, 2 
35035, 2, 2 
33463, 2, 2 
22124, 2, 2 
28407, 2, 2 
2721, 2, 2 
25663, 2, 2 
20847, 2, 2 
47711, 2, 2 
30840, 2, 2 
4157, 2, 2 
29200, 2, 2 
774, 2, 2 
26630, 2, 2 
17047, 2, 2 
29662, 2, 2 
26689, 2, 2 
17697, 2, 2 
9054, 2, 2 
12950, 2, 8 
28985, 2, 2 
16237, 2, 2 
58098, 2, 2 
42839, 2, 2 
16925, 2, 2 
42603, 2, 2 
8598, 2, 2 
365, 2, 2 
39899, 2, 2 
27052, 2, 2 
51419, 2, 2 
32545, 2, 2 
55542, 2, 2 
21359, 3, 3 
24333, 3, 3 
3124, 3, 3 
8505, 3, 3 
10678, 3, 3 
57717, 3, 3 
1533, 3, 3 
36227, 3, 3 
59168, 3, 3 
32275, 3, 3 
55283, 3, 3 
53558, 3, 3 
55579, 3, 3 
50688, 3, 3 
57598, 3, 3 
52168, 3, 3 
1583, 3, 3 
581, 3, 3 
23119, 3, 3 
55050, 3, 3 
58227, 3, 3 
4719, 3, 3 
30673, 3, 3 
24886, 3, 3 
34845, 3, 3 
10091, 3, 5 
47411, 3, 3 
50976, 3, 3 
37711, 3, 3 
30986, 3, 3 
14361, 3, 3 
46296, 3, 3 
36705, 3, 3 
10360, 3, 3 
59652, 3, 3 
19234, 3, 3 
55737, 3, 3 
57291, 3, 3 
57856, 3, 3 
21007, 3, 5 
52972, 3, 3 
53688, 3, 3 
56207, 3, 3 
41494, 3, 3 
12089, 3, 3 
40752, 3, 5 
30159, 3, 3 
32664, 3, 3 
40298, 3, 3 
50481, 3, 3 
1935, 3, 3 
11138, 3, 3 
55151, 3, 3 
29232, 3, 3 
31249, 3, 3 
20278, 3, 3 
43759, 3, 3 
20708, 3, 3 
25127, 3, 3 
35248, 3, 3 
30720, 3, 3 
51768, 3, 3 
51998, 3, 3 
33908, 3, 3 
34906, 3, 3 
41753, 3, 3 
58288, 3, 3 
10730, 3, 3 
59471, 3, 3 
45644, 3, 3 
5974, 3, 3 
24883, 3, 3 
33953, 3, 3 
37746, 3, 3 
4191, 3, 3 
36604, 3, 3 
3383, 3, 3 
20252, 3, 3 
17553, 3, 3 
56198, 3, 3 
2786, 3, 3 
23829, 3, 3 
14045, 3, 3 
19333, 3, 3 
38049, 3, 3 
5562, 3, 3 
57909, 3, 3 
26171, 3, 3 
40385, 3, 3 
4883, 3, 3 
58045, 3, 3 
47643, 3, 3 
24763, 3, 3 
42083, 3, 3 
19445, 3, 3 
40765, 3, 3 
30256, 3, 3 
10900, 3, 3 
13579, 3, 3 
9300, 3, 3 
1872, 3, 3 
12329, 3, 3 
16940, 3, 3 
1644, 3, 3 
49390, 3, 3 
43330, 3, 3 
15075, 3, 3 
509, 3, 3 
6632, 3, 3 
59315, 3, 3 
22468, 3, 3 
6185, 3, 3 
15335, 3, 3 
47802, 3, 3 
30400, 3, 3 
20400, 3, 3 
44058, 3, 3 
4263, 3, 3 
52378, 3, 3 
44295, 3, 3 
15322, 3, 3 
27573, 3, 3 
47653, 3, 3 
40618, 3, 3 
57166, 3, 3 
39619, 3, 3 
40865, 3, 3 
11714, 3, 3 
50195, 3, 3 
40401, 3, 3 
26187, 3, 3 
254, 3, 3 
39366, 3, 3 
56457, 3, 3 
1677, 3, 3 
34364, 3, 3 
58503, 3, 3 
34721, 3, 3 
7862, 3, 3 
23962, 3, 3 
8830, 3, 3 
34171, 3, 3 
16078, 3, 3 
17104, 3, 3 
42909, 3, 3 
54952, 3, 3 
54996, 3, 3 
56975, 3, 3 
46834, 3, 3 
29225, 3, 3 
49763, 3, 3 
16091, 3, 3 
28380, 3, 3 
16462, 3, 3 
16503, 3, 3 
5252, 3, 3 
15388, 3, 3 
24099, 3, 3 
34832, 3, 3 
30175, 3, 3 
42441, 3, 3 
52134, 3, 3 
50175, 3, 3 
51101, 3, 3 
14447, 3, 3 
29991, 3, 3 
6827, 3, 3 
32025, 3, 3 
43230, 3, 3 
2481, 3, 3 
10882, 3, 3 
26057, 3, 3 
40035, 3, 3 
48770, 3, 3 
18485, 3, 3 
51376, 3, 3 
51798, 3, 3 
27644, 3, 3 
25174, 3, 3 
36802, 3, 3 
53803, 3, 3 
56761, 3, 3 
10674, 3, 3 
32730, 3, 3 
29459, 3, 3 
17040, 3, 3 
22663, 3, 3 
35376, 3, 3 
5640, 3, 3 
57952, 3, 3 
50964, 3, 3 
2127, 3, 3 
45712, 3, 3 
59271, 3, 3 
36990, 3, 3 
21966, 3, 3 
54772, 3, 3 
58173, 3, 3 
15850, 3, 3 
52116, 3, 3 
43415, 4, 4 
39522, 4, 4 
45172, 4, 4 
16985, 4, 4 
58269, 4, 4 
5444, 4, 4 
18501, 4, 4 
39791, 4, 4 
10103, 4, 4 
19340, 4, 4 
52448, 4, 4 
49146, 4, 4 
26546, 4, 4 
9718, 4, 4 
23618, 4, 9 
45729, 4, 4 
45752, 4, 4 
6817, 4, 4 
57835, 4, 4 
57102, 4, 4 
4169, 4, 4 
5105, 4, 4 
19922, 4, 4 
32101, 4, 4 
4433, 4, 4 
33415, 4, 4 
37815, 4, 4 
45219, 4, 4 
49753, 4, 4 
17577, 4, 4 
16818, 4, 4 
30174, 4, 4 
44264, 4, 4 
18203, 4, 4 
47002, 4, 4 
35314, 4, 4 
11818, 4, 4 
49754, 4, 4 
9821, 4, 4 
42822, 4, 4 
58057, 4, 4 
31885, 4, 4 
25100, 4, 4 
24195, 4, 4 
49692, 4, 4 
52852, 4, 4 
24766, 4, 4 
7526, 4, 4 
37893, 4, 4 
34955, 4, 4 
30464, 4, 4 
32719, 4, 4 
33958, 4, 4 
37076, 4, 4 
2546, 4, 4 
20276, 4, 4 
32412, 4, 4 
20972, 4, 4 
4613, 4, 4 
12538, 4, 4 
27398, 4, 4 
17238, 4, 4 
53458, 4, 4 
12543, 4, 4 
16397, 4, 4 
33265, 4, 4 
50161, 4, 4 
57950, 4, 4 
10768, 4, 4 
52623, 4, 4 
55469, 4, 4 
39833, 4, 4 
56646, 4, 4 
56122, 4, 4 
58764, 4, 4 
38132, 4, 4 
7019, 4, 4 
39636, 4, 4 
35904, 4, 4 
42484, 4, 4 
4178, 4, 4 
53477, 4, 4 
7914, 4, 4 
55597, 4, 4 
55585, 4, 4 
46691, 4, 4 
44284, 4, 4 
2031, 4, 4 
20118, 4, 4 
2206, 4, 4 
4641, 4, 4 
25931, 4, 4 
44990, 4, 4 
7657, 4, 4 
1764, 4, 4 
27715, 4, 4 
1580, 4, 4 
28706, 4, 4 
35075, 4, 4 
3009, 4, 4 
19467, 4, 4 
32164, 4, 4 
43601, 4, 4 
33889, 4, 4 
55898, 4, 4 
40094, 4, 4 
4264, 4, 4 
48373, 4, 4 
15787, 4, 4 
46038, 4, 4 
26693, 4, 4 
23696, 4, 4 
46245, 4, 4 
39204, 4, 4 
18190, 4, 4 
877, 4, 4 
4833, 4, 4 
54899, 4, 4 
28493, 4, 4 
31123, 4, 4 
58300, 4, 4 
48313, 4, 4 
5324, 4, 4 
57279, 4, 4 
5322, 4, 4 
22602, 4, 4 
5735, 4, 4 
13183, 4, 4 
12922, 4, 4 
59042, 4, 4 
36726, 4, 4 
35144, 4, 4 
40493, 4, 4 
329, 4, 4 
58840, 4, 4 
18988, 4, 4 
57972, 4, 4 
11767, 4, 4 
16093, 4, 4 
31941, 4, 4 
53025, 4, 4 
22750, 4, 4 
33117, 4, 4 
39058, 4, 4 
14602, 4, 4 
55812, 4, 4 
15092, 4, 4 
23658, 4, 4 
13968, 4, 4 
30180, 4, 4 
56802, 4, 4 
29485, 4, 4 
17276, 4, 4 
11744, 4, 4 
47336, 4, 4 
4616, 4, 4 
26879, 4, 4 
1446, 4, 4 
23269, 4, 4 
5217, 4, 4 
45749, 4, 4 
58875, 4, 4 
18767, 4, 4 
21887, 4, 4 
16625, 4, 4 
20714, 4, 4 
33805, 4, 4 
24253, 4, 4 
6560, 4, 4 
12997, 4, 4 
38370, 4, 4 
38786, 4, 4 
18385, 4, 4 
1431, 4, 4 
20851, 4, 4 
1633, 4, 4 
17576, 4, 4 
40990, 4, 4 
41173, 4, 4 
2069, 4, 4 
50314, 4, 4 
3624, 4, 4 
2220, 4, 4 
31403, 4, 4 
18589, 4, 4 
10990, 4, 4 
57059, 4, 4 
41006, 4, 4 
11283, 4, 4 
10724, 4, 4 
16863, 4, 4 
34971, 4, 4 
5117, 4, 4 
46728, 4, 4 
36379, 4, 4 
52024, 4, 4 
30908, 4, 4 
45876, 4, 4 
44771, 4, 4 
42421, 4, 4 
12650, 5, 5 
39748, 5, 5 
8819, 5, 5 
17544, 5, 5 
48425, 5, 5 
24408, 5, 5 
45924, 5, 5 
30488, 5, 5 
3860, 5, 5 
18925, 5, 5 
59600, 5, 5 
45166, 5, 5 
6431, 5, 5 
19944, 5, 5 
33511, 5, 5 
53812, 5, 5 
56309, 5, 5 
52108, 5, 5 
33077, 5, 5 
54589, 5, 5 
1524, 5, 5 
21115, 5, 5 
32616, 5, 5 
29129, 5, 5 
29354, 5, 5 
57805, 5, 5 
50409, 5, 5 
16384, 5, 5 
30553, 5, 5 
43799, 5, 5 
9995, 5, 5 
38739, 5, 5 
12487, 5, 5 
20530, 5, 5 
34365, 5, 5 
44215, 5, 5 
50592, 5, 5 
20547, 5, 5 
55325, 5, 5 
17879, 5, 5 
35082, 5, 5 
14828, 5, 5 
24097, 5, 5 
6980, 5, 5 
49950, 5, 5 
54528, 5, 5 
33674, 5, 5 
50430, 5, 5 
57528, 5, 5 
52474, 5, 5 
5158, 5, 5 
14074, 5, 5 
48249, 5, 5 
39427, 5, 5 
14688, 5, 5 
12829, 5, 5 
12978, 5, 5 
57327, 5, 5 
30896, 5, 5 
43368, 5, 5 
52057, 5, 5 
9044, 5, 5 
41602, 5, 5 
22194, 5, 5 
45111, 5, 5 
55075, 5, 5 
40127, 5, 5 
51342, 5, 5 
18416, 5, 5 
47832, 5, 5 
55865, 5, 5 
21588, 5, 5 
54913, 5, 5 
25025, 5, 5 
41147, 5, 5 
5081, 5, 5 
56366, 5, 5 
10610, 5, 5 
40431, 5, 5 
771, 5, 5 
12507, 5, 5 
45716, 5, 5 
35310, 5, 5 
3301, 5, 5 
3638, 5, 5 
54111, 5, 5 
43289, 5, 5 
54670, 5, 5 
58633, 5, 5 
21707, 5, 5 
53268, 5, 5 
56804, 5, 5 
36217, 5, 5 
39573, 5, 5 
42338, 5, 5 
28116, 5, 5 
52739, 5, 5 
41049, 5, 5 
44924, 5, 5 
19301, 5, 5 
23923, 5, 5 
7323, 5, 5 
49863, 5, 5 
12692, 5, 5 
4704, 5, 5 
44674, 5, 5 
899, 5, 5 
19430, 5, 5 
44003, 5, 5 
9171, 5, 5 
50677, 5, 5 
36381, 5, 5 
48094, 5, 5 
16364, 5, 5 
40253, 5, 5 
15594, 5, 5 
49788, 5, 5 
13021, 5, 5 
39214, 5, 5 
31651, 5, 5 
25273, 5, 5 
26113, 5, 5 
1433, 5, 5 
12818, 5, 5 
24614, 5, 5 
22565, 5, 5 
50301, 5, 5 
45629, 5, 5 
55729, 5, 5 
6929, 5, 5 
8938, 5, 5 
35274, 5, 5 
23825, 5, 5 
53428, 5, 5 
30980, 5, 5 
49140, 5, 5 
21532, 5, 5 
49427, 5, 5 
28271, 5, 5 
52540, 5, 5 
26432, 5, 5 
50768, 5, 5 
16586, 5, 5 
19081, 5, 5 
23927, 5, 5 
40326, 5, 5 
11542, 5, 5 
15444, 5, 5 
23597, 5, 5 
45036, 5, 5 
36118, 5, 5 
26976, 5, 5 
23690, 5, 5 
32598, 5, 5 
32386, 5, 5 
4450, 5, 5 
22268, 5, 5 
21338, 5, 5 
44253, 5, 5 
9464, 5, 5 
5164, 5, 5 
18701, 5, 5 
35397, 5, 5 
1847, 5, 5 
59701, 5, 6 
31702, 5, 5 
12488, 5, 5 
26017, 5, 5 
15810, 5, 5 
1806, 5, 5 
24149, 5, 5 
54246, 5, 5 
22556, 5, 5 
20799, 5, 5 
5666, 5, 5 
47741, 5, 5 
46453, 5, 5 
48838, 5, 5 
22650, 5, 5 
50831, 5, 5 
52914, 5, 5 
45091, 5, 5 
25577, 5, 5 
36495, 5, 5 
16494, 5, 5 
6198, 5, 5 
31346, 5, 5 
49132, 5, 5 
9899, 5, 5 
10538, 5, 5 
6324, 5, 5 
16356, 5, 5 
32141, 5, 5 
2933, 5, 5 
985, 5, 5 
50406, 5, 5 
26727, 5, 5 
3129, 5, 5 
55459, 5, 5 
23734, 5, 5 
7015, 6, 6 
29015, 6, 6 
48792, 6, 6 
20984, 6, 6 
14641, 6, 6 
16065, 6, 6 
19462, 6, 6 
4188, 6, 6 
3856, 6, 6 
56796, 6, 6 
49346, 6, 6 
32894, 6, 6 
5026, 6, 6 
47277, 6, 6 
2474, 6, 6 
36425, 6, 6 
57140, 6, 6 
12047, 6, 6 
21126, 6, 6 
8367, 6, 6 
11759, 6, 6 
16695, 6, 6 
49931, 6, 6 
1136, 6, 6 
15674, 6, 6 
16160, 6, 6 
20745, 6, 6 
25541, 6, 6 
54610, 6, 6 
44843, 6, 6 
2025, 6, 6 
28947, 6, 6 
5231, 6, 6 
6553, 6, 6 
58191, 6, 6 
2479, 6, 6 
42570, 6, 6 
53422, 6, 6 
55942, 6, 6 
58786, 6, 6 
1898, 6, 6 
45460, 6, 6 
38980, 6, 6 
56693, 6, 6 
58382, 6, 6 
20124, 6, 6 
46411, 6, 6 
7543, 6, 6 
55019, 6, 6 
18652, 6, 6 
20757, 6, 6 
36403, 6, 6 
13614, 6, 6 
22665, 6, 6 
58958, 6, 6 
10672, 6, 6 
4572, 6, 6 
21268, 6, 6 
35342, 6, 6 
59924, 6, 6 
19881, 6, 6 
17416, 6, 6 
7063, 6, 6 
24592, 6, 6 
8621, 6, 6 
41213, 6, 6 
26469, 6, 6 
27559, 6, 6 
13715, 6, 6 
8305, 6, 6 
14524, 6, 6 
52571, 6, 6 
59637, 6, 6 
43420, 6, 6 
6482, 6, 6 
3366, 6, 6 
59255, 6, 6 
51507, 6, 6 
30716, 6, 6 
38996, 6, 6 
28397, 6, 6 
2293, 6, 6 
31903, 6, 6 
261, 6, 6 
54547, 6, 6 
30995, 6, 6 
20486, 6, 6 
38181, 6, 6 
43569, 6, 6 
42856, 6, 6 
14248, 6, 6 
39679, 6, 6 
22709, 6, 6 
13226, 6, 6 
56519, 6, 6 
2588, 6, 6 
58354, 6, 6 
36810, 6, 6 
52912, 6, 6 
11261, 6, 6 
48319, 6, 6 
39212, 6, 6 
8799, 6, 6 
43668, 6, 6 
28728, 6, 6 
46682, 6, 6 
4030, 6, 6 
30024, 6, 6 
2470, 6, 6 
21291, 6, 6 
34840, 6, 6 
45863, 6, 6 
56421, 6, 6 
10709, 6, 6 
58869, 6, 6 
39883, 6, 6 
9016, 6, 6 
11000, 6, 6 
23774, 6, 6 
57770, 6, 6 
5413, 6, 6 
54621, 6, 6 
4741, 6, 6 
56673, 6, 6 
18908, 6, 6 
29836, 6, 6 
34255, 6, 6 
23742, 6, 6 
19142, 6, 6 
50160, 6, 6 
16822, 6, 6 
54265, 6, 6 
50580, 6, 6 
4210, 6, 6 
21407, 6, 6 
30168, 6, 6 
44735, 6, 6 
23476, 6, 6 
56918, 6, 6 
1688, 6, 6 
42788, 6, 6 
35955, 6, 6 
34522, 6, 6 
54830, 6, 6 
28727, 6, 6 
35537, 6, 6 
34703, 6, 6 
20383, 6, 6 
55112, 6, 6 
38853, 6, 6 
24242, 6, 6 
55660, 6, 6 
31046, 6, 6 
18149, 6, 6 
40394, 6, 6 
20796, 6, 6 
6433, 6, 6 
18292, 6, 6 
48362, 6, 6 
27504, 6, 6 
32058, 6, 6 
24079, 6, 6 
10149, 6, 6 
49104, 6, 6 
54409, 6, 6 
25815, 6, 6 
50934, 6, 6 
22809, 6, 6 
3646, 6, 6 
27536, 6, 6 
8497, 6, 6 
12159, 6, 6 
52516, 6, 6 
32889, 6, 6 
53543, 6, 6 
30063, 6, 6 
59785, 6, 6 
18154, 6, 6 
1637, 6, 6 
6581, 6, 6 
40527, 6, 6 
30873, 6, 6 
23697, 6, 6 
33100, 6, 6 
31289, 6, 6 
18177, 6, 6 
41060, 6, 6 
38479, 6, 6 
45294, 6, 6 
27190, 6, 6 
20682, 6, 6 
30989, 6, 6 
9929, 6, 6 
30878, 6, 6 
6150, 6, 6 
53909, 6, 6 
33497, 6, 6 
43744, 6, 6 
2836, 6, 6 
35026, 6, 6 
50278, 7, 7 
17340, 7, 7 
19187, 7, 7 
1422, 7, 7 
4869, 7, 7 
58342, 7, 7 
40080, 7, 7 
9198, 7, 7 
30504, 7, 7 
7513, 7, 7 
46422, 7, 7 
59664, 7, 7 
7113, 7, 7 
52322, 7, 7 
33335, 7, 7 
14004, 7, 7 
8965, 7, 7 
31291, 7, 7 
38133, 7, 7 
52321, 7, 7 
13421, 7, 7 
27756, 7, 7 
53183, 7, 7 
51204, 7, 7 
53719, 7, 7 
28211, 7, 7 
13900, 7, 7 
22454, 7, 7 
45428, 7, 7 
37536, 7, 7 
41026, 7, 7 
21133, 7, 7 
39048, 7, 7 
16999, 7, 7 
36615, 7, 7 
34079, 7, 7 
14277, 7, 7 
39088, 7, 7 
55266, 7, 7 
28688, 7, 7 
47071, 7, 7 
47161, 7, 7 
40872, 7, 7 
47417, 7, 7 
5555, 7, 7 
41244, 7, 7 
19791, 7, 7 
38964, 7, 7 
5182, 7, 7 
46462, 7, 7 
38598, 7, 7 
24540, 7, 7 
50224, 7, 7 
36650, 7, 7 
26894, 7, 7 
56209, 7, 7 
4141, 7, 7 
29796, 7, 7 
10179, 7, 7 
48712, 7, 7 
185, 7, 7 
36136, 7, 7 
42672, 7, 7 
39712, 7, 7 
52166, 7, 7 
54176, 7, 7 
12296, 7, 7 
54887, 7, 7 
33660, 7, 7 
7849, 7, 7 
41099, 7, 7 
13355, 7, 7 
58292, 7, 7 
50894, 7, 7 
53129, 7, 7 
56287, 7, 7 
8699, 7, 7 
14201, 7, 7 
20856, 7, 7 
32190, 7, 7 
34472, 7, 7 
52301, 7, 7 
1975, 7, 7 
41601, 7, 7 
42939, 7, 7 
2778, 7, 7 
54118, 7, 7 
15393, 7, 7 
45691, 7, 7 
52937, 7, 7 
58143, 7, 7 
13131, 7, 7 
40795, 7, 7 
853, 7, 7 
15098, 7, 7 
42897, 7, 7 
45496, 7, 7 
32649, 7, 7 
5000, 7, 7 
45680, 7, 7 
32220, 7, 7 
599, 7, 7 
21732, 7, 7 
16557, 7, 7 
48144, 7, 7 
42790, 7, 7 
53548, 7, 7 
52423, 7, 7 
48035, 7, 7 
14997, 7, 7 
4984, 7, 7 
56077, 7, 7 
26591, 7, 7 
5280, 7, 7 
5519, 7, 7 
9878, 7, 7 
24409, 7, 7 
31398, 7, 7 
3151, 7, 7 
21679, 7, 7 
17177, 7, 7 
16304, 7, 7 
21405, 7, 7 
11488, 7, 9 
50126, 7, 7 
55346, 7, 7 
28220, 7, 7 
31064, 7, 7 
795, 7, 7 
44832, 7, 7 
20304, 7, 7 
59745, 7, 7 
46769, 7, 7 
2246, 7, 7 
38422, 7, 7 
57017, 7, 7 
32359, 7, 7 
4591, 7, 7 
22167, 7, 7 
35960, 7, 7 
38178, 7, 7 
10202, 7, 7 
32416, 7, 7 
16641, 7, 7 
1381, 7, 7 
38091, 7, 7 
38783, 7, 7 
51113, 7, 7 
39426, 7, 7 
29900, 7, 7 
3620, 7, 7 
11516, 7, 7 
30462, 7, 7 
38075, 7, 7 
26004, 7, 7 
56521, 7, 7 
21240, 7, 7 
9157, 7, 7 
56701, 7, 7 
22007, 7, 7 
50874, 7, 7 
27220, 7, 7 
22134, 7, 7 
49755, 7, 7 
52216, 7, 7 
13199, 7, 7 
44067, 7, 7 
26964, 7, 7 
18265, 7, 7 
25229, 7, 7 
56611, 7, 7 
10548, 7, 7 
43005, 7, 7 
9548, 7, 7 
37327, 7, 7 
55409, 7, 7 
37093, 7, 7 
54364, 7, 7 
49849, 7, 7 
26579, 7, 7 
49235, 7, 7 
25597, 7, 7 
5968, 7, 7 
54426, 7, 7 
31614, 7, 7 
3940, 7, 7 
24907, 7, 7 
36612, 7, 7 
45865, 7, 7 
18834, 7, 7 
43725, 7, 7 
23002, 7, 7 
49921, 7, 7 
43089, 7, 7 
22790, 7, 7 
27157, 7, 7 
35203, 7, 7 
18289, 7, 7 
31257, 7, 7 
41345, 7, 7 
47317, 8, 8 
2636, 8, 8 
47675, 8, 8 
50246, 8, 8 
54341, 8, 8 
30631, 8, 8 
545, 8, 8 
53997, 8, 8 
41394, 8, 8 
28962, 8, 8 
51864, 8, 8 
25131, 8, 8 
56412, 8, 8 
24578, 8, 8 
18242, 8, 8 
32285, 8, 8 
10151, 8, 8 
7190, 8, 8 
39764, 8, 8 
34794, 8, 8 
7477, 8, 8 
43410, 8, 8 
9537, 8, 8 
2194, 8, 8 
42688, 8, 8 
16373, 8, 8 
47926, 8, 8 
8386, 8, 8 
30416, 8, 8 
1760, 8, 8 
34707, 8, 8 
51746, 8, 8 
24240, 8, 8 
58195, 8, 8 
59813, 8, 8 
14250, 8, 8 
56544, 8, 8 
26701, 8, 8 
20945, 8, 8 
15988, 8, 8 
8764, 8, 8 
16724, 8, 8 
54054, 8, 8 
42736, 8, 8 
20823, 8, 8 
11872, 8, 8 
51105, 8, 8 
24925, 8, 8 
12944, 8, 8 
9117, 8, 8 
7797, 8, 8 
24046, 8, 8 
9178, 8, 8 
17060, 8, 8 
5338, 8, 8 
14263, 8, 8 
32806, 8, 8 
21457, 8, 8 
10054, 8, 8 
49276, 8, 8 
3153, 8, 8 
29092, 8, 8 
35733, 8, 8 
50765, 8, 8 
29417, 8, 8 
45968, 8, 8 
4967, 8, 8 
52496, 8, 8 
17999, 8, 8 
15723, 8, 8 
5087, 8, 8 
51907, 8, 8 
40398, 8, 8 
11210, 8, 9 
5696, 8, 8 
8618, 8, 8 
42872, 8, 8 
37979, 8, 8 
26935, 8, 8 
6072, 8, 8 
54295, 8, 8 
22150, 8, 8 
34225, 8, 8 
11067, 8, 8 
46478, 8, 8 
51326, 8, 8 
53513, 8, 8 
9564, 8, 8 
1788, 8, 8 
13089, 8, 8 
25326, 8, 8 
48037, 8, 8 
52719, 8, 8 
43321, 8, 8 
2369, 8, 8 
16069, 8, 8 
2349, 8, 8 
30098, 8, 8 
8607, 8, 8 
51964, 8, 8 
44087, 8, 8 
3600, 8, 8 
39001, 8, 8 
20157, 8, 8 
42297, 8, 8 
55163, 8, 8 
50530, 8, 8 
39841, 8, 8 
34460, 8, 8 
49439, 8, 8 
40935, 8, 8 
51272, 8, 8 
14017, 8, 8 
35809, 8, 8 
47093, 8, 8 
41363, 8, 8 
37774, 8, 8 
48559, 8, 8 
27613, 8, 8 
3495, 8, 8 
6760, 8, 8 
14941, 8, 8 
39277, 8, 8 
51315, 8, 8 
50988, 8, 8 
44604, 8, 8 
16036, 8, 8 
8136, 8, 8 
42635, 8, 8 
12085, 8, 8 
2958, 8, 8 
30407, 8, 8 
38014, 8, 8 
27286, 8, 8 
22308, 8, 8 
817, 8, 8 
25657, 8, 8 
50596, 8, 8 
48021, 8, 8 
16790, 8, 8 
49525, 8, 8 
17760, 8, 8 
56357, 8, 8 
33152, 8, 8 
17559, 8, 8 
5537, 8, 8 
4862, 8, 8 
27085, 8, 8 
16951, 8, 8 
52469, 8, 8 
17027, 8, 8 
24297, 8, 8 
38581, 8, 8 
29118, 8, 8 
50077, 8, 8 
386, 8, 8 
2842, 8, 8 
4063, 8, 8 
11751, 8, 8 
44310, 8, 8 
37924, 8, 8 
8746, 8, 8 
56842, 8, 8 
11160, 8, 8 
45884, 8, 8 
35751, 8, 8 
8759, 8, 8 
33801, 8, 8 
16611, 8, 8 
59685, 8, 8 
30347, 8, 8 
13079, 8, 8 
17506, 8, 8 
3438, 8, 8 
34212, 8, 8 
24829, 8, 8 
5633, 8, 8 
53133, 8, 8 
17362, 8, 8 
28710, 8, 8 
47013, 8, 8 
51414, 8, 8 
54950, 8, 8 
59303, 8, 8 
3499, 8, 8 
41935, 8, 8 
54624, 8, 8 
708, 8, 8 
51588, 8, 8 
18931, 8, 8 
6976, 8, 8 
13592, 8, 8 
45050, 8, 8 
43201, 8, 8 
56068, 8, 8 
29178, 8, 8 
26079, 8, 8 
25544, 8, 8 
59718, 8, 8 
43203, 8, 8 
42458, 9, 9 
54275, 9, 9 
33483, 9, 9 
23748, 9, 9 
39753, 9, 9 
58692, 9, 9 
35735, 9, 9 
51297, 9, 9 
23743, 9, 9 
48940, 9, 9 
28448, 9, 9 
45888, 9, 5 
16149, 9, 9 
17501, 9, 9 
54627, 9, 9 
58401, 9, 9 
51082, 9, 9 
26426, 9, 9 
10186, 9, 9 
35836, 9, 9 
4671, 9, 9 
17959, 9, 9 
45086, 9, 9 
55568, 9, 9 
12773, 9, 9 
42144, 9, 9 
35956, 9, 9 
3030, 9, 8 
44234, 9, 9 
17983, 9, 9 
50384, 9, 9 
39842, 9, 9 
38230, 9, 9 
30693, 9, 9 
22762, 9, 9 
3063, 9, 9 
37062, 9, 8 
49669, 9, 9 
19315, 9, 9 
25881, 9, 9 
38153, 9, 9 
12160, 9, 9 
30845, 9, 9 
13891, 9, 9 
29369, 9, 9 
2697, 9, 9 
17591, 9, 7 
40997, 9, 9 
6765, 9, 9 
7822, 9, 9 
52151, 9, 9 
8998, 9, 9 
18475, 9, 9 
26997, 9, 9 
34341, 9, 9 
31841, 9, 9 
28889, 9, 9 
19178, 9, 9 
47185, 9, 9 
16673, 9, 9 
3770, 9, 9 
55496, 9, 9 
11208, 9, 9 
31089, 9, 9 
17848, 9, 9 
20667, 9, 9 
5558, 9, 9 
24029, 9, 9 
37265, 9, 9 
24054, 9, 9 
29134, 9, 9 
39588, 9, 9 
55702, 9, 9 
15369, 9, 9 
58542, 9, 9 
29861, 9, 9 
8141, 9, 9 
30204, 9, 9 
15584, 9, 9 
47788, 9, 9 
36102, 9, 9 
14956, 9, 9 
43891, 9, 9 
57551, 9, 9 
110, 9, 9 
20925, 9, 9 
227, 9, 9 
22319, 9, 9 
1194, 9, 9 
52127, 9, 9 
31132, 9, 9 
55803, 9, 9 
41503, 9, 9 
8586, 9, 9 
33199, 9, 9 
33249, 9, 9 
23635, 9, 9 
19806, 9, 9 
44421, 9, 9 
55599, 9, 9 
51938, 9, 9 
21639, 9, 9 
7922, 9, 9 
34790, 9, 9 
21165, 9, 9 
9481, 9, 9 
15244, 9, 7 
3186, 9, 9 
20982, 9, 9 
44948, 9, 9 
16253, 9, 9 
41021, 9, 9 
27848, 9, 9 
22552, 9, 9 
28383, 9, 9 
26895, 9, 9 
5172, 9, 9 
52718, 9, 4 
40458, 9, 9 
38292, 9, 9 
8111, 9, 9 
13111, 9, 9 
49333, 9, 9 
1036, 9, 9 
45071, 9, 9 
32163, 9, 9 
35059, 9, 9 
15653, 9, 9 
56627, 9, 9 
12417, 9, 9 
45879, 9, 9 
22672, 9, 9 
57563, 9, 9 
38030, 9, 9 
900, 9, 9 
22108, 9, 9 
26682, 9, 9 
5062, 9, 9 
22549, 9, 9 
15089, 9, 9 
14217, 9, 9 
2911, 9, 9 
47671, 9, 9 
49740, 9, 9 
21356, 9, 9 
26430, 9, 9 
18885, 9, 9 
1895, 9, 9 
37136, 9, 9 
28460, 9, 9 
28774, 9, 9 
36973, 9, 9 
6589, 9, 9 
59814, 9, 9 
53280, 9, 9 
17958, 9, 9 
17737, 9, 9 
18082, 9, 9 
1370, 9, 9 
11151, 9, 9 
16751, 9, 9 
29710, 9, 9 
24825, 9, 9 
53683, 9, 9 
58859, 9, 9 
40065, 9, 9 
54843, 9, 9 
41684, 9, 9 
45625, 9, 9 
49335, 9, 9 
58979, 9, 9 
11313, 9, 9 
50119, 9, 9 
21987, 9, 9 
50318, 9, 9 
1743, 9, 9 
54251, 9, 9 
33358, 9, 9 
58742, 9, 9 
8674, 9, 9 
21827, 9, 9 
12570, 9, 9 
9191, 9, 9 
38087, 9, 9 
8999, 9, 9 
42943, 9, 9 
18828, 9, 9 
41791, 9, 9 
10621, 9, 9 
56839, 9, 9 
24916, 9, 9 
5726, 9, 9 
1732, 9, 9 
28737, 9, 9 
59109, 9, 9 
4098, 9, 9 
2247, 9, 9 
3745, 9, 9 
58013, 9, 9 
29137, 9, 9 
