id, true label, predicted label 
55817, 0, 0 
38926, 0, 0 
35536, 0, 0 
57176, 0, 0 
59536, 0, 0 
14034, 0, 0 
25518, 0, 0 
15694, 0, 0 
50523, 0, 0 
9197, 0, 0 
22829, 0, 0 
24913, 0, 0 
10914, 0, 0 
3888, 0, 0 
43258, 0, 0 
54822, 0, 0 
17838, 0, 0 
19008, 0, 0 
52609, 0, 0 
7648, 0, 0 
53928, 0, 0 
50208, 0, 0 
14282, 0, 0 
4465, 0, 0 
59653, 0, 9 
47976, 0, 0 
25278, 0, 0 
42487, 0, 0 
19872, 0, 0 
7930, 0, 0 
27462, 0, 0 
2914, 0, 0 
8682, 0, 0 
37968, 0, 0 
53959, 0, 0 
32843, 0, 0 
36506, 0, 0 
45701, 0, 0 
55315, 0, 0 
10732, 0, 0 
59944, 0, 0 
30923, 0, 0 
45908, 0, 0 
34919, 0, 0 
12457, 0, 0 
46947, 0, 0 
4931, 0, 0 
10230, 0, 0 
4106, 0, 0 
34007, 0, 0 
4067, 0, 0 
28505, 0, 0 
15864, 0, 0 
12011, 0, 0 
49331, 0, 0 
37261, 0, 0 
40582, 0, 0 
37303, 0, 0 
22111, 0, 0 
53432, 0, 0 
22375, 0, 0 
37192, 0, 0 
33608, 0, 0 
7364, 0, 0 
50256, 0, 0 
12387, 0, 0 
47072, 0, 0 
39874, 0, 0 
4597, 0, 0 
27327, 0, 0 
5286, 0, 0 
21066, 0, 0 
2624, 0, 0 
34051, 0, 0 
41770, 0, 0 
55631, 0, 0 
4453, 0, 0 
39817, 0, 0 
32463, 0, 0 
44096, 0, 0 
43404, 0, 0 
40895, 0, 0 
42623, 0, 0 
41907, 0, 0 
36371, 0, 0 
56140, 0, 0 
35959, 0, 0 
57962, 0, 0 
56444, 0, 0 
40262, 0, 0 
7948, 0, 0 
21932, 0, 0 
3434, 0, 0 
25383, 0, 0 
1897, 0, 0 
22213, 0, 0 
25839, 0, 0 
21353, 0, 0 
9806, 0, 0 
24776, 0, 0 
42111, 0, 0 
18836, 0, 0 
36620, 0, 0 
34401, 0, 0 
2746, 0, 0 
15934, 0, 0 
9342, 0, 0 
22832, 0, 0 
51057, 0, 0 
24856, 0, 0 
5665, 0, 0 
26639, 0, 0 
35488, 0, 0 
28763, 0, 0 
29203, 0, 0 
13798, 0, 0 
53299, 0, 0 
43549, 0, 0 
47835, 0, 0 
13822, 0, 0 
10025, 0, 0 
26501, 0, 0 
45315, 0, 0 
39213, 0, 0 
58038, 0, 0 
9750, 0, 0 
9506, 0, 0 
49561, 0, 0 
10664, 0, 0 
46604, 0, 0 
22008, 0, 0 
30926, 0, 0 
55967, 0, 0 
47693, 0, 0 
48790, 0, 0 
31937, 0, 0 
2327, 0, 0 
28402, 0, 0 
54967, 0, 0 
22605, 0, 0 
32274, 0, 0 
22063, 0, 0 
69, 0, 0 
52928, 0, 0 
19985, 0, 0 
5072, 0, 0 
1346, 0, 0 
6538, 0, 0 
30932, 0, 0 
2890, 0, 0 
7338, 0, 0 
49097, 0, 0 
21898, 0, 0 
15734, 0, 0 
15564, 0, 0 
44603, 0, 0 
50354, 0, 0 
9131, 0, 0 
51627, 0, 0 
50024, 0, 0 
41156, 0, 0 
32625, 0, 0 
40249, 0, 0 
14430, 0, 0 
20161, 0, 0 
22209, 0, 0 
5932, 0, 0 
44614, 0, 0 
59051, 0, 0 
5167, 0, 0 
30340, 0, 0 
33111, 0, 0 
2629, 0, 0 
20625, 0, 0 
6619, 0, 0 
4565, 0, 0 
27805, 0, 0 
13751, 0, 0 
40888, 0, 0 
51546, 0, 0 
35294, 0, 0 
27401, 0, 0 
13916, 0, 0 
48755, 0, 0 
55348, 0, 0 
7892, 0, 0 
54221, 0, 0 
24978, 0, 0 
39175, 0, 0 
28408, 0, 0 
19738, 0, 0 
8754, 0, 0 
14820, 0, 0 
38488, 0, 0 
38686, 0, 0 
6857, 0, 0 
40820, 0, 0 
30388, 0, 0 
15582, 0, 0 
38914, 0, 0 
27684, 1, 1 
35386, 1, 1 
8296, 1, 1 
45363, 1, 1 
40098, 1, 1 
44622, 1, 1 
55825, 1, 1 
32070, 1, 2 
46913, 1, 1 
7022, 1, 1 
1879, 1, 1 
17438, 1, 1 
59559, 1, 1 
25531, 1, 1 
57022, 1, 1 
29909, 1, 1 
31537, 1, 1 
41685, 1, 1 
32229, 1, 1 
10342, 1, 1 
37732, 1, 1 
54087, 1, 1 
32675, 1, 1 
21715, 1, 1 
37936, 1, 1 
3, 1, 1 
17151, 1, 1 
37182, 1, 1 
42486, 1, 1 
17090, 1, 1 
39072, 1, 1 
12166, 1, 1 
11050, 1, 1 
51779, 1, 1 
2858, 1, 1 
20195, 1, 1 
18899, 1, 1 
3885, 1, 1 
5443, 1, 1 
42502, 1, 1 
14, 1, 1 
56912, 1, 1 
10555, 1, 1 
20036, 1, 1 
55358, 1, 1 
19510, 1, 1 
55324, 1, 1 
34852, 1, 1 
24289, 1, 1 
33183, 1, 1 
13835, 1, 1 
44290, 1, 1 
8738, 1, 1 
17661, 1, 1 
3926, 1, 1 
44935, 1, 1 
48900, 1, 1 
20302, 1, 1 
8348, 1, 1 
56734, 1, 1 
49807, 1, 1 
43927, 1, 1 
27836, 1, 1 
42673, 1, 1 
45703, 1, 1 
25416, 1, 1 
35052, 1, 1 
36317, 1, 1 
21991, 1, 1 
59768, 1, 1 
13657, 1, 1 
19782, 1, 3 
30607, 1, 1 
1181, 1, 1 
47830, 1, 1 
44473, 1, 1 
35722, 1, 1 
33457, 1, 1 
22120, 1, 1 
29517, 1, 1 
33648, 1, 1 
2663, 1, 1 
43653, 1, 1 
45768, 1, 1 
34291, 1, 1 
23795, 1, 1 
25703, 1, 1 
43131, 1, 1 
46256, 1, 1 
22247, 1, 1 
7857, 1, 1 
32306, 1, 1 
40819, 1, 1 
52627, 1, 1 
8806, 1, 1 
11604, 1, 1 
35900, 1, 1 
19265, 1, 1 
6436, 1, 1 
5090, 1, 1 
50482, 1, 1 
14929, 1, 1 
39818, 1, 1 
10248, 1, 1 
7084, 1, 1 
32085, 1, 1 
17815, 1, 1 
51895, 1, 1 
7572, 1, 1 
30457, 1, 1 
41591, 1, 1 
38196, 1, 1 
52107, 1, 1 
6003, 1, 1 
9599, 1, 1 
19018, 1, 1 
24143, 1, 1 
14298, 1, 1 
46199, 1, 1 
993, 1, 1 
17465, 1, 1 
42435, 1, 1 
37938, 1, 1 
57340, 1, 1 
17560, 1, 1 
17254, 1, 1 
7973, 1, 1 
50136, 1, 1 
46113, 1, 1 
18940, 1, 1 
52758, 1, 1 
59102, 1, 1 
28516, 1, 1 
38526, 1, 9 
55417, 1, 1 
51187, 1, 1 
15148, 1, 1 
18409, 1, 1 
56955, 1, 1 
59517, 1, 1 
48183, 1, 1 
54416, 1, 1 
47407, 1, 1 
46185, 1, 1 
43458, 1, 1 
15423, 1, 1 
34679, 1, 1 
58576, 1, 1 
102, 1, 1 
36457, 1, 1 
20094, 1, 1 
21744, 1, 1 
5107, 1, 1 
41638, 1, 1 
53966, 1, 1 
34911, 1, 1 
38305, 1, 1 
30305, 1, 1 
29133, 1, 1 
32245, 1, 1 
27746, 1, 1 
58022, 1, 1 
13474, 1, 1 
39402, 1, 1 
42460, 1, 1 
14945, 1, 1 
48273, 1, 1 
46107, 1, 1 
31447, 1, 1 
33086, 1, 1 
37547, 1, 1 
32063, 1, 1 
41623, 1, 1 
27454, 1, 1 
55080, 1, 1 
14371, 1, 1 
51671, 1, 1 
17180, 1, 1 
24352, 1, 1 
56603, 1, 1 
10713, 1, 1 
39033, 1, 1 
22490, 1, 1 
53140, 1, 1 
40999, 1, 1 
59832, 1, 1 
52777, 1, 1 
1697, 1, 1 
23532, 1, 1 
13177, 1, 1 
31945, 1, 1 
44454, 1, 1 
18235, 1, 1 
3237, 1, 1 
31169, 1, 1 
20058, 1, 1 
9815, 1, 1 
5530, 1, 1 
32540, 1, 1 
55449, 1, 1 
35827, 2, 2 
52011, 2, 2 
59539, 2, 2 
42068, 2, 2 
14355, 2, 2 
14264, 2, 2 
43394, 2, 2 
7818, 2, 2 
54110, 2, 2 
36147, 2, 2 
54765, 2, 2 
2332, 2, 2 
18036, 2, 2 
51658, 2, 2 
5377, 2, 2 
45868, 2, 3 
24035, 2, 2 
13910, 2, 2 
43871, 2, 2 
50452, 2, 2 
43101, 2, 2 
568, 2, 2 
39853, 2, 2 
32022, 2, 2 
43630, 2, 2 
29735, 2, 2 
41429, 2, 2 
33203, 2, 2 
27989, 2, 2 
50546, 2, 2 
59903, 2, 2 
9092, 2, 2 
3791, 2, 2 
2625, 2, 2 
716, 2, 2 
18930, 2, 2 
40747, 2, 2 
29501, 2, 2 
36100, 2, 2 
52784, 2, 2 
29171, 2, 2 
24665, 2, 2 
17047, 2, 2 
33160, 2, 2 
18224, 2, 2 
8742, 2, 2 
19755, 2, 2 
20375, 2, 2 
22226, 2, 2 
44374, 2, 2 
25136, 2, 2 
34848, 2, 2 
39006, 2, 2 
47912, 2, 2 
30719, 2, 2 
41741, 2, 2 
35161, 2, 2 
43994, 2, 2 
7870, 2, 2 
9546, 2, 2 
40203, 2, 2 
35850, 2, 2 
27215, 2, 2 
8490, 2, 2 
14446, 2, 2 
50153, 2, 2 
27898, 2, 2 
4649, 2, 2 
20981, 2, 2 
47984, 2, 2 
43826, 2, 2 
15272, 2, 2 
5314, 2, 2 
33982, 2, 2 
59672, 2, 2 
9725, 2, 2 
40279, 2, 2 
37918, 2, 2 
32947, 2, 2 
50487, 2, 2 
15603, 2, 2 
51673, 2, 2 
50478, 2, 2 
43254, 2, 2 
20289, 2, 2 
46377, 2, 2 
9689, 2, 2 
46266, 2, 2 
48784, 2, 2 
9780, 2, 2 
16390, 2, 2 
22990, 2, 2 
43974, 2, 2 
58651, 2, 2 
39726, 2, 2 
21917, 2, 2 
27456, 2, 2 
39919, 2, 2 
31513, 2, 2 
59253, 2, 2 
8784, 2, 2 
40581, 2, 2 
38195, 2, 2 
2346, 2, 2 
44302, 2, 2 
20629, 2, 2 
39545, 2, 2 
6099, 2, 2 
40985, 2, 2 
38401, 2, 2 
50773, 2, 2 
1900, 2, 2 
26326, 2, 2 
35770, 2, 2 
31221, 2, 2 
23934, 2, 2 
39899, 2, 2 
46606, 2, 2 
30972, 2, 2 
7500, 2, 2 
6626, 2, 2 
28879, 2, 2 
24430, 2, 2 
47238, 2, 2 
563, 2, 2 
57307, 2, 2 
56243, 2, 2 
41397, 2, 2 
52677, 2, 2 
44090, 2, 2 
27883, 2, 2 
34310, 2, 2 
39249, 2, 2 
13455, 2, 2 
45420, 2, 2 
58315, 2, 2 
32973, 2, 2 
29314, 2, 2 
49070, 2, 2 
9271, 2, 2 
17677, 2, 2 
6515, 2, 2 
54297, 2, 2 
5, 2, 2 
27664, 2, 2 
51256, 2, 2 
24632, 2, 2 
6685, 2, 2 
26083, 2, 2 
16403, 2, 2 
3659, 2, 2 
9193, 2, 2 
20850, 2, 2 
44334, 2, 2 
52774, 2, 2 
28214, 2, 2 
36292, 2, 2 
5113, 2, 2 
591, 2, 2 
2939, 2, 2 
25752, 2, 2 
34614, 2, 2 
26632, 2, 2 
16140, 2, 2 
4457, 2, 2 
3722, 2, 2 
10436, 2, 2 
6624, 2, 2 
2875, 2, 2 
26562, 2, 2 
31338, 2, 2 
22027, 2, 2 
18077, 2, 2 
50971, 2, 2 
24728, 2, 2 
43293, 2, 2 
24226, 2, 2 
35288, 2, 2 
20493, 2, 2 
40718, 2, 2 
39921, 2, 2 
16046, 2, 2 
31978, 2, 2 
49101, 2, 2 
9979, 2, 2 
40129, 2, 2 
37446, 2, 2 
33593, 2, 2 
277, 2, 2 
33185, 2, 2 
21813, 2, 2 
47667, 2, 2 
55862, 2, 2 
58910, 2, 2 
6764, 2, 2 
52602, 2, 2 
48008, 2, 2 
39453, 2, 2 
44492, 2, 2 
24067, 2, 2 
24142, 3, 3 
13836, 3, 3 
47749, 3, 3 
15139, 3, 3 
4154, 3, 3 
33407, 3, 3 
43076, 3, 3 
12879, 3, 3 
13212, 3, 3 
39415, 3, 3 
54481, 3, 3 
59038, 3, 3 
51686, 3, 3 
41491, 3, 3 
8554, 3, 3 
3550, 3, 3 
16873, 3, 3 
16427, 3, 3 
6428, 3, 3 
7396, 3, 3 
30679, 3, 3 
33344, 3, 3 
5812, 3, 3 
29073, 3, 3 
43670, 3, 7 
23581, 3, 3 
49234, 3, 3 
30747, 3, 3 
878, 3, 3 
26140, 3, 3 
51675, 3, 9 
33161, 3, 3 
23490, 3, 3 
26998, 3, 3 
49882, 3, 3 
48702, 3, 3 
34736, 3, 3 
56495, 3, 3 
51536, 3, 3 
15938, 3, 3 
37105, 3, 3 
55071, 3, 3 
20458, 3, 3 
16366, 3, 3 
40385, 3, 3 
58343, 3, 3 
21654, 3, 3 
46138, 3, 3 
41212, 3, 3 
52281, 3, 3 
53365, 3, 3 
41107, 3, 3 
36023, 3, 3 
25107, 3, 3 
37374, 3, 3 
56420, 3, 3 
32642, 3, 3 
20708, 3, 3 
8541, 3, 3 
15201, 3, 3 
24748, 3, 3 
13577, 3, 3 
47395, 3, 3 
39641, 3, 3 
15936, 3, 3 
43417, 3, 3 
16249, 3, 3 
28773, 3, 3 
40805, 3, 3 
53039, 3, 3 
24350, 3, 3 
17712, 3, 3 
13670, 3, 3 
7132, 3, 3 
58173, 3, 3 
27670, 3, 3 
58183, 3, 3 
29936, 3, 3 
8254, 3, 3 
13827, 3, 3 
42201, 3, 3 
48480, 3, 3 
7288, 3, 3 
1035, 3, 3 
38732, 3, 3 
50982, 3, 3 
17893, 3, 3 
3424, 3, 3 
11755, 3, 3 
27067, 3, 3 
17966, 3, 3 
52661, 3, 3 
20939, 3, 3 
17731, 3, 3 
53482, 3, 3 
18752, 3, 3 
130, 3, 3 
36432, 3, 3 
57734, 3, 3 
25789, 3, 3 
28613, 3, 3 
56721, 3, 3 
52664, 3, 3 
43991, 3, 3 
56398, 3, 3 
55093, 3, 3 
34180, 3, 3 
2286, 3, 3 
47643, 3, 3 
49057, 3, 3 
21018, 3, 3 
48563, 3, 3 
25291, 3, 3 
46983, 3, 3 
12702, 3, 3 
37124, 3, 3 
22903, 3, 3 
12017, 3, 3 
44440, 3, 3 
26593, 3, 3 
33299, 3, 3 
53209, 3, 3 
433, 3, 3 
57914, 3, 3 
2203, 3, 3 
5573, 3, 3 
57897, 3, 3 
1158, 3, 3 
15747, 3, 3 
38670, 3, 3 
9637, 3, 3 
18285, 3, 3 
2524, 3, 3 
7660, 3, 3 
48922, 3, 3 
42886, 3, 3 
452, 3, 3 
49948, 3, 3 
6340, 3, 3 
17255, 3, 3 
3855, 3, 3 
20728, 3, 3 
41969, 3, 3 
51217, 3, 3 
30090, 3, 3 
40662, 3, 3 
7097, 3, 3 
21930, 3, 3 
21580, 3, 3 
10887, 3, 3 
6057, 3, 3 
36515, 3, 3 
49570, 3, 3 
53722, 3, 3 
28256, 3, 3 
45781, 3, 3 
20941, 3, 3 
53158, 3, 3 
25377, 3, 3 
15907, 3, 3 
56437, 3, 3 
35723, 3, 3 
9324, 3, 3 
47618, 3, 3 
6710, 3, 3 
26419, 3, 3 
55771, 3, 3 
8360, 3, 3 
29231, 3, 3 
59440, 3, 3 
10796, 3, 3 
22825, 3, 3 
2786, 3, 3 
19377, 3, 3 
25955, 3, 3 
14030, 3, 3 
45902, 3, 3 
20869, 3, 3 
56047, 3, 3 
24095, 3, 3 
56927, 3, 3 
46634, 3, 3 
29289, 3, 3 
10677, 3, 3 
57919, 3, 3 
49288, 3, 3 
49080, 3, 3 
22002, 3, 3 
7080, 3, 3 
6467, 3, 3 
41171, 3, 3 
42140, 3, 3 
52479, 3, 3 
38867, 3, 3 
23239, 3, 3 
54147, 3, 3 
6040, 3, 3 
23116, 3, 3 
28735, 3, 3 
32586, 3, 3 
6215, 4, 4 
35258, 4, 4 
28311, 4, 4 
15891, 4, 4 
22768, 4, 4 
40529, 4, 4 
13878, 4, 4 
30683, 4, 4 
59020, 4, 4 
38855, 4, 4 
54130, 4, 4 
10695, 4, 4 
37916, 4, 4 
3091, 4, 4 
16037, 4, 4 
16600, 4, 4 
28652, 4, 9 
2220, 4, 4 
27825, 4, 4 
22970, 4, 4 
57972, 4, 4 
56376, 4, 4 
53834, 4, 4 
21140, 4, 4 
55024, 4, 4 
28610, 4, 4 
27222, 4, 4 
24233, 4, 4 
21076, 4, 4 
7011, 4, 4 
50299, 4, 4 
14616, 4, 4 
8215, 4, 4 
18596, 4, 4 
30463, 4, 4 
14520, 4, 4 
36897, 4, 4 
19853, 4, 4 
4874, 4, 4 
53052, 4, 4 
30573, 4, 4 
26897, 4, 4 
36790, 4, 4 
22327, 4, 4 
59799, 4, 4 
52572, 4, 4 
53130, 4, 9 
42956, 4, 4 
54861, 4, 4 
59543, 4, 4 
22960, 4, 4 
57459, 4, 4 
22572, 4, 4 
39563, 4, 4 
38370, 4, 1 
31484, 4, 4 
21057, 4, 4 
29574, 4, 4 
12755, 4, 4 
57873, 4, 4 
31067, 4, 4 
53965, 4, 4 
53519, 4, 4 
18092, 4, 4 
54826, 4, 4 
50704, 4, 4 
28942, 4, 4 
11494, 4, 4 
1008, 4, 4 
4102, 4, 4 
23409, 4, 4 
30121, 4, 4 
47823, 4, 4 
7657, 4, 4 
14904, 4, 4 
16216, 4, 4 
55124, 4, 4 
21430, 4, 4 
9410, 4, 4 
41716, 4, 4 
31774, 4, 4 
3203, 4, 4 
43639, 4, 4 
57443, 4, 4 
6672, 4, 4 
22670, 4, 4 
56258, 4, 4 
49874, 4, 4 
27218, 4, 4 
35003, 4, 4 
37496, 4, 4 
34895, 4, 4 
33932, 4, 4 
51622, 4, 4 
21731, 4, 4 
29542, 4, 4 
30447, 4, 4 
2052, 4, 4 
36733, 4, 4 
18297, 4, 4 
50725, 4, 4 
35095, 4, 4 
45172, 4, 4 
36073, 4, 4 
37767, 4, 4 
5410, 4, 4 
28124, 4, 4 
44960, 4, 4 
7083, 4, 4 
10832, 4, 4 
56080, 4, 4 
2801, 4, 4 
39916, 4, 4 
40827, 4, 4 
46281, 4, 4 
46305, 4, 4 
15432, 4, 4 
35442, 4, 4 
47763, 4, 4 
39867, 4, 4 
38274, 4, 4 
9496, 4, 4 
8346, 4, 4 
53451, 4, 4 
24471, 4, 4 
45391, 4, 4 
42018, 4, 4 
194, 4, 4 
10724, 4, 4 
7578, 4, 4 
7560, 4, 4 
55416, 4, 4 
42233, 4, 9 
50080, 4, 4 
51678, 4, 4 
27196, 4, 4 
37826, 4, 4 
2832, 4, 4 
20956, 4, 4 
47086, 4, 4 
59300, 4, 4 
50109, 4, 4 
44731, 4, 4 
30234, 4, 4 
53649, 4, 4 
21951, 4, 4 
10459, 4, 4 
56740, 4, 4 
46533, 4, 4 
48581, 4, 4 
43737, 4, 4 
58436, 4, 4 
20794, 4, 4 
28190, 4, 4 
1812, 4, 4 
11512, 4, 4 
25396, 4, 4 
987, 4, 4 
26367, 4, 4 
8832, 4, 4 
11986, 4, 4 
21627, 4, 4 
37419, 4, 4 
23881, 4, 4 
12948, 4, 4 
24976, 4, 4 
22905, 4, 4 
11124, 4, 4 
2003, 4, 4 
7854, 4, 4 
20236, 4, 4 
13441, 4, 4 
43757, 4, 4 
41678, 4, 4 
5755, 4, 4 
29884, 4, 4 
22697, 4, 4 
56331, 4, 4 
34428, 4, 4 
5406, 4, 4 
37731, 4, 4 
59413, 4, 4 
23274, 4, 4 
32321, 4, 4 
33478, 4, 4 
20258, 4, 4 
32832, 4, 4 
19294, 4, 4 
39720, 4, 4 
54042, 4, 4 
42547, 4, 4 
52112, 4, 4 
53384, 4, 4 
3957, 4, 4 
38131, 4, 4 
6716, 4, 4 
50916, 4, 4 
8344, 4, 4 
13350, 4, 4 
20574, 4, 4 
35394, 5, 5 
51989, 5, 5 
9261, 5, 5 
55755, 5, 5 
44215, 5, 5 
42970, 5, 5 
37119, 5, 5 
37413, 5, 5 
9170, 5, 5 
50939, 5, 5 
29572, 5, 5 
51039, 5, 5 
55261, 5, 5 
46108, 5, 5 
4695, 5, 5 
10904, 5, 5 
40738, 5, 5 
45711, 5, 5 
7546, 5, 5 
50352, 5, 5 
24504, 5, 5 
14054, 5, 5 
2758, 5, 5 
6300, 5, 5 
58845, 5, 5 
12818, 5, 5 
51605, 5, 5 
55229, 5, 5 
23832, 5, 5 
38569, 5, 5 
18379, 5, 5 
6983, 5, 5 
56658, 5, 5 
33537, 5, 5 
2916, 5, 5 
3681, 5, 5 
40534, 5, 5 
38345, 5, 5 
13533, 5, 5 
43442, 5, 5 
44341, 5, 5 
37558, 5, 5 
9514, 5, 5 
50919, 5, 5 
10421, 5, 5 
2258, 5, 5 
55055, 5, 5 
543, 5, 5 
34877, 5, 5 
5414, 5, 5 
11706, 5, 5 
41023, 5, 5 
6888, 5, 5 
8734, 5, 5 
27557, 5, 5 
19607, 5, 5 
16603, 5, 5 
20140, 5, 5 
57232, 5, 5 
38071, 5, 5 
43957, 5, 5 
47707, 5, 5 
14486, 5, 5 
28679, 5, 5 
2368, 5, 5 
19422, 5, 5 
33749, 5, 5 
45491, 5, 5 
47889, 5, 5 
35858, 5, 5 
27602, 5, 5 
49470, 5, 5 
27942, 5, 5 
1062, 5, 5 
4113, 5, 5 
40887, 5, 5 
15421, 5, 5 
1024, 5, 9 
15984, 5, 5 
39374, 5, 5 
16095, 5, 5 
24180, 5, 3 
8435, 5, 5 
5157, 5, 5 
27314, 5, 5 
55161, 5, 5 
23903, 5, 5 
985, 5, 5 
35187, 5, 5 
970, 5, 5 
45753, 5, 5 
38817, 5, 5 
27065, 5, 5 
24718, 5, 5 
55434, 5, 5 
7640, 5, 5 
24001, 5, 5 
43084, 5, 5 
11310, 5, 5 
10056, 5, 5 
17073, 5, 5 
58141, 5, 5 
54470, 5, 5 
51444, 5, 5 
47251, 5, 5 
39958, 5, 5 
1795, 5, 5 
16126, 5, 5 
956, 5, 5 
11, 5, 5 
45052, 5, 5 
48850, 5, 5 
50592, 5, 5 
31979, 5, 5 
45292, 5, 5 
16358, 5, 5 
22720, 5, 5 
2282, 5, 5 
36153, 5, 5 
7740, 5, 5 
44752, 5, 5 
284, 5, 5 
51994, 5, 5 
41475, 5, 5 
6680, 5, 5 
21481, 5, 5 
47972, 5, 5 
22650, 5, 5 
30837, 5, 5 
46453, 5, 5 
12574, 5, 5 
31687, 5, 5 
32686, 5, 5 
32750, 5, 5 
36559, 5, 5 
22920, 5, 5 
35350, 5, 5 
15024, 5, 5 
48132, 5, 5 
46597, 5, 5 
31944, 5, 5 
27416, 5, 5 
41000, 5, 5 
19001, 5, 5 
46152, 5, 5 
6077, 5, 5 
26538, 5, 5 
47320, 5, 5 
53086, 5, 5 
35602, 5, 5 
51553, 5, 5 
27814, 5, 5 
41887, 5, 5 
43574, 5, 6 
33437, 5, 5 
29842, 5, 5 
13532, 5, 5 
13060, 5, 5 
5606, 5, 5 
1721, 5, 5 
39526, 5, 5 
28874, 5, 5 
28846, 5, 5 
54640, 5, 5 
21259, 5, 5 
10226, 5, 5 
16819, 5, 5 
31495, 5, 5 
23434, 5, 5 
16780, 5, 5 
23209, 5, 5 
11802, 5, 5 
41258, 5, 5 
48533, 5, 5 
42641, 5, 5 
38689, 5, 5 
52970, 5, 5 
58248, 5, 5 
14183, 5, 5 
56476, 5, 5 
46489, 5, 5 
43691, 5, 5 
9163, 5, 5 
56014, 5, 3 
23377, 5, 5 
27607, 5, 5 
38655, 5, 5 
42252, 5, 5 
6691, 5, 5 
47319, 5, 5 
4327, 5, 5 
46813, 5, 8 
52527, 5, 5 
34584, 5, 5 
53802, 5, 5 
17631, 5, 5 
56962, 5, 5 
43867, 5, 5 
21976, 5, 5 
20038, 5, 5 
57954, 6, 6 
14109, 6, 6 
33548, 6, 6 
37018, 6, 6 
12851, 6, 6 
54641, 6, 6 
16822, 6, 6 
52194, 6, 6 
19496, 6, 6 
26410, 6, 6 
18085, 6, 6 
5260, 6, 6 
11828, 6, 6 
41086, 6, 6 
13, 6, 6 
17150, 6, 6 
19788, 6, 6 
59770, 6, 6 
1184, 6, 6 
23049, 6, 6 
43640, 6, 6 
27021, 6, 6 
40594, 6, 6 
8881, 6, 6 
22809, 6, 6 
48630, 6, 6 
22616, 6, 6 
26386, 6, 6 
25611, 6, 6 
50856, 6, 6 
6895, 6, 6 
44331, 6, 6 
13226, 6, 6 
44258, 6, 6 
16469, 6, 6 
2387, 6, 6 
20896, 6, 6 
13712, 6, 6 
5018, 6, 6 
21745, 6, 6 
12528, 6, 6 
37050, 6, 6 
38390, 6, 6 
19984, 6, 6 
25183, 6, 6 
18168, 6, 6 
16747, 6, 6 
701, 6, 6 
42253, 6, 6 
15708, 6, 6 
43049, 6, 6 
6581, 6, 6 
26129, 6, 6 
35664, 6, 6 
33829, 6, 6 
11530, 6, 6 
31491, 6, 6 
32242, 6, 6 
21485, 6, 6 
25358, 6, 6 
16188, 6, 6 
20113, 6, 6 
35169, 6, 6 
17510, 6, 6 
54717, 6, 6 
47561, 6, 6 
6281, 6, 6 
31646, 6, 6 
59928, 6, 6 
46646, 6, 6 
27338, 6, 6 
21854, 6, 6 
52880, 6, 6 
16590, 6, 6 
28386, 6, 6 
14071, 6, 6 
20781, 6, 6 
26114, 6, 6 
8454, 6, 6 
48776, 6, 6 
22068, 6, 6 
52000, 6, 6 
57943, 6, 6 
29881, 6, 6 
62, 6, 6 
3774, 6, 6 
27208, 6, 6 
30004, 6, 6 
8497, 6, 6 
51427, 6, 6 
1792, 6, 6 
25102, 6, 6 
1515, 6, 6 
16604, 6, 6 
31931, 6, 6 
8004, 6, 6 
30440, 6, 6 
4364, 6, 6 
23198, 6, 6 
31586, 6, 6 
18199, 6, 6 
39697, 6, 6 
14315, 6, 6 
18422, 6, 6 
31118, 6, 6 
17176, 6, 6 
46088, 6, 6 
32701, 6, 6 
25646, 6, 6 
14940, 6, 6 
34924, 6, 6 
35851, 6, 6 
323, 6, 6 
12448, 6, 6 
46043, 6, 6 
54802, 6, 6 
48778, 6, 6 
11062, 6, 6 
44300, 6, 6 
19464, 6, 6 
50934, 6, 6 
14525, 6, 6 
21762, 6, 6 
51700, 6, 6 
1113, 6, 6 
20744, 6, 6 
49802, 6, 6 
6265, 6, 6 
4612, 6, 6 
44735, 6, 6 
58224, 6, 6 
5037, 6, 6 
48117, 6, 6 
55162, 6, 6 
11487, 6, 6 
7273, 6, 6 
12744, 6, 6 
51311, 6, 6 
44082, 6, 6 
26777, 6, 6 
56641, 6, 6 
28382, 6, 6 
55841, 6, 6 
58345, 6, 6 
16769, 6, 6 
51246, 6, 6 
7008, 6, 6 
28967, 6, 6 
8311, 6, 6 
32783, 6, 6 
44801, 6, 6 
15978, 6, 6 
53499, 6, 6 
43225, 6, 6 
29793, 6, 6 
21347, 6, 6 
22690, 6, 6 
45514, 6, 6 
54425, 6, 6 
48346, 6, 6 
40157, 6, 6 
44742, 6, 6 
30466, 6, 6 
31557, 6, 6 
10036, 6, 6 
49772, 6, 6 
40085, 6, 6 
41642, 6, 6 
13865, 6, 6 
1779, 6, 6 
35917, 6, 6 
56845, 6, 6 
57226, 6, 6 
41577, 6, 6 
24074, 6, 6 
52441, 6, 6 
47798, 6, 6 
7504, 6, 6 
42694, 6, 6 
50270, 6, 6 
19040, 6, 6 
23900, 6, 6 
36491, 6, 6 
44666, 6, 6 
17953, 6, 6 
3288, 6, 6 
44952, 6, 6 
7662, 6, 6 
47789, 6, 6 
51295, 6, 6 
37803, 6, 6 
58301, 6, 6 
14347, 6, 6 
39221, 6, 6 
53754, 6, 6 
55273, 6, 6 
51481, 6, 6 
24380, 6, 6 
19710, 6, 6 
12673, 6, 6 
7808, 7, 7 
6713, 7, 7 
33384, 7, 7 
18358, 7, 7 
13746, 7, 7 
25897, 7, 7 
56274, 7, 7 
24372, 7, 7 
27057, 7, 7 
34702, 7, 7 
868, 7, 7 
24984, 7, 7 
14277, 7, 7 
13638, 7, 7 
22870, 7, 7 
8594, 7, 7 
57958, 7, 7 
34094, 7, 7 
2980, 7, 7 
39387, 7, 7 
55052, 7, 7 
57828, 7, 7 
53525, 7, 7 
56798, 7, 7 
44734, 7, 7 
22836, 7, 7 
44472, 7, 7 
3951, 7, 7 
12896, 7, 7 
56132, 7, 7 
22570, 7, 7 
16795, 7, 7 
46618, 7, 7 
50380, 7, 7 
51384, 7, 7 
6590, 7, 7 
23969, 7, 7 
43886, 7, 7 
52301, 7, 7 
30674, 7, 7 
10408, 7, 7 
15410, 7, 7 
57083, 7, 7 
59977, 7, 7 
15801, 7, 7 
51162, 7, 7 
42592, 7, 7 
18816, 7, 7 
8931, 7, 7 
51361, 7, 7 
20229, 7, 7 
31826, 7, 7 
28011, 7, 7 
37876, 7, 7 
55535, 7, 7 
48259, 7, 7 
50708, 7, 7 
57702, 7, 7 
23164, 7, 7 
4226, 7, 7 
10795, 7, 7 
44434, 7, 7 
24644, 7, 7 
35476, 7, 7 
22743, 7, 7 
57836, 7, 7 
38743, 7, 7 
8069, 7, 7 
22131, 7, 7 
46053, 7, 7 
54882, 7, 7 
46957, 7, 7 
44141, 7, 7 
15452, 7, 7 
23451, 7, 7 
21761, 7, 7 
753, 7, 7 
53783, 7, 7 
30479, 7, 7 
32173, 7, 9 
23784, 7, 7 
50884, 7, 7 
49958, 7, 7 
37133, 7, 7 
43645, 7, 7 
50796, 7, 7 
32849, 7, 7 
29920, 7, 7 
41660, 7, 7 
31792, 7, 7 
47423, 7, 7 
6695, 7, 7 
17615, 7, 7 
40663, 7, 7 
31812, 7, 7 
26500, 7, 7 
29998, 7, 7 
57445, 7, 7 
5986, 7, 7 
4254, 7, 7 
59560, 7, 7 
37064, 7, 7 
18498, 7, 7 
51441, 7, 7 
12390, 7, 7 
28362, 7, 7 
214, 7, 7 
34939, 7, 7 
47511, 7, 7 
22399, 7, 7 
10160, 7, 7 
47495, 7, 7 
59533, 7, 7 
27986, 7, 7 
32681, 7, 7 
29797, 7, 7 
39013, 7, 7 
22022, 7, 7 
36763, 7, 7 
6666, 7, 7 
15939, 7, 7 
33838, 7, 7 
28638, 7, 7 
31861, 7, 7 
21000, 7, 7 
41297, 7, 7 
33171, 7, 7 
34825, 7, 7 
2381, 7, 7 
3914, 7, 7 
1186, 7, 7 
36258, 7, 7 
46190, 7, 7 
33104, 7, 7 
58565, 7, 7 
3426, 7, 7 
40378, 7, 2 
52701, 7, 7 
36152, 7, 7 
370, 7, 7 
21904, 7, 7 
42320, 7, 7 
954, 7, 7 
10986, 7, 7 
55147, 7, 7 
4326, 7, 7 
24565, 7, 7 
53023, 7, 7 
31219, 7, 7 
31187, 7, 7 
19904, 7, 7 
651, 7, 7 
57350, 7, 7 
4207, 7, 7 
36069, 7, 7 
11435, 7, 7 
3349, 7, 7 
3579, 7, 7 
25581, 7, 7 
43923, 7, 7 
17486, 7, 7 
17714, 7, 3 
23445, 7, 7 
26010, 7, 7 
436, 7, 7 
12649, 7, 7 
51766, 7, 7 
33639, 7, 7 
483, 7, 7 
5197, 7, 7 
47859, 7, 7 
21175, 7, 7 
14095, 7, 7 
41891, 7, 7 
52666, 7, 7 
23267, 7, 7 
27867, 7, 7 
52825, 7, 7 
6932, 7, 7 
40638, 7, 7 
28550, 7, 7 
7210, 7, 7 
13566, 7, 7 
14231, 7, 7 
55863, 7, 7 
13091, 7, 7 
56390, 7, 7 
14242, 7, 7 
2986, 7, 7 
41062, 7, 9 
46770, 7, 7 
10828, 7, 7 
49415, 7, 7 
41148, 7, 7 
15485, 7, 7 
7418, 7, 7 
40368, 7, 7 
3253, 7, 7 
24239, 7, 7 
55244, 7, 7 
29494, 8, 8 
6976, 8, 8 
14808, 8, 8 
40092, 8, 8 
51128, 8, 8 
14338, 8, 8 
26773, 8, 8 
27524, 8, 8 
15219, 8, 8 
44041, 8, 8 
38778, 8, 8 
48925, 8, 8 
8181, 8, 8 
31530, 8, 8 
27994, 8, 8 
8340, 8, 8 
8306, 8, 8 
54450, 8, 8 
24137, 8, 8 
36747, 8, 8 
59663, 8, 8 
38581, 8, 8 
49400, 8, 8 
32766, 8, 8 
39178, 8, 8 
27798, 8, 8 
11613, 8, 8 
12085, 8, 8 
12009, 8, 8 
34863, 8, 8 
9873, 8, 8 
48104, 8, 8 
44180, 8, 8 
59034, 8, 8 
25360, 8, 8 
11568, 8, 8 
4578, 8, 8 
34779, 8, 8 
58186, 8, 8 
50707, 8, 8 
59447, 8, 8 
18383, 8, 8 
50008, 8, 8 
11482, 8, 8 
55330, 8, 8 
3664, 8, 8 
38351, 8, 8 
32103, 8, 8 
42079, 8, 8 
44714, 8, 8 
57277, 8, 8 
46475, 8, 8 
59916, 8, 8 
53294, 8, 8 
47550, 8, 8 
44631, 8, 8 
9944, 8, 8 
56672, 8, 8 
4927, 8, 8 
16658, 8, 1 
36576, 8, 8 
8619, 8, 8 
56525, 8, 8 
1777, 8, 8 
58384, 8, 8 
9686, 8, 8 
1593, 8, 8 
11121, 8, 8 
48382, 8, 8 
44929, 8, 8 
40750, 8, 8 
25232, 8, 1 
19267, 8, 8 
58448, 8, 8 
14772, 8, 8 
3601, 8, 8 
57257, 8, 8 
26491, 8, 8 
53235, 8, 8 
27359, 8, 8 
10818, 8, 8 
17628, 8, 8 
7836, 8, 8 
25097, 8, 8 
58158, 8, 8 
22543, 8, 8 
56731, 8, 8 
28719, 8, 8 
55650, 8, 8 
46478, 8, 8 
6795, 8, 8 
300, 8, 8 
56600, 8, 8 
5597, 8, 8 
44918, 8, 8 
17919, 8, 8 
26583, 8, 8 
50116, 8, 8 
3727, 8, 8 
17393, 8, 8 
9208, 8, 8 
45481, 8, 8 
45660, 8, 8 
21549, 8, 8 
44944, 8, 8 
57090, 8, 8 
720, 8, 8 
6136, 8, 8 
47512, 8, 8 
32591, 8, 8 
17162, 8, 8 
24534, 8, 8 
41118, 8, 8 
53028, 8, 8 
11288, 8, 8 
45293, 8, 8 
963, 8, 8 
36445, 8, 8 
4521, 8, 8 
46776, 8, 8 
23750, 8, 8 
21475, 8, 8 
7928, 8, 8 
6093, 8, 8 
17165, 8, 8 
47309, 8, 8 
57174, 8, 8 
37891, 8, 8 
11258, 8, 8 
4357, 8, 8 
19224, 8, 8 
32622, 8, 8 
55145, 8, 8 
9050, 8, 8 
9601, 8, 8 
13365, 8, 8 
13723, 8, 8 
49620, 8, 8 
51878, 8, 8 
8761, 8, 8 
34150, 8, 8 
59844, 8, 8 
43109, 8, 1 
47563, 8, 8 
23458, 8, 8 
28474, 8, 8 
14093, 8, 8 
55107, 8, 8 
52219, 8, 8 
11859, 8, 8 
39806, 8, 8 
44427, 8, 8 
14745, 8, 8 
58518, 8, 8 
30268, 8, 8 
55218, 8, 8 
21310, 8, 8 
45168, 8, 8 
53128, 8, 8 
16659, 8, 8 
2043, 8, 8 
29945, 8, 8 
1105, 8, 8 
3026, 8, 8 
3014, 8, 8 
39662, 8, 8 
54654, 8, 8 
5548, 8, 8 
54195, 8, 8 
2699, 8, 8 
41564, 8, 8 
4434, 8, 8 
39751, 8, 8 
30631, 8, 8 
59018, 8, 8 
5119, 8, 8 
13954, 8, 8 
55146, 8, 8 
21286, 8, 8 
45884, 8, 8 
24396, 8, 8 
15225, 8, 8 
46348, 8, 8 
48842, 8, 8 
15247, 8, 8 
38112, 8, 8 
54162, 8, 8 
38405, 8, 8 
42259, 8, 8 
56628, 8, 8 
9014, 8, 8 
36275, 8, 8 
50745, 8, 8 
17270, 8, 8 
42699, 8, 8 
51207, 8, 8 
35772, 8, 8 
59763, 8, 8 
46573, 8, 8 
1759, 8, 8 
48530, 9, 9 
2351, 9, 9 
3146, 9, 9 
49544, 9, 9 
1937, 9, 9 
20518, 9, 9 
44851, 9, 9 
6092, 9, 9 
22319, 9, 9 
26837, 9, 9 
40341, 9, 9 
24420, 9, 9 
12059, 9, 9 
28383, 9, 9 
32504, 9, 9 
52239, 9, 9 
1811, 9, 9 
38353, 9, 9 
45232, 9, 9 
6285, 9, 9 
31336, 9, 9 
17226, 9, 9 
50084, 9, 9 
38082, 9, 9 
35878, 9, 9 
54382, 9, 9 
43970, 9, 9 
423, 9, 9 
15827, 9, 9 
36062, 9, 9 
25828, 9, 9 
31107, 9, 9 
56442, 9, 9 
16673, 9, 9 
54307, 9, 9 
18666, 9, 9 
13308, 9, 9 
30633, 9, 9 
44423, 9, 9 
16488, 9, 9 
30838, 9, 9 
55652, 9, 9 
39702, 9, 9 
13695, 9, 9 
31919, 9, 9 
4060, 9, 9 
14681, 9, 9 
27601, 9, 9 
25502, 9, 9 
14058, 9, 9 
57299, 9, 9 
53045, 9, 9 
14568, 9, 9 
18106, 9, 9 
21495, 9, 9 
57545, 9, 9 
29547, 9, 9 
29591, 9, 9 
36847, 9, 9 
33174, 9, 9 
29980, 9, 9 
22841, 9, 9 
19629, 9, 9 
33461, 9, 9 
20573, 9, 9 
26380, 9, 9 
14888, 9, 9 
54504, 9, 9 
12832, 9, 9 
17959, 9, 9 
38087, 9, 9 
1960, 9, 9 
51761, 9, 9 
32904, 9, 9 
11617, 9, 9 
21351, 9, 9 
46413, 9, 9 
5024, 9, 9 
34439, 9, 9 
28789, 9, 9 
20330, 9, 9 
38813, 9, 9 
18143, 9, 9 
13088, 9, 9 
53386, 9, 9 
47010, 9, 9 
56018, 9, 9 
589, 9, 9 
55265, 9, 9 
45828, 9, 9 
5745, 9, 9 
30845, 9, 9 
56478, 9, 9 
20075, 9, 9 
6439, 9, 9 
23061, 9, 9 
26845, 9, 9 
35893, 9, 9 
2562, 9, 9 
25212, 9, 9 
7013, 9, 9 
24313, 9, 9 
13530, 9, 9 
1316, 9, 9 
41349, 9, 9 
36629, 9, 9 
43094, 9, 9 
42458, 9, 9 
50003, 9, 9 
13887, 9, 9 
32594, 9, 9 
14884, 9, 9 
49219, 9, 9 
46972, 9, 9 
226, 9, 9 
58566, 9, 9 
16451, 9, 9 
7811, 9, 9 
33375, 9, 9 
48381, 9, 9 
31351, 9, 9 
52929, 9, 9 
44340, 9, 9 
37306, 9, 9 
39425, 9, 9 
17311, 9, 9 
55970, 9, 9 
21551, 9, 9 
1560, 9, 9 
33768, 9, 7 
36991, 9, 9 
19781, 9, 9 
58213, 9, 9 
13437, 9, 9 
33098, 9, 9 
29349, 9, 9 
30603, 9, 9 
35506, 9, 9 
42628, 9, 9 
50239, 9, 9 
48089, 9, 9 
5402, 9, 9 
56684, 9, 9 
26828, 9, 9 
25472, 9, 9 
45450, 9, 9 
14502, 9, 9 
21756, 9, 9 
20235, 9, 9 
40499, 9, 9 
33597, 9, 9 
34491, 9, 9 
43565, 9, 9 
3742, 9, 9 
2521, 9, 9 
4671, 9, 9 
19938, 9, 9 
24712, 9, 9 
27876, 9, 9 
20683, 9, 9 
20170, 9, 9 
2006, 9, 9 
50099, 9, 9 
27780, 9, 9 
28424, 9, 9 
52651, 9, 9 
22915, 9, 9 
13728, 9, 9 
34544, 9, 9 
30360, 9, 9 
3645, 9, 9 
40293, 9, 9 
7148, 9, 9 
11688, 9, 9 
30277, 9, 9 
17283, 9, 9 
16877, 9, 9 
772, 9, 9 
41895, 9, 9 
43183, 9, 9 
49010, 9, 9 
54050, 9, 9 
32930, 9, 9 
28194, 9, 9 
48795, 9, 9 
28368, 9, 9 
58499, 9, 9 
5063, 9, 9 
8287, 9, 9 
29693, 9, 9 
4989, 9, 9 
15584, 9, 9 
9167, 9, 9 
51192, 9, 9 
20248, 9, 9 
33155, 9, 9 
53698, 9, 9 
8315, 9, 9 
20444, 9, 9 
55063, 9, 9 
