id, true label, predicted label 
1102, 0, 0 
34511, 0, 0 
40286, 0, 0 
42038, 0, 0 
37854, 0, 0 
542, 0, 0 
15795, 0, 0 
36749, 0, 0 
31154, 0, 0 
50256, 0, 0 
45128, 0, 0 
10821, 0, 0 
4108, 0, 0 
41158, 0, 0 
30439, 0, 0 
12421, 0, 0 
26608, 0, 0 
23884, 0, 0 
10119, 0, 0 
39801, 0, 0 
56158, 0, 0 
25082, 0, 0 
121, 0, 0 
32313, 0, 0 
47555, 0, 0 
49331, 0, 0 
33874, 0, 0 
6935, 0, 0 
30156, 0, 0 
6700, 0, 0 
23095, 0, 0 
43309, 0, 0 
36290, 0, 0 
26343, 0, 0 
6684, 0, 0 
38946, 0, 0 
59653, 0, 0 
56662, 0, 0 
53670, 0, 0 
35853, 0, 0 
13729, 0, 0 
27411, 0, 0 
10691, 0, 0 
32459, 0, 0 
49419, 0, 0 
9005, 0, 0 
33172, 0, 0 
53685, 0, 0 
13528, 0, 0 
28746, 0, 0 
38484, 0, 0 
34847, 0, 0 
3806, 0, 0 
28489, 0, 0 
2532, 0, 0 
9034, 0, 0 
36533, 0, 0 
52520, 0, 0 
10625, 0, 0 
53344, 0, 0 
46069, 0, 0 
56608, 0, 0 
36975, 0, 0 
25714, 0, 0 
45442, 0, 0 
17755, 0, 0 
36848, 0, 0 
13918, 0, 0 
31127, 0, 0 
56735, 0, 0 
38335, 0, 0 
30923, 0, 0 
11948, 0, 0 
13411, 0, 0 
33687, 0, 0 
7691, 0, 0 
27094, 0, 0 
32097, 0, 0 
50072, 0, 0 
13889, 0, 0 
50407, 0, 0 
56929, 0, 0 
22917, 0, 0 
9459, 0, 0 
49151, 0, 0 
19179, 0, 0 
42180, 0, 0 
56639, 0, 0 
12337, 0, 0 
59847, 0, 0 
23557, 0, 0 
34619, 0, 0 
30871, 0, 0 
44268, 0, 0 
19584, 0, 0 
13926, 0, 0 
52993, 0, 0 
13230, 0, 0 
11945, 0, 0 
34773, 0, 0 
11335, 0, 0 
612, 0, 0 
18424, 0, 0 
23821, 0, 0 
41465, 0, 0 
31079, 0, 0 
9695, 0, 0 
14518, 0, 0 
34045, 0, 0 
30828, 0, 0 
50958, 0, 0 
19072, 0, 0 
48136, 0, 0 
25932, 0, 0 
48421, 0, 0 
55752, 0, 0 
28414, 0, 0 
57700, 0, 0 
40915, 0, 0 
2245, 0, 0 
33945, 0, 0 
45359, 0, 0 
10407, 0, 0 
15065, 0, 0 
10530, 0, 0 
23279, 0, 0 
24985, 0, 0 
4344, 0, 0 
47860, 0, 0 
30331, 0, 0 
5048, 0, 0 
58864, 0, 0 
24676, 0, 0 
44411, 0, 0 
12374, 0, 0 
40457, 0, 0 
3849, 0, 0 
7471, 0, 0 
11077, 0, 0 
39606, 0, 0 
44692, 0, 0 
24345, 0, 0 
41027, 0, 0 
28968, 0, 0 
20762, 0, 0 
39213, 0, 0 
8533, 0, 0 
34345, 0, 0 
6331, 0, 0 
8093, 0, 0 
37432, 0, 0 
22938, 0, 0 
3259, 0, 0 
40040, 0, 0 
56347, 0, 0 
6330, 0, 0 
10705, 0, 0 
6341, 0, 0 
24463, 0, 0 
47647, 0, 0 
21600, 0, 0 
51505, 0, 0 
10005, 0, 0 
23971, 0, 0 
42980, 0, 0 
38497, 0, 0 
52629, 0, 0 
9505, 0, 0 
27735, 0, 0 
30127, 0, 0 
52766, 0, 0 
15119, 0, 0 
1857, 0, 0 
23845, 0, 0 
36331, 0, 0 
57003, 0, 0 
18989, 0, 0 
26191, 0, 0 
46328, 0, 0 
21353, 0, 0 
41620, 0, 0 
37224, 0, 0 
20349, 0, 0 
57720, 0, 0 
11712, 0, 0 
11920, 0, 0 
28272, 0, 0 
55892, 0, 0 
33214, 0, 0 
11105, 0, 0 
11026, 0, 0 
11532, 0, 0 
12555, 0, 0 
58973, 0, 0 
34262, 0, 0 
28740, 0, 0 
53380, 0, 0 
38473, 0, 0 
24896, 0, 0 
36440, 0, 0 
23693, 1, 1 
49087, 1, 1 
47291, 1, 1 
10020, 1, 1 
20459, 1, 1 
48916, 1, 1 
11518, 1, 1 
15240, 1, 1 
5090, 1, 1 
57266, 1, 1 
37659, 1, 1 
47542, 1, 1 
43484, 1, 1 
10675, 1, 1 
12318, 1, 1 
5058, 1, 1 
12671, 1, 1 
48851, 1, 1 
35900, 1, 1 
21334, 1, 1 
3898, 1, 1 
52777, 1, 1 
58451, 1, 1 
46085, 1, 1 
51564, 1, 1 
37828, 1, 1 
38226, 1, 1 
45588, 1, 1 
1080, 1, 1 
42071, 1, 1 
55299, 1, 1 
15632, 1, 1 
23892, 1, 1 
18174, 1, 1 
13177, 1, 1 
11440, 1, 1 
34792, 1, 1 
16757, 1, 1 
32358, 1, 1 
34849, 1, 1 
53233, 1, 1 
36626, 1, 1 
11308, 1, 1 
21220, 1, 1 
2708, 1, 1 
25064, 1, 1 
10508, 1, 1 
55310, 1, 1 
12236, 1, 1 
27330, 1, 1 
11278, 1, 1 
16012, 1, 1 
54784, 1, 1 
59658, 1, 1 
7275, 1, 1 
52552, 1, 1 
9856, 1, 1 
55236, 1, 1 
398, 1, 1 
4971, 1, 1 
23505, 1, 1 
23290, 1, 1 
12221, 1, 1 
33799, 1, 1 
56865, 1, 1 
14948, 1, 1 
51882, 1, 1 
24139, 1, 1 
29849, 1, 1 
31198, 1, 3 
59882, 1, 1 
55279, 1, 1 
105, 1, 1 
7404, 1, 1 
36240, 1, 1 
1527, 1, 1 
25569, 1, 1 
23056, 1, 1 
38056, 1, 1 
7324, 1, 1 
9930, 1, 1 
10145, 1, 1 
40635, 1, 1 
54719, 1, 1 
38572, 1, 1 
5552, 1, 1 
48027, 1, 1 
39403, 1, 1 
41282, 1, 1 
17351, 1, 1 
17279, 1, 1 
51666, 1, 1 
52619, 1, 1 
13001, 1, 1 
37624, 1, 1 
18148, 1, 1 
28650, 1, 1 
39417, 1, 1 
5543, 1, 1 
55747, 1, 1 
34388, 1, 1 
45909, 1, 1 
38724, 1, 1 
59854, 1, 1 
50273, 1, 1 
30068, 1, 1 
50023, 1, 1 
50055, 1, 1 
12041, 1, 1 
14060, 1, 1 
44036, 1, 1 
2876, 1, 1 
24168, 1, 1 
18070, 1, 1 
19355, 1, 1 
54963, 1, 1 
10555, 1, 1 
34777, 1, 1 
40348, 1, 1 
55150, 1, 1 
3306, 1, 1 
1095, 1, 1 
24729, 1, 1 
51136, 1, 1 
99, 1, 1 
33095, 1, 1 
11943, 1, 1 
59247, 1, 1 
25940, 1, 1 
27751, 1, 1 
16110, 1, 1 
48860, 1, 1 
5601, 1, 1 
33752, 1, 1 
42044, 1, 1 
455, 1, 1 
35000, 1, 1 
33175, 1, 1 
39217, 1, 1 
48844, 1, 1 
40273, 1, 1 
16441, 1, 1 
34640, 1, 1 
51888, 1, 1 
57929, 1, 1 
7345, 1, 1 
56728, 1, 1 
33124, 1, 1 
618, 1, 1 
40735, 1, 1 
2426, 1, 7 
50682, 1, 1 
20829, 1, 1 
10662, 1, 1 
43426, 1, 1 
3971, 1, 1 
21088, 1, 1 
21101, 1, 1 
28349, 1, 1 
19282, 1, 1 
6183, 1, 1 
50326, 1, 1 
51451, 1, 1 
40879, 1, 1 
31038, 1, 1 
18474, 1, 1 
6617, 1, 1 
15241, 1, 1 
671, 1, 1 
10006, 1, 1 
13974, 1, 1 
24461, 1, 1 
45989, 1, 1 
16418, 1, 1 
14812, 1, 1 
34083, 1, 1 
50731, 1, 1 
39796, 1, 1 
46518, 1, 1 
36045, 1, 1 
31238, 1, 1 
37138, 1, 1 
29416, 1, 1 
4140, 1, 1 
43836, 1, 1 
42602, 1, 1 
52916, 1, 1 
13855, 1, 1 
39057, 1, 1 
1697, 1, 1 
55411, 1, 1 
14000, 1, 1 
1230, 1, 1 
28656, 1, 1 
382, 1, 1 
54886, 1, 1 
3427, 1, 1 
32245, 1, 1 
8203, 1, 1 
4129, 1, 1 
47688, 2, 2 
36077, 2, 2 
19568, 2, 2 
18930, 2, 2 
1385, 2, 2 
45852, 2, 2 
42522, 2, 2 
34444, 2, 2 
55655, 2, 2 
444, 2, 2 
26875, 2, 2 
3833, 2, 2 
40956, 2, 2 
36979, 2, 2 
12859, 2, 2 
35827, 2, 2 
29717, 2, 2 
20242, 2, 2 
56876, 2, 2 
23018, 2, 2 
30094, 2, 2 
13432, 2, 2 
10200, 2, 2 
43407, 2, 2 
5841, 2, 2 
57142, 2, 2 
56540, 2, 2 
28471, 2, 2 
57815, 2, 2 
32595, 2, 2 
23028, 2, 2 
9712, 2, 2 
48118, 2, 2 
21229, 2, 2 
32650, 2, 2 
22249, 2, 2 
22901, 2, 2 
26740, 2, 2 
13690, 2, 2 
1881, 2, 2 
23325, 2, 2 
30600, 2, 2 
52410, 2, 2 
51869, 2, 2 
53773, 2, 2 
38354, 2, 2 
52433, 2, 2 
13275, 2, 2 
54262, 2, 2 
40622, 2, 2 
29674, 2, 2 
48915, 2, 2 
55704, 2, 2 
33695, 2, 2 
34573, 2, 2 
44898, 2, 2 
48401, 2, 2 
1679, 2, 2 
39719, 2, 2 
8924, 2, 2 
39930, 2, 2 
30594, 2, 2 
22341, 2, 2 
44095, 2, 2 
5509, 2, 2 
18845, 2, 2 
40788, 2, 2 
57455, 2, 2 
54756, 2, 2 
26690, 2, 2 
43116, 2, 2 
59355, 2, 2 
49164, 2, 2 
31709, 2, 2 
33168, 2, 2 
360, 2, 2 
4371, 2, 2 
47131, 2, 2 
11621, 2, 2 
6899, 2, 2 
28640, 2, 2 
10476, 2, 2 
41234, 2, 2 
39342, 2, 2 
22076, 2, 2 
45531, 2, 2 
13415, 2, 2 
30369, 2, 2 
46028, 2, 2 
26630, 2, 2 
21323, 2, 2 
42439, 2, 2 
48531, 2, 2 
12585, 2, 2 
14267, 2, 2 
40369, 2, 2 
48506, 2, 2 
31462, 2, 2 
33881, 2, 2 
26907, 2, 2 
41438, 2, 2 
4031, 2, 2 
32169, 2, 2 
11826, 2, 2 
1264, 2, 2 
36375, 2, 2 
30791, 2, 2 
45259, 2, 2 
17432, 2, 2 
35347, 2, 2 
58821, 2, 2 
35509, 2, 2 
52373, 2, 2 
43184, 2, 2 
38790, 2, 2 
46250, 2, 2 
16025, 2, 2 
7431, 2, 2 
25939, 2, 2 
46841, 2, 2 
15569, 2, 2 
37412, 2, 2 
20882, 2, 2 
20375, 2, 2 
51976, 2, 2 
12514, 2, 2 
28944, 2, 2 
23894, 2, 2 
28013, 2, 2 
40653, 2, 2 
25663, 2, 2 
23934, 2, 2 
15853, 2, 2 
2346, 2, 2 
59920, 2, 2 
45486, 2, 2 
16294, 2, 2 
33691, 2, 2 
44092, 2, 2 
17786, 2, 2 
8613, 2, 2 
36127, 2, 2 
14694, 2, 2 
8470, 2, 2 
31933, 2, 2 
51743, 2, 2 
23441, 2, 2 
4355, 2, 2 
52495, 2, 2 
56614, 2, 2 
8966, 2, 2 
44143, 2, 2 
30530, 2, 2 
45387, 2, 2 
52971, 2, 2 
76, 2, 2 
6605, 2, 2 
2670, 2, 2 
22486, 2, 2 
26635, 2, 2 
3981, 2, 2 
36311, 2, 2 
4805, 2, 2 
3975, 2, 2 
51530, 2, 2 
20695, 2, 2 
17713, 2, 2 
2550, 2, 2 
58182, 2, 2 
47590, 2, 2 
30972, 2, 2 
18097, 2, 2 
52938, 2, 2 
5013, 2, 2 
27641, 2, 2 
36123, 2, 2 
57331, 2, 2 
12370, 2, 2 
51073, 2, 2 
20515, 2, 2 
41489, 2, 2 
13585, 2, 2 
23975, 2, 2 
30561, 2, 2 
29662, 2, 2 
48356, 2, 2 
3589, 2, 2 
52453, 2, 2 
9972, 2, 2 
45661, 2, 2 
51630, 2, 2 
34181, 2, 2 
11601, 2, 2 
27721, 2, 2 
5307, 2, 2 
35153, 2, 2 
34643, 2, 2 
20981, 2, 2 
51698, 2, 2 
22104, 2, 2 
12920, 3, 3 
22318, 3, 3 
3614, 3, 3 
52101, 3, 3 
28693, 3, 3 
12667, 3, 3 
25924, 3, 3 
56528, 3, 3 
25880, 3, 3 
45266, 3, 3 
40079, 3, 3 
5092, 3, 3 
39215, 3, 3 
46480, 3, 3 
56934, 3, 3 
8795, 3, 3 
47592, 3, 3 
3855, 3, 3 
28485, 3, 3 
17341, 3, 3 
29042, 3, 3 
56871, 3, 3 
44729, 3, 3 
13161, 3, 3 
3571, 3, 3 
34407, 3, 3 
33817, 3, 3 
16849, 3, 3 
21208, 3, 3 
48642, 3, 3 
13965, 3, 3 
1068, 3, 3 
57399, 3, 3 
17467, 3, 3 
15907, 3, 3 
40462, 3, 3 
4400, 3, 3 
11104, 3, 3 
25007, 3, 3 
2130, 3, 3 
49763, 3, 3 
14619, 3, 3 
50922, 3, 3 
57527, 3, 3 
6497, 3, 3 
32476, 3, 3 
36946, 3, 3 
30642, 3, 3 
58421, 3, 3 
57166, 3, 3 
32379, 3, 3 
5702, 3, 3 
5491, 3, 3 
1145, 3, 3 
35542, 3, 3 
4101, 3, 3 
7678, 3, 3 
23053, 3, 3 
53583, 3, 3 
26943, 3, 3 
5153, 3, 3 
17192, 3, 3 
111, 3, 3 
181, 3, 3 
57278, 3, 3 
51571, 3, 3 
5616, 3, 3 
24610, 3, 3 
57833, 3, 3 
5687, 3, 3 
44504, 3, 3 
8865, 3, 3 
59490, 3, 3 
52972, 3, 3 
57914, 3, 3 
33299, 3, 3 
32171, 3, 3 
51038, 3, 3 
8816, 3, 3 
43782, 3, 3 
10405, 3, 3 
12244, 3, 3 
34018, 3, 3 
52974, 3, 3 
31488, 3, 3 
45468, 3, 3 
32900, 3, 3 
14792, 3, 3 
55974, 3, 3 
47510, 3, 3 
23759, 3, 3 
54140, 3, 3 
9413, 3, 3 
581, 3, 3 
8808, 3, 3 
44034, 3, 3 
500, 3, 3 
12981, 3, 3 
23657, 3, 3 
23225, 3, 3 
55960, 3, 3 
59769, 3, 3 
48700, 3, 3 
55628, 3, 3 
24575, 3, 3 
53447, 3, 3 
25721, 3, 3 
45480, 3, 3 
52871, 3, 3 
32398, 3, 3 
20003, 3, 3 
39240, 3, 3 
43155, 3, 3 
55579, 3, 3 
41343, 3, 3 
14488, 3, 3 
41573, 3, 3 
16078, 3, 3 
20150, 3, 3 
36449, 3, 3 
40745, 3, 3 
23076, 3, 3 
56475, 3, 3 
25590, 3, 3 
45597, 3, 3 
23206, 3, 3 
32330, 3, 3 
52818, 3, 3 
33896, 3, 3 
25708, 3, 3 
32642, 3, 3 
51578, 3, 3 
14883, 3, 3 
13660, 3, 3 
17324, 3, 3 
45940, 3, 3 
34327, 3, 3 
57004, 3, 3 
40858, 3, 3 
42088, 3, 3 
31825, 3, 3 
26053, 3, 3 
25107, 3, 3 
50680, 3, 3 
43677, 3, 3 
28913, 3, 3 
27917, 3, 3 
48482, 3, 3 
29613, 3, 3 
14431, 3, 3 
19413, 3, 3 
53075, 3, 3 
55717, 3, 3 
5184, 3, 3 
9302, 3, 3 
43482, 3, 3 
10116, 3, 3 
19181, 3, 3 
56008, 3, 3 
49082, 3, 3 
59818, 3, 3 
46098, 3, 3 
58642, 3, 3 
48599, 3, 3 
41053, 3, 3 
9529, 3, 3 
55831, 3, 3 
35986, 3, 3 
20939, 3, 3 
57199, 3, 3 
18280, 3, 3 
40301, 3, 3 
30883, 3, 3 
24448, 3, 3 
45509, 3, 3 
52386, 3, 3 
20903, 3, 3 
28499, 3, 3 
6185, 3, 3 
6251, 3, 3 
11034, 3, 3 
46370, 3, 3 
20080, 3, 3 
10125, 3, 3 
30974, 3, 3 
39741, 3, 3 
32881, 3, 3 
15850, 3, 3 
42775, 3, 3 
38109, 3, 3 
1799, 3, 3 
86, 3, 3 
11201, 3, 3 
29913, 3, 3 
53938, 3, 3 
37205, 3, 3 
58237, 3, 3 
8395, 3, 3 
13567, 3, 3 
18814, 3, 3 
33248, 4, 4 
20219, 4, 4 
17492, 4, 4 
45137, 4, 4 
9761, 4, 4 
17158, 4, 4 
10587, 4, 4 
30835, 4, 4 
42286, 4, 4 
41913, 4, 4 
33952, 4, 4 
55944, 4, 4 
49646, 4, 4 
15111, 4, 4 
50725, 4, 4 
12687, 4, 4 
2888, 4, 4 
7652, 4, 4 
4791, 4, 4 
51077, 4, 4 
25995, 4, 4 
21326, 4, 4 
21846, 4, 4 
11764, 4, 4 
56011, 4, 4 
31433, 4, 4 
14296, 4, 4 
44167, 4, 4 
52515, 4, 4 
8243, 4, 4 
46852, 4, 4 
15027, 4, 4 
44027, 4, 4 
4493, 4, 4 
38716, 4, 4 
33833, 4, 4 
34389, 4, 4 
46037, 4, 4 
20197, 4, 4 
50531, 4, 4 
25279, 4, 4 
20396, 4, 4 
14539, 4, 4 
45214, 4, 4 
42766, 4, 4 
42684, 4, 4 
57937, 4, 4 
36668, 4, 4 
3738, 4, 4 
1275, 4, 4 
20464, 4, 4 
12870, 4, 4 
23339, 4, 4 
1630, 4, 4 
40226, 4, 4 
59185, 4, 4 
33726, 4, 4 
25490, 4, 4 
13451, 4, 4 
11256, 4, 4 
4789, 4, 4 
4178, 4, 4 
46798, 4, 4 
2052, 4, 4 
1280, 4, 4 
40621, 4, 4 
22602, 4, 4 
57875, 4, 4 
14175, 4, 4 
38938, 4, 4 
10033, 4, 4 
15274, 4, 4 
2808, 4, 4 
22652, 4, 4 
4172, 4, 4 
53760, 4, 4 
39182, 4, 4 
10870, 4, 4 
4564, 4, 4 
45153, 4, 4 
30316, 4, 4 
19076, 4, 4 
53093, 4, 4 
28615, 4, 4 
20894, 4, 4 
14260, 4, 4 
4252, 4, 4 
7166, 4, 4 
21906, 4, 4 
56247, 4, 4 
52128, 4, 4 
1704, 4, 4 
42787, 4, 4 
21517, 4, 4 
19202, 4, 4 
21581, 4, 4 
12644, 4, 4 
29864, 4, 4 
25668, 4, 4 
8240, 4, 4 
33554, 4, 4 
47805, 4, 4 
9880, 4, 4 
23393, 4, 4 
29992, 4, 4 
24976, 4, 4 
49017, 4, 4 
6095, 4, 4 
36466, 4, 4 
33991, 4, 4 
11005, 4, 4 
19107, 4, 4 
46668, 4, 4 
16093, 4, 4 
4781, 4, 4 
50712, 4, 4 
23992, 4, 4 
50980, 4, 4 
52299, 4, 4 
33312, 4, 4 
27538, 4, 4 
26627, 4, 4 
21134, 4, 4 
44581, 4, 4 
29574, 4, 4 
6258, 4, 4 
25602, 4, 4 
57538, 4, 4 
41145, 4, 4 
53631, 4, 4 
4382, 4, 4 
49105, 4, 4 
8869, 4, 4 
36726, 4, 4 
31025, 4, 4 
36773, 4, 4 
5401, 4, 4 
14592, 4, 4 
46749, 4, 4 
20851, 4, 4 
54116, 4, 4 
50450, 4, 4 
4839, 4, 4 
56190, 4, 4 
50050, 4, 4 
31774, 4, 4 
17842, 4, 4 
57548, 4, 4 
26546, 4, 4 
55684, 4, 4 
5265, 4, 4 
3697, 4, 4 
34249, 4, 4 
4802, 4, 4 
22472, 4, 4 
47826, 4, 4 
59063, 4, 4 
19634, 4, 4 
8950, 4, 4 
54109, 4, 4 
30573, 4, 4 
34093, 4, 4 
43904, 4, 4 
56319, 4, 4 
2317, 4, 4 
38188, 4, 4 
8341, 4, 4 
54309, 4, 4 
54921, 4, 4 
57043, 4, 4 
20599, 4, 4 
49211, 4, 4 
44894, 4, 4 
57844, 4, 4 
26288, 4, 4 
12077, 4, 4 
54427, 4, 4 
7227, 4, 4 
33637, 4, 4 
45685, 4, 4 
48496, 4, 4 
29818, 4, 4 
57499, 4, 4 
59259, 4, 4 
49251, 4, 4 
53883, 4, 4 
46677, 4, 4 
13302, 4, 4 
9461, 4, 4 
12610, 4, 4 
9980, 4, 4 
1934, 4, 4 
58712, 4, 4 
4787, 4, 4 
11209, 4, 4 
20008, 4, 4 
6901, 4, 4 
37800, 4, 4 
32101, 4, 4 
56700, 4, 4 
56433, 5, 5 
54491, 5, 5 
10798, 5, 5 
17239, 5, 5 
47737, 5, 5 
30280, 5, 5 
22033, 5, 5 
58261, 5, 5 
52776, 5, 5 
956, 5, 5 
18789, 5, 5 
2713, 5, 5 
1509, 5, 5 
43212, 5, 5 
47305, 5, 5 
40669, 5, 5 
31290, 5, 5 
58381, 5, 5 
26553, 5, 5 
50574, 5, 5 
19106, 5, 5 
36236, 5, 5 
26411, 5, 5 
13387, 5, 5 
36452, 5, 5 
58290, 5, 5 
57025, 5, 5 
24778, 5, 5 
40868, 5, 5 
46805, 5, 5 
40059, 5, 5 
36508, 5, 5 
48249, 5, 5 
58930, 5, 5 
54091, 5, 5 
24650, 5, 5 
43218, 5, 5 
21416, 5, 5 
15781, 5, 5 
56032, 5, 5 
59338, 5, 5 
27441, 5, 5 
33071, 5, 5 
57269, 5, 5 
32724, 5, 5 
11237, 5, 5 
25678, 5, 5 
29316, 5, 5 
17504, 5, 5 
34882, 5, 5 
23746, 5, 5 
41457, 5, 5 
16165, 5, 5 
3453, 5, 5 
34821, 5, 5 
28172, 5, 5 
4921, 5, 5 
32492, 5, 5 
42589, 5, 5 
17138, 5, 5 
55389, 5, 5 
1978, 5, 5 
6636, 5, 5 
54723, 5, 5 
57124, 5, 5 
45987, 5, 5 
26062, 5, 5 
15378, 5, 5 
30900, 5, 5 
21275, 5, 5 
38592, 5, 5 
55871, 5, 5 
19374, 5, 5 
38759, 5, 5 
18347, 5, 5 
51086, 5, 5 
49820, 5, 5 
11882, 5, 5 
15140, 5, 5 
33216, 5, 5 
42449, 5, 5 
37226, 5, 5 
55076, 5, 5 
17387, 5, 5 
537, 5, 5 
55903, 5, 5 
1913, 5, 5 
51821, 5, 5 
18481, 5, 5 
27777, 5, 5 
56566, 5, 5 
27375, 5, 5 
37160, 5, 5 
33044, 5, 5 
30086, 5, 5 
50409, 5, 5 
39903, 5, 5 
2266, 5, 5 
39952, 5, 5 
27942, 5, 5 
28679, 5, 5 
11025, 5, 5 
33365, 5, 5 
14106, 5, 5 
52458, 5, 5 
58330, 5, 5 
26098, 5, 5 
5839, 5, 5 
23546, 5, 5 
59384, 5, 5 
40154, 5, 5 
19920, 5, 5 
32258, 5, 5 
34561, 5, 5 
51473, 5, 5 
55223, 5, 5 
23438, 5, 5 
32445, 5, 5 
13862, 5, 5 
11410, 5, 5 
13253, 5, 5 
12986, 5, 5 
11356, 5, 5 
41208, 5, 5 
2308, 5, 5 
27259, 5, 5 
55460, 5, 5 
5417, 5, 5 
47624, 5, 5 
43696, 5, 5 
22101, 5, 5 
1516, 5, 5 
24173, 5, 5 
51764, 5, 5 
28512, 5, 5 
17665, 5, 5 
12638, 5, 5 
49611, 5, 5 
54400, 5, 5 
44976, 5, 5 
36539, 5, 5 
21850, 5, 5 
45003, 5, 5 
45111, 5, 5 
51345, 5, 5 
44329, 5, 5 
38708, 5, 5 
28570, 5, 5 
1970, 5, 5 
15571, 5, 5 
3205, 5, 5 
52527, 5, 5 
7249, 5, 5 
36900, 5, 5 
11695, 5, 5 
2401, 5, 5 
42221, 5, 5 
12181, 5, 5 
53690, 5, 5 
964, 5, 5 
4495, 5, 5 
28116, 5, 5 
7482, 5, 5 
34932, 5, 5 
52792, 5, 5 
38624, 5, 5 
43111, 5, 5 
42652, 5, 5 
7670, 5, 5 
38325, 5, 5 
1721, 5, 5 
39858, 5, 5 
23996, 5, 5 
15804, 5, 5 
6997, 5, 5 
58976, 5, 5 
24097, 5, 5 
32707, 5, 5 
17400, 5, 5 
47586, 5, 5 
10146, 5, 5 
41618, 5, 5 
30132, 5, 5 
4760, 5, 5 
29008, 5, 5 
39280, 5, 5 
16384, 5, 5 
10543, 5, 5 
1406, 5, 5 
4413, 5, 5 
52474, 5, 5 
26655, 5, 5 
33220, 5, 5 
44647, 5, 5 
45049, 5, 5 
10173, 5, 5 
14713, 5, 5 
28258, 5, 5 
23312, 5, 5 
7884, 5, 5 
55019, 6, 6 
33886, 6, 6 
39475, 6, 6 
15652, 6, 6 
5071, 6, 6 
53929, 6, 6 
23284, 6, 6 
15047, 6, 6 
47840, 6, 6 
11490, 6, 6 
47011, 6, 6 
29682, 6, 6 
37666, 6, 6 
50428, 6, 6 
59117, 6, 6 
10698, 6, 6 
47454, 6, 6 
8376, 6, 6 
38308, 6, 6 
32658, 6, 6 
37044, 6, 6 
19151, 6, 6 
40304, 6, 6 
13290, 6, 6 
39356, 6, 6 
37003, 6, 6 
38444, 6, 6 
26841, 6, 6 
2387, 6, 6 
23577, 6, 6 
12685, 6, 6 
16894, 6, 6 
41190, 6, 6 
35993, 6, 6 
21214, 6, 6 
23247, 6, 6 
40093, 6, 6 
20855, 6, 6 
34654, 6, 6 
50039, 6, 6 
25135, 6, 6 
33063, 6, 6 
16187, 6, 6 
7179, 6, 6 
8720, 6, 6 
42450, 6, 6 
18292, 6, 6 
50122, 6, 6 
55824, 6, 6 
48083, 6, 6 
23244, 6, 6 
45023, 6, 6 
35575, 6, 6 
12919, 6, 6 
46991, 6, 6 
54523, 6, 6 
13927, 6, 6 
43125, 6, 6 
9645, 6, 6 
3089, 6, 6 
59791, 6, 6 
34543, 6, 6 
49931, 6, 6 
24934, 6, 6 
19993, 6, 6 
54409, 6, 6 
50104, 6, 6 
26092, 6, 6 
12744, 6, 6 
23937, 6, 6 
44925, 6, 6 
38885, 6, 6 
49173, 6, 6 
2741, 6, 6 
32211, 6, 6 
47943, 6, 6 
28572, 6, 6 
15004, 6, 6 
6907, 6, 6 
12523, 6, 6 
12959, 6, 6 
39353, 6, 6 
31708, 6, 6 
12887, 6, 6 
33015, 6, 6 
22737, 6, 6 
4072, 6, 6 
42530, 6, 6 
4251, 6, 6 
31654, 6, 6 
5993, 6, 6 
9405, 6, 6 
658, 6, 6 
47191, 6, 6 
5294, 6, 6 
1100, 6, 6 
38555, 6, 6 
52908, 6, 6 
10792, 6, 6 
20480, 6, 6 
25059, 6, 6 
7926, 6, 6 
39379, 6, 6 
21234, 6, 6 
38875, 6, 6 
28386, 6, 6 
50598, 6, 6 
19363, 6, 6 
39650, 6, 6 
12068, 6, 6 
42904, 6, 6 
6526, 6, 6 
16550, 6, 6 
41519, 6, 6 
6392, 6, 6 
50199, 6, 6 
28876, 6, 6 
15641, 6, 6 
30799, 6, 6 
9049, 6, 6 
7785, 6, 6 
8206, 6, 6 
15500, 6, 6 
52005, 6, 6 
58770, 6, 6 
11479, 6, 6 
45368, 6, 6 
56399, 6, 6 
20984, 6, 6 
35683, 6, 6 
58050, 6, 6 
58997, 6, 6 
5935, 6, 6 
33742, 6, 6 
32977, 6, 6 
42667, 6, 6 
34012, 6, 6 
59470, 6, 6 
12469, 6, 6 
12155, 6, 6 
13207, 6, 6 
8357, 6, 6 
4963, 6, 6 
32241, 6, 6 
29147, 6, 6 
33379, 6, 6 
299, 6, 6 
18704, 6, 6 
45141, 6, 6 
23258, 6, 6 
31071, 6, 6 
44870, 6, 6 
47980, 6, 6 
36784, 6, 6 
36415, 6, 6 
56767, 6, 6 
33454, 6, 6 
5849, 6, 6 
33689, 6, 6 
59226, 6, 6 
43049, 6, 6 
58473, 6, 6 
56179, 6, 6 
40278, 6, 6 
43736, 6, 6 
14783, 6, 6 
48338, 6, 6 
26016, 6, 6 
19722, 6, 6 
30956, 6, 6 
25374, 6, 6 
14372, 6, 6 
8523, 6, 6 
57945, 6, 6 
3387, 6, 6 
20433, 6, 6 
16555, 6, 6 
57065, 6, 6 
25030, 6, 6 
5750, 6, 6 
43866, 6, 6 
3629, 6, 6 
19678, 6, 6 
27086, 6, 6 
14136, 6, 6 
34924, 6, 6 
52754, 6, 6 
8590, 6, 6 
35753, 6, 6 
53047, 6, 6 
56171, 6, 6 
36144, 6, 6 
56481, 6, 6 
3597, 6, 6 
24526, 6, 6 
46581, 6, 6 
13587, 6, 6 
4765, 6, 6 
40230, 6, 6 
14044, 6, 6 
34609, 7, 7 
46565, 7, 7 
49909, 7, 7 
45004, 7, 7 
8364, 7, 7 
44865, 7, 7 
57978, 7, 7 
34702, 7, 7 
44787, 7, 7 
59894, 7, 7 
49933, 7, 7 
58214, 7, 7 
22519, 7, 7 
3854, 7, 7 
45102, 7, 7 
58455, 7, 7 
22007, 7, 7 
6304, 7, 3 
43669, 7, 7 
10637, 7, 7 
56064, 7, 7 
29582, 7, 7 
54218, 7, 7 
39925, 7, 7 
19153, 7, 7 
30154, 7, 7 
55945, 7, 7 
25888, 7, 7 
33521, 7, 7 
23010, 7, 7 
36547, 7, 7 
29144, 7, 7 
19473, 7, 7 
38304, 7, 7 
22401, 7, 7 
324, 7, 7 
37279, 7, 7 
15923, 7, 7 
45715, 7, 7 
41275, 7, 7 
24544, 7, 7 
58497, 7, 7 
25300, 7, 7 
48678, 7, 7 
46605, 7, 7 
12628, 7, 7 
26354, 7, 7 
11080, 7, 7 
19262, 7, 7 
36238, 7, 7 
51489, 7, 7 
55560, 7, 7 
49053, 7, 7 
44175, 7, 7 
31731, 7, 7 
51282, 7, 7 
45187, 7, 7 
5014, 7, 7 
52937, 7, 7 
30821, 7, 7 
29796, 7, 7 
34935, 7, 7 
25449, 7, 7 
7437, 7, 7 
340, 7, 7 
29850, 7, 7 
5652, 7, 7 
20417, 7, 7 
25339, 7, 7 
38178, 7, 7 
37394, 7, 7 
34410, 7, 7 
48878, 7, 7 
40001, 7, 7 
7679, 7, 7 
6616, 7, 7 
16004, 7, 7 
23726, 7, 7 
2691, 7, 7 
56131, 7, 7 
41362, 7, 7 
20030, 7, 7 
43390, 7, 7 
36135, 7, 7 
46363, 7, 7 
59812, 7, 7 
47416, 7, 7 
50047, 7, 7 
786, 7, 7 
57235, 7, 7 
51537, 7, 7 
8827, 7, 7 
56638, 7, 7 
19260, 7, 7 
43924, 7, 7 
58177, 7, 7 
22743, 7, 7 
37963, 7, 7 
53333, 7, 7 
45951, 7, 7 
6956, 7, 7 
49024, 7, 7 
17776, 7, 7 
26591, 7, 7 
26216, 7, 7 
44908, 7, 7 
25465, 7, 7 
56052, 7, 7 
40214, 7, 7 
2319, 7, 7 
51000, 7, 7 
12781, 7, 7 
37245, 7, 7 
16324, 7, 7 
44150, 7, 7 
38257, 7, 7 
13292, 7, 7 
5546, 7, 7 
56030, 7, 7 
36307, 7, 7 
2659, 7, 7 
17114, 7, 7 
37480, 7, 7 
44849, 7, 7 
16247, 7, 7 
40143, 7, 7 
20969, 7, 7 
1166, 7, 7 
33627, 7, 7 
21412, 7, 7 
46340, 7, 7 
50763, 7, 7 
15643, 7, 7 
4061, 7, 7 
7906, 7, 7 
46752, 7, 7 
2835, 7, 7 
14802, 7, 7 
9102, 7, 7 
13691, 7, 7 
1326, 7, 7 
258, 7, 7 
7255, 7, 7 
47570, 7, 7 
3494, 7, 7 
58349, 7, 7 
43528, 7, 7 
37583, 7, 7 
15452, 7, 7 
22797, 7, 7 
49921, 7, 7 
36719, 7, 7 
50849, 7, 7 
44526, 7, 7 
22183, 7, 7 
30449, 7, 7 
11944, 7, 7 
48556, 7, 7 
18736, 7, 7 
17278, 7, 7 
22823, 7, 7 
7808, 7, 7 
56680, 7, 7 
21243, 7, 7 
59304, 7, 7 
20766, 7, 7 
27970, 7, 7 
57581, 7, 7 
52886, 7, 7 
25011, 7, 7 
26010, 7, 7 
48490, 7, 7 
44539, 7, 7 
35372, 7, 7 
29277, 7, 7 
13786, 7, 7 
22993, 7, 7 
48869, 7, 7 
35648, 7, 7 
41061, 7, 7 
10969, 7, 7 
44795, 7, 7 
26957, 7, 7 
30990, 7, 7 
36767, 7, 7 
16299, 7, 7 
28450, 7, 7 
19184, 7, 7 
36404, 7, 7 
24138, 7, 7 
44417, 7, 7 
18351, 7, 7 
12537, 7, 7 
56074, 7, 7 
57063, 7, 7 
20707, 7, 7 
56806, 7, 7 
25863, 7, 7 
22662, 7, 7 
42125, 7, 7 
51746, 8, 8 
27386, 8, 8 
16994, 8, 8 
31035, 8, 8 
32936, 8, 8 
43609, 8, 8 
1505, 8, 8 
42453, 8, 8 
7450, 8, 8 
19595, 8, 8 
47283, 8, 8 
58736, 8, 8 
9125, 8, 8 
31414, 8, 8 
2070, 8, 8 
20657, 8, 8 
31479, 8, 8 
28348, 8, 8 
36854, 8, 8 
52944, 8, 8 
49901, 8, 8 
45923, 8, 8 
456, 8, 8 
51615, 8, 8 
29208, 8, 8 
55852, 8, 8 
40410, 8, 8 
14923, 8, 8 
8365, 8, 8 
12073, 8, 8 
5661, 8, 8 
36159, 8, 8 
56985, 8, 8 
54407, 8, 8 
48375, 8, 8 
14162, 8, 8 
11614, 8, 8 
9805, 8, 8 
26807, 8, 8 
12892, 8, 8 
25016, 8, 8 
42147, 8, 8 
36598, 8, 8 
24950, 8, 8 
40245, 8, 8 
23063, 8, 8 
11602, 8, 8 
44002, 8, 8 
54185, 8, 8 
39519, 8, 8 
38544, 8, 8 
58107, 8, 8 
22118, 8, 8 
8197, 8, 8 
33539, 8, 8 
45223, 8, 8 
47212, 8, 8 
5800, 8, 8 
47183, 8, 8 
53191, 8, 8 
53728, 8, 8 
14035, 8, 8 
20712, 8, 8 
7844, 8, 8 
51488, 8, 8 
39751, 8, 8 
9732, 8, 8 
44221, 8, 8 
20873, 8, 8 
37095, 8, 8 
333, 8, 8 
3158, 8, 8 
18623, 8, 8 
31832, 8, 8 
18104, 8, 8 
47811, 8, 8 
6498, 8, 8 
3665, 8, 8 
58762, 8, 8 
20079, 8, 8 
7121, 8, 8 
18414, 8, 8 
37715, 8, 8 
32400, 8, 8 
12009, 8, 8 
57093, 8, 8 
30467, 8, 8 
4058, 8, 8 
44616, 8, 8 
48973, 8, 8 
15941, 8, 8 
26719, 8, 8 
17743, 8, 8 
8933, 8, 8 
3513, 8, 8 
37005, 8, 8 
16624, 8, 8 
8465, 8, 8 
49259, 8, 8 
55604, 8, 8 
44695, 8, 8 
57021, 8, 8 
28813, 8, 8 
21118, 8, 8 
11555, 8, 8 
57121, 8, 8 
6006, 8, 8 
24359, 8, 8 
15707, 8, 8 
32553, 8, 8 
38489, 8, 8 
53854, 8, 8 
23184, 8, 1 
28719, 8, 8 
12777, 8, 8 
11382, 8, 8 
48711, 8, 8 
55537, 8, 8 
13095, 8, 8 
16920, 8, 8 
32806, 8, 8 
39841, 8, 8 
49990, 8, 8 
53556, 8, 8 
57596, 8, 8 
50268, 8, 8 
47989, 8, 8 
28931, 8, 8 
24760, 8, 8 
6022, 8, 8 
45738, 8, 8 
4887, 8, 8 
51864, 8, 8 
22919, 8, 8 
38442, 8, 8 
45831, 8, 8 
55436, 8, 8 
57800, 8, 8 
37184, 8, 8 
52573, 8, 8 
7824, 8, 8 
55407, 8, 8 
53745, 8, 8 
48668, 8, 8 
31847, 8, 8 
36489, 8, 8 
4537, 8, 8 
13152, 8, 8 
51709, 8, 8 
18595, 8, 8 
14831, 8, 8 
55606, 8, 8 
9250, 8, 8 
5333, 8, 8 
35246, 8, 8 
29831, 8, 8 
13420, 8, 8 
30460, 8, 8 
35044, 8, 8 
10250, 8, 8 
42944, 8, 8 
45286, 8, 8 
9567, 8, 8 
6369, 8, 8 
39806, 8, 8 
50714, 8, 3 
9345, 8, 8 
22308, 8, 8 
43538, 8, 8 
31399, 8, 8 
31168, 8, 8 
42364, 8, 8 
23964, 8, 8 
43145, 8, 8 
22439, 8, 8 
25563, 8, 8 
52080, 8, 8 
45660, 8, 8 
23440, 8, 8 
55968, 8, 8 
20945, 8, 8 
42988, 8, 8 
53028, 8, 8 
46817, 8, 8 
34766, 8, 8 
15333, 8, 8 
40957, 8, 8 
41699, 8, 8 
10151, 8, 8 
1856, 8, 8 
21231, 8, 8 
1974, 8, 8 
11529, 8, 8 
11241, 8, 8 
34460, 8, 8 
44576, 8, 8 
3775, 8, 8 
25766, 8, 8 
30401, 8, 8 
23582, 8, 8 
32443, 9, 9 
24712, 9, 9 
1895, 9, 9 
59111, 9, 9 
21224, 9, 9 
23515, 9, 9 
24701, 9, 9 
40857, 9, 9 
24071, 9, 9 
47671, 9, 9 
344, 9, 9 
9372, 9, 9 
32891, 9, 9 
55570, 9, 9 
52653, 9, 9 
19513, 9, 9 
14696, 9, 9 
23061, 9, 9 
50041, 9, 9 
16588, 9, 9 
1291, 9, 9 
42144, 9, 9 
10588, 9, 9 
7873, 9, 9 
22080, 9, 9 
33329, 9, 9 
55600, 9, 9 
29905, 9, 9 
13526, 9, 9 
16421, 9, 9 
15489, 9, 9 
52805, 9, 9 
29318, 9, 9 
41306, 9, 9 
33156, 9, 9 
38611, 9, 9 
14974, 9, 9 
50053, 9, 9 
51644, 9, 9 
56464, 9, 3 
15302, 9, 9 
50245, 9, 9 
35523, 9, 9 
48186, 9, 9 
930, 9, 9 
20248, 9, 9 
30237, 9, 9 
1610, 9, 9 
45084, 9, 9 
5522, 9, 9 
3786, 9, 9 
18755, 9, 9 
48548, 9, 9 
47427, 9, 9 
58112, 9, 9 
16878, 9, 9 
31358, 9, 9 
21495, 9, 9 
40448, 9, 9 
48771, 9, 9 
8902, 9, 9 
38910, 9, 9 
21969, 9, 9 
21639, 9, 9 
35480, 9, 3 
3090, 9, 9 
42903, 9, 9 
49591, 9, 9 
15858, 9, 9 
9483, 9, 9 
37781, 9, 9 
13982, 9, 9 
39795, 9, 9 
6779, 9, 9 
44586, 9, 9 
11891, 9, 9 
9247, 9, 9 
17002, 9, 9 
51827, 9, 9 
57423, 9, 9 
43982, 9, 9 
13108, 9, 9 
21015, 9, 9 
52034, 9, 9 
8141, 9, 9 
25224, 9, 9 
5592, 9, 9 
27110, 9, 9 
41603, 9, 9 
7310, 9, 9 
29170, 9, 9 
12305, 9, 9 
27843, 9, 9 
24538, 9, 9 
49714, 9, 9 
550, 9, 9 
23555, 9, 9 
50458, 9, 9 
12431, 9, 9 
600, 9, 9 
56923, 9, 9 
12832, 9, 9 
15369, 9, 9 
47457, 9, 9 
53280, 9, 9 
54627, 9, 9 
32429, 9, 9 
29752, 9, 9 
43751, 9, 9 
57, 9, 9 
37376, 9, 9 
26844, 9, 9 
19914, 9, 9 
48524, 9, 9 
4306, 9, 9 
29305, 9, 9 
36201, 9, 9 
41377, 9, 9 
15592, 9, 9 
38877, 9, 9 
19300, 9, 9 
3544, 9, 9 
39016, 9, 9 
45700, 9, 9 
25933, 9, 9 
28239, 9, 9 
28092, 9, 9 
53190, 9, 9 
52447, 9, 9 
39370, 9, 9 
15512, 9, 9 
33275, 9, 9 
17342, 9, 9 
14627, 9, 9 
41817, 9, 9 
1333, 9, 9 
42192, 9, 9 
26921, 9, 9 
33976, 9, 9 
9481, 9, 9 
4547, 9, 9 
50659, 9, 9 
8321, 9, 9 
40469, 9, 9 
31041, 9, 9 
42048, 9, 9 
55563, 9, 9 
59514, 9, 9 
42344, 9, 9 
55859, 9, 9 
8408, 9, 9 
5137, 9, 9 
28047, 9, 9 
16477, 9, 9 
47617, 9, 9 
5893, 9, 9 
15049, 9, 9 
13932, 9, 9 
29012, 9, 9 
24593, 9, 9 
35292, 9, 9 
19933, 9, 9 
54962, 9, 9 
42173, 9, 9 
51807, 9, 9 
42870, 9, 9 
34983, 9, 9 
15609, 9, 9 
2633, 9, 9 
20788, 9, 9 
27848, 9, 9 
18728, 9, 9 
39333, 9, 9 
36261, 9, 9 
54081, 9, 9 
49007, 9, 9 
28761, 9, 9 
7952, 9, 9 
24194, 9, 9 
45301, 9, 9 
44776, 9, 9 
28176, 9, 9 
10028, 9, 9 
25247, 9, 9 
26815, 9, 9 
2924, 9, 9 
8244, 9, 9 
31822, 9, 9 
34476, 9, 9 
9969, 9, 9 
48802, 9, 9 
10414, 9, 9 
822, 9, 9 
28446, 9, 9 
28260, 9, 9 
30308, 9, 9 
4313, 9, 9 
5937, 9, 9 
25515, 9, 9 
32021, 9, 9 
