id, true label, predicted label 
11597, 0, 0 
13880, 0, 0 
33253, 0, 0 
27307, 0, 0 
26645, 0, 0 
12927, 0, 0 
34014, 0, 0 
12276, 0, 0 
40690, 0, 0 
8157, 0, 0 
3733, 1, 1 
37499, 1, 1 
8092, 1, 1 
55495, 1, 1 
36426, 1, 1 
4708, 1, 1 
32096, 1, 1 
3878, 1, 1 
22466, 1, 1 
53140, 1, 1 
32450, 2, 2 
22036, 2, 2 
54795, 2, 2 
31185, 2, 2 
6414, 2, 2 
27073, 2, 2 
51418, 2, 2 
44166, 2, 2 
30769, 2, 2 
17995, 2, 2 
8795, 3, 3 
8700, 3, 3 
20243, 3, 3 
49864, 3, 3 
25225, 3, 3 
8115, 3, 3 
35434, 3, 3 
321, 3, 3 
11234, 3, 3 
16134, 3, 3 
10159, 4, 4 
36907, 4, 4 
21846, 4, 4 
13968, 4, 4 
20297, 4, 4 
32037, 4, 4 
24282, 4, 4 
16443, 4, 4 
46374, 4, 4 
2220, 4, 4 
43936, 5, 5 
30476, 5, 5 
38739, 5, 5 
42274, 5, 5 
32755, 5, 5 
37066, 5, 5 
26150, 5, 5 
32674, 5, 5 
12502, 5, 5 
48046, 5, 5 
36980, 6, 6 
34324, 6, 6 
40105, 6, 6 
29362, 6, 6 
54332, 6, 6 
38181, 6, 6 
9262, 6, 6 
14256, 6, 6 
17636, 6, 6 
23416, 6, 6 
2102, 7, 7 
46171, 7, 7 
43307, 7, 7 
12781, 7, 7 
36231, 7, 7 
12537, 7, 7 
21803, 7, 7 
29432, 7, 7 
57071, 7, 7 
13042, 7, 7 
21778, 8, 8 
19650, 8, 8 
55368, 8, 8 
17937, 8, 8 
56322, 8, 8 
48652, 8, 8 
44579, 8, 8 
47176, 8, 8 
54954, 8, 8 
42833, 8, 8 
38031, 9, 9 
58470, 9, 9 
6564, 9, 9 
19428, 9, 9 
18755, 9, 9 
33402, 9, 9 
57449, 9, 9 
58274, 9, 9 
50462, 9, 9 
14667, 9, 9 
