id, true label, predicted label 
22375, 0, 0 
33292, 0, 0 
2191, 0, 0 
30548, 0, 0 
17025, 0, 0 
50354, 0, 0 
18718, 0, 0 
1600, 0, 0 
43216, 0, 0 
19171, 0, 0 
37972, 1, 1 
33799, 1, 1 
39441, 1, 1 
26409, 1, 1 
43336, 1, 1 
57517, 1, 1 
25945, 1, 1 
38941, 1, 1 
4953, 1, 1 
56971, 1, 1 
38330, 2, 2 
41741, 2, 2 
11774, 2, 2 
1129, 2, 2 
25548, 2, 2 
22070, 2, 2 
52649, 2, 2 
27860, 2, 2 
19694, 2, 2 
9780, 2, 2 
54008, 3, 3 
7132, 3, 3 
38180, 3, 3 
32379, 3, 3 
28858, 3, 3 
8039, 3, 3 
39553, 3, 3 
37690, 3, 3 
42841, 3, 3 
10730, 3, 3 
41921, 4, 4 
59312, 4, 4 
14904, 4, 4 
18726, 4, 4 
2439, 4, 4 
50416, 4, 4 
10612, 4, 4 
18999, 4, 4 
11016, 4, 4 
43636, 4, 4 
35171, 5, 5 
38362, 5, 5 
39689, 5, 5 
36303, 5, 5 
20994, 5, 5 
22756, 5, 5 
25765, 5, 5 
58439, 5, 5 
52717, 5, 5 
41462, 5, 5 
17546, 6, 6 
18267, 6, 6 
52004, 6, 6 
12853, 6, 6 
49965, 6, 6 
14473, 6, 6 
5593, 6, 6 
59470, 6, 6 
7661, 6, 6 
51485, 6, 6 
42772, 7, 7 
22921, 7, 7 
45114, 7, 7 
1054, 7, 7 
158, 7, 7 
10324, 7, 7 
2229, 7, 7 
49242, 7, 7 
30913, 7, 7 
48098, 7, 7 
16274, 8, 8 
13176, 8, 8 
12255, 8, 8 
27348, 8, 8 
7923, 8, 8 
24110, 8, 8 
19358, 8, 8 
21467, 8, 8 
25799, 8, 8 
28506, 8, 8 
17707, 9, 9 
13414, 9, 9 
25446, 9, 9 
41295, 9, 9 
5386, 9, 9 
56906, 9, 9 
48205, 9, 9 
17848, 9, 9 
50798, 9, 9 
34743, 9, 9 
