id, true label, predicted label 
6737, 0, 0 
46775, 0, 0 
32207, 0, 0 
51992, 0, 0 
31288, 0, 0 
15993, 0, 0 
10254, 0, 0 
6917, 0, 0 
36628, 0, 0 
54502, 0, 0 
45921, 1, 1 
44561, 1, 1 
27792, 1, 1 
11809, 1, 1 
55380, 1, 1 
53870, 1, 1 
13875, 1, 1 
59979, 1, 1 
18261, 1, 1 
42058, 1, 1 
16989, 2, 2 
2846, 2, 2 
15461, 2, 2 
13722, 2, 2 
34134, 2, 2 
1134, 2, 2 
52894, 2, 2 
11394, 2, 2 
32269, 2, 2 
51320, 2, 2 
47095, 3, 3 
38086, 3, 3 
9868, 3, 3 
25398, 3, 3 
12355, 3, 3 
4342, 3, 3 
22567, 3, 3 
4628, 3, 3 
19338, 3, 3 
37042, 3, 3 
19608, 4, 4 
52402, 4, 4 
26652, 4, 4 
5813, 4, 4 
51712, 4, 4 
53945, 4, 4 
27308, 4, 4 
55285, 4, 4 
50653, 4, 4 
28907, 4, 4 
45897, 5, 5 
9587, 5, 5 
59446, 5, 5 
1834, 5, 5 
22599, 5, 5 
43084, 5, 5 
335, 5, 5 
51461, 5, 5 
7639, 5, 5 
52122, 5, 5 
9177, 6, 6 
32228, 6, 6 
26754, 6, 6 
30856, 6, 6 
46109, 6, 6 
37442, 6, 6 
45514, 6, 6 
29138, 6, 6 
1503, 6, 6 
24948, 6, 6 
22880, 7, 7 
478, 7, 7 
55750, 7, 7 
31383, 7, 7 
38743, 7, 7 
2865, 7, 7 
21641, 7, 7 
15998, 7, 7 
53129, 7, 7 
30722, 7, 7 
32936, 8, 8 
9839, 8, 8 
17679, 8, 8 
25365, 8, 8 
21656, 8, 8 
51243, 8, 8 
49052, 8, 8 
36865, 8, 8 
34785, 8, 8 
25276, 8, 8 
33907, 9, 9 
6751, 9, 9 
35070, 9, 9 
49740, 9, 9 
14934, 9, 9 
37048, 9, 9 
21445, 9, 9 
29108, 9, 9 
45034, 9, 9 
49261, 9, 9 
