id, true label, predicted label 
16758, 0, 0 
326, 0, 0 
31625, 0, 0 
45960, 0, 0 
16761, 0, 0 
12325, 0, 0 
6681, 0, 0 
41338, 0, 0 
44583, 0, 0 
56161, 0, 0 
17422, 1, 1 
32326, 1, 1 
7951, 1, 1 
28250, 1, 1 
43003, 1, 1 
57317, 1, 1 
40918, 1, 1 
47243, 1, 1 
9332, 1, 1 
38466, 1, 1 
22701, 2, 2 
28832, 2, 2 
22226, 2, 2 
35483, 2, 2 
7146, 2, 2 
27600, 2, 2 
7760, 2, 2 
30634, 2, 2 
16124, 2, 2 
23652, 2, 2 
39686, 3, 3 
11863, 3, 3 
52590, 3, 3 
50755, 3, 3 
8528, 3, 3 
43027, 3, 3 
48817, 3, 3 
41742, 3, 3 
38066, 3, 3 
35891, 3, 3 
2034, 4, 4 
45915, 4, 4 
14793, 4, 4 
45173, 4, 4 
28237, 4, 4 
36790, 4, 4 
25831, 4, 4 
4890, 4, 4 
57630, 4, 4 
4438, 4, 4 
6389, 5, 5 
26868, 5, 5 
41618, 5, 5 
16819, 5, 5 
7346, 5, 5 
48623, 5, 5 
29058, 5, 5 
42604, 5, 5 
50332, 5, 5 
5752, 5, 5 
34539, 6, 6 
49969, 6, 6 
3207, 6, 6 
40707, 6, 6 
41413, 6, 6 
45702, 6, 6 
31071, 6, 6 
256, 6, 6 
43925, 6, 6 
45839, 6, 6 
7849, 7, 7 
42269, 7, 7 
19164, 7, 7 
46799, 7, 7 
9519, 7, 7 
53102, 7, 7 
37348, 7, 7 
55689, 7, 7 
42067, 7, 7 
723, 7, 7 
59718, 8, 8 
57062, 8, 8 
32480, 8, 8 
1657, 8, 8 
20690, 8, 8 
18291, 8, 8 
20938, 8, 8 
13152, 8, 8 
38863, 8, 8 
17547, 8, 8 
37764, 9, 9 
10614, 9, 9 
43259, 9, 9 
41302, 9, 9 
14744, 9, 9 
5898, 9, 9 
7208, 9, 9 
3095, 9, 9 
42017, 9, 9 
5727, 9, 9 
