id, true label, predicted label 
30156, 0, 0 
35793, 0, 0 
32869, 0, 0 
49014, 0, 0 
20827, 0, 0 
41617, 0, 0 
49086, 0, 0 
41228, 0, 0 
33647, 0, 0 
30624, 0, 0 
59156, 1, 1 
39896, 1, 1 
1293, 1, 1 
54489, 1, 1 
31862, 1, 1 
16087, 1, 1 
35749, 1, 1 
53194, 1, 1 
29986, 1, 1 
49569, 1, 1 
46586, 2, 2 
45099, 2, 2 
14847, 2, 2 
12299, 2, 2 
20715, 2, 2 
10567, 2, 2 
50218, 2, 2 
39392, 2, 2 
40598, 2, 2 
54978, 2, 2 
32137, 3, 3 
19734, 3, 3 
54201, 3, 3 
25127, 3, 3 
40005, 3, 3 
34832, 3, 3 
15701, 3, 3 
48445, 3, 3 
34873, 3, 3 
37692, 3, 3 
20169, 4, 4 
25555, 4, 4 
23599, 4, 4 
31419, 4, 4 
21922, 4, 4 
36339, 4, 4 
17736, 4, 4 
15259, 4, 4 
28551, 4, 4 
2773, 4, 4 
18431, 5, 5 
41215, 5, 5 
51989, 5, 5 
45797, 5, 5 
32322, 5, 5 
22983, 5, 5 
25913, 5, 5 
10492, 5, 5 
3860, 5, 5 
34478, 5, 5 
34767, 6, 6 
19848, 6, 6 
26032, 6, 6 
32002, 6, 6 
41636, 6, 6 
52494, 6, 6 
18704, 6, 1 
17953, 6, 6 
27249, 6, 6 
48707, 6, 6 
24709, 7, 7 
25895, 7, 7 
1075, 7, 7 
41309, 7, 7 
2492, 7, 7 
20067, 7, 7 
15824, 7, 7 
53333, 7, 7 
51229, 7, 7 
10148, 7, 7 
48555, 8, 8 
53485, 8, 8 
7750, 8, 8 
27459, 8, 8 
1419, 8, 8 
19692, 8, 8 
28987, 8, 8 
53556, 8, 8 
5220, 8, 8 
42003, 8, 8 
58852, 9, 9 
20861, 9, 9 
16968, 9, 9 
16853, 9, 9 
57267, 9, 9 
49710, 9, 9 
56304, 9, 9 
50217, 9, 9 
3316, 9, 9 
24029, 9, 9 
