id, true label, predicted label 
59256, 0, 0 
19726, 0, 0 
50930, 0, 0 
40003, 0, 0 
49583, 0, 0 
55991, 0, 0 
23662, 0, 0 
23389, 0, 0 
34985, 0, 0 
462, 0, 0 
13154, 1, 1 
3394, 1, 1 
32721, 1, 1 
47709, 1, 1 
2906, 1, 1 
15813, 1, 1 
31487, 1, 1 
355, 1, 1 
58397, 1, 1 
33992, 1, 1 
42969, 2, 2 
50368, 2, 2 
2684, 2, 2 
17482, 2, 2 
26509, 2, 2 
35832, 2, 2 
570, 2, 2 
37734, 2, 2 
22198, 2, 2 
29698, 2, 2 
25882, 3, 3 
3422, 3, 3 
19266, 3, 3 
50946, 3, 3 
35113, 3, 3 
48139, 3, 3 
9864, 3, 3 
12729, 3, 3 
11513, 3, 3 
48521, 3, 3 
3973, 4, 4 
937, 4, 4 
27088, 4, 4 
56244, 4, 4 
7319, 4, 4 
41354, 4, 4 
13125, 4, 4 
5155, 4, 4 
1006, 4, 4 
11495, 4, 4 
44262, 5, 5 
47204, 5, 5 
38959, 5, 5 
52310, 5, 5 
57818, 5, 5 
38848, 5, 5 
39197, 5, 5 
45919, 5, 5 
48659, 5, 5 
7354, 5, 5 
5587, 6, 6 
47847, 6, 6 
31754, 6, 6 
45395, 6, 6 
35468, 6, 6 
6452, 6, 6 
53472, 6, 6 
5040, 6, 6 
36784, 6, 6 
36390, 6, 6 
25561, 7, 7 
21693, 7, 7 
51885, 7, 7 
12408, 7, 7 
48250, 7, 7 
32470, 7, 7 
2133, 7, 7 
47806, 7, 7 
56729, 7, 7 
51103, 7, 7 
33162, 8, 8 
20732, 8, 8 
37909, 8, 8 
5763, 8, 8 
14062, 8, 8 
43823, 8, 8 
58107, 8, 8 
5536, 8, 8 
53745, 8, 8 
39442, 8, 8 
58088, 9, 9 
7217, 9, 9 
11102, 9, 9 
34196, 9, 9 
26877, 9, 9 
29953, 9, 9 
5794, 9, 9 
41924, 9, 9 
41833, 9, 9 
45603, 9, 9 
