id, true label, predicted label 
15566, 0, 0 
13589, 0, 0 
40441, 0, 0 
27982, 0, 0 
59319, 0, 0 
23536, 0, 0 
36084, 0, 0 
19504, 0, 0 
26832, 0, 0 
49500, 0, 0 
24564, 1, 1 
21031, 1, 1 
15813, 1, 1 
33658, 1, 1 
28350, 1, 1 
55644, 1, 1 
44113, 1, 1 
12230, 1, 1 
3197, 1, 1 
37024, 1, 1 
23491, 2, 2 
19505, 2, 2 
12582, 2, 2 
23975, 2, 2 
59903, 2, 2 
22169, 2, 2 
38953, 2, 2 
20944, 2, 2 
5508, 2, 2 
33727, 2, 2 
31596, 3, 3 
40385, 3, 3 
27560, 3, 3 
40805, 3, 3 
51274, 3, 3 
3422, 3, 3 
21607, 3, 3 
6706, 3, 3 
22675, 3, 3 
37105, 3, 3 
7726, 4, 4 
29358, 4, 4 
15668, 4, 4 
5410, 4, 4 
53300, 4, 4 
18445, 4, 4 
28081, 4, 4 
36977, 4, 4 
55469, 4, 4 
8973, 4, 4 
41867, 5, 5 
39516, 5, 5 
4104, 5, 5 
18141, 5, 5 
38773, 5, 5 
24332, 5, 5 
35787, 5, 5 
14670, 5, 5 
16092, 5, 5 
8307, 5, 5 
13282, 6, 6 
21195, 6, 6 
15641, 6, 6 
50059, 6, 6 
7095, 6, 6 
9512, 6, 6 
6800, 6, 6 
46382, 6, 6 
1117, 6, 6 
6895, 6, 6 
47232, 7, 7 
52926, 7, 7 
14590, 7, 7 
56846, 7, 7 
25511, 7, 7 
39925, 7, 7 
22007, 7, 7 
53702, 7, 7 
30604, 7, 7 
49986, 7, 7 
16994, 8, 8 
43993, 8, 8 
41130, 8, 8 
19214, 8, 8 
30347, 8, 8 
8303, 8, 8 
55586, 8, 8 
5743, 8, 8 
35604, 8, 8 
12054, 8, 8 
8851, 9, 9 
46714, 9, 9 
26155, 9, 9 
1950, 9, 9 
45034, 9, 9 
40977, 9, 9 
47010, 9, 9 
42246, 9, 9 
38205, 9, 9 
46137, 9, 9 
