id, true label, predicted label 
26713, 0, 0 
54303, 0, 0 
36277, 0, 0 
19006, 0, 0 
46339, 0, 0 
51680, 0, 0 
11969, 0, 0 
5010, 0, 0 
29052, 0, 0 
11612, 0, 0 
2497, 1, 1 
10458, 1, 1 
34990, 1, 1 
57109, 1, 1 
55747, 1, 1 
24721, 1, 1 
14234, 1, 1 
33279, 1, 1 
53425, 1, 1 
22879, 1, 1 
35124, 2, 2 
8631, 2, 2 
30522, 2, 2 
2855, 2, 2 
35315, 2, 2 
36266, 2, 2 
13059, 2, 2 
37243, 2, 2 
6079, 2, 2 
53340, 2, 2 
23779, 3, 3 
26781, 3, 3 
5942, 3, 3 
1718, 3, 3 
21112, 3, 3 
46208, 3, 3 
4369, 3, 3 
12783, 3, 3 
12814, 3, 3 
19976, 3, 3 
8400, 4, 4 
55658, 4, 4 
8539, 4, 4 
28517, 4, 4 
59144, 4, 4 
53364, 4, 4 
59240, 4, 4 
28919, 4, 4 
38253, 4, 4 
47981, 4, 4 
29066, 5, 5 
46941, 5, 5 
9326, 5, 5 
28097, 5, 5 
40393, 5, 5 
5873, 5, 5 
33968, 5, 5 
37557, 5, 5 
16832, 5, 5 
43776, 5, 5 
41246, 6, 6 
40349, 6, 6 
59982, 6, 6 
53221, 6, 6 
47191, 6, 6 
44533, 6, 6 
29950, 6, 6 
46131, 6, 6 
1269, 6, 6 
51400, 6, 6 
26659, 7, 7 
2673, 7, 7 
56611, 7, 7 
42125, 7, 7 
25126, 7, 7 
16454, 7, 7 
30313, 7, 7 
21243, 7, 7 
11372, 7, 7 
49958, 7, 7 
17178, 8, 8 
17348, 8, 8 
31, 8, 8 
47723, 8, 8 
10596, 8, 8 
24223, 8, 8 
12054, 8, 8 
25968, 8, 8 
24240, 8, 8 
45849, 8, 8 
16799, 9, 9 
29935, 9, 9 
22521, 9, 9 
1751, 9, 9 
28789, 9, 9 
26973, 9, 9 
45708, 9, 9 
52481, 9, 9 
50973, 9, 9 
47671, 9, 9 
