id, true label, predicted label 
7458, 0, 0 
47396, 0, 0 
12115, 0, 0 
33657, 0, 0 
37571, 0, 0 
31356, 0, 0 
31109, 0, 0 
11911, 0, 0 
40612, 0, 0 
45042, 0, 0 
40262, 0, 0 
10530, 0, 0 
14944, 0, 0 
30382, 0, 0 
1372, 0, 0 
16761, 0, 0 
55110, 0, 0 
55253, 0, 0 
51834, 0, 0 
22874, 0, 0 
38179, 0, 0 
3698, 0, 0 
33921, 0, 0 
26191, 0, 0 
20713, 0, 0 
46054, 0, 0 
58532, 0, 0 
27318, 0, 0 
54922, 0, 0 
16415, 0, 0 
38660, 0, 0 
17169, 0, 0 
55479, 0, 0 
10992, 0, 0 
3195, 0, 0 
10230, 0, 0 
5622, 0, 0 
849, 0, 0 
57176, 0, 0 
23586, 0, 0 
39224, 0, 0 
49903, 0, 0 
55242, 0, 0 
55105, 0, 0 
59510, 0, 0 
36143, 0, 0 
59342, 0, 0 
3622, 0, 0 
23884, 0, 0 
33302, 0, 0 
4566, 1, 1 
50632, 1, 1 
12145, 1, 1 
20443, 1, 1 
2202, 1, 1 
18516, 1, 1 
11895, 1, 1 
20951, 1, 1 
2957, 1, 1 
593, 1, 1 
26802, 1, 1 
10907, 1, 1 
53842, 1, 1 
56576, 1, 1 
49787, 1, 1 
32326, 1, 1 
30305, 1, 1 
16468, 1, 1 
24339, 1, 1 
6864, 1, 1 
35552, 1, 1 
47947, 1, 1 
20828, 1, 1 
53849, 1, 1 
11229, 1, 1 
52657, 1, 1 
24083, 1, 1 
29320, 1, 1 
36997, 1, 1 
48390, 1, 1 
2316, 1, 1 
1003, 1, 1 
21051, 1, 1 
37650, 1, 1 
47429, 1, 1 
58355, 1, 1 
30148, 1, 1 
25537, 1, 1 
19544, 1, 1 
1197, 1, 1 
30210, 1, 1 
32974, 1, 1 
3331, 1, 1 
41119, 1, 1 
53176, 1, 1 
44031, 1, 1 
53887, 1, 1 
8836, 1, 1 
45931, 1, 1 
35880, 1, 1 
27464, 2, 2 
12745, 2, 2 
28074, 2, 2 
28454, 2, 2 
34936, 2, 2 
40718, 2, 2 
6637, 2, 2 
35529, 2, 2 
45073, 2, 2 
44747, 2, 2 
35690, 2, 2 
8024, 2, 2 
27598, 2, 2 
15596, 2, 2 
27490, 2, 2 
3574, 2, 2 
32809, 2, 2 
34425, 2, 2 
2790, 2, 2 
36717, 2, 2 
35785, 2, 2 
3064, 2, 2 
28388, 2, 2 
14446, 2, 2 
15132, 2, 2 
56312, 2, 2 
24971, 2, 2 
34964, 2, 2 
4997, 2, 2 
26751, 2, 2 
34747, 2, 2 
31616, 2, 2 
32437, 2, 2 
42328, 2, 2 
14302, 2, 2 
8043, 2, 2 
49914, 2, 2 
40152, 2, 2 
53941, 2, 2 
41179, 2, 2 
21674, 2, 2 
18215, 2, 2 
57933, 2, 2 
33027, 2, 2 
48527, 2, 2 
42596, 2, 2 
34385, 2, 2 
22500, 2, 2 
10825, 2, 2 
59316, 2, 2 
56191, 3, 3 
16922, 3, 3 
37422, 3, 3 
3815, 3, 3 
29266, 3, 3 
12527, 3, 3 
20752, 3, 3 
36130, 3, 3 
9786, 3, 3 
7156, 3, 3 
33145, 3, 3 
20687, 3, 3 
4898, 3, 3 
7803, 3, 3 
17712, 3, 3 
54867, 3, 3 
7397, 3, 3 
35208, 3, 3 
41225, 3, 3 
22231, 3, 3 
33194, 3, 3 
22977, 3, 3 
45196, 3, 3 
8794, 3, 3 
2771, 3, 3 
30885, 3, 3 
57833, 3, 3 
12012, 3, 3 
54953, 3, 3 
35613, 3, 3 
47173, 3, 3 
37439, 3, 3 
14333, 3, 3 
27173, 3, 3 
29458, 3, 3 
23724, 3, 3 
33583, 3, 3 
12546, 3, 3 
25573, 3, 3 
9335, 3, 3 
49450, 3, 3 
18997, 3, 3 
55419, 3, 3 
30483, 3, 3 
2481, 3, 3 
13909, 3, 3 
25861, 3, 3 
54910, 3, 3 
22619, 3, 3 
58550, 3, 3 
23017, 4, 4 
24033, 4, 4 
35319, 4, 4 
10618, 4, 4 
30506, 4, 4 
58875, 4, 4 
56659, 4, 4 
46728, 4, 4 
48442, 4, 4 
3009, 4, 4 
25846, 4, 4 
23855, 4, 4 
40299, 4, 4 
329, 4, 4 
51684, 4, 4 
32512, 4, 4 
41043, 4, 4 
45391, 4, 4 
55641, 4, 4 
22660, 4, 4 
36483, 4, 4 
5764, 4, 4 
51225, 4, 4 
29256, 4, 4 
48252, 4, 4 
23837, 4, 4 
45915, 4, 4 
45299, 4, 4 
541, 4, 4 
131, 4, 4 
8534, 4, 4 
19875, 4, 4 
7551, 4, 4 
53, 4, 4 
14620, 4, 4 
52708, 4, 4 
9566, 4, 4 
15821, 4, 4 
38822, 4, 4 
44100, 4, 4 
46325, 4, 4 
35551, 4, 4 
32015, 4, 4 
37381, 4, 4 
15359, 4, 4 
51979, 4, 4 
32602, 4, 4 
58840, 4, 4 
20599, 4, 4 
45821, 4, 4 
19706, 5, 5 
25747, 5, 5 
23996, 5, 5 
25997, 5, 5 
52706, 5, 5 
35858, 5, 5 
34453, 5, 5 
53796, 5, 5 
57156, 5, 5 
41904, 5, 5 
13229, 5, 5 
27375, 5, 5 
28395, 5, 5 
57081, 5, 5 
11324, 5, 5 
30903, 5, 5 
38459, 5, 5 
26198, 5, 5 
20815, 5, 5 
7444, 5, 5 
26320, 5, 5 
6451, 5, 5 
18968, 5, 5 
54151, 5, 5 
4645, 5, 5 
41215, 5, 5 
59538, 5, 5 
23620, 5, 5 
44564, 5, 5 
30961, 5, 5 
38486, 5, 5 
42431, 5, 5 
29410, 5, 5 
48615, 5, 5 
25283, 5, 5 
25075, 5, 5 
59002, 5, 5 
53802, 5, 5 
10056, 5, 5 
48769, 5, 5 
7498, 5, 5 
32659, 5, 5 
56928, 5, 5 
49632, 5, 5 
2885, 5, 5 
49652, 5, 5 
16257, 5, 5 
5177, 5, 5 
7845, 5, 5 
49476, 5, 5 
26124, 6, 6 
23790, 6, 6 
47458, 6, 6 
35795, 6, 6 
1869, 6, 6 
18576, 6, 6 
32977, 6, 6 
23839, 6, 6 
31071, 6, 6 
40072, 6, 6 
8929, 6, 6 
33886, 6, 6 
10925, 6, 6 
5772, 6, 6 
9512, 6, 6 
52544, 6, 6 
16841, 6, 6 
9446, 6, 6 
7990, 6, 6 
53717, 6, 6 
34652, 6, 6 
14973, 6, 6 
28507, 6, 6 
32219, 6, 6 
15908, 6, 6 
51711, 6, 6 
28605, 6, 6 
44742, 6, 6 
59431, 6, 6 
58534, 6, 6 
3726, 6, 6 
19532, 6, 6 
58216, 6, 6 
17083, 6, 6 
58592, 6, 6 
51596, 6, 6 
3706, 6, 6 
49879, 6, 6 
50865, 6, 6 
41797, 6, 6 
52062, 6, 6 
53215, 6, 6 
34046, 6, 6 
8153, 6, 6 
25226, 6, 6 
48999, 6, 6 
40271, 6, 6 
32183, 6, 6 
19125, 6, 6 
28711, 6, 6 
45811, 7, 7 
2161, 7, 7 
30610, 7, 7 
36545, 7, 7 
25060, 7, 7 
15705, 7, 7 
2982, 7, 7 
39877, 7, 7 
50382, 7, 7 
45489, 7, 7 
23345, 7, 7 
44774, 7, 7 
43917, 7, 7 
18969, 7, 7 
20720, 7, 7 
5059, 7, 7 
16496, 7, 7 
39107, 7, 7 
52991, 7, 7 
18816, 7, 7 
11473, 7, 7 
49301, 7, 7 
12208, 7, 7 
22131, 7, 7 
34454, 7, 7 
4266, 7, 7 
48861, 7, 7 
53719, 7, 7 
45618, 7, 7 
30414, 7, 7 
21000, 7, 7 
45397, 7, 7 
26001, 7, 7 
18358, 7, 7 
23686, 7, 7 
53579, 7, 7 
6713, 7, 7 
51409, 7, 7 
29326, 7, 7 
40451, 7, 7 
37602, 7, 7 
2985, 7, 7 
31560, 7, 7 
1982, 7, 7 
12849, 7, 7 
44145, 7, 7 
28399, 7, 7 
39310, 7, 7 
26811, 7, 7 
37550, 7, 7 
11796, 8, 8 
26708, 8, 8 
32722, 8, 8 
32300, 8, 8 
57257, 8, 8 
1749, 8, 8 
23509, 8, 8 
51164, 8, 8 
36224, 8, 8 
19067, 8, 8 
54665, 8, 8 
25254, 8, 8 
36010, 8, 8 
28662, 8, 8 
46616, 8, 8 
30867, 8, 8 
8171, 8, 8 
17160, 8, 8 
27994, 8, 8 
28364, 8, 8 
25873, 8, 8 
16252, 8, 8 
47546, 8, 8 
4482, 8, 8 
57467, 8, 8 
35375, 8, 8 
20387, 8, 8 
58734, 8, 8 
28999, 8, 8 
32770, 8, 8 
16797, 8, 8 
55192, 8, 8 
265, 8, 8 
7142, 8, 8 
43647, 8, 8 
23408, 8, 8 
32218, 8, 8 
24000, 8, 8 
28887, 8, 8 
28663, 8, 8 
38452, 8, 8 
38351, 8, 8 
17194, 8, 8 
26022, 8, 8 
53235, 8, 8 
51341, 8, 8 
11942, 8, 8 
3581, 8, 8 
5029, 8, 8 
3407, 8, 8 
16388, 9, 9 
2331, 9, 9 
52367, 9, 9 
16006, 9, 9 
42315, 9, 9 
16039, 9, 9 
15387, 9, 9 
32064, 9, 9 
51200, 9, 9 
11246, 9, 9 
40670, 9, 9 
14844, 9, 9 
40174, 9, 9 
50029, 9, 9 
41042, 9, 9 
3193, 9, 9 
31107, 9, 9 
32904, 9, 9 
39694, 9, 9 
48257, 9, 9 
28445, 9, 9 
28676, 9, 9 
15832, 9, 9 
58338, 9, 9 
35325, 9, 9 
59939, 9, 9 
24468, 9, 9 
49801, 9, 9 
26254, 9, 9 
11947, 9, 9 
5457, 9, 9 
5165, 9, 9 
32311, 9, 9 
8393, 9, 9 
26060, 9, 9 
6734, 9, 9 
17570, 9, 9 
7069, 9, 9 
8127, 9, 9 
47048, 9, 9 
13456, 9, 9 
25933, 9, 9 
7198, 9, 9 
52553, 9, 9 
31132, 9, 9 
45603, 9, 9 
26822, 9, 9 
1748, 9, 9 
11366, 9, 7 
1161, 9, 9 
