id, true label, predicted label 
55986, 0, 0 
9966, 0, 0 
27859, 0, 0 
4539, 0, 0 
49354, 0, 0 
2081, 0, 0 
6917, 0, 0 
36484, 0, 0 
5019, 0, 0 
18222, 0, 0 
58916, 0, 0 
43932, 0, 0 
9742, 0, 0 
35740, 0, 0 
21521, 0, 0 
5464, 0, 0 
56715, 0, 0 
17534, 0, 0 
45695, 0, 0 
14202, 0, 0 
46746, 0, 0 
52629, 0, 0 
35659, 0, 0 
9435, 0, 0 
41447, 0, 0 
25567, 0, 0 
9505, 0, 0 
15160, 0, 0 
3603, 0, 0 
49949, 0, 0 
57384, 0, 0 
31112, 0, 0 
11129, 0, 0 
6704, 0, 0 
19990, 0, 0 
57525, 0, 0 
11969, 0, 0 
39233, 0, 0 
37099, 0, 0 
17648, 0, 0 
462, 0, 0 
42862, 0, 0 
13726, 0, 0 
6245, 0, 0 
38663, 0, 0 
25690, 0, 0 
11267, 0, 0 
20174, 0, 0 
55227, 0, 0 
43834, 0, 0 
9907, 1, 1 
34272, 1, 1 
41226, 1, 1 
48236, 1, 1 
49099, 1, 1 
11508, 1, 1 
14859, 1, 1 
13923, 1, 1 
47777, 1, 1 
33086, 1, 1 
17587, 1, 1 
3068, 1, 1 
24135, 1, 1 
45204, 1, 1 
7729, 1, 1 
6683, 1, 1 
34992, 1, 1 
17669, 1, 1 
47960, 1, 1 
54165, 1, 1 
24352, 1, 1 
12415, 1, 1 
58307, 1, 1 
28622, 1, 1 
22705, 1, 1 
16694, 1, 1 
16691, 1, 1 
6647, 1, 1 
40459, 1, 1 
11326, 1, 1 
11637, 1, 1 
53394, 1, 1 
33332, 1, 1 
34588, 1, 1 
35109, 1, 1 
36373, 1, 1 
23822, 1, 1 
16061, 1, 1 
35252, 1, 1 
53273, 1, 1 
47553, 1, 1 
51287, 1, 1 
33266, 1, 1 
35621, 1, 1 
41884, 1, 1 
57287, 1, 1 
4924, 1, 1 
20143, 1, 1 
14724, 1, 1 
8218, 1, 1 
5885, 2, 2 
19694, 2, 2 
24732, 2, 2 
48107, 2, 2 
3830, 2, 2 
52153, 2, 2 
39790, 2, 2 
18201, 2, 2 
50642, 2, 2 
38770, 2, 2 
31177, 2, 2 
51575, 2, 2 
7223, 2, 2 
36170, 2, 2 
39022, 2, 2 
1998, 2, 2 
5656, 2, 2 
20959, 2, 2 
24116, 2, 2 
43674, 2, 2 
36142, 2, 2 
40119, 2, 2 
12672, 2, 2 
28872, 2, 2 
25088, 2, 2 
10959, 2, 2 
19764, 2, 2 
36868, 2, 2 
30429, 2, 2 
213, 2, 2 
563, 2, 2 
56427, 2, 2 
58241, 2, 2 
35779, 2, 2 
8853, 2, 2 
10084, 2, 2 
2738, 2, 2 
35092, 2, 2 
50218, 2, 2 
13654, 2, 2 
49929, 2, 2 
15836, 2, 2 
9756, 2, 2 
49873, 2, 2 
47973, 2, 2 
16683, 2, 2 
28998, 2, 2 
9964, 2, 2 
11251, 2, 2 
32485, 2, 2 
54343, 3, 3 
6651, 3, 3 
47749, 3, 3 
32484, 3, 3 
18742, 3, 3 
52240, 3, 3 
33840, 3, 3 
56297, 3, 3 
5354, 3, 3 
8200, 3, 3 
48662, 3, 3 
52891, 3, 3 
24783, 3, 3 
3108, 3, 3 
24284, 3, 3 
47746, 3, 3 
14533, 3, 3 
49324, 3, 3 
27755, 3, 3 
12677, 3, 3 
25922, 3, 3 
42043, 3, 3 
55743, 3, 3 
16492, 3, 3 
33845, 3, 3 
50658, 3, 3 
12720, 3, 3 
55383, 3, 3 
17901, 3, 3 
27078, 3, 3 
30040, 3, 3 
22943, 3, 3 
14107, 3, 3 
16502, 3, 3 
51217, 3, 3 
30, 3, 3 
35969, 3, 3 
10450, 3, 3 
13745, 3, 3 
48932, 3, 3 
38565, 3, 3 
3466, 3, 3 
48321, 3, 3 
59978, 3, 3 
33331, 3, 3 
4236, 3, 3 
22733, 3, 3 
31450, 3, 3 
17582, 3, 3 
1566, 3, 3 
3624, 4, 4 
53421, 4, 4 
39674, 4, 4 
29429, 4, 4 
40187, 4, 4 
27055, 4, 4 
28610, 4, 4 
13539, 4, 4 
7426, 4, 4 
4549, 4, 4 
43781, 4, 4 
36092, 4, 4 
3611, 4, 4 
23801, 4, 4 
43481, 4, 4 
23175, 4, 4 
45827, 4, 4 
44685, 4, 4 
1258, 4, 4 
17231, 4, 4 
52949, 4, 4 
20741, 4, 4 
1545, 4, 4 
51604, 4, 4 
48047, 4, 4 
13870, 4, 4 
49078, 4, 4 
20011, 4, 4 
59629, 4, 4 
24169, 4, 4 
4890, 4, 4 
40354, 4, 4 
28311, 4, 4 
7965, 4, 4 
17325, 4, 4 
21263, 4, 4 
22584, 4, 4 
35904, 4, 4 
11783, 4, 4 
15821, 4, 4 
40602, 4, 4 
12577, 4, 4 
20251, 4, 4 
6424, 4, 4 
42464, 4, 4 
20294, 4, 4 
44466, 4, 4 
43756, 4, 4 
57382, 4, 4 
23474, 4, 4 
43568, 5, 5 
49794, 5, 5 
9539, 5, 5 
8938, 5, 5 
9124, 5, 5 
32233, 5, 5 
5028, 5, 5 
19301, 5, 5 
33352, 5, 5 
21707, 5, 5 
38038, 5, 5 
53507, 5, 5 
16426, 5, 5 
42917, 5, 5 
44235, 5, 5 
19430, 5, 5 
3752, 5, 5 
26286, 5, 5 
35406, 5, 5 
22647, 5, 5 
8744, 5, 5 
5591, 5, 5 
9814, 5, 5 
44845, 5, 5 
56928, 5, 5 
34674, 5, 5 
138, 5, 5 
39253, 5, 5 
31344, 5, 5 
46381, 5, 5 
2739, 5, 5 
54366, 5, 5 
53408, 5, 5 
2000, 5, 5 
32090, 5, 5 
35784, 5, 5 
26862, 5, 5 
14639, 5, 5 
12487, 5, 5 
59180, 5, 5 
41127, 5, 5 
46152, 5, 5 
45491, 5, 5 
33216, 5, 5 
12269, 5, 5 
48800, 5, 5 
12701, 5, 5 
44147, 5, 5 
34581, 5, 5 
14659, 5, 5 
15714, 6, 6 
8942, 6, 6 
30063, 6, 6 
57954, 6, 6 
40771, 6, 6 
58536, 6, 6 
49449, 6, 6 
18096, 6, 6 
5593, 6, 6 
52365, 6, 6 
24016, 6, 6 
58216, 6, 6 
48958, 6, 6 
46715, 6, 6 
49353, 6, 6 
12509, 6, 6 
672, 6, 6 
51872, 6, 6 
26227, 6, 6 
5772, 6, 6 
45750, 6, 6 
50880, 6, 6 
43061, 6, 6 
43857, 6, 6 
21347, 6, 6 
30597, 6, 6 
20927, 6, 6 
944, 6, 6 
41410, 6, 6 
13494, 6, 6 
11277, 6, 6 
29647, 6, 6 
25992, 6, 6 
31204, 6, 6 
59673, 6, 6 
26697, 6, 6 
58534, 6, 6 
40754, 6, 6 
43955, 6, 6 
28039, 6, 6 
3445, 6, 6 
14805, 6, 6 
36285, 6, 6 
19848, 6, 6 
28883, 6, 6 
38659, 6, 6 
25944, 6, 6 
29331, 6, 6 
2126, 6, 6 
47840, 6, 6 
21641, 7, 7 
11059, 7, 7 
15305, 7, 7 
10324, 7, 7 
57949, 7, 7 
35474, 7, 7 
23068, 7, 7 
58188, 7, 7 
27983, 7, 7 
36531, 7, 7 
1057, 7, 7 
53097, 7, 7 
54632, 7, 7 
41113, 7, 7 
42418, 7, 7 
954, 7, 7 
49698, 7, 7 
12941, 7, 7 
58683, 7, 7 
39275, 7, 7 
29212, 7, 7 
28071, 7, 7 
33957, 7, 7 
15597, 7, 7 
54940, 7, 7 
28443, 7, 7 
10864, 7, 7 
1636, 7, 7 
24315, 7, 7 
44409, 7, 7 
14605, 7, 7 
11660, 7, 7 
36365, 7, 7 
45187, 7, 7 
34267, 7, 7 
26642, 7, 9 
34837, 7, 7 
46875, 7, 7 
5146, 7, 7 
37900, 7, 7 
43926, 7, 7 
31861, 7, 7 
40193, 7, 7 
1300, 7, 7 
31715, 7, 7 
46053, 7, 7 
1342, 7, 7 
6054, 7, 7 
20605, 7, 7 
52666, 7, 7 
14438, 8, 8 
55392, 8, 8 
19932, 8, 8 
12988, 8, 8 
20819, 8, 8 
8701, 8, 8 
30523, 8, 8 
26090, 8, 8 
4481, 8, 8 
14173, 8, 8 
21705, 8, 8 
49525, 8, 8 
418, 8, 8 
32261, 8, 8 
8109, 8, 8 
41203, 8, 8 
59844, 8, 8 
26805, 8, 8 
6072, 8, 8 
22123, 8, 8 
25081, 8, 8 
21421, 8, 8 
21663, 8, 8 
56889, 8, 8 
36121, 8, 8 
20507, 8, 8 
59544, 8, 8 
47154, 8, 8 
9241, 8, 8 
50077, 8, 8 
11160, 8, 8 
43788, 8, 8 
48737, 8, 8 
38858, 8, 8 
37483, 8, 8 
56126, 8, 8 
45684, 8, 8 
59711, 8, 8 
55026, 8, 8 
52067, 8, 8 
28364, 8, 8 
18466, 8, 8 
38452, 8, 8 
51014, 8, 8 
44968, 8, 8 
14690, 8, 8 
45379, 8, 8 
46237, 8, 8 
11161, 8, 8 
59277, 8, 8 
52232, 9, 9 
51930, 9, 9 
33021, 9, 9 
40297, 9, 9 
38312, 9, 9 
29328, 9, 9 
26845, 9, 9 
56292, 9, 9 
57428, 9, 9 
20341, 9, 9 
5523, 9, 9 
2137, 9, 9 
37538, 9, 9 
13763, 9, 9 
32491, 9, 9 
7430, 9, 9 
11199, 9, 9 
12442, 9, 9 
58616, 9, 9 
28383, 9, 9 
40855, 9, 9 
8318, 9, 9 
55600, 9, 9 
4544, 9, 9 
21686, 9, 9 
55092, 9, 9 
14182, 9, 9 
18024, 9, 9 
28183, 9, 9 
50186, 9, 9 
58187, 9, 9 
23278, 9, 9 
26215, 9, 9 
37321, 9, 9 
49272, 9, 9 
18828, 9, 9 
19729, 9, 9 
36991, 9, 9 
26997, 9, 9 
1751, 9, 9 
47227, 9, 9 
45694, 9, 9 
14790, 9, 9 
34063, 9, 9 
56480, 9, 9 
12910, 9, 9 
14358, 9, 9 
13616, 9, 9 
49549, 9, 9 
43253, 9, 9 
