id, true label, predicted label 
32966, 0, 0 
40075, 0, 0 
19738, 0, 0 
49939, 0, 0 
40312, 0, 0 
46661, 0, 0 
55582, 0, 0 
53994, 0, 0 
9197, 0, 0 
5730, 0, 0 
10849, 0, 0 
36749, 0, 0 
19818, 0, 0 
42224, 0, 0 
45058, 0, 0 
52655, 0, 0 
24189, 0, 0 
37323, 0, 0 
23753, 0, 0 
37287, 0, 0 
39897, 0, 0 
8343, 0, 0 
42612, 0, 0 
17349, 0, 0 
50463, 0, 0 
33330, 0, 0 
23495, 0, 0 
9296, 0, 0 
13872, 0, 0 
2526, 0, 0 
18159, 0, 0 
52941, 0, 0 
24627, 0, 0 
36467, 0, 0 
55253, 0, 0 
51057, 0, 0 
16285, 0, 0 
21721, 0, 0 
57395, 0, 0 
9441, 0, 0 
17335, 0, 0 
36797, 0, 0 
18263, 0, 0 
59940, 0, 0 
50357, 0, 0 
22987, 0, 0 
1999, 0, 0 
51680, 0, 0 
43092, 0, 0 
35525, 0, 0 
10085, 1, 1 
33654, 1, 1 
45366, 1, 1 
50685, 1, 1 
43025, 1, 1 
46372, 1, 1 
41971, 1, 1 
35487, 1, 1 
27410, 1, 1 
345, 1, 1 
43500, 1, 1 
57473, 1, 1 
45002, 1, 1 
1287, 1, 1 
32306, 1, 1 
14503, 1, 1 
1252, 1, 1 
40069, 1, 1 
53004, 1, 1 
52984, 1, 1 
59247, 1, 1 
21031, 1, 1 
22628, 1, 1 
34759, 1, 1 
11630, 1, 1 
5484, 1, 1 
21409, 1, 1 
24624, 1, 1 
27629, 1, 1 
58387, 1, 1 
52492, 1, 1 
41210, 1, 1 
36356, 1, 1 
25864, 1, 1 
21702, 1, 1 
49397, 1, 1 
2462, 1, 1 
39986, 1, 1 
36239, 1, 1 
698, 1, 1 
55127, 1, 1 
52395, 1, 1 
4300, 1, 1 
43336, 1, 1 
32365, 1, 1 
7406, 1, 1 
7671, 1, 1 
40921, 1, 1 
51287, 1, 1 
53058, 1, 1 
12370, 2, 2 
35035, 2, 2 
32317, 2, 2 
52316, 2, 2 
8102, 2, 2 
3741, 2, 2 
58563, 2, 2 
57475, 2, 2 
2792, 2, 2 
24618, 2, 2 
36374, 2, 2 
684, 2, 2 
18323, 2, 2 
9625, 2, 2 
28369, 2, 2 
22900, 2, 2 
9569, 2, 2 
31150, 2, 2 
34532, 2, 2 
2840, 2, 2 
43988, 2, 2 
2838, 2, 2 
3748, 2, 2 
2205, 2, 2 
33297, 2, 2 
37904, 2, 2 
10699, 2, 2 
619, 2, 2 
57205, 2, 2 
9471, 2, 2 
34250, 2, 2 
43430, 2, 2 
34181, 2, 2 
48699, 2, 2 
48356, 2, 2 
44347, 2, 2 
47787, 2, 2 
8886, 2, 2 
16697, 2, 2 
45341, 2, 2 
47839, 2, 2 
52208, 2, 2 
53637, 2, 2 
8921, 2, 2 
54457, 2, 2 
8831, 2, 2 
17071, 2, 2 
44377, 2, 2 
57936, 2, 2 
591, 2, 2 
13824, 3, 3 
3835, 3, 3 
43393, 3, 3 
52785, 3, 3 
11221, 3, 3 
24066, 3, 3 
26270, 3, 3 
3150, 3, 3 
4136, 3, 3 
42505, 3, 3 
43298, 3, 3 
3233, 3, 3 
7721, 3, 3 
37042, 3, 3 
58966, 3, 3 
20737, 3, 3 
25007, 3, 3 
9386, 3, 3 
21381, 3, 3 
29642, 3, 3 
42203, 3, 3 
38410, 3, 3 
49207, 3, 3 
57897, 3, 3 
8360, 3, 3 
31925, 3, 3 
25708, 3, 3 
24763, 3, 3 
8018, 3, 3 
32964, 3, 3 
34642, 3, 3 
298, 3, 3 
58924, 3, 3 
57625, 3, 3 
54930, 3, 3 
22155, 3, 3 
36154, 3, 3 
4755, 3, 3 
29061, 3, 3 
38735, 3, 3 
22943, 3, 3 
55962, 3, 3 
19575, 3, 3 
49913, 3, 3 
47510, 3, 3 
17208, 3, 3 
42355, 3, 3 
32940, 3, 3 
52164, 3, 3 
14286, 3, 3 
59407, 4, 4 
1546, 4, 4 
47541, 4, 4 
9391, 4, 4 
41925, 4, 4 
3739, 4, 4 
40164, 4, 4 
20665, 4, 4 
8508, 4, 4 
51689, 4, 4 
2289, 4, 4 
45860, 4, 4 
59312, 4, 4 
56247, 4, 4 
36897, 4, 4 
10952, 4, 4 
26858, 4, 4 
2034, 4, 4 
10594, 4, 4 
15294, 4, 4 
17976, 4, 4 
29683, 4, 4 
42333, 4, 4 
47680, 4, 4 
22630, 4, 4 
289, 4, 4 
57114, 4, 4 
6484, 4, 4 
7327, 4, 4 
31036, 4, 4 
45231, 4, 4 
34221, 4, 4 
47397, 4, 4 
37392, 4, 4 
17250, 4, 4 
51199, 4, 4 
56886, 4, 4 
7343, 4, 4 
25894, 4, 4 
18081, 4, 4 
36759, 4, 4 
54563, 4, 4 
14036, 4, 4 
25925, 4, 4 
52346, 4, 4 
15683, 4, 4 
46503, 4, 4 
43022, 4, 4 
53130, 4, 4 
48635, 4, 4 
53507, 5, 5 
27337, 5, 5 
51762, 5, 5 
16164, 5, 5 
21275, 5, 5 
13533, 5, 5 
26413, 5, 5 
21489, 5, 5 
19741, 5, 5 
50430, 5, 5 
5984, 5, 5 
52491, 5, 5 
33622, 5, 5 
9160, 5, 5 
25384, 5, 5 
3378, 5, 5 
40704, 5, 5 
49402, 5, 5 
47098, 5, 5 
15126, 5, 5 
28777, 5, 5 
1311, 5, 5 
58870, 5, 5 
42554, 5, 5 
53973, 5, 5 
14828, 5, 5 
37592, 5, 5 
6169, 5, 5 
22275, 5, 5 
14074, 5, 5 
26407, 5, 5 
51416, 5, 5 
2739, 5, 5 
38234, 5, 5 
45991, 5, 5 
12548, 5, 5 
49094, 5, 5 
27627, 5, 5 
6264, 5, 5 
28534, 5, 5 
24317, 5, 5 
11802, 5, 5 
36126, 5, 5 
45334, 5, 5 
2258, 5, 5 
31615, 5, 5 
38675, 5, 5 
48237, 5, 5 
59406, 5, 5 
22907, 5, 5 
39385, 6, 6 
12433, 6, 6 
1506, 6, 6 
28975, 6, 6 
24363, 6, 6 
7544, 6, 6 
25219, 6, 6 
30518, 6, 6 
2212, 6, 6 
37315, 6, 6 
15303, 6, 6 
50027, 6, 6 
33929, 6, 6 
22615, 6, 6 
52100, 6, 6 
32833, 6, 6 
48433, 6, 6 
41400, 6, 6 
34621, 6, 6 
16425, 6, 6 
59171, 6, 6 
2480, 6, 6 
41654, 6, 6 
311, 6, 6 
28943, 6, 6 
2005, 6, 6 
24851, 6, 6 
53220, 6, 6 
30249, 6, 6 
32791, 6, 6 
32320, 6, 6 
50938, 6, 6 
7661, 6, 6 
49449, 6, 6 
31931, 6, 6 
20940, 6, 6 
53652, 6, 6 
26792, 6, 6 
42685, 6, 6 
36724, 6, 6 
7957, 6, 6 
9863, 6, 6 
57490, 6, 6 
24905, 6, 6 
22904, 6, 6 
11849, 6, 6 
55066, 6, 6 
55725, 6, 6 
45733, 6, 6 
55616, 6, 6 
31391, 7, 7 
39257, 7, 7 
46249, 7, 7 
23969, 7, 7 
20162, 7, 7 
30912, 7, 7 
27168, 7, 7 
53418, 7, 7 
37770, 7, 7 
5427, 7, 7 
38921, 7, 7 
10077, 7, 7 
14750, 7, 7 
11594, 7, 7 
15859, 7, 7 
6902, 7, 7 
48343, 7, 7 
5264, 7, 7 
17359, 7, 7 
40681, 7, 7 
53023, 7, 7 
36916, 7, 7 
56832, 7, 7 
50868, 7, 7 
17117, 7, 7 
23442, 7, 7 
22037, 7, 7 
15081, 7, 7 
25133, 7, 7 
49119, 7, 7 
30670, 7, 7 
47600, 7, 9 
52752, 7, 7 
31485, 7, 7 
34633, 7, 7 
48228, 7, 7 
38688, 7, 7 
45257, 7, 7 
59925, 7, 7 
11898, 7, 7 
10296, 7, 7 
8991, 7, 7 
24315, 7, 7 
34047, 7, 7 
37348, 7, 7 
14961, 7, 7 
51586, 7, 7 
39289, 7, 7 
6361, 7, 7 
31796, 7, 7 
26947, 8, 5 
5116, 8, 8 
16611, 8, 8 
56296, 8, 8 
45493, 8, 8 
40646, 8, 8 
15501, 8, 8 
47577, 8, 8 
25527, 8, 8 
5394, 8, 8 
54198, 8, 8 
35841, 8, 8 
47298, 8, 8 
2444, 8, 8 
32105, 8, 8 
17160, 8, 8 
51207, 8, 8 
42595, 8, 8 
55979, 8, 8 
22591, 8, 8 
42990, 8, 8 
13354, 8, 8 
10151, 8, 8 
3163, 8, 8 
57210, 8, 8 
48658, 8, 8 
35088, 8, 8 
4215, 8, 8 
33152, 8, 8 
10561, 8, 8 
46338, 8, 8 
16552, 8, 8 
50013, 8, 8 
13951, 8, 8 
42003, 8, 8 
51576, 8, 8 
24657, 8, 8 
36672, 8, 8 
26580, 8, 8 
17602, 8, 8 
15963, 8, 8 
52171, 8, 5 
7453, 8, 8 
39264, 8, 8 
44748, 8, 8 
18310, 8, 8 
45109, 8, 8 
58933, 8, 8 
47093, 8, 8 
24046, 8, 8 
50128, 9, 9 
54850, 9, 9 
19310, 9, 9 
24596, 9, 9 
53349, 9, 9 
25801, 9, 9 
54538, 9, 9 
8847, 9, 9 
51982, 9, 9 
21510, 9, 9 
13572, 9, 9 
27277, 9, 9 
18859, 9, 9 
23062, 9, 9 
46030, 9, 9 
44361, 9, 9 
21445, 9, 9 
53435, 9, 9 
45062, 9, 9 
1441, 9, 9 
22332, 9, 9 
2364, 9, 9 
744, 9, 9 
51843, 9, 9 
812, 9, 9 
6535, 9, 9 
21869, 9, 9 
25404, 9, 9 
17186, 9, 9 
12669, 9, 9 
14984, 9, 9 
550, 9, 9 
4345, 9, 9 
16342, 9, 9 
56257, 9, 9 
21646, 9, 9 
13063, 9, 9 
14037, 9, 9 
6821, 9, 9 
19832, 9, 9 
20700, 9, 9 
22719, 9, 9 
167, 9, 9 
29536, 9, 9 
9683, 9, 9 
46161, 9, 9 
30204, 9, 9 
10184, 9, 9 
30776, 9, 9 
12425, 9, 9 
