id, true label, predicted label 
51638, 0, 0 
40649, 0, 0 
17214, 0, 0 
59272, 0, 0 
46603, 0, 0 
1532, 0, 0 
56775, 0, 0 
1029, 0, 0 
48187, 0, 0 
53407, 0, 0 
2192, 0, 0 
25694, 0, 0 
18936, 0, 0 
56940, 0, 0 
7451, 0, 0 
1093, 0, 0 
46125, 0, 0 
40989, 0, 0 
2310, 0, 0 
2195, 0, 0 
8335, 0, 0 
32526, 0, 0 
22981, 0, 0 
23586, 0, 0 
8982, 0, 0 
18921, 0, 0 
25092, 0, 0 
14729, 0, 0 
59418, 0, 0 
20010, 0, 0 
15955, 0, 0 
42658, 0, 0 
30668, 0, 0 
26686, 0, 0 
14481, 0, 0 
5187, 0, 0 
2257, 0, 0 
5469, 0, 0 
3937, 0, 0 
34045, 0, 0 
31195, 0, 0 
34619, 0, 0 
4415, 0, 0 
25952, 0, 0 
35282, 0, 0 
54853, 0, 0 
19038, 0, 0 
20533, 0, 0 
22857, 0, 0 
872, 0, 0 
36442, 1, 1 
48441, 1, 1 
28035, 1, 1 
33310, 1, 1 
16545, 1, 1 
16887, 1, 1 
4003, 1, 1 
55671, 1, 1 
7421, 1, 1 
15095, 1, 1 
12371, 1, 1 
57969, 1, 1 
29320, 1, 1 
14561, 1, 1 
32986, 1, 1 
14001, 1, 1 
30158, 1, 1 
33176, 1, 1 
38516, 1, 1 
15929, 1, 1 
11069, 1, 1 
45182, 1, 1 
11412, 1, 1 
47734, 1, 1 
4390, 1, 1 
17964, 1, 1 
39169, 1, 1 
1699, 1, 1 
57998, 1, 1 
9895, 1, 1 
6859, 1, 1 
31332, 1, 1 
7838, 1, 1 
14685, 1, 1 
18853, 1, 1 
19776, 1, 1 
50016, 1, 1 
44786, 1, 1 
14133, 1, 1 
53304, 1, 1 
12578, 1, 1 
24800, 1, 1 
9643, 1, 1 
3602, 1, 1 
14252, 1, 1 
57473, 1, 1 
47501, 1, 1 
13398, 1, 1 
57322, 1, 1 
41011, 1, 1 
19097, 2, 2 
32202, 2, 2 
21652, 2, 2 
18356, 2, 2 
30860, 2, 2 
25221, 2, 2 
21073, 2, 2 
55950, 2, 2 
34134, 2, 2 
25718, 2, 2 
53239, 2, 2 
1561, 2, 2 
57496, 2, 2 
50295, 2, 2 
52068, 2, 2 
2908, 2, 2 
9721, 2, 2 
10825, 2, 2 
57626, 2, 2 
1679, 2, 2 
54240, 2, 2 
7695, 2, 2 
30997, 2, 2 
22554, 2, 2 
3980, 2, 2 
59579, 2, 2 
54169, 2, 2 
2738, 2, 2 
27229, 2, 2 
13925, 2, 2 
16654, 2, 2 
7986, 2, 2 
1550, 2, 2 
29312, 2, 2 
39097, 2, 2 
35456, 2, 2 
14132, 2, 2 
29667, 2, 2 
30211, 2, 2 
26899, 2, 2 
55662, 2, 2 
5227, 2, 2 
51238, 2, 2 
33290, 2, 2 
20424, 2, 2 
42596, 2, 2 
37974, 2, 2 
49381, 2, 2 
25507, 2, 2 
40988, 2, 2 
54829, 3, 3 
12344, 3, 3 
19878, 3, 3 
12661, 3, 3 
39904, 3, 3 
581, 3, 3 
8729, 3, 3 
19092, 3, 3 
20023, 3, 3 
32071, 3, 3 
25924, 3, 3 
59262, 3, 3 
58541, 3, 3 
42445, 3, 3 
29528, 3, 3 
58855, 3, 3 
16587, 3, 3 
10493, 3, 3 
50545, 3, 3 
50672, 3, 3 
46228, 3, 3 
54248, 3, 3 
38955, 3, 3 
47876, 3, 3 
9141, 3, 3 
37293, 3, 3 
7521, 3, 3 
59195, 3, 3 
21505, 3, 3 
41283, 3, 3 
38495, 3, 3 
30662, 3, 3 
15850, 3, 3 
17330, 3, 3 
37443, 3, 3 
3812, 3, 3 
2029, 3, 3 
38627, 3, 3 
58602, 3, 3 
22643, 3, 3 
42082, 3, 3 
21150, 3, 3 
12392, 3, 3 
6500, 3, 3 
15292, 3, 3 
11301, 3, 3 
31559, 3, 3 
18679, 3, 3 
49654, 3, 3 
22474, 3, 3 
39365, 4, 4 
43812, 4, 4 
27335, 4, 4 
30886, 4, 4 
48235, 4, 4 
12820, 4, 4 
481, 4, 4 
18487, 4, 4 
23411, 4, 4 
18787, 4, 4 
12817, 4, 4 
26869, 4, 4 
44224, 4, 4 
58994, 4, 4 
40846, 4, 4 
33853, 4, 4 
20211, 4, 4 
52417, 4, 4 
16738, 4, 4 
4097, 4, 4 
54149, 4, 4 
29566, 4, 4 
53426, 4, 4 
22547, 4, 4 
46925, 4, 4 
57857, 4, 4 
58843, 4, 4 
4035, 4, 4 
25197, 4, 4 
53990, 4, 4 
43112, 4, 4 
42653, 4, 4 
746, 4, 4 
39680, 4, 4 
194, 4, 4 
49211, 4, 4 
22480, 4, 4 
48785, 4, 4 
14424, 4, 4 
31052, 4, 4 
36419, 4, 4 
11131, 4, 4 
19044, 4, 4 
18823, 4, 4 
41444, 4, 4 
16652, 4, 4 
58023, 4, 4 
25419, 4, 4 
22766, 4, 4 
6794, 4, 4 
39280, 5, 5 
29870, 5, 5 
26615, 5, 5 
16499, 5, 5 
59590, 5, 5 
6513, 5, 5 
21739, 5, 5 
55460, 5, 5 
56310, 5, 5 
49202, 5, 5 
53690, 5, 5 
25330, 5, 5 
57789, 5, 5 
2131, 5, 5 
29473, 5, 5 
8126, 5, 5 
22156, 5, 5 
50430, 5, 5 
21563, 5, 5 
36091, 5, 5 
40434, 5, 5 
36217, 5, 5 
8623, 5, 5 
2405, 5, 5 
2620, 5, 5 
27353, 5, 5 
52003, 5, 5 
57610, 5, 5 
41815, 5, 5 
28579, 5, 5 
11609, 5, 5 
7302, 5, 5 
12684, 5, 5 
22556, 5, 5 
28949, 5, 5 
22030, 5, 5 
23007, 5, 5 
27263, 5, 5 
29343, 5, 5 
22382, 5, 5 
32023, 5, 5 
5856, 5, 5 
9336, 5, 5 
36559, 5, 5 
53568, 5, 5 
1062, 5, 5 
51097, 5, 5 
19374, 5, 5 
7670, 5, 5 
55875, 5, 5 
52897, 6, 6 
35750, 6, 6 
55627, 6, 6 
26321, 6, 6 
54183, 6, 6 
42080, 6, 6 
12090, 6, 6 
50880, 6, 6 
33379, 6, 6 
26252, 6, 6 
56373, 6, 6 
23358, 6, 6 
51528, 6, 6 
21485, 6, 6 
53277, 6, 6 
52946, 6, 6 
21239, 6, 6 
54113, 6, 6 
44755, 6, 6 
51386, 6, 6 
19228, 6, 6 
32006, 6, 6 
19276, 6, 6 
42072, 6, 6 
31268, 6, 6 
6486, 6, 6 
55367, 6, 6 
45425, 6, 6 
23363, 6, 6 
56727, 6, 6 
4612, 6, 6 
22107, 6, 6 
35140, 6, 6 
22178, 6, 6 
6281, 6, 6 
52765, 6, 6 
28150, 6, 6 
11610, 6, 6 
42689, 6, 6 
10654, 6, 6 
14129, 6, 6 
13858, 6, 6 
41577, 6, 6 
30106, 6, 6 
42370, 6, 6 
44168, 6, 6 
52516, 6, 6 
53179, 6, 6 
42730, 6, 6 
16796, 6, 6 
58681, 7, 7 
15243, 7, 7 
53589, 7, 7 
43341, 7, 7 
10295, 7, 7 
12772, 7, 7 
35451, 7, 7 
56841, 7, 7 
23603, 7, 7 
23149, 7, 7 
55171, 7, 7 
26579, 7, 7 
39835, 7, 7 
9499, 7, 7 
45257, 7, 7 
44927, 7, 7 
27723, 7, 7 
26232, 7, 7 
52644, 7, 7 
26441, 7, 7 
30190, 7, 7 
47666, 7, 7 
15932, 7, 7 
17795, 7, 7 
23965, 7, 7 
4421, 7, 7 
55699, 7, 7 
50064, 7, 7 
5472, 7, 7 
34229, 7, 7 
49119, 7, 7 
17380, 7, 7 
57071, 7, 7 
4946, 7, 7 
53624, 7, 7 
22497, 7, 7 
21412, 7, 7 
25642, 7, 7 
26162, 7, 7 
13024, 7, 7 
3426, 7, 7 
31558, 7, 7 
27542, 7, 7 
10309, 7, 7 
41309, 7, 7 
51236, 7, 7 
703, 7, 7 
17897, 7, 7 
9263, 7, 7 
9908, 7, 7 
13477, 8, 8 
25276, 8, 8 
50170, 8, 8 
36179, 8, 8 
12288, 8, 8 
48559, 8, 8 
2194, 8, 8 
33664, 8, 8 
16659, 8, 8 
23253, 8, 8 
36959, 8, 8 
57070, 8, 8 
40245, 8, 8 
32742, 8, 8 
8067, 8, 8 
20315, 8, 8 
3476, 8, 8 
32722, 8, 8 
3825, 8, 8 
47053, 8, 8 
40758, 8, 8 
26935, 8, 8 
31673, 8, 8 
47463, 8, 8 
7034, 8, 8 
33386, 8, 8 
19177, 8, 8 
38351, 8, 8 
47896, 8, 8 
3931, 8, 8 
6512, 8, 8 
58734, 8, 8 
4727, 8, 8 
30843, 8, 8 
28712, 8, 8 
25984, 8, 8 
5743, 8, 8 
7636, 8, 8 
39994, 8, 8 
36489, 8, 8 
8584, 8, 8 
42147, 8, 8 
1267, 8, 8 
51487, 8, 8 
7051, 8, 8 
18580, 8, 8 
24654, 8, 8 
26471, 8, 8 
52775, 8, 8 
34322, 8, 8 
23366, 9, 9 
51281, 9, 9 
9308, 9, 9 
32366, 9, 9 
17296, 9, 9 
42356, 9, 9 
58979, 9, 9 
24082, 9, 9 
5829, 9, 9 
8308, 9, 9 
21213, 9, 9 
22597, 9, 9 
48304, 9, 9 
6969, 9, 9 
3506, 9, 9 
44340, 9, 9 
52929, 9, 9 
34591, 9, 9 
39351, 9, 9 
37333, 9, 9 
6589, 9, 9 
14217, 9, 9 
48524, 9, 9 
40174, 9, 9 
59191, 9, 9 
46578, 9, 9 
32963, 9, 9 
59857, 9, 9 
48171, 9, 9 
43903, 9, 9 
37009, 9, 9 
1555, 9, 9 
25837, 9, 9 
10055, 9, 9 
27698, 9, 9 
3594, 9, 9 
52018, 9, 9 
43034, 9, 9 
58243, 9, 9 
2199, 9, 9 
16621, 9, 9 
26558, 9, 9 
59973, 9, 9 
3852, 9, 9 
36024, 9, 9 
16778, 9, 9 
7087, 9, 9 
12570, 9, 9 
31130, 9, 9 
51521, 9, 9 
