id, true label, predicted label 
17881, 0, 0 
37377, 0, 0 
1152, 0, 0 
41557, 0, 0 
14356, 0, 0 
38949, 0, 0 
47599, 0, 0 
10326, 0, 0 
56635, 0, 0 
14722, 0, 0 
16761, 0, 0 
20608, 0, 0 
13335, 0, 0 
15883, 0, 0 
16518, 0, 0 
9038, 0, 0 
55130, 0, 0 
58861, 0, 0 
27153, 0, 0 
25214, 0, 0 
14334, 0, 0 
33823, 0, 0 
53101, 0, 0 
23136, 0, 0 
26219, 0, 0 
52728, 0, 0 
59099, 0, 0 
293, 0, 0 
12799, 0, 0 
23616, 0, 0 
27089, 0, 0 
28565, 0, 0 
12004, 0, 0 
58768, 0, 0 
37335, 0, 0 
23579, 0, 0 
14276, 0, 0 
49596, 0, 0 
6103, 0, 0 
40162, 0, 0 
5266, 0, 0 
57575, 0, 0 
46446, 0, 0 
56969, 0, 0 
22829, 0, 0 
29283, 0, 0 
25576, 0, 0 
54102, 0, 0 
39494, 0, 0 
39570, 0, 0 
9570, 1, 1 
7921, 1, 1 
43829, 1, 1 
2719, 1, 1 
21446, 1, 1 
19282, 1, 1 
32863, 1, 1 
34215, 1, 1 
59044, 1, 1 
58203, 1, 1 
11395, 1, 1 
56584, 1, 1 
56046, 1, 1 
38847, 1, 1 
25864, 1, 1 
14980, 1, 1 
32446, 1, 1 
3831, 1, 1 
833, 1, 1 
37061, 1, 1 
41247, 1, 1 
3068, 1, 1 
13297, 1, 1 
27639, 1, 1 
2307, 1, 1 
33965, 1, 1 
5128, 1, 1 
38482, 1, 1 
31647, 1, 1 
59616, 1, 1 
22642, 1, 1 
32705, 1, 1 
38677, 1, 1 
23852, 1, 1 
46012, 1, 1 
54708, 1, 1 
39937, 1, 1 
1676, 1, 1 
21054, 1, 1 
19273, 1, 1 
34632, 1, 1 
32660, 1, 1 
56633, 1, 1 
13855, 1, 1 
50120, 1, 1 
37624, 1, 1 
5174, 1, 1 
15903, 1, 1 
47830, 1, 1 
53531, 1, 1 
32611, 2, 2 
23001, 2, 2 
52242, 2, 2 
42562, 2, 2 
20783, 2, 2 
52370, 2, 2 
34078, 2, 2 
13820, 2, 2 
45838, 2, 2 
38221, 2, 2 
52757, 2, 2 
11711, 2, 2 
40289, 2, 2 
35599, 2, 2 
27215, 2, 2 
47230, 2, 2 
27600, 2, 2 
58601, 2, 2 
31216, 2, 2 
12238, 2, 2 
57790, 2, 2 
52207, 2, 2 
32751, 2, 2 
28370, 2, 2 
22751, 2, 2 
16989, 2, 2 
19876, 2, 2 
17115, 2, 2 
40598, 2, 2 
26635, 2, 2 
16813, 2, 2 
1510, 2, 2 
54682, 2, 2 
50953, 2, 2 
13722, 2, 2 
41197, 2, 2 
40929, 2, 2 
45350, 2, 2 
7986, 2, 2 
45362, 2, 2 
28404, 2, 2 
50826, 2, 2 
21504, 2, 2 
31634, 2, 2 
190, 2, 2 
39899, 2, 2 
33695, 2, 2 
26782, 2, 2 
54095, 2, 2 
36170, 2, 2 
30375, 3, 3 
36855, 3, 3 
5354, 3, 3 
4719, 3, 3 
31153, 3, 3 
56434, 3, 3 
3150, 3, 3 
9664, 3, 3 
16927, 3, 3 
56820, 3, 3 
4570, 3, 3 
15497, 3, 3 
23649, 3, 3 
51768, 3, 3 
27670, 3, 3 
33763, 3, 3 
34587, 3, 3 
9443, 3, 3 
22625, 3, 3 
51991, 3, 3 
55688, 3, 3 
11755, 3, 3 
35615, 3, 3 
53838, 3, 3 
4792, 3, 3 
752, 3, 3 
41740, 3, 3 
11232, 3, 3 
11910, 3, 3 
34127, 3, 3 
54867, 3, 3 
5812, 3, 3 
56624, 3, 3 
43889, 3, 3 
16774, 3, 3 
43677, 3, 3 
26478, 3, 3 
4850, 3, 3 
3707, 3, 3 
46221, 3, 3 
5173, 3, 3 
31791, 3, 3 
12826, 3, 3 
12998, 3, 3 
10369, 3, 3 
12981, 3, 3 
26403, 3, 3 
7521, 3, 3 
12330, 3, 3 
50312, 3, 3 
28290, 4, 4 
40402, 4, 4 
43614, 4, 4 
17300, 4, 4 
38568, 4, 4 
35141, 4, 4 
24810, 4, 4 
1537, 4, 4 
37594, 4, 4 
43757, 4, 4 
17913, 4, 4 
17511, 4, 4 
26458, 4, 4 
19138, 4, 4 
22531, 4, 4 
21057, 4, 4 
48959, 4, 4 
18604, 4, 4 
41574, 4, 4 
35142, 4, 4 
2466, 4, 4 
11783, 4, 4 
16438, 4, 4 
40426, 4, 4 
53288, 4, 4 
58208, 4, 4 
30113, 4, 4 
10737, 4, 4 
56084, 4, 4 
5217, 4, 4 
49897, 4, 4 
31407, 4, 4 
36222, 4, 4 
9667, 4, 4 
34709, 4, 4 
19621, 4, 4 
28866, 4, 4 
59042, 4, 4 
18937, 4, 4 
5381, 4, 4 
48890, 4, 4 
37388, 4, 4 
2962, 4, 4 
12187, 4, 4 
15683, 4, 4 
22472, 4, 4 
51600, 4, 4 
27352, 4, 4 
30164, 4, 4 
15359, 4, 4 
44858, 5, 5 
4475, 5, 5 
43412, 5, 5 
50409, 5, 5 
53200, 5, 5 
15528, 5, 5 
15579, 5, 5 
2622, 5, 5 
2268, 5, 5 
38739, 5, 5 
41322, 5, 5 
52210, 5, 5 
22822, 5, 5 
10092, 5, 5 
316, 5, 5 
56967, 5, 5 
7279, 5, 5 
57489, 5, 5 
35100, 5, 5 
41127, 5, 5 
20325, 5, 5 
27079, 5, 5 
36361, 5, 5 
34727, 5, 5 
799, 5, 5 
14009, 5, 5 
43432, 5, 5 
27139, 5, 5 
35707, 5, 5 
48659, 5, 5 
39015, 5, 5 
21519, 5, 5 
16494, 5, 5 
46813, 5, 5 
11873, 5, 5 
4908, 5, 5 
15702, 5, 5 
49367, 5, 5 
20476, 5, 5 
27340, 5, 5 
17951, 5, 5 
58471, 5, 5 
36214, 5, 5 
37148, 5, 5 
45607, 5, 5 
55804, 5, 5 
12701, 5, 5 
55775, 5, 5 
48814, 5, 5 
21484, 5, 5 
41508, 6, 6 
46811, 6, 6 
59008, 6, 6 
36826, 6, 6 
29455, 6, 6 
25345, 6, 6 
14952, 6, 6 
6571, 6, 6 
22908, 6, 6 
49049, 6, 6 
45395, 6, 6 
26418, 6, 6 
53230, 6, 6 
48568, 6, 6 
28548, 6, 6 
32549, 6, 6 
41157, 6, 6 
42207, 6, 6 
5226, 6, 6 
5159, 6, 6 
41380, 6, 6 
6982, 6, 6 
22681, 6, 6 
4712, 6, 6 
26551, 6, 6 
38996, 6, 6 
27415, 6, 6 
52986, 6, 6 
2242, 6, 6 
4673, 6, 6 
41675, 6, 6 
49828, 6, 6 
59146, 6, 6 
50039, 6, 6 
21452, 6, 6 
57783, 6, 6 
46869, 6, 6 
27298, 6, 6 
56796, 6, 6 
10076, 6, 6 
10550, 6, 6 
35027, 6, 6 
22240, 6, 6 
2486, 6, 6 
44808, 6, 6 
2494, 6, 6 
1835, 6, 6 
5365, 6, 6 
2025, 6, 6 
6246, 6, 6 
55344, 7, 7 
40357, 7, 7 
55928, 7, 7 
48221, 7, 7 
44572, 7, 7 
42163, 7, 7 
42064, 7, 7 
47149, 7, 7 
9774, 7, 7 
53003, 7, 7 
53274, 7, 7 
11092, 7, 7 
26141, 7, 7 
29850, 7, 7 
59710, 7, 7 
728, 7, 7 
48672, 7, 7 
54186, 7, 7 
15019, 7, 7 
41700, 7, 7 
4363, 7, 7 
14403, 7, 7 
50520, 7, 7 
4516, 7, 7 
59740, 7, 7 
4472, 7, 7 
57858, 7, 7 
48201, 7, 7 
50627, 7, 7 
10392, 7, 7 
20566, 7, 7 
31291, 7, 7 
3909, 7, 7 
45533, 7, 7 
55918, 7, 7 
5269, 7, 7 
10086, 7, 7 
23141, 7, 7 
3252, 7, 7 
1525, 7, 7 
25452, 7, 7 
35980, 7, 7 
15586, 7, 7 
37900, 7, 7 
16041, 7, 7 
11370, 7, 7 
18160, 7, 7 
5818, 7, 7 
54212, 7, 7 
17373, 7, 7 
22532, 8, 8 
50711, 8, 8 
14128, 8, 3 
51324, 8, 8 
31770, 8, 8 
41441, 8, 8 
57042, 8, 8 
39599, 8, 8 
19317, 8, 8 
10649, 8, 8 
4501, 8, 8 
45223, 8, 8 
39731, 8, 8 
528, 8, 8 
39938, 8, 8 
21965, 8, 8 
11067, 8, 8 
27973, 8, 8 
50179, 8, 8 
56056, 8, 8 
4609, 8, 8 
31655, 8, 8 
29691, 8, 8 
2175, 8, 8 
9936, 8, 8 
11613, 8, 8 
39264, 8, 8 
7168, 8, 8 
43322, 8, 8 
58186, 8, 8 
12627, 8, 8 
51948, 8, 8 
35547, 8, 8 
47548, 8, 8 
42079, 8, 8 
37710, 8, 8 
44171, 8, 8 
47550, 8, 8 
58302, 8, 8 
47038, 8, 8 
19879, 8, 8 
55368, 8, 8 
160, 8, 8 
57411, 8, 8 
23848, 8, 8 
59393, 8, 8 
30415, 8, 8 
12111, 8, 8 
37198, 8, 8 
19951, 8, 8 
13887, 9, 9 
54508, 9, 9 
3022, 9, 9 
54057, 9, 9 
17785, 9, 9 
4589, 9, 9 
28197, 9, 9 
7056, 9, 9 
6084, 9, 9 
18722, 9, 9 
8751, 9, 9 
31161, 9, 9 
3970, 9, 9 
19995, 9, 9 
18377, 9, 9 
5386, 9, 9 
19938, 9, 9 
16617, 9, 9 
52061, 9, 9 
7742, 9, 9 
40772, 9, 9 
26828, 9, 9 
43786, 9, 9 
38767, 9, 9 
20683, 9, 9 
40293, 9, 9 
58054, 9, 9 
23042, 9, 9 
38369, 9, 9 
41563, 9, 9 
35503, 9, 9 
59927, 9, 9 
29956, 9, 9 
5518, 9, 9 
51430, 9, 9 
20126, 9, 9 
15029, 9, 9 
30446, 9, 9 
18015, 9, 9 
48429, 9, 9 
50845, 9, 9 
20138, 9, 9 
3967, 9, 9 
13289, 9, 9 
30623, 9, 9 
46444, 9, 9 
41562, 9, 9 
3566, 9, 9 
50436, 9, 9 
16480, 9, 9 
