id, true label, predicted label 
33237, 0, 0 
34523, 0, 0 
59078, 0, 0 
12217, 0, 0 
10700, 0, 0 
31297, 0, 0 
37883, 0, 0 
7557, 0, 0 
40471, 0, 0 
18284, 0, 0 
57221, 0, 0 
43913, 0, 0 
36737, 0, 0 
25919, 0, 0 
56318, 0, 0 
56556, 0, 0 
13913, 0, 0 
13685, 0, 0 
18878, 0, 0 
23557, 0, 0 
59012, 0, 0 
28242, 0, 0 
47488, 0, 0 
30034, 0, 0 
21602, 0, 0 
3516, 0, 0 
21403, 0, 0 
28910, 0, 0 
52048, 0, 0 
58035, 0, 0 
39710, 0, 0 
33723, 0, 0 
17048, 0, 0 
18832, 0, 0 
47000, 0, 0 
6394, 0, 0 
8763, 0, 0 
206, 0, 0 
28692, 0, 0 
6296, 0, 0 
30932, 0, 0 
8262, 0, 0 
11045, 0, 0 
3461, 0, 0 
35074, 0, 0 
20827, 0, 0 
8682, 0, 0 
48268, 0, 0 
59225, 0, 0 
3160, 0, 0 
14892, 1, 1 
47982, 1, 1 
40015, 1, 1 
14685, 1, 1 
9121, 1, 1 
35596, 1, 1 
50261, 1, 1 
38398, 1, 1 
26698, 1, 1 
5903, 1, 1 
49641, 1, 1 
42837, 1, 1 
40908, 1, 1 
10098, 1, 1 
17072, 1, 1 
56971, 1, 1 
38163, 1, 1 
55214, 1, 1 
10915, 1, 1 
18659, 1, 1 
14584, 1, 1 
19552, 1, 1 
55707, 1, 1 
50918, 1, 1 
50907, 1, 1 
25531, 1, 1 
11362, 1, 1 
14812, 1, 1 
9563, 1, 1 
6002, 1, 1 
10290, 1, 1 
6244, 1, 1 
10362, 1, 1 
12336, 1, 1 
29375, 1, 1 
12071, 1, 1 
53750, 1, 1 
51952, 1, 1 
18035, 1, 1 
49317, 1, 1 
11214, 1, 1 
20611, 1, 1 
56326, 1, 1 
16805, 1, 1 
40525, 1, 1 
4553, 1, 1 
57969, 1, 1 
46718, 1, 1 
13470, 1, 1 
45078, 1, 1 
14517, 2, 2 
35137, 2, 2 
35832, 2, 2 
30719, 2, 2 
14024, 2, 2 
3342, 2, 2 
50640, 2, 2 
27878, 2, 2 
22994, 2, 2 
32695, 2, 2 
27186, 2, 2 
10403, 2, 2 
931, 2, 2 
35758, 2, 2 
50642, 2, 2 
37560, 2, 2 
43513, 2, 2 
10583, 2, 2 
19606, 2, 2 
45501, 2, 2 
862, 2, 2 
46935, 2, 2 
2305, 2, 2 
57319, 2, 2 
57597, 2, 2 
3930, 2, 2 
48837, 2, 2 
17052, 2, 2 
11519, 2, 2 
23846, 2, 2 
8446, 2, 2 
11163, 2, 2 
4016, 2, 2 
20761, 2, 2 
13139, 2, 2 
33620, 2, 2 
29247, 2, 2 
44784, 2, 2 
5647, 2, 2 
339, 2, 2 
31603, 2, 2 
48912, 2, 2 
2280, 2, 2 
18817, 2, 8 
10024, 2, 2 
42223, 2, 2 
2684, 2, 2 
39914, 2, 2 
23325, 2, 2 
36335, 2, 2 
57207, 3, 3 
46621, 3, 3 
21144, 3, 3 
10830, 3, 3 
20708, 3, 3 
28406, 3, 3 
40932, 3, 3 
12344, 3, 3 
30084, 3, 3 
23373, 3, 3 
50481, 3, 3 
21815, 3, 3 
48300, 3, 3 
55732, 3, 3 
57920, 3, 3 
55771, 3, 3 
28633, 3, 3 
51701, 3, 3 
26989, 3, 3 
36709, 3, 3 
50043, 3, 3 
47676, 3, 3 
24271, 3, 3 
5358, 3, 3 
28392, 3, 3 
17745, 3, 3 
34526, 3, 3 
6516, 3, 3 
6522, 3, 3 
45171, 3, 3 
27783, 3, 3 
5088, 3, 3 
43353, 3, 3 
57308, 3, 3 
42445, 3, 3 
49287, 3, 3 
44034, 3, 3 
35491, 3, 3 
13957, 3, 3 
47802, 3, 3 
27701, 3, 3 
23820, 3, 3 
31562, 3, 3 
45089, 3, 3 
44174, 3, 3 
55035, 3, 3 
18975, 3, 3 
21284, 3, 3 
17139, 3, 3 
30729, 3, 3 
57459, 4, 4 
25791, 4, 4 
11986, 4, 4 
289, 4, 4 
13367, 4, 4 
8243, 4, 4 
49982, 4, 4 
24334, 4, 4 
52642, 4, 4 
35581, 4, 4 
24543, 4, 4 
33638, 4, 4 
12396, 4, 4 
11283, 4, 4 
17250, 4, 4 
8399, 4, 4 
44464, 4, 4 
8174, 4, 4 
57361, 4, 4 
1227, 4, 4 
32862, 4, 4 
3092, 4, 4 
43721, 4, 4 
9442, 4, 4 
47884, 4, 4 
2801, 4, 4 
34409, 4, 4 
17493, 4, 4 
38619, 4, 4 
2294, 4, 4 
15218, 4, 4 
24456, 4, 4 
41749, 4, 4 
18501, 4, 8 
16526, 4, 4 
10809, 4, 4 
19573, 4, 4 
19375, 4, 4 
34429, 4, 4 
35136, 4, 4 
29941, 4, 4 
3240, 4, 4 
43106, 4, 4 
8962, 4, 4 
46568, 4, 4 
30666, 4, 4 
36025, 4, 4 
31052, 4, 4 
20197, 4, 4 
2962, 4, 4 
56658, 5, 5 
38931, 5, 5 
11782, 5, 5 
22819, 5, 5 
23927, 5, 5 
12097, 5, 5 
44713, 5, 5 
44651, 5, 5 
41322, 5, 5 
43733, 5, 5 
9738, 5, 5 
33495, 5, 5 
29268, 5, 5 
25002, 5, 5 
33340, 5, 5 
5685, 5, 5 
45256, 5, 5 
34438, 5, 5 
14096, 5, 5 
12978, 5, 5 
56246, 5, 5 
7546, 5, 5 
22396, 5, 5 
54091, 5, 5 
18481, 5, 5 
20853, 5, 5 
19353, 5, 5 
34065, 5, 5 
1929, 5, 5 
49428, 5, 5 
27100, 5, 5 
7448, 5, 5 
45490, 5, 5 
47586, 5, 5 
36193, 5, 5 
19390, 5, 5 
14199, 5, 5 
27337, 5, 5 
14078, 5, 5 
23392, 5, 5 
6929, 5, 5 
22918, 5, 5 
6434, 5, 5 
22756, 5, 5 
39132, 5, 5 
29705, 5, 5 
31495, 5, 5 
56363, 5, 5 
47366, 5, 5 
28430, 5, 5 
50961, 6, 6 
51690, 6, 6 
16064, 6, 6 
18149, 6, 6 
36491, 6, 6 
44331, 6, 6 
26920, 6, 6 
37390, 6, 6 
53398, 6, 6 
42922, 6, 6 
44666, 6, 6 
56619, 6, 6 
43643, 6, 6 
58883, 6, 6 
36653, 6, 6 
37895, 6, 6 
9593, 6, 6 
51485, 6, 6 
35055, 6, 6 
33318, 6, 6 
38895, 6, 6 
19698, 6, 6 
58111, 6, 6 
26321, 6, 6 
6690, 6, 6 
36714, 6, 8 
34413, 6, 6 
54547, 6, 6 
24753, 6, 6 
7504, 6, 6 
20839, 6, 6 
38780, 6, 8 
47916, 6, 6 
44330, 6, 6 
665, 6, 6 
52859, 6, 6 
31572, 6, 6 
7163, 6, 6 
38260, 6, 6 
23735, 6, 6 
18403, 6, 6 
18354, 6, 6 
50598, 6, 6 
34697, 6, 6 
34024, 6, 6 
36496, 6, 6 
51508, 6, 6 
22609, 6, 5 
25035, 6, 6 
17252, 6, 6 
56382, 7, 7 
37602, 7, 8 
17486, 7, 7 
56294, 7, 7 
3948, 7, 7 
45382, 7, 7 
23708, 7, 7 
51363, 7, 7 
16169, 7, 7 
56518, 7, 7 
16756, 7, 9 
28930, 7, 7 
50978, 7, 7 
41530, 7, 7 
8845, 7, 7 
25161, 7, 7 
39659, 7, 7 
32941, 7, 7 
23000, 7, 7 
45397, 7, 7 
53612, 7, 7 
57621, 7, 7 
17109, 7, 7 
4680, 7, 7 
32980, 7, 7 
14104, 7, 7 
53021, 7, 7 
44552, 7, 7 
27158, 7, 7 
51088, 7, 7 
16304, 7, 7 
45530, 7, 9 
9286, 7, 7 
24372, 7, 7 
6147, 7, 7 
43645, 7, 7 
2650, 7, 7 
3840, 7, 7 
59468, 7, 7 
44975, 7, 7 
1547, 7, 7 
11455, 7, 7 
50244, 7, 7 
1347, 7, 7 
48969, 7, 7 
45310, 7, 7 
19434, 7, 7 
27592, 7, 7 
41054, 7, 7 
49159, 7, 7 
25228, 8, 8 
26136, 8, 8 
55695, 8, 8 
4992, 8, 8 
43121, 8, 8 
17999, 8, 8 
40706, 8, 8 
52719, 8, 8 
19223, 8, 8 
22873, 8, 8 
29095, 8, 8 
59763, 8, 8 
53155, 8, 8 
11722, 8, 8 
53721, 8, 8 
47387, 8, 8 
34212, 8, 8 
33150, 8, 8 
53184, 8, 8 
2070, 8, 8 
50532, 8, 8 
30235, 8, 8 
15021, 8, 8 
31765, 8, 8 
49016, 8, 8 
12298, 8, 8 
47512, 8, 8 
53090, 8, 8 
53112, 8, 8 
25236, 8, 8 
8675, 8, 8 
17244, 8, 8 
47317, 8, 8 
58860, 8, 8 
20648, 8, 8 
2285, 8, 8 
41564, 8, 8 
54192, 8, 8 
11108, 8, 8 
28662, 8, 8 
43793, 8, 8 
13954, 8, 8 
11149, 8, 8 
46508, 8, 8 
14941, 8, 8 
4609, 8, 8 
58787, 8, 8 
55491, 8, 8 
45427, 8, 8 
44974, 8, 8 
34665, 9, 9 
53532, 9, 9 
54702, 9, 9 
53202, 9, 9 
18106, 9, 9 
45183, 9, 9 
32256, 9, 9 
29003, 9, 9 
23349, 9, 9 
18131, 9, 9 
25267, 9, 9 
12900, 9, 9 
52977, 9, 9 
59080, 9, 9 
58859, 9, 9 
9889, 9, 9 
53882, 9, 9 
44043, 9, 9 
32904, 9, 9 
41771, 9, 9 
7118, 9, 9 
51981, 9, 9 
43750, 9, 9 
39787, 9, 9 
2562, 9, 9 
30583, 9, 9 
10235, 9, 9 
50816, 9, 9 
51156, 9, 9 
45301, 9, 9 
27521, 9, 9 
30360, 9, 9 
27908, 9, 5 
27731, 9, 8 
9949, 9, 9 
36880, 9, 9 
18009, 9, 9 
18728, 9, 9 
22503, 9, 9 
47703, 9, 9 
52635, 9, 9 
51393, 9, 9 
24313, 9, 9 
6368, 9, 9 
4345, 9, 9 
52948, 9, 9 
35283, 9, 9 
26513, 9, 9 
47445, 9, 9 
1720, 9, 9 
