id, true label, predicted label 
45722, 0, 0 
3175, 0, 0 
49281, 0, 0 
20751, 0, 0 
5398, 0, 0 
27332, 0, 0 
41987, 0, 0 
56469, 0, 0 
32298, 0, 0 
29414, 0, 0 
23773, 0, 0 
7934, 0, 0 
23250, 0, 0 
26366, 0, 0 
18137, 0, 0 
4344, 0, 0 
36734, 0, 0 
33330, 0, 0 
34025, 0, 0 
41069, 0, 0 
4216, 0, 0 
52520, 0, 0 
596, 0, 0 
15471, 0, 0 
48167, 0, 0 
55986, 0, 0 
16997, 0, 0 
9666, 0, 0 
21954, 0, 0 
57917, 0, 0 
20407, 0, 0 
16119, 0, 0 
20688, 0, 0 
53982, 0, 0 
11657, 0, 0 
32550, 0, 0 
10992, 0, 0 
21534, 0, 0 
33254, 0, 0 
49014, 0, 0 
22405, 0, 0 
6023, 0, 0 
47046, 0, 0 
32313, 0, 0 
2826, 0, 0 
42448, 0, 0 
18606, 0, 0 
42294, 0, 0 
12741, 0, 0 
18208, 0, 0 
13433, 1, 1 
42806, 1, 1 
14980, 1, 1 
24714, 1, 1 
40658, 1, 1 
38554, 1, 1 
23973, 1, 1 
48335, 1, 1 
6834, 1, 1 
56374, 1, 1 
16061, 1, 1 
35006, 1, 1 
31280, 1, 1 
57362, 1, 1 
11634, 1, 1 
42702, 1, 1 
28063, 1, 1 
44125, 1, 1 
24355, 1, 1 
27875, 1, 1 
21230, 1, 1 
26243, 1, 1 
57644, 1, 1 
35880, 1, 1 
30711, 1, 1 
46141, 1, 1 
54753, 1, 1 
49832, 1, 1 
8080, 1, 1 
56226, 1, 1 
17662, 1, 1 
33675, 1, 1 
4435, 1, 1 
5149, 1, 1 
58017, 1, 1 
47340, 1, 1 
3811, 1, 1 
44792, 1, 1 
16562, 1, 1 
959, 1, 1 
56365, 1, 1 
34282, 1, 1 
52615, 1, 1 
12441, 1, 1 
37828, 1, 1 
26726, 1, 1 
7105, 1, 1 
51671, 1, 1 
24020, 1, 1 
23498, 1, 1 
8390, 2, 2 
43851, 2, 2 
10472, 2, 2 
10354, 2, 2 
38080, 2, 2 
477, 2, 2 
19854, 2, 2 
21911, 2, 2 
42726, 2, 2 
25677, 2, 2 
13984, 2, 2 
1874, 2, 2 
32169, 2, 2 
15618, 2, 2 
35220, 2, 2 
18845, 2, 2 
54978, 2, 2 
26883, 2, 2 
38409, 2, 2 
45342, 2, 2 
52316, 2, 2 
29674, 2, 2 
39118, 2, 2 
57953, 2, 2 
51808, 2, 2 
37743, 2, 2 
48158, 2, 2 
54796, 2, 2 
58114, 2, 2 
3627, 2, 2 
24206, 2, 2 
52109, 2, 2 
11667, 2, 2 
51630, 2, 2 
16813, 2, 2 
27232, 2, 2 
44133, 2, 2 
59555, 2, 2 
53259, 2, 2 
29500, 2, 2 
28932, 2, 2 
6038, 2, 2 
27898, 2, 2 
15799, 2, 2 
27739, 2, 2 
49421, 2, 2 
30811, 2, 2 
56264, 2, 2 
40832, 2, 2 
41861, 2, 2 
21359, 3, 3 
24333, 3, 3 
3124, 3, 3 
8505, 3, 3 
10678, 3, 3 
57717, 3, 3 
1533, 3, 3 
36227, 3, 3 
59168, 3, 3 
32275, 3, 3 
55283, 3, 3 
53558, 3, 3 
55579, 3, 3 
50688, 3, 3 
57598, 3, 3 
52168, 3, 3 
1583, 3, 3 
581, 3, 3 
23119, 3, 3 
55050, 3, 3 
58227, 3, 3 
4719, 3, 3 
30673, 3, 3 
24886, 3, 3 
34845, 3, 3 
10091, 3, 3 
47411, 3, 3 
50976, 3, 3 
37711, 3, 3 
30986, 3, 3 
14361, 3, 3 
46296, 3, 3 
36705, 3, 3 
10360, 3, 3 
59652, 3, 3 
19234, 3, 3 
55737, 3, 3 
57291, 3, 3 
57856, 3, 3 
21007, 3, 3 
52972, 3, 3 
53688, 3, 3 
56207, 3, 3 
41494, 3, 3 
12089, 3, 3 
40752, 3, 3 
30159, 3, 3 
32664, 3, 3 
40298, 3, 3 
50481, 3, 3 
43415, 4, 4 
39522, 4, 4 
45172, 4, 4 
16985, 4, 4 
58269, 4, 4 
5444, 4, 4 
18501, 4, 4 
39791, 4, 4 
10103, 4, 4 
19340, 4, 4 
52448, 4, 4 
49146, 4, 4 
26546, 4, 4 
9718, 4, 4 
23618, 4, 4 
45729, 4, 4 
45752, 4, 4 
6817, 4, 4 
57835, 4, 4 
57102, 4, 4 
4169, 4, 4 
5105, 4, 4 
19922, 4, 4 
32101, 4, 4 
4433, 4, 4 
33415, 4, 4 
37815, 4, 4 
45219, 4, 4 
49753, 4, 4 
17577, 4, 4 
16818, 4, 4 
30174, 4, 4 
44264, 4, 4 
18203, 4, 4 
47002, 4, 4 
35314, 4, 4 
11818, 4, 4 
49754, 4, 4 
9821, 4, 4 
42822, 4, 4 
58057, 4, 4 
31885, 4, 4 
25100, 4, 4 
24195, 4, 4 
49692, 4, 4 
52852, 4, 4 
24766, 4, 4 
7526, 4, 4 
37893, 4, 4 
34955, 4, 4 
12650, 5, 5 
39748, 5, 5 
8819, 5, 5 
17544, 5, 5 
48425, 5, 5 
24408, 5, 5 
45924, 5, 5 
30488, 5, 5 
3860, 5, 5 
18925, 5, 5 
59600, 5, 5 
45166, 5, 5 
6431, 5, 5 
19944, 5, 5 
33511, 5, 5 
53812, 5, 5 
56309, 5, 5 
52108, 5, 5 
33077, 5, 5 
54589, 5, 5 
1524, 5, 5 
21115, 5, 5 
32616, 5, 5 
29129, 5, 5 
29354, 5, 5 
57805, 5, 5 
50409, 5, 5 
16384, 5, 5 
30553, 5, 5 
43799, 5, 5 
9995, 5, 5 
38739, 5, 5 
12487, 5, 5 
20530, 5, 5 
34365, 5, 5 
44215, 5, 5 
50592, 5, 5 
20547, 5, 5 
55325, 5, 5 
17879, 5, 5 
35082, 5, 5 
14828, 5, 5 
24097, 5, 5 
6980, 5, 5 
49950, 5, 5 
54528, 5, 5 
33674, 5, 5 
50430, 5, 5 
57528, 5, 5 
52474, 5, 5 
7015, 6, 6 
29015, 6, 6 
48792, 6, 6 
20984, 6, 6 
14641, 6, 6 
16065, 6, 6 
19462, 6, 6 
4188, 6, 6 
3856, 6, 6 
56796, 6, 6 
49346, 6, 6 
32894, 6, 6 
5026, 6, 6 
47277, 6, 6 
2474, 6, 6 
36425, 6, 6 
57140, 6, 6 
12047, 6, 6 
21126, 6, 6 
8367, 6, 6 
11759, 6, 6 
16695, 6, 6 
49931, 6, 6 
1136, 6, 6 
15674, 6, 6 
16160, 6, 6 
20745, 6, 6 
25541, 6, 6 
54610, 6, 6 
44843, 6, 6 
2025, 6, 6 
28947, 6, 6 
5231, 6, 6 
6553, 6, 6 
58191, 6, 6 
2479, 6, 6 
42570, 6, 6 
53422, 6, 6 
55942, 6, 6 
58786, 6, 6 
1898, 6, 6 
45460, 6, 6 
38980, 6, 6 
56693, 6, 6 
58382, 6, 6 
20124, 6, 6 
46411, 6, 6 
7543, 6, 6 
55019, 6, 6 
18652, 6, 6 
50278, 7, 7 
17340, 7, 7 
19187, 7, 7 
1422, 7, 7 
4869, 7, 7 
58342, 7, 7 
40080, 7, 7 
9198, 7, 7 
30504, 7, 7 
7513, 7, 7 
46422, 7, 7 
59664, 7, 7 
7113, 7, 7 
52322, 7, 7 
33335, 7, 7 
14004, 7, 7 
8965, 7, 7 
31291, 7, 7 
38133, 7, 7 
52321, 7, 7 
13421, 7, 7 
27756, 7, 7 
53183, 7, 7 
51204, 7, 7 
53719, 7, 7 
28211, 7, 7 
13900, 7, 7 
22454, 7, 7 
45428, 7, 7 
37536, 7, 7 
41026, 7, 7 
21133, 7, 7 
39048, 7, 7 
16999, 7, 7 
36615, 7, 7 
34079, 7, 7 
14277, 7, 7 
39088, 7, 7 
55266, 7, 7 
28688, 7, 7 
47071, 7, 7 
47161, 7, 7 
40872, 7, 7 
47417, 7, 7 
5555, 7, 7 
41244, 7, 7 
19791, 7, 7 
38964, 7, 7 
5182, 7, 7 
46462, 7, 7 
47317, 8, 8 
2636, 8, 8 
47675, 8, 8 
50246, 8, 8 
54341, 8, 8 
30631, 8, 8 
545, 8, 8 
53997, 8, 8 
41394, 8, 8 
28962, 8, 8 
51864, 8, 8 
25131, 8, 8 
56412, 8, 8 
24578, 8, 8 
18242, 8, 8 
32285, 8, 8 
10151, 8, 8 
7190, 8, 8 
39764, 8, 8 
34794, 8, 8 
7477, 8, 8 
43410, 8, 8 
9537, 8, 8 
2194, 8, 8 
42688, 8, 8 
16373, 8, 8 
47926, 8, 8 
8386, 8, 8 
30416, 8, 8 
1760, 8, 8 
34707, 8, 8 
51746, 8, 8 
24240, 8, 8 
58195, 8, 8 
59813, 8, 8 
14250, 8, 8 
56544, 8, 8 
26701, 8, 8 
20945, 8, 8 
15988, 8, 8 
8764, 8, 8 
16724, 8, 8 
54054, 8, 8 
42736, 8, 8 
20823, 8, 8 
11872, 8, 8 
51105, 8, 8 
24925, 8, 8 
12944, 8, 8 
9117, 8, 8 
42458, 9, 9 
54275, 9, 9 
33483, 9, 9 
23748, 9, 9 
39753, 9, 9 
58692, 9, 9 
35735, 9, 9 
51297, 9, 9 
23743, 9, 9 
48940, 9, 9 
28448, 9, 9 
45888, 9, 9 
16149, 9, 9 
17501, 9, 9 
54627, 9, 9 
58401, 9, 9 
51082, 9, 9 
26426, 9, 9 
10186, 9, 9 
35836, 9, 9 
4671, 9, 9 
17959, 9, 9 
45086, 9, 9 
55568, 9, 9 
12773, 9, 9 
42144, 9, 9 
35956, 9, 9 
3030, 9, 9 
44234, 9, 9 
17983, 9, 9 
50384, 9, 9 
39842, 9, 9 
38230, 9, 9 
30693, 9, 9 
22762, 9, 9 
3063, 9, 9 
37062, 9, 9 
49669, 9, 9 
19315, 9, 9 
25881, 9, 9 
38153, 9, 9 
12160, 9, 9 
30845, 9, 9 
13891, 9, 9 
29369, 9, 9 
2697, 9, 9 
17591, 9, 9 
40997, 9, 9 
6765, 9, 9 
7822, 9, 9 
