id, true label, predicted label 
29177, 0, 0 
29860, 0, 0 
6593, 0, 0 
8863, 0, 0 
40421, 0, 0 
35536, 0, 0 
24388, 0, 0 
48604, 0, 0 
46557, 0, 0 
35667, 0, 0 
30331, 0, 0 
54010, 0, 0 
35717, 0, 0 
42074, 0, 0 
5048, 0, 0 
29684, 0, 0 
13889, 0, 0 
7499, 0, 0 
49027, 0, 0 
38025, 0, 0 
45061, 0, 0 
15318, 0, 0 
35896, 0, 0 
2621, 0, 0 
42835, 0, 0 
31695, 0, 0 
13921, 0, 0 
12907, 0, 0 
41620, 0, 0 
10604, 0, 0 
2782, 0, 0 
1479, 0, 0 
872, 0, 0 
1363, 0, 0 
49059, 0, 0 
31490, 0, 0 
9209, 0, 0 
26389, 0, 0 
41609, 0, 0 
14445, 0, 0 
37708, 0, 0 
21903, 0, 0 
25690, 0, 0 
47042, 0, 0 
3937, 0, 0 
11758, 0, 0 
47599, 0, 0 
23786, 0, 0 
54475, 0, 0 
7485, 0, 0 
23369, 1, 1 
30146, 1, 1 
14992, 1, 1 
43406, 1, 1 
10565, 1, 1 
9017, 1, 1 
51015, 1, 1 
7860, 1, 1 
36215, 1, 1 
22735, 1, 1 
41392, 1, 1 
15300, 1, 1 
28769, 1, 1 
52965, 1, 1 
28646, 1, 1 
10712, 1, 1 
44899, 1, 1 
54393, 1, 1 
16307, 1, 1 
55594, 1, 1 
24824, 1, 1 
18761, 1, 1 
32482, 1, 1 
28724, 1, 1 
15290, 1, 1 
47734, 1, 1 
24814, 1, 1 
20506, 1, 1 
49768, 1, 1 
23056, 1, 1 
25785, 1, 1 
21601, 1, 1 
26087, 1, 1 
47869, 1, 1 
37116, 1, 1 
21127, 1, 1 
36185, 1, 1 
30372, 1, 1 
9907, 1, 1 
26968, 1, 1 
7563, 1, 1 
8092, 1, 1 
11152, 1, 1 
41424, 1, 1 
28804, 1, 1 
23034, 1, 1 
59872, 1, 1 
6985, 1, 1 
25287, 1, 1 
40373, 1, 1 
8591, 2, 2 
1531, 2, 2 
50096, 2, 2 
26213, 2, 2 
46217, 2, 2 
45620, 2, 2 
25533, 2, 2 
25632, 2, 2 
12682, 2, 2 
52757, 2, 2 
18213, 2, 2 
20268, 2, 2 
55070, 2, 2 
3741, 2, 2 
41234, 2, 2 
16760, 2, 2 
36680, 2, 2 
35597, 2, 2 
31024, 2, 2 
7776, 2, 2 
34134, 2, 2 
29004, 2, 2 
7983, 2, 2 
24050, 2, 2 
10567, 2, 2 
22524, 2, 2 
53105, 2, 2 
29839, 2, 2 
59252, 2, 2 
57605, 2, 2 
50991, 2, 2 
11737, 2, 2 
29290, 2, 2 
28631, 2, 2 
18662, 2, 2 
54737, 2, 2 
45498, 2, 2 
44710, 2, 2 
18290, 2, 2 
12501, 2, 2 
40151, 2, 2 
31483, 2, 2 
52784, 2, 2 
10354, 2, 2 
4086, 2, 2 
21033, 2, 2 
43743, 2, 2 
36693, 2, 2 
47890, 2, 2 
28324, 2, 2 
21359, 3, 3 
51717, 3, 3 
5578, 3, 3 
37890, 3, 3 
10329, 3, 3 
25034, 3, 3 
40722, 3, 3 
1068, 3, 3 
20842, 3, 3 
33969, 3, 3 
10779, 3, 3 
9624, 3, 3 
43155, 3, 3 
8048, 3, 3 
37943, 3, 3 
27075, 3, 3 
56245, 3, 3 
25802, 3, 3 
37604, 3, 3 
13675, 3, 3 
44282, 3, 3 
10415, 3, 3 
9074, 3, 3 
1357, 3, 3 
54535, 3, 3 
49494, 3, 3 
36023, 3, 3 
28031, 3, 3 
12100, 3, 3 
2107, 3, 3 
10402, 3, 3 
29146, 3, 3 
25689, 3, 3 
15109, 3, 3 
36740, 3, 3 
42043, 3, 3 
15090, 3, 3 
57750, 3, 3 
34219, 3, 3 
41552, 3, 3 
12430, 3, 3 
6081, 3, 3 
43672, 3, 3 
13658, 3, 3 
2917, 3, 3 
28111, 3, 3 
12345, 3, 3 
9637, 3, 3 
26555, 3, 3 
11570, 3, 7 
3978, 4, 4 
1498, 4, 4 
39458, 4, 4 
26544, 4, 4 
7009, 4, 4 
1487, 4, 4 
28691, 4, 4 
33347, 4, 4 
37227, 4, 4 
54041, 4, 4 
21304, 4, 4 
47764, 4, 4 
3235, 4, 4 
51939, 4, 4 
48903, 4, 4 
49700, 4, 4 
2256, 4, 4 
2546, 4, 4 
32602, 4, 4 
3697, 4, 4 
14274, 4, 4 
46622, 4, 4 
53631, 4, 4 
21887, 4, 4 
24653, 4, 4 
50161, 4, 4 
32917, 4, 4 
5450, 4, 4 
4252, 4, 4 
37585, 4, 4 
33282, 4, 4 
48596, 4, 4 
54785, 4, 4 
1373, 4, 4 
54826, 4, 4 
12075, 4, 4 
20098, 4, 4 
19414, 4, 9 
56422, 4, 4 
10670, 4, 4 
52277, 4, 4 
34756, 4, 2 
17182, 4, 4 
22535, 4, 4 
35866, 4, 4 
57713, 4, 4 
30529, 4, 4 
27514, 4, 4 
42263, 4, 4 
46460, 4, 4 
36424, 5, 5 
12157, 5, 5 
18508, 5, 5 
20044, 5, 5 
22845, 5, 5 
50142, 5, 5 
26094, 5, 5 
25936, 5, 5 
35287, 5, 5 
26466, 5, 5 
58739, 5, 5 
50919, 5, 5 
46365, 5, 5 
10092, 5, 5 
59368, 5, 5 
11402, 5, 5 
42660, 5, 5 
21588, 5, 5 
8519, 5, 5 
58569, 5, 5 
44987, 5, 5 
25678, 5, 6 
58663, 5, 5 
25577, 5, 5 
9326, 5, 5 
15193, 5, 5 
1785, 5, 5 
57480, 5, 5 
9743, 5, 5 
27813, 5, 5 
19175, 5, 5 
51405, 5, 5 
55909, 5, 5 
14544, 5, 5 
47284, 5, 5 
59993, 5, 5 
41566, 5, 5 
41682, 5, 5 
53922, 5, 5 
56371, 5, 5 
36245, 5, 5 
35133, 5, 5 
48358, 5, 5 
34584, 5, 5 
23011, 5, 5 
65, 5, 5 
45250, 5, 5 
18186, 5, 5 
12484, 5, 5 
36539, 5, 5 
14400, 6, 6 
56162, 6, 6 
31588, 6, 6 
29881, 6, 6 
53777, 6, 6 
1257, 6, 6 
4078, 6, 6 
37254, 6, 6 
27642, 6, 6 
37993, 6, 6 
623, 6, 6 
44690, 6, 6 
37390, 6, 6 
9475, 6, 6 
9094, 6, 6 
1792, 6, 6 
1113, 6, 6 
26382, 6, 6 
53918, 6, 6 
8526, 6, 6 
45593, 6, 6 
48276, 6, 6 
31193, 6, 6 
42452, 6, 6 
35238, 6, 6 
7785, 6, 6 
4059, 6, 6 
39320, 6, 6 
14608, 6, 6 
38450, 6, 6 
27905, 6, 6 
55731, 6, 6 
22698, 6, 6 
31954, 6, 6 
35419, 6, 6 
45225, 6, 6 
17788, 6, 6 
42922, 6, 6 
56251, 6, 6 
56231, 6, 6 
48152, 6, 6 
30812, 6, 6 
48609, 6, 6 
20704, 6, 6 
810, 6, 6 
58124, 6, 6 
45856, 6, 6 
43399, 6, 6 
16167, 6, 6 
46382, 6, 6 
29919, 7, 7 
35121, 7, 7 
25904, 7, 7 
38972, 7, 7 
51180, 7, 3 
18191, 7, 7 
25578, 7, 7 
54681, 7, 7 
51361, 7, 7 
33315, 7, 7 
15554, 7, 7 
38672, 7, 7 
45285, 7, 7 
28437, 7, 7 
57255, 7, 7 
30768, 7, 7 
36465, 7, 7 
39880, 7, 7 
17962, 7, 7 
51204, 7, 7 
6134, 7, 7 
34560, 7, 7 
18753, 7, 7 
34704, 7, 7 
387, 7, 7 
51166, 7, 7 
17177, 7, 7 
25642, 7, 7 
230, 7, 7 
17696, 7, 7 
27728, 7, 7 
5300, 7, 7 
21824, 7, 7 
8798, 7, 7 
5976, 7, 7 
50763, 7, 7 
40679, 7, 7 
36404, 7, 7 
8718, 7, 7 
41854, 7, 7 
44626, 7, 7 
31527, 7, 7 
7418, 7, 7 
20318, 7, 7 
39579, 7, 7 
13802, 7, 7 
141, 7, 7 
23815, 7, 7 
26151, 7, 7 
40436, 7, 7 
6580, 8, 8 
39827, 8, 8 
58448, 8, 8 
52280, 8, 8 
16979, 8, 8 
55471, 8, 8 
55153, 8, 8 
57532, 8, 8 
47331, 8, 8 
24981, 8, 8 
7995, 8, 8 
35981, 8, 8 
44267, 8, 8 
3281, 8, 8 
5140, 8, 8 
27105, 8, 8 
36386, 8, 8 
51207, 8, 8 
17804, 8, 8 
13924, 8, 8 
39948, 8, 8 
20133, 8, 8 
3976, 8, 8 
44176, 8, 8 
33278, 8, 8 
55156, 8, 8 
4803, 8, 8 
12308, 8, 8 
17111, 8, 8 
26996, 8, 8 
7777, 8, 8 
9408, 8, 8 
25146, 8, 8 
11450, 8, 8 
38387, 8, 8 
7425, 8, 8 
3570, 8, 8 
57054, 8, 8 
5997, 8, 8 
16820, 8, 8 
29194, 8, 8 
30330, 8, 8 
48743, 8, 8 
53186, 8, 8 
48967, 8, 8 
1484, 8, 8 
1804, 8, 8 
56976, 8, 8 
15286, 8, 8 
34910, 8, 8 
59990, 9, 9 
43550, 9, 9 
43057, 9, 9 
42860, 9, 9 
52138, 9, 9 
42311, 9, 9 
53496, 9, 9 
52467, 9, 9 
22597, 9, 9 
49880, 9, 9 
1903, 9, 9 
28833, 9, 9 
56466, 9, 9 
22195, 9, 9 
32249, 9, 9 
5320, 9, 9 
14407, 9, 9 
26663, 9, 9 
59147, 9, 9 
32729, 9, 9 
36808, 9, 9 
11215, 9, 9 
52718, 9, 9 
53324, 9, 9 
1683, 9, 9 
35693, 9, 9 
4594, 9, 9 
46020, 9, 9 
57782, 9, 9 
7627, 9, 9 
2364, 9, 9 
13326, 9, 9 
20207, 9, 9 
44895, 9, 9 
3773, 9, 9 
27966, 9, 9 
52651, 9, 9 
25909, 9, 9 
23791, 9, 9 
38051, 9, 9 
34254, 9, 9 
41791, 9, 9 
5999, 9, 9 
21297, 9, 9 
7977, 9, 9 
19513, 9, 9 
15837, 9, 9 
28424, 9, 9 
18694, 9, 9 
57152, 9, 9 
