id, true label, predicted label 
53524, 0, 0 
50156, 0, 0 
38835, 0, 0 
31393, 0, 0 
47422, 0, 0 
23842, 0, 0 
58012, 0, 0 
50637, 0, 0 
37467, 0, 0 
18586, 0, 0 
46582, 0, 0 
13238, 0, 0 
59541, 0, 0 
23988, 0, 0 
25022, 0, 0 
3367, 0, 0 
58180, 0, 0 
38335, 0, 0 
7143, 0, 0 
4642, 0, 0 
10530, 0, 0 
27911, 0, 0 
4539, 0, 0 
21526, 0, 0 
27806, 0, 0 
24717, 0, 0 
30790, 0, 0 
6446, 0, 0 
32131, 0, 0 
3953, 0, 0 
57720, 0, 0 
46810, 0, 0 
17048, 0, 0 
27893, 0, 0 
7066, 0, 0 
47247, 0, 0 
58062, 0, 0 
28452, 0, 0 
31628, 0, 0 
40418, 0, 0 
5147, 0, 0 
47197, 0, 0 
40888, 0, 0 
27023, 0, 0 
53212, 0, 0 
18425, 0, 0 
8250, 0, 0 
32144, 0, 0 
1, 0, 0 
24993, 0, 0 
41446, 1, 1 
38774, 1, 1 
51051, 1, 1 
45900, 1, 1 
28355, 1, 1 
55707, 1, 1 
56810, 1, 1 
31250, 1, 1 
211, 1, 1 
33091, 1, 1 
12072, 1, 1 
55787, 1, 1 
24139, 1, 1 
10455, 1, 1 
8319, 1, 1 
19304, 1, 1 
27330, 1, 1 
7240, 1, 1 
34282, 1, 1 
47233, 1, 1 
54579, 1, 1 
55299, 1, 1 
15152, 1, 1 
47224, 1, 1 
32914, 1, 1 
17554, 1, 1 
36317, 1, 1 
18400, 1, 1 
28831, 1, 1 
31279, 1, 1 
52051, 1, 1 
8836, 1, 1 
29320, 1, 1 
58691, 1, 1 
27531, 1, 1 
55832, 1, 1 
30894, 1, 1 
48844, 1, 1 
37782, 1, 1 
21202, 1, 1 
14849, 1, 1 
38516, 1, 1 
4003, 1, 1 
23911, 1, 1 
30372, 1, 1 
30158, 1, 1 
21379, 1, 1 
55596, 1, 1 
52325, 1, 1 
28361, 1, 1 
53455, 2, 2 
54877, 2, 2 
30580, 2, 2 
26624, 2, 2 
1595, 2, 2 
35872, 2, 2 
39810, 2, 2 
38319, 2, 2 
47686, 2, 2 
33982, 2, 2 
32437, 2, 2 
39959, 2, 2 
29839, 2, 2 
42982, 2, 2 
33743, 2, 2 
44371, 2, 2 
45348, 2, 2 
47585, 2, 2 
24213, 2, 2 
17339, 2, 2 
57113, 2, 2 
22010, 2, 2 
11774, 2, 2 
378, 2, 2 
58068, 2, 2 
45819, 2, 2 
40155, 2, 2 
16677, 2, 2 
31789, 2, 2 
47590, 2, 2 
30014, 2, 2 
44140, 2, 2 
22056, 2, 2 
36718, 2, 2 
55987, 2, 2 
13491, 2, 2 
17927, 2, 2 
33857, 2, 2 
47342, 2, 2 
36355, 2, 2 
53322, 2, 2 
16024, 2, 2 
6725, 2, 2 
52335, 2, 2 
12745, 2, 2 
10122, 2, 2 
40566, 2, 2 
4322, 2, 2 
54545, 2, 2 
10138, 2, 2 
19250, 3, 3 
7841, 3, 3 
54658, 3, 3 
4403, 3, 3 
13839, 3, 3 
47594, 3, 3 
33566, 3, 3 
30859, 3, 3 
3150, 3, 3 
36432, 3, 3 
31155, 3, 3 
43952, 3, 3 
55960, 3, 3 
20616, 3, 3 
53803, 3, 3 
26596, 3, 3 
48557, 3, 3 
25284, 3, 3 
6750, 3, 3 
35522, 3, 3 
13242, 3, 3 
10826, 3, 3 
22946, 3, 3 
17904, 3, 3 
2886, 3, 3 
38735, 3, 3 
12702, 3, 3 
44468, 3, 3 
24145, 3, 3 
5728, 3, 3 
41317, 3, 3 
45008, 3, 3 
12490, 3, 3 
23860, 3, 3 
9289, 3, 3 
9180, 3, 3 
21144, 3, 3 
23483, 3, 3 
27212, 3, 3 
21690, 3, 3 
49821, 3, 3 
37186, 3, 3 
23119, 3, 3 
13202, 3, 3 
52740, 3, 3 
19736, 3, 3 
46241, 3, 3 
38882, 3, 3 
50982, 3, 3 
46247, 3, 3 
32124, 4, 4 
16251, 4, 4 
6184, 4, 4 
2217, 4, 4 
7417, 4, 4 
47608, 4, 4 
31583, 4, 4 
27014, 4, 4 
12577, 4, 4 
9980, 4, 4 
55187, 4, 4 
43302, 4, 4 
55053, 4, 4 
33679, 4, 4 
30683, 4, 4 
42187, 4, 4 
46384, 4, 4 
39486, 4, 4 
54324, 4, 4 
19521, 4, 4 
4135, 4, 4 
46104, 4, 4 
48754, 4, 4 
9585, 4, 4 
41818, 4, 4 
17102, 4, 4 
57059, 4, 4 
45574, 4, 4 
52721, 4, 4 
24543, 4, 4 
33306, 4, 4 
42042, 4, 4 
36399, 4, 4 
2109, 4, 4 
13223, 4, 4 
12530, 4, 4 
51600, 4, 4 
20183, 4, 4 
17157, 4, 4 
13868, 4, 4 
50757, 4, 4 
41749, 4, 4 
33846, 4, 4 
1705, 4, 4 
7280, 4, 4 
26193, 4, 4 
22997, 4, 4 
43278, 4, 4 
37311, 4, 4 
14703, 4, 4 
45226, 5, 5 
36736, 5, 5 
52192, 5, 5 
22845, 5, 5 
6504, 5, 5 
49684, 5, 5 
8835, 5, 5 
38298, 5, 5 
44506, 5, 5 
44858, 5, 5 
33376, 5, 5 
43412, 5, 5 
3595, 5, 5 
21956, 5, 5 
42390, 5, 5 
805, 5, 5 
7820, 5, 5 
32060, 5, 5 
47646, 5, 5 
14168, 5, 5 
47543, 5, 5 
18157, 5, 5 
19328, 5, 5 
38113, 5, 5 
51674, 5, 5 
16908, 5, 5 
13457, 5, 5 
41025, 5, 5 
44910, 5, 5 
29361, 5, 5 
46203, 5, 5 
51177, 5, 5 
35500, 5, 5 
24903, 5, 5 
28148, 5, 5 
5292, 5, 5 
49928, 5, 5 
1785, 5, 5 
28491, 5, 5 
34448, 5, 5 
21365, 5, 5 
58217, 5, 5 
47955, 5, 5 
46675, 5, 5 
37137, 5, 5 
34581, 5, 5 
36089, 5, 5 
47250, 5, 5 
45602, 5, 5 
24799, 5, 5 
33692, 6, 6 
40010, 6, 6 
9808, 6, 6 
51246, 6, 6 
35868, 6, 6 
41790, 6, 6 
32402, 6, 6 
17416, 6, 6 
9325, 6, 6 
30192, 6, 6 
13927, 6, 6 
33073, 6, 6 
40642, 6, 6 
45846, 6, 6 
1781, 6, 6 
4635, 6, 6 
30150, 6, 6 
29987, 6, 6 
59687, 6, 6 
30033, 6, 6 
29928, 6, 6 
54206, 6, 6 
7224, 6, 6 
31752, 6, 6 
51096, 6, 6 
10980, 6, 6 
28698, 6, 6 
11327, 6, 6 
51508, 6, 6 
5629, 6, 6 
47962, 6, 6 
6572, 6, 6 
15183, 6, 6 
16160, 6, 6 
2372, 6, 6 
5973, 6, 6 
2320, 6, 6 
35424, 6, 6 
35517, 6, 6 
3537, 6, 6 
31371, 6, 6 
12159, 6, 6 
12523, 6, 6 
20896, 6, 6 
8057, 6, 6 
20104, 6, 6 
999, 6, 6 
24237, 6, 6 
41899, 6, 6 
24486, 6, 6 
18127, 7, 7 
6487, 7, 7 
25130, 7, 7 
15019, 7, 7 
48639, 7, 7 
25871, 7, 7 
18087, 7, 7 
59306, 7, 7 
48575, 7, 7 
9235, 7, 7 
7781, 7, 7 
11566, 7, 7 
24094, 7, 7 
33618, 7, 7 
27220, 7, 7 
49391, 7, 7 
52803, 7, 7 
28558, 7, 7 
27219, 7, 7 
42418, 7, 7 
1673, 7, 7 
34881, 7, 7 
21662, 7, 7 
2984, 7, 7 
46938, 7, 7 
21396, 7, 7 
11687, 7, 7 
30988, 7, 7 
17961, 7, 7 
56392, 7, 7 
54964, 7, 7 
51911, 7, 7 
51489, 7, 7 
35837, 7, 7 
30768, 7, 7 
38091, 7, 7 
49662, 7, 7 
43491, 7, 7 
18951, 7, 7 
5575, 7, 7 
21243, 7, 7 
21651, 7, 7 
15531, 7, 7 
44252, 7, 7 
50783, 7, 7 
38320, 7, 7 
50822, 7, 7 
14011, 7, 7 
18183, 7, 7 
36134, 7, 7 
53082, 8, 8 
44676, 8, 8 
13016, 8, 8 
28749, 8, 8 
28136, 8, 8 
33460, 8, 8 
30268, 8, 8 
17302, 8, 8 
44467, 8, 8 
8889, 8, 8 
15546, 8, 8 
15772, 8, 8 
58508, 8, 8 
2442, 8, 8 
27729, 8, 8 
27563, 8, 8 
31440, 8, 8 
7218, 8, 8 
54990, 8, 8 
18466, 8, 8 
44616, 8, 8 
20648, 8, 8 
49661, 8, 8 
9970, 8, 8 
7539, 8, 8 
10233, 8, 8 
21048, 8, 8 
21384, 8, 8 
23015, 8, 8 
9996, 8, 8 
26852, 8, 8 
25276, 8, 8 
48011, 8, 8 
58615, 8, 8 
26672, 8, 8 
36529, 8, 8 
31781, 8, 8 
3727, 8, 8 
39456, 8, 8 
41801, 8, 8 
43909, 8, 8 
58595, 8, 8 
16284, 8, 8 
40792, 8, 8 
42365, 8, 8 
19214, 8, 8 
15738, 8, 8 
50302, 8, 8 
8031, 8, 8 
48723, 8, 8 
55201, 9, 9 
3121, 9, 9 
48569, 9, 9 
59455, 9, 9 
25667, 9, 9 
14627, 9, 9 
43738, 9, 9 
42059, 9, 9 
8721, 9, 9 
1984, 9, 9 
45445, 9, 9 
54793, 9, 9 
15309, 9, 9 
822, 9, 9 
43544, 9, 9 
45236, 9, 9 
27698, 9, 9 
37866, 9, 9 
30598, 9, 9 
19512, 9, 9 
38995, 9, 9 
53700, 9, 9 
19832, 9, 9 
53698, 9, 9 
38674, 9, 9 
25239, 9, 9 
57033, 9, 9 
43966, 9, 9 
7886, 9, 9 
48566, 9, 9 
56205, 9, 9 
18021, 9, 9 
33699, 9, 9 
48297, 9, 9 
34962, 9, 9 
45708, 9, 9 
20086, 9, 9 
37352, 9, 9 
23278, 9, 9 
57681, 9, 9 
39259, 9, 9 
12051, 9, 9 
41787, 9, 9 
22948, 9, 9 
31767, 9, 9 
18820, 9, 9 
50436, 9, 9 
19, 9, 9 
25376, 9, 9 
26833, 9, 9 
