id, true label, predicted label 
45504, 0, 0 
24842, 0, 0 
14959, 0, 0 
24749, 0, 0 
58694, 0, 0 
23136, 0, 0 
14153, 0, 0 
889, 0, 0 
20886, 0, 0 
4686, 0, 0 
50208, 0, 0 
59547, 0, 0 
3443, 0, 0 
21523, 0, 0 
12670, 0, 0 
34097, 0, 0 
53195, 0, 0 
34538, 0, 0 
2160, 0, 0 
38332, 0, 0 
55065, 0, 0 
58647, 0, 0 
53387, 0, 0 
56124, 0, 0 
20114, 0, 0 
24444, 0, 0 
11562, 0, 0 
59487, 0, 0 
5662, 0, 0 
1049, 0, 0 
15042, 0, 0 
27951, 0, 0 
55879, 0, 0 
12140, 0, 0 
42913, 0, 0 
47855, 0, 0 
49497, 0, 0 
33657, 0, 0 
57491, 0, 0 
30293, 0, 0 
3565, 0, 0 
9439, 0, 0 
10425, 0, 0 
38483, 0, 0 
44276, 0, 0 
7050, 0, 0 
36376, 0, 0 
6245, 0, 0 
33302, 0, 0 
41265, 0, 0 
20108, 1, 1 
12743, 1, 1 
43458, 1, 1 
32632, 1, 1 
56169, 1, 1 
27793, 1, 1 
26279, 1, 1 
52872, 1, 1 
57516, 1, 1 
46335, 1, 1 
7857, 1, 1 
13001, 1, 1 
19421, 1, 1 
48226, 1, 1 
2594, 1, 1 
11395, 1, 1 
5966, 1, 1 
42071, 1, 1 
49837, 1, 1 
41525, 1, 1 
7622, 1, 1 
19528, 1, 1 
26009, 1, 1 
34282, 1, 1 
29265, 1, 1 
50709, 1, 1 
9507, 1, 1 
44183, 1, 1 
15507, 1, 1 
36461, 1, 1 
35089, 1, 1 
56273, 1, 1 
13372, 1, 1 
23908, 1, 1 
13604, 1, 1 
5789, 1, 1 
32554, 1, 1 
22833, 1, 1 
134, 1, 1 
5610, 1, 1 
45495, 1, 1 
17538, 1, 1 
27297, 1, 1 
44919, 1, 1 
40315, 1, 1 
31250, 1, 1 
23255, 1, 1 
14070, 1, 1 
17943, 1, 1 
18741, 1, 1 
31024, 2, 2 
50748, 2, 2 
20761, 2, 2 
29674, 2, 2 
27138, 2, 2 
42622, 2, 2 
21952, 2, 2 
44195, 2, 2 
2337, 2, 2 
53019, 2, 2 
50105, 2, 2 
34799, 2, 2 
51379, 2, 2 
2171, 2, 2 
53008, 2, 2 
20748, 2, 2 
35031, 2, 2 
28275, 2, 2 
48460, 2, 2 
15751, 2, 2 
27852, 2, 2 
53773, 2, 2 
9891, 2, 2 
56553, 2, 2 
16196, 2, 2 
47922, 2, 2 
32292, 2, 2 
38469, 2, 2 
39734, 2, 2 
18651, 2, 2 
21742, 2, 2 
46708, 2, 2 
41074, 2, 2 
57752, 2, 2 
23080, 2, 2 
4269, 2, 2 
9757, 2, 2 
12582, 2, 2 
16812, 2, 2 
51931, 2, 2 
42115, 2, 2 
59572, 2, 2 
8152, 2, 2 
8617, 2, 2 
22414, 2, 2 
11812, 2, 2 
7624, 2, 2 
41399, 2, 2 
26157, 2, 2 
48674, 2, 2 
4740, 3, 3 
50043, 3, 3 
42215, 3, 3 
21102, 3, 3 
47311, 3, 3 
43943, 3, 3 
1935, 3, 3 
15292, 3, 3 
25820, 3, 3 
56029, 3, 3 
55485, 3, 3 
43759, 3, 3 
44426, 3, 3 
32964, 3, 3 
21381, 3, 3 
54730, 3, 3 
9078, 3, 8 
2941, 3, 3 
57373, 3, 3 
16873, 3, 3 
8816, 3, 3 
48281, 3, 3 
27640, 3, 3 
9620, 3, 3 
55116, 3, 3 
59550, 3, 3 
31452, 3, 3 
41299, 3, 3 
8976, 3, 3 
17328, 3, 3 
31595, 3, 3 
15412, 3, 3 
24448, 3, 3 
45644, 3, 3 
26209, 3, 3 
38927, 3, 3 
30213, 3, 3 
11777, 3, 3 
28316, 3, 3 
24943, 3, 3 
24528, 3, 3 
25882, 3, 3 
31428, 3, 3 
25145, 3, 3 
57523, 3, 3 
56420, 3, 3 
57897, 3, 3 
50317, 3, 3 
6213, 3, 3 
53039, 3, 3 
46925, 4, 4 
50154, 4, 4 
31692, 4, 4 
37080, 4, 4 
13861, 4, 4 
42382, 4, 4 
3686, 4, 4 
19608, 4, 4 
11343, 4, 4 
44877, 4, 4 
29885, 4, 4 
20467, 4, 4 
59501, 4, 4 
38253, 4, 4 
10845, 4, 4 
42553, 4, 4 
8235, 4, 4 
2809, 4, 4 
4939, 4, 4 
11512, 4, 4 
25990, 4, 4 
23529, 4, 4 
29631, 4, 4 
27308, 4, 4 
9388, 4, 4 
37485, 4, 4 
21858, 4, 4 
31669, 4, 4 
8240, 4, 4 
32829, 4, 4 
46487, 4, 4 
31083, 4, 4 
54992, 4, 4 
58347, 4, 4 
6653, 4, 4 
49733, 4, 4 
42333, 4, 4 
45613, 4, 4 
23580, 4, 4 
57857, 4, 4 
37645, 4, 4 
9957, 4, 4 
16180, 4, 4 
20236, 4, 4 
2420, 4, 4 
32108, 4, 4 
57422, 4, 4 
50149, 4, 4 
53439, 4, 4 
3074, 4, 4 
45124, 5, 5 
32059, 5, 5 
22686, 5, 5 
6451, 5, 5 
27310, 5, 5 
48856, 5, 5 
1795, 5, 5 
21989, 5, 5 
12386, 5, 5 
47846, 5, 5 
20922, 5, 5 
22556, 5, 5 
55718, 5, 5 
45808, 5, 5 
4847, 5, 5 
14630, 5, 5 
2172, 5, 5 
11182, 5, 5 
47609, 5, 5 
16926, 5, 5 
39015, 5, 5 
30961, 5, 5 
28606, 5, 5 
32548, 5, 5 
44625, 5, 5 
53244, 5, 5 
19609, 5, 5 
52737, 5, 5 
9352, 5, 5 
29384, 5, 5 
37791, 5, 5 
45011, 5, 5 
54361, 5, 5 
41657, 5, 5 
16315, 5, 5 
33972, 5, 5 
54781, 5, 5 
52610, 5, 5 
40761, 5, 5 
55712, 5, 5 
12821, 5, 5 
32720, 5, 5 
45282, 5, 5 
42359, 5, 5 
45991, 5, 5 
4948, 5, 5 
7963, 5, 5 
31782, 5, 5 
4844, 5, 5 
14707, 5, 5 
26019, 6, 6 
13375, 6, 6 
25270, 6, 6 
30314, 6, 6 
32183, 6, 6 
2756, 6, 6 
10729, 6, 6 
35200, 6, 6 
13220, 6, 6 
4430, 6, 6 
8064, 6, 6 
8417, 6, 6 
8523, 6, 6 
6982, 6, 6 
57122, 6, 6 
401, 6, 6 
49328, 6, 6 
10790, 6, 6 
996, 6, 6 
48262, 6, 6 
53057, 6, 6 
30440, 6, 6 
29537, 6, 6 
2992, 6, 6 
22084, 6, 6 
54841, 6, 6 
26345, 6, 6 
44355, 6, 6 
16534, 6, 6 
43424, 6, 6 
40717, 6, 6 
33559, 6, 6 
59637, 6, 6 
21832, 6, 6 
48744, 6, 6 
10224, 6, 6 
17636, 6, 6 
23284, 6, 6 
49036, 6, 6 
9446, 6, 6 
58191, 6, 6 
25611, 6, 6 
25113, 6, 6 
8376, 6, 6 
51508, 6, 6 
55900, 6, 6 
2836, 6, 6 
30139, 6, 6 
30857, 6, 6 
16768, 6, 6 
8069, 7, 7 
38743, 7, 7 
35277, 7, 7 
33710, 7, 7 
1570, 7, 7 
45744, 7, 7 
27155, 7, 7 
57809, 7, 7 
37525, 7, 7 
31713, 7, 7 
46771, 7, 7 
48105, 7, 7 
36876, 7, 7 
31824, 7, 7 
23164, 7, 7 
23684, 7, 7 
44610, 7, 7 
29762, 7, 7 
38994, 7, 7 
57718, 7, 7 
57357, 7, 7 
23402, 7, 7 
51911, 7, 7 
58480, 7, 7 
9681, 7, 7 
43461, 7, 7 
29948, 7, 7 
31196, 7, 7 
45310, 7, 7 
32651, 7, 7 
52173, 7, 7 
28921, 7, 7 
25319, 7, 7 
33920, 7, 7 
17490, 7, 7 
10932, 7, 7 
43493, 7, 7 
43354, 7, 7 
36158, 7, 7 
26642, 7, 7 
20977, 7, 7 
7547, 7, 7 
16420, 7, 7 
13333, 7, 7 
56932, 7, 7 
17443, 7, 7 
20703, 7, 7 
35745, 7, 7 
41240, 7, 7 
35101, 7, 7 
41133, 8, 8 
13354, 8, 8 
29678, 8, 8 
13327, 8, 8 
57090, 8, 8 
10973, 8, 8 
18890, 8, 8 
36445, 8, 8 
27488, 8, 8 
35940, 8, 8 
10595, 8, 8 
5200, 8, 8 
19928, 8, 8 
16897, 8, 8 
8303, 8, 8 
49661, 8, 8 
34029, 8, 8 
2135, 8, 8 
56881, 8, 8 
37774, 8, 8 
46982, 8, 8 
5460, 8, 8 
57179, 8, 8 
22755, 8, 8 
40549, 8, 8 
17515, 8, 8 
2951, 8, 8 
38971, 8, 8 
53281, 8, 8 
25131, 8, 8 
22469, 8, 8 
10201, 8, 8 
34313, 8, 8 
59090, 8, 8 
24223, 8, 8 
40106, 8, 8 
5537, 8, 8 
47297, 8, 8 
2507, 8, 8 
52250, 8, 8 
7814, 8, 8 
11940, 8, 8 
17948, 8, 8 
16252, 8, 8 
46959, 8, 8 
54120, 8, 8 
2150, 8, 8 
792, 8, 8 
796, 8, 8 
7924, 8, 8 
11903, 9, 9 
20164, 9, 9 
1674, 9, 9 
45355, 9, 9 
50209, 9, 9 
24053, 9, 9 
3355, 9, 9 
41942, 9, 9 
37586, 9, 9 
788, 9, 9 
35054, 9, 9 
2712, 9, 9 
4362, 9, 9 
1370, 9, 9 
51942, 9, 9 
27626, 9, 9 
52060, 9, 9 
39869, 9, 9 
48186, 9, 9 
51938, 9, 9 
19403, 9, 9 
46972, 9, 9 
52795, 9, 9 
30977, 9, 9 
9614, 9, 9 
46176, 9, 9 
17377, 9, 9 
49844, 9, 9 
53442, 9, 9 
22961, 9, 9 
19860, 9, 9 
14217, 9, 9 
42052, 9, 9 
39073, 9, 9 
3374, 9, 9 
52576, 9, 9 
17319, 9, 9 
10055, 9, 9 
19718, 9, 9 
49128, 9, 9 
3310, 9, 9 
9933, 9, 9 
31834, 9, 9 
13692, 9, 9 
30505, 9, 9 
24991, 9, 9 
25881, 9, 9 
27277, 9, 9 
52883, 9, 9 
30603, 9, 9 
