id, true label, predicted label 
50151, 0, 0 
14729, 0, 0 
15330, 0, 0 
44372, 0, 0 
9342, 0, 0 
51108, 0, 0 
13397, 0, 0 
6619, 0, 0 
1678, 0, 0 
34457, 0, 0 
53684, 0, 0 
10071, 0, 0 
33847, 0, 0 
40340, 0, 0 
4563, 0, 0 
45359, 0, 0 
24962, 0, 0 
5886, 0, 0 
21932, 0, 0 
15868, 0, 0 
38126, 0, 0 
1310, 0, 0 
6593, 0, 0 
48529, 0, 0 
45288, 0, 0 
4597, 0, 0 
46375, 0, 0 
38574, 0, 0 
8003, 0, 0 
24393, 0, 0 
59017, 0, 0 
21314, 0, 0 
50328, 0, 0 
18137, 0, 0 
47513, 0, 0 
48274, 0, 0 
10326, 0, 0 
11712, 0, 0 
44867, 0, 0 
57491, 0, 0 
6316, 0, 0 
58062, 0, 0 
9506, 0, 0 
20877, 0, 0 
7219, 0, 0 
49952, 0, 0 
6819, 0, 0 
50281, 0, 0 
13377, 0, 0 
42559, 0, 0 
28743, 1, 1 
50225, 1, 1 
16742, 1, 1 
23889, 1, 1 
19440, 1, 1 
31908, 1, 1 
23097, 1, 1 
4790, 1, 1 
36558, 1, 1 
19640, 1, 1 
14345, 1, 1 
51390, 1, 1 
48112, 1, 1 
45167, 1, 1 
15885, 1, 1 
12212, 1, 1 
13390, 1, 1 
42740, 1, 1 
58266, 1, 1 
18659, 1, 1 
17637, 1, 1 
31487, 1, 1 
23030, 1, 1 
41031, 1, 1 
28738, 1, 1 
38769, 1, 1 
54614, 1, 1 
54664, 1, 1 
50993, 1, 1 
24208, 1, 1 
19991, 1, 1 
29285, 1, 1 
31771, 1, 1 
50632, 1, 1 
31264, 1, 1 
40101, 1, 1 
51432, 1, 1 
1003, 1, 1 
56584, 1, 1 
27531, 1, 1 
41333, 1, 1 
46178, 1, 1 
1627, 1, 1 
39173, 1, 1 
21699, 1, 1 
56750, 1, 1 
27590, 1, 1 
21376, 1, 1 
40864, 1, 1 
58767, 1, 1 
47557, 2, 2 
23610, 2, 2 
27347, 2, 2 
39545, 2, 2 
56215, 2, 2 
16281, 2, 2 
18943, 2, 2 
44549, 2, 2 
56083, 2, 2 
54350, 2, 2 
12517, 2, 2 
59152, 2, 2 
30884, 2, 2 
5744, 2, 2 
27384, 2, 2 
28218, 2, 2 
6270, 2, 2 
48279, 2, 2 
49993, 2, 2 
40853, 2, 2 
21197, 2, 2 
43794, 2, 2 
45825, 2, 2 
9604, 2, 2 
42474, 2, 2 
28050, 2, 2 
31221, 2, 2 
10016, 2, 2 
46760, 2, 2 
57245, 2, 2 
39507, 2, 2 
50368, 2, 2 
58000, 2, 2 
17070, 2, 2 
35315, 2, 2 
37172, 2, 2 
17339, 2, 2 
36593, 2, 2 
42686, 2, 2 
19373, 2, 2 
29025, 2, 2 
34558, 2, 2 
53089, 2, 2 
2314, 2, 2 
26468, 2, 2 
13761, 2, 2 
23894, 2, 2 
47228, 2, 2 
52851, 2, 2 
56104, 2, 2 
15216, 3, 3 
21966, 3, 3 
42534, 3, 3 
47587, 3, 3 
44580, 3, 3 
17715, 3, 3 
48482, 3, 3 
2463, 3, 3 
9107, 3, 3 
55726, 3, 3 
4403, 3, 3 
26625, 3, 3 
37703, 3, 3 
13824, 3, 3 
10520, 3, 3 
29304, 3, 3 
6309, 3, 3 
51038, 3, 3 
52994, 3, 3 
11958, 3, 3 
5717, 3, 3 
22002, 3, 3 
42445, 3, 3 
50369, 3, 3 
43494, 3, 3 
46674, 3, 3 
32685, 3, 3 
33786, 3, 3 
1778, 3, 3 
18225, 3, 3 
25880, 3, 3 
21660, 3, 3 
28344, 3, 3 
48642, 3, 3 
5432, 3, 3 
4511, 3, 3 
23547, 3, 3 
16620, 3, 3 
33854, 3, 3 
22011, 3, 3 
42669, 3, 3 
34805, 3, 3 
22675, 3, 3 
19866, 3, 3 
9053, 3, 3 
23144, 3, 3 
16764, 3, 3 
34967, 3, 3 
39820, 3, 3 
54436, 3, 3 
53149, 4, 4 
59401, 4, 4 
4097, 4, 4 
15394, 4, 4 
48442, 4, 4 
20234, 4, 4 
33702, 4, 4 
13775, 4, 4 
44594, 4, 4 
33708, 4, 4 
23618, 4, 4 
31601, 4, 4 
21500, 4, 4 
29523, 4, 4 
29764, 4, 4 
53205, 4, 4 
25175, 4, 4 
25875, 4, 4 
10832, 4, 4 
18438, 4, 4 
46314, 4, 4 
30529, 4, 4 
45038, 4, 4 
47569, 4, 4 
1628, 4, 4 
25484, 4, 4 
55239, 4, 4 
23714, 4, 4 
24607, 4, 4 
24253, 4, 4 
9029, 4, 4 
58474, 4, 4 
37736, 4, 4 
17218, 4, 4 
49692, 4, 4 
41373, 4, 4 
56793, 4, 4 
32458, 4, 4 
8208, 4, 4 
32112, 4, 4 
39151, 4, 4 
53458, 4, 4 
28398, 4, 4 
57228, 4, 4 
19112, 4, 4 
43929, 4, 4 
43531, 4, 4 
29754, 4, 4 
18081, 4, 4 
41906, 4, 4 
10749, 5, 5 
31010, 5, 5 
11141, 5, 5 
11393, 5, 5 
52739, 5, 5 
55389, 5, 5 
33376, 5, 5 
22866, 5, 5 
1032, 5, 5 
50533, 5, 5 
27422, 5, 5 
15579, 5, 5 
54928, 5, 5 
8835, 5, 5 
921, 5, 5 
37865, 5, 5 
19741, 5, 5 
42850, 5, 5 
24765, 5, 5 
2780, 5, 5 
18947, 5, 5 
53272, 5, 5 
38433, 5, 5 
6848, 5, 5 
38362, 5, 5 
10995, 5, 5 
19746, 5, 5 
43651, 5, 5 
54491, 5, 5 
18673, 5, 5 
48659, 5, 5 
1785, 5, 5 
53413, 5, 5 
20815, 5, 5 
21329, 5, 5 
18696, 5, 5 
28657, 5, 5 
38477, 5, 5 
4845, 5, 5 
39978, 5, 5 
34857, 5, 5 
10566, 5, 5 
37567, 5, 5 
36999, 5, 5 
28175, 5, 5 
25335, 5, 5 
57240, 5, 5 
1996, 5, 5 
3832, 5, 5 
27353, 5, 5 
38479, 6, 6 
34960, 6, 6 
45269, 6, 6 
62, 6, 6 
41976, 6, 6 
56195, 6, 6 
31437, 6, 6 
19970, 6, 6 
9928, 6, 6 
42919, 6, 6 
17284, 6, 6 
22633, 6, 6 
51152, 6, 6 
19135, 6, 6 
10650, 6, 6 
31475, 6, 6 
17229, 6, 6 
19947, 6, 6 
16616, 6, 6 
18154, 6, 6 
18032, 6, 6 
13389, 6, 6 
51480, 6, 6 
30083, 6, 6 
29035, 6, 6 
4778, 6, 6 
23233, 6, 6 
38347, 6, 6 
36701, 6, 6 
6567, 6, 6 
15448, 6, 6 
20896, 6, 6 
17876, 6, 6 
36446, 6, 6 
50776, 6, 6 
15431, 6, 6 
21745, 6, 6 
15025, 6, 6 
32658, 6, 6 
49828, 6, 6 
5619, 6, 6 
40342, 6, 6 
7562, 6, 6 
11870, 6, 6 
24423, 6, 6 
57518, 6, 6 
34393, 6, 6 
19002, 6, 6 
56548, 6, 6 
54847, 6, 6 
47464, 7, 7 
16369, 7, 7 
57063, 7, 7 
40465, 7, 7 
19184, 7, 7 
56844, 7, 7 
37684, 7, 7 
11309, 7, 7 
31861, 7, 7 
21904, 7, 7 
36612, 7, 7 
23969, 7, 7 
38018, 7, 7 
3915, 7, 7 
40017, 7, 7 
17350, 7, 7 
34079, 7, 7 
59871, 7, 7 
46429, 7, 7 
42427, 7, 7 
22796, 7, 7 
19341, 7, 7 
53666, 7, 7 
44434, 7, 7 
42733, 7, 7 
54871, 7, 7 
17359, 7, 7 
12007, 7, 7 
47307, 7, 7 
436, 7, 7 
47117, 7, 7 
48721, 7, 7 
9988, 7, 7 
35223, 7, 7 
56591, 7, 7 
2027, 7, 7 
13000, 7, 7 
26801, 7, 7 
3721, 7, 7 
29786, 7, 7 
45518, 7, 7 
19054, 7, 7 
36340, 7, 7 
56873, 7, 7 
21083, 7, 7 
29633, 7, 7 
53164, 7, 7 
30670, 7, 7 
38220, 7, 7 
53832, 7, 7 
56952, 8, 8 
32166, 8, 8 
22934, 8, 8 
35467, 8, 8 
43403, 8, 8 
43145, 8, 8 
54550, 8, 8 
50231, 8, 8 
43538, 8, 8 
35364, 8, 8 
12084, 8, 8 
56667, 8, 8 
8371, 8, 8 
6533, 8, 8 
16500, 8, 8 
12014, 8, 8 
54047, 8, 8 
25387, 8, 8 
40935, 8, 8 
14941, 8, 8 
55519, 8, 8 
3584, 8, 8 
27029, 8, 8 
24479, 8, 8 
49414, 8, 8 
39142, 8, 8 
49522, 8, 8 
18775, 8, 8 
57217, 8, 8 
43165, 8, 8 
40698, 8, 8 
22784, 8, 8 
30401, 8, 8 
38112, 8, 8 
3144, 8, 8 
51615, 8, 8 
28884, 8, 8 
36754, 8, 8 
44944, 8, 8 
42656, 8, 8 
48704, 8, 8 
6242, 8, 8 
31832, 8, 8 
10632, 8, 8 
57493, 8, 8 
7101, 8, 8 
15979, 8, 8 
13343, 8, 8 
52968, 8, 8 
47274, 8, 8 
46578, 9, 9 
33443, 9, 9 
18756, 9, 9 
3510, 9, 9 
15151, 9, 9 
43405, 9, 9 
12674, 9, 9 
14336, 9, 9 
26314, 9, 9 
32857, 9, 9 
20333, 9, 9 
46784, 9, 9 
11732, 9, 9 
45775, 9, 9 
16341, 9, 9 
47755, 9, 9 
27904, 9, 9 
36477, 9, 9 
11366, 9, 9 
39000, 9, 9 
57782, 9, 9 
19728, 9, 9 
3316, 9, 9 
55803, 9, 9 
59080, 9, 9 
53276, 9, 9 
51297, 9, 9 
36880, 9, 9 
19269, 9, 9 
33699, 9, 9 
172, 9, 9 
30181, 9, 9 
53045, 9, 9 
44244, 9, 9 
29180, 9, 9 
19494, 9, 9 
32715, 9, 9 
4973, 9, 9 
9949, 9, 9 
14895, 9, 9 
37932, 9, 9 
24071, 9, 9 
42086, 9, 9 
34301, 9, 9 
9754, 9, 9 
18859, 9, 9 
3786, 9, 9 
28215, 9, 9 
35127, 9, 9 
50833, 9, 9 
