id, true label, predicted label 
22832, 0, 0 
33940, 0, 0 
12837, 0, 0 
23541, 0, 0 
41291, 0, 0 
25159, 0, 0 
42649, 0, 0 
37027, 0, 0 
39935, 0, 0 
6987, 0, 0 
27023, 0, 0 
19012, 0, 0 
28824, 0, 0 
38662, 0, 0 
32298, 0, 0 
13280, 0, 0 
43549, 0, 0 
45418, 0, 0 
50944, 0, 0 
9455, 0, 0 
52797, 0, 0 
5692, 0, 0 
42945, 0, 0 
36476, 0, 0 
33253, 0, 0 
48419, 0, 0 
35327, 0, 0 
17376, 0, 0 
34421, 0, 0 
57705, 0, 0 
46826, 0, 0 
49419, 0, 0 
2718, 0, 0 
44872, 0, 0 
25389, 0, 0 
37780, 0, 0 
21635, 0, 0 
43102, 0, 0 
32463, 0, 0 
19588, 0, 0 
46963, 0, 0 
32925, 0, 0 
54229, 0, 0 
55045, 0, 0 
49971, 0, 0 
35192, 0, 0 
43045, 0, 0 
9257, 0, 0 
38228, 0, 0 
4002, 0, 0 
18115, 1, 1 
34388, 1, 1 
56007, 1, 1 
58120, 1, 1 
35414, 1, 1 
32612, 1, 1 
38840, 1, 1 
54631, 1, 1 
19940, 1, 1 
6366, 1, 1 
50136, 1, 1 
37038, 1, 1 
10362, 1, 1 
16368, 1, 1 
7169, 1, 1 
22455, 1, 1 
25443, 1, 1 
43984, 1, 1 
40220, 1, 1 
2134, 1, 1 
3394, 1, 1 
57057, 1, 1 
23390, 1, 1 
25352, 1, 1 
25504, 1, 1 
15265, 1, 1 
59596, 1, 1 
49623, 1, 1 
31534, 1, 1 
22476, 1, 1 
23182, 1, 1 
33841, 1, 1 
39849, 1, 1 
41222, 1, 1 
5552, 1, 1 
17030, 1, 1 
25327, 1, 1 
46046, 1, 1 
49964, 1, 1 
51779, 1, 1 
50313, 1, 1 
44245, 1, 1 
21964, 1, 1 
8963, 1, 1 
51710, 1, 1 
39533, 1, 1 
618, 1, 1 
45855, 1, 1 
44359, 1, 1 
6998, 1, 1 
51212, 2, 2 
43974, 2, 2 
50167, 2, 2 
9627, 2, 2 
6773, 2, 2 
23231, 2, 2 
27490, 2, 2 
18643, 2, 2 
51100, 2, 2 
57876, 2, 2 
49285, 2, 2 
29188, 2, 2 
25752, 2, 2 
3748, 2, 2 
21665, 2, 2 
161, 2, 2 
49115, 2, 2 
49819, 2, 2 
36884, 2, 2 
12585, 2, 2 
25927, 2, 2 
57604, 2, 2 
40151, 2, 2 
55319, 2, 2 
22070, 2, 2 
43449, 2, 2 
56993, 2, 2 
16200, 2, 2 
120, 2, 2 
9712, 2, 2 
51064, 2, 2 
24098, 2, 2 
20612, 2, 2 
7633, 2, 2 
53963, 2, 2 
43105, 2, 2 
38952, 2, 2 
52840, 2, 2 
47531, 2, 2 
48029, 2, 2 
56100, 2, 2 
45342, 2, 2 
11066, 2, 2 
59253, 2, 2 
57694, 2, 2 
10707, 2, 2 
24790, 2, 2 
38170, 2, 2 
22369, 2, 2 
49029, 2, 2 
14883, 3, 3 
44729, 3, 3 
48761, 3, 3 
12483, 3, 3 
33772, 3, 3 
43869, 3, 3 
29153, 3, 3 
13110, 3, 3 
45783, 3, 3 
31044, 3, 3 
52168, 3, 3 
43252, 3, 3 
34552, 3, 3 
4878, 3, 3 
23488, 3, 3 
4328, 3, 3 
5687, 3, 3 
36872, 3, 3 
10328, 3, 3 
23634, 3, 3 
51469, 3, 3 
20426, 3, 3 
33709, 3, 3 
52059, 3, 3 
42938, 3, 3 
46595, 3, 3 
20397, 3, 3 
53382, 3, 3 
14303, 3, 3 
37169, 3, 3 
47781, 3, 3 
3995, 3, 3 
45586, 3, 3 
55008, 3, 3 
5649, 3, 3 
5412, 3, 3 
98, 3, 3 
2771, 3, 3 
8055, 3, 3 
54615, 3, 3 
16911, 3, 3 
9904, 3, 3 
17295, 3, 3 
33240, 3, 3 
48557, 3, 3 
34427, 3, 3 
43991, 3, 3 
42931, 3, 3 
15379, 3, 3 
24575, 3, 3 
50009, 4, 4 
8874, 4, 4 
40834, 4, 4 
24855, 4, 4 
50737, 4, 4 
35442, 4, 4 
5361, 4, 4 
37958, 4, 4 
46550, 4, 4 
30298, 4, 4 
51657, 4, 4 
10462, 4, 4 
31860, 4, 4 
44613, 4, 4 
14620, 4, 4 
11496, 4, 4 
58057, 4, 4 
21340, 4, 4 
59169, 4, 4 
4839, 4, 4 
39743, 4, 4 
29742, 4, 4 
52704, 4, 4 
10467, 4, 4 
5038, 4, 4 
31036, 4, 4 
22409, 4, 4 
1380, 4, 4 
34389, 4, 4 
4297, 4, 4 
32798, 4, 4 
39680, 4, 4 
14193, 4, 4 
56364, 4, 4 
53222, 4, 4 
6532, 4, 4 
45339, 4, 4 
17417, 4, 4 
54563, 4, 4 
42742, 4, 4 
16397, 4, 4 
51221, 4, 4 
24169, 4, 4 
46561, 4, 4 
7145, 4, 4 
11585, 4, 4 
1345, 4, 4 
37794, 4, 4 
3668, 4, 4 
23435, 4, 4 
39831, 5, 5 
771, 5, 5 
56370, 5, 5 
52717, 5, 5 
22647, 5, 5 
1970, 5, 5 
23455, 5, 5 
48921, 5, 5 
15197, 5, 5 
36454, 5, 5 
15676, 5, 5 
12736, 5, 5 
18157, 5, 5 
12996, 5, 5 
49785, 5, 5 
27627, 5, 5 
55554, 5, 5 
8728, 5, 5 
36588, 5, 5 
17522, 5, 5 
3118, 5, 5 
42609, 5, 5 
52452, 5, 5 
31005, 5, 5 
32616, 5, 5 
37662, 5, 5 
1024, 5, 5 
14444, 5, 5 
12249, 5, 5 
42955, 5, 5 
21919, 5, 5 
37699, 5, 5 
7480, 5, 5 
53695, 5, 5 
27557, 5, 5 
43587, 5, 5 
14806, 5, 5 
26286, 5, 5 
15884, 5, 5 
4645, 5, 5 
35046, 5, 5 
25402, 5, 5 
29049, 5, 5 
28994, 5, 5 
33349, 5, 5 
36487, 5, 5 
19328, 5, 5 
38222, 5, 5 
38594, 5, 5 
31473, 5, 5 
20469, 6, 6 
7503, 6, 6 
4586, 6, 6 
9808, 6, 6 
48398, 6, 6 
6693, 6, 6 
10550, 6, 6 
13712, 6, 6 
37859, 6, 6 
55483, 6, 6 
26940, 6, 6 
44932, 6, 6 
56632, 6, 6 
39792, 6, 6 
7456, 6, 6 
39043, 6, 6 
7887, 6, 6 
26915, 6, 6 
30490, 6, 6 
10135, 6, 6 
13147, 6, 6 
29392, 6, 6 
18971, 6, 6 
5495, 6, 6 
18312, 6, 6 
51857, 6, 6 
13309, 6, 6 
23049, 6, 6 
14909, 6, 6 
24016, 6, 6 
45324, 6, 6 
42904, 6, 6 
50125, 6, 6 
56885, 6, 6 
27266, 6, 6 
57742, 6, 6 
13964, 6, 6 
21410, 6, 6 
21290, 6, 6 
5910, 6, 6 
50415, 6, 6 
48370, 6, 6 
56972, 6, 6 
8881, 6, 6 
21955, 6, 6 
25798, 6, 6 
4724, 6, 6 
39087, 6, 6 
25614, 6, 6 
49353, 6, 6 
55544, 7, 7 
27235, 7, 7 
56873, 7, 7 
19592, 7, 7 
49071, 7, 7 
38502, 7, 7 
56064, 7, 7 
48473, 7, 7 
30462, 7, 7 
29783, 7, 7 
40344, 7, 7 
56121, 7, 7 
49315, 7, 7 
2574, 7, 7 
11254, 7, 7 
47262, 7, 7 
12863, 7, 7 
50708, 7, 7 
52149, 7, 7 
2014, 7, 7 
14280, 7, 7 
19771, 7, 7 
3692, 7, 7 
3065, 7, 7 
6132, 7, 7 
11689, 7, 7 
39687, 7, 7 
42062, 7, 7 
44392, 7, 7 
57110, 7, 7 
28697, 7, 7 
6843, 7, 7 
48787, 7, 7 
30414, 7, 7 
43382, 7, 7 
38621, 7, 7 
49694, 7, 7 
39540, 7, 7 
49662, 7, 7 
12065, 7, 7 
8068, 7, 7 
4519, 7, 7 
47117, 7, 7 
30021, 7, 7 
42036, 7, 7 
31850, 7, 7 
22094, 7, 7 
55842, 7, 7 
47682, 7, 7 
56086, 7, 7 
16417, 8, 8 
18014, 8, 8 
15723, 8, 8 
19928, 8, 8 
53660, 8, 8 
48081, 8, 8 
32073, 8, 8 
36986, 8, 8 
14301, 8, 8 
36386, 8, 8 
19371, 8, 8 
20079, 8, 8 
28712, 8, 8 
4383, 8, 8 
36478, 8, 8 
43944, 8, 8 
40012, 8, 8 
12009, 8, 8 
38596, 8, 8 
15738, 8, 8 
16398, 8, 8 
33201, 8, 8 
54040, 8, 8 
24147, 8, 8 
50873, 8, 8 
29777, 8, 8 
15115, 8, 8 
1237, 8, 8 
30525, 8, 8 
54612, 8, 8 
46099, 8, 8 
49129, 8, 8 
52290, 8, 8 
20785, 8, 8 
33636, 8, 8 
41200, 8, 8 
58293, 8, 8 
4598, 8, 8 
1759, 8, 8 
51411, 8, 8 
56613, 8, 8 
19182, 8, 8 
18467, 8, 8 
28490, 8, 8 
25149, 8, 8 
54624, 8, 8 
46969, 8, 8 
56866, 8, 8 
9601, 8, 8 
31334, 8, 8 
38020, 9, 9 
27734, 9, 9 
27846, 9, 9 
59496, 9, 9 
16034, 9, 9 
2763, 9, 9 
34123, 9, 9 
7545, 9, 9 
10516, 9, 9 
18820, 9, 9 
26877, 9, 9 
38767, 9, 9 
18928, 9, 9 
53935, 9, 9 
12739, 9, 9 
34920, 9, 9 
18175, 9, 9 
46413, 9, 9 
51807, 9, 9 
18510, 9, 9 
42642, 9, 9 
49544, 9, 9 
36779, 9, 9 
45201, 9, 9 
9481, 9, 9 
1591, 9, 9 
54647, 9, 9 
51581, 9, 9 
45440, 9, 9 
14235, 9, 9 
18458, 9, 9 
35647, 9, 9 
26822, 9, 9 
27926, 9, 9 
29400, 9, 9 
5726, 9, 9 
20997, 9, 9 
5999, 9, 9 
57776, 9, 9 
28713, 9, 9 
39538, 9, 9 
21669, 9, 9 
3645, 9, 9 
27908, 9, 9 
17698, 9, 9 
37867, 9, 9 
28481, 9, 9 
21892, 9, 9 
45301, 9, 9 
32860, 9, 9 
