id, true label, predicted label 
48142, 0, 0 
30044, 0, 0 
7338, 0, 0 
53857, 0, 0 
57298, 0, 0 
10188, 0, 0 
29809, 0, 0 
28221, 0, 0 
1605, 0, 0 
24525, 0, 0 
11014, 0, 0 
2996, 0, 0 
26623, 0, 0 
17187, 0, 0 
27822, 0, 0 
29805, 0, 0 
47822, 0, 0 
43556, 0, 0 
36371, 0, 0 
9329, 0, 0 
36391, 0, 0 
22897, 0, 0 
56704, 0, 0 
55879, 0, 0 
15237, 0, 0 
8129, 0, 0 
13799, 0, 0 
38488, 0, 0 
55275, 0, 0 
7465, 0, 0 
33538, 0, 0 
903, 0, 0 
26366, 0, 0 
1857, 0, 0 
48176, 0, 0 
18337, 0, 0 
39685, 0, 0 
33848, 0, 0 
38889, 0, 0 
14157, 0, 0 
58402, 0, 0 
9204, 0, 0 
42674, 0, 0 
29235, 0, 0 
54391, 0, 0 
43561, 0, 0 
11779, 0, 0 
37902, 0, 0 
20141, 0, 0 
48742, 0, 0 
59339, 1, 1 
2663, 1, 1 
24555, 1, 1 
36457, 1, 1 
32704, 1, 1 
33122, 1, 1 
33600, 1, 1 
50103, 1, 1 
51468, 1, 1 
4492, 1, 1 
34402, 1, 1 
8806, 1, 1 
38840, 1, 1 
10027, 1, 1 
4960, 1, 1 
58806, 1, 1 
40327, 1, 1 
11835, 1, 1 
53375, 1, 1 
58082, 1, 1 
59596, 1, 1 
3456, 1, 1 
9579, 1, 1 
9815, 1, 1 
36380, 1, 1 
16991, 1, 1 
47880, 1, 1 
23656, 1, 1 
56851, 1, 1 
15427, 1, 1 
45063, 1, 1 
13825, 1, 1 
8160, 1, 1 
4069, 1, 1 
46029, 1, 1 
43297, 1, 1 
5862, 1, 1 
25414, 1, 1 
16608, 1, 1 
44693, 1, 1 
32597, 1, 1 
33663, 1, 1 
35108, 1, 1 
8916, 1, 1 
27578, 1, 1 
47785, 1, 1 
24013, 1, 1 
45302, 1, 1 
10458, 1, 1 
39846, 1, 1 
45964, 2, 2 
45868, 2, 2 
39719, 2, 2 
35454, 2, 2 
26646, 2, 2 
58644, 2, 2 
46343, 2, 2 
10078, 2, 2 
57620, 2, 2 
43975, 2, 2 
36965, 2, 2 
59231, 2, 2 
27874, 2, 2 
19152, 2, 2 
18776, 2, 2 
43176, 2, 2 
42792, 2, 2 
32010, 2, 2 
32601, 2, 2 
37669, 2, 2 
9672, 2, 2 
50691, 2, 2 
32918, 2, 2 
48811, 2, 2 
8474, 2, 2 
49421, 2, 2 
7732, 2, 2 
45838, 2, 2 
854, 2, 2 
30122, 2, 2 
32545, 2, 2 
15368, 2, 2 
22187, 2, 2 
32408, 2, 2 
47515, 2, 2 
45705, 2, 2 
54330, 2, 2 
16408, 2, 2 
22930, 2, 2 
15642, 2, 2 
37671, 2, 2 
31709, 2, 2 
16351, 2, 2 
46364, 2, 2 
56785, 2, 2 
58572, 2, 2 
32450, 2, 2 
20882, 2, 2 
48349, 2, 2 
7223, 2, 2 
7655, 3, 3 
54700, 3, 3 
56488, 3, 3 
48563, 3, 3 
21154, 3, 3 
41834, 3, 3 
49166, 3, 3 
13628, 3, 3 
5987, 3, 3 
13208, 3, 3 
43027, 3, 3 
41143, 3, 3 
46138, 3, 3 
48794, 3, 3 
30284, 3, 3 
7600, 3, 3 
5812, 3, 3 
18274, 3, 3 
42201, 3, 3 
38383, 3, 3 
55743, 3, 3 
2603, 3, 3 
2146, 3, 3 
21606, 3, 3 
30645, 3, 3 
42681, 3, 3 
38900, 3, 3 
17208, 3, 3 
19222, 3, 3 
15930, 3, 3 
50554, 3, 3 
12536, 3, 3 
16510, 3, 3 
8236, 3, 3 
20805, 3, 3 
30679, 3, 3 
23482, 3, 3 
50885, 3, 3 
21056, 3, 3 
24336, 3, 3 
37464, 3, 3 
54001, 3, 3 
33828, 3, 3 
4011, 3, 3 
34289, 3, 3 
22154, 3, 3 
2536, 3, 3 
41010, 3, 3 
14210, 3, 3 
48817, 3, 3 
29606, 4, 4 
10990, 4, 4 
8570, 4, 4 
59580, 4, 4 
42710, 4, 4 
34144, 4, 4 
22535, 4, 4 
21130, 4, 4 
27141, 4, 4 
11598, 4, 4 
2922, 4, 4 
13520, 4, 4 
30276, 4, 4 
34102, 4, 4 
55191, 4, 4 
14274, 4, 4 
17523, 4, 4 
46112, 4, 4 
55898, 4, 4 
23175, 4, 4 
16526, 4, 4 
33852, 4, 4 
43797, 4, 4 
24258, 4, 4 
48763, 4, 4 
36419, 4, 4 
47589, 4, 4 
23429, 4, 4 
7442, 4, 4 
14105, 4, 4 
56183, 4, 4 
37988, 4, 4 
37585, 4, 4 
57845, 4, 4 
21491, 4, 4 
1149, 4, 4 
12972, 4, 4 
47665, 4, 4 
18846, 4, 4 
9040, 4, 4 
6351, 4, 4 
22590, 4, 4 
12873, 4, 4 
31246, 4, 4 
29946, 4, 4 
8560, 4, 4 
27040, 4, 4 
23913, 4, 4 
52074, 4, 4 
41825, 4, 4 
51973, 5, 5 
2554, 5, 5 
27255, 5, 5 
3768, 5, 5 
59180, 5, 5 
33602, 5, 5 
28315, 5, 5 
36690, 5, 5 
36407, 5, 5 
42604, 5, 5 
5678, 5, 5 
13300, 5, 5 
19980, 5, 5 
31734, 5, 5 
42560, 5, 5 
29539, 5, 5 
19868, 5, 5 
45512, 5, 5 
30626, 5, 5 
32258, 5, 5 
4760, 5, 5 
35214, 5, 5 
56589, 5, 5 
3859, 5, 5 
21754, 5, 5 
29749, 5, 5 
37180, 5, 5 
29058, 5, 5 
40346, 5, 5 
37409, 5, 5 
33617, 5, 5 
11782, 5, 5 
51367, 5, 5 
39556, 5, 5 
35500, 5, 5 
31344, 5, 5 
54928, 5, 5 
55878, 5, 5 
31316, 5, 5 
5839, 5, 5 
20837, 5, 5 
58862, 5, 5 
17073, 5, 5 
38023, 5, 5 
37592, 5, 5 
30456, 5, 5 
10811, 5, 5 
32699, 5, 5 
407, 5, 5 
28046, 5, 5 
10475, 6, 6 
25795, 6, 6 
44503, 6, 6 
24609, 6, 6 
10725, 6, 6 
12216, 6, 6 
31040, 6, 6 
52626, 6, 6 
34535, 6, 6 
40650, 6, 6 
52584, 6, 6 
3789, 6, 6 
19384, 6, 6 
53359, 6, 6 
43264, 6, 6 
23958, 6, 6 
46903, 6, 6 
4364, 6, 6 
30904, 6, 6 
16077, 6, 6 
19986, 6, 6 
34135, 6, 6 
58166, 6, 6 
19761, 6, 6 
10996, 6, 6 
35736, 6, 6 
36372, 6, 6 
37236, 6, 6 
37803, 6, 6 
34186, 6, 6 
2062, 6, 6 
53009, 6, 6 
32477, 6, 6 
25943, 6, 6 
43592, 6, 6 
10917, 6, 6 
30687, 6, 6 
49216, 6, 6 
816, 6, 6 
57313, 6, 6 
13970, 6, 6 
55798, 6, 6 
56629, 6, 6 
40304, 6, 6 
17098, 6, 6 
29079, 6, 6 
51538, 6, 6 
59848, 6, 6 
47147, 6, 6 
43673, 6, 6 
214, 7, 7 
57925, 7, 7 
1166, 7, 7 
39053, 7, 7 
20694, 7, 7 
8049, 7, 7 
44756, 7, 7 
54818, 7, 7 
17443, 7, 7 
35371, 7, 9 
50224, 7, 7 
9882, 7, 7 
2477, 7, 7 
41769, 7, 9 
39672, 7, 7 
48377, 7, 7 
30541, 7, 7 
12558, 7, 7 
22342, 7, 7 
4618, 7, 7 
5242, 7, 7 
39687, 7, 7 
28429, 7, 7 
35199, 7, 7 
22399, 7, 7 
4354, 7, 7 
26749, 7, 9 
1281, 7, 7 
22759, 7, 7 
26049, 7, 7 
49024, 7, 7 
41244, 7, 7 
32294, 7, 7 
25201, 7, 7 
17724, 7, 7 
7644, 7, 7 
42811, 7, 7 
36889, 7, 7 
12273, 7, 7 
48801, 7, 7 
32236, 7, 7 
38819, 7, 7 
37100, 7, 7 
55934, 7, 7 
1833, 7, 7 
13637, 7, 7 
43163, 7, 7 
7945, 7, 7 
57927, 7, 7 
27543, 7, 7 
57678, 8, 8 
33325, 8, 8 
4634, 8, 8 
49744, 8, 8 
46495, 8, 8 
2285, 8, 8 
32638, 8, 8 
59101, 8, 8 
39131, 8, 8 
35958, 8, 8 
7570, 8, 8 
20986, 8, 8 
22421, 8, 8 
8507, 8, 8 
53580, 8, 8 
27418, 8, 8 
30026, 8, 8 
21065, 8, 8 
58990, 8, 8 
14209, 8, 8 
50176, 8, 8 
12944, 8, 8 
42442, 8, 8 
13189, 8, 8 
19214, 8, 8 
32046, 8, 8 
19538, 8, 8 
31390, 8, 8 
31030, 8, 8 
9591, 8, 8 
27469, 8, 8 
19000, 8, 8 
28935, 8, 8 
37130, 8, 8 
2685, 8, 8 
38271, 8, 8 
40645, 8, 8 
6677, 8, 8 
26136, 8, 8 
3842, 8, 8 
36672, 8, 8 
15219, 8, 8 
10572, 8, 8 
39751, 8, 8 
17375, 8, 8 
16750, 8, 8 
47597, 8, 8 
1013, 8, 8 
12482, 8, 8 
50707, 8, 8 
10028, 9, 9 
59404, 9, 9 
26005, 9, 9 
38292, 9, 9 
26353, 9, 9 
29552, 9, 9 
800, 9, 9 
42643, 9, 9 
33380, 9, 9 
43660, 9, 9 
17861, 9, 9 
12894, 9, 9 
53729, 9, 9 
13945, 9, 9 
25463, 9, 9 
48290, 9, 9 
38647, 9, 9 
29426, 9, 9 
20316, 9, 9 
57670, 9, 9 
21072, 9, 9 
43223, 9, 9 
36181, 9, 9 
46353, 9, 9 
45144, 9, 9 
5172, 9, 9 
33576, 9, 9 
15670, 9, 9 
23682, 9, 9 
16561, 9, 9 
25298, 9, 9 
16804, 9, 9 
24071, 9, 9 
16776, 9, 9 
15151, 9, 9 
26973, 9, 9 
49640, 9, 9 
34615, 9, 9 
41178, 9, 9 
56135, 9, 9 
26212, 9, 9 
16621, 9, 9 
17591, 9, 9 
43920, 9, 9 
31215, 9, 9 
26199, 9, 9 
56923, 9, 9 
23611, 9, 9 
55568, 9, 9 
56807, 9, 9 
