id, true label, predicted label 
5514, 0, 0 
3562, 0, 0 
35473, 0, 0 
2745, 0, 0 
26436, 0, 0 
12907, 0, 0 
17187, 0, 0 
30734, 0, 0 
20934, 0, 0 
39683, 0, 0 
19581, 0, 0 
4389, 0, 0 
36241, 0, 0 
23882, 0, 0 
11851, 0, 0 
37287, 0, 0 
57201, 0, 0 
52393, 0, 0 
4892, 0, 0 
48364, 0, 0 
21985, 0, 0 
40412, 0, 0 
52204, 0, 0 
51308, 0, 0 
41490, 0, 0 
35516, 0, 0 
1926, 0, 0 
44060, 0, 0 
42612, 0, 0 
18324, 0, 0 
21314, 0, 0 
42324, 0, 0 
43497, 0, 0 
21602, 0, 0 
58110, 0, 0 
787, 0, 0 
4488, 0, 0 
51629, 0, 0 
5525, 0, 0 
49243, 0, 0 
49750, 0, 0 
53328, 0, 0 
46041, 0, 0 
57784, 0, 0 
29862, 0, 0 
25836, 0, 0 
25243, 0, 0 
18650, 0, 0 
9877, 0, 0 
4181, 0, 0 
638, 1, 1 
42731, 1, 1 
25749, 1, 1 
56945, 1, 1 
49612, 1, 1 
33684, 1, 1 
49145, 1, 1 
39711, 1, 1 
38522, 1, 1 
8530, 1, 1 
18115, 1, 1 
5957, 1, 1 
24564, 1, 1 
17847, 1, 1 
43214, 1, 1 
47440, 1, 1 
54094, 1, 1 
7603, 1, 1 
24900, 1, 1 
31966, 1, 1 
25202, 1, 1 
23115, 1, 1 
55142, 1, 1 
8575, 1, 1 
21173, 1, 1 
21878, 1, 1 
24729, 1, 1 
3130, 1, 1 
23835, 1, 1 
52693, 1, 1 
42702, 1, 1 
12323, 1, 1 
2623, 1, 1 
21398, 1, 1 
29812, 1, 1 
53891, 1, 1 
51426, 1, 1 
49368, 1, 1 
40219, 1, 1 
10508, 1, 1 
23970, 1, 1 
55846, 1, 1 
52648, 1, 1 
22137, 1, 1 
17180, 1, 1 
10139, 1, 1 
7324, 1, 1 
28291, 1, 1 
58689, 1, 1 
35737, 1, 1 
56049, 2, 2 
2189, 2, 2 
17241, 2, 2 
29735, 2, 2 
39042, 2, 2 
23028, 2, 2 
29611, 2, 2 
38935, 2, 2 
8133, 2, 2 
51151, 2, 2 
9471, 2, 2 
31092, 2, 2 
26956, 2, 2 
23952, 2, 2 
11449, 2, 2 
20265, 2, 2 
35202, 2, 2 
21598, 2, 2 
42671, 2, 2 
35453, 2, 2 
35279, 2, 2 
24290, 2, 2 
8411, 2, 2 
11344, 2, 2 
37957, 2, 2 
14121, 2, 2 
30794, 2, 2 
24551, 2, 2 
989, 2, 2 
32169, 2, 2 
30840, 2, 2 
52358, 2, 2 
19314, 2, 2 
8097, 2, 2 
873, 2, 2 
52316, 2, 2 
51550, 2, 2 
59721, 2, 2 
37974, 2, 2 
9472, 2, 2 
50716, 2, 2 
32991, 2, 2 
7484, 2, 2 
39145, 2, 2 
56298, 2, 2 
45714, 2, 2 
52144, 2, 2 
5357, 2, 2 
20520, 2, 2 
55202, 2, 2 
1144, 3, 3 
30062, 3, 3 
58163, 3, 3 
57909, 3, 3 
15163, 3, 3 
17116, 3, 3 
51655, 3, 3 
19092, 3, 3 
4628, 3, 3 
8773, 3, 3 
13579, 3, 3 
15251, 3, 3 
17189, 3, 3 
24142, 3, 3 
25829, 3, 3 
8475, 3, 3 
35170, 3, 3 
26419, 3, 3 
53474, 3, 3 
35692, 3, 3 
41287, 3, 3 
39081, 3, 3 
25802, 3, 3 
57762, 3, 3 
56761, 3, 3 
33655, 3, 3 
12593, 3, 3 
45758, 3, 3 
40683, 3, 3 
24524, 3, 3 
35379, 3, 3 
45911, 3, 3 
17295, 3, 3 
7966, 3, 3 
40184, 3, 3 
40789, 3, 3 
26247, 3, 3 
54730, 3, 3 
40962, 3, 3 
56383, 3, 3 
46062, 3, 3 
54147, 3, 3 
11259, 3, 3 
40720, 3, 3 
50087, 3, 3 
9482, 3, 3 
18955, 3, 3 
55592, 3, 3 
47587, 3, 3 
39814, 3, 3 
41686, 4, 4 
31223, 4, 4 
55025, 4, 4 
38316, 4, 4 
41825, 4, 4 
32213, 4, 4 
20182, 4, 4 
24758, 4, 4 
21936, 4, 4 
8086, 4, 4 
10177, 4, 4 
46384, 4, 4 
39241, 4, 4 
10459, 4, 4 
14528, 4, 4 
29063, 4, 4 
44521, 4, 4 
22361, 4, 4 
2441, 4, 4 
55810, 4, 4 
48595, 4, 4 
804, 4, 4 
13870, 4, 4 
46568, 4, 4 
10683, 4, 4 
54410, 4, 4 
8117, 4, 4 
22456, 4, 4 
31285, 4, 4 
33312, 4, 4 
9100, 4, 4 
14501, 4, 4 
58325, 4, 4 
32172, 4, 4 
55883, 4, 4 
19522, 4, 4 
58514, 4, 4 
35078, 4, 4 
20809, 4, 4 
20183, 4, 4 
53449, 4, 4 
15274, 4, 4 
16566, 4, 4 
2686, 4, 4 
40703, 4, 4 
47089, 4, 4 
23135, 4, 4 
12817, 4, 4 
20652, 4, 4 
48890, 4, 4 
11873, 5, 5 
58375, 5, 5 
59492, 5, 5 
23200, 5, 5 
12818, 5, 5 
36480, 5, 5 
11402, 5, 5 
16494, 5, 5 
49062, 5, 5 
39271, 5, 5 
42108, 5, 5 
49671, 5, 5 
24792, 5, 5 
41263, 5, 5 
24001, 5, 5 
42964, 5, 5 
44804, 5, 5 
38414, 5, 5 
19056, 5, 5 
11876, 5, 5 
8668, 5, 5 
41025, 5, 5 
49348, 5, 5 
59278, 5, 5 
4495, 5, 5 
54465, 5, 5 
3613, 5, 5 
20837, 5, 5 
23449, 5, 5 
48623, 5, 5 
59584, 5, 5 
620, 5, 5 
3361, 5, 5 
19174, 5, 5 
2933, 5, 5 
9814, 5, 5 
48971, 5, 5 
7902, 5, 5 
39573, 5, 5 
50649, 5, 5 
15306, 5, 5 
7244, 5, 5 
38071, 5, 5 
51822, 5, 5 
29404, 5, 5 
33404, 5, 5 
49520, 5, 5 
53675, 5, 5 
32023, 5, 5 
12284, 5, 5 
28572, 6, 6 
5556, 6, 6 
40501, 6, 6 
5071, 6, 6 
53095, 6, 6 
46669, 6, 6 
29275, 6, 6 
35935, 6, 6 
36903, 6, 6 
37477, 6, 6 
48609, 6, 6 
25047, 6, 6 
3097, 6, 6 
29944, 6, 6 
56385, 6, 6 
26019, 6, 6 
34374, 6, 6 
4431, 6, 6 
30106, 6, 6 
44984, 6, 6 
38045, 6, 6 
33779, 6, 6 
42843, 6, 6 
6578, 6, 6 
36344, 6, 6 
44315, 6, 6 
15188, 6, 6 
59431, 6, 6 
50160, 6, 6 
15287, 6, 6 
48857, 6, 6 
42481, 6, 6 
41351, 6, 6 
8420, 6, 6 
8336, 6, 6 
39112, 6, 6 
48507, 6, 6 
59347, 6, 6 
56937, 6, 6 
57777, 6, 6 
26425, 6, 6 
52365, 6, 6 
21311, 6, 6 
11173, 6, 6 
6876, 6, 6 
24774, 6, 6 
1228, 6, 6 
59181, 6, 6 
53581, 6, 6 
8091, 6, 6 
59851, 7, 7 
12138, 7, 7 
55426, 7, 7 
34267, 7, 7 
4899, 7, 7 
44865, 7, 7 
41928, 7, 7 
19893, 7, 7 
49867, 7, 7 
50884, 7, 7 
44062, 7, 7 
44536, 7, 7 
4432, 7, 7 
8980, 7, 7 
41520, 7, 7 
10828, 7, 7 
50520, 7, 7 
18681, 7, 7 
4785, 7, 7 
46356, 7, 7 
1770, 7, 7 
29855, 7, 7 
16343, 7, 7 
56900, 7, 7 
37713, 7, 7 
51829, 7, 7 
38096, 7, 7 
30768, 7, 7 
22971, 7, 7 
32346, 7, 1 
46249, 7, 7 
38291, 7, 7 
12970, 7, 7 
21621, 7, 7 
23271, 7, 7 
45143, 7, 1 
38920, 7, 7 
1953, 7, 7 
31459, 7, 7 
32571, 7, 7 
18816, 7, 7 
41362, 7, 7 
47364, 7, 7 
10408, 7, 7 
21904, 7, 7 
52497, 7, 7 
29282, 7, 7 
40018, 7, 7 
43082, 7, 7 
34487, 7, 7 
47328, 8, 8 
45161, 8, 8 
14396, 8, 8 
30621, 8, 8 
17405, 8, 8 
25951, 8, 8 
55764, 8, 8 
25464, 8, 8 
972, 8, 8 
21467, 8, 8 
50871, 8, 8 
3584, 8, 8 
30516, 8, 8 
5597, 8, 8 
3766, 8, 8 
4859, 8, 8 
58951, 8, 8 
26762, 8, 8 
47295, 8, 8 
59834, 8, 8 
29126, 8, 8 
25012, 8, 8 
50112, 8, 8 
7539, 8, 8 
52592, 8, 8 
35762, 8, 8 
9873, 8, 8 
18109, 8, 8 
18685, 8, 8 
28010, 8, 8 
46200, 8, 8 
44638, 8, 8 
41751, 8, 8 
53743, 8, 8 
25232, 8, 8 
27381, 8, 8 
38587, 8, 8 
50180, 8, 8 
19137, 8, 8 
49259, 8, 8 
57481, 8, 8 
45493, 8, 8 
23426, 8, 8 
48997, 8, 8 
14020, 8, 8 
15772, 8, 8 
43511, 8, 8 
3011, 8, 8 
22617, 8, 8 
43335, 8, 8 
14120, 9, 9 
59650, 9, 9 
50854, 9, 9 
59131, 9, 9 
5538, 9, 9 
56018, 9, 9 
51297, 9, 9 
37268, 9, 9 
47547, 9, 9 
8998, 9, 9 
12425, 9, 9 
17571, 9, 9 
31089, 9, 9 
19395, 9, 9 
10660, 9, 9 
37233, 9, 9 
55406, 9, 9 
20193, 9, 9 
12738, 9, 9 
1355, 9, 9 
8751, 9, 9 
33855, 9, 9 
2267, 9, 9 
14790, 9, 9 
2797, 9, 9 
53386, 9, 9 
44741, 9, 9 
28665, 9, 9 
13461, 9, 9 
10094, 9, 9 
35341, 9, 9 
5705, 9, 9 
21020, 9, 9 
39418, 9, 9 
29108, 9, 9 
58395, 9, 9 
4816, 9, 9 
24185, 9, 9 
50128, 9, 9 
45632, 9, 9 
49383, 9, 9 
45370, 9, 9 
35763, 9, 9 
16341, 9, 9 
54081, 9, 9 
39694, 9, 9 
50163, 9, 9 
28239, 9, 9 
12529, 9, 9 
3970, 9, 9 
