id, true label, predicted label 
16997, 0, 0 
32461, 0, 0 
33538, 0, 0 
52628, 0, 0 
20482, 0, 0 
23754, 0, 0 
29862, 0, 0 
33112, 0, 0 
47072, 0, 0 
50101, 0, 0 
29311, 0, 0 
44955, 0, 0 
16598, 0, 0 
52039, 0, 0 
15864, 0, 0 
29438, 0, 0 
37467, 0, 0 
55917, 0, 0 
4776, 0, 0 
2621, 0, 0 
13623, 0, 0 
28771, 0, 0 
2440, 0, 0 
50534, 0, 0 
41617, 0, 0 
49583, 0, 0 
4686, 0, 0 
57642, 0, 0 
32789, 0, 0 
39564, 0, 0 
59704, 0, 0 
15971, 0, 0 
32336, 0, 0 
40240, 0, 0 
4067, 0, 0 
1723, 0, 0 
57491, 0, 0 
5512, 0, 0 
32946, 0, 0 
8540, 0, 0 
19074, 0, 0 
55227, 0, 0 
4985, 0, 0 
42913, 0, 0 
39874, 0, 0 
46826, 0, 0 
54715, 0, 0 
13164, 0, 0 
51002, 0, 0 
54445, 0, 0 
56541, 1, 1 
47118, 1, 1 
38499, 1, 1 
23931, 1, 1 
34679, 1, 1 
7406, 1, 1 
20163, 1, 1 
46159, 1, 1 
49964, 1, 1 
18492, 1, 1 
48600, 1, 1 
36571, 1, 1 
14417, 1, 1 
18407, 1, 1 
4566, 1, 1 
39159, 1, 1 
16345, 1, 1 
128, 1, 1 
45768, 1, 1 
17856, 1, 1 
38081, 1, 1 
59864, 1, 1 
59773, 1, 1 
23203, 1, 1 
10669, 1, 1 
47200, 1, 1 
29551, 1, 1 
18163, 1, 1 
58203, 1, 1 
4128, 1, 1 
48229, 1, 1 
50525, 1, 1 
33092, 1, 1 
26295, 1, 1 
10020, 1, 1 
51426, 1, 1 
17331, 1, 1 
40944, 1, 1 
5966, 1, 1 
26960, 1, 1 
25724, 1, 1 
14834, 1, 1 
55855, 1, 1 
12382, 1, 1 
59339, 1, 1 
33385, 1, 1 
11901, 1, 1 
46416, 1, 1 
12145, 1, 1 
52627, 1, 1 
49674, 2, 2 
25069, 2, 2 
36401, 2, 2 
4204, 2, 2 
9360, 2, 2 
59539, 2, 2 
37007, 2, 2 
34944, 2, 2 
12196, 2, 2 
49976, 2, 2 
58192, 2, 2 
41965, 2, 2 
11971, 2, 2 
25492, 2, 2 
52630, 2, 2 
14996, 2, 2 
57270, 2, 2 
23578, 2, 2 
37631, 2, 2 
57573, 2, 2 
13484, 2, 2 
8470, 2, 2 
39930, 2, 2 
47258, 2, 2 
43895, 2, 2 
12803, 2, 2 
15262, 2, 2 
51580, 2, 2 
53967, 2, 2 
43683, 2, 2 
19391, 2, 2 
29408, 2, 2 
49282, 2, 2 
45638, 2, 2 
43850, 2, 2 
33881, 2, 2 
26689, 2, 2 
13198, 2, 2 
51782, 2, 2 
55308, 2, 2 
12213, 2, 2 
9989, 2, 2 
49598, 2, 2 
11621, 2, 2 
4437, 2, 2 
12372, 2, 2 
11193, 2, 2 
51214, 2, 2 
22414, 2, 2 
25294, 2, 2 
15292, 3, 3 
53345, 3, 3 
18630, 3, 3 
50824, 3, 3 
4461, 3, 3 
32703, 3, 3 
31451, 3, 3 
38245, 3, 3 
10520, 3, 3 
31788, 3, 3 
28343, 3, 3 
9293, 3, 3 
40639, 3, 3 
22234, 3, 3 
25245, 3, 3 
10074, 3, 3 
45239, 3, 3 
22567, 3, 3 
58227, 3, 3 
23657, 3, 3 
3713, 3, 3 
44058, 3, 3 
54060, 3, 3 
34967, 3, 3 
59471, 3, 3 
10757, 3, 3 
43952, 3, 3 
44373, 3, 3 
48922, 3, 3 
19866, 3, 3 
40532, 3, 3 
14548, 3, 3 
24248, 3, 3 
24867, 3, 3 
32330, 3, 3 
54531, 3, 3 
20023, 3, 3 
49864, 3, 3 
2092, 3, 3 
34607, 3, 3 
17470, 3, 3 
35574, 3, 3 
27480, 3, 3 
21637, 3, 3 
21080, 3, 3 
43967, 3, 3 
9491, 3, 3 
58793, 3, 3 
43717, 3, 3 
47090, 3, 3 
12064, 4, 4 
43700, 4, 4 
271, 4, 4 
47363, 4, 4 
56011, 4, 4 
27473, 4, 4 
8415, 4, 4 
49934, 4, 4 
41163, 4, 4 
18345, 4, 4 
57076, 4, 4 
48596, 4, 4 
45280, 4, 4 
31111, 4, 4 
47569, 4, 4 
54769, 4, 4 
6879, 4, 4 
12458, 4, 4 
55546, 4, 4 
3125, 4, 4 
49609, 4, 4 
35952, 4, 4 
7280, 4, 4 
834, 4, 4 
51182, 4, 4 
45100, 4, 4 
22138, 4, 4 
23122, 4, 4 
39558, 4, 4 
9597, 4, 4 
3074, 4, 4 
22504, 4, 4 
3439, 4, 4 
36674, 4, 4 
25856, 4, 4 
12098, 4, 4 
5118, 4, 4 
53300, 4, 4 
46305, 4, 4 
24601, 4, 4 
49146, 4, 4 
25790, 4, 4 
20074, 4, 4 
53965, 4, 4 
23670, 4, 4 
33317, 4, 4 
40135, 4, 4 
1576, 4, 4 
12505, 4, 4 
12224, 4, 4 
34888, 5, 5 
43098, 5, 5 
16533, 5, 5 
51461, 5, 5 
23496, 5, 5 
25192, 5, 5 
2405, 5, 5 
54246, 5, 5 
40964, 5, 5 
15415, 5, 5 
48800, 5, 5 
32961, 5, 5 
15374, 5, 5 
23514, 5, 5 
59305, 5, 5 
1575, 5, 5 
27767, 5, 5 
18947, 5, 5 
56038, 5, 5 
18518, 5, 5 
38577, 5, 5 
42970, 5, 5 
23200, 5, 5 
59351, 5, 5 
33220, 5, 5 
26407, 5, 5 
43780, 5, 5 
49334, 5, 5 
11889, 5, 5 
55908, 5, 5 
19717, 5, 5 
38254, 5, 5 
47858, 5, 5 
679, 5, 5 
14828, 5, 5 
45808, 5, 5 
5061, 5, 5 
17495, 5, 5 
15285, 5, 5 
9859, 5, 5 
53120, 5, 5 
12856, 5, 5 
32277, 5, 5 
48348, 5, 5 
24854, 5, 5 
44488, 5, 5 
12467, 5, 5 
34610, 5, 5 
36087, 5, 5 
40902, 5, 5 
37254, 6, 6 
34529, 6, 6 
47840, 6, 6 
46811, 6, 6 
46632, 6, 6 
26912, 6, 6 
43767, 6, 6 
52198, 6, 6 
33513, 6, 6 
41214, 6, 6 
10991, 6, 6 
56022, 6, 6 
33619, 6, 6 
24753, 6, 6 
5524, 6, 6 
45668, 6, 6 
58473, 6, 6 
21675, 6, 6 
21545, 6, 6 
9909, 6, 6 
16332, 6, 6 
31654, 6, 6 
2300, 6, 6 
37336, 6, 6 
17164, 6, 6 
52742, 6, 6 
46715, 6, 6 
25306, 6, 6 
15047, 6, 6 
40394, 6, 6 
39406, 6, 6 
29707, 6, 6 
32932, 6, 6 
55475, 6, 6 
32118, 6, 6 
50343, 6, 6 
2756, 6, 6 
15025, 6, 6 
31670, 6, 6 
45593, 6, 6 
56963, 6, 6 
46665, 6, 6 
3187, 6, 6 
14604, 6, 6 
498, 6, 6 
23654, 6, 6 
26425, 6, 6 
48082, 6, 6 
33258, 6, 6 
53706, 6, 6 
11548, 7, 7 
31391, 7, 7 
11687, 7, 7 
44912, 7, 7 
30718, 7, 7 
9768, 7, 7 
39845, 7, 7 
5968, 7, 7 
51358, 7, 7 
52701, 7, 7 
50920, 7, 7 
56096, 7, 7 
53702, 7, 7 
8804, 7, 7 
30166, 7, 7 
54396, 7, 7 
28642, 7, 7 
37784, 7, 7 
31076, 7, 7 
22836, 7, 7 
49485, 7, 7 
43821, 7, 7 
7010, 7, 7 
21086, 7, 7 
44042, 7, 7 
56518, 7, 7 
48170, 7, 7 
11294, 7, 7 
27203, 7, 7 
27597, 7, 7 
32542, 7, 7 
28219, 7, 7 
46081, 7, 7 
52337, 7, 7 
45187, 7, 7 
27925, 7, 7 
49590, 7, 7 
14795, 7, 7 
43202, 7, 7 
51304, 7, 7 
9502, 7, 7 
58258, 7, 7 
3718, 7, 7 
35633, 7, 7 
58228, 7, 7 
2347, 7, 7 
23698, 7, 7 
46078, 7, 7 
40311, 7, 7 
58524, 7, 7 
27849, 8, 8 
37715, 8, 8 
19367, 8, 8 
386, 8, 8 
36219, 8, 8 
18902, 8, 8 
36861, 8, 8 
26947, 8, 8 
43182, 8, 8 
19595, 8, 8 
11568, 8, 8 
3762, 8, 8 
41931, 8, 8 
59018, 8, 8 
57077, 8, 8 
44702, 8, 8 
16417, 8, 8 
57090, 8, 8 
30654, 8, 8 
21825, 8, 8 
30324, 8, 8 
5119, 8, 8 
45311, 8, 8 
41118, 8, 8 
1790, 8, 8 
31781, 8, 8 
28351, 8, 8 
31474, 8, 8 
10596, 8, 8 
7681, 8, 8 
28136, 8, 8 
12660, 8, 8 
42724, 8, 8 
58296, 8, 8 
57869, 8, 8 
42878, 8, 8 
7540, 8, 8 
25254, 8, 8 
10592, 8, 8 
56978, 8, 8 
24137, 8, 8 
48192, 8, 8 
42079, 8, 8 
51164, 8, 8 
16114, 8, 8 
21851, 8, 8 
45884, 8, 8 
52592, 8, 8 
41996, 8, 8 
56396, 8, 8 
2060, 9, 9 
55007, 9, 9 
42293, 9, 9 
4306, 9, 9 
34439, 9, 9 
39549, 9, 9 
38353, 9, 9 
56634, 9, 9 
23100, 9, 9 
42482, 9, 9 
19113, 9, 9 
12495, 9, 9 
25946, 9, 9 
5726, 9, 9 
5829, 9, 9 
23314, 9, 9 
50467, 9, 9 
20818, 9, 9 
4368, 9, 9 
51827, 9, 9 
22125, 9, 9 
50209, 9, 9 
48803, 9, 9 
3371, 9, 9 
40667, 9, 9 
52948, 9, 9 
34399, 9, 9 
1410, 9, 9 
30686, 9, 9 
9503, 9, 9 
34072, 9, 9 
54874, 9, 9 
39576, 9, 9 
32729, 9, 9 
33252, 9, 9 
58796, 9, 9 
43660, 9, 9 
24053, 9, 9 
47332, 9, 9 
26558, 9, 9 
9969, 9, 9 
1659, 9, 9 
13526, 9, 9 
1903, 9, 9 
1459, 9, 9 
25493, 9, 9 
37259, 9, 9 
4606, 9, 9 
21040, 9, 9 
6084, 9, 9 
