id, true label, predicted label 
52799, 0, 0 
58180, 0, 0 
22040, 0, 0 
22152, 0, 0 
18515, 0, 0 
55822, 0, 0 
51226, 0, 0 
27859, 0, 0 
3269, 0, 0 
19787, 0, 0 
31112, 0, 0 
45276, 0, 0 
27305, 0, 0 
40043, 0, 0 
51150, 0, 0 
8016, 0, 0 
21343, 0, 0 
16585, 0, 0 
55873, 0, 0 
22529, 0, 0 
36163, 0, 0 
7499, 0, 0 
17449, 0, 0 
59541, 0, 0 
19225, 0, 0 
29471, 0, 0 
51041, 0, 0 
42744, 0, 0 
16085, 0, 0 
59155, 0, 0 
14491, 0, 0 
22436, 0, 0 
15156, 0, 0 
56256, 0, 0 
6730, 0, 0 
53073, 0, 0 
41358, 0, 0 
42456, 0, 0 
13955, 0, 0 
23277, 0, 0 
35175, 0, 0 
12796, 0, 0 
14229, 0, 0 
12259, 0, 0 
58350, 0, 0 
29205, 0, 0 
20947, 0, 0 
34775, 0, 0 
38335, 0, 0 
37, 0, 0 
45994, 1, 1 
45768, 1, 1 
17213, 1, 1 
40604, 1, 1 
30996, 1, 1 
44792, 1, 1 
10580, 1, 1 
2039, 1, 1 
15138, 1, 1 
22158, 1, 1 
32892, 1, 1 
48481, 1, 1 
39041, 1, 1 
36388, 1, 1 
36794, 1, 1 
40045, 1, 1 
30721, 1, 1 
29999, 1, 1 
56737, 1, 1 
11630, 1, 1 
28479, 1, 1 
44093, 1, 1 
26310, 1, 1 
48902, 1, 1 
32153, 1, 1 
59694, 1, 1 
20163, 1, 1 
8185, 1, 1 
13201, 1, 1 
58909, 1, 1 
21979, 1, 1 
52498, 1, 1 
16720, 1, 1 
24834, 1, 1 
36368, 1, 1 
44800, 1, 1 
21292, 1, 1 
9599, 1, 1 
46029, 1, 1 
38582, 1, 1 
46275, 1, 1 
11522, 1, 1 
39159, 1, 1 
50608, 1, 1 
45677, 1, 1 
36995, 1, 1 
22478, 1, 1 
24933, 1, 1 
11857, 1, 1 
26610, 1, 1 
24862, 2, 2 
23058, 2, 2 
35509, 2, 2 
24632, 2, 2 
11084, 2, 2 
43547, 2, 2 
46286, 2, 2 
33547, 2, 2 
19545, 2, 2 
24520, 2, 2 
56467, 2, 2 
9396, 2, 2 
24089, 2, 2 
44412, 2, 2 
3208, 2, 2 
55404, 2, 2 
37918, 2, 2 
59913, 2, 2 
1539, 2, 2 
11193, 2, 2 
50065, 2, 2 
15295, 2, 2 
15845, 2, 2 
57992, 2, 2 
58670, 2, 2 
2625, 2, 2 
24450, 2, 2 
41540, 2, 2 
52611, 2, 2 
39726, 2, 2 
19466, 2, 2 
55985, 2, 2 
35134, 2, 2 
48238, 2, 2 
43632, 2, 2 
23079, 2, 2 
30889, 2, 2 
2936, 2, 2 
53819, 2, 2 
32022, 2, 2 
49409, 2, 2 
3300, 2, 2 
36120, 2, 2 
57503, 2, 2 
27752, 2, 2 
30594, 2, 2 
27898, 2, 2 
28266, 2, 2 
21366, 2, 2 
29911, 2, 2 
23304, 3, 3 
9168, 3, 3 
10238, 3, 3 
44280, 3, 3 
56139, 3, 3 
12546, 3, 3 
22728, 3, 3 
2174, 3, 3 
47838, 3, 3 
48311, 3, 3 
14786, 3, 3 
59818, 3, 3 
1872, 3, 3 
7794, 3, 3 
32505, 3, 3 
41727, 3, 3 
22234, 3, 3 
48557, 3, 3 
27435, 3, 3 
53345, 3, 3 
41850, 3, 3 
49638, 3, 3 
40739, 3, 3 
26849, 3, 3 
27553, 3, 3 
26194, 3, 3 
4510, 3, 3 
44388, 3, 3 
54201, 3, 3 
25820, 3, 3 
39215, 3, 3 
37689, 3, 3 
17295, 3, 3 
34204, 3, 3 
9730, 3, 3 
35881, 3, 3 
18974, 3, 3 
9959, 3, 3 
38755, 3, 3 
48139, 3, 3 
54249, 3, 3 
12895, 3, 3 
11296, 3, 3 
22477, 3, 3 
43702, 3, 3 
32490, 3, 3 
42585, 3, 3 
15990, 3, 3 
25915, 3, 3 
22185, 3, 3 
23587, 4, 4 
18190, 4, 4 
28022, 4, 4 
18088, 4, 4 
12948, 4, 4 
48813, 4, 4 
26544, 4, 4 
30908, 4, 4 
43295, 4, 4 
34144, 4, 4 
29122, 4, 4 
11649, 4, 4 
25109, 4, 4 
1261, 4, 4 
31583, 4, 4 
33955, 4, 4 
29922, 4, 4 
34294, 4, 4 
33852, 4, 4 
28217, 4, 4 
34357, 4, 4 
32466, 4, 4 
8317, 4, 4 
14086, 4, 4 
34572, 4, 4 
43929, 4, 4 
53452, 4, 4 
38822, 4, 4 
9100, 4, 4 
18071, 4, 4 
31235, 4, 4 
15058, 4, 4 
58218, 4, 4 
54992, 4, 4 
43604, 4, 4 
10489, 4, 4 
39730, 4, 4 
30298, 4, 4 
48782, 4, 4 
25555, 4, 4 
43732, 4, 4 
21792, 4, 4 
36641, 4, 4 
27948, 4, 4 
30795, 4, 4 
26297, 4, 4 
23623, 4, 4 
5792, 4, 4 
20907, 4, 4 
54276, 4, 4 
58119, 5, 5 
33013, 5, 5 
59538, 5, 5 
51610, 5, 5 
10386, 5, 5 
22463, 5, 5 
36244, 5, 5 
47021, 5, 5 
32156, 5, 5 
5079, 5, 5 
13811, 5, 5 
11572, 5, 5 
5382, 5, 5 
22426, 5, 5 
35274, 5, 5 
15398, 5, 5 
11963, 5, 5 
25936, 5, 5 
30410, 5, 5 
32996, 5, 5 
22920, 5, 5 
6735, 5, 5 
8103, 5, 5 
45452, 5, 5 
23550, 5, 5 
28504, 5, 5 
35500, 5, 5 
59400, 5, 5 
40422, 5, 5 
37414, 5, 5 
11260, 5, 5 
21385, 5, 5 
41759, 5, 5 
5164, 5, 5 
47955, 5, 5 
33555, 5, 5 
26803, 5, 5 
45534, 5, 5 
43319, 5, 5 
56327, 5, 5 
57553, 5, 5 
58706, 5, 5 
11721, 5, 5 
55396, 5, 5 
16357, 5, 5 
55389, 5, 5 
16629, 5, 5 
13457, 5, 5 
18769, 5, 5 
20881, 5, 5 
32050, 6, 6 
6562, 6, 6 
23321, 6, 6 
42843, 6, 6 
39883, 6, 6 
6373, 6, 6 
50122, 6, 6 
3577, 6, 6 
27404, 6, 6 
10355, 6, 6 
53993, 6, 6 
26101, 6, 6 
38634, 6, 6 
46845, 6, 6 
37421, 6, 6 
56399, 6, 6 
50623, 6, 6 
56130, 6, 6 
48827, 6, 6 
35917, 6, 6 
10956, 6, 6 
16436, 6, 6 
52640, 6, 6 
2153, 6, 6 
49173, 6, 6 
54618, 6, 6 
21752, 6, 6 
45267, 6, 6 
28905, 6, 6 
41797, 6, 6 
19788, 6, 6 
42295, 6, 6 
59226, 6, 6 
49418, 6, 6 
9024, 6, 6 
25475, 6, 6 
5039, 6, 6 
17764, 6, 6 
32, 6, 6 
2212, 6, 6 
26977, 6, 6 
25424, 6, 6 
5026, 6, 6 
26946, 6, 6 
28728, 6, 6 
2005, 6, 6 
6452, 6, 6 
9700, 6, 6 
50610, 6, 6 
26032, 6, 6 
28532, 7, 7 
22743, 7, 7 
38246, 7, 7 
47988, 7, 7 
3868, 7, 7 
31964, 7, 7 
38374, 7, 7 
6176, 7, 7 
32395, 7, 7 
15122, 7, 7 
35081, 7, 7 
23811, 7, 7 
14741, 7, 7 
52443, 7, 7 
17696, 7, 7 
42067, 7, 7 
53313, 7, 7 
10296, 7, 7 
5447, 7, 7 
55518, 7, 7 
14277, 7, 7 
37394, 7, 7 
42959, 7, 7 
51766, 7, 7 
59198, 7, 7 
35382, 7, 7 
27716, 7, 7 
26898, 7, 7 
4061, 7, 7 
19683, 7, 7 
58272, 7, 7 
44246, 7, 7 
25581, 7, 7 
511, 7, 7 
24382, 7, 7 
23051, 7, 7 
56076, 7, 7 
48622, 7, 7 
23570, 7, 7 
47203, 7, 7 
44067, 7, 7 
9548, 7, 7 
18534, 7, 7 
44927, 7, 7 
58941, 7, 7 
3887, 7, 7 
39150, 7, 7 
7059, 7, 7 
16197, 7, 7 
5387, 7, 7 
29280, 8, 8 
19131, 8, 8 
1542, 8, 8 
14203, 8, 8 
31507, 8, 8 
46387, 8, 8 
18130, 8, 8 
49637, 8, 8 
25741, 8, 8 
13639, 8, 8 
21286, 8, 8 
35383, 8, 8 
59813, 8, 8 
55256, 8, 8 
25326, 8, 8 
28307, 8, 8 
11611, 8, 8 
54162, 8, 8 
45311, 8, 8 
37122, 8, 8 
2170, 8, 8 
20024, 8, 8 
29531, 8, 8 
3658, 8, 8 
8148, 8, 8 
38544, 8, 8 
22054, 8, 8 
17291, 8, 8 
3664, 8, 8 
32103, 8, 8 
9528, 8, 8 
17084, 8, 8 
23184, 8, 1 
9792, 8, 8 
6952, 8, 8 
17721, 8, 8 
49126, 8, 8 
11749, 8, 8 
22745, 8, 8 
16639, 8, 8 
33664, 8, 8 
33202, 8, 8 
39778, 8, 8 
31060, 8, 8 
2243, 8, 8 
6508, 8, 8 
14782, 8, 8 
34382, 8, 8 
56290, 8, 8 
5597, 8, 8 
47874, 9, 9 
16968, 9, 9 
15072, 9, 9 
28416, 9, 9 
51783, 9, 9 
19971, 9, 9 
15972, 9, 9 
32908, 9, 9 
44851, 9, 9 
14582, 9, 9 
50816, 9, 9 
49442, 9, 9 
55247, 9, 9 
4315, 9, 9 
41199, 9, 9 
31480, 9, 9 
2649, 9, 9 
9949, 9, 9 
37206, 9, 9 
57, 9, 9 
50754, 9, 9 
42826, 9, 7 
626, 9, 9 
50798, 9, 9 
49030, 9, 9 
12903, 9, 9 
8702, 9, 9 
5165, 9, 9 
9642, 9, 9 
7071, 9, 9 
14822, 9, 9 
42773, 9, 9 
23673, 9, 9 
13936, 9, 9 
4983, 9, 9 
44097, 9, 9 
57539, 9, 9 
34591, 9, 9 
35694, 9, 9 
9633, 9, 9 
2371, 9, 9 
52127, 9, 9 
39927, 9, 9 
11177, 9, 9 
19254, 9, 9 
45800, 9, 9 
31004, 9, 9 
20126, 9, 9 
29195, 9, 9 
33246, 9, 9 
