id, true label, predicted label 
45235, 0, 0 
8323, 0, 0 
48807, 0, 0 
24320, 0, 0 
36376, 0, 0 
32952, 0, 0 
14202, 0, 0 
49815, 0, 0 
31194, 0, 0 
24393, 0, 0 
37153, 0, 0 
39175, 0, 0 
48479, 0, 0 
7589, 0, 0 
119, 0, 0 
52617, 0, 0 
41030, 0, 0 
12374, 0, 0 
31476, 0, 0 
9524, 0, 0 
56626, 0, 0 
27658, 0, 0 
13098, 0, 0 
52470, 0, 0 
33244, 0, 0 
2919, 0, 0 
30160, 0, 0 
26371, 0, 0 
1018, 0, 0 
33847, 0, 0 
46868, 0, 0 
19492, 0, 0 
39944, 0, 0 
14325, 0, 0 
27343, 0, 0 
57067, 0, 0 
38949, 0, 0 
13916, 0, 0 
31969, 0, 0 
57176, 0, 0 
21508, 0, 0 
3231, 0, 0 
59059, 0, 0 
49027, 0, 0 
40074, 0, 0 
43497, 0, 0 
46826, 0, 0 
28296, 0, 0 
54844, 0, 0 
44599, 0, 0 
46385, 1, 1 
49355, 1, 1 
20461, 1, 1 
17351, 1, 1 
34792, 1, 1 
12634, 1, 1 
8760, 1, 1 
8689, 1, 1 
408, 1, 1 
15940, 1, 1 
59979, 1, 1 
30209, 1, 1 
42175, 1, 1 
29628, 1, 1 
57473, 1, 1 
7609, 1, 1 
43006, 1, 1 
41248, 1, 1 
47200, 1, 1 
57849, 1, 1 
15266, 1, 1 
41908, 1, 1 
11968, 1, 1 
37955, 1, 1 
21376, 1, 1 
55594, 1, 1 
51015, 1, 1 
51724, 1, 1 
22931, 1, 1 
27681, 1, 1 
43406, 1, 1 
48454, 1, 1 
49852, 1, 1 
36908, 1, 1 
21923, 1, 1 
6206, 1, 1 
57381, 1, 1 
32439, 1, 1 
38700, 1, 1 
56000, 1, 1 
30430, 1, 1 
4405, 1, 1 
43595, 1, 1 
13475, 1, 1 
51149, 1, 1 
21090, 1, 1 
29974, 1, 1 
44785, 1, 1 
6793, 1, 1 
9562, 1, 1 
41301, 2, 2 
48991, 2, 2 
38469, 2, 2 
26146, 2, 2 
47623, 2, 2 
21527, 2, 2 
15137, 2, 2 
41830, 2, 2 
16857, 2, 2 
25718, 2, 2 
38937, 2, 2 
7326, 2, 2 
53772, 2, 2 
28294, 2, 2 
42861, 2, 2 
4518, 2, 2 
37296, 2, 2 
29312, 2, 2 
47290, 2, 2 
3156, 2, 2 
33180, 2, 2 
41579, 2, 2 
33297, 2, 2 
24449, 2, 2 
38036, 2, 2 
54981, 2, 2 
37120, 2, 2 
41766, 2, 2 
17653, 2, 2 
31503, 2, 2 
44847, 2, 2 
33133, 2, 2 
53494, 2, 2 
19876, 2, 2 
58945, 2, 2 
55308, 2, 2 
27122, 2, 2 
11718, 2, 2 
48383, 2, 2 
41662, 2, 2 
33686, 2, 2 
16791, 2, 2 
16018, 2, 2 
2075, 2, 2 
34558, 2, 2 
1531, 2, 2 
43220, 2, 2 
58896, 2, 2 
2939, 2, 2 
410, 2, 2 
6291, 3, 3 
48076, 3, 3 
49948, 3, 3 
26208, 3, 3 
31345, 3, 3 
21182, 3, 3 
45239, 3, 3 
39855, 3, 3 
21092, 3, 3 
16530, 3, 3 
1872, 3, 3 
31595, 3, 3 
1981, 3, 3 
53987, 3, 3 
878, 3, 3 
55914, 3, 3 
11221, 3, 3 
30468, 3, 3 
46465, 3, 3 
45862, 3, 3 
49054, 3, 3 
27838, 3, 3 
21815, 3, 3 
41608, 3, 3 
50033, 3, 3 
33607, 3, 3 
21947, 3, 3 
57396, 3, 3 
33594, 3, 3 
2092, 3, 3 
51343, 3, 3 
24531, 3, 3 
42906, 3, 3 
21153, 3, 3 
20844, 3, 3 
21654, 3, 3 
50491, 3, 3 
46208, 3, 3 
10052, 3, 3 
25346, 3, 3 
6739, 3, 3 
26942, 3, 3 
33966, 3, 3 
12698, 3, 3 
56849, 3, 3 
12544, 3, 3 
39285, 3, 3 
11755, 3, 3 
37903, 3, 3 
16626, 3, 3 
59063, 4, 4 
37585, 4, 4 
48486, 4, 4 
11303, 4, 4 
39110, 4, 4 
14720, 4, 4 
37294, 4, 4 
46401, 4, 4 
57371, 4, 4 
26111, 4, 4 
57155, 4, 4 
30683, 4, 4 
35362, 4, 4 
48853, 4, 4 
20711, 4, 4 
7120, 4, 4 
12460, 4, 4 
42787, 4, 4 
26582, 4, 4 
6483, 4, 4 
11343, 4, 4 
50673, 4, 4 
34022, 4, 4 
21837, 4, 4 
52267, 4, 4 
36226, 4, 4 
57972, 4, 4 
55418, 4, 4 
34406, 4, 4 
46384, 4, 4 
45847, 4, 4 
27125, 4, 4 
57803, 4, 4 
11131, 4, 4 
30464, 4, 4 
21994, 4, 4 
29485, 4, 4 
3652, 4, 4 
25550, 4, 4 
1380, 4, 4 
22434, 4, 4 
58906, 4, 4 
58999, 4, 4 
28584, 4, 4 
19447, 4, 4 
9821, 4, 4 
11956, 4, 4 
38668, 4, 4 
13856, 4, 4 
21590, 4, 4 
26736, 5, 5 
37164, 5, 5 
31590, 5, 5 
52310, 5, 5 
30061, 5, 5 
51990, 5, 5 
3922, 5, 5 
21039, 5, 5 
43957, 5, 5 
42121, 5, 5 
16633, 5, 5 
35747, 5, 5 
2946, 5, 5 
36900, 5, 5 
10051, 5, 5 
39985, 5, 5 
35214, 5, 5 
57853, 5, 5 
15698, 5, 5 
32200, 5, 5 
24765, 5, 5 
57639, 5, 5 
45091, 5, 5 
12470, 5, 5 
28116, 5, 5 
28845, 5, 5 
16834, 5, 5 
21671, 5, 5 
43780, 5, 5 
18067, 5, 5 
21873, 5, 5 
22380, 5, 5 
32445, 5, 5 
27179, 5, 5 
44383, 5, 5 
41152, 5, 5 
51039, 5, 5 
23689, 5, 5 
42193, 5, 5 
37680, 5, 5 
7374, 5, 5 
31222, 5, 5 
19001, 5, 5 
33222, 5, 5 
15685, 5, 5 
19870, 5, 5 
23066, 5, 5 
58217, 5, 5 
23249, 5, 5 
26862, 5, 5 
58669, 6, 6 
32119, 6, 6 
52163, 6, 6 
8523, 6, 6 
23284, 6, 6 
31797, 6, 6 
20122, 6, 6 
50168, 6, 6 
26777, 6, 6 
25992, 6, 6 
45846, 6, 6 
44722, 6, 6 
18381, 6, 6 
5311, 6, 6 
16792, 6, 6 
6102, 6, 6 
9745, 6, 6 
51661, 6, 6 
58536, 6, 6 
22718, 6, 6 
57641, 6, 6 
39221, 6, 6 
45856, 6, 6 
18144, 6, 6 
54537, 6, 6 
11189, 6, 6 
18530, 6, 6 
23247, 6, 6 
41666, 6, 6 
53463, 6, 6 
1849, 6, 6 
53359, 6, 6 
58166, 6, 6 
31147, 6, 6 
27669, 6, 6 
58842, 6, 6 
8074, 6, 6 
49960, 6, 6 
22121, 6, 6 
33689, 6, 6 
6343, 6, 6 
30799, 6, 6 
24486, 6, 6 
10298, 6, 6 
20173, 6, 6 
15114, 6, 6 
19828, 6, 6 
58157, 6, 6 
39332, 6, 6 
12964, 6, 6 
13512, 7, 7 
37073, 7, 7 
52071, 7, 7 
14201, 7, 7 
7174, 7, 7 
56500, 7, 7 
12668, 7, 7 
37819, 7, 7 
54378, 7, 7 
41597, 7, 7 
22613, 7, 7 
3210, 7, 7 
2543, 7, 7 
15513, 7, 7 
53843, 7, 7 
18257, 7, 7 
58925, 7, 7 
6378, 7, 7 
14104, 7, 7 
37875, 7, 7 
43213, 7, 7 
57150, 7, 7 
38964, 7, 7 
40603, 7, 7 
55896, 7, 7 
42548, 7, 7 
33234, 7, 7 
49818, 7, 7 
52302, 7, 7 
32584, 7, 7 
33123, 7, 7 
26499, 7, 7 
55735, 7, 7 
22667, 7, 7 
41698, 7, 7 
38186, 7, 7 
17955, 7, 7 
27635, 7, 7 
48923, 7, 7 
16016, 7, 7 
26337, 7, 7 
40222, 7, 7 
29184, 7, 7 
50721, 7, 7 
20206, 7, 7 
19668, 7, 7 
48622, 7, 7 
16548, 7, 7 
15900, 7, 7 
13174, 7, 7 
21868, 8, 8 
13477, 8, 8 
1914, 8, 8 
55436, 8, 8 
9521, 8, 8 
52764, 8, 8 
16440, 8, 8 
15436, 8, 8 
51864, 8, 8 
25072, 8, 8 
39662, 8, 8 
1236, 8, 8 
19864, 8, 8 
17121, 8, 8 
13632, 8, 8 
16917, 8, 8 
28687, 8, 8 
45573, 8, 8 
3958, 8, 8 
24760, 8, 8 
55741, 8, 8 
52159, 8, 8 
37094, 8, 8 
54243, 8, 8 
58445, 8, 8 
53636, 8, 8 
46793, 8, 8 
25146, 8, 8 
46527, 8, 8 
58058, 8, 8 
7425, 8, 8 
22873, 8, 8 
36986, 8, 8 
13089, 8, 8 
22439, 8, 8 
31600, 8, 8 
17027, 8, 8 
6284, 8, 8 
51656, 8, 8 
42688, 8, 8 
51224, 8, 8 
24768, 8, 8 
23163, 8, 8 
16417, 8, 8 
23510, 8, 8 
18614, 8, 8 
55182, 8, 8 
28749, 8, 8 
35300, 8, 8 
51164, 8, 8 
42017, 9, 9 
51552, 9, 9 
59058, 9, 9 
8510, 9, 9 
17317, 9, 9 
29808, 9, 9 
36186, 9, 9 
53882, 9, 9 
14934, 9, 9 
44687, 9, 9 
59075, 9, 9 
50973, 9, 9 
59782, 9, 9 
7690, 9, 9 
58796, 9, 9 
31326, 9, 9 
21218, 9, 9 
17972, 9, 9 
18985, 9, 9 
33891, 9, 9 
49747, 9, 9 
15593, 9, 9 
3760, 9, 9 
24775, 9, 9 
47974, 9, 9 
44450, 9, 9 
17666, 9, 9 
264, 9, 9 
28176, 9, 9 
21449, 9, 9 
48097, 9, 9 
57152, 9, 9 
51863, 9, 9 
52570, 9, 9 
35724, 9, 9 
56807, 9, 9 
12320, 9, 9 
58562, 9, 9 
14943, 9, 9 
764, 9, 9 
45381, 9, 9 
26440, 9, 9 
38950, 9, 9 
55814, 9, 9 
51194, 9, 9 
2141, 9, 9 
40487, 9, 9 
30696, 9, 9 
37772, 9, 9 
41196, 9, 9 
