id, true label, predicted label 
38893, 0, 0 
23728, 0, 0 
53937, 0, 0 
47389, 0, 0 
47405, 0, 0 
20934, 0, 0 
40284, 0, 0 
36116, 0, 0 
712, 0, 0 
54873, 0, 0 
31490, 0, 0 
16192, 0, 0 
53030, 0, 0 
26197, 0, 0 
6137, 0, 0 
40454, 0, 0 
36198, 0, 0 
7981, 0, 0 
4713, 0, 0 
35739, 0, 0 
56608, 0, 0 
20117, 0, 0 
53101, 0, 0 
58316, 0, 0 
46796, 0, 0 
49085, 0, 0 
27663, 0, 0 
13286, 0, 0 
34099, 0, 0 
19554, 0, 0 
5317, 0, 0 
11304, 0, 0 
49815, 0, 0 
54836, 0, 6 
22352, 0, 0 
34045, 0, 0 
48791, 0, 0 
2746, 0, 0 
51789, 0, 0 
8273, 0, 0 
34356, 0, 0 
50192, 0, 0 
36894, 0, 0 
47072, 0, 0 
10326, 0, 0 
40888, 0, 0 
41027, 0, 0 
23009, 0, 0 
39755, 0, 0 
34036, 0, 0 
8383, 1, 1 
3379, 1, 1 
57969, 1, 1 
18524, 1, 1 
54269, 1, 1 
42113, 1, 1 
16086, 1, 1 
8538, 1, 1 
52741, 1, 1 
52444, 1, 1 
42098, 1, 1 
33924, 1, 1 
17262, 1, 1 
26802, 1, 1 
47440, 1, 1 
1521, 1, 1 
56810, 1, 1 
17225, 1, 1 
29518, 1, 1 
21379, 1, 1 
44986, 1, 1 
13973, 1, 1 
24834, 1, 1 
14149, 1, 1 
24918, 1, 1 
19555, 1, 1 
35995, 1, 1 
58161, 1, 1 
39437, 1, 1 
42578, 1, 1 
17279, 1, 1 
13227, 1, 1 
39300, 1, 1 
6530, 1, 1 
56423, 1, 1 
43539, 1, 1 
11607, 1, 1 
54438, 1, 1 
44418, 1, 1 
779, 1, 1 
25287, 1, 1 
6254, 1, 1 
26087, 1, 1 
8704, 1, 1 
46915, 1, 1 
12932, 1, 1 
41748, 1, 1 
46801, 1, 1 
36165, 1, 1 
4972, 1, 1 
43376, 2, 2 
39153, 2, 2 
41429, 2, 2 
16948, 2, 2 
58794, 2, 2 
9721, 2, 2 
41802, 2, 2 
30336, 2, 2 
56325, 2, 2 
7177, 2, 2 
16744, 2, 2 
59757, 2, 2 
33090, 2, 2 
4380, 2, 2 
52694, 2, 2 
32561, 2, 2 
56540, 2, 2 
25854, 2, 2 
29681, 2, 2 
47614, 2, 2 
19397, 2, 2 
8154, 2, 2 
27761, 2, 2 
43477, 2, 2 
4185, 2, 2 
8202, 2, 8 
24116, 2, 2 
52889, 2, 2 
38846, 2, 2 
10127, 2, 2 
33197, 2, 2 
42887, 2, 2 
21598, 2, 8 
55669, 2, 2 
6168, 2, 2 
28059, 2, 2 
26624, 2, 2 
13645, 2, 2 
40832, 2, 2 
24551, 2, 2 
45993, 2, 2 
20679, 2, 2 
33697, 2, 2 
47164, 2, 2 
20055, 2, 2 
36813, 2, 2 
47230, 2, 2 
52331, 2, 2 
3199, 2, 2 
9383, 2, 2 
58288, 3, 3 
15233, 3, 3 
13222, 3, 3 
39489, 3, 3 
54535, 3, 3 
14025, 3, 3 
17026, 3, 3 
4022, 3, 3 
14878, 3, 3 
52713, 3, 3 
22315, 3, 3 
2960, 3, 3 
58759, 3, 3 
4271, 3, 3 
19549, 3, 3 
9074, 3, 3 
9636, 3, 3 
32275, 3, 3 
55091, 3, 3 
24672, 3, 3 
4276, 3, 3 
54915, 3, 3 
8765, 3, 3 
26399, 3, 3 
51717, 3, 3 
39704, 3, 3 
17320, 3, 3 
36931, 3, 3 
56561, 3, 3 
6398, 3, 3 
24735, 3, 3 
39933, 3, 3 
32539, 3, 3 
24104, 3, 3 
11719, 3, 3 
9592, 3, 3 
26878, 3, 3 
45699, 3, 3 
36130, 3, 3 
48233, 3, 3 
42114, 3, 3 
20756, 3, 3 
58711, 3, 3 
52679, 3, 3 
10097, 3, 3 
56391, 3, 3 
46427, 3, 3 
48076, 3, 3 
2529, 3, 3 
12022, 3, 3 
48313, 4, 4 
37171, 4, 4 
46324, 4, 4 
34035, 4, 4 
48013, 4, 4 
20098, 4, 4 
17577, 4, 4 
52344, 4, 4 
23486, 4, 4 
5381, 4, 4 
47884, 4, 4 
19123, 4, 4 
50182, 4, 4 
2, 4, 4 
1604, 4, 4 
51221, 4, 4 
54309, 4, 4 
45213, 4, 4 
49712, 4, 4 
14207, 4, 4 
21163, 4, 4 
8583, 4, 4 
52949, 4, 4 
36668, 4, 4 
31668, 4, 4 
55774, 4, 4 
6283, 4, 4 
42781, 4, 4 
51549, 4, 4 
43797, 4, 4 
30298, 4, 4 
2046, 4, 4 
12997, 4, 4 
4837, 4, 4 
34221, 4, 4 
36923, 4, 4 
41625, 4, 4 
26847, 4, 4 
21888, 4, 4 
26564, 4, 4 
38323, 4, 4 
46140, 4, 4 
57972, 4, 4 
21776, 4, 4 
43612, 4, 4 
32498, 4, 4 
32997, 4, 4 
57706, 4, 4 
24262, 4, 4 
52158, 4, 4 
44819, 5, 5 
45491, 5, 5 
28376, 5, 5 
10543, 5, 5 
25747, 5, 5 
31190, 5, 5 
33437, 5, 5 
34755, 5, 5 
57330, 5, 5 
43776, 5, 5 
35029, 5, 5 
25084, 5, 5 
35650, 5, 5 
28654, 5, 6 
32156, 5, 5 
52190, 5, 5 
54988, 5, 5 
43809, 5, 5 
58145, 5, 5 
48230, 5, 5 
56789, 5, 5 
31328, 5, 5 
6431, 5, 5 
51296, 5, 5 
47081, 5, 5 
28994, 5, 5 
32445, 5, 5 
47339, 5, 5 
56045, 5, 5 
50010, 5, 5 
10035, 5, 5 
17172, 5, 5 
39901, 5, 5 
49631, 5, 5 
8103, 5, 5 
49402, 5, 5 
38234, 5, 5 
48143, 5, 5 
5666, 5, 5 
43189, 5, 5 
25762, 5, 5 
11154, 5, 5 
16380, 5, 5 
8435, 5, 5 
34112, 5, 5 
29685, 5, 5 
23808, 5, 5 
48985, 5, 5 
51362, 5, 5 
57480, 5, 5 
54733, 6, 6 
10275, 6, 6 
52877, 6, 6 
48505, 6, 6 
2913, 6, 6 
22074, 6, 6 
52421, 6, 6 
13832, 6, 6 
31948, 6, 6 
45622, 6, 6 
35846, 6, 6 
47574, 6, 6 
36293, 6, 6 
12762, 6, 6 
33572, 6, 6 
50159, 6, 6 
31568, 6, 6 
19712, 6, 6 
5385, 6, 6 
46067, 6, 6 
28890, 6, 6 
2614, 6, 6 
15043, 6, 6 
48071, 6, 6 
323, 6, 6 
28115, 6, 6 
10289, 6, 6 
18520, 6, 6 
37194, 6, 6 
34924, 6, 6 
53318, 6, 6 
16830, 6, 6 
24146, 6, 6 
40304, 6, 6 
11996, 6, 6 
56526, 6, 6 
45581, 6, 6 
35468, 6, 6 
19661, 6, 6 
57158, 6, 6 
50863, 6, 6 
57783, 6, 6 
7086, 6, 6 
25405, 6, 6 
41214, 6, 6 
55670, 6, 6 
35047, 6, 6 
16894, 6, 6 
28810, 6, 6 
6927, 6, 6 
4863, 7, 7 
58687, 7, 7 
39082, 7, 7 
41958, 7, 7 
19262, 7, 7 
39113, 7, 7 
47775, 7, 7 
49239, 7, 7 
58574, 7, 7 
58346, 7, 7 
16004, 7, 7 
55210, 7, 7 
26158, 7, 7 
37480, 7, 7 
13244, 7, 7 
34835, 7, 7 
19625, 7, 7 
24568, 7, 7 
55693, 7, 7 
42125, 7, 7 
51322, 7, 7 
58520, 7, 7 
43461, 7, 7 
40308, 7, 7 
10287, 7, 7 
34434, 7, 7 
43039, 7, 7 
39276, 7, 7 
25469, 7, 7 
4743, 7, 7 
29714, 7, 7 
40231, 7, 7 
36843, 7, 7 
48787, 7, 7 
17441, 7, 7 
39826, 7, 7 
13512, 7, 7 
15849, 7, 7 
33710, 7, 7 
6361, 7, 7 
23726, 7, 7 
29931, 7, 7 
48050, 7, 7 
38437, 7, 7 
15452, 7, 7 
36796, 7, 7 
48893, 7, 7 
12000, 7, 7 
56329, 7, 7 
9788, 7, 7 
57501, 8, 8 
13301, 8, 8 
16559, 8, 8 
34678, 8, 8 
24297, 8, 8 
54636, 8, 8 
44002, 8, 8 
16184, 8, 8 
44616, 8, 8 
45356, 8, 8 
42495, 8, 8 
7307, 8, 8 
37406, 8, 8 
48494, 8, 8 
48115, 8, 8 
59916, 8, 8 
23008, 8, 8 
19928, 8, 8 
11450, 8, 8 
47463, 8, 8 
7115, 8, 8 
24359, 8, 8 
18047, 8, 8 
13608, 8, 8 
49457, 8, 8 
55330, 8, 8 
9490, 8, 8 
57001, 8, 8 
42104, 8, 8 
29208, 8, 8 
34194, 8, 8 
27849, 8, 8 
11028, 8, 8 
36250, 8, 8 
58933, 8, 8 
25486, 8, 8 
12944, 8, 8 
35365, 8, 8 
6896, 8, 8 
34872, 8, 8 
38942, 8, 8 
44299, 8, 8 
55156, 8, 8 
26919, 8, 8 
32615, 8, 8 
59274, 8, 8 
27599, 8, 8 
27613, 8, 8 
27118, 8, 8 
44874, 8, 8 
54584, 9, 9 
47645, 9, 9 
41227, 9, 9 
12945, 9, 9 
45785, 9, 9 
29660, 9, 9 
32532, 9, 9 
22, 9, 9 
12202, 9, 9 
31747, 9, 9 
24701, 9, 9 
12903, 9, 9 
19933, 9, 9 
8899, 9, 9 
1147, 9, 9 
7714, 9, 9 
10292, 9, 9 
17410, 9, 9 
15387, 9, 9 
601, 9, 9 
43282, 9, 9 
46701, 9, 9 
1720, 9, 9 
16261, 9, 9 
56135, 9, 9 
28564, 9, 9 
34983, 9, 9 
26215, 9, 9 
57551, 9, 9 
32360, 9, 9 
34103, 9, 9 
32916, 9, 9 
58920, 9, 9 
17848, 9, 9 
54984, 9, 9 
54679, 9, 9 
20330, 9, 9 
1811, 9, 9 
27479, 9, 9 
22514, 9, 9 
3104, 9, 9 
33592, 9, 9 
58132, 9, 9 
50124, 9, 9 
40113, 9, 9 
25502, 9, 4 
812, 9, 9 
15837, 9, 9 
34184, 9, 9 
49541, 9, 9 
