id, true label, predicted label 
59017, 0, 0 
49278, 0, 0 
59272, 0, 0 
1742, 0, 0 
11231, 0, 0 
49535, 0, 0 
18715, 0, 0 
6441, 0, 0 
27436, 0, 0 
41038, 0, 0 
28428, 0, 0 
36783, 0, 0 
57705, 0, 0 
51774, 0, 0 
27659, 0, 0 
50281, 0, 0 
32210, 0, 0 
42217, 0, 0 
59143, 0, 0 
13738, 0, 0 
16244, 0, 0 
11694, 0, 0 
34037, 0, 0 
44846, 0, 0 
55917, 0, 0 
36628, 0, 0 
48438, 0, 0 
9744, 0, 0 
22605, 0, 0 
36090, 0, 0 
22752, 0, 0 
37495, 0, 0 
41286, 0, 0 
40690, 0, 0 
56005, 0, 0 
41288, 0, 0 
59651, 0, 0 
712, 0, 0 
6325, 0, 0 
58649, 0, 0 
36692, 0, 0 
3884, 0, 0 
12550, 0, 0 
53924, 0, 0 
27305, 0, 0 
3131, 0, 0 
51866, 0, 0 
3720, 0, 0 
24952, 0, 0 
11834, 0, 0 
2110, 1, 1 
27410, 1, 1 
26993, 1, 1 
48127, 1, 1 
9902, 1, 1 
20951, 1, 1 
53375, 1, 1 
25027, 1, 1 
20135, 1, 1 
11050, 1, 1 
51252, 1, 1 
21908, 1, 1 
51888, 1, 1 
10458, 1, 1 
40348, 1, 1 
15020, 1, 1 
30607, 1, 1 
35427, 1, 1 
42888, 1, 1 
19630, 1, 1 
7563, 1, 1 
48611, 1, 1 
9643, 1, 1 
7921, 1, 1 
57998, 1, 1 
6395, 1, 1 
52097, 1, 1 
17180, 1, 1 
8679, 1, 1 
11666, 1, 1 
30408, 1, 1 
2326, 1, 1 
18013, 1, 1 
27439, 1, 1 
4163, 1, 1 
49339, 1, 1 
6108, 1, 1 
21477, 1, 1 
20678, 1, 1 
1445, 1, 1 
43296, 1, 1 
55306, 1, 1 
14221, 1, 1 
28367, 1, 1 
52648, 1, 1 
13273, 1, 1 
24183, 1, 1 
25719, 1, 1 
2083, 1, 1 
52878, 1, 1 
11298, 2, 2 
37258, 2, 2 
28842, 2, 2 
43449, 2, 2 
14836, 2, 2 
15680, 2, 2 
20473, 2, 2 
51808, 2, 2 
35167, 2, 2 
37416, 2, 2 
44377, 2, 2 
21493, 2, 2 
19721, 2, 2 
23677, 2, 2 
58026, 2, 2 
46317, 2, 2 
11203, 2, 2 
2189, 2, 2 
268, 2, 2 
56040, 2, 2 
8372, 2, 2 
27376, 2, 2 
53239, 2, 2 
32169, 2, 2 
1033, 2, 2 
1510, 2, 2 
26751, 2, 2 
1874, 2, 2 
57583, 2, 2 
17039, 2, 2 
35090, 2, 2 
17516, 2, 2 
7500, 2, 2 
23079, 2, 2 
37812, 2, 2 
35378, 2, 2 
4753, 2, 2 
28095, 2, 2 
11727, 2, 2 
16690, 2, 2 
47302, 2, 2 
21255, 2, 2 
50642, 2, 2 
1727, 2, 2 
11436, 2, 2 
48462, 2, 2 
17078, 2, 2 
51262, 2, 2 
44502, 2, 2 
54674, 2, 2 
17588, 3, 3 
20708, 3, 3 
30974, 3, 3 
19620, 3, 3 
41978, 3, 3 
2587, 3, 3 
35984, 3, 3 
38529, 3, 3 
6662, 3, 3 
24196, 3, 3 
16229, 3, 3 
19307, 3, 3 
2818, 3, 3 
52038, 3, 3 
23357, 3, 3 
34597, 3, 3 
52828, 3, 3 
4263, 3, 3 
12920, 3, 3 
24747, 3, 3 
43672, 3, 3 
6298, 3, 3 
34873, 3, 3 
40866, 3, 3 
21893, 3, 3 
21515, 3, 3 
37928, 3, 3 
33590, 3, 3 
13656, 3, 3 
45970, 3, 3 
49589, 3, 3 
3812, 3, 3 
59282, 3, 3 
16732, 3, 3 
27133, 3, 3 
49673, 3, 3 
4271, 3, 3 
7065, 3, 3 
35022, 3, 3 
52487, 3, 3 
23265, 3, 3 
21625, 3, 3 
21447, 3, 3 
31469, 3, 3 
5412, 3, 3 
9829, 3, 3 
5820, 3, 3 
43773, 3, 3 
1938, 3, 3 
27649, 3, 3 
7191, 4, 4 
53873, 4, 4 
44521, 4, 4 
43041, 4, 4 
1163, 4, 4 
14259, 4, 4 
44053, 4, 4 
25050, 4, 4 
59647, 4, 4 
369, 4, 4 
21867, 4, 4 
7204, 4, 4 
36202, 4, 4 
55424, 4, 4 
36790, 4, 4 
48436, 4, 4 
39954, 4, 4 
24472, 4, 4 
3783, 4, 4 
60, 4, 4 
32049, 4, 4 
53226, 4, 4 
30602, 4, 4 
5945, 4, 4 
6669, 4, 4 
25438, 4, 4 
37104, 4, 4 
19666, 4, 4 
43157, 4, 4 
40460, 4, 4 
41655, 4, 4 
13071, 4, 4 
41022, 4, 4 
35952, 4, 4 
19427, 4, 4 
28096, 4, 4 
52920, 4, 4 
52600, 4, 4 
22456, 4, 4 
17949, 4, 4 
24822, 4, 4 
52756, 4, 4 
36518, 4, 4 
11468, 4, 4 
10990, 4, 4 
42816, 4, 4 
21077, 4, 4 
24542, 4, 4 
30506, 4, 4 
59106, 4, 4 
41370, 5, 5 
48572, 5, 5 
17645, 5, 5 
23763, 5, 5 
28261, 5, 5 
51278, 5, 5 
34760, 5, 5 
49895, 5, 5 
9770, 5, 5 
56155, 5, 5 
13284, 5, 5 
10610, 5, 5 
28732, 5, 5 
19396, 5, 5 
4529, 5, 5 
19852, 5, 5 
2999, 5, 5 
8642, 5, 5 
24001, 5, 5 
32697, 5, 5 
59590, 5, 5 
39211, 5, 5 
35117, 5, 5 
26020, 5, 5 
33808, 5, 5 
47357, 5, 5 
17366, 5, 5 
23544, 5, 5 
42756, 5, 5 
21629, 5, 5 
26134, 5, 5 
29659, 5, 5 
1311, 5, 5 
26018, 5, 5 
49236, 5, 5 
31779, 5, 5 
11721, 5, 5 
19236, 5, 5 
34882, 5, 5 
37313, 5, 5 
10373, 5, 5 
19306, 5, 5 
9763, 5, 5 
23858, 5, 5 
55208, 5, 5 
12347, 5, 5 
19719, 5, 5 
44987, 5, 5 
50019, 5, 5 
52347, 5, 5 
41778, 6, 6 
51457, 6, 6 
5179, 6, 6 
34628, 6, 6 
30878, 6, 6 
30855, 6, 6 
43154, 6, 6 
22830, 6, 6 
15843, 6, 6 
32701, 6, 6 
45409, 6, 6 
19462, 6, 6 
7741, 6, 6 
9126, 6, 6 
3615, 6, 6 
1990, 6, 6 
47026, 6, 6 
31464, 6, 6 
16782, 6, 6 
41142, 6, 6 
18530, 6, 6 
10630, 6, 6 
34812, 6, 6 
18971, 6, 6 
59503, 6, 6 
36980, 6, 6 
54018, 6, 6 
44754, 6, 6 
14492, 6, 6 
4231, 6, 6 
43166, 6, 6 
10135, 6, 6 
39019, 6, 6 
28817, 6, 6 
53828, 6, 6 
40085, 6, 6 
51528, 6, 6 
38548, 6, 6 
12002, 6, 6 
31907, 6, 6 
22690, 6, 6 
10044, 6, 6 
35910, 6, 6 
910, 6, 6 
45914, 6, 6 
10617, 6, 6 
29843, 6, 6 
21061, 6, 6 
57945, 6, 6 
29643, 6, 6 
17703, 7, 7 
24005, 7, 7 
12524, 7, 7 
31003, 7, 7 
51650, 7, 7 
33737, 7, 7 
20380, 7, 7 
34435, 7, 7 
10763, 7, 7 
50978, 7, 7 
18979, 7, 7 
3747, 7, 7 
50972, 7, 7 
9188, 7, 7 
40795, 7, 7 
25458, 7, 7 
38091, 7, 7 
27058, 7, 7 
1416, 7, 7 
14277, 7, 7 
21333, 7, 7 
27623, 7, 7 
51958, 7, 7 
57325, 7, 7 
6889, 7, 7 
49616, 7, 7 
36713, 7, 7 
35102, 7, 9 
29470, 7, 7 
32441, 7, 7 
29508, 7, 7 
43841, 7, 7 
20866, 7, 7 
27158, 7, 7 
1216, 7, 7 
29298, 7, 7 
48619, 7, 7 
12865, 7, 7 
31219, 7, 7 
38607, 7, 7 
37963, 7, 7 
20729, 7, 7 
24743, 7, 7 
37775, 7, 7 
59717, 7, 7 
33957, 7, 7 
33530, 7, 7 
30579, 7, 7 
29105, 7, 7 
55409, 7, 7 
24533, 8, 8 
45298, 8, 8 
47034, 8, 8 
16897, 8, 8 
21962, 8, 8 
30397, 8, 8 
56613, 8, 8 
18012, 8, 8 
43755, 8, 8 
51218, 8, 8 
4258, 8, 8 
55156, 8, 8 
50945, 8, 8 
37240, 8, 8 
8067, 8, 8 
51467, 8, 8 
36565, 8, 8 
4767, 8, 8 
37885, 8, 8 
19665, 8, 8 
34510, 8, 8 
39091, 8, 8 
41118, 8, 8 
27740, 8, 8 
42533, 8, 8 
5055, 8, 8 
24002, 8, 8 
38832, 8, 8 
2063, 8, 8 
9764, 8, 8 
11681, 8, 8 
21825, 8, 8 
59649, 8, 8 
29545, 8, 8 
57042, 8, 8 
32982, 8, 8 
15707, 8, 8 
58933, 8, 8 
52632, 8, 8 
9567, 8, 8 
3792, 8, 8 
52292, 8, 8 
35061, 8, 8 
25607, 8, 8 
51891, 8, 8 
8732, 8, 8 
18798, 8, 8 
13378, 8, 8 
32760, 8, 8 
29700, 8, 8 
42826, 9, 9 
7947, 9, 9 
16253, 9, 9 
57374, 9, 9 
6918, 9, 9 
8073, 9, 9 
52355, 9, 9 
12257, 9, 9 
10784, 9, 9 
32235, 9, 9 
57794, 9, 9 
21445, 9, 9 
59455, 9, 9 
35013, 9, 9 
16388, 9, 9 
5645, 9, 9 
41924, 9, 9 
31893, 9, 9 
42052, 9, 9 
57753, 9, 9 
10374, 9, 9 
29091, 9, 9 
37097, 9, 9 
44116, 9, 9 
43419, 9, 9 
35503, 9, 9 
23166, 9, 9 
37326, 9, 9 
38562, 9, 9 
53964, 9, 9 
56883, 9, 9 
10043, 9, 9 
14680, 9, 9 
18697, 9, 9 
10819, 9, 9 
54571, 9, 9 
45039, 9, 9 
49223, 9, 9 
22471, 9, 9 
32676, 9, 9 
6067, 9, 9 
43864, 9, 9 
42311, 9, 9 
30850, 9, 9 
7016, 9, 9 
7217, 9, 9 
21987, 9, 9 
3533, 9, 9 
24999, 9, 9 
32457, 9, 9 
