id, true label, predicted label 
16758, 0, 0 
326, 0, 0 
31625, 0, 0 
45960, 0, 0 
16761, 0, 0 
12325, 0, 0 
6681, 0, 0 
41338, 0, 0 
44583, 0, 0 
56161, 0, 0 
25252, 0, 0 
48284, 0, 0 
34634, 0, 0 
18914, 0, 0 
47371, 0, 0 
44372, 0, 0 
27247, 0, 0 
54812, 0, 0 
38766, 0, 0 
42275, 0, 0 
45434, 0, 0 
12008, 0, 0 
28105, 0, 0 
25461, 0, 0 
39968, 0, 0 
28855, 0, 0 
11060, 0, 0 
27401, 0, 0 
47190, 0, 0 
21542, 0, 0 
41811, 0, 0 
57700, 0, 0 
26058, 0, 0 
46952, 0, 0 
9840, 0, 0 
31604, 0, 0 
59723, 0, 0 
6023, 0, 0 
25214, 0, 0 
44103, 0, 0 
36055, 0, 5 
44076, 0, 0 
4343, 0, 0 
31310, 0, 8 
5154, 0, 0 
8533, 0, 0 
13808, 0, 0 
23013, 0, 0 
10352, 0, 0 
9406, 0, 0 
17422, 1, 1 
32326, 1, 1 
7951, 1, 1 
28250, 1, 1 
43003, 1, 1 
57317, 1, 1 
40918, 1, 1 
47243, 1, 1 
9332, 1, 1 
38466, 1, 1 
4953, 1, 1 
32334, 1, 1 
10823, 1, 1 
55215, 1, 1 
9072, 1, 1 
39076, 1, 1 
44680, 1, 1 
35303, 1, 1 
31780, 1, 1 
23756, 1, 1 
2599, 1, 1 
47869, 1, 1 
45730, 1, 1 
23559, 1, 1 
19096, 1, 1 
27578, 1, 1 
49768, 1, 1 
25447, 1, 1 
16308, 1, 1 
30209, 1, 1 
51813, 1, 1 
2316, 1, 1 
35900, 1, 1 
1496, 1, 1 
45471, 1, 1 
23012, 1, 1 
13160, 1, 1 
47837, 1, 1 
1321, 1, 1 
53058, 1, 1 
13453, 1, 1 
35699, 1, 1 
1174, 1, 1 
32559, 1, 1 
57571, 1, 1 
26802, 1, 1 
10852, 1, 1 
53012, 1, 1 
52248, 1, 1 
1365, 1, 1 
22701, 2, 2 
28832, 2, 2 
22226, 2, 2 
35483, 2, 2 
7146, 2, 2 
27600, 2, 2 
7760, 2, 2 
30634, 2, 2 
16124, 2, 2 
23652, 2, 2 
34495, 2, 2 
2877, 2, 2 
7653, 2, 2 
43407, 2, 2 
48502, 2, 2 
33096, 2, 2 
8742, 2, 2 
7473, 2, 2 
40049, 2, 2 
40607, 2, 2 
51580, 2, 2 
48621, 2, 2 
33540, 2, 2 
25571, 2, 2 
38560, 2, 2 
34408, 2, 2 
15829, 2, 2 
6861, 2, 2 
18776, 2, 2 
45486, 2, 2 
2824, 2, 2 
19508, 2, 2 
10158, 2, 2 
27458, 2, 2 
33261, 2, 2 
11110, 2, 2 
17241, 2, 2 
56926, 2, 2 
26522, 2, 2 
1246, 2, 2 
36717, 2, 2 
15153, 2, 2 
58114, 2, 2 
15083, 2, 2 
55069, 2, 2 
35679, 2, 2 
34252, 2, 2 
37145, 2, 2 
35023, 2, 2 
42472, 2, 2 
39686, 3, 3 
11863, 3, 3 
52590, 3, 3 
50755, 3, 3 
8528, 3, 3 
43027, 3, 3 
48817, 3, 3 
41742, 3, 3 
38066, 3, 3 
35891, 3, 3 
38167, 3, 3 
4506, 3, 5 
6710, 3, 3 
48551, 3, 3 
31098, 3, 3 
6170, 3, 3 
49234, 3, 3 
11535, 3, 3 
57886, 3, 3 
36707, 3, 3 
33587, 3, 3 
34622, 3, 3 
20738, 3, 3 
51555, 3, 3 
27786, 3, 3 
22182, 3, 3 
46480, 3, 3 
42041, 3, 3 
19234, 3, 3 
34853, 3, 3 
32091, 3, 3 
45789, 3, 3 
24539, 3, 3 
53943, 3, 3 
37636, 3, 3 
43952, 3, 3 
21018, 3, 3 
45477, 3, 3 
7383, 3, 3 
2241, 3, 3 
36623, 3, 3 
58853, 3, 3 
25480, 3, 3 
48587, 3, 3 
23556, 3, 3 
25950, 3, 3 
56621, 3, 3 
55341, 3, 3 
43670, 3, 7 
56974, 3, 3 
2034, 4, 4 
45915, 4, 4 
14793, 4, 4 
45173, 4, 4 
28237, 4, 4 
36790, 4, 4 
25831, 4, 4 
4890, 4, 4 
57630, 4, 4 
4438, 4, 4 
11459, 4, 4 
4125, 4, 4 
19026, 4, 4 
16578, 4, 4 
21653, 4, 4 
53452, 4, 4 
33679, 4, 4 
57370, 4, 4 
56440, 4, 4 
45751, 4, 4 
28610, 4, 4 
9931, 4, 4 
55773, 4, 4 
28938, 4, 4 
58057, 4, 4 
22409, 4, 4 
15456, 4, 4 
847, 4, 4 
45243, 4, 4 
6336, 4, 4 
21541, 4, 4 
9100, 4, 4 
57389, 4, 4 
38922, 4, 4 
30121, 4, 4 
15514, 4, 4 
52024, 4, 4 
5580, 4, 4 
40234, 4, 4 
48357, 4, 4 
45834, 4, 4 
2341, 4, 4 
2317, 4, 4 
3061, 4, 4 
39703, 4, 4 
55954, 4, 4 
23152, 4, 4 
18306, 4, 4 
33359, 4, 4 
38203, 4, 4 
6389, 5, 5 
26868, 5, 5 
41618, 5, 5 
16819, 5, 5 
7346, 5, 5 
48623, 5, 5 
29058, 5, 5 
42604, 5, 5 
50332, 5, 5 
5752, 5, 5 
27471, 5, 5 
58039, 5, 5 
48425, 5, 5 
10546, 5, 5 
46458, 5, 5 
35858, 5, 5 
10227, 5, 5 
53479, 5, 5 
24068, 5, 5 
29307, 5, 5 
34365, 5, 5 
59880, 5, 5 
53275, 5, 5 
17312, 5, 5 
45797, 5, 5 
24951, 5, 5 
29815, 5, 5 
10877, 5, 5 
25240, 5, 5 
21157, 5, 5 
5685, 5, 5 
51639, 5, 5 
2646, 5, 5 
50533, 5, 5 
2966, 5, 5 
49536, 5, 5 
53675, 5, 5 
57081, 5, 5 
51492, 5, 5 
14512, 5, 5 
2690, 5, 5 
15611, 5, 5 
47769, 5, 5 
12626, 5, 5 
42756, 5, 5 
42359, 5, 5 
18431, 5, 5 
22205, 5, 5 
12487, 5, 5 
59160, 5, 5 
34539, 6, 6 
49969, 6, 6 
3207, 6, 6 
40707, 6, 6 
41413, 6, 6 
45702, 6, 6 
31071, 6, 6 
256, 6, 6 
43925, 6, 6 
45839, 6, 6 
40157, 6, 6 
14910, 6, 6 
1688, 6, 6 
56210, 6, 6 
21745, 6, 6 
49626, 6, 6 
14921, 6, 6 
24656, 6, 6 
24304, 6, 6 
24569, 6, 6 
11038, 6, 6 
42788, 6, 6 
38259, 6, 6 
58055, 6, 6 
48005, 6, 6 
15634, 6, 6 
39250, 6, 6 
57456, 6, 6 
26180, 6, 6 
57158, 6, 6 
48673, 6, 6 
43225, 6, 6 
32999, 6, 6 
9295, 6, 6 
26392, 6, 6 
59257, 6, 6 
18772, 6, 6 
42386, 6, 6 
4030, 6, 6 
38958, 6, 6 
48117, 6, 6 
40676, 6, 6 
58578, 6, 6 
37581, 6, 6 
52233, 6, 6 
19134, 6, 6 
50086, 6, 6 
27338, 6, 6 
26796, 6, 6 
46943, 6, 6 
7849, 7, 7 
42269, 7, 7 
19164, 7, 7 
46799, 7, 7 
9519, 7, 7 
53102, 7, 7 
37348, 7, 7 
55689, 7, 7 
42067, 7, 7 
723, 7, 7 
11623, 7, 7 
42928, 7, 7 
57540, 7, 7 
42451, 7, 7 
12835, 7, 7 
55384, 7, 7 
38191, 7, 7 
41532, 7, 7 
12296, 7, 7 
47852, 7, 7 
25733, 7, 7 
52952, 7, 7 
44865, 7, 7 
6756, 7, 7 
13292, 7, 7 
22057, 7, 7 
22791, 7, 7 
46171, 7, 7 
18161, 7, 7 
52407, 7, 7 
24878, 7, 7 
38921, 7, 7 
53779, 7, 7 
55486, 7, 7 
41309, 7, 7 
28421, 7, 7 
30610, 7, 7 
54966, 7, 7 
46462, 7, 7 
59774, 7, 7 
16186, 7, 7 
13382, 7, 7 
35696, 7, 7 
40436, 7, 7 
46363, 7, 7 
22683, 7, 7 
27827, 7, 7 
16379, 7, 7 
4964, 7, 7 
30433, 7, 7 
59718, 8, 8 
57062, 8, 8 
32480, 8, 8 
1657, 8, 8 
20690, 8, 8 
18291, 8, 8 
20938, 8, 8 
13152, 8, 8 
38863, 8, 8 
17547, 8, 8 
5343, 8, 8 
24760, 8, 8 
45056, 8, 8 
34422, 8, 8 
30247, 8, 8 
48658, 8, 8 
19025, 8, 8 
23112, 8, 8 
22617, 8, 8 
3407, 8, 8 
22060, 8, 8 
41893, 8, 8 
55979, 8, 8 
14679, 8, 8 
43203, 8, 8 
27889, 8, 8 
48824, 8, 8 
18089, 8, 8 
42417, 8, 8 
51008, 8, 8 
10663, 8, 8 
15104, 8, 8 
16284, 8, 8 
10187, 8, 8 
7405, 8, 8 
54268, 8, 8 
26043, 8, 8 
35237, 8, 8 
55968, 8, 8 
44714, 8, 8 
4853, 8, 8 
28751, 8, 8 
18104, 8, 8 
24007, 8, 8 
39391, 8, 8 
37170, 8, 8 
39991, 8, 8 
39373, 8, 8 
45573, 8, 8 
44360, 8, 8 
37764, 9, 9 
10614, 9, 9 
43259, 9, 9 
41302, 9, 9 
14744, 9, 9 
5898, 9, 9 
7208, 9, 9 
3095, 9, 9 
42017, 9, 9 
5727, 9, 9 
33366, 9, 9 
15584, 9, 9 
26954, 9, 9 
48816, 9, 9 
49752, 9, 9 
15413, 9, 9 
51082, 9, 9 
1061, 9, 9 
30394, 9, 9 
56948, 9, 9 
13757, 9, 9 
19239, 9, 9 
6334, 9, 9 
14015, 9, 9 
31934, 9, 1 
29865, 9, 9 
48224, 9, 9 
57913, 9, 9 
29328, 9, 9 
27304, 9, 9 
38493, 9, 9 
46572, 9, 9 
53059, 9, 9 
57246, 9, 4 
20562, 9, 9 
45785, 9, 9 
9532, 9, 9 
22772, 9, 9 
1882, 9, 9 
16622, 9, 9 
9425, 9, 9 
42796, 9, 9 
24009, 9, 9 
2997, 9, 9 
19393, 9, 9 
13111, 9, 9 
39229, 9, 9 
40167, 9, 9 
51796, 9, 9 
16775, 9, 9 
