id, true label, predicted label 
9151, 0, 0 
59363, 0, 0 
7948, 0, 0 
28565, 0, 0 
42752, 0, 0 
44199, 0, 0 
10844, 0, 0 
46775, 0, 0 
27859, 0, 0 
28895, 0, 0 
44276, 0, 0 
30434, 0, 0 
22473, 0, 0 
40099, 0, 0 
45126, 0, 0 
8763, 0, 0 
17611, 0, 0 
25461, 0, 0 
9773, 0, 0 
42980, 0, 0 
1837, 0, 0 
8533, 0, 0 
45960, 0, 0 
1443, 0, 0 
40335, 0, 0 
21907, 0, 0 
2269, 0, 0 
58223, 0, 0 
38926, 0, 0 
51831, 0, 0 
1268, 0, 0 
17539, 0, 0 
7813, 0, 0 
21199, 0, 0 
31430, 0, 0 
37921, 0, 0 
10755, 0, 0 
3691, 0, 0 
14110, 0, 0 
56573, 0, 0 
26277, 0, 0 
121, 0, 0 
2440, 0, 0 
28824, 0, 0 
39897, 0, 0 
22669, 0, 0 
5830, 0, 0 
51980, 0, 0 
52228, 0, 0 
7271, 0, 0 
16192, 0, 0 
8289, 0, 0 
5330, 0, 0 
5298, 0, 0 
2952, 0, 0 
23297, 0, 0 
19325, 0, 0 
32130, 0, 0 
50407, 0, 0 
22658, 0, 0 
24993, 0, 0 
35757, 0, 0 
59249, 0, 0 
40091, 0, 0 
55631, 0, 0 
47406, 0, 0 
45830, 0, 0 
17449, 0, 0 
50949, 0, 0 
21413, 0, 0 
43045, 0, 0 
14965, 0, 0 
42848, 0, 0 
5475, 0, 0 
32494, 0, 0 
20929, 0, 0 
28358, 0, 0 
26292, 0, 0 
22048, 0, 0 
51365, 0, 0 
19649, 0, 0 
59847, 0, 0 
32459, 0, 0 
6960, 0, 0 
9985, 0, 0 
53880, 0, 0 
6097, 0, 0 
19542, 0, 0 
59450, 0, 0 
33940, 0, 0 
35282, 0, 0 
33148, 0, 0 
1930, 0, 0 
5007, 0, 0 
36260, 0, 0 
15926, 0, 0 
46014, 0, 0 
11694, 0, 0 
55911, 0, 0 
41588, 0, 0 
15753, 0, 0 
42389, 0, 0 
59457, 0, 0 
41445, 0, 0 
25814, 0, 0 
2325, 0, 0 
7485, 0, 0 
50081, 0, 0 
49394, 0, 0 
57034, 0, 0 
50559, 0, 0 
869, 0, 0 
55651, 0, 0 
43685, 0, 0 
52628, 0, 0 
4565, 0, 0 
15508, 0, 0 
50828, 0, 0 
42862, 0, 0 
23754, 0, 0 
10750, 0, 0 
47555, 0, 0 
41406, 0, 0 
13911, 0, 0 
26040, 0, 0 
22929, 0, 0 
48350, 0, 0 
11794, 0, 0 
29677, 0, 0 
31173, 0, 0 
5961, 0, 0 
30706, 0, 0 
23023, 0, 0 
260, 0, 0 
56639, 0, 0 
55290, 0, 0 
6245, 0, 0 
58108, 0, 0 
577, 0, 0 
43050, 0, 0 
57321, 0, 0 
34985, 0, 0 
18064, 0, 0 
45115, 0, 0 
49639, 0, 0 
14820, 0, 0 
52609, 0, 0 
16921, 0, 0 
42153, 0, 0 
17314, 0, 0 
26832, 0, 0 
33848, 0, 0 
17738, 0, 0 
9671, 0, 0 
47294, 0, 0 
28923, 0, 0 
31836, 0, 0 
29203, 0, 0 
20622, 0, 0 
48631, 0, 0 
54349, 0, 0 
38440, 0, 0 
44333, 0, 0 
19480, 0, 0 
50026, 0, 0 
39279, 0, 0 
19060, 0, 0 
17535, 0, 0 
33914, 0, 0 
21954, 0, 0 
1709, 0, 0 
49110, 0, 0 
15868, 0, 0 
50476, 0, 0 
16439, 0, 0 
53788, 0, 0 
15955, 0, 0 
26656, 0, 0 
13916, 0, 0 
39612, 0, 0 
12150, 0, 0 
53957, 0, 0 
44675, 0, 0 
56397, 0, 0 
54214, 0, 0 
25567, 0, 0 
19258, 0, 0 
33345, 0, 0 
13989, 0, 0 
26261, 0, 0 
12927, 0, 0 
19857, 0, 0 
20478, 0, 0 
59786, 0, 0 
27735, 0, 0 
44127, 0, 0 
22877, 0, 0 
47740, 0, 0 
22337, 0, 0 
36783, 0, 0 
48268, 0, 0 
27322, 0, 0 
33149, 0, 0 
21769, 0, 0 
34943, 0, 0 
49595, 0, 0 
33522, 0, 0 
7409, 0, 0 
2597, 0, 0 
7364, 0, 0 
55130, 0, 0 
1454, 0, 0 
4597, 0, 0 
20483, 0, 0 
11231, 0, 0 
32427, 0, 0 
18926, 0, 0 
16987, 0, 0 
6023, 0, 0 
8739, 0, 0 
45682, 0, 0 
45823, 0, 0 
49685, 0, 0 
5019, 0, 0 
11657, 0, 0 
29676, 0, 0 
54997, 0, 0 
12414, 0, 0 
49220, 0, 0 
51395, 0, 0 
25928, 0, 0 
81, 0, 0 
54414, 0, 0 
29869, 0, 0 
27638, 0, 0 
51623, 0, 0 
42091, 0, 0 
35050, 0, 0 
57408, 0, 0 
42111, 0, 0 
26298, 0, 0 
22749, 0, 0 
12387, 0, 0 
23980, 0, 0 
33670, 0, 0 
8531, 0, 0 
31943, 0, 0 
32905, 0, 0 
14148, 0, 0 
53734, 0, 0 
15065, 0, 0 
47079, 0, 0 
30668, 0, 0 
48780, 0, 0 
3443, 0, 0 
6034, 0, 0 
34273, 0, 0 
11620, 0, 0 
54608, 0, 0 
17304, 0, 0 
31043, 0, 0 
10340, 0, 0 
11462, 0, 0 
7371, 0, 0 
54121, 0, 0 
32781, 0, 0 
28690, 0, 0 
34457, 0, 0 
15704, 0, 0 
50281, 0, 0 
41485, 0, 0 
27637, 0, 0 
43129, 0, 0 
10372, 0, 0 
14137, 0, 0 
10861, 0, 0 
29578, 0, 0 
24537, 0, 0 
58726, 0, 0 
24388, 0, 0 
31127, 0, 0 
48670, 0, 0 
33645, 0, 0 
15382, 0, 0 
51638, 0, 0 
55907, 0, 0 
24952, 0, 0 
53293, 0, 0 
51680, 0, 0 
47696, 0, 0 
38696, 0, 0 
17779, 0, 0 
17508, 0, 0 
44314, 0, 0 
23108, 0, 0 
23521, 0, 0 
34394, 0, 0 
20548, 0, 0 
58649, 0, 0 
51917, 0, 0 
25285, 0, 0 
38573, 0, 0 
5884, 0, 0 
234, 0, 0 
47197, 0, 0 
18505, 0, 0 
45942, 0, 0 
13921, 0, 0 
18892, 0, 0 
59681, 0, 0 
15189, 0, 0 
38893, 0, 0 
32086, 0, 0 
42835, 0, 0 
40284, 0, 0 
25420, 0, 0 
46748, 0, 0 
58575, 0, 0 
58809, 0, 0 
18703, 0, 0 
5808, 0, 0 
24265, 0, 0 
25312, 0, 0 
12837, 0, 0 
18658, 0, 0 
45577, 0, 0 
25584, 0, 0 
39960, 0, 0 
1152, 0, 0 
31026, 0, 0 
15825, 0, 0 
1769, 0, 0 
40200, 0, 0 
16516, 0, 0 
39207, 0, 0 
5133, 0, 0 
44893, 0, 0 
54703, 0, 0 
31518, 0, 0 
1678, 0, 0 
29562, 0, 0 
37269, 0, 0 
30618, 0, 0 
14384, 0, 0 
21523, 0, 0 
54844, 0, 0 
32151, 0, 0 
9257, 0, 0 
16787, 0, 0 
43309, 0, 0 
37901, 0, 0 
22352, 0, 0 
889, 0, 0 
46443, 0, 0 
18737, 0, 0 
26623, 0, 0 
8653, 0, 0 
42674, 0, 0 
34099, 0, 0 
39326, 0, 0 
2436, 0, 0 
56248, 0, 0 
15119, 0, 0 
30871, 0, 0 
50534, 0, 0 
13126, 0, 0 
6917, 0, 0 
58353, 0, 0 
12321, 0, 0 
712, 0, 0 
19969, 0, 0 
35012, 0, 0 
36975, 0, 0 
32454, 0, 0 
53685, 0, 0 
38579, 0, 0 
52817, 0, 0 
3396, 0, 0 
526, 0, 0 
41138, 0, 0 
32946, 0, 0 
40803, 0, 0 
21586, 0, 0 
42664, 0, 0 
26073, 0, 0 
8369, 0, 0 
52428, 0, 0 
5627, 0, 0 
37092, 0, 0 
35816, 0, 0 
29456, 0, 0 
57995, 0, 0 
46871, 0, 0 
43662, 0, 0 
13955, 0, 0 
24085, 0, 0 
1372, 0, 0 
24419, 0, 0 
12457, 0, 0 
22987, 0, 0 
26438, 0, 0 
45359, 0, 0 
46339, 0, 0 
57634, 0, 0 
43701, 0, 0 
14840, 0, 0 
55986, 0, 0 
7267, 0, 0 
7557, 0, 0 
50643, 0, 0 
12103, 0, 0 
40958, 0, 0 
47396, 0, 0 
57575, 0, 0 
21960, 0, 0 
25024, 0, 0 
8509, 0, 0 
33427, 0, 0 
10348, 0, 0 
33003, 0, 0 
44313, 0, 0 
31661, 0, 0 
27114, 0, 0 
13913, 0, 0 
19179, 0, 0 
17349, 0, 0 
29263, 0, 0 
51505, 0, 0 
35157, 0, 0 
15042, 0, 0 
8863, 0, 0 
32575, 0, 0 
43188, 0, 0 
21903, 0, 0 
20205, 0, 0 
47572, 0, 0 
39935, 0, 0 
58053, 0, 0 
18073, 0, 0 
4356, 0, 0 
246, 0, 0 
14559, 0, 0 
19082, 0, 0 
37937, 0, 0 
27206, 0, 0 
35175, 0, 0 
25305, 0, 0 
55752, 0, 0 
57115, 0, 0 
34064, 0, 0 
38501, 0, 0 
7499, 0, 0 
42010, 0, 0 
43134, 0, 0 
19209, 0, 0 
28540, 0, 0 
26853, 0, 0 
47513, 0, 0 
14675, 0, 0 
46557, 0, 0 
37677, 0, 0 
8172, 0, 0 
4870, 0, 0 
58743, 0, 0 
57393, 0, 0 
32621, 0, 0 
41401, 0, 0 
24842, 0, 0 
21078, 0, 0 
17025, 0, 0 
44558, 0, 0 
55680, 0, 0 
30700, 0, 0 
19760, 0, 0 
3479, 0, 0 
53424, 0, 0 
23506, 0, 0 
38310, 0, 0 
19554, 0, 0 
15505, 0, 0 
15798, 0, 0 
56835, 0, 0 
57288, 0, 0 
54755, 0, 0 
51649, 0, 0 
52797, 0, 0 
13896, 0, 0 
25427, 0, 0 
56444, 0, 0 
57053, 0, 0 
50539, 0, 0 
37408, 0, 0 
5120, 0, 0 
30370, 0, 0 
57494, 0, 0 
14749, 0, 0 
48136, 0, 0 
14291, 0, 0 
6645, 0, 0 
16606, 0, 0 
39603, 1, 1 
14509, 1, 1 
3644, 1, 1 
54416, 1, 1 
55338, 1, 1 
19482, 1, 1 
19018, 1, 1 
24707, 1, 1 
29986, 1, 1 
6277, 1, 1 
30031, 1, 1 
45182, 1, 1 
27933, 1, 1 
18705, 1, 1 
9960, 1, 1 
20589, 1, 1 
31679, 1, 1 
1394, 1, 1 
26070, 1, 1 
15578, 1, 1 
59297, 1, 1 
20746, 1, 1 
5571, 1, 1 
30225, 1, 1 
15252, 1, 1 
52325, 1, 1 
5355, 1, 1 
6530, 1, 1 
45921, 1, 1 
24288, 1, 1 
2039, 1, 1 
32083, 1, 1 
7175, 1, 1 
27751, 1, 1 
14725, 1, 1 
42716, 1, 1 
13574, 1, 1 
27604, 1, 1 
11917, 1, 1 
26445, 1, 1 
5785, 1, 1 
29086, 1, 1 
43779, 1, 1 
58203, 1, 1 
33705, 1, 1 
5708, 1, 1 
9599, 1, 1 
10886, 1, 1 
58737, 1, 1 
8595, 1, 1 
32632, 1, 1 
43714, 1, 1 
16087, 1, 1 
18830, 1, 1 
58570, 1, 1 
36333, 1, 1 
27895, 1, 1 
2688, 1, 1 
33385, 1, 1 
19010, 1, 1 
20319, 1, 1 
11292, 1, 1 
17661, 1, 1 
33191, 1, 1 
37674, 1, 1 
40610, 1, 1 
59521, 1, 1 
21460, 1, 1 
7877, 1, 1 
27816, 1, 1 
41894, 1, 1 
47777, 1, 1 
4924, 1, 1 
8162, 1, 1 
32879, 1, 1 
44996, 1, 1 
58033, 1, 1 
19918, 1, 1 
57069, 1, 1 
51529, 1, 1 
34625, 1, 1 
47310, 1, 1 
46855, 1, 1 
40999, 1, 1 
59207, 1, 1 
49519, 1, 1 
33140, 1, 1 
3468, 1, 1 
54259, 1, 1 
51110, 1, 1 
36368, 1, 1 
40190, 1, 1 
17618, 1, 1 
19691, 1, 1 
41269, 1, 1 
1174, 1, 1 
41536, 1, 1 
23181, 1, 1 
25103, 1, 1 
7074, 1, 1 
12356, 1, 1 
19898, 1, 1 
34612, 1, 1 
28792, 1, 1 
31045, 1, 1 
4010, 1, 1 
45372, 1, 1 
26647, 1, 1 
47129, 1, 1 
36921, 1, 1 
2505, 1, 1 
9457, 1, 1 
1321, 1, 1 
57378, 1, 1 
8124, 1, 1 
25744, 1, 1 
55963, 1, 1 
18664, 1, 1 
54380, 1, 1 
42435, 1, 1 
53904, 1, 1 
52075, 1, 1 
49559, 1, 1 
54784, 1, 1 
11637, 1, 1 
40537, 1, 1 
57673, 1, 1 
54329, 1, 1 
14767, 1, 1 
27242, 1, 1 
46196, 1, 1 
41195, 1, 1 
40443, 1, 1 
15999, 1, 1 
49811, 1, 1 
13392, 1, 1 
23118, 1, 1 
52492, 1, 1 
5963, 1, 1 
57283, 1, 1 
34531, 1, 1 
2260, 1, 1 
46893, 1, 1 
50333, 1, 1 
51372, 1, 1 
13569, 1, 1 
13154, 1, 1 
57722, 1, 1 
12508, 1, 1 
7404, 1, 1 
41967, 1, 1 
104, 1, 1 
42371, 1, 1 
30866, 1, 1 
2807, 1, 1 
10669, 1, 1 
58903, 1, 1 
12704, 1, 1 
13611, 1, 1 
49796, 1, 1 
16636, 1, 1 
22349, 1, 1 
56683, 1, 1 
18286, 1, 1 
39716, 1, 1 
23333, 1, 1 
41897, 1, 1 
56953, 1, 1 
7303, 1, 1 
42486, 1, 1 
43879, 1, 1 
28629, 1, 1 
59, 1, 1 
49037, 1, 1 
37761, 1, 1 
26485, 1, 1 
17035, 1, 1 
39857, 1, 1 
46434, 1, 1 
32892, 1, 1 
23318, 1, 1 
10118, 1, 1 
30695, 1, 1 
37661, 1, 1 
24487, 1, 1 
41467, 1, 1 
34757, 1, 1 
20627, 1, 1 
57272, 1, 1 
52619, 1, 1 
30616, 1, 1 
12071, 1, 1 
42673, 1, 1 
20475, 1, 1 
46213, 1, 1 
32612, 1, 1 
5395, 1, 1 
39986, 1, 1 
23505, 1, 1 
41238, 1, 1 
15574, 1, 1 
14417, 1, 1 
29522, 1, 1 
16080, 1, 1 
11939, 1, 1 
35266, 1, 1 
36501, 1, 1 
15789, 1, 1 
12693, 1, 1 
17180, 1, 1 
27270, 1, 1 
8383, 1, 1 
58953, 1, 1 
55671, 1, 1 
39077, 1, 1 
11404, 1, 1 
55634, 1, 1 
38466, 1, 1 
7747, 1, 1 
40744, 1, 1 
16307, 1, 1 
48943, 1, 1 
55710, 1, 1 
36968, 1, 1 
21709, 1, 1 
36095, 1, 1 
36164, 1, 1 
55502, 1, 1 
15266, 1, 1 
10110, 1, 1 
46933, 1, 1 
27582, 1, 1 
351, 1, 1 
3954, 1, 1 
24222, 1, 1 
6318, 1, 1 
46275, 1, 1 
55214, 1, 1 
19991, 1, 1 
59692, 1, 1 
8451, 1, 1 
15550, 1, 1 
49876, 1, 1 
25447, 1, 1 
36106, 1, 1 
47490, 1, 1 
23693, 1, 1 
13090, 1, 1 
8430, 1, 1 
35414, 1, 1 
54809, 1, 1 
55855, 1, 1 
40779, 1, 1 
4013, 1, 1 
17639, 1, 1 
15380, 1, 1 
25064, 1, 1 
37038, 1, 1 
24368, 1, 1 
36933, 1, 1 
20443, 1, 1 
38828, 1, 1 
31556, 1, 1 
27410, 1, 1 
13674, 1, 1 
51390, 1, 1 
5301, 1, 1 
16855, 1, 1 
19894, 1, 1 
16021, 1, 1 
31966, 1, 1 
3132, 1, 1 
21741, 1, 1 
26959, 1, 1 
46304, 1, 1 
19544, 1, 1 
905, 1, 1 
22347, 1, 1 
7996, 1, 1 
29451, 1, 1 
41446, 1, 1 
4815, 1, 1 
14196, 1, 1 
36571, 1, 1 
29274, 1, 1 
35698, 1, 1 
19841, 1, 1 
47991, 1, 1 
17554, 1, 1 
45240, 1, 1 
23892, 1, 1 
59919, 1, 1 
21109, 1, 1 
28322, 1, 1 
6366, 1, 1 
44856, 1, 1 
50350, 1, 1 
57222, 1, 1 
23885, 1, 1 
51060, 1, 1 
23532, 1, 1 
36426, 1, 1 
10318, 1, 1 
16670, 1, 1 
27205, 1, 1 
56208, 1, 1 
33487, 1, 1 
27785, 1, 1 
27284, 1, 1 
10907, 1, 1 
12805, 1, 1 
42806, 1, 1 
38965, 1, 1 
41733, 1, 1 
57961, 1, 1 
9562, 1, 1 
59387, 1, 1 
2432, 1, 1 
46954, 1, 1 
8529, 1, 1 
18013, 1, 1 
17351, 1, 1 
14615, 1, 1 
58440, 1, 1 
9315, 1, 1 
13177, 1, 1 
31093, 1, 1 
978, 1, 1 
36108, 1, 1 
4109, 1, 1 
27034, 1, 1 
37629, 1, 1 
56273, 1, 1 
16713, 1, 1 
12512, 1, 1 
49964, 1, 1 
35527, 1, 1 
47338, 1, 1 
55415, 1, 1 
43426, 1, 1 
48993, 1, 1 
5915, 1, 1 
13643, 1, 1 
24465, 1, 1 
38731, 1, 1 
48022, 1, 1 
54458, 1, 1 
43484, 1, 1 
39169, 1, 1 
2410, 1, 1 
17030, 1, 1 
4524, 1, 1 
13334, 1, 1 
12060, 1, 1 
51975, 1, 1 
18801, 1, 1 
25704, 1, 1 
55543, 1, 1 
21166, 1, 1 
19731, 1, 1 
29233, 1, 1 
25758, 1, 1 
45855, 1, 1 
18116, 1, 1 
31384, 1, 1 
34383, 1, 1 
1597, 1, 1 
35587, 1, 1 
9264, 1, 1 
42657, 1, 1 
20755, 1, 1 
28724, 1, 1 
18050, 1, 1 
43389, 1, 1 
39785, 1, 1 
38482, 1, 1 
2870, 1, 1 
29083, 1, 1 
15148, 1, 1 
44183, 1, 1 
1242, 1, 1 
27871, 1, 1 
1293, 1, 1 
34927, 1, 1 
28479, 1, 1 
36731, 1, 1 
49357, 1, 1 
43323, 1, 1 
50621, 1, 1 
23399, 1, 1 
46470, 1, 1 
38276, 1, 1 
38463, 1, 1 
18258, 1, 1 
47869, 1, 1 
14682, 1, 1 
43927, 1, 1 
26152, 1, 1 
17540, 1, 1 
7748, 1, 1 
12113, 1, 1 
39095, 1, 1 
10627, 1, 1 
46225, 1, 1 
30567, 1, 1 
58963, 1, 1 
25421, 1, 1 
43315, 1, 1 
19955, 1, 1 
13080, 1, 1 
6328, 1, 1 
58052, 1, 1 
13882, 1, 1 
42494, 1, 1 
43162, 1, 1 
18540, 1, 1 
11051, 1, 1 
54177, 1, 1 
5530, 1, 1 
19622, 1, 1 
31930, 1, 1 
51206, 1, 1 
23134, 1, 1 
50397, 1, 1 
55767, 1, 1 
49042, 1, 1 
25948, 1, 1 
27665, 1, 1 
6070, 1, 1 
47187, 1, 1 
52731, 1, 1 
45926, 1, 1 
43708, 1, 1 
53891, 1, 1 
28232, 1, 1 
57829, 1, 1 
14041, 1, 1 
26202, 1, 1 
38709, 1, 1 
21376, 1, 1 
36811, 1, 1 
28196, 1, 1 
19742, 1, 1 
45588, 1, 1 
44627, 1, 1 
26002, 1, 1 
17465, 1, 1 
43227, 1, 1 
26473, 1, 1 
20678, 1, 1 
2977, 1, 1 
13725, 1, 1 
55215, 1, 1 
38831, 1, 1 
8063, 1, 1 
55955, 1, 1 
56728, 1, 1 
20536, 1, 1 
10342, 1, 1 
11606, 1, 1 
46915, 1, 1 
26421, 1, 1 
18207, 1, 1 
50447, 1, 1 
3379, 1, 1 
19167, 1, 1 
30684, 1, 1 
35048, 1, 1 
28819, 1, 1 
59820, 1, 1 
12705, 1, 1 
38039, 1, 1 
13006, 1, 1 
18372, 1, 1 
16236, 1, 1 
41852, 1, 1 
47216, 1, 1 
14560, 1, 1 
10293, 1, 1 
25129, 1, 1 
52342, 1, 1 
27461, 1, 1 
40273, 1, 1 
20912, 1, 1 
205, 1, 1 
38525, 1, 1 
43316, 1, 1 
10741, 1, 1 
43085, 1, 1 
16455, 1, 1 
32358, 1, 1 
18452, 1, 1 
26492, 1, 1 
26604, 1, 1 
49521, 1, 1 
37936, 1, 1 
29715, 1, 1 
34261, 1, 1 
7330, 1, 1 
38847, 1, 1 
12815, 2, 2 
11109, 2, 2 
10406, 2, 2 
41730, 2, 2 
21136, 2, 2 
44098, 2, 2 
22411, 2, 2 
55985, 2, 2 
31890, 2, 2 
38409, 2, 2 
36868, 2, 2 
52433, 2, 2 
18922, 2, 2 
6771, 2, 2 
41340, 2, 2 
6124, 2, 2 
51608, 2, 2 
53963, 2, 2 
2670, 2, 2 
48698, 2, 2 
12549, 2, 2 
8691, 2, 2 
52501, 2, 2 
29355, 2, 2 
37469, 2, 4 
26533, 2, 2 
4649, 2, 2 
2270, 2, 2 
48899, 2, 2 
39734, 2, 2 
47531, 2, 2 
14517, 2, 2 
5345, 2, 2 
29244, 2, 2 
37143, 2, 2 
41255, 2, 2 
54315, 2, 2 
34371, 2, 2 
51849, 2, 2 
7369, 2, 2 
13491, 2, 2 
11449, 2, 2 
59537, 2, 2 
7408, 2, 2 
9777, 2, 2 
18110, 2, 2 
14422, 2, 2 
42950, 2, 2 
37484, 2, 2 
17873, 2, 2 
684, 2, 2 
38563, 2, 2 
58710, 2, 2 
24722, 2, 2 
29716, 2, 2 
53026, 2, 2 
7897, 2, 2 
54033, 2, 2 
39726, 2, 2 
47912, 2, 2 
16007, 2, 2 
57871, 2, 2 
10100, 2, 2 
8843, 2, 2 
17448, 2, 2 
56631, 2, 2 
1492, 2, 2 
44841, 2, 2 
39283, 2, 2 
48822, 2, 2 
47189, 2, 2 
46219, 2, 2 
59555, 2, 2 
5480, 2, 2 
30580, 2, 2 
52762, 2, 2 
37825, 2, 2 
36462, 2, 2 
39002, 2, 2 
48527, 2, 2 
50987, 2, 2 
43449, 2, 2 
38937, 2, 2 
58373, 2, 2 
31221, 2, 2 
11251, 2, 2 
56682, 2, 2 
24665, 2, 2 
49834, 2, 2 
40853, 2, 2 
9830, 2, 2 
29449, 2, 2 
51119, 2, 2 
27680, 2, 2 
29735, 2, 2 
1330, 2, 2 
27374, 2, 2 
31092, 2, 2 
13735, 2, 2 
30120, 2, 2 
8025, 2, 2 
35014, 2, 2 
54894, 2, 2 
10785, 2, 2 
37040, 2, 2 
42991, 2, 2 
42692, 2, 2 
26468, 2, 2 
21598, 2, 2 
3659, 2, 2 
2332, 2, 2 
27189, 2, 2 
37322, 2, 2 
24430, 2, 2 
47890, 2, 2 
26075, 2, 2 
54682, 2, 2 
41348, 2, 2 
12361, 2, 2 
41835, 2, 2 
39673, 2, 2 
37214, 2, 2 
23677, 2, 2 
1129, 2, 2 
15107, 2, 2 
54924, 2, 2 
14130, 2, 2 
48378, 2, 2 
51630, 2, 2 
5545, 2, 2 
1033, 2, 2 
43101, 2, 2 
34226, 2, 2 
15040, 2, 2 
36958, 2, 2 
9836, 2, 2 
16461, 2, 2 
55044, 2, 2 
4851, 2, 2 
16449, 2, 2 
32825, 2, 2 
58215, 2, 2 
15585, 2, 2 
25088, 2, 2 
43105, 2, 2 
1390, 2, 2 
58487, 2, 2 
9211, 2, 2 
43254, 2, 2 
7292, 2, 2 
43854, 2, 2 
15887, 2, 2 
14108, 2, 2 
30297, 2, 2 
16948, 2, 2 
56819, 2, 2 
53608, 2, 2 
22070, 2, 2 
10122, 2, 2 
18748, 2, 2 
14569, 2, 2 
24098, 2, 2 
41581, 2, 2 
44549, 2, 2 
59355, 2, 2 
6910, 2, 2 
45362, 2, 2 
24226, 2, 2 
35902, 2, 2 
59167, 2, 2 
19191, 2, 2 
51542, 2, 2 
35456, 2, 2 
18192, 2, 2 
43743, 2, 2 
21197, 2, 2 
14005, 2, 2 
6633, 2, 2 
588, 2, 2 
26265, 2, 2 
9757, 2, 2 
48757, 2, 2 
32650, 2, 2 
42539, 2, 2 
27551, 2, 2 
35644, 2, 2 
50720, 2, 2 
38148, 2, 2 
42622, 2, 2 
42413, 2, 2 
46727, 2, 2 
34181, 2, 2 
26031, 2, 2 
4086, 2, 2 
7870, 2, 2 
35090, 2, 2 
35492, 2, 2 
27797, 2, 2 
16089, 2, 2 
39597, 2, 2 
55170, 2, 2 
4687, 2, 2 
16024, 2, 2 
47036, 2, 2 
26782, 2, 2 
48034, 2, 2 
15699, 2, 2 
26325, 2, 2 
35947, 2, 2 
42799, 2, 2 
9249, 2, 2 
7554, 2, 2 
36844, 2, 2 
38886, 2, 2 
25827, 2, 2 
41955, 2, 2 
14596, 2, 2 
31177, 2, 2 
47585, 2, 2 
18763, 2, 2 
51064, 2, 2 
12559, 2, 8 
7431, 2, 2 
52547, 2, 2 
19815, 2, 2 
45283, 2, 2 
7392, 2, 2 
57726, 2, 2 
7772, 2, 2 
9780, 2, 2 
46849, 2, 2 
58476, 2, 2 
56355, 2, 2 
40580, 2, 2 
31327, 2, 2 
9962, 2, 2 
19876, 2, 2 
30477, 2, 2 
34484, 2, 2 
58929, 2, 2 
32601, 2, 2 
13148, 2, 2 
50773, 2, 2 
23494, 2, 2 
50962, 2, 2 
20436, 2, 2 
36051, 2, 2 
13694, 2, 2 
9748, 2, 2 
57338, 2, 2 
34155, 2, 2 
57597, 2, 2 
317, 2, 2 
10073, 2, 2 
15650, 2, 2 
19232, 2, 2 
3042, 2, 2 
3156, 2, 2 
41207, 2, 2 
35344, 2, 2 
23138, 2, 2 
51016, 2, 2 
48598, 2, 2 
16627, 2, 2 
10090, 2, 2 
45459, 2, 2 
32288, 2, 2 
33250, 2, 2 
21623, 2, 2 
18651, 2, 2 
37015, 2, 2 
37418, 2, 2 
45133, 2, 2 
33085, 2, 2 
54513, 2, 2 
41721, 2, 2 
50568, 2, 2 
43635, 2, 2 
45972, 2, 2 
23705, 2, 2 
32611, 2, 2 
1800, 2, 2 
37989, 2, 2 
9853, 2, 2 
25516, 2, 2 
44490, 2, 2 
53656, 2, 2 
29152, 2, 2 
33967, 2, 2 
7029, 2, 2 
48238, 2, 2 
15094, 2, 2 
9508, 2, 2 
10978, 2, 2 
31757, 2, 2 
22856, 2, 2 
24118, 2, 2 
38307, 2, 2 
1896, 2, 2 
7615, 2, 2 
48129, 2, 2 
35454, 2, 2 
49158, 2, 2 
43642, 2, 2 
11006, 2, 2 
53862, 2, 2 
15030, 2, 2 
18216, 2, 2 
15506, 2, 2 
44149, 2, 2 
56215, 2, 2 
11774, 2, 2 
31609, 2, 2 
52834, 2, 2 
34768, 2, 2 
33941, 2, 2 
18084, 2, 2 
28559, 2, 2 
9104, 2, 2 
59675, 2, 2 
20568, 2, 2 
44424, 2, 2 
48934, 2, 2 
52582, 2, 2 
42866, 2, 2 
36715, 2, 2 
7983, 2, 2 
34136, 2, 2 
57448, 2, 2 
5076, 2, 2 
56372, 2, 2 
59672, 2, 2 
4442, 2, 2 
28685, 2, 2 
13039, 2, 2 
20992, 2, 2 
25156, 2, 2 
33672, 2, 2 
38339, 2, 2 
13330, 2, 2 
4664, 2, 2 
55100, 2, 2 
56498, 2, 2 
20613, 2, 2 
28021, 2, 2 
48516, 2, 2 
7719, 2, 2 
6921, 2, 2 
9583, 2, 2 
24014, 2, 2 
27614, 2, 2 
3647, 2, 2 
41966, 2, 2 
25787, 2, 2 
8372, 2, 2 
8413, 2, 2 
17851, 2, 2 
59186, 2, 2 
18585, 2, 2 
57694, 2, 2 
15823, 2, 2 
19802, 2, 2 
32292, 2, 2 
1011, 2, 2 
12204, 2, 2 
25548, 2, 2 
36718, 2, 2 
14797, 2, 2 
20748, 2, 2 
10194, 2, 2 
7706, 2, 2 
18632, 2, 2 
25658, 2, 2 
59030, 2, 2 
7177, 2, 2 
477, 2, 2 
46036, 2, 2 
31794, 2, 2 
49486, 2, 2 
13804, 2, 2 
18454, 2, 2 
42522, 2, 2 
55723, 2, 2 
7933, 2, 2 
5191, 2, 2 
32485, 2, 2 
8613, 2, 2 
19606, 2, 2 
32155, 2, 2 
52840, 2, 2 
11503, 2, 2 
22249, 2, 2 
21121, 2, 2 
25272, 2, 2 
21324, 2, 2 
6252, 2, 2 
38826, 2, 2 
28544, 2, 2 
19508, 2, 2 
13627, 2, 2 
3224, 2, 2 
53391, 2, 2 
38197, 2, 2 
29071, 2, 2 
47409, 2, 2 
26011, 2, 2 
46921, 2, 2 
44541, 2, 2 
26522, 2, 2 
13019, 2, 2 
11621, 2, 2 
47787, 2, 2 
52782, 2, 2 
17566, 2, 2 
27878, 2, 2 
51726, 2, 2 
52634, 2, 2 
14267, 2, 2 
42496, 2, 2 
48246, 2, 2 
57394, 2, 2 
646, 2, 2 
18613, 2, 2 
55504, 2, 2 
28872, 2, 2 
51698, 2, 2 
25627, 2, 2 
44347, 2, 2 
45568, 2, 2 
33373, 2, 2 
52358, 2, 2 
30420, 2, 2 
44248, 2, 2 
32856, 2, 2 
253, 2, 2 
36229, 2, 2 
59061, 2, 2 
28795, 2, 2 
23994, 2, 2 
19963, 2, 2 
696, 2, 2 
59714, 2, 2 
53926, 2, 2 
34902, 2, 2 
42746, 2, 2 
32146, 2, 2 
24089, 2, 2 
34310, 2, 2 
7782, 2, 2 
57619, 2, 2 
17369, 2, 2 
57716, 2, 2 
15418, 2, 2 
22278, 2, 2 
34479, 2, 2 
36694, 2, 2 
21692, 2, 2 
32545, 2, 2 
52251, 2, 2 
29425, 2, 2 
49776, 2, 2 
28882, 2, 2 
6478, 2, 2 
30487, 2, 2 
56403, 2, 2 
57442, 2, 2 
28631, 2, 2 
8390, 2, 2 
38195, 2, 2 
29784, 2, 2 
14809, 2, 2 
18631, 2, 2 
11030, 2, 2 
29698, 2, 2 
17892, 2, 2 
45462, 2, 2 
36401, 2, 2 
27367, 2, 2 
36374, 2, 2 
59721, 2, 2 
19891, 2, 2 
15137, 2, 2 
23323, 2, 2 
56055, 2, 2 
56049, 2, 2 
59896, 2, 2 
48474, 2, 2 
37925, 2, 2 
47565, 2, 2 
1531, 2, 2 
9658, 2, 2 
38359, 2, 2 
28436, 2, 2 
28868, 2, 2 
37995, 2, 2 
46867, 2, 2 
39572, 2, 2 
51922, 2, 2 
46835, 2, 2 
59252, 2, 2 
45704, 3, 3 
40743, 3, 3 
57801, 3, 3 
35010, 3, 3 
49286, 3, 3 
59860, 3, 3 
40382, 3, 3 
51091, 3, 3 
43865, 3, 3 
32664, 3, 3 
31564, 3, 3 
25245, 3, 3 
10405, 3, 3 
13745, 3, 3 
44295, 3, 3 
31117, 3, 3 
59624, 3, 3 
7397, 3, 3 
19114, 3, 3 
40121, 3, 3 
48352, 3, 3 
50067, 3, 3 
22417, 3, 3 
17988, 3, 3 
21176, 3, 3 
32434, 3, 3 
25311, 3, 3 
26691, 3, 3 
3655, 3, 3 
47760, 3, 3 
35066, 3, 3 
25689, 3, 3 
22957, 3, 3 
54952, 3, 3 
12012, 3, 3 
46815, 3, 3 
37643, 3, 3 
48932, 3, 3 
51571, 3, 3 
20356, 3, 3 
38602, 3, 3 
28458, 3, 3 
31044, 3, 3 
53123, 3, 3 
38714, 3, 3 
31735, 3, 3 
34605, 3, 3 
58729, 3, 3 
52035, 3, 3 
59308, 3, 3 
5838, 3, 3 
4136, 3, 3 
59707, 3, 3 
15101, 3, 3 
32203, 3, 3 
57291, 3, 3 
18079, 3, 3 
43192, 3, 3 
13488, 3, 3 
3347, 3, 3 
58065, 3, 3 
11083, 3, 3 
51321, 3, 3 
16512, 3, 3 
29158, 3, 3 
48521, 3, 3 
41287, 3, 3 
10787, 3, 3 
4881, 3, 3 
16411, 3, 3 
34327, 3, 3 
25282, 3, 3 
16569, 3, 3 
39566, 3, 3 
48065, 3, 3 
5143, 3, 3 
1428, 3, 3 
53755, 3, 3 
50403, 3, 3 
50940, 3, 3 
8606, 3, 3 
24251, 3, 3 
4740, 3, 3 
12677, 3, 3 
10360, 3, 3 
4966, 3, 3 
18542, 3, 3 
281, 3, 3 
59961, 3, 3 
18687, 3, 3 
25425, 3, 3 
8230, 3, 3 
22002, 3, 3 
56275, 3, 3 
41337, 3, 3 
47628, 3, 3 
15889, 3, 3 
45946, 3, 3 
22767, 3, 3 
58086, 3, 3 
20597, 3, 3 
24610, 3, 3 
1809, 3, 3 
1599, 3, 3 
54722, 3, 3 
34866, 3, 3 
8077, 3, 3 
4154, 3, 3 
23119, 3, 3 
19579, 3, 3 
38827, 3, 3 
24733, 3, 3 
46971, 3, 3 
2915, 3, 3 
55321, 3, 3 
44729, 3, 3 
53595, 3, 3 
42677, 3, 3 
7336, 3, 3 
16453, 3, 3 
11539, 3, 3 
4328, 3, 3 
15292, 3, 3 
9797, 3, 3 
4836, 3, 3 
11556, 3, 3 
9977, 3, 3 
3033, 3, 3 
5542, 3, 3 
30907, 3, 3 
20147, 3, 3 
8893, 3, 3 
1737, 3, 3 
25191, 3, 3 
43393, 3, 3 
42097, 3, 3 
7156, 3, 3 
25671, 3, 3 
1921, 3, 3 
1226, 3, 3 
22460, 3, 3 
13778, 3, 3 
51332, 3, 3 
20166, 3, 3 
49137, 3, 3 
53376, 3, 3 
25208, 3, 3 
42906, 3, 3 
10757, 3, 3 
5396, 3, 3 
15472, 3, 3 
45289, 3, 3 
37163, 3, 3 
15377, 3, 3 
56474, 3, 3 
54028, 3, 3 
12933, 3, 3 
26542, 3, 3 
14527, 3, 3 
29936, 3, 3 
53987, 3, 3 
55054, 3, 3 
24989, 3, 3 
36623, 3, 3 
12089, 3, 3 
34203, 3, 3 
44709, 3, 3 
18965, 3, 3 
19337, 3, 3 
19195, 3, 3 
54707, 3, 3 
33194, 3, 3 
33421, 3, 3 
1429, 3, 3 
10676, 3, 3 
41378, 3, 3 
46534, 3, 3 
42840, 3, 3 
35548, 3, 3 
26809, 3, 3 
14286, 3, 3 
41385, 3, 3 
48064, 3, 3 
32115, 3, 3 
22318, 3, 3 
22587, 3, 3 
45171, 3, 3 
53282, 3, 3 
26929, 3, 3 
7147, 3, 3 
3844, 3, 3 
18812, 3, 3 
5497, 3, 3 
26505, 3, 3 
30461, 3, 3 
6148, 3, 3 
15246, 3, 3 
50671, 3, 3 
21112, 3, 3 
1551, 3, 3 
50982, 3, 3 
44101, 3, 3 
58527, 3, 3 
56730, 3, 3 
46588, 3, 3 
11042, 3, 3 
49230, 3, 3 
43758, 3, 3 
4736, 3, 3 
5370, 3, 3 
18363, 3, 3 
49055, 3, 3 
14367, 3, 3 
56260, 3, 3 
43509, 3, 3 
16849, 3, 3 
36525, 3, 3 
12063, 3, 3 
43759, 3, 3 
6762, 3, 3 
35379, 3, 3 
31451, 3, 3 
49645, 3, 3 
41537, 3, 3 
40830, 3, 3 
37959, 3, 3 
22443, 3, 3 
25867, 3, 3 
9059, 3, 3 
10369, 3, 3 
21998, 3, 3 
24205, 3, 3 
29506, 3, 3 
19865, 3, 3 
51260, 3, 3 
6040, 3, 3 
33009, 3, 3 
16529, 3, 3 
46241, 3, 3 
34058, 3, 3 
22459, 3, 3 
56448, 3, 3 
1341, 3, 3 
207, 3, 3 
50565, 3, 3 
867, 3, 3 
47684, 3, 3 
43537, 3, 3 
5911, 3, 3 
24336, 3, 3 
45747, 3, 3 
39804, 3, 3 
58227, 3, 3 
52455, 3, 3 
9511, 3, 3 
12346, 3, 3 
29642, 3, 3 
40555, 3, 3 
22451, 3, 3 
4449, 3, 3 
20003, 3, 3 
50644, 3, 3 
14394, 3, 3 
43875, 3, 3 
6048, 3, 3 
33239, 3, 3 
55717, 3, 3 
7322, 3, 3 
10743, 3, 3 
2506, 3, 3 
45396, 3, 3 
38982, 3, 3 
17526, 3, 3 
5660, 3, 3 
17063, 3, 3 
12260, 3, 3 
57300, 3, 3 
52227, 3, 3 
24417, 3, 3 
41943, 3, 3 
33875, 3, 3 
41834, 3, 3 
13285, 3, 3 
39885, 3, 3 
49913, 3, 3 
56515, 3, 3 
42902, 3, 3 
29097, 3, 3 
20687, 3, 3 
28955, 3, 3 
43327, 3, 3 
43599, 3, 3 
34645, 3, 3 
29875, 3, 3 
1474, 3, 3 
19465, 3, 3 
59996, 3, 3 
58774, 3, 3 
43070, 3, 3 
8498, 3, 3 
37517, 3, 3 
45783, 3, 3 
46051, 3, 3 
25861, 3, 3 
20631, 3, 3 
21341, 3, 3 
30515, 3, 3 
18225, 3, 3 
3754, 3, 3 
15335, 3, 3 
50297, 3, 3 
7569, 3, 3 
45687, 3, 3 
10238, 3, 3 
3435, 3, 3 
49135, 3, 3 
24731, 3, 3 
47602, 3, 3 
16075, 3, 3 
39770, 3, 3 
25536, 3, 3 
54898, 3, 3 
25809, 3, 3 
25915, 3, 3 
58874, 3, 3 
45619, 3, 3 
5491, 3, 3 
46329, 3, 3 
44338, 3, 3 
27645, 3, 3 
10606, 3, 3 
59119, 3, 3 
14880, 3, 3 
29182, 3, 3 
58800, 3, 3 
42284, 3, 3 
27670, 3, 3 
8816, 3, 3 
15785, 3, 3 
1581, 3, 3 
12022, 3, 3 
37271, 3, 3 
3383, 3, 3 
46061, 3, 3 
16911, 3, 3 
20902, 3, 3 
44349, 3, 3 
30883, 3, 3 
34642, 3, 3 
45389, 3, 3 
1651, 3, 3 
6844, 3, 3 
10677, 3, 3 
23344, 3, 3 
29146, 3, 3 
5190, 3, 3 
22674, 3, 3 
26824, 3, 3 
13935, 3, 3 
20222, 3, 3 
39553, 3, 3 
44519, 3, 3 
59715, 3, 3 
50975, 3, 3 
130, 3, 3 
14087, 3, 3 
7263, 3, 3 
53246, 3, 3 
3415, 3, 3 
1436, 3, 3 
11651, 3, 3 
39329, 3, 3 
31962, 3, 3 
18765, 3, 3 
20377, 3, 3 
5621, 3, 3 
26053, 3, 3 
6286, 3, 3 
42082, 3, 3 
56621, 3, 3 
6825, 3, 3 
30362, 3, 3 
50262, 3, 3 
9141, 3, 3 
53488, 3, 3 
33877, 3, 3 
1130, 3, 3 
59631, 3, 3 
12338, 3, 3 
40636, 3, 3 
18612, 3, 3 
49477, 3, 3 
39907, 3, 3 
32414, 3, 3 
31140, 3, 3 
59630, 3, 3 
356, 3, 3 
27152, 3, 3 
17967, 3, 3 
8052, 3, 3 
7976, 3, 3 
52252, 3, 3 
14855, 3, 3 
16764, 3, 3 
39469, 3, 3 
55334, 3, 3 
55566, 3, 3 
28031, 3, 3 
56337, 3, 3 
12080, 3, 3 
57527, 3, 3 
2895, 3, 3 
45814, 3, 3 
9529, 3, 3 
11037, 3, 3 
27786, 3, 3 
50728, 3, 3 
30284, 3, 3 
47481, 3, 3 
20544, 3, 3 
55194, 3, 3 
19855, 3, 3 
22741, 3, 3 
38529, 3, 3 
643, 3, 3 
40205, 3, 3 
37468, 3, 3 
17175, 3, 3 
16748, 3, 3 
1959, 3, 3 
58491, 3, 3 
33589, 3, 3 
59798, 3, 3 
7600, 3, 3 
11221, 3, 3 
36076, 3, 3 
29844, 3, 3 
56975, 3, 3 
13615, 3, 3 
24299, 3, 3 
21950, 3, 3 
53875, 3, 3 
35550, 3, 3 
32652, 3, 3 
26306, 3, 3 
50683, 3, 3 
59081, 3, 3 
34862, 3, 3 
41436, 3, 3 
35173, 3, 3 
47496, 3, 3 
59660, 3, 3 
46882, 3, 3 
51388, 3, 3 
44181, 3, 3 
7655, 3, 3 
4850, 3, 3 
57781, 3, 3 
56654, 3, 3 
39933, 3, 3 
37604, 3, 3 
6415, 3, 3 
21930, 3, 3 
47946, 3, 3 
30258, 3, 3 
34364, 3, 3 
58200, 3, 3 
25829, 3, 3 
18549, 3, 3 
54797, 3, 3 
46425, 3, 3 
30011, 3, 3 
30136, 3, 3 
3291, 3, 3 
37625, 3, 3 
3174, 3, 3 
59461, 3, 3 
30306, 3, 3 
21250, 3, 3 
19615, 3, 3 
7422, 3, 3 
13909, 3, 3 
26694, 3, 3 
17629, 3, 3 
12218, 3, 3 
21584, 3, 3 
54829, 3, 3 
21221, 3, 3 
30445, 3, 3 
15409, 3, 3 
36705, 3, 3 
55864, 3, 3 
29459, 3, 3 
49057, 3, 3 
37209, 3, 3 
3684, 3, 3 
13376, 3, 3 
11645, 3, 3 
47749, 3, 3 
12214, 3, 3 
21223, 4, 4 
34875, 4, 4 
42304, 4, 4 
30472, 4, 4 
18145, 4, 4 
21186, 4, 4 
8061, 4, 4 
7573, 4, 4 
27055, 4, 4 
9957, 4, 4 
11495, 4, 4 
17767, 4, 4 
17842, 4, 4 
9984, 4, 4 
58047, 4, 4 
44860, 4, 4 
35656, 4, 4 
57706, 4, 4 
11008, 4, 4 
29792, 4, 4 
41671, 4, 4 
5122, 4, 4 
55687, 4, 4 
5118, 4, 4 
25971, 4, 4 
27398, 4, 4 
41159, 4, 4 
47109, 4, 4 
48282, 4, 4 
56406, 4, 4 
44521, 4, 4 
45213, 4, 4 
42425, 4, 4 
55598, 4, 4 
28578, 4, 4 
18519, 4, 4 
16572, 4, 4 
57123, 4, 4 
58225, 4, 4 
746, 4, 4 
26242, 4, 4 
5322, 4, 4 
28588, 4, 4 
18438, 4, 4 
987, 4, 4 
34464, 4, 4 
55981, 4, 4 
16094, 4, 4 
12654, 4, 4 
24340, 4, 4 
54410, 4, 4 
44479, 4, 4 
52377, 4, 4 
45709, 4, 4 
49998, 4, 4 
18551, 4, 4 
17067, 4, 4 
24795, 4, 4 
34991, 4, 4 
2832, 4, 4 
26544, 4, 4 
22394, 4, 4 
1979, 4, 4 
14683, 4, 4 
55990, 4, 4 
4107, 4, 4 
51047, 4, 4 
43757, 4, 4 
5734, 4, 4 
40552, 4, 4 
54991, 4, 4 
8580, 4, 4 
42697, 4, 4 
52384, 4, 4 
17568, 4, 4 
22666, 4, 4 
37429, 4, 4 
16290, 4, 4 
24018, 4, 4 
30169, 4, 4 
7100, 4, 4 
30763, 4, 4 
52277, 4, 4 
25197, 4, 4 
53144, 4, 4 
46456, 4, 4 
30361, 4, 4 
16037, 4, 4 
49665, 4, 4 
58634, 4, 4 
18202, 4, 4 
32838, 4, 4 
50005, 4, 4 
56763, 4, 4 
42249, 4, 4 
41109, 4, 4 
6218, 4, 4 
20118, 4, 4 
43688, 4, 4 
18071, 4, 4 
46004, 4, 4 
8787, 4, 4 
41838, 4, 4 
25313, 4, 4 
14927, 4, 4 
16542, 4, 4 
32524, 4, 4 
3351, 4, 4 
43781, 4, 4 
45033, 4, 4 
55828, 4, 4 
6724, 4, 4 
6753, 4, 4 
44124, 4, 4 
40885, 4, 4 
20620, 4, 4 
30215, 4, 4 
31471, 4, 4 
52823, 4, 4 
15822, 4, 4 
24114, 4, 4 
33853, 4, 4 
19499, 4, 4 
55124, 4, 4 
40719, 4, 4 
10262, 4, 4 
10310, 4, 4 
41865, 4, 4 
10133, 4, 4 
6260, 4, 4 
40116, 4, 4 
46431, 4, 4 
57382, 4, 4 
56596, 4, 4 
49271, 4, 4 
23933, 4, 4 
14047, 4, 4 
4703, 4, 4 
46384, 4, 4 
22968, 4, 4 
55575, 4, 4 
20056, 4, 4 
49733, 4, 4 
57841, 4, 4 
26704, 4, 4 
16387, 4, 4 
26293, 4, 4 
53902, 4, 4 
53450, 4, 4 
8768, 4, 4 
29588, 4, 4 
40334, 4, 4 
47092, 4, 4 
15784, 4, 4 
31598, 4, 4 
51979, 4, 4 
31106, 4, 4 
40955, 4, 4 
39866, 4, 4 
56395, 4, 4 
46150, 4, 4 
25001, 4, 4 
37840, 4, 4 
25635, 4, 4 
21107, 4, 4 
2420, 4, 4 
2896, 4, 4 
31601, 4, 4 
7578, 4, 4 
2050, 4, 4 
37273, 4, 4 
58289, 4, 4 
43608, 4, 4 
53226, 4, 4 
21017, 4, 4 
4174, 4, 4 
12972, 4, 4 
34498, 4, 4 
38131, 4, 4 
22085, 4, 4 
16612, 4, 4 
23135, 4, 4 
7366, 4, 4 
24192, 4, 4 
57915, 4, 4 
23174, 4, 4 
58627, 4, 4 
33994, 4, 4 
24472, 4, 4 
32813, 4, 4 
33545, 4, 4 
38168, 4, 4 
58986, 4, 4 
22504, 4, 4 
21393, 4, 4 
39791, 4, 4 
22885, 4, 4 
17268, 4, 4 
41028, 4, 4 
50161, 4, 4 
22580, 4, 4 
21262, 4, 4 
40835, 4, 4 
22991, 4, 4 
7637, 4, 4 
44052, 4, 4 
29385, 4, 4 
26217, 4, 4 
32862, 4, 4 
13553, 4, 4 
52074, 4, 4 
53710, 4, 4 
25503, 4, 4 
13870, 4, 4 
17511, 4, 4 
47558, 4, 4 
54745, 4, 4 
52564, 4, 4 
115, 4, 4 
7984, 4, 4 
44765, 4, 4 
40923, 4, 4 
43601, 4, 4 
34015, 4, 4 
1854, 4, 4 
47823, 4, 4 
51693, 4, 4 
40081, 4, 4 
5064, 4, 4 
26567, 4, 4 
39954, 4, 4 
10758, 4, 4 
8534, 4, 4 
9667, 4, 4 
50243, 4, 4 
40793, 4, 4 
51894, 4, 4 
9513, 4, 4 
47121, 4, 4 
44386, 4, 4 
36634, 4, 4 
33509, 4, 4 
41075, 4, 4 
38021, 4, 4 
57844, 4, 4 
19621, 4, 4 
30863, 4, 4 
7489, 4, 4 
20276, 4, 4 
33306, 4, 4 
32762, 4, 4 
12973, 4, 4 
46037, 4, 4 
34303, 4, 4 
42956, 4, 4 
14198, 4, 4 
43119, 4, 4 
34784, 4, 4 
35418, 4, 4 
39218, 4, 4 
3503, 4, 4 
19521, 4, 4 
12795, 4, 4 
48405, 4, 4 
52642, 4, 4 
27180, 4, 4 
24922, 4, 4 
57354, 4, 4 
12332, 4, 4 
53760, 4, 4 
17276, 4, 4 
47198, 4, 4 
25470, 4, 4 
55037, 4, 4 
44523, 4, 4 
53912, 4, 4 
42779, 4, 4 
1273, 4, 4 
4839, 4, 4 
3666, 4, 4 
1814, 4, 4 
27014, 4, 4 
17576, 4, 4 
51868, 4, 4 
585, 4, 4 
49382, 4, 4 
52211, 4, 4 
47252, 4, 4 
3061, 4, 4 
12612, 4, 4 
37975, 4, 4 
23664, 4, 4 
40934, 4, 4 
37447, 4, 4 
14882, 4, 4 
23269, 4, 4 
4896, 4, 4 
42620, 4, 4 
48410, 4, 4 
38630, 4, 4 
54861, 4, 4 
37257, 4, 4 
27141, 4, 4 
53025, 4, 4 
39302, 4, 4 
5482, 4, 4 
24302, 4, 4 
56320, 4, 4 
576, 4, 4 
25490, 4, 4 
44153, 4, 4 
2334, 4, 4 
50801, 4, 4 
22418, 4, 4 
22747, 4, 4 
18031, 4, 4 
12711, 4, 4 
14397, 4, 4 
15416, 4, 4 
43987, 4, 4 
41625, 4, 4 
47431, 4, 4 
31549, 4, 4 
4616, 4, 4 
12465, 4, 4 
59413, 4, 4 
12749, 4, 4 
35904, 4, 4 
42464, 4, 4 
37736, 4, 4 
3088, 4, 4 
9392, 4, 4 
42377, 4, 4 
57747, 4, 4 
19340, 4, 4 
26109, 4, 4 
16723, 4, 4 
52727, 4, 4 
31051, 4, 4 
13385, 4, 4 
25484, 4, 4 
33614, 4, 4 
36970, 4, 4 
20907, 4, 4 
29193, 4, 4 
3694, 4, 4 
35442, 4, 4 
33195, 4, 4 
48288, 4, 4 
56142, 4, 4 
26172, 4, 4 
47996, 4, 4 
14650, 4, 4 
5720, 4, 4 
44544, 4, 4 
47483, 4, 4 
38147, 4, 4 
29742, 4, 4 
10736, 4, 4 
7442, 4, 4 
50835, 4, 4 
11770, 4, 4 
36640, 4, 4 
25604, 4, 4 
18233, 4, 4 
53674, 4, 4 
50069, 4, 4 
46561, 4, 4 
26297, 4, 4 
3037, 4, 4 
48000, 4, 4 
17412, 4, 4 
1763, 4, 4 
4890, 4, 4 
6314, 4, 4 
18294, 4, 4 
24607, 4, 4 
4952, 4, 4 
58380, 4, 4 
51445, 4, 4 
4205, 4, 4 
33285, 4, 4 
51780, 4, 4 
32164, 4, 4 
2808, 4, 4 
35686, 4, 4 
35136, 4, 4 
45064, 4, 4 
36228, 4, 4 
14067, 4, 4 
9025, 4, 4 
1099, 4, 4 
13446, 4, 4 
164, 4, 4 
13008, 4, 4 
27125, 4, 4 
16391, 4, 4 
23187, 4, 4 
48962, 4, 4 
29538, 4, 4 
14715, 4, 4 
52246, 4, 4 
12064, 4, 4 
16652, 4, 4 
3437, 4, 4 
12543, 4, 4 
10320, 4, 4 
28907, 4, 4 
59821, 4, 4 
34281, 4, 4 
43614, 4, 4 
21561, 4, 4 
23979, 4, 4 
58847, 4, 4 
32997, 4, 4 
38372, 4, 4 
53411, 4, 4 
53492, 4, 4 
55676, 4, 4 
19401, 4, 4 
10225, 4, 4 
54452, 4, 4 
30198, 4, 4 
4114, 4, 4 
28086, 4, 4 
52873, 4, 4 
40723, 4, 4 
57677, 4, 4 
18823, 4, 4 
5175, 4, 4 
40163, 4, 4 
56147, 4, 4 
3837, 4, 4 
5623, 4, 4 
36296, 4, 4 
20197, 4, 4 
42421, 4, 4 
11965, 4, 4 
11930, 4, 4 
9091, 4, 4 
16865, 4, 4 
5880, 4, 4 
48870, 4, 4 
59522, 4, 4 
57229, 4, 4 
17399, 4, 4 
32498, 4, 4 
28600, 4, 4 
11627, 4, 4 
52063, 4, 4 
4180, 4, 4 
13430, 4, 4 
2236, 4, 4 
19404, 4, 4 
17823, 4, 4 
29007, 4, 4 
31083, 4, 4 
36212, 4, 4 
8174, 4, 4 
58400, 4, 4 
55690, 4, 4 
31090, 4, 4 
9626, 4, 4 
5198, 4, 4 
22652, 4, 4 
14193, 4, 4 
36435, 4, 4 
47413, 4, 4 
32865, 4, 4 
9172, 4, 4 
45243, 4, 4 
34406, 4, 4 
17717, 4, 4 
15347, 4, 4 
43709, 4, 4 
4379, 4, 4 
34781, 4, 4 
43634, 4, 4 
16068, 4, 4 
29485, 4, 4 
18026, 4, 4 
27364, 4, 4 
51081, 4, 4 
22098, 4, 4 
59268, 4, 4 
48970, 4, 4 
7579, 4, 4 
5673, 4, 4 
37311, 4, 4 
23083, 4, 4 
53495, 4, 4 
11879, 4, 4 
22273, 4, 4 
39783, 4, 4 
8325, 4, 4 
37687, 4, 4 
44983, 4, 4 
40402, 4, 4 
40606, 4, 4 
46846, 4, 4 
16633, 5, 5 
49203, 5, 5 
52507, 5, 5 
50569, 5, 5 
35100, 5, 5 
54640, 5, 5 
44501, 5, 5 
37864, 5, 5 
1690, 5, 5 
46531, 5, 5 
53947, 5, 5 
46610, 5, 5 
23264, 5, 5 
24725, 5, 5 
45987, 5, 5 
29343, 5, 5 
54000, 5, 5 
19430, 5, 5 
42509, 5, 5 
7967, 5, 5 
25973, 5, 5 
38944, 5, 5 
13551, 5, 5 
6848, 5, 5 
46290, 5, 5 
4376, 5, 5 
50633, 5, 5 
53096, 5, 5 
41389, 5, 5 
50831, 5, 5 
14951, 5, 5 
3535, 5, 5 
49728, 5, 5 
956, 5, 5 
47938, 5, 5 
8623, 5, 5 
14672, 5, 5 
13060, 5, 5 
20804, 5, 5 
26736, 5, 5 
26590, 5, 5 
28231, 5, 5 
11486, 5, 5 
54202, 5, 5 
51097, 5, 5 
17156, 5, 5 
31891, 5, 5 
19868, 5, 5 
7114, 5, 5 
31863, 5, 5 
7091, 5, 5 
55755, 5, 5 
960, 5, 5 
12917, 5, 5 
6324, 5, 5 
31702, 5, 5 
59430, 5, 5 
53822, 5, 5 
33495, 5, 5 
36609, 5, 5 
32287, 5, 5 
27043, 5, 5 
31489, 5, 5 
32039, 5, 5 
46824, 5, 5 
58040, 5, 5 
12650, 5, 5 
40640, 5, 5 
29708, 5, 5 
15085, 5, 5 
34602, 5, 5 
28057, 5, 5 
23361, 5, 5 
22310, 5, 5 
37438, 5, 5 
59133, 5, 5 
19980, 5, 5 
1442, 5, 5 
21563, 5, 5 
12016, 5, 5 
52608, 5, 5 
45826, 5, 5 
11644, 5, 5 
38648, 5, 5 
45562, 5, 5 
57167, 5, 5 
42232, 5, 5 
55342, 5, 5 
37016, 5, 5 
58723, 5, 5 
57311, 5, 5 
23918, 5, 5 
31795, 5, 5 
55800, 5, 5 
24323, 5, 5 
47414, 5, 5 
49152, 5, 5 
57013, 5, 5 
45629, 5, 5 
22517, 5, 5 
7595, 5, 5 
54883, 5, 5 
55722, 5, 5 
6305, 5, 5 
6011, 5, 5 
30488, 5, 5 
26387, 5, 5 
40474, 5, 5 
11674, 5, 5 
18829, 5, 5 
19820, 5, 5 
14894, 5, 5 
57480, 5, 5 
37791, 5, 5 
33046, 5, 5 
40869, 5, 5 
23514, 5, 5 
5079, 5, 5 
24579, 5, 5 
31053, 5, 5 
53100, 5, 5 
35041, 5, 5 
46378, 5, 5 
16862, 5, 5 
48971, 5, 5 
7964, 5, 5 
43048, 5, 5 
42747, 5, 5 
29253, 5, 5 
259, 5, 5 
34811, 5, 5 
9330, 5, 5 
56979, 5, 5 
50399, 5, 5 
14049, 5, 5 
32987, 5, 5 
58894, 5, 5 
9352, 5, 5 
51366, 5, 5 
30900, 5, 5 
19318, 5, 5 
1433, 5, 5 
43139, 5, 5 
14150, 5, 5 
1382, 5, 5 
48374, 5, 5 
45432, 5, 5 
30086, 5, 5 
24960, 5, 5 
10777, 5, 5 
59201, 5, 5 
27845, 5, 5 
58803, 5, 5 
40133, 5, 5 
6412, 5, 5 
38234, 5, 5 
25577, 5, 5 
52776, 5, 5 
59190, 5, 5 
56748, 5, 5 
3819, 5, 5 
41926, 5, 5 
7457, 5, 5 
34021, 5, 5 
38433, 5, 5 
12519, 5, 5 
44307, 5, 5 
273, 5, 5 
36987, 5, 5 
6501, 5, 5 
23007, 5, 5 
2056, 5, 5 
34041, 5, 5 
21626, 5, 5 
58753, 5, 5 
15702, 5, 5 
56309, 5, 5 
35858, 5, 5 
10566, 5, 5 
6188, 5, 5 
36695, 5, 5 
37341, 5, 5 
59384, 5, 5 
44488, 5, 5 
17869, 5, 5 
33808, 5, 5 
48623, 5, 5 
36495, 5, 5 
45924, 5, 5 
14096, 5, 5 
4126, 5, 5 
49935, 5, 5 
12572, 5, 5 
22089, 5, 5 
32698, 5, 5 
33200, 5, 5 
7670, 5, 5 
11695, 5, 5 
12843, 5, 5 
46608, 5, 5 
15800, 5, 5 
38285, 5, 5 
1556, 5, 5 
37276, 5, 5 
10961, 5, 5 
33573, 5, 5 
25508, 5, 5 
45292, 5, 5 
3301, 5, 5 
1813, 5, 5 
25402, 5, 5 
46891, 5, 5 
36739, 5, 5 
42984, 5, 5 
8062, 5, 5 
58193, 5, 5 
49402, 5, 5 
48345, 5, 5 
47503, 5, 5 
25588, 5, 5 
45933, 5, 5 
58814, 5, 5 
6786, 5, 5 
42317, 5, 5 
47177, 5, 5 
49334, 5, 5 
182, 5, 5 
1485, 5, 5 
3580, 5, 5 
20590, 5, 5 
39966, 5, 5 
37160, 5, 5 
50383, 5, 5 
29685, 5, 5 
17514, 5, 5 
17680, 5, 5 
52769, 5, 5 
57256, 5, 5 
10987, 5, 5 
24001, 5, 5 
20101, 5, 5 
34984, 5, 5 
56032, 5, 5 
54975, 5, 5 
54673, 5, 5 
17132, 5, 5 
28029, 5, 5 
54111, 5, 5 
30456, 5, 5 
4302, 5, 5 
51349, 5, 5 
41045, 5, 5 
3907, 5, 5 
9899, 5, 5 
23651, 5, 5 
38658, 5, 5 
8252, 5, 5 
47848, 5, 5 
40032, 5, 5 
3361, 5, 5 
49343, 5, 5 
44916, 5, 5 
4590, 5, 5 
21204, 5, 5 
54470, 5, 5 
15893, 5, 5 
37407, 5, 5 
9414, 5, 5 
22638, 5, 5 
47475, 5, 5 
41539, 5, 5 
47624, 5, 5 
34626, 5, 5 
5383, 5, 5 
15464, 5, 5 
34755, 5, 5 
32248, 5, 5 
35747, 5, 5 
2861, 5, 5 
4076, 5, 5 
12692, 5, 5 
10227, 5, 5 
42756, 5, 5 
44665, 5, 5 
27422, 5, 5 
52686, 5, 5 
57497, 5, 5 
11507, 5, 5 
57510, 5, 5 
14609, 5, 5 
54581, 5, 5 
40021, 5, 5 
27602, 5, 5 
44713, 5, 5 
12611, 5, 5 
16268, 5, 5 
15794, 5, 5 
32134, 5, 5 
23544, 5, 5 
30403, 5, 5 
49273, 5, 5 
49476, 5, 5 
17414, 5, 5 
22979, 5, 5 
48637, 5, 5 
23734, 5, 5 
19874, 5, 5 
16174, 5, 5 
57671, 5, 5 
23927, 5, 5 
57165, 5, 5 
27296, 5, 5 
58569, 5, 5 
48812, 5, 5 
24820, 5, 5 
22951, 5, 5 
21734, 5, 5 
48078, 5, 5 
45250, 5, 5 
57302, 5, 5 
26024, 5, 5 
42569, 5, 5 
5066, 5, 5 
9376, 5, 5 
6984, 5, 5 
23689, 5, 5 
57511, 5, 5 
1978, 5, 5 
34760, 5, 5 
11118, 5, 5 
2268, 5, 5 
7531, 5, 5 
7419, 5, 5 
10814, 5, 5 
40623, 5, 5 
10316, 5, 5 
33700, 5, 5 
43856, 5, 5 
21093, 5, 5 
26464, 5, 5 
35766, 5, 5 
191, 5, 5 
474, 5, 5 
47718, 5, 5 
21309, 5, 5 
2912, 5, 5 
24439, 5, 5 
20017, 5, 5 
40731, 5, 5 
24361, 5, 5 
54142, 5, 5 
18080, 5, 5 
35628, 5, 5 
28395, 5, 5 
18594, 5, 5 
1024, 5, 5 
35394, 5, 5 
34527, 5, 5 
23568, 5, 5 
45111, 5, 5 
2282, 5, 5 
42274, 5, 5 
8744, 5, 5 
36883, 5, 5 
54044, 5, 5 
12284, 5, 5 
51234, 5, 5 
27000, 5, 5 
49760, 5, 5 
27259, 5, 5 
15041, 5, 5 
44642, 5, 5 
4304, 5, 5 
24317, 5, 5 
22845, 5, 5 
10586, 5, 5 
31979, 5, 5 
4940, 5, 5 
52255, 5, 5 
39253, 5, 5 
38626, 5, 5 
1420, 5, 5 
33404, 5, 5 
18925, 5, 5 
57789, 5, 5 
16926, 5, 5 
10111, 5, 5 
45897, 5, 5 
40678, 5, 5 
26655, 5, 5 
26283, 5, 5 
53497, 5, 5 
2948, 5, 5 
23832, 5, 5 
7962, 5, 5 
6852, 5, 5 
19610, 5, 5 
24559, 5, 5 
12137, 5, 5 
46597, 5, 5 
33892, 5, 5 
3401, 5, 5 
14709, 5, 5 
38345, 5, 5 
10891, 5, 5 
9340, 5, 5 
16553, 5, 5 
27431, 5, 5 
20190, 5, 5 
59406, 5, 5 
9646, 5, 5 
25679, 5, 5 
23912, 5, 5 
9858, 5, 5 
10653, 5, 5 
33749, 5, 5 
27627, 5, 5 
29008, 5, 5 
4617, 5, 5 
8639, 5, 5 
15371, 5, 5 
33674, 5, 5 
52419, 5, 5 
54904, 5, 5 
10386, 5, 5 
31287, 5, 5 
26196, 5, 5 
2605, 5, 5 
40434, 5, 5 
5678, 5, 5 
38612, 5, 5 
316, 5, 5 
22431, 5, 5 
9514, 5, 5 
58632, 5, 5 
12940, 5, 5 
55965, 5, 5 
40959, 5, 5 
26432, 5, 5 
5653, 5, 5 
59538, 5, 5 
56630, 5, 5 
23496, 5, 5 
46188, 5, 5 
59923, 5, 5 
15143, 5, 5 
16276, 5, 5 
31007, 5, 5 
21588, 5, 5 
19533, 5, 5 
45256, 5, 5 
53414, 5, 5 
11410, 5, 5 
47138, 5, 5 
244, 5, 5 
41674, 5, 5 
47873, 5, 5 
28340, 5, 5 
29749, 5, 5 
44830, 5, 5 
38217, 5, 5 
46453, 5, 5 
6290, 5, 5 
46599, 5, 5 
11806, 5, 5 
9783, 5, 5 
45295, 5, 5 
3839, 5, 5 
33044, 5, 5 
32277, 5, 5 
20044, 5, 5 
9859, 5, 5 
31779, 5, 5 
45616, 5, 5 
1324, 5, 5 
42590, 5, 5 
16063, 5, 5 
40773, 5, 5 
4969, 5, 5 
53802, 5, 5 
47433, 5, 5 
20374, 5, 5 
57211, 5, 5 
27482, 5, 5 
11505, 5, 5 
11922, 5, 5 
55148, 5, 5 
14946, 5, 5 
24021, 5, 5 
51227, 5, 5 
22756, 5, 5 
46522, 5, 5 
28097, 5, 5 
7144, 5, 5 
1406, 5, 5 
27255, 5, 5 
27100, 5, 5 
33324, 5, 5 
27139, 5, 5 
35274, 5, 5 
55558, 6, 6 
44078, 6, 6 
45141, 6, 6 
14608, 6, 6 
51310, 6, 6 
7901, 6, 6 
1189, 6, 6 
26470, 6, 6 
40676, 6, 6 
1494, 6, 6 
50843, 6, 6 
57846, 6, 6 
12220, 6, 6 
13598, 6, 6 
44319, 6, 6 
57770, 6, 6 
12876, 6, 6 
15908, 6, 6 
25422, 6, 6 
8100, 6, 6 
45090, 6, 6 
23735, 6, 6 
6024, 6, 6 
44066, 6, 6 
58863, 6, 6 
23110, 6, 6 
35564, 6, 6 
11684, 6, 6 
9921, 6, 6 
37228, 6, 6 
9619, 6, 6 
19488, 6, 6 
5956, 6, 6 
21860, 6, 6 
47798, 6, 6 
55134, 6, 6 
42027, 6, 6 
51728, 6, 6 
43620, 6, 6 
58473, 6, 6 
54841, 6, 6 
52620, 6, 6 
32325, 6, 6 
28966, 6, 6 
12905, 6, 6 
21995, 6, 6 
17843, 6, 6 
31475, 6, 6 
27217, 6, 6 
1726, 6, 6 
16847, 6, 6 
48153, 6, 6 
36294, 6, 6 
8590, 6, 6 
8478, 6, 6 
41400, 6, 6 
39824, 6, 6 
16782, 6, 6 
14500, 6, 6 
5721, 6, 6 
33035, 6, 6 
8942, 6, 6 
35210, 6, 6 
421, 6, 6 
24585, 6, 6 
56171, 6, 6 
9325, 6, 6 
50934, 6, 6 
30856, 6, 6 
25798, 6, 6 
20948, 6, 6 
36067, 6, 6 
49456, 6, 6 
33871, 6, 6 
37230, 6, 6 
39679, 6, 6 
11571, 6, 6 
3421, 6, 6 
16297, 6, 6 
16796, 6, 6 
3856, 6, 6 
401, 6, 6 
4404, 6, 6 
7341, 6, 6 
49448, 6, 6 
36578, 6, 6 
39887, 6, 6 
38045, 6, 6 
28497, 6, 6 
14232, 6, 6 
18388, 6, 6 
5026, 6, 6 
51406, 6, 6 
32255, 6, 6 
38584, 6, 6 
4882, 6, 6 
19627, 6, 6 
49524, 6, 6 
2884, 6, 6 
56549, 6, 6 
42745, 6, 6 
5780, 6, 6 
54699, 6, 6 
34277, 6, 6 
1538, 6, 6 
29295, 6, 6 
14671, 6, 6 
23765, 6, 6 
48792, 6, 6 
24428, 6, 6 
37639, 6, 6 
29437, 6, 6 
15061, 6, 6 
9295, 6, 6 
26160, 6, 6 
38214, 6, 6 
49153, 6, 6 
5274, 6, 6 
52426, 6, 6 
38022, 6, 6 
57514, 6, 6 
54204, 6, 6 
24242, 6, 6 
12887, 6, 6 
24304, 6, 6 
28768, 6, 6 
35211, 6, 6 
23475, 6, 6 
28870, 6, 6 
37208, 6, 6 
59758, 6, 6 
26524, 6, 6 
6567, 6, 6 
50092, 6, 6 
20984, 6, 6 
19462, 6, 6 
51804, 6, 6 
22939, 6, 6 
57065, 6, 6 
56342, 6, 6 
21392, 6, 6 
59548, 6, 6 
40609, 6, 6 
15257, 6, 6 
43154, 6, 6 
2249, 6, 6 
55731, 6, 6 
46755, 6, 6 
19828, 6, 6 
15417, 6, 6 
17004, 6, 6 
13546, 6, 6 
3772, 6, 6 
48152, 6, 6 
48958, 6, 6 
25035, 6, 6 
18721, 6, 6 
12290, 6, 6 
15527, 6, 6 
42767, 6, 6 
51213, 6, 6 
58303, 6, 6 
35888, 6, 6 
10234, 6, 6 
13731, 6, 6 
9596, 6, 6 
955, 6, 6 
38302, 6, 6 
31577, 6, 6 
16821, 6, 6 
32868, 6, 6 
42788, 6, 6 
4586, 6, 6 
44441, 6, 6 
24526, 6, 6 
22763, 6, 6 
5920, 6, 6 
58133, 6, 6 
29813, 6, 6 
43437, 6, 6 
22240, 6, 6 
33910, 6, 6 
5213, 6, 6 
37966, 6, 6 
31670, 6, 6 
9144, 6, 6 
31212, 6, 6 
13133, 6, 6 
58304, 6, 6 
45013, 6, 6 
8074, 6, 6 
53389, 6, 6 
30855, 6, 6 
54172, 6, 6 
19002, 6, 6 
33916, 6, 6 
40889, 6, 6 
25636, 6, 6 
58626, 6, 6 
34049, 6, 6 
18430, 6, 6 
52163, 6, 6 
28594, 6, 6 
48071, 6, 6 
50242, 6, 6 
59445, 6, 6 
846, 6, 6 
37091, 6, 6 
7456, 6, 6 
27161, 6, 6 
51778, 6, 6 
48772, 6, 6 
55975, 6, 6 
26394, 6, 6 
36070, 6, 6 
3325, 6, 6 
14315, 6, 6 
395, 6, 6 
50146, 6, 6 
1415, 6, 6 
38371, 6, 6 
25090, 6, 6 
26848, 6, 6 
3524, 6, 6 
30454, 6, 6 
42960, 6, 6 
58382, 6, 6 
50719, 6, 6 
1182, 6, 6 
45274, 6, 6 
9512, 6, 6 
59008, 6, 6 
49510, 6, 6 
25135, 6, 6 
57157, 6, 6 
44420, 6, 6 
28326, 6, 6 
26735, 6, 6 
23453, 6, 6 
47147, 6, 6 
23321, 6, 6 
50503, 6, 6 
25753, 6, 6 
8461, 6, 6 
33056, 6, 6 
26168, 6, 6 
44790, 6, 6 
12758, 6, 6 
42381, 6, 6 
51446, 6, 6 
37993, 6, 6 
35687, 6, 6 
35948, 6, 6 
20736, 6, 6 
1801, 6, 6 
49577, 6, 6 
59292, 6, 6 
3629, 6, 6 
39164, 6, 6 
28377, 6, 6 
21084, 6, 6 
13306, 6, 6 
15188, 6, 6 
40533, 6, 6 
36310, 6, 6 
32517, 6, 6 
45742, 6, 6 
22633, 6, 6 
30341, 6, 6 
35439, 6, 6 
13760, 6, 6 
8898, 6, 6 
28590, 6, 6 
53918, 6, 6 
24383, 6, 6 
1113, 6, 6 
30152, 6, 6 
37340, 6, 6 
30685, 6, 6 
43726, 6, 6 
16410, 6, 6 
39332, 6, 6 
18704, 6, 6 
7847, 6, 6 
8860, 6, 6 
46524, 6, 6 
40526, 6, 6 
5486, 6, 6 
36673, 6, 6 
10484, 6, 6 
22178, 6, 6 
33010, 6, 6 
8621, 6, 6 
24785, 6, 6 
53336, 6, 6 
31736, 6, 6 
31898, 6, 6 
38327, 6, 6 
36903, 6, 6 
41415, 6, 6 
36002, 6, 6 
41303, 6, 6 
50494, 6, 6 
32180, 6, 6 
28070, 6, 6 
1309, 6, 6 
12964, 6, 6 
8224, 6, 6 
44128, 6, 6 
57994, 6, 6 
47450, 6, 6 
29597, 6, 6 
32345, 6, 6 
47179, 6, 6 
6157, 6, 6 
12541, 6, 6 
56240, 6, 6 
10224, 6, 6 
46590, 6, 6 
51096, 6, 6 
37356, 6, 6 
49031, 6, 6 
9280, 6, 6 
21025, 6, 6 
41111, 6, 6 
41190, 6, 6 
33497, 6, 6 
8777, 6, 6 
1562, 6, 6 
51355, 6, 6 
30142, 6, 6 
26841, 6, 6 
8153, 6, 6 
50580, 6, 6 
52833, 6, 6 
58732, 6, 6 
9244, 6, 6 
37336, 6, 6 
41899, 6, 6 
49252, 6, 6 
21752, 6, 6 
8417, 6, 6 
18422, 6, 6 
18772, 6, 6 
31152, 6, 6 
29226, 6, 6 
3960, 6, 6 
16648, 6, 6 
22840, 6, 6 
34071, 6, 6 
15961, 6, 6 
29140, 6, 6 
4817, 6, 6 
48188, 6, 6 
48994, 6, 6 
29795, 6, 6 
50670, 6, 6 
52877, 6, 6 
6726, 6, 6 
33704, 6, 6 
32731, 6, 6 
8146, 6, 6 
42490, 6, 6 
7887, 6, 6 
35616, 6, 6 
31054, 6, 6 
22789, 6, 6 
14405, 6, 6 
10774, 6, 6 
46538, 6, 6 
11263, 6, 6 
46109, 6, 6 
1582, 6, 6 
13679, 6, 6 
23476, 6, 6 
2556, 6, 6 
17876, 6, 6 
22809, 6, 6 
10553, 6, 6 
43569, 6, 6 
21912, 6, 6 
56677, 6, 6 
28440, 6, 6 
14912, 6, 6 
21126, 6, 6 
20896, 6, 6 
57529, 6, 6 
34535, 6, 6 
9798, 6, 6 
48620, 6, 6 
33629, 6, 6 
14676, 6, 6 
56964, 6, 6 
10650, 6, 6 
1224, 6, 6 
27530, 6, 6 
30882, 6, 6 
43839, 6, 6 
9909, 6, 6 
3392, 6, 6 
9095, 6, 6 
11483, 6, 6 
15004, 6, 6 
5782, 6, 6 
36101, 6, 6 
2863, 6, 6 
25665, 6, 6 
43396, 6, 6 
57254, 6, 6 
15196, 6, 6 
50387, 6, 6 
54885, 6, 6 
2602, 6, 6 
18058, 6, 6 
31741, 6, 6 
2226, 6, 6 
33887, 6, 6 
33034, 6, 6 
1488, 6, 6 
47358, 6, 6 
14308, 6, 6 
3726, 6, 6 
55900, 6, 6 
45635, 6, 6 
37246, 6, 6 
14989, 6, 6 
46003, 6, 6 
20480, 6, 6 
56805, 6, 6 
44953, 6, 6 
23107, 6, 6 
22702, 6, 6 
52365, 6, 6 
17093, 6, 6 
10135, 6, 6 
58392, 6, 6 
24934, 6, 6 
6874, 6, 6 
48649, 6, 6 
15177, 6, 6 
54124, 6, 6 
9719, 6, 6 
27850, 6, 6 
33812, 6, 6 
5587, 6, 6 
11673, 6, 6 
10299, 6, 6 
22291, 6, 6 
33689, 6, 6 
55096, 6, 6 
47761, 6, 6 
18971, 6, 6 
1980, 6, 6 
24687, 6, 6 
810, 6, 6 
20324, 6, 6 
51872, 6, 6 
21348, 6, 6 
11635, 6, 6 
23358, 6, 6 
7559, 6, 6 
44517, 6, 6 
42405, 6, 6 
28039, 6, 6 
16898, 6, 6 
10440, 6, 6 
28644, 6, 6 
34741, 6, 6 
24774, 6, 6 
42942, 6, 6 
3115, 6, 6 
52380, 6, 6 
6963, 6, 6 
55077, 6, 6 
2657, 6, 6 
17985, 6, 6 
36416, 6, 6 
5222, 6, 6 
31572, 6, 6 
24224, 6, 6 
18907, 6, 6 
48492, 6, 6 
40754, 6, 6 
17309, 6, 6 
55483, 6, 6 
44817, 6, 6 
20081, 6, 6 
47916, 6, 6 
34271, 6, 6 
18652, 6, 6 
39736, 6, 6 
18904, 6, 6 
26723, 6, 6 
11784, 6, 6 
56153, 6, 6 
25963, 6, 6 
55760, 6, 6 
15620, 6, 6 
13210, 6, 6 
18555, 6, 6 
56806, 7, 7 
56266, 7, 7 
33128, 7, 7 
29855, 7, 7 
52, 7, 7 
33796, 7, 7 
933, 7, 7 
54542, 7, 7 
26750, 7, 7 
13570, 7, 7 
58959, 7, 7 
14111, 7, 7 
48762, 7, 7 
5651, 7, 7 
12668, 7, 7 
54688, 7, 7 
52579, 7, 7 
17719, 7, 7 
41362, 7, 7 
44552, 7, 7 
8353, 7, 7 
52166, 7, 7 
16304, 7, 7 
3887, 7, 7 
20588, 7, 7 
4965, 7, 7 
53839, 7, 7 
32955, 7, 7 
43190, 7, 7 
18757, 7, 7 
337, 7, 7 
40512, 7, 7 
6510, 7, 7 
36613, 7, 7 
59552, 7, 7 
7418, 7, 7 
20765, 7, 7 
45081, 7, 7 
42105, 7, 7 
8044, 7, 7 
31927, 7, 7 
38278, 7, 7 
45720, 7, 7 
15754, 7, 7 
4141, 7, 7 
58453, 7, 7 
23752, 7, 7 
34132, 7, 7 
58228, 7, 7 
4875, 7, 7 
29529, 7, 7 
59388, 7, 7 
44927, 7, 7 
54207, 7, 7 
48096, 7, 7 
35255, 7, 7 
883, 7, 7 
9200, 7, 7 
14871, 7, 7 
57286, 7, 7 
41448, 7, 7 
35053, 7, 7 
27554, 7, 7 
10324, 7, 7 
52321, 7, 7 
41328, 7, 7 
50884, 7, 7 
39183, 7, 7 
8186, 7, 7 
23153, 7, 7 
36964, 7, 7 
7961, 7, 7 
13810, 7, 7 
36115, 7, 7 
43798, 7, 7 
35645, 7, 7 
41174, 7, 7 
45618, 7, 7 
51178, 7, 7 
23526, 7, 7 
10050, 7, 7 
48242, 7, 7 
14833, 7, 7 
38972, 7, 7 
25964, 7, 7 
2985, 7, 7 
20980, 7, 7 
6319, 7, 7 
42528, 7, 7 
8783, 7, 7 
16800, 7, 7 
52010, 7, 7 
436, 7, 7 
38091, 7, 7 
12138, 7, 7 
45397, 7, 7 
23708, 7, 7 
20558, 7, 7 
34161, 7, 7 
31967, 7, 7 
56037, 7, 7 
12994, 7, 7 
30495, 7, 7 
55344, 7, 7 
51885, 7, 7 
56107, 7, 7 
55237, 7, 7 
1547, 7, 7 
5089, 7, 7 
32608, 7, 7 
17424, 7, 7 
25058, 7, 7 
29333, 7, 7 
17935, 7, 7 
36340, 7, 7 
57479, 7, 7 
53770, 7, 7 
28550, 7, 7 
26004, 7, 7 
51914, 7, 7 
15705, 7, 7 
57836, 7, 7 
53944, 7, 7 
34069, 7, 7 
22546, 7, 7 
8699, 7, 7 
23787, 7, 7 
37423, 7, 7 
20996, 7, 7 
26749, 7, 7 
44574, 7, 7 
10815, 7, 7 
17113, 7, 7 
6908, 7, 7 
52744, 7, 7 
27683, 7, 7 
33037, 7, 7 
41151, 7, 7 
30502, 7, 7 
33616, 7, 7 
19525, 7, 7 
39835, 7, 7 
44409, 7, 7 
50443, 7, 7 
36088, 7, 7 
59323, 7, 7 
34149, 7, 7 
58009, 7, 7 
27868, 7, 7 
24382, 7, 7 
44194, 7, 7 
58221, 7, 7 
34925, 7, 7 
56604, 7, 7 
48100, 7, 7 
13814, 7, 7 
16496, 7, 7 
14095, 7, 7 
20155, 7, 7 
40232, 7, 7 
48914, 7, 7 
29801, 7, 7 
44160, 7, 7 
59435, 7, 7 
30532, 7, 7 
39616, 7, 7 
54681, 7, 7 
19184, 7, 7 
58606, 7, 7 
42928, 7, 7 
17917, 7, 7 
57292, 7, 7 
46457, 7, 7 
40143, 7, 7 
41520, 7, 7 
52490, 7, 7 
14348, 7, 7 
19929, 7, 7 
14387, 7, 7 
1851, 7, 7 
31100, 7, 7 
23726, 7, 7 
31725, 7, 7 
53423, 7, 7 
34094, 7, 7 
41113, 7, 7 
31387, 7, 7 
39500, 7, 7 
38458, 7, 7 
54256, 7, 7 
24094, 7, 7 
25300, 7, 7 
21841, 7, 7 
33395, 7, 7 
28869, 7, 7 
19817, 7, 7 
44920, 7, 7 
57774, 7, 7 
31362, 7, 7 
46341, 7, 7 
10392, 7, 7 
1314, 7, 7 
4041, 7, 7 
37090, 7, 7 
8364, 7, 7 
55422, 7, 7 
30798, 7, 7 
21462, 7, 7 
2447, 7, 7 
7950, 7, 7 
25511, 7, 7 
38098, 7, 7 
17370, 7, 7 
6147, 7, 7 
10309, 7, 7 
7494, 7, 7 
37693, 7, 7 
32291, 7, 7 
6381, 7, 7 
52926, 7, 7 
45114, 7, 7 
20280, 7, 7 
54561, 7, 7 
55467, 7, 7 
15, 7, 7 
42501, 7, 7 
14197, 7, 7 
40937, 7, 7 
54435, 7, 7 
28849, 7, 7 
42461, 7, 7 
59977, 7, 7 
2380, 7, 7 
26455, 7, 7 
17979, 7, 7 
26216, 7, 7 
54887, 7, 7 
43990, 7, 7 
40728, 7, 7 
4863, 7, 7 
47402, 7, 7 
21790, 7, 7 
26500, 7, 7 
27158, 7, 7 
34880, 7, 7 
10986, 7, 7 
14004, 7, 7 
3692, 7, 7 
28624, 7, 7 
42016, 7, 7 
15895, 7, 7 
30442, 7, 7 
26255, 7, 7 
12896, 7, 7 
47286, 7, 7 
42211, 7, 7 
9286, 7, 7 
23965, 7, 7 
47351, 7, 7 
38913, 7, 7 
36316, 7, 7 
36041, 7, 7 
48080, 7, 7 
17683, 7, 7 
54964, 7, 7 
12364, 7, 7 
9433, 7, 4 
49444, 7, 7 
6597, 7, 7 
17069, 7, 7 
47453, 7, 7 
30959, 7, 7 
41871, 7, 7 
30549, 7, 7 
18736, 7, 7 
12641, 7, 7 
12363, 7, 7 
24443, 7, 7 
11254, 7, 7 
59745, 7, 7 
46717, 7, 7 
25229, 7, 7 
50620, 7, 7 
55659, 7, 7 
43541, 7, 7 
41024, 7, 7 
26679, 7, 7 
37402, 7, 7 
18333, 7, 7 
28986, 7, 7 
14337, 7, 7 
44940, 7, 7 
59118, 7, 7 
10590, 7, 7 
20552, 7, 7 
58844, 7, 7 
27621, 7, 7 
44050, 7, 7 
46688, 7, 7 
36583, 7, 7 
44972, 7, 7 
18367, 7, 7 
57925, 7, 7 
7616, 7, 7 
27103, 7, 7 
48976, 7, 7 
4806, 7, 7 
22941, 7, 7 
27983, 7, 7 
971, 7, 7 
22711, 7, 7 
1523, 7, 7 
8237, 7, 7 
7783, 7, 7 
49691, 7, 7 
59162, 7, 7 
27498, 7, 7 
34501, 7, 7 
47495, 7, 7 
36612, 7, 7 
45435, 7, 7 
31699, 7, 7 
36859, 7, 7 
9535, 7, 7 
20694, 7, 7 
33836, 7, 7 
54734, 7, 7 
38776, 7, 7 
57547, 7, 7 
15062, 7, 7 
48585, 7, 7 
4242, 7, 7 
28399, 7, 7 
7931, 7, 7 
39254, 7, 7 
23909, 7, 7 
29592, 7, 7 
41530, 7, 7 
12253, 7, 7 
21396, 7, 7 
27341, 7, 7 
8516, 7, 7 
34245, 7, 7 
21662, 7, 7 
41656, 7, 7 
53523, 7, 7 
57178, 7, 7 
54789, 7, 7 
13199, 7, 7 
39399, 7, 7 
52052, 7, 7 
41367, 7, 7 
56356, 7, 7 
56410, 7, 7 
24200, 7, 7 
26151, 7, 7 
51113, 7, 7 
50627, 7, 7 
49119, 7, 7 
47941, 7, 7 
52497, 7, 7 
56518, 7, 7 
15671, 7, 7 
40838, 7, 7 
14277, 7, 7 
37034, 7, 7 
15494, 7, 7 
483, 7, 7 
4116, 7, 7 
43618, 7, 7 
20583, 7, 7 
41725, 7, 7 
26091, 7, 7 
48619, 7, 7 
26967, 7, 7 
32849, 7, 7 
59198, 7, 7 
53643, 7, 7 
2984, 7, 7 
4946, 7, 7 
32347, 7, 7 
59851, 7, 7 
49590, 7, 7 
56555, 7, 7 
51859, 7, 7 
27265, 7, 7 
30015, 7, 7 
59533, 7, 7 
39358, 7, 7 
19341, 7, 7 
59935, 7, 7 
59724, 7, 7 
28688, 7, 7 
36758, 7, 7 
57702, 7, 7 
2024, 7, 7 
1229, 7, 7 
36234, 7, 7 
58530, 7, 7 
34666, 7, 7 
58635, 7, 7 
37348, 7, 7 
32215, 7, 7 
10946, 7, 7 
2814, 7, 7 
51080, 7, 7 
12428, 7, 7 
54100, 7, 7 
48952, 7, 7 
5975, 7, 7 
18609, 7, 7 
11516, 7, 7 
18046, 7, 7 
48098, 7, 7 
51477, 7, 7 
46248, 7, 7 
30768, 7, 7 
12649, 7, 7 
21621, 7, 7 
2903, 7, 7 
51586, 7, 7 
3940, 7, 7 
36284, 7, 7 
2433, 7, 7 
52113, 7, 7 
5182, 7, 7 
51102, 7, 7 
8068, 7, 7 
39048, 7, 7 
38763, 7, 7 
16949, 7, 7 
18871, 7, 7 
26076, 7, 7 
6173, 7, 7 
29783, 7, 7 
19433, 7, 7 
20218, 7, 7 
55079, 7, 7 
51229, 7, 7 
45530, 7, 7 
58214, 7, 7 
58826, 7, 7 
50963, 7, 7 
35560, 7, 7 
5953, 7, 7 
387, 7, 7 
7059, 7, 7 
57380, 7, 7 
26575, 7, 7 
56209, 7, 7 
46501, 7, 7 
9077, 7, 7 
10965, 7, 7 
49662, 7, 7 
33527, 7, 7 
12018, 7, 7 
44185, 7, 7 
36954, 7, 7 
5976, 7, 7 
24351, 7, 7 
55276, 7, 7 
5312, 7, 7 
14460, 7, 7 
20921, 7, 7 
3206, 7, 7 
21459, 7, 7 
16623, 7, 7 
46832, 7, 7 
52992, 7, 7 
51996, 7, 7 
4774, 7, 7 
37212, 7, 7 
31291, 7, 7 
33504, 7, 7 
11080, 7, 7 
34229, 7, 7 
24515, 7, 7 
46132, 7, 7 
29144, 7, 7 
54011, 7, 7 
18025, 7, 7 
8286, 7, 7 
50706, 7, 7 
29850, 7, 7 
50325, 7, 7 
59213, 7, 7 
40344, 7, 7 
14642, 7, 7 
13540, 7, 7 
40603, 7, 7 
27853, 7, 7 
59812, 7, 7 
39490, 7, 7 
4840, 7, 7 
38088, 7, 7 
994, 7, 7 
26966, 7, 7 
13024, 7, 7 
38447, 7, 7 
29325, 7, 7 
23674, 8, 8 
40398, 8, 8 
34414, 8, 8 
5896, 8, 8 
1419, 8, 8 
13089, 8, 8 
59636, 8, 8 
53440, 8, 8 
17628, 8, 8 
44686, 8, 8 
58888, 8, 8 
39291, 8, 8 
24134, 8, 8 
41495, 8, 8 
26786, 8, 8 
41153, 8, 8 
33387, 8, 8 
39142, 8, 8 
33766, 8, 8 
58893, 8, 8 
15522, 8, 8 
53335, 8, 8 
46258, 8, 8 
50513, 8, 8 
43695, 8, 8 
32722, 8, 8 
19052, 8, 8 
38725, 8, 8 
10447, 8, 8 
55790, 8, 8 
39751, 8, 8 
52237, 8, 8 
59999, 8, 8 
28033, 8, 8 
33309, 8, 8 
3616, 8, 8 
42291, 8, 8 
25074, 8, 8 
39109, 8, 8 
32206, 8, 8 
28779, 8, 8 
15458, 8, 8 
29342, 8, 8 
18205, 8, 8 
49525, 8, 8 
52863, 8, 8 
25018, 8, 8 
44458, 8, 8 
20876, 8, 8 
13608, 8, 8 
19807, 8, 8 
25464, 8, 8 
21475, 8, 8 
52292, 8, 8 
22591, 8, 8 
36137, 8, 8 
26947, 8, 8 
31569, 8, 8 
15532, 8, 8 
15411, 8, 8 
3665, 8, 8 
49465, 8, 8 
46387, 8, 8 
45427, 8, 8 
23509, 8, 8 
3029, 8, 8 
32072, 8, 8 
54006, 8, 8 
27348, 8, 8 
46633, 8, 8 
34921, 8, 8 
31622, 8, 8 
29877, 8, 8 
16301, 8, 8 
5394, 8, 8 
17407, 8, 8 
37720, 8, 8 
35383, 8, 8 
7329, 8, 8 
9732, 8, 8 
57054, 8, 8 
9935, 8, 8 
50530, 8, 8 
3365, 8, 8 
30870, 8, 8 
26805, 8, 8 
24829, 8, 8 
2285, 8, 8 
44259, 8, 8 
50745, 8, 8 
23414, 8, 8 
54341, 8, 8 
43754, 8, 8 
8365, 8, 8 
59340, 8, 8 
39658, 8, 8 
51330, 8, 8 
24979, 8, 8 
15723, 8, 8 
5372, 8, 8 
32636, 8, 8 
28511, 8, 8 
22438, 8, 8 
22001, 8, 8 
41718, 8, 8 
36865, 8, 8 
57277, 8, 8 
25951, 8, 8 
47116, 8, 8 
15645, 8, 8 
47632, 8, 8 
49073, 8, 8 
40417, 8, 8 
16639, 8, 8 
4634, 8, 8 
36387, 8, 8 
18711, 8, 8 
48394, 8, 8 
45194, 8, 8 
4598, 8, 8 
25228, 8, 8 
54749, 8, 8 
11890, 8, 8 
34236, 8, 8 
19618, 8, 8 
35364, 8, 8 
36221, 8, 8 
43588, 8, 8 
53728, 8, 8 
21851, 8, 8 
43062, 8, 8 
40687, 8, 8 
15366, 8, 8 
12513, 8, 8 
7300, 8, 8 
36927, 8, 8 
27599, 8, 8 
13055, 8, 8 
29589, 8, 8 
33514, 8, 8 
40146, 8, 8 
2043, 8, 8 
24598, 8, 8 
34068, 8, 8 
16066, 8, 8 
45298, 8, 8 
57392, 8, 8 
31273, 8, 8 
29198, 8, 8 
12482, 8, 8 
18660, 8, 8 
32456, 8, 8 
29691, 8, 8 
28749, 8, 8 
51501, 8, 8 
2016, 8, 8 
36034, 8, 8 
9970, 8, 8 
23004, 8, 8 
4391, 8, 8 
27907, 8, 8 
55530, 8, 8 
50274, 8, 8 
49215, 8, 8 
7297, 8, 8 
24533, 8, 8 
54226, 8, 8 
48106, 8, 8 
25388, 8, 8 
3480, 8, 8 
3555, 8, 8 
35007, 8, 8 
45891, 8, 8 
40245, 8, 8 
12235, 8, 8 
10663, 8, 8 
41709, 8, 8 
37527, 8, 8 
47577, 8, 8 
7076, 8, 8 
45866, 8, 8 
876, 8, 8 
51414, 8, 8 
24578, 8, 8 
29422, 8, 8 
23112, 8, 8 
58070, 8, 8 
18310, 8, 8 
37810, 8, 8 
8507, 8, 8 
4834, 8, 8 
34968, 8, 8 
53648, 8, 8 
32181, 8, 8 
48339, 8, 8 
16284, 8, 8 
13412, 8, 8 
44695, 8, 8 
50604, 8, 8 
15546, 8, 8 
45110, 8, 8 
59173, 8, 8 
49366, 8, 8 
51450, 8, 8 
23987, 8, 8 
41758, 8, 8 
6506, 8, 8 
23510, 8, 8 
14014, 8, 8 
3689, 8, 8 
2511, 8, 8 
28348, 8, 8 
25799, 8, 8 
30892, 8, 8 
50268, 8, 8 
24586, 8, 8 
55959, 8, 8 
39764, 8, 8 
6196, 8, 8 
3968, 8, 8 
46817, 8, 8 
42880, 8, 8 
6242, 8, 8 
32030, 8, 8 
15321, 8, 8 
43749, 8, 8 
18012, 8, 8 
20191, 8, 8 
38014, 8, 8 
40767, 8, 8 
32742, 8, 8 
15963, 8, 8 
54185, 8, 8 
17672, 8, 8 
42229, 8, 8 
55311, 8, 8 
37868, 8, 8 
48104, 8, 8 
50327, 8, 8 
21549, 8, 8 
36325, 8, 8 
11355, 8, 8 
47315, 8, 8 
51878, 8, 8 
53765, 8, 8 
30235, 8, 8 
24845, 8, 8 
7763, 8, 8 
49259, 8, 8 
15629, 8, 8 
46904, 8, 8 
53556, 8, 8 
45245, 8, 8 
18109, 8, 8 
784, 8, 8 
13485, 8, 8 
45454, 8, 8 
39611, 8, 8 
12037, 8, 8 
34225, 8, 8 
15935, 8, 8 
10250, 8, 8 
15502, 8, 8 
24460, 8, 8 
2841, 8, 8 
39530, 8, 8 
24147, 8, 8 
29026, 8, 8 
6321, 8, 8 
58326, 8, 8 
44980, 8, 8 
40092, 8, 8 
48351, 8, 8 
19065, 8, 8 
59511, 8, 8 
39604, 8, 8 
24852, 8, 8 
34075, 8, 8 
25149, 8, 8 
28887, 8, 8 
35145, 8, 8 
24926, 8, 8 
12663, 8, 8 
15343, 8, 8 
57668, 8, 8 
57898, 8, 8 
6533, 8, 8 
30994, 8, 8 
34212, 8, 8 
55614, 8, 8 
7215, 8, 8 
27236, 8, 8 
29511, 8, 8 
37434, 8, 8 
26908, 8, 8 
41468, 8, 8 
32806, 8, 8 
19371, 8, 8 
26244, 8, 8 
38151, 8, 8 
23015, 8, 8 
57513, 8, 8 
20539, 8, 8 
22320, 8, 8 
43579, 8, 8 
23560, 8, 8 
47648, 8, 8 
43306, 8, 8 
35713, 8, 8 
23428, 8, 8 
48494, 8, 8 
32279, 8, 8 
8210, 8, 8 
36785, 8, 8 
48668, 8, 8 
21085, 8, 8 
28432, 8, 8 
19792, 8, 8 
34107, 8, 8 
43372, 8, 8 
56307, 8, 8 
10981, 8, 8 
7228, 8, 8 
44118, 8, 8 
43900, 8, 8 
28342, 8, 8 
333, 8, 8 
53065, 8, 8 
25835, 8, 8 
54243, 8, 8 
8067, 8, 8 
17743, 8, 8 
53672, 8, 8 
51899, 8, 8 
14457, 8, 8 
46897, 8, 8 
24691, 8, 8 
26414, 8, 8 
50238, 8, 8 
6806, 8, 8 
46380, 8, 8 
14745, 8, 8 
34328, 8, 8 
33036, 8, 8 
41064, 8, 8 
1453, 8, 8 
47967, 8, 8 
55555, 8, 8 
46876, 8, 8 
52496, 8, 8 
20906, 8, 8 
25179, 8, 8 
32309, 8, 8 
27798, 8, 8 
52933, 8, 8 
20758, 8, 8 
51861, 8, 8 
27616, 8, 8 
53999, 8, 8 
8310, 8, 8 
40083, 8, 8 
51158, 8, 8 
10592, 8, 8 
49496, 8, 8 
42704, 8, 8 
30738, 8, 8 
42691, 8, 8 
46034, 8, 8 
57984, 8, 8 
10797, 8, 8 
19475, 8, 8 
2476, 8, 8 
3476, 8, 8 
41882, 8, 8 
44597, 8, 8 
14075, 8, 8 
2781, 8, 8 
56070, 8, 8 
11374, 8, 8 
3513, 8, 8 
6792, 8, 8 
35704, 8, 8 
49830, 8, 8 
35103, 8, 8 
29886, 8, 8 
202, 8, 8 
9650, 8, 8 
17889, 8, 8 
6163, 8, 8 
58776, 8, 8 
59627, 8, 8 
46767, 8, 8 
33770, 8, 8 
18775, 8, 8 
26471, 8, 8 
25195, 8, 8 
49548, 8, 8 
44272, 8, 8 
11108, 8, 8 
50660, 8, 8 
19350, 8, 8 
10901, 8, 8 
51897, 8, 8 
42990, 8, 8 
4578, 8, 8 
31333, 8, 8 
33979, 8, 8 
53485, 8, 8 
58787, 8, 8 
18281, 8, 8 
11444, 8, 8 
26443, 8, 8 
40410, 8, 8 
57741, 8, 8 
22290, 8, 8 
7142, 8, 8 
42365, 8, 8 
56613, 8, 8 
43403, 8, 8 
31847, 8, 8 
37396, 8, 8 
56667, 8, 8 
27819, 8, 8 
6746, 8, 8 
57411, 8, 8 
9982, 8, 8 
27678, 8, 8 
2026, 8, 8 
32864, 8, 8 
21711, 8, 8 
20106, 8, 8 
54469, 8, 8 
20521, 8, 8 
33636, 8, 8 
47122, 8, 8 
49279, 8, 8 
35751, 8, 8 
17950, 8, 8 
47656, 8, 8 
30347, 8, 8 
52219, 8, 8 
28010, 8, 8 
25275, 8, 8 
4698, 8, 8 
1464, 8, 8 
3959, 8, 8 
14669, 8, 8 
34165, 8, 8 
16725, 8, 8 
20807, 8, 8 
30374, 8, 8 
57678, 8, 8 
49290, 8, 8 
4287, 8, 8 
54684, 8, 8 
53036, 8, 8 
34707, 8, 8 
30823, 8, 8 
54926, 8, 8 
19951, 8, 8 
7122, 8, 8 
12963, 8, 8 
29306, 8, 8 
37316, 8, 8 
52389, 8, 8 
52090, 8, 8 
46504, 8, 8 
29090, 8, 8 
13440, 8, 8 
24720, 8, 8 
13549, 8, 8 
55761, 8, 8 
38912, 8, 8 
16440, 8, 8 
49044, 8, 8 
34575, 8, 8 
32073, 8, 8 
37952, 8, 8 
30844, 8, 8 
30435, 8, 8 
49276, 8, 8 
39585, 8, 8 
44436, 8, 8 
12164, 8, 8 
37459, 8, 8 
46231, 8, 8 
2940, 8, 8 
15595, 8, 8 
12934, 8, 8 
49572, 8, 8 
57655, 8, 8 
8432, 8, 8 
9358, 8, 8 
35958, 8, 8 
29053, 8, 8 
34929, 8, 8 
29183, 8, 8 
4434, 8, 8 
22837, 8, 8 
39035, 8, 8 
14796, 9, 4 
322, 9, 9 
13002, 9, 9 
2099, 9, 9 
16967, 9, 9 
48964, 9, 9 
56442, 9, 9 
52286, 9, 9 
18355, 9, 9 
3173, 9, 9 
57667, 9, 9 
15653, 9, 9 
13904, 9, 9 
7811, 9, 9 
16034, 9, 9 
47120, 9, 9 
35374, 9, 9 
27817, 9, 9 
12443, 9, 9 
23285, 9, 9 
42773, 9, 9 
38795, 9, 9 
29078, 9, 9 
153, 9, 9 
49565, 9, 9 
25933, 9, 9 
59794, 9, 9 
38233, 9, 9 
24053, 9, 9 
38562, 9, 9 
45917, 9, 9 
22110, 9, 9 
41251, 9, 9 
55780, 9, 9 
38293, 9, 9 
38877, 9, 9 
46972, 9, 9 
3935, 9, 9 
9437, 9, 9 
10501, 9, 9 
7071, 9, 9 
35786, 9, 9 
28473, 9, 9 
12768, 9, 9 
12131, 9, 9 
30753, 9, 9 
10860, 9, 9 
20330, 9, 9 
46193, 9, 9 
32860, 9, 9 
55563, 9, 9 
15433, 9, 9 
54386, 9, 9 
52340, 9, 9 
56464, 9, 9 
39134, 9, 9 
55102, 9, 9 
34013, 9, 9 
29847, 9, 9 
16934, 9, 9 
7310, 9, 9 
57374, 9, 9 
53267, 9, 9 
56527, 9, 9 
8036, 9, 9 
33300, 9, 9 
33976, 9, 9 
24998, 9, 9 
50806, 9, 9 
3508, 9, 9 
9308, 9, 9 
29137, 9, 9 
43650, 9, 9 
3447, 9, 9 
30660, 9, 9 
11499, 9, 9 
10681, 9, 9 
14151, 9, 9 
26430, 9, 9 
32451, 9, 9 
44607, 9, 9 
21145, 9, 9 
17346, 9, 9 
24508, 9, 9 
11190, 9, 9 
15827, 9, 9 
13971, 9, 9 
34790, 9, 9 
5817, 9, 9 
14680, 9, 9 
46973, 9, 9 
54026, 9, 9 
3544, 9, 9 
19730, 9, 9 
45119, 9, 9 
9265, 9, 9 
56580, 9, 9 
28448, 9, 9 
28597, 9, 9 
40328, 9, 9 
57728, 9, 9 
23990, 9, 9 
22782, 9, 9 
31854, 9, 9 
33899, 9, 9 
22148, 9, 9 
38748, 9, 9 
41562, 9, 9 
16734, 9, 9 
2696, 9, 9 
52506, 9, 9 
29379, 9, 4 
23447, 9, 9 
1740, 9, 9 
21786, 9, 9 
34044, 9, 9 
7545, 9, 9 
48987, 9, 9 
6149, 9, 9 
1316, 9, 9 
44376, 9, 9 
46870, 9, 9 
10507, 9, 9 
20677, 9, 9 
33199, 9, 9 
31700, 9, 9 
12739, 9, 9 
48171, 9, 9 
48388, 9, 9 
29134, 9, 9 
56157, 9, 9 
53550, 9, 9 
1250, 9, 9 
56839, 9, 9 
14943, 9, 9 
5045, 9, 9 
45176, 9, 9 
53976, 9, 9 
59184, 9, 9 
19995, 9, 9 
1552, 9, 9 
48795, 9, 9 
55313, 9, 9 
3796, 9, 9 
53683, 9, 9 
18820, 9, 9 
52034, 9, 9 
11423, 9, 9 
17939, 9, 9 
28713, 9, 9 
46885, 9, 9 
33581, 9, 9 
58519, 9, 9 
41178, 9, 9 
57476, 9, 9 
54599, 9, 9 
55889, 9, 9 
57913, 9, 9 
54647, 9, 9 
18405, 9, 9 
20508, 9, 9 
34885, 9, 9 
5979, 9, 9 
49333, 9, 9 
46762, 9, 9 
5522, 9, 9 
58470, 9, 9 
18653, 9, 9 
32311, 9, 9 
25698, 9, 9 
38205, 9, 9 
20750, 9, 9 
46961, 9, 9 
15151, 9, 9 
20054, 9, 9 
50845, 9, 9 
23748, 9, 9 
55849, 9, 9 
29978, 9, 9 
40372, 9, 9 
19913, 9, 9 
56996, 9, 9 
36666, 9, 9 
30808, 9, 9 
48413, 9, 9 
59325, 9, 9 
32016, 9, 9 
58828, 9, 9 
35283, 9, 9 
31088, 9, 9 
23710, 9, 4 
5918, 9, 9 
44600, 9, 9 
2640, 9, 9 
19832, 9, 9 
45892, 9, 9 
18860, 9, 9 
30394, 9, 9 
2438, 9, 9 
12925, 9, 9 
19393, 9, 9 
38950, 9, 9 
28005, 9, 9 
34761, 9, 9 
22523, 9, 9 
16602, 9, 9 
57274, 9, 9 
44328, 9, 9 
26566, 9, 9 
55711, 9, 9 
12789, 9, 9 
40026, 9, 9 
40341, 9, 9 
22824, 9, 9 
16992, 9, 9 
22319, 9, 9 
7936, 9, 9 
23673, 9, 9 
24398, 9, 9 
20788, 9, 9 
5797, 9, 9 
41311, 9, 9 
20689, 9, 9 
29406, 9, 9 
33961, 9, 9 
33130, 9, 9 
48996, 9, 9 
1748, 9, 9 
57895, 9, 9 
19256, 9, 9 
29591, 9, 9 
26536, 9, 9 
46655, 9, 9 
10199, 9, 9 
1352, 9, 9 
33859, 9, 9 
31262, 9, 9 
501, 9, 9 
54944, 9, 9 
34419, 9, 9 
5478, 9, 9 
39521, 9, 9 
57483, 9, 9 
45431, 9, 9 
20333, 9, 9 
41162, 9, 9 
38493, 9, 9 
27766, 9, 9 
6577, 9, 9 
5017, 9, 9 
42228, 9, 9 
50177, 9, 9 
3847, 9, 9 
56923, 9, 9 
17861, 9, 9 
19268, 9, 9 
39569, 9, 9 
11884, 9, 9 
25501, 9, 9 
12945, 9, 9 
26082, 9, 9 
33212, 9, 9 
34544, 9, 9 
5212, 9, 9 
12496, 9, 9 
10235, 9, 9 
26060, 9, 9 
48, 9, 9 
1875, 9, 9 
15124, 9, 9 
900, 9, 9 
37009, 9, 9 
51982, 9, 9 
42738, 9, 9 
6599, 9, 9 
26954, 9, 9 
788, 9, 4 
10249, 9, 9 
6156, 9, 9 
247, 9, 9 
20667, 9, 9 
18111, 9, 9 
4323, 9, 9 
33696, 9, 9 
24489, 9, 9 
52239, 9, 9 
10341, 9, 9 
16137, 9, 9 
14120, 9, 9 
26921, 9, 9 
19190, 9, 9 
12368, 9, 9 
28129, 9, 9 
55978, 9, 9 
47403, 9, 9 
42438, 9, 9 
41734, 9, 9 
9889, 9, 9 
37430, 9, 9 
58918, 9, 9 
3867, 9, 9 
8601, 9, 9 
44430, 9, 9 
24741, 9, 9 
13409, 9, 9 
33147, 9, 9 
39418, 9, 9 
24860, 9, 9 
38051, 9, 9 
58284, 9, 9 
7365, 9, 9 
16149, 9, 9 
23617, 9, 9 
16488, 9, 9 
1147, 9, 9 
52184, 9, 9 
47040, 9, 9 
36004, 9, 9 
10970, 9, 9 
631, 9, 9 
53276, 9, 9 
29475, 9, 9 
22664, 9, 9 
48804, 9, 9 
26215, 9, 9 
17860, 9, 9 
21015, 9, 9 
40269, 9, 9 
24413, 9, 9 
18057, 9, 9 
24071, 9, 9 
19567, 9, 9 
30263, 9, 9 
47894, 9, 9 
4026, 9, 9 
6694, 9, 4 
46946, 9, 9 
15584, 9, 9 
36510, 9, 9 
22898, 9, 9 
34651, 9, 9 
42367, 9, 9 
54335, 9, 9 
12910, 9, 9 
3371, 9, 9 
58761, 9, 9 
33738, 9, 9 
58717, 9, 9 
34072, 9, 9 
43310, 9, 9 
30010, 9, 9 
39293, 9, 9 
58838, 9, 9 
7623, 9, 9 
48927, 9, 9 
17311, 9, 9 
54222, 9, 9 
24549, 9, 9 
12787, 9, 9 
51297, 9, 9 
6164, 9, 9 
1221, 9, 9 
38183, 9, 9 
51271, 9, 9 
37097, 9, 9 
50833, 9, 9 
23423, 9, 9 
16055, 9, 9 
1555, 9, 9 
52355, 9, 9 
39621, 9, 9 
10839, 9, 9 
9394, 9, 9 
42597, 9, 9 
7094, 9, 9 
34300, 9, 9 
40994, 9, 9 
17958, 9, 9 
4594, 9, 9 
45487, 9, 9 
42052, 9, 9 
47257, 9, 9 
44025, 9, 9 
35387, 9, 9 
35741, 9, 9 
9838, 9, 9 
18756, 9, 9 
53784, 9, 9 
33948, 9, 9 
19910, 9, 9 
24967, 9, 9 
47091, 9, 9 
44878, 9, 9 
1360, 9, 9 
31456, 9, 9 
58006, 9, 9 
19667, 9, 9 
40073, 9, 9 
37498, 9, 9 
45183, 9, 9 
15602, 9, 9 
36261, 9, 9 
37781, 9, 9 
26116, 9, 9 
34739, 9, 9 
39640, 9, 9 
17972, 9, 9 
29778, 9, 9 
12127, 9, 9 
26275, 9, 9 
23102, 9, 9 
28062, 9, 9 
15670, 9, 9 
52232, 9, 9 
9066, 9, 9 
40283, 9, 9 
51910, 9, 9 
14042, 9, 9 
35893, 9, 9 
52772, 9, 9 
20031, 9, 9 
31120, 9, 9 
1591, 9, 9 
24942, 9, 9 
19178, 9, 9 
50752, 9, 9 
40126, 9, 9 
8592, 9, 9 
58791, 9, 9 
16673, 9, 9 
11853, 9, 9 
17562, 9, 9 
52341, 9, 9 
15741, 9, 9 
31783, 9, 9 
31394, 9, 9 
18166, 9, 9 
30204, 9, 9 
40371, 9, 9 
11368, 9, 9 
19597, 9, 9 
1622, 9, 9 
56760, 9, 9 
40174, 9, 9 
20778, 9, 9 
31744, 9, 9 
18917, 9, 9 
25624, 9, 9 
41875, 9, 9 
6010, 9, 9 
980, 9, 9 
52383, 9, 9 
48789, 9, 9 
34420, 9, 9 
7087, 9, 9 
53841, 9, 9 
19120, 9, 9 
7492, 9, 9 
40215, 9, 9 
37318, 9, 9 
38899, 9, 9 
5893, 9, 9 
9481, 9, 9 
195, 9, 9 
19239, 9, 9 
27839, 9, 9 
16303, 9, 9 
24775, 9, 9 
27087, 9, 9 
40584, 9, 9 
7667, 9, 9 
14696, 9, 9 
5209, 9, 9 
35878, 9, 9 
11617, 9, 9 
32904, 9, 9 
58961, 9, 9 
28625, 9, 9 
42855, 9, 9 
33232, 9, 9 
15503, 9, 9 
40235, 9, 9 
32239, 9, 9 
34439, 9, 9 
11745, 9, 9 
17019, 9, 9 
54905, 9, 9 
18746, 9, 9 
58369, 9, 9 
18874, 9, 9 
9896, 9, 9 
59748, 9, 9 
30845, 9, 9 
48924, 9, 9 
13178, 9, 9 
30498, 9, 9 
31605, 9, 9 
3374, 9, 9 
42086, 9, 9 
29472, 9, 9 
