id, true label, predicted label 
58668, 0, 0 
55806, 0, 0 
7371, 0, 0 
4911, 0, 0 
10372, 0, 0 
25650, 0, 0 
40241, 0, 0 
19985, 0, 0 
35185, 0, 0 
28612, 0, 0 
45371, 0, 0 
41447, 0, 0 
22636, 0, 0 
38297, 0, 0 
1606, 0, 0 
5978, 0, 0 
33921, 0, 0 
29243, 0, 0 
42915, 0, 0 
5698, 0, 0 
38139, 0, 0 
23809, 0, 0 
32210, 0, 0 
23882, 0, 0 
59418, 0, 0 
43247, 0, 0 
14052, 0, 0 
23088, 0, 0 
13217, 0, 0 
42153, 0, 0 
25818, 0, 0 
47953, 0, 0 
4556, 0, 0 
44445, 0, 0 
33512, 0, 0 
16619, 0, 0 
13075, 0, 0 
2147, 0, 0 
57882, 0, 0 
13729, 0, 0 
56388, 0, 0 
13230, 0, 0 
31277, 0, 0 
5674, 0, 0 
35473, 0, 0 
11974, 0, 0 
16122, 0, 0 
55664, 0, 0 
8309, 0, 0 
50385, 0, 0 
55681, 0, 0 
5368, 0, 0 
26040, 0, 0 
32952, 0, 0 
27305, 0, 0 
44199, 0, 0 
35262, 0, 0 
16749, 0, 0 
41252, 0, 0 
4653, 0, 0 
26415, 0, 0 
31855, 0, 0 
43915, 0, 0 
55006, 0, 0 
24988, 0, 0 
1454, 0, 0 
44325, 0, 0 
19604, 0, 0 
43188, 0, 0 
14311, 0, 0 
19535, 0, 0 
12144, 0, 0 
22288, 0, 0 
59439, 0, 0 
59421, 0, 0 
11187, 0, 0 
58350, 0, 0 
27609, 0, 0 
53959, 0, 0 
59795, 0, 0 
15169, 0, 0 
5932, 0, 0 
36621, 0, 0 
39504, 0, 0 
40989, 0, 0 
52449, 0, 0 
14282, 0, 0 
49716, 0, 0 
19902, 0, 0 
39233, 0, 0 
6615, 0, 0 
18923, 0, 0 
23845, 0, 0 
47997, 0, 0 
1600, 0, 0 
35857, 0, 0 
17122, 0, 0 
47626, 0, 0 
7037, 0, 0 
13074, 0, 0 
47902, 0, 0 
26298, 0, 0 
35720, 0, 0 
26853, 0, 0 
55242, 0, 0 
37814, 0, 0 
21082, 0, 0 
52621, 0, 0 
20662, 0, 0 
37844, 0, 0 
58819, 0, 0 
29067, 0, 0 
20911, 0, 0 
45307, 0, 0 
36628, 0, 0 
35481, 0, 0 
1517, 0, 0 
26686, 0, 0 
42074, 0, 0 
56239, 0, 0 
33640, 0, 0 
4009, 0, 0 
3590, 0, 0 
4216, 0, 0 
55408, 0, 0 
53432, 0, 0 
25344, 0, 0 
45042, 0, 0 
18909, 0, 0 
9688, 0, 0 
59336, 0, 0 
40173, 0, 0 
40251, 0, 0 
28257, 0, 0 
31171, 0, 0 
14545, 0, 0 
13005, 0, 0 
11888, 0, 0 
49229, 0, 0 
35536, 0, 0 
36689, 0, 0 
57061, 0, 0 
7358, 0, 0 
49750, 0, 0 
38179, 0, 0 
12992, 0, 0 
16083, 0, 0 
4415, 0, 0 
14157, 0, 0 
26722, 0, 0 
51122, 0, 0 
49989, 0, 0 
41383, 0, 0 
35800, 0, 0 
2192, 0, 0 
45359, 0, 0 
14019, 0, 0 
55624, 0, 0 
11605, 0, 0 
29394, 0, 0 
47294, 0, 0 
22787, 0, 0 
53575, 0, 0 
40188, 0, 0 
10523, 0, 0 
33578, 0, 0 
40218, 0, 0 
48863, 0, 0 
51680, 0, 0 
30149, 0, 0 
25460, 0, 0 
43367, 0, 0 
3809, 0, 0 
28408, 0, 0 
46963, 0, 0 
57201, 0, 0 
48128, 0, 0 
27280, 0, 0 
59547, 0, 0 
44208, 0, 0 
2642, 0, 0 
3720, 0, 0 
35746, 0, 0 
15777, 0, 0 
14629, 0, 0 
17003, 0, 0 
3565, 0, 0 
56570, 0, 0 
15046, 0, 0 
49713, 0, 0 
2736, 0, 0 
4389, 0, 0 
41051, 0, 0 
53734, 0, 0 
15454, 0, 0 
53957, 0, 0 
31575, 0, 0 
59847, 0, 0 
50072, 0, 0 
20114, 0, 0 
40825, 0, 0 
19769, 0, 0 
4325, 0, 0 
4597, 0, 0 
21960, 0, 0 
54853, 0, 0 
45083, 0, 0 
4082, 0, 0 
58973, 0, 0 
23842, 0, 0 
5608, 0, 0 
24024, 0, 0 
30484, 0, 0 
19581, 0, 0 
11612, 0, 0 
39701, 0, 0 
56444, 0, 0 
4374, 0, 0 
34943, 0, 0 
50628, 0, 0 
54391, 0, 0 
7451, 0, 0 
19594, 0, 0 
57000, 0, 0 
50684, 0, 0 
55345, 0, 0 
59059, 0, 0 
54728, 0, 0 
46751, 0, 0 
6958, 0, 0 
56429, 0, 0 
25755, 0, 0 
2899, 0, 0 
18779, 0, 0 
1015, 0, 0 
33157, 0, 0 
55029, 0, 0 
22063, 0, 0 
48412, 0, 0 
47740, 0, 0 
34345, 0, 0 
4804, 0, 0 
46235, 0, 0 
464, 0, 0 
21681, 0, 0 
20388, 0, 0 
46398, 0, 0 
13366, 0, 0 
32388, 0, 0 
9506, 0, 0 
19127, 0, 0 
51265, 0, 0 
59203, 0, 0 
15868, 0, 0 
35516, 0, 0 
32899, 0, 0 
58982, 0, 0 
57693, 0, 0 
22023, 0, 0 
59940, 0, 0 
24529, 0, 0 
8612, 0, 0 
48612, 0, 0 
56530, 0, 0 
22208, 0, 0 
58316, 0, 1 
15621, 0, 0 
31769, 0, 0 
45939, 0, 0 
11791, 0, 0 
23289, 0, 0 
58738, 0, 0 
27328, 0, 0 
23753, 0, 0 
52993, 0, 0 
20321, 0, 0 
35525, 0, 0 
13280, 0, 0 
33257, 0, 0 
22362, 0, 0 
5502, 0, 0 
46926, 0, 0 
41627, 0, 0 
19006, 0, 0 
27318, 0, 0 
51883, 0, 0 
14530, 0, 0 
14137, 0, 0 
56460, 0, 0 
22897, 0, 0 
26990, 0, 0 
1995, 0, 0 
35343, 0, 0 
38310, 0, 0 
9456, 0, 0 
11654, 0, 0 
48023, 0, 0 
28973, 0, 0 
11636, 0, 0 
8147, 0, 0 
44344, 0, 0 
41432, 0, 0 
16363, 0, 0 
42720, 0, 0 
54411, 0, 0 
12690, 0, 0 
40850, 0, 0 
22373, 0, 0 
12321, 0, 0 
59805, 0, 0 
9874, 0, 0 
37738, 0, 0 
48111, 0, 0 
53319, 0, 0 
19669, 0, 0 
11794, 0, 0 
36168, 0, 0 
49124, 0, 0 
42358, 0, 0 
23331, 0, 0 
55366, 0, 0 
28044, 0, 0 
58599, 0, 1 
39898, 0, 0 
37052, 0, 0 
48719, 0, 0 
59099, 0, 0 
15901, 0, 0 
37953, 0, 0 
51685, 0, 0 
50638, 0, 0 
42579, 0, 0 
12325, 0, 0 
37647, 0, 0 
26753, 0, 0 
52804, 0, 0 
48299, 0, 0 
57053, 0, 0 
33739, 0, 0 
47335, 0, 0 
22375, 0, 0 
39363, 0, 0 
57784, 0, 0 
49883, 0, 0 
15042, 0, 0 
46557, 0, 0 
32666, 0, 0 
39236, 0, 0 
50930, 0, 0 
8096, 0, 0 
20369, 0, 0 
7874, 0, 0 
33538, 0, 0 
34381, 0, 0 
58866, 0, 0 
13808, 0, 0 
36929, 0, 0 
11792, 0, 0 
41810, 0, 0 
15992, 0, 0 
2975, 0, 0 
28486, 0, 0 
51024, 0, 0 
13719, 0, 0 
23875, 0, 0 
58002, 0, 0 
612, 0, 0 
29562, 0, 0 
58353, 0, 0 
41331, 0, 0 
1368, 0, 0 
51623, 0, 0 
22152, 0, 0 
19856, 0, 0 
50061, 0, 0 
8723, 0, 0 
20846, 0, 0 
45908, 0, 0 
46430, 0, 0 
10204, 0, 0 
37914, 0, 0 
320, 0, 0 
24265, 0, 0 
39685, 0, 0 
40082, 0, 0 
24877, 0, 0 
46494, 0, 0 
20827, 0, 0 
29283, 0, 0 
29311, 0, 0 
9452, 0, 0 
2538, 0, 0 
38025, 0, 0 
45115, 0, 0 
41374, 0, 0 
41138, 0, 0 
21242, 0, 0 
44606, 0, 0 
18022, 0, 0 
55023, 0, 0 
27290, 0, 0 
27659, 0, 0 
19454, 0, 0 
19974, 0, 0 
31112, 0, 0 
17124, 0, 0 
19554, 0, 0 
4563, 0, 0 
34623, 0, 0 
7934, 0, 0 
11462, 0, 0 
50081, 0, 0 
40760, 0, 0 
50018, 0, 0 
9083, 0, 0 
21372, 0, 0 
34296, 0, 0 
38054, 0, 0 
53399, 0, 0 
44023, 0, 0 
49500, 0, 0 
51546, 0, 0 
55254, 0, 0 
12888, 0, 0 
2483, 0, 0 
32708, 0, 0 
49974, 0, 0 
22008, 0, 0 
33367, 0, 0 
23506, 0, 0 
2396, 0, 0 
44558, 0, 0 
9857, 0, 0 
29732, 0, 0 
56489, 0, 0 
37970, 0, 0 
31969, 0, 0 
54445, 0, 0 
7325, 0, 0 
43976, 0, 0 
33112, 0, 0 
53940, 0, 0 
1377, 0, 0 
33864, 0, 0 
28627, 0, 0 
39856, 0, 0 
16961, 0, 0 
38035, 0, 0 
56219, 0, 0 
36842, 0, 0 
11532, 0, 0 
9750, 0, 0 
57393, 0, 0 
689, 0, 0 
18572, 0, 0 
6337, 0, 0 
32207, 0, 0 
18658, 0, 0 
4682, 0, 0 
55065, 0, 0 
19203, 0, 0 
24645, 0, 0 
35994, 0, 0 
13726, 0, 0 
28746, 0, 0 
40286, 0, 0 
41556, 0, 0 
35717, 0, 0 
22816, 0, 0 
41315, 0, 0 
45769, 0, 0 
15524, 0, 0 
45748, 0, 0 
55666, 0, 0 
56181, 0, 0 
26980, 0, 0 
11091, 0, 0 
55745, 0, 0 
34775, 0, 0 
54865, 0, 0 
51479, 0, 0 
50534, 0, 0 
8813, 0, 0 
29468, 0, 0 
17534, 0, 0 
25694, 0, 0 
29541, 0, 0 
18113, 0, 0 
6207, 0, 0 
53670, 0, 0 
45401, 0, 0 
21890, 0, 0 
2826, 0, 0 
25101, 0, 0 
9820, 0, 0 
23095, 0, 0 
39612, 0, 0 
25932, 0, 0 
40820, 0, 0 
39715, 0, 0 
59932, 1, 1 
23612, 1, 1 
6864, 1, 1 
31784, 1, 1 
50477, 1, 1 
16943, 1, 1 
28964, 1, 1 
39403, 1, 1 
24710, 1, 1 
46552, 1, 1 
20749, 1, 1 
30742, 1, 1 
15865, 1, 1 
54340, 1, 1 
34990, 1, 1 
46210, 1, 1 
25970, 1, 1 
51190, 1, 1 
7105, 1, 1 
7553, 1, 1 
15427, 1, 1 
55574, 1, 1 
52097, 1, 1 
28586, 1, 1 
35414, 1, 1 
12845, 1, 1 
18918, 1, 1 
29840, 1, 1 
38779, 1, 1 
59586, 1, 1 
57849, 1, 1 
58056, 1, 1 
46722, 1, 1 
29480, 1, 1 
30938, 1, 1 
45703, 1, 1 
28681, 1, 1 
36380, 1, 1 
27284, 1, 1 
46512, 1, 1 
14980, 1, 1 
59071, 1, 1 
10257, 1, 1 
33658, 1, 1 
28901, 1, 1 
13855, 1, 1 
22370, 1, 1 
53489, 1, 1 
29697, 1, 1 
38941, 1, 1 
32824, 1, 1 
44770, 1, 1 
28191, 1, 1 
43017, 1, 1 
54784, 1, 1 
3956, 1, 1 
28167, 1, 1 
51651, 1, 1 
1115, 1, 1 
32334, 1, 1 
16946, 1, 1 
4152, 1, 1 
12949, 1, 1 
52309, 1, 1 
5644, 1, 1 
21090, 1, 1 
57979, 1, 1 
1375, 1, 1 
28673, 1, 1 
37670, 1, 1 
3113, 1, 1 
21765, 1, 1 
7188, 1, 1 
51417, 1, 1 
59645, 1, 1 
48871, 1, 1 
24436, 1, 1 
2717, 1, 1 
37365, 1, 1 
46204, 1, 1 
41967, 1, 1 
23852, 1, 1 
28792, 1, 1 
32158, 1, 1 
16292, 1, 1 
54501, 1, 1 
20279, 1, 1 
31286, 1, 1 
22343, 1, 1 
39652, 1, 1 
10500, 1, 1 
10741, 1, 1 
13504, 1, 1 
2907, 1, 1 
50577, 1, 1 
35798, 1, 1 
48468, 1, 1 
24070, 1, 1 
53425, 1, 1 
58588, 1, 1 
36594, 1, 1 
57266, 1, 1 
38868, 1, 1 
31179, 1, 1 
22466, 1, 1 
45105, 1, 1 
33580, 1, 1 
9615, 1, 1 
41103, 1, 1 
9563, 1, 1 
56048, 1, 1 
53180, 1, 1 
4657, 1, 1 
44369, 1, 1 
38664, 1, 1 
7821, 1, 1 
49534, 1, 1 
49623, 1, 1 
26390, 1, 1 
52616, 1, 1 
31237, 1, 1 
55173, 1, 1 
8156, 1, 1 
45499, 1, 1 
26905, 1, 1 
50631, 1, 1 
36356, 1, 1 
19100, 1, 1 
4064, 1, 1 
23254, 1, 1 
54753, 1, 1 
11728, 1, 1 
25451, 1, 1 
35698, 1, 1 
10823, 1, 1 
53162, 1, 1 
14498, 1, 1 
2872, 1, 1 
38466, 1, 1 
41073, 1, 1 
30225, 1, 1 
24838, 1, 1 
10834, 1, 1 
19273, 1, 1 
34215, 1, 1 
54675, 1, 1 
16565, 1, 1 
57603, 1, 1 
52262, 1, 1 
32189, 1, 1 
46026, 1, 1 
34641, 1, 1 
4507, 1, 1 
53687, 1, 1 
22478, 1, 1 
3901, 1, 1 
21568, 1, 1 
58355, 1, 1 
40132, 1, 1 
47141, 1, 1 
53891, 1, 1 
33628, 1, 1 
41852, 1, 1 
23953, 1, 1 
20593, 1, 1 
23238, 1, 1 
30068, 1, 1 
27345, 1, 1 
58767, 1, 1 
47935, 1, 1 
39555, 1, 1 
19029, 1, 1 
34927, 1, 1 
54254, 1, 1 
39484, 1, 1 
56261, 1, 1 
31701, 1, 1 
42205, 1, 1 
3509, 1, 1 
3373, 1, 1 
31751, 1, 1 
25151, 1, 1 
27816, 1, 1 
4300, 1, 1 
35792, 1, 1 
20589, 1, 1 
56757, 1, 1 
20987, 1, 1 
8664, 1, 1 
17418, 1, 1 
15677, 1, 1 
33425, 1, 1 
46747, 1, 1 
43652, 1, 1 
49488, 1, 1 
34158, 1, 1 
53518, 1, 1 
15152, 1, 1 
18806, 1, 1 
19598, 1, 1 
26473, 1, 1 
2623, 1, 1 
30189, 1, 1 
35669, 1, 1 
11143, 1, 1 
37920, 1, 1 
14312, 1, 1 
52031, 1, 1 
30301, 1, 1 
11679, 1, 1 
14924, 1, 1 
47796, 1, 1 
16441, 1, 1 
34166, 1, 1 
41591, 1, 1 
15157, 1, 1 
16368, 1, 1 
56046, 1, 1 
1879, 1, 1 
31093, 1, 1 
23291, 1, 1 
28906, 1, 1 
35761, 1, 1 
34782, 1, 1 
6977, 1, 1 
8738, 1, 1 
49852, 1, 1 
16392, 1, 1 
25606, 1, 1 
32486, 1, 1 
10290, 1, 1 
42000, 1, 1 
48663, 1, 1 
58689, 1, 1 
55596, 1, 1 
19297, 1, 1 
5994, 1, 1 
25918, 1, 1 
59625, 1, 1 
36744, 1, 1 
19804, 1, 1 
29088, 1, 1 
29587, 1, 1 
27396, 1, 1 
8296, 1, 1 
37732, 1, 1 
42288, 1, 1 
32886, 1, 1 
26444, 1, 1 
7060, 1, 1 
31406, 1, 1 
33498, 1, 1 
17262, 1, 1 
56328, 1, 1 
9856, 1, 1 
35719, 1, 1 
23399, 1, 1 
14181, 1, 1 
26445, 1, 1 
52073, 1, 1 
31494, 1, 1 
46520, 1, 1 
38328, 1, 1 
34008, 1, 1 
18452, 1, 1 
16735, 1, 1 
8451, 1, 1 
57340, 1, 1 
29952, 1, 1 
43577, 1, 1 
55846, 1, 1 
56089, 1, 1 
7222, 1, 1 
27528, 1, 1 
54023, 1, 1 
52084, 1, 1 
48390, 1, 1 
37563, 1, 1 
36382, 1, 1 
42927, 1, 1 
44339, 1, 1 
29337, 1, 1 
51129, 1, 1 
38413, 1, 1 
10692, 1, 1 
55523, 1, 1 
44113, 1, 1 
22330, 1, 1 
39568, 1, 1 
38629, 1, 1 
53001, 1, 1 
13201, 1, 1 
38463, 1, 1 
18176, 1, 1 
39905, 1, 1 
26476, 1, 1 
53577, 1, 1 
9975, 1, 1 
8615, 1, 1 
26205, 1, 1 
9227, 1, 1 
17964, 1, 1 
3375, 1, 1 
7837, 1, 1 
12261, 1, 1 
22066, 1, 1 
33319, 1, 1 
51436, 1, 1 
59189, 1, 1 
7752, 1, 1 
224, 1, 1 
35360, 1, 1 
16914, 1, 1 
691, 1, 1 
14870, 1, 1 
7658, 1, 1 
43261, 1, 1 
59207, 1, 1 
54631, 1, 1 
15473, 1, 1 
53361, 1, 1 
7496, 1, 1 
33706, 1, 1 
54393, 1, 1 
25781, 1, 1 
16656, 1, 1 
29740, 1, 1 
43933, 1, 1 
51631, 1, 1 
37289, 1, 1 
34156, 1, 1 
53018, 1, 1 
29556, 1, 1 
5601, 1, 1 
25421, 1, 1 
25697, 1, 1 
26238, 1, 1 
19626, 1, 1 
19243, 1, 1 
21051, 1, 1 
55714, 1, 1 
36353, 1, 1 
10686, 1, 1 
15361, 1, 1 
3411, 1, 1 
44627, 1, 1 
24617, 1, 1 
28056, 1, 1 
3604, 1, 1 
36731, 1, 1 
48236, 1, 1 
21492, 1, 1 
58139, 1, 1 
5189, 1, 1 
34403, 1, 1 
6748, 1, 1 
8162, 1, 1 
44529, 1, 1 
59527, 1, 1 
24289, 1, 1 
37463, 1, 1 
25764, 1, 1 
40790, 1, 1 
17599, 1, 1 
12166, 1, 1 
49134, 1, 1 
13604, 1, 1 
58479, 1, 1 
25310, 1, 1 
47642, 1, 1 
28479, 1, 1 
15786, 1, 1 
16614, 1, 1 
31945, 1, 1 
9507, 1, 1 
39550, 1, 1 
54692, 1, 1 
57272, 1, 1 
17928, 1, 1 
2937, 1, 1 
4970, 1, 1 
54173, 1, 1 
9404, 1, 1 
55397, 1, 1 
44359, 1, 1 
22247, 1, 1 
13272, 1, 1 
45650, 1, 1 
11558, 1, 1 
50264, 1, 1 
50608, 1, 1 
35862, 1, 1 
49380, 1, 1 
39546, 1, 1 
23333, 1, 1 
50914, 1, 1 
17438, 1, 1 
26310, 1, 1 
29939, 1, 1 
18179, 1, 1 
49600, 1, 1 
15002, 1, 1 
7876, 1, 1 
31529, 1, 1 
49118, 1, 1 
12929, 1, 1 
315, 1, 1 
8063, 1, 1 
12807, 1, 1 
54775, 1, 1 
2426, 1, 1 
35856, 1, 1 
28387, 1, 1 
41332, 1, 1 
13733, 1, 1 
13788, 1, 1 
14079, 1, 1 
15439, 1, 1 
40819, 1, 1 
38666, 1, 1 
19850, 1, 1 
33684, 1, 1 
48510, 1, 1 
56960, 1, 1 
14346, 1, 1 
18053, 1, 1 
37116, 1, 1 
6209, 1, 1 
6925, 1, 1 
47644, 1, 1 
49667, 1, 1 
20787, 1, 1 
58985, 1, 1 
47224, 1, 1 
46225, 1, 1 
6122, 1, 1 
42486, 1, 1 
16362, 1, 1 
11868, 1, 1 
33374, 1, 1 
10565, 1, 1 
22794, 1, 1 
1132, 1, 1 
38545, 1, 1 
51188, 1, 1 
48303, 1, 1 
9525, 1, 1 
26789, 1, 1 
13297, 1, 1 
44569, 1, 1 
25549, 1, 1 
21991, 1, 1 
16789, 1, 1 
7469, 1, 1 
10907, 1, 1 
9755, 1, 1 
43389, 1, 1 
12930, 1, 1 
41816, 1, 1 
17090, 1, 1 
53177, 1, 1 
17337, 1, 1 
39716, 1, 1 
41514, 1, 1 
53823, 1, 1 
23559, 1, 1 
711, 1, 1 
4435, 1, 1 
52780, 1, 1 
23511, 1, 1 
16267, 1, 1 
17847, 1, 1 
21942, 1, 1 
27737, 1, 1 
43480, 1, 1 
47108, 1, 1 
56980, 1, 1 
14685, 1, 1 
53140, 1, 1 
22621, 1, 1 
51739, 1, 1 
14371, 1, 1 
54947, 1, 1 
44473, 1, 1 
40537, 1, 1 
49796, 1, 1 
53871, 1, 1 
48793, 1, 1 
55963, 1, 1 
44935, 1, 1 
17618, 1, 1 
14724, 1, 1 
54579, 1, 1 
47527, 1, 1 
14000, 1, 1 
40918, 1, 1 
38317, 1, 1 
59373, 1, 1 
49145, 1, 1 
58926, 1, 1 
2866, 2, 2 
41469, 2, 2 
52796, 2, 2 
26800, 2, 2 
37588, 2, 2 
46543, 2, 2 
19569, 2, 2 
6391, 2, 2 
55789, 2, 2 
14081, 2, 2 
6944, 2, 2 
39561, 2, 2 
53644, 2, 2 
32590, 2, 2 
51869, 2, 2 
13645, 2, 2 
50933, 2, 2 
23018, 2, 2 
16047, 2, 1 
35031, 2, 2 
45268, 2, 2 
48231, 2, 2 
15263, 2, 2 
50773, 2, 2 
52370, 2, 2 
28631, 2, 2 
11081, 2, 2 
57520, 2, 2 
27548, 2, 2 
50028, 2, 2 
31024, 2, 2 
43391, 2, 2 
40289, 2, 2 
54355, 2, 2 
41861, 2, 2 
42522, 2, 2 
8611, 2, 2 
17520, 2, 2 
48991, 2, 2 
5952, 2, 2 
25089, 2, 2 
21274, 2, 2 
54220, 2, 2 
24751, 2, 2 
27258, 2, 2 
42188, 2, 2 
46690, 2, 2 
56819, 2, 2 
28077, 2, 2 
13086, 2, 2 
11084, 2, 2 
2010, 2, 2 
9712, 2, 2 
2840, 2, 2 
44549, 2, 2 
32981, 2, 2 
42842, 2, 2 
4914, 2, 2 
4371, 2, 2 
1330, 2, 2 
44021, 2, 2 
43988, 2, 2 
385, 2, 2 
3244, 2, 2 
24968, 2, 2 
57694, 2, 2 
22945, 2, 2 
31454, 2, 2 
17945, 2, 2 
50901, 2, 2 
35872, 2, 2 
2065, 2, 2 
45543, 2, 2 
18803, 2, 2 
32845, 2, 2 
5733, 2, 2 
50457, 2, 2 
35161, 2, 2 
11841, 2, 2 
13370, 2, 2 
37063, 2, 2 
47460, 2, 2 
28786, 2, 2 
6126, 2, 2 
20021, 2, 2 
18585, 2, 2 
10476, 2, 2 
41821, 2, 2 
1199, 2, 2 
51241, 2, 2 
33716, 2, 2 
33951, 2, 2 
47467, 2, 2 
48118, 2, 2 
47246, 2, 2 
19391, 2, 2 
6547, 2, 2 
14139, 2, 2 
58831, 2, 2 
56514, 2, 2 
49625, 2, 2 
32797, 2, 2 
4182, 2, 2 
29770, 2, 2 
48640, 2, 2 
51835, 2, 2 
8966, 2, 7 
2510, 2, 2 
59076, 2, 2 
4935, 2, 2 
38127, 2, 2 
9135, 2, 2 
5095, 2, 2 
7554, 2, 2 
35679, 2, 2 
43768, 2, 2 
25238, 2, 2 
29667, 2, 2 
11896, 2, 2 
48757, 2, 2 
25691, 2, 2 
8573, 2, 2 
15966, 2, 2 
41112, 2, 2 
3672, 2, 2 
40863, 2, 2 
51357, 2, 2 
19654, 2, 2 
58585, 2, 2 
29064, 2, 2 
30078, 2, 2 
46835, 2, 2 
50814, 2, 2 
38143, 2, 2 
26355, 2, 2 
12196, 2, 2 
16140, 2, 2 
25663, 2, 2 
56643, 2, 2 
9266, 2, 2 
37918, 2, 2 
1140, 2, 2 
5094, 2, 2 
1397, 2, 2 
40988, 2, 2 
57007, 2, 2 
1602, 2, 2 
51151, 2, 2 
58670, 2, 2 
18260, 2, 2 
39284, 2, 2 
54978, 2, 2 
56120, 2, 2 
13121, 2, 2 
48129, 2, 2 
24406, 2, 2 
40853, 2, 2 
56508, 2, 2 
21502, 2, 2 
21493, 2, 2 
32872, 2, 2 
4442, 2, 2 
59555, 2, 2 
41438, 2, 2 
23705, 2, 2 
40027, 2, 2 
7140, 2, 2 
52582, 2, 2 
29334, 2, 2 
25138, 2, 2 
59499, 2, 2 
55508, 2, 2 
22010, 2, 2 
20831, 2, 2 
18117, 2, 2 
21207, 2, 2 
51658, 2, 2 
40279, 2, 2 
47499, 2, 2 
47945, 2, 2 
20612, 2, 2 
17880, 2, 2 
15751, 2, 2 
35216, 2, 2 
5436, 2, 2 
58538, 2, 2 
50748, 2, 2 
15272, 2, 2 
12621, 2, 2 
27700, 2, 2 
45672, 2, 2 
16289, 2, 2 
20247, 2, 2 
44758, 2, 2 
51418, 2, 2 
5318, 2, 2 
57398, 2, 2 
8212, 2, 2 
22184, 2, 2 
53608, 2, 2 
59556, 2, 2 
28879, 2, 2 
13535, 2, 2 
9318, 2, 2 
45867, 2, 2 
37942, 2, 2 
35690, 2, 2 
28686, 2, 2 
50105, 2, 2 
3890, 2, 2 
42278, 2, 2 
56222, 2, 2 
5744, 2, 2 
10403, 2, 2 
16729, 2, 2 
45906, 2, 2 
57999, 2, 2 
33672, 2, 2 
6249, 2, 2 
54075, 2, 2 
45763, 2, 2 
46912, 2, 2 
32035, 2, 2 
39582, 2, 2 
2053, 2, 2 
22139, 2, 2 
38024, 2, 2 
42958, 2, 2 
55969, 2, 2 
5845, 2, 2 
7486, 2, 2 
37151, 2, 2 
51786, 2, 2 
1629, 2, 2 
27844, 2, 2 
17188, 2, 2 
29594, 2, 2 
46056, 2, 2 
53366, 2, 2 
18643, 2, 2 
7207, 2, 2 
25939, 2, 2 
15680, 2, 2 
52975, 2, 2 
6138, 2, 2 
2979, 2, 2 
14694, 2, 2 
11458, 2, 2 
34718, 2, 2 
56100, 2, 2 
15039, 2, 2 
40221, 2, 2 
12854, 2, 2 
37580, 2, 2 
27761, 2, 2 
31133, 2, 2 
52403, 2, 2 
34559, 2, 2 
23894, 2, 2 
45638, 2, 2 
32008, 2, 2 
1531, 2, 2 
26461, 2, 2 
46546, 2, 2 
44475, 2, 2 
16361, 2, 2 
8403, 2, 2 
4322, 2, 1 
59797, 2, 2 
48748, 2, 2 
20526, 2, 2 
14838, 2, 2 
4687, 2, 2 
3274, 2, 2 
35901, 2, 2 
33060, 2, 2 
7790, 2, 2 
360, 2, 2 
27150, 2, 2 
14264, 2, 2 
55033, 2, 2 
29698, 2, 2 
46197, 2, 2 
12366, 2, 2 
50953, 2, 2 
36543, 2, 2 
49074, 2, 2 
10081, 2, 2 
46214, 2, 2 
57338, 2, 2 
7353, 2, 2 
14653, 2, 2 
34228, 2, 2 
16744, 2, 2 
308, 2, 2 
32155, 2, 2 
40566, 2, 2 
54325, 2, 2 
41216, 2, 2 
49873, 2, 2 
2409, 2, 2 
40360, 2, 2 
2389, 2, 2 
40206, 2, 2 
26434, 2, 2 
42916, 2, 2 
40420, 2, 2 
3564, 2, 2 
30663, 2, 2 
17080, 2, 2 
5, 2, 2 
25185, 2, 2 
23138, 2, 1 
20441, 2, 2 
43851, 2, 2 
40812, 2, 2 
9668, 2, 2 
49247, 2, 2 
42068, 2, 2 
27229, 2, 2 
17089, 2, 2 
12015, 2, 2 
37172, 2, 2 
24491, 2, 2 
58063, 2, 2 
53056, 2, 2 
37187, 2, 2 
28672, 2, 2 
29425, 2, 2 
47199, 2, 2 
30094, 2, 2 
35850, 2, 2 
18634, 2, 2 
12286, 2, 2 
40740, 2, 2 
2305, 2, 2 
22278, 2, 2 
33807, 2, 2 
35110, 2, 2 
24665, 2, 2 
32280, 2, 2 
32545, 2, 2 
26613, 2, 2 
22269, 2, 2 
13694, 2, 2 
37320, 2, 2 
35653, 2, 2 
1134, 2, 2 
7960, 2, 2 
17272, 2, 2 
16916, 2, 2 
31354, 2, 2 
26237, 2, 2 
49231, 2, 2 
4185, 2, 2 
8972, 2, 2 
59833, 2, 2 
5659, 2, 2 
35106, 2, 2 
11106, 2, 2 
1679, 2, 2 
57439, 2, 2 
54737, 2, 2 
10680, 2, 2 
4144, 2, 2 
15434, 2, 2 
14847, 2, 2 
213, 2, 2 
10082, 2, 2 
14763, 2, 2 
53835, 2, 2 
39042, 2, 2 
21330, 2, 2 
57752, 2, 2 
1074, 2, 2 
44395, 2, 2 
15679, 2, 2 
36718, 2, 2 
6386, 2, 2 
46011, 2, 2 
34864, 2, 2 
32792, 2, 2 
3077, 2, 2 
29646, 2, 2 
57871, 2, 2 
12679, 2, 8 
42683, 2, 2 
49474, 2, 2 
49907, 2, 2 
23721, 2, 2 
56583, 2, 2 
18341, 2, 2 
27787, 2, 2 
26595, 2, 2 
28135, 2, 2 
48107, 2, 2 
20493, 2, 2 
52801, 2, 2 
14112, 2, 2 
5914, 2, 2 
45453, 2, 2 
29219, 2, 2 
26669, 2, 2 
161, 2, 2 
47012, 2, 6 
46619, 2, 2 
1923, 2, 2 
26922, 2, 2 
2851, 2, 2 
25150, 2, 2 
25658, 2, 2 
48147, 2, 2 
11552, 2, 2 
5357, 2, 2 
52153, 2, 2 
44978, 2, 2 
54299, 2, 2 
25289, 2, 2 
18943, 2, 2 
29240, 2, 2 
37427, 2, 2 
5216, 2, 2 
32243, 2, 2 
24881, 2, 2 
18290, 2, 2 
13953, 2, 2 
3200, 2, 2 
40967, 2, 2 
42142, 2, 2 
15829, 2, 2 
59667, 2, 2 
2517, 2, 2 
12161, 2, 2 
43436, 2, 2 
38770, 2, 2 
28335, 2, 2 
27874, 2, 2 
39470, 2, 2 
55137, 2, 2 
24591, 2, 2 
34214, 2, 2 
41451, 2, 2 
38862, 2, 2 
56762, 2, 2 
24844, 2, 2 
35220, 2, 2 
18198, 2, 2 
49409, 2, 2 
48926, 2, 2 
51262, 2, 2 
37526, 2, 2 
15475, 2, 2 
18684, 2, 1 
28839, 2, 2 
56993, 2, 2 
24462, 2, 2 
10130, 2, 2 
7395, 2, 2 
14596, 2, 2 
50722, 2, 2 
11795, 2, 2 
34253, 2, 2 
51238, 2, 2 
52550, 2, 2 
28640, 2, 2 
31740, 2, 2 
10846, 2, 2 
39892, 2, 2 
42693, 2, 2 
11531, 2, 2 
59628, 2, 2 
53088, 2, 2 
50454, 2, 2 
29314, 2, 2 
30840, 2, 2 
29466, 2, 2 
54951, 2, 2 
5700, 2, 2 
36694, 2, 2 
41802, 2, 2 
58019, 2, 2 
43257, 2, 2 
20488, 2, 2 
47590, 2, 2 
35344, 2, 2 
11519, 2, 2 
34425, 2, 2 
47522, 2, 2 
120, 2, 2 
16948, 2, 2 
7369, 2, 2 
807, 2, 2 
12672, 2, 2 
56079, 2, 2 
8211, 2, 2 
844, 2, 2 
48933, 2, 2 
28324, 2, 2 
14373, 2, 2 
25020, 2, 2 
56615, 3, 3 
8541, 3, 3 
55249, 3, 3 
21102, 3, 3 
10605, 3, 3 
15769, 3, 9 
44231, 3, 3 
59046, 3, 3 
36242, 3, 3 
50885, 3, 3 
34293, 3, 3 
34092, 3, 3 
20800, 3, 3 
1675, 3, 3 
19708, 3, 3 
23663, 3, 3 
32610, 3, 3 
36206, 3, 3 
33316, 3, 3 
48859, 3, 3 
8936, 3, 3 
16732, 3, 3 
40384, 3, 3 
56849, 3, 3 
26561, 3, 3 
50982, 3, 5 
18453, 3, 3 
12967, 3, 2 
2803, 3, 6 
22172, 3, 3 
27316, 3, 3 
43482, 3, 3 
39619, 3, 3 
58183, 3, 3 
19866, 3, 0 
16569, 3, 8 
54972, 3, 3 
46918, 3, 3 
6069, 3, 3 
1921, 3, 3 
54201, 3, 3 
6543, 3, 3 
13225, 3, 3 
44004, 3, 3 
24358, 3, 3 
34802, 3, 7 
59798, 3, 3 
24528, 3, 3 
39366, 3, 3 
43644, 3, 3 
22374, 3, 3 
56524, 3, 3 
5748, 3, 3 
49809, 3, 3 
5270, 3, 3 
28303, 3, 3 
28171, 3, 3 
31664, 3, 1 
51759, 3, 8 
4510, 3, 8 
42434, 3, 7 
37860, 3, 3 
38970, 3, 3 
52272, 3, 3 
21320, 3, 3 
26732, 3, 3 
18802, 3, 3 
58667, 3, 3 
5871, 3, 3 
18039, 3, 3 
27478, 3, 3 
53609, 3, 3 
38670, 3, 3 
4674, 3, 3 
55592, 3, 3 
4068, 3, 3 
875, 3, 3 
32730, 3, 3 
51421, 3, 3 
46241, 3, 3 
5922, 3, 3 
28418, 3, 3 
52281, 3, 3 
14080, 3, 3 
48930, 3, 9 
53514, 3, 3 
16529, 3, 3 
48732, 3, 3 
2788, 3, 3 
49222, 3, 3 
50300, 3, 3 
50915, 3, 3 
56738, 3, 3 
18380, 3, 3 
6182, 3, 3 
27095, 3, 3 
1469, 3, 3 
7147, 3, 3 
43280, 3, 3 
38593, 3, 3 
34660, 3, 1 
45407, 3, 3 
11756, 3, 3 
2871, 3, 3 
22567, 3, 3 
966, 3, 3 
57750, 3, 3 
39704, 3, 3 
32975, 3, 3 
26014, 3, 3 
16708, 3, 3 
30571, 3, 3 
38714, 3, 3 
24028, 3, 3 
24042, 3, 3 
3754, 3, 3 
20833, 3, 3 
55440, 3, 3 
30642, 3, 3 
45275, 3, 3 
2834, 3, 3 
1836, 3, 3 
26715, 3, 3 
51222, 3, 3 
47311, 3, 3 
5858, 3, 3 
1935, 3, 3 
30974, 3, 3 
59818, 3, 3 
9059, 3, 3 
44020, 3, 3 
59350, 3, 3 
54859, 3, 3 
37555, 3, 3 
7288, 3, 3 
86, 3, 3 
32539, 3, 3 
5621, 3, 3 
18044, 3, 3 
1594, 3, 3 
14383, 3, 3 
29521, 3, 3 
39595, 3, 3 
53995, 3, 3 
7521, 3, 3 
25231, 3, 3 
53223, 3, 3 
21228, 3, 3 
1698, 3, 3 
8018, 3, 3 
52939, 3, 3 
57974, 3, 3 
14401, 3, 3 
29013, 3, 3 
2915, 3, 3 
12, 3, 3 
31680, 3, 3 
48965, 3, 3 
32588, 3, 3 
44477, 3, 3 
57983, 3, 3 
44671, 3, 3 
42605, 3, 3 
13285, 3, 3 
30915, 3, 3 
17330, 3, 3 
24667, 3, 3 
56925, 3, 3 
37244, 3, 3 
38129, 3, 3 
7767, 3, 5 
12346, 3, 3 
43730, 3, 3 
41590, 3, 3 
59886, 3, 3 
34815, 3, 3 
7613, 3, 3 
1941, 3, 3 
27870, 3, 3 
49560, 3, 3 
24414, 3, 3 
40619, 3, 3 
46652, 3, 3 
37186, 3, 3 
1428, 3, 3 
45217, 3, 3 
6118, 3, 3 
20797, 3, 3 
34788, 3, 3 
40480, 3, 3 
9663, 3, 3 
54867, 3, 3 
47280, 3, 3 
32505, 3, 3 
50728, 3, 3 
47913, 3, 3 
38797, 3, 3 
24575, 3, 3 
4735, 3, 3 
12148, 3, 3 
56565, 3, 3 
45836, 3, 3 
32209, 3, 3 
3812, 3, 3 
13937, 3, 3 
23812, 3, 8 
58760, 3, 3 
21689, 3, 3 
13293, 3, 3 
25210, 3, 8 
49286, 3, 3 
12080, 3, 3 
27835, 3, 3 
56136, 3, 3 
44051, 3, 3 
49431, 3, 3 
40109, 3, 3 
11958, 3, 3 
32664, 3, 3 
18299, 3, 3 
2098, 3, 7 
44873, 3, 3 
31108, 3, 3 
18847, 3, 3 
37821, 3, 3 
10696, 3, 3 
17790, 3, 3 
12326, 3, 3 
6594, 3, 3 
49018, 3, 3 
2339, 3, 3 
19337, 3, 3 
19438, 3, 3 
41123, 3, 3 
58931, 3, 3 
47123, 3, 3 
31913, 3, 3 
45619, 3, 3 
1201, 3, 8 
42391, 3, 3 
39327, 3, 7 
2456, 3, 3 
8241, 3, 3 
37625, 3, 3 
29266, 3, 3 
53241, 3, 3 
16530, 3, 8 
35870, 3, 3 
36078, 3, 3 
39285, 3, 3 
14552, 3, 3 
13516, 3, 3 
874, 3, 3 
998, 3, 3 
32434, 3, 3 
17588, 3, 3 
27172, 3, 1 
26542, 3, 3 
2981, 3, 3 
15762, 3, 3 
40892, 3, 3 
49926, 3, 3 
36707, 3, 3 
29653, 3, 3 
24965, 3, 3 
12100, 3, 3 
31311, 3, 3 
21607, 3, 3 
5497, 3, 3 
486, 3, 3 
19016, 3, 3 
8120, 3, 3 
1799, 3, 3 
10760, 3, 3 
57278, 3, 3 
10125, 3, 3 
1144, 3, 3 
11788, 3, 3 
41513, 3, 3 
58324, 3, 3 
17467, 3, 3 
6750, 3, 3 
16177, 3, 3 
18727, 3, 3 
28265, 3, 3 
18240, 3, 3 
4966, 3, 3 
5148, 3, 9 
59699, 3, 3 
44456, 3, 2 
20728, 3, 3 
6059, 3, 3 
9977, 3, 3 
54430, 3, 3 
32137, 3, 3 
13417, 3, 3 
20939, 3, 3 
4808, 3, 3 
49080, 3, 3 
51245, 3, 3 
55383, 3, 3 
30265, 3, 3 
24336, 3, 3 
8475, 3, 3 
25768, 3, 3 
18735, 3, 3 
44510, 3, 3 
54782, 3, 0 
29398, 3, 3 
56006, 3, 3 
42755, 3, 3 
48482, 3, 3 
52940, 3, 3 
57522, 3, 3 
41822, 3, 3 
18805, 3, 3 
811, 3, 3 
21415, 3, 3 
38529, 3, 3 
15572, 3, 3 
3491, 3, 3 
29875, 3, 1 
27573, 3, 3 
26267, 3, 3 
9192, 3, 3 
56457, 3, 3 
57474, 3, 3 
49156, 3, 3 
59471, 3, 3 
42355, 3, 3 
11755, 3, 3 
56528, 3, 3 
14863, 3, 3 
58855, 3, 3 
29641, 3, 3 
3606, 3, 3 
8597, 3, 3 
36835, 3, 3 
55028, 3, 9 
40789, 3, 3 
13615, 3, 3 
24145, 3, 3 
25896, 3, 3 
49791, 3, 3 
32339, 3, 3 
21284, 3, 3 
57856, 3, 3 
23022, 3, 3 
48901, 3, 3 
46409, 3, 3 
33828, 3, 3 
55198, 3, 3 
25191, 3, 3 
15842, 3, 9 
14262, 3, 3 
21250, 3, 3 
56475, 3, 3 
1872, 3, 3 
46506, 3, 3 
17676, 3, 3 
37700, 3, 3 
54191, 3, 2 
29765, 3, 8 
23482, 3, 3 
7672, 3, 3 
17320, 3, 3 
59137, 3, 3 
41378, 3, 3 
36324, 3, 3 
55858, 3, 3 
25688, 3, 3 
55548, 3, 3 
20080, 3, 3 
57941, 3, 3 
7982, 3, 3 
21893, 3, 3 
1436, 3, 3 
57909, 3, 3 
58758, 3, 3 
24787, 3, 3 
12981, 3, 3 
5160, 3, 3 
27866, 3, 3 
24867, 3, 3 
40550, 3, 3 
9670, 3, 3 
52747, 3, 3 
45436, 3, 3 
56265, 3, 3 
20708, 3, 3 
10876, 3, 3 
36132, 3, 3 
6071, 3, 3 
55962, 3, 3 
41776, 3, 3 
2820, 3, 3 
43747, 3, 3 
1809, 3, 3 
37578, 3, 3 
46854, 3, 3 
4369, 3, 3 
47975, 3, 3 
29642, 3, 3 
38245, 3, 3 
56207, 3, 3 
9427, 3, 3 
34203, 3, 3 
53358, 3, 3 
48179, 3, 3 
15472, 3, 3 
33000, 3, 3 
28561, 3, 3 
857, 3, 3 
7878, 3, 3 
6427, 3, 3 
48626, 3, 3 
16811, 3, 3 
59961, 3, 3 
9529, 3, 3 
6844, 3, 5 
33970, 3, 3 
5573, 3, 3 
49378, 3, 3 
23879, 3, 3 
26311, 3, 3 
55151, 3, 3 
13202, 3, 3 
37569, 3, 3 
13317, 3, 3 
35944, 3, 3 
3713, 3, 3 
31428, 3, 9 
46555, 3, 3 
22999, 3, 3 
46070, 3, 5 
54603, 3, 3 
56927, 3, 3 
2021, 3, 3 
57568, 3, 3 
28916, 3, 3 
7675, 3, 3 
59778, 3, 3 
21596, 3, 3 
53474, 3, 3 
16510, 3, 3 
25311, 3, 3 
46157, 3, 3 
34085, 3, 3 
2726, 3, 3 
37209, 3, 3 
19834, 3, 3 
43762, 3, 3 
57492, 3, 3 
27140, 3, 3 
46406, 3, 3 
35058, 3, 3 
10074, 3, 3 
24789, 3, 3 
37362, 3, 3 
19114, 3, 3 
6410, 3, 3 
55432, 3, 3 
37855, 3, 3 
56966, 3, 3 
38086, 3, 3 
25032, 3, 3 
10329, 3, 3 
3793, 3, 3 
6216, 3, 3 
37422, 3, 3 
12879, 3, 3 
20003, 3, 3 
20631, 3, 3 
8065, 3, 3 
38653, 3, 3 
42931, 3, 3 
14025, 3, 3 
35511, 3, 3 
55190, 3, 3 
26651, 3, 3 
38399, 3, 3 
17148, 3, 3 
25645, 3, 3 
25373, 3, 3 
40051, 3, 3 
31719, 3, 3 
18939, 3, 3 
1588, 3, 3 
7295, 3, 3 
49324, 3, 3 
15857, 3, 3 
54516, 3, 3 
23144, 3, 3 
43492, 3, 3 
40739, 3, 3 
49157, 3, 3 
21812, 3, 3 
16945, 3, 3 
33908, 3, 3 
8350, 3, 3 
34275, 4, 4 
41864, 4, 4 
24295, 4, 4 
31776, 4, 4 
13727, 4, 4 
19672, 4, 4 
30658, 4, 4 
22285, 4, 4 
28948, 4, 4 
59321, 4, 1 
13852, 4, 4 
38336, 4, 4 
8006, 4, 4 
21448, 4, 4 
7100, 4, 4 
13183, 4, 4 
46734, 4, 4 
34281, 4, 4 
17891, 4, 4 
14397, 4, 4 
42382, 4, 4 
36706, 4, 4 
32172, 4, 4 
56808, 4, 4 
7779, 4, 4 
13553, 4, 4 
54729, 4, 4 
24642, 4, 4 
40460, 4, 4 
35946, 4, 4 
25644, 4, 4 
329, 4, 4 
52852, 4, 4 
33306, 4, 4 
37687, 4, 4 
18185, 4, 4 
6996, 4, 4 
26588, 4, 4 
28500, 4, 4 
26367, 4, 4 
31543, 4, 4 
20711, 4, 4 
42536, 4, 4 
16578, 4, 4 
9626, 4, 4 
12472, 4, 4 
10937, 4, 4 
10133, 4, 4 
11124, 4, 4 
58047, 4, 4 
24648, 4, 4 
30121, 4, 4 
7343, 4, 4 
1094, 4, 4 
29692, 4, 4 
54422, 4, 4 
19831, 4, 4 
55421, 4, 4 
37264, 4, 4 
39110, 4, 4 
27955, 4, 4 
22480, 4, 4 
48890, 4, 6 
51453, 4, 4 
18831, 4, 4 
50616, 4, 4 
35003, 4, 4 
8755, 4, 4 
23692, 4, 4 
19522, 4, 4 
16738, 4, 4 
2859, 4, 4 
34346, 4, 4 
23896, 4, 4 
21134, 4, 1 
14193, 4, 4 
27694, 4, 4 
51693, 4, 4 
43026, 4, 4 
380, 4, 4 
18961, 4, 4 
32125, 4, 4 
56596, 4, 4 
5195, 4, 4 
38855, 4, 4 
39809, 4, 4 
51049, 4, 4 
41870, 4, 4 
58018, 4, 4 
34035, 4, 4 
52663, 4, 4 
22071, 4, 4 
24391, 4, 4 
11184, 4, 4 
52140, 4, 4 
33125, 4, 4 
48067, 4, 4 
16009, 4, 4 
2407, 4, 4 
16601, 4, 4 
50466, 4, 4 
14592, 4, 4 
23269, 4, 4 
44352, 4, 4 
58049, 4, 4 
36597, 4, 4 
38301, 4, 4 
23326, 4, 4 
48522, 4, 4 
42272, 4, 4 
29523, 4, 4 
25194, 4, 4 
38011, 4, 4 
5623, 4, 4 
39058, 4, 4 
828, 4, 4 
21130, 4, 4 
2686, 4, 4 
4707, 4, 4 
36419, 4, 4 
30283, 4, 4 
31750, 4, 4 
50606, 4, 4 
3631, 4, 4 
46415, 4, 4 
30888, 4, 4 
43068, 4, 4 
57524, 4, 4 
54637, 4, 4 
53912, 4, 4 
42750, 4, 4 
24719, 4, 4 
31583, 4, 4 
48496, 4, 4 
36226, 4, 4 
5450, 4, 4 
23648, 4, 4 
53974, 4, 4 
43732, 4, 4 
34185, 4, 4 
34290, 4, 4 
17444, 4, 4 
17215, 4, 4 
15426, 4, 4 
32112, 4, 1 
18807, 4, 4 
38822, 4, 4 
20183, 4, 4 
50916, 4, 4 
55577, 4, 4 
38370, 4, 1 
2236, 4, 4 
16450, 4, 4 
43150, 4, 4 
40163, 4, 4 
5835, 4, 4 
46993, 4, 4 
29744, 4, 4 
10964, 4, 4 
47299, 4, 4 
55736, 4, 4 
53363, 4, 4 
46533, 4, 4 
23150, 4, 4 
33551, 4, 4 
15551, 4, 4 
33127, 4, 4 
58463, 4, 4 
34144, 4, 4 
18601, 4, 4 
15347, 4, 4 
49861, 4, 4 
43219, 4, 4 
37793, 4, 4 
53458, 4, 4 
5217, 4, 4 
54171, 4, 4 
43009, 4, 4 
43612, 4, 4 
58269, 4, 4 
54814, 4, 4 
59261, 4, 4 
59335, 4, 4 
33991, 4, 4 
47198, 4, 4 
53205, 4, 4 
41865, 4, 4 
53873, 4, 4 
26869, 4, 4 
31984, 4, 4 
2169, 4, 4 
17633, 4, 4 
18000, 4, 4 
23096, 4, 4 
37794, 4, 4 
24977, 4, 4 
18245, 4, 4 
1196, 4, 4 
56281, 4, 4 
5180, 4, 4 
32556, 4, 4 
21746, 4, 4 
50182, 4, 4 
55423, 4, 4 
29538, 4, 4 
59690, 4, 4 
16434, 4, 4 
33165, 4, 4 
27538, 4, 4 
19161, 4, 4 
37087, 4, 4 
12034, 4, 4 
14496, 4, 4 
12055, 4, 4 
10829, 4, 4 
20197, 4, 4 
2089, 4, 4 
12279, 4, 4 
58980, 4, 4 
38262, 4, 4 
23992, 4, 4 
19657, 4, 4 
20650, 4, 4 
58986, 4, 4 
27055, 4, 4 
39101, 4, 4 
13850, 4, 4 
20851, 4, 4 
2922, 4, 4 
38716, 4, 4 
38496, 4, 4 
35425, 4, 4 
35442, 4, 4 
14349, 4, 4 
55340, 4, 1 
12726, 4, 4 
13471, 4, 4 
19138, 4, 4 
9920, 4, 4 
50636, 4, 4 
44459, 4, 4 
28442, 4, 4 
43954, 4, 4 
43375, 4, 4 
47109, 4, 4 
17020, 4, 4 
131, 4, 4 
21822, 4, 4 
6120, 4, 4 
9595, 4, 4 
576, 4, 4 
52704, 4, 4 
36596, 4, 4 
57747, 4, 4 
39866, 4, 4 
51722, 4, 4 
49733, 4, 4 
36097, 4, 4 
41774, 4, 4 
32487, 4, 4 
49994, 4, 4 
34611, 4, 4 
59522, 4, 4 
45252, 4, 4 
13363, 4, 4 
41691, 4, 4 
21619, 4, 4 
1380, 4, 4 
53300, 4, 4 
42616, 4, 4 
58364, 4, 4 
4473, 4, 4 
6454, 4, 4 
23714, 4, 4 
32772, 4, 4 
7299, 4, 4 
34348, 4, 4 
3334, 4, 4 
12322, 4, 4 
49423, 4, 4 
3352, 4, 4 
33747, 4, 4 
25887, 4, 4 
17325, 4, 4 
32124, 4, 4 
52158, 4, 4 
36346, 4, 4 
2560, 4, 4 
41576, 4, 4 
56302, 4, 4 
26808, 4, 4 
45064, 4, 4 
44685, 4, 4 
4169, 4, 4 
11073, 4, 4 
37505, 4, 4 
27129, 4, 4 
12267, 4, 4 
57844, 4, 4 
28121, 4, 4 
9547, 4, 4 
52876, 4, 4 
23881, 4, 4 
45213, 4, 4 
13252, 4, 4 
24334, 4, 4 
53109, 4, 4 
35362, 4, 4 
47068, 4, 4 
10618, 4, 4 
32308, 4, 4 
5891, 4, 4 
3946, 4, 4 
54419, 4, 4 
34781, 4, 4 
51820, 4, 4 
59716, 4, 4 
59413, 4, 4 
14176, 4, 4 
31965, 4, 4 
22472, 4, 4 
32524, 4, 4 
48764, 4, 4 
42263, 4, 4 
48520, 4, 4 
22865, 4, 4 
15931, 4, 4 
40363, 4, 4 
58225, 4, 4 
44584, 4, 4 
38052, 4, 4 
30876, 4, 4 
13418, 4, 4 
27398, 4, 4 
52308, 4, 4 
49382, 4, 4 
33106, 4, 4 
51600, 4, 4 
10391, 4, 4 
23121, 4, 4 
29922, 4, 4 
1149, 4, 4 
41977, 4, 4 
25234, 4, 4 
35324, 4, 4 
19697, 4, 4 
51791, 4, 4 
39435, 4, 4 
12098, 4, 4 
14616, 4, 4 
52112, 4, 4 
3862, 4, 4 
50846, 4, 4 
56997, 4, 4 
15563, 4, 4 
15719, 4, 4 
16438, 4, 4 
40234, 4, 4 
8973, 4, 4 
57208, 4, 4 
5122, 4, 4 
42425, 4, 4 
43228, 4, 4 
26450, 4, 4 
37799, 4, 4 
24874, 4, 4 
59268, 4, 4 
58984, 4, 4 
51309, 4, 4 
21858, 4, 4 
10216, 4, 4 
33346, 4, 4 
31246, 4, 4 
37712, 4, 4 
10033, 4, 4 
22064, 4, 4 
42547, 4, 4 
14175, 4, 4 
19789, 4, 4 
53898, 4, 4 
52909, 4, 4 
46728, 4, 4 
13848, 4, 4 
39844, 4, 4 
35304, 4, 4 
38717, 4, 4 
40450, 4, 4 
3503, 4, 4 
25419, 4, 4 
58947, 4, 4 
23615, 4, 4 
6218, 4, 4 
39590, 4, 4 
52572, 4, 4 
46472, 4, 4 
3315, 4, 4 
54264, 4, 1 
35879, 4, 4 
42742, 4, 4 
56797, 4, 4 
749, 4, 4 
166, 4, 4 
12870, 4, 4 
10634, 4, 4 
27335, 4, 4 
18398, 4, 4 
14769, 4, 4 
13009, 4, 4 
47318, 4, 4 
44110, 4, 4 
21828, 4, 4 
29418, 4, 4 
58555, 4, 4 
45318, 4, 4 
1812, 4, 4 
1565, 4, 4 
59491, 4, 4 
6890, 4, 4 
53760, 4, 4 
21792, 4, 4 
11145, 4, 4 
35258, 4, 4 
3239, 4, 4 
7248, 4, 4 
36502, 4, 4 
11627, 4, 4 
32657, 4, 4 
12786, 4, 4 
23664, 4, 4 
4178, 4, 4 
32384, 4, 4 
5032, 4, 4 
49146, 4, 4 
7083, 4, 4 
53850, 4, 4 
52873, 4, 4 
8534, 4, 4 
25334, 4, 4 
48596, 4, 4 
52200, 4, 4 
48172, 4, 4 
37884, 4, 4 
14156, 4, 4 
34988, 4, 4 
17067, 4, 4 
41722, 4, 4 
25653, 4, 4 
16214, 4, 4 
3138, 4, 4 
5982, 4, 4 
39812, 4, 4 
27365, 4, 4 
27352, 4, 4 
54718, 4, 4 
23197, 4, 4 
59543, 4, 4 
33561, 4, 4 
46112, 4, 4 
32164, 4, 4 
43983, 4, 4 
35931, 4, 4 
15981, 4, 4 
54582, 4, 4 
18496, 4, 4 
33204, 4, 4 
47750, 4, 4 
32027, 4, 4 
12915, 4, 4 
30927, 4, 4 
33726, 4, 4 
20118, 4, 4 
17749, 4, 4 
914, 4, 4 
41921, 4, 4 
46530, 4, 4 
3978, 4, 4 
18560, 4, 4 
5854, 4, 4 
4172, 4, 4 
43507, 4, 4 
16652, 4, 4 
11629, 4, 4 
53564, 4, 4 
5945, 4, 4 
15683, 4, 4 
26249, 4, 4 
3738, 4, 4 
36280, 4, 4 
11016, 4, 4 
8796, 4, 4 
9190, 4, 4 
26985, 4, 4 
32802, 4, 4 
13986, 4, 4 
49850, 4, 4 
32186, 4, 4 
29252, 4, 4 
11886, 4, 4 
55351, 4, 4 
40267, 4, 4 
55342, 5, 5 
17915, 5, 5 
44736, 5, 5 
37006, 5, 5 
14672, 5, 5 
24330, 5, 5 
45292, 5, 5 
45667, 5, 5 
57055, 5, 5 
20754, 5, 5 
19170, 5, 5 
38134, 5, 5 
16490, 5, 5 
53718, 5, 5 
28924, 5, 5 
38604, 5, 5 
20186, 5, 5 
46108, 5, 5 
57383, 5, 5 
56547, 5, 5 
25913, 5, 5 
6680, 5, 5 
12829, 5, 5 
10589, 5, 5 
44821, 5, 5 
23146, 5, 5 
49241, 5, 5 
19973, 5, 5 
50540, 5, 5 
9951, 5, 5 
38202, 5, 5 
34463, 5, 5 
46322, 5, 5 
29058, 5, 5 
31520, 5, 5 
6431, 5, 5 
19529, 5, 5 
43882, 5, 5 
26131, 5, 5 
23324, 5, 5 
32501, 5, 5 
45482, 5, 5 
27952, 5, 8 
55871, 5, 5 
28315, 5, 5 
48671, 5, 5 
22380, 5, 5 
54528, 5, 5 
43691, 5, 5 
59330, 5, 5 
10333, 5, 5 
54500, 5, 5 
28845, 5, 5 
40920, 5, 5 
52981, 5, 6 
47468, 5, 5 
59507, 5, 5 
22517, 5, 5 
26331, 5, 5 
48850, 5, 5 
1298, 5, 5 
9163, 5, 5 
43159, 5, 5 
25747, 5, 5 
56119, 5, 5 
42652, 5, 5 
29534, 5, 5 
26404, 5, 5 
25793, 5, 5 
2900, 5, 5 
4312, 5, 5 
50592, 5, 5 
26552, 5, 5 
16357, 5, 5 
53796, 5, 5 
53316, 5, 5 
27975, 5, 5 
1311, 5, 5 
48572, 5, 5 
29915, 5, 5 
16017, 5, 5 
18141, 5, 5 
26094, 5, 5 
21439, 5, 5 
37270, 5, 5 
26437, 5, 5 
6664, 5, 5 
48369, 5, 5 
46378, 5, 5 
37558, 5, 5 
44804, 5, 5 
36495, 5, 5 
12157, 5, 5 
14213, 5, 5 
23438, 5, 5 
9339, 5, 5 
33602, 5, 5 
36487, 5, 5 
51659, 5, 5 
33376, 5, 8 
20933, 5, 5 
45591, 5, 5 
37300, 5, 5 
43937, 5, 5 
25508, 5, 5 
12816, 5, 5 
41752, 5, 5 
40535, 5, 5 
39965, 5, 5 
40133, 5, 5 
55455, 5, 5 
5947, 5, 5 
13400, 5, 5 
47866, 5, 5 
49895, 5, 5 
31687, 5, 5 
39681, 5, 5 
59553, 5, 5 
21678, 5, 5 
8435, 5, 5 
15206, 5, 5 
19759, 5, 5 
19020, 5, 5 
54577, 5, 5 
52769, 5, 6 
45175, 5, 5 
24403, 5, 5 
21873, 5, 5 
49991, 5, 5 
39405, 5, 5 
42955, 5, 5 
58540, 5, 5 
9171, 5, 5 
22042, 5, 5 
14085, 5, 5 
52131, 5, 5 
54507, 5, 5 
8414, 5, 5 
14485, 5, 5 
9323, 5, 5 
284, 5, 5 
24173, 5, 5 
37557, 5, 5 
43591, 5, 5 
25466, 5, 5 
36544, 5, 5 
56036, 5, 5 
30081, 5, 5 
19089, 5, 5 
18248, 5, 5 
16633, 5, 5 
55453, 5, 5 
29787, 5, 5 
53063, 5, 6 
53822, 5, 5 
18018, 5, 5 
31302, 5, 5 
1996, 5, 5 
34817, 5, 5 
12818, 5, 5 
3118, 5, 5 
52491, 5, 5 
48985, 5, 5 
25886, 5, 5 
25440, 5, 5 
32987, 5, 5 
15969, 5, 5 
25936, 5, 5 
21914, 5, 5 
40869, 5, 5 
23455, 5, 5 
21455, 5, 5 
29157, 5, 5 
36341, 5, 5 
9367, 5, 5 
10661, 5, 5 
6655, 5, 5 
32566, 5, 5 
21927, 5, 5 
32570, 5, 5 
31944, 5, 5 
54781, 5, 5 
50766, 5, 5 
49470, 5, 5 
37717, 5, 5 
9160, 5, 5 
56249, 5, 5 
40189, 5, 5 
19920, 5, 5 
8023, 5, 5 
58877, 5, 5 
47319, 5, 5 
57793, 5, 5 
43837, 5, 5 
16698, 5, 5 
43206, 5, 5 
10162, 5, 5 
5403, 5, 5 
6188, 5, 5 
55894, 5, 5 
40868, 5, 5 
20530, 5, 5 
28148, 5, 5 
21583, 5, 5 
56063, 5, 5 
31982, 5, 5 
50395, 5, 5 
11115, 5, 5 
20200, 5, 5 
6180, 5, 5 
27403, 5, 5 
52792, 5, 5 
42747, 5, 5 
10353, 5, 5 
59576, 5, 5 
51444, 5, 5 
10749, 5, 5 
6984, 5, 5 
15742, 5, 5 
20325, 5, 5 
11359, 5, 5 
11136, 5, 5 
39910, 5, 5 
29410, 5, 5 
38414, 5, 5 
2544, 5, 5 
39700, 5, 5 
13070, 5, 5 
523, 5, 5 
44910, 5, 5 
12110, 5, 5 
39335, 5, 5 
49190, 5, 5 
14486, 5, 5 
35276, 5, 5 
48966, 5, 5 
7114, 5, 5 
15000, 5, 5 
41486, 5, 5 
27176, 5, 5 
58871, 5, 5 
30615, 5, 5 
24890, 5, 5 
2968, 5, 5 
59426, 5, 5 
59846, 5, 5 
26621, 5, 5 
17645, 5, 5 
46759, 5, 5 
8744, 5, 5 
22102, 5, 5 
138, 5, 5 
51137, 5, 5 
45101, 5, 5 
28952, 5, 5 
22193, 5, 5 
45432, 5, 5 
50071, 5, 5 
24068, 5, 5 
53978, 5, 5 
4309, 5, 5 
47414, 5, 5 
26134, 5, 5 
23783, 5, 5 
16586, 5, 5 
43066, 5, 5 
15685, 5, 5 
912, 5, 5 
54932, 5, 5 
14233, 5, 5 
653, 5, 5 
53054, 5, 5 
26856, 5, 5 
27263, 5, 5 
57330, 5, 5 
33013, 5, 5 
35207, 5, 5 
23385, 5, 5 
22647, 5, 5 
7302, 5, 5 
26432, 5, 5 
58957, 5, 5 
55060, 5, 5 
20479, 5, 5 
17436, 5, 5 
16038, 5, 5 
32001, 5, 5 
39436, 5, 5 
45344, 5, 5 
53120, 5, 5 
45534, 5, 5 
1340, 5, 5 
52122, 5, 5 
15571, 5, 5 
4617, 5, 5 
26913, 5, 5 
41867, 5, 5 
28679, 5, 5 
10244, 5, 5 
4529, 5, 5 
34391, 5, 5 
14933, 5, 5 
51551, 5, 5 
55261, 5, 5 
57821, 5, 5 
19797, 5, 5 
26517, 5, 5 
24402, 5, 5 
26034, 5, 5 
46544, 5, 5 
13863, 5, 5 
50497, 5, 5 
40959, 5, 5 
42756, 5, 5 
20718, 5, 5 
7639, 5, 5 
31252, 5, 5 
49536, 5, 5 
18446, 5, 5 
27079, 5, 5 
30371, 5, 5 
5742, 5, 5 
47444, 5, 5 
34005, 5, 5 
40623, 5, 5 
19083, 5, 5 
54902, 5, 5 
10665, 5, 5 
11889, 5, 5 
20793, 5, 5 
44293, 5, 5 
33200, 5, 5 
31086, 5, 5 
27002, 5, 5 
37551, 5, 5 
54744, 5, 5 
4820, 5, 5 
19870, 5, 5 
36309, 5, 5 
42572, 5, 5 
41370, 5, 5 
21810, 5, 5 
7154, 5, 5 
50322, 5, 5 
51775, 5, 5 
10226, 5, 5 
55878, 5, 5 
56663, 5, 5 
47846, 5, 5 
24908, 5, 5 
15661, 5, 5 
25832, 5, 5 
56990, 5, 5 
5939, 5, 5 
42110, 5, 5 
40640, 5, 5 
2080, 5, 5 
25678, 5, 6 
51339, 5, 5 
25711, 5, 5 
7998, 5, 5 
26363, 5, 5 
9770, 5, 5 
57293, 5, 5 
29076, 5, 5 
24252, 5, 5 
55572, 5, 5 
1382, 5, 5 
33674, 5, 5 
59502, 5, 5 
43459, 5, 5 
47251, 5, 5 
23514, 5, 5 
47543, 5, 5 
34858, 5, 5 
33603, 5, 5 
41673, 5, 5 
13457, 5, 5 
53638, 5, 8 
35567, 5, 5 
38240, 5, 5 
38295, 5, 5 
924, 5, 5 
41521, 5, 5 
55394, 5, 5 
42436, 5, 5 
5551, 5, 5 
3539, 5, 5 
22272, 5, 5 
13948, 5, 5 
31472, 5, 5 
21739, 5, 5 
37606, 5, 5 
16095, 5, 5 
12893, 5, 5 
4728, 5, 5 
41522, 5, 5 
51605, 5, 5 
17118, 5, 5 
11393, 5, 5 
1810, 5, 5 
42940, 5, 5 
45526, 5, 5 
9898, 5, 5 
10492, 5, 5 
11590, 5, 5 
36060, 5, 5 
53695, 5, 5 
29487, 5, 5 
31768, 5, 5 
22038, 5, 5 
10566, 5, 5 
38365, 5, 5 
964, 5, 5 
58824, 5, 5 
44152, 5, 5 
48623, 5, 5 
23200, 5, 5 
52399, 5, 5 
16347, 5, 5 
45393, 5, 5 
23733, 5, 5 
55800, 5, 5 
22396, 5, 5 
33866, 5, 5 
34274, 5, 5 
52717, 5, 5 
10954, 5, 5 
13305, 5, 5 
34187, 5, 5 
29781, 5, 5 
36361, 5, 5 
50919, 5, 5 
53590, 5, 5 
19719, 5, 5 
6504, 5, 5 
19430, 5, 5 
13862, 5, 5 
40353, 5, 5 
23668, 5, 5 
16980, 5, 5 
7659, 5, 5 
45155, 5, 5 
23633, 5, 5 
51050, 5, 5 
18005, 5, 5 
6276, 5, 5 
37850, 5, 5 
2861, 5, 5 
38726, 5, 5 
15855, 5, 5 
14806, 5, 5 
3216, 5, 5 
39689, 5, 5 
41798, 5, 5 
42359, 5, 5 
39253, 5, 5 
56982, 5, 5 
44738, 5, 5 
46941, 5, 5 
46829, 5, 5 
56938, 5, 5 
19717, 5, 5 
17224, 5, 5 
59091, 5, 5 
14483, 5, 5 
20109, 5, 5 
7989, 5, 5 
34438, 5, 5 
12039, 5, 5 
54053, 5, 5 
55212, 5, 5 
34115, 5, 5 
42267, 5, 5 
27699, 5, 5 
38564, 5, 5 
3634, 5, 5 
50939, 5, 5 
15676, 5, 5 
35172, 5, 5 
51972, 5, 5 
39015, 5, 5 
32614, 5, 5 
58908, 5, 5 
27996, 5, 5 
58655, 5, 5 
11260, 5, 5 
33928, 5, 8 
47348, 5, 5 
2549, 5, 5 
20881, 5, 5 
32511, 5, 5 
56433, 5, 5 
54151, 5, 5 
15362, 5, 5 
40032, 5, 5 
46693, 5, 5 
579, 5, 5 
50954, 5, 5 
45011, 5, 5 
8420, 6, 6 
42143, 6, 6 
15441, 6, 6 
46440, 6, 6 
43995, 6, 6 
23168, 6, 6 
22425, 6, 6 
32, 6, 6 
15314, 6, 6 
14804, 6, 6 
26931, 6, 6 
23850, 6, 6 
1389, 6, 6 
25489, 6, 6 
30289, 6, 6 
59470, 6, 6 
5910, 6, 6 
51310, 6, 6 
19134, 6, 6 
15478, 6, 6 
39430, 6, 6 
49930, 6, 6 
12114, 6, 6 
24905, 6, 6 
45241, 6, 6 
33397, 6, 6 
51159, 6, 6 
22851, 6, 6 
41086, 6, 6 
11964, 6, 6 
42843, 6, 6 
25665, 6, 6 
7562, 6, 6 
7273, 6, 6 
15188, 6, 6 
5466, 6, 6 
23699, 6, 6 
13468, 6, 6 
12393, 6, 6 
31907, 6, 6 
24201, 6, 6 
16667, 6, 6 
38379, 6, 6 
37535, 6, 6 
54662, 6, 6 
17728, 6, 6 
6635, 6, 6 
4560, 6, 6 
17796, 6, 6 
55738, 6, 6 
46109, 6, 6 
11117, 6, 6 
30466, 6, 6 
4431, 6, 6 
56641, 6, 6 
19277, 6, 6 
18459, 6, 6 
48219, 6, 6 
13686, 6, 6 
28281, 6, 6 
50146, 6, 6 
41500, 6, 6 
42027, 6, 6 
6670, 6, 6 
13306, 6, 6 
54591, 6, 6 
42305, 6, 6 
20136, 6, 6 
42685, 6, 6 
39180, 6, 6 
19617, 6, 6 
2656, 6, 6 
23489, 6, 6 
12959, 6, 6 
11731, 6, 6 
46043, 6, 6 
672, 6, 6 
44077, 6, 6 
18957, 6, 6 
46045, 6, 6 
8870, 6, 6 
18381, 6, 6 
36653, 6, 6 
11941, 6, 6 
23075, 6, 6 
48427, 6, 6 
32402, 6, 6 
30004, 6, 6 
30950, 6, 6 
26768, 6, 6 
51438, 6, 6 
8532, 6, 6 
25271, 6, 6 
16616, 6, 6 
32240, 6, 6 
23236, 6, 6 
16118, 6, 6 
39967, 6, 6 
45635, 6, 6 
34686, 6, 6 
16726, 6, 6 
1985, 6, 6 
2850, 6, 6 
9010, 6, 6 
41912, 6, 6 
17546, 6, 6 
47611, 6, 6 
41940, 6, 6 
42420, 6, 6 
40139, 6, 6 
12541, 6, 6 
58807, 6, 6 
19329, 6, 6 
47564, 6, 6 
25340, 6, 6 
33314, 6, 6 
20663, 6, 6 
30295, 6, 6 
43359, 6, 6 
2556, 6, 6 
23839, 6, 6 
39825, 6, 6 
40775, 6, 6 
26977, 6, 6 
31903, 6, 6 
8848, 6, 6 
16792, 6, 6 
34827, 6, 6 
6631, 6, 6 
39226, 6, 6 
16788, 6, 6 
13167, 6, 6 
52494, 6, 6 
49865, 6, 6 
45634, 6, 6 
22986, 6, 6 
3543, 6, 6 
38290, 6, 6 
11000, 6, 6 
11610, 6, 6 
8336, 6, 6 
57758, 6, 6 
16841, 6, 6 
45622, 6, 6 
31585, 6, 6 
39212, 6, 6 
90, 6, 6 
58329, 6, 6 
10032, 6, 6 
37028, 6, 6 
46715, 6, 6 
20272, 6, 6 
56405, 6, 6 
47916, 6, 6 
53621, 6, 6 
43437, 6, 6 
58291, 6, 6 
7230, 6, 6 
16666, 6, 6 
2486, 6, 6 
57578, 6, 6 
35213, 6, 6 
6355, 6, 6 
4778, 6, 6 
16506, 6, 6 
52054, 6, 6 
51055, 6, 6 
37804, 6, 6 
36743, 6, 6 
10996, 6, 6 
28251, 6, 6 
20543, 6, 6 
38933, 6, 6 
45609, 6, 6 
20142, 6, 6 
29838, 6, 6 
29686, 6, 6 
19698, 6, 6 
23356, 6, 6 
10917, 6, 6 
45702, 6, 6 
19349, 6, 6 
14044, 6, 6 
30178, 6, 6 
48346, 6, 6 
34520, 6, 6 
14399, 6, 6 
27249, 6, 6 
41273, 6, 6 
5230, 6, 6 
11915, 6, 6 
17524, 6, 6 
22936, 6, 6 
8225, 6, 6 
12201, 6, 6 
54348, 6, 6 
3932, 6, 6 
14347, 6, 6 
45262, 6, 6 
34117, 6, 6 
922, 6, 6 
6387, 6, 6 
4980, 6, 6 
11784, 6, 6 
44315, 6, 6 
10440, 6, 6 
55314, 6, 6 
8191, 6, 6 
3808, 6, 6 
5848, 6, 6 
29163, 6, 6 
13010, 6, 6 
34125, 6, 6 
56105, 6, 6 
57409, 6, 6 
20512, 6, 6 
44287, 6, 6 
22260, 6, 6 
13860, 6, 6 
28605, 6, 6 
44742, 6, 6 
28721, 6, 6 
19471, 6, 6 
665, 6, 6 
5003, 6, 6 
21081, 6, 6 
33728, 6, 6 
5780, 6, 6 
14129, 6, 6 
23697, 6, 6 
11691, 6, 6 
19048, 6, 6 
6907, 6, 6 
22820, 6, 6 
11875, 6, 6 
9237, 6, 6 
52724, 6, 6 
33328, 6, 6 
40137, 6, 6 
33100, 6, 6 
33116, 6, 6 
12853, 6, 6 
37236, 6, 6 
33429, 6, 6 
10163, 6, 6 
26900, 6, 6 
59437, 6, 6 
29774, 6, 6 
35433, 6, 6 
38259, 6, 6 
2588, 6, 6 
24871, 6, 6 
846, 6, 6 
53406, 6, 6 
18678, 6, 6 
12866, 6, 6 
27962, 6, 6 
45448, 6, 6 
41995, 6, 6 
29275, 6, 6 
25368, 6, 6 
25345, 6, 6 
32576, 6, 6 
15960, 6, 6 
11316, 6, 6 
20480, 6, 6 
22360, 6, 6 
30638, 6, 6 
2262, 6, 6 
5576, 6, 6 
38347, 6, 6 
41666, 6, 6 
22384, 6, 6 
35426, 6, 6 
18576, 6, 6 
13047, 6, 6 
51456, 6, 6 
38796, 6, 6 
8071, 6, 6 
2930, 6, 6 
11253, 6, 6 
12735, 6, 6 
57754, 6, 6 
43726, 6, 6 
841, 6, 6 
10037, 6, 6 
57122, 6, 6 
55536, 6, 6 
31954, 6, 6 
51778, 6, 6 
34783, 6, 6 
24526, 6, 6 
17626, 6, 6 
28975, 6, 6 
5684, 6, 6 
54316, 6, 6 
2657, 6, 6 
26483, 6, 6 
49031, 6, 6 
44073, 6, 6 
5802, 6, 6 
40785, 6, 6 
56186, 6, 6 
22763, 6, 6 
27402, 6, 6 
43054, 6, 6 
18034, 6, 6 
6562, 6, 6 
11996, 6, 6 
57158, 6, 6 
18908, 6, 6 
16936, 6, 6 
27807, 6, 6 
57802, 6, 6 
10190, 6, 6 
30128, 6, 6 
46536, 6, 6 
36966, 6, 6 
55096, 6, 6 
29971, 6, 6 
18611, 6, 6 
15733, 6, 6 
10149, 6, 6 
10600, 6, 6 
48907, 6, 6 
17396, 6, 6 
30341, 6, 6 
27556, 6, 6 
20156, 6, 6 
2372, 6, 6 
22449, 6, 6 
23195, 6, 6 
48760, 6, 6 
24616, 6, 6 
14372, 6, 6 
6452, 6, 6 
51402, 6, 6 
10557, 6, 6 
58605, 6, 6 
256, 6, 6 
13246, 6, 6 
26039, 6, 6 
41361, 6, 6 
52053, 6, 6 
37370, 6, 6 
36699, 6, 6 
55827, 6, 6 
2570, 6, 6 
39394, 6, 6 
59125, 6, 6 
14330, 6, 6 
55196, 6, 6 
7543, 6, 6 
22872, 6, 6 
16430, 6, 6 
50294, 6, 6 
55379, 6, 6 
11530, 6, 6 
34189, 6, 6 
13375, 6, 6 
8146, 6, 6 
55447, 6, 6 
38448, 6, 6 
9325, 6, 6 
58050, 6, 6 
1358, 6, 6 
13712, 6, 6 
57587, 6, 6 
8733, 6, 6 
45949, 6, 6 
4520, 6, 6 
31104, 6, 6 
50666, 6, 6 
31464, 6, 6 
701, 6, 6 
52102, 6, 6 
18548, 6, 6 
18447, 6, 6 
33975, 6, 6 
38988, 6, 6 
565, 6, 6 
43742, 6, 6 
5145, 6, 6 
20855, 6, 6 
21407, 6, 6 
38980, 6, 6 
18608, 6, 6 
30114, 6, 6 
34776, 6, 6 
26983, 6, 6 
52005, 6, 6 
40304, 6, 6 
37679, 6, 6 
7008, 6, 6 
24031, 6, 6 
58516, 6, 6 
32803, 6, 6 
31619, 6, 6 
33513, 6, 6 
58016, 6, 6 
31924, 6, 6 
54211, 6, 6 
27992, 6, 6 
20153, 6, 6 
630, 6, 6 
2523, 6, 6 
10076, 6, 6 
28440, 6, 6 
10298, 6, 6 
48539, 6, 6 
41988, 6, 6 
56179, 6, 6 
42089, 6, 6 
51729, 6, 6 
1781, 6, 6 
51664, 6, 6 
44358, 6, 6 
18134, 6, 6 
50890, 6, 6 
10833, 6, 6 
32464, 6, 6 
18128, 6, 6 
18652, 6, 6 
53555, 6, 6 
7341, 6, 6 
261, 6, 6 
15234, 6, 6 
52759, 6, 6 
22633, 6, 6 
27842, 6, 6 
53991, 6, 6 
49693, 6, 6 
16064, 6, 6 
22803, 6, 6 
48114, 6, 6 
1898, 6, 6 
22681, 6, 6 
44337, 6, 6 
43545, 6, 6 
25977, 6, 6 
51711, 6, 6 
46581, 6, 6 
40609, 6, 6 
10650, 6, 6 
56562, 6, 6 
30822, 6, 6 
33264, 6, 6 
10044, 6, 6 
26606, 6, 6 
27306, 6, 6 
28912, 6, 6 
7102, 6, 6 
57456, 6, 6 
43457, 6, 6 
27208, 6, 6 
45368, 6, 6 
39165, 6, 6 
58669, 6, 6 
23706, 6, 6 
9576, 6, 6 
26439, 6, 6 
20416, 6, 6 
10725, 6, 6 
41018, 6, 6 
29687, 6, 6 
4087, 6, 6 
35828, 6, 6 
11390, 6, 6 
15797, 6, 6 
14910, 6, 6 
34343, 6, 6 
41442, 6, 6 
28554, 6, 6 
52754, 6, 6 
59098, 6, 6 
21411, 6, 6 
46594, 6, 6 
14525, 6, 6 
13999, 6, 6 
35888, 6, 6 
28829, 6, 6 
59885, 6, 6 
15806, 6, 6 
47673, 6, 6 
41899, 6, 6 
15961, 6, 6 
18105, 6, 6 
57023, 6, 6 
35683, 6, 6 
30036, 6, 6 
14989, 6, 6 
53697, 6, 6 
56211, 6, 6 
48133, 6, 6 
59752, 6, 6 
25646, 6, 6 
8940, 6, 6 
59378, 6, 6 
10813, 6, 6 
39372, 6, 6 
36281, 7, 7 
45192, 7, 7 
14095, 7, 7 
28848, 7, 7 
3751, 7, 7 
7306, 7, 7 
40768, 7, 7 
37971, 7, 7 
26679, 7, 7 
31849, 7, 7 
57866, 7, 7 
35150, 7, 7 
634, 7, 7 
20134, 7, 7 
8079, 7, 7 
2558, 7, 7 
26529, 7, 7 
4479, 7, 7 
3915, 7, 7 
49590, 7, 7 
53368, 7, 7 
45257, 7, 7 
44865, 7, 7 
38836, 7, 7 
518, 7, 7 
32844, 7, 7 
33616, 7, 7 
8186, 7, 7 
17069, 7, 7 
34317, 7, 7 
24935, 7, 7 
803, 7, 7 
16524, 7, 7 
52779, 7, 7 
22313, 7, 7 
5855, 7, 7 
14961, 7, 7 
54971, 7, 7 
7028, 7, 7 
41062, 7, 1 
13136, 7, 7 
42134, 7, 7 
1437, 7, 7 
6587, 7, 7 
4393, 7, 7 
51911, 7, 7 
56604, 7, 7 
36823, 7, 7 
47560, 7, 7 
33315, 7, 7 
44805, 7, 7 
22134, 7, 7 
42283, 7, 7 
37550, 7, 7 
34265, 7, 7 
26528, 7, 7 
57652, 7, 7 
8718, 7, 7 
1687, 7, 7 
20977, 7, 7 
18691, 7, 7 
45068, 7, 7 
15811, 7, 7 
8801, 7, 7 
42195, 7, 7 
46283, 7, 7 
15465, 7, 7 
24094, 7, 7 
59516, 7, 1 
32195, 7, 7 
24502, 7, 7 
20304, 7, 2 
6616, 7, 7 
40080, 7, 7 
22753, 7, 7 
8297, 7, 7 
43340, 7, 7 
29105, 7, 7 
7210, 7, 7 
2750, 7, 7 
50461, 7, 1 
18962, 7, 7 
32580, 7, 7 
39246, 7, 7 
46493, 7, 7 
58614, 7, 7 
47544, 7, 7 
25649, 7, 7 
33131, 7, 7 
41313, 7, 7 
5291, 7, 7 
44156, 7, 7 
16852, 7, 7 
11831, 7, 7 
39010, 7, 7 
22871, 7, 7 
20354, 7, 7 
47286, 7, 7 
11426, 7, 7 
31527, 7, 7 
48889, 7, 7 
21701, 7, 7 
39003, 7, 7 
51832, 7, 7 
12454, 7, 7 
52146, 7, 7 
42363, 7, 7 
7167, 7, 7 
48404, 7, 7 
23141, 7, 7 
4858, 7, 7 
46938, 7, 1 
1673, 7, 7 
7277, 7, 7 
21322, 7, 7 
53501, 7, 7 
36052, 7, 7 
33635, 7, 7 
16150, 7, 7 
954, 7, 7 
8436, 7, 7 
56670, 7, 7 
30165, 7, 7 
9502, 7, 7 
45179, 7, 7 
32327, 7, 7 
34633, 7, 7 
51102, 7, 7 
23427, 7, 7 
20605, 7, 7 
55709, 7, 7 
1229, 7, 7 
51068, 7, 7 
7643, 7, 7 
1376, 7, 7 
50255, 7, 7 
44378, 7, 2 
50706, 7, 7 
12659, 7, 7 
1019, 7, 7 
47978, 7, 7 
42211, 7, 7 
2246, 7, 7 
25841, 7, 7 
58890, 7, 7 
24975, 7, 7 
14710, 7, 7 
22823, 7, 7 
15243, 7, 7 
49180, 7, 7 
26642, 7, 7 
15953, 7, 7 
48976, 7, 7 
17007, 7, 7 
47511, 7, 7 
29900, 7, 7 
27498, 7, 7 
13255, 7, 7 
50066, 7, 7 
1412, 7, 7 
50360, 7, 7 
51004, 7, 7 
35553, 7, 7 
49829, 7, 7 
56329, 7, 7 
3270, 7, 7 
14307, 7, 7 
36612, 7, 7 
55848, 7, 7 
39784, 7, 7 
23192, 7, 7 
56932, 7, 7 
30768, 7, 7 
41972, 7, 7 
35371, 7, 7 
55034, 7, 7 
38026, 7, 7 
56096, 7, 7 
12364, 7, 7 
52644, 7, 7 
13337, 7, 7 
29333, 7, 7 
19978, 7, 7 
29983, 7, 7 
8144, 7, 7 
43860, 7, 7 
8237, 7, 7 
8647, 7, 7 
17714, 7, 7 
32416, 7, 7 
14891, 7, 7 
27577, 7, 7 
19740, 7, 7 
41054, 7, 7 
48988, 7, 7 
30504, 7, 7 
39459, 7, 7 
22090, 7, 7 
2704, 7, 7 
39580, 7, 7 
33405, 7, 7 
27717, 7, 7 
31967, 7, 7 
58901, 7, 7 
2492, 7, 7 
22279, 7, 7 
10019, 7, 7 
23054, 7, 7 
50443, 7, 7 
21095, 7, 7 
47180, 7, 7 
14911, 7, 7 
467, 7, 7 
17813, 7, 7 
8142, 7, 7 
35871, 7, 7 
25452, 7, 7 
17183, 7, 7 
41164, 7, 7 
11642, 7, 7 
45735, 7, 7 
38191, 7, 7 
32861, 7, 7 
24599, 7, 7 
57646, 7, 7 
7017, 7, 7 
13311, 7, 7 
48102, 7, 1 
53832, 7, 7 
10946, 7, 7 
29801, 7, 7 
21704, 7, 7 
59812, 7, 7 
48955, 7, 7 
18107, 7, 7 
27827, 7, 7 
15260, 7, 7 
34690, 7, 7 
31964, 7, 7 
55492, 7, 7 
57653, 7, 7 
44322, 7, 7 
58337, 7, 7 
22683, 7, 7 
42031, 7, 7 
43722, 7, 7 
30155, 7, 7 
51707, 7, 7 
38819, 7, 7 
37131, 7, 7 
26602, 7, 7 
19823, 7, 7 
8596, 7, 7 
27158, 7, 7 
16836, 7, 7 
16016, 7, 7 
42296, 7, 7 
16272, 7, 7 
40557, 7, 7 
5716, 7, 7 
20703, 7, 7 
41194, 7, 7 
27837, 7, 7 
37055, 7, 7 
18333, 7, 7 
15983, 7, 7 
23140, 7, 7 
29296, 7, 7 
31531, 7, 7 
10590, 7, 7 
5504, 7, 7 
7616, 7, 7 
46311, 7, 7 
21236, 7, 7 
52701, 7, 7 
53843, 7, 7 
35960, 7, 7 
20549, 7, 7 
4545, 7, 7 
39314, 7, 7 
37556, 7, 7 
58528, 7, 7 
56915, 7, 7 
54691, 7, 7 
44610, 7, 7 
5441, 7, 7 
34835, 7, 7 
30659, 7, 9 
26801, 7, 7 
40590, 7, 7 
33107, 7, 7 
51704, 7, 7 
168, 7, 7 
40419, 7, 7 
6623, 7, 7 
23051, 7, 7 
58701, 7, 7 
10131, 7, 7 
6715, 7, 7 
43414, 7, 7 
19057, 7, 7 
45657, 7, 7 
22626, 7, 7 
22326, 7, 7 
28661, 7, 7 
45411, 7, 7 
26851, 7, 7 
19187, 7, 7 
51765, 7, 7 
5264, 7, 7 
53770, 7, 7 
14622, 7, 7 
29762, 7, 7 
25863, 7, 7 
48305, 7, 7 
55802, 7, 7 
23021, 7, 7 
22651, 7, 7 
34207, 7, 7 
19817, 7, 7 
2618, 7, 7 
50664, 7, 7 
55613, 7, 7 
45392, 7, 7 
44409, 7, 7 
49412, 7, 7 
22796, 7, 7 
47906, 7, 7 
47374, 7, 7 
39826, 7, 7 
26141, 7, 7 
2108, 7, 1 
6902, 7, 7 
49986, 7, 7 
18556, 7, 7 
9885, 7, 7 
5161, 7, 7 
59048, 7, 7 
7388, 7, 7 
4899, 7, 7 
23965, 7, 7 
47600, 7, 9 
10427, 7, 7 
23127, 7, 7 
53253, 7, 7 
50943, 7, 7 
4326, 7, 7 
28575, 7, 7 
32873, 7, 7 
34032, 7, 7 
20019, 7, 7 
12668, 7, 7 
46422, 7, 7 
56439, 7, 7 
48622, 7, 7 
44050, 7, 7 
59435, 7, 7 
12649, 7, 7 
12395, 7, 7 
54740, 7, 7 
39880, 7, 7 
1186, 7, 7 
36027, 7, 7 
21693, 7, 7 
38091, 7, 7 
59107, 7, 7 
32529, 7, 7 
43541, 7, 7 
51683, 7, 7 
46638, 7, 7 
19592, 7, 7 
25363, 7, 7 
28082, 7, 7 
30359, 7, 7 
1953, 7, 7 
19780, 7, 7 
4925, 7, 7 
33356, 7, 7 
55147, 7, 7 
26742, 7, 7 
13482, 7, 7 
4081, 7, 7 
57017, 7, 7 
44807, 7, 7 
22739, 7, 7 
30723, 7, 7 
3428, 7, 7 
2417, 7, 7 
9878, 7, 7 
632, 7, 7 
10548, 7, 7 
23149, 7, 7 
14386, 7, 7 
25543, 7, 7 
57337, 7, 7 
41891, 7, 7 
49356, 7, 7 
15229, 7, 7 
41148, 7, 7 
59740, 7, 7 
57286, 7, 7 
25797, 7, 7 
2024, 7, 7 
28009, 7, 7 
2271, 7, 7 
29191, 7, 7 
17525, 7, 7 
9157, 7, 7 
5986, 7, 7 
44485, 7, 7 
23445, 7, 7 
56294, 7, 7 
38505, 7, 7 
34415, 7, 7 
4046, 7, 7 
18969, 7, 7 
3840, 7, 7 
2691, 7, 7 
53490, 7, 7 
29806, 7, 7 
31300, 7, 7 
11553, 7, 7 
52861, 7, 7 
11164, 7, 7 
41769, 7, 7 
15081, 7, 7 
26010, 7, 7 
30017, 7, 7 
52391, 7, 7 
53601, 7, 7 
10893, 7, 7 
10651, 7, 7 
96, 7, 7 
59213, 7, 7 
7781, 7, 7 
33455, 7, 7 
13767, 7, 7 
31271, 7, 7 
30982, 7, 7 
9724, 7, 7 
32215, 7, 7 
56680, 7, 7 
52579, 7, 7 
12363, 7, 7 
23479, 7, 7 
58733, 7, 7 
3894, 7, 7 
59204, 7, 7 
1618, 7, 7 
53766, 7, 7 
42672, 7, 7 
53097, 7, 7 
23840, 7, 7 
42811, 7, 7 
31257, 7, 7 
20582, 7, 7 
58681, 7, 7 
42354, 7, 7 
36436, 7, 7 
4207, 7, 7 
20277, 7, 7 
11099, 7, 7 
28011, 7, 7 
34925, 7, 7 
17887, 7, 7 
34110, 7, 7 
562, 7, 7 
14197, 7, 7 
53510, 7, 7 
33796, 7, 7 
6908, 7, 7 
46642, 7, 7 
38788, 7, 7 
1846, 7, 7 
49523, 7, 7 
26423, 7, 7 
23248, 7, 7 
9351, 7, 7 
29954, 7, 7 
6250, 7, 7 
54731, 7, 7 
53210, 7, 7 
58393, 7, 7 
50278, 7, 7 
3008, 7, 7 
44246, 7, 7 
59894, 7, 7 
51839, 7, 7 
36603, 7, 7 
5447, 7, 7 
52407, 7, 7 
31382, 7, 7 
1719, 7, 7 
19800, 7, 7 
10769, 7, 7 
58128, 7, 7 
30713, 7, 7 
20909, 7, 7 
56074, 7, 7 
15037, 7, 7 
56710, 8, 8 
19137, 8, 8 
8928, 8, 8 
19720, 8, 8 
23437, 8, 8 
59097, 8, 8 
39872, 8, 8 
59123, 8, 8 
49822, 8, 8 
40737, 8, 8 
41035, 8, 8 
15623, 8, 8 
43968, 8, 8 
4305, 8, 8 
13605, 8, 8 
6493, 8, 8 
43909, 8, 8 
38074, 8, 8 
13017, 8, 8 
30806, 8, 8 
23288, 8, 8 
37813, 8, 8 
32329, 8, 8 
41154, 8, 8 
2685, 8, 8 
59485, 8, 8 
50448, 8, 8 
21556, 8, 8 
49999, 8, 8 
27210, 8, 8 
31248, 8, 8 
40571, 8, 8 
48855, 8, 8 
9309, 8, 8 
33895, 8, 8 
30219, 8, 8 
4825, 8, 8 
28306, 8, 8 
15355, 8, 8 
59163, 8, 8 
1760, 8, 8 
10694, 8, 8 
34328, 8, 8 
52283, 8, 8 
11950, 8, 8 
27596, 8, 8 
22289, 8, 8 
50785, 8, 8 
26090, 8, 8 
48560, 8, 8 
6495, 8, 8 
26953, 8, 8 
5030, 8, 8 
23086, 8, 8 
39611, 8, 8 
6503, 8, 8 
9651, 8, 8 
39609, 8, 8 
55445, 8, 8 
21926, 8, 8 
58273, 8, 8 
14913, 8, 8 
30985, 8, 8 
12936, 8, 8 
14648, 8, 8 
52567, 8, 8 
29172, 8, 8 
26135, 8, 8 
22141, 8, 8 
18348, 8, 0 
48973, 8, 8 
15879, 8, 8 
15267, 8, 8 
1016, 8, 8 
33201, 8, 8 
18798, 8, 8 
17178, 8, 8 
32544, 8, 8 
24359, 8, 8 
12619, 8, 8 
21805, 8, 8 
59101, 8, 8 
27819, 8, 8 
25228, 8, 8 
24587, 8, 8 
43194, 8, 8 
4967, 8, 8 
54594, 8, 8 
19879, 8, 8 
1296, 8, 8 
49830, 8, 8 
7450, 8, 8 
20614, 8, 8 
48552, 8, 8 
36503, 8, 8 
41529, 8, 8 
55880, 8, 8 
57988, 8, 8 
55015, 8, 8 
23428, 8, 8 
42979, 8, 8 
24150, 8, 8 
9799, 8, 8 
14170, 8, 8 
44270, 8, 8 
30874, 8, 8 
11724, 8, 8 
28351, 8, 8 
31023, 8, 8 
56068, 8, 8 
32907, 8, 8 
54747, 8, 8 
18156, 8, 8 
25563, 8, 8 
4675, 8, 8 
48309, 8, 8 
29535, 8, 8 
22119, 8, 8 
58131, 8, 8 
23729, 8, 8 
3495, 8, 8 
38065, 8, 8 
1773, 8, 8 
22163, 8, 8 
7924, 8, 8 
39764, 8, 8 
51347, 8, 8 
51431, 8, 8 
57116, 8, 8 
42313, 8, 8 
28902, 8, 8 
23890, 8, 8 
27085, 8, 8 
50048, 8, 8 
47719, 8, 8 
49201, 8, 8 
44056, 8, 8 
44683, 8, 8 
19392, 8, 8 
16965, 8, 8 
10837, 8, 8 
5343, 8, 8 
51969, 8, 8 
8441, 8, 8 
9832, 8, 8 
48752, 8, 8 
17937, 8, 8 
20037, 8, 8 
34770, 8, 8 
32639, 8, 8 
39882, 8, 8 
17545, 8, 8 
1666, 8, 8 
58100, 8, 8 
39841, 8, 1 
25592, 8, 8 
40629, 8, 8 
48331, 8, 8 
14173, 8, 8 
55989, 8, 8 
16539, 8, 8 
41034, 8, 8 
31162, 8, 8 
571, 8, 8 
57315, 8, 8 
34061, 8, 8 
20419, 8, 8 
34883, 8, 8 
54870, 8, 8 
3744, 8, 8 
6199, 8, 8 
44196, 8, 8 
17162, 8, 8 
8722, 8, 8 
30584, 8, 1 
51326, 8, 8 
8221, 8, 8 
43930, 8, 8 
34075, 8, 8 
48329, 8, 8 
35939, 8, 8 
22526, 8, 8 
33801, 8, 8 
2668, 8, 8 
10628, 8, 8 
10001, 8, 8 
39266, 8, 8 
45746, 8, 8 
22913, 8, 8 
685, 8, 8 
31507, 8, 8 
5557, 8, 8 
50883, 8, 8 
53294, 8, 8 
13477, 8, 8 
20491, 8, 8 
50013, 8, 8 
46927, 8, 8 
48472, 8, 8 
26362, 8, 8 
26289, 8, 8 
51769, 8, 8 
26580, 8, 8 
16486, 8, 8 
59865, 8, 8 
32760, 8, 8 
39001, 8, 8 
15236, 8, 8 
38237, 8, 8 
19223, 8, 8 
43861, 8, 8 
17609, 8, 8 
18580, 8, 8 
42832, 8, 8 
47136, 8, 8 
20271, 8, 8 
38589, 8, 8 
55979, 8, 8 
41764, 8, 8 
30781, 8, 8 
35253, 8, 8 
10936, 8, 8 
30771, 8, 8 
32300, 8, 8 
16417, 8, 8 
13301, 8, 8 
52892, 8, 8 
13189, 8, 8 
29634, 8, 8 
45016, 8, 8 
27425, 8, 8 
38391, 8, 8 
22745, 8, 8 
3526, 8, 8 
56378, 8, 8 
1793, 8, 8 
29979, 8, 8 
23180, 8, 8 
9794, 8, 8 
51725, 8, 8 
41078, 8, 8 
40410, 8, 8 
21650, 8, 8 
40852, 8, 8 
14754, 8, 8 
31845, 8, 8 
16724, 8, 8 
28851, 8, 8 
39991, 8, 8 
23328, 8, 8 
54919, 8, 8 
2383, 8, 8 
11753, 8, 8 
6030, 8, 8 
26203, 8, 8 
11881, 8, 8 
3225, 8, 8 
9014, 8, 8 
35467, 8, 8 
15610, 8, 1 
45717, 8, 8 
27008, 8, 8 
46175, 8, 8 
11063, 8, 8 
2425, 8, 8 
26786, 8, 8 
4308, 8, 8 
31313, 8, 8 
15775, 8, 8 
29596, 8, 8 
27972, 8, 8 
35044, 8, 8 
15248, 8, 8 
22079, 8, 8 
28470, 8, 8 
2013, 8, 8 
35577, 8, 8 
12928, 8, 8 
8313, 8, 8 
50634, 8, 8 
11940, 8, 8 
49869, 8, 8 
4176, 8, 8 
5791, 8, 8 
50097, 8, 8 
38382, 8, 8 
57481, 8, 8 
5625, 8, 8 
30407, 8, 8 
9611, 8, 8 
31749, 8, 8 
2628, 8, 8 
58777, 8, 8 
38112, 8, 8 
13976, 8, 8 
17658, 8, 8 
2901, 8, 8 
57001, 8, 8 
6288, 8, 8 
29921, 8, 8 
22919, 8, 8 
39602, 8, 8 
37774, 8, 8 
53090, 8, 8 
27051, 8, 8 
51501, 8, 8 
41416, 8, 8 
59995, 8, 8 
52848, 8, 8 
48824, 8, 8 
53681, 8, 8 
44748, 8, 8 
41118, 8, 8 
33289, 8, 8 
50114, 8, 8 
10753, 8, 8 
28682, 8, 8 
16639, 8, 8 
28903, 8, 8 
4058, 8, 8 
49046, 8, 8 
57918, 8, 8 
38734, 8, 8 
3865, 8, 8 
38151, 8, 8 
15115, 8, 8 
59764, 8, 8 
36121, 8, 8 
2991, 8, 8 
50327, 8, 8 
52699, 8, 8 
21231, 8, 8 
7101, 8, 8 
1777, 8, 8 
21494, 8, 8 
53636, 8, 8 
49766, 8, 8 
30374, 8, 8 
12513, 8, 8 
25081, 8, 8 
58371, 8, 8 
10358, 8, 1 
29965, 8, 8 
33997, 8, 8 
9152, 8, 8 
31, 8, 8 
9501, 8, 8 
16797, 8, 8 
2077, 8, 8 
49323, 8, 8 
50172, 8, 8 
35230, 8, 8 
36445, 8, 8 
23215, 8, 8 
17128, 8, 8 
19470, 8, 8 
28483, 8, 8 
34382, 8, 8 
32864, 8, 8 
45249, 8, 8 
2139, 8, 8 
27851, 8, 8 
12934, 8, 8 
9594, 8, 8 
32770, 8, 8 
36785, 8, 8 
49377, 8, 8 
40893, 8, 8 
31880, 8, 8 
39291, 8, 8 
10733, 8, 8 
3816, 8, 8 
59438, 8, 8 
58951, 8, 8 
53191, 8, 8 
20191, 8, 8 
16128, 8, 8 
23524, 8, 8 
2636, 8, 8 
9996, 8, 8 
55555, 8, 8 
8175, 8, 8 
33338, 8, 8 
24578, 8, 8 
12163, 8, 8 
21723, 8, 8 
59361, 8, 8 
19928, 8, 8 
19685, 8, 8 
33883, 8, 8 
50626, 8, 8 
16730, 8, 8 
756, 8, 8 
708, 8, 8 
10515, 8, 8 
50347, 8, 8 
58220, 8, 8 
3438, 8, 8 
10281, 8, 8 
6816, 8, 1 
20559, 8, 8 
46699, 8, 8 
58475, 8, 8 
35604, 8, 8 
30235, 8, 8 
8047, 8, 8 
41996, 8, 8 
44974, 8, 8 
47144, 8, 8 
29381, 8, 8 
47632, 8, 8 
17291, 8, 8 
45458, 8, 1 
32962, 8, 8 
9019, 8, 8 
21085, 8, 8 
17668, 8, 8 
47634, 8, 8 
28338, 8, 8 
45520, 8, 8 
50077, 8, 8 
15487, 8, 8 
35848, 8, 8 
30635, 8, 8 
37032, 8, 8 
8507, 8, 8 
55696, 8, 8 
37342, 8, 8 
47116, 8, 8 
35940, 8, 8 
456, 8, 8 
13920, 8, 4 
8522, 8, 8 
48617, 8, 8 
57701, 8, 8 
39604, 8, 8 
52950, 8, 8 
58556, 8, 8 
1025, 8, 8 
43525, 8, 8 
22054, 8, 8 
33569, 8, 8 
14830, 8, 8 
36478, 8, 8 
31889, 8, 8 
57210, 8, 8 
11382, 8, 8 
97, 8, 8 
52091, 8, 8 
22389, 8, 8 
34921, 8, 8 
6017, 8, 8 
27927, 8, 8 
33802, 8, 8 
40012, 8, 8 
19067, 8, 8 
34376, 8, 8 
48828, 8, 8 
38452, 8, 8 
47811, 8, 8 
19538, 8, 8 
26852, 8, 8 
22166, 8, 8 
16631, 8, 8 
27891, 8, 8 
59034, 8, 8 
11121, 8, 8 
47420, 8, 8 
22924, 8, 8 
17641, 8, 8 
40998, 8, 8 
6470, 8, 8 
22685, 8, 8 
55623, 8, 8 
13281, 8, 8 
45923, 8, 8 
53885, 8, 8 
46631, 8, 8 
41621, 8, 8 
23967, 8, 8 
53979, 8, 8 
12594, 8, 8 
37319, 8, 8 
24498, 8, 8 
50607, 8, 8 
50363, 8, 8 
46764, 8, 8 
4803, 8, 8 
5112, 8, 8 
35501, 8, 8 
21863, 8, 8 
42872, 8, 8 
54437, 8, 8 
16597, 8, 8 
3082, 8, 8 
29945, 8, 8 
48668, 8, 8 
58201, 8, 8 
55462, 8, 8 
8607, 8, 8 
17119, 9, 9 
50209, 9, 9 
48747, 9, 9 
37866, 9, 9 
3787, 9, 9 
14988, 9, 9 
30783, 9, 9 
55265, 9, 9 
33329, 9, 9 
6460, 9, 9 
51595, 9, 9 
15244, 9, 9 
57975, 9, 9 
2798, 9, 9 
52009, 9, 9 
13904, 9, 9 
45688, 9, 9 
45944, 9, 0 
14843, 9, 9 
32759, 9, 9 
35760, 9, 9 
55072, 9, 9 
48182, 9, 9 
350, 9, 9 
59027, 9, 9 
53456, 9, 9 
44851, 9, 9 
36863, 9, 9 
16751, 9, 9 
11223, 9, 9 
28674, 9, 9 
37259, 9, 9 
31700, 9, 9 
14216, 9, 9 
33597, 9, 9 
17831, 9, 9 
25532, 9, 9 
8231, 9, 9 
19126, 9, 9 
48224, 9, 9 
50414, 9, 9 
47353, 9, 9 
28279, 9, 9 
14681, 9, 9 
26314, 9, 9 
41162, 9, 9 
28463, 9, 9 
17936, 9, 9 
53044, 9, 9 
9708, 9, 9 
24991, 9, 9 
34930, 9, 9 
17737, 9, 9 
27112, 9, 9 
42400, 9, 9 
34301, 9, 9 
2911, 9, 9 
195, 9, 9 
17550, 9, 9 
1733, 9, 9 
37136, 9, 9 
50519, 9, 9 
40584, 9, 9 
22174, 9, 9 
11814, 9, 9 
23919, 9, 9 
24756, 9, 9 
56041, 9, 9 
18405, 9, 9 
5045, 9, 9 
40026, 9, 9 
12529, 9, 9 
38673, 9, 9 
52061, 9, 9 
57796, 9, 9 
14985, 9, 9 
18131, 9, 9 
27626, 9, 9 
30944, 9, 9 
59455, 9, 9 
12202, 9, 9 
11633, 9, 9 
20270, 9, 9 
27387, 9, 9 
25624, 9, 9 
22664, 9, 9 
20677, 9, 9 
46572, 9, 9 
13672, 9, 9 
44946, 9, 9 
14950, 9, 4 
48771, 9, 9 
22332, 9, 9 
39111, 9, 9 
39425, 9, 7 
40656, 9, 9 
22450, 9, 9 
56304, 9, 9 
4095, 9, 9 
50467, 9, 9 
25019, 9, 9 
59857, 9, 9 
28618, 9, 9 
25303, 9, 9 
14743, 9, 9 
14662, 9, 9 
826, 9, 9 
47196, 9, 9 
28283, 9, 9 
42743, 9, 9 
53251, 9, 9 
17899, 9, 9 
7108, 9, 9 
11388, 9, 9 
4093, 9, 9 
39139, 9, 9 
41219, 9, 9 
43028, 9, 9 
9306, 9, 9 
39613, 9, 9 
19938, 9, 9 
47332, 9, 9 
26536, 9, 9 
17147, 9, 9 
12495, 9, 9 
10577, 9, 9 
31097, 9, 9 
43738, 9, 9 
49988, 9, 9 
42642, 9, 9 
38910, 9, 9 
14502, 9, 9 
35191, 9, 9 
18051, 9, 9 
48584, 9, 9 
19953, 9, 9 
11194, 9, 9 
16617, 9, 9 
24643, 9, 9 
40341, 9, 9 
45793, 9, 9 
11775, 9, 9 
1083, 9, 9 
52977, 9, 9 
27391, 9, 9 
20248, 9, 9 
3374, 9, 9 
1138, 9, 9 
10004, 9, 9 
26278, 9, 9 
39192, 9, 9 
41594, 9, 9 
8837, 9, 9 
39750, 9, 9 
25463, 9, 9 
4788, 9, 9 
45465, 9, 9 
4122, 9, 9 
12425, 9, 9 
15541, 9, 9 
42845, 9, 9 
24508, 9, 9 
35024, 9, 9 
18928, 9, 9 
49544, 9, 9 
9483, 9, 9 
7538, 9, 9 
29281, 9, 9 
29400, 9, 9 
58519, 9, 9 
33990, 9, 9 
4320, 9, 9 
40302, 9, 9 
29953, 9, 9 
50029, 9, 9 
19910, 9, 9 
46287, 9, 9 
15414, 9, 9 
8750, 9, 9 
46929, 9, 9 
55834, 9, 9 
39713, 9, 9 
56431, 9, 9 
3447, 9, 9 
25905, 9, 9 
23234, 9, 9 
58968, 9, 9 
21297, 9, 9 
23998, 9, 9 
2779, 9, 9 
29168, 9, 9 
44931, 9, 9 
621, 9, 9 
21020, 9, 9 
38048, 9, 9 
15195, 9, 9 
19696, 9, 9 
51597, 9, 9 
20164, 9, 9 
51194, 9, 9 
10142, 9, 9 
5063, 9, 9 
27688, 9, 9 
1610, 9, 9 
14875, 9, 9 
7217, 9, 9 
51512, 9, 9 
49511, 9, 9 
19832, 9, 9 
7922, 9, 9 
59058, 9, 9 
27066, 9, 9 
29973, 9, 9 
59890, 9, 9 
14164, 9, 9 
16481, 9, 9 
26282, 9, 9 
28737, 9, 9 
19539, 9, 9 
18187, 9, 9 
53935, 9, 9 
41329, 9, 9 
8586, 9, 9 
9357, 9, 9 
59194, 9, 9 
53752, 9, 9 
53045, 9, 9 
37887, 9, 9 
30505, 9, 9 
42551, 9, 9 
23617, 9, 9 
2514, 9, 9 
45864, 9, 9 
47703, 9, 9 
47987, 9, 9 
39998, 9, 9 
5350, 9, 4 
22423, 9, 9 
59749, 9, 9 
59719, 9, 6 
24684, 9, 1 
6661, 9, 9 
23880, 9, 9 
57452, 9, 9 
42315, 9, 9 
31358, 9, 9 
25432, 9, 9 
9758, 9, 9 
17656, 9, 9 
58791, 9, 9 
23042, 9, 9 
28183, 9, 9 
34052, 9, 9 
35384, 9, 9 
16973, 9, 9 
32374, 9, 9 
49730, 9, 9 
40293, 9, 9 
3371, 9, 9 
59514, 9, 9 
20444, 9, 9 
41948, 9, 9 
32908, 9, 9 
12651, 9, 3 
8902, 9, 9 
3773, 9, 9 
36655, 9, 9 
30419, 9, 9 
36035, 9, 9 
44553, 9, 9 
35160, 9, 9 
28396, 9, 9 
33682, 9, 9 
12127, 9, 9 
6679, 9, 9 
5229, 9, 9 
11891, 9, 9 
34892, 9, 9 
44586, 9, 9 
57187, 9, 9 
15512, 9, 9 
44376, 9, 9 
57854, 9, 9 
5224, 9, 9 
21224, 9, 9 
7252, 9, 9 
1875, 9, 9 
20508, 9, 9 
22388, 9, 9 
12868, 9, 9 
36934, 9, 9 
44592, 9, 9 
46474, 9, 9 
14547, 9, 9 
50973, 9, 9 
31961, 9, 9 
53948, 9, 9 
12417, 9, 9 
19667, 9, 9 
32163, 9, 9 
39895, 9, 9 
2216, 9, 9 
36847, 9, 9 
36319, 9, 9 
42838, 9, 4 
38312, 9, 9 
27087, 9, 9 
37466, 9, 9 
21162, 9, 9 
42246, 9, 9 
19359, 9, 9 
58263, 9, 9 
35421, 9, 9 
30010, 9, 9 
30603, 9, 9 
25258, 9, 9 
49836, 9, 9 
20026, 9, 9 
47664, 9, 9 
36735, 9, 9 
15326, 9, 9 
12721, 9, 9 
24942, 9, 9 
39549, 9, 9 
42109, 9, 9 
50309, 9, 9 
5165, 9, 9 
9070, 9, 9 
8287, 9, 9 
40585, 9, 9 
35332, 9, 9 
42709, 9, 9 
5672, 9, 9 
17363, 9, 9 
55126, 9, 9 
36935, 9, 9 
3746, 9, 9 
50882, 9, 9 
52910, 9, 9 
25640, 9, 9 
44618, 9, 9 
22678, 9, 9 
5898, 9, 9 
59362, 9, 9 
55691, 9, 9 
45380, 9, 9 
16250, 9, 9 
32916, 9, 9 
56996, 9, 9 
38829, 9, 9 
33052, 9, 9 
8630, 9, 9 
8238, 9, 9 
24593, 9, 9 
30491, 9, 9 
47755, 9, 9 
22080, 9, 9 
19814, 9, 9 
11762, 9, 9 
50832, 9, 9 
14015, 9, 9 
28636, 9, 9 
21595, 9, 9 
8669, 9, 9 
58004, 9, 9 
2312, 9, 9 
44182, 9, 9 
52770, 9, 9 
50124, 9, 9 
4456, 9, 9 
50329, 9, 7 
3927, 9, 9 
27007, 9, 9 
43970, 9, 9 
40772, 9, 9 
56216, 9, 9 
46146, 9, 9 
48927, 9, 9 
980, 9, 9 
19085, 9, 9 
41827, 9, 9 
47457, 9, 9 
641, 9, 9 
10235, 9, 9 
20421, 9, 9 
41369, 9, 9 
45555, 9, 9 
46659, 9, 9 
50784, 9, 9 
13130, 9, 9 
3796, 9, 9 
20943, 9, 9 
50867, 9, 9 
14915, 9, 9 
35532, 9, 9 
53676, 9, 9 
19494, 9, 1 
51688, 9, 9 
9347, 9, 9 
3935, 9, 9 
37376, 9, 9 
44780, 9, 9 
54039, 9, 9 
42796, 9, 9 
46444, 9, 9 
32648, 9, 9 
37877, 9, 9 
2924, 9, 9 
14222, 9, 9 
43920, 9, 9 
1421, 9, 9 
53020, 9, 9 
35374, 9, 9 
51267, 9, 9 
36249, 9, 9 
24420, 9, 9 
51827, 9, 9 
33461, 9, 9 
5503, 9, 9 
28062, 9, 9 
18558, 9, 9 
5362, 9, 9 
58054, 9, 9 
9225, 9, 9 
14816, 9, 9 
5276, 9, 9 
56199, 9, 9 
11947, 9, 9 
43663, 9, 9 
38419, 9, 9 
30893, 9, 9 
57776, 9, 9 
47547, 9, 9 
40215, 9, 9 
48980, 9, 9 
16570, 9, 9 
5106, 9, 9 
32904, 9, 9 
22050, 9, 9 
4045, 9, 9 
631, 9, 9 
45841, 9, 9 
47659, 9, 9 
17427, 9, 9 
32672, 9, 9 
24337, 9, 9 
2559, 9, 9 
36102, 9, 9 
49793, 9, 9 
37682, 9, 9 
36777, 9, 9 
56527, 9, 9 
27926, 9, 9 
25168, 9, 9 
3904, 9, 9 
8998, 9, 9 
38541, 9, 9 
25119, 9, 9 
18666, 9, 9 
50752, 9, 9 
51022, 9, 9 
49492, 9, 9 
3076, 9, 9 
56773, 9, 9 
58222, 9, 9 
17323, 9, 9 
24843, 9, 9 
23944, 9, 9 
12768, 9, 9 
38118, 9, 9 
3663, 9, 9 
20879, 9, 9 
42542, 9, 9 
51654, 9, 9 
51945, 9, 9 
38443, 9, 9 
45621, 9, 9 
24701, 9, 9 
13557, 9, 9 
2973, 9, 9 
5669, 9, 9 
16341, 9, 9 
9835, 9, 9 
55636, 9, 9 
18458, 9, 9 
20054, 9, 9 
9051, 9, 9 
21449, 9, 9 
12301, 9, 9 
35455, 9, 9 
42457, 9, 9 
26380, 9, 9 
47165, 9, 9 
5522, 9, 9 
45800, 9, 9 
36349, 9, 9 
41065, 9, 9 
54538, 9, 9 
7447, 9, 9 
42214, 9, 9 
