id, true label, predicted label 
54421, 0, 0 
47756, 0, 0 
19594, 0, 0 
28408, 0, 0 
3492, 0, 0 
49085, 0, 0 
9790, 0, 0 
4218, 0, 0 
31180, 0, 0 
51259, 0, 0 
41445, 0, 0 
15471, 0, 0 
25082, 0, 0 
56352, 0, 0 
39956, 0, 0 
34014, 0, 0 
17134, 0, 0 
31127, 0, 0 
53387, 0, 0 
34262, 0, 0 
28993, 0, 0 
47289, 0, 0 
50643, 0, 0 
27445, 0, 0 
18703, 0, 0 
22288, 0, 0 
29736, 0, 0 
15890, 0, 0 
57811, 0, 0 
42111, 0, 0 
23709, 0, 0 
36055, 0, 0 
44979, 0, 0 
52226, 0, 0 
57642, 0, 0 
51479, 0, 0 
23113, 0, 0 
30141, 0, 0 
2081, 0, 0 
34985, 0, 0 
49739, 0, 0 
28896, 0, 0 
46796, 0, 0 
55251, 0, 0 
28412, 0, 0 
6603, 0, 0 
58386, 0, 0 
19583, 0, 0 
42614, 0, 0 
58362, 0, 0 
41789, 0, 0 
39295, 0, 0 
35262, 0, 0 
29621, 0, 0 
52520, 0, 0 
18284, 0, 0 
1152, 0, 0 
19360, 0, 0 
35943, 0, 0 
192, 0, 0 
13126, 0, 0 
2597, 0, 0 
12880, 0, 0 
35192, 0, 0 
55830, 0, 0 
33657, 0, 0 
9966, 0, 0 
20049, 0, 0 
19786, 0, 0 
52836, 0, 0 
53255, 0, 0 
43083, 0, 0 
42342, 0, 0 
17106, 0, 0 
53670, 0, 0 
25818, 0, 0 
1403, 0, 0 
19369, 0, 0 
58665, 0, 0 
48268, 0, 0 
14402, 0, 0 
16523, 0, 0 
7427, 0, 0 
39992, 0, 0 
37787, 0, 0 
54514, 0, 0 
69, 0, 0 
8349, 0, 0 
8309, 0, 0 
46398, 0, 0 
29676, 0, 0 
8129, 0, 0 
16888, 0, 0 
42752, 0, 0 
41506, 0, 0 
18247, 0, 0 
59313, 0, 0 
41927, 0, 0 
26923, 0, 0 
16540, 0, 0 
25305, 0, 0 
55361, 0, 0 
10261, 0, 0 
33492, 0, 0 
35905, 0, 0 
19491, 0, 0 
4008, 0, 0 
451, 0, 0 
36537, 0, 0 
52154, 0, 0 
22640, 0, 0 
20642, 0, 0 
11851, 0, 0 
49750, 0, 0 
15119, 0, 0 
18606, 0, 0 
24495, 0, 0 
27820, 0, 0 
43624, 0, 0 
46926, 0, 0 
20420, 0, 0 
19180, 0, 0 
5115, 0, 0 
29211, 0, 0 
34623, 0, 0 
13896, 0, 0 
58599, 0, 0 
56050, 0, 0 
44411, 0, 0 
1372, 0, 0 
52079, 0, 0 
52045, 0, 0 
37510, 0, 0 
41341, 0, 0 
14425, 0, 0 
53403, 0, 0 
2058, 0, 0 
54755, 0, 0 
30170, 0, 0 
11231, 0, 0 
51520, 0, 0 
1029, 0, 0 
53469, 0, 0 
35659, 0, 0 
50344, 0, 0 
31937, 0, 0 
42981, 0, 0 
54104, 0, 0 
33023, 0, 0 
28763, 0, 0 
58462, 0, 0 
28122, 0, 0 
11045, 0, 0 
36318, 0, 0 
44955, 0, 0 
39363, 0, 0 
54459, 0, 0 
19714, 0, 0 
58180, 0, 0 
41465, 0, 0 
36414, 0, 0 
18273, 0, 0 
55045, 0, 0 
48403, 0, 0 
17655, 0, 0 
21985, 0, 0 
37977, 0, 0 
24078, 0, 0 
13230, 0, 0 
40843, 0, 0 
47482, 0, 0 
39800, 0, 0 
22362, 0, 0 
13280, 0, 0 
16618, 0, 0 
10530, 0, 0 
17620, 0, 0 
5461, 0, 0 
49533, 0, 0 
3806, 0, 0 
21355, 0, 0 
59712, 0, 0 
46294, 0, 0 
7466, 0, 0 
55354, 0, 0 
16585, 0, 0 
15882, 0, 0 
40336, 0, 0 
53185, 0, 0 
52593, 0, 0 
11162, 0, 0 
41729, 0, 0 
6704, 0, 0 
9455, 0, 0 
27322, 0, 0 
13044, 0, 0 
34251, 0, 0 
5921, 0, 0 
21308, 0, 0 
32550, 0, 0 
1578, 0, 0 
28016, 0, 0 
39037, 0, 0 
48677, 0, 0 
36476, 0, 0 
3565, 0, 0 
2121, 0, 0 
14329, 0, 0 
15583, 0, 0 
52832, 0, 0 
12313, 0, 0 
47197, 0, 0 
25252, 0, 0 
2539, 0, 0 
19974, 0, 0 
55666, 0, 0 
54832, 0, 0 
36667, 0, 0 
10195, 0, 0 
12653, 0, 0 
22208, 0, 0 
7934, 0, 0 
5730, 0, 0 
9032, 0, 0 
1796, 0, 0 
47902, 0, 0 
28809, 0, 0 
30992, 0, 0 
31194, 0, 0 
38663, 0, 0 
13467, 0, 0 
51618, 0, 0 
26545, 0, 0 
13464, 0, 0 
47797, 0, 0 
1916, 0, 0 
11746, 0, 0 
56929, 0, 0 
41856, 0, 0 
37738, 0, 0 
49278, 0, 0 
26040, 0, 0 
35423, 0, 0 
18715, 0, 0 
36646, 0, 0 
18278, 0, 0 
55576, 0, 0 
56707, 0, 0 
46484, 0, 0 
31778, 0, 0 
44558, 0, 0 
17322, 0, 0 
52609, 0, 0 
9027, 0, 0 
11361, 0, 0 
30555, 0, 0 
49561, 0, 0 
50629, 0, 0 
23601, 0, 0 
49583, 0, 0 
40544, 0, 0 
872, 0, 0 
2561, 0, 0 
59197, 0, 0 
19535, 0, 0 
28667, 0, 0 
35999, 0, 0 
39861, 0, 0 
20983, 0, 0 
8788, 0, 0 
35746, 0, 0 
10479, 0, 0 
31171, 0, 0 
25529, 0, 0 
1725, 0, 0 
20955, 0, 0 
56332, 0, 0 
39600, 0, 0 
13197, 0, 0 
56674, 0, 0 
7055, 0, 0 
45066, 0, 0 
42374, 0, 0 
2101, 0, 0 
40400, 0, 0 
29937, 0, 0 
33661, 0, 0 
19543, 0, 0 
50729, 0, 0 
16975, 0, 0 
45494, 0, 0 
47042, 0, 0 
36116, 0, 0 
24121, 0, 0 
25386, 0, 0 
12839, 0, 0 
3720, 0, 0 
1179, 0, 0 
11501, 0, 0 
51490, 0, 0 
49322, 0, 0 
53030, 0, 0 
11779, 0, 0 
48529, 0, 0 
38315, 0, 0 
229, 0, 0 
29368, 0, 0 
9881, 0, 0 
18836, 0, 0 
44846, 0, 0 
17693, 0, 0 
25814, 0, 0 
43662, 0, 0 
45129, 0, 0 
24225, 0, 0 
46963, 0, 0 
55110, 0, 0 
55721, 0, 0 
49596, 0, 0 
36937, 0, 0 
22143, 0, 0 
32843, 0, 0 
59452, 0, 0 
41252, 0, 0 
18443, 0, 0 
25755, 0, 0 
13454, 0, 0 
23095, 0, 0 
54515, 0, 0 
47693, 0, 0 
3213, 0, 0 
49351, 0, 0 
10874, 0, 0 
24268, 0, 0 
20392, 0, 0 
27631, 0, 0 
18295, 0, 0 
399, 0, 0 
56704, 0, 0 
42262, 0, 0 
57693, 0, 0 
58809, 0, 0 
34958, 0, 0 
29469, 0, 0 
38231, 0, 0 
32625, 0, 0 
13808, 0, 0 
44867, 0, 0 
31361, 0, 0 
6958, 0, 0 
49471, 0, 0 
33789, 0, 0 
46535, 0, 0 
36468, 0, 0 
50750, 0, 0 
58062, 0, 0 
33673, 0, 0 
45417, 0, 0 
18425, 0, 0 
3667, 0, 0 
2396, 0, 0 
15566, 0, 0 
14229, 0, 0 
10974, 0, 0 
5615, 0, 0 
10140, 0, 0 
33921, 0, 0 
29684, 0, 0 
29599, 0, 0 
58546, 0, 0 
25344, 0, 0 
39620, 0, 0 
30624, 0, 0 
4608, 0, 0 
58265, 0, 0 
25690, 0, 0 
18936, 0, 0 
57326, 0, 0 
40237, 0, 0 
46041, 0, 0 
8896, 0, 0 
4455, 0, 0 
35934, 0, 0 
52202, 0, 0 
8093, 0, 0 
53117, 0, 0 
54689, 0, 0 
34706, 0, 0 
3777, 0, 0 
32489, 0, 0 
54229, 0, 0 
31082, 0, 0 
9753, 0, 0 
21242, 0, 0 
36362, 0, 0 
39856, 0, 0 
41100, 0, 0 
57645, 0, 0 
859, 0, 0 
18371, 0, 0 
37303, 0, 0 
28414, 0, 0 
17335, 0, 0 
7566, 0, 0 
59680, 0, 0 
50924, 0, 0 
47581, 0, 0 
53747, 0, 0 
21049, 0, 0 
23009, 0, 0 
1102, 0, 0 
45853, 0, 0 
21078, 0, 0 
55682, 0, 0 
22440, 0, 0 
24081, 0, 0 
19604, 0, 0 
44619, 0, 0 
26292, 0, 0 
32399, 0, 0 
36919, 0, 0 
23589, 0, 0 
44788, 0, 0 
44103, 0, 0 
41101, 0, 0 
55837, 0, 0 
19308, 0, 0 
47247, 0, 0 
25892, 0, 0 
28740, 0, 0 
23279, 0, 0 
54368, 0, 0 
37980, 0, 0 
35320, 0, 0 
24075, 0, 0 
21890, 0, 0 
38106, 0, 0 
21848, 0, 0 
28125, 0, 0 
36948, 0, 0 
12144, 0, 0 
55890, 0, 0 
46603, 0, 0 
5808, 0, 0 
51148, 0, 0 
31581, 0, 0 
20727, 0, 0 
31272, 0, 0 
38198, 0, 0 
29394, 0, 0 
50185, 0, 0 
50637, 0, 0 
48025, 0, 0 
44023, 0, 0 
6034, 0, 0 
869, 0, 0 
40260, 0, 0 
44314, 0, 0 
13076, 0, 0 
6468, 0, 0 
18171, 0, 0 
2709, 0, 0 
38139, 0, 0 
38440, 0, 0 
50492, 0, 0 
18509, 0, 0 
19801, 0, 0 
52438, 0, 0 
21954, 0, 0 
52135, 0, 0 
20418, 0, 0 
45722, 0, 0 
57746, 0, 0 
47396, 0, 0 
44161, 0, 0 
16354, 0, 0 
33142, 0, 0 
45608, 0, 0 
18137, 0, 0 
31785, 0, 0 
54810, 0, 0 
58316, 0, 8 
29564, 0, 0 
9083, 0, 0 
43265, 0, 0 
38873, 0, 0 
21403, 0, 0 
46090, 0, 0 
11914, 0, 0 
58275, 0, 0 
50813, 0, 0 
52161, 0, 0 
21573, 0, 0 
15530, 0, 0 
38722, 0, 0 
54999, 0, 0 
7066, 0, 0 
17761, 0, 0 
54141, 0, 0 
11742, 0, 0 
3644, 1, 1 
32129, 1, 1 
28650, 1, 1 
8180, 1, 1 
23727, 1, 1 
54070, 1, 1 
35925, 1, 1 
29603, 1, 1 
20302, 1, 1 
26802, 1, 1 
14371, 1, 1 
56470, 1, 8 
23532, 1, 1 
32765, 1, 1 
357, 1, 1 
57014, 1, 1 
52614, 1, 1 
25052, 1, 1 
52119, 1, 1 
51895, 1, 1 
24126, 1, 1 
52097, 1, 1 
49123, 1, 1 
58767, 1, 1 
44864, 1, 1 
9072, 1, 1 
19091, 1, 1 
39896, 1, 1 
31420, 1, 1 
38806, 1, 1 
35360, 1, 8 
59671, 1, 1 
43664, 1, 1 
19997, 1, 1 
24824, 1, 1 
59545, 1, 1 
27821, 1, 1 
30749, 1, 1 
22427, 1, 1 
31058, 1, 1 
59041, 1, 1 
49731, 1, 1 
45167, 1, 1 
3321, 1, 1 
7410, 1, 1 
27684, 1, 1 
22859, 1, 8 
49588, 1, 1 
7084, 1, 1 
15608, 1, 1 
26924, 1, 1 
38828, 1, 1 
3080, 1, 1 
49768, 1, 1 
12521, 1, 1 
23, 1, 1 
5955, 1, 1 
9453, 1, 1 
22705, 1, 1 
7716, 1, 1 
26492, 1, 1 
52731, 1, 1 
22560, 1, 1 
50847, 1, 1 
28292, 1, 1 
2889, 1, 1 
34884, 1, 1 
49641, 1, 1 
28245, 1, 1 
37232, 1, 1 
8258, 1, 1 
33433, 1, 1 
37154, 1, 1 
6135, 1, 1 
22914, 1, 1 
50249, 1, 1 
41567, 1, 1 
25496, 1, 1 
57303, 1, 1 
34777, 1, 1 
27528, 1, 1 
41555, 1, 1 
56291, 1, 1 
49368, 1, 1 
44369, 1, 1 
19297, 1, 1 
10420, 1, 1 
30218, 1, 1 
22478, 1, 1 
11561, 1, 1 
42765, 1, 1 
55140, 1, 1 
8704, 1, 1 
7542, 1, 1 
7831, 1, 1 
1452, 1, 1 
33558, 1, 1 
553, 1, 1 
6647, 1, 1 
21555, 1, 1 
54380, 1, 1 
29086, 1, 1 
53887, 1, 1 
46850, 1, 1 
41733, 1, 1 
25724, 1, 1 
25600, 1, 1 
40504, 1, 1 
3956, 1, 1 
58963, 1, 1 
53103, 1, 1 
39328, 1, 1 
48027, 1, 1 
10508, 1, 1 
9618, 1, 1 
3605, 1, 1 
45926, 1, 1 
45703, 1, 1 
19614, 1, 1 
33183, 1, 1 
9622, 1, 1 
51594, 1, 1 
55155, 1, 1 
38965, 1, 1 
3431, 1, 1 
49384, 1, 1 
34542, 1, 1 
30852, 1, 1 
30404, 1, 1 
12060, 1, 1 
33799, 1, 1 
6568, 1, 1 
56696, 1, 1 
48860, 1, 1 
9277, 1, 1 
58377, 1, 1 
34588, 1, 1 
10118, 1, 1 
28167, 1, 1 
50326, 1, 1 
20838, 1, 1 
18833, 1, 1 
29999, 1, 1 
38664, 1, 1 
20686, 1, 1 
6116, 1, 1 
13514, 1, 1 
20361, 1, 1 
49339, 1, 1 
20131, 1, 1 
11579, 1, 1 
42132, 1, 1 
34945, 1, 1 
3900, 1, 1 
50120, 1, 1 
20474, 1, 1 
30210, 1, 1 
23498, 1, 1 
19510, 1, 1 
10257, 1, 1 
466, 1, 1 
52916, 1, 1 
54824, 1, 1 
31365, 1, 1 
18918, 1, 1 
38081, 1, 1 
45385, 1, 1 
51249, 1, 1 
23176, 1, 1 
18226, 1, 1 
47796, 1, 1 
37915, 1, 1 
22135, 1, 1 
42156, 1, 1 
37741, 1, 1 
39393, 1, 1 
56283, 1, 1 
20146, 1, 1 
3132, 1, 1 
21535, 1, 1 
40248, 1, 1 
47407, 1, 1 
38582, 1, 8 
34162, 1, 1 
397, 1, 1 
23302, 1, 1 
47790, 1, 1 
22538, 1, 1 
27201, 1, 1 
27585, 1, 1 
37939, 1, 1 
13748, 1, 1 
40714, 1, 1 
56226, 1, 1 
52521, 1, 1 
43261, 1, 1 
1822, 1, 1 
48510, 1, 1 
32612, 1, 1 
43444, 1, 1 
18352, 1, 1 
38545, 1, 1 
5864, 1, 1 
25443, 1, 1 
10290, 1, 1 
7253, 1, 1 
50219, 1, 1 
19150, 1, 1 
46142, 1, 1 
38499, 1, 1 
34156, 1, 1 
38029, 1, 1 
50857, 1, 1 
36731, 1, 8 
7689, 1, 1 
10686, 1, 1 
54236, 1, 1 
3411, 1, 1 
8891, 1, 1 
34617, 1, 1 
39805, 1, 1 
19776, 1, 1 
29451, 1, 1 
51540, 1, 1 
31134, 1, 2 
13283, 1, 1 
36042, 1, 1 
6718, 1, 1 
20746, 1, 1 
33383, 1, 1 
4003, 1, 1 
58586, 1, 1 
54293, 1, 1 
572, 1, 1 
15803, 1, 1 
19388, 1, 1 
10983, 1, 1 
30158, 1, 1 
23604, 1, 1 
35052, 1, 1 
56960, 1, 1 
53016, 1, 1 
34749, 1, 1 
26243, 1, 1 
47229, 1, 1 
33462, 1, 1 
6436, 1, 1 
10624, 1, 1 
48131, 1, 1 
28482, 1, 1 
43007, 1, 1 
35642, 1, 1 
27913, 1, 1 
15649, 1, 1 
47993, 1, 1 
48361, 1, 1 
19652, 1, 1 
32474, 1, 1 
44698, 1, 1 
59958, 1, 1 
38840, 1, 1 
58745, 1, 1 
24466, 1, 1 
37659, 1, 1 
52777, 1, 1 
3545, 1, 1 
52850, 1, 1 
17022, 1, 1 
4657, 1, 1 
25703, 1, 1 
54310, 1, 1 
1521, 1, 1 
51483, 1, 1 
28834, 1, 1 
6232, 1, 1 
6748, 1, 1 
9069, 1, 1 
21409, 1, 1 
50667, 1, 1 
9910, 1, 1 
1647, 1, 1 
51051, 1, 1 
7131, 1, 1 
19639, 1, 1 
8379, 1, 1 
38736, 1, 1 
23056, 1, 1 
30721, 1, 1 
6537, 1, 1 
53966, 1, 1 
50400, 1, 1 
20691, 1, 1 
32189, 1, 1 
46809, 1, 1 
41205, 1, 1 
37290, 1, 1 
49628, 1, 1 
52369, 1, 1 
25268, 1, 1 
8422, 1, 1 
23318, 1, 1 
52906, 1, 1 
18541, 1, 1 
2316, 1, 1 
15523, 1, 1 
10413, 1, 1 
52745, 1, 1 
33826, 1, 1 
48600, 1, 1 
21094, 1, 1 
5527, 1, 1 
56644, 1, 1 
45931, 1, 1 
38141, 1, 1 
14701, 1, 1 
15851, 1, 1 
5012, 1, 1 
33937, 1, 1 
52984, 1, 1 
20274, 1, 1 
32528, 1, 1 
57437, 1, 1 
33918, 1, 1 
44136, 1, 1 
21687, 1, 1 
25045, 1, 1 
310, 1, 1 
52619, 1, 1 
17964, 1, 1 
39033, 1, 1 
52174, 1, 1 
32482, 1, 1 
15612, 1, 1 
52444, 1, 1 
40069, 1, 1 
29514, 1, 1 
52654, 1, 1 
37207, 1, 1 
59571, 1, 1 
40861, 1, 1 
57037, 1, 1 
51188, 1, 1 
34241, 1, 1 
55495, 1, 1 
58203, 1, 1 
18384, 1, 1 
49037, 1, 1 
29114, 1, 1 
25751, 1, 1 
15157, 1, 1 
24020, 1, 1 
5859, 1, 1 
20094, 1, 1 
19410, 1, 1 
5552, 1, 1 
6834, 1, 1 
4639, 1, 1 
31916, 1, 1 
50447, 1, 1 
10842, 1, 1 
34992, 1, 1 
7435, 1, 1 
14631, 1, 1 
37911, 1, 1 
32632, 1, 1 
7838, 1, 1 
34173, 1, 1 
53726, 1, 1 
7472, 1, 1 
19167, 1, 1 
44967, 1, 1 
14310, 1, 1 
40071, 1, 1 
42740, 1, 1 
49860, 1, 1 
37237, 1, 1 
56610, 1, 1 
42702, 1, 1 
50493, 1, 1 
31366, 1, 8 
3729, 1, 1 
27250, 1, 1 
24923, 1, 1 
40310, 1, 1 
46256, 1, 1 
40651, 1, 1 
33752, 1, 1 
7622, 1, 1 
4387, 1, 1 
23612, 1, 1 
21220, 1, 1 
14466, 1, 1 
41282, 1, 1 
49557, 1, 1 
21357, 1, 1 
25230, 1, 1 
4766, 1, 1 
28894, 1, 1 
43484, 1, 1 
37869, 1, 1 
43286, 1, 1 
36240, 1, 1 
1786, 1, 1 
20018, 1, 1 
12132, 1, 1 
27604, 1, 1 
48902, 1, 1 
28098, 1, 1 
36898, 1, 1 
53405, 1, 1 
52177, 1, 1 
2708, 1, 1 
20798, 1, 1 
12798, 1, 1 
30457, 1, 1 
48720, 1, 1 
23034, 1, 1 
8095, 1, 1 
42666, 1, 1 
49420, 1, 1 
22345, 1, 1 
38415, 1, 1 
9085, 1, 1 
19749, 1, 1 
15835, 1, 1 
19411, 1, 1 
11608, 1, 1 
13102, 1, 1 
59586, 1, 1 
39018, 1, 1 
13835, 1, 1 
39905, 1, 1 
29825, 1, 1 
45861, 1, 1 
43705, 1, 1 
23291, 1, 1 
57057, 1, 1 
47340, 1, 9 
24038, 1, 1 
33298, 1, 1 
27693, 1, 1 
43033, 1, 1 
31250, 1, 1 
38697, 1, 1 
2747, 1, 1 
14560, 1, 1 
55299, 1, 1 
32229, 1, 1 
27681, 1, 1 
53308, 1, 1 
58610, 1, 1 
42584, 1, 1 
57197, 1, 1 
26687, 1, 1 
32577, 1, 1 
17627, 1, 1 
46930, 1, 1 
50482, 1, 1 
8124, 1, 1 
27018, 1, 1 
15898, 1, 1 
3130, 1, 1 
16674, 1, 1 
3885, 1, 1 
14698, 1, 1 
26598, 1, 1 
56882, 1, 1 
50261, 1, 1 
105, 1, 1 
10399, 1, 1 
42261, 1, 1 
55127, 1, 1 
43829, 1, 1 
44705, 1, 1 
43006, 1, 1 
41266, 1, 1 
38985, 1, 1 
49623, 1, 1 
52780, 1, 1 
57440, 1, 1 
21334, 1, 1 
51631, 1, 1 
45037, 1, 1 
959, 1, 1 
29447, 1, 1 
2907, 1, 1 
16021, 1, 1 
51772, 1, 1 
12807, 1, 1 
12166, 1, 1 
14212, 1, 1 
44627, 1, 1 
7588, 1, 1 
45092, 1, 1 
31511, 1, 1 
58017, 1, 1 
27011, 1, 1 
18050, 1, 1 
18321, 1, 1 
33377, 1, 1 
38354, 2, 2 
16328, 2, 2 
35216, 2, 2 
56752, 2, 2 
53017, 2, 8 
33361, 2, 2 
40405, 2, 2 
4157, 2, 2 
32408, 2, 2 
21194, 2, 2 
31513, 2, 2 
59833, 2, 2 
3444, 2, 2 
49993, 2, 2 
37630, 2, 2 
24014, 2, 2 
47065, 2, 2 
32780, 2, 2 
12858, 2, 2 
58563, 2, 2 
54796, 2, 2 
14174, 2, 2 
50230, 2, 2 
57838, 2, 2 
31233, 2, 2 
3980, 2, 2 
2887, 2, 2 
29500, 2, 2 
5, 2, 2 
19890, 2, 2 
14458, 2, 2 
17353, 2, 2 
17660, 2, 2 
43351, 2, 2 
38406, 2, 2 
27470, 2, 2 
42373, 2, 2 
40975, 2, 2 
45568, 2, 2 
24012, 2, 2 
38143, 2, 2 
9484, 2, 2 
52801, 2, 2 
1492, 2, 2 
19314, 2, 2 
36463, 2, 2 
54306, 2, 2 
21303, 2, 2 
25691, 2, 2 
35597, 2, 2 
20715, 2, 2 
20029, 2, 2 
35134, 2, 2 
5790, 2, 2 
42206, 2, 2 
10078, 2, 2 
39282, 2, 2 
37941, 2, 2 
59641, 2, 2 
56009, 2, 2 
51721, 2, 2 
1427, 2, 2 
15083, 2, 2 
2748, 2, 2 
40592, 2, 2 
25564, 2, 2 
58378, 2, 2 
40365, 2, 2 
55950, 2, 2 
17653, 2, 2 
46710, 2, 2 
57964, 2, 2 
22236, 2, 2 
48933, 2, 2 
53790, 2, 2 
33090, 2, 2 
5103, 2, 2 
30951, 2, 2 
55186, 2, 2 
46036, 2, 2 
8966, 2, 2 
15509, 2, 2 
22368, 2, 2 
6249, 2, 2 
6307, 2, 2 
22133, 2, 2 
56282, 2, 2 
14084, 2, 2 
50568, 2, 2 
55044, 2, 2 
30889, 2, 2 
50287, 2, 2 
52898, 2, 2 
20424, 2, 2 
39698, 2, 2 
6633, 2, 2 
3676, 2, 2 
53033, 2, 2 
52839, 2, 2 
1753, 2, 2 
5907, 2, 2 
28577, 2, 2 
39970, 2, 2 
47590, 2, 2 
32337, 2, 2 
15715, 2, 2 
42474, 2, 2 
18845, 2, 2 
57446, 2, 2 
51782, 2, 2 
57633, 2, 2 
9737, 2, 2 
35031, 2, 2 
34789, 2, 2 
58704, 2, 2 
21528, 2, 2 
23268, 2, 2 
56864, 2, 2 
2518, 2, 2 
5885, 2, 2 
46556, 2, 2 
26741, 2, 2 
50454, 2, 2 
26690, 2, 2 
20165, 2, 2 
54432, 2, 2 
18748, 2, 2 
32243, 2, 2 
530, 2, 2 
588, 2, 2 
4451, 2, 2 
2389, 2, 2 
39719, 2, 2 
21042, 2, 2 
2939, 2, 2 
52153, 2, 2 
3054, 2, 2 
32435, 2, 2 
48934, 2, 2 
5162, 2, 2 
47801, 2, 2 
13508, 2, 2 
2513, 2, 2 
50576, 2, 2 
24067, 2, 2 
28140, 2, 2 
20874, 2, 2 
55507, 2, 2 
53639, 2, 2 
42341, 2, 2 
30561, 2, 2 
36914, 2, 2 
43294, 2, 2 
34441, 2, 2 
6161, 2, 2 
28407, 2, 2 
15905, 2, 2 
26635, 2, 2 
22524, 2, 2 
33659, 2, 2 
1034, 2, 2 
54513, 2, 2 
37727, 2, 2 
24649, 2, 2 
7500, 2, 2 
57191, 2, 2 
55996, 2, 2 
1165, 2, 2 
38953, 2, 2 
11531, 2, 2 
30905, 2, 2 
21760, 2, 2 
50913, 2, 2 
21527, 2, 2 
31188, 2, 2 
31935, 2, 2 
39919, 2, 2 
40853, 2, 2 
36998, 2, 2 
23797, 2, 2 
12951, 2, 2 
25029, 2, 2 
20242, 2, 2 
5528, 2, 2 
43124, 2, 2 
47223, 2, 2 
8334, 2, 2 
40096, 2, 2 
35437, 2, 2 
28155, 2, 2 
58964, 2, 2 
10776, 2, 2 
47534, 2, 2 
32202, 2, 2 
2399, 2, 2 
55429, 2, 2 
29741, 2, 2 
10436, 2, 2 
47965, 2, 2 
19784, 2, 2 
17052, 2, 2 
3679, 2, 2 
33941, 2, 2 
54456, 2, 2 
55033, 2, 2 
41141, 2, 2 
57956, 2, 2 
38560, 2, 2 
25683, 2, 2 
1188, 2, 2 
1662, 2, 2 
11458, 2, 2 
43689, 2, 2 
11795, 2, 2 
21197, 2, 2 
45306, 2, 2 
58651, 2, 2 
3719, 2, 2 
9672, 2, 2 
22026, 2, 2 
10256, 2, 2 
33906, 2, 2 
49074, 2, 2 
9248, 2, 2 
6099, 2, 2 
9972, 2, 2 
41651, 2, 2 
35679, 2, 2 
40617, 2, 2 
42327, 2, 2 
391, 2, 2 
24602, 2, 2 
34964, 2, 2 
55089, 2, 2 
28289, 2, 2 
17595, 2, 2 
40044, 2, 2 
53910, 2, 2 
43176, 2, 2 
9542, 2, 2 
33591, 2, 2 
1715, 2, 2 
3813, 2, 2 
8403, 2, 2 
28842, 2, 2 
21713, 2, 2 
14342, 2, 2 
4071, 2, 2 
9625, 2, 2 
4080, 2, 2 
26540, 2, 2 
47731, 2, 2 
21802, 2, 2 
54877, 2, 2 
46001, 2, 2 
52829, 2, 2 
19345, 2, 2 
22414, 2, 8 
58019, 2, 2 
19843, 2, 2 
14063, 2, 2 
2053, 2, 2 
20595, 2, 2 
54454, 2, 2 
6944, 2, 2 
30794, 2, 2 
12727, 2, 2 
32057, 2, 2 
8749, 2, 2 
12938, 2, 2 
22861, 2, 2 
57427, 2, 2 
49782, 2, 2 
55985, 2, 2 
27186, 2, 2 
23397, 2, 2 
38124, 2, 2 
4182, 2, 2 
24096, 2, 2 
30336, 2, 2 
24746, 2, 2 
10477, 2, 2 
9518, 2, 2 
16146, 2, 2 
10354, 2, 2 
17339, 2, 2 
10583, 2, 2 
7736, 2, 2 
26164, 2, 2 
59444, 2, 2 
17220, 2, 2 
44794, 2, 2 
40956, 2, 2 
12784, 2, 2 
24546, 2, 2 
4716, 2, 2 
47443, 2, 2 
52408, 2, 2 
57112, 2, 2 
57153, 2, 2 
21044, 2, 2 
56739, 2, 2 
33233, 2, 2 
23171, 2, 2 
58114, 2, 2 
5016, 2, 2 
11772, 2, 2 
27888, 2, 2 
2892, 2, 2 
31240, 2, 2 
14771, 2, 2 
5895, 2, 2 
34129, 2, 2 
76, 2, 2 
6549, 2, 2 
16858, 2, 2 
41662, 2, 2 
39429, 2, 2 
37484, 2, 2 
50901, 2, 2 
25238, 2, 2 
36112, 2, 2 
2694, 2, 2 
39673, 2, 2 
38403, 2, 2 
1531, 2, 2 
59333, 2, 2 
43220, 2, 2 
3712, 2, 2 
45818, 2, 2 
20240, 2, 2 
53773, 2, 2 
24724, 2, 2 
20761, 2, 2 
36813, 2, 2 
4648, 2, 2 
20832, 2, 2 
38886, 2, 2 
47658, 2, 2 
56957, 2, 2 
20007, 2, 2 
8433, 2, 2 
7986, 2, 2 
2700, 2, 2 
44672, 2, 2 
46708, 2, 2 
15461, 2, 2 
47249, 2, 2 
6639, 2, 2 
5867, 2, 2 
34521, 2, 2 
57503, 2, 2 
7353, 2, 2 
40318, 2, 2 
53692, 2, 2 
29071, 2, 2 
29594, 2, 2 
48323, 2, 2 
58287, 2, 2 
54058, 2, 2 
46551, 2, 2 
58162, 2, 2 
21798, 2, 2 
48698, 2, 2 
26224, 2, 2 
38846, 2, 2 
54815, 2, 2 
41382, 2, 2 
32521, 2, 2 
57142, 2, 2 
48598, 2, 2 
55193, 2, 2 
5013, 2, 2 
25381, 2, 2 
35947, 2, 2 
52358, 2, 2 
31454, 2, 2 
13503, 2, 2 
20993, 2, 2 
1048, 2, 2 
31852, 2, 2 
1183, 2, 2 
1199, 2, 2 
34167, 2, 2 
33593, 2, 2 
31258, 2, 2 
47688, 2, 2 
9830, 2, 2 
57270, 2, 2 
120, 2, 2 
25220, 2, 2 
27393, 2, 2 
43885, 2, 2 
4371, 2, 2 
54866, 2, 2 
52400, 2, 2 
7897, 2, 2 
58928, 2, 2 
46585, 2, 2 
17266, 2, 2 
18661, 2, 2 
43338, 2, 2 
10680, 2, 2 
39790, 2, 2 
31177, 2, 2 
32297, 2, 2 
58619, 2, 2 
23503, 2, 2 
46940, 2, 2 
55525, 2, 2 
52331, 2, 2 
9627, 2, 2 
53819, 2, 2 
18435, 2, 2 
14515, 2, 2 
8841, 2, 2 
37580, 2, 2 
59667, 2, 2 
27120, 2, 2 
46386, 2, 2 
18003, 2, 2 
26863, 2, 2 
38952, 2, 2 
44195, 2, 2 
56785, 2, 2 
11394, 2, 2 
27736, 2, 2 
57889, 2, 2 
48545, 2, 2 
13100, 2, 2 
20022, 2, 2 
49625, 2, 2 
56759, 2, 2 
308, 2, 2 
53224, 2, 2 
8613, 2, 2 
19767, 2, 2 
5900, 2, 2 
50052, 2, 2 
716, 2, 2 
27171, 2, 2 
52410, 2, 2 
34917, 2, 2 
38356, 2, 2 
31905, 2, 2 
51937, 2, 2 
59675, 2, 2 
19321, 2, 2 
2684, 2, 2 
1735, 2, 2 
18764, 2, 2 
41595, 2, 2 
35443, 2, 2 
21444, 2, 2 
8886, 2, 2 
37296, 2, 2 
29657, 2, 2 
45486, 2, 2 
13645, 2, 2 
23025, 2, 2 
49106, 2, 2 
45047, 2, 2 
41080, 2, 2 
9776, 2, 2 
365, 2, 2 
10090, 2, 2 
42789, 2, 2 
36901, 2, 2 
58705, 2, 2 
15573, 2, 2 
49034, 2, 2 
38256, 2, 2 
32809, 2, 2 
6231, 2, 2 
378, 2, 2 
15270, 2, 2 
20786, 2, 2 
22726, 2, 2 
20289, 2, 2 
20305, 2, 2 
14852, 2, 2 
25122, 2, 2 
39256, 2, 2 
41985, 2, 2 
24732, 2, 2 
14125, 2, 2 
7262, 2, 2 
18255, 2, 2 
46935, 2, 2 
21121, 2, 2 
55319, 2, 2 
23114, 2, 2 
24939, 2, 2 
25732, 2, 2 
5449, 2, 2 
42012, 2, 2 
37777, 2, 2 
1301, 2, 2 
27520, 2, 2 
11017, 2, 2 
33407, 3, 3 
52432, 3, 3 
50892, 3, 3 
6892, 3, 3 
27022, 3, 3 
31667, 3, 3 
24603, 3, 3 
40517, 3, 3 
37167, 3, 3 
12953, 3, 3 
49913, 3, 3 
28936, 3, 3 
42212, 3, 3 
41048, 3, 3 
23239, 3, 3 
41822, 3, 3 
16019, 3, 3 
54603, 3, 3 
39267, 3, 3 
27486, 3, 3 
28444, 3, 3 
4449, 3, 3 
19101, 3, 3 
1357, 3, 3 
10052, 3, 3 
56871, 3, 3 
19337, 3, 3 
33371, 3, 3 
54859, 3, 3 
31042, 3, 3 
30729, 3, 3 
52785, 3, 3 
26503, 3, 3 
10775, 3, 3 
33970, 3, 3 
28858, 3, 3 
31178, 3, 3 
22172, 3, 3 
15535, 3, 3 
47625, 3, 3 
39327, 3, 3 
49103, 3, 3 
57474, 3, 3 
15336, 3, 3 
46549, 3, 3 
29800, 3, 3 
38549, 3, 3 
41960, 3, 3 
27835, 3, 3 
36990, 3, 3 
34058, 3, 3 
54201, 3, 3 
55858, 3, 3 
59137, 3, 3 
7263, 3, 3 
59798, 3, 3 
33132, 3, 3 
42823, 3, 3 
5277, 3, 3 
8094, 3, 3 
28476, 3, 3 
38991, 3, 3 
44388, 3, 3 
5001, 3, 3 
14529, 3, 3 
6594, 3, 3 
57495, 3, 3 
55874, 3, 3 
44555, 3, 3 
9679, 3, 3 
49018, 3, 3 
34315, 3, 3 
24783, 3, 3 
15210, 3, 3 
8693, 3, 8 
49763, 3, 3 
9848, 3, 3 
17569, 3, 3 
56434, 3, 3 
52298, 3, 3 
33609, 3, 3 
38368, 3, 3 
22234, 3, 3 
13778, 3, 3 
49166, 3, 3 
15007, 3, 3 
22374, 3, 3 
37517, 3, 3 
38529, 3, 3 
12108, 3, 3 
59961, 3, 3 
31431, 3, 3 
57351, 3, 3 
10424, 3, 3 
1722, 3, 3 
29701, 3, 3 
59178, 3, 3 
21487, 3, 3 
53691, 3, 3 
59886, 3, 3 
37161, 3, 3 
2023, 3, 3 
51063, 3, 3 
44350, 3, 3 
10000, 3, 3 
53749, 3, 3 
17580, 3, 3 
36449, 3, 3 
22271, 3, 3 
13567, 3, 3 
8936, 3, 3 
19238, 3, 3 
30571, 3, 3 
35143, 3, 3 
33896, 3, 3 
4740, 3, 3 
52281, 3, 3 
53566, 3, 3 
28626, 3, 3 
55962, 3, 3 
5738, 3, 3 
33500, 3, 3 
52085, 3, 3 
35969, 3, 3 
52810, 3, 3 
40502, 3, 3 
50195, 3, 3 
5987, 3, 3 
179, 3, 3 
59158, 3, 3 
46971, 3, 3 
10, 3, 3 
14674, 3, 3 
58966, 3, 3 
1631, 3, 3 
23287, 3, 3 
6148, 3, 3 
51085, 3, 3 
46409, 3, 3 
27316, 3, 3 
26194, 3, 3 
26744, 3, 3 
44426, 3, 3 
20096, 3, 3 
6185, 3, 3 
13239, 3, 3 
24780, 3, 3 
53923, 3, 3 
46136, 3, 3 
40836, 3, 3 
39696, 3, 3 
54694, 3, 3 
17778, 3, 3 
46743, 3, 3 
5238, 3, 3 
38565, 3, 3 
34645, 3, 3 
42264, 3, 3 
31409, 3, 3 
546, 3, 3 
8169, 3, 3 
40184, 3, 3 
24435, 3, 3 
35317, 3, 3 
44671, 3, 3 
17947, 3, 3 
57016, 3, 3 
47280, 3, 3 
43155, 3, 3 
2088, 3, 3 
35522, 3, 3 
30057, 3, 3 
19413, 3, 3 
25346, 3, 3 
12545, 3, 3 
57199, 3, 3 
17409, 3, 3 
34695, 3, 3 
18249, 3, 3 
40382, 3, 3 
40818, 3, 3 
51947, 3, 3 
52014, 3, 2 
5379, 3, 3 
33316, 3, 3 
28174, 3, 3 
37134, 3, 3 
46424, 3, 3 
29636, 3, 3 
54322, 3, 3 
52585, 3, 3 
32680, 3, 3 
22366, 3, 3 
56197, 3, 3 
7293, 3, 3 
24469, 3, 3 
43654, 3, 3 
40532, 3, 3 
19708, 3, 3 
33529, 3, 3 
7507, 3, 3 
13707, 3, 3 
34333, 3, 3 
10994, 3, 3 
878, 3, 3 
14577, 3, 3 
32209, 3, 3 
5919, 3, 3 
18299, 3, 3 
36377, 3, 3 
10161, 3, 3 
39566, 3, 3 
42097, 3, 3 
26711, 3, 3 
56165, 3, 3 
39941, 3, 3 
12729, 3, 3 
38089, 3, 3 
27274, 3, 3 
35381, 3, 3 
53402, 3, 3 
33908, 3, 3 
52300, 3, 3 
27804, 3, 3 
11958, 3, 3 
41165, 3, 3 
37996, 3, 3 
45509, 3, 8 
3674, 3, 3 
7767, 3, 3 
17734, 3, 3 
52972, 3, 3 
53305, 3, 3 
52828, 3, 3 
4022, 3, 3 
17624, 3, 3 
30986, 3, 3 
40462, 3, 3 
33877, 3, 3 
54487, 3, 3 
49287, 3, 3 
1119, 3, 3 
40618, 3, 3 
9412, 3, 3 
24142, 3, 3 
49494, 3, 3 
32790, 3, 3 
5974, 3, 3 
51133, 3, 3 
25409, 3, 3 
983, 3, 3 
16512, 3, 3 
19342, 3, 3 
53815, 3, 3 
17227, 3, 3 
52753, 3, 3 
18802, 3, 3 
25941, 3, 3 
58525, 3, 3 
21637, 3, 3 
54460, 3, 3 
2146, 3, 3 
4552, 3, 3 
22721, 3, 3 
8544, 3, 3 
15869, 3, 3 
51106, 3, 3 
16793, 3, 3 
47651, 3, 3 
5838, 3, 3 
33239, 3, 3 
35613, 3, 3 
55341, 3, 3 
30258, 3, 3 
28953, 3, 3 
52191, 3, 3 
50560, 3, 3 
250, 3, 3 
9074, 3, 3 
20413, 3, 3 
20314, 3, 3 
1150, 3, 3 
2871, 3, 3 
16191, 3, 3 
9636, 3, 3 
54107, 3, 3 
37163, 3, 3 
24336, 3, 3 
57247, 3, 3 
58324, 3, 3 
49654, 3, 3 
12377, 3, 3 
58449, 3, 3 
22204, 3, 3 
21381, 3, 3 
6662, 3, 3 
59202, 3, 3 
6427, 3, 3 
47007, 3, 3 
57391, 3, 3 
55665, 3, 3 
23281, 3, 3 
30793, 3, 3 
4735, 3, 3 
53838, 3, 3 
24784, 3, 3 
45747, 3, 3 
43067, 3, 3 
23977, 3, 3 
16260, 3, 3 
20553, 3, 3 
7976, 3, 3 
5588, 3, 3 
19950, 3, 3 
55548, 3, 3 
55864, 3, 3 
34659, 3, 3 
38827, 3, 3 
54735, 3, 3 
25454, 3, 3 
42951, 3, 3 
34607, 3, 3 
58582, 3, 3 
22011, 3, 3 
10322, 3, 3 
43997, 3, 3 
42423, 3, 3 
8054, 3, 3 
48311, 3, 3 
11539, 3, 3 
42248, 3, 3 
25728, 3, 3 
46937, 3, 3 
51543, 3, 3 
16229, 3, 3 
9107, 3, 3 
57172, 3, 3 
31229, 3, 3 
48702, 3, 3 
28431, 3, 3 
25034, 3, 3 
57009, 3, 3 
58183, 3, 3 
43235, 3, 3 
29765, 3, 8 
49300, 3, 3 
43043, 3, 3 
7569, 3, 3 
8227, 3, 3 
32933, 3, 3 
34363, 3, 3 
43476, 3, 3 
28472, 3, 3 
486, 3, 3 
30130, 3, 3 
32299, 3, 3 
52487, 3, 3 
58327, 3, 3 
31153, 3, 3 
789, 3, 3 
48974, 3, 3 
4595, 3, 3 
9278, 3, 3 
59921, 3, 3 
1668, 3, 3 
15497, 3, 3 
22404, 3, 3 
4461, 3, 3 
26127, 3, 3 
19739, 3, 3 
7463, 3, 3 
20344, 3, 3 
48064, 3, 3 
51038, 3, 3 
31488, 3, 3 
53960, 3, 3 
47803, 3, 3 
54530, 3, 3 
48300, 3, 3 
25164, 3, 3 
2960, 3, 3 
45327, 3, 3 
55796, 3, 3 
25911, 3, 3 
16329, 3, 3 
14686, 3, 3 
54077, 3, 3 
56191, 3, 3 
21525, 3, 3 
7030, 3, 3 
36103, 3, 3 
31183, 3, 3 
31155, 3, 3 
30540, 3, 3 
11781, 3, 8 
16091, 3, 3 
11949, 3, 8 
34713, 3, 3 
33432, 3, 3 
29610, 3, 3 
17553, 3, 3 
28006, 3, 3 
28580, 3, 3 
55104, 3, 3 
39786, 3, 3 
23119, 3, 3 
14476, 3, 3 
34023, 3, 3 
43889, 3, 3 
8708, 3, 3 
7935, 3, 3 
43782, 3, 3 
11570, 3, 3 
30760, 3, 3 
45246, 3, 3 
15125, 3, 3 
54972, 3, 3 
27553, 3, 3 
12244, 3, 3 
14210, 3, 3 
43557, 3, 3 
57522, 3, 3 
39774, 3, 3 
30040, 3, 3 
12483, 3, 3 
19962, 3, 3 
54291, 3, 3 
50045, 3, 3 
55937, 3, 3 
57492, 3, 3 
37209, 3, 3 
52168, 3, 3 
33845, 3, 3 
24532, 3, 3 
12100, 3, 3 
32192, 3, 3 
28825, 3, 3 
41863, 3, 3 
9648, 3, 3 
47469, 3, 3 
52375, 3, 3 
16755, 3, 3 
54060, 3, 3 
4262, 3, 3 
54767, 3, 3 
53123, 3, 3 
52601, 3, 3 
55151, 3, 3 
32799, 3, 3 
23101, 3, 3 
34646, 3, 3 
44, 3, 3 
31217, 3, 3 
55383, 3, 3 
7625, 3, 3 
45365, 3, 3 
19280, 3, 3 
39384, 3, 5 
24539, 3, 3 
53209, 3, 3 
27917, 3, 3 
45658, 3, 3 
25993, 3, 3 
1474, 3, 3 
44280, 3, 3 
42994, 3, 3 
11747, 3, 3 
20597, 3, 3 
58832, 3, 3 
25509, 3, 3 
27540, 3, 3 
27480, 3, 3 
35986, 3, 3 
21815, 3, 3 
40079, 3, 3 
50148, 3, 3 
10141, 3, 3 
3358, 3, 3 
2029, 3, 3 
47678, 3, 3 
55831, 3, 3 
6293, 3, 3 
50922, 3, 3 
22883, 3, 3 
48587, 3, 3 
34293, 3, 3 
52096, 3, 3 
55301, 3, 3 
20570, 3, 3 
34183, 3, 3 
38053, 3, 3 
31745, 3, 3 
46465, 3, 3 
44305, 3, 3 
57735, 3, 3 
30962, 3, 5 
20946, 3, 3 
45089, 3, 3 
56164, 3, 3 
49404, 3, 3 
29340, 4, 4 
13766, 4, 4 
20702, 4, 4 
14241, 4, 4 
30542, 4, 4 
9147, 4, 4 
15416, 4, 4 
23406, 4, 4 
35752, 4, 4 
39809, 4, 4 
22985, 4, 4 
57835, 4, 4 
38111, 4, 4 
48782, 4, 4 
40723, 4, 4 
42574, 4, 4 
48313, 4, 4 
31994, 4, 4 
3340, 4, 4 
6798, 4, 9 
25995, 4, 4 
29047, 4, 4 
37339, 4, 4 
48365, 4, 4 
43929, 4, 4 
28109, 4, 4 
46038, 4, 4 
16225, 4, 4 
46128, 4, 4 
59159, 4, 4 
56280, 4, 4 
56031, 4, 4 
2452, 4, 4 
13987, 4, 4 
11861, 4, 4 
32053, 4, 4 
48067, 4, 4 
30316, 4, 4 
34809, 4, 4 
6797, 4, 4 
26074, 4, 4 
52642, 4, 4 
28980, 4, 4 
43756, 4, 4 
41036, 4, 4 
24642, 4, 4 
36483, 4, 4 
292, 4, 4 
36399, 4, 4 
17561, 4, 4 
2052, 4, 4 
15456, 4, 4 
4436, 4, 4 
48745, 4, 4 
22563, 4, 4 
38757, 4, 4 
54769, 4, 4 
15161, 4, 4 
51723, 4, 4 
20258, 4, 4 
35429, 4, 4 
47521, 4, 4 
18708, 4, 4 
37616, 4, 4 
24120, 4, 4 
6652, 4, 4 
24087, 4, 4 
41714, 4, 4 
36742, 4, 4 
4896, 4, 4 
2647, 4, 4 
25604, 4, 4 
48608, 4, 4 
39703, 4, 4 
18455, 4, 4 
36097, 4, 4 
38871, 4, 4 
4205, 4, 4 
52979, 4, 4 
55318, 4, 4 
461, 4, 4 
50616, 4, 4 
19198, 4, 9 
5822, 4, 4 
44479, 4, 4 
19634, 4, 4 
51979, 4, 4 
27955, 4, 4 
40548, 4, 4 
12064, 4, 4 
29688, 4, 4 
2217, 4, 4 
13385, 4, 4 
52165, 4, 4 
41066, 4, 4 
38372, 4, 4 
1628, 4, 4 
30637, 4, 4 
49309, 4, 4 
6128, 4, 4 
139, 4, 4 
47347, 4, 4 
15111, 4, 4 
18990, 4, 4 
25670, 4, 4 
11956, 4, 4 
24986, 4, 4 
28703, 4, 4 
49850, 4, 4 
56268, 4, 4 
57537, 4, 4 
22242, 4, 4 
13073, 4, 4 
25845, 4, 4 
36867, 4, 4 
36907, 4, 4 
25419, 4, 4 
35141, 4, 4 
19478, 4, 4 
44124, 4, 4 
49967, 4, 4 
8243, 4, 4 
28500, 4, 4 
47884, 4, 4 
1446, 4, 4 
18888, 4, 4 
6833, 4, 4 
22535, 4, 4 
45751, 4, 4 
12058, 4, 4 
35673, 4, 4 
14981, 4, 4 
18327, 4, 4 
21797, 4, 4 
58208, 4, 4 
33650, 4, 4 
6598, 4, 4 
30875, 4, 4 
21235, 4, 4 
48835, 4, 4 
17182, 4, 4 
21262, 4, 4 
59026, 4, 4 
945, 4, 4 
24052, 4, 9 
30253, 4, 4 
28599, 4, 4 
44521, 4, 4 
16094, 4, 4 
59108, 4, 4 
4361, 4, 4 
44091, 4, 4 
31083, 4, 4 
53192, 4, 4 
52564, 4, 4 
45574, 4, 9 
42519, 4, 4 
57873, 4, 4 
32565, 4, 4 
49994, 4, 4 
40343, 4, 4 
34449, 4, 4 
22355, 4, 4 
26911, 4, 4 
14047, 4, 4 
38630, 4, 4 
12973, 4, 4 
54447, 4, 4 
41722, 4, 4 
21472, 4, 4 
44831, 4, 4 
16995, 4, 4 
48195, 4, 4 
38296, 4, 4 
7009, 4, 9 
21561, 4, 4 
31951, 4, 4 
54745, 4, 4 
17916, 4, 9 
47805, 4, 4 
47507, 4, 4 
8081, 4, 4 
56406, 4, 4 
10396, 4, 4 
10571, 4, 4 
22714, 4, 4 
31940, 4, 4 
13009, 4, 4 
59312, 4, 4 
32032, 4, 4 
4379, 4, 4 
34593, 4, 4 
12384, 4, 4 
10923, 4, 4 
43274, 4, 4 
13419, 4, 4 
25811, 4, 4 
45025, 4, 4 
44105, 4, 4 
26510, 4, 4 
14539, 4, 4 
34507, 4, 4 
49195, 4, 4 
36073, 4, 4 
58416, 4, 4 
28363, 4, 4 
42620, 4, 4 
32448, 4, 4 
1976, 4, 4 
45214, 4, 4 
35392, 4, 4 
43481, 4, 4 
16685, 4, 4 
46503, 4, 4 
38812, 4, 4 
11930, 4, 4 
46314, 4, 9 
21849, 4, 4 
49000, 4, 4 
57443, 4, 4 
41173, 4, 4 
11824, 4, 4 
53495, 4, 4 
23580, 4, 4 
18637, 4, 4 
5813, 4, 4 
14652, 4, 4 
46920, 4, 4 
42750, 4, 4 
18954, 4, 4 
11381, 4, 4 
32164, 4, 4 
25401, 4, 4 
55793, 4, 4 
57637, 4, 4 
56072, 4, 4 
10313, 4, 8 
49501, 4, 4 
12291, 4, 4 
13458, 4, 4 
47128, 4, 4 
3783, 4, 4 
10634, 4, 4 
2891, 4, 4 
43395, 4, 4 
17954, 4, 4 
29879, 4, 4 
54171, 4, 4 
51403, 4, 4 
40363, 4, 4 
54175, 4, 4 
38132, 4, 4 
55690, 4, 4 
46623, 4, 4 
50183, 4, 4 
28020, 4, 4 
19161, 4, 4 
55303, 4, 4 
33803, 4, 4 
3074, 4, 4 
52532, 4, 4 
48123, 4, 4 
5401, 4, 4 
15931, 4, 4 
27102, 4, 4 
6253, 4, 4 
47029, 4, 4 
49777, 4, 4 
25334, 4, 4 
3240, 4, 4 
11460, 4, 4 
51893, 4, 4 
51028, 4, 4 
21232, 4, 4 
2235, 4, 4 
12036, 4, 4 
16127, 4, 4 
48084, 4, 4 
10693, 4, 4 
56827, 4, 4 
47326, 4, 4 
30059, 4, 4 
26319, 4, 4 
54234, 4, 4 
41865, 4, 4 
43355, 4, 4 
28227, 4, 4 
34146, 4, 4 
54431, 4, 4 
45761, 4, 8 
28799, 4, 4 
18185, 4, 4 
36790, 4, 4 
9496, 4, 4 
13500, 4, 4 
47608, 4, 4 
569, 4, 4 
46786, 4, 4 
25925, 4, 4 
2341, 4, 4 
46472, 4, 4 
33849, 4, 4 
56293, 4, 4 
26217, 4, 4 
49078, 4, 4 
19217, 4, 4 
3639, 4, 4 
1922, 4, 4 
48730, 4, 4 
37722, 4, 4 
27044, 4, 4 
32560, 4, 4 
15400, 4, 4 
7596, 4, 9 
56808, 4, 8 
42333, 4, 4 
54742, 4, 4 
39239, 4, 4 
37562, 4, 4 
58994, 4, 4 
58813, 4, 4 
44731, 4, 4 
15729, 4, 4 
28373, 4, 4 
2439, 4, 4 
22138, 4, 4 
49712, 4, 4 
27695, 4, 4 
18184, 4, 4 
36877, 4, 4 
42216, 4, 9 
30174, 4, 4 
52260, 4, 4 
3125, 4, 4 
36619, 4, 4 
50080, 4, 4 
1271, 4, 4 
20059, 4, 4 
16818, 4, 4 
25759, 4, 4 
42567, 4, 4 
56122, 4, 4 
5880, 4, 4 
46388, 4, 4 
49005, 4, 9 
21611, 4, 4 
18081, 4, 4 
27538, 4, 4 
11783, 4, 4 
30327, 4, 4 
37388, 4, 4 
12538, 4, 4 
25014, 4, 4 
17891, 4, 4 
11852, 4, 4 
31317, 4, 4 
20651, 4, 4 
50388, 4, 4 
5735, 4, 4 
47937, 4, 4 
28327, 4, 4 
52876, 4, 4 
13071, 4, 4 
12589, 4, 4 
47365, 4, 4 
44581, 4, 4 
1232, 4, 4 
37372, 4, 4 
51454, 4, 4 
21491, 4, 4 
3217, 4, 4 
56190, 4, 4 
8622, 4, 4 
25288, 4, 4 
4133, 4, 4 
7417, 4, 4 
14188, 4, 4 
38872, 4, 4 
58184, 4, 4 
15294, 4, 4 
1461, 4, 4 
56700, 4, 4 
43675, 4, 4 
50267, 4, 4 
22572, 4, 4 
39511, 4, 4 
10437, 4, 4 
53346, 4, 4 
35716, 4, 4 
15841, 4, 4 
48990, 4, 8 
54657, 4, 4 
33473, 4, 4 
26207, 4, 4 
9216, 4, 4 
3911, 4, 4 
52589, 4, 4 
41192, 4, 4 
14175, 4, 4 
53807, 4, 4 
6312, 4, 4 
43949, 4, 4 
237, 4, 4 
33846, 4, 4 
53710, 4, 4 
28866, 4, 4 
9431, 4, 4 
29588, 4, 6 
19055, 4, 4 
53925, 4, 4 
58164, 4, 4 
51312, 4, 4 
59893, 4, 4 
9980, 4, 4 
16098, 4, 4 
17940, 4, 4 
39046, 4, 4 
21307, 4, 4 
25170, 4, 4 
4252, 4, 4 
12675, 4, 4 
49256, 4, 4 
21776, 4, 4 
37516, 4, 4 
27433, 4, 4 
23648, 4, 4 
46781, 4, 4 
9667, 4, 4 
17694, 4, 4 
10236, 4, 4 
3496, 4, 4 
9940, 4, 9 
855, 4, 4 
49692, 4, 4 
3611, 4, 4 
23393, 4, 4 
9821, 4, 4 
36726, 4, 4 
40621, 4, 4 
57146, 4, 4 
16942, 4, 4 
48959, 4, 4 
16312, 4, 4 
15027, 4, 4 
24514, 4, 4 
10967, 4, 4 
53883, 4, 4 
32027, 4, 4 
24894, 4, 4 
58797, 4, 4 
56183, 4, 4 
36434, 4, 4 
59407, 4, 4 
17536, 4, 4 
6210, 4, 4 
7734, 4, 4 
14882, 4, 4 
45424, 4, 4 
6778, 4, 4 
36246, 4, 4 
13539, 4, 4 
3686, 4, 4 
40593, 4, 4 
23896, 4, 4 
35590, 4, 4 
38622, 4, 4 
30195, 4, 4 
48240, 4, 4 
20211, 4, 8 
29794, 4, 4 
56642, 4, 4 
59335, 4, 4 
38515, 4, 4 
56247, 4, 4 
33285, 4, 4 
10937, 4, 4 
412, 4, 4 
6804, 4, 4 
19573, 4, 4 
55511, 4, 4 
41913, 4, 4 
37858, 4, 4 
56452, 4, 9 
13688, 4, 4 
43231, 4, 4 
46846, 4, 4 
51966, 4, 4 
3052, 4, 4 
50587, 4, 4 
30890, 4, 4 
52414, 4, 4 
3459, 4, 4 
49017, 4, 4 
20794, 4, 4 
31227, 4, 4 
655, 4, 4 
10252, 4, 4 
32341, 4, 4 
42684, 4, 4 
53450, 4, 4 
23384, 5, 5 
43488, 5, 5 
5887, 5, 5 
52108, 5, 5 
58957, 5, 5 
33138, 5, 5 
52332, 5, 5 
4057, 5, 5 
57902, 5, 5 
50320, 5, 5 
23981, 5, 5 
28413, 5, 5 
16819, 5, 5 
49470, 5, 5 
3126, 5, 5 
45894, 5, 5 
3860, 5, 5 
635, 5, 5 
21155, 5, 5 
1311, 5, 5 
6112, 5, 5 
43651, 5, 5 
17436, 5, 5 
8649, 5, 5 
15969, 5, 5 
58414, 5, 5 
42589, 5, 5 
17385, 5, 5 
11237, 5, 5 
1810, 5, 5 
36487, 5, 5 
55804, 5, 5 
53795, 5, 5 
14316, 5, 5 
45423, 5, 5 
36819, 5, 5 
27117, 5, 5 
23832, 5, 5 
52190, 5, 5 
11179, 5, 5 
3401, 5, 5 
19702, 5, 5 
59196, 5, 5 
14628, 5, 5 
47039, 5, 5 
6274, 5, 5 
18511, 5, 5 
38038, 5, 5 
35787, 5, 5 
8022, 5, 5 
57369, 5, 5 
26466, 5, 5 
17558, 5, 5 
39807, 5, 5 
35743, 5, 5 
30544, 5, 5 
15702, 5, 5 
44383, 5, 5 
40731, 5, 5 
23763, 5, 5 
7193, 5, 5 
55460, 5, 5 
49760, 5, 5 
45166, 5, 5 
39410, 5, 5 
47444, 5, 5 
15070, 5, 5 
35310, 5, 8 
11375, 5, 5 
41980, 5, 5 
30315, 5, 5 
1467, 5, 5 
56063, 5, 5 
55414, 5, 5 
7963, 5, 5 
17156, 5, 5 
39027, 5, 5 
13312, 5, 5 
26102, 5, 5 
10492, 5, 5 
18553, 5, 5 
31316, 5, 5 
33905, 5, 5 
40678, 5, 5 
28277, 5, 5 
37072, 5, 5 
26069, 5, 5 
20038, 5, 5 
38843, 5, 5 
36309, 5, 5 
50420, 5, 5 
5489, 5, 5 
48358, 5, 5 
50173, 5, 5 
58824, 5, 5 
54988, 5, 5 
34276, 5, 5 
43144, 5, 5 
40567, 5, 5 
22463, 5, 5 
56036, 5, 5 
59133, 5, 5 
52003, 5, 5 
49686, 5, 5 
9340, 5, 5 
35350, 5, 5 
51339, 5, 5 
15720, 5, 5 
55554, 5, 5 
46522, 5, 5 
58814, 5, 5 
8748, 5, 5 
31944, 5, 5 
15000, 5, 5 
1482, 5, 5 
55685, 5, 5 
22379, 5, 5 
17446, 5, 5 
21754, 5, 5 
43402, 5, 5 
26437, 5, 5 
23947, 5, 5 
34122, 5, 5 
37308, 5, 5 
39468, 5, 5 
19364, 5, 5 
100, 5, 5 
21276, 5, 5 
10008, 5, 5 
26112, 5, 5 
26163, 5, 5 
45012, 5, 5 
59234, 5, 5 
16353, 5, 5 
7845, 5, 5 
50677, 5, 5 
24170, 5, 5 
20200, 5, 5 
38414, 5, 5 
13663, 5, 5 
27727, 5, 5 
18839, 5, 5 
44563, 5, 5 
11396, 5, 5 
57167, 5, 5 
30853, 5, 5 
40624, 5, 5 
20528, 5, 5 
56554, 5, 5 
13642, 5, 5 
18495, 5, 5 
8010, 5, 5 
41045, 5, 5 
4194, 5, 5 
35224, 5, 5 
34114, 5, 5 
45049, 5, 5 
25813, 5, 5 
47503, 5, 5 
7967, 5, 5 
58948, 5, 5 
20266, 5, 5 
44381, 5, 5 
31644, 5, 5 
6735, 5, 5 
18929, 5, 5 
23620, 5, 5 
34800, 5, 5 
42274, 5, 5 
55839, 5, 5 
19533, 5, 5 
46733, 5, 5 
58261, 5, 5 
6195, 5, 5 
39831, 5, 5 
36330, 5, 5 
31554, 5, 5 
42321, 5, 5 
29637, 5, 5 
27296, 5, 5 
23209, 5, 5 
13811, 5, 5 
50301, 5, 5 
2182, 5, 5 
57710, 5, 5 
24995, 5, 5 
28606, 5, 5 
29473, 5, 5 
27921, 5, 5 
50451, 5, 5 
20590, 5, 5 
16908, 5, 5 
47629, 5, 5 
14144, 5, 5 
55060, 5, 5 
16215, 5, 5 
17239, 5, 5 
47591, 5, 5 
22734, 5, 5 
33825, 5, 5 
8173, 5, 5 
25832, 5, 5 
6555, 5, 5 
27471, 5, 5 
58460, 5, 5 
50601, 5, 5 
42431, 5, 5 
14471, 5, 5 
23869, 5, 5 
49427, 5, 5 
14435, 5, 5 
19487, 5, 5 
36579, 5, 5 
26648, 5, 5 
22102, 5, 5 
26313, 5, 5 
40966, 5, 5 
55184, 5, 5 
41934, 5, 5 
2266, 5, 5 
10777, 5, 5 
37379, 5, 5 
14183, 5, 5 
54366, 5, 5 
59426, 5, 5 
18090, 5, 5 
59269, 5, 5 
58471, 5, 5 
20881, 5, 5 
26590, 5, 5 
26675, 5, 5 
39015, 5, 5 
543, 5, 5 
55865, 5, 5 
24077, 5, 5 
25002, 5, 5 
40434, 5, 5 
5066, 5, 5 
29787, 5, 5 
38818, 5, 5 
28029, 5, 5 
54491, 5, 5 
30132, 5, 5 
29555, 5, 5 
14106, 5, 5 
9159, 5, 5 
31099, 5, 5 
37438, 5, 5 
59384, 5, 5 
18234, 5, 5 
14970, 5, 5 
7531, 5, 5 
19797, 5, 5 
50831, 5, 5 
20140, 5, 5 
18329, 5, 5 
31472, 5, 5 
56310, 5, 5 
29076, 5, 5 
31687, 5, 5 
48825, 5, 5 
7885, 5, 5 
16126, 5, 5 
14451, 5, 5 
23249, 5, 5 
26017, 5, 5 
27416, 5, 5 
26398, 5, 5 
10280, 5, 5 
36253, 5, 5 
29771, 5, 5 
21484, 5, 5 
28261, 5, 5 
29404, 5, 5 
51296, 5, 5 
19741, 5, 5 
24068, 5, 5 
23836, 5, 5 
49476, 5, 5 
42543, 5, 5 
32923, 5, 5 
19108, 5, 5 
51674, 5, 5 
28116, 5, 5 
52776, 5, 5 
21632, 5, 5 
46824, 5, 5 
579, 5, 5 
26020, 5, 5 
43523, 5, 5 
6772, 5, 5 
42267, 5, 5 
49890, 5, 5 
4304, 5, 5 
33245, 5, 5 
47528, 5, 5 
6389, 5, 5 
29487, 5, 5 
22866, 5, 5 
9858, 5, 5 
2282, 5, 5 
40546, 5, 5 
34340, 5, 5 
29462, 5, 5 
27802, 5, 5 
57768, 5, 5 
50881, 5, 5 
2755, 5, 5 
32711, 5, 5 
22679, 5, 5 
29648, 5, 5 
56203, 5, 5 
38250, 5, 5 
4723, 5, 5 
26553, 5, 5 
22575, 5, 5 
10397, 5, 5 
47609, 5, 5 
29354, 5, 5 
57345, 5, 5 
21210, 5, 5 
17099, 5, 5 
47251, 5, 5 
11674, 5, 5 
33121, 5, 5 
30042, 5, 5 
16219, 5, 5 
50383, 5, 5 
49687, 5, 5 
46102, 5, 5 
9464, 5, 5 
13747, 5, 5 
12092, 5, 5 
8624, 5, 5 
16426, 5, 5 
32134, 5, 5 
35057, 5, 5 
17494, 5, 5 
622, 5, 5 
38675, 5, 5 
42889, 5, 5 
38656, 5, 5 
21481, 5, 5 
56860, 5, 5 
26331, 5, 5 
13120, 5, 5 
26363, 5, 5 
36516, 5, 5 
34579, 5, 5 
6524, 5, 5 
37698, 5, 5 
43776, 5, 5 
31328, 5, 5 
23906, 5, 5 
24730, 5, 5 
38378, 5, 5 
50006, 5, 5 
7154, 5, 5 
43189, 5, 5 
26736, 5, 5 
47296, 5, 5 
21039, 5, 5 
40159, 5, 5 
32519, 5, 5 
44713, 5, 5 
35858, 5, 5 
30030, 5, 5 
28384, 5, 5 
40207, 5, 5 
13940, 5, 5 
41926, 5, 5 
13551, 5, 5 
38698, 5, 5 
653, 5, 5 
26062, 5, 5 
52683, 5, 5 
27255, 5, 5 
52040, 5, 5 
23928, 5, 5 
36303, 5, 5 
12146, 5, 5 
7802, 5, 5 
57242, 5, 5 
35267, 5, 5 
11064, 5, 5 
1824, 5, 5 
3205, 5, 5 
42761, 5, 5 
55075, 5, 5 
33674, 5, 5 
13659, 5, 5 
1206, 5, 5 
49025, 5, 5 
44733, 5, 5 
58365, 5, 5 
26868, 5, 5 
32750, 5, 5 
40902, 5, 5 
32506, 5, 5 
33968, 5, 5 
18248, 5, 5 
46597, 5, 5 
54051, 5, 5 
44781, 5, 5 
56663, 5, 5 
31010, 5, 5 
13862, 5, 5 
40669, 5, 5 
5603, 5, 5 
7902, 5, 5 
10434, 5, 5 
12684, 5, 5 
43397, 5, 5 
8639, 5, 5 
4480, 5, 5 
21365, 5, 5 
8642, 5, 5 
16845, 5, 5 
9044, 5, 5 
17073, 5, 5 
23324, 5, 5 
31455, 5, 5 
19607, 5, 5 
6151, 5, 5 
12688, 5, 5 
30476, 5, 5 
21919, 5, 5 
58688, 5, 5 
41152, 5, 5 
6434, 5, 5 
259, 5, 5 
33475, 5, 5 
43540, 5, 5 
28271, 5, 5 
45175, 5, 5 
48921, 5, 5 
6529, 5, 5 
37089, 5, 5 
58439, 5, 5 
11696, 5, 5 
42317, 5, 5 
2461, 5, 5 
38773, 5, 5 
12347, 5, 5 
54446, 5, 5 
47949, 5, 5 
58119, 5, 5 
45360, 5, 5 
56852, 5, 5 
14894, 5, 5 
47281, 5, 5 
13633, 5, 5 
11638, 5, 5 
4941, 5, 5 
21563, 5, 5 
56127, 5, 5 
13591, 5, 5 
49503, 5, 5 
40144, 5, 5 
24608, 5, 5 
23972, 5, 5 
25560, 5, 5 
20359, 5, 5 
56812, 5, 5 
51990, 5, 5 
335, 5, 5 
59446, 5, 5 
58142, 5, 5 
2999, 5, 5 
11472, 5, 5 
2414, 5, 5 
35702, 5, 5 
39416, 5, 5 
12893, 5, 5 
43328, 5, 5 
24630, 5, 5 
20034, 5, 5 
23903, 5, 5 
31252, 5, 5 
5526, 5, 5 
9232, 5, 5 
51364, 5, 5 
46358, 5, 5 
50019, 5, 5 
23722, 5, 5 
53120, 5, 5 
970, 5, 5 
27502, 5, 5 
2713, 5, 5 
5737, 5, 5 
54331, 5, 5 
54381, 5, 5 
14218, 5, 5 
34882, 5, 5 
40268, 5, 5 
22556, 5, 5 
30697, 5, 5 
44738, 5, 5 
12331, 5, 5 
10286, 5, 5 
14989, 6, 6 
19471, 6, 6 
4699, 6, 6 
2249, 6, 6 
35601, 6, 6 
24945, 6, 6 
50594, 6, 6 
45846, 6, 6 
33910, 6, 6 
8546, 6, 6 
2044, 6, 6 
8336, 6, 6 
54363, 6, 6 
39036, 6, 6 
55245, 6, 6 
27303, 6, 6 
14129, 6, 6 
29774, 6, 6 
41323, 6, 6 
47631, 6, 6 
28680, 6, 6 
59687, 6, 6 
55627, 6, 6 
36966, 6, 6 
14487, 6, 6 
12201, 6, 6 
8940, 6, 6 
51408, 6, 6 
17619, 6, 6 
37037, 6, 6 
28898, 6, 6 
3485, 6, 6 
59693, 6, 6 
59125, 6, 6 
14232, 6, 6 
28508, 6, 6 
47687, 6, 6 
52434, 6, 6 
16736, 6, 6 
5837, 6, 6 
38013, 6, 6 
27703, 6, 6 
3245, 6, 6 
29537, 6, 6 
18199, 6, 6 
3109, 6, 6 
8871, 6, 6 
16894, 6, 6 
24074, 6, 6 
25777, 6, 6 
13373, 6, 6 
38367, 6, 6 
26934, 6, 6 
30856, 6, 6 
24395, 6, 6 
26915, 6, 6 
8151, 6, 6 
45839, 6, 6 
23893, 6, 6 
32043, 6, 6 
38084, 6, 6 
10979, 6, 6 
8848, 6, 6 
7577, 6, 6 
17524, 6, 6 
5365, 6, 6 
37401, 6, 6 
16936, 6, 6 
30295, 6, 6 
37390, 6, 6 
43697, 6, 6 
12101, 6, 6 
40023, 6, 6 
23907, 6, 6 
49577, 6, 6 
59632, 6, 6 
15673, 6, 6 
23577, 6, 6 
53543, 6, 6 
54227, 6, 6 
22055, 6, 6 
22084, 6, 6 
56385, 6, 6 
19276, 6, 6 
54237, 6, 6 
5290, 6, 6 
40356, 6, 6 
43866, 6, 6 
33116, 6, 6 
46101, 6, 6 
53230, 6, 6 
32592, 6, 6 
24286, 6, 6 
28397, 6, 6 
841, 6, 6 
30023, 6, 6 
23233, 6, 6 
19927, 6, 6 
5600, 6, 6 
5554, 6, 6 
21348, 6, 6 
15384, 6, 6 
32725, 6, 6 
21268, 6, 6 
22809, 6, 6 
34791, 6, 6 
27799, 6, 6 
24242, 6, 6 
14666, 6, 6 
34767, 6, 6 
37788, 6, 6 
9233, 6, 6 
41545, 6, 6 
3363, 6, 6 
7111, 6, 6 
6732, 6, 6 
31859, 6, 6 
40137, 6, 6 
38190, 6, 6 
46704, 6, 6 
6482, 6, 6 
41452, 6, 6 
11680, 6, 6 
22559, 6, 6 
5832, 6, 6 
39273, 6, 6 
35687, 6, 6 
59453, 6, 6 
25753, 6, 6 
24955, 6, 6 
46383, 6, 6 
55533, 6, 6 
2479, 6, 6 
26372, 6, 6 
28548, 6, 6 
14292, 6, 6 
17933, 6, 6 
28549, 6, 6 
24165, 6, 6 
58724, 6, 6 
37993, 6, 6 
11128, 6, 6 
54646, 6, 6 
55590, 6, 6 
51276, 6, 6 
13444, 6, 6 
34492, 6, 6 
6796, 6, 6 
26765, 6, 6 
37310, 6, 6 
26342, 6, 6 
9217, 6, 6 
44984, 6, 6 
33782, 6, 6 
13995, 6, 6 
42381, 6, 6 
47891, 6, 6 
45410, 6, 6 
52194, 6, 6 
26563, 6, 6 
44715, 6, 6 
51191, 6, 6 
51066, 6, 6 
26107, 6, 6 
46482, 6, 6 
29226, 6, 6 
31220, 6, 6 
59841, 6, 6 
19464, 6, 6 
27750, 6, 6 
28883, 6, 6 
57791, 6, 6 
3767, 6, 6 
53677, 6, 6 
1750, 6, 6 
39777, 6, 6 
51920, 6, 6 
25035, 6, 6 
34827, 6, 6 
46529, 6, 6 
15269, 6, 6 
44217, 6, 6 
25090, 6, 6 
53127, 6, 6 
24526, 6, 6 
39679, 6, 6 
6473, 6, 6 
2387, 6, 6 
9818, 6, 6 
30671, 6, 6 
43914, 6, 6 
57147, 6, 6 
34342, 6, 6 
59000, 6, 6 
55039, 6, 6 
44315, 6, 6 
16796, 6, 6 
8461, 6, 6 
21103, 6, 6 
40927, 6, 6 
56552, 6, 6 
38780, 6, 6 
37421, 6, 6 
6509, 6, 6 
40085, 6, 6 
32455, 6, 6 
21545, 6, 6 
6000, 6, 6 
13970, 6, 6 
57347, 6, 6 
53877, 6, 6 
13941, 6, 6 
34336, 6, 6 
25340, 6, 6 
36903, 6, 6 
18869, 6, 6 
3629, 6, 6 
34624, 6, 6 
58435, 6, 6 
26716, 6, 6 
58842, 6, 6 
58115, 6, 6 
19722, 6, 6 
44571, 6, 6 
21763, 6, 6 
39431, 6, 6 
21419, 6, 6 
45376, 6, 6 
3335, 6, 6 
5451, 6, 6 
35210, 6, 6 
47593, 6, 6 
19964, 6, 6 
11327, 6, 6 
19805, 6, 6 
54717, 6, 6 
33055, 6, 6 
32696, 6, 6 
28829, 6, 6 
21918, 6, 6 
37639, 6, 6 
44168, 6, 6 
20998, 6, 6 
45623, 6, 6 
26521, 6, 6 
449, 6, 6 
49133, 6, 6 
45986, 6, 6 
30314, 6, 6 
27244, 6, 6 
56675, 6, 6 
51535, 6, 6 
22240, 6, 6 
39067, 6, 6 
42685, 6, 6 
7991, 6, 6 
41675, 6, 6 
22944, 6, 6 
55738, 6, 6 
59474, 6, 6 
2093, 6, 6 
20916, 6, 6 
51628, 6, 6 
3097, 6, 6 
28591, 6, 6 
22385, 6, 6 
34703, 6, 6 
13731, 6, 6 
6638, 6, 6 
30576, 6, 6 
17401, 6, 6 
1456, 6, 6 
48958, 6, 6 
30911, 6, 6 
17079, 6, 8 
46859, 6, 6 
32370, 6, 6 
12640, 6, 6 
20005, 6, 6 
34220, 6, 6 
59791, 6, 6 
28552, 6, 6 
54383, 6, 6 
22160, 6, 6 
20757, 6, 6 
10442, 6, 6 
6903, 6, 6 
10484, 6, 6 
7294, 6, 6 
49761, 6, 6 
4349, 6, 6 
22716, 6, 6 
50092, 6, 6 
59273, 6, 6 
14178, 6, 6 
36810, 6, 6 
51596, 6, 6 
25037, 6, 6 
3757, 6, 6 
34447, 6, 6 
1117, 6, 6 
55327, 6, 6 
28605, 6, 6 
39947, 6, 6 
41303, 6, 6 
31437, 6, 6 
58352, 6, 6 
29766, 6, 6 
10229, 6, 6 
28727, 6, 6 
25193, 6, 6 
48692, 6, 6 
29489, 6, 6 
54345, 6, 6 
34816, 6, 6 
31867, 6, 6 
16064, 6, 6 
18788, 6, 6 
7389, 6, 6 
18447, 6, 6 
46682, 6, 6 
4143, 6, 6 
44330, 6, 6 
54252, 6, 6 
22298, 6, 6 
55123, 6, 6 
12216, 6, 6 
59359, 6, 6 
42843, 6, 6 
57860, 6, 6 
33272, 6, 6 
55111, 6, 6 
4778, 6, 6 
49328, 6, 6 
50880, 6, 6 
48199, 6, 6 
27019, 6, 6 
24184, 6, 6 
27415, 6, 6 
35280, 6, 6 
14641, 6, 6 
29997, 6, 6 
46471, 6, 6 
18128, 6, 6 
41246, 6, 6 
52859, 6, 6 
39278, 6, 6 
4072, 6, 6 
21856, 6, 6 
30150, 6, 6 
22693, 6, 6 
29928, 6, 6 
29643, 6, 6 
40394, 6, 6 
12270, 6, 6 
20288, 6, 6 
25489, 6, 6 
44017, 6, 6 
37071, 6, 6 
15806, 6, 6 
24030, 6, 6 
53215, 6, 6 
40139, 6, 6 
54215, 6, 6 
40244, 6, 6 
35883, 6, 6 
33919, 6, 6 
737, 6, 6 
36446, 6, 6 
45713, 6, 6 
9177, 6, 6 
5654, 6, 6 
37336, 6, 6 
31457, 6, 6 
34535, 6, 6 
17528, 6, 6 
39589, 6, 6 
43125, 6, 6 
50275, 6, 6 
48083, 6, 6 
59417, 6, 6 
23699, 6, 6 
23453, 6, 6 
40775, 6, 6 
38302, 6, 6 
30968, 6, 6 
7398, 6, 6 
13, 6, 6 
35886, 6, 6 
56582, 6, 6 
25165, 6, 6 
50506, 6, 6 
22698, 6, 6 
49293, 6, 6 
54409, 6, 6 
24474, 6, 6 
42075, 6, 6 
58578, 6, 6 
23148, 6, 6 
12283, 6, 6 
48945, 6, 6 
42021, 6, 6 
56727, 6, 6 
44287, 6, 6 
58883, 6, 6 
30950, 6, 6 
45881, 6, 6 
20603, 6, 6 
44179, 6, 6 
37292, 6, 6 
4546, 6, 6 
27320, 6, 6 
5629, 6, 6 
27530, 6, 6 
24585, 6, 6 
57253, 6, 6 
395, 6, 6 
45668, 6, 6 
1957, 6, 6 
35079, 6, 6 
39967, 6, 6 
4477, 6, 6 
23850, 6, 6 
37050, 6, 6 
35211, 6, 6 
51953, 6, 6 
37033, 6, 6 
25204, 6, 6 
31606, 6, 6 
30444, 6, 6 
25730, 6, 6 
52678, 6, 6 
31645, 6, 6 
57138, 6, 6 
30152, 6, 6 
45851, 6, 6 
17221, 6, 6 
9156, 6, 6 
10851, 6, 6 
11189, 6, 6 
11140, 6, 6 
46045, 6, 6 
5935, 6, 6 
32302, 6, 6 
10275, 6, 6 
23646, 6, 6 
38661, 6, 6 
43061, 6, 6 
17126, 6, 6 
43379, 6, 6 
43413, 6, 6 
56677, 6, 6 
41666, 6, 6 
49769, 6, 6 
25171, 6, 6 
28805, 6, 6 
46626, 6, 6 
48090, 6, 6 
48437, 6, 6 
39709, 6, 6 
2836, 6, 6 
58682, 6, 6 
56747, 6, 6 
39515, 6, 6 
45566, 6, 6 
6387, 6, 6 
50843, 6, 6 
29527, 6, 6 
10552, 6, 6 
41157, 6, 6 
38187, 6, 6 
5495, 6, 6 
21331, 6, 6 
33879, 6, 6 
22178, 6, 6 
5849, 6, 6 
19151, 6, 6 
56405, 6, 6 
20892, 6, 6 
59540, 6, 6 
33604, 6, 6 
42521, 6, 6 
36068, 6, 6 
47472, 6, 6 
57754, 6, 6 
46088, 6, 8 
7401, 6, 6 
8994, 6, 6 
21347, 6, 6 
22107, 6, 6 
36305, 6, 6 
51700, 6, 6 
26052, 6, 6 
10298, 6, 6 
15744, 6, 6 
1389, 6, 6 
16896, 6, 6 
34059, 6, 6 
29020, 6, 6 
2925, 6, 6 
19473, 7, 7 
17329, 7, 7 
6064, 7, 7 
59830, 7, 8 
34998, 7, 7 
53102, 7, 7 
5347, 7, 7 
23381, 7, 7 
49159, 7, 7 
48098, 7, 7 
46356, 7, 7 
37573, 7, 7 
10046, 7, 7 
6115, 7, 7 
6455, 7, 7 
40838, 7, 7 
45744, 7, 7 
10946, 7, 7 
13199, 7, 7 
30619, 7, 7 
20466, 7, 7 
37994, 7, 7 
39305, 7, 8 
20552, 7, 7 
18006, 7, 7 
40386, 7, 9 
3206, 7, 7 
1899, 7, 7 
54561, 7, 7 
36730, 7, 7 
3620, 7, 7 
43496, 7, 7 
32571, 7, 1 
9793, 7, 7 
55560, 7, 7 
384, 7, 7 
56064, 7, 7 
24727, 7, 7 
30560, 7, 7 
37068, 7, 7 
30767, 7, 7 
47137, 7, 7 
11370, 7, 7 
23074, 7, 7 
16978, 7, 7 
43841, 7, 7 
2488, 7, 9 
45524, 7, 7 
39920, 7, 7 
634, 7, 7 
56510, 7, 7 
54097, 7, 9 
52670, 7, 7 
38728, 7, 7 
14114, 7, 7 
10510, 7, 7 
51819, 7, 7 
6130, 7, 8 
13150, 7, 7 
17356, 7, 7 
14053, 7, 7 
3236, 7, 7 
6911, 7, 7 
54940, 7, 7 
15087, 7, 7 
45114, 7, 7 
27463, 7, 7 
7694, 7, 7 
57134, 7, 7 
11854, 7, 7 
57479, 7, 9 
55090, 7, 7 
20223, 7, 7 
37550, 7, 7 
2650, 7, 7 
42281, 7, 7 
56095, 7, 7 
6882, 7, 7 
56650, 7, 7 
31533, 7, 7 
12794, 7, 7 
44818, 7, 7 
37212, 7, 7 
6140, 7, 7 
14832, 7, 7 
34231, 7, 9 
13834, 7, 7 
1353, 7, 7 
54186, 7, 7 
49709, 7, 7 
24670, 7, 7 
45170, 7, 7 
54066, 7, 7 
31648, 7, 7 
8517, 7, 7 
18720, 7, 7 
59646, 7, 7 
18962, 7, 3 
50038, 7, 7 
2391, 7, 7 
43686, 7, 9 
4296, 7, 7 
14522, 7, 7 
29867, 7, 7 
20707, 7, 7 
16609, 7, 7 
18682, 7, 7 
29491, 7, 7 
26041, 7, 7 
36856, 7, 7 
36873, 7, 7 
25897, 7, 7 
31882, 7, 7 
48678, 7, 7 
31742, 7, 7 
30952, 7, 7 
14073, 7, 7 
53523, 7, 7 
30674, 7, 7 
40368, 7, 7 
10788, 7, 7 
45626, 7, 7 
48648, 7, 7 
31125, 7, 7 
39847, 7, 7 
36284, 7, 7 
17419, 7, 7 
9644, 7, 7 
20834, 7, 7 
44927, 7, 9 
30432, 7, 7 
6054, 7, 7 
44512, 7, 7 
44160, 7, 7 
18734, 7, 7 
34704, 7, 7 
7099, 7, 7 
54135, 7, 7 
23153, 7, 7 
30558, 7, 7 
49986, 7, 7 
4618, 7, 7 
32282, 7, 7 
1608, 7, 7 
46673, 7, 7 
22377, 7, 7 
51363, 7, 7 
20206, 7, 7 
20557, 7, 7 
46202, 7, 7 
47439, 7, 7 
30245, 7, 7 
14824, 7, 7 
54219, 7, 7 
50536, 7, 7 
24155, 7, 7 
56680, 7, 7 
14519, 7, 7 
8801, 7, 7 
7340, 7, 7 
7362, 7, 7 
51916, 7, 7 
53600, 7, 7 
42064, 7, 7 
28634, 7, 7 
57763, 7, 7 
27058, 7, 7 
54863, 7, 9 
52477, 7, 7 
17683, 7, 7 
59792, 7, 7 
27976, 7, 7 
29373, 7, 7 
18204, 7, 7 
32643, 7, 7 
50359, 7, 7 
2743, 7, 7 
58715, 7, 7 
23784, 7, 7 
42211, 7, 8 
18876, 7, 7 
8280, 7, 7 
26054, 7, 7 
59003, 7, 7 
31062, 7, 7 
19493, 7, 7 
34445, 7, 7 
29652, 7, 7 
34153, 7, 7 
17044, 7, 3 
5014, 7, 7 
17917, 7, 7 
16205, 7, 7 
54477, 7, 7 
25339, 7, 7 
17261, 7, 7 
10002, 7, 7 
9499, 7, 7 
58606, 7, 7 
14360, 7, 7 
34516, 7, 7 
26679, 7, 7 
29099, 7, 7 
56543, 7, 7 
28791, 7, 7 
10517, 7, 7 
11400, 7, 7 
28790, 7, 7 
46671, 7, 7 
4042, 7, 7 
18816, 7, 3 
21514, 7, 7 
38468, 7, 7 
5795, 7, 9 
48124, 7, 7 
20857, 7, 7 
4946, 7, 7 
24314, 7, 7 
56924, 7, 7 
44756, 7, 7 
50244, 7, 7 
14141, 7, 7 
37146, 7, 7 
14814, 7, 7 
1335, 7, 7 
4366, 7, 7 
17054, 7, 7 
44943, 7, 7 
30307, 7, 7 
44552, 7, 2 
46055, 7, 7 
37317, 7, 7 
36650, 7, 7 
36150, 7, 7 
22519, 7, 7 
28362, 7, 7 
45720, 7, 7 
57445, 7, 7 
31730, 7, 7 
17163, 7, 7 
16419, 7, 7 
31992, 7, 7 
56096, 7, 7 
47266, 7, 7 
26417, 7, 7 
22301, 7, 7 
9198, 7, 7 
39676, 7, 7 
14197, 7, 7 
15327, 7, 7 
54536, 7, 7 
7869, 7, 3 
22546, 7, 7 
59115, 7, 7 
40794, 7, 7 
25125, 7, 7 
42030, 7, 7 
45215, 7, 7 
44577, 7, 7 
35372, 7, 7 
7059, 7, 7 
18729, 7, 7 
24455, 7, 7 
20189, 7, 7 
5676, 7, 2 
56392, 7, 7 
23849, 7, 7 
12742, 7, 7 
33504, 7, 7 
34472, 7, 7 
15952, 7, 7 
7085, 7, 7 
24315, 7, 7 
7348, 7, 7 
34899, 7, 7 
18402, 7, 7 
34079, 7, 7 
41131, 7, 7 
31385, 7, 9 
21758, 7, 7 
17703, 7, 7 
288, 7, 7 
4897, 7, 7 
9831, 7, 7 
1589, 7, 7 
31671, 7, 7 
48010, 7, 2 
34673, 7, 7 
10727, 7, 7 
34230, 7, 7 
43143, 7, 7 
25211, 7, 7 
23021, 7, 7 
37353, 7, 7 
35371, 7, 7 
1564, 7, 7 
12403, 7, 7 
29376, 7, 7 
40512, 7, 7 
27522, 7, 2 
33315, 7, 7 
9888, 7, 7 
21243, 7, 7 
35391, 7, 7 
51358, 7, 7 
49758, 7, 7 
42772, 7, 7 
8268, 7, 8 
26668, 7, 7 
50351, 7, 7 
19893, 7, 7 
14506, 7, 7 
36472, 7, 7 
39062, 7, 7 
45068, 7, 7 
38711, 7, 2 
57560, 7, 7 
20398, 7, 7 
53183, 7, 7 
9767, 7, 7 
6173, 7, 7 
54118, 7, 7 
29920, 7, 2 
31187, 7, 7 
50047, 7, 7 
54148, 7, 7 
46151, 7, 7 
25110, 7, 7 
47127, 7, 7 
53719, 7, 7 
47385, 7, 7 
37064, 7, 7 
50520, 7, 7 
4499, 7, 7 
185, 7, 7 
56462, 7, 7 
2455, 7, 7 
45310, 7, 2 
26051, 7, 7 
23054, 7, 7 
14033, 7, 7 
22515, 7, 7 
51384, 7, 7 
9267, 7, 7 
51306, 7, 7 
4254, 7, 7 
29463, 7, 7 
4799, 7, 7 
55052, 7, 7 
1848, 7, 7 
51409, 7, 7 
43362, 7, 7 
25610, 7, 7 
43725, 7, 7 
58988, 7, 7 
26917, 7, 7 
17086, 7, 7 
28688, 7, 2 
36916, 7, 7 
39056, 7, 7 
36748, 7, 7 
2502, 7, 3 
9224, 7, 7 
32812, 7, 7 
43969, 7, 7 
58981, 7, 7 
36583, 7, 7 
20061, 7, 7 
57541, 7, 7 
59370, 7, 7 
17143, 7, 7 
46752, 7, 7 
18173, 7, 7 
47161, 7, 7 
48096, 7, 7 
55467, 7, 7 
18532, 7, 7 
23178, 7, 7 
51537, 7, 7 
17962, 7, 7 
37853, 7, 7 
35773, 7, 7 
48146, 7, 7 
17532, 7, 7 
5057, 7, 7 
53441, 7, 7 
16015, 7, 7 
53549, 7, 7 
50254, 7, 7 
52173, 7, 7 
31792, 7, 7 
37288, 7, 7 
54317, 7, 7 
33406, 7, 1 
55724, 7, 7 
9787, 7, 7 
55647, 7, 7 
25877, 7, 7 
43288, 7, 7 
5446, 7, 7 
27373, 7, 7 
50371, 7, 7 
2701, 7, 7 
50126, 7, 7 
26356, 7, 7 
10253, 7, 9 
23155, 7, 7 
27168, 7, 1 
4672, 7, 7 
33171, 7, 7 
22481, 7, 7 
19187, 7, 7 
47307, 7, 7 
55759, 7, 7 
28138, 7, 7 
4338, 7, 7 
27057, 7, 7 
29296, 7, 7 
16138, 7, 7 
14969, 7, 7 
5995, 7, 7 
9115, 7, 7 
14238, 7, 2 
22346, 7, 7 
48585, 7, 7 
10147, 7, 7 
15976, 7, 7 
20134, 7, 7 
4227, 7, 7 
26049, 7, 7 
21701, 7, 7 
29633, 7, 7 
40807, 7, 7 
29109, 7, 7 
47800, 7, 7 
35176, 7, 7 
43471, 7, 7 
54542, 7, 3 
56432, 7, 7 
43528, 7, 7 
22753, 7, 7 
19193, 7, 7 
7278, 7, 7 
53159, 7, 7 
40643, 7, 7 
53368, 7, 7 
43024, 7, 7 
55535, 7, 7 
55059, 7, 7 
31527, 7, 7 
22891, 7, 7 
33717, 7, 7 
52911, 7, 7 
5387, 7, 7 
37561, 7, 7 
5146, 7, 7 
962, 7, 7 
16700, 7, 7 
43160, 7, 7 
52077, 7, 7 
36443, 7, 7 
101, 7, 7 
21459, 7, 7 
12364, 7, 7 
46274, 7, 2 
11716, 7, 7 
47071, 7, 7 
36105, 7, 7 
16970, 7, 7 
32145, 7, 7 
44971, 7, 7 
14710, 7, 7 
1054, 7, 7 
44219, 7, 7 
42828, 7, 7 
14536, 7, 2 
37298, 7, 7 
19251, 7, 7 
45895, 7, 7 
24561, 7, 7 
12363, 7, 7 
21333, 7, 7 
43763, 7, 7 
55147, 7, 7 
24505, 7, 3 
25597, 7, 7 
8616, 7, 7 
2142, 7, 7 
39190, 7, 7 
15172, 7, 7 
8137, 7, 7 
51621, 7, 7 
19284, 7, 7 
51138, 7, 7 
25155, 7, 7 
1376, 7, 5 
25581, 7, 7 
3081, 7, 7 
31300, 7, 7 
426, 7, 7 
10064, 8, 8 
44654, 8, 8 
27027, 8, 8 
54217, 8, 8 
51861, 8, 8 
13004, 8, 8 
40092, 8, 8 
47719, 8, 8 
12633, 8, 8 
6240, 8, 8 
58915, 8, 8 
53294, 8, 8 
47315, 8, 8 
30527, 8, 8 
29306, 8, 8 
11288, 8, 8 
12353, 8, 8 
33893, 8, 8 
4100, 8, 8 
31124, 8, 8 
38863, 8, 8 
47857, 8, 8 
47052, 8, 8 
19600, 8, 8 
22163, 8, 8 
36224, 8, 8 
43215, 8, 8 
42872, 8, 8 
40022, 8, 8 
35042, 8, 8 
50347, 8, 8 
39167, 8, 8 
26028, 8, 8 
5574, 8, 8 
58993, 8, 8 
56428, 8, 8 
47903, 8, 8 
7617, 8, 8 
17668, 8, 8 
45493, 8, 8 
42453, 8, 8 
57513, 8, 8 
56628, 8, 8 
45202, 8, 8 
21467, 8, 8 
37219, 8, 8 
8242, 8, 8 
58371, 8, 8 
48055, 8, 8 
32722, 8, 8 
1086, 8, 8 
56151, 8, 8 
11067, 8, 8 
8303, 8, 8 
9866, 8, 8 
4521, 8, 8 
54495, 8, 8 
42104, 8, 8 
23109, 8, 8 
39547, 8, 8 
23232, 8, 8 
25849, 8, 8 
37267, 8, 8 
9567, 8, 8 
42218, 8, 8 
58273, 8, 8 
14791, 8, 8 
53811, 8, 8 
3032, 8, 8 
34594, 8, 8 
4580, 8, 8 
7115, 8, 8 
32478, 8, 8 
1063, 8, 8 
43203, 8, 8 
18305, 8, 8 
39104, 8, 8 
50532, 8, 8 
6284, 8, 8 
30635, 8, 8 
25400, 8, 8 
35264, 8, 8 
17700, 8, 8 
29601, 8, 8 
37344, 8, 8 
26257, 8, 8 
28042, 8, 8 
44944, 8, 8 
32181, 8, 8 
53131, 8, 8 
31308, 8, 8 
49990, 8, 8 
38596, 8, 8 
368, 8, 8 
17375, 8, 8 
59163, 8, 8 
39011, 8, 8 
48906, 8, 8 
56560, 8, 8 
59173, 8, 8 
8782, 8, 8 
35997, 8, 8 
50054, 8, 8 
8920, 8, 8 
40726, 8, 8 
53569, 8, 8 
58156, 8, 8 
41078, 8, 8 
30775, 8, 8 
1419, 8, 8 
51272, 8, 8 
49545, 8, 8 
25418, 8, 8 
37075, 8, 8 
30318, 8, 8 
5476, 8, 8 
51007, 8, 8 
56402, 8, 8 
40134, 8, 8 
47851, 8, 8 
7488, 8, 8 
12627, 8, 8 
26935, 8, 8 
37460, 8, 8 
39519, 8, 8 
35265, 8, 8 
2215, 8, 8 
6354, 8, 8 
45207, 8, 8 
34011, 8, 8 
38423, 8, 8 
4176, 8, 8 
265, 8, 8 
20618, 8, 8 
17808, 8, 8 
34979, 8, 8 
51424, 8, 8 
10012, 8, 8 
56250, 8, 8 
7117, 8, 8 
50035, 8, 8 
5474, 8, 8 
53864, 8, 8 
4803, 8, 8 
25607, 8, 8 
54958, 8, 8 
20923, 8, 8 
3281, 8, 8 
12043, 8, 8 
24344, 8, 8 
24889, 8, 8 
27606, 8, 8 
9936, 8, 8 
30401, 8, 8 
9811, 8, 8 
6503, 8, 8 
14638, 8, 8 
32452, 8, 8 
52890, 8, 8 
20107, 8, 8 
53906, 8, 8 
2681, 8, 8 
15664, 8, 8 
25464, 8, 8 
16631, 8, 8 
57922, 8, 8 
58158, 8, 8 
53885, 8, 8 
49630, 8, 8 
33036, 8, 8 
45161, 8, 8 
37483, 8, 8 
15236, 8, 8 
37715, 8, 8 
44652, 8, 8 
48351, 8, 8 
18378, 8, 8 
2991, 8, 8 
1045, 8, 8 
51087, 8, 8 
3512, 8, 8 
58905, 8, 8 
4992, 8, 8 
7909, 8, 8 
3658, 8, 8 
47212, 8, 8 
823, 8, 8 
31985, 8, 8 
28782, 8, 8 
51324, 8, 8 
9873, 8, 8 
39242, 8, 8 
19237, 8, 8 
24311, 8, 8 
16044, 8, 8 
40503, 8, 8 
30467, 8, 8 
9185, 8, 8 
54986, 8, 8 
42990, 8, 8 
12658, 8, 8 
51163, 8, 8 
39450, 8, 8 
9020, 8, 8 
37810, 8, 8 
14093, 8, 8 
9208, 8, 8 
33810, 8, 8 
59838, 8, 8 
13083, 8, 8 
8496, 8, 8 
23296, 8, 8 
10319, 8, 8 
40727, 8, 8 
10738, 8, 8 
21106, 8, 8 
12904, 8, 8 
15738, 8, 8 
4063, 8, 8 
15247, 8, 8 
43909, 8, 8 
50179, 8, 8 
8033, 8, 8 
29665, 8, 8 
37522, 8, 8 
42397, 8, 8 
14728, 8, 8 
43306, 8, 8 
5257, 8, 8 
17751, 8, 8 
39391, 8, 8 
36605, 8, 8 
4103, 8, 8 
26852, 8, 8 
42130, 8, 8 
48544, 8, 8 
46025, 8, 8 
44206, 8, 8 
48206, 8, 8 
33074, 8, 8 
25819, 8, 8 
44072, 8, 8 
1362, 8, 8 
30806, 8, 8 
40875, 8, 8 
56667, 8, 8 
7215, 8, 8 
9050, 8, 8 
41200, 8, 8 
49033, 8, 8 
17013, 8, 8 
3690, 8, 8 
54498, 8, 8 
6214, 8, 8 
40706, 8, 8 
39144, 8, 8 
11720, 8, 8 
40261, 8, 8 
18089, 8, 8 
33777, 8, 8 
58448, 8, 8 
3619, 8, 8 
55790, 8, 8 
16339, 8, 8 
49279, 8, 8 
36275, 8, 8 
13477, 8, 8 
58232, 8, 8 
12648, 8, 8 
9956, 8, 8 
39442, 8, 8 
54117, 8, 8 
35577, 8, 8 
37329, 8, 8 
47188, 8, 8 
27729, 8, 8 
43334, 8, 8 
46080, 8, 8 
5625, 8, 8 
13990, 8, 8 
31906, 8, 8 
24073, 8, 8 
42998, 8, 8 
23930, 8, 8 
5248, 8, 8 
27947, 8, 8 
59793, 8, 8 
37319, 8, 8 
17705, 8, 8 
49290, 8, 8 
40689, 8, 8 
42635, 8, 8 
25582, 8, 8 
25890, 8, 8 
55211, 8, 8 
48737, 8, 8 
9844, 8, 8 
46346, 8, 8 
52201, 8, 8 
14441, 8, 8 
48726, 8, 8 
30732, 8, 8 
31749, 8, 8 
43754, 8, 8 
47964, 8, 8 
3011, 8, 8 
31889, 8, 8 
52090, 8, 8 
50745, 8, 8 
47550, 8, 8 
2383, 8, 8 
13498, 8, 8 
46216, 8, 8 
36233, 8, 8 
53574, 8, 8 
37030, 8, 8 
5670, 8, 8 
10201, 8, 8 
45194, 8, 8 
19275, 8, 8 
17128, 8, 8 
25228, 8, 8 
11070, 8, 8 
39266, 8, 8 
17515, 8, 8 
16277, 8, 8 
36652, 8, 8 
49276, 8, 8 
39608, 8, 8 
21183, 8, 8 
3254, 8, 8 
42259, 8, 8 
9694, 8, 8 
49502, 8, 8 
35103, 8, 8 
25117, 8, 8 
53161, 8, 8 
736, 8, 8 
50707, 8, 8 
11750, 8, 8 
19835, 8, 8 
23935, 8, 8 
5220, 8, 8 
58736, 8, 8 
42706, 8, 8 
23605, 8, 8 
16951, 8, 8 
31726, 8, 8 
15430, 8, 8 
23112, 8, 8 
7308, 8, 8 
48375, 8, 8 
51933, 8, 8 
27418, 8, 8 
8607, 8, 8 
15645, 8, 8 
43383, 8, 8 
59466, 8, 8 
4848, 8, 8 
33956, 8, 8 
24831, 8, 8 
2413, 8, 8 
27278, 8, 8 
58445, 8, 8 
33959, 8, 8 
19124, 8, 8 
52468, 8, 8 
55497, 8, 8 
57596, 8, 8 
14191, 8, 8 
48339, 8, 8 
57116, 8, 8 
15782, 8, 8 
56858, 8, 8 
42006, 8, 8 
18967, 8, 8 
49522, 8, 8 
19159, 8, 8 
17197, 8, 8 
46817, 8, 8 
13103, 8, 8 
27563, 8, 8 
10866, 8, 8 
12054, 8, 8 
32971, 8, 8 
45679, 8, 8 
46478, 8, 8 
29126, 8, 8 
36598, 8, 8 
6288, 8, 8 
28742, 8, 8 
29365, 8, 8 
27195, 8, 8 
48106, 8, 8 
29132, 8, 8 
53580, 8, 8 
53756, 8, 8 
41304, 8, 8 
12309, 8, 8 
24416, 8, 8 
791, 8, 8 
40665, 8, 8 
57212, 8, 8 
10021, 8, 8 
12616, 8, 8 
35129, 8, 8 
12848, 8, 8 
13608, 8, 8 
5536, 8, 8 
20350, 8, 3 
56485, 8, 8 
1598, 8, 2 
17196, 8, 8 
10115, 8, 8 
48891, 8, 8 
46959, 8, 8 
23948, 8, 8 
36754, 8, 8 
29172, 8, 8 
46387, 8, 8 
19358, 8, 8 
36099, 8, 8 
45874, 8, 8 
12943, 8, 8 
6976, 8, 8 
33205, 8, 8 
55438, 8, 8 
36576, 8, 8 
24234, 8, 8 
37398, 8, 8 
57121, 8, 8 
27678, 8, 8 
30235, 8, 8 
3513, 8, 8 
5853, 8, 8 
58837, 8, 8 
11586, 8, 8 
8371, 8, 8 
54741, 8, 8 
2683, 8, 8 
28779, 8, 8 
33162, 8, 8 
40146, 8, 8 
7026, 8, 8 
9591, 8, 8 
54920, 8, 8 
16115, 8, 8 
47425, 8, 8 
8031, 8, 8 
35576, 8, 8 
34554, 8, 8 
31075, 8, 8 
30013, 8, 8 
7297, 8, 8 
32837, 8, 8 
58424, 8, 8 
6017, 8, 8 
43938, 8, 8 
39864, 8, 8 
32480, 8, 8 
40410, 8, 8 
32884, 8, 8 
7320, 8, 8 
38092, 8, 8 
7136, 8, 8 
55766, 8, 8 
47154, 8, 8 
8432, 8, 8 
5009, 8, 8 
47218, 8, 8 
12288, 8, 8 
11885, 8, 8 
28226, 8, 8 
6957, 8, 8 
20037, 8, 8 
15467, 8, 8 
41973, 8, 8 
35848, 8, 8 
17179, 8, 8 
44087, 8, 8 
2593, 8, 8 
39647, 8, 8 
31030, 8, 8 
19605, 8, 8 
34452, 8, 8 
26078, 8, 8 
13966, 8, 8 
44866, 8, 8 
13037, 8, 8 
12235, 8, 8 
19705, 8, 8 
23631, 8, 8 
36159, 8, 8 
26145, 8, 8 
57133, 8, 8 
15636, 8, 8 
38613, 8, 8 
4272, 8, 8 
55081, 8, 8 
30654, 8, 8 
41375, 9, 9 
32064, 9, 9 
11068, 9, 9 
58006, 9, 9 
15369, 9, 9 
38265, 9, 9 
27066, 9, 9 
23617, 9, 9 
1292, 9, 9 
2579, 9, 9 
20943, 9, 9 
16152, 9, 9 
57423, 9, 9 
59910, 9, 9 
40890, 9, 9 
33597, 9, 9 
3745, 9, 9 
39598, 9, 9 
44008, 9, 9 
17167, 9, 9 
14816, 9, 9 
27110, 9, 9 
39034, 9, 9 
36500, 9, 9 
54069, 9, 9 
4895, 9, 9 
17119, 9, 9 
31917, 9, 5 
8231, 9, 9 
58366, 9, 9 
57206, 9, 9 
59594, 9, 9 
10819, 9, 9 
56839, 9, 9 
15112, 9, 9 
27344, 9, 9 
49128, 9, 9 
11090, 9, 9 
28598, 9, 9 
782, 9, 9 
41274, 9, 9 
4459, 9, 9 
59604, 9, 9 
17437, 9, 9 
47244, 9, 9 
37737, 9, 9 
5478, 9, 9 
1811, 9, 9 
43693, 9, 9 
11177, 9, 9 
2696, 9, 9 
36456, 9, 9 
35380, 9, 9 
14680, 9, 9 
34489, 9, 9 
34962, 9, 9 
47833, 9, 9 
12425, 9, 9 
10524, 9, 9 
23128, 9, 9 
59719, 9, 5 
59890, 9, 9 
50562, 9, 9 
46315, 9, 9 
2398, 9, 9 
18175, 9, 9 
6166, 9, 9 
10387, 9, 9 
4085, 9, 9 
13768, 9, 9 
4689, 9, 9 
5614, 9, 9 
44376, 9, 9 
1426, 9, 9 
6813, 9, 9 
21300, 9, 9 
47134, 9, 9 
19185, 9, 9 
44962, 9, 9 
50318, 9, 9 
30977, 9, 9 
18374, 9, 9 
56987, 9, 9 
20879, 9, 9 
35019, 9, 9 
13530, 9, 9 
3621, 9, 9 
59486, 9, 9 
7310, 9, 9 
24300, 9, 9 
4831, 9, 9 
9191, 9, 9 
18976, 9, 9 
22176, 9, 9 
28368, 9, 9 
41684, 9, 9 
24243, 9, 9 
35991, 9, 9 
8155, 9, 9 
35506, 9, 9 
42882, 9, 9 
7365, 9, 9 
51413, 9, 9 
36196, 9, 9 
50228, 9, 9 
27037, 9, 9 
42306, 9, 9 
16673, 9, 9 
1352, 9, 3 
25323, 9, 9 
46662, 9, 9 
36083, 9, 9 
23084, 9, 9 
18475, 9, 9 
46784, 9, 9 
36148, 9, 9 
39538, 9, 9 
16778, 9, 9 
626, 9, 9 
5727, 9, 9 
25502, 9, 9 
31262, 9, 9 
45304, 9, 9 
27626, 9, 9 
21807, 9, 9 
32857, 9, 9 
3099, 9, 9 
24496, 9, 9 
59761, 9, 9 
55114, 9, 9 
6542, 9, 9 
15553, 9, 9 
28928, 9, 9 
18091, 9, 9 
26212, 9, 9 
30328, 9, 9 
21595, 9, 9 
49679, 9, 9 
30636, 9, 9 
7518, 9, 9 
19024, 9, 9 
53915, 9, 9 
41563, 9, 9 
39532, 9, 9 
49833, 9, 9 
7094, 9, 9 
33653, 9, 9 
49442, 9, 9 
46762, 9, 9 
47125, 9, 9 
20170, 9, 9 
58187, 9, 9 
59080, 9, 9 
33531, 9, 9 
21872, 9, 9 
29465, 9, 9 
47017, 9, 9 
11102, 9, 9 
32668, 9, 9 
58331, 9, 9 
7198, 9, 9 
25905, 9, 9 
34761, 9, 9 
27334, 9, 9 
28346, 9, 9 
17785, 9, 9 
7274, 9, 9 
11906, 9, 9 
18415, 9, 9 
7922, 9, 9 
12903, 9, 9 
4, 9, 9 
24285, 9, 9 
5008, 9, 9 
51095, 9, 9 
18111, 9, 9 
19403, 9, 9 
26571, 9, 9 
10516, 9, 9 
2613, 9, 9 
24949, 9, 9 
31351, 9, 9 
9729, 9, 9 
45244, 9, 9 
30850, 9, 9 
15446, 9, 9 
3927, 9, 9 
10382, 9, 8 
11536, 9, 9 
16185, 9, 9 
56238, 9, 9 
56051, 9, 9 
54144, 9, 9 
58054, 9, 9 
46179, 9, 9 
36499, 9, 9 
34398, 9, 9 
43405, 9, 9 
10070, 9, 9 
2274, 9, 9 
56859, 9, 9 
32916, 9, 9 
24029, 9, 9 
31934, 9, 9 
54698, 9, 9 
12708, 9, 9 
58577, 9, 9 
47897, 9, 9 
37873, 9, 9 
5718, 9, 9 
57236, 9, 9 
42459, 9, 9 
28239, 9, 9 
10784, 9, 9 
4065, 9, 9 
5595, 9, 9 
17591, 9, 7 
36402, 9, 9 
45625, 9, 9 
27174, 9, 9 
39842, 9, 9 
5201, 9, 9 
52315, 9, 9 
28473, 9, 9 
52714, 9, 9 
20683, 9, 9 
11416, 9, 9 
3104, 9, 9 
30263, 9, 9 
56323, 9, 9 
45039, 9, 9 
10495, 9, 9 
52763, 9, 9 
13116, 9, 9 
35763, 9, 9 
17612, 9, 9 
56733, 9, 9 
3146, 9, 9 
38704, 9, 9 
47120, 9, 9 
13801, 9, 9 
48713, 9, 9 
15063, 9, 9 
27654, 9, 9 
3781, 9, 9 
21495, 9, 9 
16413, 9, 9 
23512, 9, 9 
25298, 9, 9 
36261, 9, 9 
36050, 9, 9 
1221, 9, 9 
36880, 9, 9 
54057, 9, 9 
39134, 9, 9 
51280, 9, 9 
24817, 9, 9 
53515, 9, 9 
45123, 9, 9 
55992, 9, 9 
17297, 9, 9 
58792, 9, 9 
26440, 9, 9 
6661, 9, 9 
18441, 9, 9 
39229, 9, 9 
13945, 9, 9 
52570, 9, 9 
53342, 9, 9 
11001, 9, 9 
52427, 9, 9 
11745, 9, 9 
14294, 9, 9 
26346, 9, 9 
34496, 9, 9 
33682, 9, 9 
58332, 9, 9 
36847, 9, 9 
33783, 9, 9 
59127, 9, 9 
55642, 9, 9 
46146, 9, 9 
40585, 9, 9 
44085, 9, 9 
13304, 9, 9 
39733, 9, 9 
36666, 9, 9 
46885, 9, 9 
57129, 9, 9 
24967, 9, 9 
34694, 9, 9 
26663, 9, 9 
14077, 9, 9 
42802, 9, 9 
15360, 9, 9 
53661, 9, 9 
21218, 9, 9 
51842, 9, 9 
17720, 9, 9 
3696, 9, 1 
33961, 9, 9 
57006, 9, 9 
4092, 9, 9 
5558, 9, 9 
35677, 9, 9 
55126, 9, 9 
15659, 9, 9 
6838, 9, 9 
38829, 9, 9 
7853, 9, 9 
53045, 9, 9 
40631, 9, 9 
24891, 9, 9 
33226, 9, 9 
58422, 9, 9 
29180, 9, 9 
43729, 9, 9 
43058, 9, 9 
54627, 9, 9 
38344, 9, 9 
32963, 9, 9 
11991, 9, 9 
49313, 9, 9 
3389, 9, 9 
8802, 9, 9 
50845, 9, 9 
41349, 9, 9 
54713, 9, 9 
54763, 9, 9 
9998, 9, 9 
43550, 9, 9 
154, 9, 9 
46572, 9, 9 
51761, 9, 9 
15194, 9, 9 
19914, 9, 9 
33156, 9, 9 
31652, 9, 9 
10102, 9, 9 
31299, 9, 9 
34865, 9, 9 
19934, 9, 9 
37338, 9, 9 
43551, 9, 9 
8005, 9, 9 
2924, 9, 9 
9941, 9, 9 
11313, 9, 9 
58004, 9, 9 
49836, 9, 9 
50373, 9, 9 
3084, 9, 9 
19030, 9, 9 
40269, 9, 9 
49956, 9, 9 
21138, 9, 9 
44084, 9, 9 
44890, 9, 9 
55247, 9, 9 
16106, 9, 9 
21445, 9, 9 
24305, 9, 9 
15323, 9, 9 
55648, 9, 9 
16006, 9, 9 
6042, 9, 9 
29213, 9, 9 
26316, 9, 9 
8111, 9, 9 
17347, 9, 9 
35598, 9, 9 
3510, 9, 9 
15253, 9, 9 
1643, 9, 9 
35084, 9, 9 
47341, 9, 9 
34739, 9, 9 
33358, 9, 9 
24588, 9, 9 
40667, 9, 9 
25119, 9, 9 
9447, 9, 9 
14699, 9, 9 
17517, 9, 9 
52595, 9, 9 
42728, 9, 9 
12570, 9, 9 
51609, 9, 9 
5209, 9, 9 
13115, 9, 9 
15670, 9, 9 
25909, 9, 9 
12773, 9, 9 
13108, 9, 9 
45308, 9, 9 
25472, 9, 9 
38030, 9, 9 
58088, 9, 9 
30520, 9, 9 
14037, 9, 9 
55120, 9, 9 
45969, 9, 9 
42870, 9, 9 
40499, 9, 9 
13265, 9, 9 
22319, 9, 9 
8620, 9, 9 
14341, 9, 9 
31004, 9, 9 
6174, 9, 9 
25233, 9, 9 
6092, 9, 9 
24911, 9, 9 
52500, 9, 9 
12868, 9, 9 
36348, 9, 9 
24082, 9, 9 
27450, 9, 9 
20073, 9, 9 
20820, 9, 9 
49506, 9, 9 
18437, 9, 9 
43253, 9, 9 
4229, 9, 9 
1683, 9, 9 
39172, 9, 9 
13797, 9, 9 
23611, 9, 9 
33610, 9, 9 
35024, 9, 9 
2460, 9, 9 
45841, 9, 9 
37781, 9, 9 
6310, 9, 9 
48330, 9, 9 
3090, 9, 9 
32967, 9, 9 
13596, 9, 9 
42109, 9, 9 
57623, 9, 9 
23515, 9, 9 
54154, 9, 9 
51644, 9, 9 
13897, 9, 9 
15709, 9, 9 
21892, 9, 9 
34715, 9, 9 
59942, 9, 9 
25667, 9, 9 
31986, 9, 9 
42890, 9, 9 
36988, 9, 9 
29110, 9, 9 
14988, 9, 9 
35218, 9, 9 
10023, 9, 9 
29856, 9, 9 
49562, 9, 9 
19910, 9, 9 
29261, 9, 9 
5411, 9, 9 
50186, 9, 9 
1122, 9, 9 
24920, 9, 9 
41681, 9, 9 
40341, 9, 9 
44154, 9, 9 
20366, 9, 8 
43185, 9, 9 
1622, 9, 9 
38760, 9, 9 
20188, 9, 9 
21870, 9, 9 
41599, 9, 9 
31041, 9, 9 
45421, 9, 9 
45062, 9, 9 
45864, 9, 9 
7742, 9, 9 
36655, 9, 9 
8085, 9, 9 
55097, 9, 9 
55813, 9, 9 
19269, 9, 9 
59990, 9, 9 
47355, 9, 9 
3257, 9, 9 
1370, 9, 9 
55364, 9, 9 
1360, 9, 9 
6514, 9, 9 
48647, 9, 9 
56425, 9, 9 
46651, 9, 9 
19644, 9, 9 
56486, 9, 9 
25237, 9, 9 
16731, 9, 9 
42640, 9, 9 
11926, 9, 9 
