id, true label, predicted label 
20983, 0, 0 
17648, 0, 0 
19974, 0, 0 
47447, 0, 0 
56968, 0, 0 
3667, 0, 0 
23104, 0, 0 
8961, 0, 0 
19769, 0, 0 
8349, 0, 0 
21658, 0, 0 
57882, 0, 0 
17534, 0, 0 
52831, 0, 0 
57117, 0, 0 
32131, 0, 0 
9710, 0, 0 
42091, 0, 0 
7978, 0, 0 
14089, 0, 0 
29713, 0, 0 
57695, 0, 0 
35778, 0, 0 
18357, 0, 0 
55030, 0, 0 
53014, 0, 0 
30548, 0, 0 
42896, 0, 0 
33172, 0, 0 
59148, 0, 0 
38749, 0, 0 
27429, 0, 0 
22432, 0, 0 
49278, 0, 0 
37759, 0, 0 
26475, 0, 0 
12266, 0, 0 
54985, 0, 0 
46962, 0, 0 
7728, 0, 0 
37141, 0, 0 
28286, 0, 0 
26197, 0, 0 
8110, 0, 0 
53174, 0, 0 
17476, 0, 0 
39155, 0, 0 
5475, 0, 0 
56954, 0, 0 
16192, 0, 0 
51777, 0, 0 
53256, 0, 0 
28755, 0, 0 
35074, 0, 0 
44335, 0, 0 
20388, 0, 0 
10564, 0, 0 
59847, 0, 0 
42559, 0, 0 
18424, 0, 0 
30170, 0, 0 
15492, 0, 0 
57067, 0, 0 
7835, 0, 0 
46582, 0, 0 
17693, 0, 0 
36213, 0, 0 
23136, 0, 0 
1798, 0, 0 
56639, 0, 0 
9971, 0, 0 
39935, 0, 0 
34352, 0, 0 
26438, 0, 0 
51824, 0, 0 
22344, 0, 0 
10045, 0, 0 
29128, 0, 0 
13029, 0, 0 
702, 0, 0 
33230, 0, 0 
36223, 0, 0 
39581, 0, 0 
35261, 0, 0 
6758, 0, 0 
58461, 0, 0 
28821, 0, 0 
29199, 0, 0 
41288, 0, 0 
31575, 0, 0 
15890, 0, 0 
27462, 0, 0 
41245, 0, 0 
58866, 0, 0 
34623, 0, 0 
45695, 0, 0 
20801, 0, 0 
12456, 0, 0 
6629, 0, 0 
15445, 0, 0 
26366, 0, 0 
51352, 0, 0 
33512, 0, 0 
10340, 0, 0 
30009, 0, 0 
7066, 0, 0 
57650, 0, 0 
56724, 0, 0 
53077, 0, 0 
28385, 0, 0 
30101, 0, 0 
56347, 0, 0 
53678, 0, 0 
39823, 0, 0 
35943, 0, 0 
20979, 0, 0 
39115, 0, 0 
44788, 0, 0 
38573, 0, 0 
114, 0, 0 
34051, 0, 0 
20609, 0, 0 
13467, 0, 0 
25137, 0, 0 
14334, 0, 0 
10806, 0, 0 
31171, 0, 0 
53917, 0, 0 
50630, 0, 0 
24075, 0, 0 
23067, 0, 0 
5196, 0, 0 
6409, 0, 0 
18715, 0, 0 
15288, 0, 0 
28160, 0, 0 
246, 0, 0 
3015, 0, 0 
58396, 0, 0 
889, 0, 0 
21403, 0, 0 
32843, 0, 0 
4624, 0, 0 
58769, 0, 0 
23044, 0, 0 
12168, 0, 0 
10069, 0, 0 
2826, 0, 0 
1678, 0, 0 
42783, 0, 0 
10505, 0, 0 
56460, 0, 0 
903, 0, 0 
39321, 0, 0 
2584, 0, 0 
9505, 0, 0 
59012, 0, 0 
42634, 0, 0 
54101, 0, 0 
57542, 0, 0 
43932, 0, 0 
8158, 0, 0 
4656, 0, 0 
22749, 0, 0 
4911, 0, 0 
1454, 0, 0 
32151, 0, 0 
20351, 0, 0 
8233, 0, 0 
40989, 0, 0 
56755, 0, 0 
17941, 0, 0 
23023, 0, 0 
30439, 0, 0 
787, 0, 0 
39363, 0, 0 
31043, 0, 0 
44619, 0, 0 
57356, 0, 0 
43283, 0, 0 
51303, 0, 0 
24072, 0, 0 
46905, 0, 0 
38802, 0, 0 
23541, 0, 0 
30087, 0, 0 
41485, 0, 0 
19669, 0, 0 
44531, 0, 0 
45728, 0, 0 
21960, 0, 0 
40150, 0, 0 
11562, 0, 0 
33677, 0, 0 
43915, 0, 0 
23884, 0, 0 
22352, 0, 0 
35651, 0, 0 
50862, 0, 0 
2298, 0, 0 
2606, 0, 0 
50328, 0, 0 
7127, 0, 0 
37113, 0, 0 
31857, 0, 0 
19542, 0, 0 
44121, 0, 0 
17462, 0, 0 
17050, 0, 0 
9707, 0, 0 
34016, 0, 0 
31172, 0, 0 
9524, 0, 0 
39735, 0, 0 
49903, 0, 0 
1304, 0, 0 
51831, 0, 0 
36882, 0, 0 
43941, 0, 0 
36564, 0, 0 
7471, 0, 0 
28044, 0, 0 
49576, 0, 0 
7892, 0, 0 
35746, 0, 0 
18064, 0, 0 
58360, 0, 0 
44917, 0, 0 
36198, 0, 0 
1102, 0, 0 
48403, 0, 0 
43134, 0, 0 
22441, 0, 0 
40329, 0, 0 
39839, 0, 0 
234, 0, 0 
48025, 0, 0 
59944, 0, 0 
55345, 0, 0 
22706, 0, 0 
25836, 0, 0 
25701, 0, 0 
3107, 0, 0 
22634, 0, 0 
54104, 0, 0 
25252, 0, 0 
12457, 0, 0 
59987, 0, 0 
19127, 0, 0 
58038, 0, 0 
23088, 0, 0 
59487, 0, 0 
53219, 0, 0 
59319, 0, 0 
42369, 0, 0 
59241, 0, 0 
53350, 0, 0 
54232, 0, 0 
17381, 0, 0 
37814, 0, 0 
44276, 0, 0 
40825, 0, 0 
51758, 0, 0 
45442, 0, 0 
14157, 0, 0 
17485, 0, 0 
12500, 0, 0 
30123, 0, 1 
12764, 0, 0 
52832, 0, 0 
23926, 0, 0 
22405, 0, 0 
26712, 0, 0 
5615, 0, 0 
11845, 0, 0 
28325, 0, 0 
55302, 0, 0 
52596, 0, 0 
24541, 0, 0 
25626, 0, 0 
45952, 0, 0 
41100, 0, 0 
2253, 0, 0 
43536, 0, 0 
58694, 0, 0 
35671, 0, 0 
5729, 0, 0 
4994, 0, 0 
56707, 0, 0 
53429, 0, 0 
39279, 0, 0 
28102, 0, 0 
24840, 0, 0 
56625, 0, 0 
6228, 0, 0 
20012, 0, 0 
23943, 0, 0 
13989, 0, 0 
56609, 0, 0 
43011, 0, 0 
49924, 0, 0 
8515, 0, 0 
14545, 0, 0 
31865, 0, 0 
7305, 0, 0 
18029, 0, 0 
48963, 0, 0 
20751, 0, 0 
22707, 0, 0 
44862, 0, 0 
20622, 0, 0 
15753, 0, 0 
6292, 0, 0 
27170, 0, 0 
34416, 0, 0 
31310, 0, 0 
1209, 0, 0 
27332, 0, 0 
43778, 0, 0 
47466, 0, 0 
12703, 0, 0 
40173, 0, 0 
36524, 0, 0 
56389, 0, 0 
38599, 0, 0 
23401, 0, 0 
49110, 0, 0 
18991, 0, 0 
31263, 0, 0 
49220, 0, 0 
37697, 0, 0 
23598, 0, 0 
59418, 0, 0 
15505, 0, 0 
39848, 0, 0 
21681, 0, 0 
1530, 0, 0 
33983, 0, 0 
20947, 0, 0 
22691, 0, 0 
52691, 0, 0 
209, 0, 0 
28895, 0, 0 
596, 0, 0 
29805, 0, 0 
33327, 0, 0 
26292, 0, 0 
18124, 0, 0 
16777, 0, 0 
40249, 0, 0 
51892, 0, 0 
41285, 0, 0 
12421, 0, 0 
13314, 0, 0 
59784, 0, 0 
38663, 0, 0 
41922, 0, 0 
27305, 0, 0 
59541, 0, 0 
33522, 0, 0 
5053, 0, 0 
46041, 0, 0 
16415, 0, 0 
12387, 0, 0 
47275, 0, 0 
12897, 0, 0 
37153, 0, 0 
8897, 0, 0 
56436, 0, 0 
35757, 0, 0 
47626, 0, 0 
34172, 0, 0 
37059, 0, 0 
13206, 0, 0 
22954, 0, 0 
19979, 0, 0 
15600, 0, 0 
12374, 0, 0 
13184, 0, 0 
24776, 0, 0 
55110, 0, 0 
27148, 0, 0 
9195, 0, 0 
24463, 0, 0 
52809, 0, 0 
10242, 0, 0 
1489, 0, 0 
52978, 0, 0 
13077, 0, 0 
8863, 0, 0 
21380, 0, 0 
49583, 0, 0 
56573, 0, 0 
36331, 0, 0 
41406, 0, 0 
25497, 0, 0 
29056, 0, 0 
45288, 0, 0 
27326, 0, 0 
32237, 0, 0 
37099, 0, 0 
7004, 0, 0 
18055, 0, 0 
57746, 0, 0 
29151, 0, 0 
52928, 0, 0 
5674, 0, 0 
44893, 0, 0 
26040, 0, 0 
23773, 0, 0 
59510, 0, 0 
8000, 0, 0 
38874, 0, 0 
55217, 0, 0 
40082, 0, 0 
32609, 0, 0 
40803, 0, 0 
11792, 0, 0 
27550, 0, 0 
44130, 0, 0 
34634, 0, 0 
31836, 0, 0 
29772, 0, 0 
29235, 0, 0 
59256, 0, 0 
15965, 0, 0 
58934, 0, 0 
50518, 0, 0 
39224, 0, 0 
28230, 0, 0 
51336, 0, 0 
43422, 0, 0 
21560, 0, 0 
1877, 0, 0 
39202, 0, 0 
26139, 0, 0 
29378, 0, 0 
16396, 0, 0 
35971, 0, 0 
52813, 0, 0 
30246, 0, 0 
46654, 0, 0 
28896, 0, 0 
10237, 0, 0 
17519, 0, 0 
44199, 0, 0 
6332, 0, 0 
58819, 0, 0 
28041, 0, 0 
59911, 0, 0 
41376, 0, 0 
51999, 0, 0 
37269, 0, 0 
40801, 0, 0 
21874, 0, 0 
30088, 0, 0 
37467, 0, 0 
19908, 0, 0 
37408, 0, 0 
17655, 0, 0 
12686, 0, 0 
2191, 0, 0 
52793, 0, 0 
15150, 0, 0 
27094, 0, 0 
51883, 0, 0 
39775, 0, 0 
48438, 0, 0 
55752, 0, 0 
33238, 0, 0 
30939, 0, 0 
31716, 0, 0 
10919, 0, 0 
21314, 0, 0 
49575, 0, 0 
57760, 0, 0 
6681, 0, 0 
57907, 0, 0 
53328, 0, 0 
55521, 0, 0 
20049, 0, 0 
25707, 0, 0 
656, 0, 0 
51865, 0, 0 
34773, 0, 0 
42358, 0, 0 
2770, 0, 0 
31830, 0, 0 
18564, 0, 0 
49281, 0, 0 
53124, 0, 0 
50357, 0, 0 
3888, 0, 0 
36019, 0, 0 
37758, 0, 0 
39376, 0, 0 
9422, 0, 0 
28647, 0, 0 
19240, 0, 0 
42053, 0, 0 
21634, 1, 1 
23045, 1, 1 
27879, 1, 1 
41748, 1, 1 
18359, 1, 1 
59783, 1, 1 
6900, 1, 1 
41332, 1, 1 
30996, 1, 1 
19640, 1, 1 
56490, 1, 1 
58689, 1, 1 
45677, 1, 1 
48226, 1, 1 
9045, 1, 1 
3725, 1, 1 
30909, 1, 1 
56169, 1, 1 
1703, 1, 1 
44698, 1, 1 
42834, 1, 1 
45075, 1, 1 
58557, 1, 1 
43784, 1, 1 
44012, 1, 1 
34655, 1, 1 
19093, 1, 1 
19894, 1, 1 
4012, 1, 1 
3963, 1, 1 
30852, 1, 1 
24, 1, 1 
47229, 1, 1 
6617, 1, 1 
14874, 1, 1 
42859, 1, 1 
37674, 1, 1 
16307, 1, 1 
16971, 1, 1 
56810, 1, 1 
45994, 1, 1 
17938, 1, 1 
41237, 1, 1 
2419, 1, 1 
36033, 1, 1 
6736, 1, 1 
56644, 1, 1 
54692, 1, 1 
21321, 1, 1 
43933, 1, 1 
24631, 1, 1 
31647, 1, 1 
18372, 1, 1 
41859, 1, 1 
43972, 1, 1 
5090, 1, 1 
48175, 1, 1 
35163, 1, 1 
45730, 1, 1 
25918, 1, 1 
53627, 1, 1 
19036, 1, 1 
59428, 1, 1 
49076, 1, 1 
29927, 1, 1 
15353, 1, 1 
56991, 1, 1 
35552, 1, 1 
25118, 1, 1 
47429, 1, 1 
50158, 1, 1 
15356, 1, 1 
37058, 1, 1 
52498, 1, 1 
55855, 1, 1 
29603, 1, 1 
4225, 1, 1 
19167, 1, 1 
30073, 1, 1 
45253, 1, 1 
47327, 1, 1 
41266, 1, 1 
35329, 1, 1 
16988, 1, 1 
53804, 1, 1 
47440, 1, 1 
49852, 1, 1 
59010, 1, 1 
18266, 1, 1 
53899, 1, 1 
7349, 1, 1 
44511, 1, 1 
17262, 1, 1 
59671, 1, 1 
29245, 1, 1 
18035, 1, 1 
47947, 1, 1 
30475, 1, 1 
49035, 1, 1 
11883, 1, 1 
41728, 1, 1 
30179, 1, 1 
32472, 1, 1 
54947, 1, 1 
783, 1, 1 
52359, 1, 1 
52888, 1, 1 
39950, 1, 1 
36928, 1, 1 
4351, 1, 1 
20108, 1, 1 
56610, 1, 1 
8373, 1, 1 
2776, 1, 1 
32413, 1, 1 
49512, 1, 1 
50219, 1, 1 
39737, 1, 1 
27345, 1, 1 
55397, 1, 1 
50222, 1, 1 
17378, 1, 1 
55825, 1, 1 
59339, 1, 1 
24070, 1, 1 
18863, 1, 1 
20340, 1, 1 
7393, 1, 1 
676, 1, 1 
33339, 1, 1 
32958, 1, 1 
10675, 1, 1 
7729, 1, 1 
13260, 1, 1 
50292, 1, 1 
5714, 1, 1 
6647, 1, 1 
9298, 1, 1 
50678, 1, 1 
34179, 1, 1 
22931, 1, 1 
14228, 1, 1 
28893, 1, 1 
45205, 1, 1 
14, 1, 1 
5760, 1, 1 
49717, 1, 1 
1831, 1, 1 
25697, 1, 1 
3714, 1, 1 
18583, 1, 1 
27297, 1, 1 
6698, 1, 1 
39512, 1, 1 
38029, 1, 1 
7941, 1, 1 
52575, 1, 1 
12241, 1, 1 
4237, 1, 1 
4070, 1, 1 
21054, 1, 1 
9815, 1, 1 
52376, 1, 1 
5732, 1, 1 
44242, 1, 1 
7689, 1, 1 
33190, 1, 1 
12847, 1, 1 
25202, 1, 1 
40823, 1, 1 
394, 1, 1 
22914, 1, 1 
22106, 1, 1 
12367, 1, 1 
53361, 1, 1 
32231, 1, 1 
22844, 1, 1 
54213, 1, 1 
59694, 1, 1 
13947, 1, 1 
10027, 1, 1 
52334, 1, 1 
53780, 1, 1 
48871, 1, 1 
40921, 1, 1 
9072, 1, 1 
42494, 1, 1 
15255, 1, 1 
12221, 1, 1 
12885, 1, 1 
5862, 1, 1 
21979, 1, 1 
34585, 1, 1 
57631, 1, 1 
40860, 1, 1 
25061, 1, 1 
32635, 1, 1 
37670, 1, 1 
51564, 1, 1 
14521, 1, 1 
50501, 1, 1 
14321, 1, 1 
42179, 1, 1 
52220, 1, 1 
55870, 1, 1 
6931, 1, 1 
7860, 1, 1 
4120, 1, 1 
53871, 1, 1 
43044, 1, 1 
53531, 1, 1 
58008, 1, 1 
40101, 1, 1 
52254, 1, 1 
42947, 1, 1 
33799, 1, 1 
48583, 1, 1 
44109, 1, 1 
42182, 1, 1 
55939, 1, 1 
34640, 1, 1 
30711, 1, 1 
27396, 1, 1 
16536, 1, 1 
30214, 1, 1 
48697, 1, 1 
17834, 1, 1 
4884, 1, 1 
57749, 1, 1 
35328, 1, 1 
269, 1, 1 
13266, 1, 1 
7609, 1, 1 
34852, 1, 1 
1879, 1, 1 
45438, 1, 1 
12226, 1, 1 
26406, 1, 1 
13782, 1, 1 
8633, 1, 1 
3889, 1, 1 
7996, 1, 1 
4502, 1, 1 
46199, 1, 1 
1293, 1, 1 
7524, 1, 1 
35303, 1, 1 
5483, 1, 1 
27665, 1, 1 
12793, 1, 1 
37881, 1, 1 
1155, 1, 1 
23886, 1, 1 
33092, 1, 1 
40314, 1, 1 
10365, 1, 1 
49628, 1, 1 
16759, 1, 1 
26502, 1, 1 
46518, 1, 1 
4333, 1, 1 
2604, 1, 1 
6366, 1, 1 
8602, 1, 1 
2572, 1, 1 
52244, 1, 1 
30869, 1, 1 
21402, 1, 1 
11047, 1, 1 
13392, 1, 1 
5507, 1, 1 
42932, 1, 1 
24090, 1, 1 
53119, 1, 1 
19652, 1, 1 
58580, 1, 1 
5355, 1, 1 
3758, 1, 1 
34241, 1, 1 
52552, 1, 1 
26610, 1, 1 
13140, 1, 1 
5543, 1, 1 
46173, 1, 1 
55888, 1, 1 
53484, 1, 1 
29434, 1, 1 
1287, 1, 1 
20838, 1, 1 
21394, 1, 1 
33048, 1, 1 
54340, 1, 1 
54458, 1, 1 
10169, 1, 1 
43315, 1, 1 
51544, 1, 1 
59200, 1, 1 
44786, 1, 1 
46842, 1, 1 
23970, 1, 1 
8051, 1, 1 
9043, 1, 1 
23973, 1, 1 
59248, 1, 1 
17812, 1, 1 
20913, 1, 1 
28894, 1, 1 
17540, 1, 1 
5789, 1, 1 
43336, 1, 1 
12842, 1, 1 
22345, 1, 1 
53750, 1, 1 
12040, 1, 1 
26993, 1, 1 
37997, 1, 1 
23984, 1, 1 
466, 1, 1 
12705, 1, 1 
11205, 1, 1 
3592, 1, 1 
5235, 1, 1 
47035, 1, 1 
9618, 1, 1 
54506, 1, 1 
21292, 1, 1 
31966, 1, 1 
6565, 1, 1 
22135, 1, 1 
33084, 1, 1 
43369, 1, 1 
17875, 1, 1 
34874, 1, 1 
8588, 1, 1 
43286, 1, 1 
23477, 1, 1 
9423, 1, 1 
33105, 1, 1 
4861, 1, 1 
47063, 1, 1 
27585, 1, 1 
56668, 1, 1 
36594, 1, 1 
39196, 1, 1 
1535, 1, 1 
42502, 1, 1 
55621, 1, 1 
593, 1, 1 
22343, 1, 1 
11679, 1, 1 
34849, 1, 1 
47993, 1, 1 
48629, 1, 1 
4486, 1, 1 
14516, 1, 1 
29239, 1, 1 
2318, 1, 1 
12056, 1, 1 
29057, 1, 1 
16713, 1, 1 
55317, 1, 1 
15921, 1, 1 
30441, 1, 1 
16562, 1, 1 
43484, 1, 1 
22412, 1, 1 
38303, 1, 1 
58155, 1, 1 
14462, 1, 1 
31689, 1, 1 
59521, 1, 1 
36669, 1, 1 
24707, 1, 1 
36608, 1, 1 
57310, 1, 1 
25057, 1, 1 
8156, 1, 1 
41103, 1, 1 
21575, 1, 1 
13338, 1, 1 
55299, 1, 1 
58685, 1, 1 
17727, 1, 1 
57101, 1, 1 
21905, 1, 1 
17184, 1, 1 
11855, 1, 1 
36778, 1, 1 
32332, 1, 1 
4105, 1, 1 
10885, 1, 1 
28827, 1, 1 
15048, 1, 1 
397, 1, 1 
38464, 1, 1 
37809, 1, 1 
33370, 1, 1 
28291, 1, 1 
13785, 1, 1 
24771, 1, 1 
3723, 1, 1 
8778, 1, 1 
10145, 1, 1 
11857, 1, 1 
17695, 1, 1 
21200, 1, 1 
47785, 1, 1 
24405, 1, 1 
44126, 1, 1 
24895, 1, 1 
7788, 1, 1 
42625, 1, 1 
6262, 1, 1 
17782, 1, 1 
36765, 1, 1 
21978, 1, 1 
33600, 1, 1 
54786, 1, 1 
2448, 1, 1 
49087, 1, 1 
57829, 1, 1 
41744, 1, 1 
13113, 1, 1 
48229, 1, 1 
25940, 1, 1 
30104, 1, 1 
4585, 1, 1 
48261, 1, 1 
31597, 1, 1 
28979, 1, 1 
15557, 1, 1 
56333, 1, 1 
50350, 1, 1 
57834, 1, 1 
3802, 1, 1 
50293, 1, 1 
3272, 1, 1 
21740, 1, 1 
47340, 1, 1 
55310, 1, 1 
3, 1, 1 
8255, 1, 1 
7631, 1, 1 
9130, 1, 1 
11058, 1, 1 
35990, 1, 1 
50572, 1, 1 
29840, 1, 1 
33663, 1, 1 
19068, 1, 1 
13107, 1, 1 
398, 1, 1 
13003, 1, 1 
27329, 1, 1 
48454, 1, 1 
52624, 1, 1 
24580, 1, 1 
23993, 1, 1 
59958, 1, 1 
59176, 1, 1 
31264, 1, 1 
49198, 1, 1 
20195, 1, 1 
14408, 1, 1 
33850, 1, 1 
58673, 1, 1 
33856, 1, 1 
44227, 1, 1 
59, 1, 1 
50789, 1, 1 
51781, 1, 1 
24678, 1, 1 
17213, 1, 1 
22455, 1, 1 
25687, 1, 1 
56252, 1, 1 
21272, 1, 1 
55417, 1, 1 
48896, 1, 1 
31250, 1, 1 
31556, 1, 1 
19339, 1, 1 
14834, 1, 1 
58123, 1, 1 
48024, 1, 1 
48862, 1, 1 
4913, 1, 1 
51060, 1, 1 
20384, 1, 1 
40716, 1, 1 
13474, 1, 1 
44919, 1, 1 
38384, 1, 1 
45105, 1, 1 
56470, 1, 1 
43344, 1, 1 
58072, 1, 1 
30524, 1, 1 
8296, 1, 1 
8891, 1, 1 
38937, 2, 2 
2377, 2, 2 
53926, 2, 2 
44374, 2, 2 
8599, 2, 2 
18930, 2, 2 
59816, 2, 2 
12286, 2, 2 
19402, 2, 2 
6815, 2, 2 
31454, 2, 2 
5013, 2, 2 
46277, 2, 2 
21164, 2, 2 
36001, 2, 2 
58277, 2, 2 
41429, 2, 2 
57496, 2, 2 
57592, 2, 2 
37570, 2, 2 
39162, 2, 2 
22945, 2, 2 
34095, 2, 2 
3569, 2, 2 
40279, 2, 2 
55069, 2, 2 
54553, 2, 2 
28366, 2, 2 
56263, 2, 2 
44881, 2, 2 
37671, 2, 2 
15137, 2, 2 
45672, 2, 2 
53742, 2, 2 
50230, 2, 2 
29635, 2, 2 
16060, 2, 2 
27673, 2, 2 
3741, 2, 2 
6921, 2, 2 
9841, 2, 2 
35758, 2, 2 
52132, 2, 2 
21303, 2, 2 
17374, 2, 2 
10073, 2, 2 
22500, 2, 2 
35235, 2, 2 
53390, 2, 2 
30297, 2, 2 
59365, 2, 2 
50716, 2, 2 
35494, 2, 2 
23846, 2, 2 
34201, 2, 2 
3660, 2, 2 
13313, 2, 2 
12861, 2, 2 
21798, 2, 2 
24229, 2, 2 
43996, 2, 2 
46463, 2, 2 
31616, 2, 2 
19784, 2, 2 
40841, 2, 2 
34891, 2, 2 
54756, 2, 1 
10403, 2, 2 
26006, 2, 2 
2749, 2, 2 
29413, 2, 2 
32216, 2, 2 
49962, 2, 2 
15796, 2, 2 
34218, 2, 2 
29167, 2, 2 
54574, 2, 2 
40936, 2, 2 
6494, 2, 2 
57604, 2, 2 
54848, 2, 2 
7187, 2, 2 
36127, 2, 2 
20021, 2, 2 
28388, 2, 2 
1407, 2, 2 
35689, 2, 2 
23525, 2, 2 
52152, 2, 2 
47354, 2, 2 
37514, 2, 2 
7408, 2, 2 
25658, 2, 2 
29716, 2, 2 
24035, 2, 2 
16108, 2, 2 
13585, 2, 2 
48383, 2, 2 
21255, 2, 2 
52006, 2, 2 
32918, 2, 2 
19569, 2, 2 
54105, 2, 2 
41427, 2, 2 
47088, 2, 2 
41080, 2, 2 
54768, 2, 2 
46783, 2, 2 
49434, 2, 2 
2733, 2, 2 
25916, 2, 2 
23503, 2, 2 
40653, 2, 2 
17070, 2, 2 
27888, 2, 2 
24206, 2, 2 
59476, 2, 2 
17600, 2, 2 
8609, 2, 2 
21147, 2, 2 
23087, 2, 2 
37386, 2, 2 
41256, 2, 2 
43191, 2, 2 
10477, 2, 2 
48462, 2, 2 
23313, 2, 2 
10078, 2, 2 
17372, 2, 2 
31188, 2, 2 
9575, 2, 2 
59737, 2, 2 
24213, 2, 2 
45430, 2, 2 
49179, 2, 2 
17489, 2, 2 
3679, 2, 2 
30881, 2, 2 
19232, 2, 2 
30120, 2, 2 
56312, 2, 2 
8025, 2, 2 
53391, 2, 2 
35509, 2, 2 
31150, 2, 2 
42861, 2, 2 
36936, 2, 2 
39421, 2, 2 
53033, 2, 2 
51073, 2, 2 
32317, 2, 2 
42341, 2, 2 
10158, 2, 2 
14215, 2, 2 
26922, 2, 2 
35832, 2, 2 
51608, 2, 2 
3564, 2, 2 
40037, 2, 2 
19833, 2, 2 
11344, 2, 2 
31092, 2, 2 
15958, 2, 2 
33334, 2, 2 
51317, 2, 2 
32022, 2, 2 
10582, 2, 2 
38667, 2, 2 
51849, 2, 2 
21009, 2, 2 
4650, 2, 2 
35023, 2, 2 
26348, 2, 2 
48423, 2, 2 
39079, 2, 2 
59970, 2, 2 
29064, 2, 2 
59317, 2, 2 
14702, 2, 2 
53727, 2, 2 
21784, 2, 2 
33250, 2, 2 
26477, 2, 2 
11856, 2, 2 
29906, 2, 2 
28185, 2, 2 
26075, 2, 2 
29240, 2, 2 
3244, 2, 2 
48332, 2, 2 
43040, 2, 2 
22021, 2, 2 
47999, 2, 2 
54633, 2, 2 
19165, 2, 2 
2877, 2, 2 
5156, 2, 2 
30014, 2, 2 
9836, 2, 2 
476, 2, 2 
42273, 2, 2 
13722, 2, 2 
36858, 2, 2 
35443, 2, 2 
20874, 2, 2 
36982, 2, 2 
3589, 2, 2 
19737, 2, 2 
25923, 2, 2 
38197, 2, 2 
5289, 2, 2 
47131, 2, 2 
30349, 2, 2 
52784, 2, 2 
41900, 2, 2 
54145, 2, 2 
57104, 2, 2 
20493, 2, 2 
18972, 2, 2 
1727, 2, 2 
33695, 2, 2 
42532, 2, 2 
42866, 2, 2 
34799, 2, 2 
42916, 2, 2 
22620, 2, 2 
20247, 2, 2 
38527, 2, 2 
43878, 2, 2 
38962, 2, 2 
15185, 2, 2 
12815, 2, 2 
11163, 2, 2 
14125, 2, 2 
33438, 2, 2 
29244, 2, 2 
27475, 2, 2 
9396, 2, 2 
16958, 2, 2 
20748, 2, 2 
9104, 2, 2 
49929, 2, 2 
1427, 2, 2 
42366, 2, 2 
49381, 2, 2 
51443, 2, 1 
688, 2, 2 
25787, 2, 2 
51241, 2, 2 
39042, 2, 2 
3200, 2, 2 
27264, 2, 2 
40747, 2, 2 
9484, 2, 2 
55100, 2, 2 
18620, 2, 2 
7392, 2, 2 
7153, 2, 2 
11346, 2, 2 
24968, 2, 1 
37320, 2, 2 
42309, 2, 2 
51256, 2, 2 
53121, 2, 2 
23975, 2, 2 
19053, 2, 2 
14108, 2, 2 
18077, 2, 2 
15132, 2, 2 
47907, 2, 2 
25147, 2, 2 
53029, 2, 2 
2418, 2, 2 
55300, 2, 2 
50504, 2, 2 
17266, 2, 2 
12582, 2, 2 
59122, 2, 2 
11997, 2, 2 
10308, 2, 2 
16902, 2, 2 
4714, 2, 2 
57966, 2, 2 
25412, 2, 2 
54305, 2, 2 
34664, 2, 2 
10941, 2, 2 
29000, 2, 2 
1074, 2, 2 
59007, 2, 2 
32288, 2, 2 
9031, 2, 2 
27622, 2, 2 
39228, 2, 2 
7624, 2, 2 
26658, 2, 2 
41421, 2, 2 
7895, 2, 2 
55933, 2, 2 
29106, 2, 2 
37515, 2, 2 
30772, 2, 2 
50229, 2, 2 
10920, 2, 2 
26875, 2, 2 
20581, 2, 2 
54408, 2, 2 
21382, 2, 2 
49486, 2, 2 
20679, 2, 2 
25, 2, 2 
40536, 2, 2 
59222, 2, 2 
17071, 2, 2 
14646, 2, 2 
29401, 2, 2 
43293, 2, 2 
28832, 2, 2 
39338, 2, 2 
49421, 2, 2 
58060, 2, 1 
42474, 2, 2 
57953, 2, 2 
21443, 2, 2 
8082, 2, 2 
1058, 2, 2 
33184, 2, 2 
48443, 2, 2 
43391, 2, 2 
55373, 2, 2 
33096, 2, 2 
7370, 2, 2 
42092, 2, 2 
16408, 2, 2 
28269, 2, 2 
7567, 2, 2 
7939, 2, 2 
2769, 2, 2 
8742, 2, 2 
54277, 2, 2 
36914, 2, 2 
47945, 2, 2 
27680, 2, 2 
23310, 2, 2 
11503, 2, 2 
31047, 2, 2 
45779, 2, 2 
42949, 2, 2 
53901, 2, 2 
378, 2, 2 
3627, 2, 2 
30993, 2, 2 
17039, 2, 2 
51418, 2, 2 
52982, 2, 2 
22606, 2, 2 
5449, 2, 2 
28879, 2, 2 
37427, 2, 2 
18255, 2, 2 
1270, 2, 2 
36978, 2, 2 
22229, 2, 2 
8202, 2, 1 
588, 2, 2 
18040, 2, 2 
2641, 2, 2 
7041, 2, 2 
12598, 2, 2 
34441, 2, 2 
58287, 2, 2 
29019, 2, 2 
45584, 2, 2 
24724, 2, 2 
7986, 2, 2 
19463, 2, 2 
32525, 2, 2 
28289, 2, 2 
15067, 2, 2 
51898, 2, 2 
16027, 2, 2 
27451, 2, 2 
41121, 2, 2 
49580, 2, 2 
46910, 2, 2 
16390, 2, 2 
25217, 2, 2 
4541, 2, 2 
23894, 2, 2 
1558, 2, 2 
55049, 2, 2 
17995, 2, 2 
31813, 2, 2 
5762, 2, 2 
38715, 2, 2 
45073, 2, 2 
51340, 2, 2 
34745, 2, 2 
35111, 2, 2 
39161, 2, 2 
11711, 2, 2 
45378, 2, 2 
7960, 2, 2 
2508, 2, 2 
28266, 2, 2 
59672, 2, 2 
37631, 2, 2 
34405, 2, 2 
36717, 2, 2 
39488, 2, 2 
37489, 2, 2 
37763, 2, 2 
23194, 2, 2 
49573, 2, 2 
13200, 2, 2 
20424, 2, 2 
48220, 2, 2 
42037, 2, 2 
16729, 2, 2 
26899, 2, 2 
48320, 2, 2 
3357, 2, 2 
7601, 2, 2 
59597, 2, 2 
50543, 2, 2 
25138, 2, 2 
24484, 2, 2 
37416, 2, 2 
53076, 2, 2 
42991, 2, 2 
39592, 2, 2 
35970, 2, 2 
35011, 2, 2 
22187, 2, 2 
10959, 2, 2 
17895, 2, 2 
6414, 2, 2 
33296, 2, 2 
16952, 2, 2 
7486, 2, 2 
57936, 2, 2 
8229, 2, 2 
28950, 2, 2 
55987, 2, 2 
23028, 2, 2 
8844, 2, 2 
32640, 2, 2 
27587, 2, 2 
59742, 2, 2 
37974, 2, 2 
51748, 2, 2 
48277, 2, 2 
50744, 2, 2 
893, 2, 2 
48681, 2, 2 
56100, 2, 2 
6605, 2, 2 
4005, 2, 1 
9508, 2, 2 
57506, 2, 2 
25139, 2, 2 
27754, 2, 2 
22284, 2, 2 
44334, 2, 2 
59499, 2, 2 
17315, 2, 2 
3553, 2, 2 
15823, 2, 2 
35947, 2, 2 
44784, 2, 2 
37601, 2, 2 
39840, 2, 2 
5659, 2, 2 
22280, 2, 2 
32825, 2, 2 
43117, 2, 2 
53284, 2, 2 
15836, 2, 2 
9203, 2, 2 
5250, 2, 2 
41112, 2, 2 
8292, 2, 2 
14112, 2, 2 
11242, 2, 2 
55157, 2, 2 
39476, 2, 2 
7780, 2, 2 
37291, 2, 2 
53637, 2, 2 
27472, 2, 2 
50897, 2, 2 
42926, 2, 2 
52637, 2, 2 
3161, 2, 2 
10464, 2, 2 
25617, 2, 2 
15751, 2, 2 
34214, 2, 2 
53340, 2, 2 
59231, 2, 2 
44051, 3, 3 
41742, 3, 3 
31183, 3, 3 
10993, 3, 3 
45586, 3, 3 
55343, 3, 3 
5067, 3, 3 
44555, 3, 3 
14786, 3, 3 
10402, 3, 3 
59282, 3, 3 
3332, 3, 3 
34728, 3, 3 
3656, 3, 3 
57864, 3, 3 
21055, 3, 3 
4328, 3, 3 
7881, 3, 3 
14135, 3, 3 
31805, 3, 3 
30400, 3, 3 
12814, 3, 3 
6856, 3, 3 
38735, 3, 3 
28953, 3, 3 
19631, 3, 3 
57207, 3, 3 
55093, 3, 3 
16849, 3, 3 
40636, 3, 3 
14935, 3, 3 
27172, 3, 3 
27349, 3, 3 
25225, 3, 3 
33208, 3, 3 
17731, 3, 3 
59660, 3, 3 
540, 3, 3 
36287, 3, 3 
11863, 3, 3 
11618, 3, 3 
36093, 3, 3 
58483, 3, 3 
45271, 3, 3 
42886, 3, 3 
3844, 3, 3 
15930, 3, 3 
59480, 3, 3 
46592, 3, 3 
54398, 3, 3 
34259, 3, 3 
30960, 3, 3 
59691, 3, 3 
49091, 3, 3 
17404, 3, 3 
43537, 3, 3 
24452, 3, 3 
27313, 3, 3 
9411, 3, 3 
5332, 3, 3 
26267, 3, 3 
16678, 3, 3 
58252, 3, 3 
12044, 3, 3 
10389, 3, 3 
20458, 3, 3 
22695, 3, 3 
47654, 3, 3 
35530, 3, 3 
31587, 3, 3 
5911, 3, 3 
17553, 3, 3 
50286, 3, 3 
20249, 3, 3 
49156, 3, 3 
13931, 3, 3 
53165, 3, 3 
8708, 3, 3 
13142, 3, 3 
17292, 3, 3 
3756, 3, 3 
56791, 3, 3 
21930, 3, 3 
21075, 3, 3 
43180, 3, 3 
26148, 3, 3 
36835, 3, 3 
27977, 3, 3 
21415, 3, 3 
44303, 3, 3 
55858, 3, 3 
9730, 3, 3 
34788, 3, 3 
35434, 3, 3 
6033, 3, 3 
49300, 3, 3 
33760, 3, 3 
31452, 3, 3 
52790, 3, 3 
48579, 3, 3 
26715, 3, 3 
7556, 3, 3 
34846, 3, 3 
47628, 3, 3 
41067, 3, 3 
20844, 3, 3 
28913, 3, 3 
43883, 3, 3 
49570, 3, 3 
43196, 3, 3 
19695, 3, 3 
55547, 3, 3 
7613, 3, 3 
28803, 3, 3 
42073, 3, 3 
55062, 3, 3 
15409, 3, 3 
29504, 3, 3 
54694, 3, 3 
26130, 3, 3 
10210, 3, 3 
42804, 3, 3 
25116, 3, 3 
32013, 3, 3 
21156, 3, 3 
29476, 3, 3 
41378, 3, 3 
6826, 3, 3 
53758, 3, 3 
51617, 3, 3 
7618, 3, 3 
16489, 3, 3 
23634, 3, 3 
4543, 3, 3 
15497, 3, 3 
1737, 3, 3 
52601, 3, 3 
3591, 3, 3 
3740, 3, 3 
49841, 3, 3 
34832, 3, 3 
3491, 3, 3 
54707, 3, 3 
44462, 3, 3 
37996, 3, 3 
38670, 3, 3 
28344, 3, 3 
7367, 3, 3 
10678, 3, 3 
41471, 3, 3 
45990, 3, 3 
16922, 3, 3 
55592, 3, 3 
56067, 3, 3 
24333, 3, 3 
55393, 3, 3 
37260, 3, 3 
49670, 3, 3 
43373, 3, 3 
28861, 3, 3 
51695, 3, 3 
15872, 3, 3 
15139, 3, 3 
18588, 3, 3 
29042, 3, 3 
43460, 3, 3 
48642, 3, 3 
50403, 3, 3 
48045, 3, 3 
54487, 3, 3 
53586, 3, 3 
9786, 3, 3 
43380, 3, 3 
55881, 3, 3 
5649, 3, 3 
29757, 3, 3 
5388, 3, 3 
24400, 3, 3 
21938, 3, 3 
47352, 3, 3 
10260, 3, 3 
35045, 3, 3 
31868, 3, 3 
33263, 3, 3 
19200, 3, 3 
3683, 3, 3 
5812, 3, 3 
45407, 3, 3 
40079, 3, 3 
40914, 3, 3 
23119, 3, 3 
42938, 3, 3 
37566, 3, 3 
7412, 3, 3 
12416, 3, 3 
7387, 3, 3 
11155, 3, 3 
21974, 3, 3 
45704, 3, 3 
55698, 3, 3 
11002, 3, 3 
20181, 3, 3 
1935, 3, 3 
14738, 3, 3 
14761, 3, 3 
26542, 3, 3 
54029, 3, 3 
27152, 3, 3 
57584, 3, 3 
55974, 3, 3 
13707, 3, 3 
59228, 3, 3 
31825, 3, 3 
46136, 3, 3 
30375, 3, 3 
6007, 3, 3 
57734, 3, 3 
39933, 3, 3 
23663, 3, 3 
42678, 3, 3 
57247, 3, 3 
7046, 3, 3 
56657, 3, 3 
28303, 3, 3 
59394, 3, 3 
39317, 3, 3 
33568, 3, 3 
36329, 3, 3 
54402, 3, 3 
44709, 3, 3 
59315, 3, 3 
20499, 3, 3 
1883, 3, 3 
9300, 3, 3 
27691, 3, 3 
43198, 3, 3 
54697, 3, 3 
8762, 3, 3 
28380, 3, 3 
7501, 3, 3 
49230, 3, 3 
10921, 3, 3 
52565, 3, 3 
34898, 3, 3 
55548, 3, 3 
40502, 3, 3 
11539, 3, 3 
17295, 3, 3 
2076, 3, 3 
37223, 3, 3 
41773, 3, 3 
26593, 3, 3 
1320, 3, 3 
49006, 3, 3 
38755, 3, 3 
23298, 3, 3 
13242, 3, 3 
8395, 3, 3 
46184, 3, 3 
23053, 3, 3 
8537, 3, 3 
51798, 3, 3 
18485, 3, 3 
22103, 3, 3 
11244, 3, 3 
50837, 3, 3 
38983, 3, 3 
6516, 3, 3 
43298, 3, 3 
1566, 3, 3 
19263, 3, 3 
52702, 3, 3 
34366, 3, 3 
36337, 3, 3 
49288, 3, 3 
49103, 3, 3 
28707, 3, 3 
14205, 3, 3 
35649, 3, 3 
15477, 3, 3 
36298, 3, 3 
40247, 3, 3 
36645, 3, 3 
28032, 3, 3 
49477, 3, 3 
48626, 3, 3 
59263, 3, 3 
20355, 3, 3 
37134, 3, 3 
12503, 3, 3 
12783, 3, 3 
2818, 3, 3 
50680, 3, 3 
58183, 3, 3 
15186, 3, 3 
30175, 3, 3 
22000, 3, 3 
33786, 3, 3 
26247, 3, 3 
45419, 3, 3 
29653, 3, 3 
53846, 3, 3 
18268, 3, 3 
23796, 3, 3 
36227, 3, 3 
41994, 3, 3 
17435, 3, 3 
35190, 3, 3 
7455, 3, 3 
48935, 3, 3 
57739, 3, 3 
46908, 3, 3 
57172, 3, 3 
54016, 3, 3 
12698, 3, 3 
20540, 3, 3 
20437, 3, 3 
45814, 3, 3 
34736, 3, 3 
20285, 3, 3 
695, 3, 3 
19280, 3, 3 
21582, 3, 3 
12544, 3, 3 
7288, 3, 3 
49137, 3, 3 
37703, 3, 3 
57533, 3, 3 
49912, 3, 3 
30733, 3, 3 
54829, 3, 3 
7678, 3, 3 
45389, 3, 3 
22946, 3, 3 
6182, 3, 3 
30461, 3, 3 
44477, 3, 3 
4068, 3, 3 
37105, 3, 3 
32376, 3, 3 
7396, 3, 3 
1809, 3, 3 
10328, 3, 3 
37188, 3, 3 
51474, 3, 3 
46406, 3, 3 
58336, 3, 3 
57173, 3, 3 
21447, 3, 3 
36242, 3, 3 
6710, 3, 3 
12094, 3, 3 
6170, 3, 3 
25573, 3, 3 
24442, 3, 3 
7590, 3, 3 
53874, 3, 3 
54001, 3, 3 
45946, 3, 3 
31925, 3, 3 
24204, 3, 3 
18964, 3, 3 
21689, 3, 3 
36149, 3, 3 
37636, 3, 3 
8054, 3, 3 
33009, 3, 3 
13906, 3, 3 
30720, 3, 3 
54867, 3, 3 
33709, 3, 3 
51106, 3, 3 
53954, 3, 3 
40382, 3, 3 
13660, 3, 3 
34967, 3, 3 
30011, 3, 3 
31897, 3, 3 
12152, 3, 3 
24417, 3, 3 
2179, 3, 3 
18119, 3, 3 
47655, 3, 3 
25425, 3, 3 
27670, 3, 3 
26419, 3, 3 
10099, 3, 3 
5838, 3, 3 
48551, 3, 3 
16620, 3, 3 
8188, 3, 3 
34805, 3, 3 
54535, 3, 3 
12882, 3, 3 
22114, 3, 3 
4156, 3, 3 
52785, 3, 3 
1234, 3, 3 
38867, 3, 3 
44350, 3, 3 
56475, 3, 3 
1474, 3, 3 
41165, 3, 3 
4154, 3, 3 
43208, 3, 3 
20805, 3, 3 
47684, 3, 3 
20003, 3, 3 
41171, 3, 3 
12881, 3, 3 
31155, 3, 3 
56457, 3, 3 
49269, 3, 3 
50214, 3, 3 
17341, 3, 3 
24780, 3, 3 
46834, 3, 3 
48599, 3, 3 
13519, 3, 3 
23897, 3, 3 
51522, 3, 3 
15297, 3, 3 
27840, 3, 3 
5958, 3, 3 
6892, 3, 3 
5284, 3, 3 
15339, 3, 3 
51799, 3, 3 
5458, 3, 3 
35271, 3, 3 
4681, 3, 3 
15090, 3, 3 
34987, 3, 3 
37443, 3, 3 
1921, 3, 3 
55116, 3, 3 
7600, 3, 3 
20631, 3, 3 
38970, 3, 3 
3264, 3, 3 
9916, 3, 3 
33229, 3, 3 
13607, 3, 3 
25685, 3, 3 
17308, 3, 3 
20952, 3, 3 
21182, 3, 3 
43659, 3, 3 
6662, 3, 3 
28343, 3, 3 
43773, 3, 3 
17386, 3, 3 
53223, 3, 3 
25829, 3, 3 
7915, 3, 3 
59375, 3, 3 
12645, 3, 3 
2074, 3, 3 
20833, 3, 3 
49748, 3, 3 
16375, 3, 3 
58660, 3, 3 
2669, 3, 3 
31720, 3, 3 
57399, 3, 3 
21525, 3, 3 
42777, 3, 3 
30760, 3, 3 
8816, 3, 3 
43967, 3, 3 
52014, 3, 3 
4864, 3, 3 
5097, 3, 3 
9355, 3, 3 
57009, 3, 3 
37503, 3, 3 
25409, 3, 3 
34873, 3, 3 
46072, 3, 3 
45260, 3, 3 
28841, 3, 3 
53712, 3, 3 
2207, 3, 3 
4823, 3, 3 
32688, 3, 3 
3347, 3, 3 
52692, 3, 3 
3471, 3, 3 
50025, 3, 3 
39445, 3, 3 
7497, 3, 3 
58620, 3, 3 
38283, 3, 3 
55151, 3, 3 
54008, 3, 3 
29352, 3, 3 
59500, 3, 3 
37022, 3, 3 
12035, 3, 3 
13294, 3, 3 
47843, 4, 4 
34346, 4, 4 
46033, 4, 9 
20149, 4, 4 
4493, 4, 4 
56406, 4, 4 
40169, 4, 4 
51199, 4, 4 
47326, 4, 4 
58023, 4, 4 
1808, 4, 4 
43703, 4, 4 
34367, 4, 4 
21951, 4, 4 
41864, 4, 4 
53452, 4, 4 
34465, 4, 4 
10350, 4, 4 
22574, 4, 4 
37800, 4, 4 
39866, 4, 4 
742, 4, 4 
10150, 4, 4 
3686, 4, 4 
54770, 4, 4 
41925, 4, 4 
58514, 4, 4 
44279, 4, 4 
11981, 4, 4 
30927, 4, 4 
21232, 4, 4 
18724, 4, 4 
28312, 4, 4 
39551, 4, 4 
10013, 4, 4 
39272, 4, 4 
35771, 4, 4 
40573, 4, 4 
19827, 4, 4 
40827, 4, 4 
38296, 4, 4 
4409, 4, 4 
11016, 4, 4 
13856, 4, 4 
46503, 4, 4 
49162, 4, 4 
2338, 4, 4 
297, 4, 4 
59179, 4, 4 
6532, 4, 4 
36190, 4, 4 
17313, 4, 4 
49102, 4, 4 
37381, 4, 4 
55564, 4, 4 
41381, 4, 4 
24761, 4, 4 
58980, 4, 4 
1273, 4, 4 
35583, 4, 4 
51657, 4, 4 
4721, 4, 4 
2943, 4, 4 
37248, 4, 4 
44751, 4, 4 
15111, 4, 4 
55141, 4, 4 
43530, 4, 4 
42774, 4, 4 
32602, 4, 4 
28843, 4, 4 
10269, 4, 4 
22714, 4, 4 
18062, 4, 4 
24745, 4, 4 
8914, 4, 4 
8925, 4, 4 
17238, 4, 4 
5046, 4, 4 
43732, 4, 4 
53145, 4, 4 
22614, 4, 4 
38568, 4, 4 
24781, 4, 4 
56422, 4, 4 
8101, 4, 4 
15420, 4, 4 
48546, 4, 4 
20730, 4, 4 
30164, 4, 4 
13128, 4, 4 
49155, 4, 4 
47763, 4, 4 
50835, 4, 4 
4240, 4, 4 
275, 4, 4 
38188, 4, 4 
37104, 4, 4 
30875, 4, 4 
372, 4, 4 
6817, 4, 4 
31471, 4, 4 
56799, 4, 4 
56150, 4, 4 
4522, 4, 4 
35263, 4, 4 
55239, 4, 4 
15259, 4, 4 
34875, 4, 4 
45778, 4, 4 
44998, 4, 4 
42249, 4, 4 
39491, 4, 4 
26599, 4, 4 
1541, 4, 4 
12332, 4, 4 
3352, 4, 4 
57690, 4, 4 
56997, 4, 4 
58559, 4, 4 
10371, 4, 4 
20118, 4, 4 
33926, 4, 4 
9585, 4, 4 
6941, 4, 4 
22456, 4, 4 
11167, 4, 4 
1446, 4, 4 
2466, 4, 4 
7282, 4, 4 
3100, 4, 4 
10967, 4, 4 
29218, 4, 4 
51351, 4, 4 
45729, 4, 4 
43038, 4, 6 
44342, 4, 4 
31965, 4, 4 
19907, 4, 4 
27433, 4, 4 
46052, 4, 4 
47363, 4, 4 
9030, 4, 4 
10942, 4, 4 
44761, 4, 4 
2896, 4, 4 
51838, 4, 4 
16431, 4, 4 
1693, 4, 4 
54521, 4, 4 
35256, 4, 4 
33320, 4, 4 
47094, 4, 4 
7204, 4, 4 
19375, 4, 4 
37144, 4, 4 
20702, 4, 4 
58474, 4, 4 
19123, 4, 4 
6028, 4, 4 
57709, 4, 4 
1976, 4, 4 
40913, 4, 4 
31324, 4, 4 
8207, 4, 4 
46388, 4, 4 
51817, 4, 4 
50673, 4, 4 
47121, 4, 4 
15100, 4, 4 
12867, 4, 4 
3857, 4, 4 
4833, 4, 4 
8874, 4, 4 
41166, 4, 4 
58269, 4, 4 
53446, 4, 4 
16685, 4, 4 
44594, 4, 4 
15514, 4, 4 
39361, 4, 4 
33932, 4, 4 
47491, 4, 4 
21152, 4, 4 
22590, 4, 4 
37975, 4, 4 
22818, 4, 4 
52343, 4, 4 
24874, 4, 4 
10236, 4, 4 
19520, 4, 4 
30876, 4, 4 
41109, 4, 4 
39976, 4, 4 
21611, 4, 4 
1663, 4, 4 
17740, 4, 4 
33347, 4, 4 
47210, 4, 4 
26872, 4, 4 
45827, 4, 4 
46234, 4, 4 
4707, 4, 4 
42858, 4, 4 
18031, 4, 4 
47961, 4, 4 
29166, 4, 4 
2208, 4, 4 
12384, 4, 4 
7124, 4, 4 
58211, 4, 4 
2484, 4, 4 
37826, 4, 4 
15359, 4, 4 
1554, 4, 1 
38957, 4, 4 
31883, 4, 4 
38011, 4, 4 
1172, 4, 4 
10869, 4, 4 
41625, 4, 4 
5513, 4, 4 
33282, 4, 4 
18223, 4, 4 
23085, 4, 4 
58151, 4, 4 
14086, 4, 4 
17417, 4, 4 
57370, 4, 4 
28034, 4, 4 
30613, 4, 4 
55005, 4, 4 
45981, 4, 4 
47368, 4, 4 
29193, 4, 4 
33726, 4, 4 
39867, 4, 4 
36204, 4, 4 
41444, 4, 4 
2808, 4, 4 
40529, 4, 4 
39584, 4, 4 
2181, 4, 4 
25938, 4, 4 
29898, 4, 4 
30167, 4, 4 
2032, 4, 4 
49398, 4, 4 
15059, 4, 4 
10908, 4, 4 
1628, 4, 4 
30463, 4, 4 
40156, 4, 4 
14187, 4, 4 
26367, 4, 4 
40493, 4, 4 
56395, 4, 4 
56330, 4, 4 
47589, 4, 4 
10033, 4, 4 
49858, 4, 4 
21994, 4, 4 
51071, 4, 4 
57279, 4, 4 
45834, 4, 4 
50089, 4, 4 
48962, 4, 4 
35442, 4, 4 
48953, 4, 4 
51309, 4, 4 
8657, 4, 4 
19621, 4, 4 
12595, 4, 4 
5835, 4, 4 
10737, 4, 4 
40379, 4, 4 
13541, 4, 4 
23913, 4, 4 
11113, 4, 4 
58843, 4, 4 
27914, 4, 4 
13471, 4, 4 
289, 4, 4 
17300, 4, 4 
17823, 4, 4 
55883, 4, 4 
49733, 4, 4 
40709, 4, 4 
52838, 4, 4 
20197, 4, 4 
32469, 4, 4 
49172, 4, 4 
16195, 4, 4 
32558, 4, 9 
21326, 4, 4 
4564, 4, 4 
57803, 4, 4 
48123, 4, 4 
9781, 4, 4 
40576, 4, 4 
14415, 4, 4 
44232, 4, 4 
54588, 4, 4 
4318, 4, 4 
18088, 4, 4 
3838, 4, 4 
32776, 4, 1 
51288, 4, 4 
33884, 4, 4 
49015, 4, 4 
9586, 4, 4 
28462, 4, 4 
44275, 4, 4 
10845, 4, 4 
45330, 4, 4 
25175, 4, 4 
58420, 4, 4 
47814, 4, 4 
30066, 4, 4 
15092, 4, 4 
31793, 4, 4 
54729, 4, 4 
5720, 4, 4 
50599, 4, 4 
41293, 4, 4 
11209, 4, 4 
43026, 4, 4 
29638, 4, 4 
50879, 4, 4 
18981, 4, 4 
18578, 4, 4 
25869, 4, 4 
9442, 4, 4 
52815, 4, 4 
32340, 4, 4 
54628, 4, 1 
44124, 4, 4 
20835, 4, 4 
21307, 4, 4 
25844, 4, 4 
9993, 4, 4 
42770, 4, 4 
28468, 4, 4 
33637, 4, 4 
1613, 4, 4 
27939, 4, 4 
14193, 4, 4 
30602, 4, 4 
54156, 4, 4 
40224, 4, 4 
19202, 4, 4 
19418, 4, 4 
47884, 4, 4 
42676, 4, 4 
37794, 4, 4 
34266, 4, 4 
45153, 4, 4 
32310, 4, 4 
58661, 4, 4 
13968, 4, 4 
43881, 4, 4 
52876, 4, 4 
848, 4, 4 
1253, 4, 4 
36202, 4, 4 
37594, 4, 4 
51135, 4, 4 
18787, 4, 4 
6218, 4, 4 
36596, 4, 4 
32838, 4, 4 
11547, 4, 4 
7343, 4, 4 
39245, 4, 4 
59047, 4, 4 
64, 4, 4 
55320, 4, 4 
2856, 4, 4 
8737, 4, 4 
21817, 4, 4 
50937, 4, 4 
20665, 4, 4 
32851, 4, 4 
5331, 4, 4 
33545, 4, 4 
59210, 4, 4 
12790, 4, 4 
20490, 4, 4 
59312, 4, 4 
34808, 4, 4 
49513, 4, 4 
2902, 4, 4 
31541, 4, 4 
34971, 4, 4 
18888, 4, 4 
18941, 4, 4 
34101, 4, 1 
47701, 4, 4 
4641, 4, 4 
23580, 4, 4 
48195, 4, 4 
25612, 4, 4 
35635, 4, 4 
3091, 4, 4 
32125, 4, 4 
18245, 4, 4 
51482, 4, 4 
3240, 4, 4 
40677, 4, 4 
13071, 4, 4 
26864, 4, 4 
461, 4, 4 
5899, 4, 4 
40835, 4, 4 
17231, 4, 4 
38316, 4, 1 
18056, 4, 9 
45121, 4, 4 
50432, 4, 4 
11986, 4, 4 
9109, 4, 4 
22771, 4, 4 
29929, 4, 4 
30283, 4, 4 
54422, 4, 4 
59219, 4, 4 
28706, 4, 4 
30792, 4, 7 
41511, 4, 4 
32262, 4, 4 
20262, 4, 4 
34991, 4, 4 
19840, 4, 4 
39638, 4, 4 
850, 4, 6 
15876, 4, 4 
52402, 4, 4 
49514, 4, 9 
17944, 4, 4 
35075, 4, 4 
36706, 4, 4 
7166, 4, 4 
8325, 4, 4 
5313, 4, 4 
42304, 4, 4 
25188, 4, 4 
40846, 4, 4 
150, 4, 4 
37961, 4, 4 
59240, 4, 4 
26132, 4, 4 
58436, 4, 4 
49345, 4, 4 
48919, 4, 4 
58478, 4, 4 
44447, 4, 4 
47413, 4, 4 
53738, 4, 4 
38960, 4, 4 
44496, 4, 4 
17015, 4, 4 
41220, 4, 4 
58986, 4, 4 
32578, 4, 4 
59789, 4, 4 
38229, 4, 4 
50725, 4, 4 
45353, 4, 4 
14793, 4, 4 
37986, 4, 4 
6454, 4, 4 
21235, 4, 4 
56350, 4, 4 
20063, 4, 4 
11009, 4, 4 
36073, 4, 4 
49423, 4, 4 
20011, 4, 4 
43757, 4, 4 
21448, 4, 4 
55675, 4, 4 
36577, 4, 4 
17857, 4, 4 
37893, 4, 4 
16886, 4, 4 
21968, 4, 4 
29879, 4, 4 
22400, 4, 9 
21296, 4, 4 
17870, 4, 4 
9189, 4, 4 
20368, 4, 4 
57499, 4, 4 
53925, 4, 4 
21973, 4, 4 
36676, 4, 4 
56853, 4, 4 
1431, 4, 4 
51125, 4, 4 
55821, 4, 4 
28534, 5, 5 
25659, 5, 5 
22650, 5, 5 
5255, 5, 5 
53433, 5, 5 
45036, 5, 5 
20881, 5, 5 
28360, 5, 5 
59133, 5, 5 
2368, 5, 5 
28874, 5, 5 
48408, 5, 5 
29150, 5, 5 
22272, 5, 5 
50779, 5, 5 
27557, 5, 5 
33815, 5, 5 
41457, 5, 5 
21609, 5, 5 
38648, 5, 5 
47828, 5, 5 
44148, 5, 5 
22821, 5, 5 
47, 5, 5 
2248, 5, 5 
13938, 5, 5 
35114, 5, 5 
54289, 5, 5 
42827, 5, 5 
13724, 5, 5 
28469, 5, 5 
33903, 5, 5 
22951, 5, 5 
26771, 5, 5 
23497, 5, 5 
9652, 5, 5 
29077, 5, 5 
3137, 5, 5 
53201, 5, 5 
8519, 5, 5 
54673, 5, 5 
18600, 5, 5 
33749, 5, 5 
50399, 5, 5 
6782, 5, 5 
32788, 5, 5 
53971, 5, 5 
49445, 5, 5 
41215, 5, 5 
55453, 5, 5 
55903, 5, 5 
54400, 5, 5 
55434, 5, 5 
1420, 5, 5 
58655, 5, 5 
34821, 5, 5 
46489, 5, 5 
32566, 5, 5 
2414, 5, 5 
56155, 5, 5 
10954, 5, 5 
59502, 5, 5 
55708, 5, 5 
11397, 5, 5 
47444, 5, 5 
14623, 5, 5 
34122, 5, 5 
19797, 5, 5 
37380, 5, 5 
34082, 5, 5 
24235, 5, 5 
38678, 5, 5 
17132, 5, 5 
21346, 5, 5 
49825, 5, 5 
24217, 5, 5 
49726, 5, 5 
51177, 5, 5 
23996, 5, 5 
18481, 5, 5 
9919, 5, 5 
19659, 5, 5 
8649, 5, 5 
31495, 5, 5 
58005, 5, 5 
5453, 5, 5 
16210, 5, 5 
58040, 5, 5 
54442, 5, 5 
18573, 5, 5 
27408, 5, 5 
7885, 5, 5 
55010, 5, 5 
47646, 5, 5 
27452, 5, 5 
23385, 5, 5 
44816, 5, 5 
9995, 5, 5 
6412, 5, 5 
15732, 5, 5 
57987, 5, 5 
10182, 5, 5 
57593, 5, 5 
9028, 5, 5 
39910, 5, 5 
24077, 5, 5 
31982, 5, 5 
27778, 5, 5 
39335, 5, 5 
27062, 5, 5 
38851, 5, 5 
27802, 5, 5 
25840, 5, 5 
19469, 5, 5 
10146, 5, 5 
6997, 5, 5 
31746, 5, 5 
31519, 5, 5 
38439, 5, 5 
4573, 5, 5 
32822, 5, 5 
26615, 5, 5 
38285, 5, 5 
14389, 5, 5 
43568, 5, 5 
17118, 5, 5 
9858, 5, 5 
48572, 5, 5 
30482, 5, 5 
35420, 5, 5 
13078, 5, 5 
43048, 5, 5 
7346, 5, 5 
4885, 5, 5 
49107, 5, 5 
52255, 5, 5 
21588, 5, 5 
4622, 5, 5 
28777, 5, 5 
33121, 5, 5 
35838, 5, 5 
52474, 5, 5 
38883, 5, 5 
53642, 5, 5 
12021, 5, 5 
7595, 5, 5 
35040, 5, 5 
8128, 5, 5 
10894, 5, 5 
24847, 5, 5 
18839, 5, 5 
29204, 5, 5 
32372, 5, 5 
14742, 5, 5 
38202, 5, 5 
43508, 5, 5 
30903, 5, 5 
11721, 5, 5 
49032, 5, 5 
6086, 5, 5 
48058, 5, 5 
16910, 5, 5 
38940, 5, 5 
21360, 5, 5 
53069, 5, 5 
42836, 5, 5 
45211, 5, 5 
12631, 5, 5 
33811, 5, 5 
45872, 5, 5 
54045, 5, 5 
13276, 5, 5 
28994, 5, 5 
4590, 5, 5 
40347, 5, 5 
50954, 5, 5 
45602, 5, 5 
32287, 5, 5 
41140, 5, 5 
44262, 5, 3 
33767, 5, 5 
49025, 5, 5 
960, 5, 5 
38801, 5, 5 
16242, 5, 5 
10740, 5, 5 
37983, 5, 5 
31022, 5, 5 
8023, 5, 5 
54091, 5, 5 
2478, 5, 5 
47845, 5, 5 
22147, 5, 5 
27002, 5, 5 
5603, 5, 5 
40434, 5, 5 
12572, 5, 5 
31926, 5, 5 
1402, 5, 5 
58790, 5, 5 
40640, 5, 5 
40059, 5, 5 
27500, 5, 5 
42520, 5, 5 
13264, 5, 5 
38626, 5, 5 
53329, 5, 5 
44563, 5, 5 
19186, 5, 5 
32686, 5, 5 
41509, 5, 5 
19706, 5, 5 
28455, 5, 5 
6884, 5, 5 
915, 5, 5 
25315, 5, 5 
21963, 5, 5 
16819, 5, 5 
14376, 5, 5 
13532, 5, 5 
24708, 5, 5 
41693, 5, 5 
28491, 5, 5 
30544, 5, 5 
38481, 5, 5 
57944, 5, 5 
5771, 5, 5 
49728, 5, 5 
19959, 5, 5 
47630, 5, 5 
24773, 5, 5 
34276, 5, 5 
43318, 5, 5 
2744, 5, 5 
47641, 5, 5 
29058, 5, 5 
36981, 5, 5 
37070, 5, 5 
56366, 5, 5 
35228, 5, 5 
35350, 5, 5 
12829, 5, 5 
51254, 5, 5 
38217, 5, 5 
39374, 5, 5 
21927, 5, 5 
30575, 5, 5 
54880, 5, 5 
20476, 5, 5 
30572, 5, 5 
11410, 5, 5 
33288, 5, 5 
32141, 5, 5 
30595, 5, 5 
27375, 5, 5 
41582, 5, 5 
11507, 5, 5 
8789, 5, 5 
38287, 5, 5 
2250, 5, 5 
57013, 5, 5 
27801, 5, 5 
57848, 5, 5 
16028, 5, 5 
6188, 5, 5 
11873, 5, 5 
5971, 5, 5 
26637, 5, 5 
20185, 5, 5 
47381, 5, 5 
42560, 5, 5 
20994, 5, 5 
29049, 5, 5 
2308, 5, 5 
13811, 5, 5 
59064, 5, 5 
56782, 5, 5 
39940, 5, 5 
36638, 5, 5 
19578, 5, 5 
36539, 5, 5 
22310, 5, 5 
16374, 5, 5 
18508, 5, 5 
35799, 5, 5 
18404, 5, 5 
19839, 5, 5 
13533, 5, 5 
42287, 5, 5 
34888, 5, 5 
8252, 5, 5 
11324, 5, 5 
6735, 5, 5 
13368, 5, 5 
23189, 5, 5 
33808, 5, 5 
36493, 5, 5 
15528, 5, 5 
34602, 5, 5 
5678, 5, 5 
36599, 5, 5 
18103, 5, 5 
15819, 5, 5 
10598, 5, 5 
59278, 5, 5 
44793, 5, 5 
4728, 5, 5 
57345, 5, 5 
32156, 5, 5 
30285, 5, 5 
20033, 5, 5 
25738, 5, 5 
11638, 5, 5 
543, 5, 5 
20044, 5, 5 
19892, 5, 5 
57271, 5, 5 
30991, 5, 5 
55161, 5, 5 
35267, 5, 5 
12561, 5, 5 
5719, 5, 5 
22783, 5, 5 
30403, 5, 5 
22354, 5, 5 
12003, 5, 5 
17298, 5, 5 
28057, 5, 5 
7249, 5, 5 
23763, 5, 5 
21198, 5, 5 
31489, 5, 5 
47301, 5, 5 
10030, 5, 5 
39671, 5, 5 
42392, 5, 5 
29915, 5, 5 
38023, 5, 5 
31053, 5, 5 
23361, 5, 5 
11260, 5, 5 
31287, 5, 5 
29462, 5, 5 
33365, 5, 5 
30900, 5, 5 
58290, 5, 5 
8713, 5, 5 
11402, 5, 5 
57662, 5, 5 
4820, 5, 5 
33575, 5, 5 
30216, 5, 5 
33622, 5, 5 
51852, 5, 5 
45003, 5, 5 
23226, 5, 5 
21883, 5, 5 
12210, 5, 5 
6636, 5, 5 
42141, 5, 5 
32324, 5, 5 
50091, 5, 5 
41322, 5, 5 
48564, 5, 5 
45512, 5, 5 
20210, 5, 5 
32923, 5, 5 
474, 5, 5 
17446, 5, 5 
39208, 5, 5 
54281, 5, 5 
12978, 5, 5 
47995, 5, 5 
54461, 5, 5 
35609, 5, 5 
52459, 5, 5 
38604, 5, 5 
1111, 5, 5 
29264, 5, 3 
27760, 5, 5 
54577, 5, 5 
11523, 5, 5 
2445, 5, 5 
39513, 5, 5 
54225, 5, 5 
5599, 5, 5 
6472, 5, 5 
41185, 5, 5 
7193, 5, 5 
35214, 5, 5 
6431, 5, 5 
22571, 5, 5 
42511, 5, 5 
7902, 5, 5 
1965, 5, 5 
13145, 5, 5 
24097, 5, 5 
48374, 5, 5 
24725, 5, 5 
51124, 5, 5 
39958, 5, 5 
18162, 5, 5 
28579, 5, 5 
32961, 5, 5 
42414, 5, 5 
15066, 5, 5 
14917, 5, 5 
22396, 5, 5 
27337, 5, 5 
43809, 5, 5 
4134, 5, 5 
41719, 5, 5 
46675, 5, 5 
35567, 5, 5 
38240, 5, 5 
31190, 5, 5 
41462, 5, 5 
9009, 5, 5 
21779, 5, 5 
12962, 5, 5 
12893, 5, 5 
9163, 5, 5 
45292, 5, 5 
15742, 5, 5 
51258, 5, 5 
50939, 5, 5 
18938, 5, 5 
56695, 5, 5 
53620, 5, 5 
41737, 5, 5 
32290, 5, 5 
28596, 5, 5 
46453, 5, 5 
15464, 5, 5 
24001, 5, 5 
37066, 5, 5 
2571, 5, 5 
44480, 5, 5 
7323, 5, 5 
56045, 5, 5 
6527, 5, 5 
8767, 5, 5 
59473, 5, 5 
19994, 5, 5 
41127, 5, 5 
49253, 5, 5 
50592, 5, 5 
41904, 5, 5 
38254, 5, 5 
3285, 5, 5 
57789, 5, 5 
33603, 5, 5 
12540, 5, 5 
28951, 5, 5 
46824, 5, 5 
2363, 5, 5 
22382, 5, 5 
49460, 5, 5 
12756, 5, 5 
25357, 5, 5 
55204, 5, 5 
50759, 5, 5 
25560, 5, 5 
1524, 5, 5 
11, 5, 5 
44738, 5, 5 
9462, 5, 5 
48825, 5, 5 
38708, 5, 5 
26517, 5, 5 
1795, 5, 5 
47339, 5, 5 
3974, 5, 5 
1222, 5, 5 
44621, 5, 5 
12569, 5, 5 
57566, 5, 5 
57251, 5, 5 
23531, 5, 5 
14534, 5, 5 
7114, 5, 5 
44706, 5, 5 
53812, 5, 5 
42338, 5, 5 
20890, 5, 5 
26290, 5, 5 
38512, 5, 5 
23668, 5, 5 
4723, 5, 5 
54744, 5, 5 
5240, 5, 5 
52529, 5, 5 
26236, 5, 5 
29534, 5, 5 
34309, 5, 5 
38658, 5, 5 
26024, 5, 5 
17387, 5, 5 
21873, 5, 5 
19945, 5, 5 
42335, 6, 6 
29768, 6, 6 
29622, 6, 6 
45209, 6, 6 
11390, 6, 6 
19754, 6, 6 
3654, 6, 6 
34247, 6, 6 
33919, 6, 6 
47133, 6, 6 
52685, 6, 6 
57945, 6, 6 
53877, 6, 6 
43263, 6, 6 
7901, 6, 6 
54661, 6, 6 
57860, 6, 6 
16830, 6, 6 
41746, 6, 6 
40751, 6, 6 
16782, 6, 6 
55627, 6, 6 
16703, 6, 6 
42729, 6, 6 
46861, 6, 6 
26670, 6, 6 
13939, 6, 6 
38875, 6, 6 
19503, 6, 6 
14676, 6, 6 
5619, 6, 6 
54196, 6, 6 
44498, 6, 6 
45248, 6, 6 
32436, 6, 6 
37121, 6, 6 
57577, 6, 6 
26768, 6, 6 
38393, 6, 6 
14869, 6, 6 
15714, 6, 6 
49526, 6, 6 
30139, 6, 6 
44989, 6, 6 
42207, 6, 6 
36036, 6, 6 
147, 6, 6 
27704, 6, 6 
25893, 6, 6 
57622, 6, 6 
41688, 6, 6 
16118, 6, 6 
24905, 6, 6 
10037, 6, 6 
29774, 6, 6 
29460, 6, 6 
23900, 6, 6 
23594, 6, 6 
17796, 6, 6 
41323, 6, 6 
21753, 6, 6 
45622, 6, 6 
32817, 6, 6 
47300, 6, 6 
33619, 6, 6 
29160, 6, 6 
51378, 6, 6 
55645, 6, 6 
48491, 6, 6 
46024, 6, 6 
12758, 6, 6 
21373, 6, 6 
6975, 6, 6 
23233, 6, 6 
59008, 6, 6 
506, 6, 6 
30249, 6, 6 
38761, 6, 6 
12191, 6, 6 
25520, 6, 6 
7452, 6, 6 
49539, 6, 6 
2862, 6, 6 
43795, 6, 6 
10174, 6, 6 
44011, 6, 6 
17652, 6, 6 
10913, 6, 6 
40641, 6, 6 
12462, 6, 6 
40889, 6, 6 
48471, 6, 6 
8100, 6, 6 
11635, 6, 6 
34135, 6, 6 
36415, 6, 6 
32205, 6, 6 
27149, 6, 6 
30638, 6, 6 
17287, 6, 6 
13702, 6, 6 
22814, 6, 6 
45448, 6, 6 
43125, 6, 6 
39019, 6, 6 
10419, 6, 6 
51319, 6, 6 
39226, 6, 6 
49396, 6, 6 
26418, 6, 6 
55196, 6, 6 
34466, 6, 6 
51475, 6, 6 
13468, 6, 6 
39, 6, 6 
31948, 6, 6 
34539, 6, 6 
27285, 6, 6 
21995, 6, 6 
30788, 6, 6 
23766, 6, 6 
54211, 6, 6 
17510, 6, 6 
32113, 6, 6 
37235, 6, 6 
14989, 6, 6 
35948, 6, 6 
52641, 6, 6 
1906, 6, 6 
49931, 6, 6 
53277, 6, 6 
4402, 6, 6 
50276, 6, 6 
597, 6, 6 
26299, 6, 6 
38379, 6, 6 
51089, 6, 6 
367, 6, 6 
33887, 6, 6 
43697, 6, 6 
57565, 6, 6 
6343, 6, 6 
35868, 6, 6 
42481, 6, 6 
28817, 6, 6 
50039, 6, 6 
50811, 6, 6 
7577, 6, 6 
35575, 6, 6 
24944, 6, 6 
52837, 6, 6 
28142, 6, 6 
38782, 6, 6 
20323, 6, 6 
32230, 6, 6 
46440, 6, 6 
24220, 6, 6 
22693, 6, 6 
30995, 6, 6 
6464, 6, 6 
2113, 6, 6 
45552, 6, 6 
42381, 6, 6 
19960, 6, 6 
55123, 6, 6 
44754, 6, 6 
45805, 6, 6 
49275, 6, 6 
9210, 6, 6 
10851, 6, 6 
15687, 6, 6 
9174, 6, 6 
35181, 6, 6 
3451, 6, 6 
23073, 6, 6 
53606, 6, 6 
11905, 6, 6 
7543, 6, 6 
30004, 6, 6 
41142, 6, 6 
43931, 6, 6 
48156, 6, 6 
4030, 6, 6 
15797, 6, 6 
38260, 6, 6 
11927, 6, 6 
27796, 6, 6 
35817, 6, 6 
50880, 6, 6 
37140, 6, 6 
10793, 6, 6 
51518, 6, 6 
40331, 6, 6 
38699, 6, 6 
12402, 6, 6 
49517, 6, 6 
46580, 6, 6 
32242, 6, 6 
26729, 6, 6 
25037, 6, 6 
44132, 6, 6 
58041, 6, 6 
55138, 6, 6 
42788, 6, 6 
56767, 6, 6 
23569, 6, 6 
2757, 6, 6 
53677, 6, 6 
32876, 6, 6 
2785, 6, 6 
1091, 6, 6 
28890, 6, 6 
33975, 6, 6 
16560, 6, 6 
3910, 6, 6 
47497, 6, 6 
57297, 6, 6 
45113, 6, 6 
39736, 6, 6 
54618, 6, 6 
28711, 6, 6 
41430, 6, 6 
14330, 6, 6 
35726, 6, 6 
43177, 6, 6 
52765, 6, 6 
10032, 6, 6 
25435, 6, 6 
11347, 6, 6 
17626, 6, 6 
33560, 6, 6 
51410, 6, 6 
28143, 6, 6 
45479, 6, 6 
51687, 6, 6 
30168, 6, 6 
11098, 6, 6 
53775, 6, 6 
16245, 6, 6 
50921, 6, 6 
23577, 6, 6 
28382, 6, 6 
40991, 6, 6 
28400, 6, 6 
52557, 6, 6 
42075, 6, 6 
35968, 6, 6 
54602, 6, 6 
41778, 6, 6 
6393, 6, 6 
20343, 6, 6 
24486, 6, 6 
39577, 6, 6 
1642, 6, 6 
8638, 6, 6 
44742, 6, 6 
18033, 6, 6 
38661, 6, 6 
37230, 6, 6 
51912, 6, 6 
32826, 6, 6 
5951, 6, 6 
41842, 6, 6 
39177, 6, 6 
40717, 6, 6 
21113, 6, 6 
6456, 6, 6 
31411, 6, 6 
15234, 6, 6 
58007, 6, 6 
23898, 6, 6 
37477, 6, 6 
11336, 6, 6 
49693, 6, 6 
1869, 6, 6 
54255, 6, 6 
24687, 6, 6 
28876, 6, 6 
51402, 6, 6 
20291, 6, 6 
8733, 6, 6 
54205, 6, 6 
18262, 6, 6 
36838, 6, 6 
794, 6, 6 
44932, 6, 6 
1303, 6, 6 
41988, 6, 6 
38185, 6, 6 
46229, 6, 6 
56171, 6, 6 
38754, 6, 6 
7291, 6, 6 
9325, 6, 6 
1100, 6, 6 
28798, 6, 6 
43518, 6, 6 
23450, 6, 6 
45409, 6, 6 
26931, 6, 6 
56358, 6, 6 
26160, 6, 6 
30252, 6, 6 
1520, 6, 6 
55994, 6, 6 
57233, 6, 6 
42647, 6, 6 
53981, 6, 6 
5495, 6, 6 
44300, 6, 6 
14256, 6, 6 
28302, 6, 6 
46207, 6, 6 
58392, 6, 6 
52102, 6, 6 
39589, 6, 6 
48918, 6, 6 
46750, 6, 6 
21821, 6, 6 
29838, 6, 6 
47778, 6, 6 
45623, 6, 6 
12410, 6, 6 
16896, 6, 6 
9619, 6, 6 
39727, 6, 6 
16632, 6, 6 
28905, 6, 6 
40492, 6, 6 
38820, 6, 6 
37292, 6, 6 
42475, 6, 6 
28883, 6, 6 
24286, 6, 6 
40395, 6, 6 
7212, 6, 6 
53422, 6, 6 
33513, 6, 6 
37831, 6, 6 
5385, 6, 6 
18125, 6, 6 
9126, 6, 6 
9580, 6, 6 
10671, 6, 6 
56520, 6, 6 
17426, 6, 6 
33879, 6, 6 
18330, 6, 6 
47954, 6, 6 
37888, 6, 6 
51355, 6, 6 
21316, 6, 6 
18908, 6, 6 
20978, 6, 6 
8792, 6, 6 
34905, 6, 6 
33730, 6, 6 
26318, 6, 6 
52412, 6, 6 
54771, 6, 6 
8817, 6, 6 
51697, 6, 6 
46393, 6, 6 
53228, 6, 6 
6433, 6, 6 
23107, 6, 6 
6194, 6, 6 
18045, 6, 6 
9239, 6, 6 
22550, 6, 6 
35411, 6, 6 
38471, 6, 6 
33269, 6, 6 
16695, 6, 6 
50890, 6, 6 
59369, 6, 6 
35284, 6, 6 
26490, 6, 6 
13084, 6, 6 
40952, 6, 6 
37310, 6, 6 
30341, 6, 6 
51310, 6, 6 
8091, 6, 6 
50402, 6, 6 
17867, 6, 6 
4546, 6, 6 
3858, 6, 6 
57010, 6, 6 
37666, 6, 6 
58629, 6, 6 
3814, 6, 6 
20892, 6, 6 
19701, 6, 6 
30715, 6, 6 
17542, 6, 6 
57419, 6, 6 
2093, 6, 6 
45757, 6, 6 
18302, 6, 6 
27890, 6, 6 
33015, 6, 6 
47025, 6, 6 
43311, 6, 6 
53068, 6, 6 
20272, 6, 6 
58839, 6, 6 
59758, 6, 6 
58291, 6, 6 
30507, 6, 6 
36578, 6, 6 
18238, 6, 6 
26521, 6, 6 
47404, 6, 6 
33735, 6, 6 
8881, 6, 6 
54799, 6, 6 
42066, 6, 6 
17619, 6, 6 
13133, 6, 6 
47789, 6, 6 
18181, 6, 6 
1553, 6, 6 
41735, 6, 6 
42541, 6, 6 
50494, 6, 6 
40707, 6, 6 
22909, 6, 6 
46455, 6, 6 
33410, 6, 6 
331, 6, 6 
28163, 6, 6 
1435, 6, 6 
44336, 6, 6 
38156, 6, 6 
13101, 6, 6 
35883, 6, 6 
11932, 6, 6 
31892, 6, 6 
18085, 6, 6 
18672, 6, 6 
11551, 6, 6 
31626, 6, 6 
9818, 6, 6 
11065, 6, 6 
45023, 6, 6 
23839, 6, 6 
46309, 6, 6 
52897, 6, 6 
37577, 6, 6 
6355, 6, 6 
39369, 6, 6 
43720, 6, 6 
57463, 6, 6 
4520, 6, 6 
58027, 6, 6 
14610, 6, 6 
6392, 6, 6 
44602, 6, 6 
19363, 6, 6 
17164, 6, 6 
55230, 6, 6 
28978, 6, 6 
48620, 6, 6 
27965, 6, 6 
48827, 6, 6 
56619, 6, 6 
8848, 6, 6 
11327, 6, 6 
49337, 6, 6 
55447, 6, 6 
18336, 6, 6 
12023, 6, 6 
46788, 6, 6 
18194, 6, 6 
49838, 6, 6 
26396, 6, 6 
26983, 6, 6 
22190, 6, 6 
30799, 6, 6 
54652, 6, 6 
59208, 6, 6 
29389, 6, 6 
15706, 6, 6 
20984, 6, 6 
34198, 6, 6 
24523, 6, 6 
44331, 6, 6 
922, 6, 6 
7456, 6, 6 
6313, 6, 6 
24224, 6, 6 
27363, 6, 6 
8105, 6, 6 
43505, 6, 6 
20113, 6, 6 
16032, 6, 6 
2212, 6, 6 
51700, 6, 6 
26119, 6, 6 
21265, 7, 7 
40729, 7, 7 
21160, 7, 7 
28399, 7, 7 
13188, 7, 7 
42594, 7, 7 
54100, 7, 7 
10095, 7, 7 
23760, 7, 7 
14138, 7, 7 
30153, 7, 7 
45054, 7, 7 
48201, 7, 7 
10547, 7, 7 
34477, 7, 7 
17206, 7, 7 
54267, 7, 7 
23535, 7, 7 
45114, 7, 7 
57546, 7, 7 
24662, 7, 7 
16700, 7, 7 
28117, 7, 7 
58725, 7, 7 
5427, 7, 7 
18410, 7, 7 
27709, 7, 7 
30952, 7, 7 
54405, 7, 7 
4893, 7, 7 
56131, 7, 7 
36178, 7, 7 
51996, 7, 7 
20386, 7, 7 
39244, 7, 7 
36719, 7, 7 
43471, 7, 7 
45937, 7, 7 
22377, 7, 7 
41026, 7, 7 
18979, 7, 7 
19199, 7, 7 
48829, 7, 7 
12641, 7, 7 
57044, 7, 7 
640, 7, 7 
11054, 7, 7 
40451, 7, 7 
52926, 7, 7 
33405, 7, 7 
56534, 7, 7 
59682, 7, 7 
34032, 7, 7 
33431, 7, 7 
44465, 7, 7 
57643, 7, 7 
38505, 7, 7 
17329, 7, 7 
27853, 7, 7 
33067, 7, 7 
36345, 7, 7 
8604, 7, 7 
37288, 7, 7 
30449, 7, 7 
45600, 7, 7 
12454, 7, 7 
58118, 7, 7 
10295, 7, 7 
10377, 7, 7 
9102, 7, 7 
29470, 7, 7 
19284, 7, 7 
10718, 7, 7 
10096, 7, 7 
17031, 7, 7 
20991, 7, 7 
48969, 7, 7 
51198, 7, 7 
703, 7, 7 
51004, 7, 7 
37353, 7, 7 
6280, 7, 7 
41379, 7, 7 
36964, 7, 7 
50794, 7, 7 
48979, 7, 7 
51967, 7, 7 
14795, 7, 7 
9767, 7, 7 
853, 7, 7 
54751, 7, 7 
37508, 7, 7 
24325, 7, 7 
32604, 7, 7 
18556, 7, 7 
59516, 7, 7 
44795, 7, 7 
27151, 7, 7 
36889, 7, 7 
45428, 7, 7 
22993, 7, 7 
11254, 7, 7 
57178, 7, 7 
56209, 7, 7 
22528, 7, 7 
33406, 7, 7 
2064, 7, 7 
8783, 7, 7 
8562, 7, 7 
23433, 7, 7 
8698, 7, 7 
12730, 7, 7 
6871, 7, 7 
37394, 7, 7 
370, 7, 7 
42748, 7, 7 
55052, 7, 7 
36603, 7, 7 
25242, 7, 7 
44470, 7, 7 
52322, 7, 7 
3948, 7, 7 
34751, 7, 7 
57572, 7, 7 
57570, 7, 7 
3916, 7, 7 
56392, 7, 7 
25350, 7, 7 
12993, 7, 7 
36281, 7, 7 
44908, 7, 7 
28880, 7, 7 
38088, 7, 7 
49184, 7, 7 
7054, 7, 7 
20301, 7, 7 
8364, 7, 7 
9270, 7, 7 
8559, 7, 7 
52013, 7, 7 
11049, 7, 7 
8801, 7, 7 
37561, 7, 7 
25079, 7, 7 
12850, 7, 7 
14277, 7, 7 
42200, 7, 7 
7808, 7, 7 
7621, 7, 7 
19642, 7, 7 
26714, 7, 7 
29867, 7, 7 
8437, 7, 7 
26049, 7, 7 
41309, 7, 7 
1618, 7, 7 
10593, 7, 7 
16041, 7, 7 
46426, 7, 7 
54937, 7, 7 
13847, 7, 7 
52321, 7, 7 
3909, 7, 7 
56058, 7, 7 
29632, 7, 7 
24364, 7, 7 
52256, 7, 7 
26489, 7, 7 
50795, 7, 7 
40505, 7, 7 
34472, 7, 7 
35539, 7, 7 
49180, 7, 7 
28219, 7, 7 
6134, 7, 7 
42282, 7, 7 
24239, 7, 7 
11907, 7, 7 
48166, 7, 7 
35176, 7, 7 
4530, 7, 7 
9788, 7, 7 
46147, 7, 7 
19479, 7, 7 
29756, 7, 7 
55896, 7, 7 
25841, 7, 7 
49045, 7, 7 
4393, 7, 7 
12253, 7, 7 
8954, 7, 7 
1851, 7, 7 
32599, 7, 7 
1302, 7, 7 
22351, 7, 7 
52302, 7, 7 
58932, 7, 7 
2386, 7, 7 
38763, 7, 7 
13566, 7, 7 
34344, 7, 7 
17307, 7, 7 
5089, 7, 7 
34772, 7, 7 
6986, 7, 7 
6695, 7, 7 
57357, 7, 7 
11119, 7, 7 
7694, 7, 7 
20318, 7, 7 
51023, 7, 7 
45060, 7, 7 
18810, 7, 7 
3795, 7, 7 
20856, 7, 7 
14152, 7, 7 
39401, 7, 7 
9660, 7, 7 
59031, 7, 7 
4516, 7, 7 
4254, 7, 7 
16401, 7, 7 
1335, 7, 7 
5555, 7, 7 
53021, 7, 7 
18843, 7, 7 
9283, 7, 7 
43541, 7, 7 
37596, 7, 7 
50255, 7, 7 
51477, 7, 7 
33717, 7, 7 
4330, 7, 7 
2778, 7, 7 
39088, 7, 7 
48165, 7, 7 
41697, 7, 7 
43627, 7, 7 
26423, 7, 7 
35337, 7, 7 
8256, 7, 7 
24652, 7, 7 
950, 7, 7 
1513, 7, 7 
1231, 7, 7 
39784, 7, 7 
54212, 7, 7 
6358, 7, 7 
32649, 7, 7 
11437, 7, 7 
46356, 7, 7 
803, 7, 7 
44169, 7, 7 
12188, 7, 7 
27881, 7, 7 
15518, 7, 7 
44965, 7, 7 
50805, 7, 7 
53183, 7, 7 
48242, 7, 7 
25817, 7, 7 
11370, 7, 7 
39060, 7, 7 
10651, 7, 7 
54681, 7, 7 
41760, 7, 7 
1392, 7, 7 
39038, 7, 7 
20227, 7, 7 
2522, 7, 7 
8483, 7, 7 
48108, 7, 7 
13540, 7, 7 
47733, 7, 7 
36643, 7, 7 
16615, 7, 7 
59740, 7, 7 
13149, 7, 7 
32095, 7, 7 
8170, 7, 7 
56077, 7, 7 
20206, 7, 7 
52752, 7, 7 
51927, 7, 7 
13333, 7, 7 
44601, 7, 7 
11435, 7, 7 
50905, 7, 7 
46215, 7, 7 
25833, 7, 7 
53832, 7, 7 
28812, 7, 7 
9494, 7, 7 
4227, 7, 7 
2376, 7, 7 
6064, 7, 7 
38672, 7, 7 
30768, 7, 7 
34676, 7, 7 
29948, 7, 7 
57280, 7, 7 
12293, 7, 7 
53232, 7, 7 
2666, 7, 7 
40060, 7, 7 
5995, 7, 7 
40627, 7, 7 
32584, 7, 7 
15276, 7, 1 
28697, 7, 7 
42352, 7, 7 
53258, 7, 7 
22090, 7, 7 
5795, 7, 7 
45059, 7, 7 
12676, 7, 7 
45170, 7, 7 
50620, 7, 7 
9382, 7, 7 
57405, 7, 7 
15422, 7, 7 
30224, 7, 7 
36902, 7, 7 
1491, 7, 7 
53334, 7, 7 
24291, 7, 7 
17278, 7, 7 
47464, 7, 7 
53589, 7, 7 
18479, 7, 7 
22862, 7, 7 
49978, 7, 7 
39835, 7, 7 
56074, 7, 7 
48096, 7, 7 
39345, 7, 7 
20277, 7, 7 
38890, 7, 7 
53213, 7, 7 
15019, 7, 7 
25449, 7, 7 
33395, 7, 7 
57458, 7, 7 
19771, 7, 7 
15589, 7, 7 
5049, 7, 7 
15490, 7, 7 
9681, 7, 7 
11616, 7, 7 
25639, 7, 7 
25339, 7, 7 
47485, 7, 7 
40872, 7, 7 
57980, 7, 7 
30481, 7, 7 
58977, 7, 7 
54011, 7, 7 
56453, 7, 7 
13776, 7, 7 
10969, 7, 7 
29801, 7, 7 
27199, 7, 7 
19221, 7, 7 
52199, 7, 7 
55059, 7, 7 
55756, 7, 7 
25615, 7, 7 
8353, 7, 7 
53261, 7, 7 
12123, 7, 7 
54152, 7, 7 
23445, 7, 7 
28621, 7, 7 
11517, 7, 7 
42418, 7, 7 
38242, 7, 7 
8959, 7, 7 
2574, 7, 7 
18671, 7, 7 
32893, 7, 7 
1803, 7, 7 
3915, 7, 7 
33838, 7, 7 
23965, 7, 7 
16999, 7, 7 
39062, 7, 7 
48678, 7, 7 
4925, 7, 7 
58912, 7, 7 
43279, 7, 7 
55480, 7, 7 
51988, 7, 7 
11898, 7, 7 
57098, 7, 7 
36700, 7, 7 
11498, 7, 7 
8463, 7, 7 
14231, 7, 7 
45592, 7, 7 
30674, 7, 7 
35450, 7, 7 
38191, 7, 7 
37064, 7, 7 
47893, 7, 7 
28696, 7, 7 
16324, 7, 7 
25727, 7, 7 
9198, 7, 7 
4020, 7, 7 
58974, 7, 7 
58282, 7, 7 
16240, 7, 7 
58061, 7, 7 
29309, 7, 7 
11689, 7, 7 
48100, 7, 7 
30541, 7, 7 
23153, 7, 7 
38096, 7, 7 
17343, 7, 7 
7301, 7, 7 
141, 7, 7 
17068, 7, 7 
33885, 7, 7 
2477, 7, 7 
59323, 7, 7 
2007, 7, 7 
5821, 7, 7 
13421, 7, 7 
34899, 7, 7 
4332, 7, 7 
5300, 7, 7 
45081, 7, 7 
17490, 7, 7 
40204, 7, 7 
26274, 7, 7 
58708, 7, 7 
1570, 7, 7 
44005, 7, 7 
50963, 7, 7 
27621, 7, 7 
8931, 7, 7 
47203, 7, 7 
23178, 7, 7 
43108, 7, 7 
13180, 7, 7 
19663, 7, 7 
9356, 7, 7 
14829, 7, 7 
4452, 7, 7 
3617, 7, 7 
59552, 7, 7 
56112, 7, 7 
42648, 7, 7 
3349, 7, 7 
6167, 7, 7 
44539, 7, 7 
40465, 7, 7 
25850, 7, 7 
4353, 7, 7 
2427, 7, 7 
29508, 7, 7 
50426, 7, 7 
28562, 7, 7 
26001, 7, 7 
25888, 7, 7 
59462, 7, 7 
39426, 7, 7 
56095, 7, 7 
50992, 7, 7 
26957, 7, 7 
57230, 7, 7 
27005, 7, 7 
4472, 7, 7 
29826, 7, 7 
14004, 7, 7 
33977, 7, 7 
13479, 7, 7 
57344, 7, 7 
20380, 7, 7 
24692, 7, 7 
44623, 7, 7 
44595, 7, 7 
54148, 7, 7 
35560, 7, 7 
58099, 7, 7 
16842, 7, 7 
43998, 7, 7 
21572, 7, 7 
57560, 7, 7 
44975, 7, 7 
58214, 7, 7 
44387, 7, 7 
36916, 7, 7 
27158, 7, 7 
4946, 7, 7 
51420, 7, 7 
8020, 7, 7 
46351, 7, 7 
8990, 7, 7 
13966, 8, 8 
53913, 8, 8 
17515, 8, 8 
17362, 8, 8 
5418, 8, 8 
18089, 8, 8 
31248, 8, 8 
31938, 8, 8 
59057, 8, 8 
21868, 8, 8 
18577, 8, 8 
18710, 8, 8 
33201, 8, 8 
57898, 8, 8 
46528, 8, 8 
5030, 8, 8 
55650, 8, 8 
14279, 8, 8 
30867, 8, 8 
6223, 8, 8 
11611, 8, 8 
25796, 8, 8 
56193, 8, 8 
11120, 8, 8 
15678, 8, 8 
37106, 8, 8 
34787, 8, 8 
39355, 8, 8 
38391, 8, 8 
55471, 8, 8 
43656, 8, 8 
40646, 8, 8 
48138, 8, 8 
13639, 8, 8 
31308, 8, 8 
7441, 8, 8 
12043, 8, 8 
36159, 8, 8 
2068, 8, 8 
53811, 8, 8 
33883, 8, 8 
51510, 8, 8 
2135, 8, 8 
53485, 8, 8 
14438, 8, 8 
16974, 8, 8 
3689, 8, 8 
10379, 8, 8 
12164, 8, 8 
9314, 8, 8 
42079, 8, 8 
43788, 8, 8 
42900, 8, 8 
43828, 8, 8 
30631, 8, 8 
42988, 8, 8 
26090, 8, 8 
47546, 8, 8 
15956, 8, 8 
47730, 8, 8 
19041, 8, 8 
26136, 8, 8 
32553, 8, 8 
38249, 8, 8 
36114, 8, 8 
53092, 8, 8 
21383, 8, 8 
2845, 8, 8 
34313, 8, 8 
23398, 8, 8 
12085, 8, 8 
56126, 8, 8 
54612, 8, 8 
26289, 8, 8 
17878, 8, 8 
51302, 8, 8 
6523, 8, 8 
55772, 8, 8 
28766, 8, 8 
32926, 8, 8 
50988, 8, 8 
1793, 8, 8 
54387, 8, 8 
39167, 8, 8 
55331, 8, 8 
39442, 8, 8 
57200, 8, 8 
20785, 8, 8 
18689, 8, 8 
46982, 8, 8 
15738, 8, 8 
10632, 8, 8 
11101, 8, 8 
38791, 8, 8 
19790, 8, 8 
37202, 8, 8 
35129, 8, 8 
21045, 8, 8 
17594, 8, 1 
52050, 8, 8 
7508, 8, 8 
47309, 8, 8 
54958, 8, 8 
57678, 8, 8 
6072, 8, 8 
16246, 8, 8 
545, 8, 8 
59015, 8, 8 
57001, 8, 8 
29092, 8, 8 
14626, 8, 8 
44748, 8, 8 
12630, 8, 8 
5409, 8, 8 
1893, 8, 8 
18150, 8, 8 
27459, 8, 8 
16416, 8, 8 
6728, 8, 8 
44833, 8, 8 
7750, 8, 8 
30415, 8, 8 
19807, 8, 8 
1777, 8, 8 
24691, 8, 8 
6697, 8, 8 
628, 8, 8 
52303, 8, 8 
59666, 8, 8 
18353, 8, 8 
29254, 8, 8 
49400, 8, 8 
7329, 8, 8 
27508, 8, 8 
56978, 8, 8 
40882, 8, 1 
20079, 8, 8 
48875, 8, 8 
27733, 8, 8 
55241, 8, 8 
32452, 8, 8 
6573, 8, 8 
47811, 8, 8 
6152, 8, 8 
33765, 8, 8 
23702, 8, 8 
31461, 8, 8 
38382, 8, 8 
34929, 8, 8 
42238, 8, 8 
40645, 8, 8 
43588, 8, 8 
52329, 8, 8 
59936, 8, 8 
55395, 8, 8 
37267, 8, 8 
55578, 8, 8 
24578, 8, 8 
56891, 8, 8 
4927, 8, 8 
27076, 8, 8 
11923, 8, 8 
34510, 8, 8 
9057, 8, 8 
35932, 8, 8 
1026, 8, 8 
12778, 8, 8 
58837, 8, 8 
26605, 8, 8 
20015, 8, 8 
43579, 8, 8 
51732, 8, 8 
55392, 8, 8 
40626, 8, 8 
18156, 8, 8 
15629, 8, 8 
34785, 8, 8 
24410, 8, 8 
26580, 8, 8 
26952, 8, 8 
47723, 8, 8 
50571, 8, 8 
10856, 8, 8 
14690, 8, 8 
11749, 8, 8 
27819, 8, 8 
41611, 8, 8 
3513, 8, 8 
34311, 8, 8 
4103, 8, 8 
59013, 8, 8 
11942, 8, 8 
4767, 8, 8 
51715, 8, 8 
21120, 8, 8 
24150, 8, 8 
47401, 8, 8 
34577, 8, 8 
19128, 8, 8 
52398, 8, 8 
59260, 8, 8 
8659, 8, 8 
2425, 8, 8 
13065, 8, 8 
8365, 8, 8 
59380, 8, 8 
7909, 8, 8 
54226, 8, 8 
54593, 8, 8 
29319, 8, 8 
32076, 8, 8 
23524, 8, 8 
30519, 8, 8 
59101, 8, 8 
56085, 8, 8 
49724, 8, 8 
7836, 8, 8 
761, 8, 8 
4357, 8, 8 
49851, 8, 8 
15598, 8, 8 
3688, 8, 8 
27251, 8, 8 
14494, 8, 8 
35617, 8, 8 
11288, 8, 8 
19826, 8, 8 
50692, 8, 8 
50035, 8, 8 
55451, 8, 8 
1621, 8, 8 
24953, 8, 8 
31080, 8, 8 
19275, 8, 8 
25143, 8, 8 
36845, 8, 8 
16824, 8, 8 
7606, 8, 8 
22118, 8, 8 
53128, 8, 8 
17547, 8, 8 
21177, 8, 8 
52932, 8, 8 
5949, 8, 8 
43698, 8, 8 
17348, 8, 8 
20217, 8, 8 
53271, 8, 8 
5594, 8, 8 
7488, 8, 8 
52671, 8, 8 
26471, 8, 8 
5338, 8, 8 
10551, 8, 8 
46764, 8, 8 
22703, 8, 8 
31968, 8, 8 
9936, 8, 8 
2002, 8, 8 
32615, 8, 8 
23966, 8, 8 
16115, 8, 8 
38844, 8, 8 
18491, 8, 8 
20419, 8, 8 
45298, 8, 8 
55357, 8, 8 
20271, 8, 8 
18933, 8, 8 
53997, 8, 8 
16263, 8, 8 
49016, 8, 8 
7141, 8, 8 
14362, 8, 8 
2971, 8, 8 
49704, 8, 8 
21708, 8, 8 
415, 8, 8 
22810, 8, 8 
53506, 8, 8 
55610, 8, 8 
10710, 8, 8 
53028, 8, 8 
45679, 8, 8 
42580, 8, 8 
42155, 8, 8 
28887, 8, 8 
23091, 8, 8 
8607, 8, 8 
47111, 8, 8 
56296, 8, 8 
5819, 8, 8 
858, 8, 8 
865, 8, 8 
58748, 8, 8 
7316, 8, 8 
55632, 8, 8 
7607, 8, 8 
35569, 8, 8 
39658, 8, 8 
50860, 8, 8 
15782, 8, 8 
10649, 8, 8 
31906, 8, 8 
3040, 8, 8 
1045, 8, 8 
36834, 8, 8 
10818, 8, 8 
23466, 8, 8 
53648, 8, 8 
51158, 8, 8 
57045, 8, 8 
32259, 8, 8 
18047, 8, 8 
46348, 8, 8 
42749, 8, 8 
39608, 8, 8 
34575, 8, 8 
51881, 8, 8 
32329, 8, 8 
4006, 8, 8 
57060, 8, 8 
51104, 8, 8 
18311, 8, 8 
47183, 8, 8 
25117, 8, 8 
12455, 8, 8 
1219, 8, 8 
3630, 8, 8 
26804, 8, 8 
50346, 8, 8 
50548, 8, 8 
58199, 8, 8 
52080, 8, 8 
6905, 8, 8 
48331, 8, 8 
17919, 8, 8 
25186, 8, 8 
34524, 8, 8 
47387, 8, 8 
8397, 8, 8 
25301, 8, 8 
18644, 8, 8 
125, 8, 8 
40792, 8, 8 
55061, 8, 8 
11469, 8, 8 
8686, 8, 8 
8889, 8, 8 
50363, 8, 8 
21593, 8, 8 
20198, 8, 8 
23804, 8, 8 
27729, 8, 8 
11827, 8, 8 
52983, 8, 8 
29126, 8, 8 
29189, 8, 8 
4537, 8, 8 
29829, 8, 8 
21925, 8, 8 
28297, 8, 8 
43823, 8, 8 
19879, 8, 8 
24000, 8, 8 
34766, 8, 8 
17160, 8, 8 
3657, 8, 8 
47959, 8, 8 
1267, 8, 8 
14782, 8, 8 
36648, 8, 8 
35103, 8, 8 
23143, 8, 8 
37810, 8, 8 
33179, 8, 8 
16669, 8, 8 
15411, 8, 8 
55618, 8, 8 
2378, 8, 8 
56396, 8, 8 
10499, 8, 8 
8285, 8, 8 
59277, 8, 8 
7539, 8, 8 
15879, 8, 8 
58951, 8, 8 
20640, 8, 8 
38841, 8, 8 
51207, 8, 8 
33839, 8, 8 
41751, 8, 8 
30147, 8, 8 
18952, 8, 8 
27488, 8, 8 
8661, 8, 8 
39499, 8, 8 
12242, 8, 8 
13781, 8, 8 
24954, 8, 8 
31292, 8, 8 
15366, 8, 8 
5625, 8, 8 
24875, 8, 8 
27563, 8, 8 
36610, 8, 8 
52157, 8, 8 
55163, 8, 8 
51864, 8, 8 
16073, 8, 8 
44241, 8, 8 
53860, 8, 8 
53191, 8, 8 
23296, 8, 8 
8666, 8, 8 
7182, 8, 8 
9601, 8, 8 
12963, 8, 8 
46034, 8, 8 
8221, 8, 8 
51424, 8, 8 
26362, 8, 8 
41663, 8, 8 
52863, 8, 8 
17545, 8, 8 
35232, 8, 8 
40928, 8, 8 
1475, 8, 8 
21046, 8, 1 
32774, 8, 8 
54846, 8, 8 
13004, 8, 8 
31749, 8, 8 
46502, 8, 8 
32760, 8, 8 
36565, 8, 8 
36054, 8, 8 
57918, 8, 8 
27762, 8, 8 
36598, 8, 8 
32270, 8, 8 
38948, 8, 8 
1776, 8, 8 
42076, 8, 8 
10061, 8, 8 
43843, 8, 8 
56593, 8, 8 
33338, 8, 8 
11146, 8, 8 
4434, 8, 8 
17602, 8, 8 
26947, 8, 8 
2026, 8, 8 
35375, 8, 8 
15286, 8, 8 
12378, 8, 8 
16864, 8, 8 
39971, 8, 8 
58856, 8, 8 
1790, 8, 8 
20035, 8, 8 
44507, 8, 8 
27126, 8, 8 
28663, 8, 8 
39478, 8, 8 
32407, 8, 8 
48339, 8, 8 
25527, 8, 8 
5199, 8, 8 
48855, 8, 8 
26231, 8, 8 
13885, 8, 8 
20873, 8, 8 
39094, 8, 8 
7308, 8, 1 
14993, 8, 8 
37130, 8, 8 
25546, 8, 5 
40737, 8, 8 
52012, 8, 8 
30781, 8, 8 
19214, 8, 8 
37522, 8, 8 
56151, 8, 8 
47549, 8, 8 
11398, 8, 8 
59568, 8, 8 
3482, 8, 8 
44172, 8, 8 
6534, 8, 8 
17290, 8, 8 
47057, 8, 8 
24479, 8, 8 
47151, 8, 8 
52968, 8, 8 
40893, 8, 8 
52037, 8, 8 
51087, 8, 8 
1856, 8, 8 
58518, 8, 8 
6699, 9, 9 
37919, 9, 9 
19806, 9, 9 
26185, 9, 9 
50204, 9, 9 
47637, 9, 9 
14843, 9, 9 
23423, 9, 9 
57590, 9, 9 
40764, 9, 9 
2521, 9, 9 
10623, 9, 9 
29947, 9, 9 
59771, 9, 9 
13072, 9, 9 
18859, 9, 9 
32848, 9, 9 
7545, 9, 9 
3355, 9, 9 
38680, 9, 9 
54538, 9, 9 
17346, 9, 9 
36370, 9, 9 
17319, 9, 9 
4026, 9, 9 
34668, 9, 9 
1305, 9, 9 
621, 9, 9 
9532, 9, 9 
25237, 9, 9 
52055, 9, 9 
33764, 9, 9 
10199, 9, 9 
5478, 9, 9 
47056, 9, 9 
47897, 9, 9 
41177, 9, 9 
5803, 9, 9 
704, 9, 9 
49442, 9, 9 
44028, 9, 9 
52304, 9, 9 
1732, 9, 9 
6542, 9, 9 
27037, 9, 9 
43992, 9, 9 
2793, 9, 9 
36678, 9, 9 
55473, 9, 9 
35523, 9, 9 
25019, 9, 9 
42651, 9, 9 
42149, 9, 9 
23502, 9, 9 
17142, 9, 9 
14931, 9, 9 
3084, 9, 9 
33, 9, 9 
50102, 9, 9 
54984, 9, 9 
45873, 9, 9 
21840, 9, 9 
1383, 9, 9 
35480, 9, 1 
37906, 9, 9 
16103, 9, 9 
21981, 9, 9 
52653, 9, 9 
42796, 9, 9 
12868, 9, 9 
43888, 9, 9 
3867, 9, 9 
8442, 9, 9 
30406, 9, 9 
1612, 9, 9 
23327, 9, 9 
34163, 9, 9 
54369, 9, 9 
9728, 9, 9 
18043, 9, 9 
57050, 9, 9 
25706, 9, 9 
42020, 9, 9 
2860, 9, 9 
36058, 9, 9 
56987, 9, 9 
7258, 9, 9 
14281, 9, 9 
46238, 9, 9 
21859, 9, 9 
25371, 9, 9 
17167, 9, 9 
13805, 9, 9 
48654, 9, 9 
43786, 9, 9 
51022, 9, 9 
53845, 9, 9 
4824, 9, 9 
47588, 9, 9 
48996, 9, 9 
28329, 9, 9 
48524, 9, 9 
43185, 9, 9 
13499, 9, 9 
52383, 9, 9 
17826, 9, 9 
13356, 9, 9 
53550, 9, 9 
28941, 9, 9 
40391, 9, 9 
29868, 9, 9 
40145, 9, 9 
59633, 9, 9 
51595, 9, 9 
33931, 9, 9 
13429, 9, 9 
9633, 9, 9 
24243, 9, 9 
13898, 9, 9 
29980, 9, 9 
50309, 9, 9 
26566, 9, 9 
49388, 9, 9 
35605, 9, 9 
49383, 9, 9 
14842, 9, 9 
24319, 9, 9 
21571, 9, 9 
41434, 9, 9 
42884, 9, 9 
38917, 9, 9 
21015, 9, 9 
40585, 9, 9 
34743, 9, 9 
41369, 9, 9 
36567, 9, 9 
319, 9, 9 
55763, 9, 9 
247, 9, 9 
11840, 9, 9 
16919, 9, 9 
21213, 9, 9 
28564, 9, 9 
20235, 9, 9 
36827, 9, 9 
6149, 9, 9 
34306, 9, 3 
30814, 9, 9 
15944, 9, 9 
10374, 9, 9 
13063, 9, 9 
56078, 9, 9 
17831, 9, 9 
7201, 9, 9 
18510, 9, 9 
3202, 9, 9 
27440, 9, 9 
8060, 9, 9 
26795, 9, 9 
7200, 9, 9 
13012, 9, 9 
58792, 9, 9 
56166, 9, 9 
11773, 9, 9 
3389, 9, 9 
16053, 9, 9 
21445, 9, 9 
45739, 9, 9 
47788, 9, 9 
57753, 9, 9 
41008, 9, 9 
10003, 9, 9 
3746, 9, 9 
50384, 9, 9 
20997, 9, 9 
26005, 9, 9 
31818, 9, 9 
26806, 9, 9 
26254, 9, 9 
14082, 9, 9 
5017, 9, 9 
5607, 9, 9 
15602, 9, 9 
20138, 9, 9 
26380, 9, 9 
14985, 9, 9 
48771, 9, 9 
41302, 9, 9 
9731, 9, 9 
51842, 9, 9 
42318, 9, 9 
52034, 9, 9 
7952, 9, 9 
1167, 9, 9 
50816, 9, 9 
39480, 9, 9 
24902, 9, 9 
24482, 9, 9 
30342, 9, 9 
1728, 9, 9 
5125, 9, 9 
29865, 9, 9 
38137, 9, 9 
2696, 9, 9 
52718, 9, 9 
41895, 9, 9 
11388, 9, 9 
3987, 9, 9 
36392, 9, 9 
10306, 9, 9 
52333, 9, 9 
20366, 9, 9 
57545, 9, 9 
8847, 9, 9 
36172, 9, 9 
41833, 9, 9 
167, 9, 9 
27661, 9, 9 
57444, 9, 9 
33721, 9, 9 
31077, 9, 9 
24387, 9, 9 
27909, 9, 9 
53435, 9, 9 
30877, 9, 9 
51654, 9, 9 
56861, 9, 9 
33791, 9, 9 
520, 9, 9 
3925, 9, 9 
350, 9, 9 
40943, 9, 9 
42628, 9, 9 
7627, 9, 9 
47833, 9, 9 
10539, 9, 9 
28838, 9, 9 
1794, 9, 9 
36203, 9, 9 
40215, 9, 9 
4983, 9, 9 
1500, 9, 9 
17597, 9, 9 
826, 9, 9 
9949, 9, 9 
434, 9, 9 
21842, 9, 9 
38493, 9, 9 
59748, 9, 9 
46362, 9, 9 
5979, 9, 9 
54039, 9, 9 
24194, 9, 9 
43718, 9, 9 
35732, 9, 9 
35724, 9, 9 
48077, 9, 9 
11102, 9, 9 
38419, 9, 9 
57986, 9, 9 
53948, 9, 9 
34341, 9, 9 
43596, 9, 9 
43138, 9, 9 
6821, 9, 9 
51168, 9, 9 
34123, 9, 9 
33712, 9, 9 
7977, 9, 9 
4747, 9, 9 
2033, 9, 9 
6886, 9, 9 
17398, 9, 9 
46701, 9, 9 
14120, 9, 9 
7264, 9, 9 
23061, 9, 9 
25280, 9, 9 
1284, 9, 9 
22875, 9, 9 
929, 9, 9 
8558, 9, 9 
6145, 9, 9 
23998, 9, 9 
14915, 9, 9 
20734, 9, 9 
12787, 9, 9 
11415, 9, 9 
46741, 9, 9 
5718, 9, 9 
17989, 9, 9 
59127, 9, 9 
27533, 9, 9 
14254, 9, 9 
45431, 9, 9 
3063, 9, 9 
33291, 9, 9 
26462, 9, 9 
22648, 9, 9 
8238, 9, 9 
15128, 9, 9 
26906, 9, 9 
22117, 9, 9 
6439, 9, 9 
21302, 9, 1 
20421, 9, 9 
4459, 9, 9 
40006, 9, 9 
34569, 9, 9 
56480, 9, 9 
16152, 9, 9 
37376, 9, 9 
29154, 9, 9 
10249, 9, 9 
52538, 9, 9 
57896, 9, 9 
28737, 9, 9 
21495, 9, 9 
41295, 9, 9 
27615, 9, 9 
47185, 9, 9 
43661, 9, 9 
36935, 9, 9 
45007, 9, 9 
4362, 9, 9 
42802, 9, 9 
44177, 9, 9 
49983, 9, 9 
48036, 9, 9 
37331, 9, 9 
31351, 9, 9 
25824, 9, 9 
32360, 9, 9 
52447, 9, 9 
38048, 9, 9 
25446, 9, 9 
55813, 9, 9 
3310, 9, 9 
9437, 9, 9 
10443, 9, 9 
32235, 9, 9 
12171, 9, 9 
10621, 9, 9 
3583, 9, 9 
57079, 9, 9 
35854, 9, 9 
28354, 9, 9 
3696, 9, 9 
4091, 9, 9 
15387, 9, 9 
42376, 9, 9 
58791, 9, 9 
5106, 9, 9 
12417, 9, 9 
16522, 9, 9 
7118, 9, 9 
8315, 9, 9 
49492, 9, 9 
34615, 9, 9 
4902, 9, 9 
26640, 9, 9 
59287, 9, 9 
11423, 9, 9 
24942, 9, 9 
48384, 9, 9 
6790, 9, 9 
55642, 9, 9 
54055, 9, 9 
7505, 9, 9 
50041, 9, 9 
38265, 9, 9 
36606, 9, 9 
42773, 9, 9 
33999, 9, 9 
51240, 9, 9 
40270, 9, 9 
56597, 9, 9 
5522, 9, 9 
7623, 9, 9 
44824, 9, 9 
7016, 9, 9 
12655, 9, 9 
755, 9, 9 
59890, 9, 9 
27839, 9, 9 
48968, 9, 9 
3296, 9, 9 
19295, 9, 9 
19715, 9, 9 
23062, 9, 9 
54154, 9, 9 
14934, 9, 9 
1855, 9, 9 
15446, 9, 9 
23635, 9, 9 
27565, 9, 9 
23743, 9, 9 
5209, 9, 9 
34598, 9, 9 
33041, 9, 9 
24991, 9, 9 
13462, 9, 9 
32972, 9, 9 
19428, 9, 9 
5457, 9, 9 
12846, 9, 9 
21193, 9, 9 
35118, 9, 9 
57796, 9, 9 
12076, 9, 9 
27450, 9, 9 
40469, 9, 9 
51200, 9, 9 
27932, 9, 9 
13115, 9, 9 
26748, 9, 9 
28058, 9, 9 
59562, 9, 9 
27066, 9, 9 
53532, 9, 9 
24057, 9, 9 
15302, 9, 9 
18861, 9, 9 
12475, 9, 9 
29072, 9, 9 
33461, 9, 9 
3927, 9, 9 
8581, 9, 9 
4377, 9, 9 
1659, 9, 9 
20820, 9, 9 
16034, 9, 9 
22552, 9, 9 
29018, 9, 9 
50882, 9, 9 
33144, 9, 9 
5454, 9, 9 
34769, 9, 9 
11603, 9, 9 
26902, 9, 9 
27234, 9, 9 
15235, 9, 9 
32256, 9, 9 
44400, 9, 9 
5558, 9, 9 
53784, 9, 9 
16953, 9, 9 
58372, 9, 9 
51981, 9, 9 
55333, 9, 9 
45445, 9, 9 
25119, 9, 9 
34818, 9, 9 
37424, 9, 9 
48171, 9, 9 
9483, 9, 9 
56577, 9, 9 
33182, 9, 9 
6010, 9, 9 
5130, 9, 9 
22485, 9, 9 
36104, 9, 7 
33682, 9, 9 
37391, 9, 9 
48244, 9, 9 
36973, 9, 9 
6668, 9, 9 
20677, 9, 9 
30263, 9, 9 
29012, 9, 9 
43120, 9, 9 
23166, 9, 9 
54575, 9, 9 
1591, 9, 9 
44469, 9, 9 
30498, 9, 9 
51442, 9, 9 
8525, 9, 9 
428, 9, 9 
15693, 9, 9 
22684, 9, 9 
17692, 9, 9 
33226, 9, 9 
50557, 9, 9 
9758, 9, 9 
8492, 9, 9 
9308, 9, 9 
32201, 9, 9 
5208, 9, 9 
36793, 9, 9 
22108, 9, 9 
21356, 9, 9 
20700, 9, 9 
46263, 9, 9 
20861, 9, 9 
11123, 9, 9 
12629, 9, 9 
42360, 9, 9 
6922, 9, 9 
22243, 9, 9 
