id, true label, predicted label 
12553, 0, 0 
29474, 0, 0 
20292, 0, 0 
5167, 0, 0 
4203, 0, 0 
25022, 0, 0 
56460, 0, 0 
7409, 0, 0 
11036, 0, 0 
43149, 0, 0 
2333, 0, 0 
24978, 0, 0 
45384, 0, 0 
5194, 0, 0 
31430, 0, 0 
45908, 0, 0 
18253, 0, 0 
56662, 0, 0 
40240, 0, 0 
10366, 0, 0 
33253, 0, 0 
42848, 0, 0 
56942, 0, 0 
6332, 0, 0 
38590, 0, 0 
23495, 0, 0 
50485, 0, 0 
35680, 0, 0 
50852, 0, 0 
45676, 0, 0 
40122, 0, 0 
9215, 0, 0 
44933, 0, 0 
30080, 0, 0 
24749, 0, 0 
22646, 0, 0 
22669, 0, 0 
40400, 0, 0 
20584, 0, 0 
26761, 0, 0 
47693, 0, 0 
13030, 0, 0 
48523, 0, 0 
8016, 0, 0 
40649, 0, 0 
4325, 0, 0 
6972, 0, 0 
52596, 0, 0 
50559, 0, 0 
1018, 0, 0 
29243, 0, 0 
542, 0, 0 
10022, 0, 0 
11559, 0, 0 
29926, 0, 0 
49518, 0, 0 
24320, 0, 0 
43665, 0, 0 
10531, 0, 0 
20060, 0, 0 
21809, 0, 0 
6960, 0, 0 
36312, 0, 0 
10380, 0, 0 
49027, 0, 0 
32423, 0, 0 
39850, 0, 0 
11354, 0, 0 
36412, 0, 0 
37467, 0, 0 
9703, 0, 0 
18208, 0, 0 
13483, 0, 0 
44103, 0, 0 
43778, 0, 0 
3175, 0, 0 
43463, 0, 0 
1078, 0, 0 
1512, 0, 4 
15288, 0, 0 
38873, 0, 0 
35400, 0, 0 
33042, 0, 0 
3434, 0, 0 
48670, 0, 0 
50511, 0, 0 
20886, 0, 0 
3906, 0, 0 
54356, 0, 0 
42925, 0, 0 
37224, 0, 0 
55348, 0, 0 
54414, 0, 0 
27137, 0, 0 
3776, 0, 0 
45766, 0, 0 
32427, 0, 0 
33534, 0, 0 
34051, 0, 0 
24480, 0, 0 
36621, 0, 0 
13459, 0, 0 
12869, 0, 0 
52621, 0, 0 
50949, 0, 0 
7135, 0, 0 
8172, 0, 0 
42277, 0, 0 
12259, 0, 0 
29599, 0, 0 
6883, 0, 0 
40612, 0, 0 
11391, 0, 0 
34392, 0, 0 
59859, 0, 0 
48641, 0, 0 
43610, 0, 0 
27749, 0, 0 
849, 0, 0 
52276, 0, 0 
13822, 0, 0 
51598, 0, 0 
23616, 0, 0 
9720, 0, 0 
57390, 0, 0 
30484, 0, 0 
38126, 0, 0 
24615, 0, 0 
41683, 0, 0 
37220, 0, 0 
17755, 0, 0 
42797, 0, 0 
37738, 0, 0 
54328, 0, 0 
44796, 0, 0 
30547, 0, 0 
33657, 0, 0 
25389, 0, 0 
18750, 0, 0 
43074, 0, 0 
55922, 0, 0 
21780, 0, 0 
59043, 0, 0 
12057, 0, 0 
11639, 0, 0 
50924, 0, 0 
41445, 0, 0 
19861, 0, 0 
31393, 0, 0 
41795, 0, 0 
38297, 0, 0 
27631, 0, 0 
53573, 0, 0 
49750, 0, 0 
49331, 0, 0 
19004, 0, 0 
5268, 0, 0 
43602, 0, 0 
48719, 0, 0 
26656, 0, 0 
31154, 0, 0 
12837, 0, 0 
17726, 0, 0 
55110, 0, 0 
5662, 0, 0 
18137, 0, 0 
46192, 0, 0 
11636, 0, 0 
52048, 0, 0 
55656, 0, 0 
29614, 0, 0 
25290, 0, 0 
47150, 0, 0 
55479, 0, 0 
46683, 0, 0 
12568, 0, 0 
53537, 0, 0 
13609, 0, 0 
6045, 0, 0 
9552, 0, 0 
16519, 0, 0 
43965, 0, 0 
4951, 0, 0 
11807, 0, 0 
38232, 0, 0 
37883, 0, 0 
30480, 0, 0 
49848, 0, 0 
3534, 0, 0 
22757, 0, 0 
15619, 0, 0 
45165, 0, 0 
35634, 0, 0 
59272, 0, 0 
2642, 0, 0 
24537, 0, 0 
48895, 0, 0 
19649, 0, 0 
20713, 0, 0 
9523, 0, 0 
13005, 0, 0 
17122, 0, 0 
32165, 0, 0 
2582, 0, 0 
38025, 0, 0 
50157, 0, 0 
57682, 0, 0 
14258, 0, 0 
11920, 0, 0 
59337, 0, 0 
8515, 0, 0 
53685, 0, 0 
56686, 0, 0 
32867, 0, 0 
35261, 0, 0 
37647, 0, 0 
28466, 0, 0 
8896, 0, 0 
41713, 0, 0 
4288, 0, 0 
12414, 0, 0 
51490, 0, 0 
16043, 0, 0 
33142, 0, 0 
1725, 0, 0 
10323, 0, 0 
57261, 0, 0 
28385, 0, 0 
41620, 0, 0 
31778, 0, 0 
22008, 0, 0 
47073, 0, 0 
31314, 0, 0 
26176, 0, 0 
59696, 0, 0 
14325, 0, 0 
17968, 0, 0 
47581, 0, 0 
12690, 0, 0 
12264, 0, 0 
16415, 0, 0 
11620, 0, 0 
33157, 0, 0 
38802, 0, 0 
22043, 0, 0 
4239, 0, 0 
11231, 0, 0 
5585, 0, 0 
55501, 0, 0 
27436, 0, 0 
30434, 0, 0 
19924, 0, 0 
29199, 0, 0 
48479, 0, 0 
33923, 0, 0 
54404, 0, 0 
4906, 0, 0 
54833, 0, 0 
19369, 0, 0 
59296, 0, 0 
58829, 0, 0 
58594, 0, 0 
40075, 0, 0 
9744, 0, 0 
49535, 0, 0 
57395, 0, 0 
41556, 0, 0 
32520, 0, 0 
8349, 0, 0 
29148, 0, 0 
53615, 0, 0 
46412, 0, 0 
5927, 0, 0 
43624, 0, 0 
33844, 0, 0 
7267, 0, 0 
59450, 0, 0 
2736, 0, 0 
3514, 0, 0 
6791, 0, 0 
42989, 0, 0 
51629, 0, 0 
37252, 0, 0 
51997, 0, 0 
21260, 0, 0 
39897, 0, 0 
44720, 0, 0 
32568, 0, 0 
43472, 0, 0 
42084, 0, 0 
47867, 0, 0 
7338, 0, 0 
36241, 0, 0 
1769, 0, 0 
31490, 0, 0 
54943, 0, 0 
35056, 0, 0 
57686, 0, 0 
10188, 0, 0 
48173, 0, 0 
11281, 0, 0 
38729, 0, 0 
47756, 0, 0 
26775, 0, 0 
35681, 0, 0 
17009, 0, 0 
20175, 0, 0 
52728, 0, 0 
31165, 0, 0 
43134, 0, 0 
5690, 0, 0 
34634, 0, 0 
12732, 0, 0 
45152, 0, 0 
38315, 0, 0 
38939, 0, 0 
27620, 0, 0 
35857, 0, 0 
26475, 0, 0 
6663, 0, 0 
53195, 0, 0 
11683, 0, 0 
59165, 0, 0 
46010, 0, 0 
41285, 0, 0 
46860, 0, 0 
37787, 0, 0 
12542, 0, 0 
28607, 0, 0 
33327, 0, 0 
24681, 0, 0 
37844, 0, 0 
54351, 0, 0 
48025, 0, 0 
47696, 0, 0 
40833, 0, 0 
47335, 0, 0 
3049, 0, 0 
50629, 0, 0 
19594, 0, 0 
18412, 0, 0 
13853, 0, 0 
40479, 0, 0 
49281, 0, 0 
28101, 0, 0 
19171, 0, 0 
21454, 0, 0 
52865, 0, 0 
38335, 0, 0 
21513, 0, 0 
44696, 0, 0 
47797, 0, 0 
23499, 0, 0 
10230, 0, 0 
53814, 0, 0 
7465, 0, 0 
54502, 0, 0 
40746, 0, 0 
40648, 0, 0 
40457, 0, 0 
39376, 0, 0 
48790, 0, 0 
29562, 0, 0 
15017, 0, 0 
56217, 0, 0 
53257, 0, 0 
3829, 0, 0 
44656, 0, 0 
59078, 0, 0 
36789, 0, 0 
6502, 0, 0 
51774, 0, 0 
14461, 0, 0 
25783, 0, 0 
4289, 0, 0 
11052, 0, 0 
20088, 0, 0 
11222, 0, 0 
44826, 0, 0 
51573, 0, 0 
15883, 0, 0 
49171, 0, 0 
56509, 0, 0 
40237, 0, 0 
34699, 0, 0 
13833, 0, 0 
12691, 0, 0 
10083, 0, 0 
48638, 0, 0 
26256, 0, 0 
52617, 0, 0 
26117, 0, 0 
57977, 0, 0 
29395, 0, 0 
46344, 0, 0 
47704, 0, 0 
39664, 0, 0 
4556, 0, 0 
156, 0, 0 
39054, 0, 0 
48911, 0, 0 
26903, 0, 0 
37425, 0, 0 
57685, 0, 0 
24913, 0, 0 
15825, 0, 0 
43186, 0, 0 
8894, 0, 0 
6958, 0, 0 
49351, 0, 0 
58313, 0, 0 
33522, 0, 0 
19009, 0, 0 
16326, 0, 0 
58897, 0, 0 
2782, 0, 0 
14545, 0, 0 
40922, 0, 0 
33978, 0, 0 
19240, 0, 0 
30413, 0, 0 
15955, 0, 0 
50523, 0, 0 
49322, 0, 0 
58012, 0, 0 
32109, 0, 0 
46111, 0, 0 
26427, 0, 0 
36734, 0, 0 
44766, 0, 0 
39155, 0, 0 
42610, 0, 0 
58121, 0, 0 
9881, 0, 0 
1363, 0, 0 
14059, 0, 0 
21508, 0, 0 
29718, 0, 0 
25304, 0, 0 
51491, 0, 0 
40251, 0, 0 
44629, 0, 0 
13926, 0, 0 
26608, 0, 0 
19258, 0, 0 
42448, 0, 0 
52628, 0, 0 
56389, 0, 0 
19872, 0, 0 
53684, 0, 0 
24777, 0, 0 
3131, 0, 0 
28814, 0, 0 
45417, 0, 0 
31497, 0, 0 
23940, 0, 0 
48337, 0, 0 
1868, 0, 0 
35663, 0, 0 
44094, 0, 0 
11846, 0, 0 
57494, 0, 0 
59680, 0, 0 
29664, 0, 0 
47452, 0, 0 
55253, 0, 0 
42865, 0, 0 
57471, 0, 0 
21355, 0, 0 
24861, 0, 0 
38696, 0, 0 
44399, 0, 0 
27328, 0, 0 
20953, 0, 0 
28452, 0, 0 
57000, 0, 0 
29755, 0, 0 
44815, 0, 0 
43129, 0, 0 
20418, 0, 0 
9287, 0, 0 
14157, 0, 0 
57349, 0, 0 
38138, 0, 0 
47855, 0, 0 
47174, 0, 0 
12374, 0, 0 
57020, 0, 0 
59023, 0, 0 
26343, 0, 0 
44743, 0, 0 
20934, 0, 0 
399, 0, 0 
23506, 0, 0 
7585, 0, 0 
41465, 0, 0 
22430, 0, 0 
51680, 0, 0 
27092, 0, 0 
24245, 0, 0 
6419, 1, 1 
18393, 1, 1 
31332, 1, 1 
54692, 1, 1 
6232, 1, 1 
2889, 1, 1 
40482, 1, 1 
54340, 1, 1 
39819, 1, 1 
50150, 1, 1 
27693, 1, 1 
21715, 1, 1 
31990, 1, 1 
46113, 1, 1 
20691, 1, 1 
55747, 1, 1 
19507, 1, 1 
33110, 1, 1 
28094, 1, 1 
38750, 1, 1 
40423, 1, 1 
23097, 1, 1 
59, 1, 1 
53714, 1, 1 
16475, 1, 1 
53394, 1, 1 
36145, 1, 1 
31144, 1, 1 
20461, 1, 1 
14682, 1, 1 
25794, 1, 1 
16368, 1, 1 
27474, 1, 1 
39711, 1, 1 
36943, 1, 1 
24355, 1, 1 
8491, 1, 1 
19411, 1, 1 
34164, 1, 1 
30372, 1, 1 
47751, 1, 1 
13474, 1, 1 
19036, 1, 1 
51888, 1, 1 
47501, 1, 1 
11061, 1, 1 
30210, 1, 1 
24839, 1, 1 
52002, 1, 1 
58230, 1, 1 
52619, 1, 1 
45650, 1, 1 
8836, 1, 1 
43323, 1, 1 
43849, 1, 1 
1287, 1, 1 
44857, 1, 1 
57552, 1, 1 
20231, 1, 1 
22410, 1, 1 
10399, 1, 1 
33663, 1, 1 
28925, 1, 1 
16062, 1, 1 
17438, 1, 1 
53870, 1, 1 
33428, 1, 1 
14936, 1, 1 
6647, 1, 1 
48993, 1, 1 
13399, 1, 1 
46496, 1, 1 
25434, 1, 1 
52822, 1, 1 
41076, 1, 1 
37354, 1, 1 
4623, 1, 1 
25864, 1, 1 
25003, 1, 1 
30475, 1, 1 
18421, 1, 1 
7536, 1, 1 
32612, 1, 1 
34269, 1, 1 
45931, 1, 1 
22815, 1, 1 
35006, 1, 1 
50194, 1, 1 
43577, 1, 1 
35163, 1, 1 
46823, 1, 1 
8806, 1, 1 
49860, 1, 1 
42716, 1, 1 
55609, 1, 1 
24368, 1, 1 
39288, 1, 1 
14119, 1, 1 
6371, 1, 1 
20083, 1, 1 
3103, 1, 1 
38235, 1, 1 
29986, 1, 1 
19486, 1, 1 
51436, 1, 1 
37330, 1, 1 
18516, 1, 1 
29347, 1, 1 
4972, 1, 1 
9404, 1, 1 
366, 1, 1 
46085, 1, 1 
58991, 1, 1 
17965, 1, 1 
42655, 1, 1 
26335, 1, 1 
19804, 1, 1 
5500, 1, 1 
15557, 1, 1 
23908, 1, 1 
31012, 1, 1 
31633, 1, 1 
39300, 1, 1 
28894, 1, 1 
59364, 1, 1 
58913, 1, 1 
10220, 1, 1 
15240, 1, 1 
58926, 1, 1 
47542, 1, 1 
44012, 1, 1 
25524, 1, 1 
39462, 1, 1 
39717, 1, 1 
6783, 1, 1 
224, 1, 1 
43429, 1, 1 
55634, 1, 1 
20686, 1, 1 
39007, 1, 1 
30509, 1, 1 
18115, 1, 1 
27201, 1, 1 
10602, 1, 1 
37343, 1, 1 
56903, 1, 1 
47880, 1, 1 
40373, 1, 1 
50682, 1, 1 
5507, 1, 1 
3111, 1, 1 
13855, 1, 1 
3226, 1, 1 
26167, 1, 1 
33725, 1, 1 
55710, 1, 1 
48896, 1, 1 
3132, 1, 1 
35329, 1, 1 
37337, 1, 1 
56610, 1, 1 
33705, 1, 1 
32083, 1, 1 
54946, 1, 1 
55995, 1, 1 
4089, 1, 1 
16086, 1, 1 
38724, 1, 1 
11518, 1, 1 
50572, 1, 1 
26059, 1, 1 
20875, 1, 1 
57749, 1, 1 
57022, 1, 1 
22859, 1, 1 
19753, 1, 1 
54543, 1, 1 
41554, 1, 1 
3345, 1, 1 
16367, 1, 1 
14169, 1, 1 
12657, 1, 1 
2103, 1, 1 
59571, 1, 1 
29377, 1, 1 
15154, 1, 1 
29086, 1, 1 
59530, 1, 1 
38779, 1, 1 
35897, 1, 1 
25948, 1, 1 
13985, 1, 1 
29598, 1, 1 
22560, 1, 1 
55601, 1, 1 
1734, 1, 1 
7116, 1, 1 
10413, 1, 1 
3800, 1, 1 
25027, 1, 1 
8542, 1, 1 
41816, 1, 1 
4913, 1, 1 
54254, 1, 1 
6020, 1, 1 
11358, 1, 1 
40147, 1, 1 
40516, 1, 1 
11352, 1, 1 
12878, 1, 1 
25842, 1, 1 
37843, 1, 1 
48611, 1, 1 
51120, 1, 1 
37849, 1, 1 
28394, 1, 1 
15633, 1, 1 
17429, 1, 1 
51666, 1, 1 
11793, 1, 1 
18013, 1, 1 
21958, 1, 1 
12394, 1, 1 
50661, 1, 1 
4900, 1, 1 
54855, 1, 1 
12459, 1, 1 
56138, 1, 1 
593, 1, 1 
53627, 1, 1 
13001, 1, 1 
4585, 1, 1 
13475, 1, 1 
3234, 1, 1 
35496, 1, 1 
35386, 1, 1 
50222, 1, 1 
53119, 1, 1 
55931, 1, 1 
59523, 1, 1 
36239, 1, 1 
9837, 1, 1 
28804, 1, 1 
36271, 1, 1 
51631, 1, 1 
28322, 1, 1 
58052, 1, 1 
67, 1, 1 
72, 1, 1 
54605, 1, 1 
10239, 1, 1 
36469, 1, 1 
22776, 1, 1 
45284, 1, 1 
3212, 1, 1 
587, 1, 1 
38707, 1, 1 
3373, 1, 1 
58588, 1, 1 
24175, 1, 1 
35880, 1, 1 
4766, 1, 1 
11262, 1, 1 
14227, 1, 1 
920, 1, 1 
9106, 1, 1 
41826, 1, 1 
19211, 1, 1 
58459, 1, 1 
4807, 1, 1 
54070, 1, 1 
33433, 1, 1 
42740, 1, 1 
37650, 1, 1 
40348, 1, 1 
57979, 1, 1 
37008, 1, 1 
36422, 1, 1 
30117, 1, 1 
31894, 1, 1 
57613, 1, 1 
37200, 1, 1 
33774, 1, 1 
53908, 1, 1 
31916, 1, 1 
58253, 1, 1 
42184, 1, 1 
5336, 1, 1 
29040, 1, 1 
5305, 1, 1 
34749, 1, 1 
57644, 1, 1 
16651, 1, 1 
48989, 1, 1 
13923, 1, 1 
7622, 1, 1 
22748, 1, 1 
25697, 1, 1 
21477, 1, 1 
16855, 1, 1 
248, 1, 1 
42584, 1, 1 
14293, 1, 1 
34792, 1, 1 
19691, 1, 1 
44108, 1, 1 
24933, 1, 1 
24737, 1, 1 
22639, 1, 1 
6328, 1, 1 
358, 1, 1 
16971, 1, 1 
46893, 1, 1 
26263, 1, 1 
59207, 1, 1 
47681, 1, 1 
32005, 1, 1 
5824, 1, 1 
39957, 1, 1 
23404, 1, 1 
9875, 1, 1 
23238, 1, 1 
54239, 1, 1 
43286, 1, 1 
56683, 1, 1 
26152, 1, 1 
25898, 1, 1 
29214, 1, 1 
17812, 1, 1 
18980, 1, 1 
26476, 1, 1 
49902, 1, 1 
53180, 1, 1 
1665, 1, 1 
53375, 1, 1 
40509, 1, 1 
21964, 1, 1 
59116, 1, 1 
50918, 1, 1 
28827, 1, 1 
13501, 1, 1 
14998, 1, 1 
38845, 1, 1 
45076, 1, 1 
43813, 1, 1 
56169, 1, 1 
33166, 1, 1 
8053, 1, 1 
47097, 1, 1 
34945, 1, 1 
28019, 1, 1 
11308, 1, 1 
29041, 1, 1 
14685, 1, 1 
36765, 1, 1 
14001, 1, 1 
1375, 1, 1 
13129, 1, 1 
17305, 1, 1 
34923, 1, 1 
31685, 1, 1 
39849, 1, 1 
47222, 1, 1 
21878, 1, 1 
24924, 1, 1 
7668, 1, 1 
49964, 1, 1 
24222, 1, 1 
33441, 1, 1 
43030, 1, 1 
23505, 1, 1 
8189, 1, 1 
13840, 1, 1 
33869, 1, 1 
19011, 1, 1 
40464, 1, 1 
41424, 1, 1 
59806, 1, 1 
18452, 1, 1 
1252, 1, 1 
57834, 1, 1 
35244, 1, 1 
11112, 1, 1 
18179, 1, 1 
29416, 1, 1 
22330, 1, 1 
27330, 1, 1 
22045, 1, 1 
17090, 1, 1 
39352, 1, 1 
14846, 1, 1 
50731, 1, 1 
7877, 1, 1 
9960, 1, 1 
25595, 1, 1 
53308, 1, 1 
48805, 1, 1 
7185, 1, 1 
9085, 1, 1 
22892, 1, 1 
59041, 1, 1 
48112, 1, 1 
38975, 1, 1 
52887, 1, 1 
26789, 1, 1 
1060, 1, 1 
14371, 1, 1 
50094, 1, 1 
7317, 1, 1 
16218, 1, 1 
56714, 1, 1 
102, 1, 1 
14503, 1, 1 
18540, 1, 1 
15073, 1, 1 
2730, 1, 1 
16691, 1, 1 
3431, 1, 1 
28250, 1, 1 
7761, 1, 1 
7221, 1, 1 
20319, 1, 1 
55786, 1, 1 
28857, 1, 1 
58810, 1, 1 
41961, 1, 1 
54236, 1, 1 
10139, 1, 1 
6075, 1, 1 
57223, 1, 1 
23034, 1, 1 
15697, 1, 1 
49538, 1, 1 
56273, 1, 1 
10933, 1, 1 
36864, 1, 1 
59454, 1, 1 
35389, 1, 1 
26747, 1, 1 
36042, 1, 1 
17775, 1, 1 
19937, 1, 1 
36098, 1, 1 
49972, 1, 1 
47905, 1, 1 
34513, 1, 1 
54931, 1, 1 
30963, 1, 1 
3758, 1, 1 
9227, 1, 1 
9987, 1, 1 
59419, 1, 1 
21398, 1, 1 
28098, 1, 1 
58309, 1, 1 
47947, 1, 1 
1909, 1, 1 
59033, 1, 1 
4160, 1, 1 
15266, 1, 1 
40944, 1, 1 
41409, 1, 1 
54094, 1, 1 
24133, 1, 1 
38105, 1, 1 
52627, 1, 1 
2134, 1, 1 
1831, 1, 1 
39281, 1, 1 
31179, 1, 1 
49420, 1, 1 
14821, 1, 1 
48461, 1, 1 
26986, 1, 1 
42424, 1, 1 
48845, 1, 1 
355, 1, 1 
22179, 1, 1 
24163, 1, 1 
23118, 1, 1 
53904, 1, 1 
34667, 1, 1 
27256, 1, 1 
21301, 1, 1 
28238, 1, 1 
9622, 1, 1 
32439, 1, 1 
35008, 1, 1 
5667, 1, 1 
11279, 1, 1 
45641, 1, 1 
8919, 1, 1 
58887, 1, 1 
55961, 1, 1 
23245, 1, 1 
16545, 1, 1 
15677, 1, 1 
55870, 1, 1 
29068, 1, 1 
18833, 1, 1 
4437, 2, 2 
16690, 2, 2 
27426, 2, 2 
8025, 2, 2 
35023, 2, 2 
42596, 2, 2 
50546, 2, 2 
41469, 2, 2 
40788, 2, 2 
41037, 2, 2 
43376, 2, 2 
40936, 2, 2 
21435, 2, 2 
52550, 2, 2 
54924, 2, 2 
51642, 2, 2 
48820, 2, 2 
33727, 2, 2 
53373, 2, 2 
39673, 2, 2 
50229, 2, 2 
30329, 2, 2 
24116, 2, 2 
24674, 2, 2 
13313, 2, 2 
40542, 2, 2 
48545, 2, 2 
12682, 2, 2 
13820, 2, 2 
3142, 2, 2 
12784, 2, 2 
35690, 2, 2 
29519, 2, 2 
28095, 2, 2 
52637, 2, 2 
5528, 2, 2 
31372, 2, 2 
25246, 2, 2 
58019, 2, 2 
21891, 2, 2 
11711, 2, 2 
15457, 2, 2 
29408, 2, 2 
25827, 2, 2 
36914, 2, 2 
37120, 2, 2 
42115, 2, 2 
48279, 2, 2 
44901, 2, 2 
35529, 2, 2 
51658, 2, 2 
32250, 2, 2 
4165, 2, 2 
28059, 2, 2 
23957, 2, 2 
8883, 2, 2 
10347, 2, 2 
30840, 2, 2 
2104, 2, 2 
34226, 2, 2 
40129, 2, 2 
5259, 2, 2 
50521, 2, 2 
9689, 2, 2 
7344, 2, 2 
58026, 2, 2 
14118, 2, 2 
29546, 2, 2 
58710, 2, 2 
37904, 2, 2 
30831, 2, 2 
58068, 2, 2 
46116, 2, 2 
36680, 2, 2 
21845, 2, 2 
46951, 2, 2 
19271, 2, 2 
13722, 2, 2 
47238, 2, 2 
619, 2, 2 
6921, 2, 2 
39726, 2, 2 
45169, 2, 2 
18845, 2, 2 
17123, 2, 2 
16142, 2, 2 
49567, 2, 2 
375, 2, 2 
46197, 2, 2 
28731, 2, 2 
32510, 2, 2 
49762, 2, 2 
25221, 2, 2 
41189, 2, 2 
47711, 2, 2 
41466, 2, 2 
57366, 2, 2 
47688, 2, 2 
42929, 2, 2 
36001, 2, 2 
44334, 2, 2 
50826, 2, 2 
24449, 2, 2 
46319, 2, 2 
14996, 2, 2 
31789, 2, 2 
30609, 2, 2 
43079, 2, 2 
47710, 2, 2 
6273, 2, 2 
12587, 2, 2 
40988, 2, 2 
40637, 2, 2 
18841, 2, 2 
58000, 2, 2 
42278, 2, 2 
7576, 2, 2 
57442, 2, 2 
43345, 2, 2 
39145, 2, 2 
57615, 2, 2 
48383, 2, 2 
21750, 2, 2 
14373, 2, 2 
1852, 2, 2 
6899, 2, 2 
8443, 2, 2 
19397, 2, 2 
18535, 2, 2 
8831, 2, 2 
50753, 2, 2 
59897, 2, 2 
10978, 2, 2 
35909, 2, 2 
37989, 2, 2 
37918, 2, 2 
15123, 2, 2 
43439, 2, 2 
40597, 2, 2 
9748, 2, 2 
25442, 2, 2 
13667, 2, 2 
32361, 2, 2 
20515, 2, 2 
34385, 2, 2 
2337, 2, 2 
54714, 2, 2 
17595, 2, 2 
14392, 2, 2 
12860, 2, 2 
33857, 2, 2 
31508, 2, 2 
57894, 2, 2 
3989, 2, 2 
25507, 2, 2 
17851, 2, 2 
6627, 2, 2 
41429, 2, 2 
13200, 2, 2 
4371, 2, 2 
12745, 2, 2 
38753, 2, 2 
28494, 2, 2 
6478, 2, 2 
3199, 2, 2 
2877, 2, 2 
46710, 2, 2 
49074, 2, 2 
36693, 2, 2 
50575, 2, 2 
37199, 2, 2 
14881, 2, 2 
9211, 2, 2 
54440, 2, 2 
10476, 2, 2 
38435, 2, 2 
2625, 2, 2 
35020, 2, 2 
48757, 2, 2 
19721, 2, 2 
22457, 2, 2 
41832, 2, 2 
21274, 2, 2 
4428, 2, 2 
14091, 2, 2 
54240, 2, 2 
11257, 2, 2 
27113, 2, 2 
39228, 2, 2 
47012, 2, 2 
34833, 2, 2 
9776, 2, 2 
18891, 2, 2 
55507, 2, 2 
37832, 2, 2 
28155, 2, 2 
50674, 2, 2 
1478, 2, 2 
31493, 2, 2 
20313, 2, 2 
59655, 2, 2 
5907, 2, 2 
30055, 2, 2 
41721, 2, 2 
54613, 2, 2 
43852, 2, 2 
26348, 2, 2 
34726, 2, 2 
46760, 2, 2 
37481, 2, 2 
21638, 2, 2 
17836, 2, 2 
1330, 2, 2 
57439, 2, 2 
51517, 2, 2 
21197, 2, 2 
8966, 2, 2 
26932, 2, 2 
50913, 2, 2 
53926, 2, 2 
26011, 2, 2 
5659, 2, 2 
51340, 2, 2 
25281, 2, 2 
42496, 2, 2 
6445, 2, 2 
8921, 2, 2 
52835, 2, 2 
19779, 2, 2 
11066, 2, 2 
38170, 2, 2 
28366, 2, 2 
3791, 2, 2 
36844, 2, 2 
57262, 2, 2 
27215, 2, 2 
19031, 2, 2 
14837, 2, 2 
36573, 2, 2 
17909, 2, 2 
36721, 2, 2 
47522, 2, 2 
47254, 2, 2 
56027, 2, 2 
59706, 2, 2 
45792, 2, 2 
37145, 2, 2 
56614, 2, 2 
16200, 2, 2 
8480, 2, 2 
50457, 2, 2 
15368, 2, 2 
50271, 2, 2 
20671, 2, 2 
36397, 2, 2 
25038, 2, 2 
19213, 2, 2 
57605, 2, 2 
12135, 2, 2 
51262, 2, 2 
46050, 2, 2 
19694, 2, 2 
3981, 2, 2 
31978, 2, 2 
53762, 2, 2 
493, 2, 2 
59333, 2, 2 
21444, 2, 2 
29893, 2, 2 
51171, 2, 2 
24198, 2, 2 
59824, 2, 2 
9780, 2, 2 
55044, 2, 2 
9830, 2, 2 
1629, 2, 2 
32202, 2, 2 
1270, 2, 2 
7093, 2, 2 
31148, 2, 2 
49340, 2, 2 
31338, 2, 2 
43649, 2, 2 
17500, 2, 2 
39022, 2, 2 
59672, 2, 2 
59390, 2, 2 
10417, 2, 2 
22811, 2, 2 
36229, 2, 2 
28294, 2, 2 
40198, 2, 2 
31024, 2, 2 
32022, 2, 2 
25349, 2, 2 
3042, 2, 2 
31002, 2, 2 
25289, 2, 2 
57911, 2, 2 
20862, 2, 2 
17729, 2, 2 
10100, 2, 2 
20613, 2, 2 
15440, 2, 2 
36978, 2, 2 
15642, 2, 2 
14132, 2, 2 
5902, 2, 2 
49282, 2, 2 
31813, 2, 2 
2464, 2, 2 
17757, 2, 2 
31773, 2, 2 
54161, 2, 2 
20917, 2, 2 
29770, 2, 2 
35410, 2, 2 
8599, 2, 2 
21254, 2, 2 
38268, 2, 2 
48822, 2, 2 
3934, 2, 2 
39020, 2, 2 
42353, 2, 2 
28944, 2, 2 
36614, 2, 2 
12551, 2, 2 
14063, 2, 2 
6348, 2, 2 
41197, 2, 2 
39691, 2, 2 
22010, 2, 2 
53650, 2, 2 
45028, 2, 2 
15905, 2, 2 
50543, 2, 2 
9891, 2, 2 
58098, 2, 2 
34746, 2, 2 
14852, 2, 2 
476, 2, 2 
38667, 2, 2 
37880, 2, 2 
390, 2, 2 
7614, 2, 2 
57319, 2, 2 
2749, 2, 2 
19815, 2, 2 
2887, 2, 2 
4935, 2, 2 
43874, 2, 2 
53340, 2, 2 
42810, 2, 2 
10567, 2, 2 
10945, 2, 2 
381, 2, 2 
674, 2, 2 
41821, 2, 2 
37320, 2, 2 
59410, 2, 2 
19391, 2, 2 
32264, 2, 2 
11811, 2, 2 
40598, 2, 2 
308, 2, 2 
1609, 2, 2 
42138, 2, 2 
54682, 2, 2 
51870, 2, 2 
52488, 2, 2 
45378, 2, 2 
17046, 2, 2 
32243, 2, 2 
29005, 2, 2 
1679, 2, 2 
29000, 2, 2 
51983, 2, 2 
12053, 2, 2 
36600, 2, 2 
19191, 2, 2 
41082, 2, 2 
13310, 2, 2 
48525, 2, 2 
21952, 2, 2 
12621, 2, 2 
13984, 2, 2 
55678, 2, 2 
30344, 2, 2 
26689, 2, 2 
58868, 2, 2 
6861, 2, 2 
10583, 2, 2 
55982, 2, 2 
28074, 2, 2 
47530, 2, 2 
57597, 2, 2 
11084, 2, 2 
22900, 2, 2 
54762, 2, 2 
59177, 2, 2 
1510, 2, 2 
40718, 2, 2 
33547, 2, 2 
16281, 2, 2 
5013, 2, 2 
49090, 2, 2 
2010, 2, 2 
24844, 2, 2 
58533, 2, 2 
10228, 2, 2 
51435, 2, 2 
907, 2, 2 
10368, 2, 2 
28672, 2, 2 
47043, 2, 2 
13406, 2, 2 
1199, 2, 2 
42539, 2, 2 
6494, 2, 2 
10291, 2, 2 
7983, 2, 2 
24381, 2, 2 
25533, 2, 2 
22026, 2, 2 
39411, 2, 2 
28091, 2, 2 
12445, 2, 2 
44424, 2, 2 
17246, 2, 2 
36805, 2, 2 
34718, 2, 2 
5707, 2, 2 
31188, 2, 2 
26883, 2, 2 
52189, 2, 2 
10603, 2, 2 
35347, 2, 2 
26624, 2, 2 
32854, 2, 2 
3105, 2, 2 
9575, 2, 2 
43394, 2, 2 
55625, 2, 2 
53207, 2, 2 
5758, 2, 2 
57363, 2, 2 
50773, 2, 2 
22930, 2, 2 
8229, 2, 2 
38790, 2, 2 
15391, 2, 2 
10256, 2, 2 
20055, 2, 2 
56120, 2, 2 
47231, 2, 2 
29626, 2, 2 
50475, 2, 2 
35454, 2, 2 
30752, 2, 2 
53017, 2, 2 
58314, 2, 2 
36475, 2, 2 
46447, 2, 2 
37084, 2, 2 
31709, 2, 2 
21727, 2, 2 
6547, 2, 2 
9489, 2, 2 
18036, 2, 2 
20454, 2, 2 
13613, 2, 2 
42821, 2, 2 
37631, 2, 2 
17115, 2, 2 
55158, 2, 2 
40832, 2, 2 
47228, 2, 2 
41672, 2, 2 
55996, 2, 2 
23652, 2, 2 
35104, 2, 2 
32845, 2, 2 
7467, 2, 2 
5706, 2, 2 
19847, 2, 2 
45620, 2, 2 
58241, 2, 2 
30503, 2, 2 
3660, 2, 2 
41916, 2, 2 
47143, 2, 2 
10699, 2, 2 
17188, 2, 2 
2409, 2, 2 
27781, 2, 2 
34078, 2, 2 
52874, 2, 2 
40815, 2, 2 
50720, 2, 2 
6289, 2, 2 
32811, 3, 3 
27675, 3, 3 
48091, 3, 3 
8771, 3, 3 
50693, 3, 3 
32223, 3, 3 
46136, 3, 3 
47426, 3, 3 
37991, 3, 3 
22058, 3, 3 
54250, 3, 3 
24531, 3, 3 
57107, 3, 3 
18584, 3, 3 
13980, 3, 3 
46145, 3, 3 
3920, 3, 3 
15486, 3, 3 
56616, 3, 3 
24763, 3, 3 
19803, 3, 3 
14261, 3, 3 
16074, 3, 3 
27135, 3, 3 
50214, 3, 3 
9706, 3, 3 
34239, 3, 3 
49234, 3, 3 
11012, 3, 3 
17257, 3, 3 
8135, 3, 3 
3626, 3, 3 
13658, 3, 3 
966, 3, 3 
50735, 3, 3 
37855, 3, 3 
53158, 3, 3 
48014, 3, 3 
31596, 3, 8 
16867, 3, 3 
12780, 3, 3 
58219, 3, 3 
36327, 3, 3 
7832, 3, 3 
6710, 3, 3 
39852, 3, 3 
21690, 3, 3 
228, 3, 3 
24219, 3, 3 
19307, 3, 3 
55035, 3, 3 
22587, 3, 3 
11999, 3, 3 
10330, 3, 3 
40739, 3, 3 
28276, 3, 3 
46126, 3, 3 
1201, 3, 2 
7935, 3, 3 
43672, 3, 3 
14456, 3, 3 
27899, 3, 3 
38223, 3, 3 
28431, 3, 3 
59038, 3, 3 
58113, 3, 3 
12265, 3, 3 
48325, 3, 3 
11544, 3, 3 
51474, 3, 3 
39804, 3, 5 
3201, 3, 3 
6016, 3, 3 
15872, 3, 3 
2774, 3, 3 
51816, 3, 3 
49673, 3, 3 
13212, 3, 3 
13325, 3, 3 
13965, 3, 3 
21170, 3, 3 
47173, 3, 3 
48732, 3, 3 
15717, 3, 3 
21208, 3, 3 
18001, 3, 3 
24446, 3, 3 
675, 3, 3 
41929, 3, 3 
4552, 3, 3 
16676, 3, 3 
9778, 3, 3 
11233, 3, 3 
45171, 3, 3 
35498, 3, 3 
20252, 3, 3 
56871, 3, 3 
19215, 3, 3 
39641, 3, 3 
14655, 3, 3 
25509, 3, 3 
44440, 3, 3 
55831, 3, 3 
34461, 3, 3 
13778, 3, 3 
51522, 3, 3 
51401, 3, 3 
21420, 3, 3 
13579, 3, 3 
59777, 3, 3 
2183, 3, 3 
22894, 3, 3 
12416, 3, 3 
56995, 3, 3 
32087, 3, 3 
26929, 3, 3 
39325, 3, 3 
861, 3, 3 
24651, 3, 3 
13298, 3, 3 
17389, 3, 3 
26270, 3, 3 
15747, 3, 3 
55937, 3, 3 
54208, 3, 3 
34556, 3, 7 
35162, 3, 3 
45408, 3, 3 
52690, 3, 3 
39721, 3, 3 
35805, 3, 3 
49188, 3, 3 
51536, 3, 3 
31562, 3, 3 
38445, 3, 3 
24575, 3, 3 
37746, 3, 3 
54127, 3, 3 
3171, 3, 3 
56754, 3, 3 
22238, 3, 3 
40254, 3, 3 
9871, 3, 3 
54248, 3, 3 
51940, 3, 3 
8279, 3, 3 
51555, 3, 3 
5153, 3, 3 
21075, 3, 3 
11441, 3, 3 
31098, 3, 3 
29557, 3, 3 
35796, 3, 3 
26433, 3, 3 
32192, 3, 3 
59769, 3, 3 
4246, 3, 3 
26014, 3, 3 
42505, 3, 3 
50545, 3, 3 
8880, 3, 3 
37797, 3, 3 
43997, 3, 3 
23779, 3, 3 
20278, 3, 3 
25116, 3, 3 
19335, 3, 3 
4234, 3, 3 
47689, 3, 3 
50213, 3, 3 
41619, 3, 3 
16249, 3, 3 
28900, 3, 3 
2660, 3, 3 
40619, 3, 3 
4898, 3, 3 
37169, 3, 3 
42678, 3, 3 
40374, 3, 3 
46532, 3, 3 
13352, 3, 3 
28006, 3, 3 
42083, 3, 3 
43833, 3, 3 
59652, 3, 3 
24469, 3, 3 
4762, 3, 3 
57396, 3, 3 
32827, 3, 3 
29969, 3, 3 
3713, 3, 3 
38083, 3, 3 
16220, 3, 3 
58491, 3, 3 
57457, 3, 3 
433, 3, 3 
29181, 3, 3 
47280, 3, 3 
54996, 3, 3 
57227, 3, 3 
40104, 3, 3 
34547, 3, 3 
255, 3, 3 
59904, 3, 3 
41765, 3, 3 
3893, 3, 3 
34018, 3, 3 
45246, 3, 3 
18919, 3, 3 
9355, 3, 3 
15511, 3, 3 
47720, 3, 3 
6007, 3, 3 
40257, 3, 3 
58250, 3, 3 
9610, 3, 3 
9664, 3, 3 
5001, 3, 3 
23337, 3, 3 
46329, 3, 3 
22271, 3, 3 
13839, 3, 3 
12334, 3, 3 
11583, 3, 3 
15372, 3, 3 
4891, 3, 3 
55071, 3, 3 
15250, 3, 3 
629, 3, 3 
40745, 3, 3 
57149, 3, 3 
4156, 3, 3 
16091, 3, 3 
3159, 3, 3 
18240, 3, 3 
27870, 3, 3 
6892, 3, 3 
49725, 3, 3 
13703, 3, 3 
11104, 3, 2 
30760, 3, 3 
59239, 3, 3 
9491, 3, 3 
59016, 3, 3 
2720, 3, 7 
1121, 3, 3 
18522, 3, 3 
37309, 3, 3 
20872, 3, 3 
58660, 3, 3 
18727, 3, 3 
56067, 3, 3 
33507, 3, 3 
36716, 3, 3 
11545, 3, 3 
13740, 3, 3 
11341, 3, 3 
11618, 3, 3 
55054, 3, 3 
5616, 3, 3 
8946, 3, 3 
2463, 3, 3 
47724, 3, 3 
45658, 3, 3 
54201, 3, 3 
54845, 3, 3 
33194, 3, 3 
3400, 3, 3 
23490, 3, 3 
5970, 3, 3 
2127, 3, 3 
49494, 3, 3 
20946, 3, 3 
54983, 3, 3 
28861, 3, 3 
29266, 3, 3 
14184, 3, 3 
15857, 3, 3 
3835, 3, 3 
57735, 3, 3 
41391, 3, 3 
55649, 3, 3 
38982, 3, 3 
22304, 3, 3 
54892, 3, 0 
59978, 3, 3 
56697, 3, 3 
42476, 3, 3 
48264, 3, 3 
28171, 3, 3 
57817, 3, 3 
1737, 3, 3 
8427, 3, 3 
45517, 3, 3 
5467, 3, 3 
1863, 3, 3 
35422, 3, 3 
51142, 3, 3 
46729, 3, 3 
25094, 3, 3 
2456, 3, 3 
53758, 3, 3 
34145, 3, 3 
55665, 3, 3 
10635, 3, 3 
44510, 3, 3 
9637, 3, 3 
29352, 3, 3 
44522, 3, 3 
54008, 3, 3 
49081, 3, 3 
44397, 3, 3 
55393, 3, 3 
49020, 3, 3 
4471, 3, 3 
8568, 3, 3 
1470, 3, 3 
581, 3, 3 
53123, 3, 3 
18766, 3, 3 
1883, 3, 3 
25007, 3, 3 
33049, 3, 3 
25896, 3, 3 
57441, 3, 3 
1599, 3, 3 
44497, 3, 3 
23130, 3, 3 
26732, 3, 3 
45088, 3, 3 
51890, 3, 3 
10214, 3, 3 
22767, 3, 3 
35066, 3, 3 
11002, 3, 3 
10887, 3, 3 
59914, 3, 3 
16029, 3, 3 
25631, 3, 3 
19660, 3, 3 
6291, 3, 3 
40051, 3, 3 
18039, 3, 3 
5852, 3, 3 
45089, 3, 3 
22459, 3, 3 
46555, 3, 3 
31691, 3, 3 
42735, 3, 3 
10052, 3, 3 
7097, 3, 3 
7625, 3, 3 
13906, 3, 3 
49477, 3, 3 
15339, 3, 3 
27287, 3, 3 
56265, 3, 3 
45264, 3, 3 
22069, 3, 3 
13353, 3, 3 
8230, 3, 3 
1588, 3, 3 
29650, 3, 3 
24145, 3, 3 
27282, 3, 3 
875, 3, 3 
18569, 3, 3 
18225, 3, 3 
52101, 3, 3 
5687, 3, 3 
51257, 3, 3 
34119, 3, 3 
21580, 3, 3 
34203, 3, 3 
9293, 3, 3 
32656, 3, 3 
11296, 3, 3 
54285, 3, 3 
20203, 3, 3 
51211, 3, 3 
36357, 3, 3 
3220, 3, 3 
38627, 3, 3 
58700, 3, 3 
38281, 3, 3 
15412, 3, 3 
36093, 3, 3 
43200, 3, 3 
23810, 3, 3 
48781, 3, 3 
11565, 3, 3 
59860, 3, 3 
38441, 3, 3 
53457, 3, 3 
35803, 3, 3 
46652, 3, 3 
2359, 3, 3 
29958, 3, 3 
32505, 3, 3 
25829, 3, 3 
45836, 3, 3 
4511, 3, 3 
15639, 3, 3 
31627, 3, 3 
31805, 3, 3 
21606, 3, 3 
11480, 3, 3 
20902, 3, 3 
10453, 3, 3 
8163, 3, 3 
58324, 3, 3 
4795, 3, 3 
40947, 3, 3 
39366, 3, 3 
3319, 3, 3 
36227, 3, 3 
4996, 3, 3 
6500, 3, 3 
25861, 3, 3 
28778, 3, 3 
51222, 3, 3 
50775, 3, 3 
56207, 3, 3 
27279, 3, 3 
30072, 3, 3 
50969, 3, 3 
57131, 3, 3 
47027, 3, 3 
25187, 3, 3 
26691, 3, 3 
55640, 3, 3 
59366, 3, 3 
44385, 3, 3 
32653, 3, 3 
48922, 3, 3 
28953, 3, 3 
3591, 3, 3 
4868, 3, 3 
37204, 3, 3 
21685, 3, 3 
17403, 3, 3 
20377, 3, 3 
17333, 3, 3 
23265, 3, 3 
25573, 3, 3 
36337, 3, 3 
30675, 3, 3 
26165, 3, 3 
58558, 3, 3 
19548, 3, 3 
50181, 3, 3 
21149, 3, 3 
16435, 3, 3 
42902, 3, 3 
56869, 3, 3 
46807, 3, 3 
18679, 3, 3 
4271, 3, 3 
20362, 3, 3 
11011, 3, 3 
48917, 3, 3 
28668, 3, 3 
10796, 3, 3 
8976, 3, 3 
51756, 3, 3 
28957, 3, 3 
13568, 3, 3 
27419, 3, 3 
12, 3, 3 
21864, 3, 3 
28528, 3, 3 
19878, 3, 3 
44575, 3, 3 
26503, 3, 3 
55190, 3, 3 
35491, 3, 3 
5511, 3, 3 
12244, 3, 3 
48045, 3, 3 
7339, 3, 3 
2707, 3, 3 
23225, 3, 3 
39312, 3, 3 
48761, 3, 3 
6299, 3, 3 
50043, 3, 3 
29613, 3, 3 
49446, 3, 3 
29045, 3, 3 
14738, 3, 3 
8295, 3, 3 
15210, 3, 3 
8957, 3, 3 
28757, 3, 3 
36592, 3, 3 
5787, 3, 3 
3596, 3, 3 
7288, 3, 3 
22185, 3, 3 
10099, 3, 3 
3732, 4, 4 
21906, 4, 4 
28312, 4, 4 
14927, 4, 4 
24472, 4, 4 
51202, 4, 4 
54234, 4, 4 
43137, 4, 4 
11629, 4, 4 
38270, 4, 4 
1663, 4, 4 
55294, 4, 4 
20924, 4, 4 
56330, 4, 4 
11184, 4, 4 
36346, 4, 4 
41355, 4, 4 
58432, 4, 4 
17749, 4, 4 
41870, 4, 4 
48970, 4, 4 
43819, 4, 4 
33853, 4, 4 
49745, 4, 4 
7725, 4, 4 
17450, 4, 4 
59931, 4, 4 
52519, 4, 4 
35490, 4, 4 
16313, 4, 4 
20399, 4, 4 
46922, 4, 4 
21287, 4, 4 
38551, 4, 4 
44521, 4, 4 
39129, 4, 4 
27221, 4, 4 
35926, 4, 4 
57155, 4, 4 
46790, 4, 4 
45709, 4, 4 
36557, 4, 4 
9931, 4, 4 
17976, 4, 4 
9353, 4, 4 
58634, 4, 4 
18854, 4, 4 
11690, 4, 4 
54869, 4, 4 
139, 4, 4 
53032, 4, 4 
44798, 4, 4 
24761, 4, 4 
29992, 4, 4 
17823, 4, 4 
647, 4, 4 
3278, 4, 4 
34067, 4, 4 
20468, 4, 4 
37087, 4, 4 
49144, 4, 4 
37851, 4, 4 
39690, 4, 4 
37450, 4, 7 
39269, 4, 4 
1630, 4, 4 
25668, 4, 4 
53149, 4, 4 
19311, 4, 4 
56477, 4, 4 
1446, 4, 4 
45210, 4, 4 
47215, 4, 4 
42607, 4, 4 
22012, 4, 4 
59951, 4, 4 
27612, 4, 4 
18745, 4, 4 
45429, 4, 4 
8325, 4, 4 
48936, 4, 4 
19499, 4, 4 
39963, 4, 4 
40793, 4, 4 
31453, 4, 4 
34429, 4, 4 
46257, 4, 4 
48087, 4, 4 
53025, 4, 4 
57389, 4, 4 
40723, 4, 4 
6160, 4, 4 
26816, 4, 4 
59614, 4, 4 
21867, 4, 4 
56190, 4, 4 
56826, 4, 4 
52200, 4, 4 
31412, 4, 4 
54778, 4, 4 
52589, 4, 4 
25334, 4, 4 
32895, 4, 4 
35533, 4, 4 
2962, 4, 4 
56400, 4, 4 
48553, 4, 4 
19975, 4, 4 
47937, 4, 4 
14905, 4, 4 
28615, 4, 4 
17744, 4, 4 
34497, 4, 4 
57368, 4, 4 
30953, 4, 4 
25791, 4, 4 
18607, 4, 4 
35590, 4, 4 
1171, 4, 4 
6101, 4, 4 
47028, 4, 4 
38872, 4, 4 
49005, 4, 4 
56516, 4, 4 
50712, 4, 4 
43928, 4, 4 
1261, 4, 4 
40135, 4, 4 
24894, 4, 4 
28139, 4, 4 
32911, 4, 4 
2420, 4, 4 
26911, 4, 4 
15686, 4, 4 
38966, 4, 4 
7186, 4, 4 
17325, 4, 4 
28976, 4, 4 
20258, 4, 4 
5038, 4, 4 
12615, 4, 4 
50583, 4, 4 
54634, 4, 4 
27694, 4, 4 
17640, 4, 4 
27001, 4, 4 
27041, 4, 4 
22652, 4, 4 
28705, 4, 4 
15207, 4, 4 
26465, 4, 4 
38253, 4, 4 
55332, 4, 4 
47843, 4, 4 
57135, 4, 4 
56740, 4, 4 
53655, 4, 4 
57915, 4, 4 
39886, 4, 4 
9493, 4, 4 
53446, 4, 4 
24590, 4, 4 
54379, 4, 4 
8567, 4, 4 
4757, 4, 4 
24327, 4, 4 
19252, 4, 4 
46140, 4, 4 
5033, 4, 4 
22456, 4, 4 
4874, 4, 4 
59087, 4, 4 
2647, 4, 4 
43608, 4, 4 
35964, 4, 4 
36075, 4, 4 
42346, 4, 4 
680, 4, 4 
50486, 4, 4 
37019, 4, 4 
4796, 4, 4 
49741, 4, 4 
7723, 4, 4 
43639, 4, 4 
31448, 4, 4 
11893, 4, 4 
23121, 4, 4 
11165, 4, 4 
20897, 4, 4 
8298, 4, 4 
22098, 4, 4 
54410, 4, 4 
47282, 4, 4 
25616, 4, 4 
1275, 4, 4 
54895, 4, 4 
51449, 4, 4 
23658, 4, 4 
18180, 4, 4 
31951, 4, 4 
31114, 4, 4 
58416, 4, 4 
38168, 4, 4 
51071, 4, 4 
20651, 4, 4 
46112, 4, 4 
46472, 4, 4 
52945, 4, 4 
12589, 4, 4 
38938, 4, 4 
40424, 4, 4 
48764, 4, 4 
23599, 4, 4 
49982, 4, 4 
27689, 4, 4 
3903, 4, 4 
3877, 4, 4 
48198, 4, 4 
42119, 4, 4 
32813, 4, 4 
38786, 4, 4 
682, 4, 4 
28917, 4, 4 
27738, 4, 4 
39298, 4, 4 
8560, 4, 4 
34430, 4, 4 
27352, 4, 4 
24767, 4, 4 
2891, 4, 4 
47365, 4, 4 
33833, 4, 4 
6128, 4, 4 
55136, 4, 4 
21223, 4, 4 
27591, 4, 4 
22242, 4, 4 
15092, 4, 4 
5105, 4, 4 
51423, 4, 4 
59708, 4, 4 
10018, 4, 4 
47589, 4, 4 
9976, 4, 4 
53192, 4, 4 
23326, 4, 4 
42653, 4, 4 
27857, 4, 4 
57370, 4, 4 
36640, 4, 4 
33415, 4, 4 
55423, 4, 4 
36246, 4, 4 
13541, 4, 4 
914, 4, 4 
329, 4, 4 
53062, 4, 4 
10310, 4, 4 
59772, 4, 4 
59716, 4, 4 
29739, 4, 4 
5734, 4, 4 
47240, 4, 4 
45357, 4, 4 
18445, 4, 4 
38286, 4, 4 
31574, 4, 4 
51929, 4, 4 
17511, 4, 4 
7280, 4, 4 
23855, 4, 4 
54309, 4, 4 
16571, 4, 4 
43812, 4, 4 
43364, 4, 4 
53205, 4, 4 
22253, 4, 4 
38428, 4, 4 
56302, 4, 4 
21235, 4, 4 
52243, 4, 4 
17736, 4, 4 
20950, 4, 4 
9586, 4, 4 
47326, 4, 4 
34349, 4, 4 
17926, 4, 4 
27743, 4, 4 
38524, 4, 4 
22838, 4, 4 
52424, 4, 4 
56395, 4, 4 
28290, 4, 4 
49861, 4, 4 
22285, 4, 4 
5313, 4, 4 
44535, 4, 4 
40573, 4, 4 
57026, 4, 4 
25197, 4, 4 
14587, 4, 4 
2578, 4, 4 
36151, 4, 4 
56184, 4, 4 
32391, 4, 4 
55074, 4, 4 
35115, 4, 4 
43228, 4, 4 
2206, 4, 4 
33143, 4, 4 
7464, 4, 4 
17428, 4, 4 
36314, 4, 4 
7296, 4, 4 
59852, 4, 4 
45950, 4, 4 
988, 4, 4 
42333, 4, 4 
42547, 4, 4 
9980, 4, 4 
9040, 4, 4 
29779, 4, 4 
44088, 4, 4 
17837, 4, 4 
56564, 4, 4 
54264, 4, 4 
21500, 4, 4 
34348, 4, 4 
39670, 4, 4 
27398, 4, 4 
51689, 4, 4 
57114, 4, 4 
21472, 4, 4 
53109, 4, 4 
48853, 4, 4 
55990, 4, 4 
51823, 4, 4 
1812, 4, 4 
51637, 4, 4 
35585, 4, 4 
18589, 4, 4 
7487, 4, 4 
42302, 4, 4 
13500, 4, 4 
21797, 4, 4 
54399, 4, 4 
12577, 4, 4 
43130, 4, 4 
43231, 4, 4 
37519, 4, 4 
9216, 4, 4 
50616, 4, 4 
45724, 4, 4 
34752, 4, 4 
39304, 4, 4 
5077, 4, 4 
42484, 4, 4 
53327, 4, 4 
30702, 4, 4 
43688, 4, 4 
44636, 4, 4 
35003, 4, 4 
36092, 4, 4 
50188, 4, 4 
48890, 4, 4 
44593, 4, 4 
48172, 4, 4 
35769, 4, 4 
21922, 4, 4 
11369, 4, 4 
19281, 4, 4 
53260, 4, 4 
26769, 4, 4 
47884, 4, 4 
54294, 4, 4 
56376, 4, 4 
32037, 4, 4 
17931, 4, 4 
52652, 4, 4 
1842, 4, 4 
42042, 4, 4 
16037, 4, 4 
38072, 4, 4 
834, 4, 4 
30552, 4, 4 
38500, 4, 4 
21134, 4, 4 
10832, 4, 4 
3828, 4, 4 
2338, 4, 4 
42973, 4, 4 
14259, 4, 4 
43571, 4, 4 
47558, 4, 4 
39435, 4, 4 
20, 4, 4 
692, 4, 4 
48984, 4, 4 
44712, 4, 4 
14326, 4, 4 
41796, 4, 4 
32762, 4, 4 
28863, 4, 4 
55687, 4, 4 
4283, 4, 4 
5111, 4, 4 
55239, 4, 4 
32053, 4, 4 
21822, 4, 4 
8995, 4, 4 
56951, 4, 4 
15752, 4, 4 
49513, 4, 4 
6656, 4, 4 
24340, 4, 4 
50564, 4, 4 
43041, 4, 4 
26494, 4, 4 
19483, 4, 4 
16600, 4, 4 
41166, 4, 4 
58906, 4, 4 
10937, 4, 4 
55191, 4, 4 
10060, 4, 4 
1541, 4, 4 
48535, 4, 4 
36940, 4, 4 
8317, 4, 4 
3235, 4, 4 
25869, 4, 4 
48216, 4, 4 
48508, 4, 4 
55944, 4, 4 
55776, 4, 4 
35392, 4, 4 
44689, 4, 4 
38079, 4, 4 
44515, 4, 4 
48487, 4, 4 
6184, 4, 4 
15665, 4, 4 
41220, 4, 4 
15416, 4, 4 
21642, 4, 4 
12749, 4, 4 
3668, 4, 4 
46766, 4, 4 
53249, 4, 4 
40081, 4, 4 
37262, 4, 4 
21777, 4, 4 
44594, 4, 4 
26480, 4, 4 
19795, 4, 4 
51652, 4, 4 
20236, 4, 4 
23992, 4, 4 
30006, 4, 4 
23393, 4, 4 
27514, 4, 4 
17018, 4, 4 
17102, 4, 4 
57690, 4, 4 
18638, 4, 4 
19677, 4, 4 
49345, 4, 4 
17498, 4, 4 
13981, 4, 4 
35946, 4, 4 
5703, 4, 4 
21814, 4, 4 
45685, 4, 4 
7152, 4, 4 
26288, 4, 4 
54175, 4, 4 
50080, 4, 4 
46245, 4, 4 
2390, 4, 4 
34545, 4, 4 
35830, 4, 4 
36384, 4, 4 
18519, 4, 4 
24607, 4, 4 
14156, 4, 4 
11886, 4, 4 
49998, 4, 4 
37712, 4, 4 
9388, 4, 4 
41838, 4, 4 
15313, 4, 4 
40913, 4, 4 
24120, 4, 4 
115, 4, 4 
49733, 4, 4 
38716, 4, 4 
15298, 4, 4 
11264, 4, 4 
8415, 4, 4 
8696, 4, 4 
14096, 5, 5 
12083, 5, 5 
46203, 5, 5 
1514, 5, 5 
15481, 5, 5 
56745, 5, 5 
21632, 5, 5 
32702, 5, 5 
376, 5, 5 
13058, 5, 5 
3527, 5, 5 
40623, 5, 5 
19364, 5, 5 
19874, 5, 5 
2131, 5, 5 
8734, 5, 5 
23449, 5, 5 
36236, 5, 5 
42663, 5, 5 
23947, 5, 5 
27801, 5, 5 
28596, 5, 5 
19108, 5, 5 
28666, 5, 5 
43510, 5, 5 
39380, 5, 5 
29817, 5, 5 
42955, 5, 5 
37983, 5, 5 
23237, 5, 5 
32258, 5, 5 
53829, 5, 5 
3384, 5, 5 
50484, 5, 5 
13505, 5, 5 
25560, 5, 5 
10030, 5, 5 
18186, 5, 5 
43459, 5, 5 
15337, 5, 5 
46312, 5, 5 
34340, 5, 5 
6412, 5, 5 
8835, 5, 5 
45624, 5, 5 
24995, 5, 5 
33013, 5, 5 
2401, 5, 5 
50250, 5, 5 
39208, 5, 5 
51852, 5, 5 
23668, 5, 5 
26978, 5, 5 
16603, 5, 5 
58862, 5, 5 
4921, 5, 5 
11359, 5, 5 
13300, 5, 5 
32290, 5, 5 
27526, 5, 5 
54289, 5, 5 
35915, 5, 5 
28029, 5, 5 
49520, 5, 5 
30896, 5, 5 
5620, 5, 5 
45591, 5, 5 
48134, 5, 5 
13460, 5, 5 
39502, 5, 5 
14591, 5, 5 
38569, 5, 5 
6389, 5, 5 
29049, 5, 5 
16784, 5, 5 
12003, 5, 5 
5081, 5, 5 
38414, 5, 5 
33409, 5, 5 
58414, 5, 5 
31545, 5, 5 
24353, 5, 5 
29076, 5, 5 
1785, 5, 5 
48425, 5, 5 
21734, 5, 5 
55729, 5, 5 
32750, 5, 5 
51524, 5, 5 
53715, 5, 5 
56765, 5, 5 
39966, 5, 5 
14933, 5, 5 
33815, 5, 5 
44970, 5, 5 
53946, 5, 5 
8945, 5, 5 
47543, 5, 5 
43641, 5, 5 
41215, 5, 5 
56063, 5, 5 
16993, 5, 5 
28172, 5, 5 
2330, 5, 5 
53759, 5, 5 
12016, 5, 5 
19945, 5, 5 
15193, 5, 5 
26413, 5, 5 
32992, 5, 5 
14106, 5, 5 
44736, 5, 5 
39436, 5, 5 
236, 5, 5 
26150, 5, 5 
19328, 5, 9 
33876, 5, 5 
18151, 5, 5 
33825, 5, 5 
10661, 5, 5 
31186, 5, 5 
886, 5, 5 
2461, 5, 5 
182, 5, 5 
36332, 5, 5 
59945, 5, 5 
49672, 5, 5 
38608, 5, 5 
1670, 5, 5 
699, 5, 5 
21806, 5, 5 
49023, 5, 5 
42940, 5, 5 
2028, 5, 5 
32386, 5, 5 
10258, 5, 5 
47646, 5, 5 
14628, 5, 5 
16573, 5, 5 
16010, 5, 5 
43319, 5, 5 
57211, 5, 5 
39526, 5, 5 
610, 5, 5 
37313, 5, 5 
6086, 5, 5 
18591, 5, 5 
26592, 5, 5 
32815, 5, 5 
6735, 5, 5 
59400, 5, 5 
47193, 5, 5 
22030, 5, 5 
12249, 5, 5 
5939, 5, 5 
15558, 5, 5 
3301, 5, 5 
22089, 5, 5 
27767, 5, 5 
26134, 5, 5 
8190, 5, 5 
28465, 5, 5 
15464, 5, 5 
14143, 5, 5 
44106, 5, 5 
53732, 5, 5 
1442, 5, 5 
51227, 5, 5 
45452, 5, 5 
32217, 5, 5 
42267, 5, 5 
58846, 5, 5 
21455, 5, 5 
38019, 5, 5 
49291, 5, 5 
36060, 5, 5 
23722, 5, 5 
2120, 5, 5 
30448, 5, 5 
14199, 5, 5 
4711, 5, 5 
28939, 5, 5 
51040, 5, 5 
41389, 5, 5 
40008, 5, 5 
15996, 5, 5 
7583, 5, 5 
34002, 5, 5 
31013, 5, 5 
43221, 5, 5 
49152, 5, 5 
2478, 5, 5 
21157, 5, 5 
57028, 5, 5 
48251, 5, 5 
29616, 5, 5 
9336, 5, 5 
12519, 5, 5 
7988, 5, 5 
16358, 5, 5 
40868, 5, 5 
38295, 5, 5 
15631, 5, 5 
32445, 5, 5 
20890, 5, 5 
47016, 5, 5 
51039, 5, 5 
29696, 5, 5 
9539, 5, 5 
29384, 5, 5 
53620, 5, 5 
32831, 5, 5 
45886, 5, 5 
37137, 5, 5 
13021, 5, 5 
20860, 5, 5 
41674, 5, 5 
52529, 5, 5 
2968, 5, 5 
42836, 5, 5 
47757, 5, 5 
34829, 5, 5 
42760, 5, 5 
5866, 5, 5 
34270, 5, 5 
46901, 5, 5 
41402, 5, 5 
51800, 5, 5 
54988, 5, 5 
22264, 5, 5 
3271, 5, 5 
34065, 5, 5 
46448, 5, 5 
35082, 5, 5 
53920, 5, 5 
34610, 5, 5 
11260, 5, 5 
28046, 5, 5 
54970, 5, 5 
11587, 5, 5 
49100, 5, 5 
17294, 5, 5 
33690, 5, 5 
53690, 5, 5 
13040, 5, 5 
38280, 5, 5 
10538, 5, 5 
46531, 5, 5 
35117, 5, 5 
16553, 5, 5 
38513, 5, 5 
19422, 5, 5 
25240, 5, 5 
23183, 5, 5 
16499, 5, 5 
38626, 5, 5 
1965, 5, 5 
38313, 5, 5 
38252, 5, 5 
28478, 5, 5 
57824, 5, 5 
9387, 5, 5 
42047, 5, 5 
29916, 5, 5 
34039, 5, 5 
43809, 5, 5 
58646, 5, 5 
29845, 5, 5 
57593, 5, 5 
25330, 5, 5 
24217, 5, 5 
51176, 5, 5 
29852, 5, 5 
48826, 5, 5 
4450, 5, 5 
6195, 5, 5 
6980, 5, 5 
51050, 5, 5 
48812, 5, 5 
12376, 5, 5 
27408, 5, 5 
2933, 5, 5 
26211, 5, 5 
44476, 5, 5 
59212, 5, 5 
16126, 5, 5 
9259, 5, 5 
23137, 5, 5 
21346, 5, 5 
12816, 5, 5 
2928, 5, 5 
1311, 5, 5 
51364, 5, 5 
50573, 5, 5 
55903, 5, 5 
24819, 5, 5 
49820, 5, 5 
12800, 5, 5 
43432, 5, 5 
50017, 5, 5 
16011, 5, 5 
56666, 5, 5 
27510, 5, 5 
47, 5, 5 
39666, 5, 5 
40154, 5, 5 
44147, 5, 5 
44003, 5, 5 
43397, 5, 5 
33575, 5, 5 
52665, 5, 5 
40869, 5, 5 
51107, 5, 5 
18234, 5, 5 
10622, 5, 5 
54883, 5, 5 
48572, 5, 5 
2272, 5, 5 
1524, 5, 5 
54673, 5, 5 
20390, 5, 5 
40041, 5, 5 
44341, 5, 5 
42864, 5, 5 
15178, 5, 5 
26020, 5, 5 
47204, 5, 5 
50569, 5, 5 
57812, 5, 5 
26069, 5, 5 
10316, 5, 5 
16733, 5, 5 
8988, 5, 5 
41509, 5, 5 
614, 5, 5 
23455, 5, 5 
28589, 5, 5 
45175, 5, 5 
52231, 5, 5 
26290, 5, 5 
10751, 5, 5 
32507, 5, 5 
47920, 5, 5 
30575, 5, 5 
28658, 5, 5 
49032, 5, 5 
26363, 5, 5 
49393, 5, 5 
42511, 5, 5 
54015, 5, 5 
19077, 5, 5 
13248, 5, 5 
27921, 5, 5 
9170, 5, 5 
28477, 5, 5 
9111, 5, 5 
26360, 5, 5 
19852, 5, 5 
27049, 5, 5 
23341, 5, 5 
45124, 5, 5 
56024, 5, 5 
40920, 5, 5 
284, 5, 5 
23671, 5, 5 
42762, 5, 5 
8414, 5, 5 
20569, 5, 5 
54604, 5, 5 
46458, 5, 5 
15676, 5, 5 
23123, 5, 5 
46290, 5, 5 
59349, 5, 5 
55248, 5, 5 
3595, 5, 5 
29871, 5, 5 
44667, 5, 5 
58025, 5, 5 
13237, 5, 5 
59507, 5, 5 
49094, 5, 5 
4443, 5, 5 
6237, 5, 5 
14867, 5, 5 
44691, 5, 5 
29648, 5, 5 
41258, 5, 5 
12650, 5, 5 
22779, 5, 5 
2605, 5, 5 
43691, 5, 5 
43503, 5, 5 
51775, 5, 5 
39381, 5, 5 
27139, 5, 5 
44845, 5, 5 
41548, 5, 5 
30288, 5, 5 
57106, 5, 5 
13305, 5, 5 
39085, 5, 5 
57942, 5, 5 
46774, 5, 5 
38848, 5, 5 
6434, 5, 5 
16116, 5, 5 
59618, 5, 5 
4987, 5, 5 
12341, 5, 5 
13324, 5, 5 
56843, 5, 5 
57025, 5, 5 
12697, 5, 5 
21661, 5, 5 
38719, 5, 5 
42407, 5, 5 
7848, 5, 5 
57311, 5, 5 
24106, 5, 5 
41887, 5, 5 
27422, 5, 5 
52170, 5, 5 
6781, 5, 5 
49508, 5, 5 
41949, 5, 5 
26873, 5, 5 
54776, 5, 5 
22193, 5, 5 
17971, 5, 5 
23651, 5, 5 
40350, 5, 5 
39253, 5, 5 
9783, 5, 5 
40346, 5, 5 
5828, 5, 5 
32039, 5, 5 
59269, 5, 5 
48237, 5, 5 
12688, 5, 5 
36729, 5, 5 
37016, 5, 5 
32001, 5, 5 
53063, 5, 5 
47077, 5, 5 
16357, 5, 5 
50142, 5, 5 
31590, 5, 5 
47661, 5, 5 
52452, 5, 5 
16384, 5, 5 
42917, 5, 5 
48800, 5, 5 
33968, 5, 5 
7193, 5, 5 
44852, 5, 5 
18298, 5, 5 
58930, 5, 5 
41737, 5, 5 
31352, 5, 5 
58262, 5, 5 
11569, 5, 5 
10498, 5, 5 
8639, 5, 5 
34299, 5, 5 
58731, 5, 5 
27656, 5, 5 
4104, 5, 5 
799, 5, 5 
7699, 5, 5 
46713, 5, 5 
14213, 5, 5 
25935, 5, 5 
27002, 5, 5 
34727, 5, 5 
1575, 5, 5 
38678, 5, 5 
6472, 5, 5 
17544, 5, 5 
53797, 5, 5 
17366, 5, 5 
29940, 5, 5 
10401, 5, 5 
41618, 5, 5 
10811, 5, 5 
46381, 5, 5 
16682, 5, 5 
16959, 5, 5 
7172, 5, 5 
12638, 5, 5 
49270, 5, 5 
48950, 5, 5 
55356, 5, 5 
36405, 5, 5 
22101, 5, 5 
36984, 5, 5 
11154, 5, 5 
32254, 5, 5 
25411, 5, 5 
26803, 5, 5 
26181, 6, 6 
21538, 6, 6 
28382, 6, 6 
44217, 6, 6 
8314, 6, 6 
12541, 6, 6 
2295, 6, 6 
55162, 6, 6 
34658, 6, 6 
30755, 6, 6 
30387, 6, 6 
37256, 6, 6 
24162, 6, 6 
5920, 6, 6 
17563, 6, 6 
41546, 6, 6 
22809, 6, 6 
56179, 6, 6 
58176, 6, 6 
14952, 6, 6 
58291, 6, 6 
26884, 6, 6 
33032, 6, 6 
16821, 6, 6 
52678, 6, 6 
55638, 6, 6 
5466, 6, 6 
48649, 6, 5 
18381, 6, 6 
40889, 6, 6 
9015, 6, 6 
4170, 6, 6 
51514, 6, 6 
22084, 6, 6 
9421, 6, 6 
54823, 6, 6 
18956, 6, 6 
58050, 6, 6 
20931, 6, 6 
23915, 6, 6 
4546, 6, 6 
19471, 6, 6 
7064, 6, 6 
57254, 6, 6 
57012, 6, 6 
56251, 6, 6 
18869, 6, 6 
38584, 6, 6 
41423, 6, 6 
38181, 6, 6 
24753, 6, 6 
54252, 6, 6 
10375, 6, 6 
30139, 6, 6 
39767, 6, 6 
37351, 6, 6 
22240, 6, 6 
14565, 6, 6 
20808, 6, 6 
45622, 6, 6 
41814, 6, 6 
49043, 6, 6 
21762, 6, 6 
18128, 6, 6 
38642, 6, 6 
32783, 6, 6 
8814, 6, 6 
29548, 6, 6 
8871, 6, 6 
33604, 6, 6 
30426, 6, 6 
21030, 6, 6 
40105, 6, 6 
47963, 6, 6 
20523, 6, 6 
8862, 6, 6 
16077, 6, 6 
46310, 6, 6 
9961, 6, 6 
1540, 6, 6 
59509, 6, 6 
51378, 6, 6 
30630, 6, 6 
59251, 6, 6 
20081, 6, 6 
37254, 6, 6 
10853, 6, 6 
36372, 6, 6 
1136, 6, 6 
48565, 6, 6 
38156, 6, 6 
5273, 6, 6 
55372, 6, 6 
29620, 6, 6 
24058, 6, 6 
18094, 6, 6 
26384, 6, 6 
20416, 6, 6 
19272, 6, 5 
27905, 6, 6 
21488, 6, 6 
22982, 6, 6 
24146, 6, 6 
34247, 6, 6 
1398, 6, 6 
32381, 6, 6 
42207, 6, 6 
54153, 6, 6 
49626, 6, 6 
33919, 6, 6 
4426, 6, 6 
29454, 6, 6 
43735, 6, 6 
9120, 6, 6 
3736, 6, 6 
10591, 6, 6 
58835, 6, 6 
48999, 6, 6 
17953, 6, 6 
9723, 6, 6 
40625, 6, 6 
25358, 6, 6 
20113, 6, 6 
36237, 6, 6 
49328, 6, 6 
24554, 6, 6 
4018, 6, 6 
20555, 6, 6 
51400, 6, 6 
45013, 6, 6 
14593, 6, 6 
51438, 6, 6 
50160, 6, 6 
33615, 6, 6 
52620, 6, 6 
48864, 6, 6 
1782, 6, 6 
29295, 6, 6 
46088, 6, 0 
50193, 6, 6 
3700, 6, 6 
10271, 6, 6 
3650, 6, 6 
14583, 6, 6 
33272, 6, 6 
8311, 6, 6 
29769, 6, 6 
30855, 6, 6 
40137, 6, 6 
17829, 6, 6 
49779, 6, 6 
38820, 6, 6 
24871, 6, 6 
32696, 6, 6 
51805, 6, 6 
47807, 6, 6 
37071, 6, 6 
59463, 6, 6 
26386, 6, 6 
41963, 6, 6 
47376, 6, 6 
7684, 6, 6 
126, 6, 6 
42611, 6, 6 
40332, 6, 6 
54086, 6, 6 
36358, 6, 6 
2291, 6, 6 
52441, 6, 6 
51661, 6, 6 
26766, 6, 6 
37892, 6, 6 
21452, 6, 4 
30576, 6, 6 
36578, 6, 6 
16684, 6, 6 
660, 6, 6 
274, 6, 6 
56675, 6, 6 
52198, 6, 6 
53406, 6, 6 
13995, 6, 6 
10229, 6, 6 
18422, 6, 6 
20896, 6, 6 
1902, 6, 6 
37581, 6, 6 
41050, 6, 6 
44066, 6, 6 
32736, 6, 6 
49178, 6, 6 
42541, 6, 6 
38448, 6, 6 
28644, 6, 6 
41452, 6, 6 
13309, 6, 6 
11261, 6, 6 
23958, 6, 6 
6578, 6, 6 
30582, 6, 6 
21821, 6, 6 
54885, 6, 6 
14960, 6, 6 
7268, 6, 6 
31705, 6, 6 
39385, 6, 6 
19496, 6, 6 
19105, 6, 6 
17998, 6, 6 
7581, 6, 6 
46309, 6, 6 
53929, 6, 6 
41442, 6, 6 
54539, 6, 6 
46861, 6, 6 
15591, 6, 6 
57125, 6, 6 
18262, 6, 6 
3207, 6, 6 
2607, 6, 6 
25090, 6, 6 
7711, 6, 6 
30295, 6, 6 
147, 6, 6 
55951, 6, 6 
8145, 6, 6 
22448, 6, 6 
20596, 6, 6 
47911, 6, 6 
37142, 6, 6 
14492, 6, 6 
36496, 6, 6 
17542, 6, 6 
50027, 6, 6 
27208, 6, 6 
5451, 6, 6 
17075, 6, 6 
8091, 6, 6 
21126, 6, 6 
55824, 6, 6 
59907, 6, 6 
5632, 6, 6 
58157, 6, 6 
53472, 6, 6 
29686, 6, 6 
23600, 6, 6 
1726, 6, 6 
13067, 6, 6 
25035, 6, 6 
26841, 6, 6 
56172, 6, 6 
50823, 6, 6 
50598, 6, 6 
52504, 6, 6 
22806, 6, 6 
5750, 6, 6 
31040, 6, 6 
1113, 6, 6 
10418, 6, 6 
30617, 6, 6 
29138, 6, 6 
1669, 6, 6 
13858, 6, 6 
10786, 6, 6 
22909, 6, 6 
34342, 6, 6 
43807, 6, 6 
34271, 6, 6 
46732, 6, 6 
2545, 6, 6 
31954, 6, 6 
40491, 6, 6 
42481, 6, 6 
50034, 6, 6 
51788, 6, 6 
30168, 6, 6 
23475, 6, 6 
17397, 6, 6 
34255, 6, 6 
30638, 6, 6 
52759, 6, 6 
28287, 6, 6 
51745, 6, 6 
8777, 6, 6 
1562, 6, 6 
28708, 6, 6 
15324, 6, 8 
44218, 6, 6 
28400, 6, 6 
46825, 6, 6 
31110, 6, 6 
37639, 6, 6 
51676, 6, 6 
1366, 6, 6 
31629, 6, 6 
58825, 6, 6 
2631, 6, 6 
52053, 6, 6 
42921, 6, 6 
50199, 6, 6 
22820, 6, 6 
47047, 6, 6 
49847, 6, 6 
57850, 6, 6 
21426, 6, 6 
39121, 6, 6 
55123, 6, 6 
28680, 6, 6 
12271, 6, 6 
6799, 6, 6 
45934, 6, 6 
56098, 6, 6 
16583, 6, 6 
22091, 6, 6 
28585, 6, 6 
50132, 6, 6 
9239, 6, 6 
30822, 6, 6 
12002, 6, 6 
4337, 6, 6 
33258, 6, 6 
40616, 6, 6 
11048, 6, 6 
18982, 6, 6 
52253, 6, 6 
53175, 6, 6 
18271, 6, 6 
48451, 6, 6 
38511, 6, 6 
57158, 6, 6 
22633, 6, 6 
59877, 6, 6 
21912, 6, 6 
41688, 6, 6 
13306, 6, 6 
41636, 6, 6 
12359, 6, 6 
40845, 6, 6 
24224, 6, 6 
11723, 6, 6 
41828, 6, 6 
42600, 6, 6 
28776, 6, 6 
20272, 6, 6 
57157, 6, 6 
7580, 6, 6 
19956, 6, 6 
12606, 6, 6 
19157, 6, 6 
48086, 6, 6 
20663, 6, 6 
12452, 6, 6 
13977, 6, 6 
28251, 6, 6 
13780, 6, 6 
52049, 6, 6 
15386, 6, 5 
1844, 6, 6 
21226, 6, 6 
40564, 6, 6 
5848, 6, 6 
27161, 6, 6 
630, 6, 6 
48744, 6, 6 
11800, 6, 6 
39697, 6, 6 
52598, 6, 6 
28605, 6, 6 
31208, 6, 6 
51152, 6, 6 
36895, 6, 6 
28085, 6, 6 
28756, 6, 6 
19309, 6, 6 
39292, 6, 6 
4072, 6, 6 
30036, 6, 6 
27134, 6, 6 
56399, 6, 6 
19661, 6, 6 
6631, 6, 6 
15166, 6, 6 
24201, 6, 6 
34671, 6, 6 
5213, 6, 6 
43914, 6, 6 
59181, 6, 6 
42919, 6, 6 
2156, 6, 6 
24774, 6, 6 
33984, 6, 6 
53677, 6, 6 
37282, 6, 6 
14109, 6, 6 
34492, 6, 6 
55713, 6, 6 
39086, 6, 6 
17332, 6, 6 
18199, 6, 6 
54945, 6, 6 
21205, 6, 6 
21392, 6, 6 
12191, 6, 6 
9305, 6, 6 
56171, 6, 6 
48387, 6, 6 
12251, 6, 6 
55362, 6, 6 
49517, 6, 6 
56727, 6, 6 
37421, 6, 6 
59008, 6, 6 
54610, 6, 6 
19970, 6, 6 
49026, 6, 6 
32183, 6, 6 
10135, 6, 6 
38875, 6, 6 
50618, 6, 6 
27402, 6, 6 
34003, 6, 6 
7559, 6, 6 
50619, 6, 6 
21675, 6, 6 
22709, 6, 6 
18772, 6, 6 
29226, 6, 6 
34520, 6, 6 
33207, 6, 6 
54288, 6, 6 
54799, 6, 6 
32431, 6, 6 
8590, 6, 6 
58940, 6, 6 
43925, 6, 6 
46670, 6, 6 
31054, 6, 6 
37872, 6, 6 
28850, 6, 6 
19681, 6, 6 
4408, 6, 6 
11905, 6, 6 
32345, 6, 6 
27339, 6, 6 
23453, 6, 6 
41086, 6, 6 
42689, 6, 6 
2828, 6, 6 
41778, 6, 6 
46229, 6, 6 
19037, 6, 6 
16002, 6, 6 
3366, 6, 6 
35026, 6, 6 
57860, 6, 6 
18058, 6, 6 
35993, 6, 6 
59345, 6, 6 
39430, 6, 6 
57554, 6, 6 
8074, 6, 6 
9486, 6, 6 
2789, 6, 6 
1792, 6, 6 
26402, 6, 6 
3364, 6, 6 
38185, 6, 6 
15061, 6, 6 
19723, 6, 6 
29843, 6, 6 
59474, 6, 6 
21407, 6, 6 
13595, 6, 6 
30819, 6, 6 
1418, 6, 6 
55742, 6, 6 
27090, 6, 6 
34894, 6, 6 
32938, 6, 6 
27006, 6, 6 
23937, 6, 6 
26077, 6, 6 
52908, 6, 6 
26915, 6, 6 
46013, 6, 6 
58115, 6, 6 
42843, 6, 6 
3572, 6, 6 
44808, 6, 6 
32725, 6, 6 
53228, 6, 6 
53416, 6, 6 
24905, 6, 6 
48033, 6, 6 
9325, 6, 6 
12231, 6, 6 
7224, 6, 6 
3229, 6, 6 
45478, 6, 6 
47584, 6, 6 
58725, 7, 7 
46106, 7, 7 
11660, 7, 7 
26591, 7, 7 
20477, 7, 7 
59779, 7, 7 
1208, 7, 7 
58836, 7, 7 
31125, 7, 7 
13975, 7, 7 
16004, 7, 7 
38723, 7, 7 
28869, 7, 7 
14284, 7, 7 
25095, 7, 7 
42527, 7, 7 
34094, 7, 7 
23760, 7, 7 
24518, 7, 7 
28073, 7, 7 
18979, 7, 7 
15331, 7, 7 
25242, 7, 7 
30259, 7, 7 
6507, 7, 7 
981, 7, 7 
44175, 7, 7 
49012, 7, 7 
37762, 7, 7 
30495, 7, 7 
2319, 7, 7 
40545, 7, 7 
36152, 7, 7 
15485, 7, 7 
19904, 7, 7 
16337, 7, 7 
55553, 7, 7 
38506, 7, 7 
49315, 7, 7 
39133, 7, 7 
43722, 7, 7 
22515, 7, 7 
3276, 7, 7 
28298, 7, 7 
15229, 7, 7 
46906, 7, 7 
32945, 7, 7 
52166, 7, 7 
4743, 7, 7 
7236, 7, 7 
52261, 7, 7 
36404, 7, 7 
5596, 7, 7 
58221, 7, 7 
48562, 7, 7 
29103, 7, 7 
46429, 7, 7 
50038, 7, 7 
56880, 7, 7 
31996, 7, 7 
34516, 7, 7 
6845, 7, 7 
55090, 7, 7 
17340, 7, 7 
20398, 7, 7 
6487, 7, 7 
6141, 7, 7 
38269, 7, 7 
22891, 7, 7 
53261, 7, 7 
11088, 7, 7 
32145, 7, 7 
7534, 7, 7 
55094, 7, 7 
51560, 7, 7 
36150, 7, 7 
28179, 7, 7 
57078, 7, 7 
52460, 7, 7 
29432, 7, 7 
29144, 7, 7 
48308, 7, 7 
51180, 7, 7 
50648, 7, 7 
9200, 7, 7 
39517, 7, 7 
51000, 7, 7 
45618, 7, 7 
57828, 7, 7 
56832, 7, 7 
20280, 7, 7 
17033, 7, 7 
10148, 7, 7 
27621, 7, 7 
27758, 7, 7 
2512, 7, 7 
7992, 7, 7 
30504, 7, 7 
56028, 7, 7 
40170, 7, 7 
8362, 7, 7 
2027, 7, 7 
13391, 7, 7 
55189, 7, 7 
18873, 7, 7 
44526, 7, 7 
40684, 7, 7 
20311, 7, 7 
47262, 7, 7 
18734, 7, 7 
19221, 7, 7 
11516, 7, 7 
23283, 7, 7 
23469, 7, 7 
47182, 7, 7 
24040, 7, 7 
54207, 7, 7 
37348, 7, 7 
45930, 7, 7 
6315, 7, 7 
6014, 7, 7 
27360, 7, 7 
57825, 7, 7 
43489, 7, 7 
54558, 7, 7 
48422, 7, 7 
6777, 7, 7 
15469, 7, 7 
57074, 7, 7 
15168, 7, 7 
23345, 7, 7 
44971, 7, 7 
24990, 7, 7 
49709, 7, 7 
10046, 7, 7 
8214, 7, 7 
31523, 7, 7 
17441, 7, 7 
47806, 7, 7 
45054, 7, 7 
37212, 7, 7 
49385, 7, 7 
505, 7, 7 
47941, 7, 7 
41365, 7, 7 
7943, 7, 7 
20061, 7, 7 
10297, 7, 7 
51074, 7, 7 
23540, 7, 7 
14829, 7, 7 
38954, 7, 7 
45829, 7, 7 
56287, 7, 7 
13162, 7, 7 
36365, 7, 7 
25392, 7, 7 
17533, 7, 7 
54536, 7, 7 
33050, 7, 7 
54219, 7, 7 
426, 7, 7 
41250, 7, 7 
59083, 7, 7 
23259, 7, 7 
32728, 7, 7 
9588, 7, 7 
34446, 7, 7 
30017, 7, 7 
37673, 7, 7 
18513, 7, 7 
15740, 7, 7 
45871, 7, 7 
16194, 7, 7 
49867, 7, 7 
55882, 7, 7 
14348, 7, 7 
6666, 7, 7 
17849, 7, 7 
57576, 7, 7 
36283, 7, 7 
50380, 7, 7 
25972, 7, 7 
6566, 7, 7 
42282, 7, 7 
33737, 7, 7 
53779, 7, 7 
55041, 7, 7 
11829, 7, 7 
38669, 7, 7 
14152, 7, 7 
11937, 7, 7 
39062, 7, 7 
42265, 7, 7 
36411, 7, 7 
17206, 7, 7 
9793, 7, 7 
54863, 7, 7 
5197, 7, 7 
32197, 7, 7 
16401, 7, 7 
49415, 7, 7 
28670, 7, 7 
15213, 7, 7 
50370, 7, 7 
31331, 7, 7 
1191, 7, 7 
28624, 7, 7 
39426, 7, 7 
3081, 7, 7 
46363, 7, 7 
37775, 7, 7 
19259, 7, 7 
48622, 7, 7 
32849, 7, 7 
27823, 7, 7 
37947, 7, 7 
33796, 7, 7 
42105, 7, 7 
54555, 7, 7 
2950, 7, 7 
21148, 7, 7 
17718, 7, 7 
19929, 7, 7 
58974, 7, 7 
54193, 7, 7 
37561, 7, 7 
29212, 7, 7 
34600, 7, 7 
52463, 7, 7 
16138, 7, 7 
57609, 7, 7 
34772, 7, 7 
44067, 7, 7 
29762, 7, 7 
31792, 7, 7 
9990, 7, 7 
24550, 7, 7 
10408, 7, 7 
7167, 7, 7 
48333, 7, 7 
31055, 7, 7 
4759, 7, 7 
3863, 7, 7 
18204, 7, 7 
22683, 7, 7 
52969, 7, 7 
14832, 7, 7 
51335, 7, 7 
56679, 7, 7 
26811, 7, 7 
25062, 7, 7 
37041, 7, 7 
22593, 7, 7 
46688, 7, 7 
21672, 7, 7 
33459, 7, 7 
35446, 7, 7 
17696, 7, 7 
55119, 7, 7 
13561, 7, 7 
23149, 7, 7 
40080, 7, 7 
15859, 7, 7 
13337, 7, 7 
45570, 7, 7 
49119, 7, 7 
1825, 7, 7 
39925, 7, 7 
9327, 7, 7 
57836, 7, 7 
31271, 7, 7 
16548, 7, 7 
5446, 7, 7 
17807, 7, 7 
55842, 7, 7 
10828, 7, 7 
853, 7, 7 
24727, 7, 7 
40232, 7, 7 
18950, 7, 7 
12018, 7, 7 
11831, 7, 7 
40557, 7, 7 
7945, 7, 7 
16795, 7, 7 
30018, 7, 7 
58959, 7, 7 
8566, 7, 7 
53423, 7, 7 
41872, 7, 7 
49694, 7, 7 
56500, 7, 7 
41725, 7, 7 
38389, 7, 7 
45594, 7, 7 
48614, 7, 7 
20422, 7, 7 
48093, 7, 7 
56510, 7, 7 
35938, 7, 7 
40193, 7, 7 
31983, 7, 7 
51279, 7, 7 
26957, 7, 7 
59646, 7, 7 
38810, 7, 7 
48889, 7, 7 
7277, 7, 7 
3189, 7, 7 
52960, 7, 7 
48914, 7, 7 
50227, 7, 7 
30713, 7, 7 
19791, 7, 7 
49829, 7, 7 
8377, 7, 7 
3641, 7, 7 
38672, 7, 7 
8845, 7, 7 
37922, 7, 7 
27623, 7, 7 
25733, 7, 7 
20260, 7, 7 
36603, 7, 7 
58202, 7, 7 
27647, 7, 7 
58292, 7, 7 
28542, 7, 7 
38437, 7, 7 
56680, 7, 7 
30008, 7, 7 
9911, 7, 7 
46055, 7, 7 
14076, 7, 7 
29326, 7, 7 
23070, 7, 7 
651, 7, 7 
29277, 7, 7 
59107, 7, 7 
21217, 7, 7 
17017, 7, 7 
21062, 7, 7 
42281, 7, 7 
27203, 7, 7 
6688, 7, 7 
58816, 7, 7 
9102, 7, 7 
49980, 7, 7 
21621, 7, 7 
54097, 7, 7 
46697, 7, 7 
22326, 7, 7 
22399, 7, 7 
38350, 7, 7 
41692, 7, 7 
15976, 7, 7 
26151, 7, 7 
23902, 7, 7 
7173, 7, 7 
43796, 7, 7 
9373, 7, 7 
39082, 7, 7 
58977, 7, 7 
3899, 7, 7 
2095, 7, 7 
25594, 7, 7 
57555, 7, 7 
38615, 7, 7 
51819, 7, 7 
25543, 7, 7 
9432, 7, 7 
8798, 7, 7 
18358, 7, 7 
7099, 7, 7 
37602, 7, 7 
45776, 7, 7 
8437, 7, 7 
16113, 7, 7 
46618, 7, 7 
3282, 7, 7 
34160, 7, 7 
15689, 7, 7 
45179, 7, 7 
27292, 7, 7 
44239, 7, 7 
20310, 7, 7 
33530, 7, 7 
44574, 7, 7 
27453, 7, 7 
47161, 7, 7 
32346, 7, 7 
53601, 7, 7 
58095, 7, 7 
43841, 7, 7 
58118, 7, 7 
24131, 7, 7 
57541, 7, 7 
57672, 7, 7 
6259, 7, 7 
44865, 7, 7 
56017, 7, 7 
9992, 7, 7 
40679, 7, 7 
41024, 7, 7 
21904, 7, 7 
56086, 7, 7 
24207, 7, 7 
52466, 7, 7 
46473, 7, 7 
38705, 7, 7 
9606, 7, 7 
13907, 7, 7 
58885, 7, 7 
31319, 7, 7 
57235, 7, 7 
31382, 7, 7 
4331, 7, 7 
8849, 7, 7 
19086, 7, 7 
19683, 7, 7 
50878, 7, 7 
34835, 7, 7 
26423, 7, 7 
27983, 7, 7 
33616, 7, 7 
34278, 7, 7 
10251, 7, 7 
6616, 7, 7 
32470, 7, 7 
33037, 7, 7 
37090, 7, 7 
41571, 7, 7 
55147, 7, 7 
15215, 7, 7 
54789, 7, 7 
19424, 7, 7 
50984, 7, 7 
35845, 7, 7 
32861, 7, 7 
55431, 7, 7 
7781, 7, 7 
5995, 7, 7 
29309, 7, 7 
258, 7, 7 
5504, 7, 7 
44868, 7, 7 
29099, 7, 7 
8396, 7, 7 
55374, 7, 7 
14556, 7, 7 
36613, 7, 7 
1422, 7, 7 
25229, 7, 7 
37876, 7, 7 
497, 7, 7 
2427, 7, 7 
44943, 7, 7 
55709, 7, 7 
24314, 7, 7 
42606, 7, 7 
16966, 7, 7 
2929, 7, 7 
39305, 7, 7 
55171, 7, 7 
55843, 7, 7 
52787, 7, 7 
12537, 7, 7 
6481, 7, 7 
44795, 7, 7 
44756, 7, 7 
53579, 7, 7 
16133, 7, 7 
12293, 7, 7 
10533, 7, 7 
21719, 7, 7 
19780, 7, 7 
35321, 7, 7 
19842, 7, 7 
38144, 7, 7 
53253, 7, 7 
53501, 7, 7 
56546, 7, 7 
13188, 7, 7 
56650, 7, 7 
57560, 7, 7 
15983, 7, 7 
48146, 7, 7 
38191, 7, 7 
15460, 7, 7 
14460, 7, 7 
11768, 7, 7 
41379, 7, 7 
30718, 7, 7 
40406, 7, 7 
46174, 7, 7 
52405, 7, 7 
19327, 7, 7 
12730, 7, 7 
44908, 7, 7 
50499, 8, 8 
31760, 8, 5 
32636, 8, 8 
9076, 8, 8 
23048, 8, 8 
28687, 8, 8 
15258, 8, 8 
23092, 8, 8 
17358, 8, 8 
54596, 8, 8 
33309, 8, 8 
59485, 8, 8 
23537, 8, 8 
51007, 8, 8 
43145, 8, 8 
37436, 8, 8 
54656, 8, 8 
295, 8, 8 
40708, 8, 8 
32722, 8, 8 
57772, 8, 8 
29276, 8, 8 
22808, 8, 8 
8269, 8, 8 
7995, 8, 8 
36913, 8, 8 
35576, 8, 8 
57515, 8, 8 
32544, 8, 8 
23063, 8, 8 
16026, 8, 8 
30519, 8, 8 
20889, 8, 8 
7872, 8, 8 
56091, 8, 8 
7908, 8, 8 
21650, 8, 8 
55781, 8, 8 
9839, 8, 8 
47549, 8, 8 
18334, 8, 8 
5369, 8, 8 
35338, 8, 8 
13189, 8, 8 
14745, 8, 8 
44616, 8, 8 
24889, 8, 8 
40715, 8, 8 
5661, 8, 8 
49422, 8, 8 
18933, 8, 8 
26090, 8, 8 
26660, 8, 8 
5376, 8, 8 
7436, 8, 8 
9521, 8, 8 
41611, 8, 8 
55610, 8, 8 
51087, 8, 8 
57324, 8, 8 
26496, 8, 8 
42479, 8, 8 
17128, 8, 8 
47942, 8, 8 
10726, 8, 8 
56881, 8, 8 
28595, 8, 8 
54268, 8, 8 
30268, 8, 8 
34979, 8, 8 
38476, 8, 8 
28206, 8, 8 
37398, 8, 8 
13869, 8, 8 
11586, 8, 8 
21913, 8, 8 
53440, 8, 8 
19557, 8, 8 
35038, 8, 8 
36054, 8, 8 
49095, 8, 8 
16022, 8, 8 
15236, 8, 8 
32426, 8, 8 
51412, 8, 8 
19928, 8, 8 
1966, 8, 8 
49114, 8, 8 
38613, 8, 8 
19128, 8, 8 
35764, 8, 8 
47896, 8, 8 
45245, 8, 8 
24297, 8, 8 
28663, 8, 8 
36224, 8, 8 
49238, 8, 8 
9334, 8, 8 
1214, 8, 8 
26786, 8, 8 
42096, 8, 8 
8366, 8, 8 
48104, 8, 8 
13849, 8, 8 
2001, 8, 8 
16669, 8, 8 
18884, 8, 8 
144, 8, 8 
4862, 8, 8 
37299, 8, 8 
15221, 8, 8 
38000, 8, 8 
48743, 8, 8 
18291, 8, 8 
27447, 8, 8 
32747, 8, 8 
20539, 8, 8 
29629, 8, 8 
32735, 8, 8 
51601, 8, 8 
4967, 8, 8 
23650, 8, 8 
15919, 8, 8 
55043, 8, 8 
22274, 8, 8 
38858, 8, 8 
1974, 8, 8 
8645, 8, 8 
8955, 8, 8 
15021, 8, 8 
28480, 8, 8 
13476, 8, 8 
24370, 8, 8 
21048, 8, 8 
6066, 8, 5 
24147, 8, 8 
23193, 8, 8 
30543, 8, 8 
13079, 8, 8 
47312, 8, 8 
11311, 8, 8 
12298, 8, 8 
29829, 8, 8 
16182, 8, 8 
20968, 8, 8 
28348, 8, 8 
3225, 8, 8 
47563, 8, 8 
32591, 8, 8 
51715, 8, 8 
33579, 8, 8 
15956, 8, 8 
44624, 8, 8 
36651, 8, 8 
41544, 8, 8 
37952, 8, 8 
14772, 8, 8 
8753, 8, 8 
45298, 8, 8 
42383, 8, 8 
43329, 8, 8 
50738, 8, 8 
33089, 8, 8 
35751, 8, 8 
54701, 8, 8 
56412, 8, 8 
50785, 8, 8 
14779, 8, 8 
24953, 8, 8 
17765, 8, 8 
35939, 8, 8 
2842, 8, 8 
54492, 8, 8 
13447, 8, 8 
37406, 8, 8 
9844, 8, 8 
52862, 8, 8 
41057, 8, 8 
27729, 8, 1 
37755, 8, 8 
22810, 8, 8 
532, 8, 8 
26681, 8, 8 
18685, 8, 8 
15757, 8, 8 
13485, 8, 8 
1759, 8, 8 
57616, 8, 8 
14301, 8, 8 
28742, 8, 8 
3727, 8, 8 
47615, 8, 8 
42961, 8, 1 
16340, 8, 8 
57736, 8, 8 
57318, 8, 8 
2444, 8, 8 
16994, 8, 8 
8522, 8, 8 
50054, 8, 8 
44436, 8, 8 
368, 8, 8 
3002, 8, 8 
44221, 8, 8 
59128, 8, 8 
10572, 8, 8 
32300, 8, 8 
9782, 8, 8 
13354, 8, 8 
21118, 8, 8 
29365, 8, 8 
5775, 8, 8 
14872, 8, 8 
8607, 8, 8 
33820, 8, 8 
35230, 8, 8 
13803, 8, 8 
3918, 8, 8 
16828, 8, 8 
50886, 8, 8 
34011, 8, 8 
17990, 8, 8 
17564, 8, 8 
57355, 8, 8 
10619, 8, 8 
46299, 8, 8 
20771, 8, 8 
18890, 8, 8 
17036, 8, 8 
18239, 8, 8 
39391, 8, 8 
45576, 8, 8 
31611, 8, 8 
23458, 8, 5 
50532, 8, 8 
23052, 8, 8 
51954, 8, 8 
43321, 8, 8 
39938, 8, 8 
39865, 8, 8 
50410, 8, 8 
58969, 8, 8 
35242, 8, 8 
39585, 8, 8 
13301, 8, 8 
46633, 8, 8 
15598, 8, 8 
27995, 8, 8 
48223, 8, 8 
39315, 8, 8 
37198, 8, 0 
59034, 8, 8 
31972, 8, 8 
29280, 8, 8 
55929, 8, 8 
44467, 8, 8 
31087, 8, 8 
2002, 8, 8 
33778, 8, 8 
36489, 8, 8 
16552, 8, 8 
1064, 8, 8 
37704, 8, 2 
57257, 8, 8 
52290, 8, 8 
19931, 8, 8 
31622, 8, 8 
6288, 8, 8 
51053, 8, 8 
51665, 8, 8 
59380, 8, 8 
1388, 8, 8 
39266, 8, 8 
10339, 8, 8 
28643, 8, 8 
14873, 8, 8 
48110, 8, 8 
15333, 8, 8 
47315, 8, 8 
14690, 8, 8 
51725, 8, 8 
240, 8, 8 
20491, 8, 8 
13554, 8, 8 
57493, 8, 8 
45427, 8, 8 
16554, 8, 8 
32884, 8, 8 
31530, 8, 8 
37240, 8, 8 
41130, 8, 8 
27358, 8, 8 
21282, 8, 8 
55695, 8, 8 
11989, 8, 8 
876, 8, 8 
33039, 8, 8 
58607, 8, 8 
15861, 8, 8 
27293, 8, 8 
19826, 8, 8 
32390, 8, 8 
27687, 8, 8 
37608, 8, 8 
40503, 8, 8 
3554, 8, 8 
28581, 8, 8 
41663, 8, 8 
47478, 8, 8 
21529, 8, 8 
59593, 8, 8 
29722, 8, 8 
18205, 8, 8 
34872, 8, 8 
38237, 8, 8 
5343, 8, 8 
48428, 8, 8 
13320, 8, 8 
48204, 8, 8 
12085, 8, 8 
37600, 8, 8 
15782, 8, 8 
31444, 8, 8 
56322, 8, 8 
18931, 8, 8 
51891, 8, 8 
27579, 8, 8 
18533, 8, 8 
50925, 8, 8 
30964, 8, 8 
3842, 8, 8 
46450, 8, 8 
38386, 8, 8 
55211, 8, 8 
56874, 8, 8 
10066, 8, 8 
52425, 8, 8 
27029, 8, 8 
6404, 8, 8 
7768, 8, 5 
29139, 8, 8 
26022, 8, 8 
6697, 8, 8 
43968, 8, 8 
57580, 8, 8 
37325, 8, 8 
23004, 8, 8 
58860, 8, 8 
47034, 8, 1 
2672, 8, 8 
47013, 8, 8 
6322, 8, 8 
3807, 8, 8 
24677, 8, 8 
11717, 8, 8 
20954, 8, 8 
24134, 8, 8 
14733, 8, 8 
20559, 8, 8 
16145, 8, 8 
19201, 8, 8 
43609, 8, 8 
35617, 8, 8 
46616, 8, 8 
50883, 8, 8 
53191, 8, 8 
24768, 8, 8 
34061, 8, 8 
35018, 8, 8 
41621, 8, 8 
38948, 8, 8 
38151, 8, 8 
4652, 8, 8 
46739, 8, 8 
28010, 8, 8 
9490, 8, 8 
55618, 8, 8 
2841, 8, 8 
15897, 8, 8 
11160, 8, 8 
10771, 8, 8 
28526, 8, 8 
52080, 8, 8 
13055, 8, 8 
38832, 8, 8 
59764, 8, 8 
59813, 8, 8 
39662, 8, 8 
48256, 8, 8 
30460, 8, 8 
3664, 8, 8 
25301, 8, 8 
37281, 8, 2 
21106, 8, 8 
45954, 8, 8 
36192, 8, 8 
39668, 8, 8 
4745, 8, 8 
41598, 8, 8 
10866, 8, 8 
14941, 8, 8 
26952, 8, 8 
5112, 8, 8 
51773, 8, 8 
43522, 8, 8 
2958, 8, 8 
26136, 8, 8 
26379, 8, 8 
27910, 8, 8 
17244, 8, 2 
15501, 8, 8 
7825, 8, 8 
48684, 8, 8 
25418, 8, 8 
14968, 8, 8 
1267, 8, 8 
4677, 8, 8 
23843, 8, 8 
571, 8, 8 
11750, 8, 8 
52783, 8, 8 
59936, 8, 8 
49302, 8, 8 
59274, 8, 8 
51313, 8, 8 
45595, 8, 8 
24791, 8, 8 
50869, 8, 8 
17056, 8, 8 
47463, 8, 8 
58178, 8, 8 
58748, 8, 8 
55163, 8, 8 
10126, 8, 8 
52689, 8, 8 
4982, 8, 8 
6976, 8, 8 
54950, 8, 2 
14640, 8, 8 
57467, 8, 8 
25132, 8, 8 
26145, 8, 8 
47512, 8, 8 
50277, 8, 8 
8730, 8, 8 
3029, 8, 8 
53640, 8, 8 
6703, 8, 8 
37617, 8, 8 
3026, 8, 8 
13152, 8, 8 
39094, 8, 8 
37324, 8, 8 
8746, 8, 8 
146, 8, 8 
20387, 8, 8 
53110, 8, 8 
44597, 8, 8 
28506, 8, 8 
31599, 8, 8 
8313, 8, 8 
39344, 8, 8 
21723, 8, 8 
15366, 8, 8 
30374, 8, 8 
37709, 8, 8 
36347, 8, 8 
8889, 8, 8 
12710, 8, 8 
43501, 8, 8 
740, 8, 8 
34691, 8, 8 
28364, 8, 8 
53660, 8, 8 
33278, 8, 8 
51242, 8, 8 
5296, 8, 8 
9640, 8, 8 
46793, 8, 8 
59666, 8, 8 
15623, 8, 8 
22924, 8, 8 
38844, 8, 8 
18217, 8, 8 
54645, 8, 8 
48855, 8, 8 
14140, 8, 8 
25400, 8, 8 
44702, 8, 8 
10319, 8, 8 
58915, 8, 8 
48037, 8, 8 
45646, 8, 8 
9811, 8, 8 
6760, 8, 8 
18660, 8, 8 
38044, 8, 8 
24679, 8, 8 
55761, 8, 8 
4357, 8, 8 
44822, 9, 9 
34753, 9, 9 
4936, 9, 9 
17398, 9, 9 
1659, 9, 9 
21356, 9, 9 
22246, 9, 9 
13806, 9, 9 
5045, 9, 9 
25502, 9, 9 
52239, 9, 9 
44044, 9, 9 
53151, 9, 9 
8971, 9, 9 
55347, 9, 9 
15349, 9, 9 
22148, 9, 9 
54138, 9, 9 
42048, 9, 9 
12925, 9, 9 
39576, 9, 9 
51082, 9, 9 
7053, 9, 9 
47134, 9, 9 
56230, 9, 9 
22672, 9, 9 
28354, 9, 9 
16776, 9, 9 
1167, 9, 9 
14409, 9, 9 
33990, 9, 9 
40113, 9, 9 
39025, 9, 9 
58034, 9, 9 
5614, 9, 9 
3169, 9, 9 
49227, 9, 9 
5093, 9, 9 
42020, 9, 9 
5391, 9, 9 
49703, 9, 9 
30845, 9, 9 
50784, 9, 9 
19567, 9, 9 
5538, 9, 9 
45892, 9, 9 
23447, 9, 9 
20915, 9, 9 
4671, 9, 9 
44403, 9, 9 
48577, 9, 9 
20735, 9, 0 
36507, 9, 9 
4831, 9, 9 
21757, 9, 9 
4056, 9, 9 
4547, 9, 9 
41311, 9, 9 
29302, 9, 9 
40583, 9, 9 
49983, 9, 9 
39993, 9, 9 
57854, 9, 9 
11853, 9, 9 
33768, 9, 7 
2613, 9, 9 
20982, 9, 9 
8581, 9, 9 
20943, 9, 9 
31120, 9, 9 
49714, 9, 9 
344, 9, 4 
12200, 9, 9 
2514, 9, 9 
36720, 9, 9 
48795, 9, 9 
19255, 9, 9 
56859, 9, 9 
54098, 9, 9 
16149, 9, 9 
28460, 9, 9 
38748, 9, 9 
31213, 9, 9 
5276, 9, 9 
48330, 9, 9 
13851, 9, 9 
59194, 9, 9 
52060, 9, 9 
12515, 9, 9 
41684, 9, 9 
47323, 9, 9 
34549, 9, 9 
24459, 9, 9 
822, 9, 9 
26764, 9, 9 
43207, 9, 9 
1820, 9, 9 
1733, 9, 9 
22890, 9, 9 
30977, 9, 9 
57796, 9, 9 
755, 9, 9 
17283, 9, 9 
46032, 9, 9 
19477, 9, 9 
50754, 9, 9 
29956, 9, 9 
11208, 9, 9 
26527, 9, 9 
51140, 9, 9 
49492, 9, 9 
26806, 9, 9 
16409, 9, 9 
9532, 9, 9 
28753, 9, 9 
45142, 9, 9 
23515, 9, 9 
264, 9, 9 
4060, 9, 9 
14294, 9, 9 
7727, 9, 9 
482, 9, 9 
56133, 9, 9 
621, 9, 9 
5868, 9, 9 
17531, 9, 9 
12903, 9, 9 
41422, 9, 9 
33855, 9, 9 
6821, 9, 9 
17689, 9, 9 
53247, 9, 9 
6765, 9, 9 
2649, 9, 9 
42721, 9, 9 
30537, 9, 9 
38813, 9, 9 
37641, 9, 9 
34729, 9, 9 
35233, 9, 9 
43248, 9, 9 
41613, 9, 9 
30334, 9, 9 
33625, 9, 9 
40269, 9, 9 
2815, 9, 5 
30378, 9, 9 
54504, 9, 9 
18387, 9, 9 
51036, 9, 9 
2119, 9, 9 
1256, 9, 9 
28260, 9, 9 
27565, 9, 9 
7733, 9, 9 
42796, 9, 9 
55691, 9, 9 
30712, 9, 9 
35421, 9, 5 
47679, 9, 9 
5008, 9, 9 
25655, 9, 9 
27732, 9, 9 
23681, 9, 9 
5992, 9, 9 
87, 9, 9 
8073, 9, 9 
43550, 9, 9 
20830, 9, 9 
27848, 9, 9 
48924, 9, 9 
1743, 9, 9 
51632, 9, 9 
1426, 9, 9 
52127, 9, 9 
24566, 9, 9 
35760, 9, 9 
11376, 9, 9 
29552, 9, 9 
11970, 9, 9 
8321, 9, 9 
49565, 9, 9 
19300, 9, 9 
48802, 9, 7 
37369, 9, 9 
19387, 9, 9 
58637, 9, 9 
7171, 9, 9 
42851, 9, 9 
12894, 9, 9 
38358, 9, 9 
51455, 9, 9 
17550, 9, 9 
974, 9, 8 
5142, 9, 9 
23619, 9, 9 
48894, 9, 9 
1083, 9, 9 
41792, 9, 9 
43057, 9, 9 
9941, 9, 9 
15503, 9, 9 
26997, 9, 9 
10623, 9, 9 
23864, 9, 9 
52846, 9, 9 
15235, 9, 9 
31131, 9, 9 
600, 9, 9 
17571, 9, 9 
39192, 9, 9 
59562, 9, 9 
5727, 9, 9 
42124, 9, 9 
37611, 9, 9 
59371, 9, 9 
17517, 9, 9 
3583, 9, 9 
29113, 9, 9 
11385, 9, 9 
49640, 9, 9 
59164, 9, 9 
10501, 9, 9 
52018, 9, 9 
17958, 9, 9 
38233, 9, 9 
15837, 9, 9 
33130, 9, 9 
30437, 9, 9 
31326, 9, 9 
21193, 9, 9 
45824, 9, 4 
24319, 9, 9 
33746, 9, 9 
3020, 9, 9 
16939, 9, 7 
14922, 9, 9 
50698, 9, 9 
7155, 9, 9 
3781, 9, 9 
1462, 9, 9 
31803, 9, 9 
4277, 9, 9 
31353, 9, 9 
58596, 9, 9 
36035, 9, 9 
26060, 9, 9 
1221, 9, 9 
31077, 9, 9 
29406, 9, 9 
8322, 9, 9 
35824, 9, 9 
25824, 9, 9 
38182, 9, 9 
32149, 9, 9 
43037, 9, 9 
49386, 9, 9 
1272, 9, 9 
53544, 9, 9 
13805, 9, 9 
44701, 9, 9 
48633, 9, 9 
13678, 9, 9 
1748, 9, 9 
52638, 9, 9 
16628, 9, 9 
58159, 9, 9 
8238, 9, 9 
32729, 9, 9 
31593, 9, 9 
17002, 9, 9 
6234, 9, 9 
23548, 9, 9 
33052, 9, 9 
52576, 9, 9 
5607, 9, 9 
37247, 9, 9 
4032, 9, 9 
30328, 9, 9 
35598, 9, 9 
15584, 9, 9 
22967, 9, 9 
53265, 9, 9 
16350, 9, 9 
16570, 9, 9 
930, 9, 9 
33784, 9, 4 
32177, 9, 9 
36459, 9, 9 
24508, 9, 9 
15170, 9, 9 
3465, 9, 9 
24549, 9, 9 
17989, 9, 9 
54874, 9, 9 
5892, 9, 9 
26173, 9, 9 
52427, 9, 9 
21595, 9, 9 
9372, 9, 9 
43147, 9, 9 
35125, 9, 9 
20444, 9, 9 
45888, 9, 5 
285, 9, 9 
27230, 9, 9 
55595, 9, 9 
6073, 9, 9 
12443, 9, 9 
43001, 9, 9 
44915, 9, 9 
16035, 9, 9 
24285, 9, 9 
33682, 9, 9 
12389, 9, 9 
38673, 9, 9 
53317, 9, 9 
30308, 9, 9 
29236, 9, 9 
4693, 9, 9 
43785, 9, 9 
23102, 9, 9 
24759, 9, 9 
37206, 9, 9 
4377, 9, 9 
49801, 9, 9 
39464, 9, 9 
51919, 9, 9 
28908, 9, 9 
54546, 9, 9 
11633, 9, 9 
37887, 9, 9 
54517, 9, 9 
43094, 9, 9 
53379, 9, 9 
4222, 9, 9 
42645, 9, 9 
55813, 9, 9 
39034, 9, 9 
37242, 9, 9 
12368, 9, 9 
21631, 9, 9 
36074, 9, 9 
45461, 9, 9 
55068, 9, 9 
24927, 9, 7 
49177, 9, 9 
7069, 9, 9 
52712, 9, 9 
29923, 9, 9 
45762, 9, 9 
27688, 9, 9 
13573, 9, 9 
5426, 9, 9 
36420, 9, 9 
48580, 9, 9 
41199, 9, 9 
4095, 9, 9 
42192, 9, 9 
45671, 9, 9 
34801, 9, 9 
29660, 9, 9 
8953, 9, 9 
23638, 9, 9 
53267, 9, 9 
10761, 9, 9 
13153, 9, 9 
1674, 9, 9 
12629, 9, 9 
35355, 9, 9 
34104, 9, 9 
7904, 9, 9 
16132, 9, 9 
43661, 9, 9 
20333, 9, 9 
17296, 9, 9 
52311, 9, 9 
9683, 9, 9 
40174, 9, 9 
7407, 9, 9 
24916, 9, 9 
49898, 9, 9 
21344, 9, 9 
29580, 9, 9 
1585, 9, 9 
45793, 9, 9 
49945, 9, 9 
7264, 9, 9 
21192, 9, 9 
56401, 9, 9 
36935, 9, 9 
23366, 9, 7 
54955, 9, 9 
56774, 9, 4 
34335, 9, 9 
26405, 9, 0 
35894, 9, 9 
36203, 9, 9 
27876, 9, 9 
53700, 9, 9 
26359, 9, 9 
40507, 9, 9 
35358, 9, 9 
36225, 9, 9 
19757, 9, 9 
22296, 9, 9 
56270, 9, 9 
20111, 9, 9 
22485, 9, 9 
929, 9, 9 
4769, 9, 9 
23016, 9, 4 
17921, 9, 9 
47556, 9, 9 
1949, 9, 9 
49319, 9, 9 
12096, 9, 9 
19596, 9, 9 
30944, 9, 9 
41701, 9, 9 
33738, 9, 9 
26226, 9, 9 
34224, 9, 9 
38369, 9, 9 
21987, 9, 9 
43358, 9, 9 
5478, 9, 9 
23349, 9, 9 
42879, 9, 9 
30010, 9, 9 
35695, 9, 9 
27191, 9, 9 
44486, 9, 9 
20700, 9, 9 
51654, 9, 9 
45039, 9, 9 
41008, 9, 9 
31057, 9, 9 
34019, 9, 9 
10410, 9, 9 
41817, 9, 9 
41227, 9, 9 
4983, 9, 9 
11212, 9, 9 
4378, 9, 9 
32882, 9, 9 
2798, 9, 9 
3371, 9, 9 
51042, 9, 9 
11647, 9, 4 
38597, 9, 9 
27748, 9, 9 
41306, 9, 9 
27908, 9, 9 
31566, 9, 9 
18187, 9, 9 
46828, 9, 9 
56883, 9, 9 
14827, 9, 9 
46020, 9, 9 
55477, 9, 9 
48457, 9, 9 
9728, 9, 9 
36832, 9, 9 
31295, 9, 7 
34052, 9, 9 
17107, 9, 9 
43138, 9, 9 
48222, 9, 9 
12646, 9, 9 
51644, 9, 9 
30758, 9, 9 
12914, 9, 9 
15381, 9, 9 
40528, 9, 9 
57423, 9, 9 
28308, 9, 9 
32909, 9, 9 
26346, 9, 9 
44234, 9, 9 
43551, 9, 9 
38031, 9, 9 
7811, 9, 9 
1522, 9, 7 
3510, 9, 1 
53196, 9, 9 
21300, 9, 9 
11416, 9, 9 
37376, 9, 9 
57258, 9, 9 
50245, 9, 9 
24942, 9, 9 
20457, 9, 9 
39660, 9, 9 
33422, 9, 9 
40647, 9, 9 
37002, 9, 9 
154, 9, 9 
58967, 9, 9 
37331, 9, 9 
