id, true label, predicted label 
49800, 0, 0 
58784, 0, 0 
10045, 0, 0 
17779, 0, 0 
46438, 0, 0 
43134, 0, 0 
20936, 0, 0 
7911, 0, 0 
293, 0, 0 
16217, 0, 0 
35775, 0, 0 
18284, 0, 0 
33118, 0, 0 
52831, 0, 0 
19009, 0, 0 
4870, 0, 0 
19856, 0, 0 
2606, 0, 0 
45769, 0, 0 
42579, 0, 0 
15237, 0, 0 
4218, 0, 0 
46772, 0, 0 
22444, 0, 0 
7018, 0, 0 
41810, 0, 0 
45193, 0, 0 
59142, 0, 0 
15814, 0, 0 
22860, 0, 0 
9038, 0, 0 
32526, 0, 0 
51818, 0, 0 
49278, 0, 0 
23454, 0, 0 
39775, 0, 0 
9552, 0, 0 
51308, 0, 0 
28543, 0, 0 
26389, 0, 0 
33522, 0, 0 
7025, 0, 0 
1956, 0, 0 
42896, 0, 0 
6960, 0, 0 
13729, 0, 0 
50839, 0, 0 
49370, 0, 0 
14052, 0, 0 
38605, 0, 0 
7055, 0, 0 
33945, 0, 0 
16286, 0, 0 
18564, 0, 0 
34582, 0, 0 
21553, 0, 0 
20471, 0, 0 
13833, 0, 0 
44598, 0, 0 
16777, 0, 0 
28242, 0, 0 
53189, 0, 0 
12057, 0, 0 
11993, 0, 0 
46412, 0, 0 
48638, 0, 0 
39620, 0, 0 
56556, 0, 0 
28328, 0, 0 
7649, 0, 0 
26197, 0, 0 
40322, 0, 0 
4738, 0, 0 
19732, 0, 0 
10340, 0, 0 
20088, 0, 0 
23627, 0, 0 
40760, 0, 0 
33835, 0, 0 
13623, 0, 0 
31356, 0, 0 
43465, 0, 0 
40103, 0, 0 
41465, 0, 0 
55503, 0, 0 
47087, 0, 0 
13872, 0, 0 
23154, 0, 0 
49737, 0, 0 
2904, 0, 0 
55361, 0, 0 
33173, 0, 0 
45476, 0, 0 
2526, 0, 0 
30160, 0, 0 
16412, 0, 0 
10505, 0, 0 
55348, 0, 0 
17881, 0, 0 
23754, 0, 0 
48419, 0, 0 
29395, 0, 0 
23926, 0, 0 
3585, 0, 0 
53893, 0, 0 
21780, 0, 0 
4629, 0, 0 
9675, 0, 0 
43939, 0, 0 
29718, 0, 0 
7458, 0, 0 
16518, 0, 0 
50684, 0, 0 
6227, 0, 0 
54900, 0, 0 
17479, 0, 0 
43961, 0, 0 
55521, 0, 0 
20141, 0, 0 
26261, 0, 0 
52247, 0, 0 
29468, 0, 0 
29937, 0, 0 
4962, 0, 0 
35217, 0, 0 
23032, 0, 0 
19407, 0, 0 
57161, 0, 0 
49924, 0, 0 
6292, 0, 0 
39788, 0, 0 
4389, 0, 0 
45422, 0, 0 
44474, 0, 0 
32520, 0, 0 
37079, 0, 0 
5938, 0, 0 
49583, 0, 0 
9451, 0, 0 
9524, 0, 0 
46144, 0, 0 
1028, 0, 0 
15590, 0, 0 
45960, 0, 0 
1578, 0, 0 
16997, 0, 0 
43554, 0, 0 
1512, 0, 0 
3702, 0, 0 
49835, 0, 0 
58738, 0, 0 
26184, 0, 0 
7364, 0, 0 
16619, 0, 0 
4749, 0, 0 
12008, 0, 0 
55110, 0, 0 
790, 0, 0 
53917, 0, 0 
49535, 0, 0 
10781, 0, 0 
57117, 0, 0 
24696, 0, 0 
20625, 0, 0 
46375, 0, 0 
18641, 0, 0 
26055, 0, 0 
36198, 0, 0 
42801, 0, 0 
10363, 0, 0 
3953, 0, 0 
31904, 0, 0 
19818, 0, 0 
53747, 0, 0 
9773, 0, 0 
23067, 0, 0 
33823, 0, 0 
54997, 0, 0 
21260, 0, 0 
27512, 0, 0 
45115, 0, 0 
18357, 0, 0 
54711, 0, 0 
33148, 0, 0 
4718, 0, 0 
13117, 0, 0 
52728, 0, 0 
30955, 0, 0 
33237, 0, 0 
41291, 0, 0 
39326, 0, 0 
29520, 0, 0 
5801, 0, 0 
27931, 0, 0 
5488, 0, 0 
30751, 0, 0 
26427, 0, 0 
58461, 0, 0 
1368, 0, 0 
26820, 0, 0 
52941, 0, 0 
19543, 0, 0 
47639, 0, 0 
19072, 0, 0 
34305, 0, 0 
2974, 0, 0 
19492, 0, 0 
41341, 0, 0 
59723, 0, 0 
4082, 0, 0 
37901, 0, 0 
33079, 0, 0 
10261, 0, 0 
35028, 0, 0 
5884, 0, 0 
42091, 0, 0 
9297, 0, 0 
50018, 0, 0 
49954, 0, 0 
52716, 0, 0 
35757, 0, 0 
16221, 0, 0 
1168, 0, 0 
50480, 0, 0 
55817, 0, 0 
19008, 0, 0 
23662, 0, 0 
43556, 0, 0 
57917, 0, 0 
58074, 0, 0 
1386, 0, 0 
25181, 0, 0 
52312, 0, 0 
27788, 0, 0 
51598, 0, 0 
54608, 0, 0 
51061, 0, 0 
169, 0, 0 
44518, 0, 0 
13397, 0, 0 
36829, 0, 0 
19646, 0, 0 
18581, 0, 0 
16355, 0, 0 
57186, 0, 0 
24419, 0, 0 
53387, 0, 0 
5502, 0, 0 
38440, 0, 0 
50344, 0, 0 
41374, 0, 0 
13076, 0, 0 
19127, 0, 0 
46975, 0, 0 
41643, 0, 0 
5505, 0, 0 
45035, 0, 0 
17122, 0, 0 
44040, 0, 0 
9322, 0, 0 
6676, 0, 0 
22601, 0, 0 
35712, 0, 0 
13377, 0, 0 
46926, 0, 0 
46726, 0, 8 
24393, 0, 0 
18073, 0, 0 
35959, 0, 0 
57575, 0, 0 
49601, 0, 0 
50311, 0, 0 
26369, 0, 0 
8926, 0, 0 
3198, 0, 0 
38494, 0, 0 
47197, 0, 0 
51809, 0, 0 
49263, 0, 0 
19171, 0, 0 
45504, 0, 0 
59187, 0, 0 
28855, 0, 0 
26038, 0, 0 
42608, 0, 0 
45276, 0, 0 
26930, 0, 0 
25725, 0, 0 
18893, 0, 0 
17871, 0, 0 
27982, 0, 0 
44656, 0, 0 
18923, 0, 0 
16540, 0, 0 
31116, 0, 0 
34416, 0, 0 
24308, 0, 0 
1904, 0, 0 
18247, 0, 0 
59105, 0, 0 
4607, 0, 0 
58116, 0, 0 
11379, 0, 0 
7858, 0, 0 
25285, 0, 0 
23136, 0, 0 
49218, 0, 0 
53404, 0, 0 
41617, 0, 0 
42720, 0, 0 
43811, 0, 0 
24444, 0, 0 
48511, 0, 0 
52793, 0, 0 
9720, 0, 0 
2310, 0, 0 
19801, 0, 0 
52597, 0, 0 
51917, 0, 0 
25942, 0, 0 
8809, 0, 0 
10237, 0, 0 
9048, 0, 0 
10916, 0, 0 
29211, 0, 0 
9027, 0, 0 
29039, 0, 0 
46069, 0, 0 
23643, 0, 0 
10844, 0, 0 
17603, 0, 0 
7944, 0, 0 
13685, 0, 0 
15700, 0, 0 
36468, 0, 0 
29438, 0, 0 
54349, 0, 0 
57634, 0, 0 
56522, 0, 0 
30929, 0, 0 
15694, 0, 0 
58575, 0, 0 
18718, 0, 0 
5330, 0, 0 
33578, 0, 0 
34084, 0, 0 
10747, 0, 0 
5187, 0, 0 
26753, 0, 0 
22981, 0, 0 
15471, 0, 0 
2532, 0, 0 
21513, 0, 0 
47619, 0, 0 
11022, 0, 0 
51866, 0, 0 
45152, 0, 0 
6001, 0, 0 
20548, 0, 0 
15330, 0, 0 
40320, 0, 0 
41358, 0, 0 
48542, 0, 0 
58229, 0, 0 
54392, 0, 0 
6663, 0, 0 
32575, 0, 0 
6302, 0, 0 
20175, 0, 0 
31808, 0, 0 
9435, 0, 0 
19859, 0, 0 
59934, 0, 0 
19225, 0, 0 
58102, 0, 0 
13545, 0, 0 
56707, 0, 0 
36919, 0, 0 
57288, 0, 0 
48960, 0, 0 
9473, 0, 0 
28755, 0, 0 
46723, 0, 0 
2955, 0, 0 
17466, 0, 0 
16151, 0, 0 
33538, 0, 0 
47957, 0, 0 
32843, 0, 0 
51006, 0, 0 
8343, 0, 0 
37950, 0, 0 
41696, 0, 0 
11834, 0, 0 
27628, 0, 0 
229, 0, 0 
114, 0, 0 
57887, 0, 0 
37837, 0, 0 
36055, 0, 0 
32109, 0, 0 
22857, 0, 0 
24985, 0, 0 
3849, 0, 0 
20947, 0, 0 
58206, 0, 0 
29336, 0, 0 
30709, 0, 0 
57201, 0, 0 
21454, 0, 0 
20392, 0, 0 
4994, 0, 0 
2914, 0, 0 
6923, 0, 0 
37141, 0, 0 
48168, 0, 0 
25399, 0, 0 
33330, 0, 0 
23362, 0, 0 
32568, 0, 0 
43549, 0, 0 
27638, 0, 0 
13411, 0, 0 
21314, 0, 0 
35971, 0, 0 
16634, 0, 0 
28763, 0, 0 
20642, 0, 0 
13528, 0, 0 
24399, 0, 0 
23891, 0, 0 
27380, 0, 0 
51415, 0, 0 
54800, 0, 0 
42005, 0, 0 
47172, 0, 0 
22874, 0, 0 
43915, 0, 0 
24525, 0, 0 
48200, 0, 0 
14649, 0, 0 
12691, 0, 0 
15695, 0, 0 
20478, 0, 0 
1454, 0, 0 
15637, 0, 0 
58146, 0, 0 
10230, 0, 0 
21199, 0, 0 
20531, 0, 0 
30388, 0, 0 
26436, 0, 0 
29562, 0, 0 
29074, 0, 0 
35311, 0, 0 
57359, 0, 0 
30434, 0, 0 
54836, 0, 0 
49987, 0, 0 
58649, 0, 0 
28165, 0, 0 
49268, 0, 0 
7969, 0, 0 
37677, 0, 0 
5641, 0, 0 
14877, 0, 0 
56775, 0, 0 
45577, 0, 0 
19669, 0, 0 
56674, 0, 0 
27659, 0, 0 
23842, 0, 0 
44326, 0, 0 
10176, 0, 0 
40648, 0, 0 
13314, 0, 0 
19990, 0, 0 
59037, 0, 0 
48337, 0, 0 
34392, 0, 0 
28945, 0, 0 
21971, 0, 0 
9055, 0, 0 
53399, 0, 0 
55541, 0, 0 
33219, 0, 0 
16787, 0, 0 
10975, 0, 0 
20843, 0, 0 
32605, 0, 0 
14258, 0, 0 
10026, 0, 0 
37506, 0, 0 
50444, 0, 0 
19258, 0, 0 
57241, 0, 0 
6615, 0, 0 
14012, 0, 0 
28414, 0, 0 
33501, 0, 0 
28378, 1, 1 
4070, 1, 1 
18304, 1, 1 
20135, 1, 1 
8394, 1, 1 
535, 1, 1 
56099, 1, 1 
50797, 1, 1 
9136, 1, 1 
12236, 1, 1 
10157, 1, 1 
54479, 1, 1 
871, 1, 1 
25842, 1, 1 
3540, 1, 1 
6530, 1, 1 
4639, 1, 1 
40024, 1, 1 
59787, 1, 1 
40878, 1, 1 
20438, 1, 1 
32439, 1, 1 
23181, 1, 1 
36333, 1, 1 
51749, 1, 1 
32842, 1, 1 
43406, 1, 1 
33646, 1, 1 
14000, 1, 1 
44093, 1, 1 
17043, 1, 8 
39717, 1, 1 
43872, 1, 1 
27816, 1, 1 
50219, 1, 1 
35116, 1, 1 
10118, 1, 1 
19452, 1, 1 
55417, 1, 1 
55587, 1, 1 
34884, 1, 1 
45197, 1, 1 
16960, 1, 1 
25940, 1, 1 
54123, 1, 1 
33634, 1, 1 
4623, 1, 1 
48079, 1, 1 
29447, 1, 1 
41029, 1, 1 
22705, 1, 1 
10027, 1, 1 
40918, 1, 1 
6003, 1, 1 
6718, 1, 1 
46416, 1, 1 
50237, 1, 1 
41205, 1, 1 
9288, 1, 1 
2730, 1, 1 
33259, 1, 1 
49145, 1, 1 
15020, 1, 1 
48860, 1, 1 
43053, 1, 1 
28099, 1, 1 
6537, 1, 1 
40069, 1, 1 
21575, 1, 1 
315, 1, 1 
951, 1, 1 
58056, 1, 1 
34334, 1, 1 
16107, 1, 1 
16385, 1, 1 
25054, 1, 1 
33487, 1, 1 
31348, 1, 1 
33856, 1, 1 
29233, 1, 1 
58763, 1, 1 
15290, 1, 1 
59207, 1, 1 
54210, 1, 1 
53199, 1, 1 
28367, 1, 1 
44046, 1, 1 
15710, 1, 1 
491, 1, 1 
21715, 1, 1 
43615, 1, 1 
21247, 1, 1 
7027, 1, 1 
8176, 1, 1 
14631, 1, 1 
3850, 1, 1 
4105, 1, 1 
5756, 1, 1 
23012, 1, 1 
47535, 1, 1 
59373, 1, 1 
47394, 1, 1 
43469, 1, 1 
46302, 1, 1 
43671, 1, 1 
57250, 1, 1 
9875, 1, 1 
7819, 1, 1 
17538, 1, 1 
52309, 1, 1 
24714, 1, 1 
54693, 1, 1 
30898, 1, 1 
33175, 1, 1 
43652, 1, 1 
5132, 1, 1 
29260, 1, 1 
16779, 1, 1 
9507, 1, 1 
44680, 1, 1 
33122, 1, 1 
10568, 1, 1 
37725, 1, 8 
35699, 1, 1 
26537, 1, 1 
53177, 1, 1 
52223, 1, 1 
18016, 1, 1 
1665, 1, 1 
11735, 1, 1 
33918, 1, 1 
20951, 1, 1 
34053, 1, 1 
49205, 1, 1 
7406, 1, 1 
41248, 1, 1 
12771, 1, 1 
8348, 1, 1 
52819, 1, 1 
26939, 1, 1 
3373, 1, 1 
4507, 1, 1 
25666, 1, 1 
38196, 1, 1 
14196, 1, 1 
47692, 1, 1 
50577, 1, 1 
52444, 1, 1 
47735, 1, 1 
35285, 1, 1 
20898, 1, 1 
33613, 1, 1 
31318, 1, 1 
28569, 1, 1 
4069, 1, 1 
41894, 1, 1 
9678, 1, 1 
35236, 1, 2 
3602, 1, 1 
55127, 1, 1 
45855, 1, 1 
20456, 1, 1 
1654, 1, 1 
55380, 1, 1 
49265, 1, 1 
7572, 1, 1 
2853, 1, 1 
25428, 1, 1 
20178, 1, 1 
46407, 1, 1 
19643, 1, 1 
12030, 1, 1 
28724, 1, 1 
11868, 1, 1 
29479, 1, 1 
31038, 1, 1 
24341, 1, 1 
35389, 1, 1 
11360, 1, 1 
9590, 1, 1 
17900, 1, 1 
31323, 1, 1 
2188, 1, 1 
54438, 1, 1 
23255, 1, 1 
58387, 1, 1 
9133, 1, 1 
13973, 1, 1 
50158, 1, 1 
9260, 1, 1 
27104, 1, 1 
42899, 1, 1 
51905, 1, 1 
53176, 1, 1 
24958, 1, 1 
58123, 1, 1 
46342, 1, 1 
39095, 1, 1 
4166, 1, 1 
30471, 1, 1 
8595, 1, 1 
22748, 1, 1 
30292, 1, 1 
42326, 1, 1 
23308, 1, 1 
57715, 1, 1 
58203, 1, 1 
30978, 1, 1 
52376, 1, 1 
13307, 1, 1 
43033, 1, 1 
24038, 1, 1 
18899, 1, 1 
36433, 1, 1 
32224, 1, 1 
37518, 1, 1 
44207, 1, 1 
10838, 1, 1 
55988, 1, 1 
54165, 1, 1 
56986, 1, 1 
13177, 1, 1 
33092, 1, 1 
25451, 1, 1 
15361, 1, 1 
27011, 1, 1 
39896, 1, 1 
28649, 1, 1 
1192, 1, 1 
6254, 1, 4 
18389, 1, 1 
29522, 1, 1 
5520, 1, 1 
26502, 1, 1 
28837, 1, 1 
4950, 1, 1 
9615, 1, 1 
12479, 1, 1 
26310, 1, 1 
4470, 1, 1 
28819, 1, 1 
38684, 1, 1 
2083, 1, 1 
43539, 1, 1 
55415, 1, 1 
58139, 1, 1 
25042, 1, 1 
2415, 1, 1 
45131, 1, 1 
54611, 1, 1 
556, 1, 1 
40004, 1, 1 
24070, 1, 1 
38713, 1, 1 
56644, 1, 1 
7131, 1, 1 
30337, 1, 1 
52521, 1, 1 
48848, 1, 1 
49943, 1, 1 
40525, 1, 1 
3431, 1, 1 
2316, 1, 1 
19421, 1, 1 
49855, 1, 1 
39288, 1, 1 
16267, 1, 1 
36711, 1, 1 
27831, 1, 1 
8506, 1, 1 
45921, 1, 1 
39550, 1, 1 
3567, 1, 1 
1458, 1, 1 
59419, 1, 8 
29284, 1, 1 
16224, 1, 1 
28153, 1, 1 
24, 1, 1 
28673, 1, 1 
5051, 1, 1 
53587, 1, 1 
55846, 1, 1 
56138, 1, 1 
50194, 1, 1 
46915, 1, 1 
290, 1, 1 
54254, 1, 1 
738, 1, 1 
47621, 1, 1 
40097, 1, 1 
48184, 1, 1 
50292, 1, 1 
39541, 1, 1 
1069, 1, 1 
27330, 1, 1 
26578, 1, 1 
48518, 1, 1 
24470, 1, 1 
22735, 1, 1 
8491, 1, 8 
13272, 1, 1 
5484, 1, 1 
37378, 1, 1 
18261, 1, 1 
48464, 1, 1 
26968, 1, 1 
49194, 1, 1 
30869, 1, 1 
53001, 1, 1 
33370, 1, 1 
46334, 1, 1 
2731, 1, 1 
24405, 1, 1 
57197, 1, 1 
32038, 1, 1 
30171, 1, 1 
27572, 1, 1 
36669, 1, 8 
30238, 1, 1 
32138, 1, 1 
7234, 1, 1 
34074, 1, 1 
58493, 1, 1 
18983, 1, 1 
44582, 1, 1 
43704, 1, 1 
14651, 1, 1 
3130, 1, 1 
13782, 1, 1 
33577, 1, 1 
34164, 1, 1 
4435, 1, 1 
37232, 1, 1 
3045, 1, 1 
27886, 1, 1 
10378, 1, 1 
54901, 1, 1 
45651, 1, 1 
7910, 1, 1 
38629, 1, 1 
19282, 1, 1 
19639, 1, 1 
37650, 1, 1 
17072, 1, 1 
12949, 1, 1 
45366, 1, 1 
20047, 1, 1 
55855, 1, 1 
35820, 1, 1 
54239, 1, 1 
1717, 1, 1 
25421, 1, 1 
15308, 1, 1 
13558, 1, 1 
34782, 1, 1 
13475, 1, 1 
13701, 1, 1 
5221, 1, 1 
55634, 1, 1 
31282, 1, 1 
26350, 1, 1 
10040, 1, 1 
59391, 1, 8 
8053, 1, 1 
15851, 1, 1 
17854, 1, 1 
10982, 1, 1 
7176, 1, 1 
58810, 1, 1 
34566, 1, 1 
27124, 1, 1 
15713, 1, 1 
28235, 1, 1 
24782, 1, 1 
59028, 1, 1 
59156, 1, 1 
47490, 1, 1 
26746, 1, 1 
8578, 1, 1 
54579, 1, 1 
44800, 1, 1 
15380, 1, 1 
48361, 1, 1 
6864, 1, 1 
18163, 1, 1 
14252, 1, 1 
2134, 1, 1 
15967, 1, 1 
7720, 1, 1 
11666, 1, 1 
14860, 1, 1 
57222, 1, 1 
41266, 1, 1 
34590, 1, 1 
50855, 1, 1 
4960, 1, 1 
21574, 1, 1 
26951, 1, 1 
57855, 1, 1 
23203, 1, 1 
22349, 1, 1 
34512, 1, 1 
31296, 1, 1 
49919, 1, 1 
23762, 1, 1 
28922, 1, 1 
41514, 1, 1 
29603, 1, 1 
37920, 1, 1 
1080, 1, 1 
10667, 1, 1 
920, 1, 1 
38572, 1, 1 
34641, 1, 1 
16665, 1, 1 
38545, 1, 1 
6647, 1, 1 
16988, 1, 1 
21071, 1, 1 
9221, 1, 1 
13923, 1, 1 
14056, 1, 1 
609, 1, 1 
20322, 1, 4 
40423, 1, 1 
44288, 1, 1 
13154, 1, 1 
25163, 1, 1 
56605, 1, 1 
29133, 1, 1 
52020, 1, 1 
29416, 1, 1 
13338, 1, 1 
23280, 1, 1 
28815, 1, 1 
6946, 1, 1 
678, 1, 1 
25129, 1, 1 
54803, 1, 1 
18360, 1, 1 
26250, 1, 1 
22214, 1, 1 
15523, 1, 1 
17540, 1, 1 
52032, 1, 1 
5543, 1, 1 
26867, 1, 1 
27707, 1, 1 
22538, 1, 1 
22248, 1, 1 
55523, 1, 1 
23559, 1, 1 
30587, 1, 1 
13711, 1, 1 
55543, 1, 1 
34792, 1, 1 
51750, 1, 1 
22170, 1, 1 
21168, 1, 1 
50632, 1, 2 
47998, 1, 1 
51742, 1, 1 
11917, 1, 1 
37110, 1, 1 
45444, 1, 1 
24135, 1, 1 
48679, 1, 1 
29715, 1, 1 
43879, 1, 1 
27792, 1, 1 
22045, 1, 1 
45204, 1, 1 
55286, 1, 1 
59166, 1, 1 
16545, 1, 1 
46385, 1, 1 
56511, 1, 1 
50472, 1, 1 
25124, 1, 1 
11178, 1, 1 
24711, 1, 1 
58479, 1, 1 
9563, 1, 1 
39484, 1, 1 
49482, 1, 1 
58889, 1, 1 
45092, 1, 1 
12556, 1, 1 
6052, 1, 1 
43500, 1, 1 
1472, 1, 1 
53012, 1, 1 
49717, 1, 1 
22328, 1, 1 
59854, 1, 1 
53791, 1, 1 
53321, 1, 1 
55901, 1, 1 
52136, 1, 1 
43079, 2, 2 
56847, 2, 2 
42019, 2, 2 
4230, 2, 2 
57520, 2, 2 
35014, 2, 2 
44898, 2, 2 
57388, 2, 2 
23610, 2, 2 
41292, 2, 2 
50962, 2, 2 
58964, 2, 2 
37588, 2, 2 
53571, 2, 2 
9489, 2, 2 
38733, 2, 2 
22187, 2, 2 
381, 2, 2 
25105, 2, 2 
29200, 2, 2 
29167, 2, 2 
54326, 2, 2 
6992, 2, 2 
15203, 2, 2 
30533, 2, 2 
49101, 2, 2 
6780, 2, 2 
37832, 2, 2 
12985, 2, 2 
52647, 2, 2 
58087, 2, 2 
18460, 2, 2 
15205, 2, 2 
37615, 2, 2 
444, 2, 1 
25807, 2, 2 
26994, 2, 2 
30993, 2, 2 
35344, 2, 2 
34310, 2, 2 
4649, 2, 2 
36462, 2, 2 
52987, 2, 2 
10075, 2, 2 
36374, 2, 2 
53628, 2, 2 
17995, 2, 2 
28882, 2, 2 
50096, 2, 2 
15039, 2, 2 
45662, 2, 2 
25927, 2, 2 
40206, 2, 2 
3077, 2, 2 
54448, 2, 2 
40747, 2, 2 
44412, 2, 2 
48681, 2, 2 
23757, 2, 2 
37481, 2, 2 
45498, 2, 2 
19432, 2, 2 
48391, 2, 2 
10497, 2, 2 
38381, 2, 2 
7790, 2, 2 
37957, 2, 2 
51630, 2, 2 
36522, 2, 2 
16794, 2, 2 
47065, 2, 2 
42373, 2, 2 
54454, 2, 2 
9212, 2, 2 
35689, 2, 2 
3042, 2, 2 
45459, 2, 2 
41651, 2, 2 
53266, 2, 2 
32751, 2, 2 
12156, 2, 2 
10106, 2, 2 
10957, 2, 2 
15948, 2, 2 
34182, 2, 2 
11899, 2, 2 
7161, 2, 2 
13121, 2, 2 
28839, 2, 2 
52889, 2, 2 
5307, 2, 2 
31609, 2, 2 
51090, 2, 2 
25627, 2, 2 
36187, 2, 2 
25249, 2, 2 
2714, 2, 2 
6771, 2, 2 
22579, 2, 2 
3006, 2, 2 
58030, 2, 2 
54551, 2, 2 
29784, 2, 2 
15434, 2, 2 
6478, 2, 2 
50065, 2, 2 
27093, 2, 2 
41985, 2, 2 
2357, 2, 2 
8793, 2, 2 
31813, 2, 2 
46286, 2, 2 
37241, 2, 2 
44302, 2, 2 
43547, 2, 2 
43439, 2, 2 
59076, 2, 2 
28074, 2, 2 
57446, 2, 2 
31696, 2, 2 
14273, 2, 2 
54095, 2, 2 
38417, 2, 2 
33274, 2, 2 
32317, 2, 2 
32973, 2, 2 
24865, 2, 2 
38636, 2, 2 
50028, 2, 2 
58098, 2, 2 
2283, 2, 2 
7392, 2, 2 
37416, 2, 2 
24728, 2, 2 
1390, 2, 2 
10029, 2, 2 
30816, 2, 2 
25038, 2, 2 
28078, 2, 2 
12871, 2, 2 
25029, 2, 2 
45133, 2, 2 
4031, 2, 2 
29611, 2, 2 
44950, 2, 2 
12560, 2, 2 
33821, 2, 2 
1874, 2, 2 
16283, 2, 2 
10739, 2, 2 
9266, 2, 2 
56759, 2, 2 
53541, 2, 2 
28731, 2, 2 
36423, 2, 2 
47658, 2, 2 
9721, 2, 2 
42918, 2, 2 
51735, 2, 2 
10776, 2, 2 
16320, 2, 2 
46092, 2, 2 
22391, 2, 2 
35670, 2, 2 
15715, 2, 2 
47686, 2, 2 
28685, 2, 2 
14063, 2, 2 
9508, 2, 2 
45073, 2, 2 
56213, 2, 0 
52762, 2, 2 
40653, 2, 2 
54168, 2, 2 
28284, 2, 2 
25787, 2, 2 
46912, 2, 2 
11865, 2, 2 
22864, 2, 2 
37020, 2, 2 
34848, 2, 2 
45672, 2, 2 
1374, 2, 2 
40366, 2, 2 
59011, 2, 2 
28347, 2, 2 
26794, 2, 2 
59326, 2, 2 
50496, 2, 2 
27652, 2, 2 
2280, 2, 2 
17052, 2, 2 
4518, 2, 2 
48898, 2, 2 
42308, 2, 2 
38409, 2, 2 
47614, 2, 2 
38753, 2, 2 
32590, 2, 2 
41179, 2, 2 
35509, 2, 2 
34850, 2, 2 
35494, 2, 3 
21813, 2, 2 
44425, 2, 2 
15296, 2, 2 
52982, 2, 2 
5318, 2, 2 
41004, 2, 2 
15457, 2, 2 
52782, 2, 2 
35216, 2, 2 
31276, 2, 2 
54355, 2, 2 
7223, 2, 2 
18206, 2, 2 
58910, 2, 2 
41451, 2, 2 
31905, 2, 2 
46510, 2, 2 
59556, 2, 2 
37514, 2, 2 
48640, 2, 2 
48462, 2, 2 
45943, 2, 2 
38563, 2, 2 
54318, 2, 2 
18633, 2, 2 
49090, 2, 2 
49148, 2, 2 
26121, 2, 2 
6764, 2, 2 
13761, 2, 2 
59875, 2, 2 
3569, 2, 2 
56467, 2, 2 
46028, 2, 2 
58771, 2, 2 
24849, 2, 2 
20981, 2, 2 
44727, 2, 2 
7719, 2, 2 
22778, 2, 2 
43495, 2, 2 
58945, 2, 2 
29573, 2, 2 
33743, 2, 2 
45929, 2, 2 
14005, 2, 2 
48516, 2, 2 
37322, 2, 2 
38793, 2, 2 
27138, 2, 2 
33090, 2, 2 
10687, 2, 2 
24862, 2, 2 
3023, 2, 2 
8631, 2, 2 
24014, 2, 2 
31148, 2, 2 
14355, 2, 2 
47819, 2, 2 
21845, 2, 2 
13624, 2, 2 
23701, 2, 2 
22112, 2, 2 
42366, 2, 2 
47258, 2, 2 
41997, 2, 2 
53921, 2, 2 
31422, 2, 2 
38319, 2, 2 
18260, 2, 2 
8334, 2, 2 
21891, 2, 2 
29287, 2, 2 
28537, 2, 2 
27551, 2, 2 
56785, 2, 2 
36718, 2, 2 
16327, 2, 2 
33449, 2, 2 
46483, 2, 2 
1595, 2, 2 
14373, 2, 2 
48799, 2, 2 
13952, 2, 2 
34799, 2, 2 
32521, 2, 2 
13061, 2, 2 
37187, 2, 2 
50953, 2, 2 
25683, 2, 2 
7257, 2, 2 
16916, 2, 2 
57398, 2, 2 
17841, 2, 2 
35835, 2, 2 
59819, 2, 2 
36375, 2, 2 
41256, 2, 2 
57928, 2, 2 
8552, 2, 2 
45406, 2, 2 
54145, 2, 2 
7594, 2, 2 
42278, 2, 2 
21793, 2, 2 
33281, 2, 2 
12079, 2, 2 
43257, 2, 2 
32797, 2, 2 
32768, 2, 2 
45251, 2, 2 
35443, 2, 2 
9542, 2, 2 
22994, 2, 2 
27791, 2, 2 
47254, 2, 2 
59983, 2, 2 
39079, 2, 2 
52413, 2, 2 
22573, 2, 2 
50478, 2, 2 
4414, 2, 2 
15829, 2, 2 
1629, 2, 2 
49773, 2, 2 
16664, 2, 2 
57859, 2, 2 
3333, 2, 2 
35298, 2, 2 
37655, 2, 2 
27367, 2, 2 
13022, 2, 2 
9374, 2, 2 
32901, 2, 2 
13100, 2, 2 
2342, 2, 2 
21136, 2, 2 
32985, 2, 2 
5624, 2, 2 
44377, 2, 2 
9826, 2, 2 
31873, 2, 2 
39008, 2, 2 
40279, 2, 2 
27736, 2, 2 
8598, 2, 2 
13837, 2, 2 
38288, 2, 2 
34425, 2, 2 
39810, 2, 2 
39168, 2, 2 
55319, 2, 2 
16683, 2, 2 
48323, 2, 2 
42916, 2, 2 
51751, 2, 2 
39203, 2, 2 
26093, 2, 2 
28228, 2, 2 
24226, 2, 2 
21959, 2, 2 
4805, 2, 2 
3607, 2, 2 
6649, 2, 2 
2866, 2, 2 
12559, 2, 8 
4080, 2, 2 
657, 2, 2 
55070, 2, 2 
10078, 2, 2 
47460, 2, 2 
40632, 2, 2 
57096, 2, 2 
9249, 2, 2 
29000, 2, 2 
54834, 2, 2 
7528, 2, 2 
15712, 2, 2 
35331, 2, 2 
24484, 2, 2 
12859, 2, 2 
2402, 2, 2 
53799, 2, 2 
11299, 2, 2 
8433, 2, 2 
18567, 2, 2 
29510, 2, 2 
23171, 2, 2 
59245, 2, 2 
52501, 2, 2 
49778, 2, 2 
53455, 2, 2 
8784, 2, 2 
52068, 2, 2 
6626, 2, 2 
20629, 2, 2 
12740, 2, 2 
52812, 2, 7 
28958, 2, 2 
46910, 2, 2 
32650, 2, 2 
39597, 2, 2 
3017, 2, 2 
54292, 2, 2 
47557, 2, 2 
4733, 2, 2 
57574, 2, 2 
24939, 2, 2 
26265, 2, 2 
35279, 2, 2 
7939, 2, 2 
45906, 2, 2 
17071, 2, 2 
27464, 2, 2 
52547, 2, 2 
30970, 2, 2 
57503, 2, 2 
27150, 2, 2 
40812, 2, 2 
46115, 2, 2 
54350, 2, 2 
37632, 2, 2 
6725, 2, 2 
51898, 2, 2 
3981, 2, 2 
29481, 2, 2 
54796, 2, 2 
22397, 2, 2 
34062, 2, 2 
117, 2, 2 
55542, 2, 2 
5677, 2, 2 
36001, 2, 2 
13434, 2, 2 
49498, 2, 3 
3748, 2, 2 
16108, 2, 2 
22056, 2, 2 
2976, 2, 2 
25069, 2, 2 
57086, 2, 2 
30032, 2, 2 
33620, 2, 2 
20473, 2, 2 
50527, 2, 2 
15418, 2, 2 
8670, 2, 2 
5914, 2, 2 
30336, 2, 2 
8002, 2, 2 
23397, 2, 2 
35111, 2, 2 
33373, 2, 2 
2840, 2, 2 
53089, 2, 2 
58720, 2, 2 
59222, 2, 2 
54653, 2, 2 
24238, 2, 2 
52695, 2, 2 
53473, 2, 2 
43642, 2, 2 
22026, 2, 2 
15506, 2, 2 
25939, 2, 2 
9488, 2, 2 
515, 2, 2 
37974, 2, 2 
32337, 2, 2 
59971, 2, 2 
16198, 2, 2 
26280, 2, 2 
17448, 2, 2 
558, 2, 2 
47409, 2, 2 
58533, 2, 2 
39739, 2, 2 
16567, 2, 2 
17265, 2, 2 
41633, 2, 2 
50716, 2, 2 
8740, 2, 2 
45779, 2, 2 
14776, 2, 2 
39118, 2, 2 
26932, 2, 2 
53284, 2, 2 
29990, 2, 2 
28533, 2, 2 
11748, 2, 2 
7633, 2, 2 
2288, 2, 2 
28200, 2, 2 
7870, 2, 2 
32481, 2, 4 
43436, 2, 2 
37258, 2, 2 
27835, 3, 3 
13228, 3, 3 
6898, 3, 3 
43762, 3, 3 
42248, 3, 3 
2541, 3, 3 
23796, 3, 3 
5097, 3, 3 
40763, 3, 3 
44416, 3, 3 
51555, 3, 3 
26311, 3, 3 
17754, 3, 3 
34018, 3, 3 
54228, 3, 3 
56006, 3, 3 
37042, 3, 3 
26171, 3, 3 
45043, 3, 2 
14851, 3, 3 
23819, 3, 3 
13778, 3, 3 
3258, 3, 3 
45150, 3, 3 
50, 3, 3 
26033, 3, 3 
53722, 3, 3 
2917, 3, 3 
56391, 3, 3 
34180, 3, 3 
16510, 3, 3 
57877, 3, 3 
37035, 3, 3 
57194, 3, 3 
4179, 3, 3 
49882, 3, 3 
47841, 3, 3 
26555, 3, 3 
56297, 3, 3 
54616, 3, 3 
28299, 3, 3 
4156, 3, 3 
3402, 3, 3 
53691, 3, 3 
22293, 3, 3 
15535, 3, 3 
40745, 3, 3 
42707, 3, 3 
40550, 3, 3 
3336, 3, 3 
21966, 3, 3 
33566, 3, 3 
16924, 3, 3 
50337, 3, 3 
45398, 3, 3 
14388, 3, 3 
30681, 3, 3 
10876, 3, 3 
36247, 3, 3 
54648, 3, 3 
30859, 3, 3 
11755, 3, 3 
48587, 3, 3 
43135, 3, 3 
59307, 3, 3 
9624, 3, 3 
13831, 3, 3 
1722, 3, 3 
43943, 3, 3 
6576, 3, 3 
5031, 3, 3 
9226, 3, 3 
45327, 3, 3 
43865, 3, 3 
4917, 3, 3 
5332, 3, 0 
16945, 3, 3 
18920, 3, 3 
9413, 3, 3 
2627, 3, 3 
22234, 3, 3 
22721, 3, 3 
11480, 3, 3 
44282, 3, 3 
20737, 3, 3 
30175, 3, 3 
57680, 3, 3 
38167, 3, 3 
34259, 3, 3 
43301, 3, 3 
50374, 3, 3 
47059, 3, 3 
25861, 3, 3 
48746, 3, 3 
5092, 3, 3 
2230, 3, 3 
53514, 3, 3 
789, 3, 3 
28263, 3, 3 
48213, 3, 3 
47881, 3, 3 
51401, 3, 3 
38368, 3, 3 
1007, 3, 3 
18079, 3, 3 
21075, 3, 3 
23202, 3, 3 
49288, 3, 3 
9253, 3, 3 
11467, 3, 3 
321, 3, 3 
5547, 3, 3 
21853, 3, 3 
11570, 3, 7 
40620, 3, 3 
9759, 3, 3 
28953, 3, 3 
37174, 3, 3 
16689, 3, 3 
21505, 3, 3 
8013, 3, 3 
11874, 3, 3 
13442, 3, 3 
23778, 3, 3 
10882, 3, 3 
3057, 3, 3 
46807, 3, 3 
27553, 3, 3 
9491, 3, 3 
53325, 3, 3 
23412, 3, 3 
26678, 3, 3 
1862, 3, 3 
12024, 3, 3 
40462, 3, 3 
57598, 3, 3 
54304, 3, 3 
6071, 3, 3 
5086, 3, 3 
5542, 3, 3 
43482, 3, 3 
30256, 3, 3 
7455, 3, 3 
53591, 3, 3 
59315, 3, 3 
18287, 3, 3 
36329, 3, 3 
44837, 3, 3 
19425, 3, 3 
56457, 3, 3 
31269, 3, 3 
48139, 3, 3 
33532, 3, 3 
59375, 3, 3 
13615, 3, 3 
30833, 3, 3 
16764, 3, 3 
13325, 3, 3 
58268, 3, 3 
49222, 3, 3 
23265, 3, 3 
549, 3, 3 
36852, 3, 3 
41007, 3, 3 
14184, 3, 3 
9685, 3, 3 
12874, 3, 3 
45389, 3, 3 
37627, 3, 3 
5717, 3, 3 
22906, 3, 3 
12503, 3, 3 
6230, 3, 3 
49318, 3, 3 
56869, 3, 3 
16743, 3, 3 
23997, 3, 3 
6754, 3, 3 
33229, 3, 3 
28759, 3, 3 
37266, 3, 3 
25191, 3, 3 
57533, 3, 3 
7336, 3, 3 
34143, 3, 3 
51054, 3, 3 
42220, 3, 3 
48465, 3, 3 
47979, 3, 3 
51706, 3, 3 
37912, 3, 3 
21815, 3, 3 
33444, 3, 3 
35459, 3, 3 
12920, 3, 3 
52871, 3, 3 
5388, 3, 3 
18627, 3, 3 
19238, 3, 3 
40202, 3, 3 
52700, 3, 3 
27670, 3, 3 
7618, 3, 3 
17471, 3, 3 
22999, 3, 3 
48091, 3, 3 
26383, 3, 3 
49312, 3, 3 
25996, 3, 3 
41704, 3, 3 
28515, 3, 3 
12583, 3, 3 
50529, 3, 3 
12901, 3, 3 
27856, 3, 3 
20314, 3, 3 
46911, 3, 3 
12333, 3, 3 
44193, 3, 3 
49732, 3, 3 
40639, 3, 3 
30679, 3, 3 
19231, 3, 3 
43380, 3, 3 
32944, 3, 3 
6007, 3, 3 
54074, 3, 5 
53048, 3, 3 
19905, 3, 3 
20203, 3, 3 
13787, 3, 3 
11489, 3, 3 
15847, 3, 3 
17908, 3, 5 
6892, 3, 3 
47992, 3, 3 
11053, 3, 3 
28472, 3, 3 
18477, 3, 3 
17116, 3, 3 
32689, 3, 3 
36912, 3, 3 
49670, 3, 3 
41883, 3, 3 
40865, 3, 3 
21018, 3, 3 
9089, 3, 3 
52810, 3, 3 
54879, 3, 3 
56561, 3, 3 
42840, 3, 3 
55640, 3, 3 
28344, 3, 3 
26596, 3, 3 
291, 3, 3 
19114, 3, 3 
36021, 3, 3 
20697, 3, 3 
9420, 3, 3 
12498, 3, 3 
857, 3, 3 
10423, 3, 3 
8381, 3, 3 
59914, 3, 3 
58173, 3, 3 
22625, 3, 3 
26488, 3, 3 
44020, 3, 3 
41407, 3, 3 
57765, 3, 3 
59151, 3, 3 
17041, 3, 3 
54658, 3, 3 
12260, 3, 3 
29844, 3, 3 
8716, 3, 3 
21305, 3, 3 
45046, 3, 3 
16732, 3, 3 
46449, 3, 3 
41629, 3, 3 
54953, 3, 3 
9637, 3, 3 
25409, 3, 3 
31044, 3, 3 
37454, 3, 3 
46241, 3, 3 
49926, 3, 3 
45836, 3, 3 
15990, 3, 3 
38991, 3, 3 
5679, 3, 3 
25911, 3, 3 
50516, 3, 3 
4795, 3, 3 
20842, 3, 3 
23239, 3, 3 
54858, 3, 8 
8821, 3, 3 
1836, 3, 3 
57734, 3, 3 
28796, 3, 3 
11010, 3, 3 
24264, 3, 3 
8554, 3, 3 
56434, 3, 3 
1863, 3, 3 
7396, 3, 3 
29158, 3, 3 
20849, 3, 3 
58664, 3, 3 
54526, 3, 3 
10527, 3, 3 
43659, 3, 3 
10238, 3, 3 
8794, 3, 3 
29146, 3, 3 
1756, 3, 3 
22825, 3, 3 
42565, 3, 3 
37855, 3, 3 
39040, 3, 3 
56921, 3, 3 
52487, 3, 3 
2675, 3, 3 
27478, 3, 3 
46329, 3, 3 
20278, 3, 3 
54587, 3, 3 
9386, 3, 3 
31183, 3, 3 
19615, 3, 3 
54707, 3, 3 
28995, 3, 3 
1872, 3, 3 
42432, 3, 3 
32434, 3, 3 
12330, 3, 3 
43298, 3, 3 
2669, 3, 3 
14761, 3, 3 
49082, 3, 3 
5328, 3, 3 
31745, 3, 3 
55062, 3, 3 
57739, 3, 3 
17274, 3, 3 
11837, 3, 3 
20687, 3, 3 
2834, 3, 3 
25071, 3, 3 
12667, 3, 3 
46370, 3, 3 
48258, 3, 5 
58399, 3, 3 
1994, 3, 3 
50214, 3, 3 
14200, 3, 3 
47123, 3, 3 
30483, 3, 3 
15210, 3, 3 
19222, 3, 3 
5911, 3, 3 
34788, 3, 3 
11708, 3, 3 
55378, 3, 3 
48435, 3, 3 
35143, 3, 3 
10349, 3, 3 
7778, 3, 3 
38383, 3, 3 
13929, 3, 3 
54242, 3, 3 
12355, 3, 3 
5337, 3, 3 
2506, 3, 3 
49406, 3, 3 
13703, 3, 3 
51816, 3, 3 
3400, 3, 3 
2671, 3, 3 
6089, 3, 3 
28391, 3, 3 
35407, 3, 3 
37209, 3, 3 
15375, 3, 3 
8816, 3, 3 
50679, 3, 3 
59624, 3, 3 
5788, 3, 3 
35156, 3, 3 
55858, 3, 3 
17127, 3, 3 
26291, 3, 3 
42419, 3, 3 
30265, 3, 3 
4755, 3, 3 
14450, 3, 3 
7521, 3, 3 
23879, 3, 3 
33609, 3, 3 
8014, 3, 3 
45675, 3, 3 
74, 3, 3 
26744, 3, 3 
43014, 3, 3 
33029, 3, 3 
57477, 3, 3 
3124, 3, 3 
36755, 3, 3 
54413, 3, 3 
7862, 3, 3 
12592, 3, 3 
52917, 3, 3 
35881, 3, 3 
42775, 3, 3 
54700, 3, 3 
46523, 3, 3 
38116, 3, 3 
25296, 3, 3 
36705, 3, 3 
58089, 3, 3 
1244, 3, 8 
23076, 3, 3 
24575, 3, 3 
35030, 3, 3 
3596, 3, 3 
13141, 3, 3 
26878, 3, 3 
24299, 3, 3 
37065, 3, 3 
15350, 3, 3 
46918, 3, 3 
27988, 3, 3 
19803, 3, 3 
12895, 3, 3 
40962, 3, 3 
15216, 3, 3 
4233, 3, 3 
18244, 3, 3 
36732, 3, 3 
33146, 3, 3 
12108, 3, 3 
10405, 3, 3 
52432, 3, 3 
39235, 3, 3 
10214, 3, 3 
55677, 3, 3 
5926, 3, 3 
4891, 3, 3 
31559, 3, 3 
59904, 3, 3 
34721, 3, 3 
23977, 3, 3 
2981, 3, 3 
17062, 3, 3 
10329, 3, 3 
15717, 3, 3 
281, 3, 3 
5919, 3, 3 
58924, 3, 3 
7766, 3, 3 
59046, 3, 3 
44510, 3, 3 
37797, 3, 3 
55179, 3, 3 
18397, 3, 3 
9302, 3, 3 
58097, 3, 3 
23337, 3, 3 
45260, 3, 3 
47481, 3, 3 
890, 3, 3 
17207, 3, 3 
42235, 3, 3 
20606, 3, 3 
38989, 3, 3 
52327, 3, 3 
55035, 3, 3 
35447, 3, 3 
18243, 3, 3 
37658, 3, 3 
40055, 3, 3 
4836, 3, 3 
13193, 3, 3 
53542, 3, 3 
53182, 3, 3 
17148, 3, 3 
54722, 3, 3 
42886, 3, 3 
42758, 3, 3 
57788, 3, 3 
11301, 3, 3 
56136, 3, 3 
45473, 3, 3 
34366, 3, 3 
53231, 3, 3 
26222, 3, 3 
24142, 3, 3 
45759, 3, 3 
15426, 4, 4 
12595, 4, 4 
23685, 4, 4 
47211, 4, 4 
24039, 4, 4 
29542, 4, 4 
3761, 4, 4 
35879, 4, 4 
38475, 4, 4 
49373, 4, 4 
33833, 4, 4 
20008, 4, 4 
25479, 4, 4 
58744, 4, 4 
31102, 4, 4 
9980, 4, 4 
47313, 4, 4 
37785, 4, 4 
51652, 4, 4 
12224, 4, 4 
39287, 4, 4 
3639, 4, 4 
2032, 4, 4 
7487, 4, 4 
33285, 4, 4 
33565, 4, 4 
31951, 4, 4 
48660, 4, 4 
44942, 4, 4 
3037, 4, 4 
43934, 4, 4 
37156, 4, 4 
18512, 4, 4 
10371, 4, 4 
29566, 4, 4 
3477, 4, 4 
56977, 4, 4 
34808, 4, 4 
1308, 4, 4 
13350, 4, 4 
39983, 4, 4 
48892, 4, 4 
32498, 4, 4 
52424, 4, 4 
1692, 4, 4 
57537, 4, 4 
6621, 4, 4 
11153, 4, 4 
26192, 4, 4 
50149, 4, 4 
28449, 4, 4 
19404, 4, 4 
58813, 4, 4 
31601, 4, 4 
25884, 4, 4 
18654, 4, 4 
17604, 4, 4 
18026, 4, 4 
4410, 4, 4 
52222, 4, 4 
46623, 4, 4 
45936, 4, 4 
50694, 4, 4 
48084, 4, 4 
55328, 4, 4 
45095, 4, 4 
21017, 4, 4 
23196, 4, 4 
10952, 4, 4 
6193, 4, 4 
23615, 4, 4 
56970, 4, 4 
27922, 4, 4 
28468, 4, 4 
44037, 4, 4 
33679, 4, 4 
47523, 4, 4 
58902, 4, 4 
4075, 4, 4 
10845, 4, 4 
42973, 4, 4 
40343, 4, 4 
12075, 4, 4 
28747, 4, 4 
21814, 4, 4 
50411, 4, 4 
24391, 4, 4 
37840, 4, 4 
9541, 4, 4 
57375, 4, 4 
30815, 4, 4 
1928, 4, 4 
8560, 4, 4 
11209, 4, 4 
45709, 4, 4 
2109, 4, 4 
57114, 4, 4 
16600, 4, 4 
35830, 4, 4 
39458, 4, 4 
36897, 4, 4 
48195, 4, 4 
34303, 4, 4 
48357, 4, 4 
13143, 4, 4 
56676, 4, 4 
41079, 4, 4 
46357, 4, 4 
56190, 4, 4 
58840, 4, 4 
19055, 4, 4 
12997, 4, 4 
36455, 4, 4 
24713, 4, 4 
22564, 4, 4 
22400, 4, 4 
32851, 4, 4 
10908, 4, 4 
57724, 4, 4 
23608, 4, 4 
15352, 4, 4 
45685, 4, 4 
34988, 4, 4 
42567, 4, 4 
16802, 4, 4 
10967, 4, 4 
10262, 4, 4 
36675, 4, 4 
21846, 4, 4 
37251, 4, 4 
34991, 4, 4 
55658, 4, 4 
46194, 4, 4 
9431, 4, 4 
9741, 4, 4 
31941, 4, 4 
47823, 4, 4 
45213, 4, 4 
35490, 4, 4 
42684, 4, 4 
31776, 4, 4 
7459, 4, 4 
57389, 4, 4 
14018, 4, 4 
4038, 4, 4 
14496, 4, 4 
22652, 4, 4 
48314, 4, 4 
35725, 4, 4 
41749, 4, 4 
20180, 4, 4 
139, 4, 4 
45834, 4, 4 
53631, 4, 4 
36359, 4, 4 
3547, 4, 4 
847, 4, 4 
14185, 4, 4 
6336, 4, 4 
58390, 4, 4 
19795, 4, 4 
33702, 4, 4 
7502, 4, 4 
41569, 4, 4 
29742, 4, 4 
11624, 4, 4 
54431, 4, 4 
38323, 4, 4 
21642, 4, 4 
44279, 4, 4 
21077, 4, 4 
5899, 4, 4 
34354, 4, 4 
56797, 4, 4 
34035, 4, 4 
32829, 4, 4 
1473, 4, 4 
32286, 4, 4 
51482, 4, 4 
52015, 4, 4 
18496, 4, 4 
12530, 4, 4 
25845, 4, 4 
59874, 4, 4 
6532, 4, 4 
20297, 4, 4 
8925, 4, 4 
16589, 4, 4 
55323, 4, 4 
20907, 4, 4 
1763, 4, 4 
41576, 4, 4 
46104, 4, 4 
18988, 4, 4 
32761, 4, 4 
20585, 4, 4 
2416, 4, 4 
53, 4, 4 
23174, 4, 4 
58795, 4, 4 
28253, 4, 4 
53145, 4, 4 
35179, 4, 4 
18133, 4, 4 
41838, 4, 4 
38524, 4, 4 
6184, 4, 4 
46886, 4, 4 
14939, 4, 4 
21076, 4, 4 
54419, 4, 4 
11692, 4, 4 
50712, 4, 4 
28373, 4, 4 
34279, 4, 4 
23871, 4, 4 
38777, 4, 4 
7019, 4, 4 
8650, 4, 4 
1232, 4, 4 
34210, 4, 4 
36597, 4, 4 
40793, 4, 4 
3877, 4, 4 
39763, 4, 4 
36434, 4, 4 
7999, 4, 4 
19853, 4, 4 
41298, 4, 4 
19840, 4, 4 
30164, 4, 4 
56740, 4, 4 
56596, 4, 4 
6260, 4, 4 
21417, 4, 4 
54410, 4, 4 
54710, 4, 4 
31632, 4, 4 
7333, 4, 4 
54279, 4, 4 
43015, 4, 4 
45048, 4, 4 
13902, 4, 4 
19017, 4, 4 
28243, 4, 4 
19522, 4, 4 
17536, 4, 4 
35624, 4, 4 
16051, 4, 4 
43756, 4, 4 
8769, 4, 4 
54903, 4, 4 
46456, 4, 4 
338, 4, 4 
25382, 4, 4 
8508, 4, 4 
26897, 4, 4 
45280, 4, 4 
8061, 4, 4 
6101, 4, 4 
163, 4, 4 
54374, 4, 4 
1827, 4, 4 
7124, 4, 4 
6154, 4, 4 
9442, 4, 4 
11343, 4, 4 
54814, 4, 4 
17020, 4, 4 
25931, 4, 4 
12256, 4, 4 
17231, 4, 4 
26797, 4, 4 
29879, 4, 4 
54264, 4, 4 
50014, 4, 4 
12384, 4, 4 
43119, 4, 4 
5085, 4, 4 
5401, 4, 4 
38645, 4, 4 
1663, 4, 4 
42198, 4, 4 
8842, 4, 4 
11783, 4, 4 
25784, 4, 4 
43274, 4, 4 
4097, 4, 4 
26704, 4, 4 
59268, 4, 4 
2856, 4, 4 
15822, 4, 4 
43516, 4, 4 
15942, 4, 2 
32178, 4, 4 
20183, 4, 4 
33083, 4, 4 
22714, 4, 4 
2485, 4, 4 
1765, 4, 4 
36226, 4, 4 
52024, 4, 4 
10990, 4, 4 
38370, 4, 4 
13009, 4, 4 
9147, 4, 4 
8370, 4, 4 
46754, 4, 4 
16290, 4, 4 
42272, 4, 4 
46305, 4, 4 
56659, 4, 4 
23999, 4, 4 
18560, 4, 4 
38011, 4, 4 
57721, 4, 4 
5038, 4, 4 
11879, 4, 4 
48436, 4, 4 
7974, 4, 4 
40299, 4, 4 
28700, 4, 4 
12070, 4, 4 
28363, 4, 4 
38201, 4, 4 
20851, 4, 4 
54617, 4, 4 
19831, 4, 4 
29141, 4, 4 
21263, 4, 4 
20527, 4, 4 
54899, 4, 4 
25856, 4, 4 
25844, 4, 4 
35875, 4, 4 
30666, 4, 4 
45231, 4, 4 
55490, 4, 4 
25194, 4, 4 
34234, 4, 4 
26458, 4, 4 
51600, 4, 4 
5590, 4, 4 
53307, 4, 4 
52087, 4, 4 
43983, 4, 4 
18913, 4, 4 
50050, 4, 4 
26319, 4, 4 
22774, 4, 4 
2256, 4, 4 
42471, 4, 4 
25960, 4, 4 
19819, 4, 4 
36212, 4, 4 
4954, 4, 4 
49102, 4, 4 
5734, 4, 4 
15543, 4, 4 
35705, 4, 4 
20011, 4, 4 
34860, 4, 4 
32442, 4, 4 
26725, 4, 4 
31563, 4, 4 
21867, 4, 4 
31669, 4, 4 
4346, 4, 4 
13817, 4, 4 
19483, 4, 4 
17474, 4, 4 
37410, 4, 4 
45318, 4, 4 
6778, 4, 4 
31458, 4, 4 
31251, 4, 4 
23618, 4, 4 
44190, 4, 4 
25182, 4, 4 
55598, 4, 4 
16127, 4, 4 
19697, 4, 4 
31163, 4, 4 
33900, 4, 4 
9931, 4, 4 
4274, 4, 4 
8832, 4, 4 
59951, 4, 4 
5134, 4, 4 
51049, 4, 4 
32787, 4, 4 
43395, 4, 4 
31324, 4, 4 
9940, 4, 4 
11040, 4, 4 
23014, 4, 4 
22367, 4, 4 
24253, 4, 4 
3503, 4, 4 
54042, 4, 4 
590, 4, 4 
25878, 4, 4 
39976, 4, 4 
36877, 4, 4 
4454, 4, 4 
39304, 4, 4 
34249, 4, 4 
3739, 4, 4 
4088, 4, 4 
47927, 4, 4 
20211, 4, 4 
30039, 4, 4 
29340, 4, 4 
54158, 4, 4 
56084, 4, 4 
25790, 4, 4 
20169, 4, 4 
46503, 4, 4 
1448, 4, 4 
33411, 4, 4 
34855, 4, 4 
39703, 4, 4 
29484, 4, 4 
30059, 4, 4 
7919, 4, 4 
28573, 4, 4 
58661, 4, 4 
3708, 4, 4 
37640, 4, 4 
56334, 4, 4 
3475, 4, 4 
35166, 4, 4 
21186, 4, 4 
22262, 4, 4 
4382, 4, 4 
36726, 4, 4 
20999, 4, 4 
34497, 4, 4 
37546, 4, 4 
23033, 4, 4 
44137, 4, 4 
29007, 4, 4 
14426, 4, 4 
10351, 4, 4 
4240, 4, 4 
18905, 4, 4 
20813, 4, 4 
25903, 4, 4 
2578, 4, 4 
25014, 4, 4 
42455, 4, 4 
42781, 4, 4 
36400, 4, 4 
55925, 4, 4 
31223, 4, 4 
48487, 4, 4 
33493, 4, 4 
4833, 4, 4 
38132, 4, 4 
35673, 4, 4 
16625, 4, 4 
51351, 4, 4 
5689, 4, 4 
43954, 4, 4 
46960, 4, 4 
53226, 4, 4 
20258, 4, 4 
40156, 4, 4 
14785, 4, 4 
10690, 4, 4 
27494, 4, 4 
47627, 4, 4 
28767, 4, 4 
1762, 4, 4 
16450, 4, 4 
33195, 4, 4 
1212, 4, 4 
41093, 4, 4 
57466, 4, 4 
53622, 4, 4 
31448, 4, 4 
46128, 4, 4 
21430, 4, 4 
13426, 4, 4 
39636, 4, 4 
37687, 4, 4 
1738, 4, 4 
59259, 4, 4 
32186, 4, 4 
48068, 4, 4 
6608, 4, 4 
33614, 4, 4 
11184, 4, 4 
38631, 4, 4 
41804, 4, 4 
19375, 4, 4 
30298, 4, 4 
53902, 4, 4 
49172, 4, 4 
6128, 4, 4 
47683, 5, 5 
22819, 5, 5 
47707, 5, 5 
132, 5, 1 
31253, 5, 5 
59889, 5, 5 
28209, 5, 5 
11695, 5, 5 
27942, 5, 5 
27310, 5, 5 
20799, 5, 5 
3870, 5, 5 
31946, 5, 5 
37341, 5, 5 
13466, 5, 5 
37662, 5, 5 
58633, 5, 5 
46290, 5, 5 
10092, 5, 5 
26460, 5, 5 
6829, 5, 5 
13279, 5, 5 
25259, 5, 5 
44508, 5, 5 
40624, 5, 5 
28608, 5, 5 
31472, 5, 5 
20186, 5, 5 
36452, 5, 5 
775, 5, 5 
16558, 5, 5 
29354, 5, 5 
42338, 5, 5 
2308, 5, 5 
59160, 5, 5 
9647, 5, 5 
20890, 5, 5 
33993, 5, 5 
41548, 5, 5 
55729, 5, 0 
6305, 5, 5 
8307, 5, 5 
16908, 5, 5 
14048, 5, 5 
16471, 5, 5 
43587, 5, 5 
59850, 5, 5 
36989, 5, 5 
42431, 5, 5 
48800, 5, 5 
2592, 5, 5 
31316, 5, 5 
16347, 5, 5 
35674, 5, 5 
40966, 5, 5 
45091, 5, 5 
26286, 5, 5 
22566, 5, 5 
17172, 5, 5 
1864, 5, 5 
36256, 5, 5 
46458, 5, 5 
34952, 5, 5 
57132, 5, 5 
30476, 5, 5 
34448, 5, 5 
3219, 5, 5 
25840, 5, 5 
625, 5, 5 
6346, 5, 5 
47646, 5, 5 
25295, 5, 5 
27557, 5, 5 
21059, 5, 5 
2727, 5, 5 
24097, 5, 5 
51793, 5, 5 
51039, 5, 5 
2037, 5, 5 
45526, 5, 5 
39424, 5, 5 
45534, 5, 5 
26621, 5, 5 
30615, 5, 5 
24106, 5, 5 
31266, 5, 5 
8835, 5, 5 
32040, 5, 5 
36011, 5, 5 
32168, 5, 5 
54932, 5, 5 
58141, 5, 5 
34581, 5, 5 
25111, 5, 5 
22680, 5, 5 
15070, 5, 5 
56571, 5, 5 
19942, 5, 5 
52043, 5, 5 
29308, 5, 5 
26062, 5, 5 
39085, 5, 5 
37557, 5, 5 
40930, 5, 5 
23734, 5, 5 
29344, 5, 5 
15552, 5, 5 
29029, 5, 5 
26590, 5, 5 
51553, 5, 5 
38252, 5, 8 
9336, 5, 5 
31099, 5, 5 
32156, 5, 5 
1356, 5, 5 
57156, 5, 5 
16980, 5, 5 
35702, 5, 5 
47444, 5, 5 
24574, 5, 5 
41230, 5, 5 
32059, 5, 5 
20590, 5, 5 
49689, 5, 5 
5363, 5, 5 
14628, 5, 5 
15238, 5, 5 
15421, 5, 5 
48533, 5, 5 
21588, 5, 5 
7592, 5, 5 
21548, 5, 5 
58460, 5, 5 
48069, 5, 5 
49352, 5, 5 
56852, 5, 5 
4299, 5, 5 
13336, 5, 5 
32720, 5, 5 
24068, 5, 5 
35889, 5, 5 
47741, 5, 5 
26204, 5, 5 
22275, 5, 5 
9824, 5, 5 
49845, 5, 5 
54970, 5, 5 
42705, 5, 5 
51137, 5, 5 
2056, 5, 5 
53971, 5, 5 
26328, 5, 5 
47586, 5, 5 
9259, 5, 5 
9236, 5, 5 
22647, 5, 5 
1468, 5, 5 
43748, 5, 5 
53443, 5, 5 
45443, 5, 5 
960, 5, 5 
49991, 5, 5 
58908, 5, 5 
47995, 5, 5 
6300, 5, 5 
7260, 5, 5 
25891, 5, 5 
21678, 5, 5 
25577, 5, 5 
17780, 5, 5 
138, 5, 5 
28161, 5, 5 
20109, 5, 5 
43523, 5, 5 
23007, 5, 5 
24403, 5, 5 
7639, 5, 5 
14507, 5, 5 
48358, 5, 5 
51727, 5, 5 
55489, 5, 5 
8988, 5, 5 
16333, 5, 5 
33622, 5, 5 
23105, 5, 5 
45052, 5, 5 
14946, 5, 5 
49427, 5, 5 
55075, 5, 5 
50573, 5, 5 
14029, 5, 5 
32344, 5, 5 
40182, 5, 5 
13331, 5, 5 
28777, 5, 5 
38959, 5, 5 
18723, 5, 5 
58632, 5, 5 
20575, 5, 5 
47077, 5, 5 
4177, 5, 5 
25765, 5, 5 
55910, 5, 5 
5188, 5, 5 
48512, 5, 5 
25066, 5, 5 
2755, 5, 5 
24421, 5, 5 
53826, 5, 5 
44939, 5, 5 
33573, 5, 5 
32600, 5, 5 
24960, 5, 5 
35397, 5, 5 
38931, 5, 5 
54811, 5, 5 
55428, 5, 5 
34755, 5, 5 
12626, 5, 5 
26706, 5, 5 
31734, 5, 5 
23903, 5, 5 
28994, 5, 5 
24439, 5, 5 
46720, 5, 5 
51792, 5, 5 
21914, 5, 5 
29273, 5, 5 
46774, 5, 5 
50422, 5, 5 
2401, 5, 5 
42372, 5, 5 
48046, 5, 5 
18897, 5, 5 
18882, 5, 5 
24683, 5, 5 
7802, 5, 5 
3361, 5, 5 
24730, 5, 5 
1810, 5, 5 
23006, 5, 5 
19354, 5, 5 
30315, 5, 5 
45991, 5, 5 
24394, 5, 5 
3401, 5, 5 
1813, 5, 5 
44987, 5, 5 
5678, 5, 5 
17886, 5, 5 
19301, 5, 5 
52896, 5, 5 
49726, 5, 5 
29892, 5, 5 
51639, 5, 5 
58357, 5, 5 
14742, 5, 5 
48615, 5, 5 
27777, 5, 5 
52608, 5, 5 
12688, 5, 5 
22147, 5, 5 
20017, 5, 5 
18237, 5, 5 
57182, 5, 5 
23620, 5, 5 
14078, 5, 3 
47737, 5, 5 
37006, 5, 5 
54928, 5, 5 
41808, 5, 5 
36424, 5, 5 
42359, 5, 5 
6980, 5, 5 
47622, 5, 5 
13284, 5, 5 
23836, 5, 5 
4670, 5, 5 
15767, 5, 5 
8339, 5, 5 
28469, 5, 5 
59329, 5, 5 
41582, 5, 5 
47471, 5, 5 
52347, 5, 5 
7249, 5, 5 
13058, 5, 5 
27903, 5, 5 
49428, 5, 5 
18600, 5, 5 
53152, 5, 5 
21440, 5, 5 
57330, 5, 5 
31768, 5, 5 
36697, 5, 5 
30112, 5, 5 
42447, 5, 5 
48850, 5, 5 
16582, 5, 5 
8434, 5, 5 
54381, 5, 5 
29293, 5, 5 
33602, 5, 5 
37004, 5, 5 
56314, 5, 5 
14639, 5, 5 
45263, 5, 5 
10509, 5, 5 
42590, 5, 5 
52213, 5, 5 
55042, 5, 5 
47949, 5, 5 
26134, 5, 5 
34274, 5, 5 
17298, 5, 5 
49048, 5, 5 
31900, 5, 5 
39493, 5, 5 
24173, 5, 5 
55229, 5, 5 
50677, 5, 5 
17247, 5, 5 
26466, 5, 5 
10665, 5, 5 
4711, 5, 5 
54233, 5, 5 
42101, 5, 5 
36528, 5, 5 
56804, 5, 5 
27764, 5, 5 
23424, 5, 5 
32507, 5, 5 
4695, 5, 5 
50549, 5, 5 
30766, 5, 5 
16242, 5, 5 
15273, 5, 5 
34325, 5, 5 
40255, 5, 5 
45175, 5, 5 
16698, 5, 5 
11154, 5, 5 
34868, 5, 5 
7444, 5, 5 
24001, 5, 5 
25330, 5, 5 
23169, 5, 5 
15771, 5, 5 
8056, 5, 5 
27224, 5, 5 
14951, 5, 5 
5177, 5, 5 
37216, 5, 5 
4309, 5, 5 
22033, 5, 5 
2091, 5, 5 
52172, 5, 5 
6027, 5, 5 
29749, 5, 5 
8178, 5, 5 
9464, 5, 5 
985, 5, 5 
12405, 5, 5 
30928, 5, 5 
13724, 5, 5 
56277, 5, 5 
4752, 5, 5 
58270, 5, 5 
32707, 5, 5 
191, 5, 5 
29021, 5, 5 
25623, 5, 5 
6884, 5, 5 
33598, 5, 5 
49100, 5, 5 
32954, 5, 5 
45753, 5, 5 
33324, 5, 5 
53802, 5, 5 
35743, 5, 5 
13551, 5, 5 
10656, 5, 5 
19867, 5, 5 
32348, 5, 5 
26251, 5, 5 
1111, 5, 5 
47281, 5, 5 
15528, 5, 5 
12588, 5, 5 
22205, 5, 5 
42237, 5, 5 
22541, 5, 5 
41938, 5, 5 
47348, 5, 5 
25997, 5, 5 
6086, 5, 5 
58505, 5, 5 
37699, 5, 5 
27408, 5, 5 
40654, 5, 5 
27417, 5, 5 
54151, 5, 5 
13699, 5, 5 
23725, 5, 5 
34453, 5, 5 
22679, 5, 5 
30544, 5, 5 
39274, 5, 5 
32397, 5, 5 
50778, 5, 5 
2428, 5, 5 
7232, 5, 5 
26570, 5, 5 
38459, 5, 5 
26020, 5, 5 
1691, 5, 5 
7382, 5, 5 
17716, 5, 5 
26637, 5, 5 
33340, 5, 5 
5061, 5, 5 
47934, 5, 5 
55513, 5, 5 
19106, 5, 5 
11839, 5, 5 
53634, 5, 5 
26331, 5, 5 
44783, 5, 5 
12232, 5, 5 
9581, 5, 5 
11305, 5, 5 
35738, 5, 5 
24660, 5, 5 
20885, 5, 5 
18254, 5, 5 
32548, 5, 5 
33603, 5, 5 
49672, 5, 5 
22779, 5, 5 
32492, 5, 5 
23385, 5, 5 
16276, 5, 5 
43084, 5, 5 
12341, 5, 5 
3819, 5, 5 
21873, 5, 5 
48113, 5, 5 
8779, 5, 5 
40175, 5, 5 
38798, 5, 9 
55388, 5, 5 
1325, 5, 5 
32052, 5, 5 
21671, 5, 5 
42747, 5, 5 
8459, 5, 5 
56200, 5, 5 
43245, 5, 5 
51973, 5, 5 
55886, 5, 5 
31682, 5, 5 
31999, 5, 5 
11782, 5, 5 
40534, 5, 5 
22729, 5, 5 
23332, 5, 5 
6011, 5, 5 
51822, 5, 5 
21819, 5, 5 
16862, 5, 5 
11790, 5, 5 
10182, 5, 5 
39230, 5, 5 
778, 5, 4 
54024, 5, 5 
46824, 5, 5 
35287, 5, 5 
284, 5, 5 
27079, 5, 5 
9607, 5, 5 
51854, 5, 5 
11324, 5, 5 
23972, 5, 5 
46597, 5, 5 
5776, 5, 5 
50759, 5, 5 
44262, 5, 5 
22935, 5, 5 
20693, 5, 5 
35420, 5, 5 
48094, 5, 5 
55865, 5, 5 
24330, 5, 5 
37597, 5, 5 
51646, 5, 5 
19659, 5, 5 
12097, 5, 5 
27767, 5, 5 
21799, 5, 5 
30125, 5, 5 
6387, 6, 6 
33559, 6, 6 
20494, 6, 6 
23622, 6, 6 
18652, 6, 6 
51628, 6, 6 
52504, 6, 6 
17083, 6, 6 
16599, 6, 6 
39495, 6, 6 
57881, 6, 6 
47694, 6, 6 
299, 6, 6 
6267, 6, 6 
32839, 6, 6 
19970, 6, 6 
47084, 6, 6 
56373, 6, 6 
38875, 6, 6 
32241, 6, 6 
2372, 6, 6 
50160, 6, 6 
52976, 6, 6 
23049, 6, 6 
28704, 6, 6 
28425, 6, 6 
38393, 6, 6 
22258, 6, 6 
7564, 6, 6 
4079, 6, 6 
40244, 6, 6 
21764, 6, 6 
55154, 6, 6 
33401, 6, 6 
33704, 6, 6 
23098, 6, 6 
30192, 6, 6 
21995, 6, 6 
17601, 6, 6 
6673, 6, 6 
53969, 6, 6 
48636, 6, 6 
15370, 6, 6 
23830, 6, 6 
33564, 6, 6 
58686, 6, 6 
34393, 6, 6 
22654, 6, 6 
39369, 6, 6 
55039, 6, 6 
43281, 6, 6 
21347, 6, 6 
26402, 6, 6 
57456, 6, 6 
51096, 6, 6 
1041, 6, 6 
55797, 6, 6 
42386, 6, 6 
50863, 6, 6 
48082, 6, 6 
3109, 6, 6 
27769, 6, 6 
36155, 6, 6 
34896, 6, 6 
43804, 6, 6 
24685, 6, 6 
22681, 6, 6 
25030, 6, 6 
33782, 6, 6 
12855, 6, 6 
53197, 6, 6 
37872, 6, 6 
4087, 6, 6 
55135, 6, 6 
28142, 6, 6 
51354, 6, 6 
27505, 6, 6 
45566, 6, 6 
11218, 6, 6 
23600, 6, 6 
21961, 6, 6 
28339, 6, 6 
44179, 6, 6 
5846, 6, 6 
20124, 6, 6 
10375, 6, 6 
810, 6, 6 
49659, 6, 6 
24158, 6, 6 
41190, 6, 6 
59442, 6, 6 
34601, 6, 6 
34915, 6, 6 
18144, 6, 6 
9421, 6, 6 
16976, 6, 6 
44483, 6, 6 
19627, 6, 6 
34433, 6, 6 
43822, 6, 6 
29149, 6, 6 
30083, 6, 6 
43589, 6, 6 
34520, 6, 6 
21920, 6, 6 
11466, 6, 6 
19488, 6, 6 
46581, 6, 4 
15314, 6, 6 
54933, 6, 6 
6392, 6, 6 
2345, 6, 6 
4841, 6, 6 
19002, 6, 6 
3297, 6, 6 
44354, 6, 6 
7109, 6, 6 
41257, 6, 6 
49403, 6, 6 
23907, 6, 6 
39583, 6, 6 
15961, 6, 6 
43640, 6, 6 
22160, 6, 6 
47300, 6, 6 
4702, 6, 6 
59549, 6, 6 
39200, 6, 6 
47636, 6, 6 
21234, 6, 6 
41400, 6, 6 
53516, 6, 6 
45609, 6, 6 
29048, 6, 6 
24377, 6, 6 
56385, 6, 6 
41711, 6, 6 
9123, 6, 6 
2992, 6, 6 
10190, 6, 6 
28680, 6, 6 
26160, 6, 6 
52880, 6, 6 
3629, 6, 6 
7559, 6, 6 
30716, 6, 6 
55558, 6, 6 
37982, 6, 6 
55255, 6, 6 
42335, 6, 6 
37676, 6, 6 
18381, 6, 6 
12201, 6, 6 
46590, 6, 6 
7829, 6, 6 
18221, 6, 6 
51877, 6, 6 
33379, 6, 6 
8462, 6, 6 
7785, 6, 6 
46811, 6, 6 
5556, 6, 6 
26299, 6, 6 
52620, 6, 6 
44114, 6, 6 
1898, 6, 6 
8410, 6, 6 
26393, 6, 6 
18605, 6, 6 
30295, 6, 6 
35948, 6, 6 
37993, 6, 6 
57347, 6, 6 
46198, 6, 6 
33477, 6, 6 
48570, 6, 6 
19656, 6, 6 
33318, 6, 6 
13712, 6, 6 
58166, 6, 6 
58027, 6, 6 
15484, 6, 6 
41797, 6, 6 
32180, 6, 6 
37228, 6, 6 
19298, 6, 6 
12462, 6, 6 
52844, 6, 6 
56446, 6, 6 
1741, 6, 6 
46861, 6, 6 
41134, 6, 6 
6402, 6, 6 
6927, 6, 6 
45965, 6, 6 
6024, 6, 6 
13995, 6, 6 
13493, 6, 6 
20541, 6, 6 
50086, 6, 6 
46611, 6, 6 
26498, 6, 6 
57413, 6, 6 
3364, 6, 6 
58352, 6, 6 
14666, 6, 6 
30796, 6, 6 
47778, 6, 6 
4867, 6, 6 
29766, 6, 6 
14473, 6, 6 
19363, 6, 6 
17344, 6, 6 
26372, 6, 6 
14147, 6, 4 
53007, 6, 6 
46455, 6, 6 
40560, 6, 6 
8042, 6, 6 
2837, 6, 6 
20156, 6, 6 
42978, 6, 6 
43141, 6, 6 
44722, 6, 6 
24030, 6, 6 
41272, 6, 6 
28162, 6, 0 
59591, 6, 6 
3736, 6, 6 
30139, 6, 6 
54799, 6, 6 
49960, 6, 6 
41963, 6, 6 
12104, 6, 6 
42247, 6, 6 
45209, 6, 6 
22763, 6, 6 
3869, 6, 6 
40356, 6, 6 
29460, 6, 6 
16891, 6, 6 
32549, 6, 6 
955, 6, 6 
25047, 6, 6 
31363, 6, 6 
26819, 6, 6 
12758, 6, 6 
46646, 6, 6 
55565, 6, 6 
47269, 6, 6 
12735, 6, 6 
34012, 6, 6 
13170, 6, 6 
59483, 6, 6 
59976, 6, 6 
23706, 6, 6 
45479, 6, 6 
4546, 6, 6 
37236, 6, 6 
18548, 6, 6 
29380, 6, 6 
4301, 6, 6 
19624, 6, 6 
10273, 6, 0 
48505, 6, 6 
26321, 6, 6 
28905, 6, 6 
50817, 6, 6 
25959, 6, 6 
33790, 6, 6 
30563, 6, 6 
34350, 6, 6 
51475, 6, 6 
47006, 6, 6 
21684, 6, 6 
8929, 6, 6 
9325, 6, 6 
26386, 6, 6 
44017, 6, 6 
19788, 6, 6 
1902, 6, 6 
7957, 6, 6 
465, 6, 6 
22962, 6, 6 
41439, 6, 6 
53818, 6, 6 
59986, 6, 6 
49802, 6, 6 
2913, 6, 6 
37831, 6, 6 
17835, 6, 6 
45622, 6, 6 
4990, 6, 6 
44337, 6, 6 
45623, 6, 6 
17616, 6, 6 
59378, 6, 6 
25462, 6, 6 
58224, 6, 6 
36291, 6, 6 
30106, 6, 6 
3403, 6, 6 
15627, 6, 6 
30332, 6, 6 
50595, 6, 6 
46994, 6, 6 
30518, 6, 6 
43807, 6, 6 
15714, 6, 6 
29079, 6, 6 
33116, 6, 6 
27724, 6, 6 
10512, 6, 6 
12596, 6, 6 
55533, 6, 6 
43177, 6, 6 
58124, 6, 6 
12448, 6, 6 
46323, 6, 6 
5405, 6, 6 
49328, 6, 6 
24127, 6, 6 
11723, 6, 6 
55512, 6, 6 
15831, 6, 6 
15896, 6, 6 
40085, 6, 6 
52273, 6, 6 
51661, 6, 6 
10968, 6, 6 
48918, 6, 6 
47574, 6, 6 
58136, 6, 6 
13087, 6, 6 
26697, 6, 6 
27198, 6, 6 
27086, 6, 6 
44365, 6, 6 
26470, 6, 6 
59866, 6, 6 
42066, 6, 6 
26765, 6, 6 
22178, 6, 6 
9517, 6, 6 
41508, 6, 6 
26253, 6, 6 
21407, 6, 6 
10418, 6, 6 
42498, 6, 6 
23358, 6, 6 
35206, 6, 6 
38980, 6, 6 
3586, 6, 6 
30819, 6, 6 
41654, 6, 6 
23593, 6, 6 
50073, 6, 6 
55166, 6, 6 
9635, 6, 6 
40351, 6, 6 
12411, 6, 6 
43839, 6, 6 
57777, 6, 6 
8074, 6, 6 
28639, 6, 6 
41050, 6, 6 
50059, 6, 6 
16346, 6, 6 
31000, 6, 5 
23476, 6, 6 
34816, 6, 6 
7202, 6, 6 
48359, 6, 6 
33693, 6, 6 
218, 6, 6 
52918, 6, 6 
30839, 6, 6 
39650, 6, 6 
28870, 6, 6 
14256, 6, 6 
47179, 6, 6 
35305, 6, 6 
37173, 6, 6 
30818, 6, 6 
22068, 6, 6 
11195, 6, 6 
4765, 6, 6 
27266, 6, 6 
37998, 6, 6 
38318, 6, 6 
13838, 6, 6 
34125, 6, 6 
38176, 6, 6 
49293, 6, 6 
21290, 6, 6 
34046, 6, 6 
37675, 6, 6 
52434, 6, 6 
37667, 6, 6 
18303, 6, 6 
27655, 6, 6 
17075, 6, 6 
10767, 6, 6 
18262, 6, 6 
25435, 6, 6 
10442, 6, 6 
31892, 6, 6 
29966, 6, 6 
56718, 6, 6 
54188, 6, 6 
53406, 6, 6 
9201, 6, 6 
10383, 6, 6 
58259, 6, 6 
15727, 6, 6 
33040, 6, 6 
42174, 6, 6 
15459, 6, 6 
44132, 6, 6 
36653, 6, 6 
4367, 6, 6 
21821, 6, 6 
43431, 6, 6 
25142, 6, 6 
592, 6, 6 
16187, 6, 6 
23363, 6, 6 
5951, 6, 6 
32631, 6, 6 
3919, 6, 6 
18045, 6, 6 
8546, 6, 6 
5230, 6, 6 
30715, 6, 6 
47963, 6, 6 
7342, 6, 6 
15924, 6, 6 
19754, 6, 6 
10294, 6, 6 
54518, 6, 6 
39825, 6, 6 
6670, 6, 6 
23465, 6, 6 
6159, 6, 6 
17626, 6, 6 
28143, 6, 6 
52674, 6, 0 
38895, 6, 6 
8225, 6, 6 
47474, 6, 6 
17326, 6, 6 
43386, 6, 6 
53318, 6, 6 
37451, 6, 6 
28602, 6, 6 
19293, 6, 6 
15234, 6, 6 
6721, 6, 6 
41242, 6, 6 
32783, 6, 6 
25638, 6, 6 
2570, 6, 6 
22190, 6, 6 
32230, 6, 6 
50619, 6, 6 
3046, 6, 6 
53603, 6, 6 
46632, 6, 6 
38050, 6, 5 
16065, 6, 6 
10164, 6, 6 
36305, 6, 6 
25141, 6, 6 
5619, 6, 6 
21411, 6, 6 
56675, 6, 6 
25031, 6, 6 
1917, 6, 6 
28847, 6, 6 
25901, 6, 6 
204, 6, 6 
30741, 6, 6 
21128, 6, 6 
30856, 6, 4 
41899, 6, 6 
40650, 6, 6 
33984, 6, 6 
13220, 6, 6 
8523, 6, 6 
20998, 6, 6 
46471, 6, 6 
50793, 6, 6 
41736, 6, 6 
1504, 6, 6 
5374, 6, 6 
44355, 6, 6 
41793, 6, 6 
58732, 6, 6 
18869, 6, 6 
5451, 6, 6 
50822, 7, 7 
5496, 7, 7 
44954, 7, 7 
54207, 7, 7 
17144, 7, 7 
59254, 7, 7 
49372, 7, 7 
26838, 7, 7 
38117, 7, 7 
43039, 7, 7 
15410, 7, 7 
51586, 7, 7 
8827, 7, 7 
52490, 7, 7 
16004, 7, 7 
2950, 7, 7 
11623, 7, 7 
20669, 7, 7 
27925, 7, 7 
21222, 7, 7 
40117, 7, 7 
35351, 7, 7 
4516, 7, 7 
58977, 7, 7 
37394, 7, 7 
43969, 7, 7 
3167, 7, 7 
50877, 7, 7 
34395, 7, 7 
52436, 7, 7 
49846, 7, 7 
56701, 7, 7 
26051, 7, 7 
44062, 7, 7 
24742, 7, 7 
33660, 7, 7 
2844, 7, 7 
23173, 7, 7 
36856, 7, 7 
58128, 7, 7 
4366, 7, 7 
22739, 7, 7 
41300, 7, 7 
54792, 7, 7 
25594, 7, 7 
32571, 7, 1 
51363, 7, 7 
5555, 7, 7 
42148, 7, 7 
25522, 7, 7 
8735, 7, 7 
14287, 7, 7 
50743, 7, 7 
7226, 7, 7 
28930, 7, 7 
6770, 7, 7 
41362, 7, 7 
16711, 7, 7 
59746, 7, 7 
11188, 7, 7 
57884, 7, 7 
57535, 7, 7 
45930, 7, 7 
42629, 7, 7 
25985, 7, 7 
42163, 7, 7 
786, 7, 7 
22279, 7, 7 
30310, 7, 7 
3518, 7, 7 
51914, 7, 7 
26755, 7, 9 
35102, 7, 7 
44067, 7, 7 
7959, 7, 7 
42780, 7, 7 
3423, 7, 7 
55971, 7, 7 
27986, 7, 7 
21904, 7, 7 
42672, 7, 7 
632, 7, 7 
2292, 7, 7 
3010, 7, 8 
20206, 7, 7 
16199, 7, 7 
22183, 7, 7 
31997, 7, 7 
15570, 7, 7 
15689, 7, 7 
24005, 7, 7 
8828, 7, 7 
31219, 7, 7 
39345, 7, 7 
41472, 7, 7 
1746, 7, 7 
58282, 7, 7 
6866, 7, 7 
59246, 7, 7 
40436, 7, 7 
21603, 7, 7 
56160, 7, 7 
15074, 7, 7 
28437, 7, 7 
23149, 7, 7 
38838, 7, 7 
3948, 7, 7 
45457, 7, 7 
37034, 7, 7 
13776, 7, 7 
52991, 7, 7 
44254, 7, 7 
52633, 7, 7 
16343, 7, 7 
26442, 7, 7 
13718, 7, 7 
29051, 7, 7 
7686, 7, 7 
13180, 7, 7 
53601, 7, 7 
32700, 7, 7 
10769, 7, 7 
54663, 7, 7 
49119, 7, 7 
9467, 7, 7 
11517, 7, 7 
31064, 7, 7 
1451, 7, 7 
10969, 7, 7 
27220, 7, 7 
58950, 7, 7 
4551, 7, 7 
22005, 7, 7 
17017, 7, 7 
34231, 7, 7 
18754, 7, 7 
16970, 7, 7 
13665, 7, 7 
8699, 7, 7 
8142, 7, 7 
3916, 7, 7 
47698, 7, 7 
4925, 7, 7 
16478, 7, 7 
47416, 7, 7 
44643, 7, 7 
32346, 7, 7 
4200, 7, 7 
53679, 7, 7 
23883, 7, 7 
35919, 7, 7 
50325, 7, 7 
24362, 7, 7 
29032, 7, 7 
31992, 7, 7 
17278, 7, 7 
58912, 7, 7 
15037, 7, 7 
13534, 7, 7 
16419, 7, 7 
54917, 7, 7 
44914, 7, 7 
27747, 7, 7 
40559, 7, 7 
38213, 7, 7 
24171, 7, 7 
54678, 7, 7 
35372, 7, 7 
28205, 7, 7 
53843, 7, 7 
8571, 7, 7 
42062, 7, 7 
4394, 7, 7 
54478, 7, 7 
13042, 7, 7 
15705, 7, 7 
45397, 7, 7 
28641, 7, 7 
819, 7, 7 
47160, 7, 7 
28298, 7, 7 
55078, 7, 4 
27194, 7, 7 
16226, 7, 7 
30177, 7, 7 
30294, 7, 7 
7509, 7, 7 
42844, 7, 7 
19592, 7, 7 
59851, 7, 7 
39676, 7, 7 
54558, 7, 7 
15331, 7, 7 
12304, 7, 7 
7616, 7, 7 
51489, 7, 7 
32173, 7, 7 
30946, 7, 7 
34997, 7, 7 
36205, 7, 7 
59264, 7, 7 
23782, 7, 7 
41131, 7, 7 
5676, 7, 7 
46311, 7, 7 
37930, 7, 7 
11766, 7, 7 
55117, 7, 7 
2344, 7, 7 
608, 7, 7 
53021, 7, 7 
48250, 7, 7 
17441, 7, 7 
37591, 7, 7 
53313, 7, 7 
52113, 7, 7 
11407, 7, 7 
30357, 7, 7 
35960, 7, 7 
57485, 7, 7 
39544, 7, 7 
56438, 7, 7 
44500, 7, 7 
36799, 7, 7 
28220, 7, 7 
13166, 7, 7 
36534, 7, 7 
54114, 7, 7 
10890, 7, 7 
24254, 7, 7 
15254, 7, 7 
13064, 7, 7 
54100, 7, 7 
35391, 7, 7 
3780, 7, 7 
13600, 7, 7 
22941, 7, 7 
39813, 7, 7 
56058, 7, 7 
24743, 7, 7 
48869, 7, 7 
44219, 7, 7 
19580, 7, 7 
16721, 7, 7 
49093, 7, 7 
42134, 7, 7 
411, 7, 7 
24830, 7, 7 
42593, 7, 7 
6953, 7, 7 
35291, 7, 7 
24692, 7, 7 
20218, 7, 7 
58826, 7, 7 
18962, 7, 7 
34568, 7, 7 
59611, 7, 7 
30841, 7, 9 
52089, 7, 8 
20380, 7, 7 
11877, 7, 7 
2754, 7, 7 
33639, 7, 7 
51138, 7, 7 
9510, 7, 7 
13756, 7, 7 
49116, 7, 7 
16496, 7, 7 
26266, 7, 7 
18773, 7, 7 
3788, 7, 7 
25863, 7, 7 
34331, 7, 7 
25756, 7, 7 
13691, 7, 7 
19733, 7, 7 
14231, 7, 7 
30224, 7, 7 
13192, 7, 7 
58177, 7, 7 
6050, 7, 3 
39316, 7, 7 
31553, 7, 7 
32980, 7, 7 
36012, 7, 7 
14076, 7, 7 
42282, 7, 7 
56828, 7, 7 
36003, 7, 7 
39014, 7, 7 
7961, 7, 7 
16113, 7, 7 
15468, 7, 9 
28812, 7, 7 
32099, 7, 7 
43990, 7, 7 
24260, 7, 7 
3282, 7, 7 
21621, 7, 7 
3060, 7, 7 
15204, 7, 7 
19791, 7, 7 
51621, 7, 7 
21386, 7, 7 
12403, 7, 7 
56837, 7, 7 
39257, 7, 7 
22754, 7, 7 
53858, 7, 7 
1166, 7, 7 
9052, 7, 7 
44539, 7, 7 
30549, 7, 7 
4946, 7, 7 
57376, 7, 7 
12908, 7, 7 
5206, 7, 7 
11290, 7, 7 
25300, 7, 7 
35121, 7, 7 
44835, 7, 7 
42514, 7, 7 
46717, 7, 7 
26500, 7, 7 
57564, 7, 7 
49385, 7, 7 
27546, 7, 7 
39517, 7, 7 
25465, 7, 7 
9001, 7, 7 
38329, 7, 7 
56294, 7, 7 
56220, 7, 9 
6046, 7, 7 
31137, 7, 7 
6250, 7, 7 
30504, 7, 7 
46321, 7, 7 
19141, 7, 7 
38144, 7, 7 
50794, 7, 7 
35225, 7, 7 
22711, 7, 7 
33616, 7, 7 
52480, 7, 7 
57555, 7, 7 
10202, 7, 7 
52644, 7, 7 
4806, 7, 7 
9307, 7, 7 
25242, 7, 7 
43774, 7, 7 
38964, 7, 7 
54937, 7, 7 
28933, 7, 7 
40810, 7, 7 
57098, 7, 7 
22022, 7, 7 
3556, 7, 7 
26705, 7, 7 
371, 7, 7 
2609, 7, 7 
21148, 7, 7 
8361, 7, 7 
22052, 7, 7 
38836, 7, 7 
911, 7, 7 
51088, 7, 7 
34386, 7, 7 
1652, 7, 7 
1353, 7, 7 
55444, 7, 7 
59953, 7, 7 
59107, 7, 7 
20795, 7, 7 
58299, 7, 7 
13529, 7, 7 
12576, 7, 7 
32655, 7, 7 
40872, 7, 7 
9657, 7, 7 
58202, 7, 7 
19383, 7, 7 
45180, 7, 7 
8698, 7, 7 
3081, 7, 7 
50269, 7, 7 
41044, 7, 7 
8991, 7, 7 
16717, 7, 7 
5811, 7, 7 
387, 7, 7 
18834, 7, 7 
48909, 7, 7 
1125, 7, 7 
32649, 7, 7 
50227, 7, 7 
53501, 7, 7 
27468, 7, 7 
8572, 7, 7 
35150, 7, 7 
29099, 7, 7 
12373, 7, 7 
32307, 7, 7 
6878, 7, 7 
58528, 7, 7 
24314, 7, 7 
20301, 7, 7 
51174, 7, 7 
28073, 7, 7 
48952, 7, 7 
19344, 7, 7 
19453, 7, 7 
37811, 7, 7 
13515, 7, 7 
7010, 7, 4 
11220, 7, 7 
16264, 7, 7 
6756, 7, 7 
51862, 7, 7 
47829, 7, 7 
7388, 7, 7 
26659, 7, 7 
34939, 7, 7 
59285, 7, 7 
10295, 7, 7 
6132, 7, 7 
52997, 7, 7 
58733, 7, 7 
19572, 7, 7 
54643, 7, 7 
3795, 7, 7 
18844, 7, 7 
59812, 7, 7 
19978, 7, 7 
29, 7, 7 
29363, 7, 7 
2223, 7, 7 
23684, 7, 7 
25130, 7, 7 
24788, 7, 7 
46928, 7, 7 
42403, 7, 7 
36283, 7, 7 
56111, 7, 7 
46688, 7, 7 
39769, 7, 7 
26549, 7, 7 
24816, 7, 7 
41615, 7, 7 
43108, 7, 7 
422, 7, 7 
11056, 7, 7 
20030, 7, 7 
1673, 7, 7 
43382, 7, 7 
39868, 7, 7 
18429, 7, 7 
52937, 7, 2 
44949, 7, 7 
21478, 7, 7 
42004, 7, 8 
57134, 7, 7 
31910, 7, 7 
820, 7, 7 
56841, 7, 7 
8214, 7, 7 
10324, 7, 7 
7931, 7, 7 
18142, 7, 7 
37706, 7, 7 
20227, 7, 7 
29694, 7, 2 
55560, 7, 7 
54385, 7, 7 
54882, 7, 7 
34916, 7, 7 
59162, 7, 7 
18816, 7, 7 
2575, 7, 7 
14536, 7, 7 
50664, 7, 7 
27406, 7, 2 
5535, 7, 7 
52178, 7, 7 
5325, 7, 7 
14954, 7, 7 
14095, 7, 7 
42, 7, 7 
43618, 7, 7 
20370, 7, 7 
14581, 7, 7 
43461, 7, 7 
21217, 7, 7 
23334, 7, 7 
55346, 7, 7 
21169, 7, 7 
45060, 7, 7 
39729, 7, 7 
30912, 7, 7 
43953, 8, 8 
19877, 8, 8 
26661, 8, 8 
8365, 8, 8 
13301, 8, 8 
56874, 8, 8 
4578, 8, 8 
8645, 8, 8 
36096, 8, 8 
48588, 8, 8 
48162, 8, 8 
55811, 8, 8 
26743, 8, 8 
31444, 8, 5 
26569, 8, 8 
34872, 8, 8 
9358, 8, 8 
11998, 8, 8 
24410, 8, 8 
9154, 8, 8 
2841, 8, 8 
5725, 8, 8 
54749, 8, 8 
37240, 8, 8 
24589, 8, 8 
26351, 8, 8 
58693, 8, 8 
49303, 8, 8 
54192, 8, 8 
40467, 8, 8 
26996, 8, 8 
50740, 8, 8 
6659, 8, 8 
32226, 8, 8 
44002, 8, 8 
37130, 8, 8 
11720, 8, 8 
16762, 8, 8 
43824, 8, 8 
56313, 8, 8 
50988, 8, 8 
14014, 8, 8 
45493, 8, 8 
50179, 8, 8 
10499, 8, 8 
10197, 8, 8 
5338, 8, 8 
4036, 8, 8 
19358, 8, 8 
34030, 8, 8 
59265, 8, 8 
27195, 8, 8 
3119, 8, 8 
43525, 8, 8 
14830, 8, 8 
6760, 8, 8 
3251, 8, 8 
47421, 8, 5 
34696, 8, 8 
30029, 8, 8 
46338, 8, 8 
21486, 8, 8 
30467, 8, 8 
50715, 8, 8 
26061, 8, 8 
4481, 8, 8 
50231, 8, 8 
45116, 8, 8 
33026, 8, 8 
25568, 8, 8 
16231, 8, 8 
43455, 8, 8 
42034, 8, 8 
52468, 8, 8 
55611, 8, 8 
29431, 8, 8 
21125, 8, 8 
3959, 8, 8 
38273, 8, 8 
48223, 8, 8 
13869, 8, 8 
55118, 8, 8 
47163, 8, 8 
38539, 8, 8 
29208, 8, 8 
41153, 8, 8 
38870, 8, 8 
38841, 8, 8 
55211, 8, 8 
8482, 8, 8 
2384, 8, 8 
33382, 8, 8 
25256, 8, 8 
56412, 8, 8 
52159, 8, 8 
54157, 8, 8 
5078, 8, 8 
34968, 8, 8 
17705, 8, 8 
2611, 8, 8 
50302, 8, 8 
21384, 8, 8 
56959, 8, 8 
34883, 8, 8 
41218, 8, 8 
32452, 8, 8 
5140, 8, 8 
46222, 8, 8 
41663, 8, 8 
25482, 8, 4 
12627, 8, 8 
7290, 8, 8 
33388, 8, 8 
54006, 8, 8 
10482, 8, 8 
44579, 8, 8 
9165, 8, 8 
53506, 8, 8 
14305, 8, 8 
2070, 8, 8 
44676, 8, 8 
7376, 8, 8 
23456, 8, 8 
3094, 8, 8 
58070, 8, 8 
34417, 8, 8 
37398, 8, 8 
25849, 8, 8 
31399, 8, 8 
11724, 8, 8 
7871, 8, 8 
46730, 8, 8 
14396, 8, 8 
17145, 8, 8 
10771, 8, 8 
3153, 8, 8 
44874, 8, 8 
36820, 8, 8 
55153, 8, 8 
20024, 8, 8 
32355, 8, 8 
29988, 8, 8 
46508, 8, 8 
575, 8, 8 
58893, 8, 8 
29279, 8, 8 
53701, 8, 8 
24134, 8, 8 
59568, 8, 8 
2761, 8, 8 
28581, 8, 8 
26523, 8, 8 
34565, 8, 8 
29618, 8, 8 
25587, 8, 8 
22585, 8, 8 
14250, 8, 8 
15598, 8, 8 
34107, 8, 8 
45117, 8, 8 
50791, 8, 8 
57481, 8, 8 
20020, 8, 8 
57678, 8, 8 
30635, 8, 8 
25976, 8, 8 
25583, 8, 8 
20819, 8, 8 
38085, 8, 8 
57174, 8, 8 
25495, 8, 8 
50707, 8, 8 
22289, 8, 8 
21310, 8, 8 
57379, 8, 8 
1505, 8, 8 
38309, 8, 8 
26760, 8, 8 
56594, 8, 8 
3976, 8, 8 
50307, 8, 8 
46387, 8, 8 
47882, 8, 8 
25149, 8, 8 
7799, 8, 8 
34075, 8, 8 
11613, 8, 8 
20607, 8, 8 
39994, 8, 8 
40960, 8, 8 
57918, 8, 8 
51467, 8, 8 
23109, 8, 8 
31600, 8, 8 
24301, 8, 8 
33386, 8, 8 
160, 8, 8 
44270, 8, 8 
31525, 8, 8 
14669, 8, 8 
33038, 8, 8 
16417, 8, 8 
38799, 8, 8 
16826, 8, 8 
35762, 8, 8 
46121, 8, 8 
36915, 8, 8 
48289, 8, 8 
41363, 8, 8 
25686, 8, 8 
55272, 8, 8 
44442, 8, 3 
52496, 8, 8 
55221, 8, 8 
29132, 8, 8 
52830, 8, 8 
25661, 8, 8 
3555, 8, 8 
14697, 8, 8 
17804, 8, 8 
2476, 8, 8 
43993, 8, 8 
19128, 8, 8 
45842, 8, 8 
57425, 8, 8 
32770, 8, 8 
37444, 8, 8 
54117, 8, 8 
33636, 8, 8 
50176, 8, 8 
50532, 8, 8 
19650, 8, 8 
46827, 8, 8 
41468, 8, 8 
19835, 8, 8 
56322, 8, 8 
56430, 8, 8 
59423, 8, 8 
18348, 8, 0 
15664, 8, 8 
55357, 8, 8 
47723, 8, 8 
51094, 8, 8 
33839, 8, 8 
9918, 8, 8 
30823, 8, 8 
22039, 8, 8 
16631, 8, 8 
36275, 8, 8 
52349, 8, 8 
3002, 8, 8 
47811, 8, 8 
45458, 8, 1 
36944, 8, 8 
766, 8, 8 
40792, 8, 8 
59542, 8, 8 
57045, 8, 8 
348, 8, 8 
52632, 8, 8 
3570, 8, 8 
35928, 8, 8 
15979, 8, 8 
5346, 8, 8 
40466, 8, 8 
48055, 8, 8 
23789, 8, 8 
12084, 8, 8 
3866, 8, 8 
3163, 8, 8 
49522, 8, 8 
33802, 8, 8 
37198, 8, 8 
42473, 8, 8 
33883, 8, 8 
4383, 8, 8 
8761, 8, 8 
53036, 8, 8 
28779, 8, 8 
29022, 8, 8 
43501, 8, 8 
9651, 8, 4 
31080, 8, 8 
27024, 8, 8 
37178, 8, 8 
2030, 8, 8 
32076, 8, 8 
6544, 8, 8 
59090, 8, 8 
45057, 8, 8 
9490, 8, 8 
14162, 8, 8 
10800, 8, 8 
14845, 8, 8 
14338, 8, 8 
39611, 8, 8 
59764, 8, 8 
3689, 8, 8 
48495, 8, 8 
30478, 8, 8 
54178, 8, 8 
59340, 8, 8 
28342, 8, 8 
42504, 8, 8 
22543, 8, 8 
59793, 8, 8 
26605, 8, 8 
20578, 8, 8 
19792, 8, 8 
16059, 8, 8 
51943, 8, 8 
6503, 8, 8 
37267, 8, 8 
12580, 8, 8 
19932, 8, 8 
54645, 8, 8 
17196, 8, 8 
58709, 8, 8 
25819, 8, 8 
10649, 8, 8 
52671, 8, 8 
13320, 8, 8 
29393, 8, 8 
37768, 8, 8 
36367, 8, 8 
55807, 8, 8 
36413, 8, 8 
41621, 8, 8 
25131, 8, 8 
17594, 8, 1 
58011, 8, 8 
35129, 8, 8 
30418, 8, 8 
48571, 8, 8 
42998, 8, 8 
17036, 8, 8 
13680, 8, 8 
44568, 8, 8 
14625, 8, 8 
5263, 8, 8 
24691, 8, 8 
36648, 8, 8 
53743, 8, 8 
6030, 8, 8 
49824, 8, 8 
17825, 8, 8 
32352, 8, 8 
39602, 8, 8 
14008, 8, 4 
49366, 8, 8 
26491, 8, 8 
21146, 8, 8 
4860, 8, 8 
6284, 8, 8 
59224, 8, 8 
6746, 8, 8 
20758, 8, 5 
5348, 8, 8 
50535, 8, 8 
27798, 8, 8 
42347, 8, 8 
51053, 8, 8 
44944, 8, 8 
58100, 8, 8 
43861, 8, 8 
21913, 8, 8 
14225, 8, 8 
49548, 8, 8 
3979, 8, 8 
50513, 8, 8 
26273, 8, 8 
47076, 8, 8 
48503, 8, 8 
58716, 8, 8 
12400, 8, 8 
6731, 8, 8 
23347, 8, 8 
22365, 8, 8 
57392, 8, 8 
1207, 8, 8 
59636, 8, 8 
43876, 8, 8 
18047, 8, 8 
49822, 8, 8 
312, 8, 8 
39731, 8, 8 
59711, 8, 8 
54935, 8, 8 
39653, 8, 8 
36386, 8, 8 
10281, 8, 8 
39167, 8, 8 
19046, 8, 8 
46399, 8, 8 
57767, 8, 8 
29604, 8, 8 
43788, 8, 8 
18994, 8, 8 
58787, 8, 8 
7909, 8, 8 
40245, 8, 8 
6288, 8, 8 
59936, 8, 8 
9112, 8, 8 
30581, 8, 8 
14553, 8, 8 
37735, 8, 8 
44241, 8, 8 
53913, 8, 8 
15033, 8, 8 
8465, 8, 8 
38623, 8, 8 
5029, 8, 8 
14192, 8, 8 
49302, 8, 8 
46631, 8, 8 
33074, 8, 8 
51891, 8, 8 
26664, 8, 8 
47425, 8, 8 
54054, 8, 8 
47151, 8, 8 
10596, 8, 8 
52445, 8, 8 
21383, 8, 8 
15149, 8, 8 
31630, 8, 8 
49634, 8, 8 
55145, 8, 8 
37924, 8, 8 
1013, 8, 8 
20363, 8, 8 
48704, 8, 8 
57042, 8, 8 
22532, 8, 8 
44695, 8, 8 
49808, 8, 8 
4006, 8, 8 
24312, 8, 8 
36565, 8, 8 
35123, 8, 8 
54821, 8, 8 
57238, 8, 8 
43181, 8, 8 
50738, 8, 8 
12118, 8, 8 
17197, 8, 8 
51668, 8, 8 
55491, 8, 8 
28662, 8, 8 
34193, 8, 8 
13055, 8, 8 
57355, 8, 8 
22923, 8, 8 
20785, 8, 8 
42595, 8, 8 
539, 8, 8 
19052, 8, 8 
15599, 8, 8 
32375, 8, 8 
925, 8, 8 
39315, 8, 8 
51414, 8, 8 
44702, 8, 8 
18884, 8, 8 
37701, 8, 8 
53556, 8, 8 
8299, 8, 8 
51164, 8, 8 
39035, 8, 8 
54185, 8, 8 
21589, 8, 8 
18311, 8, 8 
39499, 8, 8 
53011, 8, 8 
29535, 8, 8 
4357, 8, 8 
16044, 8, 8 
6390, 8, 8 
10866, 8, 8 
20511, 8, 8 
18711, 8, 8 
21467, 8, 8 
13346, 8, 8 
55519, 8, 8 
57772, 8, 8 
35591, 8, 8 
6803, 8, 8 
39432, 8, 8 
5853, 8, 8 
58969, 8, 8 
38581, 8, 8 
41463, 8, 8 
12534, 8, 8 
58031, 8, 8 
57031, 8, 8 
6703, 8, 8 
48309, 8, 8 
4803, 8, 8 
352, 8, 8 
14289, 9, 9 
29865, 9, 9 
10028, 9, 2 
52184, 9, 9 
8630, 9, 9 
49925, 9, 9 
23901, 9, 9 
38767, 9, 9 
8547, 9, 9 
34637, 9, 9 
39932, 9, 9 
37321, 9, 9 
116, 9, 9 
42721, 9, 9 
31876, 9, 4 
10198, 9, 9 
47766, 9, 9 
12475, 9, 9 
15162, 9, 9 
43521, 9, 9 
13971, 9, 9 
18579, 9, 9 
28941, 9, 9 
59794, 9, 9 
24588, 9, 9 
33891, 9, 9 
58351, 9, 9 
41014, 9, 9 
12925, 9, 9 
33211, 9, 9 
36074, 9, 9 
9447, 9, 9 
7061, 9, 9 
16816, 9, 9 
53442, 9, 9 
38006, 9, 9 
59761, 9, 9 
17831, 9, 9 
36369, 9, 9 
10794, 9, 9 
50248, 9, 9 
36104, 9, 7 
54984, 9, 9 
25247, 9, 9 
36930, 9, 9 
36963, 9, 9 
58796, 9, 9 
10658, 9, 9 
4098, 9, 9 
40026, 9, 9 
52718, 9, 4 
46828, 9, 4 
58680, 9, 9 
56607, 9, 9 
28047, 9, 9 
54571, 9, 9 
29001, 9, 9 
14815, 9, 9 
58338, 9, 9 
21876, 9, 9 
4916, 9, 9 
59518, 9, 9 
28330, 9, 9 
6145, 9, 9 
32745, 9, 9 
27037, 9, 9 
18860, 9, 9 
41177, 9, 9 
5233, 9, 9 
53565, 9, 9 
17692, 9, 9 
34330, 9, 9 
45352, 9, 9 
8899, 9, 9 
14956, 9, 9 
6999, 9, 9 
30887, 9, 9 
17644, 9, 9 
9998, 9, 9 
55978, 9, 9 
7070, 9, 9 
27839, 9, 9 
1903, 9, 9 
52462, 9, 3 
16877, 9, 9 
16570, 9, 9 
23467, 9, 9 
2696, 9, 9 
25083, 9, 9 
32271, 9, 9 
54860, 9, 9 
25664, 9, 9 
51145, 9, 9 
53280, 9, 9 
6306, 9, 9 
47353, 9, 9 
37338, 9, 9 
36083, 9, 9 
30805, 9, 9 
2385, 9, 9 
346, 9, 9 
44995, 9, 9 
21645, 9, 9 
31532, 9, 9 
41953, 9, 9 
48042, 9, 9 
47899, 9, 9 
39997, 9, 9 
8608, 9, 9 
2815, 9, 9 
31041, 9, 9 
8601, 9, 9 
36201, 9, 9 
59973, 9, 9 
26060, 9, 9 
45787, 9, 9 
12029, 9, 9 
162, 9, 9 
47185, 9, 9 
29808, 9, 9 
53370, 9, 9 
40764, 9, 9 
27342, 9, 9 
24193, 9, 9 
44010, 9, 9 
54793, 9, 9 
50787, 9, 8 
7094, 9, 9 
59514, 9, 9 
40126, 9, 9 
36161, 9, 9 
6820, 9, 9 
53397, 9, 9 
18146, 9, 9 
41005, 9, 9 
1695, 9, 9 
6872, 9, 9 
34824, 9, 8 
3322, 9, 9 
24775, 9, 9 
41097, 9, 9 
43107, 9, 4 
5106, 9, 9 
21108, 9, 9 
50558, 9, 9 
12651, 9, 3 
8525, 9, 9 
26223, 9, 9 
23807, 9, 9 
17283, 9, 9 
9275, 9, 9 
14984, 9, 9 
37247, 9, 9 
48159, 9, 9 
39537, 9, 9 
36392, 9, 8 
50285, 9, 9 
5577, 9, 9 
20767, 9, 9 
35182, 9, 9 
53683, 9, 9 
34338, 9, 9 
53676, 9, 9 
39333, 9, 9 
37919, 9, 9 
50784, 9, 9 
59236, 9, 9 
49574, 9, 9 
40325, 9, 9 
58639, 9, 9 
37587, 9, 9 
6272, 9, 4 
27016, 9, 4 
23624, 9, 9 
17455, 9, 9 
32848, 9, 9 
45415, 9, 9 
52123, 9, 9 
32360, 9, 9 
43358, 9, 9 
40656, 9, 9 
10193, 9, 9 
59205, 9, 9 
17531, 9, 9 
7430, 9, 9 
42035, 9, 9 
18153, 9, 9 
1623, 9, 9 
23212, 9, 4 
7946, 9, 9 
3481, 9, 9 
58385, 9, 9 
10875, 9, 9 
48647, 9, 9 
50373, 9, 9 
50973, 9, 9 
46353, 9, 9 
9613, 9, 9 
50997, 9, 9 
44228, 9, 9 
44230, 9, 9 
45380, 9, 9 
13191, 9, 9 
17989, 9, 9 
28129, 9, 9 
56075, 9, 9 
54335, 9, 9 
37737, 9, 9 
10219, 9, 9 
46064, 9, 9 
46721, 9, 9 
4025, 9, 9 
27692, 9, 9 
41040, 9, 9 
43845, 9, 9 
3970, 9, 9 
43792, 9, 9 
54874, 9, 9 
29379, 9, 4 
14208, 9, 9 
45163, 9, 9 
38470, 9, 9 
19887, 9, 9 
14459, 9, 9 
38087, 9, 9 
10597, 9, 9 
55600, 9, 9 
50724, 9, 9 
15745, 9, 9 
58746, 9, 9 
25900, 9, 9 
19558, 9, 0 
6084, 9, 9 
39166, 9, 9 
15755, 9, 4 
46870, 9, 9 
31312, 9, 9 
38082, 9, 9 
47257, 9, 9 
7620, 9, 3 
14780, 9, 9 
24197, 9, 9 
53623, 9, 9 
18813, 9, 9 
8492, 9, 9 
30987, 9, 9 
24199, 9, 9 
3030, 9, 9 
14504, 9, 9 
6263, 9, 9 
3389, 9, 9 
22795, 9, 9 
39621, 9, 9 
24300, 9, 9 
43751, 9, 9 
29868, 9, 8 
25946, 9, 3 
23771, 9, 9 
19537, 9, 9 
57744, 9, 4 
23738, 9, 9 
33931, 9, 9 
45304, 9, 9 
47588, 9, 9 
25637, 9, 9 
42214, 9, 9 
33791, 9, 9 
51919, 9, 9 
4219, 9, 9 
52535, 9, 9 
41681, 9, 9 
5208, 9, 9 
23998, 9, 9 
32051, 9, 9 
34019, 9, 9 
31551, 9, 9 
12175, 9, 9 
8424, 9, 9 
36886, 9, 9 
17671, 9, 9 
43863, 9, 9 
17720, 9, 9 
27237, 9, 9 
40800, 9, 9 
8953, 9, 9 
50967, 9, 9 
23102, 9, 9 
2804, 9, 9 
18027, 9, 9 
42738, 9, 9 
42890, 9, 9 
5572, 9, 9 
16053, 9, 9 
26609, 9, 9 
7053, 9, 9 
57896, 9, 9 
32816, 9, 9 
45810, 9, 9 
12051, 9, 9 
15072, 9, 9 
28911, 9, 9 
14895, 9, 9 
46176, 9, 9 
24185, 9, 9 
26954, 9, 9 
54449, 9, 9 
50204, 9, 9 
48795, 9, 9 
18106, 9, 9 
10507, 9, 9 
14336, 9, 9 
54031, 9, 9 
56478, 9, 9 
41021, 9, 9 
25589, 9, 9 
47244, 9, 9 
40938, 9, 9 
1083, 9, 9 
32679, 9, 9 
48836, 9, 9 
28260, 9, 4 
29349, 9, 9 
21158, 9, 9 
30520, 9, 9 
10038, 9, 9 
13012, 9, 8 
4244, 9, 9 
56021, 9, 9 
52653, 9, 9 
53801, 9, 9 
42459, 9, 9 
12120, 9, 9 
30022, 9, 9 
20861, 9, 9 
20811, 9, 9 
45688, 9, 9 
18777, 9, 9 
42426, 9, 9 
39192, 9, 9 
33246, 9, 9 
31089, 9, 9 
29672, 9, 8 
48388, 9, 4 
51716, 9, 9 
11891, 9, 4 
3796, 9, 9 
27325, 9, 9 
23880, 9, 9 
45445, 9, 9 
34399, 9, 9 
59532, 9, 9 
35004, 9, 9 
12674, 9, 9 
21870, 9, 9 
52481, 9, 9 
11151, 9, 9 
59776, 9, 9 
48597, 9, 9 
28058, 9, 9 
33961, 9, 9 
34227, 9, 9 
2141, 9, 9 
28195, 9, 9 
59939, 9, 9 
27450, 9, 9 
31394, 9, 9 
16350, 9, 9 
33360, 9, 9 
40177, 9, 9 
58245, 9, 9 
6191, 9, 9 
59749, 9, 9 
30977, 9, 9 
24593, 9, 9 
43830, 9, 9 
58236, 9, 9 
38456, 9, 9 
4026, 9, 9 
32377, 9, 9 
4968, 9, 3 
57732, 9, 9 
9968, 9, 9 
11515, 9, 9 
19728, 9, 9 
34196, 9, 9 
22388, 9, 9 
31653, 9, 9 
23111, 9, 9 
55126, 9, 9 
41855, 9, 9 
6479, 9, 9 
2579, 9, 9 
19024, 9, 9 
49128, 9, 9 
37352, 9, 4 
36945, 9, 9 
34969, 9, 9 
26837, 9, 9 
49227, 9, 9 
626, 9, 9 
28833, 9, 9 
19256, 9, 9 
45671, 9, 9 
25824, 9, 9 
43862, 9, 9 
29154, 9, 9 
53950, 9, 9 
21774, 9, 9 
50473, 9, 9 
32047, 9, 0 
42173, 9, 9 
14579, 9, 9 
13801, 9, 9 
51393, 9, 9 
53438, 9, 9 
38562, 9, 9 
51032, 9, 9 
42209, 9, 9 
3781, 9, 9 
30208, 9, 9 
39762, 9, 9 
14146, 9, 9 
43114, 9, 9 
3095, 9, 9 
53700, 9, 9 
8503, 9, 9 
50758, 9, 9 
33544, 9, 9 
18350, 9, 9 
19914, 9, 9 
20207, 9, 9 
2465, 9, 9 
11313, 9, 9 
46318, 9, 9 
17708, 9, 9 
17826, 9, 9 
59287, 9, 9 
50798, 9, 9 
36370, 9, 4 
25063, 9, 9 
23989, 9, 9 
35532, 9, 9 
10004, 9, 9 
9893, 9, 9 
4830, 9, 9 
17319, 9, 9 
16981, 9, 5 
31077, 9, 9 
28553, 9, 9 
10539, 9, 9 
45828, 9, 9 
20129, 9, 9 
42773, 9, 9 
41840, 9, 9 
4447, 9, 4 
46602, 9, 9 
41563, 9, 9 
12708, 9, 9 
51253, 9, 9 
51082, 9, 9 
24736, 9, 9 
28007, 9, 9 
23084, 9, 9 
48304, 9, 9 
5999, 9, 9 
46802, 9, 9 
26336, 9, 9 
37575, 9, 9 
27383, 9, 9 
53616, 9, 9 
334, 9, 9 
43183, 9, 9 
10070, 9, 9 
31842, 9, 9 
10480, 9, 9 
56018, 9, 9 
5803, 9, 9 
34651, 9, 9 
11926, 9, 9 
16541, 9, 9 
15433, 9, 9 
32729, 9, 9 
56257, 9, 9 
9304, 9, 9 
36203, 9, 9 
48347, 9, 9 
35763, 9, 9 
49371, 9, 9 
22780, 9, 9 
27430, 9, 9 
35812, 9, 9 
51192, 9, 9 
8776, 9, 9 
13678, 9, 9 
15349, 9, 9 
10382, 9, 8 
18883, 9, 9 
39199, 9, 9 
53778, 9, 9 
50408, 9, 9 
