id, true label, predicted label 
9215, 0, 0 
52520, 0, 0 
2919, 0, 0 
50042, 0, 0 
38404, 0, 0 
41383, 0, 0 
50024, 0, 0 
28230, 0, 0 
22752, 0, 0 
13547, 0, 0 
54083, 0, 0 
47372, 0, 0 
26753, 0, 0 
41245, 0, 0 
24706, 0, 0 
15133, 0, 0 
37856, 0, 0 
42153, 0, 0 
59901, 0, 0 
59987, 0, 0 
56914, 0, 0 
49675, 0, 0 
36260, 0, 0 
10283, 0, 0 
42867, 0, 0 
56389, 0, 0 
28203, 0, 0 
23943, 0, 0 
3516, 0, 0 
30709, 0, 0 
27148, 0, 0 
26475, 0, 0 
43059, 0, 0 
19504, 0, 0 
31567, 0, 0 
41371, 0, 0 
1304, 0, 0 
49027, 0, 0 
1596, 0, 0 
55277, 0, 0 
42865, 0, 0 
1471, 0, 0 
37043, 0, 0 
41896, 0, 0 
56388, 0, 0 
39028, 0, 0 
56377, 0, 0 
52831, 0, 0 
55582, 0, 0 
45418, 0, 0 
47917, 0, 0 
15890, 0, 0 
14722, 0, 0 
52228, 0, 0 
31127, 0, 0 
18665, 0, 0 
9691, 0, 0 
35712, 0, 0 
10456, 0, 0 
24105, 0, 0 
18337, 0, 0 
49351, 0, 0 
36163, 0, 0 
30665, 0, 0 
5615, 0, 0 
15208, 0, 0 
1310, 0, 0 
47822, 0, 0 
19009, 0, 0 
40428, 0, 0 
11014, 0, 0 
51845, 0, 0 
3709, 0, 0 
42801, 0, 0 
28546, 0, 0 
42771, 0, 0 
37914, 0, 0 
25932, 0, 0 
55410, 0, 0 
26620, 0, 0 
249, 0, 0 
19240, 0, 0 
22143, 0, 0 
24693, 0, 0 
11036, 0, 0 
6406, 0, 0 
25707, 0, 0 
7882, 0, 0 
25290, 0, 0 
42764, 0, 0 
46748, 0, 0 
38605, 0, 0 
40322, 0, 0 
29695, 0, 0 
37790, 0, 0 
14412, 0, 0 
21064, 0, 0 
39811, 0, 0 
50820, 0, 0 
49987, 0, 0 
38179, 0, 0 
52045, 0, 0 
51824, 0, 0 
55501, 0, 0 
43129, 0, 0 
58668, 0, 0 
20478, 0, 0 
48526, 0, 0 
10245, 0, 0 
6857, 0, 0 
13911, 0, 0 
33157, 0, 0 
53665, 0, 0 
13098, 0, 0 
26210, 0, 0 
45255, 0, 0 
44225, 0, 0 
17379, 0, 0 
20128, 0, 0 
29283, 0, 0 
40320, 0, 0 
25750, 0, 0 
35343, 0, 0 
24807, 0, 0 
4009, 0, 0 
56174, 0, 0 
48808, 0, 0 
56219, 0, 0 
57629, 0, 0 
43939, 0, 0 
14919, 0, 0 
57356, 0, 0 
10469, 0, 0 
4106, 0, 0 
35087, 0, 0 
36789, 0, 0 
10691, 0, 0 
26784, 0, 0 
42081, 0, 0 
55254, 0, 0 
2121, 0, 0 
2736, 0, 0 
58073, 0, 0 
8540, 0, 0 
26038, 0, 0 
12011, 0, 0 
1195, 0, 0 
31321, 0, 0 
21353, 0, 0 
1371, 0, 0 
49695, 0, 0 
17411, 0, 0 
29570, 0, 0 
38540, 0, 0 
24348, 0, 0 
54804, 0, 0 
49848, 0, 0 
49770, 0, 0 
54080, 0, 0 
28108, 0, 0 
35311, 0, 0 
40613, 0, 0 
25252, 0, 0 
25629, 0, 0 
52336, 0, 0 
52247, 0, 0 
17761, 0, 0 
1443, 0, 0 
11320, 0, 0 
2257, 0, 0 
3012, 0, 0 
68, 0, 0 
38889, 0, 0 
34352, 0, 0 
41506, 0, 0 
33640, 0, 0 
52179, 0, 0 
36241, 0, 0 
37968, 0, 0 
37554, 0, 0 
28888, 0, 0 
28593, 0, 0 
39992, 0, 0 
26027, 0, 0 
21521, 0, 0 
36331, 0, 0 
30653, 0, 0 
33442, 0, 0 
11792, 0, 0 
9131, 0, 0 
34296, 0, 0 
1907, 0, 0 
59795, 0, 0 
26881, 0, 0 
5697, 0, 0 
10343, 0, 0 
44531, 0, 0 
59372, 0, 0 
55556, 0, 0 
55487, 0, 0 
34369, 0, 0 
19258, 0, 0 
6179, 0, 0 
39263, 0, 0 
35681, 0, 0 
53657, 0, 0 
40633, 0, 0 
7597, 0, 0 
37854, 0, 0 
37497, 0, 0 
17485, 0, 0 
51834, 0, 0 
43195, 0, 0 
11911, 0, 0 
17223, 0, 0 
46294, 0, 0 
7127, 0, 0 
3806, 0, 0 
39233, 0, 0 
30585, 0, 0 
59420, 0, 0 
34172, 0, 0 
28002, 0, 0 
24188, 0, 0 
51774, 0, 0 
41038, 0, 0 
53460, 0, 0 
46054, 0, 0 
39715, 0, 0 
4047, 0, 0 
49013, 0, 0 
43527, 0, 0 
17392, 0, 0 
320, 0, 0 
19979, 0, 0 
19900, 0, 0 
30605, 0, 0 
29869, 0, 0 
23856, 0, 0 
54303, 0, 0 
18412, 0, 0 
50407, 0, 0 
14160, 0, 0 
49097, 0, 0 
519, 0, 0 
20747, 0, 0 
22583, 0, 0 
18703, 0, 0 
8089, 0, 0 
5244, 0, 0 
26262, 0, 0 
46484, 0, 0 
44029, 0, 0 
39564, 0, 0 
22429, 0, 0 
21508, 0, 0 
14276, 0, 0 
28122, 0, 0 
702, 0, 0 
15854, 0, 0 
27658, 0, 0 
20141, 0, 0 
39801, 0, 0 
33066, 0, 0 
35793, 0, 0 
42980, 0, 0 
24861, 0, 0 
10801, 0, 0 
1, 0, 0 
15590, 0, 0 
25420, 0, 0 
30748, 0, 0 
47386, 0, 0 
1578, 0, 0 
41401, 0, 0 
18868, 0, 0 
49949, 0, 0 
47135, 0, 0 
19726, 0, 0 
12276, 0, 0 
949, 0, 0 
13483, 0, 0 
26176, 0, 0 
27638, 0, 0 
3667, 0, 0 
33608, 0, 0 
29446, 0, 0 
59868, 0, 0 
59878, 0, 0 
33665, 0, 0 
13719, 0, 0 
15046, 0, 0 
57321, 0, 0 
32666, 0, 0 
58316, 0, 0 
27484, 0, 0 
49713, 0, 0 
42877, 0, 0 
50236, 0, 0 
33647, 0, 0 
42664, 0, 0 
4926, 0, 0 
19924, 0, 0 
15648, 0, 0 
39800, 0, 0 
3143, 0, 0 
8309, 0, 0 
35634, 0, 0 
23728, 0, 0 
1775, 0, 0 
47267, 0, 0 
32109, 0, 0 
17977, 0, 0 
40412, 0, 0 
19935, 0, 0 
12095, 0, 0 
42275, 0, 0 
9742, 0, 0 
25386, 0, 0 
48947, 0, 0 
9877, 0, 0 
36143, 0, 0 
56573, 0, 0 
13826, 0, 0 
57393, 0, 0 
21800, 0, 0 
58897, 0, 0 
18889, 0, 0 
1916, 0, 0 
53994, 0, 0 
59105, 0, 0 
35348, 0, 0 
5082, 0, 0 
58645, 0, 0 
45539, 0, 0 
35620, 0, 0 
13076, 0, 0 
43811, 0, 0 
34731, 0, 0 
33963, 0, 0 
43941, 0, 0 
15928, 0, 0 
45741, 0, 0 
44750, 0, 0 
16402, 0, 0 
39615, 0, 0 
9083, 0, 0 
20947, 0, 0 
8288, 0, 0 
53293, 0, 0 
48627, 0, 0 
59051, 0, 0 
19133, 0, 0 
30340, 0, 0 
18515, 0, 0 
53916, 0, 0 
50586, 0, 0 
37220, 0, 0 
54391, 0, 0 
11729, 0, 0 
40565, 0, 0 
34538, 0, 0 
26545, 0, 0 
28692, 0, 0 
18042, 0, 0 
41406, 0, 0 
13729, 0, 0 
42835, 0, 0 
50750, 0, 0 
27153, 0, 0 
50629, 0, 0 
48403, 0, 0 
11526, 0, 0 
55840, 0, 0 
23131, 0, 0 
10334, 0, 0 
22932, 0, 0 
35423, 0, 0 
54328, 0, 0 
19419, 0, 0 
15492, 0, 0 
9435, 0, 0 
1963, 0, 0 
5844, 0, 0 
48920, 0, 0 
44127, 0, 0 
1018, 0, 0 
22111, 0, 0 
19581, 0, 0 
14481, 0, 0 
15825, 0, 0 
46438, 0, 0 
12799, 0, 0 
14991, 0, 0 
33087, 0, 0 
29994, 0, 0 
41667, 0, 0 
34839, 0, 0 
13211, 0, 0 
3585, 0, 0 
52354, 0, 0 
41117, 0, 0 
25461, 0, 0 
20584, 0, 0 
58306, 0, 0 
3829, 0, 0 
52126, 0, 0 
50684, 0, 0 
52804, 0, 0 
30119, 0, 0 
12337, 0, 0 
15504, 0, 0 
43884, 0, 0 
38766, 0, 0 
19179, 0, 0 
5583, 0, 0 
3128, 0, 0 
43554, 0, 0 
5108, 0, 0 
49370, 0, 0 
55805, 0, 0 
14445, 0, 0 
42369, 0, 0 
44599, 0, 0 
34582, 0, 0 
46772, 0, 0 
14729, 0, 0 
42349, 0, 0 
2101, 0, 0 
38808, 0, 0 
40313, 0, 0 
25512, 0, 0 
4344, 0, 0 
45145, 0, 0 
46653, 0, 0 
30240, 0, 0 
24024, 0, 0 
25953, 0, 0 
18222, 0, 0 
23926, 0, 0 
51623, 0, 0 
39890, 0, 0 
26645, 0, 0 
19856, 0, 0 
18278, 0, 0 
29341, 0, 0 
9963, 0, 0 
3610, 0, 0 
59723, 0, 0 
46818, 0, 0 
46560, 0, 0 
40043, 0, 0 
20256, 0, 0 
11045, 0, 0 
43074, 0, 0 
25690, 0, 0 
33112, 0, 0 
45235, 0, 0 
58108, 0, 0 
34989, 0, 0 
33776, 0, 0 
53290, 0, 0 
37, 0, 0 
17549, 0, 0 
42262, 0, 0 
34421, 0, 0 
32575, 0, 0 
47476, 0, 0 
40082, 0, 0 
7669, 0, 0 
47271, 0, 0 
3603, 0, 0 
41806, 0, 0 
52941, 0, 0 
35431, 0, 0 
19119, 0, 0 
49374, 0, 0 
51108, 0, 0 
49528, 0, 0 
38310, 0, 0 
36533, 0, 0 
27697, 0, 0 
19902, 0, 0 
19376, 0, 0 
16439, 0, 0 
3777, 0, 0 
22910, 0, 0 
30275, 0, 0 
20658, 0, 0 
49304, 0, 0 
52323, 0, 0 
34451, 0, 0 
30222, 0, 0 
54004, 0, 0 
28457, 0, 0 
30455, 0, 0 
57700, 0, 0 
33302, 0, 0 
524, 0, 0 
17376, 0, 0 
14899, 1, 1 
38398, 1, 1 
19150, 1, 1 
17560, 1, 1 
47905, 1, 1 
44324, 1, 1 
16334, 1, 1 
5635, 1, 1 
8934, 1, 1 
10239, 1, 1 
41029, 1, 1 
35487, 1, 1 
8083, 1, 1 
16345, 1, 1 
50150, 1, 1 
39905, 1, 1 
8542, 1, 1 
16885, 1, 1 
17960, 1, 1 
36864, 1, 1 
6586, 1, 1 
5123, 1, 1 
16218, 1, 1 
50789, 1, 2 
12158, 1, 1 
52990, 1, 1 
52444, 1, 1 
27578, 1, 1 
29040, 1, 1 
21166, 1, 1 
23795, 1, 1 
59958, 1, 1 
17042, 1, 1 
57931, 1, 1 
5439, 1, 1 
36558, 1, 1 
40921, 1, 1 
290, 1, 1 
21492, 1, 1 
32465, 1, 1 
55214, 1, 1 
5073, 1, 1 
37290, 1, 1 
36731, 1, 1 
43784, 1, 1 
53761, 1, 1 
52492, 1, 1 
35514, 1, 1 
5174, 1, 9 
44650, 1, 1 
6558, 1, 1 
28167, 1, 1 
37365, 1, 1 
54720, 1, 1 
40744, 1, 1 
33440, 1, 1 
21889, 1, 8 
3488, 1, 1 
56980, 1, 1 
54293, 1, 1 
11308, 1, 1 
20961, 1, 1 
28063, 1, 1 
57223, 1, 1 
55142, 1, 1 
2374, 1, 1 
59820, 1, 1 
41805, 1, 1 
23444, 1, 1 
24329, 1, 1 
22164, 1, 1 
53330, 1, 1 
37225, 1, 1 
50661, 1, 1 
29242, 1, 1 
6834, 1, 1 
19776, 1, 1 
33623, 1, 1 
14038, 1, 1 
25600, 1, 1 
40644, 1, 1 
5582, 1, 1 
30556, 1, 1 
36943, 1, 1 
33918, 1, 1 
16960, 1, 1 
22689, 1, 1 
48611, 1, 1 
31871, 1, 1 
17706, 1, 8 
26774, 1, 1 
56689, 1, 1 
1192, 1, 1 
29245, 1, 1 
14846, 1, 1 
37058, 1, 1 
36442, 1, 1 
14812, 1, 1 
39072, 1, 1 
18692, 1, 1 
13338, 1, 1 
51390, 1, 1 
4685, 1, 1 
29952, 1, 1 
33295, 1, 1 
30996, 1, 1 
14310, 1, 1 
7993, 1, 1 
38425, 1, 1 
52822, 1, 1 
25749, 1, 1 
747, 1, 1 
315, 1, 1 
6247, 1, 1 
16181, 1, 1 
25524, 1, 1 
13649, 1, 1 
27558, 1, 1 
13266, 1, 1 
50911, 1, 1 
30958, 1, 1 
31174, 1, 1 
6070, 1, 1 
18316, 1, 1 
46865, 1, 1 
12215, 1, 1 
30978, 1, 1 
10342, 1, 1 
45556, 1, 1 
22627, 1, 1 
26726, 1, 1 
1002, 1, 1 
32153, 1, 1 
15157, 1, 1 
44725, 1, 1 
57169, 1, 1 
3729, 1, 1 
8456, 1, 1 
53199, 1, 1 
33646, 1, 1 
47796, 1, 1 
40482, 1, 1 
36633, 1, 1 
6186, 1, 1 
552, 1, 1 
46127, 1, 1 
27746, 1, 1 
22452, 1, 1 
25934, 1, 1 
55306, 1, 1 
9960, 1, 1 
15536, 1, 1 
27003, 1, 1 
16971, 1, 1 
45537, 1, 1 
33556, 1, 1 
23973, 1, 1 
48119, 1, 1 
25496, 1, 1 
12394, 1, 1 
26939, 1, 1 
28656, 1, 1 
11249, 1, 1 
37305, 1, 1 
11342, 1, 1 
54752, 1, 1 
50136, 1, 1 
2301, 1, 1 
1658, 1, 1 
30852, 1, 1 
47868, 1, 1 
16943, 1, 1 
25857, 1, 1 
29173, 1, 1 
10285, 1, 1 
7149, 1, 1 
28184, 1, 1 
24216, 1, 1 
48126, 1, 1 
35436, 1, 1 
29961, 1, 1 
55768, 1, 1 
47243, 1, 1 
18259, 1, 1 
53162, 1, 1 
25421, 1, 1 
30920, 1, 1 
59965, 1, 1 
36288, 1, 1 
27020, 1, 1 
24126, 1, 1 
42506, 1, 1 
28238, 1, 1 
58561, 1, 1 
25049, 1, 1 
39857, 1, 1 
44627, 1, 1 
40987, 1, 1 
51432, 1, 4 
20047, 1, 1 
16495, 1, 1 
17847, 1, 1 
8373, 1, 1 
6701, 1, 1 
46705, 1, 1 
46058, 1, 1 
10783, 1, 1 
55080, 1, 1 
38235, 1, 1 
20143, 1, 1 
10601, 1, 1 
36145, 1, 1 
31916, 1, 1 
39077, 1, 1 
45051, 1, 1 
22831, 1, 1 
56991, 1, 1 
37518, 1, 1 
33480, 1, 1 
50830, 1, 1 
37624, 1, 1 
6366, 1, 1 
54544, 1, 1 
1259, 1, 1 
41858, 1, 1 
4162, 1, 1 
30639, 1, 1 
23844, 1, 1 
50225, 1, 1 
10581, 1, 1 
1822, 1, 1 
7393, 1, 1 
19643, 1, 1 
46470, 1, 1 
46302, 1, 1 
39828, 1, 1 
43017, 1, 1 
38311, 1, 1 
5643, 1, 1 
11275, 1, 1 
55499, 1, 1 
2039, 1, 1 
9570, 1, 1 
16367, 1, 1 
48931, 1, 1 
29285, 1, 1 
54716, 1, 1 
447, 1, 1 
13449, 1, 1 
51895, 1, 1 
9599, 1, 1 
7469, 1, 1 
40058, 1, 1 
43616, 1, 1 
27885, 1, 1 
57738, 1, 1 
58008, 1, 1 
45297, 1, 1 
18074, 1, 1 
19940, 1, 1 
21248, 1, 1 
55710, 1, 1 
16660, 1, 1 
25981, 1, 1 
51813, 1, 1 
1044, 1, 1 
18165, 1, 1 
39485, 1, 1 
40826, 1, 1 
14234, 1, 1 
20066, 1, 1 
46434, 1, 1 
57192, 1, 1 
59488, 1, 1 
23291, 1, 1 
32246, 1, 1 
32886, 1, 1 
40651, 1, 1 
27684, 1, 1 
22045, 1, 1 
14859, 1, 1 
37972, 1, 1 
6142, 1, 1 
48583, 1, 1 
42765, 1, 1 
22639, 1, 1 
36921, 1, 1 
56696, 1, 1 
55232, 1, 1 
3473, 1, 1 
8331, 1, 1 
56541, 1, 1 
29222, 1, 1 
25885, 1, 1 
56192, 1, 1 
51112, 1, 1 
26867, 1, 1 
19400, 1, 1 
33752, 1, 4 
16722, 1, 1 
42339, 1, 1 
2878, 1, 1 
8772, 1, 9 
59207, 1, 1 
34169, 1, 1 
17433, 1, 1 
8985, 1, 1 
2907, 1, 1 
58276, 1, 1 
38941, 1, 1 
51206, 1, 1 
4764, 1, 1 
58253, 1, 1 
13510, 1, 1 
41986, 1, 1 
14948, 1, 1 
33774, 1, 1 
10556, 1, 1 
30047, 1, 1 
37081, 1, 1 
13903, 1, 1 
30614, 1, 1 
49641, 1, 1 
20427, 1, 1 
28246, 1, 1 
47333, 1, 1 
9011, 1, 1 
32721, 1, 1 
37190, 1, 1 
23132, 1, 1 
56338, 1, 1 
28857, 1, 1 
31209, 1, 1 
9653, 1, 1 
3546, 1, 1 
47153, 1, 1 
21201, 1, 1 
23470, 1, 1 
7729, 1, 1 
8275, 1, 1 
49706, 1, 1 
54946, 1, 1 
42518, 1, 1 
52916, 1, 1 
32129, 1, 1 
42690, 1, 1 
30335, 1, 1 
12878, 1, 1 
24122, 1, 1 
29284, 1, 1 
49837, 1, 1 
30261, 1, 1 
31980, 1, 1 
17637, 1, 1 
33750, 1, 1 
43972, 1, 1 
38305, 1, 1 
4504, 1, 1 
35116, 1, 1 
46747, 1, 1 
39169, 1, 1 
22325, 1, 1 
15438, 1, 1 
33936, 1, 1 
50608, 1, 1 
8738, 1, 1 
25758, 1, 1 
6328, 1, 1 
29480, 1, 1 
11433, 1, 1 
13129, 1, 1 
45438, 1, 1 
45955, 1, 1 
8625, 1, 1 
5864, 1, 1 
12040, 1, 1 
11061, 1, 1 
48993, 1, 1 
4861, 1, 1 
47993, 1, 1 
12642, 1, 1 
54501, 1, 1 
33140, 1, 1 
45205, 1, 1 
40327, 1, 1 
48061, 1, 1 
13967, 1, 1 
7435, 1, 1 
23559, 1, 1 
43595, 1, 1 
2876, 1, 1 
11543, 1, 1 
31663, 1, 1 
10220, 1, 1 
54683, 1, 1 
39936, 1, 1 
10404, 1, 1 
35094, 1, 1 
24168, 1, 1 
18806, 1, 1 
39196, 1, 1 
35299, 1, 1 
11743, 1, 1 
16691, 1, 1 
53147, 1, 1 
43708, 1, 1 
1051, 1, 1 
36786, 1, 1 
25948, 1, 1 
23290, 1, 1 
54434, 1, 1 
38415, 1, 1 
12071, 1, 1 
55173, 1, 1 
42401, 1, 1 
11943, 1, 1 
21958, 1, 1 
52032, 1, 1 
37564, 1, 1 
35558, 1, 1 
21288, 1, 1 
31689, 1, 1 
23614, 1, 1 
50572, 1, 2 
46113, 1, 1 
17005, 1, 1 
48793, 1, 1 
14958, 1, 1 
43350, 1, 1 
37809, 1, 1 
36744, 1, 4 
27772, 1, 1 
32675, 1, 1 
48751, 1, 1 
38847, 1, 1 
7558, 1, 1 
1375, 1, 8 
33577, 1, 1 
7720, 1, 1 
51710, 1, 1 
21253, 1, 1 
21398, 1, 1 
34162, 1, 1 
34241, 1, 1 
13392, 1, 1 
50928, 1, 1 
45204, 1, 1 
36264, 1, 1 
20974, 1, 1 
7060, 1, 1 
54143, 1, 1 
9221, 1, 1 
4696, 1, 1 
46855, 1, 1 
6232, 1, 1 
59806, 1, 1 
47880, 1, 1 
8989, 1, 1 
16153, 1, 1 
24483, 1, 1 
30408, 1, 1 
10568, 1, 1 
54485, 1, 1 
22303, 1, 1 
52738, 1, 1 
45650, 1, 1 
32138, 1, 1 
2166, 1, 1 
454, 1, 1 
41487, 1, 1 
43989, 1, 1 
56435, 1, 1 
8194, 1, 1 
56902, 1, 1 
47233, 1, 1 
18235, 1, 1 
31901, 1, 1 
56683, 1, 1 
31990, 1, 1 
46077, 1, 1 
10365, 1, 1 
33086, 1, 1 
46598, 1, 1 
10416, 1, 1 
28834, 1, 1 
45037, 1, 1 
59153, 1, 1 
2708, 1, 1 
53233, 1, 1 
6880, 1, 1 
44677, 1, 1 
17925, 1, 1 
24115, 1, 1 
50956, 1, 1 
47108, 1, 1 
9312, 1, 1 
27207, 1, 1 
15805, 1, 1 
25352, 1, 1 
12704, 1, 1 
18084, 2, 2 
54682, 2, 2 
29152, 2, 2 
54815, 2, 2 
43854, 2, 2 
360, 2, 2 
30459, 2, 2 
3023, 2, 2 
39939, 2, 2 
19587, 2, 2 
22516, 2, 2 
4401, 2, 2 
49430, 2, 2 
42068, 2, 2 
11576, 2, 2 
21788, 2, 2 
30881, 2, 2 
26632, 2, 2 
13984, 2, 2 
15296, 2, 2 
46214, 2, 2 
23460, 2, 2 
7787, 2, 2 
48665, 2, 2 
35405, 2, 2 
40841, 2, 2 
39420, 2, 2 
10680, 2, 2 
49702, 2, 2 
45977, 2, 2 
40562, 2, 2 
59831, 2, 2 
24433, 2, 2 
29662, 2, 2 
25459, 2, 2 
11737, 2, 2 
26330, 2, 2 
57726, 2, 2 
1823, 2, 2 
40206, 2, 2 
56188, 2, 2 
47801, 2, 2 
36187, 2, 2 
12844, 2, 2 
48621, 2, 2 
57752, 2, 2 
43479, 2, 2 
59157, 2, 2 
47782, 2, 2 
44095, 2, 2 
55033, 2, 2 
48246, 2, 2 
51983, 2, 2 
40956, 2, 2 
3199, 2, 2 
56055, 2, 2 
7394, 2, 2 
45287, 2, 2 
12911, 2, 2 
44710, 2, 2 
5135, 2, 2 
24331, 2, 2 
44186, 2, 2 
48332, 2, 2 
16909, 2, 2 
59252, 2, 2 
17691, 2, 2 
54271, 2, 2 
21652, 2, 2 
5707, 2, 2 
12854, 2, 2 
27614, 2, 7 
7072, 2, 2 
7266, 2, 2 
40409, 2, 2 
8883, 2, 8 
37187, 2, 2 
19673, 2, 2 
4753, 2, 2 
48915, 2, 2 
52207, 2, 2 
26740, 2, 2 
52403, 2, 2 
15510, 2, 2 
47235, 2, 2 
26624, 2, 2 
23716, 2, 2 
55899, 2, 2 
23079, 2, 2 
58378, 2, 2 
32521, 2, 2 
4722, 2, 2 
49168, 2, 2 
57890, 2, 2 
37243, 2, 2 
57151, 2, 2 
38409, 2, 2 
15272, 2, 2 
51699, 2, 2 
2184, 2, 2 
42496, 2, 2 
52582, 2, 2 
51614, 2, 2 
33180, 2, 2 
18651, 2, 2 
41204, 2, 2 
3879, 2, 8 
41121, 2, 2 
1010, 2, 2 
17448, 2, 2 
41721, 2, 2 
20289, 2, 2 
17046, 2, 2 
3042, 2, 2 
10570, 2, 4 
39510, 2, 2 
33060, 2, 2 
41916, 2, 2 
13452, 2, 7 
32678, 2, 2 
45501, 2, 2 
52335, 2, 2 
58964, 2, 2 
39467, 2, 2 
40497, 2, 2 
22922, 2, 2 
18370, 2, 2 
20042, 2, 2 
13761, 2, 2 
19129, 2, 2 
36781, 2, 2 
57904, 2, 2 
44639, 2, 2 
43436, 2, 2 
18460, 2, 2 
44495, 2, 2 
30487, 2, 2 
56993, 2, 2 
6414, 2, 2 
55209, 2, 2 
45929, 2, 2 
55996, 2, 2 
20526, 2, 2 
19890, 2, 2 
51117, 2, 2 
46553, 2, 2 
6642, 2, 2 
42885, 2, 2 
51986, 2, 2 
48527, 2, 2 
16123, 2, 2 
40988, 2, 2 
39006, 2, 2 
56403, 2, 2 
14800, 2, 2 
19210, 2, 2 
29893, 2, 2 
7476, 2, 2 
24347, 2, 2 
22998, 2, 2 
23040, 2, 2 
2508, 2, 2 
1510, 2, 2 
37258, 2, 2 
37941, 2, 2 
46912, 2, 2 
44265, 2, 2 
619, 2, 2 
41417, 2, 2 
24790, 2, 2 
3659, 2, 2 
48476, 2, 2 
27535, 2, 2 
35902, 2, 2 
55308, 2, 2 
41335, 2, 2 
35240, 2, 2 
53825, 2, 2 
39669, 2, 2 
54973, 2, 2 
55157, 2, 2 
51320, 2, 2 
28872, 2, 2 
40632, 2, 2 
40388, 2, 2 
57606, 2, 2 
5841, 2, 2 
54877, 2, 2 
6270, 2, 2 
13432, 2, 2 
49285, 2, 2 
50991, 2, 2 
46977, 2, 2 
1047, 2, 2 
10583, 2, 2 
30376, 2, 2 
5659, 2, 2 
57455, 2, 2 
8413, 2, 2 
32949, 2, 2 
53340, 2, 2 
12213, 2, 2 
13624, 2, 2 
444, 2, 2 
30589, 2, 2 
32475, 2, 0 
19545, 2, 2 
41080, 2, 2 
20550, 2, 2 
6605, 2, 2 
20242, 2, 2 
5815, 2, 2 
49976, 2, 2 
53207, 2, 2 
50496, 2, 2 
11503, 2, 2 
33857, 2, 2 
2812, 2, 2 
54838, 2, 2 
39283, 2, 2 
55969, 2, 2 
7520, 2, 2 
14130, 2, 2 
9972, 2, 2 
46277, 2, 2 
37646, 2, 2 
35492, 2, 2 
54613, 2, 2 
6628, 2, 2 
8470, 2, 2 
50527, 2, 2 
21670, 2, 2 
12426, 2, 2 
45348, 2, 3 
24014, 2, 2 
55300, 2, 2 
22900, 2, 2 
42633, 2, 2 
38216, 2, 2 
14005, 2, 2 
41105, 2, 2 
25157, 2, 2 
3680, 2, 2 
55637, 2, 2 
17595, 2, 2 
59833, 2, 2 
22751, 2, 2 
37210, 2, 2 
22356, 2, 2 
55040, 2, 2 
13994, 2, 2 
26932, 2, 2 
25526, 2, 2 
45462, 2, 2 
3179, 2, 2 
14139, 2, 2 
44395, 2, 2 
42278, 2, 2 
31508, 2, 2 
41260, 2, 2 
20612, 2, 2 
47743, 2, 2 
24649, 2, 2 
40782, 2, 2 
11727, 2, 2 
51419, 2, 2 
12514, 2, 2 
24633, 2, 2 
14617, 2, 2 
39411, 2, 4 
18684, 2, 2 
32561, 2, 2 
19508, 2, 2 
22226, 2, 2 
41301, 2, 2 
48292, 2, 2 
252, 2, 2 
59009, 2, 2 
24096, 2, 2 
22100, 2, 2 
854, 2, 7 
21451, 2, 2 
34745, 2, 2 
12802, 2, 2 
8211, 2, 2 
23106, 2, 2 
32075, 2, 2 
57183, 2, 2 
10403, 2, 2 
56427, 2, 2 
3305, 2, 2 
21443, 2, 2 
4651, 2, 2 
7986, 2, 2 
15263, 2, 2 
23410, 2, 2 
48799, 2, 2 
22376, 2, 2 
17087, 2, 2 
32288, 2, 2 
49454, 2, 2 
27781, 2, 2 
23222, 2, 2 
35827, 2, 2 
2454, 2, 2 
28135, 2, 2 
31240, 2, 2 
47575, 2, 2 
4005, 2, 2 
45406, 2, 2 
29453, 2, 2 
43974, 2, 2 
51898, 2, 2 
16237, 2, 2 
43105, 2, 2 
44758, 2, 2 
50840, 2, 2 
41802, 2, 2 
28494, 2, 2 
38036, 2, 2 
30655, 2, 2 
57649, 2, 2 
7673, 2, 2 
17336, 2, 2 
14215, 2, 2 
53455, 2, 2 
38609, 2, 2 
49029, 2, 8 
47612, 2, 2 
31947, 2, 2 
52495, 2, 2 
5216, 2, 2 
25927, 2, 2 
43683, 2, 2 
37660, 2, 2 
19468, 2, 2 
29911, 2, 2 
10528, 2, 2 
27215, 2, 2 
25907, 2, 2 
59539, 2, 2 
41141, 2, 2 
56223, 2, 2 
11203, 2, 2 
29657, 2, 2 
28095, 2, 2 
9841, 2, 2 
9725, 2, 2 
13654, 2, 2 
38924, 2, 2 
51275, 2, 2 
3077, 2, 2 
31681, 2, 2 
36680, 2, 2 
56372, 2, 2 
31978, 2, 2 
50218, 2, 2 
44950, 2, 2 
46262, 2, 2 
1753, 2, 2 
21727, 2, 2 
27188, 2, 2 
8640, 2, 2 
44362, 2, 2 
10687, 2, 2 
1492, 2, 2 
19653, 2, 2 
53269, 2, 2 
33449, 2, 2 
58954, 2, 2 
31233, 2, 2 
21636, 2, 2 
646, 2, 2 
25017, 2, 2 
56919, 2, 2 
26161, 2, 2 
33094, 2, 2 
22793, 2, 2 
12823, 2, 2 
41112, 2, 2 
40420, 2, 2 
31177, 2, 2 
39476, 2, 2 
35872, 2, 2 
42319, 2, 2 
8043, 2, 2 
30191, 2, 2 
57755, 2, 2 
9242, 2, 2 
13612, 2, 2 
11449, 2, 2 
26907, 2, 2 
39853, 2, 2 
11243, 2, 2 
7431, 2, 2 
5816, 2, 2 
46606, 2, 2 
48443, 2, 2 
43689, 2, 2 
51580, 2, 2 
5232, 2, 2 
50543, 2, 2 
33881, 2, 2 
51547, 2, 2 
47839, 2, 2 
3339, 2, 2 
31462, 2, 2 
49074, 2, 2 
55935, 2, 2 
14108, 2, 2 
19519, 2, 2 
27878, 2, 2 
7895, 2, 2 
38679, 2, 2 
10264, 2, 2 
35347, 2, 2 
11491, 2, 2 
34833, 2, 2 
1727, 2, 2 
33878, 2, 2 
29481, 2, 2 
58135, 2, 2 
14063, 2, 2 
7646, 2, 2 
32934, 2, 2 
1972, 2, 2 
36142, 2, 2 
20284, 2, 2 
54831, 2, 2 
5013, 2, 2 
11601, 2, 2 
24321, 2, 2 
56961, 2, 2 
29287, 2, 2 
59991, 2, 2 
35331, 2, 2 
42065, 2, 2 
47956, 2, 2 
18662, 2, 2 
32418, 2, 2 
51931, 2, 2 
11109, 2, 2 
30429, 2, 2 
30634, 2, 2 
10436, 2, 2 
17909, 2, 2 
47945, 2, 2 
45972, 2, 2 
30730, 2, 7 
11438, 2, 2 
21880, 2, 2 
16473, 2, 2 
9472, 2, 2 
54457, 2, 2 
31197, 2, 4 
10464, 2, 2 
46546, 2, 2 
21784, 2, 2 
31449, 2, 2 
15067, 2, 2 
6743, 2, 2 
57605, 2, 2 
17070, 2, 2 
48279, 2, 2 
22558, 2, 2 
6079, 2, 2 
30905, 2, 2 
50977, 2, 2 
14836, 2, 2 
22335, 2, 2 
34856, 2, 2 
46219, 2, 2 
8372, 2, 2 
41946, 2, 2 
56819, 2, 2 
11826, 2, 2 
24449, 2, 2 
37995, 2, 2 
32337, 2, 2 
59742, 2, 2 
15569, 2, 2 
45638, 2, 2 
55049, 2, 2 
33785, 2, 2 
44092, 2, 2 
25510, 2, 2 
41741, 2, 2 
59807, 2, 2 
39392, 2, 2 
38667, 2, 2 
48881, 2, 2 
56175, 2, 2 
42789, 2, 2 
18201, 2, 2 
35031, 2, 2 
117, 2, 2 
55723, 2, 2 
17230, 2, 2 
38330, 2, 2 
40788, 2, 2 
34119, 3, 3 
20492, 3, 3 
42585, 3, 3 
3422, 3, 3 
15350, 3, 3 
16587, 3, 3 
26651, 3, 3 
43494, 3, 3 
10730, 3, 3 
57983, 3, 3 
12214, 3, 3 
33939, 3, 3 
557, 3, 3 
32847, 3, 3 
22162, 3, 3 
5471, 3, 3 
31664, 3, 3 
29249, 3, 3 
42398, 3, 3 
35803, 3, 3 
36572, 3, 3 
29972, 3, 3 
20451, 3, 3 
55062, 3, 3 
57472, 3, 3 
21717, 3, 3 
29506, 3, 3 
8169, 3, 3 
50214, 3, 3 
874, 3, 3 
2021, 3, 3 
19474, 3, 3 
23581, 3, 3 
4850, 3, 8 
4508, 3, 3 
2568, 3, 3 
26674, 3, 3 
15007, 3, 3 
19442, 3, 3 
36899, 3, 3 
37692, 3, 3 
37132, 3, 3 
41863, 3, 3 
35814, 3, 3 
59416, 3, 3 
16867, 3, 3 
30386, 3, 3 
6784, 3, 3 
22728, 3, 3 
28858, 3, 3 
49602, 3, 3 
1226, 3, 3 
53558, 3, 3 
32885, 3, 3 
49166, 3, 3 
57399, 3, 3 
18249, 3, 3 
52085, 3, 3 
54797, 3, 3 
55665, 3, 3 
56420, 3, 3 
23939, 3, 3 
42791, 3, 3 
34525, 3, 3 
37362, 3, 3 
48783, 3, 3 
26140, 3, 3 
4808, 3, 3 
2286, 3, 3 
55751, 3, 3 
15760, 3, 3 
34721, 3, 3 
38970, 3, 3 
48732, 3, 3 
17155, 3, 3 
41565, 3, 3 
40588, 3, 3 
44630, 3, 3 
41883, 3, 3 
57919, 3, 3 
44231, 3, 3 
42902, 3, 3 
26711, 3, 3 
49254, 3, 3 
9053, 3, 3 
21305, 3, 3 
58084, 3, 3 
12506, 3, 3 
5036, 3, 3 
46911, 3, 3 
3754, 3, 3 
52272, 3, 3 
38755, 3, 3 
12602, 3, 3 
14855, 3, 3 
28499, 3, 3 
46803, 3, 3 
2114, 3, 3 
21775, 3, 3 
53419, 3, 3 
51871, 3, 3 
45419, 3, 3 
55198, 3, 3 
48868, 3, 3 
21098, 3, 3 
40962, 3, 3 
57426, 3, 3 
52679, 3, 3 
45046, 3, 3 
59178, 3, 3 
45758, 3, 3 
45195, 3, 3 
51201, 3, 3 
30175, 3, 3 
52446, 3, 3 
23482, 3, 3 
15497, 3, 3 
16078, 3, 3 
55432, 3, 3 
49077, 3, 3 
19905, 3, 3 
47377, 3, 3 
50131, 3, 3 
43991, 3, 3 
48579, 3, 3 
12274, 3, 3 
10876, 3, 3 
58021, 3, 3 
4836, 3, 3 
52936, 3, 3 
11232, 3, 3 
47939, 3, 3 
49080, 3, 3 
30000, 3, 3 
27211, 3, 3 
45979, 3, 3 
21420, 3, 3 
8771, 3, 3 
51388, 3, 3 
25949, 3, 3 
32610, 3, 3 
57306, 3, 3 
4403, 3, 3 
22315, 3, 3 
30915, 3, 3 
9074, 3, 3 
29181, 3, 3 
5315, 3, 3 
56921, 3, 3 
23225, 3, 3 
19246, 3, 3 
57247, 3, 3 
56043, 3, 3 
58048, 3, 3 
29962, 3, 3 
46666, 3, 3 
45699, 3, 3 
50680, 3, 3 
15815, 3, 3 
32850, 3, 3 
54029, 3, 3 
29816, 3, 3 
39686, 3, 3 
14350, 3, 3 
36180, 3, 3 
54073, 3, 3 
58654, 3, 3 
33854, 3, 3 
43070, 3, 3 
38627, 3, 3 
38445, 3, 3 
27238, 3, 3 
18390, 3, 3 
34023, 3, 3 
22715, 3, 3 
34526, 3, 3 
7288, 3, 3 
12218, 3, 3 
51463, 3, 3 
58343, 3, 3 
4506, 3, 3 
11039, 3, 8 
12661, 3, 3 
13773, 3, 3 
56817, 3, 3 
40683, 3, 3 
17154, 3, 3 
9302, 3, 8 
21654, 3, 3 
12346, 3, 3 
8672, 3, 3 
57689, 3, 3 
29153, 3, 3 
41143, 3, 3 
15101, 3, 3 
55104, 3, 3 
35643, 3, 3 
31157, 3, 3 
52816, 3, 3 
59366, 3, 3 
8605, 3, 3 
53815, 3, 3 
30377, 3, 3 
58077, 3, 3 
33421, 3, 3 
34076, 3, 3 
17753, 3, 3 
22675, 3, 3 
38281, 3, 3 
52287, 3, 3 
7046, 3, 3 
22542, 3, 3 
51211, 3, 3 
31719, 3, 3 
25257, 3, 3 
29791, 3, 3 
9107, 3, 3 
15764, 3, 3 
43475, 3, 3 
25191, 3, 3 
35066, 3, 3 
48179, 3, 3 
40247, 3, 3 
42823, 3, 3 
5442, 3, 3 
1260, 3, 3 
4223, 3, 3 
21080, 3, 3 
17734, 3, 3 
58664, 3, 3 
33444, 3, 3 
49638, 3, 3 
8052, 3, 3 
55419, 3, 3 
41136, 3, 3 
13242, 3, 3 
13161, 3, 3 
46098, 3, 3 
11221, 3, 3 
47818, 3, 3 
46639, 3, 3 
43014, 3, 3 
46854, 3, 3 
57680, 3, 3 
35045, 3, 3 
58327, 3, 3 
22477, 3, 3 
31636, 3, 3 
46908, 3, 3 
8893, 3, 3 
26732, 3, 3 
15472, 3, 3 
50755, 3, 3 
39981, 3, 3 
50175, 3, 3 
5980, 3, 3 
13317, 3, 3 
50809, 3, 3 
24358, 3, 3 
50969, 3, 3 
57004, 3, 3 
843, 3, 3 
15346, 3, 3 
13543, 3, 3 
39461, 3, 3 
33471, 3, 3 
36242, 3, 3 
25586, 3, 3 
6040, 3, 3 
6427, 3, 3 
20631, 3, 3 
983, 3, 3 
51534, 3, 3 
22835, 3, 3 
42303, 3, 3 
41212, 3, 3 
42254, 3, 3 
26831, 3, 3 
17318, 3, 3 
15639, 3, 3 
40382, 3, 3 
8115, 3, 3 
35511, 3, 3 
46145, 3, 3 
38593, 3, 3 
41053, 3, 3 
40925, 3, 3 
5578, 3, 3 
7507, 3, 3 
36761, 3, 3 
2524, 3, 3 
15474, 3, 3 
14761, 3, 3 
38653, 3, 3 
47469, 3, 3 
50000, 3, 3 
23242, 3, 3 
17341, 3, 3 
11097, 3, 3 
55054, 3, 3 
49864, 3, 3 
7634, 3, 3 
3124, 3, 3 
17404, 3, 3 
34407, 3, 3 
15496, 3, 3 
48781, 3, 3 
25645, 3, 3 
46246, 3, 8 
15053, 3, 3 
44827, 3, 3 
2481, 3, 3 
49467, 3, 3 
49222, 3, 3 
12583, 3, 3 
3699, 3, 3 
36189, 3, 3 
52371, 3, 3 
16564, 3, 3 
6340, 3, 3 
8663, 3, 3 
53358, 3, 3 
15297, 3, 3 
23700, 3, 3 
20902, 3, 3 
52129, 3, 5 
41552, 3, 3 
26048, 3, 3 
25535, 3, 3 
55091, 3, 3 
34384, 3, 3 
21861, 3, 3 
25746, 3, 3 
18679, 3, 3 
11083, 3, 3 
40298, 3, 3 
52931, 3, 3 
21341, 3, 3 
27282, 3, 3 
20664, 3, 3 
50906, 3, 3 
43448, 3, 3 
9380, 3, 3 
56869, 3, 3 
40121, 3, 3 
34684, 3, 3 
58711, 3, 3 
5086, 3, 3 
51428, 3, 3 
52939, 3, 3 
26678, 3, 3 
7982, 3, 3 
9230, 3, 3 
50803, 3, 3 
23337, 3, 3 
24528, 3, 3 
16954, 3, 3 
11377, 3, 3 
5358, 3, 3 
55488, 3, 3 
30062, 3, 3 
31805, 3, 3 
56008, 3, 3 
29671, 3, 3 
28825, 3, 3 
38451, 3, 3 
51613, 3, 3 
20252, 3, 3 
26084, 3, 3 
3332, 3, 3 
41171, 3, 3 
8551, 3, 3 
34607, 3, 3 
27861, 3, 3 
14099, 3, 3 
15968, 3, 3 
9636, 3, 3 
32299, 3, 3 
54397, 3, 3 
51991, 3, 3 
39359, 3, 3 
15850, 3, 3 
37789, 3, 3 
5852, 3, 3 
22014, 3, 3 
32730, 3, 3 
21512, 3, 3 
47742, 3, 3 
22251, 3, 3 
42212, 3, 3 
48091, 3, 3 
31482, 3, 3 
6216, 3, 3 
3576, 3, 3 
8135, 3, 3 
1290, 3, 3 
43922, 3, 3 
57474, 3, 3 
7666, 3, 3 
1583, 3, 3 
23344, 3, 3 
54867, 3, 3 
11053, 3, 3 
35929, 3, 3 
15717, 3, 3 
45554, 3, 3 
11441, 3, 3 
28841, 3, 3 
50369, 3, 9 
5510, 3, 3 
29231, 3, 3 
38129, 3, 3 
21055, 3, 3 
7030, 3, 3 
32013, 3, 3 
540, 3, 3 
46136, 3, 3 
43782, 3, 3 
44058, 3, 3 
857, 3, 3 
37700, 3, 3 
47510, 3, 3 
38529, 3, 3 
53136, 3, 3 
24333, 3, 3 
3336, 3, 3 
20780, 3, 3 
1908, 3, 3 
49228, 3, 3 
19736, 3, 3 
15090, 3, 3 
17352, 3, 3 
41378, 3, 3 
55378, 3, 3 
37085, 3, 3 
26825, 3, 3 
39066, 3, 3 
30747, 3, 3 
56305, 3, 3 
58541, 3, 3 
45468, 3, 3 
22625, 3, 3 
6230, 3, 3 
56565, 3, 3 
14420, 3, 3 
18325, 3, 3 
43204, 3, 3 
33694, 3, 8 
1809, 3, 3 
15125, 3, 3 
31548, 3, 3 
41491, 3, 3 
5434, 3, 3 
56585, 3, 3 
242, 3, 3 
35954, 3, 3 
45836, 3, 3 
34672, 3, 3 
21328, 3, 3 
42908, 3, 3 
7396, 3, 3 
48642, 3, 3 
14065, 3, 3 
27671, 3, 3 
18862, 3, 3 
16453, 3, 3 
12828, 3, 3 
47724, 3, 3 
11513, 3, 3 
48031, 3, 3 
1594, 3, 3 
51274, 3, 5 
56228, 3, 3 
27480, 3, 3 
41639, 3, 3 
21390, 3, 3 
54910, 3, 3 
22451, 3, 3 
57172, 3, 3 
54724, 3, 3 
15186, 3, 3 
10887, 3, 3 
1924, 3, 3 
53584, 3, 3 
33316, 3, 3 
30645, 3, 3 
58881, 3, 3 
58971, 3, 3 
31515, 3, 3 
44575, 3, 3 
55393, 3, 3 
14352, 3, 3 
13045, 3, 3 
56012, 3, 3 
12882, 3, 3 
3521, 3, 3 
22002, 3, 2 
33729, 3, 3 
3810, 3, 3 
31722, 3, 3 
17862, 4, 4 
11434, 4, 4 
35662, 4, 4 
8622, 4, 4 
16913, 4, 4 
48418, 4, 4 
42809, 4, 4 
6037, 4, 4 
32056, 4, 4 
38855, 4, 4 
39667, 4, 4 
56376, 4, 4 
18551, 4, 4 
44523, 4, 4 
54814, 4, 4 
35319, 4, 4 
45048, 4, 4 
52442, 4, 4 
53914, 4, 4 
41342, 4, 4 
35141, 4, 4 
12194, 4, 4 
11255, 4, 4 
43819, 4, 4 
32391, 4, 4 
54324, 4, 4 
9145, 4, 4 
26588, 4, 4 
3903, 4, 4 
45550, 4, 4 
7009, 4, 4 
39182, 4, 4 
43600, 4, 4 
33204, 4, 4 
13981, 4, 4 
28028, 4, 4 
21134, 4, 4 
32112, 4, 4 
45137, 4, 4 
35442, 4, 4 
1271, 4, 4 
19672, 4, 4 
20234, 4, 4 
17944, 4, 4 
28806, 4, 4 
21922, 4, 4 
29739, 4, 4 
1812, 4, 4 
57840, 4, 4 
12028, 4, 4 
19564, 4, 4 
44894, 4, 4 
13986, 4, 4 
39186, 4, 4 
30121, 4, 4 
23587, 4, 4 
29024, 4, 4 
7366, 4, 4 
4567, 4, 4 
50089, 4, 4 
11303, 4, 4 
50377, 4, 4 
26573, 4, 4 
53452, 4, 4 
56642, 4, 4 
45827, 4, 4 
52589, 4, 4 
37815, 4, 4 
40950, 4, 4 
52437, 4, 4 
987, 4, 4 
11953, 4, 4 
32798, 4, 4 
43675, 4, 4 
11016, 4, 4 
44620, 4, 4 
24047, 4, 4 
1212, 4, 4 
59551, 4, 4 
7204, 4, 4 
43721, 4, 4 
55872, 4, 4 
14947, 4, 4 
48252, 4, 4 
58240, 4, 4 
3125, 4, 4 
35759, 4, 4 
57950, 4, 4 
12530, 4, 4 
36962, 4, 4 
14086, 4, 4 
41354, 4, 4 
24607, 4, 4 
4382, 4, 4 
44294, 4, 4 
7734, 4, 4 
32776, 4, 4 
36518, 4, 4 
17913, 4, 4 
10525, 4, 4 
50704, 4, 4 
10768, 4, 4 
53459, 4, 4 
8495, 4, 4 
59951, 4, 4 
10737, 4, 4 
35095, 4, 4 
50405, 4, 4 
13441, 4, 4 
33493, 4, 4 
26858, 4, 4 
37295, 4, 4 
51049, 4, 4 
1446, 4, 4 
38227, 4, 4 
749, 4, 4 
9976, 4, 4 
1537, 4, 4 
15059, 4, 4 
33551, 4, 4 
6189, 4, 4 
53130, 4, 4 
42587, 4, 4 
35590, 4, 4 
26582, 4, 4 
57123, 4, 4 
39983, 4, 4 
44530, 4, 4 
25419, 4, 4 
57466, 4, 4 
57343, 4, 4 
40267, 4, 4 
30637, 4, 4 
5122, 4, 4 
38041, 4, 4 
19299, 4, 4 
56302, 4, 4 
47410, 4, 4 
12915, 4, 4 
2169, 4, 4 
41796, 4, 4 
57370, 4, 4 
33317, 4, 4 
10236, 4, 4 
16359, 4, 4 
24527, 4, 4 
2052, 4, 4 
45231, 4, 4 
53450, 4, 4 
23692, 4, 4 
10460, 4, 4 
59809, 4, 4 
19573, 4, 4 
50616, 4, 4 
89, 4, 4 
40123, 4, 4 
5703, 4, 4 
20956, 4, 4 
10558, 4, 4 
43737, 4, 4 
48365, 4, 4 
1692, 4, 4 
41068, 4, 4 
22544, 4, 4 
39458, 4, 4 
54672, 4, 4 
37067, 4, 4 
8281, 4, 4 
19961, 4, 4 
35461, 4, 4 
10391, 4, 4 
14538, 4, 4 
10829, 4, 4 
20950, 4, 4 
18504, 4, 4 
51046, 4, 4 
56793, 4, 4 
50547, 4, 4 
44153, 4, 4 
55654, 4, 4 
30253, 4, 4 
4616, 4, 4 
1379, 4, 4 
13968, 4, 4 
12820, 4, 4 
10191, 4, 4 
17015, 4, 4 
42507, 4, 4 
55877, 4, 4 
58417, 4, 4 
56743, 4, 4 
46415, 4, 4 
19522, 4, 4 
23055, 4, 4 
58873, 4, 4 
8380, 4, 4 
37128, 4, 4 
54628, 4, 4 
46033, 4, 4 
35818, 4, 4 
22590, 4, 4 
53546, 4, 4 
17511, 4, 4 
21581, 4, 4 
53582, 4, 4 
25470, 4, 4 
36557, 4, 4 
18487, 4, 7 
51814, 4, 4 
29251, 4, 4 
57585, 4, 4 
32126, 4, 4 
5581, 4, 4 
58621, 4, 4 
39743, 4, 4 
47363, 4, 4 
6716, 4, 4 
46281, 4, 4 
1004, 4, 4 
41020, 4, 4 
51860, 4, 4 
11886, 4, 4 
26872, 4, 4 
19378, 4, 4 
42953, 4, 4 
23834, 4, 4 
20338, 4, 4 
8769, 4, 4 
35234, 4, 6 
22285, 4, 4 
25401, 4, 4 
17428, 4, 4 
9337, 4, 4 
5944, 4, 4 
23429, 4, 4 
5636, 4, 4 
28610, 4, 4 
30736, 4, 4 
35183, 4, 4 
49982, 4, 4 
26797, 4, 4 
26015, 4, 4 
2185, 4, 4 
58840, 4, 4 
45095, 4, 4 
59376, 4, 4 
2809, 4, 4 
53346, 4, 4 
30231, 4, 4 
36502, 4, 4 
37294, 4, 4 
18098, 4, 4 
49017, 4, 4 
16850, 4, 4 
1633, 4, 4 
56886, 4, 4 
22434, 4, 4 
56319, 4, 4 
59169, 4, 4 
42345, 4, 4 
19700, 4, 4 
34028, 4, 4 
56833, 4, 4 
11955, 4, 4 
37485, 4, 4 
13104, 4, 4 
13564, 4, 4 
1580, 4, 4 
23713, 4, 4 
8872, 4, 4 
40495, 4, 4 
25334, 4, 4 
57844, 4, 4 
5406, 4, 4 
2240, 4, 4 
52572, 4, 4 
40721, 4, 4 
41098, 4, 4 
38960, 4, 4 
21107, 4, 4 
51383, 4, 4 
746, 4, 4 
42116, 4, 4 
33747, 4, 4 
32020, 4, 4 
24298, 4, 4 
45740, 4, 4 
51923, 4, 4 
27221, 4, 4 
51170, 4, 4 
16434, 4, 4 
6184, 4, 4 
4493, 4, 4 
17774, 4, 4 
44765, 4, 4 
11468, 4, 4 
37893, 4, 4 
22098, 4, 4 
57589, 4, 4 
50757, 4, 4 
29910, 4, 4 
22138, 4, 4 
27715, 4, 4 
34498, 4, 4 
13052, 4, 4 
3290, 4, 4 
26269, 4, 4 
25197, 4, 4 
7723, 4, 4 
32976, 4, 4 
47058, 4, 4 
56031, 4, 4 
45912, 4, 4 
20056, 4, 4 
11965, 4, 4 
57422, 4, 4 
46451, 4, 4 
39563, 4, 4 
7211, 4, 4 
16068, 4, 4 
26816, 4, 4 
11967, 4, 4 
20924, 4, 4 
31224, 4, 4 
3548, 4, 4 
55340, 4, 4 
29196, 4, 4 
2484, 4, 4 
57076, 4, 4 
12966, 4, 4 
3388, 4, 4 
9025, 4, 4 
29946, 4, 4 
33805, 4, 4 
52704, 4, 4 
3753, 4, 4 
33312, 4, 4 
23199, 4, 4 
13251, 4, 4 
17740, 4, 4 
55690, 4, 4 
11148, 4, 4 
26634, 4, 4 
4781, 4, 4 
44332, 4, 4 
55285, 4, 4 
51288, 4, 4 
48020, 4, 4 
10607, 4, 4 
39634, 4, 4 
13727, 4, 4 
40316, 4, 4 
10990, 4, 4 
54563, 4, 4 
33426, 4, 4 
6329, 4, 4 
31965, 4, 4 
32308, 4, 4 
28124, 4, 4 
45685, 4, 4 
59300, 4, 4 
43713, 4, 4 
39435, 4, 4 
18202, 4, 4 
58018, 4, 4 
19198, 4, 4 
10433, 4, 4 
31324, 4, 4 
12991, 4, 4 
21152, 4, 4 
45709, 4, 4 
5482, 4, 4 
412, 4, 4 
39891, 4, 4 
48466, 4, 4 
21430, 4, 4 
41804, 4, 4 
47240, 4, 4 
23979, 4, 4 
39128, 4, 4 
4890, 4, 4 
39101, 4, 4 
10928, 4, 4 
379, 4, 4 
37080, 4, 4 
30269, 4, 4 
30316, 4, 4 
50583, 4, 4 
46745, 4, 4 
7751, 4, 4 
1976, 4, 4 
4035, 4, 4 
40529, 4, 4 
27040, 4, 4 
53032, 4, 4 
34266, 4, 4 
41511, 4, 4 
9040, 4, 4 
23411, 4, 4 
31543, 4, 4 
48310, 4, 4 
41964, 4, 4 
13507, 4, 4 
31501, 4, 4 
41680, 4, 4 
51221, 4, 4 
40703, 4, 4 
49777, 4, 4 
33306, 4, 4 
3056, 4, 4 
25194, 4, 4 
43073, 4, 4 
31083, 4, 4 
16168, 4, 4 
9030, 4, 4 
19233, 4, 4 
40130, 4, 4 
27424, 4, 4 
11879, 4, 4 
1854, 4, 4 
18184, 4, 4 
35324, 4, 4 
34409, 4, 4 
6652, 4, 4 
21461, 4, 4 
40309, 4, 4 
847, 4, 4 
27495, 4, 4 
24391, 4, 4 
41886, 4, 4 
36647, 4, 4 
9746, 4, 4 
42684, 4, 4 
28635, 4, 4 
58780, 4, 4 
22394, 4, 4 
30593, 4, 4 
29747, 4, 4 
31872, 4, 4 
50841, 4, 4 
8869, 4, 4 
39471, 4, 4 
20262, 4, 4 
38984, 4, 4 
10952, 4, 4 
9392, 4, 4 
14432, 4, 4 
28942, 4, 4 
20490, 4, 4 
19922, 4, 4 
53451, 4, 4 
51270, 4, 4 
38631, 4, 4 
28518, 4, 4 
20118, 4, 4 
43983, 4, 4 
44711, 4, 4 
12036, 4, 4 
38531, 4, 4 
8477, 4, 4 
50182, 4, 4 
50014, 4, 4 
47368, 4, 4 
51047, 4, 4 
33702, 4, 4 
30745, 4, 4 
26217, 4, 4 
24703, 4, 4 
9632, 4, 4 
12052, 4, 4 
38150, 4, 4 
23375, 4, 4 
2466, 4, 4 
44956, 4, 4 
41780, 4, 4 
13500, 4, 4 
4494, 4, 4 
18496, 4, 4 
41930, 4, 4 
47937, 4, 4 
23187, 4, 4 
6753, 4, 4 
30198, 4, 4 
6865, 4, 4 
38978, 4, 4 
21448, 4, 4 
22991, 4, 4 
24295, 4, 4 
25613, 4, 4 
25173, 4, 4 
20634, 4, 4 
7919, 4, 4 
34430, 4, 4 
12525, 4, 4 
44761, 4, 4 
706, 4, 4 
3340, 4, 4 
21296, 4, 4 
47607, 4, 4 
27922, 4, 4 
34509, 5, 5 
4168, 5, 5 
58515, 5, 5 
48872, 5, 5 
39225, 5, 5 
10782, 5, 5 
19398, 5, 5 
43837, 5, 5 
8062, 5, 5 
33562, 5, 5 
836, 5, 5 
1104, 5, 5 
54282, 5, 5 
26018, 5, 5 
29892, 5, 5 
7639, 5, 5 
21371, 5, 5 
45452, 5, 5 
28918, 5, 5 
44830, 5, 5 
57805, 5, 5 
11375, 5, 5 
29637, 5, 5 
34478, 5, 5 
38864, 5, 5 
23007, 5, 5 
20306, 5, 5 
7917, 5, 5 
44976, 5, 5 
24068, 5, 5 
33376, 5, 5 
32614, 5, 5 
42121, 5, 5 
51727, 5, 5 
36729, 5, 5 
14199, 5, 5 
19706, 5, 5 
14839, 5, 5 
57302, 5, 6 
45292, 5, 5 
48237, 5, 5 
12862, 5, 5 
2739, 5, 5 
21397, 5, 5 
58540, 5, 5 
1340, 5, 5 
2120, 5, 5 
48132, 5, 5 
23514, 5, 5 
11396, 5, 5 
45160, 5, 5 
46808, 5, 5 
6867, 5, 5 
17732, 5, 5 
11806, 5, 5 
25384, 5, 5 
22235, 5, 5 
39230, 5, 5 
53947, 5, 5 
55894, 5, 5 
37119, 5, 5 
46469, 5, 5 
29129, 5, 5 
46448, 5, 5 
58877, 5, 5 
15571, 5, 5 
18882, 5, 5 
7848, 5, 5 
42917, 5, 5 
10578, 5, 5 
27271, 5, 5 
57320, 5, 5 
26995, 5, 5 
5599, 5, 5 
52798, 5, 5 
6200, 5, 5 
42705, 5, 5 
11739, 5, 5 
21481, 5, 5 
58365, 5, 5 
30980, 5, 5 
28924, 5, 5 
15810, 5, 5 
15066, 5, 5 
23832, 5, 5 
51176, 5, 5 
30903, 5, 5 
5363, 5, 5 
41533, 5, 5 
30288, 5, 5 
27745, 5, 5 
42604, 5, 5 
36309, 5, 5 
52192, 5, 5 
12341, 5, 5 
25832, 5, 5 
58547, 5, 5 
14451, 5, 5 
25813, 5, 5 
14074, 5, 5 
37056, 5, 5 
42984, 5, 5 
53675, 5, 5 
16213, 5, 5 
55148, 5, 5 
22509, 5, 5 
50430, 5, 5 
37817, 5, 5 
20093, 5, 5 
48161, 5, 5 
44381, 5, 5 
28949, 5, 5 
53414, 5, 5 
33748, 5, 5 
1887, 5, 5 
47471, 5, 5 
46108, 5, 5 
42631, 5, 5 
50484, 5, 5 
7546, 5, 5 
1482, 5, 5 
34365, 5, 5 
54470, 5, 5 
40654, 5, 5 
50573, 5, 5 
49649, 5, 5 
22020, 5, 5 
19497, 5, 5 
31489, 5, 5 
6504, 5, 5 
22508, 5, 5 
14623, 5, 5 
1592, 5, 5 
57610, 5, 5 
4104, 5, 5 
43574, 5, 6 
51137, 5, 5 
17294, 5, 5 
56712, 5, 5 
53172, 5, 5 
6712, 5, 5 
49950, 5, 5 
11345, 5, 5 
22846, 5, 5 
55602, 5, 5 
18749, 5, 5 
18949, 5, 5 
43056, 5, 5 
56589, 5, 5 
14659, 5, 5 
42392, 5, 5 
9228, 5, 5 
42509, 5, 5 
45490, 5, 5 
50332, 5, 5 
46713, 5, 5 
7989, 5, 5 
57566, 5, 5 
3870, 5, 5 
1382, 5, 5 
35228, 5, 5 
6217, 5, 5 
8103, 5, 5 
27975, 5, 5 
53634, 5, 5 
24275, 5, 5 
21016, 5, 5 
15742, 5, 5 
16038, 5, 5 
45091, 5, 5 
53826, 5, 5 
8676, 5, 5 
12110, 5, 5 
43716, 5, 5 
27117, 5, 5 
25203, 5, 5 
17680, 5, 5 
11523, 5, 5 
18769, 5, 5 
37380, 5, 5 
3801, 5, 5 
11115, 5, 5 
12856, 5, 5 
30957, 5, 5 
22822, 5, 5 
10871, 5, 5 
1575, 5, 5 
55342, 5, 5 
10353, 5, 5 
31649, 5, 5 
55212, 5, 5 
34391, 5, 5 
1356, 5, 5 
47737, 5, 5 
55260, 5, 5 
58569, 5, 5 
39666, 5, 5 
4600, 5, 5 
24516, 5, 5 
35975, 5, 5 
29880, 5, 5 
46700, 5, 5 
31031, 5, 5 
49428, 5, 5 
48814, 5, 5 
50831, 5, 5 
2912, 5, 5 
40008, 5, 5 
38234, 5, 5 
32758, 5, 5 
48637, 5, 5 
24394, 5, 5 
9514, 5, 5 
24217, 5, 5 
36065, 5, 5 
1135, 5, 5 
43199, 5, 5 
44752, 5, 5 
38756, 5, 5 
13120, 5, 5 
18276, 5, 5 
36599, 5, 5 
12804, 5, 5 
21155, 5, 5 
46965, 5, 5 
22647, 5, 5 
39473, 5, 5 
32702, 5, 5 
18778, 5, 5 
41808, 5, 5 
12137, 5, 5 
44099, 5, 5 
3007, 5, 5 
19945, 5, 5 
52121, 5, 5 
27053, 5, 5 
56054, 5, 5 
40824, 5, 5 
8023, 5, 5 
1433, 5, 5 
53529, 5, 5 
20185, 5, 5 
16487, 5, 5 
4670, 5, 5 
30410, 5, 5 
1430, 5, 5 
23361, 5, 5 
52043, 5, 5 
16698, 5, 5 
56368, 5, 5 
56843, 5, 5 
6324, 5, 5 
58802, 5, 5 
19175, 5, 5 
37699, 5, 5 
15984, 5, 5 
27539, 5, 5 
6610, 5, 5 
19867, 5, 5 
50173, 5, 5 
34877, 5, 5 
32788, 5, 5 
9807, 5, 5 
11141, 5, 5 
49481, 5, 5 
47016, 5, 5 
59201, 5, 5 
52295, 5, 5 
25295, 5, 5 
51444, 5, 5 
33968, 5, 5 
9495, 5, 5 
28375, 5, 5 
41278, 5, 5 
14534, 5, 5 
47366, 5, 5 
38689, 5, 5 
8757, 5, 5 
8988, 5, 5 
42407, 5, 5 
41223, 5, 5 
49152, 5, 5 
622, 5, 5 
31335, 5, 5 
24660, 5, 9 
24725, 5, 5 
49992, 5, 5 
34050, 5, 5 
4007, 5, 5 
11876, 5, 5 
6389, 5, 5 
44858, 5, 5 
26700, 5, 5 
50959, 5, 5 
24202, 5, 5 
46608, 5, 5 
34400, 5, 5 
22302, 5, 5 
50202, 5, 5 
16374, 5, 5 
11410, 5, 5 
55953, 5, 5 
9568, 5, 5 
1524, 5, 5 
22393, 5, 5 
33245, 5, 5 
37557, 5, 5 
26972, 5, 5 
36661, 5, 5 
9328, 5, 5 
46667, 5, 5 
33909, 5, 5 
24820, 5, 5 
42609, 5, 5 
11470, 5, 5 
17502, 5, 5 
47920, 5, 5 
53617, 5, 5 
173, 5, 5 
49520, 5, 5 
16406, 5, 5 
18929, 5, 5 
31702, 5, 5 
57900, 5, 5 
58154, 5, 5 
10065, 5, 5 
4666, 5, 6 
20994, 5, 5 
513, 5, 5 
43540, 5, 5 
59880, 5, 5 
24490, 5, 5 
53356, 5, 5 
11590, 5, 5 
58290, 5, 5 
5417, 5, 5 
17453, 5, 5 
14489, 5, 5 
23496, 5, 5 
35406, 5, 5 
26113, 5, 5 
9033, 5, 5 
50322, 5, 5 
25566, 5, 5 
47305, 5, 5 
23518, 5, 5 
12046, 5, 5 
22033, 5, 5 
39748, 5, 5 
2993, 5, 5 
32198, 5, 5 
30864, 5, 5 
30333, 5, 5 
16558, 5, 5 
28395, 5, 5 
42850, 5, 5 
49558, 5, 5 
41185, 5, 5 
50800, 5, 5 
4424, 5, 5 
6691, 5, 5 
13276, 5, 5 
42517, 5, 5 
53973, 5, 5 
27903, 5, 5 
51494, 5, 5 
39745, 5, 5 
48659, 5, 5 
56366, 5, 5 
19862, 5, 5 
28666, 5, 5 
35535, 5, 5 
219, 5, 5 
25913, 5, 5 
7311, 5, 5 
35041, 5, 5 
23824, 5, 5 
29659, 5, 5 
29817, 5, 5 
54015, 5, 5 
32362, 5, 5 
36999, 5, 5 
25023, 5, 5 
21519, 5, 5 
24323, 5, 5 
37070, 5, 5 
13580, 5, 5 
59669, 5, 5 
45536, 5, 5 
11305, 5, 5 
4017, 5, 5 
43855, 5, 5 
29273, 5, 5 
45226, 5, 5 
7475, 5, 5 
5164, 5, 5 
554, 5, 5 
1039, 5, 5 
35274, 5, 5 
42660, 5, 5 
7260, 5, 5 
58039, 5, 5 
31618, 5, 5 
44938, 5, 5 
50507, 5, 5 
10656, 5, 5 
28097, 5, 5 
58321, 5, 5 
50301, 5, 5 
55450, 5, 5 
48838, 5, 5 
30262, 5, 5 
29845, 5, 5 
4247, 5, 5 
16242, 5, 5 
11260, 5, 5 
39946, 5, 5 
8623, 5, 5 
27337, 5, 5 
26876, 5, 5 
16358, 5, 5 
3580, 5, 5 
3401, 5, 5 
23806, 5, 5 
25723, 5, 5 
54063, 5, 5 
49460, 5, 5 
37308, 5, 5 
19717, 5, 5 
8479, 5, 5 
19752, 5, 5 
31746, 5, 5 
55909, 5, 5 
46774, 5, 5 
10804, 5, 5 
32488, 5, 5 
21873, 5, 5 
20000, 5, 5 
23903, 5, 5 
1587, 5, 5 
24077, 5, 5 
50766, 5, 5 
28148, 5, 5 
51740, 5, 5 
51345, 5, 5 
55755, 5, 5 
38165, 5, 5 
14100, 5, 5 
18808, 5, 5 
48572, 5, 5 
2049, 5, 5 
42232, 5, 5 
38038, 5, 5 
26637, 5, 5 
47995, 5, 5 
41582, 5, 5 
39765, 5, 5 
14933, 5, 5 
28732, 5, 5 
53316, 5, 5 
16446, 5, 4 
12083, 5, 5 
31010, 5, 5 
9009, 5, 5 
30197, 5, 5 
29771, 5, 5 
30482, 5, 5 
1245, 5, 5 
42317, 5, 5 
9995, 5, 5 
34610, 5, 5 
328, 5, 5 
11179, 5, 5 
12694, 5, 5 
50540, 5, 5 
24426, 5, 5 
37567, 5, 5 
20718, 5, 5 
33053, 5, 5 
21252, 5, 5 
40353, 5, 5 
33825, 5, 5 
47503, 5, 5 
23066, 5, 5 
45070, 5, 5 
16980, 5, 5 
12092, 5, 5 
14639, 5, 5 
30403, 5, 5 
35350, 5, 5 
38798, 5, 5 
43638, 5, 5 
6276, 5, 5 
23438, 5, 5 
2674, 5, 5 
21346, 5, 5 
50624, 5, 5 
33420, 5, 5 
37413, 5, 5 
19328, 5, 9 
33032, 6, 6 
35305, 6, 6 
51115, 6, 6 
13303, 6, 6 
57754, 6, 6 
33715, 6, 6 
53981, 6, 6 
28768, 6, 6 
13207, 6, 6 
30045, 6, 6 
35238, 6, 6 
21041, 6, 6 
44452, 6, 6 
21003, 6, 6 
1671, 6, 6 
55984, 6, 6 
6201, 6, 6 
33242, 6, 5 
2345, 6, 6 
23125, 6, 6 
10793, 6, 6 
5996, 6, 6 
31054, 6, 6 
57656, 6, 6 
1414, 6, 6 
28594, 6, 6 
55725, 6, 6 
26670, 6, 6 
29971, 6, 6 
19761, 6, 6 
46309, 6, 6 
38820, 6, 6 
21291, 6, 6 
34741, 6, 6 
28377, 6, 6 
51507, 6, 6 
47827, 6, 6 
34285, 6, 6 
2644, 6, 6 
9596, 6, 6 
56385, 6, 6 
56641, 6, 6 
5466, 6, 6 
59548, 6, 6 
30232, 6, 6 
48744, 6, 6 
47847, 6, 6 
15220, 6, 6 
29644, 6, 6 
42975, 6, 6 
54841, 6, 6 
27204, 6, 6 
33434, 6, 6 
1617, 6, 6 
13087, 6, 6 
49139, 6, 6 
37895, 6, 6 
23577, 6, 6 
41995, 6, 6 
34915, 6, 6 
41899, 6, 6 
15978, 6, 6 
49255, 6, 6 
57742, 6, 6 
19563, 6, 6 
21473, 6, 6 
9000, 6, 6 
16894, 6, 6 
23830, 6, 6 
11347, 6, 6 
14632, 6, 6 
977, 6, 6 
56845, 6, 6 
48867, 6, 6 
16792, 6, 6 
6482, 6, 6 
32357, 6, 6 
11261, 6, 6 
48328, 6, 6 
4526, 6, 6 
24764, 6, 6 
26633, 6, 6 
35154, 6, 6 
20494, 6, 6 
33886, 6, 6 
46441, 6, 6 
41047, 6, 6 
39067, 6, 6 
3387, 6, 6 
28326, 6, 6 
39430, 6, 6 
42957, 6, 6 
20142, 6, 6 
36267, 6, 6 
53621, 6, 6 
42912, 6, 6 
5554, 6, 6 
51370, 6, 6 
30576, 6, 6 
23195, 6, 6 
36344, 6, 6 
23321, 6, 6 
12758, 6, 6 
59702, 6, 6 
38761, 6, 6 
506, 6, 6 
15484, 6, 6 
57413, 6, 6 
26342, 6, 6 
59442, 6, 6 
52915, 6, 6 
38535, 6, 6 
33572, 6, 6 
29795, 6, 6 
31105, 6, 6 
40527, 6, 6 
38936, 6, 6 
37845, 6, 6 
23963, 6, 6 
20821, 6, 6 
52858, 6, 6 
12191, 6, 6 
55897, 6, 6 
14805, 6, 6 
18052, 6, 6 
43594, 6, 6 
45113, 6, 6 
22550, 6, 6 
54923, 6, 6 
47472, 6, 6 
23453, 6, 6 
42450, 6, 6 
58786, 6, 6 
9316, 6, 6 
43655, 6, 6 
43800, 6, 6 
50556, 6, 6 
41257, 6, 6 
20288, 6, 6 
47524, 6, 6 
11390, 6, 6 
42350, 6, 6 
1494, 6, 6 
37351, 6, 6 
37159, 6, 6 
54630, 6, 6 
27850, 6, 6 
59141, 6, 6 
50619, 6, 6 
49347, 6, 6 
38450, 6, 6 
10654, 6, 6 
52880, 6, 6 
55561, 6, 6 
59770, 6, 6 
18732, 6, 6 
13546, 6, 6 
21764, 6, 6 
16378, 6, 6 
47288, 6, 6 
55123, 6, 6 
7163, 6, 6 
59673, 6, 6 
28104, 6, 6 
41059, 6, 6 
34654, 6, 6 
9765, 6, 6 
25665, 6, 6 
29350, 6, 6 
12520, 6, 6 
15280, 6, 6 
58605, 6, 6 
16957, 6, 6 
16273, 6, 6 
39742, 6, 6 
1493, 6, 6 
43431, 6, 6 
28721, 6, 6 
58259, 6, 6 
1266, 6, 6 
24304, 6, 6 
33779, 6, 6 
59570, 6, 6 
59448, 6, 6 
38782, 6, 6 
16830, 6, 6 
47738, 6, 6 
6692, 6, 6 
48689, 6, 6 
13565, 6, 6 
22157, 6, 6 
39508, 6, 6 
44963, 6, 6 
15088, 6, 6 
44218, 6, 6 
15714, 6, 6 
10344, 6, 6 
52912, 6, 6 
41415, 6, 6 
31464, 6, 6 
29981, 6, 6 
26439, 6, 6 
34490, 6, 6 
50073, 6, 6 
14372, 6, 6 
9281, 6, 6 
35578, 6, 6 
27905, 6, 6 
44715, 6, 6 
23019, 6, 6 
8720, 6, 6 
23256, 6, 6 
2657, 6, 6 
17528, 6, 6 
9016, 6, 6 
21081, 6, 6 
38306, 6, 6 
56878, 6, 6 
49593, 6, 6 
10774, 6, 6 
31000, 6, 6 
9556, 6, 6 
20076, 6, 6 
45881, 6, 6 
51602, 6, 6 
36838, 6, 6 
53798, 6, 6 
12853, 6, 6 
22789, 6, 6 
18033, 6, 6 
51535, 6, 6 
40010, 6, 6 
14159, 6, 6 
46101, 6, 6 
58766, 6, 6 
14641, 6, 6 
24944, 6, 6 
9280, 6, 6 
6246, 6, 6 
42992, 6, 6 
55515, 6, 6 
44605, 6, 6 
2741, 6, 6 
28302, 6, 6 
30289, 6, 6 
18238, 6, 6 
592, 6, 6 
11551, 6, 6 
4243, 6, 6 
27708, 6, 6 
24023, 6, 6 
39496, 6, 6 
22982, 6, 6 
48886, 6, 6 
9409, 6, 6 
30440, 6, 6 
29272, 6, 6 
26386, 6, 6 
7361, 6, 6 
39154, 6, 6 
42166, 6, 6 
21234, 6, 6 
43440, 6, 6 
4605, 6, 6 
55226, 6, 6 
40349, 6, 6 
54602, 6, 6 
15145, 6, 6 
34198, 6, 6 
29255, 6, 6 
9818, 6, 6 
8001, 6, 6 
23475, 6, 6 
19799, 6, 6 
40871, 6, 6 
1830, 6, 6 
8150, 6, 6 
44644, 6, 6 
51745, 6, 6 
28947, 6, 6 
26735, 6, 6 
12759, 6, 6 
41793, 6, 6 
6464, 6, 6 
19553, 6, 6 
59640, 6, 6 
39577, 6, 6 
7086, 6, 6 
23354, 6, 6 
19488, 6, 6 
9500, 6, 6 
23110, 6, 6 
20744, 6, 6 
39036, 6, 6 
32894, 6, 6 
30563, 6, 6 
39630, 6, 6 
26418, 6, 6 
16736, 6, 6 
2898, 6, 6 
34106, 6, 6 
739, 6, 6 
20367, 6, 6 
34049, 6, 6 
4683, 6, 6 
8105, 6, 6 
12462, 6, 6 
49769, 6, 6 
44755, 6, 6 
46389, 6, 6 
33167, 6, 6 
25541, 6, 6 
59877, 6, 6 
5485, 6, 6 
30252, 6, 6 
13587, 6, 6 
4431, 6, 6 
35322, 6, 6 
39747, 6, 6 
21918, 6, 6 
48706, 6, 6 
33550, 6, 6 
29380, 6, 6 
45609, 6, 6 
40533, 6, 6 
41344, 6, 6 
47451, 6, 6 
39369, 6, 6 
910, 6, 6 
18076, 6, 6 
8357, 6, 6 
26716, 6, 6 
21755, 6, 6 
36491, 6, 6 
18267, 6, 6 
35935, 6, 6 
58755, 6, 6 
43061, 6, 6 
41547, 6, 6 
16847, 6, 6 
6236, 6, 6 
8265, 6, 6 
9533, 6, 6 
9649, 6, 6 
10917, 6, 6 
24385, 6, 6 
15134, 6, 6 
26530, 6, 6 
38694, 6, 6 
24827, 6, 6 
44287, 6, 6 
9095, 6, 6 
41814, 6, 6 
18199, 6, 6 
7847, 6, 6 
14492, 6, 6 
46491, 6, 6 
3757, 6, 6 
8461, 6, 6 
49930, 6, 6 
55913, 6, 6 
51953, 6, 6 
58686, 6, 6 
53949, 6, 6 
23742, 6, 6 
4533, 6, 6 
54537, 6, 6 
57846, 6, 6 
17397, 6, 6 
12068, 6, 6 
36061, 6, 6 
30392, 6, 6 
40492, 6, 6 
2212, 6, 6 
12509, 6, 6 
19040, 6, 6 
51528, 6, 6 
22953, 6, 6 
51480, 6, 6 
40351, 6, 6 
35219, 6, 6 
1902, 6, 6 
27081, 6, 6 
25860, 6, 6 
47260, 6, 6 
57719, 6, 6 
4214, 6, 6 
49510, 6, 6 
56796, 6, 6 
14190, 6, 6 
57971, 6, 6 
33814, 6, 6 
21762, 6, 6 
10135, 6, 6 
1136, 6, 6 
42151, 6, 6 
17910, 6, 6 
4367, 6, 6 
4531, 6, 6 
24214, 6, 6 
57438, 6, 6 
57213, 6, 6 
852, 6, 6 
15756, 6, 6 
18194, 6, 6 
51109, 6, 6 
16575, 6, 6 
26077, 6, 6 
48338, 6, 6 
14764, 6, 6 
13349, 6, 6 
45267, 6, 6 
5451, 6, 6 
31931, 6, 6 
19956, 6, 6 
6194, 6, 6 
331, 6, 6 
4314, 6, 6 
59503, 6, 6 
34059, 6, 6 
11195, 6, 6 
26470, 6, 6 
24622, 6, 6 
58295, 6, 6 
45630, 6, 6 
16118, 6, 6 
25713, 6, 6 
18388, 6, 6 
39766, 6, 6 
18125, 6, 6 
56526, 6, 6 
13995, 6, 6 
15733, 6, 6 
16506, 6, 6 
25241, 6, 6 
49396, 6, 6 
1642, 6, 6 
59369, 6, 6 
52557, 6, 6 
12340, 6, 6 
11000, 6, 6 
6474, 6, 6 
31629, 6, 6 
48239, 6, 6 
16684, 6, 6 
50506, 6, 6 
48714, 6, 6 
19228, 6, 6 
9305, 6, 6 
10149, 6, 6 
19684, 6, 6 
1844, 6, 6 
5931, 6, 6 
15831, 6, 6 
15303, 6, 6 
49827, 6, 6 
38460, 6, 6 
27483, 6, 6 
41676, 6, 6 
54823, 6, 6 
25520, 6, 6 
19298, 6, 6 
42225, 6, 6 
1768, 6, 6 
6219, 6, 6 
31481, 6, 6 
5935, 6, 6 
31585, 6, 6 
14989, 6, 6 
45409, 6, 6 
48879, 6, 6 
56210, 6, 4 
49449, 6, 6 
58438, 6, 6 
57959, 6, 6 
25204, 6, 6 
52806, 6, 6 
30249, 6, 6 
32731, 6, 6 
1504, 6, 6 
29096, 6, 6 
51406, 6, 6 
51995, 6, 6 
26551, 6, 6 
18576, 6, 6 
17933, 6, 6 
38104, 6, 6 
21241, 6, 6 
32839, 6, 6 
58111, 6, 6 
44655, 6, 6 
54518, 6, 6 
8497, 6, 6 
22339, 6, 6 
21426, 6, 6 
19881, 6, 6 
22091, 6, 6 
38833, 6, 6 
23471, 6, 6 
26819, 6, 6 
56030, 7, 7 
14138, 7, 7 
44927, 7, 7 
5446, 7, 7 
36258, 7, 7 
4964, 7, 7 
26811, 7, 7 
38034, 7, 7 
12649, 7, 7 
37898, 7, 7 
651, 7, 7 
6132, 7, 7 
12304, 7, 7 
40700, 7, 7 
23267, 7, 7 
24928, 7, 7 
3368, 7, 7 
29436, 7, 7 
46770, 7, 7 
57885, 7, 7 
45811, 7, 7 
40701, 7, 7 
36748, 7, 7 
36069, 7, 7 
25299, 7, 7 
10547, 7, 7 
55276, 7, 7 
2492, 7, 7 
41527, 7, 7 
19635, 7, 7 
11640, 7, 7 
23883, 7, 7 
13337, 7, 7 
48694, 7, 7 
2659, 7, 7 
1217, 7, 7 
8559, 7, 7 
11188, 7, 7 
57676, 7, 7 
4211, 7, 7 
49616, 7, 7 
7809, 7, 7 
8084, 7, 7 
18346, 7, 7 
8717, 7, 7 
54372, 7, 7 
42613, 7, 7 
40311, 7, 7 
45804, 7, 7 
56814, 7, 7 
26568, 7, 7 
50822, 7, 7 
50488, 7, 7 
6475, 7, 7 
18494, 7, 7 
4421, 7, 7 
40506, 7, 7 
9382, 7, 7 
7334, 7, 7 
3494, 7, 7 
26266, 7, 7 
8499, 7, 7 
22220, 7, 7 
16248, 7, 7 
35960, 7, 7 
4858, 7, 7 
35625, 7, 7 
24515, 7, 7 
41871, 7, 7 
8256, 7, 7 
39920, 7, 7 
46473, 7, 7 
48801, 7, 7 
39687, 7, 7 
53719, 7, 7 
31712, 7, 7 
40118, 7, 7 
20277, 7, 7 
26417, 7, 7 
51103, 7, 7 
52162, 7, 7 
40643, 7, 7 
11204, 7, 7 
47067, 7, 7 
22593, 7, 7 
36157, 7, 7 
50905, 7, 7 
2825, 7, 7 
49235, 7, 7 
11207, 7, 7 
48108, 7, 7 
230, 7, 7 
57600, 7, 7 
46541, 7, 7 
56196, 7, 7 
19183, 7, 7 
53137, 7, 7 
53629, 7, 7 
10940, 7, 7 
9343, 7, 7 
51300, 7, 7 
53858, 7, 7 
41328, 7, 7 
5206, 7, 7 
41240, 7, 7 
38447, 7, 7 
48610, 7, 7 
33406, 7, 7 
24382, 7, 7 
58624, 7, 7 
5953, 7, 7 
38026, 7, 7 
8647, 7, 7 
6147, 7, 7 
57376, 7, 7 
32117, 7, 7 
37423, 7, 7 
6375, 7, 7 
3750, 7, 7 
59774, 7, 7 
22995, 7, 7 
22921, 7, 7 
35696, 7, 7 
45744, 7, 7 
51496, 7, 7 
55928, 7, 7 
11309, 7, 7 
2271, 7, 7 
5308, 7, 7 
58844, 7, 7 
5778, 7, 7 
35648, 7, 7 
16383, 7, 7 
19534, 7, 7 
9767, 7, 7 
4354, 7, 7 
9267, 7, 7 
55887, 7, 7 
32208, 7, 7 
8232, 7, 7 
37146, 7, 7 
18333, 7, 7 
21352, 7, 7 
58282, 7, 7 
31698, 7, 7 
3140, 7, 7 
26303, 7, 7 
58690, 7, 7 
37387, 7, 7 
25581, 7, 7 
27321, 7, 7 
18513, 7, 7 
12364, 7, 7 
15276, 7, 7 
24375, 7, 7 
42784, 7, 7 
17086, 7, 7 
20304, 7, 7 
24583, 7, 7 
42582, 7, 7 
45691, 7, 7 
56822, 7, 7 
12597, 7, 7 
59925, 7, 7 
35790, 7, 7 
10815, 7, 7 
42592, 7, 7 
14519, 7, 7 
17486, 7, 7 
19636, 7, 7 
56418, 7, 7 
53612, 7, 7 
41224, 7, 7 
21400, 7, 7 
49365, 7, 7 
32626, 7, 7 
58197, 7, 7 
2852, 7, 7 
51062, 7, 7 
52744, 7, 7 
46147, 7, 7 
43361, 7, 7 
30017, 7, 7 
3522, 7, 7 
5855, 7, 7 
30260, 7, 7 
32861, 7, 7 
35382, 7, 7 
58299, 7, 7 
29298, 7, 7 
53771, 7, 7 
28004, 7, 7 
44398, 7, 7 
55945, 7, 7 
44663, 7, 7 
14033, 7, 7 
47600, 7, 9 
4726, 7, 7 
54917, 7, 7 
12806, 7, 7 
31992, 7, 7 
3343, 7, 7 
48832, 7, 7 
34673, 7, 7 
1072, 7, 7 
40242, 7, 7 
53962, 7, 7 
28012, 7, 7 
23811, 7, 7 
196, 7, 7 
5851, 7, 7 
38639, 7, 7 
33515, 7, 7 
53129, 7, 7 
44015, 7, 7 
42901, 7, 7 
54542, 7, 7 
9243, 7, 7 
46636, 7, 7 
24975, 7, 7 
48955, 7, 7 
20703, 7, 7 
29826, 7, 7 
1156, 7, 7 
17388, 7, 7 
969, 7, 7 
11400, 7, 7 
27235, 7, 7 
51958, 7, 2 
32740, 7, 7 
23054, 7, 7 
51996, 7, 7 
50579, 7, 7 
9007, 7, 7 
32571, 7, 7 
16015, 7, 7 
57204, 7, 7 
47698, 7, 7 
57653, 7, 7 
7236, 7, 7 
47399, 7, 7 
6339, 7, 7 
12000, 7, 7 
31398, 7, 7 
928, 7, 7 
8143, 7, 7 
8991, 7, 7 
35225, 7, 7 
58614, 7, 7 
258, 7, 7 
27868, 7, 7 
7445, 7, 7 
27862, 7, 7 
22401, 7, 7 
15818, 7, 7 
49413, 7, 7 
46938, 7, 7 
38819, 7, 7 
11650, 7, 7 
24455, 7, 7 
43238, 7, 7 
51568, 7, 7 
15243, 7, 7 
55205, 7, 7 
58676, 7, 7 
52998, 7, 7 
13255, 7, 7 
32282, 7, 7 
50620, 7, 7 
48259, 7, 7 
6770, 7, 7 
25797, 7, 7 
50520, 7, 7 
49301, 7, 7 
15577, 7, 7 
55882, 7, 7 
4353, 7, 7 
23388, 7, 7 
27360, 7, 7 
47633, 7, 7 
9001, 7, 7 
1437, 7, 7 
9433, 7, 4 
24568, 7, 7 
43352, 7, 7 
20509, 7, 7 
58950, 7, 7 
44975, 7, 7 
12624, 7, 7 
12048, 7, 7 
39387, 7, 7 
5300, 7, 7 
34934, 7, 7 
23153, 7, 7 
19611, 7, 7 
13187, 7, 7 
54912, 7, 7 
14755, 7, 7 
16197, 7, 7 
11771, 7, 7 
10147, 7, 7 
53338, 7, 7 
43483, 7, 7 
54072, 7, 7 
28211, 7, 7 
26756, 7, 7 
12293, 7, 7 
17443, 7, 7 
8114, 7, 7 
3206, 7, 7 
5786, 7, 7 
13056, 7, 7 
54759, 7, 7 
22993, 7, 7 
18754, 7, 7 
9086, 7, 7 
57572, 7, 7 
6889, 7, 7 
47906, 7, 7 
55059, 7, 7 
44239, 7, 7 
46297, 7, 7 
25888, 7, 7 
23784, 7, 7 
12007, 7, 7 
3236, 7, 7 
14586, 7, 7 
46155, 7, 7 
14046, 7, 7 
7754, 7, 7 
25126, 7, 7 
54176, 7, 7 
11829, 7, 7 
19780, 7, 7 
4207, 7, 7 
948, 7, 7 
21894, 7, 7 
20909, 7, 7 
51967, 7, 7 
42296, 7, 7 
27166, 7, 7 
28118, 7, 7 
11525, 7, 7 
55553, 7, 7 
3633, 7, 7 
28986, 7, 7 
9327, 7, 7 
45776, 7, 7 
27867, 7, 7 
40679, 7, 7 
52568, 7, 7 
48614, 7, 7 
15331, 7, 7 
4285, 7, 7 
54565, 7, 7 
15254, 7, 7 
50605, 7, 7 
5448, 7, 7 
30532, 7, 7 
11733, 7, 7 
16978, 7, 7 
11944, 7, 7 
42352, 7, 7 
19370, 7, 7 
17979, 7, 7 
18873, 7, 7 
34516, 7, 7 
14505, 7, 7 
53302, 7, 7 
19929, 7, 7 
12233, 7, 7 
15801, 7, 7 
30286, 7, 7 
12185, 7, 7 
798, 7, 7 
50047, 7, 7 
32291, 7, 7 
24280, 7, 7 
56131, 7, 7 
28869, 7, 7 
6278, 7, 7 
6579, 7, 7 
1871, 7, 7 
58455, 7, 7 
7423, 7, 7 
29325, 7, 7 
911, 7, 7 
29376, 7, 7 
223, 7, 7 
15199, 7, 7 
9606, 7, 7 
18107, 7, 7 
52147, 7, 7 
56588, 7, 7 
55344, 7, 7 
43723, 7, 7 
49806, 7, 7 
55329, 7, 7 
49069, 7, 7 
4618, 7, 7 
36140, 7, 7 
37819, 7, 7 
21386, 7, 7 
51236, 7, 7 
634, 7, 7 
31391, 7, 7 
21783, 7, 7 
36430, 7, 7 
36818, 7, 7 
49978, 7, 7 
51084, 7, 7 
57555, 7, 7 
15074, 7, 7 
52886, 7, 7 
30538, 7, 7 
18824, 7, 7 
8248, 7, 7 
47560, 7, 7 
24291, 7, 7 
3267, 7, 7 
47844, 7, 7 
18969, 7, 7 
59560, 7, 7 
45657, 7, 7 
33796, 7, 7 
17053, 7, 7 
59285, 7, 7 
1655, 7, 7 
30821, 7, 7 
23684, 7, 7 
45978, 7, 7 
40216, 7, 7 
53102, 7, 7 
54482, 7, 7 
1322, 7, 7 
48080, 7, 7 
45663, 7, 7 
22626, 7, 7 
46260, 7, 7 
52196, 7, 7 
56521, 7, 7 
3780, 7, 7 
20158, 7, 7 
10986, 7, 7 
21937, 7, 7 
23570, 7, 7 
1523, 7, 7 
26699, 7, 7 
10593, 7, 7 
34807, 7, 7 
2427, 7, 7 
30501, 7, 7 
33431, 7, 7 
54441, 7, 7 
53911, 7, 7 
54435, 7, 7 
31331, 7, 7 
2386, 7, 7 
4840, 7, 7 
22326, 7, 7 
10095, 7, 7 
6435, 7, 7 
10890, 7, 7 
52235, 7, 7 
24797, 7, 7 
4000, 7, 7 
6740, 7, 7 
4659, 7, 7 
24477, 7, 7 
968, 7, 7 
54695, 7, 7 
41026, 7, 7 
19773, 7, 7 
48948, 7, 7 
30302, 7, 7 
13710, 7, 7 
55934, 7, 7 
37694, 7, 7 
23442, 7, 7 
11716, 7, 7 
16990, 7, 7 
19003, 7, 7 
43104, 7, 7 
54186, 7, 7 
22817, 7, 7 
48100, 7, 7 
29512, 7, 7 
55171, 7, 7 
29159, 7, 7 
27144, 7, 7 
36859, 7, 7 
57504, 7, 7 
45040, 7, 7 
19416, 7, 7 
34633, 7, 7 
3228, 7, 7 
33287, 7, 7 
33957, 7, 7 
44141, 7, 7 
24692, 7, 7 
50283, 8, 8 
57562, 8, 8 
39091, 8, 8 
49088, 8, 8 
32936, 8, 8 
43110, 8, 8 
56623, 8, 8 
34061, 8, 8 
56145, 8, 8 
58960, 8, 8 
51014, 8, 8 
18595, 8, 8 
50532, 8, 8 
54926, 8, 8 
37774, 8, 8 
37149, 8, 8 
57212, 8, 8 
16275, 8, 8 
22308, 8, 8 
7297, 8, 8 
50821, 8, 8 
37701, 8, 8 
31851, 8, 8 
52033, 8, 8 
38589, 8, 8 
26200, 8, 8 
38249, 8, 8 
39201, 8, 8 
26443, 8, 8 
31749, 8, 8 
20968, 8, 8 
49033, 8, 8 
20906, 8, 8 
16688, 8, 8 
51968, 8, 8 
27524, 8, 8 
38979, 8, 8 
28054, 8, 8 
27030, 8, 8 
23078, 8, 8 
37428, 8, 8 
51208, 8, 8 
53271, 8, 8 
59402, 8, 8 
7300, 8, 8 
56978, 8, 8 
25486, 8, 8 
37710, 8, 8 
18619, 8, 8 
47076, 8, 8 
2699, 8, 8 
14305, 8, 8 
35265, 8, 8 
55163, 8, 8 
45122, 8, 8 
29192, 8, 8 
44579, 8, 8 
10057, 8, 8 
43383, 8, 8 
56026, 8, 8 
28682, 8, 8 
15664, 8, 8 
5430, 8, 8 
56068, 8, 8 
42656, 8, 8 
30743, 8, 8 
31847, 8, 8 
15757, 8, 8 
59834, 8, 8 
31329, 8, 8 
19182, 8, 8 
2685, 8, 8 
23750, 8, 8 
22483, 8, 8 
30460, 8, 8 
47942, 8, 8 
56976, 8, 8 
9762, 8, 8 
56180, 8, 8 
25275, 8, 8 
18205, 8, 8 
34635, 8, 8 
49677, 8, 8 
33018, 8, 8 
45161, 8, 8 
52932, 8, 2 
7405, 8, 8 
58239, 8, 8 
54469, 8, 8 
55156, 8, 8 
53092, 8, 8 
56636, 8, 8 
44072, 8, 8 
59813, 8, 8 
15817, 8, 8 
35847, 8, 8 
55165, 8, 8 
41504, 8, 8 
56430, 8, 8 
575, 8, 8 
24359, 8, 8 
18012, 8, 8 
41901, 8, 8 
33386, 8, 8 
37299, 8, 8 
49704, 8, 8 
7928, 8, 8 
30019, 8, 8 
32253, 8, 8 
48739, 8, 8 
32349, 8, 8 
10738, 8, 8 
59999, 8, 8 
13498, 8, 8 
24108, 8, 8 
13795, 8, 8 
47136, 8, 8 
56985, 8, 8 
10800, 8, 8 
24312, 8, 8 
12712, 8, 8 
14923, 8, 8 
29126, 8, 8 
37095, 8, 8 
38638, 8, 8 
50097, 8, 8 
7117, 8, 8 
53315, 8, 8 
53999, 8, 0 
27029, 8, 8 
7979, 8, 8 
5042, 8, 8 
55263, 8, 8 
29921, 8, 8 
45653, 8, 8 
18657, 8, 8 
48657, 8, 8 
54705, 8, 8 
26762, 8, 8 
19662, 8, 8 
38382, 8, 8 
42941, 8, 1 
20372, 8, 8 
43741, 8, 8 
36445, 8, 8 
41130, 8, 8 
57038, 8, 8 
9832, 8, 8 
24051, 8, 8 
55293, 8, 8 
19025, 8, 8 
51347, 8, 8 
28475, 8, 8 
28699, 8, 8 
5474, 8, 8 
37460, 8, 8 
45463, 8, 8 
24926, 8, 8 
30162, 8, 8 
44834, 8, 8 
22119, 8, 8 
30092, 8, 8 
52892, 8, 8 
30523, 8, 8 
41622, 8, 8 
52171, 8, 8 
18242, 8, 8 
20753, 8, 8 
2901, 8, 8 
37417, 8, 8 
52241, 8, 9 
23296, 8, 8 
36776, 8, 8 
49578, 8, 8 
29090, 8, 8 
13976, 8, 8 
40410, 8, 8 
3211, 8, 8 
57697, 8, 8 
6962, 8, 8 
368, 8, 8 
45988, 8, 8 
18272, 8, 8 
38641, 8, 8 
25546, 8, 2 
19538, 8, 8 
35295, 8, 8 
15364, 8, 8 
49887, 8, 8 
5299, 8, 8 
39751, 8, 8 
46110, 8, 8 
37473, 8, 8 
4621, 8, 8 
16725, 8, 8 
18156, 8, 8 
7872, 8, 8 
58031, 8, 8 
45117, 8, 8 
13316, 8, 8 
21183, 8, 8 
49579, 8, 8 
18414, 8, 8 
29319, 8, 8 
16597, 8, 8 
7182, 8, 8 
31444, 8, 8 
12009, 8, 8 
27650, 8, 8 
27998, 8, 8 
40645, 8, 8 
17165, 8, 8 
39756, 8, 8 
37240, 8, 8 
52201, 8, 8 
48925, 8, 8 
37870, 8, 8 
24046, 8, 8 
18811, 8, 8 
5030, 8, 8 
39519, 8, 8 
53133, 8, 8 
23253, 8, 8 
3619, 8, 8 
52218, 8, 6 
26373, 8, 8 
55272, 8, 8 
50459, 8, 8 
51948, 8, 8 
38539, 8, 8 
1016, 8, 8 
40110, 8, 8 
28144, 8, 8 
11923, 8, 8 
57216, 8, 8 
38146, 8, 8 
312, 8, 8 
27358, 8, 8 
13990, 8, 8 
17700, 8, 8 
415, 8, 8 
34313, 8, 8 
48011, 8, 8 
32770, 8, 8 
18967, 8, 8 
15247, 8, 8 
37130, 8, 8 
53854, 8, 8 
42229, 8, 8 
40673, 8, 8 
6806, 8, 8 
11750, 8, 8 
26908, 8, 8 
26865, 8, 8 
37342, 8, 8 
12112, 8, 8 
1247, 8, 8 
19317, 8, 8 
58556, 8, 8 
44458, 8, 8 
11681, 8, 8 
54198, 8, 8 
38842, 8, 8 
42130, 8, 8 
29722, 8, 8 
42595, 8, 8 
18775, 8, 8 
43580, 8, 8 
11808, 8, 8 
30521, 8, 8 
48684, 8, 8 
2628, 8, 8 
12353, 8, 8 
41751, 8, 8 
10572, 8, 8 
49545, 8, 8 
24160, 8, 8 
33979, 8, 8 
2681, 8, 8 
36387, 8, 8 
57093, 8, 8 
38977, 8, 8 
41064, 8, 8 
29933, 8, 8 
53970, 8, 8 
22054, 8, 8 
40629, 8, 8 
58593, 8, 8 
11950, 8, 8 
41996, 8, 8 
55534, 8, 8 
43647, 8, 8 
50112, 8, 8 
36598, 8, 8 
14478, 8, 8 
6534, 8, 8 
54896, 8, 8 
19570, 8, 8 
22773, 8, 8 
4669, 8, 8 
17768, 8, 8 
17222, 8, 8 
12777, 8, 8 
34912, 8, 8 
45954, 8, 8 
53782, 8, 8 
40875, 8, 8 
9334, 8, 8 
15775, 8, 8 
823, 8, 8 
9361, 8, 8 
59423, 8, 8 
51846, 8, 8 
16639, 8, 8 
35928, 8, 8 
51424, 8, 8 
55132, 8, 8 
54362, 8, 8 
24578, 8, 8 
46631, 8, 8 
25464, 8, 8 
28648, 8, 8 
2194, 8, 8 
39266, 8, 8 
26520, 8, 8 
27616, 8, 8 
21089, 8, 8 
58334, 8, 8 
1384, 8, 8 
38119, 8, 8 
4148, 8, 8 
27974, 8, 8 
31103, 8, 8 
33766, 8, 8 
56004, 8, 8 
3825, 8, 8 
51861, 8, 8 
42470, 8, 8 
49465, 8, 8 
11602, 8, 8 
36541, 8, 8 
30732, 8, 8 
45298, 8, 8 
5625, 8, 8 
30435, 8, 8 
17170, 8, 8 
46650, 8, 8 
54346, 8, 8 
31889, 8, 8 
12658, 8, 8 
2682, 8, 8 
47309, 8, 8 
42878, 8, 8 
15355, 8, 8 
39442, 8, 8 
20807, 8, 8 
1236, 8, 8 
13343, 8, 8 
6774, 8, 8 
6533, 8, 8 
28856, 8, 8 
26616, 8, 8 
25321, 8, 8 
27513, 8, 8 
59280, 8, 8 
40016, 8, 8 
51053, 8, 8 
8719, 8, 8 
28470, 8, 8 
24123, 8, 8 
12513, 8, 8 
5670, 8, 8 
56082, 8, 8 
2958, 8, 8 
50272, 8, 8 
17889, 8, 8 
51705, 8, 8 
59097, 8, 8 
49064, 8, 4 
10513, 8, 8 
44576, 8, 8 
41034, 8, 8 
45882, 8, 8 
1783, 8, 8 
20507, 8, 8 
42576, 8, 8 
43524, 8, 8 
30867, 8, 8 
29965, 8, 8 
31205, 8, 8 
9099, 8, 8 
53002, 8, 8 
44206, 8, 8 
22241, 8, 8 
10596, 8, 8 
53036, 8, 8 
24586, 8, 8 
28390, 8, 8 
52303, 8, 8 
10818, 8, 8 
19792, 8, 8 
13549, 8, 8 
16897, 8, 8 
39609, 8, 8 
13792, 8, 8 
32309, 8, 8 
27106, 8, 8 
49869, 8, 8 
42495, 8, 8 
10575, 8, 8 
43234, 8, 8 
54569, 8, 8 
43629, 8, 8 
5775, 8, 8 
39926, 8, 8 
39951, 8, 8 
59511, 8, 8 
44997, 8, 8 
7575, 8, 8 
19253, 8, 8 
58011, 8, 8 
58615, 8, 8 
43690, 8, 8 
50597, 8, 8 
53486, 8, 8 
25256, 8, 8 
37106, 8, 8 
52533, 8, 8 
52968, 8, 8 
25213, 8, 8 
42299, 8, 8 
4058, 8, 8 
34567, 8, 8 
55211, 8, 8 
51830, 8, 8 
40646, 8, 8 
34029, 8, 8 
30415, 8, 8 
3892, 8, 8 
10611, 8, 8 
12904, 8, 8 
15598, 8, 8 
35706, 8, 8 
19291, 8, 8 
54367, 8, 8 
46, 8, 8 
19716, 8, 8 
7136, 8, 8 
57080, 8, 8 
48796, 8, 8 
2068, 8, 8 
14173, 8, 8 
37891, 8, 8 
57434, 8, 8 
52775, 8, 8 
55683, 8, 8 
40403, 8, 8 
11843, 8, 9 
53079, 8, 8 
54352, 8, 8 
23935, 8, 8 
11210, 8, 9 
3420, 8, 8 
59215, 8, 8 
24460, 8, 8 
37030, 8, 8 
59505, 8, 8 
20364, 8, 8 
45454, 8, 8 
40708, 8, 8 
51746, 8, 8 
33193, 8, 8 
40111, 8, 8 
7042, 8, 8 
23573, 8, 8 
12710, 8, 8 
34719, 8, 8 
16920, 8, 8 
55407, 8, 8 
40417, 8, 8 
8371, 8, 8 
30688, 8, 8 
29393, 8, 8 
47726, 8, 8 
16883, 8, 8 
9591, 8, 8 
25415, 8, 8 
31390, 8, 8 
34978, 8, 8 
16465, 8, 8 
21694, 8, 8 
6030, 8, 8 
46175, 8, 8 
15623, 8, 8 
45317, 8, 8 
48475, 8, 8 
5896, 8, 7 
913, 8, 8 
769, 8, 8 
52445, 8, 8 
40197, 9, 9 
20402, 9, 9 
32350, 9, 9 
22433, 9, 9 
54860, 9, 9 
42222, 9, 9 
7936, 9, 9 
53379, 9, 9 
14875, 9, 9 
9642, 9, 9 
52605, 9, 9 
7264, 9, 4 
21592, 9, 9 
18777, 9, 9 
57681, 9, 9 
28523, 9, 9 
12674, 9, 9 
54955, 9, 9 
4816, 9, 9 
3055, 9, 9 
33712, 9, 9 
3773, 9, 9 
28677, 9, 9 
28833, 9, 9 
36808, 9, 9 
11688, 9, 9 
9229, 9, 9 
53126, 9, 9 
54266, 9, 9 
57072, 9, 9 
17994, 9, 9 
48290, 9, 9 
37449, 9, 9 
27234, 9, 9 
36629, 9, 9 
28176, 9, 9 
16814, 9, 9 
53211, 9, 9 
4229, 9, 9 
10857, 9, 9 
13763, 9, 9 
55730, 9, 4 
36261, 9, 9 
50746, 9, 9 
10381, 9, 9 
38899, 9, 9 
6769, 9, 9 
15844, 9, 9 
900, 9, 9 
27902, 9, 9 
29281, 9, 9 
5339, 9, 9 
27688, 9, 9 
33141, 9, 9 
39973, 9, 9 
43916, 9, 9 
46721, 9, 9 
36930, 9, 9 
18598, 9, 9 
25501, 9, 9 
21616, 9, 9 
17377, 9, 9 
31394, 9, 9 
29821, 9, 9 
48964, 9, 4 
48255, 9, 9 
28873, 9, 9 
14687, 9, 9 
1291, 9, 9 
14341, 9, 9 
54509, 9, 9 
16918, 9, 4 
44962, 9, 9 
53550, 9, 9 
17571, 9, 9 
38947, 9, 9 
48927, 9, 9 
32051, 9, 9 
57670, 9, 9 
4929, 9, 9 
409, 9, 9 
30603, 9, 9 
35647, 9, 9 
30069, 9, 9 
9176, 9, 9 
35786, 9, 9 
38597, 9, 9 
41434, 9, 9 
42311, 9, 9 
16008, 9, 9 
9630, 9, 9 
33944, 9, 9 
43158, 9, 9 
31426, 9, 9 
6368, 9, 9 
41644, 9, 9 
43000, 9, 9 
27460, 9, 9 
26860, 9, 9 
4345, 9, 9 
44154, 9, 9 
27705, 9, 9 
21297, 9, 9 
39911, 9, 9 
45708, 9, 9 
10208, 9, 9 
42529, 9, 9 
46973, 9, 9 
47974, 9, 9 
42851, 9, 9 
33899, 9, 9 
4425, 9, 9 
28005, 9, 9 
36486, 9, 9 
3083, 9, 9 
42963, 9, 9 
51042, 9, 9 
40073, 9, 9 
25852, 9, 9 
9129, 9, 9 
28422, 9, 4 
38137, 9, 9 
30491, 9, 9 
44600, 9, 9 
31676, 9, 9 
50204, 9, 9 
16147, 9, 9 
38395, 9, 9 
58796, 9, 9 
48708, 9, 9 
133, 9, 9 
56087, 9, 9 
30893, 9, 9 
31700, 9, 9 
25372, 9, 9 
11175, 9, 9 
45355, 9, 9 
34176, 9, 9 
32047, 9, 9 
38992, 9, 9 
14582, 9, 4 
41979, 9, 9 
57545, 9, 9 
24194, 9, 9 
24911, 9, 9 
32368, 9, 9 
53778, 9, 9 
6310, 9, 9 
8308, 9, 9 
56041, 9, 9 
45922, 9, 9 
27368, 9, 9 
33999, 9, 9 
10088, 9, 9 
8518, 9, 9 
1751, 9, 9 
40439, 9, 9 
58284, 9, 9 
5727, 9, 9 
21138, 9, 9 
45864, 9, 9 
14984, 9, 9 
7070, 9, 9 
51574, 9, 9 
20763, 9, 9 
25761, 9, 9 
55595, 9, 9 
59174, 9, 9 
29318, 9, 9 
2514, 9, 9 
21072, 9, 9 
26185, 9, 9 
43425, 9, 9 
44926, 9, 9 
12629, 9, 9 
39174, 9, 9 
58187, 9, 9 
12440, 9, 9 
44995, 9, 9 
36779, 9, 9 
27773, 9, 9 
21277, 9, 9 
47783, 9, 9 
16409, 9, 9 
30693, 9, 9 
2041, 9, 9 
7407, 9, 9 
14459, 9, 9 
13429, 9, 9 
43237, 9, 9 
47332, 9, 9 
54055, 9, 9 
46123, 9, 9 
55814, 9, 9 
8316, 9, 9 
32331, 9, 9 
42943, 9, 4 
32123, 9, 9 
12051, 9, 9 
11186, 9, 9 
6459, 9, 9 
22855, 9, 9 
6162, 9, 9 
59221, 9, 9 
7148, 9, 9 
47645, 9, 9 
55064, 9, 9 
5024, 9, 9 
37906, 9, 9 
5106, 9, 9 
39816, 9, 9 
44244, 9, 9 
24556, 9, 9 
8231, 9, 9 
45487, 9, 9 
23743, 9, 9 
37702, 9, 9 
40855, 9, 9 
58088, 9, 9 
33187, 9, 9 
520, 9, 9 
6850, 9, 9 
37025, 9, 9 
6765, 9, 9 
29445, 9, 9 
17297, 9, 9 
19042, 9, 9 
55803, 9, 9 
24305, 9, 9 
20389, 9, 9 
36587, 9, 9 
54687, 9, 9 
8751, 9, 4 
13806, 9, 9 
57008, 9, 9 
53369, 9, 9 
40128, 9, 9 
54386, 9, 9 
25239, 9, 9 
47148, 9, 9 
18916, 9, 9 
31077, 9, 9 
11103, 9, 9 
18009, 9, 9 
27430, 9, 9 
6918, 9, 9 
17142, 9, 9 
46609, 9, 9 
19747, 9, 9 
53736, 9, 9 
22230, 9, 9 
38292, 9, 9 
27846, 9, 7 
51945, 9, 9 
59969, 9, 9 
19494, 9, 9 
30977, 9, 9 
27383, 9, 9 
16580, 9, 9 
5390, 9, 9 
23771, 9, 9 
38154, 9, 9 
25648, 9, 4 
48171, 9, 9 
14146, 9, 9 
50593, 9, 9 
35024, 9, 9 
18610, 9, 9 
15170, 9, 9 
44001, 9, 9 
49333, 9, 9 
18228, 9, 9 
8998, 9, 9 
2911, 9, 9 
26440, 9, 9 
49752, 9, 9 
31803, 9, 9 
36550, 9, 9 
33098, 9, 9 
58006, 9, 9 
51020, 9, 9 
23539, 9, 9 
46537, 9, 9 
27815, 9, 9 
21377, 9, 9 
24825, 9, 9 
13041, 9, 9 
42551, 9, 9 
53895, 9, 9 
30758, 9, 9 
33211, 9, 9 
29236, 9, 9 
35174, 9, 9 
3374, 9, 3 
38727, 9, 9 
34052, 9, 9 
37932, 9, 9 
14662, 9, 9 
10374, 9, 9 
56996, 9, 9 
35877, 9, 9 
24210, 9, 9 
2793, 9, 9 
28062, 9, 9 
13573, 9, 9 
4050, 9, 9 
20841, 9, 9 
20546, 9, 9 
47459, 9, 9 
59496, 9, 9 
19567, 9, 9 
4313, 9, 9 
6491, 9, 9 
6382, 9, 9 
1177, 9, 9 
17226, 9, 9 
5595, 9, 9 
8510, 9, 9 
47345, 9, 9 
37321, 9, 9 
48775, 9, 9 
50408, 9, 9 
26405, 9, 4 
9614, 9, 9 
17708, 9, 9 
5924, 9, 9 
13557, 9, 9 
2141, 9, 9 
30694, 9, 9 
59890, 9, 9 
27611, 9, 9 
35068, 9, 9 
39829, 9, 9 
1884, 9, 9 
49442, 9, 9 
27732, 9, 9 
53764, 9, 9 
44357, 9, 9 
50798, 9, 9 
3465, 9, 9 
59748, 9, 9 
3121, 9, 9 
38293, 9, 9 
24193, 9, 9 
58828, 9, 9 
20820, 9, 9 
29093, 9, 9 
42086, 9, 9 
21562, 9, 9 
12529, 9, 9 
47353, 9, 9 
33931, 9, 9 
15860, 9, 9 
37867, 9, 9 
1811, 9, 9 
48429, 9, 9 
50562, 9, 9 
30944, 9, 9 
34801, 9, 9 
24898, 9, 9 
17972, 9, 9 
2099, 9, 9 
4879, 9, 9 
4544, 9, 4 
46569, 9, 9 
7023, 9, 9 
35455, 9, 9 
3511, 9, 9 
1757, 9, 9 
28149, 9, 9 
47040, 9, 9 
49544, 9, 9 
39787, 9, 9 
35440, 9, 9 
31987, 9, 9 
19806, 9, 9 
56303, 9, 9 
31261, 9, 9 
10613, 9, 9 
53386, 9, 9 
40781, 9, 9 
16939, 9, 9 
41983, 9, 9 
2284, 9, 9 
6191, 9, 9 
3663, 9, 9 
9673, 9, 9 
57281, 9, 9 
49591, 9, 9 
28553, 9, 9 
47909, 9, 9 
13072, 9, 9 
1937, 9, 9 
46353, 9, 9 
48272, 9, 9 
11078, 9, 9 
24061, 9, 9 
29349, 9, 9 
58566, 9, 9 
41948, 9, 9 
44553, 9, 9 
39657, 9, 9 
20571, 9, 9 
52304, 9, 9 
4117, 9, 9 
5044, 9, 9 
51863, 9, 4 
33653, 9, 9 
59566, 9, 9 
20811, 9, 9 
4206, 9, 9 
51280, 9, 4 
30257, 9, 9 
39781, 9, 9 
46474, 9, 9 
3030, 9, 4 
3991, 9, 9 
35807, 9, 9 
34616, 9, 9 
24983, 9, 9 
45144, 9, 9 
49547, 9, 9 
44824, 9, 9 
54321, 9, 9 
22148, 9, 9 
34280, 9, 9 
26254, 9, 9 
26332, 9, 9 
11909, 9, 9 
56062, 9, 9 
11194, 9, 9 
28313, 9, 9 
31218, 9, 9 
34983, 9, 9 
57, 9, 9 
17319, 9, 9 
58469, 9, 9 
34637, 9, 9 
15413, 9, 9 
54166, 9, 9 
13998, 9, 9 
26276, 9, 9 
9238, 9, 9 
20360, 9, 9 
58608, 9, 9 
3977, 9, 9 
23772, 9, 9 
1462, 9, 9 
12833, 9, 9 
3662, 9, 1 
47703, 9, 9 
7200, 9, 9 
12884, 9, 4 
32594, 9, 9 
56905, 9, 9 
49669, 9, 9 
1903, 9, 9 
58332, 9, 4 
53682, 9, 9 
14116, 9, 9 
43185, 9, 9 
17597, 9, 9 
59927, 9, 9 
24553, 9, 9 
26233, 9, 9 
56238, 9, 9 
29201, 9, 9 
43765, 9, 9 
14117, 9, 9 
52214, 9, 9 
52709, 9, 9 
40113, 9, 9 
37318, 9, 9 
19395, 9, 9 
28047, 9, 9 
54993, 9, 9 
45869, 9, 9 
1610, 9, 9 
30110, 9, 9 
54119, 9, 9 
4769, 9, 9 
4503, 9, 9 
14294, 9, 9 
31919, 9, 4 
17019, 9, 7 
18138, 9, 9 
39895, 9, 9 
20421, 9, 9 
39889, 9, 9 
21449, 9, 9 
25905, 9, 4 
21591, 9, 9 
19295, 9, 9 
12607, 9, 9 
37211, 9, 9 
57239, 9, 9 
46315, 9, 9 
10524, 9, 9 
49462, 9, 9 
7468, 9, 9 
