id, true label, predicted label 
39155, 0, 0 
28102, 0, 0 
44815, 0, 0 
32781, 0, 0 
4142, 0, 0 
20349, 0, 0 
40486, 0, 0 
27658, 0, 0 
10352, 0, 0 
20244, 0, 0 
18486, 0, 0 
59148, 0, 0 
13117, 0, 0 
58829, 0, 0 
58353, 0, 0 
33392, 0, 0 
40218, 0, 0 
26775, 0, 0 
5115, 0, 0 
20625, 0, 0 
20463, 0, 0 
59762, 0, 0 
33078, 0, 0 
27094, 0, 0 
34775, 0, 0 
14430, 0, 0 
42915, 0, 0 
57995, 0, 0 
49596, 0, 0 
5583, 0, 0 
40074, 0, 0 
18064, 0, 0 
58765, 0, 0 
22048, 0, 0 
6972, 0, 0 
13126, 0, 0 
35971, 0, 0 
58500, 0, 0 
57162, 0, 0 
32151, 0, 0 
7786, 0, 0 
58074, 0, 0 
35408, 0, 0 
38579, 0, 0 
47619, 0, 0 
24877, 0, 0 
2160, 0, 0 
27414, 0, 0 
8901, 0, 0 
16749, 0, 0 
10120, 0, 0 
9452, 0, 0 
48023, 0, 0 
58376, 0, 0 
16758, 0, 0 
41588, 0, 0 
1512, 0, 0 
27209, 0, 0 
55752, 0, 0 
24706, 0, 0 
59558, 0, 0 
39600, 0, 0 
45218, 0, 0 
30240, 0, 0 
12008, 0, 0 
44777, 0, 0 
53536, 0, 0 
44130, 0, 0 
19588, 0, 0 
34057, 0, 0 
25305, 0, 0 
8349, 0, 0 
2873, 0, 0 
15583, 0, 0 
49124, 0, 0 
1725, 0, 0 
21215, 0, 0 
27246, 0, 0 
51997, 0, 0 
47324, 0, 0 
33512, 0, 0 
33219, 0, 0 
50407, 0, 0 
10456, 0, 0 
47693, 0, 0 
4265, 0, 0 
50523, 0, 0 
59723, 0, 0 
53861, 0, 0 
15694, 0, 0 
19798, 0, 0 
21299, 0, 0 
31171, 0, 0 
54263, 0, 0 
743, 0, 0 
54649, 0, 0 
51331, 0, 0 
11453, 0, 0 
12321, 0, 0 
75, 0, 0 
23821, 0, 0 
54121, 0, 0 
33723, 0, 0 
17534, 0, 0 
57784, 0, 0 
51520, 0, 0 
10564, 0, 0 
30207, 0, 0 
4123, 0, 0 
22529, 0, 0 
37814, 0, 0 
22752, 0, 0 
28763, 0, 0 
57757, 0, 0 
20928, 0, 0 
668, 0, 0 
36692, 0, 0 
34305, 0, 0 
14589, 0, 0 
2084, 0, 0 
34237, 0, 0 
26859, 0, 0 
47419, 0, 0 
6341, 0, 0 
19082, 0, 0 
5938, 0, 0 
39175, 0, 0 
9329, 0, 0 
55110, 0, 0 
17095, 0, 0 
45288, 0, 0 
58754, 0, 0 
31172, 0, 0 
52449, 0, 0 
17956, 0, 0 
50256, 0, 0 
5330, 0, 0 
35857, 0, 0 
18295, 0, 0 
1304, 0, 0 
29985, 0, 0 
24276, 0, 0 
54833, 0, 0 
22816, 0, 0 
29102, 0, 0 
16151, 0, 0 
7816, 0, 0 
52728, 0, 0 
7025, 0, 0 
53487, 0, 0 
23277, 0, 0 
28274, 0, 0 
58784, 0, 0 
7882, 0, 0 
10471, 0, 0 
7753, 0, 0 
54728, 0, 0 
29736, 0, 0 
46822, 0, 0 
36047, 0, 0 
40441, 0, 0 
1018, 0, 0 
20369, 0, 0 
23606, 0, 0 
31112, 0, 0 
23598, 0, 0 
31581, 0, 0 
53460, 0, 0 
21353, 0, 0 
16202, 0, 0 
30434, 0, 0 
56161, 0, 0 
709, 0, 0 
39039, 0, 0 
4239, 0, 0 
3849, 0, 0 
41320, 0, 0 
28357, 0, 0 
39306, 0, 0 
56775, 0, 0 
56332, 0, 0 
28973, 0, 0 
46653, 0, 0 
45952, 0, 0 
43088, 0, 0 
53380, 0, 0 
48511, 0, 0 
52354, 0, 0 
5729, 0, 0 
51226, 0, 0 
35343, 0, 0 
7925, 0, 0 
3702, 0, 0 
7135, 0, 0 
8158, 0, 0 
11403, 0, 0 
39531, 0, 0 
53030, 0, 0 
50804, 0, 0 
41643, 0, 0 
53894, 0, 0 
44606, 0, 0 
603, 0, 0 
23113, 0, 0 
52238, 0, 0 
59418, 0, 0 
37921, 0, 0 
50240, 0, 0 
35465, 0, 0 
51777, 0, 0 
31015, 0, 0 
18029, 0, 0 
2147, 0, 0 
44344, 0, 0 
9666, 0, 0 
35632, 0, 0 
42084, 0, 0 
6117, 0, 0 
28510, 0, 0 
36780, 0, 0 
49622, 0, 0 
37854, 0, 0 
1709, 0, 0 
9524, 0, 0 
7932, 0, 0 
36549, 0, 0 
13873, 0, 0 
4653, 0, 0 
32834, 0, 0 
7471, 0, 0 
15582, 0, 0 
13077, 0, 0 
41646, 0, 0 
35717, 0, 0 
48337, 0, 0 
1605, 0, 0 
57962, 0, 0 
229, 0, 0 
24525, 0, 0 
5464, 0, 0 
5249, 0, 0 
55355, 0, 0 
16484, 0, 0 
37837, 0, 0 
3021, 0, 0 
39685, 0, 0 
11514, 0, 0 
14991, 0, 0 
16905, 0, 0 
29706, 0, 0 
29477, 0, 0 
21260, 0, 0 
16163, 0, 0 
5167, 0, 0 
44730, 0, 0 
33647, 0, 0 
7050, 0, 0 
32098, 0, 0 
54835, 0, 0 
56347, 0, 0 
20487, 0, 0 
5884, 0, 0 
1471, 0, 0 
12670, 0, 0 
54368, 0, 0 
58457, 0, 0 
4325, 0, 0 
32609, 0, 0 
57700, 0, 0 
52438, 0, 0 
52397, 0, 0 
28365, 0, 0 
40690, 0, 0 
34355, 0, 0 
12150, 0, 0 
12662, 0, 0 
1367, 0, 0 
39755, 0, 0 
39758, 0, 0 
1028, 0, 0 
27982, 0, 0 
53982, 0, 0 
59784, 0, 0 
54764, 0, 0 
17293, 0, 0 
27145, 0, 0 
28692, 0, 0 
12666, 0, 0 
41051, 0, 0 
50353, 0, 0 
8355, 0, 0 
3106, 0, 0 
13164, 0, 0 
53432, 0, 0 
56124, 0, 0 
30413, 0, 0 
36646, 0, 0 
37677, 0, 0 
577, 0, 0 
41122, 0, 0 
46557, 0, 0 
57435, 0, 0 
40284, 0, 0 
53038, 0, 0 
31502, 0, 0 
38488, 0, 0 
2914, 0, 0 
52673, 0, 0 
29034, 0, 0 
56454, 0, 0 
12387, 0, 0 
44743, 0, 0 
41353, 0, 0 
54597, 0, 0 
34555, 0, 0 
58408, 0, 0 
59696, 0, 0 
38497, 0, 0 
49463, 0, 0 
19738, 0, 0 
33403, 0, 0 
1168, 0, 0 
47466, 0, 0 
41156, 0, 0 
5048, 0, 0 
13989, 0, 0 
46625, 0, 0 
9038, 0, 0 
22375, 0, 0 
2269, 0, 0 
17379, 0, 0 
13377, 0, 0 
26058, 0, 0 
34394, 0, 0 
50192, 0, 0 
33136, 0, 0 
20483, 0, 0 
28814, 0, 0 
23536, 0, 0 
57730, 0, 0 
8262, 0, 0 
31628, 0, 0 
1530, 0, 0 
4597, 0, 0 
18471, 0, 0 
30668, 0, 0 
14530, 0, 0 
40162, 0, 0 
47704, 0, 0 
4629, 0, 0 
57798, 0, 0 
57390, 0, 0 
44872, 0, 0 
22658, 0, 0 
1664, 0, 0 
26937, 0, 0 
26508, 0, 0 
52021, 0, 0 
51685, 0, 0 
54371, 0, 0 
45513, 0, 0 
39233, 0, 0 
8250, 0, 0 
56444, 0, 0 
8897, 0, 0 
33230, 0, 0 
45418, 0, 0 
22912, 0, 0 
23842, 0, 0 
41743, 0, 0 
1090, 0, 0 
34416, 0, 0 
33848, 0, 0 
20088, 0, 0 
2882, 0, 0 
5615, 0, 0 
25757, 0, 0 
33118, 0, 0 
57912, 0, 0 
13583, 0, 0 
58897, 0, 0 
18132, 0, 0 
50390, 0, 0 
29541, 0, 0 
24444, 0, 0 
55582, 0, 0 
42637, 0, 0 
11887, 0, 0 
25082, 0, 0 
32727, 0, 0 
18102, 0, 0 
28690, 0, 0 
52182, 0, 0 
1107, 0, 0 
19628, 0, 0 
15901, 0, 0 
11240, 0, 0 
39494, 0, 0 
42389, 0, 0 
55302, 0, 0 
54349, 0, 0 
9296, 0, 0 
18538, 0, 0 
36318, 0, 0 
20681, 0, 0 
37968, 0, 0 
57027, 0, 0 
21216, 0, 0 
1346, 0, 0 
17518, 0, 0 
55822, 0, 0 
52554, 0, 0 
22605, 0, 0 
50057, 0, 0 
53116, 0, 0 
42250, 0, 0 
19133, 0, 0 
53573, 0, 0 
46860, 0, 0 
10265, 0, 0 
27318, 0, 0 
30943, 0, 0 
46007, 0, 0 
26990, 0, 0 
11187, 0, 0 
9142, 0, 0 
52593, 0, 0 
5244, 0, 0 
32160, 0, 0 
42157, 0, 0 
41999, 0, 0 
58546, 0, 0 
5342, 0, 0 
18412, 0, 0 
4906, 0, 0 
46837, 0, 0 
37113, 0, 0 
40563, 0, 0 
20095, 0, 0 
44796, 0, 0 
27114, 0, 0 
52185, 0, 0 
31356, 0, 0 
1443, 0, 0 
34016, 0, 0 
8612, 0, 0 
16412, 0, 0 
33087, 0, 0 
15581, 0, 0 
36391, 0, 0 
15567, 0, 0 
6034, 0, 0 
19241, 0, 0 
13547, 0, 0 
33482, 0, 0 
13729, 0, 0 
43536, 0, 0 
20292, 0, 0 
25252, 0, 0 
54221, 0, 0 
4756, 0, 0 
47860, 0, 0 
15992, 0, 0 
42005, 0, 0 
21064, 0, 0 
4027, 0, 0 
50566, 0, 0 
59319, 0, 0 
3309, 0, 0 
32946, 0, 0 
18042, 0, 0 
44029, 0, 0 
42871, 0, 0 
12004, 0, 0 
28221, 0, 0 
3035, 0, 0 
21508, 0, 0 
45494, 0, 0 
23378, 0, 0 
58943, 0, 0 
45386, 0, 0 
13074, 0, 0 
55259, 0, 0 
16519, 0, 0 
27307, 0, 0 
22987, 0, 0 
39956, 0, 0 
12785, 0, 0 
20256, 0, 0 
55593, 0, 0 
23293, 0, 0 
40173, 0, 0 
55354, 0, 0 
26457, 0, 0 
56651, 0, 0 
32778, 0, 0 
9067, 0, 0 
20608, 0, 0 
3461, 0, 0 
22143, 0, 0 
32358, 1, 1 
21535, 1, 1 
1425, 1, 1 
20036, 1, 1 
37849, 1, 1 
46204, 1, 1 
10248, 1, 1 
26070, 1, 1 
43349, 1, 1 
31279, 1, 1 
23984, 1, 1 
34874, 1, 1 
4109, 1, 1 
15002, 1, 1 
17847, 1, 1 
9804, 1, 1 
41193, 1, 1 
40908, 1, 1 
41986, 1, 1 
6913, 1, 1 
35094, 1, 1 
1031, 1, 1 
11508, 1, 1 
42486, 1, 1 
20990, 1, 1 
7116, 1, 1 
46823, 1, 1 
49888, 1, 1 
9975, 1, 1 
54752, 1, 1 
34889, 1, 1 
15929, 1, 1 
36738, 1, 1 
27662, 1, 1 
36257, 1, 1 
609, 1, 1 
49610, 1, 1 
17459, 1, 1 
40879, 1, 1 
18918, 1, 1 
48679, 1, 1 
39465, 1, 1 
36551, 1, 1 
18695, 1, 1 
41839, 1, 1 
58588, 1, 1 
46782, 1, 1 
21200, 1, 1 
43118, 1, 1 
32577, 1, 1 
38196, 1, 1 
53746, 1, 1 
31780, 1, 1 
31058, 1, 1 
34173, 1, 1 
36520, 1, 1 
8589, 1, 1 
58576, 1, 1 
11004, 1, 1 
46347, 1, 1 
19070, 1, 1 
21716, 1, 1 
37225, 1, 1 
39084, 1, 1 
51247, 1, 1 
29416, 1, 1 
8934, 1, 1 
19639, 1, 1 
8610, 1, 1 
5610, 1, 1 
5054, 1, 1 
31945, 1, 1 
12664, 1, 1 
25496, 1, 1 
20041, 1, 1 
2356, 1, 1 
47327, 1, 1 
8291, 1, 1 
19411, 1, 1 
22066, 1, 1 
23473, 1, 1 
4696, 1, 1 
39262, 1, 1 
6870, 1, 1 
59902, 1, 1 
455, 1, 1 
36433, 1, 1 
29518, 1, 1 
2318, 1, 1 
31081, 1, 1 
41487, 1, 1 
36992, 1, 1 
11342, 1, 1 
29909, 1, 1 
23254, 1, 1 
52362, 1, 1 
37564, 1, 1 
22087, 1, 1 
39354, 1, 1 
21899, 1, 1 
44935, 1, 1 
14724, 1, 1 
44792, 1, 1 
6083, 1, 1 
50501, 1, 1 
38538, 1, 1 
19211, 1, 1 
2012, 1, 1 
7303, 1, 1 
19626, 1, 1 
11279, 1, 1 
23012, 1, 1 
470, 1, 1 
26444, 1, 1 
20083, 1, 1 
53103, 1, 1 
34017, 1, 1 
57058, 1, 1 
43836, 1, 1 
26118, 1, 1 
31134, 1, 2 
33441, 1, 1 
8160, 1, 1 
8512, 1, 1 
44113, 1, 1 
24930, 1, 1 
56576, 1, 1 
59028, 1, 1 
871, 1, 1 
23333, 1, 1 
4160, 1, 1 
18683, 1, 1 
58238, 1, 1 
54501, 1, 1 
12158, 1, 1 
50063, 1, 1 
18497, 1, 1 
58198, 1, 1 
10040, 1, 1 
30104, 1, 1 
7896, 1, 1 
25899, 1, 1 
15977, 1, 1 
43539, 1, 1 
31144, 1, 1 
49817, 1, 1 
54607, 1, 1 
51447, 1, 1 
21682, 1, 1 
35699, 1, 1 
24824, 1, 1 
5731, 1, 1 
58479, 1, 1 
43323, 1, 1 
16944, 1, 1 
56283, 1, 1 
32133, 1, 1 
13470, 1, 1 
23462, 1, 1 
618, 1, 1 
52369, 1, 1 
56537, 1, 1 
34077, 1, 1 
29807, 1, 1 
25781, 1, 1 
2047, 1, 1 
36426, 1, 1 
26188, 1, 1 
25354, 1, 1 
51882, 1, 1 
54485, 1, 1 
39159, 1, 1 
57381, 1, 1 
47621, 1, 1 
44120, 1, 1 
38081, 1, 1 
52849, 1, 1 
58459, 1, 1 
38787, 1, 1 
21391, 1, 1 
44693, 1, 1 
56902, 1, 1 
9480, 1, 1 
13835, 1, 1 
57362, 1, 1 
8806, 1, 1 
24352, 1, 1 
29265, 1, 1 
25774, 1, 1 
22928, 1, 1 
11312, 1, 1 
39300, 1, 1 
38558, 1, 1 
16872, 1, 1 
27528, 1, 1 
20556, 1, 1 
3850, 1, 1 
44986, 1, 1 
6192, 1, 1 
40561, 1, 1 
50652, 1, 1 
59530, 1, 1 
30963, 1, 1 
23238, 1, 1 
46575, 1, 1 
45627, 1, 1 
45032, 1, 1 
2015, 1, 1 
43653, 1, 1 
35737, 1, 1 
51483, 1, 1 
11069, 1, 1 
37102, 1, 1 
22700, 1, 1 
51035, 1, 1 
67, 1, 1 
54753, 1, 1 
26238, 1, 1 
39560, 1, 1 
17422, 1, 1 
26182, 1, 1 
28837, 1, 1 
37008, 1, 1 
28133, 1, 1 
19091, 1, 1 
20772, 1, 1 
27104, 1, 1 
39072, 1, 1 
17429, 1, 1 
9133, 1, 1 
10741, 1, 1 
37482, 1, 1 
59616, 1, 1 
51051, 1, 1 
47442, 1, 1 
12436, 1, 1 
43779, 1, 1 
20974, 1, 1 
4972, 1, 1 
3549, 1, 1 
14463, 1, 1 
48454, 1, 1 
44369, 1, 1 
6070, 1, 1 
30176, 1, 1 
2110, 1, 1 
32635, 1, 1 
15266, 1, 1 
34359, 1, 1 
36811, 1, 1 
15974, 1, 1 
1700, 1, 1 
42288, 1, 1 
48664, 1, 1 
30550, 1, 1 
37670, 1, 1 
45437, 1, 1 
8330, 1, 1 
35565, 1, 1 
13985, 1, 1 
30695, 1, 1 
11917, 1, 1 
57722, 1, 1 
35168, 1, 1 
23245, 1, 1 
53849, 1, 1 
23118, 1, 1 
56007, 1, 1 
12499, 1, 1 
35000, 1, 1 
56333, 1, 1 
3755, 1, 1 
3080, 1, 1 
25666, 1, 1 
4654, 1, 1 
15224, 1, 1 
39805, 1, 1 
45546, 1, 1 
37614, 1, 1 
11387, 1, 1 
174, 1, 1 
12486, 1, 1 
14759, 1, 1 
42371, 1, 1 
46664, 1, 1 
23931, 1, 1 
19096, 1, 1 
58580, 1, 1 
34263, 1, 1 
45931, 1, 1 
12128, 1, 1 
50647, 1, 1 
43770, 1, 1 
55988, 1, 1 
9011, 1, 1 
7650, 1, 1 
45029, 1, 1 
10712, 1, 1 
201, 1, 1 
43553, 1, 1 
13514, 1, 1 
11676, 1, 1 
25697, 1, 1 
25531, 1, 1 
3120, 1, 1 
34291, 1, 1 
4487, 1, 1 
1181, 1, 1 
41090, 1, 1 
33191, 1, 1 
51206, 1, 1 
10545, 1, 1 
9615, 1, 1 
56138, 1, 1 
59233, 1, 1 
30137, 1, 1 
9312, 1, 1 
9734, 1, 1 
25885, 1, 1 
20263, 1, 1 
33140, 1, 1 
23181, 1, 1 
55707, 1, 1 
21477, 1, 1 
20593, 1, 1 
30906, 1, 1 
6554, 1, 1 
37290, 1, 1 
31498, 1, 1 
16325, 1, 1 
5245, 1, 1 
36373, 1, 1 
46302, 1, 1 
41750, 1, 1 
53135, 1, 1 
42424, 1, 1 
30564, 1, 1 
50829, 1, 1 
52675, 1, 1 
16381, 1, 1 
50237, 1, 1 
18050, 1, 1 
22489, 1, 1 
35798, 1, 1 
961, 1, 1 
36731, 1, 1 
21171, 1, 1 
16483, 1, 1 
14698, 1, 1 
15789, 1, 1 
37499, 1, 1 
54773, 1, 1 
37565, 1, 1 
25702, 1, 1 
5235, 1, 1 
43316, 1, 1 
57378, 1, 1 
38305, 1, 1 
6531, 1, 1 
10345, 1, 1 
5123, 1, 1 
25785, 1, 1 
57903, 1, 1 
2426, 1, 7 
46103, 1, 1 
2731, 1, 1 
15277, 1, 1 
11765, 1, 1 
24923, 1, 1 
36509, 1, 1 
12221, 1, 1 
18493, 1, 1 
11337, 1, 1 
16334, 1, 1 
13266, 1, 1 
58148, 1, 1 
54979, 1, 1 
34091, 1, 1 
51548, 1, 1 
53891, 1, 1 
6822, 1, 1 
30129, 1, 1 
21019, 1, 1 
37518, 1, 1 
12693, 1, 1 
33310, 1, 1 
10519, 1, 1 
53662, 1, 1 
25704, 1, 1 
23477, 1, 1 
23511, 1, 1 
26175, 1, 1 
21574, 1, 1 
20443, 1, 1 
46256, 1, 1 
26099, 1, 1 
29083, 1, 1 
1579, 1, 1 
2225, 1, 1 
47904, 1, 1 
20755, 1, 1 
25537, 1, 1 
2437, 1, 1 
19937, 1, 1 
28187, 1, 1 
27439, 1, 1 
19651, 1, 1 
53001, 1, 1 
41944, 1, 1 
2830, 1, 1 
47670, 1, 1 
8679, 1, 1 
55415, 1, 1 
21168, 1, 1 
14945, 1, 1 
1211, 1, 1 
26867, 1, 1 
40983, 1, 1 
59085, 1, 1 
12049, 1, 1 
28557, 1, 1 
59787, 1, 1 
18649, 1, 1 
17457, 1, 1 
56955, 1, 1 
19753, 1, 1 
54079, 1, 1 
16468, 1, 1 
44366, 1, 1 
27657, 1, 1 
48949, 1, 1 
27961, 1, 1 
16805, 1, 1 
50083, 1, 1 
4351, 1, 1 
39364, 1, 1 
42194, 1, 1 
58985, 1, 1 
28769, 1, 1 
41777, 1, 1 
52032, 1, 1 
33943, 1, 1 
9012, 1, 1 
29087, 1, 1 
30068, 1, 1 
14503, 1, 1 
28970, 1, 1 
25287, 1, 1 
31727, 1, 1 
21364, 1, 1 
15345, 1, 1 
22785, 1, 1 
11317, 1, 1 
38095, 1, 1 
38016, 1, 1 
55083, 1, 1 
2998, 1, 1 
3545, 1, 1 
34681, 1, 1 
35710, 1, 1 
2831, 1, 1 
28479, 1, 1 
8984, 1, 1 
27619, 1, 1 
16265, 1, 1 
59671, 1, 1 
10834, 1, 1 
55324, 1, 1 
36315, 1, 1 
30721, 1, 1 
52537, 1, 1 
2906, 1, 1 
54438, 1, 1 
25324, 1, 1 
46240, 1, 1 
58451, 1, 1 
19486, 1, 1 
35286, 1, 1 
42690, 1, 1 
53314, 1, 1 
3628, 1, 1 
23585, 1, 1 
26698, 1, 1 
40148, 1, 1 
8451, 1, 1 
57460, 1, 1 
11809, 1, 1 
15536, 1, 1 
16988, 1, 1 
2151, 1, 1 
52878, 1, 1 
13785, 1, 1 
12807, 1, 1 
23318, 1, 1 
43033, 1, 1 
8987, 1, 1 
55524, 1, 1 
6206, 1, 1 
1496, 1, 1 
57197, 1, 1 
17212, 2, 2 
58494, 2, 2 
36879, 2, 2 
31709, 2, 2 
43495, 2, 2 
47255, 2, 8 
22335, 2, 2 
44823, 2, 2 
44248, 2, 2 
16327, 2, 2 
4031, 2, 2 
6899, 2, 2 
11621, 2, 2 
20055, 2, 2 
6138, 2, 2 
38366, 2, 2 
12234, 2, 2 
2346, 2, 2 
34226, 2, 2 
41080, 2, 2 
22391, 2, 2 
53322, 2, 2 
17912, 2, 2 
20042, 2, 2 
2377, 2, 2 
58000, 2, 2 
21683, 2, 2 
34432, 2, 2 
4182, 2, 2 
17635, 2, 2 
57649, 2, 2 
53391, 2, 2 
1531, 2, 2 
36781, 2, 2 
49674, 2, 2 
34747, 2, 2 
33930, 2, 2 
55203, 2, 2 
37360, 2, 2 
30443, 2, 2 
29519, 2, 2 
6270, 2, 2 
56876, 2, 2 
49267, 2, 2 
41217, 2, 2 
54924, 2, 2 
7760, 2, 2 
59245, 2, 2 
41965, 2, 2 
19397, 2, 2 
54973, 2, 2 
35529, 2, 2 
17439, 2, 2 
34532, 2, 2 
45028, 2, 2 
55504, 2, 2 
41911, 2, 2 
10680, 2, 2 
36266, 2, 2 
8025, 2, 2 
26541, 2, 2 
15994, 2, 2 
6360, 2, 2 
16810, 2, 2 
50475, 2, 2 
35167, 2, 2 
49856, 2, 2 
34964, 2, 2 
22278, 2, 2 
56579, 2, 2 
34425, 2, 2 
51458, 2, 2 
42754, 2, 2 
20007, 2, 2 
28780, 2, 2 
8582, 2, 2 
12213, 2, 2 
37241, 2, 2 
57953, 2, 2 
23642, 2, 2 
38261, 2, 2 
7467, 2, 2 
55089, 2, 2 
53245, 2, 2 
40405, 2, 2 
22884, 2, 8 
1129, 2, 2 
29510, 2, 2 
19721, 2, 2 
8154, 2, 2 
54350, 2, 2 
58429, 2, 2 
53056, 2, 2 
25632, 2, 2 
19784, 2, 2 
34450, 2, 2 
22188, 2, 2 
24098, 2, 2 
51379, 2, 2 
109, 2, 2 
57342, 2, 0 
44229, 2, 2 
3147, 2, 2 
50720, 2, 2 
31354, 2, 2 
35638, 2, 2 
56222, 2, 2 
13299, 2, 2 
44520, 2, 2 
52169, 2, 2 
20944, 2, 2 
45358, 2, 2 
7014, 2, 2 
26883, 2, 2 
3134, 2, 2 
39170, 2, 2 
17246, 2, 2 
49192, 2, 2 
35927, 2, 2 
190, 2, 2 
33027, 2, 2 
5289, 2, 2 
16298, 2, 2 
46214, 2, 2 
2078, 2, 2 
18230, 2, 2 
41340, 2, 2 
8810, 2, 2 
43191, 2, 2 
45387, 2, 2 
11748, 2, 2 
29219, 2, 2 
52099, 2, 2 
39507, 2, 2 
52132, 2, 2 
36292, 2, 2 
56049, 2, 2 
17909, 2, 2 
26899, 2, 2 
7796, 2, 0 
24129, 2, 2 
33505, 2, 2 
53284, 2, 2 
27768, 2, 2 
18192, 2, 2 
49168, 2, 2 
39840, 2, 2 
4208, 2, 2 
53989, 2, 2 
46585, 2, 2 
5843, 2, 2 
33716, 2, 2 
15823, 2, 2 
2261, 2, 2 
32836, 2, 2 
42310, 2, 2 
29453, 2, 2 
6055, 2, 2 
10805, 2, 2 
30075, 2, 2 
54484, 2, 2 
53494, 2, 2 
2053, 2, 2 
27367, 2, 2 
55032, 2, 2 
4843, 2, 2 
40366, 2, 2 
50568, 2, 2 
19028, 2, 2 
57225, 2, 2 
15093, 2, 2 
11667, 2, 2 
52422, 2, 2 
31185, 2, 4 
6805, 2, 2 
40445, 2, 2 
45498, 2, 2 
49285, 2, 2 
38862, 2, 2 
2280, 2, 2 
17115, 2, 2 
42891, 2, 2 
21638, 2, 2 
46050, 2, 2 
34944, 2, 2 
46219, 2, 2 
9271, 2, 2 
21798, 2, 2 
42830, 2, 2 
44377, 2, 2 
27413, 2, 2 
40345, 2, 2 
17995, 2, 2 
19210, 2, 2 
7916, 2, 2 
47956, 2, 2 
37941, 2, 2 
30091, 2, 2 
26577, 2, 2 
42366, 2, 2 
51016, 2, 2 
7554, 2, 2 
18776, 2, 2 
8460, 2, 2 
28335, 2, 2 
25700, 2, 2 
8983, 2, 2 
31970, 2, 2 
57319, 2, 2 
35572, 2, 2 
57831, 2, 2 
29741, 2, 2 
28285, 2, 3 
25939, 2, 2 
16030, 2, 2 
7695, 2, 2 
25927, 2, 2 
55808, 2, 2 
43211, 2, 2 
42472, 2, 2 
6044, 2, 2 
38319, 2, 2 
25004, 2, 2 
4576, 2, 2 
46921, 2, 2 
57506, 2, 2 
34056, 2, 2 
20917, 2, 2 
57363, 2, 2 
19213, 2, 2 
30346, 2, 2 
45977, 2, 2 
47907, 2, 2 
22076, 2, 2 
2499, 2, 2 
13552, 2, 2 
1096, 2, 2 
6190, 2, 2 
6743, 2, 2 
42792, 2, 2 
16146, 2, 2 
56922, 2, 2 
19926, 2, 2 
57936, 2, 2 
12911, 2, 2 
26956, 2, 2 
31933, 2, 2 
1648, 2, 2 
36064, 2, 2 
27535, 2, 2 
23975, 2, 2 
57151, 2, 2 
7431, 2, 2 
41294, 2, 2 
30669, 2, 2 
12582, 2, 2 
36573, 2, 2 
11438, 2, 1 
9721, 2, 2 
20831, 2, 2 
56612, 2, 2 
1881, 2, 2 
52757, 2, 2 
7139, 2, 2 
34157, 2, 2 
7484, 2, 2 
12286, 2, 2 
54758, 2, 2 
13374, 2, 2 
4428, 2, 2 
4165, 2, 2 
37610, 2, 2 
38068, 2, 2 
1301, 2, 2 
187, 2, 2 
20440, 2, 2 
38094, 2, 2 
34891, 2, 2 
12135, 2, 2 
35509, 2, 2 
39794, 2, 2 
10570, 2, 2 
26994, 2, 2 
6012, 2, 2 
49962, 2, 2 
4835, 2, 2 
47557, 2, 2 
10130, 2, 2 
47024, 2, 2 
47231, 2, 2 
53585, 2, 2 
52358, 2, 2 
45136, 2, 2 
43566, 2, 2 
23982, 2, 2 
39421, 2, 2 
18097, 2, 2 
32170, 2, 2 
55172, 2, 2 
35051, 2, 2 
48884, 2, 2 
53026, 2, 2 
34976, 2, 2 
34087, 2, 2 
1188, 2, 2 
56998, 2, 2 
391, 2, 2 
54682, 2, 2 
16812, 2, 2 
7369, 2, 2 
13953, 2, 2 
32525, 2, 2 
41004, 2, 2 
31133, 2, 2 
21450, 2, 2 
56055, 2, 2 
21788, 2, 2 
42842, 2, 2 
17945, 2, 2 
21566, 2, 2 
59855, 2, 2 
48837, 2, 2 
40318, 2, 2 
31555, 2, 2 
39862, 2, 2 
21722, 2, 2 
23721, 2, 2 
3470, 2, 2 
59903, 2, 2 
59920, 2, 2 
51419, 2, 2 
10567, 2, 2 
10264, 2, 2 
56508, 2, 2 
4278, 2, 2 
18632, 2, 2 
49605, 2, 2 
1660, 2, 2 
11519, 2, 2 
58241, 2, 2 
5529, 2, 2 
20454, 2, 2 
3300, 2, 2 
45347, 2, 2 
7161, 2, 2 
6348, 2, 2 
56752, 2, 2 
3242, 2, 2 
59607, 2, 2 
17489, 2, 2 
46708, 2, 2 
12797, 2, 2 
22010, 2, 2 
21135, 2, 2 
31837, 2, 2 
4398, 2, 2 
29932, 2, 2 
36949, 2, 2 
36166, 2, 2 
41458, 2, 2 
44054, 2, 2 
6126, 2, 2 
47819, 2, 2 
15614, 2, 2 
7758, 2, 2 
11700, 2, 2 
9862, 2, 2 
35785, 2, 2 
9575, 2, 2 
54815, 2, 2 
58297, 2, 2 
40530, 2, 2 
16281, 2, 2 
51976, 2, 2 
44758, 2, 2 
27680, 2, 2 
21857, 2, 2 
5, 2, 2 
29025, 2, 2 
58172, 2, 2 
23323, 2, 2 
51810, 2, 2 
3208, 2, 2 
22442, 2, 2 
24674, 2, 2 
50674, 2, 2 
48420, 2, 2 
53269, 2, 2 
43450, 2, 2 
23162, 2, 2 
40995, 2, 2 
35111, 2, 2 
39059, 2, 2 
15083, 2, 2 
33016, 2, 2 
43122, 2, 2 
57799, 2, 2 
15263, 2, 2 
11242, 2, 2 
46047, 2, 2 
21528, 2, 2 
55308, 2, 2 
35137, 2, 2 
56957, 2, 2 
50446, 2, 2 
4476, 2, 1 
3848, 2, 2 
41255, 2, 2 
58317, 2, 2 
29635, 2, 2 
10707, 2, 2 
34928, 2, 2 
26146, 2, 2 
7654, 2, 2 
18943, 2, 2 
26031, 2, 2 
39228, 2, 2 
53373, 2, 2 
57573, 2, 2 
40863, 2, 2 
33863, 2, 2 
47839, 2, 2 
15510, 2, 2 
6327, 2, 2 
31070, 2, 2 
57808, 2, 2 
9449, 2, 2 
26595, 2, 2 
35930, 2, 2 
21668, 2, 2 
24836, 2, 2 
10502, 2, 2 
27122, 2, 2 
13277, 2, 2 
27432, 2, 2 
14569, 2, 2 
22878, 2, 2 
27426, 2, 2 
1058, 2, 2 
29930, 2, 2 
7823, 2, 2 
47254, 2, 2 
49409, 2, 2 
3710, 2, 2 
1923, 2, 2 
16109, 2, 2 
22922, 2, 2 
54541, 2, 2 
33290, 2, 2 
59298, 2, 2 
13606, 2, 2 
45799, 2, 2 
36326, 2, 2 
38753, 2, 2 
23310, 2, 2 
57628, 2, 2 
3305, 2, 2 
37084, 2, 2 
35653, 2, 2 
52889, 2, 2 
36753, 2, 2 
19815, 2, 2 
56100, 2, 2 
8453, 2, 2 
43806, 2, 2 
27787, 2, 2 
54220, 2, 2 
38637, 2, 2 
28210, 2, 2 
15948, 2, 2 
27165, 2, 2 
55625, 2, 2 
20770, 2, 2 
47971, 2, 2 
41256, 2, 2 
13156, 2, 2 
25752, 2, 2 
23794, 2, 2 
21147, 2, 2 
19694, 2, 2 
54292, 2, 2 
31635, 2, 2 
17873, 2, 2 
57654, 2, 2 
57933, 2, 2 
15688, 2, 2 
10084, 2, 2 
46277, 2, 2 
37157, 2, 2 
23099, 2, 2 
55100, 2, 2 
20970, 2, 2 
48294, 2, 2 
32435, 2, 2 
38256, 2, 2 
49106, 2, 2 
43743, 2, 2 
15067, 2, 2 
19165, 2, 2 
3679, 2, 2 
9623, 3, 3 
19280, 3, 3 
39384, 3, 3 
10493, 3, 3 
39566, 3, 3 
26324, 3, 3 
3707, 3, 3 
19386, 3, 8 
34363, 3, 3 
33510, 3, 3 
41850, 3, 3 
37271, 3, 3 
8395, 3, 3 
48352, 3, 3 
55198, 3, 3 
44906, 3, 3 
42898, 3, 3 
7295, 3, 3 
45340, 3, 3 
18964, 3, 3 
55106, 3, 3 
32964, 3, 3 
59715, 3, 3 
38281, 3, 3 
50755, 3, 3 
37085, 3, 3 
6071, 3, 3 
19976, 3, 3 
37928, 3, 3 
36287, 3, 3 
50431, 3, 9 
1675, 3, 3 
17467, 3, 3 
452, 3, 3 
30354, 3, 3 
57474, 3, 3 
24528, 3, 3 
39081, 3, 3 
9411, 3, 3 
40752, 3, 3 
36862, 3, 3 
13141, 3, 3 
7803, 3, 3 
37204, 3, 3 
29875, 3, 3 
56581, 3, 3 
14825, 3, 3 
58664, 3, 3 
51536, 3, 3 
37756, 3, 3 
32881, 3, 3 
11138, 3, 3 
19016, 3, 3 
46075, 3, 3 
18343, 3, 3 
25941, 3, 3 
23221, 3, 3 
41283, 3, 3 
13658, 3, 3 
9289, 3, 3 
24354, 3, 3 
549, 3, 3 
45959, 3, 3 
55133, 3, 3 
45436, 3, 3 
24680, 3, 3 
20561, 3, 3 
35898, 3, 3 
6750, 3, 3 
49560, 3, 3 
5738, 3, 3 
15533, 3, 3 
52904, 3, 3 
57920, 3, 3 
25346, 3, 3 
48065, 3, 3 
57107, 3, 3 
15336, 3, 3 
40789, 3, 3 
26306, 3, 3 
48732, 3, 3 
22587, 3, 3 
47818, 3, 3 
330, 3, 3 
21112, 3, 3 
29182, 3, 3 
46834, 3, 3 
1320, 3, 3 
24373, 3, 3 
37517, 3, 3 
25996, 3, 3 
52327, 3, 3 
40185, 3, 3 
32505, 3, 3 
59535, 3, 3 
8048, 3, 3 
22219, 3, 3 
29991, 3, 3 
5649, 3, 3 
45990, 3, 3 
21714, 3, 3 
16645, 3, 3 
7483, 3, 3 
15747, 3, 3 
6912, 3, 3 
33877, 3, 3 
8295, 3, 3 
55688, 3, 3 
51811, 3, 3 
19337, 3, 3 
35376, 3, 3 
58711, 3, 3 
56383, 3, 3 
14262, 3, 3 
42758, 3, 3 
47140, 3, 3 
49404, 3, 3 
25127, 3, 3 
43198, 3, 3 
42199, 3, 3 
27248, 3, 5 
57897, 3, 3 
15031, 3, 3 
11039, 3, 8 
22251, 3, 3 
4658, 3, 3 
55103, 3, 3 
44349, 3, 3 
10155, 3, 3 
19965, 3, 3 
18735, 3, 3 
58656, 3, 3 
52191, 3, 3 
44282, 3, 3 
34605, 3, 3 
37927, 3, 3 
53838, 3, 3 
51106, 3, 3 
42902, 3, 3 
26291, 3, 3 
25645, 3, 3 
16502, 3, 3 
50680, 3, 3 
37166, 3, 3 
59168, 3, 3 
39489, 3, 3 
34716, 3, 3 
55831, 3, 3 
28431, 3, 3 
41471, 3, 3 
7881, 3, 3 
56761, 3, 3 
9089, 3, 3 
31269, 3, 3 
22154, 3, 3 
31379, 3, 3 
35949, 3, 3 
29181, 3, 3 
40257, 3, 3 
19793, 3, 3 
2275, 3, 3 
30041, 3, 3 
10882, 3, 3 
11539, 3, 3 
44969, 3, 3 
11021, 3, 3 
9648, 3, 3 
2183, 3, 3 
56994, 3, 3 
21285, 3, 3 
55017, 3, 3 
8554, 3, 3 
50212, 3, 8 
40337, 3, 3 
50940, 3, 3 
35030, 3, 3 
48599, 3, 3 
49406, 3, 3 
48628, 3, 3 
38223, 3, 3 
58064, 3, 3 
3181, 3, 3 
27333, 3, 3 
4898, 3, 3 
32885, 3, 3 
38911, 3, 3 
53889, 3, 3 
57856, 3, 3 
12245, 3, 3 
11714, 3, 3 
1611, 3, 3 
35354, 3, 3 
48091, 3, 3 
9977, 3, 3 
3472, 3, 3 
53863, 3, 3 
22767, 3, 3 
20243, 3, 3 
6545, 3, 3 
10827, 3, 3 
19977, 3, 3 
57717, 3, 3 
28734, 3, 3 
22011, 3, 3 
28123, 3, 3 
39851, 3, 3 
760, 3, 3 
56721, 3, 3 
15544, 3, 3 
3609, 3, 3 
48426, 3, 3 
51799, 3, 3 
1226, 3, 3 
53223, 3, 3 
14856, 3, 3 
10137, 3, 3 
10756, 3, 3 
49985, 3, 3 
11244, 3, 3 
35528, 3, 3 
28527, 3, 3 
55698, 3, 3 
23796, 3, 3 
7800, 3, 3 
31021, 3, 3 
34629, 3, 3 
56535, 3, 3 
17100, 3, 3 
18974, 3, 3 
32193, 3, 3 
52464, 3, 3 
18380, 3, 3 
48701, 3, 3 
55509, 3, 3 
22126, 3, 3 
7150, 3, 3 
9871, 3, 3 
59891, 3, 3 
1378, 3, 3 
6856, 3, 3 
21673, 3, 3 
59202, 3, 3 
25094, 3, 3 
59100, 3, 3 
45791, 3, 3 
55737, 3, 3 
36802, 3, 3 
2627, 3, 3 
43031, 3, 3 
45005, 3, 3 
4276, 3, 3 
17929, 3, 3 
40743, 3, 3 
74, 3, 3 
29266, 3, 3 
32811, 3, 3 
16774, 3, 3 
49018, 3, 3 
35498, 3, 3 
47676, 3, 3 
35557, 3, 3 
18325, 3, 3 
48521, 3, 3 
2661, 3, 3 
3075, 3, 3 
13294, 3, 3 
36855, 3, 3 
14548, 3, 3 
44543, 3, 3 
23810, 3, 3 
53630, 3, 3 
15090, 3, 3 
46853, 3, 3 
49607, 3, 3 
39721, 3, 3 
32490, 3, 3 
20096, 3, 3 
42441, 3, 3 
23712, 3, 3 
24338, 3, 3 
17333, 3, 3 
20737, 3, 3 
44764, 3, 3 
18960, 3, 3 
48579, 3, 3 
49376, 3, 3 
44435, 3, 3 
22155, 3, 8 
52871, 3, 3 
47245, 3, 3 
59500, 3, 3 
21153, 3, 3 
53749, 3, 3 
55071, 3, 3 
27786, 3, 3 
46918, 3, 3 
25454, 3, 3 
13675, 3, 3 
43064, 3, 3 
36917, 3, 3 
26488, 3, 3 
39871, 3, 3 
55353, 3, 3 
35491, 3, 3 
35113, 3, 3 
54746, 3, 3 
12780, 3, 3 
17077, 3, 3 
29671, 3, 3 
28392, 3, 3 
53332, 3, 3 
35336, 3, 3 
19713, 3, 3 
47280, 3, 3 
12430, 3, 3 
57952, 3, 3 
14367, 3, 3 
8405, 3, 3 
46409, 3, 3 
43065, 3, 3 
22114, 3, 3 
11234, 3, 3 
50337, 3, 3 
34845, 3, 3 
57781, 3, 3 
16924, 3, 3 
56337, 3, 3 
56474, 3, 3 
41537, 3, 3 
3332, 3, 3 
18463, 3, 3 
51201, 3, 3 
26187, 3, 3 
18079, 3, 3 
13114, 3, 3 
54499, 3, 3 
51142, 3, 3 
50262, 3, 3 
1718, 3, 3 
32194, 3, 3 
19655, 3, 3 
16177, 3, 3 
17766, 3, 3 
47469, 3, 3 
29894, 3, 3 
2917, 3, 3 
37223, 3, 3 
5270, 3, 3 
45940, 3, 3 
59299, 3, 3 
42476, 3, 3 
7080, 3, 5 
59356, 3, 3 
16530, 3, 3 
14135, 3, 3 
12274, 3, 3 
56073, 3, 3 
27847, 3, 3 
10314, 3, 3 
9037, 3, 3 
32691, 3, 3 
2228, 3, 3 
12747, 3, 3 
54739, 3, 3 
3422, 3, 3 
33357, 3, 3 
59014, 3, 3 
2489, 3, 3 
41742, 3, 3 
32685, 3, 3 
58311, 3, 3 
54867, 3, 3 
36247, 3, 3 
40550, 3, 3 
1108, 3, 3 
4250, 3, 3 
3844, 3, 3 
52209, 3, 3 
32414, 3, 3 
9420, 3, 3 
5160, 3, 3 
54016, 3, 3 
8254, 3, 3 
40836, 3, 3 
47795, 3, 3 
47395, 3, 3 
15519, 3, 3 
29958, 3, 3 
49789, 3, 3 
58389, 3, 3 
47377, 3, 3 
19474, 3, 3 
9610, 3, 3 
59550, 3, 3 
41343, 3, 3 
9230, 3, 3 
9664, 3, 3 
56475, 3, 3 
33709, 3, 3 
46856, 3, 3 
36912, 3, 3 
19495, 3, 3 
18584, 3, 3 
24763, 3, 3 
57568, 3, 3 
18840, 3, 3 
32281, 3, 3 
36324, 3, 3 
14065, 3, 3 
45266, 3, 3 
28193, 3, 3 
13615, 3, 3 
53365, 3, 3 
9696, 3, 3 
54859, 3, 3 
47992, 3, 3 
22477, 3, 3 
6920, 3, 3 
39329, 3, 3 
1428, 3, 3 
19205, 3, 3 
28344, 3, 3 
16689, 3, 3 
55640, 3, 3 
46634, 3, 3 
44671, 3, 3 
31446, 3, 3 
39933, 3, 3 
36169, 3, 3 
13225, 3, 3 
12942, 3, 3 
21643, 3, 3 
36511, 3, 3 
32656, 3, 3 
3048, 3, 3 
46157, 3, 3 
17082, 3, 3 
2174, 3, 3 
32680, 3, 3 
28199, 3, 3 
49149, 3, 3 
40745, 3, 3 
27143, 3, 3 
4191, 3, 3 
47720, 3, 3 
21468, 3, 3 
30720, 3, 8 
30949, 3, 3 
55336, 3, 3 
58587, 3, 3 
30011, 3, 3 
18280, 3, 3 
17253, 3, 3 
1150, 3, 3 
23076, 3, 3 
39852, 3, 3 
6959, 3, 3 
56043, 3, 3 
53923, 3, 3 
33624, 3, 3 
36076, 3, 3 
4866, 3, 3 
55998, 3, 3 
46005, 3, 3 
12879, 3, 3 
7618, 3, 3 
2818, 3, 3 
46902, 3, 3 
26662, 3, 3 
50892, 3, 3 
59777, 3, 3 
42545, 3, 3 
44058, 3, 3 
2726, 3, 3 
54258, 3, 3 
6489, 3, 3 
33028, 3, 3 
30002, 3, 3 
38529, 3, 3 
40683, 3, 3 
59569, 3, 3 
55874, 3, 3 
14880, 3, 3 
14184, 3, 3 
57009, 3, 3 
20003, 3, 3 
42908, 3, 3 
54898, 3, 3 
14383, 3, 3 
31098, 3, 3 
13298, 3, 3 
35582, 3, 3 
11034, 3, 3 
3460, 3, 3 
11755, 3, 3 
49602, 3, 3 
57608, 3, 3 
58252, 3, 3 
49410, 3, 3 
10214, 3, 3 
59515, 4, 4 
55546, 4, 4 
34537, 4, 4 
57144, 4, 4 
57459, 4, 4 
50389, 4, 4 
55538, 4, 4 
59534, 4, 4 
49005, 4, 4 
5033, 4, 4 
31359, 4, 4 
52074, 4, 4 
36676, 4, 4 
10736, 4, 4 
24637, 4, 4 
53362, 4, 4 
50319, 4, 4 
43038, 4, 4 
51817, 4, 4 
38938, 4, 4 
41531, 4, 4 
57229, 4, 4 
26808, 4, 4 
50846, 4, 4 
43009, 4, 4 
8081, 4, 4 
45184, 4, 4 
24233, 4, 4 
8857, 4, 4 
58984, 4, 4 
42774, 4, 4 
4433, 4, 4 
19032, 4, 4 
38503, 4, 4 
35234, 4, 6 
57747, 4, 4 
46530, 4, 4 
1253, 4, 4 
2052, 4, 4 
54109, 4, 4 
6184, 4, 4 
45278, 4, 4 
26869, 4, 4 
14811, 4, 4 
34138, 4, 4 
47028, 4, 4 
8711, 4, 4 
18436, 4, 4 
36350, 4, 4 
12912, 4, 4 
10695, 4, 4 
4410, 4, 4 
45834, 4, 4 
5513, 4, 4 
29429, 4, 4 
34294, 4, 4 
43906, 4, 4 
35665, 4, 4 
39491, 4, 4 
53141, 4, 4 
11799, 4, 4 
49609, 4, 4 
58906, 4, 4 
24912, 4, 4 
29196, 4, 4 
21461, 4, 4 
35951, 4, 4 
32466, 4, 4 
13553, 4, 4 
44459, 4, 4 
15665, 4, 4 
30593, 4, 4 
55197, 4, 4 
35461, 4, 4 
30736, 4, 4 
4768, 4, 4 
22418, 4, 4 
33630, 4, 4 
3182, 4, 4 
36790, 4, 4 
25938, 4, 4 
19483, 4, 4 
32801, 4, 4 
24287, 4, 4 
59799, 4, 4 
27776, 4, 4 
14105, 4, 4 
17613, 4, 4 
15376, 4, 4 
31484, 4, 4 
10845, 4, 4 
16093, 4, 4 
35913, 4, 4 
35095, 4, 4 
15347, 4, 4 
49998, 4, 4 
24798, 4, 0 
10216, 4, 4 
828, 4, 4 
38407, 4, 4 
57011, 4, 4 
4789, 4, 4 
33262, 4, 4 
57371, 4, 4 
363, 4, 4 
43398, 4, 4 
10937, 4, 4 
29135, 4, 4 
33117, 4, 4 
54991, 4, 4 
24668, 4, 4 
22525, 4, 4 
11165, 4, 4 
4798, 4, 4 
21642, 4, 4 
16765, 4, 4 
34550, 4, 4 
24547, 4, 4 
14990, 4, 4 
48402, 4, 4 
39563, 4, 4 
9513, 4, 4 
48730, 4, 4 
36208, 4, 4 
54801, 4, 4 
59026, 4, 4 
48342, 4, 4 
28311, 4, 4 
1630, 4, 4 
26128, 4, 4 
6804, 4, 4 
43473, 4, 4 
49707, 4, 4 
13143, 4, 4 
51114, 4, 4 
19375, 4, 4 
11153, 4, 4 
29047, 4, 4 
41568, 4, 4 
45564, 4, 4 
41006, 4, 4 
20219, 4, 4 
9741, 4, 4 
44419, 4, 4 
36518, 4, 4 
24607, 4, 4 
59657, 4, 4 
7965, 4, 4 
49937, 4, 4 
51445, 4, 4 
48880, 4, 4 
39558, 4, 4 
53873, 4, 4 
12972, 4, 4 
21867, 4, 4 
29558, 4, 4 
5796, 4, 4 
11496, 4, 4 
57127, 4, 4 
25488, 4, 4 
37239, 4, 4 
58240, 4, 4 
11264, 4, 4 
32272, 4, 4 
51894, 4, 4 
27809, 4, 4 
10683, 4, 4 
481, 4, 4 
19252, 4, 6 
13507, 4, 4 
1094, 4, 4 
30588, 4, 4 
6656, 4, 4 
55788, 4, 4 
8086, 4, 4 
23636, 4, 4 
52945, 4, 4 
16612, 4, 4 
25471, 4, 4 
23834, 4, 4 
35931, 4, 4 
3218, 4, 4 
45578, 4, 4 
41206, 4, 4 
24340, 4, 4 
52308, 4, 4 
53713, 4, 4 
25662, 4, 4 
12997, 4, 4 
36190, 4, 4 
31126, 4, 4 
49480, 4, 4 
19599, 4, 4 
23135, 4, 4 
24543, 4, 4 
53856, 4, 4 
10437, 4, 4 
33708, 4, 4 
8587, 4, 4 
2264, 4, 4 
16875, 4, 9 
43272, 4, 4 
20182, 4, 4 
7299, 4, 4 
32069, 4, 4 
51155, 4, 4 
2458, 4, 4 
38583, 4, 4 
48216, 4, 4 
15668, 4, 4 
44711, 4, 4 
52949, 4, 4 
57845, 4, 4 
22518, 4, 4 
9920, 4, 4 
12055, 4, 4 
15942, 4, 6 
14482, 4, 4 
48442, 4, 4 
1738, 4, 4 
44301, 4, 4 
33626, 4, 4 
57422, 4, 4 
57712, 4, 4 
11323, 4, 4 
51944, 4, 9 
57803, 4, 4 
6210, 4, 4 
13765, 4, 4 
27102, 4, 4 
50587, 4, 4 
31121, 4, 4 
272, 4, 4 
6329, 4, 4 
14349, 4, 4 
8787, 4, 4 
41977, 4, 4 
23286, 4, 4 
4838, 4, 4 
354, 4, 4 
52384, 4, 4 
17203, 4, 4 
28493, 4, 4 
13241, 4, 4 
8995, 4, 4 
29206, 4, 4 
11690, 4, 4 
36174, 4, 6 
31514, 4, 4 
45238, 4, 4 
9957, 4, 4 
21988, 4, 4 
25401, 4, 4 
55964, 4, 4 
56484, 4, 4 
28578, 4, 4 
1580, 4, 4 
19983, 4, 4 
7919, 4, 4 
2827, 4, 4 
42519, 4, 4 
12991, 4, 4 
25410, 4, 4 
54130, 4, 4 
57857, 4, 4 
48487, 4, 4 
48215, 4, 4 
49700, 4, 4 
8956, 4, 4 
36817, 4, 4 
1110, 4, 4 
58902, 4, 4 
2467, 4, 4 
9216, 4, 1 
55990, 4, 4 
45752, 4, 4 
24274, 4, 4 
20924, 4, 4 
30039, 4, 4 
35259, 4, 4 
1646, 4, 4 
58153, 4, 4 
3484, 4, 4 
25006, 4, 4 
57249, 4, 4 
11815, 4, 4 
3261, 4, 4 
56853, 4, 4 
48596, 4, 4 
46172, 4, 4 
5777, 4, 4 
11585, 4, 4 
53149, 4, 4 
22992, 4, 4 
52729, 4, 4 
31471, 4, 4 
46059, 4, 4 
33792, 4, 4 
23197, 4, 4 
34043, 4, 4 
50164, 4, 4 
6798, 4, 4 
40702, 4, 4 
26296, 4, 4 
45574, 4, 4 
50282, 4, 4 
56698, 4, 4 
31814, 4, 4 
13548, 4, 4 
6733, 4, 4 
22028, 4, 4 
31717, 4, 4 
15294, 4, 4 
9880, 4, 4 
29166, 4, 4 
44620, 4, 4 
8930, 4, 4 
24296, 4, 4 
19907, 4, 4 
38834, 4, 4 
52200, 4, 4 
5673, 4, 4 
5755, 4, 4 
2799, 4, 4 
6193, 4, 4 
4180, 4, 4 
30835, 4, 4 
55676, 4, 4 
29688, 4, 4 
9071, 4, 4 
55981, 4, 4 
29638, 4, 4 
10631, 4, 4 
4837, 4, 4 
10778, 4, 4 
49078, 4, 4 
13291, 4, 4 
48172, 4, 4 
20338, 4, 4 
38531, 4, 4 
41473, 4, 4 
35115, 4, 4 
34994, 4, 4 
39186, 4, 4 
55774, 4, 4 
10462, 4, 4 
39983, 4, 4 
42425, 4, 4 
1030, 4, 4 
52499, 4, 4 
13267, 4, 4 
38343, 4, 4 
23592, 4, 4 
48067, 4, 4 
18056, 4, 9 
9145, 4, 4 
49920, 4, 4 
32719, 4, 4 
49289, 4, 4 
47927, 4, 4 
23096, 4, 4 
33637, 4, 4 
55630, 4, 4 
14326, 4, 4 
10371, 4, 4 
8400, 4, 4 
28461, 4, 4 
49647, 4, 4 
3457, 4, 4 
3437, 4, 4 
5046, 4, 4 
15719, 4, 4 
11016, 4, 4 
5124, 4, 4 
5287, 4, 4 
42607, 4, 4 
27517, 4, 4 
29485, 4, 4 
11598, 4, 4 
50980, 4, 4 
24273, 4, 4 
44037, 4, 4 
11764, 4, 4 
50656, 4, 4 
40130, 4, 4 
40236, 4, 4 
1672, 4, 4 
24018, 4, 4 
23685, 4, 4 
27955, 4, 4 
56150, 4, 4 
7578, 4, 4 
1050, 4, 4 
37171, 4, 4 
31776, 4, 4 
31522, 4, 4 
30447, 4, 4 
14175, 4, 4 
29683, 4, 4 
4292, 4, 4 
45981, 4, 4 
4297, 4, 4 
39058, 4, 4 
438, 4, 4 
1172, 4, 4 
13878, 4, 4 
1842, 4, 4 
4829, 4, 4 
23658, 4, 4 
49683, 4, 4 
36384, 4, 4 
655, 4, 4 
20297, 4, 4 
26693, 4, 4 
11886, 4, 4 
27715, 4, 4 
5490, 4, 4 
56147, 4, 4 
17231, 4, 4 
45670, 4, 4 
804, 4, 4 
29372, 4, 4 
47541, 4, 4 
29854, 4, 4 
57713, 4, 8 
53, 4, 4 
55605, 4, 4 
47109, 4, 4 
28996, 4, 4 
29252, 4, 4 
46128, 4, 4 
56280, 4, 4 
42567, 4, 4 
20464, 4, 4 
44594, 4, 4 
41355, 4, 4 
52522, 4, 4 
54319, 4, 4 
51853, 4, 4 
20468, 4, 4 
30554, 4, 4 
42956, 4, 4 
616, 4, 4 
45550, 4, 4 
49072, 4, 4 
54415, 4, 4 
18636, 4, 4 
52063, 4, 4 
25971, 4, 4 
23837, 4, 4 
10558, 4, 4 
20118, 4, 4 
45069, 4, 4 
51966, 4, 4 
32832, 4, 4 
24986, 4, 4 
16155, 4, 4 
47532, 4, 4 
6312, 4, 4 
28008, 4, 4 
40309, 4, 4 
22974, 4, 4 
57733, 4, 4 
23881, 4, 4 
21057, 4, 4 
52815, 4, 4 
15405, 4, 4 
33125, 4, 4 
30529, 4, 4 
35926, 4, 4 
43721, 4, 4 
29929, 4, 4 
30215, 4, 4 
28976, 4, 4 
4896, 4, 4 
29898, 4, 4 
23913, 4, 4 
59975, 4, 4 
34216, 4, 4 
38668, 4, 4 
56106, 4, 4 
6621, 4, 4 
40112, 4, 4 
11962, 4, 4 
48959, 4, 4 
12052, 4, 4 
47318, 4, 4 
14274, 4, 4 
3945, 4, 4 
8825, 4, 4 
55883, 4, 4 
11460, 4, 4 
39891, 4, 4 
55898, 4, 4 
8261, 4, 4 
11852, 4, 4 
2856, 4, 4 
36596, 4, 4 
28393, 4, 4 
44386, 4, 4 
12588, 5, 5 
36454, 5, 5 
3416, 5, 5 
19035, 5, 5 
37453, 5, 5 
55795, 5, 5 
43560, 5, 5 
9945, 5, 5 
19429, 5, 5 
55389, 5, 5 
59133, 5, 5 
39681, 5, 5 
16490, 5, 5 
54566, 5, 5 
5403, 5, 5 
42193, 5, 5 
56363, 5, 5 
19959, 5, 5 
24579, 5, 5 
31230, 5, 5 
58834, 5, 5 
11492, 5, 5 
33376, 5, 5 
43574, 5, 5 
3361, 5, 5 
49825, 5, 5 
36060, 5, 5 
26239, 5, 5 
16095, 5, 5 
44706, 5, 5 
10092, 5, 5 
13040, 5, 5 
19607, 5, 5 
24820, 5, 5 
27100, 5, 5 
28617, 5, 5 
32080, 5, 5 
9344, 5, 5 
40518, 5, 5 
38481, 5, 5 
16333, 5, 5 
32254, 5, 5 
14887, 5, 5 
39311, 5, 5 
14543, 5, 5 
56517, 5, 5 
56669, 5, 5 
45134, 5, 5 
6434, 5, 5 
57814, 5, 5 
37181, 5, 5 
47825, 5, 5 
42428, 5, 5 
23449, 5, 5 
59993, 5, 5 
7592, 5, 5 
23226, 5, 5 
45582, 5, 5 
52686, 5, 5 
53408, 5, 5 
40902, 5, 5 
51744, 5, 5 
44508, 5, 5 
58117, 5, 5 
54671, 5, 5 
32506, 5, 5 
3031, 5, 5 
29723, 5, 5 
38656, 5, 5 
15110, 5, 5 
57327, 5, 5 
42121, 5, 5 
5771, 5, 5 
10049, 5, 5 
22244, 5, 5 
3860, 5, 5 
22942, 5, 5 
48512, 5, 6 
43289, 5, 5 
31976, 5, 5 
39409, 5, 5 
40041, 5, 5 
52026, 5, 5 
3870, 5, 5 
53641, 5, 5 
10397, 5, 5 
9387, 5, 5 
10226, 5, 5 
48865, 5, 5 
26460, 5, 5 
21309, 5, 5 
45139, 5, 5 
21734, 5, 5 
23947, 5, 5 
48307, 5, 5 
8337, 5, 5 
51524, 5, 5 
49684, 5, 5 
16511, 5, 5 
53759, 5, 5 
1577, 5, 5 
6569, 5, 5 
9320, 5, 5 
17544, 5, 5 
37072, 5, 5 
29505, 5, 5 
56185, 5, 5 
26856, 5, 5 
7699, 5, 5 
42334, 5, 5 
52509, 5, 5 
59136, 5, 5 
7802, 5, 5 
8459, 5, 5 
13716, 5, 5 
53413, 5, 5 
29685, 5, 5 
41737, 5, 5 
9111, 5, 5 
12816, 5, 5 
56360, 5, 5 
56711, 5, 5 
50279, 5, 5 
28384, 5, 5 
54024, 5, 5 
19585, 5, 5 
27441, 5, 5 
29021, 5, 5 
15702, 5, 5 
7232, 5, 5 
44830, 5, 5 
35057, 5, 5 
5164, 5, 5 
5934, 5, 5 
32533, 5, 5 
29525, 5, 5 
7193, 5, 5 
14485, 5, 5 
2655, 5, 5 
38433, 5, 5 
30980, 5, 5 
28231, 5, 5 
14828, 5, 5 
15880, 5, 5 
47586, 5, 5 
20092, 5, 5 
7159, 5, 5 
17247, 5, 5 
38762, 5, 5 
42372, 5, 5 
29616, 5, 5 
49794, 5, 5 
48541, 5, 5 
10162, 5, 5 
132, 5, 1 
5668, 5, 5 
26112, 5, 5 
4062, 5, 5 
51551, 5, 5 
47526, 5, 5 
9207, 5, 5 
44390, 5, 5 
14218, 5, 5 
51626, 5, 5 
22647, 5, 5 
36883, 5, 5 
5489, 5, 5 
31434, 5, 5 
14213, 5, 5 
26331, 5, 5 
36639, 5, 5 
49343, 5, 5 
48769, 5, 5 
50985, 5, 5 
54465, 5, 5 
23918, 5, 5 
523, 5, 5 
2966, 5, 5 
2172, 5, 3 
51972, 5, 5 
20854, 5, 5 
49611, 5, 5 
15462, 5, 5 
58456, 5, 5 
543, 5, 5 
56033, 5, 5 
6504, 5, 5 
26018, 5, 5 
37865, 5, 5 
12110, 5, 5 
22650, 5, 5 
48983, 5, 5 
14006, 5, 5 
36407, 5, 5 
1795, 5, 5 
19638, 5, 5 
5378, 5, 5 
25793, 5, 5 
53201, 5, 5 
6772, 5, 5 
49367, 5, 5 
41970, 5, 5 
9171, 5, 5 
652, 5, 5 
20381, 5, 5 
46675, 5, 5 
40258, 5, 5 
29712, 5, 5 
57710, 5, 5 
48367, 5, 5 
6691, 5, 5 
44099, 5, 5 
4480, 5, 5 
23858, 5, 5 
55498, 5, 5 
56214, 5, 5 
59022, 5, 5 
10111, 5, 5 
12566, 5, 5 
31649, 5, 5 
29348, 5, 5 
47858, 5, 5 
8245, 5, 5 
55804, 5, 0 
9328, 5, 5 
31519, 5, 5 
41566, 5, 5 
2445, 5, 5 
25765, 5, 5 
6305, 5, 5 
7963, 5, 5 
13324, 5, 5 
3638, 5, 5 
879, 5, 5 
25557, 5, 5 
53675, 5, 5 
13078, 5, 5 
1087, 5, 5 
15273, 5, 5 
35707, 5, 5 
13538, 5, 8 
40688, 5, 5 
28280, 5, 5 
39132, 5, 5 
32233, 5, 5 
8119, 5, 5 
43809, 5, 5 
41938, 5, 5 
34720, 5, 5 
273, 5, 5 
21416, 5, 5 
11324, 5, 5 
4711, 5, 5 
45118, 5, 5 
13796, 5, 5 
46787, 5, 5 
35500, 5, 5 
18298, 5, 5 
16017, 5, 5 
31253, 5, 5 
11417, 5, 5 
54828, 5, 5 
27699, 5, 5 
4614, 5, 5 
58261, 5, 5 
32023, 5, 5 
12962, 5, 5 
55531, 5, 5 
30514, 5, 5 
32992, 5, 5 
14404, 5, 5 
30012, 5, 5 
55878, 5, 5 
6782, 5, 5 
40733, 5, 5 
8521, 5, 5 
41435, 5, 5 
17722, 5, 5 
2549, 5, 5 
59358, 5, 5 
36256, 5, 5 
16682, 5, 5 
22428, 5, 5 
9605, 5, 5 
19820, 5, 5 
29830, 5, 5 
6180, 5, 5 
51852, 5, 5 
19868, 5, 5 
41312, 5, 5 
32519, 5, 5 
32598, 5, 5 
19702, 5, 5 
14106, 5, 5 
57231, 5, 5 
14748, 5, 5 
40966, 5, 5 
11674, 5, 5 
22571, 5, 5 
53466, 5, 5 
27193, 5, 5 
51762, 5, 5 
14233, 5, 5 
57211, 5, 5 
39513, 5, 5 
6264, 5, 5 
771, 5, 5 
18276, 5, 5 
50570, 5, 5 
16862, 5, 5 
1635, 5, 5 
47449, 5, 5 
31214, 5, 5 
43048, 5, 5 
36207, 5, 5 
31252, 5, 5 
46640, 5, 5 
21433, 5, 5 
2780, 5, 5 
6884, 5, 5 
42652, 5, 5 
24854, 5, 5 
27593, 5, 5 
46086, 5, 5 
32492, 5, 5 
24235, 5, 5 
6195, 5, 5 
7820, 5, 5 
37066, 5, 5 
15232, 5, 5 
25002, 5, 5 
17920, 5, 5 
35515, 5, 5 
2266, 5, 5 
2646, 5, 5 
9138, 5, 5 
13336, 5, 5 
40599, 5, 5 
8320, 5, 5 
21671, 5, 5 
17543, 5, 5 
8339, 5, 5 
46996, 5, 5 
37004, 5, 5 
16242, 5, 5 
57403, 5, 5 
48812, 5, 5 
25023, 5, 5 
27668, 5, 5 
58753, 5, 5 
5081, 5, 5 
19398, 5, 5 
19825, 5, 5 
6829, 5, 5 
47256, 5, 5 
4302, 5, 5 
43856, 5, 5 
4495, 5, 5 
4376, 5, 5 
2544, 5, 5 
46608, 5, 5 
55058, 5, 5 
33905, 5, 5 
22089, 5, 5 
24283, 5, 5 
53100, 5, 5 
54949, 5, 5 
15374, 5, 5 
21865, 5, 5 
44819, 5, 5 
28845, 5, 5 
28060, 5, 5 
36896, 5, 5 
39374, 5, 5 
7917, 5, 5 
10506, 5, 5 
49995, 5, 5 
19874, 5, 5 
48825, 5, 5 
54862, 5, 5 
10316, 5, 5 
40326, 5, 5 
52255, 5, 5 
14970, 5, 5 
47098, 5, 5 
37114, 5, 5 
16845, 5, 5 
13264, 5, 5 
52213, 5, 5 
10056, 5, 5 
56119, 5, 5 
43591, 5, 5 
39910, 5, 5 
54045, 5, 5 
56695, 5, 5 
36918, 5, 5 
28666, 5, 5 
28161, 5, 5 
33562, 5, 5 
12083, 5, 5 
768, 5, 5 
4416, 5, 5 
45875, 5, 5 
7419, 5, 5 
22541, 5, 5 
2775, 5, 5 
15631, 5, 5 
36900, 5, 5 
31702, 5, 5 
37031, 5, 5 
1433, 5, 5 
40422, 5, 5 
34288, 5, 5 
13509, 5, 5 
53942, 5, 5 
55376, 5, 5 
44852, 5, 5 
29708, 5, 5 
27375, 5, 5 
21779, 5, 5 
22379, 5, 5 
53096, 5, 5 
25223, 5, 5 
15549, 5, 5 
43459, 5, 5 
54744, 5, 5 
25357, 5, 5 
53229, 5, 5 
29977, 5, 5 
20601, 5, 5 
39985, 5, 5 
5453, 5, 5 
18005, 5, 5 
5839, 5, 5 
28899, 5, 5 
2755, 5, 5 
19797, 5, 5 
52388, 5, 5 
41887, 5, 5 
18934, 5, 5 
5550, 5, 5 
16574, 5, 5 
55800, 5, 5 
56229, 5, 5 
26368, 5, 5 
57055, 5, 5 
35903, 5, 5 
16834, 5, 5 
50549, 5, 5 
42698, 5, 5 
12770, 5, 5 
32750, 5, 5 
18929, 5, 5 
59906, 5, 5 
22268, 5, 5 
46891, 5, 5 
36245, 5, 5 
34021, 5, 5 
28608, 5, 5 
20210, 5, 5 
21155, 5, 5 
44793, 5, 5 
36173, 5, 5 
52608, 5, 5 
46060, 5, 5 
9376, 5, 5 
54400, 5, 5 
19390, 5, 5 
39765, 5, 5 
48113, 5, 5 
16582, 5, 5 
37823, 5, 5 
11659, 5, 5 
3326, 5, 5 
35933, 5, 5 
10182, 5, 5 
48637, 5, 5 
39671, 5, 5 
26592, 5, 5 
29029, 5, 5 
5157, 5, 5 
6646, 5, 5 
46203, 5, 5 
33475, 5, 5 
29037, 5, 5 
4617, 5, 5 
40776, 5, 5 
55980, 5, 5 
28918, 5, 5 
44691, 5, 5 
49490, 5, 5 
4017, 5, 5 
6451, 5, 5 
45567, 5, 5 
19396, 5, 5 
59201, 5, 5 
45292, 5, 5 
31921, 5, 5 
22827, 5, 5 
23925, 5, 5 
33258, 6, 6 
2470, 6, 6 
38514, 6, 6 
59509, 6, 6 
5419, 6, 6 
59508, 6, 6 
9417, 6, 6 
16332, 6, 6 
54602, 6, 6 
14155, 6, 6 
35795, 6, 6 
45154, 6, 6 
739, 6, 6 
186, 6, 6 
58304, 6, 6 
48858, 6, 6 
30812, 6, 6 
51676, 6, 6 
37707, 6, 6 
8057, 6, 6 
20781, 6, 6 
18608, 6, 6 
802, 6, 6 
48999, 6, 6 
59493, 6, 6 
22360, 6, 6 
17601, 6, 6 
37033, 6, 6 
59284, 6, 6 
56693, 6, 6 
25047, 6, 6 
37194, 6, 6 
4990, 6, 6 
23244, 6, 6 
32003, 6, 6 
26729, 6, 6 
43359, 6, 6 
299, 6, 6 
34343, 6, 6 
48821, 6, 6 
51139, 6, 6 
37050, 6, 6 
32833, 6, 6 
10289, 6, 6 
35683, 6, 6 
13261, 6, 6 
50276, 6, 6 
37888, 6, 6 
58303, 6, 6 
6509, 6, 6 
12402, 6, 6 
10913, 6, 6 
24585, 6, 6 
37477, 6, 6 
49593, 6, 6 
665, 6, 6 
24286, 6, 6 
23646, 6, 6 
10246, 6, 6 
13712, 6, 6 
21348, 6, 6 
41303, 6, 6 
22681, 6, 6 
3046, 6, 6 
59642, 6, 6 
51311, 6, 6 
1389, 6, 6 
22789, 6, 6 
33980, 6, 6 
55731, 6, 6 
24963, 6, 6 
46559, 6, 6 
7997, 6, 6 
22561, 6, 6 
14813, 6, 6 
32826, 6, 6 
30911, 6, 6 
38695, 6, 6 
29554, 6, 6 
44132, 6, 6 
31167, 6, 6 
35204, 6, 6 
48117, 6, 6 
41089, 6, 6 
50811, 6, 6 
4517, 6, 6 
7202, 6, 6 
33035, 6, 6 
36259, 6, 6 
55561, 6, 6 
57641, 6, 6 
4857, 6, 6 
59567, 6, 6 
33929, 6, 6 
43054, 6, 6 
56981, 6, 6 
51370, 6, 6 
2096, 6, 6 
35140, 6, 6 
7549, 6, 6 
57138, 6, 6 
40331, 6, 6 
47277, 6, 6 
29035, 6, 6 
56916, 6, 6 
34658, 6, 6 
47112, 6, 6 
39206, 6, 6 
43569, 6, 6 
18023, 6, 6 
2785, 6, 6 
39121, 6, 6 
24392, 6, 6 
25010, 6, 6 
46529, 6, 6 
52351, 6, 6 
23236, 6, 6 
9016, 6, 6 
4699, 6, 6 
12023, 6, 6 
6085, 6, 6 
8994, 6, 6 
32587, 6, 6 
23354, 6, 6 
23735, 6, 6 
16297, 6, 6 
54255, 6, 6 
5486, 6, 6 
49258, 6, 6 
9497, 6, 6 
46511, 6, 6 
46669, 6, 6 
30074, 6, 6 
38703, 6, 6 
8064, 6, 6 
57275, 6, 6 
23959, 6, 6 
39515, 6, 6 
59540, 6, 6 
18194, 6, 6 
9058, 6, 6 
33704, 6, 6 
21008, 6, 6 
17652, 6, 6 
22258, 6, 6 
24458, 6, 6 
3646, 6, 6 
1869, 6, 6 
34648, 6, 6 
3985, 6, 6 
37003, 6, 6 
21941, 6, 6 
21920, 6, 6 
18422, 6, 6 
5451, 6, 6 
38633, 6, 6 
33058, 6, 6 
27559, 6, 6 
23893, 6, 6 
21434, 6, 6 
58592, 6, 6 
1504, 6, 6 
1266, 6, 6 
53331, 6, 6 
53068, 6, 6 
16555, 6, 6 
28605, 6, 6 
29568, 6, 6 
9574, 6, 6 
40907, 6, 6 
18611, 6, 6 
33916, 6, 6 
2631, 6, 6 
44732, 6, 6 
13622, 6, 6 
49865, 6, 6 
35027, 6, 6 
22562, 6, 6 
52461, 6, 6 
58010, 6, 6 
14869, 6, 6 
701, 6, 6 
32576, 6, 6 
42745, 6, 6 
51953, 6, 6 
41797, 6, 6 
999, 6, 6 
42409, 6, 6 
9049, 6, 6 
24184, 6, 6 
57777, 6, 6 
14565, 6, 6 
9015, 6, 6 
8042, 6, 6 
24030, 6, 6 
49769, 6, 6 
54847, 6, 6 
44217, 6, 6 
19431, 6, 6 
12177, 6, 6 
3821, 6, 6 
3650, 6, 6 
24031, 6, 6 
27266, 6, 6 
52100, 6, 6 
59292, 6, 6 
50863, 6, 6 
7990, 6, 6 
47045, 6, 6 
32736, 6, 6 
59320, 6, 6 
29971, 6, 6 
57891, 6, 6 
39736, 6, 6 
17204, 6, 6 
47269, 6, 6 
41198, 6, 6 
50761, 6, 6 
21268, 6, 6 
3445, 6, 6 
39630, 6, 6 
2295, 6, 6 
37451, 6, 6 
13999, 6, 6 
31620, 6, 6 
51788, 6, 6 
22690, 6, 6 
15634, 6, 6 
57881, 6, 6 
34380, 6, 6 
32894, 6, 6 
5962, 6, 6 
39709, 6, 6 
13067, 6, 6 
26180, 6, 6 
27198, 6, 6 
36049, 6, 6 
38390, 6, 6 
23626, 6, 6 
46310, 6, 6 
46735, 6, 6 
46521, 6, 6 
8799, 6, 6 
11927, 6, 6 
32572, 6, 6 
17996, 6, 6 
38172, 6, 6 
31516, 6, 6 
46043, 6, 6 
15687, 6, 6 
34189, 6, 6 
47179, 6, 6 
39379, 6, 6 
9379, 6, 6 
16788, 6, 6 
36372, 6, 6 
23915, 6, 6 
22240, 6, 6 
14071, 6, 6 
23050, 6, 6 
58136, 6, 6 
45635, 6, 6 
4198, 6, 6 
53818, 6, 6 
46218, 6, 6 
38925, 6, 6 
33829, 6, 6 
816, 6, 6 
49526, 6, 6 
1906, 6, 6 
53606, 6, 6 
50323, 6, 6 
15036, 6, 6 
607, 6, 6 
27642, 6, 6 
52163, 6, 6 
23476, 6, 6 
52759, 6, 6 
46558, 6, 6 
28400, 6, 6 
21205, 6, 6 
37282, 6, 6 
19559, 6, 6 
58251, 6, 6 
14178, 6, 6 
52951, 6, 6 
4404, 6, 6 
27019, 6, 6 
37542, 6, 6 
31998, 6, 6 
53472, 6, 6 
37292, 6, 6 
42729, 6, 6 
28602, 6, 6 
18168, 6, 6 
57226, 6, 6 
49153, 6, 6 
14658, 6, 6 
20245, 6, 6 
8290, 6, 6 
38634, 6, 6 
50086, 6, 6 
34360, 6, 6 
43572, 6, 6 
4364, 6, 6 
23830, 6, 6 
47916, 6, 6 
22809, 6, 6 
33595, 6, 6 
48792, 6, 6 
13927, 6, 6 
50865, 6, 6 
53840, 6, 6 
56345, 6, 6 
42960, 6, 6 
44989, 6, 6 
54252, 6, 6 
40515, 6, 6 
34277, 6, 6 
36838, 6, 6 
8898, 6, 6 
55754, 6, 6 
6267, 6, 6 
11871, 6, 6 
12002, 6, 6 
54348, 6, 6 
8497, 6, 6 
30115, 6, 6 
5684, 6, 6 
10698, 6, 6 
58271, 6, 6 
25316, 6, 6 
30799, 6, 6 
39815, 6, 6 
21538, 6, 6 
14732, 6, 6 
12728, 6, 6 
34100, 6, 6 
19135, 6, 6 
40176, 6, 6 
54150, 6, 6 
53983, 6, 6 
26168, 6, 6 
47025, 6, 6 
26670, 6, 6 
20775, 6, 6 
7593, 6, 6 
15324, 6, 6 
52503, 6, 6 
19151, 6, 6 
32043, 6, 6 
58869, 6, 6 
3814, 6, 6 
10463, 6, 6 
32817, 6, 6 
28382, 6, 6 
59895, 6, 6 
23256, 6, 6 
51402, 6, 6 
6635, 6, 6 
8627, 6, 6 
26472, 6, 6 
26735, 6, 6 
54188, 6, 6 
57122, 6, 6 
23125, 6, 6 
53543, 6, 6 
3789, 6, 6 
36254, 6, 6 
54823, 6, 6 
17164, 6, 6 
18670, 6, 6 
48066, 6, 6 
16077, 6, 6 
54733, 6, 6 
37679, 6, 6 
37217, 6, 6 
1669, 6, 6 
14526, 6, 6 
23098, 6, 6 
39528, 6, 6 
6742, 6, 6 
47047, 6, 6 
8817, 6, 6 
37872, 6, 6 
36038, 6, 6 
51729, 6, 6 
55447, 6, 6 
11530, 6, 6 
10910, 6, 6 
50093, 6, 6 
48262, 6, 6 
30341, 6, 6 
14784, 6, 6 
18593, 6, 6 
20076, 6, 6 
44801, 6, 6 
33076, 6, 6 
23907, 6, 6 
13, 6, 6 
21030, 6, 6 
33518, 6, 6 
16560, 6, 8 
48879, 6, 6 
44460, 6, 6 
8357, 6, 6 
42123, 6, 6 
14328, 6, 6 
11327, 6, 6 
12448, 6, 6 
23937, 6, 6 
311, 6, 6 
27655, 6, 6 
19896, 6, 6 
28708, 6, 6 
42978, 6, 6 
9144, 6, 6 
14248, 6, 6 
7972, 6, 6 
13147, 6, 6 
44237, 6, 6 
48907, 6, 6 
44258, 6, 6 
14423, 6, 6 
37535, 6, 6 
25059, 6, 6 
48083, 6, 6 
39727, 6, 6 
3586, 6, 6 
59237, 6, 6 
18085, 6, 6 
45558, 6, 6 
30819, 6, 6 
21126, 6, 6 
13046, 6, 6 
38854, 6, 6 
29836, 6, 6 
48328, 6, 6 
56526, 6, 6 
36746, 6, 6 
12636, 6, 6 
49293, 6, 6 
18576, 6, 6 
59981, 6, 6 
30152, 6, 6 
11100, 6, 6 
9094, 6, 6 
53148, 6, 6 
13939, 6, 6 
22654, 6, 6 
24016, 6, 6 
40124, 6, 6 
57994, 6, 6 
34963, 6, 6 
25541, 6, 6 
5935, 6, 6 
39742, 6, 6 
49019, 6, 6 
3820, 6, 6 
50125, 6, 6 
22387, 6, 6 
44722, 6, 6 
21781, 6, 6 
18149, 6, 6 
5294, 6, 6 
42785, 6, 6 
17773, 6, 6 
12552, 6, 6 
34624, 6, 6 
22904, 6, 6 
11551, 6, 6 
30563, 6, 6 
15797, 6, 6 
17332, 6, 6 
23139, 6, 6 
17910, 6, 6 
42370, 6, 6 
35213, 6, 6 
55936, 6, 6 
15638, 6, 6 
30426, 6, 6 
18517, 6, 6 
57591, 6, 6 
46177, 6, 6 
55703, 6, 6 
59928, 6, 6 
54923, 6, 6 
10484, 6, 6 
34697, 6, 6 
40023, 6, 6 
1503, 6, 6 
18052, 6, 6 
10101, 6, 6 
21316, 6, 6 
54570, 6, 6 
26032, 6, 6 
50073, 6, 6 
13858, 6, 6 
11263, 6, 6 
51872, 6, 6 
48952, 7, 7 
46081, 7, 7 
51162, 7, 3 
14348, 7, 7 
41026, 7, 7 
17306, 7, 7 
59845, 7, 7 
53866, 7, 7 
25426, 7, 7 
46321, 7, 7 
9157, 7, 7 
50920, 7, 7 
22754, 7, 7 
58125, 7, 7 
15254, 7, 7 
38621, 7, 7 
32740, 7, 7 
21666, 7, 7 
50380, 7, 7 
43723, 7, 7 
651, 7, 7 
49365, 7, 7 
25788, 7, 7 
55276, 7, 7 
44595, 7, 7 
23534, 7, 7 
636, 7, 7 
4372, 7, 7 
49472, 7, 7 
48333, 7, 7 
586, 7, 7 
18966, 7, 7 
56518, 7, 7 
57337, 7, 7 
56109, 7, 7 
39107, 7, 7 
34576, 7, 7 
5264, 7, 7 
14022, 7, 7 
24675, 7, 7 
41176, 7, 7 
39246, 7, 7 
47978, 7, 7 
3405, 7, 7 
21937, 7, 7 
35839, 7, 7 
16194, 7, 7 
15465, 7, 7 
53060, 7, 7 
38338, 7, 7 
56112, 7, 7 
57540, 7, 7 
57643, 7, 7 
46832, 7, 7 
24568, 7, 7 
40118, 7, 7 
11553, 7, 7 
26010, 7, 7 
16041, 7, 7 
8965, 7, 7 
34687, 7, 7 
59724, 7, 7 
30271, 7, 7 
58750, 7, 7 
39586, 7, 7 
12668, 7, 7 
38244, 7, 7 
57512, 7, 7 
2867, 7, 7 
40386, 7, 3 
8138, 7, 7 
56111, 7, 7 
44156, 7, 7 
28220, 7, 7 
45188, 7, 7 
12188, 7, 7 
8297, 7, 7 
39060, 7, 7 
57097, 7, 7 
17007, 7, 7 
10648, 7, 7 
39877, 7, 7 
44626, 7, 7 
53858, 7, 7 
48759, 7, 7 
8196, 7, 7 
45020, 7, 7 
2386, 7, 7 
15577, 7, 7 
6902, 7, 7 
6862, 7, 7 
58342, 7, 7 
47362, 7, 7 
56652, 7, 7 
9429, 7, 7 
57867, 7, 7 
17816, 7, 7 
41788, 7, 7 
36498, 7, 7 
56042, 7, 7 
3442, 7, 7 
51591, 7, 7 
9854, 7, 7 
48501, 7, 7 
730, 7, 7 
23798, 7, 7 
31533, 7, 7 
10716, 7, 7 
59524, 7, 7 
50796, 7, 7 
43337, 7, 7 
55094, 7, 7 
43584, 7, 7 
53258, 7, 7 
27155, 7, 7 
21823, 7, 7 
19580, 7, 7 
37098, 7, 7 
11786, 7, 7 
41697, 7, 7 
35255, 7, 7 
30428, 7, 7 
38034, 7, 7 
30990, 7, 7 
14600, 7, 7 
26709, 7, 9 
5035, 7, 7 
36188, 7, 7 
19527, 7, 7 
15906, 7, 7 
4116, 7, 7 
47423, 7, 7 
4422, 7, 7 
23054, 7, 7 
16343, 7, 7 
50884, 7, 7 
25229, 7, 7 
38743, 7, 7 
42811, 7, 7 
1216, 7, 7 
51236, 7, 7 
25681, 7, 7 
14242, 7, 7 
13566, 7, 7 
31914, 7, 7 
42901, 7, 7 
13794, 7, 7 
37612, 7, 7 
31861, 7, 7 
34982, 7, 7 
21761, 7, 7 
42125, 7, 7 
3728, 7, 7 
12208, 7, 7 
52952, 7, 7 
29633, 7, 7 
19658, 7, 7 
26778, 7, 7 
29948, 7, 7 
30657, 7, 7 
22336, 7, 7 
20452, 7, 7 
20707, 7, 7 
26969, 7, 7 
5818, 7, 7 
45592, 7, 7 
196, 7, 7 
48878, 7, 7 
58988, 7, 7 
46156, 7, 7 
29333, 7, 7 
1451, 7, 7 
52235, 7, 7 
28688, 7, 7 
30619, 7, 7 
11854, 7, 7 
49444, 7, 7 
17248, 7, 7 
13243, 7, 7 
26721, 7, 7 
4991, 7, 7 
3008, 7, 7 
6525, 7, 7 
58690, 7, 7 
59088, 7, 7 
49209, 7, 7 
33123, 7, 7 
50095, 7, 7 
36003, 7, 7 
13776, 7, 7 
29099, 7, 7 
31196, 7, 7 
51161, 7, 7 
27220, 7, 7 
11220, 7, 7 
24644, 7, 7 
53441, 7, 7 
54218, 7, 7 
7913, 7, 7 
45392, 7, 7 
21463, 7, 7 
29373, 7, 7 
53635, 7, 7 
3769, 7, 7 
10795, 7, 7 
11778, 7, 7 
47775, 7, 7 
31826, 7, 7 
11768, 7, 7 
58681, 7, 7 
371, 7, 7 
26750, 7, 7 
26234, 7, 7 
14046, 7, 7 
32236, 7, 7 
37057, 7, 7 
25895, 7, 7 
27592, 7, 7 
32896, 7, 7 
34378, 7, 7 
34278, 7, 7 
53418, 7, 7 
10251, 7, 8 
32655, 7, 7 
51526, 7, 7 
46160, 7, 7 
26916, 7, 7 
4385, 7, 7 
43719, 7, 7 
3343, 7, 7 
29964, 7, 7 
32604, 7, 7 
27709, 7, 7 
45257, 7, 7 
25449, 7, 7 
29512, 7, 7 
57504, 7, 7 
4869, 7, 7 
39659, 7, 7 
12478, 7, 7 
33280, 7, 7 
26642, 7, 7 
40470, 7, 7 
45279, 7, 7 
41571, 7, 7 
49412, 7, 7 
14287, 7, 7 
32428, 7, 7 
46950, 7, 7 
57828, 7, 7 
36283, 7, 7 
56798, 7, 7 
27925, 7, 7 
21396, 7, 7 
44472, 7, 7 
26076, 7, 7 
54691, 7, 7 
4254, 7, 7 
20310, 7, 7 
50763, 7, 7 
32220, 7, 7 
46636, 7, 7 
14505, 7, 7 
36197, 7, 7 
32873, 7, 7 
59520, 7, 7 
53783, 7, 7 
55613, 7, 7 
41854, 7, 7 
18757, 7, 7 
52705, 7, 7 
55078, 7, 7 
19433, 7, 7 
6287, 7, 7 
23507, 7, 7 
7380, 7, 7 
26705, 7, 7 
9711, 7, 7 
31844, 7, 7 
3868, 7, 7 
6889, 7, 7 
11168, 7, 7 
30652, 7, 7 
38723, 7, 7 
7565, 7, 7 
57526, 7, 7 
50244, 7, 7 
19164, 7, 7 
29325, 7, 7 
6878, 7, 7 
45053, 7, 7 
56591, 7, 7 
12081, 7, 7 
48035, 7, 7 
8444, 7, 7 
43618, 7, 7 
16836, 7, 7 
53643, 7, 7 
15113, 7, 7 
21175, 7, 7 
2271, 7, 7 
47852, 7, 7 
13391, 7, 7 
6141, 7, 7 
58221, 7, 7 
59733, 7, 7 
56611, 7, 7 
17882, 7, 7 
7621, 7, 7 
23607, 7, 7 
1191, 7, 7 
52302, 7, 7 
16150, 7, 7 
11766, 7, 7 
49277, 7, 7 
8182, 7, 7 
26255, 7, 7 
11994, 7, 7 
49958, 7, 7 
11821, 7, 7 
40067, 7, 7 
37573, 7, 7 
28575, 7, 7 
7644, 7, 7 
21704, 7, 7 
19611, 7, 7 
25286, 7, 7 
54287, 7, 7 
49012, 7, 6 
20134, 7, 7 
48166, 7, 7 
23609, 7, 7 
19511, 7, 7 
18784, 7, 7 
17513, 7, 7 
17017, 7, 7 
20766, 7, 7 
22287, 7, 7 
58346, 7, 7 
23153, 7, 7 
41113, 7, 7 
21322, 7, 7 
28201, 7, 7 
54065, 7, 7 
38224, 7, 7 
39497, 7, 7 
37055, 7, 7 
11937, 7, 7 
2246, 7, 7 
47495, 7, 7 
21367, 7, 7 
31527, 7, 7 
51070, 7, 7 
49364, 7, 7 
28790, 7, 7 
59977, 7, 7 
20223, 7, 7 
21706, 7, 7 
59533, 7, 7 
11455, 7, 7 
7226, 7, 7 
30449, 7, 7 
7525, 7, 7 
33134, 7, 7 
40338, 7, 7 
39835, 7, 7 
35519, 7, 7 
436, 7, 7 
53986, 7, 7 
53699, 7, 7 
16016, 7, 7 
59083, 7, 7 
15243, 7, 7 
10392, 7, 7 
8463, 7, 7 
46133, 7, 7 
18824, 7, 7 
43923, 7, 7 
50999, 7, 7 
19453, 7, 7 
1043, 7, 7 
6132, 7, 7 
19193, 7, 7 
20295, 7, 7 
30495, 7, 7 
1126, 7, 7 
55086, 7, 7 
45004, 7, 7 
59360, 7, 7 
50620, 7, 7 
30462, 7, 7 
37090, 7, 7 
8931, 7, 7 
18816, 7, 7 
12676, 7, 7 
18410, 7, 7 
4330, 7, 7 
19270, 7, 7 
58282, 7, 7 
41551, 7, 7 
44774, 7, 7 
18648, 7, 7 
39676, 7, 7 
31101, 7, 7 
10986, 7, 7 
33431, 7, 7 
49980, 7, 7 
3426, 7, 7 
50382, 7, 7 
33651, 7, 7 
2540, 7, 7 
54561, 7, 7 
16052, 7, 7 
3282, 7, 7 
45777, 7, 7 
8401, 7, 7 
43089, 7, 7 
22651, 7, 7 
46769, 7, 7 
44080, 7, 7 
33873, 7, 7 
39913, 7, 0 
34230, 7, 7 
37389, 7, 7 
16394, 7, 7 
35121, 7, 7 
9588, 7, 7 
58310, 7, 7 
50066, 7, 7 
5976, 7, 7 
45492, 7, 7 
12993, 7, 7 
26707, 7, 9 
48610, 7, 7 
17109, 7, 7 
48315, 7, 7 
25797, 7, 7 
31712, 7, 7 
46376, 7, 7 
8084, 7, 7 
39223, 7, 7 
48678, 7, 7 
23388, 7, 7 
26882, 7, 0 
45457, 7, 7 
43179, 7, 7 
15199, 7, 7 
38534, 7, 7 
41496, 7, 7 
6623, 7, 7 
31066, 7, 7 
35920, 7, 7 
49523, 7, 7 
54256, 7, 7 
27166, 7, 7 
48108, 7, 7 
48228, 7, 7 
35781, 7, 7 
54194, 7, 7 
15689, 7, 7 
56346, 7, 0 
7388, 7, 7 
1619, 7, 7 
23427, 7, 7 
43401, 7, 7 
7730, 7, 7 
40729, 7, 7 
11437, 7, 7 
24088, 7, 7 
20466, 7, 7 
43362, 7, 7 
37871, 7, 7 
14284, 7, 7 
53334, 7, 7 
28321, 7, 7 
42146, 7, 7 
6248, 7, 7 
36762, 7, 7 
47182, 7, 7 
50760, 7, 7 
8130, 7, 7 
25200, 7, 7 
18773, 7, 7 
10788, 7, 7 
12659, 7, 7 
50943, 7, 7 
46095, 7, 7 
44965, 7, 7 
8959, 7, 7 
5535, 7, 7 
10002, 7, 7 
48453, 7, 7 
56992, 7, 7 
57044, 7, 7 
1833, 7, 7 
3189, 7, 7 
14197, 7, 7 
34972, 7, 7 
52471, 7, 7 
42292, 7, 7 
46226, 8, 8 
12923, 8, 8 
54757, 8, 8 
53155, 8, 8 
47723, 8, 8 
47315, 8, 8 
58817, 8, 8 
20560, 8, 8 
21188, 8, 8 
54327, 8, 8 
14808, 8, 8 
43824, 8, 8 
57329, 8, 8 
3032, 8, 8 
23408, 8, 8 
32110, 8, 8 
39478, 8, 8 
23702, 8, 8 
16040, 8, 8 
39658, 8, 8 
13793, 8, 8 
23458, 8, 8 
41575, 8, 8 
23637, 8, 8 
46959, 8, 8 
25228, 8, 8 
50008, 8, 8 
29535, 8, 8 
32735, 8, 3 
52860, 8, 8 
12010, 8, 8 
35042, 8, 8 
18012, 8, 8 
32926, 8, 4 
14322, 8, 8 
34554, 8, 8 
53933, 8, 8 
24691, 8, 8 
33519, 8, 8 
6905, 8, 8 
41831, 8, 8 
21295, 8, 8 
47188, 8, 8 
31390, 8, 8 
50172, 8, 8 
28687, 8, 8 
39832, 8, 8 
36710, 8, 8 
15430, 8, 8 
48106, 8, 8 
43321, 8, 8 
23789, 8, 8 
28662, 8, 8 
36585, 8, 8 
54950, 8, 8 
54870, 8, 8 
32218, 8, 8 
24051, 8, 8 
6288, 8, 8 
48003, 8, 8 
11586, 8, 8 
18434, 8, 8 
20339, 8, 8 
56544, 8, 8 
48997, 8, 8 
57901, 8, 8 
56255, 8, 8 
43299, 8, 8 
41175, 8, 8 
10151, 8, 8 
35096, 8, 8 
8764, 8, 8 
42778, 8, 8 
40882, 8, 1 
21965, 8, 8 
2555, 8, 8 
59764, 8, 8 
8300, 8, 8 
52722, 8, 8 
4834, 8, 8 
55530, 8, 8 
5376, 8, 8 
31800, 8, 8 
19877, 8, 8 
627, 8, 8 
54919, 8, 8 
11872, 8, 8 
47274, 8, 8 
38136, 8, 8 
3191, 8, 8 
28802, 8, 8 
53806, 8, 8 
33019, 8, 8 
24404, 8, 8 
6512, 8, 8 
9591, 8, 8 
7297, 8, 8 
7190, 8, 8 
50347, 8, 8 
25477, 8, 8 
55853, 8, 8 
9178, 8, 8 
41017, 8, 8 
4375, 8, 8 
22274, 8, 8 
30026, 8, 8 
35526, 8, 8 
7450, 8, 8 
40364, 8, 8 
18156, 8, 8 
45057, 8, 8 
30162, 8, 8 
31087, 8, 8 
125, 8, 8 
6746, 8, 8 
22543, 8, 8 
1856, 8, 8 
38452, 8, 8 
8730, 8, 8 
10866, 8, 3 
42241, 8, 8 
41529, 8, 8 
31486, 8, 8 
48668, 8, 8 
4621, 8, 8 
3094, 8, 8 
43363, 8, 8 
14830, 8, 8 
20062, 8, 8 
16659, 8, 8 
41363, 8, 8 
8859, 8, 8 
35704, 8, 8 
58326, 8, 8 
26200, 8, 8 
6240, 8, 8 
19275, 8, 8 
7836, 8, 8 
33719, 8, 8 
18533, 8, 8 
27045, 8, 8 
55263, 8, 8 
5783, 8, 8 
34900, 8, 8 
12009, 8, 8 
49677, 8, 8 
18378, 8, 8 
32259, 8, 8 
33533, 8, 8 
54725, 8, 8 
1475, 8, 8 
2139, 8, 8 
20732, 8, 8 
17233, 8, 8 
10395, 8, 8 
2810, 8, 8 
18580, 8, 8 
594, 8, 8 
10584, 8, 8 
38745, 8, 8 
11940, 8, 8 
51437, 8, 8 
17056, 8, 8 
876, 8, 8 
12288, 8, 8 
27524, 8, 8 
27851, 8, 8 
1966, 8, 8 
51670, 8, 8 
37444, 8, 8 
48455, 8, 8 
20387, 8, 8 
30235, 8, 8 
42679, 8, 8 
8397, 8, 8 
6744, 8, 8 
2482, 8, 8 
10694, 8, 8 
25890, 8, 8 
43793, 8, 8 
32712, 8, 8 
42515, 8, 8 
37808, 8, 8 
26611, 8, 8 
16145, 8, 8 
4825, 8, 8 
24073, 8, 8 
18305, 8, 8 
34154, 8, 8 
42624, 8, 8 
26248, 8, 8 
34863, 8, 8 
17952, 8, 8 
49634, 8, 8 
43647, 8, 8 
4634, 8, 4 
7122, 8, 8 
3766, 8, 8 
32102, 8, 8 
8892, 8, 8 
55761, 8, 8 
16179, 8, 8 
1657, 8, 8 
20372, 8, 8 
46397, 8, 8 
50625, 8, 8 
19591, 8, 8 
1170, 8, 8 
24757, 8, 8 
54665, 8, 8 
26036, 8, 8 
32389, 8, 8 
23466, 8, 8 
36099, 8, 8 
52296, 8, 8 
3891, 8, 8 
47057, 8, 8 
50626, 8, 8 
2030, 8, 8 
25835, 8, 8 
18242, 8, 8 
2507, 8, 8 
31889, 8, 8 
35619, 8, 8 
3011, 8, 8 
51830, 8, 8 
57212, 8, 8 
44115, 8, 8 
34842, 8, 8 
46222, 8, 8 
1419, 8, 8 
27918, 8, 8 
52968, 8, 8 
15897, 8, 8 
7704, 8, 8 
13051, 8, 8 
25321, 8, 8 
45050, 8, 8 
14679, 8, 8 
34510, 8, 8 
23537, 8, 8 
57602, 8, 8 
5348, 8, 8 
15501, 8, 8 
50965, 8, 8 
55497, 8, 8 
9839, 8, 8 
24598, 8, 8 
32622, 8, 8 
44360, 8, 8 
27636, 8, 8 
21183, 8, 8 
54185, 8, 8 
42112, 8, 8 
18368, 8, 8 
6942, 8, 8 
36473, 8, 8 
4700, 8, 8 
45646, 8, 8 
42872, 8, 8 
24558, 8, 8 
53271, 8, 8 
25741, 8, 8 
7184, 8, 8 
34813, 8, 8 
36221, 8, 8 
7810, 8, 8 
20507, 8, 8 
35038, 8, 8 
51897, 8, 8 
3961, 8, 8 
14845, 8, 8 
38539, 8, 8 
31656, 8, 8 
12369, 8, 8 
23350, 8, 8 
58748, 8, 8 
13062, 8, 8 
37735, 8, 8 
43986, 8, 2 
35924, 8, 8 
23383, 8, 8 
53236, 8, 8 
42699, 8, 8 
40011, 8, 8 
13412, 8, 8 
51906, 8, 8 
51058, 8, 8 
1914, 8, 8 
30844, 8, 8 
19988, 8, 8 
14263, 8, 8 
2699, 8, 8 
32073, 8, 8 
39238, 8, 8 
42470, 8, 8 
38453, 8, 8 
28419, 8, 8 
31732, 8, 8 
59949, 8, 8 
6093, 8, 8 
51450, 8, 8 
29162, 8, 8 
29299, 8, 8 
12633, 8, 8 
14923, 8, 8 
53660, 8, 8 
41235, 8, 8 
44702, 8, 8 
37768, 8, 8 
36605, 8, 8 
13795, 8, 8 
7405, 8, 8 
14706, 8, 8 
27964, 8, 8 
30247, 8, 8 
53161, 8, 8 
55061, 8, 8 
37319, 8, 8 
784, 8, 8 
18811, 8, 8 
4992, 8, 8 
17999, 8, 8 
49493, 8, 8 
59909, 8, 8 
23300, 8, 8 
45985, 8, 8 
9125, 8, 8 
41893, 8, 8 
5050, 8, 8 
16232, 8, 8 
7606, 8, 8 
15502, 8, 8 
10319, 8, 8 
31399, 8, 8 
54226, 8, 8 
59666, 8, 8 
35193, 8, 8 
15963, 8, 8 
23833, 8, 8 
48925, 8, 8 
57493, 8, 8 
6891, 8, 8 
43242, 8, 8 
52533, 8, 8 
19242, 8, 8 
24937, 8, 8 
41992, 8, 8 
56731, 8, 8 
9996, 8, 8 
29700, 8, 8 
38641, 8, 8 
8269, 8, 8 
49620, 8, 8 
5372, 8, 8 
5534, 8, 8 
56170, 8, 8 
30330, 8, 8 
17641, 8, 8 
22079, 8, 8 
55632, 8, 8 
16559, 8, 8 
34040, 8, 8 
27185, 8, 8 
58666, 8, 8 
50176, 8, 8 
4745, 8, 8 
13017, 8, 8 
14826, 8, 8 
38842, 8, 8 
26379, 8, 8 
31119, 8, 8 
146, 8, 8 
26666, 8, 8 
33570, 8, 8 
59999, 8, 8 
59163, 8, 8 
39382, 8, 8 
43271, 8, 8 
27381, 8, 8 
35364, 8, 8 
34979, 8, 8 
10738, 8, 8 
10561, 8, 8 
18774, 8, 8 
37949, 8, 8 
47546, 8, 8 
17237, 8, 8 
50274, 8, 8 
51223, 8, 8 
32935, 8, 8 
40571, 8, 8 
16750, 8, 8 
46629, 8, 8 
9608, 8, 8 
20408, 8, 8 
46864, 8, 8 
7956, 8, 8 
8340, 8, 8 
7231, 8, 8 
29259, 8, 8 
32473, 8, 8 
13095, 8, 8 
7777, 8, 8 
30067, 8, 8 
47675, 8, 8 
42155, 8, 8 
43843, 8, 8 
21659, 8, 8 
35428, 8, 8 
44719, 8, 8 
26893, 8, 8 
14782, 8, 8 
39693, 8, 8 
14068, 8, 8 
7825, 8, 8 
51266, 8, 8 
49332, 8, 8 
51785, 8, 8 
57616, 8, 8 
32309, 8, 8 
56396, 8, 8 
44180, 8, 8 
16042, 8, 8 
34001, 8, 8 
54492, 8, 8 
17559, 8, 8 
12308, 8, 8 
24658, 8, 8 
38249, 8, 8 
32742, 8, 8 
26908, 8, 8 
13485, 8, 8 
43993, 8, 8 
59067, 8, 8 
14690, 8, 3 
48906, 8, 8 
58905, 8, 8 
57062, 8, 8 
10551, 8, 8 
57318, 8, 8 
38069, 8, 8 
15629, 8, 8 
17060, 8, 8 
21711, 8, 8 
1666, 8, 8 
10001, 8, 8 
15973, 8, 8 
39611, 8, 8 
2382, 8, 8 
28352, 8, 8 
29172, 8, 8 
57668, 8, 8 
42096, 8, 8 
51615, 8, 8 
34320, 8, 8 
7570, 8, 8 
3154, 8, 8 
29798, 8, 8 
16340, 8, 8 
13951, 8, 8 
42724, 8, 8 
2687, 8, 8 
51964, 8, 8 
8520, 8, 8 
45098, 8, 8 
25120, 8, 8 
17121, 8, 8 
42736, 8, 8 
3501, 8, 8 
25843, 8, 8 
415, 8, 8 
40503, 8, 8 
57217, 8, 8 
12534, 8, 8 
48828, 8, 8 
34574, 8, 8 
4873, 8, 8 
42495, 8, 8 
27608, 8, 8 
39756, 8, 8 
51014, 8, 8 
22123, 8, 8 
23448, 8, 8 
85, 8, 8 
36751, 8, 8 
3883, 8, 8 
58607, 8, 8 
49701, 8, 8 
34929, 8, 8 
499, 8, 8 
8171, 8, 8 
24134, 8, 8 
40092, 8, 8 
8242, 8, 8 
12466, 8, 8 
57087, 8, 8 
54136, 8, 8 
16182, 8, 8 
5916, 8, 8 
43551, 9, 9 
31767, 9, 9 
3598, 9, 9 
29737, 9, 9 
58437, 9, 0 
48205, 9, 9 
31573, 9, 9 
53190, 9, 9 
57421, 9, 9 
3621, 9, 9 
48803, 9, 9 
43718, 9, 9 
51318, 9, 9 
10539, 9, 9 
41042, 9, 9 
53324, 9, 9 
56212, 9, 9 
18861, 9, 9 
18984, 9, 9 
11991, 9, 9 
20138, 9, 9 
57794, 9, 9 
36993, 9, 9 
16815, 9, 9 
35374, 9, 9 
13269, 9, 9 
50752, 9, 9 
41375, 9, 9 
21445, 9, 0 
56075, 9, 9 
27511, 9, 9 
27234, 9, 9 
20964, 9, 9 
29201, 9, 9 
50522, 9, 9 
9425, 9, 9 
15309, 9, 9 
35273, 9, 9 
36402, 9, 9 
21356, 9, 9 
40446, 9, 9 
15607, 9, 9 
2521, 9, 9 
15860, 9, 9 
31225, 9, 9 
44962, 9, 9 
39614, 9, 9 
37321, 9, 9 
54578, 9, 9 
33599, 9, 9 
56317, 9, 9 
45369, 9, 9 
9771, 9, 9 
3704, 9, 9 
28197, 9, 9 
48077, 9, 9 
37002, 9, 9 
24194, 9, 9 
1256, 9, 9 
550, 9, 9 
48413, 9, 9 
13359, 9, 9 
8751, 9, 9 
42529, 9, 9 
18917, 9, 9 
57657, 9, 9 
12294, 9, 9 
17994, 9, 9 
25168, 9, 9 
50544, 9, 9 
28213, 9, 9 
13692, 9, 9 
41833, 9, 9 
37951, 9, 9 
12767, 9, 9 
41239, 9, 9 
21471, 9, 9 
52800, 9, 3 
44182, 9, 9 
34338, 9, 9 
822, 9, 9 
22664, 9, 9 
39733, 9, 9 
13971, 9, 9 
21562, 9, 9 
9229, 9, 9 
55600, 9, 9 
25323, 9, 9 
29743, 9, 9 
5964, 9, 9 
51281, 9, 9 
53279, 9, 9 
47009, 9, 9 
37150, 9, 9 
12789, 9, 9 
25909, 9, 9 
45174, 9, 9 
56018, 9, 9 
13687, 9, 9 
31893, 9, 9 
38443, 9, 9 
26405, 9, 0 
11698, 9, 9 
52481, 9, 9 
31786, 9, 9 
5492, 9, 9 
32749, 9, 9 
49984, 9, 9 
56681, 9, 9 
52383, 9, 9 
57759, 9, 9 
3398, 9, 9 
51956, 9, 9 
20050, 9, 6 
14915, 9, 9 
42550, 9, 9 
18193, 9, 9 
20457, 9, 9 
3594, 9, 9 
58069, 9, 9 
5572, 9, 9 
9817, 9, 9 
50102, 9, 9 
34930, 9, 9 
44328, 9, 9 
19933, 9, 9 
1500, 9, 9 
2722, 9, 9 
26571, 9, 9 
35182, 9, 9 
21369, 9, 9 
22948, 9, 9 
595, 9, 9 
23111, 9, 9 
57896, 9, 9 
9614, 9, 9 
59566, 9, 9 
42628, 9, 9 
59236, 9, 9 
58852, 9, 9 
41480, 9, 9 
12406, 9, 9 
59656, 9, 9 
24092, 9, 9 
33990, 9, 9 
49388, 9, 9 
44855, 9, 9 
54763, 9, 9 
5339, 9, 9 
53265, 9, 9 
27015, 9, 9 
11206, 9, 9 
8555, 9, 9 
3020, 9, 9 
3000, 9, 9 
27884, 9, 9 
18668, 9, 9 
58692, 9, 9 
43596, 9, 9 
1732, 9, 9 
52827, 9, 9 
24454, 9, 9 
9483, 9, 9 
45944, 9, 8 
50408, 9, 5 
47874, 9, 9 
7252, 9, 9 
55889, 9, 9 
14409, 9, 9 
5558, 9, 9 
58967, 9, 9 
31337, 9, 9 
5130, 9, 9 
38740, 9, 9 
55406, 9, 9 
11199, 9, 9 
21172, 9, 9 
21879, 9, 9 
8630, 9, 9 
12131, 9, 9 
26223, 9, 9 
18883, 9, 9 
26970, 9, 9 
39448, 9, 9 
45671, 9, 9 
53703, 9, 9 
51981, 9, 9 
40487, 9, 9 
35854, 9, 9 
22458, 9, 9 
18146, 9, 9 
3678, 9, 9 
47445, 9, 9 
5937, 9, 9 
49663, 9, 9 
9150, 9, 9 
56090, 9, 9 
39842, 9, 9 
19513, 9, 9 
27164, 9, 9 
36000, 9, 9 
45322, 9, 9 
12696, 9, 9 
364, 9, 9 
27654, 9, 9 
35002, 9, 9 
34292, 9, 9 
56618, 9, 9 
24949, 9, 9 
9191, 9, 9 
39331, 9, 9 
56442, 9, 9 
59027, 9, 9 
33402, 9, 9 
56703, 9, 9 
11102, 9, 9 
16470, 9, 9 
21509, 9, 9 
44547, 9, 9 
43120, 9, 9 
19300, 9, 9 
334, 9, 9 
59668, 9, 9 
57753, 9, 9 
10819, 9, 9 
7200, 9, 9 
20270, 9, 9 
39234, 9, 9 
25019, 9, 9 
8060, 9, 9 
1518, 9, 9 
11931, 9, 9 
53511, 9, 9 
27037, 9, 9 
35016, 9, 9 
44236, 9, 9 
53166, 9, 9 
35724, 9, 9 
55333, 9, 9 
16250, 9, 9 
50519, 9, 9 
8558, 9, 9 
50832, 9, 9 
40647, 9, 9 
1811, 9, 9 
20075, 9, 9 
32356, 9, 9 
10772, 9, 9 
4447, 9, 9 
16859, 9, 9 
15349, 9, 9 
57159, 9, 9 
7492, 9, 9 
24197, 9, 9 
37538, 9, 9 
40469, 9, 9 
47645, 9, 9 
30296, 9, 9 
44824, 9, 9 
50079, 9, 9 
51842, 9, 9 
29036, 9, 9 
5829, 9, 9 
18755, 9, 9 
50798, 9, 9 
8448, 9, 9 
23057, 9, 9 
13362, 9, 9 
11909, 9, 9 
13739, 9, 9 
5539, 9, 9 
26282, 9, 9 
51688, 9, 9 
50226, 9, 9 
25633, 9, 9 
28114, 9, 9 
41369, 9, 9 
45120, 9, 9 
38950, 9, 9 
53841, 9, 9 
49447, 9, 9 
20571, 9, 9 
22959, 9, 9 
29445, 9, 9 
2453, 9, 9 
19395, 9, 9 
46100, 9, 9 
3095, 9, 9 
36757, 9, 9 
56884, 9, 9 
43777, 9, 9 
32908, 9, 9 
13678, 9, 9 
55007, 9, 9 
59127, 9, 9 
47165, 9, 9 
11538, 9, 9 
41644, 9, 9 
32909, 9, 9 
15657, 9, 9 
53729, 9, 9 
56702, 9, 9 
35503, 9, 9 
17612, 9, 9 
6699, 9, 9 
55265, 9, 9 
7904, 9, 9 
32732, 9, 9 
15541, 9, 9 
10577, 9, 9 
43550, 9, 9 
51329, 9, 9 
30850, 9, 9 
8085, 9, 9 
54039, 9, 9 
30453, 9, 9 
2221, 9, 9 
28368, 9, 3 
44778, 9, 9 
7335, 9, 9 
30776, 9, 9 
35506, 9, 9 
25376, 9, 9 
15131, 9, 9 
16806, 9, 9 
57079, 9, 9 
54504, 9, 9 
50349, 9, 9 
17475, 9, 9 
32016, 9, 9 
24588, 9, 9 
3202, 9, 9 
45461, 9, 9 
36808, 9, 9 
285, 9, 9 
19268, 9, 9 
6295, 9, 9 
20546, 9, 9 
56431, 9, 9 
9791, 9, 9 
41014, 9, 9 
319, 9, 9 
707, 9, 9 
35174, 9, 9 
3190, 9, 9 
20196, 9, 9 
2321, 9, 9 
29959, 9, 9 
12833, 9, 9 
49313, 9, 9 
48938, 9, 9 
34196, 9, 9 
21213, 9, 9 
20677, 9, 9 
33300, 9, 9 
12739, 9, 9 
12563, 9, 9 
3977, 9, 9 
39942, 9, 0 
33372, 9, 9 
19707, 9, 9 
17959, 9, 9 
43210, 9, 9 
35812, 9, 9 
5282, 9, 9 
38118, 9, 9 
13480, 9, 9 
20997, 9, 9 
49128, 9, 9 
48747, 9, 9 
52910, 9, 0 
35054, 9, 9 
24006, 9, 9 
1794, 9, 9 
35892, 9, 9 
34504, 9, 9 
9238, 9, 9 
14696, 9, 9 
929, 9, 9 
53386, 9, 9 
17377, 9, 9 
21378, 9, 9 
20841, 9, 9 
32555, 9, 9 
39718, 9, 9 
9631, 9, 9 
20184, 9, 9 
26042, 9, 9 
18175, 9, 9 
47540, 9, 9 
46373, 9, 0 
40439, 9, 9 
16256, 9, 9 
22437, 9, 9 
56166, 9, 9 
43729, 9, 9 
55313, 9, 9 
52883, 9, 9 
7447, 9, 9 
34569, 9, 9 
24164, 9, 1 
49767, 9, 9 
6872, 9, 9 
45431, 9, 9 
53059, 9, 9 
23275, 9, 9 
4378, 9, 9 
7251, 9, 9 
22967, 9, 9 
58735, 9, 9 
31828, 9, 9 
48347, 9, 9 
53251, 9, 9 
39418, 9, 9 
23349, 9, 9 
49204, 9, 9 
58637, 9, 9 
33544, 9, 9 
17517, 9, 9 
45841, 9, 9 
53020, 9, 9 
50204, 9, 9 
9555, 9, 9 
6067, 9, 9 
17463, 9, 9 
35330, 9, 9 
5878, 9, 9 
8356, 9, 9 
31299, 9, 9 
46065, 9, 9 
49690, 9, 9 
42465, 9, 9 
3913, 9, 9 
58127, 9, 9 
51194, 9, 9 
5386, 9, 9 
17297, 9, 9 
36782, 9, 9 
12753, 9, 9 
48758, 9, 9 
34651, 9, 9 
38470, 9, 9 
17107, 9, 9 
11924, 9, 9 
51644, 9, 9 
10507, 9, 9 
26045, 9, 9 
32679, 9, 9 
10382, 9, 8 
44402, 9, 9 
15881, 9, 9 
56930, 9, 9 
887, 9, 9 
22672, 9, 9 
36456, 9, 9 
52030, 9, 9 
44741, 9, 9 
39993, 9, 9 
31624, 9, 9 
39016, 9, 9 
34693, 9, 9 
14247, 9, 9 
37283, 9, 9 
39750, 9, 9 
7975, 9, 9 
18828, 9, 9 
47244, 9, 9 
45527, 9, 9 
87, 9, 9 
43896, 9, 9 
45034, 9, 9 
54181, 9, 9 
37352, 9, 9 
44780, 9, 9 
59888, 9, 9 
49956, 9, 9 
46413, 9, 9 
52570, 9, 9 
10646, 9, 9 
14943, 9, 9 
38647, 9, 9 
26361, 9, 9 
48577, 9, 9 
41501, 9, 9 
16799, 9, 8 
28601, 9, 9 
54766, 9, 9 
34103, 9, 9 
38541, 9, 9 
36162, 9, 9 
20330, 9, 9 
1112, 9, 9 
12442, 9, 9 
52772, 9, 9 
18241, 9, 9 
49925, 9, 9 
23423, 9, 9 
27771, 9, 9 
42738, 9, 9 
3904, 9, 9 
