id, true label, predicted label 
13377, 0, 0 
52831, 0, 0 
12869, 0, 0 
49685, 0, 0 
3262, 0, 0 
57451, 0, 0 
23293, 0, 0 
43497, 0, 0 
57645, 0, 0 
37914, 0, 0 
17581, 0, 0 
36564, 0, 0 
59585, 0, 0 
50480, 0, 0 
30156, 0, 0 
4951, 0, 0 
21985, 0, 0 
7753, 0, 0 
9744, 0, 0 
21355, 0, 0 
28543, 0, 0 
59249, 0, 0 
24676, 0, 0 
33350, 0, 0 
52847, 0, 0 
56351, 0, 0 
19491, 0, 0 
34839, 0, 0 
37822, 0, 0 
32625, 0, 0 
3128, 0, 0 
31026, 0, 0 
5010, 0, 0 
41634, 0, 0 
1837, 0, 0 
20349, 0, 0 
19240, 0, 0 
46952, 0, 0 
56217, 0, 0 
26565, 0, 0 
13872, 0, 0 
11320, 0, 0 
24320, 0, 0 
8000, 0, 0 
24985, 0, 0 
36467, 0, 0 
33485, 0, 0 
26183, 0, 0 
53255, 0, 0 
34619, 0, 0 
24749, 0, 0 
32550, 0, 0 
40760, 0, 0 
46582, 0, 0 
5622, 0, 0 
25460, 0, 0 
37559, 0, 0 
6330, 0, 0 
23331, 0, 0 
59421, 0, 0 
41588, 0, 0 
55624, 0, 0 
57705, 0, 0 
43884, 0, 0 
59418, 0, 0 
28457, 0, 0 
25408, 0, 0 
36376, 0, 0 
10488, 0, 0 
49774, 0, 0 
4527, 0, 0 
2952, 0, 0 
29409, 0, 0 
51464, 0, 0 
30088, 0, 0 
37571, 0, 0 
666, 0, 0 
2327, 0, 0 
56159, 0, 0 
4985, 0, 0 
12785, 0, 0 
20877, 0, 0 
19774, 0, 0 
46144, 0, 0 
37510, 0, 0 
16286, 0, 0 
40829, 0, 0 
10176, 0, 0 
58223, 0, 0 
26656, 0, 0 
10240, 0, 0 
40494, 0, 0 
41609, 0, 0 
7892, 0, 0 
13098, 0, 0 
57494, 0, 0 
34152, 0, 0 
55993, 0, 0 
14319, 0, 0 
18461, 0, 0 
19180, 0, 0 
23136, 0, 0 
56377, 0, 0 
11240, 0, 0 
47957, 0, 0 
53290, 0, 0 
35348, 0, 0 
6763, 0, 0 
9994, 0, 0 
30340, 0, 0 
31127, 0, 0 
55890, 0, 0 
3231, 0, 0 
57115, 0, 0 
12666, 0, 0 
55278, 0, 0 
11269, 0, 0 
52064, 0, 0 
10806, 0, 0 
4748, 0, 0 
29474, 0, 0 
26040, 0, 0 
51259, 0, 0 
24861, 0, 0 
44692, 0, 0 
44471, 0, 0 
53615, 0, 0 
49594, 0, 0 
473, 0, 0 
1769, 0, 0 
15064, 0, 0 
58665, 0, 0 
19856, 0, 0 
44598, 0, 0 
45315, 0, 0 
9691, 0, 0 
9005, 0, 0 
3160, 0, 0 
17539, 0, 0 
519, 0, 0 
40039, 0, 0 
3461, 0, 0 
54800, 0, 0 
53243, 0, 0 
5475, 0, 0 
15854, 0, 0 
1868, 0, 0 
40457, 0, 0 
9966, 0, 0 
42084, 0, 0 
24689, 0, 0 
29438, 0, 0 
17503, 0, 0 
23773, 0, 0 
18923, 0, 0 
7948, 0, 0 
16705, 0, 0 
30473, 0, 0 
16083, 0, 0 
45504, 0, 0 
22657, 0, 0 
27544, 0, 0 
13807, 0, 0 
10874, 0, 0 
24755, 0, 0 
35963, 0, 0 
36789, 0, 0 
5690, 0, 0 
4044, 0, 0 
56389, 0, 0 
39407, 0, 0 
4106, 0, 0 
1090, 0, 0 
52028, 0, 0 
50018, 0, 0 
18921, 0, 0 
24645, 0, 0 
54832, 0, 0 
33020, 0, 0 
17519, 0, 0 
35778, 0, 0 
46860, 0, 0 
31082, 0, 0 
18425, 0, 0 
26980, 0, 0 
16244, 0, 0 
5249, 0, 0 
52126, 0, 0 
8813, 0, 0 
37261, 0, 0 
27658, 0, 0 
19689, 0, 0 
44096, 0, 0 
37303, 0, 0 
48438, 0, 0 
18093, 0, 0 
22929, 0, 0 
35982, 0, 0 
48142, 0, 0 
9677, 0, 0 
29520, 0, 0 
55806, 0, 0 
29471, 0, 0 
55907, 0, 0 
40844, 0, 0 
26761, 0, 0 
40115, 0, 0 
45061, 0, 0 
59059, 0, 0 
5246, 0, 0 
20392, 0, 0 
8273, 0, 0 
11833, 0, 0 
36869, 0, 0 
7050, 0, 0 
3248, 0, 0 
37059, 0, 0 
31695, 0, 0 
2806, 0, 0 
26389, 0, 0 
6097, 0, 0 
22444, 0, 0 
21354, 0, 0 
47581, 0, 0 
55217, 0, 0 
14461, 0, 0 
9032, 0, 0 
40582, 0, 0 
19871, 0, 0 
11162, 0, 0 
17133, 0, 0 
2396, 0, 0 
23601, 0, 0 
17693, 0, 0 
43465, 0, 0 
43404, 0, 0 
11045, 0, 0 
40200, 0, 0 
33142, 0, 0 
28993, 0, 0 
57326, 0, 0 
8788, 0, 0 
35209, 0, 0 
37758, 0, 0 
3529, 0, 0 
13521, 0, 0 
46579, 0, 0 
52135, 0, 0 
42358, 0, 0 
53785, 0, 0 
54083, 0, 0 
6228, 0, 0 
10425, 0, 0 
47241, 0, 0 
12605, 0, 0 
30748, 0, 0 
58784, 0, 0 
38110, 0, 0 
22629, 0, 0 
48173, 0, 0 
8003, 0, 0 
45669, 0, 0 
34662, 0, 0 
30275, 0, 0 
40486, 0, 0 
22043, 0, 0 
4023, 0, 0 
41837, 0, 0 
57827, 0, 0 
49419, 0, 0 
34084, 0, 0 
38128, 0, 0 
52154, 0, 0 
43941, 0, 0 
38497, 0, 0 
32298, 0, 0 
50727, 0, 0 
39856, 0, 0 
55822, 0, 0 
37092, 0, 0 
53814, 0, 0 
13955, 0, 0 
25290, 0, 0 
19811, 0, 0 
44130, 0, 0 
8134, 0, 0 
22710, 0, 0 
19454, 0, 0 
33192, 0, 0 
26639, 0, 0 
3175, 0, 0 
21614, 0, 0 
22440, 0, 0 
35697, 0, 0 
13779, 0, 0 
55622, 0, 0 
23813, 0, 0 
59659, 0, 0 
13081, 0, 0 
9840, 0, 0 
35739, 0, 0 
45942, 0, 0 
43727, 0, 0 
29562, 0, 0 
53429, 0, 0 
58353, 0, 0 
29199, 0, 0 
51286, 0, 0 
7669, 0, 0 
21898, 0, 0 
34051, 0, 0 
31288, 0, 0 
15542, 0, 0 
10773, 0, 0 
51041, 0, 0 
24940, 0, 0 
36617, 0, 0 
4245, 0, 0 
9459, 0, 0 
26784, 0, 0 
7466, 0, 0 
31830, 0, 0 
8739, 0, 0 
16679, 0, 0 
46617, 0, 0 
57887, 0, 0 
42913, 0, 0 
15530, 0, 0 
28165, 0, 0 
33835, 0, 0 
19027, 0, 0 
51122, 0, 0 
39735, 0, 0 
58053, 0, 0 
51186, 0, 0 
667, 0, 0 
10974, 0, 0 
46562, 0, 0 
5981, 0, 0 
55030, 0, 0 
57288, 0, 0 
23362, 0, 0 
19360, 0, 0 
41296, 0, 0 
41927, 0, 0 
48613, 0, 0 
4597, 0, 0 
3882, 0, 0 
20049, 0, 0 
9530, 0, 0 
3906, 0, 0 
40108, 0, 0 
48815, 0, 0 
57359, 0, 0 
33823, 0, 0 
30424, 0, 0 
1443, 0, 0 
57395, 0, 0 
5927, 0, 0 
19225, 0, 0 
45589, 0, 0 
51828, 0, 0 
26937, 0, 0 
53298, 0, 0 
4265, 0, 0 
36734, 0, 0 
24069, 0, 0 
53524, 0, 0 
29805, 0, 0 
49622, 0, 0 
46166, 0, 0 
15753, 0, 0 
39906, 0, 0 
8901, 0, 0 
57214, 0, 0 
15208, 0, 0 
35934, 0, 0 
22583, 0, 0 
464, 0, 0 
42989, 0, 0 
36569, 0, 0 
38440, 0, 0 
38835, 0, 0 
56489, 0, 0 
49561, 0, 0 
27326, 0, 0 
55095, 0, 0 
51314, 0, 0 
53460, 0, 0 
59901, 0, 0 
51422, 0, 0 
10242, 0, 0 
2765, 0, 0 
49987, 0, 0 
48295, 0, 0 
24444, 0, 0 
11281, 0, 0 
18232, 0, 0 
9194, 0, 0 
41856, 0, 0 
57154, 0, 0 
59155, 0, 0 
58560, 0, 0 
9142, 0, 0 
53881, 0, 0 
17365, 0, 0 
59267, 0, 0 
48716, 0, 0 
38473, 0, 0 
58110, 0, 0 
12670, 0, 0 
12324, 0, 0 
13231, 0, 0 
29311, 0, 0 
46683, 0, 0 
656, 0, 0 
37787, 0, 0 
25285, 0, 0 
18357, 0, 0 
28286, 0, 0 
42487, 0, 0 
53293, 0, 0 
31937, 0, 0 
16975, 0, 0 
4892, 0, 0 
14649, 0, 0 
11577, 0, 0 
527, 0, 0 
8703, 0, 0 
14291, 0, 0 
54371, 0, 0 
8304, 0, 0 
12168, 0, 0 
47344, 0, 0 
33940, 0, 0 
38228, 0, 0 
55785, 0, 0 
14012, 0, 0 
44811, 0, 0 
16888, 0, 0 
37656, 0, 0 
59272, 0, 0 
10045, 0, 0 
462, 0, 0 
20953, 0, 0 
25823, 0, 0 
50949, 0, 0 
24988, 0, 0 
46125, 0, 0 
54221, 0, 0 
30578, 0, 0 
34958, 0, 0 
22405, 0, 0 
40803, 0, 0 
489, 0, 0 
3410, 0, 0 
3734, 0, 0 
40241, 0, 0 
19645, 0, 0 
28755, 0, 0 
46017, 0, 0 
49111, 0, 0 
34854, 0, 0 
58036, 0, 0 
53404, 0, 0 
32109, 0, 0 
3702, 0, 0 
31535, 0, 0 
7012, 0, 0 
15189, 0, 0 
25092, 0, 0 
39360, 0, 0 
13719, 0, 0 
51618, 0, 0 
34036, 0, 0 
75, 0, 0 
8016, 0, 0 
35700, 0, 0 
10326, 0, 0 
6645, 0, 0 
24445, 0, 0 
27990, 0, 0 
57000, 0, 0 
21350, 0, 0 
27609, 0, 0 
47812, 0, 0 
1195, 0, 0 
27070, 0, 0 
49370, 0, 0 
24389, 0, 0 
47917, 0, 0 
52130, 0, 0 
20012, 0, 0 
6967, 0, 0 
16961, 0, 0 
5133, 0, 0 
50637, 0, 0 
4607, 0, 0 
42865, 0, 0 
8116, 0, 0 
45240, 1, 1 
31764, 1, 1 
30695, 1, 1 
48254, 1, 1 
49919, 1, 1 
42412, 1, 1 
6232, 1, 1 
2823, 1, 1 
43784, 1, 1 
19880, 1, 1 
28015, 1, 1 
7689, 1, 1 
34679, 1, 1 
25540, 1, 1 
24647, 1, 1 
25934, 1, 1 
24397, 1, 1 
32986, 1, 1 
57101, 1, 1 
49499, 1, 1 
475, 1, 1 
17669, 1, 1 
18886, 1, 1 
5221, 1, 1 
16991, 1, 1 
48335, 1, 1 
21409, 1, 1 
58161, 1, 1 
5483, 1, 1 
56374, 1, 1 
20506, 1, 1 
13201, 1, 1 
18266, 1, 1 
42849, 1, 1 
12664, 1, 1 
54059, 1, 1 
4105, 1, 1 
55335, 1, 1 
10027, 1, 1 
48949, 1, 1 
8772, 1, 1 
32133, 1, 1 
38027, 1, 1 
59864, 1, 1 
6021, 1, 1 
39049, 1, 1 
46006, 1, 1 
55920, 1, 1 
15277, 1, 1 
40692, 1, 1 
15290, 1, 1 
41454, 1, 1 
17928, 1, 1 
2998, 1, 1 
18918, 1, 1 
58440, 1, 1 
14900, 1, 1 
42171, 1, 1 
21928, 1, 1 
27978, 1, 1 
38713, 1, 1 
14595, 1, 1 
32743, 1, 1 
26174, 1, 1 
54269, 1, 1 
20536, 1, 1 
25324, 1, 1 
36033, 1, 1 
39699, 1, 1 
1859, 1, 1 
34162, 1, 1 
31727, 1, 1 
48943, 1, 1 
12072, 1, 1 
7716, 1, 1 
11607, 1, 1 
31017, 1, 1 
52668, 1, 1 
9013, 1, 1 
33368, 1, 1 
54816, 1, 1 
48177, 1, 1 
30847, 1, 1 
44829, 1, 1 
15929, 1, 1 
37102, 1, 1 
34911, 1, 1 
44482, 1, 1 
3714, 1, 1 
38769, 1, 1 
26535, 1, 1 
56490, 1, 1 
19461, 1, 1 
11868, 1, 1 
4775, 1, 1 
46089, 1, 1 
21498, 1, 1 
21794, 1, 1 
56326, 1, 1 
24133, 1, 1 
46046, 1, 1 
48079, 1, 1 
52075, 1, 1 
21272, 1, 1 
40140, 1, 1 
37116, 1, 1 
19626, 1, 1 
24904, 1, 1 
36297, 1, 1 
46705, 1, 1 
49961, 1, 1 
54580, 1, 1 
57362, 1, 1 
6870, 1, 1 
22512, 1, 1 
55901, 1, 1 
15776, 1, 1 
44622, 1, 1 
15427, 1, 1 
16392, 1, 1 
10136, 1, 1 
27792, 1, 1 
14724, 1, 1 
19816, 1, 1 
44677, 1, 1 
18790, 1, 1 
10852, 1, 1 
23554, 1, 1 
6226, 1, 1 
24970, 1, 1 
55939, 1, 1 
1716, 1, 1 
21921, 1, 1 
25189, 1, 1 
13392, 1, 1 
57305, 1, 1 
2110, 1, 1 
51651, 1, 1 
24555, 1, 1 
4109, 1, 1 
18359, 1, 1 
1879, 1, 1 
3802, 1, 1 
50068, 1, 1 
21682, 1, 1 
28557, 1, 1 
40359, 1, 1 
59207, 1, 1 
16218, 1, 1 
44183, 1, 1 
52867, 1, 1 
1521, 1, 1 
45556, 1, 1 
49488, 1, 1 
21334, 1, 1 
24580, 1, 1 
46916, 1, 1 
15082, 1, 1 
20070, 1, 1 
48765, 1, 1 
49395, 1, 1 
8166, 1, 1 
25847, 1, 1 
9973, 1, 1 
58307, 1, 1 
17262, 1, 1 
47672, 1, 1 
33259, 1, 1 
17706, 1, 1 
10985, 1, 1 
24339, 1, 1 
46823, 1, 1 
32440, 1, 1 
24366, 1, 1 
58434, 1, 1 
11229, 1, 1 
17662, 1, 1 
50842, 1, 1 
19400, 1, 1 
52051, 1, 1 
53746, 1, 1 
45205, 1, 1 
37232, 1, 1 
15099, 1, 1 
52738, 1, 1 
36490, 1, 1 
59060, 1, 1 
15073, 1, 1 
24729, 1, 1 
55080, 1, 1 
9653, 1, 1 
56071, 1, 1 
47880, 1, 1 
23656, 1, 1 
13950, 1, 1 
38463, 1, 1 
41419, 1, 1 
50572, 1, 1 
40604, 1, 1 
11312, 1, 1 
19991, 1, 1 
52002, 1, 1 
32245, 1, 1 
2552, 1, 1 
8080, 1, 1 
26789, 1, 1 
44012, 1, 1 
39905, 1, 1 
22926, 1, 1 
24838, 1, 1 
51594, 1, 1 
29227, 1, 1 
5530, 1, 1 
29347, 1, 1 
37154, 1, 1 
26133, 1, 1 
49245, 1, 1 
33374, 1, 1 
26951, 1, 1 
28878, 1, 1 
57169, 1, 1 
38736, 1, 1 
53080, 1, 1 
55397, 1, 1 
24737, 1, 1 
13379, 1, 1 
49667, 1, 1 
50222, 1, 1 
57579, 1, 1 
1786, 1, 1 
6458, 1, 1 
5054, 1, 1 
24625, 1, 1 
25596, 1, 1 
2794, 1, 1 
16300, 1, 1 
10145, 1, 1 
7696, 1, 1 
45254, 1, 1 
51048, 1, 1 
16718, 1, 1 
49884, 1, 1 
3331, 1, 1 
39796, 1, 1 
40220, 1, 1 
42098, 1, 1 
45363, 1, 1 
3878, 1, 1 
39512, 1, 1 
15878, 1, 1 
10686, 1, 1 
52961, 1, 1 
38629, 1, 1 
38016, 1, 1 
31663, 1, 1 
20146, 1, 1 
50489, 1, 1 
14584, 1, 1 
15308, 1, 1 
10915, 1, 1 
34334, 1, 1 
14725, 1, 1 
14870, 1, 1 
18565, 1, 1 
32887, 1, 1 
54753, 1, 1 
36532, 1, 1 
5479, 1, 1 
24355, 1, 1 
59559, 1, 1 
14794, 1, 1 
37513, 1, 1 
48456, 1, 1 
18659, 1, 1 
14509, 1, 1 
15241, 1, 1 
41226, 1, 1 
16021, 1, 1 
1822, 1, 1 
49681, 1, 1 
35657, 1, 1 
33865, 1, 1 
3800, 1, 1 
51067, 1, 1 
33705, 1, 1 
4960, 1, 1 
21465, 1, 1 
57301, 1, 1 
5903, 1, 1 
4903, 1, 1 
11337, 1, 1 
8919, 1, 1 
29897, 1, 1 
16228, 1, 1 
3996, 1, 1 
50632, 1, 1 
16643, 1, 1 
15697, 1, 1 
47960, 1, 1 
29609, 1, 1 
41859, 1, 1 
47502, 1, 1 
20824, 1, 1 
11679, 1, 1 
18182, 1, 1 
16204, 1, 1 
37499, 1, 1 
1287, 1, 1 
52291, 1, 1 
28629, 1, 1 
20706, 1, 1 
51876, 1, 1 
45730, 1, 1 
33998, 1, 1 
24996, 1, 1 
37213, 1, 1 
20178, 1, 1 
10220, 1, 1 
23543, 1, 1 
9012, 1, 1 
54876, 1, 1 
24617, 1, 1 
42894, 1, 1 
9315, 1, 1 
24183, 1, 1 
22476, 1, 1 
33005, 1, 1 
55014, 1, 1 
25918, 1, 1 
12510, 1, 1 
7588, 1, 1 
36042, 1, 1 
20465, 1, 1 
57961, 1, 1 
3272, 1, 1 
56882, 1, 1 
19058, 1, 1 
33095, 1, 1 
16876, 1, 1 
47119, 1, 1 
9173, 1, 1 
29062, 1, 1 
27572, 1, 1 
48871, 1, 1 
27207, 1, 1 
12441, 1, 1 
51784, 1, 1 
2932, 1, 1 
43007, 1, 1 
8595, 1, 1 
39072, 1, 1 
23291, 1, 1 
21634, 1, 1 
32554, 1, 1 
45499, 1, 1 
28862, 1, 1 
58286, 1, 1 
7040, 1, 1 
13790, 1, 1 
57948, 1, 1 
8543, 1, 1 
6900, 1, 1 
23756, 1, 1 
14038, 1, 1 
31250, 1, 1 
6122, 1, 1 
17759, 1, 1 
15264, 1, 1 
50838, 1, 1 
3473, 1, 1 
58309, 1, 1 
49210, 1, 1 
30508, 1, 1 
51901, 1, 1 
30430, 1, 1 
42332, 1, 1 
47776, 1, 1 
4696, 1, 1 
40909, 1, 1 
58675, 1, 1 
19516, 1, 1 
5950, 1, 1 
13581, 1, 1 
54651, 1, 1 
47642, 1, 1 
52444, 1, 1 
7993, 1, 1 
17839, 1, 1 
13090, 1, 1 
35159, 1, 1 
42260, 1, 1 
31578, 1, 1 
9136, 1, 1 
4566, 1, 1 
9404, 1, 1 
11135, 1, 1 
3345, 1, 1 
22928, 1, 1 
39441, 1, 1 
26070, 1, 1 
16508, 1, 1 
11735, 1, 1 
8176, 1, 1 
10180, 1, 1 
55888, 1, 1 
40315, 1, 1 
21889, 1, 8 
54236, 1, 1 
10006, 1, 1 
32879, 1, 1 
27549, 1, 1 
37036, 1, 1 
28000, 1, 1 
16932, 1, 1 
13835, 1, 1 
55067, 1, 1 
26514, 1, 1 
17627, 1, 1 
40908, 1, 1 
30441, 1, 1 
34617, 1, 1 
26492, 1, 1 
2830, 1, 1 
26388, 1, 1 
18016, 1, 1 
20212, 1, 1 
22892, 1, 1 
1535, 1, 1 
38868, 1, 1 
57046, 1, 1 
4129, 1, 1 
41914, 1, 1 
28609, 1, 1 
32597, 1, 1 
27142, 1, 1 
31084, 1, 1 
40615, 1, 1 
40464, 1, 1 
28804, 1, 1 
28420, 1, 1 
5648, 1, 1 
4441, 1, 1 
33326, 1, 1 
44220, 1, 1 
35359, 1, 1 
3464, 1, 1 
44725, 1, 1 
55412, 1, 1 
10129, 1, 1 
54293, 1, 1 
41748, 1, 1 
45820, 1, 1 
8679, 1, 1 
3080, 1, 1 
20027, 1, 1 
19381, 1, 1 
44131, 1, 1 
32852, 1, 1 
48518, 1, 1 
58139, 1, 1 
51867, 1, 1 
33190, 1, 1 
28098, 1, 1 
54931, 1, 1 
58072, 1, 1 
24289, 1, 1 
9902, 1, 1 
36956, 1, 1 
33781, 1, 1 
27489, 1, 1 
11362, 1, 1 
47692, 1, 1 
17457, 1, 1 
14016, 1, 1 
2619, 1, 1 
25697, 1, 1 
38750, 1, 1 
55324, 1, 1 
10885, 1, 1 
35360, 1, 1 
38487, 1, 1 
9103, 1, 1 
7429, 1, 1 
10842, 1, 1 
16699, 1, 1 
10712, 1, 1 
17260, 1, 1 
35699, 1, 1 
7720, 1, 1 
46103, 1, 1 
7089, 1, 1 
11533, 1, 1 
6834, 1, 1 
46107, 1, 1 
26905, 1, 1 
13140, 1, 1 
46915, 1, 1 
44705, 1, 1 
16236, 1, 1 
42601, 1, 1 
3224, 2, 2 
13148, 2, 2 
35106, 2, 2 
493, 2, 2 
42068, 2, 2 
40870, 2, 2 
49314, 2, 2 
37838, 2, 2 
6348, 2, 2 
36292, 2, 2 
58172, 2, 2 
32709, 2, 2 
26265, 2, 2 
1395, 2, 2 
48841, 2, 2 
57377, 2, 2 
27347, 2, 2 
38800, 2, 2 
42866, 2, 2 
52118, 2, 2 
664, 2, 2 
45698, 2, 2 
40183, 2, 2 
23764, 2, 2 
50211, 2, 2 
56069, 2, 2 
9518, 2, 2 
43394, 2, 2 
32146, 2, 2 
17653, 2, 2 
42491, 2, 2 
43850, 2, 2 
44978, 2, 2 
57455, 2, 2 
49416, 2, 2 
29351, 2, 2 
58644, 2, 2 
4722, 2, 2 
26688, 2, 2 
360, 2, 2 
8025, 2, 2 
49727, 2, 2 
32438, 2, 2 
52755, 2, 2 
49452, 2, 2 
34078, 2, 2 
1213, 2, 2 
11560, 2, 2 
36120, 2, 2 
5250, 2, 2 
7732, 2, 2 
17070, 2, 2 
38356, 2, 2 
55188, 2, 2 
50218, 2, 2 
50487, 2, 2 
48837, 2, 2 
5095, 2, 2 
44492, 2, 2 
7933, 2, 2 
35456, 2, 2 
30349, 2, 2 
31696, 2, 2 
35494, 2, 2 
2418, 2, 2 
52242, 2, 2 
32250, 2, 2 
15569, 2, 2 
37638, 2, 2 
16650, 2, 2 
4322, 2, 2 
13953, 2, 2 
8043, 2, 2 
31807, 2, 2 
59113, 2, 2 
33065, 2, 2 
59641, 2, 2 
48643, 2, 2 
43760, 2, 2 
15867, 2, 2 
54848, 2, 2 
51256, 2, 2 
20568, 2, 2 
54765, 2, 2 
50913, 2, 2 
28494, 2, 2 
58538, 2, 2 
58964, 2, 2 
2409, 2, 2 
22751, 2, 2 
29334, 2, 2 
50971, 2, 2 
4293, 2, 2 
25238, 2, 2 
59157, 2, 2 
42323, 2, 2 
43124, 2, 2 
13039, 2, 2 
365, 2, 2 
2104, 2, 2 
34495, 2, 2 
29837, 2, 2 
59365, 2, 2 
33727, 2, 2 
54806, 2, 2 
29152, 2, 2 
19891, 2, 2 
35599, 2, 2 
46343, 2, 2 
27587, 2, 2 
45375, 2, 2 
47321, 2, 2 
6547, 2, 2 
47767, 2, 2 
44727, 2, 2 
37296, 2, 2 
44247, 2, 2 
54240, 2, 2 
37568, 2, 2 
39939, 2, 2 
17439, 2, 2 
50826, 2, 2 
25658, 2, 2 
23934, 2, 2 
9509, 2, 2 
42950, 2, 2 
10920, 2, 2 
23675, 2, 2 
13741, 2, 2 
14373, 2, 2 
35091, 2, 2 
14005, 2, 2 
54556, 2, 2 
20022, 2, 2 
27150, 2, 2 
43240, 2, 2 
22083, 2, 2 
30064, 2, 2 
47369, 2, 2 
17489, 2, 2 
30884, 2, 2 
18370, 2, 2 
3342, 2, 2 
18946, 2, 2 
2749, 2, 2 
161, 2, 2 
8229, 2, 2 
12682, 2, 2 
10620, 2, 2 
43674, 2, 2 
54541, 2, 2 
46094, 2, 2 
3826, 2, 2 
55070, 2, 2 
59675, 2, 2 
21303, 2, 2 
35785, 2, 2 
52959, 2, 2 
37832, 2, 2 
27178, 2, 2 
14603, 2, 2 
40369, 2, 2 
7942, 2, 2 
45281, 2, 2 
10567, 2, 2 
15799, 2, 2 
13606, 2, 2 
46833, 2, 2 
59061, 2, 2 
38785, 2, 2 
35509, 2, 2 
11718, 2, 2 
673, 2, 2 
52677, 2, 2 
44611, 2, 2 
24406, 2, 2 
35344, 2, 2 
17684, 2, 2 
59009, 2, 2 
41702, 2, 2 
43153, 2, 2 
53799, 2, 2 
30594, 2, 2 
57815, 2, 2 
27600, 2, 2 
21330, 2, 2 
41335, 2, 2 
20910, 2, 2 
25571, 2, 2 
58533, 2, 2 
28932, 2, 2 
12745, 2, 2 
5397, 2, 2 
52841, 2, 2 
13022, 2, 2 
41074, 2, 2 
6222, 2, 2 
52331, 2, 2 
15279, 2, 2 
26468, 2, 2 
12366, 2, 2 
25807, 2, 2 
24665, 2, 2 
31267, 2, 2 
25041, 2, 2 
52574, 2, 2 
37806, 2, 2 
13667, 2, 2 
7839, 2, 2 
36965, 2, 2 
22594, 2, 2 
3647, 2, 2 
47685, 2, 2 
37504, 2, 2 
42301, 2, 2 
49911, 2, 2 
21911, 2, 2 
5481, 2, 2 
29893, 2, 2 
27239, 2, 2 
59539, 2, 2 
19444, 2, 2 
3486, 2, 2 
37985, 2, 2 
40536, 2, 2 
12560, 2, 2 
33016, 2, 2 
52942, 2, 2 
1880, 2, 2 
44657, 2, 2 
18995, 2, 2 
17555, 2, 2 
43113, 2, 2 
45943, 2, 2 
3886, 2, 2 
22930, 2, 2 
57338, 2, 2 
19115, 2, 2 
233, 2, 2 
36142, 2, 2 
7554, 2, 2 
36685, 2, 2 
52982, 2, 2 
57448, 2, 2 
19129, 2, 2 
50669, 2, 2 
53656, 2, 4 
11257, 2, 2 
46266, 2, 2 
45287, 2, 2 
13722, 2, 2 
37925, 2, 2 
7107, 2, 2 
26613, 2, 2 
53571, 2, 2 
27537, 2, 2 
25220, 2, 2 
41204, 2, 2 
39079, 2, 2 
6211, 2, 2 
50527, 2, 2 
35076, 2, 2 
31449, 2, 2 
34627, 2, 2 
40542, 2, 2 
52971, 2, 2 
49873, 2, 2 
18643, 2, 2 
38886, 2, 2 
16677, 2, 2 
25265, 2, 2 
50689, 2, 2 
42821, 2, 2 
6505, 2, 2 
45346, 2, 2 
3627, 2, 2 
16328, 2, 2 
36326, 2, 2 
34443, 2, 2 
5400, 2, 2 
42271, 2, 2 
27754, 2, 2 
26431, 2, 2 
21804, 2, 2 
22524, 2, 2 
5289, 2, 2 
16902, 2, 2 
15187, 2, 2 
7242, 2, 2 
252, 2, 2 
24215, 2, 2 
35670, 2, 2 
3142, 2, 2 
28566, 2, 2 
54314, 2, 2 
7760, 2, 2 
7473, 2, 2 
1954, 2, 2 
1492, 2, 2 
49773, 2, 2 
23087, 2, 2 
7772, 2, 2 
46408, 2, 2 
25691, 2, 2 
56762, 2, 2 
15263, 2, 2 
34724, 2, 2 
25574, 2, 2 
17836, 2, 2 
49936, 2, 2 
48811, 2, 2 
12854, 2, 2 
862, 2, 2 
20268, 2, 2 
20313, 2, 2 
6846, 2, 2 
20832, 2, 2 
56055, 2, 2 
19229, 2, 2 
17841, 2, 2 
34095, 2, 2 
713, 2, 2 
41427, 2, 2 
12621, 2, 2 
54238, 2, 2 
51782, 2, 2 
12822, 2, 2 
57632, 2, 2 
52335, 2, 2 
16567, 2, 2 
9449, 2, 2 
14429, 2, 2 
21441, 2, 2 
39420, 2, 2 
11299, 2, 2 
51580, 2, 2 
48502, 2, 2 
40388, 2, 2 
22198, 2, 2 
42014, 2, 2 
55170, 2, 2 
16018, 2, 2 
6125, 2, 2 
16142, 2, 2 
24129, 2, 2 
18544, 2, 2 
43326, 2, 2 
27490, 2, 2 
35347, 2, 2 
27641, 2, 2 
51810, 2, 2 
14465, 2, 2 
7153, 2, 2 
31016, 2, 2 
38261, 2, 2 
25017, 2, 2 
13299, 2, 2 
35340, 2, 2 
47973, 2, 2 
30826, 2, 2 
49776, 2, 2 
24849, 2, 2 
28533, 2, 2 
47043, 2, 2 
34606, 2, 2 
57086, 2, 2 
8082, 2, 2 
14108, 2, 2 
59607, 2, 2 
4165, 2, 2 
45055, 2, 2 
34214, 2, 2 
39203, 2, 2 
23441, 2, 2 
50478, 2, 2 
47883, 2, 2 
42929, 2, 2 
47102, 2, 2 
19654, 2, 2 
54299, 2, 2 
24491, 2, 2 
41651, 2, 2 
33158, 2, 2 
11109, 2, 2 
57358, 2, 2 
14847, 2, 2 
9672, 2, 2 
55749, 2, 2 
24269, 2, 2 
46377, 2, 2 
19764, 2, 2 
7587, 2, 2 
35111, 2, 2 
19423, 2, 2 
46586, 2, 2 
42219, 2, 2 
17071, 2, 2 
56120, 2, 2 
32695, 2, 2 
35035, 2, 2 
41860, 2, 2 
20655, 2, 2 
34559, 2, 2 
21633, 2, 2 
38326, 2, 2 
35653, 2, 2 
19737, 2, 2 
23089, 2, 2 
55069, 2, 2 
25804, 2, 2 
36600, 2, 2 
56583, 2, 2 
58287, 2, 2 
32318, 2, 2 
23079, 2, 2 
37199, 2, 2 
51699, 2, 2 
23468, 2, 2 
36936, 2, 2 
40832, 2, 2 
35011, 2, 2 
43590, 2, 2 
41900, 2, 2 
48212, 2, 2 
27073, 2, 2 
58472, 2, 2 
39168, 2, 2 
47375, 2, 2 
28537, 2, 2 
25718, 2, 2 
18684, 2, 2 
48784, 2, 2 
10464, 2, 2 
27753, 2, 2 
42522, 2, 2 
45501, 2, 2 
32361, 2, 2 
50991, 2, 2 
23995, 2, 2 
34436, 2, 2 
18613, 2, 2 
29819, 2, 2 
5624, 2, 2 
4986, 2, 2 
40597, 2, 2 
28228, 2, 2 
1048, 2, 2 
41348, 2, 2 
32595, 2, 2 
47238, 2, 2 
20862, 2, 2 
18065, 2, 2 
32405, 2, 2 
26434, 2, 2 
34726, 2, 2 
53121, 2, 2 
49369, 2, 2 
57808, 2, 2 
11503, 2, 2 
42341, 2, 2 
30970, 2, 2 
35974, 2, 2 
56243, 2, 2 
29059, 2, 2 
38140, 2, 2 
3147, 2, 2 
47623, 2, 2 
35202, 2, 2 
19013, 2, 2 
32521, 2, 2 
5438, 2, 2 
49381, 2, 2 
12135, 2, 2 
52602, 2, 2 
591, 2, 2 
37660, 2, 2 
19149, 2, 2 
6910, 2, 2 
53218, 2, 2 
41484, 2, 2 
38068, 2, 2 
16772, 2, 2 
15994, 2, 2 
24449, 2, 2 
6937, 2, 2 
25994, 2, 2 
10535, 2, 2 
12501, 2, 2 
21798, 2, 2 
24118, 2, 2 
6919, 2, 2 
17927, 2, 2 
220, 2, 2 
42792, 2, 2 
8293, 2, 2 
35410, 2, 2 
54756, 2, 2 
19519, 2, 2 
3390, 2, 2 
49101, 2, 2 
13656, 3, 3 
49859, 3, 3 
46306, 3, 3 
44280, 3, 3 
12901, 3, 3 
45945, 3, 3 
2146, 3, 3 
361, 3, 3 
51421, 3, 3 
24205, 3, 3 
46570, 3, 3 
27349, 3, 3 
15045, 3, 3 
2132, 3, 3 
57893, 3, 3 
8163, 3, 3 
32885, 3, 3 
59054, 3, 3 
4235, 3, 3 
57660, 3, 3 
39222, 3, 3 
30720, 3, 3 
55579, 3, 3 
53619, 3, 3 
3855, 3, 3 
3201, 3, 3 
27133, 3, 3 
57199, 3, 3 
27132, 3, 3 
18840, 3, 3 
20499, 3, 3 
48978, 3, 3 
1981, 3, 3 
54487, 3, 3 
21947, 3, 3 
13221, 3, 3 
26629, 3, 3 
20805, 3, 3 
10466, 3, 3 
1959, 3, 3 
48045, 3, 3 
34259, 3, 3 
12024, 3, 3 
7762, 3, 3 
42669, 3, 3 
39686, 3, 3 
38797, 3, 3 
39489, 3, 3 
13824, 3, 3 
9466, 3, 3 
40035, 3, 3 
40619, 3, 3 
42898, 3, 3 
45599, 3, 3 
2489, 3, 3 
32960, 3, 3 
14738, 3, 3 
6739, 3, 3 
5980, 3, 3 
41994, 3, 3 
41404, 3, 3 
23043, 3, 3 
35530, 3, 3 
14825, 3, 3 
9230, 3, 3 
29357, 3, 3 
42087, 3, 3 
35969, 3, 3 
2114, 3, 3 
7367, 3, 3 
10116, 3, 3 
18299, 3, 3 
23634, 3, 3 
11651, 3, 3 
1474, 3, 3 
32137, 3, 3 
11002, 3, 3 
22598, 3, 3 
8447, 3, 3 
7497, 3, 3 
29763, 3, 3 
7982, 3, 3 
22413, 3, 3 
36180, 3, 3 
53209, 3, 3 
17386, 3, 3 
20344, 3, 3 
14028, 3, 3 
54008, 3, 3 
50940, 3, 3 
8884, 3, 3 
32371, 3, 3 
31680, 3, 3 
42117, 3, 3 
50340, 3, 3 
45786, 3, 3 
16689, 3, 3 
10423, 3, 3 
33208, 3, 3 
47587, 3, 3 
22126, 3, 3 
30673, 3, 3 
17320, 3, 3 
51987, 3, 3 
19250, 3, 3 
10405, 3, 3 
1698, 3, 3 
12998, 3, 3 
15774, 3, 3 
48480, 3, 3 
26324, 3, 3 
23796, 3, 3 
47059, 3, 3 
14107, 3, 3 
57766, 3, 3 
19739, 3, 3 
11618, 3, 3 
32275, 3, 3 
2228, 3, 3 
21092, 3, 3 
16793, 3, 3 
40904, 3, 3 
37959, 3, 3 
28458, 3, 3 
28957, 3, 3 
54107, 3, 3 
55257, 3, 3 
45005, 3, 3 
38529, 3, 3 
22417, 3, 3 
34832, 3, 3 
16708, 3, 3 
5332, 3, 3 
8498, 3, 3 
57415, 3, 3 
19200, 3, 3 
26674, 3, 3 
21278, 3, 3 
31153, 3, 3 
17063, 3, 3 
20705, 3, 3 
13294, 3, 3 
37860, 3, 3 
29800, 3, 3 
24969, 3, 3 
24733, 3, 3 
52287, 3, 3 
35231, 3, 3 
17901, 3, 3 
55628, 3, 3 
11929, 3, 3 
15077, 3, 3 
25377, 3, 3 
7150, 3, 3 
59158, 3, 3 
18463, 3, 3 
57424, 3, 3 
23046, 3, 3 
20615, 3, 3 
34873, 3, 3 
15540, 3, 3 
13388, 3, 3 
8048, 3, 3 
57635, 3, 3 
24835, 3, 3 
43180, 3, 3 
30760, 3, 3 
574, 3, 3 
15639, 3, 3 
1677, 3, 3 
15210, 3, 3 
21853, 3, 3 
58660, 3, 3 
26505, 3, 3 
32588, 3, 3 
59870, 3, 3 
29506, 3, 3 
4073, 3, 3 
20989, 3, 3 
44034, 3, 3 
36216, 3, 3 
5970, 3, 3 
53158, 3, 3 
4250, 3, 3 
19821, 3, 3 
10453, 3, 3 
34793, 3, 3 
36449, 3, 3 
58183, 3, 3 
15261, 3, 3 
45774, 3, 3 
43967, 3, 3 
20616, 3, 3 
45601, 3, 3 
48164, 3, 3 
15793, 3, 3 
6516, 3, 3 
48065, 3, 3 
2834, 3, 3 
43762, 3, 3 
30251, 3, 3 
28303, 3, 3 
11232, 3, 3 
59643, 3, 3 
55947, 3, 3 
57312, 3, 3 
46548, 3, 3 
52035, 3, 3 
37821, 3, 3 
5190, 3, 3 
48579, 3, 3 
51260, 3, 3 
41267, 3, 3 
3754, 3, 3 
48386, 3, 3 
18004, 3, 3 
47643, 3, 3 
3740, 3, 3 
10666, 3, 3 
21370, 3, 3 
27987, 3, 3 
35550, 3, 3 
46157, 3, 3 
4632, 3, 3 
20326, 3, 3 
36048, 3, 3 
29675, 3, 3 
55028, 3, 3 
58257, 3, 3 
47872, 3, 3 
29289, 3, 3 
24635, 3, 3 
18252, 3, 3 
14450, 3, 3 
46427, 3, 3 
57833, 3, 3 
18939, 3, 3 
30949, 3, 3 
40384, 3, 3 
35801, 3, 3 
14619, 3, 3 
13161, 3, 3 
58853, 3, 3 
10360, 3, 3 
39329, 3, 3 
57750, 3, 3 
46681, 3, 3 
33896, 3, 3 
59904, 3, 3 
13740, 3, 3 
15372, 3, 3 
31913, 3, 3 
56820, 3, 3 
36803, 3, 3 
21606, 3, 3 
45477, 3, 3 
58268, 3, 3 
46350, 3, 3 
40892, 3, 3 
54910, 3, 3 
49627, 3, 3 
17371, 3, 3 
51471, 3, 3 
4735, 3, 3 
9180, 3, 3 
44058, 3, 3 
7046, 3, 3 
58955, 3, 3 
44567, 3, 3 
50565, 3, 3 
42951, 3, 3 
2669, 3, 3 
14588, 3, 3 
25993, 3, 3 
15477, 3, 3 
48917, 3, 3 
52432, 3, 3 
48794, 3, 3 
56585, 3, 3 
5270, 3, 3 
46815, 3, 3 
55470, 3, 3 
37355, 3, 3 
18924, 3, 3 
3651, 3, 3 
57207, 3, 3 
44388, 3, 3 
1799, 3, 3 
39619, 3, 3 
52679, 3, 3 
54797, 3, 3 
46674, 3, 3 
12307, 3, 3 
31988, 3, 3 
56823, 3, 3 
22906, 3, 3 
55705, 3, 3 
54972, 3, 3 
51376, 3, 3 
17409, 3, 3 
59529, 3, 3 
10518, 3, 3 
20685, 3, 3 
53889, 3, 3 
21458, 3, 3 
26651, 3, 3 
21559, 3, 3 
59328, 3, 3 
20329, 3, 3 
45850, 3, 3 
17341, 3, 3 
40572, 3, 3 
32827, 3, 3 
51613, 3, 3 
47678, 3, 3 
41225, 3, 3 
59092, 3, 3 
24219, 3, 3 
3614, 3, 3 
18735, 3, 3 
19075, 3, 3 
22835, 3, 3 
10424, 3, 3 
21726, 3, 3 
23298, 3, 3 
26208, 3, 3 
47225, 3, 3 
45911, 3, 3 
10635, 3, 3 
1756, 3, 3 
57399, 3, 3 
5412, 3, 3 
28626, 3, 3 
48700, 3, 3 
53075, 3, 3 
24142, 3, 3 
42343, 3, 3 
41720, 3, 3 
27690, 3, 3 
34712, 3, 3 
12506, 3, 3 
17745, 3, 3 
19803, 3, 3 
45000, 3, 3 
11039, 3, 8 
37197, 3, 3 
55737, 3, 3 
46246, 3, 3 
18390, 3, 3 
22477, 3, 3 
2128, 3, 3 
43962, 3, 3 
45747, 3, 3 
32434, 3, 3 
49589, 3, 3 
31515, 3, 3 
55592, 3, 3 
50603, 3, 3 
33049, 3, 3 
867, 3, 3 
22092, 3, 3 
16861, 3, 3 
19110, 3, 3 
50000, 3, 3 
20423, 3, 3 
35248, 3, 3 
58664, 3, 3 
34644, 3, 3 
39595, 3, 3 
57522, 3, 3 
51534, 3, 3 
6007, 3, 3 
42758, 3, 3 
7332, 3, 3 
49789, 3, 3 
35381, 3, 3 
7031, 3, 3 
49297, 3, 3 
38341, 3, 3 
15031, 3, 3 
8524, 3, 3 
20213, 3, 3 
31032, 3, 3 
3969, 3, 3 
9294, 3, 3 
9779, 3, 3 
3591, 3, 3 
41053, 3, 3 
58654, 3, 3 
4335, 3, 3 
18739, 3, 3 
20220, 3, 3 
45758, 3, 3 
58946, 3, 3 
42508, 3, 3 
21946, 3, 3 
22863, 3, 3 
46702, 3, 3 
36287, 3, 3 
54073, 3, 3 
45408, 3, 3 
10900, 3, 3 
36458, 3, 3 
46228, 3, 3 
15872, 3, 3 
51871, 3, 3 
51101, 3, 3 
23344, 3, 3 
16502, 3, 3 
5831, 3, 3 
21221, 3, 3 
38167, 3, 3 
22825, 3, 3 
22049, 3, 3 
10155, 3, 3 
26711, 3, 3 
48770, 3, 3 
47821, 3, 3 
28613, 3, 3 
59350, 3, 3 
330, 3, 3 
53711, 3, 3 
32209, 3, 3 
10052, 3, 3 
35459, 3, 3 
13629, 3, 3 
19834, 3, 3 
29097, 3, 3 
57278, 3, 3 
28204, 3, 3 
10282, 3, 3 
1150, 3, 3 
9184, 3, 3 
18847, 3, 3 
22271, 3, 3 
32505, 3, 3 
46981, 3, 3 
8597, 3, 3 
2603, 3, 3 
11301, 3, 3 
13707, 3, 3 
33432, 3, 3 
29300, 3, 3 
57909, 3, 3 
5467, 3, 3 
21505, 3, 3 
13969, 3, 4 
36018, 3, 3 
38565, 3, 3 
459, 3, 3 
24787, 3, 3 
20631, 3, 3 
56297, 3, 3 
28653, 3, 3 
26419, 3, 3 
59630, 3, 3 
45400, 3, 3 
48702, 3, 3 
6350, 3, 3 
4681, 3, 3 
30591, 3, 3 
20728, 3, 3 
47520, 3, 3 
10097, 3, 3 
26154, 3, 3 
49938, 3, 3 
30377, 3, 3 
56849, 3, 3 
8254, 3, 3 
22708, 3, 3 
57856, 3, 3 
2964, 3, 3 
50330, 3, 3 
31722, 3, 3 
10826, 3, 3 
42477, 3, 3 
1119, 3, 3 
52936, 3, 3 
10031, 3, 3 
53493, 3, 3 
46279, 3, 3 
35379, 3, 3 
37082, 3, 3 
52464, 3, 3 
6069, 3, 3 
5942, 3, 3 
22999, 3, 3 
42902, 3, 3 
50131, 3, 3 
9140, 3, 3 
47352, 3, 3 
53325, 3, 3 
32811, 3, 3 
37786, 3, 3 
4238, 3, 3 
43775, 3, 3 
27316, 3, 3 
33594, 3, 3 
51543, 3, 3 
59282, 3, 3 
41648, 4, 4 
36342, 4, 4 
27221, 4, 4 
48710, 4, 4 
22697, 4, 4 
30180, 4, 4 
23269, 4, 4 
10191, 4, 4 
42519, 4, 4 
58164, 4, 4 
56190, 4, 4 
30316, 4, 4 
52919, 4, 4 
46352, 4, 4 
2801, 4, 4 
29538, 4, 4 
31549, 4, 4 
55087, 4, 4 
30447, 4, 4 
18726, 4, 4 
37712, 4, 4 
42357, 4, 4 
34205, 4, 4 
39218, 4, 4 
31378, 4, 4 
24432, 4, 4 
12058, 4, 4 
41913, 4, 4 
50419, 4, 4 
46731, 4, 4 
47826, 4, 4 
15876, 4, 4 
57011, 4, 4 
21181, 4, 4 
55687, 4, 4 
53602, 4, 4 
27014, 4, 4 
5982, 4, 4 
40600, 4, 4 
57585, 4, 4 
28860, 4, 4 
5590, 4, 4 
50005, 4, 4 
35418, 4, 4 
11916, 4, 4 
27315, 4, 4 
48957, 4, 4 
52007, 4, 4 
41192, 4, 4 
39339, 4, 4 
35866, 4, 4 
33064, 4, 4 
29593, 4, 4 
39667, 4, 4 
41921, 4, 4 
59055, 4, 4 
44842, 4, 4 
21076, 4, 4 
32384, 4, 4 
49843, 4, 4 
38375, 4, 4 
36190, 4, 4 
23135, 4, 4 
38822, 4, 4 
27782, 4, 4 
6218, 4, 4 
27365, 4, 4 
51026, 4, 4 
32037, 4, 4 
58496, 4, 4 
49206, 4, 4 
23596, 4, 4 
48903, 4, 4 
45219, 4, 4 
53546, 4, 4 
59809, 4, 4 
52704, 4, 4 
43709, 4, 4 
46894, 4, 4 
39529, 4, 4 
28124, 4, 4 
45485, 4, 4 
26897, 4, 4 
7854, 4, 4 
33894, 4, 4 
17868, 4, 4 
25353, 4, 4 
28996, 4, 4 
13507, 4, 4 
2742, 4, 4 
13968, 4, 4 
33347, 4, 4 
24262, 4, 4 
54158, 4, 4 
19076, 4, 4 
59367, 4, 4 
20529, 4, 4 
25856, 4, 4 
51515, 4, 4 
24590, 4, 4 
27056, 4, 4 
43295, 4, 4 
8215, 4, 4 
14981, 4, 4 
49479, 4, 4 
21057, 4, 4 
26137, 4, 4 
8270, 4, 4 
21517, 4, 4 
4035, 4, 4 
43375, 4, 4 
44544, 4, 4 
42952, 4, 4 
8412, 4, 4 
51114, 4, 4 
13441, 4, 4 
39963, 4, 4 
16314, 4, 4 
14788, 4, 4 
23587, 4, 4 
31006, 4, 4 
43274, 4, 4 
20620, 4, 4 
32310, 4, 4 
25894, 4, 4 
39809, 4, 4 
31025, 4, 4 
51820, 4, 4 
12675, 4, 4 
7551, 4, 4 
24543, 4, 4 
850, 4, 4 
30702, 4, 4 
33306, 4, 4 
17268, 4, 4 
32027, 4, 4 
24894, 4, 4 
20262, 4, 4 
36976, 4, 4 
31102, 4, 4 
10462, 4, 4 
16977, 4, 4 
30933, 4, 4 
2983, 4, 4 
23696, 4, 4 
40602, 4, 4 
45325, 4, 4 
12458, 4, 4 
38906, 4, 4 
18362, 4, 4 
57569, 4, 4 
12966, 4, 4 
52604, 4, 4 
22607, 4, 4 
18578, 4, 4 
24169, 4, 4 
17182, 4, 4 
10150, 4, 4 
29435, 4, 4 
21875, 4, 4 
13942, 4, 4 
35551, 4, 4 
49001, 4, 4 
23432, 4, 4 
31776, 4, 4 
13848, 4, 4 
24282, 4, 4 
28655, 4, 4 
5689, 4, 4 
43757, 4, 4 
1934, 4, 4 
52517, 4, 4 
18279, 4, 4 
36932, 4, 4 
26235, 4, 4 
18905, 4, 4 
55124, 4, 4 
8787, 4, 4 
29251, 4, 4 
58482, 4, 4 
21655, 4, 4 
4626, 4, 4 
22479, 4, 4 
57934, 4, 4 
21940, 4, 4 
18717, 4, 4 
10560, 4, 4 
34735, 4, 4 
11962, 4, 4 
35705, 4, 4 
56659, 4, 4 
44956, 4, 4 
27612, 4, 4 
27364, 4, 4 
19380, 4, 4 
20956, 4, 4 
35461, 4, 4 
21906, 4, 4 
42181, 4, 4 
5513, 4, 4 
30529, 4, 4 
15525, 4, 4 
37366, 4, 4 
26758, 4, 4 
54921, 4, 4 
33355, 4, 4 
12779, 4, 4 
27939, 4, 4 
21916, 4, 4 
127, 4, 4 
20197, 4, 4 
1172, 4, 4 
47532, 4, 4 
38630, 4, 4 
42078, 4, 4 
12396, 4, 4 
50216, 4, 4 
37616, 4, 4 
35926, 4, 4 
28442, 4, 4 
39514, 4, 4 
18637, 4, 4 
57712, 4, 4 
51374, 4, 4 
30327, 4, 4 
3708, 4, 4 
4386, 4, 4 
15784, 4, 4 
59434, 4, 4 
56825, 4, 4 
41528, 4, 4 
47001, 4, 4 
46325, 4, 4 
59232, 4, 4 
1628, 4, 4 
35884, 4, 4 
10571, 4, 4 
35263, 4, 4 
32802, 4, 4 
28128, 4, 4 
59159, 4, 4 
56477, 4, 4 
42553, 4, 4 
11495, 4, 4 
10467, 4, 4 
51625, 4, 4 
32124, 4, 4 
22676, 4, 4 
25279, 4, 4 
40573, 4, 4 
40081, 4, 4 
43740, 4, 4 
54149, 4, 4 
4959, 4, 4 
23623, 4, 4 
23913, 4, 4 
17451, 4, 4 
11424, 4, 4 
13714, 4, 4 
14018, 4, 4 
54588, 4, 4 
40450, 4, 4 
10758, 4, 4 
39341, 4, 4 
15735, 4, 4 
36097, 4, 4 
12763, 4, 4 
57111, 4, 4 
14781, 4, 4 
47070, 4, 4 
46038, 4, 4 
50636, 4, 4 
30815, 4, 4 
26864, 4, 4 
52024, 4, 4 
23103, 4, 4 
28493, 4, 4 
25772, 4, 4 
13458, 4, 4 
48393, 4, 4 
16431, 4, 4 
17922, 4, 4 
36552, 4, 4 
26074, 4, 4 
28610, 4, 4 
23339, 4, 4 
37899, 4, 4 
1633, 4, 4 
41804, 4, 4 
53856, 4, 4 
21988, 4, 4 
58478, 4, 4 
57873, 4, 4 
12795, 4, 4 
33626, 4, 4 
49850, 4, 4 
54778, 4, 4 
44977, 4, 4 
43947, 4, 4 
18512, 4, 4 
11343, 4, 4 
10331, 4, 4 
1508, 4, 4 
54521, 4, 4 
3639, 4, 4 
10918, 4, 4 
18223, 4, 4 
47607, 4, 4 
50069, 4, 4 
25197, 4, 4 
58319, 4, 4 
9436, 4, 4 
30876, 4, 4 
26217, 4, 4 
55948, 4, 4 
39128, 4, 4 
58037, 4, 4 
12948, 4, 4 
1576, 4, 4 
7526, 4, 4 
17749, 4, 4 
26435, 4, 4 
32448, 4, 4 
34468, 4, 4 
15622, 4, 4 
30613, 4, 4 
54991, 4, 4 
4436, 4, 4 
16593, 4, 4 
29600, 4, 4 
54748, 4, 4 
33900, 4, 4 
9741, 4, 4 
22409, 4, 4 
3290, 4, 4 
11598, 4, 4 
41977, 4, 4 
9046, 4, 4 
36151, 4, 4 
39743, 4, 4 
30134, 4, 4 
16600, 4, 4 
49480, 4, 4 
41886, 4, 4 
33195, 4, 4 
13520, 4, 4 
52589, 4, 4 
52308, 4, 4 
39396, 4, 4 
25811, 4, 4 
48928, 4, 4 
53411, 4, 4 
7560, 4, 4 
54427, 4, 4 
16448, 4, 4 
59312, 4, 4 
36226, 4, 4 
59465, 4, 4 
50616, 4, 4 
48120, 4, 4 
6469, 4, 4 
15298, 4, 4 
3217, 4, 4 
40523, 4, 4 
17357, 4, 4 
19055, 4, 4 
21491, 4, 4 
58712, 4, 4 
34572, 4, 4 
9431, 4, 4 
44459, 4, 4 
31858, 4, 4 
8874, 4, 4 
52140, 4, 4 
47029, 4, 4 
53378, 4, 4 
50917, 4, 4 
914, 4, 4 
569, 4, 4 
9145, 4, 4 
7011, 4, 4 
53384, 4, 4 
3436, 4, 4 
58436, 4, 4 
31632, 4, 4 
4102, 4, 4 
23999, 4, 4 
15521, 4, 4 
38296, 4, 4 
57370, 4, 4 
22276, 4, 4 
43819, 4, 4 
14440, 4, 4 
57965, 4, 4 
5720, 4, 4 
8539, 4, 4 
49398, 4, 4 
36222, 4, 4 
40025, 4, 4 
2036, 4, 4 
9513, 4, 4 
4789, 4, 4 
6127, 4, 4 
19378, 4, 4 
57417, 4, 4 
20835, 4, 4 
43657, 4, 4 
23406, 4, 4 
20995, 4, 4 
37372, 4, 4 
47814, 4, 4 
17321, 4, 4 
12227, 4, 4 
21867, 4, 4 
58066, 4, 4 
21846, 4, 4 
14064, 4, 4 
38072, 4, 4 
20297, 4, 4 
28823, 4, 4 
54801, 4, 4 
55944, 4, 4 
9116, 4, 4 
15866, 4, 4 
47252, 4, 4 
21417, 4, 4 
52708, 4, 4 
56758, 4, 4 
33106, 4, 4 
48953, 4, 4 
25790, 4, 4 
31517, 4, 4 
40672, 4, 4 
26618, 4, 4 
28614, 4, 4 
18233, 4, 4 
46843, 4, 4 
22394, 4, 4 
42346, 4, 4 
37826, 4, 4 
3459, 4, 4 
43626, 4, 4 
1541, 4, 4 
14432, 4, 4 
44190, 4, 4 
37815, 4, 4 
52642, 4, 4 
2224, 4, 4 
2294, 4, 4 
9137, 4, 4 
39046, 4, 4 
19044, 4, 4 
35319, 4, 4 
31994, 4, 4 
40621, 4, 4 
20236, 4, 4 
51351, 4, 4 
18385, 4, 4 
25100, 4, 4 
1545, 4, 4 
25878, 4, 4 
5735, 4, 4 
19217, 4, 4 
39791, 4, 4 
23644, 4, 4 
51652, 4, 4 
23393, 4, 4 
28373, 4, 4 
5324, 4, 4 
36940, 4, 4 
47379, 4, 4 
39110, 4, 4 
59608, 4, 4 
16625, 4, 4 
44013, 4, 4 
4379, 4, 4 
29467, 4, 4 
29252, 4, 4 
37171, 4, 4 
49542, 4, 4 
54379, 4, 4 
42471, 4, 4 
19923, 4, 4 
7343, 4, 4 
43732, 4, 4 
53439, 4, 4 
48785, 4, 4 
50937, 4, 4 
897, 4, 4 
222, 4, 4 
12731, 4, 4 
9585, 4, 4 
5085, 4, 4 
11005, 4, 4 
4125, 4, 4 
57114, 4, 4 
8333, 4, 4 
14715, 4, 4 
9189, 4, 4 
47285, 4, 4 
53200, 5, 5 
20381, 5, 5 
47846, 5, 5 
30197, 5, 5 
59960, 5, 5 
48705, 5, 5 
37842, 5, 5 
12269, 5, 5 
27778, 5, 5 
41509, 5, 5 
38726, 5, 5 
42687, 5, 5 
36812, 5, 5 
14054, 5, 5 
32547, 5, 5 
36354, 5, 5 
10451, 5, 5 
239, 5, 5 
51551, 5, 5 
37438, 5, 5 
46149, 5, 5 
8624, 5, 5 
3527, 5, 5 
46829, 5, 5 
39946, 5, 5 
15085, 5, 5 
15558, 5, 5 
40669, 5, 5 
26229, 5, 5 
42660, 5, 5 
55060, 5, 5 
26517, 5, 5 
20804, 5, 5 
4885, 5, 5 
23544, 5, 5 
14435, 5, 5 
43308, 5, 5 
51821, 5, 5 
56725, 5, 5 
10092, 5, 5 
45250, 5, 5 
58834, 5, 5 
51874, 5, 5 
59136, 5, 5 
32217, 5, 5 
9340, 5, 5 
13248, 5, 5 
35784, 5, 5 
27576, 5, 5 
9009, 5, 5 
55164, 5, 5 
15024, 5, 5 
7193, 5, 5 
18083, 5, 5 
25177, 5, 5 
24421, 5, 5 
10255, 5, 5 
19945, 5, 5 
4908, 5, 5 
57269, 5, 5 
27263, 5, 5 
48572, 5, 5 
8056, 5, 5 
56804, 5, 5 
59538, 5, 5 
48872, 5, 5 
50570, 5, 5 
8766, 5, 5 
14485, 5, 5 
463, 5, 5 
53795, 5, 5 
20093, 5, 5 
22819, 5, 5 
40654, 5, 5 
7900, 5, 5 
53275, 5, 5 
57566, 5, 5 
37086, 5, 5 
29525, 5, 5 
7133, 5, 5 
36722, 5, 5 
21749, 5, 5 
39253, 5, 5 
26736, 5, 5 
15830, 5, 5 
34965, 5, 5 
44003, 5, 5 
38038, 5, 5 
5456, 5, 5 
33046, 5, 5 
20815, 5, 5 
2209, 5, 5 
17338, 5, 5 
9376, 5, 5 
42414, 5, 5 
14828, 5, 5 
36885, 5, 5 
4184, 5, 5 
23981, 5, 5 
44621, 5, 5 
19590, 5, 5 
13749, 5, 5 
54562, 5, 5 
54483, 5, 5 
45282, 5, 5 
3025, 5, 5 
7475, 5, 5 
42889, 5, 5 
1806, 5, 5 
49141, 5, 5 
2713, 5, 5 
22867, 5, 5 
59676, 5, 5 
537, 5, 5 
45452, 5, 5 
47208, 5, 5 
41582, 5, 5 
54230, 5, 5 
36207, 5, 5 
59956, 5, 5 
53024, 5, 5 
35214, 5, 5 
31211, 5, 5 
28886, 5, 5 
28491, 5, 5 
35864, 5, 5 
19775, 5, 5 
6188, 5, 5 
54470, 5, 5 
24317, 5, 5 
48564, 5, 5 
23324, 5, 5 
52284, 5, 5 
2182, 5, 5 
26313, 5, 5 
57610, 5, 5 
46060, 5, 5 
58688, 5, 5 
12146, 5, 5 
18968, 5, 5 
15066, 5, 5 
33245, 5, 5 
46597, 5, 5 
47256, 5, 5 
38773, 5, 5 
13253, 5, 5 
44928, 5, 5 
20246, 5, 5 
31031, 5, 5 
11776, 5, 5 
17680, 5, 5 
33968, 5, 5 
53316, 5, 5 
44964, 5, 5 
37830, 5, 5 
19862, 5, 5 
2268, 5, 5 
36366, 5, 5 
19870, 5, 5 
30983, 5, 5 
7044, 5, 5 
58145, 5, 5 
53114, 5, 5 
55795, 5, 5 
30371, 5, 5 
39271, 5, 5 
39335, 5, 5 
39765, 5, 5 
6504, 5, 5 
21548, 5, 5 
23146, 5, 5 
44804, 5, 5 
4177, 5, 5 
57480, 5, 5 
14933, 5, 5 
55463, 5, 5 
51562, 5, 5 
2515, 5, 5 
54577, 5, 5 
23200, 5, 5 
35207, 5, 5 
53433, 5, 5 
10958, 5, 5 
17981, 5, 5 
29404, 5, 5 
34463, 5, 5 
25158, 5, 5 
4739, 5, 5 
23123, 5, 5 
57805, 5, 5 
9858, 5, 5 
25711, 5, 5 
30217, 5, 5 
14673, 5, 5 
47526, 5, 5 
53759, 5, 5 
29748, 5, 5 
54142, 5, 5 
14204, 5, 5 
11590, 5, 5 
24820, 5, 5 
39780, 5, 5 
49568, 5, 5 
12572, 5, 5 
21093, 5, 5 
51050, 5, 5 
53796, 5, 5 
32198, 5, 5 
132, 5, 5 
51731, 5, 5 
56517, 5, 5 
54246, 5, 5 
2120, 5, 5 
40623, 5, 5 
23633, 5, 5 
49202, 5, 5 
10498, 5, 5 
21210, 5, 5 
9138, 5, 5 
40291, 5, 5 
56630, 5, 5 
3419, 5, 5 
58419, 5, 5 
22101, 5, 5 
52347, 5, 5 
52947, 5, 5 
16126, 5, 5 
25096, 5, 5 
49445, 5, 5 
59576, 5, 5 
38073, 5, 5 
970, 5, 5 
15676, 5, 5 
1356, 5, 5 
37300, 5, 5 
43603, 5, 5 
22156, 5, 5 
32488, 5, 5 
33494, 5, 5 
48847, 5, 5 
32616, 5, 5 
15685, 5, 5 
4017, 5, 5 
18018, 5, 5 
31946, 5, 5 
37448, 5, 5 
25203, 5, 5 
39831, 5, 5 
31149, 5, 5 
8945, 5, 5 
8023, 5, 5 
27921, 5, 5 
41970, 5, 5 
9232, 5, 5 
9326, 5, 5 
42244, 5, 5 
16980, 5, 5 
10258, 5, 5 
14143, 5, 5 
14894, 5, 5 
960, 5, 5 
42955, 5, 5 
34274, 5, 5 
44662, 5, 5 
43936, 5, 5 
16446, 5, 4 
52962, 5, 5 
38362, 5, 5 
32788, 5, 5 
47591, 5, 5 
29155, 5, 5 
11055, 5, 5 
33044, 5, 5 
45512, 5, 5 
21439, 5, 5 
8646, 5, 5 
47629, 5, 5 
27317, 5, 5 
32684, 5, 5 
14096, 5, 5 
39409, 5, 5 
57383, 5, 5 
46418, 5, 5 
16671, 5, 5 
53100, 5, 5 
26368, 5, 5 
42436, 5, 5 
59459, 5, 5 
44802, 5, 5 
33903, 5, 5 
6749, 5, 5 
38533, 5, 5 
39965, 5, 5 
10811, 5, 5 
45263, 5, 5 
2549, 5, 5 
14672, 5, 5 
36153, 5, 5 
10401, 5, 5 
33220, 5, 5 
6981, 5, 5 
50675, 5, 5 
16095, 5, 5 
16112, 5, 5 
49992, 5, 5 
29197, 5, 5 
52529, 5, 5 
14955, 5, 5 
18495, 5, 5 
42554, 5, 5 
29344, 5, 5 
8010, 5, 5 
15232, 5, 5 
15791, 5, 5 
15800, 5, 5 
33324, 5, 5 
19306, 5, 5 
40434, 5, 5 
59546, 5, 5 
23925, 5, 5 
34581, 5, 5 
49950, 5, 5 
26017, 5, 5 
21489, 5, 5 
17610, 5, 5 
25623, 5, 5 
23668, 5, 5 
8668, 5, 5 
35274, 5, 5 
34370, 5, 5 
14867, 5, 5 
41498, 5, 5 
50301, 5, 5 
21227, 5, 5 
52826, 5, 5 
6217, 5, 5 
2330, 5, 5 
34674, 5, 5 
49253, 5, 5 
23514, 5, 5 
32943, 5, 5 
9205, 5, 5 
20668, 5, 5 
17446, 5, 5 
56663, 5, 5 
58119, 5, 5 
8183, 5, 5 
58633, 5, 5 
16242, 5, 5 
46366, 5, 5 
41887, 5, 5 
21583, 5, 5 
15069, 5, 5 
18808, 5, 5 
3648, 5, 5 
37031, 5, 5 
53356, 5, 5 
55498, 5, 5 
11477, 5, 5 
9607, 5, 5 
32822, 5, 5 
7583, 5, 5 
51251, 5, 5 
18440, 5, 5 
10280, 5, 5 
42511, 5, 5 
35903, 5, 5 
47920, 5, 5 
6671, 5, 5 
43523, 5, 5 
58471, 5, 5 
56695, 5, 5 
10961, 5, 5 
46999, 5, 5 
3752, 5, 5 
37413, 5, 5 
396, 5, 5 
20101, 5, 5 
48143, 5, 5 
59662, 5, 5 
21588, 5, 5 
54566, 5, 5 
45261, 5, 5 
18151, 5, 5 
22704, 5, 5 
21956, 5, 5 
11980, 5, 5 
5685, 5, 5 
5254, 5, 5 
16400, 5, 5 
27471, 5, 5 
14213, 5, 5 
36381, 5, 5 
57853, 5, 5 
18090, 5, 5 
6276, 5, 5 
31520, 5, 5 
12695, 5, 5 
34002, 5, 5 
35057, 5, 5 
40154, 5, 5 
19589, 5, 5 
1039, 5, 5 
24773, 5, 5 
21519, 5, 5 
41258, 5, 5 
43651, 5, 5 
23783, 5, 5 
22428, 5, 5 
54934, 5, 5 
35369, 5, 5 
46544, 5, 5 
16406, 5, 5 
775, 5, 5 
36989, 5, 5 
18329, 5, 5 
916, 5, 5 
244, 5, 5 
49581, 5, 5 
45166, 5, 5 
19610, 5, 5 
437, 5, 5 
21873, 5, 5 
27668, 5, 5 
55225, 5, 5 
48856, 5, 5 
48469, 5, 5 
4961, 5, 5 
29174, 5, 5 
40511, 5, 5 
32697, 5, 5 
51380, 5, 5 
40182, 5, 5 
9170, 5, 5 
56935, 5, 5 
41957, 5, 5 
22015, 5, 5 
16310, 5, 5 
12688, 5, 5 
2037, 5, 5 
13699, 5, 5 
523, 5, 5 
54598, 5, 5 
59368, 5, 5 
26062, 5, 5 
47020, 5, 5 
25315, 5, 5 
6086, 5, 5 
37717, 5, 5 
4171, 5, 5 
47641, 5, 5 
17468, 5, 5 
13328, 5, 5 
11500, 5, 5 
49270, 5, 5 
19533, 5, 5 
18364, 5, 5 
39158, 5, 5 
31687, 5, 5 
47468, 5, 5 
42046, 5, 5 
52792, 5, 5 
2287, 5, 5 
19001, 5, 5 
25580, 5, 5 
55672, 5, 5 
42698, 5, 5 
9259, 5, 5 
26637, 5, 5 
23690, 5, 5 
45716, 5, 5 
30714, 5, 5 
42910, 5, 5 
8789, 5, 5 
6370, 5, 5 
44554, 5, 5 
1524, 5, 5 
11785, 5, 5 
23746, 5, 5 
49527, 5, 5 
1089, 5, 5 
30980, 5, 5 
8263, 5, 5 
8975, 5, 5 
29150, 5, 5 
1577, 5, 5 
41523, 5, 5 
54928, 5, 5 
42604, 5, 5 
55602, 5, 5 
2266, 5, 5 
34148, 5, 5 
34602, 5, 5 
3118, 5, 5 
31186, 5, 5 
33138, 5, 5 
22275, 5, 5 
10884, 5, 5 
46805, 5, 5 
44713, 5, 5 
40541, 6, 6 
29793, 6, 6 
57691, 6, 6 
30332, 6, 4 
12685, 6, 6 
20927, 6, 6 
29015, 6, 6 
3387, 6, 6 
50266, 6, 6 
33272, 6, 6 
32111, 6, 6 
5374, 6, 6 
52504, 6, 6 
46684, 6, 6 
15995, 6, 6 
28639, 6, 6 
42921, 6, 6 
11571, 6, 6 
25614, 6, 6 
44655, 6, 6 
8357, 6, 6 
47014, 6, 6 
9202, 6, 6 
9577, 6, 6 
37228, 6, 6 
9244, 6, 6 
51370, 6, 6 
7598, 6, 6 
27266, 6, 6 
2930, 6, 6 
51055, 6, 6 
26347, 6, 6 
48918, 6, 6 
50836, 6, 6 
4337, 6, 6 
57994, 6, 6 
26101, 6, 6 
42072, 6, 6 
59853, 6, 6 
49173, 6, 6 
38258, 6, 6 
35627, 6, 6 
20136, 6, 6 
30114, 6, 6 
19503, 6, 6 
59907, 6, 6 
3577, 6, 6 
38925, 6, 6 
45635, 6, 6 
41134, 6, 6 
1707, 6, 6 
46626, 6, 6 
38176, 6, 6 
24611, 6, 6 
16668, 6, 6 
3700, 6, 6 
53422, 6, 6 
59039, 6, 6 
14784, 6, 6 
35377, 6, 6 
15641, 6, 6 
49769, 6, 6 
26483, 6, 6 
28440, 6, 6 
21195, 6, 6 
20855, 6, 6 
43396, 6, 6 
54907, 6, 6 
31859, 6, 6 
39475, 6, 6 
8191, 6, 6 
12090, 6, 6 
33886, 6, 6 
47509, 6, 6 
40475, 6, 6 
48792, 6, 6 
12728, 6, 6 
30632, 6, 6 
13912, 6, 4 
51965, 6, 6 
48152, 6, 6 
27175, 6, 6 
34059, 6, 6 
33728, 6, 6 
5274, 6, 6 
24157, 6, 6 
55615, 6, 6 
10298, 6, 6 
36769, 6, 4 
53228, 6, 6 
59431, 6, 6 
22157, 6, 6 
25593, 6, 6 
13995, 6, 6 
44735, 6, 6 
5451, 6, 6 
59744, 6, 6 
13941, 6, 6 
31289, 6, 4 
12068, 6, 6 
8792, 6, 6 
218, 6, 6 
8282, 6, 6 
30338, 6, 6 
37173, 6, 6 
38721, 6, 6 
45686, 6, 6 
55943, 6, 6 
59310, 6, 6 
28756, 6, 6 
28152, 6, 6 
9556, 6, 6 
32817, 6, 6 
6727, 6, 6 
25795, 6, 6 
31204, 6, 6 
43320, 6, 6 
1190, 6, 6 
25777, 6, 6 
8352, 6, 6 
27306, 6, 6 
18144, 6, 6 
58798, 6, 6 
30716, 6, 6 
10540, 6, 6 
31909, 6, 6 
26019, 6, 6 
30387, 6, 6 
32932, 6, 6 
59008, 6, 6 
42600, 6, 6 
37334, 6, 6 
23453, 6, 6 
21311, 6, 6 
498, 6, 6 
14952, 6, 6 
18149, 6, 6 
11731, 6, 6 
17546, 6, 6 
44238, 6, 6 
17120, 6, 6 
3046, 6, 6 
26874, 6, 6 
36590, 6, 6 
34198, 6, 6 
13858, 6, 6 
1350, 6, 6 
17004, 6, 6 
57463, 6, 6 
57226, 6, 6 
23594, 6, 6 
8225, 6, 6 
35385, 6, 6 
8009, 6, 6 
47239, 6, 6 
47943, 6, 6 
46440, 6, 6 
23421, 6, 6 
30576, 6, 6 
20782, 6, 6 
59998, 6, 6 
19984, 6, 6 
45609, 6, 6 
38104, 6, 6 
22609, 6, 6 
59359, 6, 6 
27842, 6, 6 
39466, 6, 6 
32325, 6, 6 
16378, 6, 6 
46205, 6, 6 
14265, 6, 6 
36259, 6, 6 
56022, 6, 6 
43505, 6, 6 
24453, 6, 6 
40492, 6, 6 
31654, 6, 6 
28602, 6, 6 
22681, 6, 6 
13737, 6, 6 
49505, 6, 6 
25753, 6, 6 
39164, 6, 6 
17426, 6, 6 
51481, 6, 6 
52420, 6, 6 
8290, 6, 6 
28397, 6, 6 
57807, 6, 6 
19208, 6, 6 
15924, 6, 6 
8417, 6, 6 
27669, 6, 6 
43063, 6, 6 
11386, 6, 6 
6567, 6, 6 
15687, 6, 6 
22806, 6, 6 
11132, 6, 6 
32803, 6, 6 
9281, 6, 6 
54539, 6, 6 
20503, 6, 6 
37859, 6, 6 
19384, 6, 6 
31577, 6, 6 
47260, 6, 6 
43348, 6, 6 
22909, 6, 6 
6796, 6, 6 
3814, 6, 6 
24592, 6, 6 
27769, 6, 6 
25047, 6, 6 
1506, 6, 6 
53481, 6, 6 
29327, 6, 6 
19563, 6, 6 
20152, 6, 6 
9997, 6, 6 
973, 6, 6 
49659, 6, 6 
32464, 6, 6 
52918, 6, 6 
47179, 6, 6 
58345, 6, 6 
45478, 6, 6 
53818, 6, 6 
1562, 6, 6 
33929, 6, 6 
48857, 6, 6 
28591, 6, 6 
30788, 6, 6 
19723, 6, 6 
37831, 6, 6 
48744, 6, 6 
18096, 6, 6 
47694, 6, 6 
50551, 6, 6 
35684, 6, 6 
10553, 6, 6 
56421, 6, 6 
52426, 6, 6 
1520, 6, 6 
55135, 6, 6 
20781, 6, 6 
15526, 6, 6 
50666, 6, 6 
52859, 6, 6 
36363, 6, 6 
10910, 6, 6 
16841, 6, 6 
40139, 6, 6 
22449, 6, 6 
3454, 6, 6 
15320, 6, 6 
6313, 6, 6 
30314, 6, 6 
31152, 6, 6 
16245, 6, 6 
56718, 6, 6 
53969, 6, 6 
38474, 6, 6 
3960, 6, 6 
33034, 6, 6 
21808, 6, 6 
25351, 6, 6 
5179, 6, 6 
28966, 6, 6 
44817, 6, 6 
9120, 6, 6 
33159, 6, 6 
31491, 6, 6 
27536, 6, 6 
42905, 6, 6 
54646, 6, 6 
20324, 6, 6 
39677, 6, 6 
10843, 6, 6 
39112, 6, 6 
4702, 6, 6 
881, 6, 6 
10793, 6, 6 
19382, 6, 6 
33040, 6, 6 
30820, 6, 6 
44722, 6, 6 
23072, 6, 6 
34698, 6, 6 
49026, 6, 6 
21103, 6, 6 
23450, 6, 6 
59029, 6, 6 
7867, 6, 6 
5962, 6, 6 
11803, 6, 6 
43655, 6, 6 
45846, 6, 6 
25730, 6, 6 
56693, 6, 6 
29362, 6, 6 
6013, 6, 6 
56520, 6, 6 
53652, 6, 6 
20704, 6, 6 
57881, 6, 6 
57519, 6, 6 
44258, 6, 6 
34915, 6, 6 
42689, 6, 6 
6024, 6, 6 
31342, 6, 6 
29835, 6, 6 
35564, 6, 6 
51075, 6, 6 
52908, 6, 6 
13813, 6, 6 
33927, 6, 6 
42253, 6, 6 
36636, 6, 6 
22654, 6, 6 
55565, 6, 6 
28741, 6, 6 
48760, 6, 6 
9460, 6, 6 
16255, 6, 6 
15404, 6, 6 
34492, 6, 6 
38876, 6, 6 
19617, 6, 6 
5877, 6, 6 
51069, 6, 6 
10271, 6, 6 
15951, 6, 6 
11466, 6, 6 
2487, 6, 6 
8829, 6, 6 
35664, 6, 6 
43940, 6, 6 
1297, 6, 6 
56519, 6, 6 
11730, 6, 6 
50865, 6, 6 
565, 6, 6 
18220, 6, 6 
28320, 6, 6 
41676, 6, 6 
35419, 6, 6 
15565, 6, 6 
16207, 6, 6 
15257, 6, 6 
14083, 6, 6 
56179, 6, 6 
52837, 6, 6 
13846, 6, 6 
8726, 6, 6 
31228, 6, 6 
30279, 6, 6 
20775, 6, 6 
810, 6, 6 
53775, 6, 6 
13427, 6, 6 
37990, 6, 6 
35768, 6, 6 
7972, 6, 6 
1830, 6, 6 
47084, 6, 6 
12528, 6, 6 
6387, 6, 4 
34703, 6, 6 
22962, 6, 6 
35868, 6, 6 
43305, 6, 6 
27799, 6, 6 
35810, 6, 6 
27890, 6, 6 
13468, 6, 6 
27981, 6, 6 
45949, 6, 6 
40491, 6, 6 
7880, 6, 6 
9635, 6, 6 
4402, 6, 6 
38730, 6, 6 
6837, 6, 6 
23244, 6, 6 
43399, 6, 6 
56918, 6, 6 
49216, 6, 6 
21392, 6, 6 
40271, 6, 6 
30345, 6, 6 
16666, 6, 6 
35918, 6, 6 
21995, 6, 6 
38393, 6, 6 
46411, 6, 6 
50104, 6, 6 
52212, 6, 6 
24023, 6, 6 
48591, 6, 6 
25142, 6, 6 
2913, 6, 6 
37576, 6, 6 
11307, 6, 6 
47045, 6, 6 
55307, 6, 6 
45856, 6, 6 
5721, 6, 6 
9068, 6, 6 
24871, 6, 6 
3520, 6, 6 
15303, 6, 6 
48507, 6, 6 
38028, 6, 6 
9828, 6, 6 
9872, 6, 6 
16349, 6, 6 
25338, 6, 6 
623, 6, 4 
18911, 6, 6 
40979, 6, 6 
6670, 6, 6 
45447, 6, 6 
24609, 6, 6 
2533, 6, 6 
55760, 6, 6 
16889, 6, 6 
31924, 6, 6 
37451, 6, 6 
24003, 6, 6 
19624, 6, 6 
46392, 6, 6 
299, 6, 6 
31898, 6, 6 
39679, 6, 6 
42409, 6, 6 
41517, 6, 6 
35729, 6, 6 
36792, 6, 6 
27962, 6, 6 
8500, 6, 6 
16161, 6, 6 
986, 6, 6 
15620, 6, 6 
33100, 6, 6 
53840, 6, 6 
53472, 6, 6 
9325, 6, 6 
14400, 6, 6 
42075, 6, 6 
5632, 6, 6 
58111, 6, 6 
10976, 6, 6 
8797, 6, 6 
55660, 6, 6 
50509, 6, 6 
32312, 6, 6 
49960, 6, 4 
20272, 6, 6 
47584, 6, 6 
22936, 6, 6 
47437, 6, 6 
44319, 6, 6 
26285, 6, 6 
25992, 6, 6 
49344, 6, 6 
958, 6, 6 
33595, 6, 6 
8685, 6, 6 
41659, 6, 6 
52066, 6, 6 
4059, 6, 6 
4586, 6, 6 
50275, 6, 6 
45241, 6, 6 
26633, 6, 6 
44201, 6, 6 
8478, 6, 6 
20416, 6, 6 
51354, 6, 6 
27217, 6, 6 
3036, 6, 6 
33474, 6, 6 
33560, 6, 6 
12393, 6, 6 
22709, 6, 6 
13593, 6, 6 
56162, 6, 6 
7937, 6, 6 
36254, 6, 6 
35470, 6, 6 
33604, 6, 6 
34271, 6, 6 
431, 6, 6 
6807, 6, 6 
22872, 6, 6 
3449, 6, 6 
40527, 6, 6 
3349, 7, 7 
7913, 7, 7 
25511, 7, 7 
43087, 7, 7 
55409, 7, 7 
27756, 7, 7 
43528, 7, 7 
31331, 7, 7 
20318, 7, 7 
13802, 7, 7 
33913, 7, 7 
27061, 7, 7 
2238, 7, 7 
41479, 7, 7 
18843, 7, 7 
57066, 7, 7 
30433, 7, 7 
46260, 7, 7 
40018, 7, 7 
32195, 7, 7 
55266, 7, 7 
54065, 7, 7 
21159, 7, 7 
29423, 7, 7 
5976, 7, 7 
2118, 7, 7 
34702, 7, 7 
36352, 7, 7 
27199, 7, 7 
34229, 7, 7 
52147, 7, 7 
7605, 7, 7 
2007, 7, 7 
35518, 7, 7 
43222, 7, 7 
39371, 7, 7 
23909, 7, 7 
36140, 7, 7 
21624, 7, 7 
41788, 7, 7 
45835, 7, 7 
8804, 7, 7 
22651, 7, 7 
55425, 7, 7 
52705, 7, 7 
5821, 7, 7 
48105, 7, 7 
27950, 7, 7 
353, 7, 7 
48208, 7, 7 
22129, 7, 7 
41328, 7, 7 
45535, 7, 7 
1871, 7, 7 
58826, 7, 7 
31983, 7, 7 
30165, 7, 7 
39314, 7, 7 
27592, 7, 7 
18597, 7, 7 
6015, 7, 7 
5568, 7, 7 
41998, 7, 7 
48622, 7, 7 
2492, 7, 7 
12233, 7, 7 
35899, 7, 7 
38034, 7, 7 
27574, 7, 7 
15909, 7, 7 
34110, 7, 7 
46673, 7, 7 
48050, 7, 7 
52603, 7, 7 
56500, 7, 7 
56510, 7, 7 
10873, 7, 7 
2380, 7, 7 
54364, 7, 7 
11235, 7, 7 
4925, 7, 7 
38178, 7, 7 
40512, 7, 7 
25319, 7, 7 
16871, 7, 7 
5214, 7, 7 
28812, 7, 7 
32120, 7, 7 
27881, 7, 7 
49045, 7, 7 
58565, 7, 7 
12273, 7, 7 
35277, 7, 7 
32363, 7, 7 
1353, 7, 7 
50255, 7, 7 
42606, 7, 7 
9657, 7, 7 
47180, 7, 7 
50438, 7, 7 
30432, 7, 7 
5387, 7, 7 
3065, 7, 7 
18873, 7, 7 
11437, 7, 7 
10357, 7, 7 
51636, 7, 7 
10019, 7, 7 
51198, 7, 7 
11166, 7, 7 
39523, 7, 7 
29908, 7, 7 
20206, 7, 7 
51885, 7, 7 
59246, 7, 7 
23155, 7, 7 
38506, 7, 7 
51358, 7, 7 
28220, 7, 7 
42549, 7, 7 
44708, 7, 7 
46672, 7, 7 
948, 7, 7 
36365, 7, 7 
59767, 7, 7 
5089, 7, 7 
45188, 7, 7 
28930, 7, 7 
4888, 7, 7 
48053, 7, 7 
608, 7, 7 
48712, 7, 7 
24990, 7, 7 
13794, 7, 7 
18429, 7, 7 
5778, 7, 7 
12413, 7, 7 
18773, 7, 7 
25079, 7, 7 
12994, 7, 7 
24682, 7, 7 
7931, 7, 7 
4575, 7, 7 
11686, 7, 7 
24964, 7, 7 
28988, 7, 7 
23402, 7, 7 
56543, 7, 7 
26272, 7, 7 
13292, 7, 7 
16247, 7, 7 
40937, 7, 7 
7284, 7, 7 
17719, 7, 7 
51650, 7, 7 
20226, 7, 7 
56604, 7, 7 
20909, 7, 7 
35334, 7, 7 
53188, 7, 7 
3868, 7, 7 
14138, 7, 7 
1848, 7, 7 
14287, 7, 7 
17424, 7, 7 
50121, 7, 7 
40822, 7, 7 
19511, 7, 7 
15643, 7, 7 
45187, 7, 7 
7173, 7, 7 
9373, 7, 7 
3008, 7, 7 
18962, 7, 7 
57445, 7, 7 
53171, 7, 7 
23230, 7, 7 
47537, 7, 7 
8594, 7, 7 
37819, 7, 7 
17917, 7, 7 
40415, 7, 7 
32282, 7, 7 
23570, 7, 7 
2673, 7, 7 
11687, 7, 7 
29983, 7, 7 
37100, 7, 7 
52911, 7, 7 
23609, 7, 7 
10170, 7, 7 
20498, 7, 7 
25522, 7, 7 
56121, 7, 7 
42544, 7, 7 
21693, 7, 7 
52443, 7, 7 
58299, 7, 7 
46501, 7, 7 
3692, 7, 7 
44150, 7, 7 
52110, 7, 7 
30821, 7, 7 
46283, 7, 7 
22094, 7, 7 
17114, 7, 7 
59209, 7, 7 
28897, 7, 7 
22667, 7, 7 
11591, 7, 7 
17017, 7, 7 
5784, 7, 7 
58950, 7, 7 
28532, 7, 7 
42134, 7, 7 
23000, 7, 7 
14398, 7, 7 
52991, 7, 7 
22519, 7, 7 
13571, 7, 7 
32145, 7, 7 
23260, 7, 7 
28972, 7, 7 
30659, 7, 7 
33153, 7, 7 
51304, 7, 7 
8283, 7, 7 
21478, 7, 7 
5504, 7, 7 
48259, 7, 7 
11660, 7, 7 
1437, 7, 7 
12149, 7, 7 
9198, 7, 7 
16189, 7, 7 
5519, 7, 7 
46055, 7, 7 
11664, 7, 7 
11188, 7, 7 
11894, 7, 7 
37131, 7, 7 
37922, 7, 7 
7059, 7, 7 
52998, 7, 7 
44774, 7, 7 
22753, 7, 7 
24818, 7, 7 
15494, 7, 7 
8665, 7, 7 
22090, 7, 7 
48073, 7, 7 
23352, 7, 7 
5264, 7, 7 
17969, 7, 7 
1451, 7, 7 
24502, 7, 7 
55945, 7, 7 
4396, 7, 7 
58530, 7, 7 
51935, 7, 7 
18855, 7, 7 
44505, 7, 7 
18427, 7, 7 
28205, 7, 7 
45102, 7, 7 
42292, 7, 7 
20406, 7, 7 
40344, 7, 7 
51819, 7, 7 
49413, 7, 7 
49327, 7, 7 
42650, 7, 7 
56814, 7, 7 
34267, 7, 7 
50233, 7, 7 
29326, 7, 7 
58095, 7, 7 
422, 7, 7 
724, 7, 7 
12774, 7, 7 
59082, 7, 7 
14307, 7, 7 
27203, 7, 7 
58631, 7, 7 
56095, 7, 7 
14829, 7, 7 
38598, 7, 7 
57376, 7, 7 
23507, 7, 7 
57905, 7, 7 
19259, 7, 7 
35625, 7, 7 
38320, 7, 7 
962, 7, 7 
51279, 7, 7 
40524, 7, 7 
17380, 7, 7 
54734, 7, 7 
56439, 7, 7 
23686, 7, 7 
59285, 7, 7 
12628, 7, 7 
56058, 7, 7 
53858, 7, 7 
31423, 7, 7 
1347, 7, 7 
35871, 7, 7 
22057, 7, 7 
30286, 7, 7 
59842, 7, 7 
11642, 7, 7 
38076, 7, 7 
28443, 7, 7 
53612, 7, 7 
18472, 7, 7 
5575, 7, 7 
50868, 7, 7 
8375, 7, 7 
57851, 7, 7 
45548, 7, 7 
26854, 7, 7 
14622, 7, 7 
26894, 7, 7 
49356, 7, 7 
7795, 7, 7 
17659, 7, 7 
58485, 7, 7 
3795, 7, 7 
27497, 7, 7 
37960, 7, 7 
56482, 7, 7 
18322, 7, 7 
49635, 7, 7 
34088, 7, 7 
54152, 7, 7 
23551, 7, 7 
35316, 7, 7 
36823, 7, 7 
48098, 7, 7 
17486, 7, 7 
15721, 7, 7 
53441, 7, 7 
33627, 7, 7 
51162, 7, 7 
18784, 7, 7 
9502, 7, 7 
13638, 7, 7 
56077, 7, 7 
9724, 7, 7 
5347, 7, 7 
36188, 7, 7 
4338, 7, 7 
26026, 7, 7 
20921, 7, 7 
55431, 7, 7 
29, 7, 7 
17340, 7, 7 
7403, 7, 7 
36134, 7, 7 
32515, 7, 7 
17776, 7, 7 
12454, 7, 7 
15168, 7, 7 
52964, 7, 7 
22381, 7, 7 
36069, 7, 7 
29412, 7, 7 
8647, 7, 7 
38338, 7, 7 
47931, 7, 7 
28563, 7, 7 
40077, 7, 7 
27938, 7, 7 
29127, 7, 7 
59348, 7, 7 
54891, 7, 7 
39863, 7, 7 
17762, 7, 7 
26886, 7, 7 
55895, 7, 7 
18609, 7, 7 
25561, 7, 7 
23153, 7, 7 
30558, 7, 7 
50706, 7, 7 
55374, 7, 7 
38810, 7, 7 
39252, 7, 7 
17630, 7, 7 
25339, 7, 7 
14076, 7, 7 
52786, 7, 7 
27529, 7, 7 
25062, 7, 7 
53510, 7, 7 
51384, 7, 7 
26232, 7, 7 
47879, 7, 7 
36916, 7, 7 
14684, 7, 7 
36313, 7, 7 
33479, 7, 7 
48221, 7, 7 
56915, 7, 7 
9001, 7, 7 
44772, 7, 7 
1899, 7, 7 
59843, 7, 7 
18191, 7, 7 
32441, 7, 7 
12439, 7, 7 
13883, 7, 7 
37987, 7, 7 
41769, 7, 7 
14891, 7, 7 
50708, 7, 7 
25816, 7, 7 
32924, 7, 7 
42527, 7, 7 
23334, 7, 7 
57372, 7, 7 
2867, 7, 7 
42621, 7, 7 
33753, 7, 7 
57718, 7, 7 
25775, 7, 7 
33710, 7, 7 
46641, 7, 7 
47221, 7, 7 
46201, 7, 7 
34118, 7, 7 
45715, 7, 7 
20532, 7, 7 
5059, 7, 7 
54106, 7, 7 
43841, 7, 7 
52322, 7, 7 
33988, 7, 7 
16696, 7, 7 
29212, 7, 7 
58282, 7, 7 
7438, 7, 7 
43771, 7, 7 
10337, 7, 7 
49829, 7, 7 
54957, 7, 7 
24994, 7, 7 
17525, 7, 7 
46341, 7, 7 
23094, 7, 7 
28849, 7, 7 
33123, 7, 7 
17007, 7, 7 
58901, 7, 7 
47262, 7, 7 
46016, 7, 7 
18265, 7, 7 
38923, 7, 7 
20134, 7, 7 
55180, 7, 7 
44257, 7, 7 
21396, 7, 7 
11007, 7, 7 
2558, 7, 7 
35773, 7, 7 
2903, 7, 7 
505, 7, 7 
19740, 7, 7 
24025, 7, 7 
1125, 7, 7 
16015, 7, 7 
22880, 7, 7 
230, 7, 7 
48874, 7, 7 
35745, 7, 7 
51465, 7, 7 
31291, 7, 7 
51477, 7, 7 
42163, 7, 7 
468, 7, 7 
41760, 7, 7 
14033, 7, 7 
13380, 7, 7 
5223, 7, 7 
35754, 7, 7 
22481, 7, 7 
868, 7, 7 
32432, 7, 7 
56828, 7, 7 
38224, 7, 7 
46151, 7, 7 
8805, 7, 7 
44573, 7, 7 
31531, 7, 7 
56900, 7, 7 
46297, 7, 7 
26549, 7, 7 
46945, 7, 7 
38015, 7, 7 
45626, 7, 7 
15691, 8, 8 
20521, 8, 8 
5977, 8, 8 
40856, 8, 8 
48382, 8, 8 
43072, 8, 8 
39315, 8, 8 
31034, 8, 8 
6795, 8, 8 
41504, 8, 8 
52303, 8, 8 
59636, 8, 8 
1542, 8, 8 
41751, 8, 8 
59034, 8, 8 
36752, 8, 8 
53286, 8, 8 
31880, 8, 8 
49502, 8, 8 
57237, 8, 8 
6335, 8, 8 
47151, 8, 8 
30347, 8, 8 
34320, 8, 8 
5296, 8, 8 
17405, 8, 8 
6620, 8, 8 
2482, 8, 8 
35123, 8, 8 
55761, 8, 8 
26743, 8, 8 
10866, 8, 8 
23328, 8, 8 
59280, 8, 8 
36445, 8, 8 
18014, 8, 8 
47548, 8, 8 
50054, 8, 8 
20363, 8, 8 
28726, 8, 8 
28739, 8, 8 
972, 8, 8 
57045, 8, 8 
41115, 8, 8 
56254, 8, 8 
43501, 8, 8 
14477, 8, 8 
11146, 8, 8 
23414, 8, 8 
17, 8, 8 
29082, 8, 8 
59949, 8, 8 
37363, 8, 8 
34691, 8, 8 
23562, 8, 8 
25843, 8, 8 
23383, 8, 8 
17999, 8, 8 
45326, 8, 8 
57668, 8, 8 
55293, 8, 8 
94, 8, 8 
54909, 8, 8 
58122, 8, 8 
47635, 8, 8 
55043, 8, 8 
23674, 8, 8 
57332, 8, 8 
10572, 8, 8 
53648, 8, 8 
25947, 8, 8 
11331, 8, 8 
5163, 8, 8 
25582, 8, 8 
56097, 8, 8 
47154, 8, 8 
41078, 8, 8 
17055, 8, 8 
59950, 8, 8 
25546, 8, 8 
44007, 8, 8 
34011, 8, 8 
28432, 8, 8 
28401, 8, 8 
188, 8, 8 
15286, 8, 8 
37434, 8, 8 
35300, 8, 8 
29126, 8, 8 
34669, 8, 8 
28699, 8, 8 
58573, 8, 8 
6364, 8, 8 
49302, 8, 8 
51009, 8, 8 
54054, 8, 8 
12037, 8, 8 
35428, 8, 8 
26351, 8, 8 
2672, 8, 8 
52863, 8, 8 
55407, 8, 8 
45156, 8, 8 
11741, 8, 8 
43091, 8, 8 
30543, 8, 8 
40296, 8, 8 
10197, 8, 8 
40275, 8, 8 
47888, 8, 8 
21913, 8, 8 
17675, 8, 8 
48372, 8, 8 
59097, 8, 8 
31985, 8, 8 
9334, 8, 8 
5170, 8, 8 
30631, 8, 8 
1457, 8, 8 
15467, 8, 8 
53312, 8, 8 
39653, 8, 8 
4887, 8, 8 
16284, 8, 8 
8928, 8, 8 
13682, 8, 8 
55, 8, 8 
12295, 8, 8 
31, 8, 8 
13316, 8, 8 
31704, 8, 8 
46699, 8, 8 
46633, 8, 8 
43824, 8, 8 
32116, 8, 8 
18467, 8, 8 
54665, 8, 8 
50448, 8, 8 
38866, 8, 8 
43993, 8, 8 
42699, 8, 8 
52483, 8, 8 
40403, 8, 8 
1964, 8, 8 
10189, 8, 8 
16114, 8, 8 
8067, 8, 8 
59495, 8, 8 
48743, 8, 8 
24457, 8, 4 
53569, 8, 8 
10482, 8, 8 
26681, 8, 8 
40939, 8, 8 
24137, 8, 8 
4481, 8, 8 
32995, 8, 8 
22483, 8, 8 
43846, 8, 8 
45988, 8, 8 
26948, 8, 8 
53184, 8, 8 
34319, 8, 8 
45938, 8, 8 
26003, 8, 8 
34061, 8, 8 
44427, 8, 8 
6801, 8, 8 
26078, 8, 8 
50988, 8, 8 
22175, 8, 8 
3093, 8, 8 
32907, 8, 8 
50097, 8, 8 
44874, 8, 8 
40016, 8, 8 
35253, 8, 8 
30451, 8, 8 
17060, 8, 8 
36944, 8, 8 
26022, 8, 8 
57263, 8, 8 
7300, 8, 8 
16179, 8, 8 
38063, 8, 8 
45923, 8, 8 
24410, 8, 8 
33101, 8, 8 
43455, 8, 8 
47283, 8, 8 
51943, 8, 8 
55790, 8, 8 
32407, 8, 8 
36828, 8, 8 
6223, 8, 8 
57450, 8, 8 
56126, 8, 8 
7814, 8, 8 
58736, 8, 8 
50001, 8, 8 
42029, 8, 8 
11529, 8, 8 
3918, 8, 8 
53952, 8, 8 
30656, 8, 8 
245, 8, 8 
26491, 8, 8 
6322, 8, 8 
10895, 8, 8 
54180, 8, 8 
20020, 8, 8 
41118, 8, 8 
777, 8, 8 
25186, 8, 8 
28782, 8, 8 
16467, 8, 8 
18414, 8, 8 
52905, 8, 8 
45813, 8, 8 
46519, 8, 8 
19214, 8, 8 
44200, 8, 8 
53508, 8, 8 
23817, 8, 8 
5430, 8, 8 
37672, 8, 8 
21925, 8, 8 
35042, 8, 8 
34979, 8, 8 
29535, 8, 8 
37005, 8, 8 
55620, 8, 8 
36986, 8, 8 
4745, 8, 8 
31334, 8, 8 
27545, 8, 8 
16785, 8, 8 
11444, 8, 8 
31630, 8, 8 
41035, 8, 8 
30937, 8, 8 
36672, 8, 8 
40274, 8, 8 
39264, 8, 8 
8136, 8, 8 
38849, 8, 8 
3114, 8, 8 
53811, 8, 8 
19541, 8, 8 
25657, 8, 8 
13489, 8, 8 
9349, 8, 8 
57701, 8, 8 
50363, 8, 8 
36635, 8, 8 
28144, 8, 8 
50106, 8, 8 
55268, 8, 8 
15623, 8, 8 
9364, 8, 8 
2475, 8, 8 
38805, 8, 8 
6942, 8, 8 
21177, 8, 8 
47304, 8, 8 
13669, 8, 8 
33424, 8, 8 
15424, 8, 8 
10339, 8, 8 
54625, 8, 8 
53743, 8, 8 
17515, 8, 8 
28306, 8, 8 
7453, 8, 8 
32936, 8, 8 
54498, 8, 8 
4582, 8, 8 
6066, 8, 8 
9650, 8, 8 
45116, 8, 8 
29711, 8, 8 
27927, 8, 8 
11611, 8, 8 
21046, 8, 1 
3153, 8, 8 
4609, 8, 8 
694, 8, 8 
48555, 8, 8 
22099, 8, 8 
43145, 8, 8 
10655, 8, 8 
36054, 8, 8 
19267, 8, 8 
13677, 8, 8 
29303, 8, 8 
7586, 8, 8 
125, 8, 8 
42266, 8, 8 
29164, 8, 8 
24147, 8, 8 
4525, 8, 8 
50505, 8, 8 
30999, 8, 8 
38309, 8, 8 
51880, 8, 8 
19177, 8, 8 
29829, 8, 8 
54896, 8, 8 
25362, 8, 8 
29589, 8, 8 
43062, 8, 8 
9241, 8, 8 
56313, 8, 8 
46237, 8, 8 
9873, 8, 8 
42076, 8, 8 
4324, 8, 8 
53170, 8, 8 
24857, 8, 8 
20198, 8, 8 
2761, 8, 8 
2833, 8, 8 
33890, 8, 8 
32127, 8, 8 
24112, 8, 8 
50413, 8, 8 
56731, 8, 8 
35772, 8, 8 
43290, 8, 8 
52037, 8, 8 
46450, 8, 8 
11160, 8, 8 
52050, 8, 8 
7750, 8, 8 
24297, 8, 8 
58334, 8, 8 
41611, 8, 8 
10319, 8, 8 
8722, 8, 8 
44442, 8, 8 
50170, 8, 8 
25016, 8, 8 
30050, 8, 8 
37122, 8, 8 
56858, 8, 8 
43745, 8, 8 
27459, 8, 8 
12988, 8, 8 
47964, 8, 8 
16917, 8, 8 
7117, 8, 8 
47298, 8, 8 
51437, 8, 8 
50116, 8, 8 
8536, 8, 8 
7320, 8, 8 
45199, 8, 8 
28341, 8, 8 
1434, 8, 8 
57411, 8, 8 
3040, 8, 8 
26379, 8, 8 
27286, 8, 8 
56544, 8, 8 
39277, 8, 8 
5800, 8, 8 
45798, 8, 8 
16658, 8, 1 
48655, 8, 8 
57200, 8, 8 
52950, 8, 8 
6093, 8, 8 
59015, 8, 8 
26079, 8, 8 
49044, 8, 8 
37406, 8, 8 
9762, 8, 8 
38638, 8, 8 
18434, 8, 8 
11672, 8, 8 
3489, 8, 8 
26200, 8, 8 
58762, 8, 8 
7539, 8, 8 
12353, 8, 8 
59220, 8, 8 
18195, 8, 8 
352, 8, 8 
59018, 8, 8 
53745, 8, 8 
53517, 8, 8 
24027, 8, 8 
41253, 8, 8 
29831, 8, 8 
46657, 8, 8 
48280, 8, 8 
9008, 8, 8 
40012, 8, 8 
35561, 8, 8 
1045, 8, 8 
44576, 8, 8 
15645, 8, 8 
17128, 8, 8 
50765, 8, 8 
54243, 8, 8 
4282, 8, 8 
3501, 8, 8 
56402, 8, 8 
51053, 8, 8 
9567, 8, 8 
34382, 8, 8 
44945, 8, 8 
58464, 8, 8 
14170, 8, 8 
27740, 8, 8 
30568, 8, 8 
35038, 8, 8 
53660, 8, 8 
9866, 8, 8 
3766, 8, 8 
25256, 8, 8 
36503, 8, 8 
9155, 8, 8 
12633, 8, 8 
47896, 8, 8 
46883, 8, 8 
50945, 8, 8 
5299, 8, 8 
37444, 8, 8 
49822, 8, 8 
3892, 8, 8 
30098, 8, 8 
5116, 8, 8 
30785, 8, 8 
2442, 8, 8 
40110, 8, 8 
12619, 8, 8 
21065, 8, 8 
30688, 8, 8 
44484, 8, 8 
39432, 8, 8 
48329, 8, 8 
56952, 8, 8 
7042, 8, 8 
8680, 8, 8 
13605, 8, 8 
5594, 8, 8 
17681, 8, 8 
20336, 8, 8 
21578, 8, 8 
48756, 8, 8 
16230, 8, 8 
32270, 8, 8 
44259, 8, 8 
3026, 8, 8 
49617, 8, 8 
37398, 8, 8 
6243, 8, 8 
49465, 8, 8 
29306, 8, 8 
27358, 8, 8 
20812, 8, 8 
33636, 8, 8 
8607, 8, 8 
6152, 8, 8 
32806, 8, 8 
22166, 8, 8 
46387, 8, 8 
34108, 8, 8 
9852, 8, 8 
2511, 8, 8 
1519, 8, 8 
7199, 8, 8 
36983, 8, 8 
1914, 8, 8 
7665, 8, 8 
13065, 8, 8 
46739, 8, 8 
51224, 8, 8 
12663, 8, 8 
42417, 8, 8 
4675, 8, 8 
44961, 8, 8 
26628, 8, 8 
37130, 8, 8 
43698, 8, 8 
42832, 8, 8 
10021, 8, 8 
6760, 8, 8 
26135, 8, 8 
55118, 8, 8 
47317, 8, 8 
58607, 8, 8 
17808, 8, 8 
48684, 8, 8 
43901, 8, 8 
42661, 8, 8 
50410, 8, 8 
48394, 8, 8 
44069, 8, 8 
4901, 9, 9 
27391, 9, 9 
53680, 9, 7 
20925, 9, 9 
8525, 9, 9 
39199, 9, 9 
1882, 9, 9 
43738, 9, 9 
40670, 9, 9 
13728, 9, 9 
10198, 9, 9 
45775, 9, 9 
30204, 9, 9 
34818, 9, 9 
29591, 9, 9 
15991, 9, 9 
53868, 9, 4 
30686, 9, 9 
28424, 9, 9 
34339, 9, 9 
9290, 9, 4 
34489, 9, 9 
1426, 9, 9 
28789, 9, 9 
14442, 9, 9 
35836, 9, 9 
22072, 9, 4 
31256, 9, 9 
11223, 9, 9 
16480, 9, 9 
14365, 9, 9 
51807, 9, 9 
48964, 9, 9 
55571, 9, 9 
3704, 9, 9 
21162, 9, 9 
7667, 9, 9 
54146, 9, 9 
26906, 9, 9 
26885, 9, 9 
409, 9, 9 
58426, 9, 9 
4483, 9, 9 
8416, 9, 9 
13435, 9, 9 
24947, 9, 9 
12846, 9, 9 
18624, 9, 9 
24553, 9, 9 
18043, 9, 9 
31693, 9, 9 
40113, 9, 9 
58792, 9, 9 
37553, 9, 9 
1173, 9, 9 
50867, 9, 9 
26877, 9, 9 
58539, 9, 9 
12050, 9, 4 
32316, 9, 9 
38701, 9, 9 
23681, 9, 9 
36349, 9, 9 
20623, 9, 9 
29134, 9, 4 
27581, 9, 9 
58680, 9, 9 
58639, 9, 9 
1116, 9, 9 
36886, 9, 9 
44537, 9, 9 
48708, 9, 9 
46020, 9, 9 
34693, 9, 9 
30805, 9, 9 
40073, 9, 9 
15165, 9, 9 
34104, 9, 9 
54119, 9, 9 
20505, 9, 9 
32064, 9, 9 
51647, 9, 9 
2033, 9, 9 
48257, 9, 9 
45071, 9, 9 
24497, 9, 9 
14607, 9, 9 
46961, 9, 9 
31833, 9, 9 
48816, 9, 9 
46490, 9, 9 
31893, 9, 9 
52236, 9, 9 
11557, 9, 9 
38600, 9, 9 
34476, 9, 9 
44376, 9, 9 
8408, 9, 9 
13949, 9, 9 
45120, 9, 9 
43093, 9, 9 
58596, 9, 9 
40328, 9, 9 
48633, 9, 9 
47178, 9, 9 
54738, 9, 9 
34341, 9, 9 
36083, 9, 9 
24387, 9, 9 
29110, 9, 9 
35218, 9, 9 
30096, 9, 9 
52315, 9, 9 
34743, 9, 9 
15171, 9, 9 
12496, 9, 9 
57444, 9, 9 
7683, 9, 9 
42757, 9, 9 
10524, 9, 9 
47517, 9, 9 
36991, 9, 9 
19212, 9, 9 
26025, 9, 9 
48996, 9, 9 
53142, 9, 9 
38419, 9, 9 
48290, 9, 9 
31918, 9, 9 
47261, 9, 9 
58407, 9, 9 
33907, 9, 9 
35623, 9, 9 
2793, 9, 9 
28445, 9, 9 
50329, 9, 9 
9311, 9, 9 
5404, 9, 9 
4788, 9, 9 
17612, 9, 9 
36507, 9, 9 
4045, 9, 9 
57729, 9, 9 
30877, 9, 9 
42884, 9, 9 
12674, 9, 9 
32732, 9, 9 
9191, 9, 9 
2471, 9, 9 
17501, 9, 9 
13757, 9, 9 
56156, 9, 9 
9630, 9, 9 
22117, 9, 9 
45465, 9, 9 
59814, 9, 9 
43193, 9, 9 
57874, 9, 9 
20444, 9, 9 
38995, 9, 9 
49495, 9, 9 
29861, 9, 9 
42109, 9, 9 
42059, 9, 9 
58059, 9, 9 
42851, 9, 9 
4456, 9, 9 
3696, 9, 7 
37611, 9, 9 
17463, 9, 9 
58898, 9, 9 
15222, 9, 9 
45575, 9, 9 
36486, 9, 9 
51209, 9, 9 
9876, 9, 9 
19120, 9, 9 
47105, 9, 9 
31888, 9, 9 
47755, 9, 9 
56478, 9, 9 
49801, 9, 9 
49944, 9, 9 
52467, 9, 9 
19953, 9, 9 
35556, 9, 9 
27601, 9, 9 
1307, 9, 9 
34983, 9, 9 
26416, 9, 9 
4222, 9, 9 
26513, 9, 7 
11388, 9, 9 
2600, 9, 9 
22664, 9, 9 
53592, 9, 9 
52635, 9, 9 
10516, 9, 9 
8487, 9, 9 
59835, 9, 9 
8750, 9, 9 
31353, 9, 9 
4229, 9, 9 
41763, 9, 9 
59990, 9, 9 
12646, 9, 9 
49752, 9, 9 
57047, 9, 9 
42497, 9, 9 
17323, 9, 9 
13308, 9, 9 
58152, 9, 9 
43966, 9, 9 
31866, 9, 9 
56102, 9, 9 
39447, 9, 9 
8745, 9, 9 
56323, 9, 9 
4277, 9, 9 
51470, 9, 9 
42086, 9, 9 
51796, 9, 9 
3742, 9, 9 
15670, 9, 9 
1370, 9, 9 
9949, 9, 9 
15745, 9, 9 
43034, 9, 9 
36477, 9, 9 
50973, 9, 9 
52094, 9, 9 
15167, 9, 9 
39247, 9, 9 
52556, 9, 9 
38279, 9, 9 
12495, 9, 9 
49226, 9, 9 
37449, 9, 9 
24379, 9, 9 
35598, 9, 9 
29072, 9, 9 
58566, 9, 9 
28194, 9, 9 
20644, 9, 9 
57759, 9, 9 
24071, 9, 9 
46645, 9, 9 
32777, 9, 9 
20698, 9, 9 
32552, 9, 9 
22319, 9, 9 
50752, 9, 9 
15593, 9, 9 
5745, 9, 9 
44348, 9, 9 
36074, 9, 9 
13971, 9, 9 
42903, 9, 9 
42090, 9, 9 
27848, 9, 9 
56597, 9, 9 
42344, 9, 9 
22576, 9, 9 
57545, 9, 9 
42437, 9, 9 
17824, 9, 9 
21378, 9, 9 
7061, 9, 9 
27260, 9, 9 
7742, 9, 9 
42860, 9, 9 
58159, 9, 9 
49988, 9, 9 
49833, 9, 9 
11515, 9, 9 
5645, 9, 9 
41177, 9, 9 
28422, 9, 4 
1620, 9, 9 
42376, 9, 9 
1950, 9, 9 
41613, 9, 9 
37333, 9, 9 
27116, 9, 9 
31426, 9, 9 
45800, 9, 9 
41311, 9, 9 
46714, 9, 9 
18131, 9, 9 
49489, 9, 9 
20750, 9, 9 
55783, 9, 9 
52324, 9, 9 
14332, 9, 9 
14790, 9, 9 
18554, 9, 9 
10410, 9, 9 
54031, 9, 9 
59756, 9, 9 
41369, 9, 4 
58927, 9, 9 
7757, 9, 9 
31088, 9, 9 
59147, 9, 9 
319, 9, 9 
346, 9, 9 
28960, 9, 9 
26861, 9, 9 
41021, 9, 9 
43862, 9, 9 
30342, 9, 9 
3193, 9, 9 
13414, 9, 9 
36474, 9, 9 
22246, 9, 9 
46336, 9, 4 
45, 9, 9 
32356, 9, 9 
55441, 9, 9 
21997, 9, 9 
10839, 9, 9 
3447, 9, 9 
40528, 9, 9 
36510, 9, 9 
24197, 9, 9 
52009, 9, 9 
31226, 9, 9 
1138, 9, 9 
31072, 9, 9 
22433, 9, 9 
5062, 9, 9 
35189, 9, 9 
8036, 9, 9 
31299, 9, 9 
55464, 9, 9 
10875, 9, 9 
52577, 9, 9 
15644, 9, 9 
520, 9, 9 
13717, 9, 9 
389, 9, 9 
59006, 9, 9 
15369, 9, 9 
25267, 9, 9 
28722, 9, 9 
51165, 9, 9 
21300, 9, 9 
41589, 9, 9 
30103, 9, 9 
46958, 9, 9 
44028, 9, 9 
45369, 9, 9 
24684, 9, 7 
16770, 9, 9 
54166, 9, 9 
41434, 9, 9 
42577, 9, 9 
22915, 9, 9 
7511, 9, 9 
39172, 9, 9 
57374, 9, 9 
11078, 9, 9 
30520, 9, 9 
36860, 9, 9 
39642, 9, 9 
53280, 9, 9 
21167, 9, 9 
44223, 9, 9 
15512, 9, 9 
53998, 9, 9 
24057, 9, 9 
16481, 9, 9 
350, 9, 9 
29959, 9, 9 
5538, 9, 9 
25946, 9, 9 
50578, 9, 9 
53154, 9, 9 
15837, 9, 4 
9150, 9, 9 
12272, 9, 4 
48927, 9, 9 
51667, 9, 9 
42106, 9, 9 
22765, 9, 9 
20495, 9, 9 
20073, 9, 9 
35676, 9, 9 
36808, 9, 9 
13049, 9, 9 
59817, 9, 9 
45969, 9, 9 
24061, 9, 9 
40372, 9, 9 
24398, 9, 9 
7690, 9, 9 
51592, 9, 9 
39816, 9, 9 
15239, 9, 9 
47082, 9, 9 
54763, 9, 9 
47165, 9, 9 
6934, 9, 9 
32410, 9, 9 
5233, 9, 9 
31004, 9, 9 
24821, 9, 9 
8231, 9, 9 
35105, 9, 9 
7541, 9, 9 
50832, 9, 9 
16753, 9, 9 
49112, 9, 9 
27334, 9, 9 
24741, 9, 9 
35283, 9, 9 
22610, 9, 9 
24164, 9, 1 
21108, 9, 9 
27626, 9, 9 
48775, 9, 9 
56157, 9, 9 
45174, 9, 9 
43750, 9, 9 
29978, 9, 9 
49177, 9, 9 
39924, 9, 9 
11909, 9, 9 
9896, 9, 9 
34729, 9, 9 
13356, 9, 9 
28984, 9, 9 
32593, 9, 9 
44687, 9, 9 
18228, 9, 9 
42524, 9, 9 
46355, 9, 9 
41924, 9, 9 
31876, 9, 9 
24566, 9, 9 
29165, 9, 9 
37688, 9, 9 
38674, 9, 9 
52270, 9, 9 
55496, 9, 9 
45343, 9, 9 
42222, 9, 9 
22127, 9, 9 
53778, 9, 9 
44407, 9, 9 
49714, 9, 9 
24499, 9, 9 
52977, 9, 9 
10305, 9, 9 
41813, 9, 9 
932, 9, 9 
42457, 9, 9 
3566, 9, 9 
56152, 9, 9 
49204, 9, 9 
26212, 9, 9 
41895, 9, 9 
42458, 9, 9 
47185, 9, 9 
47457, 9, 9 
45841, 9, 9 
50467, 9, 9 
41497, 9, 9 
25343, 9, 9 
2434, 9, 9 
48171, 9, 9 
5577, 9, 9 
36029, 9, 9 
9654, 9, 9 
887, 9, 9 
35892, 9, 9 
56413, 9, 9 
41403, 9, 9 
25463, 9, 9 
10166, 9, 9 
9372, 9, 9 
1500, 9, 9 
28597, 9, 9 
52427, 9, 9 
46946, 9, 9 
3506, 9, 9 
49227, 9, 4 
14037, 9, 9 
31532, 9, 9 
29752, 9, 9 
267, 9, 9 
49128, 9, 9 
42017, 9, 9 
35440, 9, 9 
10799, 9, 9 
13111, 9, 9 
8608, 9, 9 
30551, 9, 9 
25099, 9, 9 
42459, 9, 9 
