id, true label, predicted label 
1359, 0, 0 
22882, 0, 0 
18222, 0, 0 
20060, 0, 0 
47124, 0, 0 
42180, 0, 0 
48111, 0, 0 
39944, 0, 0 
29695, 0, 0 
38929, 0, 0 
9034, 0, 0 
21380, 0, 0 
15189, 0, 0 
38722, 0, 0 
1930, 0, 0 
12421, 0, 0 
7978, 0, 0 
36894, 0, 0 
48960, 0, 0 
33192, 0, 0 
27893, 0, 0 
11597, 0, 0 
36318, 0, 0 
10439, 0, 0 
52289, 0, 0 
4201, 0, 0 
20929, 0, 0 
52182, 0, 0 
17210, 0, 0 
24629, 0, 0 
27307, 0, 0 
55576, 0, 0 
54272, 0, 0 
36467, 0, 0 
13641, 0, 0 
51052, 0, 0 
24103, 0, 0 
41617, 0, 0 
29994, 0, 0 
38057, 0, 0 
42764, 0, 0 
44859, 0, 0 
54354, 0, 0 
2058, 0, 0 
43965, 0, 0 
3590, 0, 0 
47324, 0, 0 
35302, 0, 0 
9342, 0, 0 
49996, 0, 0 
55624, 0, 0 
22829, 0, 0 
53657, 0, 0 
19811, 0, 0 
1709, 0, 0 
58275, 0, 0 
43188, 0, 0 
34283, 0, 0 
32520, 0, 0 
36183, 0, 0 
20114, 0, 0 
37854, 0, 0 
5202, 0, 0 
15042, 0, 0 
12011, 0, 0 
18509, 0, 0 
54711, 0, 0 
8158, 0, 0 
39207, 0, 0 
20321, 0, 0 
21066, 0, 0 
48641, 0, 0 
54414, 0, 0 
18641, 0, 0 
1877, 0, 0 
4488, 0, 0 
55290, 0, 0 
42100, 0, 0 
35320, 0, 0 
38035, 0, 0 
42599, 0, 0 
33789, 0, 0 
9329, 0, 0 
13911, 0, 0 
9297, 0, 0 
59418, 0, 0 
18219, 0, 0 
9717, 0, 0 
14749, 0, 0 
45115, 0, 0 
39775, 0, 0 
48479, 0, 0 
24078, 0, 0 
58489, 0, 0 
29056, 0, 0 
55481, 0, 0 
5317, 0, 0 
58036, 0, 0 
20632, 0, 0 
1179, 0, 0 
57798, 0, 0 
6076, 0, 0 
9027, 0, 0 
36241, 0, 0 
18712, 0, 0 
35816, 0, 0 
28221, 0, 0 
7894, 0, 0 
46604, 0, 0 
9840, 0, 0 
32899, 0, 0 
59869, 0, 0 
13033, 0, 0 
32682, 0, 0 
39334, 0, 0 
19871, 0, 0 
34007, 0, 0 
6591, 0, 0 
42776, 0, 0 
9822, 0, 0 
42896, 0, 0 
45669, 0, 0 
41627, 0, 0 
58609, 0, 0 
15692, 0, 0 
11231, 0, 0 
32574, 0, 0 
33983, 0, 0 
39570, 0, 0 
49750, 0, 0 
11077, 0, 0 
889, 0, 0 
42277, 0, 0 
25754, 0, 0 
25389, 0, 0 
38662, 0, 0 
40844, 0, 0 
58861, 0, 0 
36031, 0, 0 
19547, 0, 0 
30363, 0, 0 
57695, 0, 0 
49075, 0, 0 
27035, 0, 0 
3434, 0, 0 
57629, 0, 0 
17009, 0, 0 
50534, 0, 0 
13215, 0, 0 
10691, 0, 0 
55892, 0, 0 
46488, 0, 0 
16244, 0, 0 
11791, 0, 0 
52114, 0, 0 
42945, 0, 0 
5883, 0, 0 
31020, 0, 0 
5048, 0, 0 
16326, 0, 0 
43728, 0, 0 
59987, 0, 0 
21413, 0, 0 
18505, 0, 0 
54080, 0, 0 
38200, 0, 0 
3720, 0, 0 
3035, 0, 0 
47555, 0, 0 
23401, 0, 0 
451, 0, 0 
54404, 0, 0 
13411, 0, 0 
53270, 0, 0 
30207, 0, 0 
114, 0, 0 
30051, 0, 0 
75, 0, 0 
37968, 0, 0 
27841, 0, 0 
33112, 0, 0 
14393, 0, 0 
47887, 0, 0 
12665, 0, 0 
15621, 0, 0 
14557, 0, 0 
29263, 0, 0 
39628, 0, 0 
42658, 0, 0 
13798, 0, 0 
28543, 0, 0 
43811, 0, 0 
56217, 0, 0 
42795, 0, 0 
51980, 0, 0 
3443, 0, 0 
51629, 0, 0 
7934, 0, 0 
53536, 0, 0 
13164, 0, 0 
7649, 0, 0 
5881, 0, 0 
30222, 0, 0 
15761, 0, 0 
32846, 0, 0 
29074, 0, 0 
29034, 0, 0 
36628, 0, 0 
15046, 0, 0 
36646, 0, 0 
46192, 0, 0 
45042, 0, 0 
40038, 0, 0 
6117, 0, 0 
52323, 0, 0 
26620, 0, 0 
20895, 0, 0 
49306, 0, 0 
3541, 0, 0 
37432, 0, 0 
18371, 0, 0 
34045, 0, 0 
53432, 0, 0 
21082, 0, 0 
23541, 0, 0 
58074, 0, 0 
33776, 0, 0 
24121, 0, 0 
36749, 0, 0 
2746, 0, 0 
46892, 0, 0 
39620, 0, 0 
51685, 0, 0 
39483, 0, 0 
48727, 0, 0 
4911, 0, 0 
33442, 0, 0 
35400, 0, 0 
709, 0, 0 
6730, 0, 0 
7925, 0, 0 
10938, 0, 0 
34457, 0, 0 
32843, 0, 0 
8172, 0, 0 
7786, 0, 0 
2561, 0, 0 
36040, 0, 0 
13347, 0, 0 
39119, 0, 0 
50357, 0, 0 
48780, 0, 0 
36251, 0, 0 
38198, 0, 0 
13344, 0, 0 
55785, 0, 0 
26784, 0, 0 
34989, 0, 0 
46114, 0, 0 
22294, 0, 0 
23793, 0, 0 
36168, 0, 0 
54313, 0, 0 
29283, 0, 0 
49835, 0, 0 
52276, 0, 0 
52993, 0, 0 
14137, 0, 0 
51917, 0, 0 
18247, 0, 0 
30706, 0, 0 
25039, 0, 0 
54502, 0, 0 
5773, 0, 0 
33608, 0, 0 
51122, 0, 0 
5978, 0, 0 
46905, 0, 0 
42817, 0, 0 
41052, 0, 0 
47275, 0, 0 
37844, 0, 0 
19581, 0, 0 
19225, 0, 0 
1742, 0, 0 
22202, 0, 0 
32009, 0, 0 
31079, 0, 0 
50630, 0, 0 
20537, 0, 0 
20487, 0, 0 
29677, 0, 0 
50390, 0, 0 
55727, 0, 0 
18881, 0, 0 
44589, 0, 0 
29187, 0, 0 
4455, 0, 0 
30578, 0, 0 
53429, 0, 0 
22603, 0, 0 
40103, 0, 0 
42153, 0, 0 
6446, 0, 0 
20731, 0, 0 
45975, 0, 0 
22949, 0, 0 
8273, 0, 0 
30382, 0, 0 
27547, 0, 0 
41350, 0, 0 
3632, 0, 0 
51057, 0, 0 
21273, 0, 0 
23606, 0, 0 
20936, 0, 0 
28671, 0, 0 
51753, 0, 0 
2082, 0, 0 
15142, 0, 0 
3693, 0, 0 
17770, 0, 0 
2051, 0, 0 
2952, 0, 0 
47096, 0, 0 
59148, 0, 0 
59952, 0, 0 
19104, 0, 0 
1372, 0, 0 
57601, 0, 0 
4505, 0, 0 
40544, 0, 0 
22629, 0, 0 
47167, 0, 0 
9914, 0, 0 
12776, 0, 0 
25932, 0, 0 
5327, 0, 0 
28895, 0, 0 
69, 0, 0 
59786, 0, 0 
39243, 0, 0 
9698, 0, 0 
36414, 0, 0 
6737, 0, 0 
39029, 0, 0 
38138, 0, 0 
6973, 0, 0 
12992, 0, 0 
56778, 0, 0 
7548, 0, 0 
22777, 0, 0 
51627, 0, 0 
58306, 0, 0 
44560, 0, 0 
9195, 0, 0 
59165, 0, 0 
52409, 0, 0 
46111, 0, 0 
15864, 0, 0 
31808, 0, 0 
35740, 0, 0 
34273, 0, 0 
53101, 0, 0 
49903, 0, 0 
47042, 0, 0 
21469, 0, 0 
16085, 0, 0 
34036, 0, 0 
46582, 0, 0 
2192, 0, 0 
27069, 0, 0 
14282, 0, 0 
49872, 0, 0 
2606, 0, 0 
3429, 0, 0 
33677, 0, 0 
29151, 0, 0 
26369, 0, 0 
11532, 0, 0 
3396, 0, 0 
29903, 0, 0 
36562, 0, 0 
23172, 0, 0 
17200, 0, 0 
4106, 0, 0 
260, 0, 0 
5015, 0, 0 
50990, 0, 0 
42433, 0, 0 
18424, 0, 0 
34523, 0, 0 
31502, 0, 0 
57685, 0, 0 
582, 0, 0 
18507, 0, 0 
45162, 0, 0 
22938, 0, 0 
2944, 0, 0 
38110, 0, 0 
37954, 0, 0 
10283, 0, 0 
34394, 0, 0 
56777, 0, 0 
22375, 0, 0 
12926, 0, 0 
55752, 0, 0 
49268, 0, 0 
6758, 0, 0 
23367, 0, 0 
18212, 0, 0 
32925, 0, 0 
34775, 0, 0 
49374, 0, 0 
33947, 0, 0 
59595, 0, 0 
51826, 0, 0 
14693, 0, 0 
14402, 0, 0 
1209, 0, 0 
19796, 0, 0 
56709, 0, 0 
32690, 0, 0 
43497, 0, 0 
13097, 0, 0 
6960, 0, 0 
17304, 0, 0 
9985, 0, 0 
22886, 0, 0 
46860, 0, 0 
59557, 0, 0 
50629, 0, 0 
42674, 0, 0 
4002, 0, 0 
57393, 0, 0 
8926, 0, 0 
57359, 0, 0 
28427, 0, 0 
3128, 0, 0 
52028, 0, 0 
25386, 0, 0 
42448, 0, 0 
36524, 0, 0 
45371, 0, 0 
10564, 0, 0 
20510, 0, 0 
10259, 0, 0 
53077, 0, 0 
38590, 0, 0 
42965, 0, 0 
15288, 0, 0 
24245, 0, 0 
15491, 0, 0 
56351, 0, 0 
1904, 0, 0 
50434, 0, 0 
26475, 0, 0 
47316, 0, 0 
34653, 0, 0 
30009, 0, 0 
26262, 0, 0 
20334, 0, 0 
58012, 0, 0 
36468, 0, 0 
13211, 0, 0 
44363, 0, 0 
56347, 0, 0 
35502, 0, 0 
48529, 0, 0 
7355, 0, 0 
33522, 0, 0 
36569, 0, 0 
5120, 0, 0 
29585, 0, 0 
53387, 0, 0 
30097, 0, 0 
49561, 0, 0 
37883, 0, 0 
3709, 0, 0 
31575, 0, 0 
55348, 0, 0 
5275, 0, 0 
41696, 0, 0 
50344, 0, 0 
46562, 0, 0 
9506, 0, 0 
31490, 0, 0 
57784, 0, 0 
24940, 0, 0 
19857, 0, 0 
43088, 0, 0 
5475, 0, 0 
23067, 0, 0 
41425, 0, 0 
35681, 0, 0 
48274, 0, 0 
21608, 0, 0 
19935, 0, 0 
25928, 0, 0 
47693, 0, 0 
13733, 1, 1 
48993, 1, 1 
36626, 1, 1 
23477, 1, 1 
32472, 1, 1 
53899, 1, 1 
18474, 1, 1 
54210, 1, 1 
1365, 1, 1 
25822, 1, 1 
24306, 1, 1 
16222, 1, 1 
54872, 1, 1 
40147, 1, 1 
18516, 1, 1 
21068, 1, 1 
12221, 1, 1 
43131, 1, 1 
47268, 1, 1 
16159, 1, 1 
34938, 1, 1 
19394, 1, 1 
41596, 1, 1 
24711, 1, 1 
17605, 1, 1 
28000, 1, 1 
7222, 1, 1 
4311, 1, 1 
2616, 1, 1 
7603, 1, 1 
36145, 1, 1 
58876, 1, 1 
12412, 1, 1 
26610, 1, 1 
42602, 1, 1 
54310, 1, 1 
10290, 1, 1 
16148, 1, 1 
31357, 1, 1 
50951, 1, 1 
23342, 1, 1 
31640, 1, 1 
8379, 1, 1 
34889, 1, 1 
4978, 1, 1 
14359, 1, 1 
49068, 1, 1 
42175, 1, 1 
38736, 1, 1 
8738, 1, 1 
28650, 1, 1 
22828, 1, 1 
78, 1, 1 
15608, 1, 1 
51544, 1, 1 
24580, 1, 1 
44770, 1, 1 
26687, 1, 1 
41715, 1, 1 
41733, 1, 1 
21476, 1, 1 
20036, 1, 1 
40219, 1, 1 
2419, 1, 1 
28130, 1, 1 
22512, 1, 1 
46468, 1, 1 
24168, 1, 1 
17367, 1, 1 
47935, 1, 1 
1601, 1, 1 
54543, 1, 1 
30737, 1, 1 
1665, 1, 1 
10365, 1, 1 
23665, 1, 1 
31764, 1, 1 
29143, 1, 1 
40314, 1, 1 
891, 1, 1 
17928, 1, 1 
8574, 1, 1 
2151, 1, 1 
5814, 1, 1 
44359, 1, 1 
51908, 1, 1 
12078, 1, 1 
46696, 1, 1 
48112, 1, 1 
15539, 1, 1 
25779, 1, 1 
25857, 1, 1 
47388, 1, 1 
55740, 1, 1 
42881, 1, 1 
32229, 1, 1 
53599, 1, 1 
57222, 1, 1 
35285, 1, 1 
4294, 1, 1 
55411, 1, 1 
46792, 1, 1 
8542, 1, 1 
40744, 1, 1 
38532, 1, 1 
22004, 1, 1 
42422, 1, 1 
10346, 1, 1 
24102, 1, 1 
5955, 1, 1 
47729, 1, 1 
3122, 1, 1 
16674, 1, 1 
2572, 1, 1 
24126, 1, 1 
11579, 1, 1 
55939, 1, 1 
29323, 1, 1 
59382, 1, 1 
55478, 1, 1 
3130, 1, 1 
42462, 1, 1 
56241, 1, 1 
54468, 1, 1 
49941, 1, 1 
21535, 1, 1 
40504, 1, 1 
22545, 1, 1 
29227, 1, 1 
2932, 1, 1 
9072, 1, 1 
4861, 1, 1 
32158, 1, 1 
53119, 1, 1 
47785, 1, 1 
47169, 1, 1 
18266, 1, 1 
58567, 1, 1 
22095, 1, 1 
42852, 1, 1 
52619, 1, 1 
49807, 1, 1 
24678, 1, 1 
18781, 1, 1 
36778, 1, 1 
25948, 1, 1 
40605, 1, 1 
55279, 1, 1 
23280, 1, 1 
30171, 1, 1 
14682, 1, 1 
28153, 1, 1 
47216, 1, 1 
25853, 1, 1 
53498, 1, 1 
44296, 1, 1 
48184, 1, 1 
7971, 1, 1 
4790, 1, 1 
35236, 1, 1 
38897, 1, 1 
31001, 1, 1 
17942, 1, 1 
22639, 1, 1 
11387, 1, 1 
52887, 1, 1 
46204, 1, 1 
10409, 1, 1 
56953, 1, 1 
57410, 1, 1 
31498, 1, 1 
44813, 1, 1 
46461, 1, 1 
59783, 1, 1 
59428, 1, 1 
51390, 1, 1 
3234, 1, 1 
22896, 1, 1 
17938, 1, 1 
27159, 1, 1 
11440, 1, 1 
42316, 1, 1 
16525, 1, 1 
40220, 1, 1 
32231, 1, 1 
11439, 1, 1 
21923, 1, 1 
25781, 1, 1 
59872, 1, 1 
28184, 1, 1 
35089, 1, 1 
7877, 1, 1 
13884, 1, 1 
39402, 1, 1 
25596, 1, 1 
30742, 1, 1 
44988, 1, 1 
15940, 1, 1 
27396, 1, 1 
58230, 1, 1 
13617, 1, 1 
46058, 1, 1 
2162, 1, 1 
2495, 1, 1 
2907, 1, 1 
16292, 1, 1 
4140, 1, 1 
3898, 1, 1 
32863, 1, 1 
35642, 1, 1 
23576, 1, 1 
44745, 1, 1 
50489, 1, 1 
34158, 1, 1 
18235, 1, 1 
25027, 1, 1 
22831, 1, 1 
37365, 1, 1 
12883, 1, 1 
37881, 1, 1 
3897, 1, 1 
2307, 1, 1 
6531, 1, 1 
34166, 1, 1 
45588, 1, 1 
52627, 1, 1 
12671, 1, 1 
24996, 1, 1 
21618, 1, 1 
41386, 1, 1 
35819, 1, 1 
41011, 1, 1 
8296, 1, 1 
44245, 1, 1 
3045, 1, 1 
16562, 1, 1 
26617, 1, 1 
20865, 1, 1 
33943, 1, 1 
9277, 1, 1 
9579, 1, 1 
21301, 1, 1 
14408, 1, 1 
24888, 1, 1 
3306, 1, 1 
40831, 1, 1 
38163, 1, 1 
8873, 1, 1 
15885, 1, 1 
58689, 1, 1 
5304, 1, 1 
27506, 1, 1 
9404, 1, 1 
59200, 1, 1 
52715, 1, 1 
20760, 1, 1 
17856, 1, 1 
7996, 1, 1 
5204, 1, 1 
2645, 1, 1 
14606, 1, 1 
40399, 1, 1 
16691, 1, 1 
37023, 1, 1 
22476, 1, 1 
14584, 1, 1 
42584, 1, 1 
351, 1, 1 
32153, 1, 1 
19643, 1, 1 
25531, 1, 1 
41076, 1, 1 
25327, 1, 1 
14133, 1, 1 
53206, 1, 1 
609, 1, 1 
41744, 1, 1 
50829, 1, 1 
12056, 1, 1 
47721, 1, 1 
31887, 1, 1 
26961, 1, 1 
31012, 1, 1 
33326, 1, 1 
36794, 1, 1 
58368, 1, 1 
25934, 1, 1 
20963, 1, 1 
2894, 1, 1 
7748, 1, 1 
905, 1, 1 
4300, 1, 1 
16381, 1, 1 
41732, 1, 1 
37081, 1, 1 
49134, 1, 1 
10399, 1, 1 
10615, 1, 1 
53531, 1, 1 
46089, 1, 1 
22489, 1, 1 
23559, 1, 1 
47910, 1, 1 
6511, 1, 1 
30809, 1, 1 
36618, 1, 1 
43339, 1, 1 
41524, 1, 1 
49317, 1, 1 
28292, 1, 1 
19731, 1, 1 
10545, 1, 1 
39849, 1, 1 
25253, 1, 1 
41971, 1, 1 
59373, 1, 1 
39352, 1, 1 
59686, 1, 1 
32447, 1, 1 
15633, 1, 1 
50585, 1, 1 
2362, 1, 1 
33800, 1, 1 
45516, 1, 1 
45372, 1, 1 
30612, 1, 1 
57614, 1, 1 
21031, 1, 1 
30238, 1, 1 
51195, 1, 1 
11760, 1, 1 
45559, 1, 1 
29430, 1, 1 
42768, 1, 1 
37405, 1, 1 
45147, 1, 1 
8781, 1, 1 
54388, 1, 1 
38718, 1, 1 
27111, 1, 1 
50731, 1, 1 
28738, 1, 1 
54501, 1, 1 
43808, 1, 1 
30303, 1, 1 
39084, 1, 1 
14998, 1, 1 
25003, 1, 1 
39819, 1, 1 
32660, 1, 1 
26335, 1, 1 
57903, 1, 1 
22533, 1, 1 
55000, 1, 1 
47213, 1, 1 
55870, 1, 1 
42601, 1, 1 
17782, 1, 1 
56644, 1, 1 
47360, 1, 1 
32842, 1, 1 
59773, 1, 1 
42561, 1, 1 
47777, 1, 1 
45795, 1, 1 
13558, 1, 1 
12178, 1, 1 
40052, 1, 1 
24397, 1, 1 
37732, 1, 1 
28557, 1, 1 
10922, 1, 1 
39646, 1, 1 
102, 1, 1 
454, 1, 1 
7588, 1, 7 
16876, 1, 1 
23886, 1, 7 
1710, 1, 1 
553, 1, 1 
38764, 1, 1 
9106, 1, 1 
33418, 1, 1 
57865, 1, 1 
33368, 1, 1 
17925, 1, 1 
30486, 1, 1 
44109, 1, 1 
40644, 1, 1 
24904, 1, 1 
33628, 1, 1 
41249, 1, 1 
19837, 1, 1 
9705, 1, 1 
40823, 1, 1 
13259, 1, 1 
39095, 1, 1 
28187, 1, 1 
15575, 1, 1 
38709, 1, 1 
3004, 1, 1 
28804, 1, 1 
17260, 1, 1 
2086, 1, 1 
56660, 1, 1 
28792, 1, 1 
25858, 1, 1 
6229, 1, 1 
14541, 1, 1 
49884, 1, 1 
50577, 1, 1 
59112, 1, 1 
12459, 1, 1 
20443, 1, 1 
13334, 1, 1 
40987, 1, 1 
53041, 1, 1 
28815, 1, 1 
42967, 1, 1 
23775, 1, 1 
35897, 1, 1 
9480, 1, 1 
55412, 1, 1 
1915, 1, 1 
51741, 1, 1 
11312, 1, 1 
39838, 1, 1 
40604, 1, 1 
31375, 1, 1 
58737, 1, 1 
36864, 1, 1 
47850, 1, 1 
58889, 1, 1 
7828, 1, 1 
49284, 1, 1 
4913, 1, 1 
13474, 1, 1 
27569, 1, 1 
46919, 1, 1 
26487, 1, 1 
17438, 1, 1 
54897, 1, 1 
39169, 1, 1 
50525, 1, 1 
46915, 1, 1 
6647, 1, 1 
4070, 1, 1 
45204, 1, 1 
57968, 1, 1 
8106, 1, 1 
12042, 1, 1 
51417, 1, 1 
14252, 1, 1 
24086, 1, 1 
3478, 1, 1 
29239, 1, 1 
17775, 1, 1 
18707, 1, 1 
34757, 1, 1 
51739, 1, 1 
22267, 1, 1 
28035, 1, 1 
45641, 1, 1 
14953, 1, 1 
37232, 1, 1 
47373, 1, 1 
3996, 1, 1 
47118, 1, 1 
8602, 1, 1 
4390, 1, 1 
31556, 1, 1 
32814, 1, 1 
48600, 1, 1 
25549, 1, 1 
51509, 1, 1 
2159, 1, 1 
56273, 1, 1 
53004, 1, 1 
5245, 1, 1 
41585, 1, 1 
13643, 1, 1 
51005, 1, 1 
27792, 1, 1 
27585, 1, 1 
43577, 1, 1 
32859, 1, 1 
355, 1, 1 
6864, 1, 1 
55716, 1, 1 
13701, 1, 1 
25937, 1, 1 
57301, 1, 1 
28922, 1, 1 
809, 1, 1 
59645, 1, 1 
7237, 1, 1 
58618, 1, 1 
50056, 1, 1 
24647, 1, 1 
13106, 1, 1 
47189, 2, 2 
52440, 2, 2 
18395, 2, 2 
33210, 2, 2 
21623, 2, 2 
37172, 2, 2 
5216, 2, 2 
45977, 2, 2 
58964, 2, 2 
19556, 2, 2 
1563, 2, 2 
47900, 2, 2 
13148, 2, 2 
56590, 2, 2 
19602, 2, 2 
19343, 2, 2 
33274, 2, 2 
41741, 2, 2 
42413, 2, 2 
31506, 2, 2 
12672, 2, 2 
40151, 2, 2 
24213, 2, 2 
41516, 2, 2 
2534, 2, 2 
37501, 2, 2 
7139, 2, 2 
56687, 2, 2 
20239, 2, 2 
3989, 2, 2 
15262, 2, 2 
32337, 2, 2 
43122, 2, 2 
31388, 2, 2 
49580, 2, 2 
6080, 2, 2 
18662, 2, 2 
21324, 2, 2 
18804, 2, 2 
591, 2, 2 
6391, 2, 2 
18713, 2, 2 
37838, 2, 2 
47971, 2, 2 
40556, 2, 2 
36187, 2, 2 
9964, 2, 2 
11493, 2, 2 
2017, 2, 2 
20257, 2, 2 
10300, 2, 2 
22044, 2, 2 
15509, 2, 2 
38070, 2, 2 
38197, 2, 2 
36463, 2, 2 
50028, 2, 2 
29060, 2, 2 
55360, 2, 2 
12015, 2, 2 
36450, 2, 2 
13837, 2, 2 
11250, 2, 2 
27537, 2, 2 
35835, 2, 2 
5952, 2, 2 
5480, 2, 2 
25994, 2, 2 
56372, 2, 2 
37481, 2, 2 
10138, 2, 2 
32985, 2, 2 
37533, 2, 2 
19767, 2, 2 
41984, 2, 2 
31802, 2, 2 
34157, 2, 2 
20440, 2, 2 
8691, 2, 2 
10078, 2, 2 
40416, 2, 2 
56795, 2, 2 
28324, 2, 2 
22516, 2, 2 
24618, 2, 2 
46760, 2, 2 
58172, 2, 2 
4489, 2, 2 
5816, 2, 2 
37143, 2, 2 
26941, 2, 2 
30772, 2, 2 
50875, 2, 2 
6628, 2, 2 
6637, 2, 2 
46543, 2, 2 
50287, 2, 2 
48933, 2, 2 
58468, 2, 2 
47658, 2, 2 
54375, 2, 2 
29176, 2, 2 
9252, 2, 2 
30503, 2, 2 
21597, 2, 2 
49781, 2, 2 
3980, 2, 2 
22864, 2, 2 
10714, 2, 2 
27598, 2, 2 
32809, 2, 2 
42126, 2, 2 
27535, 2, 2 
3329, 2, 2 
25148, 2, 2 
53742, 2, 2 
27869, 2, 2 
31068, 2, 2 
33016, 2, 2 
38143, 2, 2 
38040, 2, 2 
22994, 2, 2 
25533, 2, 2 
7796, 2, 2 
45661, 2, 2 
33743, 2, 2 
31016, 2, 2 
30014, 2, 2 
25923, 2, 2 
34961, 2, 2 
56335, 2, 2 
26630, 2, 2 
58162, 2, 2 
32792, 2, 2 
44054, 2, 2 
48334, 2, 2 
44362, 2, 2 
59913, 2, 2 
43842, 2, 2 
25571, 2, 2 
47249, 2, 2 
6919, 2, 2 
54484, 2, 2 
47754, 2, 2 
48378, 2, 2 
13059, 2, 2 
48811, 2, 2 
44302, 2, 2 
54043, 2, 2 
7790, 2, 2 
55504, 2, 2 
35023, 2, 2 
44828, 2, 2 
43172, 2, 2 
35071, 2, 2 
18255, 2, 2 
7633, 2, 2 
57273, 2, 2 
50962, 2, 2 
31658, 2, 2 
11581, 2, 2 
26779, 2, 2 
57113, 2, 2 
11344, 2, 2 
34917, 2, 2 
23961, 2, 2 
57956, 2, 2 
29071, 2, 2 
16294, 2, 2 
35572, 2, 2 
400, 2, 2 
873, 2, 2 
53963, 2, 2 
3200, 2, 2 
37861, 2, 2 
48820, 2, 2 
58315, 2, 2 
50052, 2, 2 
29413, 2, 2 
26577, 2, 2 
22395, 2, 2 
38935, 2, 2 
28801, 2, 2 
7257, 2, 2 
14760, 2, 2 
53264, 2, 2 
6105, 2, 2 
18547, 2, 2 
50575, 2, 2 
5618, 2, 2 
36423, 2, 2 
27252, 2, 2 
18224, 2, 2 
51340, 2, 2 
55316, 2, 2 
29698, 2, 2 
19502, 2, 2 
55769, 2, 2 
12679, 2, 8 
19053, 2, 2 
25752, 2, 2 
13804, 2, 2 
24623, 2, 2 
51751, 2, 2 
41489, 2, 2 
59714, 2, 2 
30076, 2, 2 
49643, 2, 2 
15495, 2, 2 
37995, 2, 2 
8727, 2, 2 
58087, 2, 2 
7473, 2, 2 
7986, 2, 2 
3105, 2, 2 
9527, 2, 2 
55433, 2, 2 
27852, 2, 2 
28077, 2, 2 
13857, 2, 2 
9658, 2, 2 
52801, 2, 2 
54574, 2, 2 
53269, 2, 2 
45216, 2, 2 
31056, 2, 2 
1724, 2, 2 
49160, 2, 2 
52953, 2, 2 
1861, 2, 2 
7953, 2, 2 
49773, 2, 2 
42503, 2, 2 
15083, 2, 2 
46912, 2, 2 
52433, 2, 2 
10317, 2, 2 
43769, 2, 2 
8024, 2, 2 
46259, 2, 2 
56864, 2, 2 
56289, 2, 2 
33007, 2, 2 
21425, 2, 2 
34442, 2, 2 
10616, 2, 2 
3712, 2, 2 
21323, 2, 2 
19245, 2, 2 
19336, 2, 2 
52422, 2, 2 
53076, 2, 2 
57503, 2, 2 
25683, 2, 2 
40988, 2, 2 
2342, 2, 2 
21665, 2, 2 
25381, 2, 2 
568, 2, 2 
20242, 2, 2 
40536, 2, 2 
34250, 2, 2 
22635, 2, 2 
52495, 2, 2 
38635, 2, 2 
15391, 2, 2 
35630, 2, 2 
34636, 2, 2 
39899, 2, 2 
11552, 2, 2 
6114, 2, 2 
25617, 2, 2 
17315, 2, 2 
35288, 2, 2 
20867, 2, 2 
24491, 2, 2 
51937, 2, 2 
50543, 2, 2 
33672, 2, 2 
20289, 2, 2 
8453, 2, 2 
58502, 2, 2 
34167, 2, 2 
9979, 2, 2 
6212, 2, 2 
28370, 2, 2 
17272, 2, 2 
57619, 2, 2 
24433, 2, 2 
58378, 2, 2 
12370, 2, 2 
38879, 2, 2 
37615, 2, 2 
2908, 2, 2 
28282, 2, 2 
9546, 2, 2 
32763, 2, 2 
36266, 2, 2 
46690, 2, 2 
41595, 2, 2 
22368, 2, 2 
11576, 2, 2 
21692, 2, 2 
2693, 2, 2 
5314, 2, 2 
41946, 2, 2 
26434, 2, 2 
56848, 2, 2 
35456, 2, 2 
54220, 2, 2 
30640, 2, 2 
59672, 2, 2 
54981, 2, 2 
14378, 2, 2 
43486, 2, 2 
13914, 2, 2 
664, 2, 2 
19569, 2, 2 
5110, 2, 2 
20436, 2, 2 
36833, 2, 2 
58923, 2, 2 
21451, 2, 2 
5129, 2, 2 
5241, 2, 2 
35689, 2, 2 
20613, 2, 2 
43240, 2, 2 
49776, 2, 2 
55655, 2, 2 
2309, 2, 2 
50508, 2, 2 
58476, 2, 2 
19191, 2, 2 
37989, 2, 2 
1954, 2, 2 
42916, 2, 2 
52841, 2, 2 
31635, 2, 2 
35240, 2, 2 
39256, 2, 2 
28998, 2, 2 
26477, 2, 2 
12906, 2, 2 
32317, 2, 2 
57752, 2, 2 
44495, 2, 2 
14215, 2, 2 
27770, 2, 2 
54815, 2, 2 
56175, 2, 2 
46408, 2, 2 
6478, 2, 2 
7072, 2, 2 
34936, 2, 2 
39862, 2, 2 
31493, 2, 2 
4371, 2, 2 
161, 2, 2 
55149, 2, 2 
51550, 2, 2 
51884, 2, 2 
49430, 2, 2 
13844, 2, 2 
48643, 2, 2 
54795, 2, 2 
9489, 2, 2 
39008, 2, 2 
53967, 2, 2 
59355, 2, 2 
27239, 2, 2 
18192, 2, 2 
18633, 2, 2 
18850, 2, 2 
37734, 2, 7 
57911, 2, 2 
20007, 2, 2 
10327, 2, 2 
38636, 2, 2 
27781, 2, 2 
20424, 2, 2 
48292, 2, 2 
7576, 2, 2 
33775, 2, 2 
13082, 2, 2 
19468, 2, 2 
4574, 2, 2 
57899, 2, 2 
30120, 2, 2 
24215, 2, 2 
45439, 2, 2 
9672, 2, 2 
51808, 2, 2 
732, 2, 2 
57808, 2, 2 
39296, 2, 2 
26312, 2, 2 
23171, 2, 2 
28567, 2, 2 
42188, 2, 2 
13249, 2, 2 
57151, 2, 2 
33438, 2, 2 
59970, 2, 2 
25156, 2, 2 
23403, 2, 2 
44549, 2, 2 
1539, 2, 2 
12861, 2, 2 
5400, 2, 2 
11299, 2, 2 
36355, 2, 2 
15203, 2, 2 
48545, 2, 2 
49857, 2, 2 
53644, 2, 2 
40747, 2, 2 
9575, 2, 2 
42019, 2, 2 
3719, 2, 2 
15569, 2, 2 
16812, 2, 2 
53862, 2, 2 
410, 2, 2 
24674, 2, 2 
1048, 2, 2 
39853, 2, 2 
46250, 2, 2 
34444, 2, 2 
22386, 2, 2 
27660, 2, 2 
18817, 2, 2 
38846, 2, 2 
2976, 2, 2 
59698, 2, 2 
25787, 2, 2 
43477, 2, 2 
16958, 2, 2 
25122, 2, 2 
8154, 2, 2 
47036, 2, 2 
39032, 2, 2 
15867, 2, 2 
3569, 2, 2 
20568, 2, 2 
25672, 2, 2 
43351, 2, 2 
8864, 2, 2 
12223, 2, 2 
22070, 2, 2 
39470, 2, 2 
28293, 2, 2 
57894, 2, 2 
22376, 2, 2 
25020, 2, 2 
57366, 2, 2 
42240, 2, 2 
47408, 2, 2 
19847, 2, 2 
25004, 2, 2 
21042, 2, 2 
13061, 2, 2 
7719, 2, 2 
9972, 2, 2 
53494, 2, 2 
32989, 2, 2 
55906, 2, 2 
20497, 2, 2 
16146, 2, 2 
14139, 2, 2 
13624, 2, 2 
35110, 2, 2 
24633, 2, 2 
14429, 2, 2 
53019, 2, 2 
5113, 2, 2 
56655, 2, 2 
55545, 2, 2 
18139, 2, 2 
31973, 2, 2 
40718, 2, 2 
27426, 2, 2 
477, 2, 2 
23194, 2, 2 
6492, 2, 2 
51760, 2, 2 
8470, 2, 2 
45672, 2, 2 
18003, 2, 2 
27010, 2, 2 
24226, 2, 2 
16701, 2, 2 
25089, 2, 2 
28078, 2, 2 
45714, 2, 2 
47819, 2, 2 
45367, 2, 2 
59655, 2, 2 
19833, 2, 2 
31338, 2, 2 
57227, 3, 3 
22569, 3, 3 
7976, 3, 3 
55198, 3, 3 
33054, 3, 3 
13516, 3, 3 
31897, 3, 3 
50308, 3, 3 
48300, 3, 3 
17471, 3, 3 
59263, 3, 3 
44557, 3, 3 
47620, 3, 3 
57306, 3, 3 
52585, 3, 3 
58582, 3, 3 
15014, 3, 3 
18862, 3, 3 
45312, 3, 3 
40540, 3, 3 
11114, 3, 3 
55231, 3, 3 
39852, 3, 3 
12117, 3, 3 
33080, 3, 3 
54377, 3, 3 
16013, 3, 3 
8816, 3, 3 
30306, 3, 3 
24969, 3, 3 
35922, 3, 3 
54977, 3, 3 
30304, 3, 3 
47145, 3, 3 
27031, 3, 3 
12583, 3, 3 
15443, 3, 3 
20965, 3, 3 
54088, 3, 3 
7745, 3, 3 
49297, 3, 3 
32883, 3, 3 
8447, 3, 3 
25094, 3, 3 
52168, 3, 3 
50007, 3, 3 
36458, 3, 3 
14099, 3, 3 
27726, 3, 3 
54530, 3, 3 
10887, 3, 3 
50148, 3, 3 
8048, 3, 3 
57391, 3, 3 
52394, 3, 3 
7065, 3, 3 
35568, 3, 3 
1144, 3, 3 
37996, 3, 3 
33194, 3, 3 
20181, 3, 3 
42423, 3, 3 
30265, 3, 3 
26849, 3, 3 
17906, 3, 3 
24294, 3, 3 
6939, 3, 3 
30077, 3, 3 
27133, 3, 3 
44312, 3, 3 
59699, 3, 3 
1241, 3, 3 
36592, 3, 3 
198, 3, 3 
43967, 3, 3 
17582, 3, 3 
2871, 3, 3 
13568, 3, 3 
16678, 3, 3 
24354, 3, 3 
645, 3, 3 
6185, 3, 3 
40931, 3, 3 
47654, 3, 3 
37022, 3, 3 
45658, 3, 3 
44435, 3, 3 
54199, 3, 3 
15251, 3, 3 
24965, 3, 3 
31538, 3, 3 
49826, 3, 3 
7283, 3, 3 
51154, 3, 3 
57336, 3, 3 
4053, 3, 3 
11219, 3, 3 
53722, 3, 3 
5875, 3, 3 
30885, 3, 3 
59707, 3, 3 
24142, 3, 3 
12244, 3, 3 
14388, 3, 3 
53619, 3, 3 
2092, 3, 3 
12838, 3, 3 
16492, 3, 3 
22957, 3, 3 
6959, 3, 3 
39412, 3, 3 
16125, 3, 3 
12990, 3, 3 
29671, 3, 3 
57207, 3, 3 
3855, 3, 3 
28653, 3, 3 
40904, 3, 3 
23547, 3, 3 
27803, 3, 3 
18915, 3, 3 
11554, 3, 3 
40925, 3, 3 
44504, 3, 3 
36755, 3, 3 
18997, 3, 3 
17993, 3, 3 
28752, 3, 3 
59119, 3, 3 
40818, 3, 3 
7250, 3, 3 
29121, 3, 3 
49913, 3, 3 
14236, 3, 3 
12920, 3, 3 
24284, 3, 8 
16096, 3, 3 
30206, 3, 3 
14255, 3, 3 
57877, 3, 3 
49055, 3, 3 
52101, 3, 3 
28031, 3, 3 
49966, 3, 3 
52446, 3, 3 
29270, 3, 3 
16375, 3, 3 
18785, 3, 3 
39329, 3, 3 
52539, 3, 3 
22946, 3, 3 
1295, 3, 3 
56721, 3, 3 
38239, 3, 3 
20426, 3, 3 
53376, 3, 3 
26084, 3, 3 
32398, 3, 3 
17442, 3, 3 
51991, 3, 3 
56645, 3, 3 
31595, 3, 3 
29896, 3, 3 
29765, 3, 3 
19548, 3, 3 
52191, 3, 3 
1178, 3, 3 
4628, 3, 3 
22894, 3, 3 
45336, 3, 3 
56776, 3, 3 
42469, 3, 3 
30136, 3, 3 
30183, 3, 3 
21622, 3, 3 
58612, 3, 3 
11201, 3, 3 
30986, 3, 3 
21468, 3, 3 
15281, 3, 3 
15937, 3, 3 
55093, 3, 3 
7097, 3, 3 
13114, 3, 3 
20587, 3, 3 
840, 3, 3 
17037, 3, 3 
30213, 3, 3 
30431, 3, 3 
19101, 3, 3 
41943, 3, 3 
20023, 3, 3 
33877, 3, 3 
36337, 3, 3 
41136, 3, 3 
57016, 3, 3 
44764, 3, 3 
3793, 3, 3 
29894, 3, 3 
27671, 3, 3 
31042, 3, 3 
356, 3, 3 
3319, 3, 3 
17553, 3, 3 
3314, 3, 3 
20697, 3, 3 
25033, 3, 3 
45612, 3, 3 
54029, 3, 3 
29232, 3, 3 
4136, 3, 3 
1436, 3, 3 
54001, 3, 3 
34006, 3, 3 
38732, 3, 3 
23298, 3, 3 
33609, 3, 3 
36835, 3, 3 
18584, 3, 3 
46051, 3, 3 
38116, 3, 3 
27640, 3, 3 
33817, 3, 3 
29483, 3, 3 
16414, 3, 3 
15472, 3, 3 
6594, 3, 3 
55091, 3, 3 
1594, 3, 3 
13713, 3, 3 
24369, 3, 3 
59500, 3, 3 
34239, 3, 3 
22903, 3, 3 
2456, 3, 3 
2603, 3, 3 
58707, 3, 3 
19921, 3, 3 
26692, 3, 3 
55106, 3, 3 
33400, 3, 3 
23156, 3, 3 
36732, 3, 3 
57264, 3, 3 
27140, 3, 3 
26324, 3, 3 
58759, 3, 3 
30105, 3, 3 
54301, 3, 3 
53875, 3, 3 
15332, 3, 3 
561, 3, 3 
37244, 3, 3 
58774, 3, 3 
9848, 3, 3 
40254, 3, 3 
45321, 3, 3 
44051, 3, 3 
56475, 3, 3 
35833, 3, 3 
12913, 3, 3 
34556, 3, 3 
49321, 3, 3 
41960, 3, 3 
51947, 3, 3 
47876, 3, 3 
48930, 3, 9 
16649, 3, 3 
52455, 3, 3 
52022, 3, 3 
42087, 3, 3 
58966, 3, 3 
34127, 3, 3 
18735, 3, 3 
39933, 3, 3 
14352, 3, 3 
13242, 3, 3 
55947, 3, 3 
25222, 3, 3 
1068, 3, 3 
44174, 3, 3 
12546, 3, 3 
39798, 3, 3 
19114, 3, 3 
54270, 3, 3 
21466, 3, 3 
43209, 3, 3 
40898, 3, 3 
9279, 3, 3 
22488, 3, 3 
37765, 3, 3 
27032, 3, 3 
26383, 3, 3 
56875, 3, 3 
58747, 3, 3 
36761, 3, 3 
54481, 3, 3 
4094, 3, 3 
40100, 3, 3 
28157, 3, 3 
15511, 3, 3 
59815, 3, 3 
18375, 3, 3 
48761, 3, 3 
52160, 3, 5 
51543, 3, 3 
47007, 3, 3 
59550, 3, 3 
58278, 3, 3 
16071, 3, 3 
5852, 3, 3 
7332, 3, 3 
2132, 3, 3 
44609, 3, 3 
47123, 3, 3 
11710, 3, 3 
24867, 3, 3 
31049, 3, 3 
44684, 3, 3 
17280, 3, 3 
1756, 3, 3 
38277, 3, 3 
19285, 3, 3 
43717, 3, 3 
31913, 3, 3 
23997, 3, 3 
51918, 3, 3 
40901, 3, 3 
33344, 3, 3 
51274, 3, 3 
45789, 3, 3 
42375, 3, 3 
5717, 3, 3 
11489, 3, 3 
250, 3, 3 
16311, 3, 3 
14851, 3, 3 
59318, 3, 3 
26871, 3, 3 
14789, 3, 3 
8164, 3, 3 
40035, 3, 3 
49791, 3, 3 
7618, 3, 3 
4199, 3, 3 
52059, 3, 3 
28299, 3, 3 
21690, 3, 3 
20705, 3, 3 
33529, 3, 3 
34235, 3, 3 
52891, 3, 3 
33939, 3, 3 
38218, 3, 3 
38755, 3, 3 
22069, 3, 3 
45273, 3, 3 
14333, 3, 3 
45509, 3, 3 
10743, 3, 3 
13839, 3, 3 
47441, 3, 3 
47602, 3, 3 
54304, 3, 3 
46652, 3, 3 
39127, 3, 3 
36189, 3, 3 
33445, 3, 3 
7397, 3, 3 
58491, 3, 3 
35504, 3, 5 
459, 3, 3 
37555, 3, 3 
37908, 3, 3 
22587, 3, 3 
22218, 3, 3 
50374, 3, 3 
31735, 3, 3 
35765, 3, 3 
41740, 3, 3 
26824, 3, 3 
6545, 3, 3 
4898, 3, 3 
49431, 3, 3 
57399, 3, 3 
36957, 3, 3 
50214, 3, 3 
25536, 3, 3 
54020, 3, 3 
2735, 3, 3 
12981, 3, 3 
22417, 3, 3 
4836, 3, 3 
19821, 3, 3 
49926, 3, 3 
47027, 3, 3 
29557, 3, 3 
46295, 3, 3 
6410, 3, 3 
46228, 3, 3 
35122, 3, 3 
31451, 3, 3 
26123, 3, 3 
27763, 3, 3 
59798, 3, 3 
58252, 3, 3 
48031, 3, 3 
44497, 3, 3 
18802, 3, 3 
24763, 3, 3 
28476, 3, 3 
54867, 3, 3 
27625, 3, 3 
27645, 3, 3 
15412, 3, 3 
13670, 3, 3 
33989, 3, 3 
10762, 3, 3 
22238, 3, 3 
5127, 3, 3 
22730, 3, 3 
35486, 3, 3 
48642, 3, 3 
27718, 3, 3 
57103, 3, 3 
31960, 3, 3 
53691, 3, 3 
27443, 3, 3 
32227, 3, 3 
52924, 3, 3 
32794, 3, 3 
3424, 3, 3 
33161, 3, 3 
59825, 3, 3 
55283, 3, 3 
1486, 3, 3 
17409, 3, 3 
16344, 3, 3 
17710, 3, 3 
5637, 3, 3 
54845, 3, 3 
3938, 3, 3 
20797, 3, 3 
30515, 3, 3 
5193, 3, 3 
30273, 3, 3 
4156, 3, 3 
56504, 3, 3 
12661, 3, 3 
34023, 3, 3 
28409, 3, 3 
53305, 3, 3 
17085, 3, 3 
14177, 3, 3 
55960, 3, 3 
2146, 3, 3 
22835, 3, 3 
34728, 3, 3 
49638, 3, 3 
55791, 3, 3 
22728, 3, 3 
46857, 3, 8 
53475, 3, 3 
51116, 3, 3 
24783, 3, 3 
42398, 3, 3 
41969, 3, 3 
24407, 3, 3 
34171, 3, 3 
8228, 3, 3 
281, 3, 3 
56437, 3, 3 
23225, 3, 3 
48935, 3, 3 
19883, 3, 3 
35563, 3, 3 
19713, 3, 3 
47625, 3, 3 
21505, 3, 3 
55393, 3, 3 
41404, 3, 3 
35557, 3, 3 
43235, 3, 3 
42823, 3, 3 
14514, 3, 3 
59978, 3, 3 
17386, 3, 3 
59398, 3, 3 
41773, 3, 3 
8455, 3, 3 
7288, 3, 3 
21525, 3, 3 
57941, 3, 3 
9696, 3, 3 
55864, 3, 3 
1718, 3, 3 
24906, 3, 3 
37085, 3, 3 
13222, 3, 3 
51871, 3, 3 
19427, 4, 4 
36938, 4, 4 
53888, 4, 4 
3340, 4, 4 
15416, 4, 4 
2003, 4, 4 
2264, 4, 4 
51047, 4, 4 
19813, 4, 4 
21988, 4, 4 
43530, 4, 4 
3459, 4, 4 
18203, 4, 4 
45773, 4, 4 
5356, 4, 4 
33127, 4, 4 
11740, 4, 4 
41298, 4, 4 
37339, 4, 4 
1767, 4, 4 
6253, 4, 4 
6532, 4, 4 
11323, 4, 4 
20633, 4, 4 
1762, 4, 4 
37884, 4, 4 
29794, 4, 4 
39844, 4, 4 
39365, 4, 4 
36548, 4, 4 
38524, 4, 4 
40187, 4, 4 
50653, 4, 4 
14578, 4, 4 
26855, 4, 4 
21931, 4, 4 
894, 4, 4 
35258, 4, 4 
16391, 4, 4 
56620, 4, 4 
11009, 4, 4 
28393, 4, 4 
55793, 4, 4 
9145, 4, 4 
15876, 4, 4 
1508, 4, 4 
12247, 4, 4 
27514, 4, 4 
3037, 4, 4 
55516, 4, 4 
44405, 4, 4 
1663, 4, 4 
23459, 4, 4 
13104, 4, 4 
35665, 4, 4 
55641, 4, 4 
42329, 4, 4 
45928, 4, 4 
2467, 4, 4 
6810, 4, 4 
35849, 4, 4 
19138, 4, 4 
29241, 4, 4 
38891, 4, 4 
24233, 4, 4 
38227, 4, 4 
52424, 4, 4 
32761, 4, 4 
58151, 4, 4 
38284, 4, 4 
22161, 4, 4 
52589, 4, 4 
369, 4, 4 
9109, 4, 4 
8333, 4, 4 
48252, 4, 4 
53249, 4, 4 
56826, 4, 4 
40309, 4, 4 
50606, 4, 4 
30602, 4, 4 
55598, 4, 9 
19233, 4, 4 
55529, 4, 4 
8964, 4, 4 
45827, 4, 4 
15180, 4, 4 
14793, 4, 4 
43068, 4, 4 
30861, 4, 4 
38631, 4, 4 
14785, 4, 4 
43947, 4, 4 
48508, 4, 4 
22098, 4, 4 
53965, 4, 4 
49688, 4, 4 
41373, 4, 4 
20118, 4, 4 
34303, 4, 4 
46097, 4, 4 
57466, 4, 4 
44342, 4, 4 
34389, 4, 4 
23196, 4, 4 
45670, 4, 4 
25378, 4, 4 
34860, 4, 4 
9, 4, 4 
11144, 4, 4 
10869, 4, 4 
24282, 4, 4 
16037, 4, 4 
37800, 4, 4 
52852, 4, 4 
1308, 4, 4 
48535, 4, 4 
47240, 4, 4 
1380, 4, 4 
54770, 4, 4 
58105, 4, 4 
8775, 4, 4 
43278, 4, 4 
11652, 4, 4 
47589, 4, 4 
26074, 4, 4 
8887, 4, 4 
7145, 4, 4 
5195, 4, 4 
9442, 4, 4 
52729, 4, 4 
48327, 4, 4 
1271, 4, 4 
58066, 4, 4 
55285, 4, 4 
12306, 4, 4 
47843, 4, 4 
43295, 4, 4 
51383, 4, 4 
23713, 4, 4 
46550, 4, 4 
28034, 4, 4 
34994, 4, 4 
25056, 4, 4 
55187, 4, 4 
18398, 4, 4 
28942, 4, 4 
48215, 4, 4 
44233, 4, 4 
35152, 4, 4 
1928, 4, 4 
20529, 4, 4 
27227, 4, 4 
28799, 4, 4 
150, 4, 4 
35904, 4, 4 
46140, 4, 4 
45685, 4, 4 
42825, 4, 4 
51600, 4, 4 
16612, 4, 4 
41580, 4, 4 
16206, 4, 4 
11953, 4, 4 
30422, 4, 4 
31163, 4, 4 
34192, 4, 4 
41096, 4, 4 
4802, 4, 4 
38671, 4, 4 
11547, 4, 4 
34756, 4, 4 
30234, 4, 4 
59047, 4, 4 
12505, 4, 4 
23208, 4, 4 
56350, 4, 4 
23623, 4, 4 
20730, 4, 4 
5755, 4, 4 
22544, 4, 4 
52277, 4, 4 
5673, 4, 4 
3056, 4, 4 
21936, 4, 4 
39743, 4, 4 
13183, 4, 4 
55087, 4, 4 
23592, 4, 4 
18867, 4, 4 
11256, 4, 4 
42742, 4, 4 
25811, 4, 4 
58630, 4, 4 
34530, 4, 4 
56886, 4, 4 
59407, 4, 4 
40955, 4, 4 
27424, 4, 4 
44275, 4, 4 
18101, 4, 4 
12760, 4, 4 
34281, 4, 4 
13841, 4, 4 
33411, 4, 4 
27825, 4, 4 
40992, 4, 4 
10303, 4, 4 
4540, 4, 4 
12458, 4, 4 
28173, 4, 4 
49753, 4, 4 
59063, 4, 4 
2052, 4, 4 
8261, 4, 4 
12581, 4, 4 
16886, 4, 4 
22480, 4, 4 
58300, 4, 4 
4135, 4, 4 
48763, 4, 4 
336, 4, 4 
54175, 4, 4 
12564, 4, 4 
1840, 4, 4 
3739, 4, 4 
30066, 4, 4 
9536, 4, 4 
26242, 4, 4 
49195, 4, 4 
55546, 4, 4 
29075, 4, 4 
45153, 4, 4 
22105, 4, 4 
51926, 4, 4 
37485, 4, 4 
48084, 4, 4 
44587, 4, 4 
12589, 4, 4 
40424, 4, 4 
51979, 4, 4 
20063, 4, 4 
4438, 4, 4 
42249, 4, 4 
31340, 4, 4 
5805, 4, 4 
14572, 4, 4 
50841, 4, 4 
4636, 4, 4 
7211, 4, 4 
481, 4, 4 
56122, 4, 4 
29258, 4, 4 
52658, 4, 4 
55976, 4, 4 
4146, 4, 4 
12105, 4, 4 
25635, 4, 4 
37366, 4, 4 
58795, 4, 4 
22574, 4, 4 
9348, 4, 4 
29638, 4, 4 
17256, 4, 4 
54419, 4, 4 
54245, 4, 4 
11815, 4, 4 
31436, 4, 4 
37447, 4, 4 
58347, 4, 4 
6271, 4, 4 
13302, 4, 4 
6424, 4, 4 
15394, 4, 4 
16765, 4, 4 
40529, 4, 4 
26132, 4, 4 
6714, 4, 4 
18988, 4, 4 
48313, 4, 4 
7002, 4, 4 
33816, 4, 4 
7178, 4, 4 
6127, 4, 4 
4746, 4, 4 
9282, 4, 4 
3624, 4, 4 
26246, 4, 4 
36053, 4, 4 
50777, 4, 4 
44232, 4, 4 
19621, 4, 4 
4789, 4, 4 
42750, 4, 4 
10060, 4, 4 
37080, 4, 4 
13339, 4, 4 
8787, 4, 4 
32997, 4, 4 
24262, 4, 4 
41923, 4, 4 
32513, 4, 4 
37385, 4, 4 
50216, 4, 4 
10560, 4, 4 
52517, 4, 4 
4768, 4, 4 
50149, 4, 4 
22273, 4, 4 
35635, 4, 4 
47028, 4, 4 
59799, 4, 4 
16723, 4, 4 
5295, 4, 4 
41125, 4, 4 
51652, 4, 4 
21642, 4, 4 
35964, 4, 4 
29122, 4, 4 
31514, 4, 4 
50583, 4, 4 
6546, 4, 4 
26288, 4, 4 
57370, 4, 4 
16009, 4, 4 
27695, 4, 4 
23761, 4, 4 
52682, 4, 4 
7124, 4, 4 
54347, 4, 4 
45821, 4, 4 
10310, 4, 4 
43452, 4, 4 
38601, 4, 4 
22531, 4, 4 
59227, 4, 4 
35895, 4, 4 
33064, 4, 4 
27364, 4, 4 
3817, 4, 4 
34130, 4, 4 
46232, 4, 4 
51921, 4, 4 
38428, 4, 4 
4613, 4, 4 
29577, 4, 4 
13548, 4, 4 
4132, 4, 4 
33011, 4, 4 
46487, 4, 4 
2560, 4, 4 
54324, 4, 4 
3399, 4, 4 
12795, 4, 4 
53655, 4, 4 
50531, 4, 4 
41319, 4, 4 
49373, 4, 4 
24781, 4, 4 
24929, 4, 4 
57443, 4, 4 
5101, 4, 4 
8179, 4, 4 
26106, 4, 4 
58823, 4, 4 
56532, 4, 4 
10679, 4, 4 
8278, 4, 4 
42857, 4, 4 
23618, 4, 4 
49169, 4, 4 
45278, 4, 4 
56150, 4, 4 
28655, 4, 4 
47285, 4, 4 
34424, 4, 4 
48710, 4, 4 
53052, 4, 4 
49542, 4, 4 
32762, 4, 4 
19657, 4, 4 
45834, 4, 4 
2490, 4, 4 
23274, 4, 4 
4406, 4, 4 
50517, 4, 4 
25334, 4, 4 
21887, 4, 4 
56723, 4, 4 
24986, 4, 4 
48581, 4, 4 
20835, 4, 4 
34101, 4, 4 
27365, 4, 4 
49050, 4, 4 
18455, 4, 4 
57704, 4, 4 
1827, 4, 4 
58325, 4, 4 
54422, 4, 4 
48785, 4, 4 
47033, 4, 4 
4493, 4, 4 
42181, 4, 4 
23974, 4, 4 
51780, 4, 4 
661, 4, 4 
2608, 4, 4 
16685, 4, 4 
20907, 4, 4 
56743, 4, 4 
2032, 4, 4 
34810, 4, 4 
25784, 4, 4 
42519, 4, 4 
22051, 4, 4 
32178, 4, 4 
35166, 4, 4 
58225, 4, 4 
15405, 4, 4 
14739, 4, 4 
18279, 4, 4 
17613, 4, 4 
18056, 4, 4 
7560, 4, 4 
52748, 4, 4 
55053, 4, 4 
17157, 4, 4 
46644, 4, 4 
16680, 4, 4 
22564, 4, 4 
30059, 4, 4 
59623, 4, 4 
20172, 4, 4 
23696, 4, 4 
40621, 4, 4 
38960, 4, 4 
50656, 4, 4 
7955, 4, 4 
7726, 4, 4 
32865, 4, 4 
22774, 4, 4 
9547, 4, 4 
10850, 4, 4 
47744, 4, 4 
11886, 4, 4 
16051, 4, 4 
914, 4, 4 
21131, 4, 4 
32628, 4, 4 
25093, 4, 4 
44301, 4, 4 
35946, 4, 4 
36742, 4, 4 
14652, 4, 4 
49546, 4, 4 
23085, 4, 4 
38012, 4, 4 
31598, 4, 4 
34428, 4, 4 
18011, 4, 4 
32524, 4, 4 
4178, 4, 4 
50819, 4, 4 
54179, 4, 4 
56740, 4, 4 
7487, 4, 4 
44013, 4, 4 
28225, 4, 4 
706, 4, 4 
26458, 4, 4 
11040, 4, 4 
35362, 4, 4 
53856, 4, 4 
142, 4, 4 
29339, 4, 4 
46577, 4, 4 
25869, 4, 4 
25790, 4, 4 
10758, 4, 4 
14424, 4, 4 
2520, 4, 4 
10737, 4, 4 
8270, 4, 4 
21858, 4, 4 
35229, 4, 4 
2902, 4, 4 
45674, 4, 4 
19414, 4, 4 
57422, 4, 4 
20303, 4, 4 
23956, 4, 4 
23411, 4, 4 
23871, 4, 4 
18637, 4, 4 
59232, 4, 4 
30921, 4, 4 
37815, 4, 4 
46245, 4, 4 
54628, 4, 4 
51963, 5, 5 
52895, 5, 5 
14917, 5, 5 
26727, 5, 5 
17716, 5, 5 
52769, 5, 5 
20784, 5, 5 
29248, 5, 5 
21385, 5, 5 
59170, 5, 5 
14512, 5, 5 
21588, 5, 5 
2968, 5, 5 
24730, 5, 5 
10192, 5, 5 
42983, 5, 5 
19173, 5, 5 
53414, 5, 5 
27648, 5, 5 
16295, 5, 5 
5292, 5, 5 
14486, 5, 5 
42428, 5, 5 
53356, 5, 5 
31086, 5, 5 
11064, 5, 5 
27471, 5, 5 
47468, 5, 5 
23169, 5, 5 
55459, 5, 5 
54230, 5, 5 
45826, 5, 5 
480, 5, 5 
31287, 5, 5 
7480, 5, 5 
37864, 5, 5 
5856, 5, 5 
55076, 5, 5 
38513, 5, 5 
27253, 5, 5 
29049, 5, 5 
23434, 5, 5 
34438, 5, 5 
44253, 5, 5 
54507, 5, 5 
55455, 5, 5 
32415, 5, 5 
6171, 5, 5 
31316, 5, 5 
38254, 5, 5 
10397, 5, 5 
33511, 5, 5 
52778, 5, 5 
44381, 5, 5 
18347, 5, 5 
26695, 5, 5 
21583, 5, 5 
6980, 5, 5 
50460, 5, 5 
17366, 5, 5 
44461, 5, 5 
44404, 5, 5 
36111, 5, 5 
54429, 5, 5 
35394, 5, 5 
42390, 5, 5 
12476, 5, 5 
1413, 5, 5 
5742, 5, 5 
24820, 5, 5 
32214, 5, 5 
15390, 5, 5 
29912, 5, 5 
44665, 5, 5 
19422, 5, 5 
29890, 5, 5 
41951, 5, 5 
36086, 5, 5 
38234, 5, 5 
44923, 5, 5 
11656, 5, 5 
42555, 5, 5 
58756, 5, 5 
5934, 5, 5 
41815, 5, 5 
13532, 5, 5 
55661, 5, 5 
5653, 5, 5 
28434, 5, 5 
35276, 5, 5 
59850, 5, 5 
7448, 5, 5 
46522, 5, 5 
44964, 5, 5 
43488, 5, 5 
36918, 5, 5 
29571, 5, 5 
19888, 5, 5 
35609, 5, 5 
25440, 5, 5 
9763, 5, 5 
45036, 5, 5 
19022, 5, 5 
59190, 5, 5 
11472, 5, 5 
8178, 5, 5 
41140, 5, 5 
16682, 5, 5 
12733, 5, 5 
4987, 5, 5 
33494, 5, 5 
39858, 5, 5 
32840, 5, 5 
19390, 5, 5 
13642, 5, 5 
51740, 5, 5 
514, 5, 5 
9414, 5, 5 
18947, 5, 5 
53054, 5, 5 
8104, 5, 5 
56002, 5, 5 
12157, 5, 5 
57528, 5, 5 
2268, 5, 5 
55910, 5, 5 
55055, 5, 5 
17073, 5, 5 
19717, 5, 5 
12488, 5, 5 
3580, 5, 5 
9062, 5, 5 
15206, 5, 5 
57511, 5, 5 
31252, 5, 5 
59867, 5, 5 
3875, 5, 5 
48094, 5, 5 
54366, 5, 5 
14180, 5, 5 
18778, 5, 5 
24100, 5, 5 
28254, 5, 5 
1276, 5, 5 
47281, 5, 5 
57951, 5, 5 
54233, 5, 5 
16165, 5, 5 
37216, 5, 5 
18340, 5, 5 
32090, 5, 5 
40902, 5, 5 
38202, 5, 5 
41045, 5, 5 
55204, 5, 5 
28148, 5, 5 
41772, 5, 5 
33206, 5, 5 
48586, 5, 5 
17132, 5, 5 
14368, 5, 5 
49481, 5, 5 
54282, 5, 5 
757, 5, 5 
5254, 5, 5 
52509, 5, 5 
50881, 5, 5 
25762, 5, 5 
58713, 5, 5 
54000, 5, 5 
35057, 5, 5 
2313, 5, 5 
24093, 5, 5 
30456, 5, 5 
44773, 5, 5 
12046, 5, 5 
20793, 5, 5 
12331, 5, 5 
51072, 5, 5 
34581, 5, 5 
56571, 5, 5 
39910, 5, 5 
59091, 5, 5 
6068, 5, 5 
32815, 5, 5 
46774, 5, 5 
52459, 5, 5 
38756, 5, 5 
20186, 5, 5 
58604, 5, 5 
38762, 5, 5 
12210, 5, 5 
26823, 5, 5 
47854, 5, 5 
49508, 5, 5 
59747, 5, 5 
11802, 5, 5 
40920, 5, 5 
27310, 5, 5 
8713, 5, 5 
58428, 5, 5 
56269, 5, 5 
173, 5, 5 
50383, 5, 5 
4845, 5, 5 
11876, 5, 5 
45256, 5, 5 
26451, 5, 5 
41759, 5, 5 
45770, 5, 5 
37805, 5, 5 
53408, 5, 5 
55865, 5, 5 
2544, 5, 5 
41263, 5, 5 
34139, 5, 5 
55322, 5, 5 
37817, 5, 5 
22973, 5, 5 
886, 5, 5 
42964, 5, 5 
36609, 5, 5 
15880, 5, 5 
2414, 5, 5 
59201, 5, 5 
33537, 5, 5 
58706, 5, 5 
16356, 5, 5 
23496, 5, 5 
23870, 5, 5 
50602, 5, 5 
19506, 5, 5 
36639, 5, 5 
7144, 5, 5 
11154, 5, 5 
58834, 5, 5 
11310, 5, 5 
46307, 5, 5 
2966, 5, 5 
22918, 5, 5 
7165, 5, 5 
48132, 5, 5 
29648, 5, 5 
57240, 5, 5 
31489, 5, 5 
7640, 5, 5 
36939, 5, 5 
42631, 5, 5 
43856, 5, 5 
11739, 5, 5 
31921, 5, 5 
51874, 5, 5 
47718, 5, 5 
20120, 5, 5 
219, 5, 5 
10385, 5, 5 
58005, 5, 5 
956, 5, 5 
49957, 5, 5 
47177, 5, 5 
15676, 5, 5 
21604, 5, 5 
31768, 5, 5 
3870, 5, 5 
19585, 5, 5 
19279, 5, 5 
31819, 5, 5 
16126, 5, 5 
652, 5, 5 
10092, 5, 5 
25765, 5, 5 
30697, 5, 5 
21895, 5, 5 
31615, 5, 5 
16745, 5, 5 
8190, 5, 5 
17138, 5, 5 
9531, 5, 5 
53053, 5, 5 
29525, 5, 5 
4558, 5, 5 
40963, 5, 5 
52057, 5, 5 
45292, 5, 5 
7443, 5, 5 
24903, 5, 5 
748, 5, 5 
32132, 5, 5 
34806, 5, 5 
44869, 5, 5 
59538, 5, 5 
31590, 5, 5 
42955, 5, 5 
56745, 5, 5 
11659, 5, 5 
53638, 5, 5 
56843, 5, 5 
36252, 5, 5 
49490, 5, 5 
403, 5, 5 
55602, 5, 5 
29685, 5, 5 
12502, 5, 5 
43780, 5, 5 
18573, 5, 5 
48971, 5, 5 
8734, 5, 5 
54781, 5, 5 
28579, 5, 5 
48659, 5, 5 
46599, 5, 5 
41980, 5, 5 
51444, 5, 5 
58145, 5, 5 
31979, 5, 5 
31053, 5, 5 
52706, 5, 5 
18399, 5, 5 
8056, 5, 5 
34478, 5, 5 
33222, 5, 5 
24426, 5, 5 
28491, 5, 5 
44852, 5, 5 
1298, 5, 5 
11882, 5, 5 
17385, 5, 5 
44018, 5, 5 
6849, 5, 5 
27727, 5, 5 
21233, 5, 5 
37180, 5, 5 
49928, 5, 5 
18476, 5, 5 
50985, 5, 5 
52086, 5, 5 
11505, 5, 5 
1382, 5, 5 
50252, 5, 5 
3275, 5, 5 
10543, 5, 5 
7154, 5, 5 
24778, 5, 5 
21289, 5, 5 
56479, 5, 5 
34039, 5, 5 
23105, 5, 5 
45716, 5, 5 
59096, 5, 5 
35766, 5, 5 
14748, 5, 5 
9339, 5, 5 
52981, 5, 5 
49367, 5, 5 
18313, 5, 5 
36487, 5, 5 
44810, 5, 5 
8504, 5, 5 
2861, 5, 5 
4844, 5, 5 
8426, 5, 5 
23518, 5, 5 
44099, 5, 5 
26066, 5, 5 
35976, 5, 5 
22805, 5, 5 
11842, 5, 5 
59089, 5, 5 
23191, 5, 5 
4941, 5, 5 
55233, 5, 5 
13021, 5, 5 
36089, 5, 5 
43540, 5, 5 
55643, 5, 5 
52947, 5, 5 
43212, 5, 5 
25080, 5, 5 
12386, 5, 5 
44508, 5, 5 
40182, 5, 5 
34370, 5, 5 
39539, 5, 5 
41127, 5, 5 
45947, 5, 5 
54442, 5, 5 
30817, 5, 5 
22379, 5, 5 
1325, 5, 5 
41001, 5, 5 
512, 5, 5 
57461, 5, 5 
39253, 5, 5 
23725, 5, 5 
39745, 5, 5 
51852, 5, 5 
41808, 5, 5 
19670, 5, 5 
1824, 5, 5 
53316, 5, 5 
57982, 5, 5 
1062, 5, 5 
31746, 5, 5 
13360, 5, 5 
57156, 5, 5 
9581, 5, 5 
19609, 5, 5 
58318, 5, 5 
13517, 5, 5 
11238, 5, 5 
37160, 5, 5 
54241, 5, 5 
55287, 5, 5 
59269, 5, 5 
11470, 5, 5 
38189, 5, 5 
56036, 5, 5 
22729, 5, 5 
39556, 5, 5 
40159, 5, 5 
51278, 5, 5 
47320, 5, 5 
27526, 5, 5 
22393, 5, 5 
51176, 5, 5 
6027, 5, 5 
47526, 5, 5 
20716, 5, 5 
4596, 5, 5 
49023, 5, 5 
1516, 5, 5 
51405, 5, 5 
18932, 5, 5 
57345, 5, 5 
41904, 5, 5 
14090, 5, 5 
35867, 5, 5 
33221, 5, 5 
24792, 5, 5 
6324, 5, 5 
18080, 5, 5 
11, 5, 5 
45250, 5, 5 
20479, 5, 5 
30514, 5, 5 
36690, 5, 5 
5452, 5, 5 
2193, 5, 5 
23597, 5, 5 
18508, 5, 5 
50138, 5, 5 
35906, 5, 5 
31472, 5, 5 
18696, 5, 5 
47016, 5, 5 
54400, 5, 5 
8748, 5, 5 
3185, 5, 5 
58731, 5, 5 
36602, 5, 5 
21275, 5, 5 
50848, 5, 5 
47949, 5, 5 
13234, 5, 5 
24043, 5, 5 
21956, 5, 5 
9366, 5, 5 
23531, 5, 5 
1961, 5, 5 
38298, 5, 5 
48847, 5, 5 
2916, 5, 5 
35133, 5, 5 
22565, 5, 5 
3860, 5, 5 
29505, 5, 5 
59430, 5, 5 
38726, 5, 5 
39689, 5, 5 
41025, 5, 5 
45282, 5, 5 
38439, 5, 5 
4037, 5, 5 
28340, 5, 5 
14951, 5, 5 
26387, 5, 5 
5424, 5, 5 
6504, 5, 5 
12110, 5, 5 
26098, 5, 5 
10146, 5, 5 
57553, 5, 5 
25973, 5, 5 
653, 5, 5 
191, 5, 5 
51367, 5, 5 
25356, 5, 5 
14688, 5, 5 
5081, 5, 5 
50549, 5, 5 
25520, 6, 6 
31000, 6, 6 
30630, 6, 5 
13593, 6, 6 
12468, 6, 6 
10540, 6, 6 
3615, 6, 6 
8420, 6, 6 
4635, 6, 6 
13493, 6, 6 
58216, 6, 6 
41711, 6, 6 
51664, 6, 6 
34186, 6, 1 
7744, 6, 6 
49743, 6, 6 
10930, 6, 6 
9917, 6, 6 
10557, 6, 6 
9042, 6, 6 
488, 6, 6 
37549, 6, 6 
43594, 6, 6 
44941, 6, 6 
52504, 6, 6 
33812, 6, 6 
42745, 6, 6 
3960, 6, 6 
15190, 6, 6 
26940, 6, 8 
35027, 6, 6 
10591, 6, 6 
2096, 6, 6 
12423, 6, 6 
31220, 6, 6 
59345, 6, 6 
57346, 6, 6 
34135, 6, 6 
49178, 6, 6 
5524, 6, 6 
27642, 6, 6 
32929, 6, 6 
9468, 6, 6 
33601, 6, 6 
34601, 6, 6 
1202, 6, 6 
7049, 6, 6 
18096, 6, 6 
47705, 6, 6 
50580, 6, 6 
17652, 6, 6 
5619, 6, 6 
42481, 6, 6 
22240, 6, 6 
51485, 6, 6 
50415, 6, 6 
11589, 6, 6 
24750, 6, 6 
20383, 6, 6 
958, 6, 6 
32517, 6, 6 
6392, 6, 6 
25599, 6, 6 
29380, 6, 6 
18349, 6, 6 
21008, 6, 6 
8462, 6, 6 
35888, 6, 6 
3288, 6, 6 
9237, 6, 6 
38915, 6, 6 
55111, 6, 6 
54547, 6, 6 
18732, 6, 6 
33305, 6, 6 
41488, 6, 6 
32576, 6, 6 
54124, 6, 6 
4314, 6, 6 
8532, 6, 6 
31208, 6, 6 
46825, 6, 6 
23765, 6, 6 
37801, 6, 6 
1906, 6, 6 
977, 6, 6 
5413, 6, 6 
3779, 6, 6 
2387, 6, 6 
7456, 6, 6 
3454, 6, 6 
11100, 6, 6 
47011, 6, 6 
598, 6, 6 
24475, 6, 6 
54537, 6, 6 
29793, 6, 6 
31110, 6, 6 
5587, 6, 6 
47025, 6, 6 
33919, 6, 6 
20124, 6, 6 
37872, 6, 6 
29226, 6, 6 
52724, 6, 6 
50220, 6, 6 
147, 6, 6 
48082, 6, 6 
33814, 6, 6 
15450, 6, 6 
21418, 6, 6 
53228, 6, 6 
24191, 6, 6 
37177, 6, 6 
58922, 6, 6 
33520, 6, 6 
31143, 6, 6 
55039, 6, 6 
46383, 6, 6 
6000, 6, 6 
35540, 6, 6 
51427, 6, 6 
17120, 6, 6 
547, 6, 6 
10698, 6, 6 
4463, 6, 6 
3856, 6, 6 
35714, 6, 6 
13661, 6, 6 
14044, 6, 6 
28847, 6, 6 
46581, 6, 6 
12433, 6, 6 
26563, 6, 6 
2214, 6, 6 
29217, 6, 6 
2062, 6, 6 
56675, 6, 6 
51993, 6, 6 
30796, 6, 6 
31736, 6, 6 
3654, 6, 6 
24945, 6, 6 
58093, 6, 6 
5810, 6, 6 
23179, 6, 6 
34393, 6, 6 
49827, 6, 6 
46898, 6, 6 
11065, 6, 6 
32302, 6, 6 
53463, 6, 6 
55226, 6, 6 
9233, 6, 6 
49959, 6, 6 
16032, 6, 6 
25142, 6, 6 
14634, 6, 6 
31672, 6, 1 
6013, 6, 6 
24286, 6, 6 
25834, 6, 6 
52441, 6, 6 
59324, 6, 6 
14661, 6, 6 
4699, 6, 6 
37037, 6, 6 
5739, 6, 6 
51662, 6, 6 
47269, 6, 6 
27750, 6, 6 
38322, 6, 6 
15036, 6, 6 
25943, 6, 6 
48749, 6, 6 
18716, 6, 6 
106, 6, 6 
9113, 6, 6 
24577, 6, 6 
3543, 6, 6 
14989, 6, 6 
26657, 6, 6 
3774, 6, 6 
35154, 6, 6 
22339, 6, 6 
51528, 6, 6 
53221, 6, 6 
6907, 6, 6 
56964, 6, 6 
204, 6, 6 
56878, 6, 6 
52951, 6, 6 
4150, 6, 6 
37523, 6, 6 
49161, 6, 6 
52749, 6, 6 
24383, 6, 6 
7577, 6, 6 
40741, 6, 6 
6975, 6, 6 
23720, 6, 6 
6796, 6, 6 
33314, 6, 6 
26955, 6, 6 
7785, 6, 6 
17075, 6, 6 
33258, 6, 6 
498, 6, 6 
41059, 6, 6 
40754, 6, 6 
32477, 6, 6 
37351, 6, 6 
18525, 6, 6 
19151, 6, 6 
35385, 6, 6 
1918, 6, 6 
28104, 6, 6 
14960, 6, 6 
57198, 6, 6 
34260, 6, 6 
13046, 6, 6 
38996, 6, 6 
32866, 6, 6 
20156, 6, 6 
42525, 6, 6 
17563, 6, 6 
8224, 6, 6 
52215, 6, 6 
49651, 6, 6 
19681, 6, 6 
56619, 6, 6 
10630, 6, 6 
25992, 6, 6 
10816, 6, 6 
59540, 6, 6 
44179, 6, 6 
7641, 6, 6 
23558, 6, 6 
49173, 6, 6 
18605, 6, 6 
20782, 6, 6 
54610, 6, 6 
49931, 6, 6 
26119, 6, 6 
7684, 6, 6 
48778, 6, 6 
6572, 6, 6 
9409, 6, 6 
40661, 6, 6 
11140, 6, 6 
48117, 6, 6 
8733, 6, 6 
27530, 6, 6 
29272, 6, 6 
2293, 6, 6 
28066, 6, 6 
36036, 6, 6 
25673, 6, 6 
15652, 6, 6 
44346, 6, 6 
10748, 6, 6 
59775, 6, 6 
19954, 6, 6 
7341, 6, 6 
1309, 6, 6 
56936, 6, 6 
59035, 6, 6 
3726, 6, 6 
33704, 6, 6 
33159, 6, 6 
45640, 6, 6 
12354, 6, 6 
19927, 6, 6 
33927, 6, 6 
2311, 6, 6 
16667, 6, 6 
42829, 6, 6 
3221, 6, 6 
33724, 6, 6 
55520, 6, 6 
32370, 6, 6 
20682, 6, 6 
22221, 6, 6 
59892, 6, 6 
15924, 6, 6 
16245, 6, 6 
52197, 6, 6 
20647, 6, 6 
45225, 6, 6 
52150, 6, 6 
30139, 6, 6 
51607, 6, 6 
17783, 6, 6 
48278, 6, 6 
42957, 6, 6 
58443, 6, 6 
8822, 6, 6 
29015, 6, 6 
40641, 6, 6 
28602, 6, 6 
5750, 6, 6 
13939, 6, 6 
57764, 6, 6 
48907, 6, 6 
26483, 6, 6 
10956, 6, 6 
32455, 6, 6 
24220, 6, 6 
59448, 6, 6 
10135, 6, 6 
15978, 6, 6 
986, 6, 6 
24656, 6, 6 
5274, 6, 6 
14101, 6, 6 
50588, 6, 6 
57015, 6, 6 
54172, 6, 6 
26622, 6, 6 
49275, 6, 6 
23667, 6, 6 
50506, 6, 6 
2504, 6, 6 
11174, 6, 6 
21485, 6, 6 
23321, 6, 6 
55273, 6, 6 
49505, 6, 6 
43396, 6, 6 
56899, 6, 6 
58043, 6, 6 
29630, 6, 6 
26285, 6, 6 
44017, 6, 6 
36070, 6, 6 
2044, 6, 6 
6085, 6, 6 
15166, 6, 6 
32912, 6, 6 
41410, 6, 6 
8770, 6, 6 
51311, 6, 6 
8561, 6, 6 
14136, 6, 6 
59866, 6, 6 
12855, 6, 6 
1515, 6, 6 
7195, 6, 6 
57012, 6, 6 
36701, 6, 6 
10289, 6, 6 
20940, 6, 6 
53929, 6, 6 
34624, 6, 6 
17004, 6, 6 
40642, 6, 6 
34915, 6, 6 
11691, 6, 6 
14423, 6, 6 
33269, 6, 6 
35575, 6, 6 
14783, 6, 6 
59531, 6, 6 
29548, 6, 6 
42667, 6, 6 
21180, 6, 6 
33076, 6, 6 
35750, 6, 6 
8146, 6, 6 
21122, 6, 6 
58786, 6, 6 
42714, 6, 6 
16653, 6, 6 
2923, 6, 6 
11673, 6, 6 
33015, 6, 6 
51480, 6, 6 
26377, 6, 6 
10793, 6, 6 
36444, 6, 6 
52626, 6, 6 
38584, 6, 6 
32696, 6, 6 
1366, 6, 6 
15788, 6, 6 
45460, 6, 6 
13306, 6, 6 
28127, 6, 6 
40141, 6, 6 
4980, 6, 6 
16425, 6, 6 
22068, 6, 6 
11218, 6, 6 
12744, 6, 6 
28605, 6, 6 
10218, 6, 6 
42921, 6, 6 
19761, 6, 6 
1694, 6, 6 
59369, 6, 6 
36496, 6, 6 
59237, 6, 6 
2837, 6, 6 
165, 6, 6 
39824, 6, 6 
39610, 6, 6 
20469, 6, 6 
42361, 6, 6 
32320, 6, 6 
51457, 6, 6 
9802, 6, 6 
19329, 6, 6 
12518, 6, 6 
27559, 6, 6 
23475, 6, 6 
53336, 6, 6 
49031, 6, 6 
59146, 6, 6 
28216, 6, 6 
21337, 6, 6 
49019, 6, 6 
29687, 6, 6 
58435, 6, 6 
46587, 6, 6 
16786, 6, 6 
45127, 6, 6 
10600, 6, 6 
49483, 6, 6 
38050, 6, 6 
10418, 6, 6 
20839, 6, 6 
51402, 6, 6 
5632, 6, 6 
35213, 6, 6 
35468, 6, 6 
6178, 6, 6 
3947, 6, 6 
27934, 6, 6 
53869, 6, 6 
19356, 6, 6 
18052, 6, 6 
9892, 6, 6 
43359, 6, 6 
31654, 6, 6 
19316, 6, 6 
44255, 6, 6 
13846, 6, 6 
1731, 6, 6 
40917, 6, 6 
2635, 6, 6 
53540, 6, 6 
29776, 6, 6 
6789, 6, 6 
36372, 6, 6 
48362, 6, 6 
739, 6, 6 
46665, 6, 6 
30518, 6, 6 
10271, 6, 6 
36699, 6, 6 
35297, 6, 6 
31046, 6, 6 
36291, 6, 6 
25901, 6, 6 
13167, 6, 6 
5877, 6, 6 
32205, 6, 6 
13587, 6, 6 
45755, 6, 6 
18903, 6, 6 
33790, 6, 6 
44952, 6, 6 
33901, 6, 6 
34700, 6, 6 
16088, 6, 6 
47358, 6, 5 
17098, 6, 6 
24963, 6, 6 
31948, 6, 6 
35452, 6, 6 
24955, 6, 6 
21838, 6, 6 
1986, 6, 6 
41344, 6, 6 
42730, 6, 6 
3841, 6, 6 
7504, 6, 6 
13546, 6, 6 
38299, 6, 6 
57253, 6, 6 
23236, 6, 6 
49104, 6, 6 
48539, 6, 6 
59442, 6, 6 
28287, 6, 6 
31588, 6, 6 
26524, 6, 6 
53652, 6, 6 
5759, 6, 6 
20136, 6, 6 
3246, 7, 7 
17350, 7, 7 
15953, 7, 7 
52824, 7, 7 
49212, 7, 7 
25926, 7, 7 
56924, 7, 7 
7610, 7, 7 
43471, 7, 7 
185, 7, 7 
14403, 7, 7 
59774, 7, 7 
51885, 7, 7 
36134, 7, 7 
19844, 7, 7 
25561, 7, 7 
45170, 7, 7 
6695, 7, 7 
19733, 7, 7 
55486, 7, 7 
26750, 7, 7 
2118, 7, 7 
7525, 7, 7 
40791, 7, 7 
39835, 7, 7 
59638, 7, 7 
21400, 7, 7 
50255, 7, 7 
58425, 7, 7 
42105, 7, 7 
31137, 7, 7 
15689, 7, 7 
43307, 7, 7 
4061, 7, 7 
26714, 7, 7 
3538, 7, 7 
54643, 7, 7 
36650, 7, 7 
41615, 7, 7 
36188, 7, 7 
518, 7, 7 
30201, 7, 7 
43104, 7, 7 
58092, 7, 7 
683, 7, 7 
21758, 7, 7 
4904, 7, 7 
35871, 7, 7 
46055, 7, 7 
4226, 7, 7 
41044, 7, 7 
38505, 7, 7 
14448, 7, 7 
34583, 7, 7 
53523, 7, 7 
32988, 7, 7 
23803, 7, 7 
3010, 7, 7 
34560, 7, 7 
13469, 7, 7 
41061, 7, 7 
23609, 7, 7 
27373, 7, 7 
50648, 7, 7 
32542, 7, 7 
39459, 7, 7 
26337, 7, 7 
340, 7, 7 
46278, 7, 7 
3368, 7, 7 
4618, 7, 7 
8576, 7, 7 
50849, 7, 7 
39729, 7, 7 
9467, 7, 7 
27621, 7, 7 
37834, 7, 7 
49958, 7, 7 
55918, 7, 7 
14475, 7, 7 
17373, 7, 7 
23965, 7, 7 
35790, 7, 7 
38908, 7, 7 
28745, 7, 7 
18969, 7, 7 
49806, 7, 7 
24382, 7, 7 
8107, 7, 7 
17955, 7, 7 
22743, 7, 7 
5447, 7, 7 
22467, 7, 7 
58337, 7, 7 
8205, 7, 7 
56167, 7, 7 
14710, 7, 7 
9551, 7, 7 
8791, 7, 7 
23951, 7, 7 
39254, 7, 7 
12601, 7, 7 
55444, 7, 7 
10590, 7, 7 
43039, 7, 7 
10295, 7, 7 
32812, 7, 7 
49553, 7, 7 
6358, 7, 7 
3782, 7, 7 
59792, 7, 7 
17053, 7, 7 
48768, 7, 7 
15192, 7, 7 
17789, 7, 7 
5437, 7, 7 
31055, 7, 7 
41194, 7, 7 
41310, 7, 7 
40675, 7, 7 
9911, 7, 7 
28638, 7, 7 
55365, 7, 7 
3795, 7, 7 
56680, 7, 7 
11166, 7, 7 
18257, 7, 7 
52666, 7, 7 
11771, 7, 7 
46349, 7, 7 
36613, 7, 7 
4945, 7, 7 
19704, 7, 7 
1302, 7, 7 
11517, 7, 7 
22171, 7, 7 
52911, 7, 7 
7229, 7, 7 
53188, 7, 7 
33335, 7, 7 
40638, 7, 7 
20579, 7, 7 
33836, 7, 7 
1342, 7, 7 
2867, 7, 7 
16004, 7, 7 
35382, 7, 7 
11525, 7, 7 
26255, 7, 7 
37107, 7, 7 
53612, 7, 7 
26356, 7, 7 
5579, 7, 7 
42378, 7, 7 
3823, 7, 7 
53137, 7, 7 
41891, 7, 7 
9660, 7, 7 
53725, 7, 7 
18046, 7, 7 
44485, 7, 7 
47402, 7, 7 
34825, 7, 7 
24975, 7, 7 
1846, 7, 7 
57652, 7, 7 
58530, 7, 7 
11766, 7, 7 
28897, 7, 7 
3283, 7, 7 
52443, 7, 7 
27083, 7, 7 
35965, 7, 7 
8186, 7, 7 
32416, 7, 7 
42125, 7, 7 
38001, 7, 7 
8214, 7, 7 
31527, 7, 7 
42352, 7, 7 
56076, 7, 7 
20403, 7, 7 
59561, 7, 7 
16319, 7, 7 
1082, 7, 7 
6616, 7, 7 
29333, 7, 7 
24938, 7, 7 
28535, 7, 7 
5564, 7, 7 
45053, 7, 7 
23000, 7, 7 
2591, 7, 7 
24315, 7, 7 
56694, 7, 7 
55329, 7, 7 
51361, 7, 7 
3008, 7, 7 
57071, 7, 7 
27830, 7, 7 
45524, 7, 7 
5519, 7, 7 
57372, 7, 7 
39925, 7, 7 
57718, 7, 7 
22880, 7, 7 
49458, 7, 7 
49240, 7, 7 
47604, 7, 7 
48501, 7, 7 
20032, 7, 7 
8849, 7, 7 
45489, 7, 7 
22539, 7, 7 
7017, 7, 7 
16717, 7, 7 
33107, 7, 7 
48422, 7, 7 
34378, 7, 7 
56653, 7, 7 
12185, 7, 7 
53023, 7, 7 
1825, 7, 7 
55078, 7, 7 
18402, 7, 7 
34069, 7, 7 
19434, 7, 7 
10969, 7, 7 
42619, 7, 7 
57078, 7, 7 
9571, 7, 7 
27546, 7, 7 
3162, 7, 7 
20605, 7, 7 
14718, 7, 7 
46515, 7, 7 
4116, 7, 7 
40557, 7, 7 
11768, 7, 7 
49356, 7, 7 
212, 7, 7 
25841, 7, 7 
9273, 7, 7 
28011, 7, 7 
42202, 7, 7 
11829, 7, 7 
42722, 7, 7 
21050, 7, 7 
27321, 7, 7 
57097, 7, 7 
48619, 7, 7 
4799, 7, 7 
22870, 7, 7 
35731, 7, 7 
4189, 7, 7 
21834, 7, 7 
40001, 7, 7 
33504, 7, 7 
15998, 7, 7 
37288, 7, 7 
18346, 7, 7 
19525, 7, 7 
57429, 7, 7 
59250, 7, 7 
17800, 7, 7 
17424, 7, 7 
6965, 7, 7 
2750, 7, 7 
4331, 7, 7 
40386, 7, 7 
27950, 7, 7 
37591, 7, 7 
46501, 7, 7 
1946, 7, 7 
32095, 7, 7 
44067, 7, 7 
15452, 7, 7 
49721, 7, 7 
49923, 7, 7 
58614, 7, 7 
32849, 7, 7 
6953, 7, 7 
44911, 7, 7 
2447, 7, 7 
969, 7, 7 
5000, 7, 7 
10394, 7, 7 
819, 7, 7 
12304, 7, 7 
6432, 7, 7 
43707, 7, 7 
13718, 7, 7 
43284, 7, 7 
23451, 7, 7 
45428, 7, 7 
31385, 7, 7 
15811, 7, 7 
24254, 7, 7 
23787, 7, 7 
23164, 7, 7 
33348, 7, 7 
37480, 7, 7 
39089, 7, 7 
884, 7, 7 
27168, 7, 7 
46076, 7, 7 
4604, 7, 7 
10759, 7, 7 
18706, 7, 7 
29786, 7, 7 
58099, 7, 7 
48678, 7, 7 
4809, 7, 7 
6770, 7, 7 
25830, 7, 7 
52997, 7, 7 
44853, 7, 7 
7340, 7, 7 
49909, 7, 7 
36472, 7, 7 
5786, 7, 7 
5352, 7, 7 
27265, 7, 7 
18502, 7, 7 
33524, 7, 7 
12628, 7, 7 
41062, 7, 7 
46514, 7, 7 
58574, 7, 7 
1746, 7, 7 
32861, 7, 7 
24990, 7, 7 
14954, 7, 7 
48515, 7, 7 
32571, 7, 7 
22826, 7, 7 
38972, 7, 7 
56828, 7, 7 
36041, 7, 7 
53094, 7, 7 
24236, 7, 7 
14969, 7, 7 
41176, 7, 7 
36302, 7, 7 
5441, 7, 7 
20996, 7, 7 
22613, 7, 7 
38374, 7, 7 
52407, 7, 7 
46638, 7, 7 
28118, 7, 7 
28723, 7, 7 
48952, 7, 7 
31698, 7, 7 
33851, 7, 7 
26600, 7, 7 
40916, 7, 7 
27867, 7, 7 
32099, 7, 7 
33656, 7, 7 
9740, 7, 7 
47544, 7, 7 
1251, 7, 7 
19379, 7, 7 
911, 7, 7 
27341, 7, 7 
4806, 7, 7 
9445, 7, 7 
59204, 7, 7 
9787, 7, 7 
44708, 7, 7 
36967, 7, 7 
59118, 7, 7 
7565, 7, 7 
9676, 7, 7 
43489, 7, 7 
436, 7, 7 
7849, 7, 7 
5214, 7, 7 
56111, 7, 7 
21083, 7, 7 
5269, 7, 7 
9768, 7, 7 
928, 7, 7 
46737, 7, 7 
30250, 7, 7 
50620, 7, 7 
39643, 7, 7 
37500, 7, 7 
50795, 7, 7 
27098, 7, 7 
8362, 7, 7 
3846, 7, 7 
40077, 7, 7 
19904, 7, 7 
981, 7, 7 
42621, 7, 7 
42077, 7, 7 
53431, 7, 7 
2986, 7, 7 
30188, 7, 7 
22129, 7, 7 
56652, 7, 7 
40784, 7, 7 
20883, 7, 7 
41367, 7, 7 
50244, 7, 7 
39314, 7, 7 
44042, 7, 7 
5178, 7, 7 
38220, 7, 7 
52436, 7, 7 
34576, 7, 7 
28930, 7, 7 
47613, 7, 7 
13810, 7, 7 
40165, 7, 7 
6221, 7, 7 
55535, 7, 7 
51643, 7, 7 
33912, 7, 7 
48453, 7, 7 
44757, 7, 7 
31912, 7, 7 
16369, 7, 7 
25895, 7, 7 
6824, 7, 7 
7769, 7, 7 
8198, 7, 7 
15922, 7, 7 
53977, 7, 7 
17974, 7, 7 
35553, 7, 7 
36700, 7, 7 
703, 7, 7 
43005, 7, 7 
11516, 7, 7 
17486, 7, 7 
6130, 7, 7 
57074, 7, 7 
12850, 7, 7 
44145, 7, 7 
25481, 7, 7 
57285, 7, 7 
29450, 7, 7 
11686, 7, 7 
42939, 7, 7 
45618, 7, 7 
36316, 7, 7 
55613, 7, 7 
18855, 7, 7 
59524, 7, 7 
14337, 7, 7 
15586, 7, 7 
27853, 7, 7 
5349, 7, 7 
11054, 7, 7 
23535, 7, 7 
27005, 7, 7 
51306, 7, 7 
57884, 7, 7 
36969, 7, 7 
50038, 7, 7 
29463, 7, 7 
48909, 7, 7 
48473, 7, 7 
933, 7, 7 
54099, 7, 7 
37041, 7, 7 
14866, 7, 7 
39913, 7, 7 
27039, 7, 7 
52092, 7, 7 
47698, 7, 7 
38607, 7, 7 
27577, 7, 7 
41309, 7, 7 
52302, 7, 7 
1126, 7, 7 
50903, 7, 7 
16848, 7, 7 
28852, 7, 7 
15449, 7, 7 
7255, 7, 7 
20759, 7, 7 
58517, 7, 7 
23387, 7, 7 
14387, 7, 7 
23381, 7, 7 
24561, 7, 7 
53415, 7, 7 
14242, 7, 7 
37098, 7, 7 
36546, 7, 7 
48080, 7, 7 
22077, 7, 7 
34925, 7, 7 
34970, 7, 7 
27758, 7, 7 
58185, 7, 7 
40814, 8, 8 
9314, 8, 8 
33309, 8, 8 
50639, 8, 8 
27995, 8, 8 
48560, 8, 8 
8867, 8, 8 
31334, 8, 8 
6158, 8, 8 
38596, 8, 8 
19470, 8, 8 
25262, 8, 8 
11176, 8, 8 
55762, 8, 8 
19725, 8, 8 
51315, 8, 8 
32641, 8, 8 
46063, 8, 8 
14035, 8, 8 
42704, 8, 8 
27891, 8, 8 
34236, 8, 8 
57238, 8, 8 
20904, 8, 8 
56667, 8, 8 
33780, 8, 8 
23967, 8, 8 
48223, 8, 8 
23737, 8, 8 
53636, 8, 8 
54909, 8, 8 
55256, 8, 8 
41621, 8, 8 
34414, 8, 8 
38151, 8, 8 
38799, 8, 8 
20387, 8, 8 
37032, 8, 8 
25582, 8, 8 
14014, 8, 8 
26805, 8, 8 
12130, 8, 8 
59838, 8, 8 
57493, 8, 8 
46614, 8, 8 
8619, 8, 8 
30539, 8, 8 
42388, 8, 8 
3011, 8, 8 
54636, 8, 8 
5163, 8, 8 
40134, 8, 8 
2971, 8, 8 
17112, 8, 5 
53271, 8, 8 
50790, 8, 8 
51656, 8, 8 
19877, 8, 8 
15247, 8, 8 
16955, 8, 8 
14385, 8, 8 
45576, 8, 8 
32712, 8, 8 
33668, 8, 8 
12027, 8, 8 
35604, 8, 8 
19275, 8, 8 
57922, 8, 8 
43268, 8, 8 
36320, 8, 8 
47295, 8, 8 
38844, 8, 8 
59711, 8, 8 
11890, 8, 8 
45717, 8, 8 
16440, 8, 8 
17194, 8, 8 
40339, 8, 8 
42241, 8, 8 
46876, 8, 8 
25132, 8, 8 
16284, 8, 8 
23817, 8, 8 
49073, 8, 8 
10189, 8, 8 
22484, 8, 8 
22292, 8, 8 
46428, 8, 8 
25301, 8, 8 
9408, 8, 8 
30029, 8, 8 
25583, 8, 8 
21863, 8, 8 
52848, 8, 8 
14075, 8, 8 
19131, 8, 8 
48428, 8, 8 
17364, 8, 8 
38956, 8, 8 
28144, 8, 8 
4853, 8, 8 
53335, 8, 8 
12190, 8, 8 
8536, 8, 8 
8148, 8, 8 
56976, 8, 8 
48115, 8, 8 
20732, 8, 8 
21475, 8, 8 
1237, 8, 8 
35237, 8, 8 
37891, 8, 8 
52398, 8, 8 
24589, 8, 8 
1296, 8, 8 
50660, 8, 8 
36754, 8, 8 
37709, 8, 8 
40750, 8, 8 
58643, 8, 8 
13171, 8, 8 
9076, 8, 8 
36913, 8, 8 
47512, 8, 8 
25799, 8, 8 
39991, 8, 8 
21188, 8, 8 
4440, 8, 8 
33802, 8, 8 
30397, 8, 8 
6022, 8, 8 
14611, 8, 8 
27348, 8, 8 
59067, 8, 8 
28306, 8, 8 
34933, 8, 8 
51705, 8, 8 
7376, 8, 8 
30407, 8, 8 
55430, 8, 8 
47582, 8, 8 
55683, 8, 8 
1484, 8, 8 
2063, 8, 8 
31770, 8, 8 
6417, 8, 8 
3630, 8, 8 
27294, 8, 8 
35383, 8, 8 
28419, 8, 8 
38237, 8, 8 
25776, 8, 8 
11063, 8, 8 
29132, 8, 8 
58595, 8, 8 
45938, 8, 8 
14640, 8, 8 
47425, 8, 8 
22308, 8, 8 
26122, 8, 8 
55741, 8, 8 
19911, 8, 8 
6957, 8, 8 
19807, 8, 8 
56858, 8, 8 
24760, 8, 8 
57090, 8, 8 
45649, 8, 8 
54136, 8, 8 
55122, 8, 8 
46313, 8, 8 
55606, 8, 8 
4637, 8, 8 
7121, 8, 8 
38725, 8, 8 
6322, 8, 8 
2951, 8, 8 
51450, 8, 8 
40022, 8, 8 
12198, 8, 8 
59270, 8, 8 
26786, 8, 8 
38273, 8, 8 
59274, 8, 8 
55293, 8, 8 
22241, 8, 8 
2668, 8, 8 
43629, 8, 8 
14826, 8, 8 
41271, 8, 8 
36865, 8, 8 
36891, 8, 8 
24460, 8, 8 
15424, 8, 8 
41481, 8, 8 
17804, 8, 8 
58186, 8, 8 
10575, 8, 8 
40928, 8, 8 
57084, 8, 8 
4383, 8, 8 
52699, 8, 8 
45842, 8, 8 
26987, 8, 8 
44069, 8, 8 
41801, 8, 8 
20491, 8, 8 
13176, 8, 8 
52070, 8, 8 
39778, 8, 8 
28710, 8, 8 
34910, 8, 8 
1464, 8, 8 
37933, 8, 8 
26200, 8, 8 
32722, 8, 8 
47896, 8, 8 
53681, 8, 8 
34554, 8, 8 
1086, 8, 8 
25360, 8, 8 
20880, 8, 8 
52884, 8, 8 
31600, 8, 8 
35005, 8, 8 
47563, 8, 8 
57955, 8, 8 
15406, 8, 8 
11984, 8, 8 
13341, 8, 8 
39378, 8, 8 
25477, 8, 8 
46872, 8, 8 
3014, 8, 8 
20408, 8, 8 
47648, 8, 8 
34257, 8, 8 
18126, 8, 8 
54117, 8, 8 
47525, 8, 8 
30967, 8, 8 
3082, 8, 8 
45585, 8, 8 
53569, 8, 8 
32735, 8, 8 
16826, 8, 8 
33481, 8, 8 
58615, 8, 8 
52954, 8, 8 
8132, 8, 8 
30738, 8, 8 
41495, 8, 8 
32046, 8, 8 
13954, 8, 8 
50530, 8, 8 
32747, 8, 8 
22532, 8, 8 
40275, 8, 8 
48289, 8, 8 
5696, 8, 8 
6803, 8, 8 
37776, 8, 8 
39135, 8, 8 
29092, 8, 8 
57484, 8, 8 
20524, 8, 8 
18872, 8, 8 
58776, 8, 8 
2215, 8, 8 
14477, 8, 8 
25250, 8, 8 
7799, 8, 8 
34320, 8, 8 
15723, 8, 8 
21384, 8, 8 
5557, 8, 8 
48828, 8, 8 
54564, 8, 8 
26908, 8, 8 
17499, 8, 8 
27568, 8, 8 
4598, 8, 8 
19951, 8, 8 
56502, 8, 8 
13189, 8, 8 
31034, 8, 8 
38866, 8, 8 
53203, 8, 8 
11722, 8, 8 
16266, 8, 8 
14665, 8, 8 
26852, 8, 4 
44514, 8, 8 
39092, 8, 8 
12378, 8, 8 
32253, 8, 8 
40158, 8, 8 
46222, 8, 8 
21315, 8, 8 
50965, 8, 8 
13632, 8, 8 
23376, 8, 8 
42661, 8, 8 
21399, 8, 8 
31474, 8, 8 
48329, 8, 8 
52157, 8, 8 
38387, 8, 8 
25710, 8, 8 
42155, 8, 8 
21733, 8, 8 
47660, 8, 8 
21656, 8, 8 
6321, 8, 8 
15724, 8, 8 
36473, 8, 8 
30581, 8, 8 
45379, 8, 8 
8892, 8, 8 
25400, 8, 8 
12586, 8, 8 
16790, 8, 8 
22934, 8, 8 
19605, 8, 8 
6924, 8, 8 
44874, 8, 8 
44624, 8, 8 
26660, 8, 8 
27386, 8, 8 
2068, 8, 8 
53028, 8, 8 
23987, 8, 8 
35025, 8, 8 
7142, 8, 8 
59309, 8, 8 
7674, 8, 8 
21868, 8, 8 
13122, 8, 8 
52067, 8, 8 
48407, 8, 8 
13393, 8, 8 
42691, 8, 8 
7048, 8, 8 
15501, 8, 8 
30777, 8, 8 
57021, 8, 1 
1776, 8, 8 
43824, 8, 8 
14845, 8, 8 
4434, 8, 8 
20472, 8, 8 
52662, 8, 8 
35843, 8, 8 
58394, 8, 8 
2383, 8, 8 
545, 8, 8 
50429, 8, 8 
53462, 8, 8 
34500, 8, 5 
33514, 8, 8 
22568, 8, 8 
39456, 8, 8 
18419, 8, 8 
31444, 8, 8 
49804, 8, 8 
17825, 8, 8 
47597, 8, 8 
20217, 8, 8 
51008, 8, 8 
38807, 8, 8 
7665, 8, 8 
51341, 8, 8 
32639, 8, 8 
445, 8, 8 
23562, 8, 8 
15636, 8, 8 
21708, 8, 8 
5394, 8, 8 
25661, 8, 8 
59101, 8, 8 
44270, 8, 8 
21421, 8, 8 
16230, 8, 8 
11211, 8, 8 
20363, 8, 8 
53445, 8, 8 
57038, 8, 8 
1254, 8, 8 
10079, 8, 8 
58168, 8, 8 
44122, 8, 8 
33072, 8, 8 
37456, 8, 8 
2577, 8, 8 
17111, 8, 8 
52533, 8, 8 
27608, 8, 8 
28719, 8, 8 
32076, 8, 8 
38791, 8, 8 
29082, 8, 8 
20352, 8, 8 
4448, 8, 8 
46699, 8, 8 
13423, 8, 8 
31313, 8, 8 
19458, 8, 8 
27017, 8, 8 
47498, 8, 8 
48110, 8, 8 
52292, 8, 8 
53186, 8, 8 
55968, 8, 8 
16277, 8, 8 
50413, 8, 8 
51897, 8, 8 
9364, 8, 8 
34460, 8, 8 
56956, 8, 8 
47080, 8, 8 
20973, 8, 8 
4537, 8, 8 
20580, 8, 8 
58371, 8, 8 
27849, 8, 8 
51846, 8, 8 
9789, 8, 8 
51424, 8, 8 
8366, 8, 8 
54192, 8, 8 
56145, 8, 8 
25563, 8, 8 
25320, 8, 8 
23048, 8, 8 
43548, 8, 8 
3619, 8, 8 
53721, 8, 8 
20889, 8, 8 
44929, 8, 8 
6006, 8, 8 
1745, 8, 8 
51326, 8, 8 
43242, 8, 8 
49279, 8, 8 
27269, 8, 8 
22365, 8, 8 
28751, 8, 8 
18533, 8, 8 
49439, 8, 8 
36270, 8, 8 
11750, 8, 8 
26135, 8, 8 
393, 8, 8 
49259, 8, 8 
10222, 8, 8 
52944, 8, 8 
20607, 8, 8 
44343, 8, 8 
52592, 8, 8 
32806, 8, 8 
43754, 8, 8 
57244, 8, 8 
6697, 8, 8 
10482, 8, 8 
18014, 8, 8 
49543, 8, 8 
12308, 8, 8 
33631, 8, 8 
37527, 8, 8 
45117, 8, 8 
32400, 8, 8 
48495, 8, 8 
32407, 8, 8 
47959, 8, 8 
50873, 8, 8 
22893, 8, 8 
11506, 8, 8 
48406, 8, 8 
34912, 8, 8 
44695, 8, 8 
18338, 8, 8 
40381, 8, 8 
43099, 8, 8 
43410, 8, 8 
50597, 8, 8 
37808, 8, 8 
55697, 8, 8 
2117, 8, 8 
51172, 8, 8 
33766, 8, 8 
35471, 8, 8 
57392, 8, 8 
12295, 8, 8 
28297, 8, 8 
37771, 8, 8 
46827, 8, 8 
24598, 8, 8 
8181, 8, 8 
53071, 8, 8 
2001, 8, 8 
36507, 9, 9 
9838, 9, 9 
56807, 9, 9 
18377, 9, 9 
50927, 9, 9 
34876, 9, 9 
7545, 9, 9 
26426, 9, 9 
38969, 9, 9 
10820, 9, 9 
32256, 9, 9 
29923, 9, 9 
35556, 9, 9 
25965, 9, 9 
12535, 9, 9 
25463, 9, 9 
6564, 9, 9 
39753, 9, 9 
30003, 9, 9 
793, 9, 9 
49030, 9, 9 
46537, 9, 9 
53597, 9, 9 
887, 9, 9 
28547, 9, 9 
34822, 9, 9 
51334, 9, 9 
54467, 9, 9 
26316, 9, 9 
6438, 9, 9 
27774, 9, 9 
27766, 9, 9 
49313, 9, 9 
57052, 9, 9 
24916, 9, 9 
57753, 9, 9 
43310, 9, 9 
41942, 9, 9 
53616, 9, 9 
37391, 9, 9 
42465, 9, 9 
31675, 9, 9 
37026, 9, 9 
36793, 9, 9 
57374, 9, 9 
12651, 9, 9 
5918, 9, 9 
23864, 9, 9 
56230, 9, 9 
15446, 9, 9 
56478, 9, 9 
8005, 9, 9 
32749, 9, 9 
36934, 9, 9 
34013, 9, 9 
56062, 9, 9 
50174, 9, 9 
38704, 9, 9 
28574, 9, 4 
56135, 9, 9 
28213, 9, 9 
41178, 9, 9 
58422, 9, 9 
14493, 9, 9 
36370, 9, 9 
28750, 9, 9 
53238, 9, 9 
32916, 9, 9 
23743, 9, 9 
14127, 9, 9 
8322, 9, 9 
22316, 9, 9 
59858, 9, 9 
17297, 9, 9 
8356, 9, 9 
47657, 9, 9 
32356, 9, 9 
22305, 9, 9 
46064, 9, 9 
56577, 9, 9 
18241, 9, 9 
34072, 9, 9 
31621, 9, 9 
47178, 9, 9 
14254, 9, 9 
36906, 9, 9 
45178, 9, 9 
50144, 9, 9 
15326, 9, 9 
10706, 9, 9 
35188, 9, 9 
19806, 9, 9 
29475, 9, 9 
18677, 9, 9 
14358, 9, 9 
8424, 9, 9 
2321, 9, 9 
53216, 9, 0 
56829, 9, 9 
10186, 9, 9 
30257, 9, 9 
57551, 9, 9 
51012, 9, 9 
28448, 9, 9 
8669, 9, 9 
26361, 9, 9 
2453, 9, 9 
1794, 9, 9 
51318, 9, 9 
45525, 9, 9 
27521, 9, 9 
54064, 9, 9 
27342, 9, 9 
32679, 9, 9 
26424, 9, 9 
27515, 9, 9 
45034, 9, 9 
50248, 9, 9 
57728, 9, 5 
57563, 9, 9 
58437, 9, 9 
16859, 9, 9 
42426, 9, 9 
14331, 9, 9 
40006, 9, 9 
11078, 9, 9 
44010, 9, 9 
24305, 9, 9 
3277, 9, 9 
58213, 9, 9 
52061, 9, 9 
20115, 9, 9 
41792, 9, 9 
41270, 9, 9 
38182, 9, 9 
21344, 9, 9 
2033, 9, 9 
32777, 9, 9 
27953, 9, 9 
8059, 9, 9 
20376, 9, 9 
24911, 9, 9 
42946, 9, 9 
58274, 9, 9 
932, 9, 9 
8776, 9, 9 
27611, 9, 9 
29302, 9, 9 
43738, 9, 9 
16953, 9, 9 
29072, 9, 9 
59295, 9, 9 
20103, 9, 9 
36148, 9, 9 
30776, 9, 9 
22334, 9, 9 
39179, 9, 9 
27440, 9, 9 
55539, 9, 9 
16878, 9, 9 
42059, 9, 9 
57246, 9, 9 
10784, 9, 9 
49608, 9, 9 
15562, 9, 9 
12570, 9, 9 
37352, 9, 9 
35506, 9, 9 
4222, 9, 9 
16734, 9, 9 
49801, 9, 9 
17939, 9, 9 
24454, 9, 9 
14743, 9, 9 
16253, 9, 9 
54944, 9, 9 
50806, 9, 9 
18859, 9, 9 
56607, 9, 9 
56713, 9, 9 
10382, 9, 9 
57854, 9, 9 
14281, 9, 9 
7087, 9, 9 
20871, 9, 9 
13362, 9, 9 
37466, 9, 9 
12925, 9, 9 
50358, 9, 9 
24756, 9, 9 
8802, 9, 9 
58577, 9, 9 
2633, 9, 9 
5165, 9, 9 
23314, 9, 9 
50973, 9, 9 
29947, 9, 9 
56839, 9, 9 
2006, 9, 9 
32983, 9, 9 
16770, 9, 9 
39333, 9, 9 
5316, 9, 9 
8393, 9, 9 
22549, 9, 9 
9949, 9, 9 
6285, 9, 9 
9118, 9, 9 
30099, 9, 9 
34688, 9, 9 
37211, 9, 9 
17692, 9, 9 
19910, 9, 9 
46662, 9, 9 
14915, 9, 9 
29495, 9, 9 
47353, 9, 9 
26336, 9, 9 
9613, 9, 9 
22503, 9, 9 
54509, 9, 9 
35603, 9, 9 
15832, 9, 9 
58529, 9, 9 
49653, 9, 9 
55856, 9, 9 
5869, 9, 9 
5523, 9, 9 
26220, 9, 9 
27107, 9, 9 
9713, 9, 9 
10438, 9, 9 
58519, 9, 9 
12305, 9, 9 
44762, 9, 9 
43830, 9, 9 
59131, 9, 9 
17310, 9, 9 
1552, 9, 9 
6779, 9, 9 
26870, 9, 9 
3186, 9, 9 
1937, 9, 9 
20683, 9, 9 
21072, 9, 9 
47659, 9, 9 
30395, 9, 9 
10198, 9, 9 
29137, 9, 9 
12443, 9, 9 
32271, 9, 9 
2465, 9, 9 
46176, 9, 9 
8467, 9, 9 
21756, 9, 9 
47091, 9, 9 
22437, 9, 9 
51168, 9, 9 
35084, 9, 9 
54713, 9, 9 
56348, 9, 9 
51582, 9, 9 
46987, 9, 9 
53055, 9, 9 
17708, 9, 9 
24300, 9, 9 
33544, 9, 9 
3022, 9, 9 
11633, 9, 9 
43543, 9, 9 
12789, 9, 9 
10597, 9, 9 
38344, 9, 9 
55889, 9, 9 
13806, 9, 9 
15860, 9, 9 
52427, 9, 9 
21378, 9, 9 
30834, 9, 9 
34126, 9, 9 
32239, 9, 9 
21377, 9, 9 
59287, 9, 9 
7952, 9, 9 
29802, 9, 9 
54098, 9, 9 
55859, 9, 9 
32251, 9, 9 
53154, 9, 9 
55235, 9, 9 
29502, 9, 9 
40300, 9, 9 
18733, 9, 9 
18350, 9, 9 
15654, 9, 9 
55938, 9, 9 
48245, 9, 9 
29084, 9, 9 
25828, 9, 9 
20641, 9, 9 
35292, 9, 9 
21876, 9, 9 
9817, 9, 9 
5878, 9, 9 
37318, 9, 9 
57759, 9, 9 
53676, 9, 9 
45465, 9, 9 
37357, 9, 9 
25372, 9, 9 
37029, 9, 9 
29847, 9, 9 
170, 9, 9 
55247, 9, 9 
28058, 9, 9 
7148, 9, 9 
772, 9, 9 
11452, 9, 9 
31088, 9, 9 
40050, 9, 9 
51531, 9, 9 
35368, 9, 9 
39834, 9, 9 
38795, 9, 9 
26682, 9, 9 
16702, 9, 9 
20820, 9, 9 
5817, 9, 9 
56753, 9, 9 
59604, 9, 9 
13752, 9, 9 
6934, 9, 9 
9304, 9, 9 
9347, 9, 9 
21957, 9, 9 
12257, 9, 9 
18700, 9, 9 
20925, 9, 9 
21631, 9, 9 
35189, 9, 9 
37126, 9, 9 
37688, 9, 9 
23976, 9, 9 
34544, 9, 9 
46589, 9, 9 
48257, 9, 9 
21657, 9, 9 
23619, 9, 9 
19126, 9, 9 
21639, 9, 9 
31336, 9, 9 
30910, 9, 9 
20241, 9, 9 
2438, 9, 9 
27391, 9, 9 
40855, 9, 9 
41251, 9, 9 
42551, 9, 9 
45380, 9, 9 
32891, 9, 9 
14077, 9, 9 
20075, 9, 9 
35647, 9, 9 
12320, 9, 9 
29369, 9, 9 
59927, 9, 9 
56152, 9, 9 
40499, 9, 9 
36201, 9, 9 
1610, 9, 9 
46123, 9, 9 
32429, 9, 9 
16801, 9, 9 
38880, 9, 9 
48388, 9, 9 
29552, 9, 9 
32260, 9, 9 
16981, 9, 9 
47390, 9, 9 
53964, 9, 9 
34838, 9, 9 
50746, 9, 9 
41855, 9, 9 
34482, 9, 9 
5404, 9, 9 
30204, 9, 9 
32504, 9, 9 
28625, 9, 9 
54057, 9, 9 
5726, 9, 9 
58696, 9, 9 
50030, 9, 9 
9129, 9, 9 
31934, 9, 9 
42718, 9, 9 
57299, 9, 9 
29286, 9, 9 
16827, 9, 9 
38426, 9, 9 
55465, 9, 9 
19730, 9, 9 
45201, 9, 9 
13904, 9, 9 
22471, 9, 9 
54026, 9, 9 
550, 9, 9 
42152, 9, 9 
19403, 9, 9 
57072, 9, 9 
40984, 9, 9 
17785, 9, 9 
5426, 9, 9 
14956, 9, 9 
36720, 9, 9 
31337, 9, 9 
29973, 9, 9 
29445, 9, 9 
3481, 9, 9 
9835, 9, 9 
24270, 9, 9 
34104, 9, 9 
37283, 9, 9 
50816, 9, 9 
26005, 9, 9 
31262, 9, 9 
53752, 9, 9 
7256, 9, 9 
8127, 9, 9 
33599, 9, 9 
19596, 9, 9 
20830, 9, 9 
5860, 9, 9 
41510, 9, 9 
36104, 9, 7 
167, 9, 9 
22086, 9, 9 
54275, 9, 9 
52672, 9, 9 
6376, 9, 9 
20861, 9, 9 
25664, 9, 9 
39234, 9, 9 
55364, 9, 9 
49640, 9, 9 
14058, 9, 9 
57638, 9, 9 
54989, 9, 9 
15644, 9, 9 
18698, 9, 9 
51945, 9, 9 
30805, 9, 9 
34983, 9, 9 
18744, 9, 9 
13178, 9, 9 
4056, 9, 9 
14680, 9, 9 
52546, 9, 9 
29091, 9, 9 
24507, 9, 9 
25502, 9, 9 
57729, 9, 9 
14667, 9, 9 
49740, 9, 9 
29513, 9, 9 
29874, 9, 9 
11474, 9, 9 
29201, 9, 9 
40667, 9, 9 
5219, 9, 9 
3786, 9, 9 
50099, 9, 9 
35941, 9, 9 
15360, 9, 9 
26527, 9, 9 
15162, 9, 9 
3382, 9, 9 
54538, 9, 9 
44244, 9, 9 
45689, 9, 9 
27383, 9, 9 
48548, 9, 9 
4968, 9, 9 
33653, 9, 9 
1643, 9, 9 
49371, 9, 9 
29332, 9, 9 
11580, 9, 9 
6459, 9, 9 
14787, 9, 9 
28808, 9, 9 
8601, 9, 9 
29078, 9, 9 
17081, 9, 9 
55347, 9, 9 
42109, 9, 9 
59634, 9, 9 
59325, 9, 9 
43385, 9, 9 
29591, 9, 9 
55401, 9, 9 
