id, true label, predicted label 
15904, 0, 0 
19308, 0, 0 
22254, 0, 0 
47167, 0, 0 
33042, 0, 0 
25961, 1, 1 
48061, 1, 1 
38328, 1, 1 
58341, 1, 1 
23852, 1, 1 
22188, 2, 2 
25272, 2, 2 
44611, 2, 2 
43479, 2, 2 
28603, 2, 2 
52168, 3, 3 
59471, 3, 3 
20377, 3, 3 
36154, 3, 3 
20222, 3, 3 
38131, 4, 4 
19952, 4, 4 
41870, 4, 4 
53363, 4, 4 
52589, 4, 4 
5378, 5, 5 
46700, 5, 5 
41759, 5, 5 
32822, 5, 5 
11265, 5, 5 
21239, 6, 6 
23236, 6, 6 
15960, 6, 6 
13780, 6, 6 
14292, 6, 6 
7420, 7, 7 
12941, 7, 7 
24505, 7, 7 
20002, 7, 7 
36430, 7, 7 
42076, 8, 8 
16725, 8, 8 
40296, 8, 8 
53112, 8, 8 
25081, 8, 8 
19715, 9, 9 
24398, 9, 9 
51318, 9, 9 
59385, 9, 9 
37318, 9, 9 
