id, true label, predicted label 
7753, 0, 0 
33670, 0, 0 
18159, 0, 0 
36090, 0, 0 
36741, 0, 0 
24405, 1, 1 
59882, 1, 1 
34531, 1, 1 
24487, 1, 1 
41487, 1, 1 
53138, 2, 2 
18084, 2, 2 
57939, 2, 2 
42115, 2, 2 
23481, 2, 2 
21647, 3, 3 
43875, 3, 3 
59195, 3, 3 
21018, 3, 3 
18920, 3, 3 
36435, 4, 4 
11167, 4, 4 
9148, 4, 4 
25438, 4, 4 
6817, 4, 4 
11725, 5, 5 
16910, 5, 5 
11936, 5, 5 
59546, 5, 5 
19920, 5, 5 
12167, 6, 6 
58842, 6, 6 
39385, 6, 6 
30557, 6, 6 
27021, 6, 6 
2881, 7, 7 
54561, 7, 7 
2743, 7, 7 
35177, 7, 7 
39060, 7, 7 
25256, 8, 8 
7636, 8, 8 
16725, 8, 8 
11161, 8, 8 
22289, 8, 8 
8641, 9, 9 
30756, 9, 9 
13111, 9, 9 
20818, 9, 9 
57219, 9, 9 
