id, true label, predicted label 
23395, 0, 0 
21747, 0, 0 
2974, 0, 0 
31753, 0, 0 
28607, 0, 0 
59586, 1, 1 
25274, 1, 1 
39977, 1, 1 
10892, 1, 1 
45204, 1, 1 
1755, 2, 2 
25150, 2, 2 
16472, 2, 2 
3078, 2, 2 
16576, 2, 2 
41943, 3, 3 
39215, 3, 3 
39124, 3, 3 
11221, 3, 3 
19962, 3, 3 
2390, 4, 4 
20338, 4, 4 
6127, 4, 4 
25170, 4, 4 
20617, 4, 4 
48731, 5, 5 
16487, 5, 5 
29912, 5, 5 
47115, 5, 5 
53443, 5, 5 
421, 6, 6 
56568, 6, 6 
13220, 6, 6 
25226, 6, 6 
33919, 6, 6 
37673, 7, 7 
23698, 7, 7 
56052, 7, 7 
29900, 7, 7 
44708, 7, 7 
19137, 8, 8 
45896, 8, 8 
34691, 8, 8 
39832, 8, 8 
13869, 8, 8 
24305, 9, 9 
44438, 9, 9 
6589, 9, 9 
227, 9, 9 
40890, 9, 9 
