id, true label, predicted label 
2483, 0, 0 
28296, 0, 0 
34714, 0, 0 
46603, 0, 0 
54102, 0, 0 
18546, 1, 1 
55267, 1, 1 
44705, 1, 1 
36822, 1, 1 
38774, 1, 1 
27571, 2, 2 
34250, 2, 2 
13406, 2, 2 
38216, 2, 2 
43899, 2, 2 
19195, 3, 3 
25116, 3, 3 
51915, 3, 3 
8017, 3, 3 
23156, 3, 3 
57861, 4, 4 
14695, 4, 4 
14187, 4, 4 
53546, 4, 4 
11988, 4, 4 
10831, 5, 5 
38059, 5, 5 
6776, 5, 5 
51718, 5, 5 
53466, 5, 5 
23937, 6, 6 
27702, 6, 6 
51920, 6, 6 
9305, 6, 6 
31516, 6, 6 
36926, 7, 7 
27621, 7, 7 
56900, 7, 7 
13933, 7, 7 
2558, 7, 7 
3148, 8, 8 
11067, 8, 8 
48737, 8, 8 
54469, 8, 8 
41115, 8, 8 
16303, 9, 9 
42385, 9, 9 
42344, 9, 9 
31783, 9, 9 
17702, 9, 9 
