id, true label, predicted label 
49354, 0, 0 
9067, 0, 0 
3443, 0, 0 
57034, 0, 0 
33465, 0, 0 
27879, 1, 1 
15427, 1, 1 
17259, 1, 1 
21594, 1, 1 
13273, 1, 1 
30970, 2, 2 
29646, 2, 2 
26932, 2, 2 
35835, 2, 2 
9377, 2, 2 
31641, 3, 3 
14855, 3, 3 
1185, 3, 3 
17077, 3, 3 
3347, 3, 3 
26111, 4, 4 
14424, 4, 4 
882, 4, 4 
53618, 4, 4 
52838, 4, 4 
28846, 5, 5 
27296, 5, 5 
47983, 5, 5 
39999, 5, 5 
20628, 5, 5 
29096, 6, 6 
23450, 6, 6 
42530, 6, 6 
45228, 6, 6 
42335, 6, 6 
1858, 7, 7 
17961, 7, 7 
47286, 7, 7 
8502, 7, 7 
28082, 7, 7 
11239, 8, 8 
18618, 8, 8 
27524, 8, 8 
26737, 8, 8 
47312, 8, 8 
5125, 9, 9 
17317, 9, 9 
10685, 9, 9 
35647, 9, 9 
16173, 9, 9 
