id, true label, predicted label 
36562, 0, 0 
17009, 0, 0 
57887, 0, 0 
13081, 0, 0 
54141, 0, 0 
10842, 1, 1 
46823, 1, 1 
23844, 1, 1 
40464, 1, 1 
11883, 1, 1 
53989, 2, 2 
45998, 2, 2 
37568, 2, 2 
13613, 2, 2 
31884, 2, 2 
8475, 3, 3 
9620, 3, 3 
12225, 3, 3 
17242, 3, 3 
12709, 3, 3 
2772, 4, 4 
28942, 4, 4 
33127, 4, 4 
10626, 4, 4 
44291, 4, 4 
49705, 5, 5 
44810, 5, 5 
59201, 5, 5 
31618, 5, 5 
40194, 5, 5 
47687, 6, 6 
9239, 6, 6 
59928, 6, 6 
35861, 6, 6 
33929, 6, 6 
47067, 7, 7 
34378, 7, 7 
56694, 7, 7 
23951, 7, 7 
8114, 7, 7 
24137, 8, 8 
23296, 8, 8 
51431, 8, 8 
13062, 8, 8 
44616, 8, 8 
31226, 9, 9 
24285, 9, 9 
3506, 9, 9 
58245, 9, 9 
7492, 9, 9 
