id, true label, predicted label 
14461, 0, 0 
48227, 0, 0 
26475, 0, 0 
11834, 0, 0 
13005, 0, 0 
27792, 1, 1 
17129, 1, 1 
2505, 1, 1 
3561, 1, 1 
14734, 1, 1 
34441, 2, 2 
50527, 2, 2 
40597, 2, 2 
27374, 2, 2 
48334, 2, 2 
1470, 3, 3 
10676, 3, 3 
22304, 3, 3 
10696, 3, 3 
30984, 3, 3 
28487, 4, 4 
46843, 4, 4 
32583, 4, 4 
36867, 4, 4 
8796, 4, 4 
19862, 5, 5 
13991, 5, 5 
6849, 5, 5 
2999, 5, 5 
13368, 5, 5 
23790, 6, 6 
31342, 6, 6 
36903, 6, 6 
29392, 6, 6 
40191, 6, 6 
22348, 7, 7 
25370, 7, 7 
39863, 7, 7 
29796, 7, 7 
25128, 7, 7 
58201, 8, 8 
38067, 8, 8 
30325, 8, 8 
2117, 8, 8 
44997, 8, 8 
56494, 9, 9 
39614, 9, 9 
14010, 9, 9 
28055, 9, 9 
52506, 9, 9 
