id, true label, predicted label 
889, 0, 0 
10069, 0, 0 
17755, 0, 0 
3529, 0, 0 
42985, 0, 0 
8895, 1, 1 
11362, 1, 1 
19411, 1, 1 
38558, 1, 1 
48844, 1, 1 
28958, 2, 2 
25838, 2, 2 
56664, 2, 2 
51751, 2, 2 
58512, 2, 2 
12151, 3, 3 
46211, 3, 3 
40374, 3, 3 
40639, 3, 3 
42220, 3, 3 
36634, 4, 4 
38616, 4, 4 
31669, 4, 4 
59283, 4, 4 
53596, 4, 4 
59212, 5, 5 
20017, 5, 5 
19825, 5, 5 
24799, 5, 5 
16926, 5, 5 
45851, 6, 6 
15084, 6, 6 
14031, 6, 6 
13970, 6, 6 
45274, 6, 6 
20134, 7, 7 
16962, 7, 7 
54565, 7, 7 
34970, 7, 7 
38857, 7, 7 
51954, 8, 8 
17302, 8, 8 
39915, 8, 8 
35005, 8, 8 
47066, 8, 8 
7886, 9, 9 
41135, 9, 9 
53845, 9, 9 
26275, 9, 9 
35666, 9, 9 
