id, true label, predicted label 
20533, 0, 0 
14712, 0, 0 
50566, 0, 0 
18914, 0, 0 
27583, 0, 0 
16991, 1, 1 
51483, 1, 1 
32842, 1, 1 
11917, 1, 1 
56945, 1, 1 
19444, 2, 2 
26690, 2, 2 
37515, 2, 2 
52938, 2, 2 
40461, 2, 2 
53938, 3, 3 
29896, 3, 3 
53815, 3, 3 
30650, 3, 3 
42794, 3, 3 
48018, 4, 4 
59413, 4, 4 
33720, 4, 4 
47779, 4, 4 
2317, 4, 4 
24068, 5, 5 
45423, 5, 5 
41241, 5, 5 
47629, 5, 5 
38038, 5, 5 
8860, 6, 6 
33379, 6, 6 
6085, 6, 6 
43682, 6, 6 
129, 6, 6 
7010, 7, 7 
2271, 7, 7 
45951, 7, 7 
38447, 7, 7 
53944, 7, 7 
39915, 8, 8 
57054, 8, 8 
20630, 8, 8 
15502, 8, 8 
57060, 8, 8 
52556, 9, 9 
20508, 9, 9 
4329, 9, 9 
33784, 9, 9 
3528, 9, 9 
