id, true label, predicted label 
1040, 0, 0 
24510, 0, 0 
16429, 0, 0 
59319, 0, 0 
56332, 0, 0 
37881, 1, 1 
53899, 1, 1 
26238, 1, 1 
25235, 1, 1 
11857, 1, 1 
37526, 2, 2 
32590, 2, 2 
28067, 2, 2 
18713, 2, 2 
48951, 2, 2 
9680, 3, 3 
20099, 3, 3 
21720, 3, 3 
25078, 3, 3 
40490, 3, 3 
8950, 4, 4 
33115, 4, 4 
3732, 4, 4 
47500, 4, 4 
40573, 4, 4 
54202, 5, 5 
3563, 5, 5 
24232, 5, 5 
37004, 5, 5 
40733, 5, 5 
37390, 6, 6 
4314, 6, 6 
33751, 6, 6 
20480, 6, 6 
52912, 6, 6 
38504, 7, 7 
55147, 7, 7 
43005, 7, 7 
37775, 7, 7 
7403, 7, 7 
2400, 8, 8 
23035, 8, 8 
18674, 8, 8 
2067, 8, 8 
17128, 8, 8 
51938, 9, 9 
15049, 9, 9 
30263, 9, 9 
33860, 9, 9 
15167, 9, 9 
