id, true label, predicted label 
52409, 0, 0 
31367, 0, 0 
30331, 0, 0 
54980, 0, 0 
5096, 0, 0 
38976, 1, 1 
41839, 1, 1 
58368, 1, 1 
52058, 1, 1 
51197, 1, 1 
30356, 2, 2 
34155, 2, 2 
18135, 2, 2 
53720, 2, 2 
35770, 2, 2 
3435, 3, 3 
8405, 3, 3 
4250, 3, 3 
25882, 3, 3 
42087, 3, 3 
23936, 4, 4 
51382, 4, 4 
57938, 4, 4 
56642, 4, 4 
44100, 4, 4 
1356, 5, 5 
59997, 5, 5 
28172, 5, 5 
13747, 5, 5 
7081, 5, 5 
4560, 6, 6 
53005, 6, 6 
5071, 6, 6 
29169, 6, 6 
19197, 6, 6 
6064, 7, 7 
1057, 7, 7 
6866, 7, 7 
27341, 7, 7 
9416, 7, 7 
47401, 8, 8 
44286, 8, 8 
23669, 8, 8 
33439, 8, 8 
53285, 8, 8 
34983, 9, 9 
24062, 9, 9 
46146, 9, 9 
13971, 9, 9 
864, 9, 9 
