id, true label, predicted label 
5108, 0, 0 
9688, 0, 0 
55911, 0, 0 
52621, 0, 0 
9985, 0, 0 
11715, 1, 1 
53604, 1, 1 
2663, 1, 1 
27091, 1, 3 
58685, 1, 1 
55662, 2, 2 
38665, 2, 2 
24968, 2, 2 
48926, 2, 2 
52602, 2, 2 
43853, 3, 3 
675, 3, 3 
1158, 3, 3 
37229, 3, 3 
21685, 3, 3 
29942, 4, 4 
11283, 4, 9 
58474, 4, 4 
44587, 4, 4 
20794, 4, 4 
34711, 5, 5 
6772, 5, 5 
10891, 5, 5 
44804, 5, 5 
21059, 5, 5 
56463, 6, 6 
48714, 6, 6 
43640, 6, 6 
11589, 6, 6 
4990, 6, 6 
59767, 7, 7 
2778, 7, 7 
45583, 7, 7 
25833, 7, 7 
3780, 7, 7 
47051, 8, 8 
15267, 8, 8 
20660, 8, 8 
22290, 8, 8 
42238, 8, 8 
58898, 9, 9 
2351, 9, 9 
51654, 9, 9 
38205, 9, 9 
58680, 9, 9 
