id, true label, predicted label 
32268, 0, 0 
52048, 0, 0 
26656, 0, 0 
15191, 0, 0 
50804, 0, 0 
18115, 1, 1 
25003, 1, 1 
50685, 1, 1 
47721, 1, 1 
34403, 1, 1 
22146, 2, 2 
24982, 2, 2 
45028, 2, 2 
22026, 2, 2 
59374, 2, 2 
17710, 3, 3 
12338, 3, 3 
10887, 3, 3 
15336, 3, 3 
55054, 3, 3 
6955, 4, 4 
36218, 4, 4 
10150, 4, 4 
52015, 4, 4 
44386, 4, 4 
22393, 5, 5 
50959, 5, 5 
4665, 5, 5 
14471, 5, 5 
46203, 5, 5 
5485, 6, 6 
34492, 6, 6 
5693, 6, 6 
57860, 6, 6 
27268, 6, 6 
46765, 7, 7 
34998, 7, 7 
54964, 7, 7 
51279, 7, 7 
4000, 7, 7 
59729, 8, 8 
14941, 8, 8 
17628, 8, 8 
32199, 8, 8 
17027, 8, 8 
8998, 9, 9 
51956, 9, 9 
29036, 9, 9 
20270, 9, 9 
58096, 9, 9 
