id, true label, predicted label 
18137, 0, 0 
44838, 0, 0 
41187, 0, 0 
21028, 0, 0 
38949, 0, 0 
9292, 1, 1 
26789, 1, 1 
34359, 1, 1 
30524, 1, 1 
7656, 1, 1 
43331, 2, 2 
7554, 2, 2 
43975, 2, 2 
26083, 2, 2 
41516, 2, 2 
992, 3, 3 
479, 3, 3 
15847, 3, 3 
23225, 3, 3 
55831, 3, 3 
32469, 4, 4 
5038, 4, 4 
58105, 4, 4 
49982, 4, 4 
6312, 4, 4 
22042, 5, 5 
4801, 5, 5 
17016, 5, 5 
24579, 5, 5 
7154, 5, 5 
48778, 6, 6 
19881, 6, 6 
52066, 6, 6 
57807, 6, 6 
43462, 6, 6 
25444, 7, 7 
21518, 7, 7 
42403, 7, 7 
50655, 7, 7 
50877, 7, 7 
32206, 8, 8 
21189, 8, 8 
4803, 8, 8 
3482, 8, 8 
53999, 8, 8 
10507, 9, 9 
5457, 9, 9 
14116, 9, 9 
1410, 9, 9 
12767, 9, 9 
