id, true label, predicted label 
27436, 0, 0 
30425, 0, 0 
53575, 0, 0 
34706, 0, 0 
4773, 0, 0 
13112, 1, 1 
53103, 1, 1 
46782, 1, 1 
42947, 1, 1 
10581, 1, 1 
23718, 2, 2 
19423, 2, 2 
48757, 2, 2 
58821, 2, 2 
35220, 2, 2 
10762, 3, 3 
59930, 3, 3 
15572, 3, 3 
17258, 3, 3 
33911, 3, 3 
26992, 4, 4 
2439, 4, 4 
37988, 4, 4 
54041, 4, 4 
12019, 4, 4 
36087, 5, 5 
11850, 5, 5 
25468, 5, 5 
3384, 5, 5 
57132, 5, 5 
37003, 6, 6 
1781, 6, 6 
34703, 6, 6 
42305, 6, 6 
53422, 6, 6 
58972, 7, 7 
728, 7, 7 
41461, 7, 7 
19352, 7, 7 
25013, 7, 7 
54624, 8, 8 
16798, 8, 8 
5220, 8, 8 
45717, 8, 8 
9832, 8, 8 
43830, 9, 9 
33256, 9, 9 
44008, 9, 9 
23876, 9, 9 
32882, 9, 9 
