id, true label, predicted label 
26999, 0, 0 
51960, 0, 0 
5327, 0, 0 
9422, 0, 0 
10334, 0, 0 
32378, 1, 1 
47601, 1, 1 
15929, 1, 1 
42806, 1, 1 
37915, 1, 1 
44090, 2, 2 
40221, 2, 2 
57270, 2, 2 
30291, 2, 2 
48446, 2, 2 
18243, 3, 3 
49156, 3, 3 
55580, 3, 3 
30, 3, 3 
21610, 3, 3 
56072, 4, 4 
16009, 4, 4 
20399, 4, 4 
15214, 4, 4 
52260, 4, 4 
41486, 5, 5 
21734, 5, 5 
18141, 5, 5 
42935, 5, 5 
3384, 5, 5 
45510, 6, 6 
39496, 6, 6 
44011, 6, 6 
20401, 6, 6 
54383, 6, 6 
58778, 7, 7 
23540, 7, 7 
33736, 7, 7 
29756, 7, 7 
55426, 7, 7 
58942, 8, 8 
27613, 8, 8 
17407, 8, 8 
40016, 8, 8 
54006, 8, 8 
35524, 9, 9 
5918, 9, 9 
54961, 9, 9 
21344, 9, 9 
48042, 9, 9 
