id, true label, predicted label 
43092, 0, 0 
14019, 0, 0 
20658, 0, 0 
33640, 0, 0 
43884, 0, 0 
41809, 1, 1 
38572, 1, 1 
47310, 1, 1 
1369, 1, 1 
39196, 1, 1 
32022, 2, 2 
42142, 2, 2 
5908, 2, 2 
16351, 2, 2 
30075, 2, 2 
33194, 3, 3 
50195, 3, 3 
38797, 3, 3 
24651, 3, 3 
23022, 3, 3 
11988, 4, 4 
58037, 4, 4 
32524, 4, 4 
25014, 4, 4 
1149, 4, 4 
8767, 5, 5 
57510, 5, 5 
47718, 5, 5 
2639, 5, 5 
33137, 5, 5 
53949, 6, 6 
52049, 6, 6 
53148, 6, 6 
12735, 6, 6 
51427, 6, 6 
7314, 7, 7 
31699, 7, 7 
6221, 7, 7 
48035, 7, 7 
37394, 7, 7 
59466, 8, 8 
38702, 8, 8 
46395, 8, 8 
58448, 8, 8 
59685, 8, 8 
501, 9, 9 
49386, 9, 9 
18106, 9, 9 
30277, 9, 9 
45605, 9, 9 
