id, true label, predicted label 
18572, 0, 0 
28305, 0, 0 
49848, 0, 0 
15015, 0, 0 
31865, 0, 0 
14271, 1, 1 
26125, 1, 1 
3411, 1, 1 
13334, 1, 1 
31017, 1, 1 
26533, 2, 2 
24557, 2, 2 
32155, 2, 2 
12784, 2, 2 
22548, 2, 2 
33896, 3, 3 
45477, 3, 3 
59760, 3, 3 
12430, 3, 3 
4352, 3, 3 
11040, 4, 4 
34210, 4, 4 
18636, 4, 4 
21307, 4, 4 
40449, 4, 4 
37557, 5, 5 
59377, 5, 5 
4192, 5, 5 
53568, 5, 5 
51794, 5, 5 
25999, 6, 6 
19984, 6, 6 
42234, 6, 6 
30128, 6, 6 
46455, 6, 6 
47127, 7, 7 
32122, 7, 7 
47495, 7, 7 
23767, 7, 7 
31066, 7, 7 
45106, 8, 8 
528, 8, 8 
37628, 8, 8 
15502, 8, 8 
7436, 8, 8 
59634, 9, 9 
5457, 9, 9 
32417, 9, 9 
40477, 9, 9 
15165, 9, 9 
