id, true label, predicted label 
45701, 0, 0 
53195, 0, 0 
55837, 0, 0 
5604, 0, 0 
31430, 0, 0 
9691, 0, 0 
12992, 0, 0 
45112, 0, 0 
39570, 0, 0 
52813, 0, 0 
27407, 0, 0 
59175, 0, 0 
47346, 0, 0 
48727, 0, 0 
35400, 0, 0 
58523, 0, 0 
41252, 0, 0 
23108, 0, 0 
5131, 0, 0 
38599, 0, 0 
22529, 0, 0 
38573, 0, 0 
10691, 0, 0 
19454, 0, 0 
5187, 0, 0 
13450, 0, 0 
50696, 0, 0 
2586, 0, 0 
21602, 0, 0 
33142, 0, 0 
48790, 0, 0 
22981, 0, 0 
42752, 0, 0 
15383, 0, 0 
16803, 0, 0 
6823, 0, 0 
50235, 0, 0 
56715, 0, 0 
14965, 0, 0 
29128, 0, 0 
58738, 0, 0 
28565, 0, 0 
1102, 0, 0 
4201, 0, 0 
21534, 0, 0 
11428, 0, 0 
43366, 0, 0 
31341, 0, 0 
41534, 0, 0 
43186, 0, 0 
19381, 1, 1 
16944, 1, 1 
6521, 1, 1 
45297, 1, 1 
56123, 1, 1 
39568, 1, 1 
45363, 1, 1 
42171, 1, 1 
39437, 1, 1 
57381, 1, 1 
20593, 1, 1 
959, 1, 1 
45677, 1, 1 
32756, 1, 1 
2410, 1, 2 
11326, 1, 1 
40831, 1, 1 
12412, 1, 1 
30508, 1, 8 
40052, 1, 1 
39805, 1, 1 
47993, 1, 1 
9599, 1, 1 
37948, 1, 1 
43316, 1, 1 
10684, 1, 1 
34796, 1, 1 
2136, 1, 1 
59387, 1, 1 
54458, 1, 1 
42435, 1, 1 
12486, 1, 1 
53792, 1, 1 
3373, 1, 1 
33398, 1, 1 
58307, 1, 1 
31647, 1, 1 
43887, 1, 1 
54931, 1, 1 
45572, 1, 1 
17394, 1, 1 
1535, 1, 1 
59787, 1, 1 
36124, 1, 1 
15633, 1, 1 
5779, 1, 1 
1627, 1, 1 
5221, 1, 1 
50993, 1, 1 
833, 1, 1 
58087, 2, 2 
9242, 2, 2 
50669, 2, 2 
37243, 2, 2 
20710, 2, 2 
20454, 2, 2 
30014, 2, 2 
7337, 2, 2 
448, 2, 2 
25157, 2, 2 
26075, 2, 2 
40782, 2, 2 
8939, 2, 2 
42746, 2, 2 
14596, 2, 2 
49106, 2, 2 
25507, 2, 2 
5065, 2, 2 
54025, 2, 2 
18395, 2, 2 
34961, 2, 2 
57606, 2, 2 
16989, 2, 2 
25916, 2, 2 
22713, 2, 2 
9246, 2, 2 
5135, 2, 2 
35167, 2, 2 
28294, 2, 2 
38068, 2, 2 
18804, 2, 2 
6743, 2, 2 
4182, 2, 2 
29481, 2, 2 
6627, 2, 2 
35124, 2, 2 
32825, 2, 2 
49090, 2, 2 
23887, 2, 2 
33233, 2, 2 
14490, 2, 2 
58775, 2, 2 
40212, 2, 2 
21502, 2, 2 
19443, 2, 2 
43079, 2, 2 
39323, 2, 2 
47131, 2, 2 
50348, 2, 2 
5733, 2, 2 
31469, 3, 3 
55688, 3, 3 
58327, 3, 3 
19285, 3, 3 
28820, 3, 3 
18765, 3, 3 
28734, 3, 3 
20752, 3, 3 
4373, 3, 3 
36957, 3, 3 
17207, 3, 3 
43865, 3, 3 
12225, 3, 3 
9324, 3, 3 
47930, 3, 3 
13568, 3, 3 
52543, 3, 3 
48932, 3, 3 
8708, 3, 3 
9420, 3, 3 
46666, 3, 3 
36132, 3, 3 
23527, 3, 3 
6410, 3, 3 
26783, 3, 3 
32680, 3, 3 
36078, 3, 3 
14856, 3, 3 
30256, 3, 3 
5337, 3, 3 
46454, 3, 3 
18243, 3, 3 
23294, 3, 3 
17308, 3, 3 
59318, 3, 3 
48978, 3, 3 
59016, 3, 3 
33208, 3, 3 
51947, 3, 3 
57804, 3, 3 
28371, 3, 3 
50206, 3, 3 
58237, 3, 3 
1634, 3, 3 
98, 3, 3 
13250, 3, 3 
59569, 3, 3 
18325, 3, 3 
1486, 3, 3 
30984, 3, 3 
57135, 4, 4 
14882, 4, 4 
12530, 4, 4 
21448, 4, 4 
55424, 4, 4 
18184, 4, 4 
48442, 4, 4 
30763, 4, 4 
57779, 4, 4 
30529, 4, 4 
37372, 4, 4 
43152, 4, 4 
19853, 4, 4 
6714, 4, 4 
56700, 4, 4 
18846, 4, 4 
25170, 4, 4 
30573, 4, 4 
24781, 4, 4 
36668, 4, 4 
3611, 4, 4 
5636, 4, 4 
15059, 4, 4 
25875, 4, 4 
58697, 4, 4 
25613, 4, 4 
24601, 4, 4 
29228, 4, 4 
17717, 4, 4 
16206, 4, 4 
7722, 4, 4 
11283, 4, 4 
14018, 4, 4 
53260, 4, 4 
5639, 4, 4 
24472, 4, 4 
33506, 4, 1 
43026, 4, 4 
49850, 4, 4 
40236, 4, 4 
54399, 4, 4 
34784, 4, 4 
54582, 4, 4 
46004, 4, 4 
28615, 4, 4 
1537, 4, 4 
51926, 4, 4 
34428, 4, 4 
43709, 4, 4 
32112, 4, 4 
49481, 5, 5 
7735, 5, 5 
50573, 5, 5 
12829, 5, 5 
48230, 5, 5 
12470, 5, 5 
31434, 5, 5 
58653, 5, 8 
30233, 5, 5 
43233, 5, 5 
42554, 5, 5 
14074, 5, 5 
3921, 5, 5 
26787, 5, 5 
45155, 5, 5 
10056, 5, 5 
6324, 5, 5 
32052, 5, 5 
3638, 5, 5 
42141, 5, 5 
516, 5, 5 
56054, 5, 5 
55322, 5, 5 
41509, 5, 5 
47146, 5, 5 
21548, 5, 5 
46448, 5, 5 
17201, 5, 5 
56843, 5, 5 
59726, 5, 5 
51562, 5, 5 
2279, 5, 5 
59850, 5, 5 
35062, 5, 8 
48217, 5, 5 
2758, 5, 5 
53015, 5, 5 
26030, 5, 5 
56119, 5, 5 
53978, 5, 5 
11345, 5, 5 
58535, 5, 5 
49604, 5, 5 
58419, 5, 5 
31976, 5, 5 
28178, 5, 5 
44991, 5, 5 
9738, 5, 5 
4259, 5, 5 
13145, 5, 5 
19105, 6, 6 
53175, 6, 6 
52542, 6, 6 
49043, 6, 6 
58516, 6, 6 
29317, 6, 6 
46669, 6, 6 
53277, 6, 6 
8454, 6, 6 
59841, 6, 6 
56545, 6, 6 
53526, 6, 6 
26576, 6, 6 
39967, 6, 6 
6693, 6, 6 
57518, 6, 6 
53553, 6, 6 
33154, 6, 6 
51475, 6, 6 
38318, 6, 6 
32569, 6, 6 
55645, 6, 6 
54717, 6, 6 
21838, 6, 6 
34896, 6, 6 
7684, 6, 6 
26792, 6, 6 
13047, 6, 6 
50242, 6, 6 
9468, 6, 6 
5419, 6, 6 
5141, 6, 6 
2365, 6, 6 
17034, 6, 6 
39883, 6, 6 
32587, 6, 6 
10917, 6, 6 
7880, 6, 6 
5213, 6, 6 
10996, 6, 6 
57490, 6, 6 
26841, 6, 6 
51912, 6, 6 
38342, 6, 6 
35564, 6, 6 
27655, 6, 6 
5230, 6, 6 
12728, 6, 6 
36294, 6, 6 
15673, 6, 6 
59745, 7, 7 
3840, 7, 7 
26829, 7, 7 
6375, 7, 7 
54732, 7, 7 
48874, 7, 7 
24801, 7, 7 
27728, 7, 7 
32470, 7, 7 
5575, 7, 7 
4217, 7, 7 
53060, 7, 7 
14046, 7, 7 
28621, 7, 7 
15859, 7, 7 
18037, 7, 7 
39439, 7, 7 
4575, 7, 7 
24186, 7, 7 
25863, 7, 7 
51441, 7, 7 
24975, 7, 7 
8389, 7, 7 
25339, 7, 7 
50233, 7, 7 
37684, 7, 7 
5626, 7, 7 
39643, 7, 7 
803, 7, 7 
33037, 7, 7 
10727, 7, 7 
898, 7, 7 
59332, 7, 7 
47071, 7, 7 
27925, 7, 7 
27837, 7, 7 
56354, 7, 7 
1871, 7, 7 
9426, 7, 7 
10215, 7, 7 
13933, 7, 7 
48909, 7, 7 
11595, 7, 7 
20466, 7, 7 
16016, 7, 7 
35668, 7, 7 
43222, 7, 7 
35203, 7, 7 
29796, 7, 7 
55799, 7, 7 
6573, 8, 8 
42155, 8, 8 
34297, 8, 8 
29179, 8, 8 
54986, 8, 8 
51501, 8, 8 
22623, 8, 8 
43606, 8, 8 
11704, 8, 8 
57316, 8, 8 
26351, 8, 8 
32270, 8, 8 
33979, 8, 8 
51207, 8, 8 
36034, 8, 8 
51330, 8, 8 
34397, 8, 8 
10398, 8, 8 
25262, 8, 8 
13781, 8, 8 
59511, 8, 8 
28490, 8, 8 
13342, 8, 8 
11751, 8, 8 
8125, 8, 8 
21962, 8, 8 
51094, 8, 8 
21280, 8, 8 
39432, 8, 8 
31528, 8, 8 
31380, 8, 8 
26147, 8, 8 
24646, 8, 1 
53485, 8, 8 
3512, 8, 8 
35577, 8, 8 
45746, 8, 8 
18466, 8, 8 
54884, 8, 8 
38331, 8, 8 
54916, 8, 8 
57561, 8, 8 
50711, 8, 8 
20753, 8, 8 
4727, 8, 8 
58595, 8, 8 
19392, 8, 8 
40295, 8, 8 
6952, 8, 8 
21399, 8, 8 
49143, 9, 9 
14928, 9, 9 
20235, 9, 9 
56133, 9, 9 
419, 9, 9 
20130, 9, 9 
37867, 9, 9 
33061, 9, 9 
8329, 9, 9 
1500, 9, 9 
6514, 9, 9 
50833, 9, 9 
44489, 9, 9 
5797, 9, 9 
4056, 9, 9 
38003, 9, 9 
45370, 9, 9 
37029, 9, 9 
14888, 9, 9 
18777, 9, 9 
51644, 9, 9 
42757, 9, 9 
35804, 9, 9 
19126, 9, 9 
22110, 9, 9 
53442, 9, 9 
50228, 9, 9 
44430, 9, 9 
26199, 9, 9 
4345, 9, 9 
16541, 9, 9 
45163, 9, 9 
28448, 9, 9 
10166, 9, 9 
15899, 9, 9 
44678, 9, 9 
41422, 9, 9 
25367, 9, 9 
58746, 9, 9 
45244, 9, 9 
29010, 9, 9 
43650, 9, 9 
8547, 9, 9 
2989, 9, 9 
5940, 9, 9 
32668, 9, 9 
33974, 9, 9 
44592, 9, 9 
45528, 9, 9 
5093, 9, 9 
