id, true label, predicted label 
4607, 0, 0 
18581, 0, 0 
2806, 0, 0 
18572, 0, 0 
44411, 0, 0 
59605, 0, 0 
9269, 0, 0 
49218, 0, 0 
14557, 0, 0 
17693, 0, 0 
51017, 0, 0 
4985, 0, 0 
13155, 0, 0 
47405, 0, 0 
25818, 0, 0 
18836, 0, 0 
12193, 0, 0 
49304, 0, 0 
42091, 0, 0 
4218, 0, 0 
22317, 0, 0 
54844, 0, 0 
8134, 0, 0 
49739, 0, 0 
25278, 0, 0 
38816, 0, 0 
18357, 0, 0 
48920, 0, 0 
7451, 0, 0 
55986, 0, 0 
8897, 0, 0 
29311, 0, 0 
50637, 0, 0 
16119, 0, 0 
35717, 0, 0 
40414, 0, 0 
429, 0, 0 
35502, 0, 0 
25892, 0, 0 
2440, 0, 0 
37780, 0, 0 
54835, 0, 0 
29540, 0, 0 
48670, 0, 0 
8449, 0, 9 
11661, 0, 0 
11791, 0, 0 
4347, 0, 0 
320, 0, 0 
47156, 0, 0 
44705, 1, 1 
50685, 1, 1 
13840, 1, 1 
41424, 1, 1 
20135, 1, 1 
43025, 1, 1 
45320, 1, 1 
6232, 1, 1 
48844, 1, 1 
42834, 1, 1 
21680, 1, 1 
44220, 1, 1 
53395, 1, 1 
3551, 1, 1 
23176, 1, 1 
33259, 1, 1 
32892, 1, 1 
10675, 1, 1 
30146, 1, 1 
50130, 1, 1 
16720, 1, 1 
48061, 1, 1 
50326, 1, 1 
38164, 1, 1 
44887, 1, 1 
42040, 1, 1 
23841, 1, 1 
40724, 1, 1 
15121, 1, 1 
1483, 1, 1 
8588, 1, 1 
47097, 1, 1 
26951, 1, 1 
56955, 1, 1 
20803, 1, 1 
32718, 1, 1 
3145, 1, 1 
34515, 1, 1 
4109, 1, 1 
29403, 1, 1 
36276, 1, 1 
51867, 1, 1 
23353, 1, 1 
47141, 1, 1 
46326, 1, 1 
44222, 1, 1 
1211, 1, 1 
38918, 1, 1 
32743, 1, 1 
31384, 1, 1 
2346, 2, 2 
51359, 2, 2 
7265, 2, 2 
15391, 2, 2 
17087, 2, 2 
59113, 2, 2 
44377, 2, 2 
40782, 2, 2 
27888, 2, 2 
3902, 2, 2 
13690, 2, 2 
45133, 2, 2 
46036, 2, 2 
22930, 2, 2 
16754, 2, 2 
25564, 2, 2 
13179, 2, 2 
34371, 2, 2 
2354, 2, 2 
41292, 2, 2 
19373, 2, 2 
43513, 2, 2 
44767, 2, 2 
13585, 2, 2 
5890, 2, 2 
5227, 2, 2 
26850, 2, 9 
10776, 2, 2 
4212, 2, 2 
49775, 2, 2 
10084, 2, 2 
13743, 2, 2 
1558, 2, 2 
54424, 2, 2 
35331, 2, 2 
37418, 2, 2 
47531, 2, 2 
40853, 2, 2 
27787, 2, 2 
41955, 2, 2 
50899, 2, 2 
29699, 2, 2 
44727, 2, 2 
24752, 2, 2 
30122, 2, 2 
38793, 2, 2 
32418, 2, 2 
6605, 2, 2 
46833, 2, 2 
12603, 2, 8 
45271, 3, 3 
56053, 3, 3 
34995, 3, 3 
32652, 3, 3 
23344, 3, 3 
54996, 3, 3 
51116, 3, 3 
10760, 3, 3 
58612, 3, 3 
37054, 3, 3 
35765, 3, 3 
22730, 3, 3 
14352, 3, 3 
22715, 3, 3 
21075, 3, 3 
54524, 3, 5 
44888, 3, 3 
42254, 3, 3 
54648, 3, 3 
56275, 3, 8 
13417, 3, 3 
8192, 3, 3 
5396, 3, 3 
33969, 3, 3 
20833, 3, 3 
41407, 3, 3 
4121, 3, 3 
18752, 3, 3 
24532, 3, 3 
11520, 3, 3 
32025, 3, 3 
38239, 3, 3 
28006, 3, 3 
53325, 3, 3 
59416, 3, 3 
26364, 3, 3 
8405, 3, 3 
36887, 3, 3 
9420, 3, 3 
5190, 3, 3 
37229, 3, 3 
54603, 3, 3 
42398, 3, 3 
15701, 3, 3 
53365, 3, 3 
9685, 3, 3 
44004, 3, 3 
2587, 3, 3 
55485, 3, 3 
35563, 3, 3 
11986, 4, 4 
42304, 4, 4 
48840, 4, 4 
31433, 4, 4 
59312, 4, 4 
24922, 4, 4 
57677, 4, 4 
28096, 4, 4 
4789, 4, 4 
31025, 4, 4 
51579, 4, 4 
12102, 4, 4 
16459, 4, 4 
44515, 4, 4 
34735, 4, 4 
39976, 4, 4 
32798, 4, 4 
945, 4, 4 
24114, 4, 4 
57544, 4, 4 
27487, 4, 4 
50599, 4, 4 
37262, 4, 4 
11209, 4, 4 
56705, 4, 4 
39791, 4, 4 
8174, 4, 4 
30868, 4, 4 
57209, 4, 4 
47491, 4, 4 
13653, 4, 4 
34464, 4, 4 
52704, 4, 4 
22968, 4, 4 
22331, 4, 4 
53426, 4, 4 
9337, 4, 4 
6035, 4, 4 
47500, 4, 4 
52919, 4, 4 
19514, 4, 4 
1973, 4, 4 
11641, 4, 4 
29024, 4, 4 
17299, 4, 4 
34205, 4, 4 
10212, 4, 4 
30876, 4, 4 
48068, 4, 4 
20711, 4, 4 
28434, 5, 5 
44924, 5, 5 
11549, 5, 5 
56344, 5, 5 
57900, 5, 5 
25144, 5, 5 
33876, 5, 5 
39225, 5, 5 
11599, 5, 5 
19366, 5, 5 
54429, 5, 5 
31618, 5, 5 
29955, 5, 5 
51130, 5, 5 
51646, 5, 5 
44738, 5, 5 
37740, 5, 5 
26034, 5, 5 
28657, 5, 5 
7998, 5, 5 
24864, 5, 5 
33200, 5, 5 
35172, 5, 5 
58535, 5, 5 
25295, 5, 5 
7885, 5, 5 
12604, 5, 5 
316, 5, 5 
24559, 5, 5 
32511, 5, 5 
37072, 5, 5 
52347, 5, 5 
10804, 5, 5 
36756, 5, 5 
11644, 5, 5 
11963, 5, 5 
53067, 5, 5 
39311, 5, 5 
47629, 5, 5 
10961, 5, 5 
16980, 5, 5 
31768, 5, 5 
23392, 5, 5 
41938, 5, 5 
57852, 5, 5 
39400, 5, 5 
45263, 5, 5 
17461, 5, 5 
21707, 5, 5 
47920, 5, 5 
43735, 6, 6 
43399, 6, 6 
49517, 6, 6 
17542, 6, 6 
38895, 6, 6 
27266, 6, 6 
23049, 6, 6 
30820, 6, 6 
58133, 6, 6 
49930, 6, 6 
50670, 6, 6 
7990, 6, 6 
34488, 6, 6 
41782, 6, 6 
31708, 6, 6 
46682, 6, 6 
4724, 6, 6 
31909, 6, 6 
17309, 6, 6 
28386, 6, 6 
21410, 6, 6 
17652, 6, 6 
10356, 6, 6 
17174, 6, 0 
37159, 6, 6 
33520, 6, 6 
19276, 6, 6 
45274, 6, 6 
16493, 6, 6 
20221, 6, 6 
52957, 6, 6 
7202, 6, 6 
35517, 6, 6 
39086, 6, 6 
33960, 6, 6 
50741, 6, 6 
35726, 6, 6 
26345, 6, 6 
41654, 6, 6 
53652, 6, 6 
16535, 6, 6 
32839, 6, 6 
42151, 6, 6 
19559, 6, 6 
14405, 6, 6 
29295, 6, 6 
52412, 6, 6 
52915, 6, 6 
20253, 6, 6 
17079, 6, 6 
48144, 7, 7 
57334, 7, 7 
8556, 7, 7 
9992, 7, 7 
50972, 7, 7 
6707, 7, 7 
40442, 7, 7 
1746, 7, 7 
16015, 7, 7 
9747, 7, 7 
8283, 7, 7 
17306, 7, 7 
51560, 7, 7 
48100, 7, 7 
33656, 7, 7 
44169, 7, 7 
38149, 7, 7 
30495, 7, 7 
42077, 7, 7 
54555, 7, 7 
21265, 7, 7 
15721, 7, 7 
4081, 7, 7 
30433, 7, 7 
49116, 7, 7 
37494, 7, 7 
50794, 7, 7 
20646, 7, 7 
7278, 7, 7 
436, 7, 7 
14597, 7, 7 
49635, 7, 7 
38781, 7, 7 
31927, 7, 7 
38133, 7, 7 
22498, 7, 7 
14770, 7, 7 
45835, 7, 7 
59526, 7, 7 
13515, 7, 7 
24675, 7, 7 
5057, 7, 7 
14519, 7, 7 
35130, 7, 7 
35834, 7, 7 
33651, 7, 7 
53415, 7, 7 
39310, 7, 7 
25871, 7, 7 
8576, 7, 7 
32225, 8, 8 
352, 8, 8 
59711, 8, 8 
23147, 8, 8 
26078, 8, 8 
31706, 8, 8 
13966, 8, 8 
1776, 8, 8 
923, 8, 8 
24826, 8, 8 
24108, 8, 8 
14017, 8, 8 
37600, 8, 8 
32596, 8, 8 
13549, 8, 8 
38391, 8, 8 
54495, 8, 8 
29126, 8, 8 
29921, 8, 8 
9490, 8, 8 
40296, 8, 8 
18126, 8, 8 
54344, 8, 8 
3968, 8, 8 
43333, 8, 8 
3555, 8, 8 
27121, 8, 8 
35339, 8, 8 
976, 8, 8 
17765, 8, 8 
3689, 8, 8 
17803, 8, 8 
52862, 8, 8 
47309, 8, 8 
55430, 8, 8 
33388, 8, 8 
23964, 8, 8 
1439, 8, 8 
48375, 8, 8 
15678, 8, 8 
19367, 8, 8 
56647, 8, 8 
37281, 8, 8 
51725, 8, 8 
24137, 8, 8 
20607, 8, 8 
38539, 8, 8 
14382, 8, 8 
19475, 8, 8 
17270, 8, 8 
8408, 9, 9 
12280, 9, 9 
12050, 9, 9 
27230, 9, 9 
57299, 9, 9 
10284, 9, 9 
54222, 9, 9 
47899, 9, 9 
44607, 9, 9 
26042, 9, 9 
51647, 9, 9 
36319, 9, 9 
53059, 9, 9 
6376, 9, 9 
56792, 9, 9 
52989, 9, 9 
10449, 9, 9 
10524, 9, 9 
59794, 9, 9 
10292, 9, 9 
54860, 9, 9 
6238, 9, 9 
46123, 9, 9 
59443, 9, 9 
15151, 9, 9 
47148, 9, 9 
24319, 9, 9 
41135, 9, 9 
1632, 9, 9 
8329, 9, 9 
59899, 9, 9 
24454, 9, 9 
20170, 9, 9 
17147, 9, 9 
48457, 9, 9 
57033, 9, 9 
51574, 9, 9 
41219, 9, 9 
19146, 9, 9 
40584, 9, 9 
31295, 9, 7 
56800, 9, 3 
38768, 9, 9 
54335, 9, 9 
26861, 9, 9 
9751, 9, 9 
3913, 9, 9 
22243, 9, 9 
16808, 9, 9 
51194, 9, 9 
