id, true label, predicted label 
39155, 0, 0 
28102, 0, 0 
44815, 0, 0 
32781, 0, 0 
4142, 0, 0 
20349, 0, 0 
40486, 0, 0 
27658, 0, 0 
10352, 0, 0 
20244, 0, 0 
18486, 0, 0 
59148, 0, 0 
13117, 0, 0 
58829, 0, 0 
58353, 0, 0 
33392, 0, 0 
40218, 0, 0 
26775, 0, 0 
5115, 0, 0 
20625, 0, 0 
20463, 0, 0 
59762, 0, 0 
33078, 0, 0 
27094, 0, 0 
34775, 0, 0 
14430, 0, 0 
42915, 0, 0 
57995, 0, 0 
49596, 0, 0 
5583, 0, 0 
40074, 0, 0 
18064, 0, 0 
58765, 0, 0 
22048, 0, 0 
6972, 0, 0 
13126, 0, 0 
35971, 0, 0 
58500, 0, 0 
57162, 0, 0 
32151, 0, 0 
7786, 0, 0 
58074, 0, 0 
35408, 0, 0 
38579, 0, 0 
47619, 0, 0 
24877, 0, 0 
2160, 0, 0 
27414, 0, 0 
8901, 0, 0 
16749, 0, 0 
32358, 1, 1 
21535, 1, 1 
1425, 1, 1 
20036, 1, 1 
37849, 1, 1 
46204, 1, 1 
10248, 1, 1 
26070, 1, 1 
43349, 1, 1 
31279, 1, 1 
23984, 1, 1 
34874, 1, 1 
4109, 1, 1 
15002, 1, 1 
17847, 1, 1 
9804, 1, 1 
41193, 1, 1 
40908, 1, 1 
41986, 1, 1 
6913, 1, 1 
35094, 1, 1 
1031, 1, 1 
11508, 1, 1 
42486, 1, 1 
20990, 1, 1 
7116, 1, 1 
46823, 1, 1 
49888, 1, 1 
9975, 1, 1 
54752, 1, 1 
34889, 1, 1 
15929, 1, 1 
36738, 1, 1 
27662, 1, 1 
36257, 1, 1 
609, 1, 1 
49610, 1, 1 
17459, 1, 1 
40879, 1, 1 
18918, 1, 1 
48679, 1, 1 
39465, 1, 1 
36551, 1, 1 
18695, 1, 1 
41839, 1, 1 
58588, 1, 1 
46782, 1, 1 
21200, 1, 1 
43118, 1, 1 
32577, 1, 1 
17212, 2, 2 
58494, 2, 2 
36879, 2, 2 
31709, 2, 2 
43495, 2, 2 
47255, 2, 2 
22335, 2, 2 
44823, 2, 2 
44248, 2, 2 
16327, 2, 2 
4031, 2, 2 
6899, 2, 2 
11621, 2, 2 
20055, 2, 2 
6138, 2, 2 
38366, 2, 2 
12234, 2, 2 
2346, 2, 2 
34226, 2, 2 
41080, 2, 2 
22391, 2, 2 
53322, 2, 2 
17912, 2, 2 
20042, 2, 2 
2377, 2, 2 
58000, 2, 2 
21683, 2, 2 
34432, 2, 2 
4182, 2, 2 
17635, 2, 2 
57649, 2, 2 
53391, 2, 2 
1531, 2, 2 
36781, 2, 2 
49674, 2, 2 
34747, 2, 2 
33930, 2, 2 
55203, 2, 2 
37360, 2, 2 
30443, 2, 2 
29519, 2, 2 
6270, 2, 2 
56876, 2, 2 
49267, 2, 2 
41217, 2, 2 
54924, 2, 2 
7760, 2, 2 
59245, 2, 2 
41965, 2, 2 
19397, 2, 2 
9623, 3, 3 
19280, 3, 3 
39384, 3, 3 
10493, 3, 3 
39566, 3, 3 
26324, 3, 3 
3707, 3, 3 
19386, 3, 3 
34363, 3, 3 
33510, 3, 3 
41850, 3, 3 
37271, 3, 3 
8395, 3, 3 
48352, 3, 3 
55198, 3, 3 
44906, 3, 3 
42898, 3, 3 
7295, 3, 3 
45340, 3, 3 
18964, 3, 3 
55106, 3, 3 
32964, 3, 3 
59715, 3, 3 
38281, 3, 3 
50755, 3, 3 
37085, 3, 3 
6071, 3, 3 
19976, 3, 3 
37928, 3, 3 
36287, 3, 3 
50431, 3, 3 
1675, 3, 3 
17467, 3, 3 
452, 3, 3 
30354, 3, 3 
57474, 3, 3 
24528, 3, 3 
39081, 3, 3 
9411, 3, 3 
40752, 3, 3 
36862, 3, 3 
13141, 3, 3 
7803, 3, 3 
37204, 3, 3 
29875, 3, 3 
56581, 3, 3 
14825, 3, 3 
58664, 3, 3 
51536, 3, 3 
37756, 3, 3 
59515, 4, 4 
55546, 4, 4 
34537, 4, 4 
57144, 4, 4 
57459, 4, 4 
50389, 4, 4 
55538, 4, 4 
59534, 4, 4 
49005, 4, 4 
5033, 4, 4 
31359, 4, 4 
52074, 4, 4 
36676, 4, 4 
10736, 4, 4 
24637, 4, 4 
53362, 4, 4 
50319, 4, 4 
43038, 4, 4 
51817, 4, 4 
38938, 4, 4 
41531, 4, 4 
57229, 4, 4 
26808, 4, 4 
50846, 4, 4 
43009, 4, 4 
8081, 4, 4 
45184, 4, 4 
24233, 4, 4 
8857, 4, 4 
58984, 4, 4 
42774, 4, 4 
4433, 4, 4 
19032, 4, 4 
38503, 4, 4 
35234, 4, 4 
57747, 4, 4 
46530, 4, 4 
1253, 4, 4 
2052, 4, 4 
54109, 4, 4 
6184, 4, 4 
45278, 4, 4 
26869, 4, 4 
14811, 4, 4 
34138, 4, 4 
47028, 4, 4 
8711, 4, 4 
18436, 4, 4 
36350, 4, 4 
12912, 4, 4 
12588, 5, 5 
36454, 5, 5 
3416, 5, 5 
19035, 5, 5 
37453, 5, 5 
55795, 5, 5 
43560, 5, 5 
9945, 5, 5 
19429, 5, 5 
55389, 5, 5 
59133, 5, 5 
39681, 5, 5 
16490, 5, 5 
54566, 5, 5 
5403, 5, 5 
42193, 5, 5 
56363, 5, 5 
19959, 5, 5 
24579, 5, 5 
31230, 5, 5 
58834, 5, 5 
11492, 5, 5 
33376, 5, 5 
43574, 5, 5 
3361, 5, 5 
49825, 5, 5 
36060, 5, 5 
26239, 5, 5 
16095, 5, 5 
44706, 5, 5 
10092, 5, 5 
13040, 5, 5 
19607, 5, 5 
24820, 5, 5 
27100, 5, 5 
28617, 5, 5 
32080, 5, 5 
9344, 5, 5 
40518, 5, 5 
38481, 5, 5 
16333, 5, 5 
32254, 5, 5 
14887, 5, 5 
39311, 5, 5 
14543, 5, 5 
56517, 5, 5 
56669, 5, 5 
45134, 5, 5 
6434, 5, 5 
57814, 5, 5 
33258, 6, 6 
2470, 6, 6 
38514, 6, 6 
59509, 6, 6 
5419, 6, 6 
59508, 6, 6 
9417, 6, 6 
16332, 6, 6 
54602, 6, 6 
14155, 6, 6 
35795, 6, 6 
45154, 6, 6 
739, 6, 6 
186, 6, 6 
58304, 6, 6 
48858, 6, 6 
30812, 6, 6 
51676, 6, 6 
37707, 6, 6 
8057, 6, 6 
20781, 6, 6 
18608, 6, 6 
802, 6, 6 
48999, 6, 6 
59493, 6, 6 
22360, 6, 6 
17601, 6, 6 
37033, 6, 6 
59284, 6, 6 
56693, 6, 6 
25047, 6, 6 
37194, 6, 6 
4990, 6, 6 
23244, 6, 6 
32003, 6, 6 
26729, 6, 6 
43359, 6, 6 
299, 6, 6 
34343, 6, 6 
48821, 6, 6 
51139, 6, 6 
37050, 6, 6 
32833, 6, 6 
10289, 6, 6 
35683, 6, 6 
13261, 6, 6 
50276, 6, 6 
37888, 6, 6 
58303, 6, 6 
6509, 6, 6 
48952, 7, 7 
46081, 7, 7 
51162, 7, 7 
14348, 7, 7 
41026, 7, 7 
17306, 7, 7 
59845, 7, 7 
53866, 7, 7 
25426, 7, 7 
46321, 7, 7 
9157, 7, 7 
50920, 7, 7 
22754, 7, 7 
58125, 7, 7 
15254, 7, 7 
38621, 7, 7 
32740, 7, 7 
21666, 7, 7 
50380, 7, 7 
43723, 7, 7 
651, 7, 7 
49365, 7, 7 
25788, 7, 7 
55276, 7, 7 
44595, 7, 7 
23534, 7, 7 
636, 7, 7 
4372, 7, 7 
49472, 7, 7 
48333, 7, 7 
586, 7, 7 
18966, 7, 7 
56518, 7, 7 
57337, 7, 7 
56109, 7, 7 
39107, 7, 7 
34576, 7, 7 
5264, 7, 7 
14022, 7, 7 
24675, 7, 7 
41176, 7, 7 
39246, 7, 7 
47978, 7, 7 
3405, 7, 7 
21937, 7, 7 
35839, 7, 7 
16194, 7, 7 
15465, 7, 7 
53060, 7, 7 
38338, 7, 7 
46226, 8, 8 
12923, 8, 8 
54757, 8, 8 
53155, 8, 8 
47723, 8, 8 
47315, 8, 8 
58817, 8, 8 
20560, 8, 8 
21188, 8, 8 
54327, 8, 8 
14808, 8, 8 
43824, 8, 8 
57329, 8, 8 
3032, 8, 8 
23408, 8, 8 
32110, 8, 8 
39478, 8, 8 
23702, 8, 8 
16040, 8, 8 
39658, 8, 8 
13793, 8, 8 
23458, 8, 8 
41575, 8, 8 
23637, 8, 8 
46959, 8, 8 
25228, 8, 8 
50008, 8, 8 
29535, 8, 8 
32735, 8, 8 
52860, 8, 8 
12010, 8, 8 
35042, 8, 8 
18012, 8, 8 
32926, 8, 8 
14322, 8, 8 
34554, 8, 8 
53933, 8, 8 
24691, 8, 8 
33519, 8, 8 
6905, 8, 8 
41831, 8, 8 
21295, 8, 8 
47188, 8, 8 
31390, 8, 8 
50172, 8, 8 
28687, 8, 8 
39832, 8, 8 
36710, 8, 8 
15430, 8, 8 
48106, 8, 8 
43551, 9, 9 
31767, 9, 9 
3598, 9, 9 
29737, 9, 9 
58437, 9, 9 
48205, 9, 9 
31573, 9, 9 
53190, 9, 9 
57421, 9, 9 
3621, 9, 9 
48803, 9, 9 
43718, 9, 9 
51318, 9, 9 
10539, 9, 9 
41042, 9, 9 
53324, 9, 9 
56212, 9, 9 
18861, 9, 9 
18984, 9, 9 
11991, 9, 9 
20138, 9, 9 
57794, 9, 4 
36993, 9, 9 
16815, 9, 9 
35374, 9, 9 
13269, 9, 9 
50752, 9, 9 
41375, 9, 4 
21445, 9, 9 
56075, 9, 9 
27511, 9, 9 
27234, 9, 9 
20964, 9, 9 
29201, 9, 9 
50522, 9, 9 
9425, 9, 9 
15309, 9, 9 
35273, 9, 9 
36402, 9, 9 
21356, 9, 9 
40446, 9, 9 
15607, 9, 9 
2521, 9, 9 
15860, 9, 9 
31225, 9, 9 
44962, 9, 9 
39614, 9, 9 
37321, 9, 9 
54578, 9, 9 
33599, 9, 9 
