id, true label, predicted label 
26261, 0, 0 
59143, 0, 0 
29262, 0, 0 
39631, 0, 0 
4565, 0, 0 
31575, 0, 0 
19744, 0, 0 
156, 0, 0 
10924, 0, 0 
33302, 0, 0 
17462, 0, 0 
56259, 0, 0 
10025, 0, 0 
28993, 0, 0 
14949, 0, 0 
1386, 0, 0 
54999, 0, 0 
8877, 0, 0 
42483, 0, 0 
3107, 0, 0 
49214, 0, 0 
27283, 0, 0 
43205, 0, 0 
6708, 0, 0 
39755, 0, 0 
28186, 0, 0 
16474, 0, 0 
12690, 0, 0 
19240, 0, 0 
30438, 0, 0 
3541, 0, 0 
27893, 0, 0 
50123, 0, 0 
24856, 0, 0 
36213, 0, 0 
18232, 0, 0 
50291, 0, 0 
46007, 0, 0 
33367, 0, 0 
4023, 0, 0 
7930, 0, 0 
56686, 0, 0 
8304, 0, 0 
21353, 0, 0 
6832, 0, 0 
52639, 0, 0 
49310, 0, 0 
7874, 0, 0 
57912, 0, 0 
32834, 0, 0 
50493, 1, 1 
38845, 1, 1 
4884, 1, 1 
15044, 1, 1 
102, 1, 1 
45437, 1, 1 
36433, 1, 1 
16455, 1, 1 
29245, 1, 1 
22248, 1, 1 
43490, 1, 1 
36045, 1, 1 
54675, 1, 1 
34759, 1, 1 
34588, 1, 1 
6575, 1, 1 
34725, 1, 1 
3811, 1, 1 
41536, 1, 1 
28793, 1, 1 
21424, 1, 1 
21357, 1, 1 
56491, 1, 1 
2977, 1, 1 
12539, 1, 1 
24216, 1, 1 
16367, 1, 1 
35990, 1, 1 
47222, 1, 1 
53930, 1, 1 
31963, 1, 1 
17378, 1, 1 
53383, 1, 1 
43007, 1, 1 
41694, 1, 1 
40069, 1, 1 
59419, 1, 1 
46664, 1, 1 
12042, 1, 1 
10519, 1, 1 
39977, 1, 1 
27619, 1, 1 
19305, 1, 1 
58017, 1, 1 
31870, 1, 1 
12013, 1, 1 
13474, 1, 1 
52073, 1, 1 
56336, 1, 1 
20870, 1, 1 
41294, 2, 2 
43105, 2, 2 
53941, 2, 2 
18413, 2, 2 
4550, 2, 2 
55749, 2, 2 
10084, 2, 2 
46386, 2, 2 
2855, 2, 2 
45047, 2, 2 
59157, 2, 2 
57694, 2, 2 
50986, 2, 2 
28544, 2, 2 
52189, 2, 2 
27700, 2, 2 
13384, 2, 2 
49642, 2, 2 
47036, 2, 2 
42969, 2, 2 
457, 2, 2 
41512, 2, 2 
38354, 2, 2 
9449, 2, 2 
31666, 2, 2 
44672, 2, 2 
16124, 2, 2 
43642, 2, 2 
37403, 2, 2 
3975, 2, 2 
33090, 2, 2 
35269, 2, 2 
11727, 2, 2 
56027, 2, 2 
48899, 2, 2 
13277, 2, 2 
18003, 2, 2 
3660, 2, 2 
2010, 2, 2 
3902, 2, 2 
45453, 2, 2 
30336, 2, 2 
33414, 2, 2 
43294, 2, 2 
27181, 2, 2 
21451, 2, 2 
45852, 2, 2 
47375, 2, 2 
41721, 2, 2 
6540, 2, 2 
9623, 3, 3 
3591, 3, 3 
6213, 3, 3 
26732, 3, 3 
36046, 3, 3 
16239, 3, 3 
2734, 3, 3 
46480, 3, 3 
19962, 3, 3 
35911, 3, 3 
15226, 3, 3 
43922, 3, 3 
11978, 3, 3 
34235, 3, 3 
6081, 3, 3 
26267, 3, 3 
47455, 3, 3 
50735, 3, 3 
46911, 3, 3 
26671, 3, 3 
48480, 3, 3 
38989, 3, 3 
37927, 3, 3 
49435, 3, 3 
12260, 3, 3 
50815, 3, 3 
59334, 3, 3 
2241, 3, 3 
2603, 3, 3 
58327, 3, 3 
55550, 3, 3 
32444, 3, 3 
29719, 3, 3 
24512, 3, 9 
1055, 3, 3 
2456, 3, 3 
31032, 3, 3 
8541, 3, 3 
28265, 3, 3 
35568, 3, 3 
18061, 3, 3 
49648, 3, 3 
36076, 3, 3 
2960, 3, 3 
21570, 3, 3 
30273, 3, 3 
41107, 3, 3 
11197, 3, 3 
36169, 3, 3 
27977, 3, 3 
34424, 4, 4 
18385, 4, 4 
9940, 4, 4 
31123, 4, 4 
20262, 4, 4 
27077, 4, 4 
17913, 4, 4 
58559, 4, 4 
33506, 4, 1 
50587, 4, 4 
40677, 4, 4 
31235, 4, 4 
7903, 4, 4 
14528, 4, 4 
32673, 4, 4 
24766, 4, 4 
58805, 4, 4 
46037, 4, 4 
47330, 4, 4 
19198, 4, 4 
3278, 4, 4 
12795, 4, 4 
33574, 4, 4 
21374, 4, 4 
35256, 4, 4 
11264, 4, 4 
6009, 4, 4 
24929, 4, 4 
37156, 4, 4 
50299, 4, 4 
30039, 4, 4 
336, 4, 4 
1763, 4, 4 
27129, 4, 4 
49102, 4, 4 
32182, 4, 4 
31471, 4, 4 
33740, 4, 4 
22367, 4, 4 
35227, 4, 4 
31501, 4, 4 
52517, 4, 4 
18056, 4, 4 
51549, 4, 4 
26544, 4, 4 
55004, 4, 4 
49514, 4, 4 
28703, 4, 4 
32895, 4, 4 
58947, 4, 4 
31211, 5, 5 
11, 5, 5 
1402, 5, 5 
38414, 5, 5 
49367, 5, 5 
45091, 5, 5 
43523, 5, 5 
37300, 5, 5 
4495, 5, 5 
57165, 5, 5 
21385, 5, 5 
23158, 5, 5 
59196, 5, 5 
30761, 5, 5 
56748, 5, 5 
13948, 5, 5 
18080, 5, 5 
2080, 5, 5 
51492, 5, 5 
2868, 5, 5 
24255, 5, 5 
6389, 5, 5 
32755, 5, 5 
19578, 5, 5 
7833, 5, 5 
6264, 5, 5 
15358, 5, 5 
6195, 5, 5 
18103, 5, 5 
13749, 5, 5 
45826, 5, 5 
42517, 5, 5 
16333, 5, 5 
20092, 5, 5 
23996, 5, 5 
28952, 5, 5 
39946, 5, 5 
45872, 5, 5 
12467, 5, 5 
17739, 5, 5 
3864, 5, 5 
52902, 5, 5 
36602, 5, 5 
46448, 5, 5 
1834, 5, 5 
7739, 5, 5 
12978, 5, 5 
31519, 5, 5 
36482, 5, 5 
37031, 5, 5 
24827, 6, 6 
16161, 6, 6 
29639, 6, 6 
3774, 6, 6 
10968, 6, 6 
30518, 6, 6 
42420, 6, 6 
36523, 6, 6 
32211, 6, 6 
52282, 6, 6 
14671, 6, 6 
8140, 6, 6 
8121, 6, 6 
53516, 6, 6 
8074, 6, 6 
15006, 6, 6 
47430, 6, 6 
38347, 6, 6 
33056, 6, 6 
28576, 6, 6 
13351, 6, 6 
21599, 6, 6 
27285, 6, 6 
30526, 6, 6 
51311, 6, 6 
48366, 6, 6 
51535, 6, 6 
14136, 6, 6 
20104, 6, 6 
44441, 6, 6 
2884, 6, 6 
2785, 6, 6 
36821, 6, 6 
31231, 6, 6 
32839, 6, 6 
6236, 6, 6 
59310, 6, 6 
19788, 6, 6 
39112, 6, 6 
54662, 6, 6 
59811, 6, 6 
53827, 6, 6 
37872, 6, 6 
55387, 6, 6 
42921, 6, 6 
36746, 6, 6 
19471, 6, 6 
36910, 6, 6 
18140, 6, 6 
40538, 6, 6 
37769, 7, 7 
16823, 7, 7 
14833, 7, 7 
32740, 7, 7 
18320, 7, 7 
28670, 7, 7 
6487, 7, 7 
10063, 7, 7 
28004, 7, 7 
37984, 7, 7 
17789, 7, 7 
58715, 7, 7 
53302, 7, 7 
52591, 7, 7 
55843, 7, 7 
24155, 7, 7 
54669, 7, 7 
20619, 7, 7 
9669, 7, 7 
56931, 7, 7 
7679, 7, 7 
18873, 7, 7 
26080, 7, 7 
55426, 7, 7 
33280, 7, 7 
50795, 7, 7 
29105, 7, 7 
57445, 7, 7 
16935, 7, 7 
36748, 7, 7 
3276, 7, 7 
48736, 7, 7 
57643, 7, 7 
49174, 7, 7 
29159, 7, 7 
54287, 7, 7 
41779, 7, 7 
41313, 7, 7 
27667, 7, 7 
31844, 7, 7 
55486, 7, 7 
20385, 7, 7 
5161, 7, 7 
15877, 7, 7 
43352, 7, 7 
31671, 7, 7 
51916, 7, 7 
15518, 7, 7 
35512, 7, 7 
25481, 7, 7 
55145, 8, 8 
20191, 8, 8 
59220, 8, 8 
46478, 8, 8 
18994, 8, 8 
10001, 8, 8 
34455, 8, 8 
55043, 8, 8 
53191, 8, 8 
12712, 8, 8 
37428, 8, 8 
47283, 8, 8 
25947, 8, 8 
41231, 8, 8 
1853, 8, 8 
4927, 8, 8 
32995, 8, 8 
52662, 8, 8 
35251, 8, 8 
4176, 8, 8 
21146, 8, 8 
57481, 8, 8 
33979, 8, 8 
28526, 8, 8 
37783, 8, 8 
55852, 8, 8 
34966, 8, 8 
50861, 8, 8 
56889, 8, 8 
37701, 8, 8 
23804, 8, 8 
59235, 8, 8 
41271, 8, 8 
51437, 8, 8 
39647, 8, 8 
29192, 8, 8 
27729, 8, 8 
33059, 8, 8 
4375, 8, 8 
54192, 8, 8 
48796, 8, 8 
22166, 8, 8 
22290, 8, 8 
47317, 8, 8 
42706, 8, 8 
16223, 8, 8 
34311, 8, 8 
7122, 8, 8 
11425, 8, 8 
23086, 8, 8 
14057, 9, 9 
35127, 9, 9 
4630, 9, 9 
42879, 9, 9 
21892, 9, 9 
29980, 9, 9 
31405, 9, 9 
59109, 9, 9 
21645, 9, 9 
3190, 9, 9 
49844, 9, 9 
48927, 9, 9 
12945, 9, 9 
13116, 9, 9 
51334, 9, 9 
7053, 9, 9 
41295, 9, 9 
4320, 9, 9 
55921, 9, 9 
49030, 9, 9 
49574, 9, 9 
39331, 9, 9 
4594, 9, 9 
40439, 9, 9 
45465, 9, 9 
28416, 9, 9 
1555, 9, 9 
56896, 9, 9 
41792, 9, 9 
39998, 9, 9 
20562, 9, 9 
25589, 9, 9 
13191, 9, 9 
49984, 9, 9 
31325, 9, 9 
788, 9, 9 
59939, 9, 9 
41905, 9, 9 
38230, 9, 9 
2460, 9, 9 
32121, 9, 9 
45688, 9, 9 
4456, 9, 9 
24061, 9, 9 
51099, 9, 9 
4368, 9, 9 
47178, 9, 9 
44075, 9, 9 
36757, 9, 9 
44234, 9, 9 
