id, true label, predicted label 
18029, 0, 0 
43404, 0, 0 
59487, 0, 0 
40336, 0, 0 
7004, 0, 0 
15704, 0, 0 
28647, 0, 0 
50944, 0, 0 
5487, 0, 0 
8703, 0, 0 
16202, 0, 0 
49200, 0, 0 
59704, 0, 0 
50310, 0, 0 
31341, 0, 0 
15156, 0, 0 
1102, 0, 0 
25005, 0, 0 
114, 0, 0 
38559, 0, 0 
21299, 0, 0 
57407, 0, 0 
53027, 0, 0 
32097, 0, 0 
28325, 0, 0 
17625, 0, 0 
9310, 0, 0 
14089, 0, 0 
25206, 0, 0 
22297, 0, 0 
51826, 0, 0 
24893, 0, 0 
52294, 0, 0 
50444, 0, 0 
52698, 0, 0 
43728, 0, 0 
37153, 0, 0 
30127, 0, 0 
13826, 0, 0 
1502, 0, 0 
55030, 0, 0 
4738, 0, 0 
20010, 0, 0 
18896, 0, 0 
50036, 0, 0 
4009, 0, 0 
35400, 0, 0 
4181, 0, 0 
41806, 0, 0 
43347, 0, 0 
43761, 1, 1 
18179, 1, 1 
51190, 1, 1 
38845, 1, 1 
12521, 1, 1 
35286, 1, 1 
20302, 1, 1 
51369, 1, 1 
44994, 1, 1 
51436, 1, 1 
11760, 1, 1 
53425, 1, 1 
38337, 1, 1 
10638, 1, 1 
8895, 1, 1 
52505, 1, 1 
7921, 1, 1 
50016, 1, 1 
14196, 1, 1 
52531, 1, 1 
49002, 1, 1 
15356, 1, 1 
13514, 1, 1 
56020, 1, 1 
56423, 1, 1 
17477, 1, 1 
48831, 1, 1 
10180, 1, 1 
26986, 1, 1 
12793, 1, 1 
27564, 1, 1 
37547, 1, 1 
43323, 1, 1 
18707, 1, 1 
11558, 1, 1 
39017, 1, 1 
52262, 1, 1 
52888, 1, 1 
57322, 1, 1 
37849, 1, 1 
26812, 1, 1 
2719, 1, 1 
48845, 1, 1 
5655, 1, 1 
31198, 1, 1 
32070, 1, 1 
21394, 1, 1 
33279, 1, 1 
40377, 1, 1 
12883, 1, 1 
14273, 2, 2 
24552, 2, 2 
48231, 2, 2 
43032, 2, 2 
26690, 2, 2 
38667, 2, 2 
53876, 2, 2 
32709, 2, 2 
52099, 2, 2 
29500, 2, 2 
32269, 2, 2 
57815, 2, 2 
23794, 2, 2 
24116, 2, 2 
25459, 2, 2 
40212, 2, 2 
16810, 2, 2 
55653, 2, 2 
1539, 2, 2 
41516, 2, 2 
58254, 2, 2 
25238, 2, 2 
59903, 2, 2 
45047, 2, 2 
13743, 2, 2 
38901, 2, 2 
8784, 2, 2 
28811, 2, 2 
1874, 2, 2 
8102, 2, 2 
10962, 2, 2 
30655, 2, 2 
4664, 2, 2 
49486, 2, 2 
6348, 2, 2 
684, 2, 2 
44412, 2, 2 
2283, 2, 2 
22229, 2, 2 
17763, 2, 2 
46951, 2, 2 
28078, 2, 2 
47102, 2, 2 
52774, 2, 2 
16058, 2, 2 
54758, 2, 2 
54519, 2, 2 
41881, 2, 2 
22026, 2, 2 
14023, 2, 2 
19266, 3, 3 
8227, 3, 3 
43428, 3, 3 
14454, 3, 3 
51776, 3, 3 
6827, 3, 3 
41299, 3, 3 
39885, 3, 3 
433, 3, 3 
45636, 3, 3 
12617, 3, 3 
32680, 3, 3 
30084, 3, 3 
14655, 3, 3 
2359, 3, 3 
15793, 3, 3 
9482, 3, 3 
30729, 3, 3 
55488, 3, 3 
56134, 3, 3 
37940, 3, 3 
53584, 3, 3 
1474, 3, 3 
7339, 3, 3 
32267, 3, 3 
41143, 3, 3 
19302, 3, 3 
2506, 3, 3 
37383, 3, 3 
49725, 3, 3 
5148, 3, 3 
54074, 3, 3 
16003, 3, 3 
57766, 3, 3 
52298, 3, 3 
22906, 3, 3 
48868, 3, 3 
15701, 3, 3 
53755, 3, 3 
29913, 3, 3 
33817, 3, 3 
11863, 3, 3 
49103, 3, 3 
47539, 3, 3 
59092, 3, 3 
34659, 3, 3 
12913, 3, 3 
25425, 3, 3 
5562, 3, 3 
4742, 3, 3 
18000, 4, 4 
23696, 4, 4 
1885, 4, 4 
42616, 4, 4 
45915, 4, 4 
1411, 4, 4 
59321, 4, 4 
35769, 4, 4 
13267, 4, 4 
17451, 4, 4 
44771, 4, 4 
38966, 4, 4 
17198, 4, 4 
32164, 4, 4 
9410, 4, 4 
6532, 4, 4 
54861, 4, 4 
9558, 4, 4 
40135, 4, 4 
23618, 4, 9 
54686, 4, 4 
22472, 4, 4 
29135, 4, 4 
19017, 4, 4 
21882, 4, 4 
31029, 4, 4 
12055, 4, 4 
37800, 4, 4 
14572, 4, 4 
47313, 4, 4 
41354, 4, 4 
23174, 4, 4 
19138, 4, 4 
21828, 4, 4 
27555, 4, 4 
45912, 4, 4 
55532, 4, 4 
56142, 4, 4 
51684, 4, 4 
24120, 4, 4 
12121, 4, 4 
14720, 4, 4 
15111, 4, 4 
5863, 4, 4 
15038, 4, 4 
8890, 4, 4 
8399, 4, 4 
19484, 4, 4 
55990, 4, 4 
3625, 4, 4 
36011, 5, 5 
53086, 5, 5 
50006, 5, 5 
59492, 5, 5 
27353, 5, 5 
33321, 5, 5 
23869, 5, 5 
6431, 5, 5 
8010, 5, 5 
21833, 5, 5 
51972, 5, 5 
916, 5, 5 
44404, 5, 5 
39132, 5, 5 
2268, 5, 5 
49922, 5, 5 
4948, 5, 5 
33511, 5, 5 
35147, 5, 5 
24252, 5, 5 
27400, 5, 5 
23546, 5, 5 
32603, 5, 5 
46608, 5, 5 
25423, 5, 5 
41389, 5, 5 
34115, 5, 5 
4475, 5, 5 
13248, 5, 5 
6848, 5, 5 
56587, 5, 5 
18090, 5, 5 
24819, 5, 5 
41032, 5, 5 
12650, 5, 5 
8900, 5, 5 
47938, 5, 5 
34908, 5, 5 
27607, 5, 5 
47428, 5, 5 
5904, 5, 5 
25190, 5, 5 
4126, 5, 5 
10421, 5, 5 
26228, 5, 5 
36989, 5, 5 
1311, 5, 5 
51559, 5, 5 
56658, 5, 5 
40659, 5, 5 
50934, 6, 6 
38856, 6, 6 
34255, 6, 6 
12354, 6, 6 
22872, 6, 6 
5846, 6, 6 
23850, 6, 6 
40191, 6, 6 
39567, 6, 6 
42253, 6, 6 
32876, 6, 6 
27306, 6, 6 
27556, 6, 6 
57807, 6, 6 
28142, 6, 6 
20489, 6, 6 
25834, 6, 6 
11461, 6, 6 
38258, 6, 6 
3097, 6, 6 
45887, 6, 6 
48689, 6, 6 
44420, 6, 6 
59895, 6, 6 
23687, 6, 6 
42166, 6, 6 
8225, 6, 6 
18220, 6, 6 
26735, 6, 6 
1792, 6, 6 
42694, 6, 6 
48153, 6, 6 
6355, 6, 6 
16065, 6, 6 
23453, 6, 6 
5586, 6, 6 
11699, 6, 6 
42481, 6, 6 
36574, 6, 6 
5998, 6, 6 
4150, 6, 6 
22221, 6, 6 
24945, 6, 6 
22550, 6, 6 
19984, 6, 6 
46189, 6, 6 
11497, 6, 6 
52053, 6, 6 
23244, 6, 6 
7717, 6, 6 
13158, 7, 7 
53858, 7, 7 
40193, 7, 7 
30442, 7, 7 
35306, 7, 7 
52173, 7, 7 
43374, 7, 7 
33920, 7, 7 
2701, 7, 7 
6932, 7, 7 
5657, 7, 7 
56218, 7, 7 
33431, 7, 7 
12273, 7, 7 
32849, 7, 7 
31991, 7, 7 
42646, 7, 7 
31731, 7, 7 
37471, 7, 7 
24236, 7, 7 
25160, 7, 7 
29963, 7, 7 
15849, 7, 7 
23551, 7, 7 
24515, 7, 7 
55735, 7, 7 
48691, 7, 7 
59162, 7, 7 
38320, 7, 7 
34079, 7, 7 
37279, 7, 7 
52217, 7, 7 
56077, 7, 7 
9001, 7, 7 
45466, 7, 7 
43052, 7, 7 
33996, 7, 7 
37922, 7, 7 
52010, 7, 7 
11733, 7, 7 
58972, 7, 7 
3255, 7, 7 
39477, 7, 7 
13847, 7, 7 
34647, 7, 7 
1789, 7, 7 
18494, 7, 7 
9188, 7, 7 
13815, 7, 7 
30294, 7, 7 
53860, 8, 8 
33447, 8, 8 
38987, 8, 8 
41057, 8, 8 
38702, 8, 8 
32166, 8, 8 
9944, 8, 8 
3299, 8, 8 
30621, 8, 8 
54450, 8, 8 
3976, 8, 8 
1776, 8, 8 
52884, 8, 8 
32503, 8, 8 
43647, 8, 8 
23591, 8, 8 
42635, 8, 8 
9970, 8, 8 
734, 8, 8 
40403, 8, 8 
25262, 8, 8 
9591, 8, 8 
9996, 8, 8 
22813, 8, 8 
31329, 8, 8 
758, 8, 8 
2421, 8, 8 
52900, 8, 8 
56145, 8, 8 
3918, 8, 8 
7586, 8, 8 
11431, 8, 8 
13195, 8, 8 
14189, 8, 8 
6728, 8, 8 
1219, 8, 8 
2636, 8, 8 
48475, 8, 8 
29365, 8, 8 
30494, 8, 8 
14826, 8, 8 
14728, 8, 8 
19204, 8, 8 
56879, 8, 8 
31673, 8, 8 
47765, 8, 8 
9764, 8, 8 
47331, 8, 8 
8118, 8, 8 
17065, 8, 8 
52929, 9, 9 
21786, 9, 9 
26361, 9, 9 
58034, 9, 9 
1272, 9, 9 
27774, 9, 9 
42129, 9, 9 
44537, 9, 9 
13435, 9, 9 
45352, 9, 9 
40685, 9, 9 
37976, 9, 9 
5219, 9, 9 
5918, 9, 9 
2385, 9, 9 
10306, 9, 9 
49679, 9, 9 
23159, 9, 9 
53204, 9, 9 
47547, 9, 9 
32163, 9, 9 
48927, 9, 9 
41033, 9, 9 
33862, 9, 9 
10109, 9, 9 
39030, 9, 9 
27163, 9, 9 
41254, 9, 9 
1591, 9, 9 
40608, 9, 9 
8358, 9, 9 
27074, 9, 9 
6872, 9, 9 
51982, 9, 9 
39578, 9, 9 
23262, 9, 9 
5943, 9, 9 
10576, 9, 9 
50174, 9, 9 
44025, 9, 9 
35065, 9, 9 
13173, 9, 9 
13462, 9, 9 
18405, 9, 9 
18193, 9, 9 
39501, 9, 9 
2934, 9, 9 
34335, 9, 9 
29847, 9, 9 
9306, 9, 9 
