id, true label, predicted label 
4008, 0, 0 
50929, 0, 0 
41646, 0, 0 
52323, 0, 0 
54349, 0, 0 
1310, 0, 0 
47389, 0, 0 
45857, 0, 0 
2058, 0, 0 
31180, 0, 0 
34392, 0, 0 
39859, 0, 0 
41352, 0, 0 
12217, 0, 0 
52312, 0, 0 
42599, 0, 0 
34699, 0, 0 
21319, 0, 0 
48529, 0, 0 
58146, 0, 0 
28274, 0, 0 
56163, 0, 0 
58036, 0, 0 
18563, 0, 0 
5512, 0, 0 
27394, 0, 0 
4624, 0, 0 
582, 0, 0 
15065, 0, 0 
55246, 0, 0 
22441, 0, 0 
27712, 0, 0 
464, 0, 0 
6444, 0, 0 
55048, 0, 0 
55840, 0, 0 
57601, 0, 0 
27841, 0, 0 
5514, 0, 0 
18837, 0, 0 
35923, 0, 0 
28755, 0, 0 
13853, 0, 0 
18725, 0, 0 
12142, 0, 0 
58108, 0, 0 
121, 0, 0 
41187, 0, 0 
35896, 0, 0 
9196, 0, 0 
1463, 1, 1 
3644, 1, 1 
50362, 1, 1 
57903, 1, 1 
27329, 1, 1 
38415, 1, 1 
24487, 1, 1 
34334, 1, 1 
7746, 1, 1 
23290, 1, 1 
59207, 1, 1 
8218, 1, 1 
59382, 1, 1 
24183, 1, 1 
10006, 1, 1 
15574, 1, 1 
57464, 1, 1 
30261, 1, 1 
27639, 1, 1 
22748, 1, 1 
11968, 1, 1 
30852, 1, 1 
7788, 1, 1 
39462, 1, 1 
25940, 1, 1 
10285, 1, 1 
871, 1, 1 
13160, 1, 1 
16218, 1, 1 
38081, 1, 1 
44680, 1, 1 
1331, 1, 1 
23751, 1, 1 
45240, 1, 1 
678, 1, 1 
7435, 1, 1 
25524, 1, 1 
51949, 1, 1 
49811, 1, 1 
28350, 1, 1 
54963, 1, 1 
14503, 1, 1 
5950, 1, 1 
47384, 1, 1 
6617, 1, 1 
57673, 1, 1 
54087, 1, 1 
128, 1, 1 
26059, 1, 1 
4657, 1, 1 
29853, 2, 2 
17480, 2, 2 
14852, 2, 2 
32288, 2, 2 
59970, 2, 2 
13612, 2, 2 
15083, 2, 2 
31047, 2, 2 
44794, 2, 2 
9689, 2, 2 
24722, 2, 2 
26626, 2, 2 
59218, 2, 2 
220, 2, 2 
47787, 2, 2 
45998, 2, 2 
56465, 2, 2 
13522, 2, 2 
18634, 2, 2 
6138, 2, 2 
2075, 2, 2 
43486, 2, 2 
51870, 2, 2 
47565, 2, 2 
49605, 2, 2 
23231, 2, 2 
59444, 2, 2 
3853, 2, 2 
36505, 2, 2 
38330, 2, 2 
6204, 2, 2 
20424, 2, 2 
39284, 2, 2 
45868, 2, 2 
7736, 2, 2 
19154, 2, 2 
2802, 2, 2 
12861, 2, 2 
5677, 2, 2 
47999, 2, 2 
38396, 2, 2 
20224, 2, 2 
37386, 2, 2 
36375, 2, 2 
38403, 2, 2 
43681, 2, 2 
21959, 2, 2 
56612, 2, 2 
57956, 2, 2 
44098, 2, 2 
15332, 3, 3 
12828, 3, 3 
17041, 3, 3 
20675, 3, 3 
52446, 3, 3 
3124, 3, 3 
28841, 3, 3 
34788, 3, 3 
31988, 3, 3 
6559, 3, 3 
57265, 3, 3 
55139, 3, 3 
53262, 3, 3 
2734, 3, 3 
38049, 3, 3 
2603, 3, 3 
38109, 3, 3 
29458, 3, 3 
48798, 3, 3 
19660, 3, 3 
330, 3, 3 
49294, 3, 3 
44142, 3, 3 
17026, 3, 3 
7569, 3, 3 
35022, 3, 3 
15572, 3, 3 
18939, 3, 3 
1241, 3, 3 
38811, 3, 3 
46370, 3, 3 
48859, 3, 3 
46126, 3, 3 
3969, 3, 3 
49254, 3, 3 
7766, 3, 3 
42178, 3, 3 
38495, 3, 3 
34318, 3, 3 
35248, 3, 3 
34815, 3, 3 
1971, 3, 3 
9289, 3, 3 
58853, 3, 3 
28299, 3, 3 
46854, 3, 3 
14624, 3, 3 
40337, 3, 3 
21187, 3, 3 
13294, 3, 3 
292, 4, 4 
32865, 4, 4 
882, 4, 4 
33545, 4, 4 
24547, 4, 4 
38668, 4, 4 
29063, 4, 4 
39324, 4, 4 
32278, 4, 4 
40703, 4, 4 
24922, 4, 4 
17976, 4, 4 
7204, 4, 4 
39298, 4, 4 
20110, 4, 4 
18438, 4, 4 
43022, 4, 4 
31111, 4, 4 
37419, 4, 4 
43634, 4, 4 
19637, 4, 4 
18898, 4, 4 
39886, 4, 4 
52572, 4, 4 
3439, 4, 4 
2276, 4, 4 
11434, 4, 4 
41825, 4, 4 
59020, 4, 4 
18638, 4, 4 
21541, 4, 4 
5356, 4, 4 
56375, 4, 4 
5796, 4, 4 
4522, 4, 4 
14349, 4, 4 
50389, 4, 4 
39078, 4, 4 
50502, 4, 4 
43626, 4, 4 
50009, 4, 4 
26207, 4, 4 
29367, 4, 4 
38122, 4, 4 
39943, 4, 4 
906, 4, 4 
34354, 4, 4 
32191, 4, 4 
50725, 4, 4 
51515, 4, 4 
36028, 5, 5 
58419, 5, 5 
699, 5, 5 
6980, 5, 5 
53907, 5, 5 
55886, 5, 5 
16682, 5, 5 
40253, 5, 5 
6026, 5, 5 
3266, 5, 5 
48425, 5, 5 
21338, 5, 5 
37066, 5, 5 
45049, 5, 5 
44506, 5, 5 
26517, 5, 5 
47314, 5, 5 
12386, 5, 5 
1356, 5, 5 
56967, 5, 5 
41475, 5, 5 
6664, 5, 5 
27310, 5, 5 
6867, 5, 5 
6836, 5, 5 
49343, 5, 5 
47768, 5, 5 
46720, 5, 5 
14917, 5, 5 
24004, 5, 5 
38675, 5, 5 
52131, 5, 5 
37830, 5, 5 
24166, 5, 5 
53732, 5, 5 
33365, 5, 5 
29539, 5, 5 
39021, 5, 5 
4695, 5, 5 
14199, 5, 5 
35214, 5, 5 
42827, 5, 5 
37698, 5, 5 
9044, 5, 5 
1263, 5, 5 
32519, 5, 5 
23918, 5, 5 
44810, 5, 5 
17468, 5, 5 
21819, 5, 5 
32592, 6, 6 
22665, 6, 6 
50122, 6, 6 
33242, 6, 6 
27858, 6, 6 
30715, 6, 6 
55936, 6, 6 
22142, 6, 6 
1456, 6, 6 
35322, 6, 6 
15459, 6, 6 
15756, 6, 6 
14778, 6, 6 
29096, 6, 6 
17980, 6, 6 
10190, 6, 6 
22145, 6, 6 
37888, 6, 6 
4922, 6, 6 
40019, 6, 6 
36980, 6, 6 
20704, 6, 6 
57036, 6, 6 
24392, 6, 6 
48776, 6, 6 
12170, 6, 6 
39824, 6, 6 
16317, 6, 6 
51096, 6, 6 
50469, 6, 6 
22360, 6, 6 
8091, 6, 6 
19309, 6, 6 
50289, 6, 6 
41782, 6, 6 
21298, 6, 6 
30788, 6, 6 
59591, 6, 6 
44336, 6, 6 
21122, 6, 6 
32927, 6, 6 
26498, 6, 6 
43424, 6, 6 
11497, 6, 6 
1503, 6, 6 
34049, 6, 6 
54211, 6, 6 
737, 6, 6 
27724, 6, 6 
24411, 6, 6 
14277, 7, 7 
23570, 7, 7 
27976, 7, 7 
42844, 7, 7 
38243, 7, 7 
40728, 7, 7 
43923, 7, 7 
22836, 7, 7 
15393, 7, 7 
42892, 7, 7 
55756, 7, 7 
20766, 7, 7 
39358, 7, 7 
6475, 7, 7 
52997, 7, 7 
51138, 7, 7 
6064, 7, 7 
45097, 7, 7 
34676, 7, 7 
50426, 7, 7 
46201, 7, 7 
51634, 7, 7 
34959, 7, 7 
42800, 7, 7 
10147, 7, 7 
54274, 7, 7 
2173, 7, 7 
12478, 7, 7 
45114, 7, 7 
10019, 7, 7 
25756, 7, 7 
26158, 7, 7 
8665, 7, 7 
6902, 7, 7 
43841, 7, 7 
41615, 7, 7 
53666, 7, 7 
57581, 7, 7 
4876, 7, 7 
45615, 7, 7 
43213, 7, 7 
45020, 7, 7 
17525, 7, 7 
32346, 7, 7 
28956, 7, 7 
32844, 7, 7 
51621, 7, 7 
46042, 7, 7 
48053, 7, 7 
47266, 7, 7 
47892, 8, 8 
15522, 8, 8 
48495, 8, 8 
52901, 8, 8 
35467, 8, 8 
43182, 8, 8 
27678, 8, 8 
38606, 8, 8 
44615, 8, 8 
3665, 8, 8 
21926, 8, 8 
1505, 8, 8 
19911, 8, 8 
29381, 8, 8 
45891, 8, 8 
6136, 8, 8 
10250, 8, 8 
58933, 8, 8 
29753, 8, 8 
59999, 8, 8 
50651, 8, 8 
25776, 8, 8 
52352, 8, 8 
694, 8, 8 
42417, 8, 8 
30527, 8, 8 
48037, 8, 8 
30843, 8, 8 
26373, 8, 8 
10619, 8, 8 
5783, 8, 8 
7376, 8, 8 
17641, 8, 8 
57666, 8, 8 
55491, 8, 8 
47093, 8, 8 
47506, 8, 8 
35730, 8, 8 
18434, 8, 8 
25849, 8, 8 
51424, 8, 8 
22309, 8, 8 
28802, 8, 8 
12534, 8, 8 
30038, 8, 8 
40646, 8, 8 
51964, 8, 8 
51897, 8, 8 
11749, 8, 8 
44944, 8, 8 
51521, 9, 9 
44592, 9, 9 
6376, 9, 9 
6821, 9, 9 
52506, 9, 9 
11224, 9, 9 
25446, 9, 9 
37349, 9, 9 
13806, 9, 9 
23145, 9, 9 
46889, 9, 9 
5718, 9, 9 
58920, 9, 9 
46972, 9, 9 
59532, 9, 9 
19140, 9, 9 
20366, 9, 9 
10951, 9, 9 
55636, 9, 9 
39259, 9, 9 
3847, 9, 9 
43000, 9, 9 
13308, 9, 9 
43870, 9, 9 
15832, 9, 9 
16602, 9, 9 
56923, 9, 9 
17902, 9, 9 
23719, 9, 9 
11001, 9, 9 
37824, 9, 9 
3773, 9, 9 
6999, 9, 9 
11212, 9, 9 
626, 9, 9 
2722, 9, 9 
21646, 9, 9 
45370, 9, 9 
55265, 9, 9 
57674, 9, 9 
56242, 9, 9 
14082, 9, 9 
52989, 9, 9 
26845, 9, 9 
55612, 9, 9 
18091, 9, 9 
5797, 9, 9 
36678, 9, 9 
17899, 9, 9 
45525, 9, 9 
