id, true label, predicted label 
19646, 0, 0 
23060, 0, 0 
23627, 0, 0 
14991, 0, 0 
36519, 0, 0 
639, 0, 0 
47923, 0, 0 
29934, 0, 0 
19930, 0, 0 
15442, 0, 0 
36953, 0, 0 
15505, 0, 0 
40122, 0, 0 
25285, 0, 0 
16045, 0, 0 
58275, 0, 0 
14877, 0, 0 
9158, 0, 0 
13547, 0, 0 
19822, 0, 0 
2839, 0, 0 
7597, 0, 0 
36749, 0, 0 
18543, 0, 0 
35028, 0, 0 
22196, 0, 0 
29540, 0, 0 
10259, 0, 0 
31171, 0, 0 
31410, 0, 0 
23113, 0, 0 
15520, 0, 0 
24388, 0, 0 
58532, 0, 0 
20827, 0, 0 
13854, 0, 0 
1443, 0, 0 
33670, 0, 0 
24861, 0, 0 
30088, 0, 0 
13335, 0, 0 
50385, 0, 0 
9753, 0, 0 
21203, 0, 0 
29102, 0, 0 
1093, 0, 0 
51215, 0, 0 
23495, 0, 0 
54354, 0, 0 
23067, 0, 0 
5814, 1, 1 
44569, 1, 1 
20041, 1, 1 
25697, 1, 1 
35985, 1, 1 
42881, 1, 1 
30737, 1, 1 
44183, 1, 1 
4810, 1, 1 
5174, 1, 1 
44422, 1, 1 
17538, 1, 1 
21143, 1, 1 
7910, 1, 1 
20131, 1, 1 
54438, 1, 1 
52073, 1, 1 
26175, 1, 1 
31465, 1, 1 
41816, 1, 1 
53750, 1, 1 
9136, 1, 1 
26317, 1, 1 
36618, 1, 1 
42974, 1, 1 
49817, 1, 1 
26531, 1, 1 
26924, 1, 1 
15999, 1, 1 
20474, 1, 1 
37939, 1, 1 
21247, 1, 1 
21248, 1, 1 
6748, 1, 1 
18270, 1, 1 
19093, 1, 1 
29227, 1, 1 
53899, 1, 1 
32721, 1, 1 
19339, 1, 1 
18899, 1, 1 
31282, 1, 1 
16718, 1, 1 
9350, 1, 1 
9837, 1, 1 
33124, 1, 1 
15959, 1, 1 
9256, 1, 1 
53187, 1, 1 
3149, 1, 1 
3342, 2, 2 
10582, 2, 2 
34495, 2, 2 
3200, 2, 2 
55625, 2, 2 
50642, 2, 2 
53237, 2, 2 
13743, 2, 2 
5110, 2, 2 
33133, 2, 2 
53138, 2, 2 
47731, 2, 2 
8841, 2, 2 
57964, 2, 2 
50575, 2, 2 
55985, 2, 2 
52630, 2, 2 
9772, 2, 2 
4371, 2, 2 
27614, 2, 2 
55507, 2, 2 
45387, 2, 2 
59991, 2, 2 
31973, 2, 2 
22712, 2, 2 
19886, 2, 2 
15495, 2, 2 
21713, 2, 2 
7933, 2, 2 
6811, 2, 2 
55069, 2, 2 
20960, 2, 2 
10776, 2, 2 
6478, 2, 2 
3244, 2, 2 
24116, 2, 2 
50568, 2, 2 
684, 2, 2 
16638, 2, 2 
13857, 2, 2 
24551, 2, 2 
4096, 2, 2 
6038, 2, 2 
36396, 2, 2 
11503, 2, 2 
32523, 2, 2 
19802, 2, 2 
51443, 2, 2 
11384, 2, 2 
32418, 2, 2 
44671, 3, 3 
57468, 3, 3 
48324, 3, 3 
27755, 3, 3 
50214, 3, 3 
17643, 3, 3 
2183, 3, 3 
16676, 3, 3 
27573, 3, 3 
21775, 3, 3 
50206, 3, 3 
16243, 3, 3 
43171, 3, 3 
8498, 3, 3 
59104, 3, 3 
254, 3, 3 
44058, 3, 3 
38827, 3, 3 
2818, 3, 3 
12012, 3, 3 
44497, 3, 3 
31311, 3, 3 
25740, 3, 3 
30915, 3, 3 
23029, 3, 3 
34536, 3, 3 
22721, 3, 3 
26156, 3, 3 
11039, 3, 8 
52661, 3, 3 
54062, 3, 3 
41212, 3, 3 
21487, 3, 3 
12100, 3, 3 
52209, 3, 3 
51257, 3, 3 
18004, 3, 3 
26364, 3, 3 
58257, 3, 3 
10238, 3, 3 
5359, 3, 3 
49461, 3, 3 
50288, 3, 3 
12995, 3, 3 
4400, 3, 3 
51640, 3, 3 
57920, 3, 3 
43208, 3, 3 
16074, 3, 3 
56515, 3, 3 
24855, 4, 4 
18133, 4, 4 
25234, 4, 4 
43302, 4, 4 
49609, 4, 4 
24262, 4, 4 
30683, 4, 4 
237, 4, 4 
56825, 4, 4 
28008, 4, 4 
3092, 4, 4 
43934, 4, 4 
17498, 4, 4 
22714, 4, 4 
26, 4, 4 
22273, 4, 4 
22572, 4, 4 
3548, 4, 4 
38834, 4, 4 
19520, 4, 4 
58218, 4, 4 
53602, 4, 4 
16434, 4, 4 
28501, 4, 4 
20059, 4, 4 
139, 4, 4 
21581, 4, 4 
13363, 4, 4 
12034, 4, 4 
36733, 4, 4 
51593, 4, 4 
48596, 4, 4 
27776, 4, 4 
18846, 4, 4 
877, 4, 4 
51135, 4, 4 
31438, 4, 4 
37785, 4, 4 
32657, 4, 4 
20768, 4, 4 
34809, 4, 4 
10854, 4, 4 
25925, 4, 4 
4410, 4, 4 
57708, 4, 4 
26264, 4, 4 
20236, 4, 4 
57569, 4, 4 
50725, 4, 4 
21107, 4, 4 
25623, 5, 5 
27510, 5, 5 
55902, 5, 5 
37507, 5, 5 
25066, 5, 5 
11935, 5, 5 
1997, 5, 5 
40059, 5, 5 
4820, 5, 5 
4941, 5, 5 
18172, 5, 5 
26547, 5, 5 
57528, 5, 5 
31005, 5, 5 
57028, 5, 5 
21039, 5, 5 
18234, 5, 5 
51298, 5, 5 
21455, 5, 5 
50650, 5, 5 
33216, 5, 5 
5060, 5, 5 
25283, 5, 5 
17239, 5, 5 
36207, 5, 5 
474, 5, 5 
12561, 5, 5 
52895, 5, 5 
48369, 5, 5 
1650, 5, 5 
24283, 5, 5 
24683, 5, 5 
13165, 5, 5 
22186, 5, 5 
39502, 5, 5 
11801, 5, 5 
16426, 5, 5 
18518, 5, 5 
27711, 5, 5 
51792, 5, 5 
15768, 5, 5 
34888, 5, 5 
55442, 5, 5 
25508, 5, 5 
1752, 5, 5 
29834, 5, 5 
28057, 5, 5 
27975, 5, 5 
11596, 5, 5 
40704, 5, 5 
37888, 6, 6 
40209, 6, 6 
57346, 6, 6 
58442, 6, 6 
25337, 6, 6 
42745, 6, 6 
53830, 6, 6 
38185, 6, 6 
44963, 6, 6 
35537, 6, 6 
50494, 6, 6 
23284, 6, 6 
14330, 6, 6 
33434, 6, 6 
5485, 6, 6 
57959, 6, 6 
1366, 6, 6 
46310, 6, 6 
39601, 6, 6 
26168, 6, 6 
40304, 6, 6 
21004, 6, 6 
27812, 6, 6 
10754, 6, 6 
27981, 6, 6 
10135, 6, 6 
56240, 6, 6 
40625, 6, 6 
17344, 6, 6 
27708, 6, 6 
46632, 6, 6 
47593, 6, 6 
30557, 6, 6 
48945, 6, 6 
44428, 6, 6 
9486, 6, 6 
1782, 6, 6 
59431, 6, 6 
13246, 6, 6 
36743, 6, 6 
27405, 6, 6 
7179, 6, 6 
44517, 6, 6 
32999, 6, 6 
23110, 6, 6 
54662, 6, 6 
23228, 6, 6 
40514, 6, 6 
37282, 6, 6 
2020, 6, 6 
41002, 7, 7 
46875, 7, 7 
12772, 7, 7 
8168, 7, 7 
25841, 7, 7 
7913, 7, 7 
34732, 7, 7 
30201, 7, 7 
41928, 7, 7 
59856, 7, 7 
52124, 7, 7 
15256, 7, 7 
44795, 7, 7 
24884, 7, 7 
52750, 7, 7 
59733, 7, 7 
50037, 7, 7 
7229, 7, 7 
14455, 7, 7 
10547, 7, 7 
47666, 7, 7 
34503, 7, 7 
4472, 7, 7 
35549, 7, 7 
9382, 7, 7 
2676, 7, 7 
28447, 7, 7 
53839, 7, 7 
30060, 7, 7 
38650, 7, 7 
51967, 7, 7 
42828, 7, 7 
2852, 7, 7 
53629, 7, 7 
31879, 7, 7 
16316, 7, 7 
32873, 7, 7 
31742, 7, 7 
30913, 7, 7 
8861, 7, 7 
58526, 7, 7 
50234, 7, 7 
46648, 7, 7 
54695, 7, 7 
5575, 7, 7 
36967, 7, 7 
20600, 7, 7 
21567, 7, 7 
803, 7, 7 
33362, 7, 7 
36275, 8, 8 
42595, 8, 8 
31014, 8, 8 
46876, 8, 8 
24586, 8, 8 
10124, 8, 8 
48106, 8, 8 
32935, 8, 8 
53248, 8, 8 
34900, 8, 8 
13065, 8, 8 
47144, 8, 8 
51830, 8, 8 
56313, 8, 8 
51487, 8, 8 
3600, 8, 8 
5140, 8, 8 
24925, 8, 8 
28699, 8, 8 
58305, 8, 8 
32147, 8, 8 
18368, 8, 8 
50702, 8, 8 
45678, 8, 8 
38271, 8, 8 
30654, 8, 8 
36386, 8, 8 
46231, 8, 8 
24240, 8, 8 
47201, 8, 8 
8306, 8, 8 
8033, 8, 8 
22281, 8, 8 
58201, 8, 8 
9651, 8, 8 
28751, 8, 8 
53150, 8, 8 
28023, 8, 8 
23524, 8, 8 
48824, 8, 8 
58777, 8, 8 
13274, 8, 8 
35841, 8, 8 
30235, 8, 8 
53312, 8, 8 
50180, 8, 8 
20709, 8, 8 
31726, 8, 8 
43335, 8, 8 
26373, 8, 8 
20750, 9, 9 
47120, 9, 9 
16067, 9, 9 
7623, 9, 9 
50490, 9, 9 
29161, 9, 9 
27087, 9, 9 
17296, 9, 9 
20698, 9, 9 
28722, 9, 9 
30778, 9, 9 
47390, 9, 9 
9051, 9, 9 
52846, 9, 9 
57206, 9, 9 
18562, 9, 9 
29093, 9, 9 
44187, 9, 9 
51393, 9, 9 
41603, 9, 9 
28260, 9, 9 
12006, 9, 9 
4668, 9, 9 
56702, 9, 9 
41583, 9, 9 
11102, 9, 9 
9827, 9, 9 
38118, 9, 9 
3566, 9, 9 
28055, 9, 9 
52646, 9, 9 
16967, 9, 9 
59050, 9, 9 
45688, 9, 9 
38467, 9, 9 
7053, 9, 9 
4219, 9, 9 
26110, 9, 9 
7667, 9, 9 
25905, 9, 9 
59890, 9, 9 
59371, 9, 9 
42360, 9, 9 
34878, 9, 9 
45343, 9, 9 
2216, 9, 9 
23275, 9, 9 
3095, 9, 9 
43873, 9, 9 
10660, 9, 9 
