id, true label, predicted label 
50974, 0, 0 
19818, 0, 0 
44060, 0, 0 
21064, 0, 0 
44867, 0, 0 
50876, 0, 0 
114, 0, 0 
26191, 0, 0 
50434, 0, 0 
4500, 0, 0 
2873, 0, 0 
577, 0, 0 
23060, 0, 0 
52048, 0, 0 
10121, 0, 0 
44900, 0, 0 
20244, 0, 0 
12741, 0, 0 
32268, 0, 0 
39050, 0, 0 
1304, 0, 0 
3585, 0, 0 
46963, 0, 0 
50654, 0, 0 
9451, 0, 0 
13377, 0, 0 
57887, 0, 0 
9406, 0, 0 
18743, 0, 0 
20936, 0, 0 
40582, 0, 0 
54985, 0, 0 
56801, 0, 0 
34262, 0, 0 
8531, 0, 0 
53861, 0, 0 
53880, 0, 0 
34555, 0, 0 
37954, 0, 0 
53502, 0, 0 
9744, 0, 0 
28295, 0, 0 
14705, 0, 0 
54263, 0, 0 
20816, 0, 0 
7855, 0, 0 
9865, 0, 0 
22378, 0, 0 
34355, 0, 0 
53299, 0, 0 
16241, 1, 1 
17072, 1, 1 
35819, 1, 1 
14224, 1, 1 
37455, 1, 1 
9906, 1, 1 
51888, 1, 1 
54501, 1, 1 
31169, 1, 1 
4070, 1, 1 
53792, 1, 1 
17802, 1, 1 
51900, 1, 1 
28405, 1, 1 
12459, 1, 1 
24322, 1, 1 
16991, 1, 1 
57310, 1, 1 
15152, 1, 1 
11975, 1, 1 
36517, 1, 1 
11666, 1, 1 
27789, 1, 1 
30214, 1, 1 
23614, 1, 1 
48741, 1, 1 
30592, 1, 1 
11760, 1, 1 
3971, 1, 1 
30649, 1, 1 
11057, 1, 1 
5983, 1, 1 
8070, 1, 1 
50600, 1, 1 
8451, 1, 1 
49664, 1, 1 
15898, 1, 1 
6122, 1, 1 
56081, 1, 1 
58440, 1, 1 
25049, 1, 1 
351, 1, 1 
51247, 1, 1 
17847, 1, 1 
10420, 1, 1 
40651, 1, 1 
919, 1, 1 
15523, 1, 1 
40790, 1, 1 
17240, 1, 1 
10805, 2, 2 
14515, 2, 2 
22226, 2, 2 
3308, 2, 2 
45993, 2, 2 
22990, 2, 2 
34902, 2, 2 
35770, 2, 2 
25920, 2, 2 
33526, 2, 2 
13820, 2, 2 
20289, 2, 2 
14023, 2, 2 
48293, 2, 2 
54796, 2, 2 
47522, 2, 2 
35630, 2, 2 
42746, 2, 2 
16142, 2, 2 
13613, 2, 2 
29200, 2, 2 
33133, 2, 2 
51340, 2, 2 
25249, 2, 2 
25105, 2, 2 
42926, 2, 2 
52099, 2, 2 
27444, 2, 2 
31327, 2, 2 
5135, 2, 2 
17500, 2, 2 
13771, 2, 2 
5724, 2, 2 
59475, 2, 2 
56289, 2, 2 
18783, 2, 2 
40498, 2, 2 
12445, 2, 2 
3710, 2, 2 
48926, 2, 2 
21164, 2, 2 
37777, 2, 2 
16046, 2, 2 
52723, 2, 2 
14523, 2, 2 
36868, 2, 2 
2565, 2, 2 
31506, 2, 2 
22606, 2, 2 
30655, 2, 2 
6416, 3, 3 
18992, 3, 3 
21795, 3, 3 
26824, 3, 3 
874, 3, 3 
26140, 3, 3 
2468, 3, 3 
48163, 3, 3 
21515, 3, 3 
30256, 3, 3 
22154, 3, 3 
28861, 3, 3 
22674, 3, 3 
21775, 3, 3 
56657, 3, 3 
7261, 3, 3 
23298, 3, 3 
24667, 3, 3 
7189, 3, 3 
51260, 3, 3 
25867, 3, 3 
15980, 3, 3 
49135, 3, 3 
2740, 3, 3 
18948, 3, 3 
47195, 3, 3 
17105, 3, 3 
341, 3, 3 
17947, 3, 3 
49638, 3, 3 
21179, 3, 3 
26781, 3, 3 
867, 3, 3 
29641, 3, 3 
6420, 3, 3 
19739, 3, 3 
36515, 3, 3 
52771, 3, 3 
57941, 3, 3 
57016, 3, 3 
27856, 3, 3 
486, 3, 3 
16503, 3, 3 
54357, 3, 3 
10238, 3, 3 
10872, 3, 3 
57264, 3, 3 
59550, 3, 3 
16924, 3, 3 
30883, 3, 3 
50694, 4, 4 
57544, 4, 4 
29754, 4, 4 
44668, 4, 4 
31776, 4, 4 
25410, 4, 4 
46568, 4, 4 
39636, 4, 4 
49733, 4, 4 
24869, 4, 4 
8534, 4, 4 
9109, 4, 4 
59690, 4, 4 
28146, 4, 4 
14715, 4, 4 
314, 4, 4 
46622, 4, 4 
7145, 4, 4 
30573, 4, 4 
45184, 4, 4 
22098, 4, 4 
31051, 4, 4 
36742, 4, 4 
32419, 4, 4 
17592, 4, 4 
26546, 4, 4 
31883, 4, 4 
14193, 4, 4 
10812, 4, 4 
16037, 4, 4 
988, 4, 4 
29577, 4, 4 
21770, 4, 4 
36346, 4, 4 
21393, 4, 4 
52260, 4, 4 
6879, 4, 9 
2407, 4, 4 
2732, 4, 4 
58420, 4, 4 
40236, 4, 4 
55385, 4, 4 
33177, 4, 4 
5265, 4, 4 
17934, 4, 4 
19389, 4, 4 
46894, 4, 4 
18504, 4, 4 
2206, 4, 4 
4758, 4, 4 
4600, 5, 5 
28029, 5, 5 
44924, 5, 5 
50223, 5, 5 
1635, 5, 5 
23832, 5, 5 
49141, 5, 5 
35394, 5, 5 
54604, 5, 5 
13312, 5, 5 
32724, 5, 5 
12229, 5, 5 
16424, 5, 5 
15178, 5, 5 
10939, 5, 5 
33404, 5, 5 
12733, 5, 5 
46878, 5, 5 
43189, 5, 5 
22194, 5, 5 
12082, 5, 5 
55342, 5, 5 
53626, 5, 5 
34112, 5, 5 
30900, 5, 5 
43676, 5, 5 
55506, 5, 5 
25958, 5, 5 
27576, 5, 5 
42940, 5, 5 
58846, 5, 5 
36482, 5, 5 
30575, 5, 5 
39803, 5, 5 
1285, 5, 5 
45139, 5, 5 
33968, 5, 5 
41980, 5, 5 
4622, 5, 5 
37031, 5, 5 
41387, 5, 5 
11238, 5, 5 
14144, 5, 5 
28455, 5, 5 
33044, 5, 5 
26098, 5, 5 
46365, 5, 5 
56748, 5, 5 
35420, 5, 5 
25930, 5, 5 
53148, 6, 6 
51687, 6, 6 
53198, 6, 6 
58392, 6, 6 
48886, 6, 6 
4828, 6, 6 
50856, 6, 6 
93, 6, 6 
20137, 6, 6 
39, 6, 6 
27724, 6, 6 
25340, 6, 6 
14610, 6, 6 
51476, 6, 6 
19002, 6, 6 
39205, 6, 6 
48433, 6, 6 
53289, 6, 6 
50294, 6, 6 
4605, 6, 6 
8072, 6, 6 
8105, 6, 6 
22814, 6, 6 
10452, 6, 6 
19151, 6, 6 
27850, 6, 6 
27161, 6, 6 
51912, 6, 6 
57275, 6, 6 
33207, 6, 6 
17150, 6, 6 
5996, 6, 6 
18250, 6, 6 
53828, 6, 6 
40475, 6, 6 
38181, 6, 6 
9533, 6, 6 
29950, 6, 6 
30930, 6, 6 
36570, 6, 6 
9187, 6, 6 
4770, 6, 6 
4392, 6, 6 
12685, 6, 6 
32050, 6, 6 
45338, 6, 6 
33477, 6, 6 
36014, 6, 6 
4587, 6, 6 
46529, 6, 6 
47453, 7, 7 
51065, 7, 7 
4743, 7, 7 
59710, 7, 7 
17424, 7, 7 
2673, 7, 7 
14032, 7, 7 
16383, 7, 7 
59003, 7, 7 
8302, 7, 7 
32159, 7, 7 
22539, 7, 7 
41044, 7, 7 
59304, 7, 7 
7229, 7, 7 
10474, 7, 7 
5349, 7, 7 
23666, 7, 7 
42619, 7, 7 
26659, 7, 7 
16966, 7, 7 
21871, 7, 7 
32681, 7, 7 
45973, 7, 7 
52149, 7, 7 
23946, 7, 7 
20218, 7, 7 
41496, 7, 7 
55603, 7, 7 
42782, 7, 4 
29797, 7, 7 
22876, 7, 7 
40061, 7, 7 
4571, 7, 7 
22862, 7, 7 
52261, 7, 7 
16842, 7, 7 
25610, 7, 7 
34153, 7, 7 
34111, 7, 7 
27542, 7, 7 
58681, 7, 7 
56518, 7, 7 
57923, 7, 7 
47184, 7, 7 
52477, 7, 7 
38076, 7, 7 
36700, 7, 7 
29888, 7, 7 
8196, 7, 7 
3273, 8, 8 
36020, 8, 8 
31308, 8, 8 
18396, 8, 8 
11146, 8, 8 
2063, 8, 8 
33755, 8, 8 
5819, 8, 8 
11160, 8, 8 
19705, 8, 8 
21711, 8, 8 
58716, 8, 8 
14614, 8, 8 
43403, 8, 8 
9996, 8, 8 
13176, 8, 8 
18945, 8, 8 
30038, 8, 8 
26028, 8, 8 
13346, 8, 8 
45413, 8, 8 
9309, 8, 8 
2043, 8, 8 
53131, 8, 8 
6390, 8, 8 
6697, 8, 8 
34554, 8, 8 
15050, 8, 8 
20823, 8, 8 
11101, 8, 8 
38596, 8, 8 
27236, 8, 8 
35295, 8, 8 
25400, 8, 8 
57324, 8, 8 
17784, 8, 8 
16659, 8, 8 
22163, 8, 8 
40016, 8, 8 
12627, 8, 8 
52067, 8, 8 
42397, 8, 8 
30111, 8, 8 
58636, 8, 8 
51302, 8, 8 
25951, 8, 8 
11681, 8, 8 
5463, 8, 8 
10217, 8, 8 
34635, 8, 8 
59942, 9, 9 
59668, 9, 9 
24898, 9, 9 
11190, 9, 9 
41021, 9, 9 
56708, 9, 9 
22655, 9, 9 
36083, 9, 9 
11212, 9, 9 
34665, 9, 9 
20773, 9, 9 
24956, 9, 9 
56859, 9, 9 
33948, 9, 9 
13049, 9, 9 
33126, 9, 9 
47958, 9, 9 
764, 9, 9 
16878, 9, 9 
9998, 9, 9 
36860, 9, 9 
33642, 9, 9 
47261, 9, 9 
53166, 9, 9 
87, 9, 9 
28598, 9, 9 
7094, 9, 9 
57681, 9, 9 
38457, 9, 9 
47082, 9, 9 
13652, 9, 9 
2247, 9, 9 
47933, 9, 9 
45756, 9, 9 
441, 9, 9 
32930, 9, 9 
52232, 9, 9 
11688, 9, 9 
7538, 9, 9 
43750, 9, 9 
6010, 9, 9 
55636, 9, 9 
21445, 9, 9 
38312, 9, 9 
5765, 9, 9 
55072, 9, 9 
15553, 9, 9 
50020, 9, 9 
36497, 9, 9 
48530, 9, 9 
