id, true label, predicted label 
21215, 0, 0 
9820, 0, 0 
58102, 0, 0 
5622, 0, 0 
6502, 0, 0 
9865, 0, 0 
54595, 0, 0 
59934, 0, 0 
24343, 0, 0 
38057, 0, 0 
29736, 0, 0 
37968, 0, 0 
48111, 0, 0 
11791, 0, 0 
4854, 0, 0 
23093, 0, 0 
42945, 0, 0 
48227, 0, 0 
54235, 0, 0 
59225, 0, 0 
56969, 0, 0 
19772, 0, 0 
41743, 0, 0 
15505, 0, 0 
41485, 0, 0 
58718, 0, 0 
13164, 0, 0 
6738, 0, 0 
21542, 0, 0 
34839, 0, 0 
18178, 0, 0 
49110, 0, 0 
603, 0, 0 
38110, 0, 0 
29199, 0, 0 
27332, 0, 0 
43939, 0, 0 
17987, 0, 0 
22658, 0, 0 
38100, 0, 0 
50208, 0, 0 
31943, 0, 0 
29477, 0, 0 
35217, 0, 0 
51044, 0, 0 
2483, 0, 0 
31639, 0, 0 
13764, 0, 0 
10456, 0, 0 
34358, 0, 0 
43369, 1, 1 
44628, 1, 1 
29098, 1, 1 
38492, 1, 1 
52850, 1, 1 
12680, 1, 1 
24932, 1, 1 
5635, 1, 1 
13590, 1, 1 
10239, 1, 1 
36908, 1, 1 
58120, 1, 1 
14821, 1, 1 
47642, 1, 1 
16855, 1, 1 
53899, 1, 1 
32710, 1, 1 
21767, 1, 1 
53409, 1, 1 
16943, 1, 1 
51015, 1, 1 
52334, 1, 1 
1230, 1, 1 
26485, 1, 1 
7175, 1, 1 
49008, 1, 1 
59200, 1, 1 
42058, 1, 1 
30809, 1, 1 
31122, 1, 1 
31033, 1, 1 
36288, 1, 1 
19071, 1, 1 
47908, 1, 1 
46256, 1, 1 
31771, 1, 1 
59036, 1, 1 
2998, 1, 1 
24143, 1, 1 
20760, 1, 1 
58434, 1, 1 
17418, 1, 1 
24020, 1, 1 
22502, 1, 1 
105, 1, 1 
16591, 1, 1 
3070, 1, 1 
13372, 1, 1 
2415, 1, 1 
52745, 1, 1 
1648, 2, 2 
38825, 2, 2 
52208, 2, 2 
5400, 2, 2 
19154, 2, 2 
21044, 2, 2 
47238, 2, 2 
17516, 2, 2 
30655, 2, 2 
34484, 2, 2 
17763, 2, 2 
26638, 2, 2 
15363, 2, 2 
53963, 2, 2 
3224, 2, 2 
4856, 2, 2 
39020, 2, 2 
29657, 2, 2 
22696, 2, 2 
9668, 2, 2 
44653, 2, 2 
44639, 2, 2 
35909, 2, 2 
28, 2, 2 
47658, 2, 2 
23080, 2, 2 
18164, 2, 2 
1724, 2, 2 
32818, 2, 2 
4489, 2, 2 
9780, 2, 2 
21760, 2, 2 
28234, 2, 2 
27736, 2, 2 
55304, 2, 2 
37367, 2, 2 
29624, 2, 2 
52512, 2, 2 
53029, 2, 2 
51787, 2, 2 
20065, 2, 2 
16057, 2, 2 
52422, 2, 2 
13508, 2, 2 
31890, 2, 2 
22124, 2, 2 
47603, 2, 2 
45584, 2, 2 
14043, 2, 2 
45943, 2, 2 
5637, 3, 3 
49117, 3, 3 
32284, 3, 3 
49376, 3, 3 
28953, 3, 3 
26123, 3, 3 
2961, 3, 3 
43135, 3, 3 
48385, 3, 3 
47689, 3, 3 
53586, 3, 3 
36542, 3, 3 
30362, 3, 3 
57920, 3, 3 
16587, 3, 3 
41619, 3, 3 
21877, 3, 3 
44848, 3, 3 
44373, 3, 3 
39143, 3, 3 
39235, 3, 3 
21116, 3, 3 
36329, 3, 3 
25225, 3, 3 
53107, 3, 3 
8169, 3, 3 
33875, 3, 3 
40866, 3, 3 
42907, 3, 3 
15075, 3, 3 
8941, 3, 3 
39125, 3, 3 
33786, 3, 3 
2536, 3, 3 
2203, 3, 3 
9696, 3, 3 
4740, 3, 3 
55974, 3, 3 
31564, 3, 3 
25641, 3, 3 
20430, 3, 3 
30040, 3, 3 
6398, 3, 3 
4369, 3, 3 
18343, 3, 3 
10678, 3, 3 
17154, 3, 3 
4373, 3, 3 
53958, 3, 3 
34259, 3, 3 
15551, 4, 4 
59108, 4, 4 
57051, 4, 4 
21619, 4, 4 
4737, 4, 4 
5899, 4, 4 
43231, 4, 4 
52074, 4, 4 
14206, 4, 4 
18560, 4, 4 
16093, 4, 4 
23411, 4, 4 
11131, 4, 4 
19380, 4, 4 
23565, 4, 4 
9410, 4, 4 
52260, 4, 4 
11965, 4, 4 
37262, 4, 4 
41865, 4, 4 
24274, 4, 4 
50957, 4, 4 
4132, 4, 4 
17511, 4, 4 
53613, 4, 4 
45095, 4, 4 
33711, 4, 4 
28146, 4, 4 
32310, 4, 4 
33106, 4, 4 
6424, 4, 4 
17020, 4, 4 
27738, 4, 4 
43026, 4, 4 
14411, 4, 4 
6058, 4, 4 
27612, 4, 4 
25162, 4, 4 
19520, 4, 4 
38531, 4, 4 
48478, 4, 4 
6990, 4, 4 
53808, 4, 4 
52704, 4, 4 
45318, 4, 4 
8943, 4, 4 
6025, 4, 4 
23359, 4, 4 
8840, 4, 4 
26911, 4, 4 
18440, 5, 5 
37089, 5, 5 
53802, 5, 5 
12405, 5, 5 
26331, 5, 5 
42660, 5, 5 
15390, 5, 5 
58803, 5, 5 
33077, 5, 5 
10226, 5, 5 
32290, 5, 5 
42322, 5, 5 
57566, 5, 5 
11094, 5, 5 
18254, 5, 5 
55513, 5, 5 
6848, 5, 5 
24318, 5, 5 
27412, 5, 5 
54465, 5, 5 
56732, 5, 5 
403, 5, 5 
26062, 5, 5 
44164, 5, 5 
23824, 5, 5 
20885, 5, 5 
6011, 5, 5 
17558, 5, 5 
8126, 5, 5 
16490, 5, 5 
27099, 5, 5 
10770, 5, 5 
45111, 5, 5 
51610, 5, 5 
38362, 5, 5 
37582, 5, 5 
1978, 5, 5 
14628, 5, 5 
33617, 5, 5 
29433, 5, 5 
17544, 5, 5 
21833, 5, 5 
41602, 5, 5 
51626, 5, 5 
29637, 5, 5 
38313, 5, 5 
17504, 5, 5 
41949, 5, 5 
30553, 5, 5 
21198, 5, 5 
15303, 6, 6 
27812, 6, 6 
59642, 6, 6 
17556, 6, 6 
35683, 6, 6 
6854, 6, 6 
58798, 6, 6 
7562, 6, 6 
4526, 6, 6 
50866, 6, 6 
51293, 6, 6 
41828, 6, 6 
45839, 6, 6 
547, 6, 6 
34963, 6, 6 
31500, 6, 6 
50294, 6, 6 
57954, 6, 6 
35318, 6, 6 
54518, 6, 6 
37707, 6, 6 
40407, 6, 6 
41459, 6, 6 
16684, 6, 6 
11282, 6, 6 
12744, 6, 6 
24585, 6, 6 
16335, 6, 6 
26159, 6, 6 
19048, 6, 6 
16933, 6, 6 
48083, 6, 6 
53220, 6, 6 
48319, 6, 6 
4039, 6, 6 
1567, 6, 6 
22384, 6, 6 
54316, 6, 6 
50220, 6, 6 
34125, 6, 6 
57314, 6, 6 
38514, 6, 6 
3654, 6, 6 
51386, 6, 6 
15641, 6, 6 
31645, 6, 6 
20896, 6, 6 
41849, 6, 6 
53198, 6, 6 
44078, 6, 6 
49136, 7, 7 
3223, 7, 7 
10251, 7, 7 
48053, 7, 7 
17228, 7, 7 
25525, 7, 7 
13162, 7, 7 
7287, 7, 7 
57177, 7, 7 
22796, 7, 7 
33543, 7, 7 
42606, 7, 7 
39357, 7, 7 
4207, 7, 7 
39048, 7, 7 
49666, 7, 7 
42283, 7, 7 
11616, 7, 7 
34661, 7, 7 
43969, 7, 7 
71, 7, 7 
44965, 7, 7 
24572, 7, 7 
54472, 7, 7 
41470, 7, 7 
32604, 7, 7 
37288, 7, 7 
58095, 7, 7 
11944, 7, 7 
11437, 7, 7 
33873, 7, 7 
52866, 7, 7 
1231, 7, 7 
54696, 7, 7 
28270, 7, 7 
12558, 7, 7 
6777, 7, 7 
25128, 7, 7 
45744, 7, 7 
56066, 7, 7 
24815, 7, 7 
48050, 7, 7 
26056, 7, 7 
13802, 7, 7 
4334, 7, 7 
56841, 7, 7 
51102, 7, 7 
54435, 7, 7 
4285, 7, 7 
22836, 7, 7 
16631, 8, 8 
5281, 8, 8 
56412, 8, 8 
47748, 8, 8 
4148, 8, 8 
20107, 8, 8 
8171, 8, 8 
37672, 8, 8 
1388, 8, 8 
49522, 8, 8 
26362, 8, 8 
45649, 8, 8 
12298, 8, 8 
12890, 8, 8 
35072, 8, 8 
32553, 8, 8 
28989, 8, 8 
42238, 8, 8 
55586, 8, 8 
51891, 8, 8 
44866, 8, 8 
19716, 8, 8 
32735, 8, 8 
11210, 8, 9 
30383, 8, 8 
26022, 8, 8 
19392, 8, 8 
41180, 8, 8 
57602, 8, 8 
2482, 8, 8 
56594, 8, 8 
31706, 8, 8 
29576, 8, 8 
43921, 8, 8 
47052, 8, 8 
47726, 8, 8 
6523, 8, 8 
39149, 8, 8 
12988, 8, 8 
94, 8, 8 
43824, 8, 8 
8221, 8, 8 
33059, 8, 8 
20217, 8, 8 
27524, 8, 8 
43909, 8, 8 
37344, 8, 8 
50925, 8, 8 
27964, 8, 8 
15626, 8, 8 
58641, 9, 9 
10820, 9, 9 
6205, 9, 9 
23732, 9, 9 
54055, 9, 9 
45244, 9, 9 
38646, 9, 9 
5572, 9, 9 
49945, 9, 9 
12989, 9, 9 
20112, 9, 9 
24494, 9, 9 
20792, 9, 9 
54138, 9, 9 
4689, 9, 9 
11990, 9, 9 
13692, 9, 9 
39702, 9, 9 
19757, 9, 9 
59917, 9, 9 
41483, 9, 9 
50228, 9, 9 
23224, 9, 9 
17181, 9, 9 
59362, 9, 9 
45700, 9, 9 
45719, 9, 9 
55243, 9, 9 
51334, 9, 9 
29778, 9, 9 
38704, 9, 9 
29710, 9, 9 
58243, 9, 9 
43916, 9, 9 
6073, 9, 9 
10336, 9, 9 
49163, 9, 9 
44129, 9, 9 
7251, 9, 9 
51521, 9, 9 
110, 9, 9 
33129, 9, 9 
35676, 9, 9 
18350, 9, 9 
8276, 9, 9 
33014, 9, 9 
44071, 9, 9 
17346, 9, 9 
8220, 9, 9 
52672, 9, 9 
