id, true label, predicted label 
2396, 0, 0 
4776, 0, 0 
39714, 0, 0 
35994, 0, 0 
5187, 0, 0 
8449, 0, 0 
5154, 0, 0 
2160, 0, 0 
31350, 0, 0 
47205, 0, 0 
51148, 0, 0 
47572, 0, 0 
17648, 0, 0 
26656, 0, 0 
1796, 0, 0 
28519, 0, 0 
3106, 0, 0 
12716, 0, 0 
17625, 0, 0 
5525, 0, 0 
7355, 0, 0 
15065, 0, 0 
25433, 0, 0 
9677, 0, 0 
43727, 0, 0 
28771, 0, 0 
46484, 0, 0 
43283, 0, 0 
41907, 0, 0 
18113, 0, 0 
54209, 0, 0 
27583, 0, 0 
32144, 0, 0 
1495, 0, 0 
19060, 0, 0 
35634, 0, 0 
25928, 0, 0 
40850, 0, 0 
25167, 0, 0 
20608, 0, 0 
46748, 0, 0 
28452, 0, 0 
20175, 0, 0 
41388, 0, 0 
52428, 0, 0 
48322, 0, 0 
16679, 0, 0 
58110, 0, 0 
14949, 0, 0 
34054, 0, 0 
49739, 0, 0 
31865, 0, 0 
47079, 0, 0 
8385, 0, 0 
5228, 0, 0 
3603, 0, 0 
34070, 0, 0 
8653, 0, 0 
38559, 0, 0 
24024, 0, 0 
35039, 0, 0 
1876, 0, 0 
25383, 0, 0 
9047, 0, 0 
58492, 0, 0 
22646, 0, 0 
1471, 0, 0 
18794, 0, 0 
40400, 0, 0 
2584, 0, 0 
40200, 0, 0 
48267, 0, 0 
29515, 0, 0 
25497, 0, 0 
42658, 0, 0 
21789, 0, 0 
45812, 0, 0 
36788, 0, 0 
9922, 0, 0 
56857, 0, 0 
9048, 0, 0 
28323, 0, 0 
25755, 0, 0 
50924, 0, 0 
10919, 0, 0 
34775, 0, 0 
49500, 0, 0 
44411, 0, 0 
47480, 0, 0 
35311, 0, 0 
50729, 0, 0 
47976, 0, 0 
35012, 0, 0 
33823, 0, 0 
22196, 0, 0 
9834, 0, 0 
24371, 0, 0 
44531, 0, 0 
45511, 0, 0 
8046, 0, 0 
18219, 0, 0 
10221, 0, 0 
38139, 0, 0 
49621, 0, 0 
26728, 0, 0 
11754, 0, 0 
41553, 0, 0 
4009, 0, 0 
46459, 0, 0 
48284, 0, 0 
8754, 0, 0 
29664, 0, 0 
26117, 0, 0 
12765, 0, 0 
40565, 0, 0 
56404, 0, 0 
10801, 0, 0 
19772, 0, 0 
54600, 0, 0 
23679, 0, 0 
44844, 0, 0 
30009, 0, 0 
54922, 0, 0 
48719, 0, 0 
30555, 0, 0 
23541, 0, 0 
6663, 0, 0 
41927, 0, 0 
59805, 0, 0 
18486, 0, 0 
46562, 0, 0 
34086, 0, 0 
55588, 0, 0 
5072, 0, 0 
48337, 0, 0 
40162, 0, 0 
293, 0, 0 
47186, 0, 0 
55576, 0, 0 
2736, 0, 0 
41296, 0, 0 
29074, 0, 0 
39581, 0, 0 
58457, 0, 0 
51815, 0, 0 
9890, 0, 0 
6446, 0, 0 
9005, 0, 0 
28627, 0, 0 
5115, 0, 0 
39483, 0, 0 
45058, 0, 0 
59847, 0, 0 
40843, 0, 0 
46557, 0, 0 
28272, 0, 0 
18743, 0, 0 
42985, 0, 0 
57586, 0, 0 
40043, 0, 0 
4629, 0, 0 
42764, 0, 0 
32564, 0, 0 
7158, 0, 0 
47452, 0, 0 
26501, 0, 0 
30665, 0, 0 
42499, 0, 0 
5498, 0, 0 
6133, 0, 0 
58510, 0, 0 
16607, 0, 0 
6684, 0, 0 
58362, 0, 0 
17770, 0, 0 
45384, 0, 0 
49208, 0, 0 
39955, 0, 0 
7325, 0, 0 
18712, 0, 0 
28079, 0, 0 
15108, 0, 0 
54414, 0, 0 
21960, 0, 0 
55048, 0, 0 
11833, 0, 0 
31356, 0, 0 
19796, 0, 0 
25092, 0, 0 
37510, 0, 0 
26300, 0, 0 
29677, 0, 0 
37189, 0, 0 
53424, 0, 0 
50749, 0, 0 
57064, 0, 0 
18926, 0, 0 
17738, 0, 0 
56984, 0, 0 
36586, 0, 0 
17351, 1, 1 
22065, 1, 1 
36687, 1, 1 
28857, 1, 1 
20194, 1, 1 
25302, 1, 1 
29088, 1, 1 
33856, 1, 1 
36165, 1, 1 
43033, 1, 1 
58677, 1, 1 
676, 1, 1 
27558, 1, 1 
23862, 1, 1 
33487, 1, 1 
49902, 1, 1 
49326, 1, 1 
10293, 1, 1 
40744, 1, 1 
47553, 1, 1 
32295, 1, 1 
48119, 1, 1 
23291, 1, 1 
8382, 1, 1 
4109, 1, 1 
16872, 1, 1 
17225, 1, 1 
57301, 1, 1 
35527, 1, 1 
19461, 1, 1 
21709, 1, 1 
24083, 1, 1 
47796, 1, 1 
49357, 1, 1 
6226, 1, 1 
53577, 1, 1 
30848, 1, 1 
4865, 1, 1 
56349, 1, 1 
44418, 1, 1 
47681, 1, 1 
13315, 1, 1 
16241, 1, 1 
27684, 1, 1 
58230, 1, 1 
42242, 1, 1 
13537, 1, 1 
33428, 1, 1 
50979, 1, 1 
22735, 1, 1 
28184, 1, 1 
54418, 1, 1 
42561, 1, 1 
8542, 1, 1 
48079, 1, 1 
38466, 1, 1 
23295, 1, 1 
11543, 1, 1 
54210, 1, 1 
21051, 1, 1 
19622, 1, 1 
41799, 1, 1 
11079, 1, 1 
24580, 1, 1 
59559, 1, 1 
18741, 1, 1 
78, 1, 1 
24824, 1, 1 
55324, 1, 1 
45373, 1, 1 
51033, 1, 1 
21178, 1, 1 
55784, 1, 1 
56081, 1, 1 
4128, 1, 1 
41623, 1, 1 
10624, 1, 1 
31871, 1, 1 
27789, 1, 1 
20045, 1, 1 
27746, 1, 1 
39707, 1, 1 
52167, 1, 1 
16759, 1, 1 
35289, 1, 1 
20263, 1, 1 
52032, 1, 1 
36368, 1, 1 
25764, 1, 1 
1452, 1, 1 
17856, 1, 1 
57322, 1, 1 
32034, 1, 1 
58017, 1, 1 
33869, 1, 1 
406, 1, 1 
53521, 1, 1 
42316, 1, 1 
11604, 1, 1 
34282, 1, 1 
15710, 1, 1 
23693, 1, 1 
58148, 1, 1 
678, 1, 1 
53804, 1, 1 
18980, 1, 1 
56912, 1, 1 
47986, 1, 1 
2134, 1, 1 
42182, 1, 1 
37659, 1, 1 
16562, 1, 1 
34723, 1, 1 
8156, 1, 1 
41685, 1, 1 
34762, 1, 1 
52220, 1, 1 
28906, 1, 1 
43131, 1, 1 
6083, 1, 1 
55014, 1, 1 
30612, 1, 1 
19339, 1, 1 
51067, 1, 1 
6565, 1, 1 
41809, 1, 1 
13080, 1, 1 
54416, 1, 1 
19176, 1, 1 
26780, 1, 1 
11069, 1, 1 
56283, 1, 1 
58576, 1, 1 
28331, 1, 1 
7921, 1, 1 
42175, 1, 1 
2791, 1, 1 
34158, 1, 1 
51714, 1, 1 
39057, 1, 1 
40921, 1, 1 
37337, 1, 1 
698, 1, 1 
4507, 1, 1 
47880, 1, 1 
16458, 1, 1 
45927, 1, 1 
38196, 1, 1 
49667, 1, 1 
2198, 1, 1 
44561, 1, 1 
17750, 1, 1 
27329, 1, 1 
19751, 1, 1 
48650, 1, 1 
4319, 1, 1 
55888, 1, 1 
34173, 1, 1 
41897, 1, 1 
47234, 1, 1 
11268, 1, 1 
37330, 1, 1 
46840, 1, 1 
11679, 1, 1 
16887, 1, 1 
12212, 1, 1 
25202, 1, 1 
14375, 1, 1 
36098, 1, 1 
54605, 1, 1 
3587, 1, 1 
21171, 1, 1 
50918, 1, 1 
29375, 1, 1 
54182, 1, 1 
54164, 1, 1 
25858, 1, 1 
56831, 1, 1 
58727, 1, 1 
54580, 1, 1 
15435, 1, 1 
27885, 1, 1 
24711, 1, 1 
37624, 1, 1 
28961, 1, 1 
14859, 1, 1 
11360, 1, 1 
36317, 1, 1 
31829, 1, 1 
51666, 1, 1 
16233, 1, 1 
42194, 1, 1 
18963, 1, 1 
44227, 1, 1 
23255, 1, 1 
7424, 1, 1 
22642, 1, 1 
46782, 1, 1 
36626, 1, 1 
13006, 1, 1 
32243, 2, 2 
52582, 2, 2 
27797, 2, 2 
40513, 2, 2 
23080, 2, 2 
57007, 2, 2 
43871, 2, 2 
13275, 2, 2 
9962, 2, 2 
2824, 2, 2 
48621, 2, 2 
30561, 2, 2 
30336, 2, 2 
14523, 2, 2 
8878, 2, 2 
9776, 2, 2 
20739, 2, 2 
59734, 2, 2 
34650, 2, 2 
56213, 2, 2 
47787, 2, 2 
26031, 2, 2 
52001, 2, 2 
7790, 2, 2 
8334, 2, 2 
59788, 2, 2 
33691, 2, 2 
27458, 2, 2 
10657, 2, 2 
43436, 2, 2 
49614, 2, 2 
39698, 2, 2 
15799, 2, 2 
9777, 2, 2 
38665, 2, 2 
4185, 2, 2 
37435, 2, 2 
18845, 2, 2 
13877, 2, 2 
48212, 2, 2 
42240, 2, 2 
1727, 2, 2 
1361, 2, 2 
12844, 2, 2 
5110, 2, 2 
14108, 2, 2 
17089, 2, 2 
23491, 2, 2 
44274, 2, 2 
18631, 2, 2 
2783, 2, 2 
35873, 2, 2 
50229, 2, 2 
4843, 2, 2 
20502, 2, 2 
46486, 2, 2 
58315, 2, 2 
41301, 2, 2 
19854, 2, 2 
27535, 2, 2 
22026, 2, 2 
1183, 2, 2 
41284, 2, 7 
26562, 2, 2 
42115, 2, 2 
40788, 2, 2 
18763, 2, 2 
58098, 2, 2 
50814, 2, 2 
34056, 2, 2 
20441, 2, 2 
49951, 2, 2 
51961, 2, 2 
6144, 2, 2 
31852, 2, 2 
14050, 2, 2 
8446, 2, 2 
40598, 2, 2 
2499, 2, 2 
54768, 2, 2 
1711, 2, 2 
42336, 2, 2 
18216, 2, 2 
28454, 2, 2 
52784, 2, 2 
22278, 2, 2 
2457, 2, 2 
45158, 2, 2 
12859, 2, 2 
32450, 2, 2 
36949, 2, 2 
10117, 2, 2 
26011, 2, 2 
36624, 2, 2 
30055, 2, 2 
3582, 2, 2 
54758, 2, 2 
10321, 2, 2 
36326, 2, 2 
30133, 2, 2 
42019, 2, 2 
11772, 2, 2 
4016, 2, 2 
16532, 2, 2 
3659, 2, 2 
47590, 2, 2 
51721, 2, 2 
48881, 2, 2 
16701, 2, 2 
49425, 2, 2 
48698, 2, 2 
31483, 2, 2 
2464, 2, 2 
27264, 2, 2 
33785, 2, 2 
17660, 2, 2 
16781, 2, 2 
18978, 2, 2 
35378, 2, 2 
13914, 2, 2 
10805, 2, 2 
30872, 2, 2 
15605, 2, 2 
774, 2, 2 
19129, 2, 2 
6725, 2, 2 
36375, 2, 2 
57245, 2, 2 
40289, 2, 2 
2565, 2, 2 
8372, 2, 2 
39323, 2, 2 
20299, 2, 2 
29351, 2, 2 
59556, 2, 2 
50446, 2, 2 
45838, 2, 2 
57284, 2, 2 
8614, 2, 2 
18036, 2, 2 
58126, 2, 2 
48009, 2, 2 
6549, 2, 2 
13100, 2, 2 
40841, 2, 2 
14267, 2, 2 
39210, 2, 2 
14938, 2, 2 
26170, 2, 2 
674, 2, 2 
31973, 2, 2 
21014, 2, 2 
22115, 2, 2 
25627, 2, 2 
19833, 2, 2 
54220, 2, 2 
56498, 2, 2 
54043, 2, 2 
43630, 2, 2 
15836, 2, 2 
41427, 2, 2 
36573, 2, 2 
2342, 2, 2 
30365, 2, 2 
38080, 2, 2 
25105, 2, 2 
13959, 2, 2 
18764, 2, 2 
16109, 2, 2 
33707, 2, 2 
35071, 2, 2 
7801, 2, 2 
41985, 2, 2 
14125, 2, 2 
53790, 2, 2 
21164, 2, 2 
21633, 2, 2 
34323, 2, 2 
18413, 2, 2 
49875, 2, 2 
15751, 2, 2 
31024, 2, 2 
41466, 2, 2 
55170, 2, 2 
15391, 2, 2 
3981, 2, 2 
59326, 2, 2 
51448, 2, 2 
22548, 2, 2 
42413, 2, 2 
16791, 2, 2 
20021, 2, 2 
13490, 2, 2 
32934, 2, 2 
8025, 2, 2 
6815, 2, 2 
43351, 2, 2 
23934, 2, 2 
26434, 2, 2 
42792, 2, 2 
38894, 3, 3 
50946, 3, 3 
15477, 3, 3 
45272, 3, 3 
33022, 3, 3 
50148, 3, 3 
49467, 3, 3 
37383, 3, 3 
198, 3, 3 
14527, 3, 3 
23425, 3, 3 
29427, 3, 3 
45328, 3, 3 
8830, 3, 3 
33729, 3, 3 
13288, 3, 3 
15045, 3, 3 
10966, 3, 3 
45108, 3, 3 
228, 3, 3 
20705, 3, 3 
35944, 3, 3 
25373, 3, 3 
21998, 3, 3 
22741, 3, 3 
14823, 3, 3 
46548, 3, 3 
33331, 3, 3 
7666, 3, 3 
32847, 3, 3 
31989, 3, 3 
4658, 3, 3 
14552, 3, 3 
25431, 3, 3 
41229, 3, 3 
22459, 3, 3 
57306, 3, 3 
21099, 3, 3 
45273, 3, 3 
1661, 3, 3 
44101, 3, 3 
18522, 3, 3 
41929, 3, 3 
21428, 3, 3 
3606, 3, 3 
23724, 3, 3 
10390, 3, 3 
48551, 3, 3 
21950, 3, 3 
13560, 3, 3 
41407, 3, 3 
36262, 3, 3 
40947, 3, 3 
58582, 3, 3 
39770, 3, 3 
3314, 3, 3 
8893, 3, 3 
31667, 3, 3 
1566, 3, 3 
37163, 3, 3 
17355, 3, 3 
24400, 3, 3 
33507, 3, 3 
28528, 3, 3 
59383, 3, 3 
3740, 3, 3 
34685, 3, 3 
49108, 3, 3 
36575, 3, 3 
44888, 3, 3 
59569, 3, 3 
14080, 3, 3 
27840, 3, 3 
2379, 3, 3 
18805, 3, 3 
38321, 3, 3 
39329, 3, 3 
50613, 3, 3 
34190, 3, 3 
21468, 3, 3 
23344, 3, 3 
7784, 3, 3 
14028, 3, 3 
21284, 3, 3 
7976, 3, 3 
49431, 3, 3 
32944, 3, 3 
4632, 3, 3 
9302, 3, 3 
19967, 3, 3 
36862, 3, 3 
9141, 3, 3 
18059, 3, 3 
4996, 3, 3 
22002, 3, 3 
2183, 3, 3 
45407, 3, 3 
789, 3, 3 
39235, 3, 3 
20150, 3, 3 
52690, 3, 3 
8246, 3, 3 
41689, 3, 3 
37118, 3, 3 
35030, 3, 3 
5392, 3, 3 
16029, 3, 3 
857, 3, 3 
34672, 3, 3 
29894, 3, 3 
46221, 3, 3 
44596, 3, 3 
33194, 3, 3 
4256, 3, 3 
15986, 3, 3 
22522, 3, 3 
24772, 3, 3 
1756, 3, 3 
39397, 3, 3 
10762, 3, 3 
53514, 3, 3 
57762, 3, 3 
21815, 3, 3 
12645, 3, 3 
34695, 3, 3 
23322, 3, 3 
55472, 3, 3 
47628, 3, 3 
40818, 3, 3 
4891, 3, 3 
56875, 3, 3 
43670, 3, 3 
41590, 3, 3 
55688, 3, 3 
34931, 3, 3 
13656, 3, 3 
17280, 3, 3 
24358, 3, 3 
30417, 3, 3 
31631, 3, 3 
16954, 3, 3 
27115, 3, 3 
7031, 3, 3 
8241, 3, 3 
50330, 3, 3 
4001, 3, 3 
6500, 3, 3 
13676, 3, 3 
31201, 3, 3 
40931, 3, 3 
38445, 3, 3 
41537, 3, 3 
49955, 3, 3 
21102, 3, 3 
22451, 3, 3 
45079, 3, 3 
21947, 3, 3 
37821, 3, 3 
23517, 3, 3 
39452, 3, 3 
52435, 3, 3 
49813, 3, 3 
33169, 3, 3 
47760, 3, 3 
25172, 3, 3 
16549, 3, 3 
29675, 3, 3 
13629, 3, 3 
38174, 3, 3 
18955, 3, 3 
42254, 3, 3 
46534, 3, 3 
33633, 3, 3 
51947, 3, 3 
24338, 3, 3 
20096, 3, 3 
136, 3, 3 
34481, 3, 3 
27946, 3, 3 
54568, 3, 3 
26739, 3, 3 
48336, 3, 3 
15474, 3, 3 
2092, 3, 3 
11201, 3, 3 
4403, 3, 3 
27031, 3, 3 
874, 3, 3 
7483, 3, 3 
28037, 3, 3 
3462, 3, 3 
15281, 3, 3 
58065, 3, 3 
18542, 3, 3 
54727, 3, 3 
26270, 3, 3 
30747, 3, 3 
46900, 3, 3 
24867, 3, 3 
16329, 3, 3 
21994, 4, 4 
10952, 4, 4 
18436, 4, 4 
46731, 4, 4 
24161, 4, 4 
51820, 4, 4 
4336, 4, 4 
24543, 4, 4 
14620, 4, 4 
47981, 4, 4 
18717, 4, 4 
28843, 4, 4 
22630, 4, 4 
30763, 4, 4 
51652, 4, 4 
21973, 4, 4 
38957, 4, 4 
9465, 4, 4 
40523, 4, 4 
29574, 4, 4 
18787, 4, 4 
6469, 4, 4 
52681, 4, 4 
32787, 4, 4 
13263, 4, 4 
1928, 4, 4 
59708, 4, 4 
43278, 4, 4 
34290, 4, 4 
30682, 4, 4 
3399, 4, 4 
36940, 4, 4 
18031, 4, 4 
39063, 4, 4 
4538, 4, 4 
18592, 4, 4 
19697, 4, 4 
39272, 4, 4 
36640, 4, 4 
26296, 4, 4 
40135, 4, 4 
8622, 4, 4 
25279, 4, 4 
16807, 4, 4 
35166, 4, 4 
44771, 4, 4 
48478, 4, 4 
38316, 4, 4 
12525, 4, 4 
10150, 4, 4 
42425, 4, 4 
54686, 4, 4 
48764, 4, 4 
43622, 4, 4 
51337, 4, 4 
39287, 4, 4 
59087, 4, 4 
59413, 4, 4 
7705, 4, 4 
5122, 4, 4 
27538, 4, 4 
35926, 4, 4 
10737, 4, 4 
38603, 4, 4 
33115, 4, 4 
23881, 4, 4 
24719, 4, 4 
50164, 4, 4 
15668, 4, 4 
44447, 4, 4 
6189, 4, 4 
32178, 4, 4 
46498, 4, 4 
54778, 4, 4 
48442, 4, 4 
17701, 4, 4 
51423, 4, 4 
1099, 4, 4 
29864, 4, 4 
46503, 4, 4 
49345, 4, 4 
32108, 4, 6 
16094, 4, 4 
55197, 4, 4 
56350, 4, 4 
26494, 4, 4 
29910, 4, 4 
56293, 4, 4 
48880, 4, 4 
1220, 4, 4 
20118, 4, 4 
17406, 4, 4 
35656, 4, 4 
5069, 4, 4 
22968, 4, 4 
52384, 4, 4 
44668, 4, 4 
34752, 4, 4 
56563, 4, 4 
31322, 4, 4 
987, 4, 4 
36494, 4, 4 
59674, 4, 4 
51018, 4, 4 
46451, 4, 4 
35534, 4, 4 
23188, 4, 4 
58805, 4, 4 
38568, 4, 4 
19666, 4, 4 
39151, 4, 4 
25826, 4, 4 
10433, 4, 4 
42263, 4, 4 
48447, 4, 4 
2983, 4, 4 
47569, 4, 4 
37916, 4, 4 
22572, 4, 4 
20172, 4, 4 
17746, 4, 4 
13183, 4, 4 
48405, 4, 4 
22012, 4, 4 
53613, 4, 4 
41079, 4, 4 
16652, 4, 4 
56380, 4, 4 
30888, 4, 4 
11153, 4, 4 
47175, 4, 4 
39990, 4, 4 
52909, 4, 4 
2106, 4, 4 
11381, 4, 4 
41159, 4, 4 
17182, 4, 4 
51921, 4, 4 
35234, 4, 6 
27056, 4, 4 
372, 4, 4 
35429, 4, 4 
11008, 4, 4 
48937, 4, 4 
23152, 4, 4 
28020, 4, 4 
53767, 4, 4 
36674, 4, 4 
2689, 4, 4 
40846, 4, 4 
22905, 4, 4 
37381, 4, 4 
20098, 4, 4 
36346, 4, 4 
37736, 4, 4 
37248, 4, 4 
33702, 4, 4 
21729, 4, 4 
29747, 4, 4 
58390, 4, 4 
36336, 4, 4 
10013, 4, 4 
6462, 4, 4 
37294, 4, 4 
39433, 4, 4 
40316, 4, 4 
38428, 4, 4 
21340, 4, 4 
57819, 4, 4 
30113, 4, 4 
10937, 4, 4 
47674, 4, 4 
30311, 4, 4 
21296, 4, 4 
21327, 4, 4 
38270, 4, 4 
1692, 4, 4 
53125, 4, 4 
38567, 4, 4 
57803, 4, 4 
58867, 4, 4 
16571, 4, 4 
51111, 4, 4 
49105, 4, 4 
10212, 4, 4 
42638, 4, 4 
31246, 4, 4 
20338, 4, 4 
3739, 4, 4 
55532, 4, 4 
20287, 4, 4 
49683, 4, 4 
26653, 4, 4 
17158, 4, 4 
50243, 4, 4 
47558, 4, 4 
41845, 4, 4 
8281, 4, 4 
18604, 4, 4 
32466, 4, 4 
52947, 5, 5 
3204, 5, 5 
48814, 5, 5 
59446, 5, 5 
15685, 5, 5 
40182, 5, 5 
30403, 5, 5 
48004, 5, 5 
55356, 5, 5 
28579, 5, 5 
9450, 5, 5 
22647, 5, 5 
59618, 5, 5 
46862, 5, 5 
47060, 5, 5 
21563, 5, 5 
56246, 5, 5 
31953, 5, 5 
39225, 5, 5 
42836, 5, 5 
59473, 5, 5 
12110, 5, 5 
37180, 5, 5 
7888, 5, 5 
41509, 5, 5 
53054, 5, 5 
48230, 5, 5 
1111, 5, 5 
24021, 5, 5 
20933, 5, 5 
24202, 5, 5 
33044, 5, 5 
58428, 5, 5 
52295, 5, 5 
20374, 5, 5 
42660, 5, 5 
29361, 5, 5 
2304, 5, 5 
18313, 5, 5 
46513, 5, 5 
16733, 5, 5 
37698, 5, 5 
6112, 5, 5 
25966, 5, 5 
6171, 5, 5 
22329, 5, 5 
49581, 5, 5 
36639, 5, 5 
29006, 5, 5 
33221, 5, 5 
52019, 5, 5 
37551, 5, 5 
50019, 5, 5 
24792, 5, 5 
15893, 5, 5 
39574, 5, 5 
53201, 5, 5 
33603, 5, 5 
40567, 5, 5 
59850, 5, 5 
28057, 5, 5 
37830, 5, 5 
21749, 5, 5 
10665, 5, 5 
28658, 5, 5 
25066, 5, 5 
23996, 5, 5 
11638, 5, 5 
25411, 5, 5 
11492, 5, 5 
15070, 5, 5 
16072, 5, 5 
36999, 5, 5 
34727, 5, 5 
4617, 5, 5 
39562, 5, 5 
37606, 5, 5 
32156, 5, 5 
55261, 5, 5 
34868, 5, 5 
17385, 5, 5 
49132, 5, 5 
21155, 5, 5 
42659, 5, 5 
45731, 5, 5 
36217, 5, 5 
53053, 5, 5 
44802, 5, 5 
39114, 5, 5 
44164, 5, 5 
6346, 5, 5 
27997, 5, 5 
53572, 5, 5 
49658, 5, 5 
37589, 5, 5 
38698, 5, 5 
50497, 5, 5 
1615, 5, 5 
55685, 5, 5 
19353, 5, 5 
25832, 5, 5 
7967, 5, 5 
37726, 5, 5 
12569, 5, 5 
7448, 5, 5 
29076, 5, 5 
18364, 5, 5 
26464, 5, 5 
20185, 5, 5 
33247, 5, 5 
55463, 5, 5 
59338, 5, 5 
48049, 5, 5 
50959, 5, 5 
41754, 5, 5 
34908, 5, 5 
48143, 5, 5 
16384, 5, 5 
48644, 5, 5 
2698, 5, 5 
9647, 5, 5 
13036, 5, 5 
51503, 5, 5 
17651, 5, 5 
21850, 5, 5 
53695, 5, 5 
59022, 5, 5 
6644, 5, 5 
23928, 5, 5 
12137, 5, 5 
2414, 5, 5 
32954, 5, 5 
59810, 5, 5 
46152, 5, 5 
7232, 5, 5 
24960, 5, 5 
2758, 5, 5 
55075, 5, 5 
18080, 5, 5 
16908, 5, 5 
11265, 5, 5 
33260, 5, 5 
24516, 5, 5 
12917, 5, 5 
58757, 5, 5 
7047, 5, 5 
51792, 5, 5 
29892, 5, 5 
58655, 5, 5 
28116, 5, 5 
43568, 5, 5 
32603, 5, 5 
4134, 5, 5 
11477, 5, 5 
36697, 5, 5 
40759, 5, 5 
32344, 5, 5 
7640, 5, 5 
48046, 5, 5 
6305, 5, 5 
35151, 5, 5 
27288, 5, 5 
496, 5, 5 
23332, 5, 5 
54659, 5, 5 
7480, 5, 5 
18417, 5, 5 
16219, 5, 5 
46509, 5, 5 
23725, 5, 5 
39513, 5, 5 
51231, 5, 5 
17504, 5, 5 
21198, 5, 5 
26752, 5, 5 
57853, 5, 5 
31434, 5, 5 
39405, 5, 5 
16364, 5, 5 
47526, 5, 5 
41582, 5, 5 
32506, 5, 5 
17890, 5, 5 
28340, 5, 5 
51296, 5, 5 
45547, 5, 5 
20044, 5, 5 
57136, 5, 5 
20331, 5, 5 
16834, 5, 5 
12978, 5, 5 
9605, 5, 5 
34340, 5, 5 
48733, 5, 5 
30315, 5, 5 
9690, 5, 5 
25508, 5, 5 
54233, 5, 5 
43780, 5, 5 
4302, 5, 5 
2657, 6, 6 
53148, 6, 6 
16346, 6, 6 
40383, 6, 6 
21036, 6, 6 
58271, 6, 6 
681, 6, 6 
18154, 6, 6 
59255, 6, 6 
50199, 6, 6 
43166, 6, 6 
42767, 6, 6 
21901, 6, 6 
13210, 6, 6 
28425, 6, 6 
17083, 6, 6 
16786, 6, 6 
2954, 6, 6 
20663, 6, 6 
36910, 6, 6 
39824, 6, 6 
39697, 6, 6 
9016, 6, 6 
34700, 6, 6 
35241, 6, 6 
17426, 6, 6 
21961, 6, 6 
49761, 6, 6 
25171, 6, 6 
15303, 6, 6 
55616, 6, 6 
39934, 6, 6 
29275, 6, 6 
23186, 6, 6 
28776, 6, 6 
30685, 6, 6 
40874, 6, 6 
28127, 6, 6 
16550, 6, 6 
6903, 6, 6 
51965, 6, 6 
1515, 6, 6 
15220, 6, 6 
20367, 6, 6 
37173, 6, 6 
1091, 6, 6 
31948, 6, 6 
33056, 6, 6 
55984, 6, 6 
47454, 6, 6 
59378, 6, 6 
18732, 6, 6 
37356, 6, 6 
41828, 6, 6 
55226, 6, 6 
50941, 6, 6 
40952, 6, 6 
48778, 6, 6 
14524, 6, 6 
10101, 6, 6 
5566, 6, 6 
3363, 6, 6 
1582, 6, 6 
3623, 6, 6 
15061, 6, 6 
17835, 6, 6 
41842, 6, 6 
25104, 6, 6 
33207, 6, 6 
31736, 6, 6 
51096, 6, 6 
24146, 6, 6 
15744, 6, 6 
17397, 6, 6 
6102, 6, 6 
24963, 6, 6 
58536, 6, 6 
57413, 6, 6 
26052, 6, 6 
26301, 6, 6 
36372, 6, 6 
3123, 6, 6 
30036, 6, 6 
3221, 6, 6 
21074, 6, 6 
4430, 6, 6 
16963, 6, 6 
28704, 6, 6 
21084, 6, 6 
21856, 6, 6 
24774, 6, 6 
59217, 6, 6 
5419, 6, 6 
47376, 6, 6 
13621, 6, 6 
47715, 6, 6 
30950, 6, 6 
9645, 6, 6 
35204, 6, 6 
27992, 6, 6 
33916, 6, 6 
42080, 6, 6 
44017, 6, 6 
27491, 6, 6 
34189, 6, 6 
15084, 6, 6 
27704, 6, 6 
27724, 6, 6 
54570, 6, 6 
36866, 6, 6 
9813, 6, 6 
2992, 6, 6 
37310, 6, 6 
57409, 6, 6 
31303, 6, 6 
18721, 6, 6 
37509, 6, 6 
12699, 6, 6 
42523, 6, 6 
57498, 6, 6 
37888, 6, 6 
26983, 6, 6 
55274, 6, 6 
46587, 6, 6 
1866, 6, 6 
12104, 6, 6 
44953, 6, 6 
5267, 6, 6 
36416, 6, 6 
14248, 6, 6 
15166, 6, 6 
35146, 6, 6 
3474, 6, 6 
24577, 6, 6 
45609, 6, 6 
3387, 6, 6 
41323, 6, 6 
21214, 6, 6 
6541, 6, 6 
51641, 6, 6 
57213, 6, 6 
28829, 6, 6 
27559, 6, 6 
10435, 6, 6 
1985, 6, 6 
1802, 6, 6 
3245, 6, 6 
31071, 6, 6 
9619, 6, 6 
59981, 6, 6 
6338, 6, 6 
53969, 6, 6 
22448, 6, 6 
1398, 6, 6 
13010, 6, 6 
19701, 6, 6 
8105, 6, 6 
44649, 6, 6 
13970, 6, 6 
55841, 6, 6 
56172, 6, 6 
18593, 6, 6 
50159, 6, 6 
29597, 6, 6 
41018, 6, 6 
46003, 6, 6 
34277, 6, 6 
29928, 6, 6 
43605, 6, 6 
29872, 6, 6 
40278, 6, 6 
13780, 6, 6 
9997, 6, 6 
14190, 6, 6 
51370, 6, 6 
30582, 6, 6 
13444, 6, 6 
10037, 6, 6 
5334, 6, 6 
7086, 6, 6 
46861, 6, 6 
12567, 6, 6 
50093, 6, 6 
43320, 6, 6 
46967, 6, 6 
26946, 6, 6 
1538, 6, 6 
8658, 6, 6 
30839, 6, 6 
35888, 6, 6 
1918, 6, 6 
35280, 6, 6 
16668, 6, 6 
23228, 6, 6 
25422, 6, 6 
29987, 6, 6 
30822, 6, 6 
46310, 6, 6 
51139, 6, 6 
40845, 6, 6 
6485, 7, 7 
59665, 7, 7 
32174, 7, 7 
36767, 7, 7 
52603, 7, 7 
36530, 7, 7 
29529, 7, 7 
58507, 7, 7 
5308, 7, 7 
21824, 7, 7 
5569, 7, 7 
17373, 7, 7 
36796, 7, 7 
13119, 7, 7 
40701, 7, 7 
37612, 7, 7 
23661, 7, 7 
59379, 7, 7 
47906, 7, 7 
32941, 7, 7 
17525, 7, 7 
52911, 7, 7 
41854, 7, 7 
3538, 7, 7 
58725, 7, 7 
49616, 7, 7 
26591, 7, 7 
6908, 7, 7 
22995, 7, 7 
7210, 7, 7 
11664, 7, 7 
26054, 7, 7 
56064, 7, 7 
3494, 7, 7 
3633, 7, 7 
25363, 7, 7 
34661, 7, 7 
46363, 7, 7 
53600, 7, 7 
22171, 7, 7 
51557, 7, 7 
9740, 7, 7 
1191, 7, 7 
21437, 7, 7 
43796, 7, 7 
4984, 7, 7 
56567, 7, 7 
49867, 7, 7 
58480, 7, 7 
35937, 7, 7 
56924, 7, 7 
3914, 7, 7 
49180, 7, 7 
8559, 7, 7 
24709, 7, 7 
45518, 7, 7 
995, 7, 7 
13199, 7, 7 
10063, 7, 7 
1154, 7, 7 
3214, 7, 7 
34415, 7, 7 
33710, 7, 7 
1106, 7, 7 
25982, 7, 7 
3162, 7, 7 
9498, 7, 7 
6965, 7, 7 
46253, 7, 7 
26966, 7, 7 
43723, 7, 7 
30935, 7, 7 
59703, 7, 7 
20740, 7, 7 
16514, 7, 7 
33459, 7, 7 
48096, 7, 7 
4516, 7, 7 
36954, 7, 7 
44512, 7, 7 
17483, 7, 7 
7197, 7, 7 
24548, 7, 7 
15410, 7, 7 
56892, 7, 7 
47161, 7, 7 
45871, 7, 7 
55895, 7, 7 
8913, 7, 7 
52092, 7, 7 
47536, 7, 7 
9082, 7, 7 
24412, 7, 7 
30786, 7, 7 
39813, 7, 7 
5897, 7, 7 
57550, 7, 7 
54638, 7, 7 
53614, 7, 7 
20909, 7, 7 
15849, 7, 7 
21387, 7, 7 
37387, 7, 7 
31085, 7, 7 
34231, 7, 7 
1499, 7, 7 
15087, 7, 7 
16205, 7, 7 
42549, 7, 7 
30449, 7, 7 
55413, 7, 7 
30643, 7, 7 
36430, 7, 7 
35773, 7, 7 
49584, 7, 7 
15792, 7, 7 
48614, 7, 7 
9774, 7, 7 
8665, 7, 7 
21783, 7, 7 
140, 7, 7 
29964, 7, 7 
45143, 7, 7 
52964, 7, 7 
5300, 7, 7 
26589, 7, 7 
8280, 7, 7 
34477, 7, 7 
52013, 7, 7 
52217, 7, 7 
1054, 7, 7 
18170, 7, 7 
57372, 7, 7 
24797, 7, 7 
56650, 7, 7 
41062, 7, 7 
6487, 7, 7 
3868, 7, 7 
30348, 7, 7 
6878, 7, 7 
29296, 7, 7 
12126, 7, 7 
36916, 7, 7 
45192, 7, 7 
29032, 7, 7 
57526, 7, 7 
47495, 7, 7 
13756, 7, 7 
1747, 7, 7 
23985, 7, 7 
795, 7, 7 
13421, 7, 7 
21456, 7, 7 
19341, 7, 7 
15465, 7, 7 
45188, 7, 7 
31799, 7, 7 
36615, 7, 7 
8483, 7, 7 
46770, 7, 7 
10302, 7, 7 
10940, 7, 7 
57581, 7, 7 
9373, 7, 7 
2347, 7, 7 
54426, 7, 7 
3599, 7, 7 
32515, 7, 7 
45068, 7, 7 
13243, 7, 7 
41549, 7, 7 
17307, 7, 7 
42191, 7, 7 
48073, 7, 7 
5291, 7, 7 
32117, 7, 7 
14563, 7, 7 
2676, 7, 7 
50894, 7, 7 
57621, 7, 7 
19379, 7, 7 
2750, 7, 7 
48305, 7, 7 
33067, 7, 7 
4363, 7, 7 
31073, 7, 7 
59276, 7, 7 
16594, 7, 7 
5496, 7, 7 
5778, 7, 7 
14814, 7, 7 
8991, 7, 7 
5146, 7, 7 
48095, 7, 7 
53003, 7, 7 
27265, 7, 7 
40232, 7, 7 
40436, 7, 7 
35633, 7, 7 
55517, 7, 7 
33517, 8, 8 
8033, 8, 8 
24926, 8, 8 
3338, 8, 8 
19137, 8, 8 
18711, 8, 8 
27299, 8, 8 
37032, 8, 8 
4848, 8, 8 
26203, 8, 8 
4481, 8, 8 
3026, 8, 8 
26147, 8, 8 
36429, 8, 8 
54034, 8, 8 
20859, 8, 8 
48203, 8, 8 
21708, 8, 8 
8029, 8, 8 
42656, 8, 8 
25607, 8, 8 
55192, 8, 8 
4052, 8, 8 
46584, 8, 8 
36605, 8, 8 
766, 8, 8 
25320, 8, 8 
35730, 8, 8 
25563, 8, 8 
14474, 8, 8 
21249, 8, 8 
32636, 8, 8 
30527, 8, 8 
32352, 8, 8 
48796, 8, 8 
9079, 8, 8 
58107, 8, 8 
26491, 8, 8 
54787, 8, 8 
37125, 8, 8 
16658, 8, 7 
11311, 8, 8 
55145, 8, 8 
51105, 8, 8 
46200, 8, 8 
38136, 8, 8 
58273, 8, 8 
8109, 8, 8 
50634, 8, 8 
38423, 8, 8 
25951, 8, 8 
9996, 8, 8 
59666, 8, 8 
34417, 8, 8 
54593, 8, 8 
58893, 8, 8 
10041, 8, 8 
35038, 8, 8 
45413, 8, 8 
38146, 8, 8 
45673, 8, 8 
21825, 8, 8 
53508, 8, 8 
28887, 8, 8 
49851, 8, 8 
29132, 8, 8 
3845, 8, 8 
33387, 8, 8 
50711, 8, 8 
14669, 8, 8 
55852, 8, 8 
8535, 8, 8 
30771, 8, 8 
59466, 8, 8 
58625, 8, 8 
39219, 8, 8 
37868, 8, 8 
48544, 8, 8 
42495, 8, 8 
33883, 8, 8 
32389, 8, 8 
52764, 8, 8 
45481, 8, 8 
57562, 8, 8 
45427, 8, 8 
32226, 8, 8 
17358, 8, 8 
57515, 8, 8 
23843, 8, 8 
22810, 8, 8 
28729, 8, 8 
23669, 8, 8 
51218, 8, 8 
9408, 8, 8 
11923, 8, 8 
51668, 8, 8 
51087, 8, 8 
545, 8, 8 
17924, 8, 8 
28526, 8, 8 
58595, 8, 8 
48204, 8, 8 
30999, 8, 8 
35036, 8, 8 
11067, 8, 8 
49831, 8, 8 
12710, 8, 8 
24806, 8, 8 
25149, 8, 8 
5199, 8, 8 
42615, 8, 8 
45706, 8, 8 
27927, 8, 8 
42832, 8, 8 
528, 8, 8 
59909, 8, 8 
45765, 8, 8 
29933, 8, 8 
37720, 8, 8 
225, 8, 8 
6364, 8, 8 
24691, 8, 8 
12627, 8, 8 
57616, 8, 8 
25250, 8, 8 
4253, 8, 8 
31847, 8, 8 
55165, 8, 8 
57045, 8, 8 
36275, 8, 8 
24979, 8, 8 
7231, 8, 8 
22585, 8, 8 
48658, 8, 8 
30516, 8, 8 
59294, 8, 8 
50499, 8, 8 
20350, 8, 3 
20271, 8, 8 
11160, 8, 8 
39315, 8, 8 
1289, 8, 8 
44122, 8, 8 
22274, 8, 8 
11331, 8, 8 
7636, 8, 8 
6203, 8, 8 
9832, 8, 8 
9650, 8, 8 
20823, 8, 8 
14250, 8, 8 
22966, 8, 8 
39001, 8, 8 
27568, 8, 8 
58178, 8, 8 
17596, 8, 8 
27241, 8, 8 
58446, 8, 8 
16263, 8, 8 
7290, 8, 8 
47401, 8, 8 
32641, 8, 8 
43182, 8, 8 
26294, 8, 8 
36754, 8, 8 
49496, 8, 8 
20904, 8, 8 
17675, 8, 8 
23510, 8, 8 
24791, 8, 8 
56887, 8, 8 
51601, 8, 8 
13122, 8, 8 
12198, 8, 8 
32349, 8, 8 
56097, 8, 8 
35762, 8, 8 
20020, 8, 8 
30374, 8, 8 
21694, 8, 8 
38977, 8, 8 
38587, 8, 8 
34500, 8, 8 
26580, 8, 8 
18835, 8, 8 
40233, 8, 8 
55868, 8, 8 
39264, 8, 8 
46135, 8, 8 
19790, 8, 8 
52290, 8, 8 
55438, 8, 8 
17559, 8, 8 
26023, 8, 8 
42961, 8, 8 
42104, 8, 8 
28338, 8, 8 
48223, 8, 8 
53756, 8, 8 
1783, 8, 8 
11580, 9, 9 
28047, 9, 9 
38470, 9, 9 
45388, 9, 9 
49204, 9, 9 
8601, 9, 9 
33212, 9, 9 
3935, 9, 9 
7791, 9, 9 
48818, 9, 9 
5518, 9, 9 
46970, 9, 9 
29856, 9, 9 
47833, 9, 9 
41502, 9, 9 
58838, 9, 9 
24620, 9, 9 
5320, 9, 9 
3076, 9, 9 
14843, 9, 9 
50747, 9, 9 
20495, 9, 9 
10507, 9, 9 
44083, 9, 9 
49988, 9, 9 
7756, 9, 9 
18118, 9, 9 
12301, 9, 9 
10660, 9, 9 
4667, 9, 9 
25699, 9, 9 
39418, 9, 9 
16704, 9, 9 
18935, 9, 9 
1282, 9, 9 
39319, 9, 9 
10685, 9, 9 
34458, 9, 9 
42808, 9, 9 
32100, 9, 9 
24613, 9, 9 
25761, 9, 9 
56135, 9, 9 
6717, 9, 9 
1659, 9, 9 
25664, 9, 9 
24825, 9, 9 
18562, 9, 9 
1235, 9, 9 
9810, 9, 9 
37934, 9, 9 
58792, 9, 9 
50462, 9, 9 
31798, 9, 9 
11212, 9, 9 
35605, 9, 9 
29938, 9, 9 
53700, 9, 9 
52127, 9, 9 
48234, 9, 9 
49870, 9, 9 
11773, 9, 9 
39472, 9, 9 
3355, 9, 9 
31896, 9, 9 
30756, 9, 9 
51761, 9, 9 
21686, 9, 9 
8066, 9, 9 
59887, 9, 9 
744, 9, 9 
28262, 9, 9 
44995, 9, 9 
49030, 9, 9 
48654, 9, 9 
13130, 9, 9 
11682, 9, 9 
46008, 9, 9 
13797, 9, 9 
36328, 9, 9 
50557, 9, 9 
27383, 9, 9 
11175, 9, 9 
24178, 9, 9 
21616, 9, 9 
48504, 9, 9 
51842, 9, 9 
27448, 9, 9 
58407, 9, 9 
18747, 9, 9 
39942, 9, 9 
33855, 9, 9 
22655, 9, 9 
14164, 9, 9 
38562, 9, 9 
19558, 9, 9 
17831, 9, 9 
22125, 9, 9 
24454, 9, 9 
44600, 9, 9 
40446, 9, 9 
35991, 9, 9 
32457, 9, 9 
37115, 9, 9 
29318, 9, 9 
56861, 9, 9 
55792, 9, 3 
1142, 9, 9 
51240, 9, 9 
35789, 9, 9 
35084, 9, 9 
51284, 9, 9 
29346, 9, 9 
36720, 9, 9 
34824, 9, 9 
32672, 9, 9 
29165, 9, 9 
28446, 9, 9 
32368, 9, 9 
32443, 9, 9 
35647, 9, 9 
19748, 9, 9 
24164, 9, 7 
43992, 9, 9 
5503, 9, 9 
6272, 9, 9 
55568, 9, 9 
59829, 9, 9 
37376, 9, 9 
10717, 9, 9 
14331, 9, 9 
38419, 9, 9 
21145, 9, 9 
42311, 9, 9 
16090, 9, 9 
8714, 9, 9 
14289, 9, 9 
59917, 9, 9 
900, 9, 9 
56102, 9, 9 
39750, 9, 9 
55454, 9, 9 
8127, 9, 9 
11202, 9, 9 
23719, 9, 9 
49489, 9, 9 
45120, 9, 9 
11096, 9, 9 
45719, 9, 9 
14077, 9, 9 
45242, 9, 9 
43660, 9, 9 
40755, 9, 9 
7680, 9, 9 
54578, 9, 9 
47332, 9, 9 
27450, 9, 9 
46714, 9, 9 
51590, 9, 9 
3904, 9, 9 
56237, 9, 9 
43058, 9, 9 
1272, 9, 9 
16350, 9, 9 
39834, 9, 9 
53550, 9, 9 
15517, 9, 9 
7171, 9, 9 
31893, 9, 9 
52718, 9, 9 
27226, 9, 9 
2633, 9, 9 
16778, 9, 9 
16568, 9, 9 
4124, 9, 9 
49984, 9, 9 
59397, 9, 9 
23519, 9, 9 
25247, 9, 9 
40448, 9, 9 
28838, 9, 9 
55369, 9, 9 
12368, 9, 9 
18021, 9, 9 
56792, 9, 9 
42551, 9, 9 
12852, 9, 9 
25528, 9, 9 
27460, 9, 9 
28592, 9, 9 
24659, 9, 9 
25585, 9, 9 
50806, 9, 9 
59287, 9, 9 
7407, 9, 9 
57079, 9, 9 
23901, 9, 9 
2141, 9, 9 
6741, 9, 9 
9633, 9, 9 
