id, true label, predicted label 
22317, 0, 0 
39376, 0, 0 
57912, 0, 0 
51598, 0, 0 
41412, 0, 0 
11162, 0, 0 
46837, 0, 0 
25325, 0, 0 
55278, 0, 0 
39334, 0, 0 
39407, 0, 0 
37970, 0, 0 
45434, 0, 0 
26408, 0, 0 
51464, 0, 0 
28993, 0, 0 
34054, 0, 0 
2081, 0, 0 
58012, 0, 0 
38523, 0, 0 
12765, 0, 0 
20731, 0, 0 
2373, 0, 0 
54728, 0, 0 
7128, 0, 0 
50485, 0, 0 
37790, 0, 0 
114, 0, 0 
26507, 0, 0 
31127, 0, 0 
22910, 0, 0 
39897, 0, 0 
26339, 0, 0 
44583, 0, 0 
55259, 0, 0 
47739, 0, 0 
46917, 0, 0 
48185, 0, 0 
53932, 0, 0 
33350, 0, 0 
59337, 0, 0 
11888, 0, 0 
2436, 0, 0 
14179, 0, 0 
28667, 0, 0 
41606, 0, 0 
20895, 0, 0 
24856, 0, 0 
25304, 0, 0 
55400, 0, 0 
51627, 0, 0 
35700, 0, 0 
22375, 0, 0 
29341, 0, 0 
53387, 0, 0 
35671, 0, 0 
21910, 0, 0 
50200, 0, 0 
55348, 0, 0 
15311, 0, 0 
49500, 0, 0 
17064, 0, 0 
42488, 0, 0 
58658, 0, 0 
49374, 0, 0 
10071, 0, 0 
14157, 0, 0 
41077, 0, 0 
24188, 0, 0 
37678, 0, 0 
13335, 0, 0 
24993, 0, 0 
16363, 0, 0 
17108, 0, 0 
18178, 0, 0 
9402, 0, 0 
58376, 0, 0 
29374, 0, 0 
32131, 0, 0 
88, 0, 0 
58668, 0, 0 
41368, 0, 0 
53502, 0, 0 
21933, 0, 0 
31138, 0, 0 
33933, 0, 0 
50542, 0, 0 
19908, 0, 0 
19845, 0, 0 
35175, 0, 0 
19060, 0, 0 
34919, 0, 0 
2245, 0, 0 
20816, 0, 0 
30800, 0, 0 
10005, 0, 0 
31628, 0, 0 
42623, 0, 0 
20584, 0, 0 
19027, 0, 0 
3328, 0, 0 
30618, 0, 0 
44614, 0, 0 
11129, 0, 0 
41447, 0, 0 
30149, 0, 0 
17048, 0, 0 
10022, 0, 0 
28221, 0, 0 
10334, 0, 0 
41350, 0, 0 
30480, 0, 0 
23741, 0, 0 
40150, 0, 0 
169, 0, 0 
35525, 0, 0 
18301, 0, 0 
49770, 0, 0 
11027, 0, 0 
9067, 0, 0 
37677, 0, 0 
35639, 0, 0 
31425, 0, 0 
21216, 0, 0 
22629, 0, 0 
52621, 0, 0 
435, 0, 0 
49199, 0, 0 
44313, 0, 0 
30370, 0, 0 
36084, 0, 0 
38808, 0, 0 
1712, 0, 0 
49342, 0, 0 
11612, 0, 0 
6406, 0, 0 
46740, 0, 0 
51669, 0, 0 
26191, 0, 0 
54597, 0, 0 
20801, 0, 0 
35905, 0, 0 
19822, 0, 0 
38691, 0, 0 
37954, 0, 0 
43074, 0, 0 
59497, 0, 0 
53353, 0, 0 
57201, 0, 0 
45371, 0, 0 
14559, 0, 0 
33277, 0, 0 
32778, 0, 0 
13583, 0, 0 
6611, 0, 0 
55027, 0, 0 
23279, 0, 0 
8289, 0, 0 
24861, 0, 0 
51044, 0, 0 
29205, 0, 0 
48207, 0, 0 
32727, 0, 0 
54474, 0, 0 
30119, 0, 0 
57685, 0, 0 
18832, 0, 0 
16501, 0, 0 
5646, 0, 0 
1926, 0, 0 
46571, 0, 0 
37953, 0, 0 
44826, 0, 0 
47957, 0, 0 
49097, 0, 0 
59653, 0, 0 
17535, 0, 0 
4374, 0, 0 
46926, 0, 0 
54475, 0, 0 
15119, 0, 0 
34580, 0, 0 
20481, 0, 0 
17449, 0, 0 
52336, 0, 0 
30373, 0, 0 
24445, 0, 0 
49639, 0, 0 
8273, 0, 0 
39606, 0, 0 
59420, 0, 0 
18743, 0, 0 
49883, 0, 0 
32313, 0, 0 
27145, 0, 0 
35663, 0, 0 
34296, 0, 0 
35994, 0, 0 
45359, 0, 0 
24777, 0, 0 
24848, 1, 1 
10627, 1, 1 
55825, 1, 1 
26070, 1, 1 
26772, 1, 1 
5643, 1, 1 
13604, 1, 1 
17005, 1, 1 
27410, 1, 1 
25805, 1, 1 
4654, 1, 1 
11342, 1, 1 
28970, 1, 1 
27920, 1, 1 
58891, 1, 1 
13453, 1, 1 
57057, 1, 1 
44633, 1, 1 
11765, 1, 1 
47382, 1, 1 
33458, 1, 1 
39716, 1, 1 
49440, 1, 1 
34927, 1, 1 
50120, 1, 1 
36422, 1, 1 
4190, 1, 1 
36426, 1, 1 
36124, 1, 1 
13697, 1, 1 
11901, 1, 1 
33498, 1, 1 
58341, 1, 1 
1242, 1, 1 
16287, 1, 1 
14327, 1, 1 
24136, 1, 1 
46291, 1, 1 
1287, 1, 1 
42179, 1, 1 
15105, 1, 1 
20887, 1, 1 
17907, 1, 1 
7761, 1, 1 
6135, 1, 1 
10365, 1, 1 
33826, 1, 1 
14953, 1, 1 
47200, 1, 1 
35761, 1, 1 
25268, 1, 1 
47222, 1, 1 
4807, 1, 1 
56757, 1, 1 
24710, 1, 1 
14606, 1, 1 
42630, 1, 1 
55601, 1, 1 
48189, 1, 1 
2227, 1, 1 
8087, 1, 1 
8891, 1, 1 
32482, 1, 1 
56048, 1, 1 
39281, 1, 1 
38951, 1, 1 
58662, 1, 1 
56902, 1, 1 
27309, 1, 1 
32153, 1, 1 
31534, 1, 1 
20659, 1, 1 
46302, 1, 1 
23462, 1, 1 
7656, 1, 1 
5933, 1, 1 
37196, 1, 1 
45373, 1, 1 
27301, 1, 1 
43349, 1, 1 
27871, 1, 1 
54775, 1, 1 
25354, 1, 1 
36185, 1, 1 
9584, 1, 1 
28521, 1, 1 
23523, 1, 1 
37629, 1, 1 
25910, 1, 1 
42197, 1, 1 
22896, 1, 1 
50207, 1, 1 
32718, 1, 1 
29740, 1, 1 
36141, 1, 1 
59958, 1, 1 
35756, 1, 1 
13272, 1, 1 
29320, 1, 1 
47982, 1, 1 
7857, 1, 1 
22168, 1, 1 
55961, 1, 1 
14123, 1, 1 
21716, 1, 1 
35777, 1, 1 
33095, 1, 1 
38436, 1, 1 
17171, 1, 1 
33752, 1, 1 
37463, 1, 1 
14631, 1, 1 
573, 1, 1 
40220, 1, 1 
13884, 1, 1 
24509, 1, 1 
11809, 1, 1 
24634, 1, 1 
8083, 1, 1 
17240, 1, 1 
49972, 1, 1 
51169, 1, 1 
978, 1, 1 
36098, 1, 1 
1528, 1, 1 
41029, 1, 1 
15121, 1, 1 
14753, 1, 1 
16694, 1, 1 
46809, 1, 1 
41209, 1, 1 
58737, 1, 1 
27737, 1, 1 
58772, 1, 1 
21972, 1, 1 
34531, 1, 1 
24168, 1, 1 
19940, 1, 1 
34990, 1, 1 
40319, 1, 1 
22545, 1, 1 
45861, 1, 1 
29337, 1, 1 
18389, 1, 1 
30475, 1, 1 
32597, 1, 1 
276, 1, 1 
32083, 1, 1 
1879, 1, 1 
15710, 1, 1 
32536, 1, 1 
1680, 1, 1 
10404, 1, 1 
40373, 1, 1 
24863, 1, 1 
54855, 1, 1 
48024, 1, 1 
2616, 1, 1 
1838, 1, 1 
397, 1, 1 
35094, 1, 1 
16722, 1, 1 
15999, 1, 1 
26789, 1, 1 
28925, 1, 1 
48079, 1, 1 
31578, 1, 1 
38499, 1, 1 
41237, 1, 1 
2094, 1, 1 
20686, 1, 1 
54182, 1, 1 
34241, 1, 1 
31245, 1, 1 
22328, 1, 1 
47734, 1, 1 
27790, 1, 1 
48464, 1, 1 
20961, 1, 1 
34641, 1, 1 
24080, 1, 1 
53348, 1, 1 
12388, 1, 1 
12805, 1, 1 
24631, 1, 1 
16148, 1, 1 
2667, 1, 1 
16545, 1, 1 
46335, 1, 1 
2932, 1, 1 
2918, 1, 1 
44996, 1, 1 
12158, 1, 1 
9837, 1, 1 
55846, 1, 1 
16278, 1, 1 
26944, 1, 1 
57049, 1, 1 
19735, 1, 1 
46240, 1, 1 
56598, 2, 2 
29453, 2, 2 
53835, 2, 2 
5816, 2, 2 
40899, 2, 2 
18213, 2, 2 
47171, 2, 2 
25677, 2, 2 
59004, 2, 2 
18003, 2, 2 
12784, 2, 2 
13928, 2, 2 
1074, 2, 2 
24794, 2, 2 
48476, 2, 2 
54043, 2, 2 
55678, 2, 2 
11438, 2, 2 
19087, 2, 2 
9826, 2, 2 
47557, 2, 2 
56973, 2, 2 
58068, 2, 2 
48696, 2, 2 
10825, 2, 2 
55906, 2, 2 
1573, 2, 2 
35882, 2, 2 
49349, 2, 2 
46783, 2, 2 
55220, 2, 2 
15751, 2, 2 
50478, 2, 2 
30826, 2, 2 
29152, 2, 2 
6465, 2, 2 
50913, 2, 2 
41105, 2, 2 
34056, 2, 2 
32998, 2, 2 
18192, 2, 2 
26477, 2, 2 
58705, 2, 2 
12871, 2, 2 
11084, 2, 2 
22457, 2, 2 
11443, 2, 2 
24198, 2, 2 
53656, 2, 2 
40592, 2, 2 
1264, 2, 2 
7259, 2, 2 
10087, 2, 2 
39168, 2, 2 
8226, 2, 2 
36694, 2, 2 
22358, 2, 2 
22187, 2, 2 
43292, 2, 2 
47467, 2, 2 
1096, 2, 2 
4208, 2, 2 
11531, 2, 2 
52898, 2, 2 
39853, 2, 2 
45868, 2, 2 
7594, 2, 2 
57509, 2, 2 
26669, 2, 2 
54951, 2, 2 
18634, 2, 2 
13722, 2, 2 
18264, 2, 2 
34252, 2, 2 
49834, 2, 2 
55070, 2, 2 
43871, 2, 2 
44424, 2, 2 
59410, 2, 2 
8632, 2, 2 
12608, 2, 2 
16709, 2, 2 
50753, 2, 2 
46163, 2, 2 
35901, 2, 2 
9508, 2, 2 
5377, 2, 2 
8640, 2, 2 
18040, 2, 2 
2769, 2, 2 
3362, 2, 2 
1444, 2, 2 
7567, 2, 2 
6252, 2, 2 
42503, 2, 2 
35124, 2, 2 
56739, 2, 2 
122, 2, 2 
22861, 2, 2 
20944, 2, 2 
38962, 2, 2 
5618, 2, 2 
57104, 2, 2 
41340, 2, 2 
47354, 2, 2 
19999, 2, 2 
27739, 2, 2 
34078, 2, 2 
45543, 2, 2 
48951, 2, 2 
52894, 2, 2 
28859, 2, 2 
47842, 2, 2 
24790, 2, 2 
32634, 2, 2 
16298, 2, 2 
46262, 2, 2 
44639, 2, 2 
171, 2, 2 
22901, 2, 2 
57377, 2, 2 
40956, 2, 2 
15994, 2, 2 
35758, 2, 2 
17729, 2, 2 
56864, 2, 2 
9855, 2, 2 
34907, 2, 2 
10528, 2, 2 
23087, 2, 2 
31794, 2, 2 
9891, 2, 2 
39145, 2, 2 
52083, 2, 2 
49009, 2, 2 
13694, 2, 2 
36600, 2, 2 
10084, 2, 2 
30690, 2, 2 
16654, 2, 2 
4051, 2, 2 
7929, 2, 2 
54987, 2, 2 
53245, 2, 2 
46486, 2, 2 
9809, 2, 2 
42443, 2, 2 
46974, 2, 2 
9748, 2, 2 
8453, 2, 2 
1753, 2, 2 
57113, 2, 2 
37426, 2, 2 
24116, 2, 2 
35770, 2, 2 
12864, 2, 2 
49537, 2, 2 
1048, 2, 2 
29501, 2, 2 
39008, 2, 2 
35992, 2, 2 
3710, 2, 2 
26083, 2, 2 
27989, 2, 2 
44672, 2, 2 
15660, 2, 2 
43101, 2, 2 
34475, 2, 2 
29741, 2, 2 
21773, 2, 2 
56049, 2, 2 
17434, 2, 2 
48070, 2, 2 
19926, 2, 2 
53742, 2, 2 
18117, 2, 2 
32170, 2, 2 
14550, 2, 2 
23826, 2, 2 
35572, 2, 2 
14603, 2, 2 
2184, 2, 2 
26326, 2, 2 
2402, 2, 2 
50479, 2, 2 
56473, 2, 2 
19391, 2, 2 
57105, 2, 2 
50290, 2, 2 
6773, 2, 2 
14302, 2, 2 
34856, 2, 2 
58267, 2, 2 
35902, 2, 2 
20514, 2, 2 
50153, 2, 2 
50221, 2, 2 
38170, 2, 2 
57624, 2, 2 
49264, 2, 2 
19438, 3, 3 
41287, 3, 3 
4373, 3, 3 
59630, 3, 3 
6081, 3, 3 
39415, 3, 3 
5396, 3, 3 
22058, 3, 3 
17442, 3, 3 
11169, 3, 3 
5434, 3, 3 
2379, 3, 3 
26849, 3, 3 
35015, 3, 3 
4179, 3, 3 
19247, 3, 3 
42994, 3, 3 
13965, 3, 3 
54013, 3, 3 
45911, 3, 3 
25882, 3, 3 
31831, 3, 3 
7582, 3, 3 
47618, 3, 3 
55665, 3, 3 
57040, 3, 3 
54402, 3, 3 
4917, 3, 3 
32420, 3, 3 
6106, 3, 3 
10423, 3, 3 
44684, 3, 3 
40202, 3, 3 
59808, 3, 3 
21815, 3, 3 
51991, 3, 3 
56391, 3, 3 
52545, 3, 3 
38109, 3, 3 
33845, 3, 3 
26702, 3, 3 
16849, 3, 3 
12329, 3, 3 
28472, 3, 3 
29045, 3, 3 
56776, 3, 3 
2029, 3, 3 
5799, 3, 3 
37468, 3, 3 
55190, 3, 3 
29300, 3, 3 
27135, 3, 3 
54499, 3, 3 
16414, 3, 3 
15938, 3, 3 
23962, 3, 2 
4001, 3, 3 
51428, 3, 3 
42804, 3, 3 
41573, 3, 3 
56383, 3, 3 
35272, 3, 3 
3314, 3, 3 
25174, 3, 3 
12086, 3, 3 
39721, 3, 3 
40858, 3, 3 
43875, 3, 3 
14704, 3, 3 
53480, 3, 3 
21144, 3, 3 
16096, 3, 3 
6595, 3, 3 
36572, 3, 3 
55845, 3, 3 
298, 3, 3 
32042, 3, 3 
31667, 3, 3 
8879, 3, 3 
36078, 3, 3 
42931, 3, 3 
18785, 3, 3 
46882, 3, 3 
1486, 3, 3 
47655, 3, 3 
20687, 3, 3 
2981, 3, 3 
45436, 3, 3 
15008, 3, 3 
39798, 3, 3 
30375, 3, 3 
34058, 3, 3 
23227, 3, 3 
2423, 3, 3 
34716, 3, 3 
31825, 3, 3 
44522, 3, 3 
16584, 3, 3 
58097, 3, 3 
3323, 3, 3 
7106, 3, 3 
47975, 3, 3 
15760, 3, 3 
17574, 3, 3 
41608, 3, 3 
32619, 3, 3 
24231, 3, 3 
8597, 3, 3 
3656, 3, 3 
29224, 3, 3 
58113, 3, 3 
41740, 3, 3 
5788, 3, 3 
645, 3, 3 
16239, 3, 3 
29304, 3, 3 
36471, 3, 3 
37188, 3, 3 
46134, 3, 3 
52404, 3, 3 
54859, 3, 3 
18299, 3, 3 
3824, 3, 3 
52101, 3, 3 
1981, 3, 3 
50253, 3, 3 
2468, 3, 3 
24870, 3, 3 
36684, 3, 3 
890, 3, 3 
36180, 3, 3 
5919, 3, 3 
28037, 3, 3 
57194, 3, 3 
11949, 3, 3 
45781, 3, 3 
32091, 3, 3 
58832, 3, 3 
20800, 3, 3 
10097, 3, 3 
29958, 3, 3 
13827, 3, 3 
5370, 3, 3 
43373, 3, 3 
21305, 3, 3 
2567, 3, 3 
58421, 3, 3 
38653, 3, 3 
59461, 3, 3 
18542, 3, 3 
9413, 3, 3 
36295, 3, 3 
23043, 3, 3 
49467, 3, 3 
19238, 3, 3 
38167, 3, 3 
43599, 3, 3 
36119, 3, 3 
16372, 3, 3 
26156, 3, 3 
10031, 3, 3 
32933, 3, 3 
19734, 3, 3 
23221, 3, 3 
8762, 3, 3 
47377, 3, 3 
58955, 3, 3 
57868, 3, 3 
53584, 3, 3 
17575, 3, 3 
27060, 3, 3 
47157, 3, 3 
8771, 3, 3 
19063, 3, 3 
4868, 3, 3 
44162, 3, 3 
36263, 3, 3 
45586, 3, 3 
16678, 3, 3 
25590, 3, 3 
12228, 3, 3 
45597, 3, 3 
30093, 3, 3 
2469, 3, 3 
24883, 3, 3 
45377, 3, 3 
49307, 3, 3 
38410, 3, 3 
42445, 3, 3 
58774, 3, 3 
37658, 3, 3 
54191, 3, 3 
49650, 3, 3 
33917, 3, 3 
12260, 3, 3 
38377, 3, 3 
19739, 3, 3 
45862, 3, 3 
47678, 3, 3 
11777, 3, 3 
53888, 4, 4 
14156, 4, 4 
21627, 4, 4 
51403, 4, 4 
42793, 4, 4 
56379, 4, 4 
44356, 4, 4 
13267, 4, 4 
8278, 4, 4 
3694, 4, 4 
10212, 4, 4 
54899, 4, 4 
42684, 4, 4 
40606, 4, 4 
21541, 4, 4 
52522, 4, 4 
33552, 4, 4 
40334, 4, 4 
39272, 4, 4 
21223, 4, 4 
2943, 4, 4 
26067, 4, 4 
49195, 4, 4 
18062, 4, 4 
5807, 4, 4 
9632, 4, 4 
32801, 4, 4 
20995, 4, 4 
414, 4, 4 
16279, 4, 4 
30868, 4, 4 
19483, 4, 4 
39976, 4, 4 
9781, 4, 4 
30447, 4, 4 
27308, 4, 4 
56122, 4, 4 
53873, 4, 4 
12102, 4, 4 
34133, 4, 4 
41473, 4, 4 
57559, 4, 4 
47607, 4, 4 
373, 4, 4 
29321, 4, 4 
36226, 4, 4 
56793, 4, 4 
19340, 4, 4 
988, 4, 4 
2962, 4, 4 
5117, 4, 4 
29372, 4, 4 
19952, 4, 4 
24980, 4, 4 
15479, 4, 4 
12194, 4, 4 
58153, 4, 4 
52734, 4, 4 
48854, 4, 4 
42455, 4, 4 
52103, 4, 4 
47523, 4, 4 
39963, 4, 4 
55675, 4, 4 
31453, 4, 4 
56763, 4, 4 
20182, 4, 4 
17057, 4, 4 
38323, 4, 4 
37800, 4, 4 
22535, 4, 4 
26582, 4, 4 
16526, 4, 4 
14067, 4, 4 
29683, 4, 4 
39511, 4, 4 
18496, 4, 4 
6556, 4, 4 
48240, 4, 4 
34354, 4, 4 
13650, 4, 4 
56784, 4, 4 
15274, 4, 4 
20074, 4, 4 
41825, 4, 4 
54116, 4, 4 
58231, 4, 4 
36664, 4, 4 
17991, 4, 4 
48782, 4, 4 
58463, 4, 4 
36280, 4, 4 
45173, 4, 4 
30134, 4, 4 
9880, 4, 4 
11988, 4, 4 
37227, 4, 4 
16566, 4, 4 
56147, 4, 4 
19123, 4, 4 
17565, 4, 4 
8270, 4, 4 
21430, 4, 4 
51823, 4, 4 
24929, 4, 4 
8840, 4, 4 
28311, 4, 4 
53965, 4, 4 
18184, 4, 4 
36025, 4, 4 
59809, 4, 4 
45565, 4, 4 
58697, 4, 4 
30876, 4, 4 
44751, 4, 4 
43721, 4, 4 
3459, 4, 4 
17321, 4, 4 
5891, 4, 4 
10196, 4, 4 
12589, 4, 4 
53528, 4, 4 
31580, 4, 4 
24253, 4, 4 
41818, 4, 4 
55788, 4, 4 
55964, 4, 4 
40187, 4, 4 
12075, 4, 4 
25635, 4, 4 
33415, 4, 4 
21490, 4, 4 
29135, 4, 4 
55206, 4, 4 
855, 4, 4 
33473, 4, 4 
5278, 4, 4 
44904, 4, 4 
47541, 4, 4 
18787, 4, 4 
28635, 4, 4 
57114, 4, 4 
58047, 4, 4 
55323, 4, 4 
41120, 4, 4 
19311, 4, 4 
58340, 4, 4 
45198, 4, 4 
1308, 4, 4 
50846, 4, 4 
43231, 4, 4 
20894, 4, 4 
27040, 4, 4 
6812, 4, 4 
10736, 4, 4 
3388, 4, 4 
49741, 4, 4 
47691, 4, 4 
58225, 4, 4 
31246, 4, 4 
41079, 4, 4 
43812, 4, 4 
8011, 4, 4 
53710, 4, 4 
35866, 4, 4 
44528, 4, 4 
22367, 4, 4 
54637, 4, 4 
57111, 4, 4 
25056, 4, 4 
17949, 4, 4 
53760, 4, 4 
53693, 4, 4 
42187, 4, 4 
48595, 4, 4 
9391, 4, 4 
53288, 4, 4 
1705, 4, 4 
6949, 4, 4 
10525, 4, 4 
46644, 4, 4 
23834, 4, 4 
55654, 4, 4 
59599, 4, 4 
17536, 4, 4 
55673, 4, 4 
6810, 4, 4 
1928, 4, 4 
40288, 4, 4 
52293, 4, 4 
18327, 4, 4 
1704, 4, 4 
42078, 4, 4 
10103, 4, 4 
51453, 4, 4 
6035, 4, 4 
29898, 4, 4 
53452, 4, 4 
20082, 4, 4 
10937, 4, 4 
19874, 5, 5 
34473, 5, 5 
11500, 5, 5 
10373, 5, 5 
27594, 5, 5 
27801, 5, 5 
18416, 5, 5 
45607, 5, 5 
543, 5, 5 
30399, 5, 5 
32748, 5, 5 
29924, 5, 5 
38648, 5, 5 
2739, 5, 5 
12507, 5, 5 
39158, 5, 5 
55865, 5, 5 
35903, 5, 5 
32614, 5, 5 
53050, 5, 5 
239, 5, 5 
11638, 5, 5 
17097, 5, 5 
13120, 5, 5 
59609, 5, 5 
13229, 5, 5 
54828, 5, 5 
719, 5, 5 
4167, 5, 5 
30393, 5, 5 
11806, 5, 5 
45490, 5, 5 
35628, 5, 5 
7354, 5, 5 
34002, 5, 5 
47934, 5, 5 
1288, 5, 5 
18404, 5, 5 
42756, 5, 5 
38896, 5, 5 
25654, 5, 5 
57470, 5, 5 
47554, 5, 5 
34448, 5, 5 
45890, 5, 5 
9589, 5, 5 
3525, 5, 5 
24093, 5, 5 
50497, 5, 5 
20716, 5, 5 
26680, 5, 5 
18431, 5, 5 
15873, 5, 5 
24519, 5, 5 
32996, 5, 5 
23763, 5, 5 
19980, 5, 5 
23568, 5, 5 
2056, 5, 5 
15143, 5, 5 
25342, 5, 5 
24235, 5, 5 
12146, 5, 5 
27065, 5, 5 
27179, 5, 5 
38739, 5, 5 
47193, 5, 5 
50006, 5, 5 
985, 5, 5 
6290, 5, 5 
5363, 5, 5 
30288, 5, 5 
20881, 5, 5 
31746, 5, 5 
56838, 5, 5 
34888, 5, 5 
53920, 5, 5 
56371, 5, 5 
37180, 5, 5 
53638, 5, 8 
58948, 5, 5 
51559, 5, 5 
3580, 5, 5 
32080, 5, 5 
41759, 5, 5 
57320, 5, 5 
29659, 5, 5 
27053, 5, 5 
57345, 5, 5 
7962, 5, 5 
55748, 5, 5 
24402, 5, 5 
28658, 5, 5 
38295, 5, 5 
35867, 5, 5 
18080, 5, 5 
12588, 5, 5 
19207, 5, 5 
46244, 5, 5 
47281, 5, 5 
41670, 5, 5 
11802, 5, 5 
4921, 5, 5 
46667, 5, 5 
11345, 5, 5 
25177, 5, 5 
49655, 5, 5 
35462, 5, 5 
6524, 5, 5 
34711, 5, 5 
55225, 5, 5 
56224, 5, 5 
22802, 5, 5 
45256, 5, 5 
2885, 5, 5 
47320, 5, 5 
17073, 5, 5 
23827, 5, 5 
51793, 5, 5 
5526, 5, 5 
57248, 5, 5 
39409, 5, 5 
1430, 5, 5 
46290, 5, 5 
43451, 5, 5 
57926, 5, 5 
59473, 5, 5 
24317, 5, 5 
35268, 5, 5 
16406, 5, 5 
44329, 5, 5 
7346, 5, 5 
58381, 5, 5 
36539, 5, 5 
17224, 5, 5 
41072, 5, 5 
20044, 5, 5 
26228, 5, 5 
23066, 5, 5 
32582, 5, 5 
40776, 5, 5 
41243, 5, 5 
50633, 5, 5 
40993, 5, 5 
55164, 5, 5 
45870, 5, 5 
53829, 5, 5 
18083, 5, 5 
26752, 5, 5 
22622, 5, 5 
14218, 5, 5 
23518, 5, 5 
57511, 5, 5 
35207, 5, 5 
37817, 5, 5 
15024, 5, 5 
42317, 5, 5 
417, 5, 5 
2571, 5, 5 
10995, 5, 5 
58261, 5, 5 
12470, 5, 5 
47077, 5, 5 
40474, 5, 5 
22736, 5, 5 
53408, 5, 5 
29384, 5, 5 
26856, 5, 5 
9419, 5, 5 
25023, 5, 5 
22805, 5, 5 
48572, 5, 5 
56306, 5, 5 
7279, 5, 5 
36060, 5, 5 
31644, 5, 5 
51298, 5, 5 
5991, 5, 5 
53741, 5, 5 
2308, 5, 5 
53942, 5, 5 
14806, 5, 5 
27259, 5, 5 
1245, 5, 5 
38883, 5, 5 
19825, 5, 5 
9845, 5, 5 
26706, 5, 5 
54581, 5, 5 
17446, 5, 5 
49728, 5, 5 
39381, 5, 5 
25002, 5, 5 
45875, 5, 5 
16446, 5, 5 
54938, 5, 5 
30697, 5, 5 
22638, 5, 5 
6434, 5, 5 
14485, 5, 5 
46392, 6, 6 
27491, 6, 6 
43646, 6, 6 
43822, 6, 6 
5750, 6, 6 
16632, 6, 6 
37142, 6, 6 
47877, 6, 6 
24438, 6, 6 
47418, 6, 6 
43940, 6, 6 
24948, 6, 6 
51514, 6, 6 
34963, 6, 6 
37675, 6, 6 
3136, 6, 6 
35140, 6, 6 
56811, 6, 6 
20701, 6, 6 
42386, 6, 6 
852, 6, 6 
52986, 6, 6 
3139, 6, 6 
42591, 6, 6 
52502, 6, 6 
25271, 6, 6 
48153, 6, 6 
46587, 6, 6 
20122, 6, 6 
23958, 6, 6 
31167, 6, 6 
25962, 6, 6 
44963, 6, 6 
3097, 6, 6 
18330, 6, 6 
27704, 6, 6 
34748, 6, 6 
955, 6, 6 
42729, 6, 6 
33584, 6, 6 
54067, 6, 6 
53900, 6, 6 
46383, 6, 6 
27595, 6, 6 
31143, 6, 6 
41246, 6, 6 
14186, 6, 6 
43049, 6, 6 
8792, 6, 6 
18721, 6, 6 
50598, 6, 6 
22333, 6, 6 
19788, 6, 6 
9659, 6, 6 
19927, 6, 6 
21349, 6, 6 
41242, 6, 6 
56718, 6, 6 
2656, 6, 6 
33629, 6, 6 
52215, 6, 6 
13860, 6, 6 
49019, 6, 6 
44217, 6, 6 
22962, 6, 6 
25306, 6, 6 
30799, 6, 6 
33724, 6, 6 
32994, 6, 6 
27404, 6, 6 
22448, 6, 6 
23125, 6, 6 
32230, 6, 6 
14764, 6, 6 
15036, 6, 6 
39908, 6, 6 
29793, 6, 6 
660, 6, 6 
46382, 6, 6 
14671, 6, 6 
22435, 6, 6 
53540, 6, 6 
58922, 6, 6 
15188, 6, 6 
56918, 6, 6 
50108, 6, 6 
2910, 6, 6 
34189, 6, 6 
186, 6, 6 
54662, 6, 6 
44697, 6, 6 
2992, 6, 6 
5837, 6, 6 
58842, 6, 6 
26530, 6, 6 
11065, 6, 6 
11932, 6, 6 
41849, 6, 6 
24486, 6, 6 
10697, 6, 6 
30421, 6, 6 
36665, 6, 6 
55904, 6, 6 
57959, 6, 6 
46898, 6, 6 
49178, 6, 6 
31208, 6, 6 
1726, 6, 6 
16118, 6, 6 
46521, 6, 6 
47032, 6, 6 
9338, 6, 6 
47458, 6, 6 
59171, 6, 6 
58041, 6, 6 
38334, 6, 6 
16841, 6, 6 
17670, 6, 6 
46646, 6, 6 
40541, 6, 6 
41517, 6, 6 
2602, 6, 6 
50623, 6, 6 
44082, 6, 6 
22091, 6, 6 
43594, 6, 6 
34993, 6, 6 
10335, 6, 6 
24753, 6, 6 
51115, 6, 6 
2470, 6, 6 
34578, 6, 6 
58382, 6, 6 
22212, 6, 6 
34488, 6, 6 
33474, 6, 6 
4249, 6, 6 
59540, 6, 6 
25860, 6, 6 
24474, 6, 6 
59591, 6, 6 
23471, 6, 6 
22210, 6, 6 
24832, 6, 6 
8799, 6, 6 
44644, 6, 6 
6313, 6, 6 
20736, 6, 6 
59895, 6, 6 
29331, 6, 6 
41828, 6, 6 
43505, 6, 6 
51246, 6, 6 
9187, 6, 6 
10435, 6, 6 
18670, 6, 6 
57675, 6, 6 
22160, 6, 6 
11866, 6, 6 
39369, 6, 6 
29169, 6, 6 
26511, 6, 6 
28162, 6, 6 
30648, 6, 6 
33595, 6, 6 
16378, 6, 6 
31898, 6, 6 
25572, 6, 6 
9389, 6, 6 
55913, 6, 6 
8265, 6, 6 
42948, 6, 6 
47631, 6, 6 
52421, 6, 6 
38721, 6, 6 
32783, 6, 6 
16768, 6, 6 
59775, 6, 6 
24955, 6, 6 
22561, 6, 6 
42530, 6, 6 
35687, 6, 6 
9785, 6, 6 
49597, 6, 6 
22909, 6, 6 
16891, 6, 6 
8638, 6, 6 
37577, 6, 6 
17199, 6, 6 
59583, 6, 6 
24611, 6, 6 
49175, 6, 6 
221, 6, 6 
35888, 6, 6 
4087, 6, 6 
42452, 6, 6 
24242, 6, 6 
45668, 6, 6 
9262, 6, 6 
26958, 6, 6 
21904, 7, 7 
48135, 7, 7 
59031, 7, 7 
38017, 7, 7 
48125, 7, 7 
44954, 7, 7 
48622, 7, 7 
49412, 7, 7 
42415, 7, 7 
4479, 7, 7 
11919, 7, 7 
25833, 7, 7 
7380, 7, 7 
28632, 7, 7 
47127, 7, 7 
59703, 7, 7 
27463, 7, 7 
44170, 7, 7 
14898, 7, 7 
24788, 7, 7 
26826, 7, 7 
51138, 7, 7 
59068, 7, 7 
15086, 7, 7 
31826, 7, 7 
42200, 7, 7 
42094, 7, 7 
13746, 7, 7 
7301, 7, 7 
59938, 7, 7 
55887, 7, 7 
45615, 7, 7 
5347, 7, 7 
36345, 7, 7 
46686, 7, 7 
6333, 7, 7 
14219, 7, 7 
29212, 7, 7 
34111, 7, 7 
20048, 7, 7 
11763, 7, 7 
31100, 7, 7 
954, 7, 7 
38505, 7, 7 
43427, 7, 7 
10202, 7, 7 
6911, 7, 7 
28697, 7, 7 
45829, 7, 7 
31967, 7, 7 
38550, 7, 7 
7643, 7, 7 
27098, 7, 7 
9747, 7, 7 
3065, 7, 7 
20310, 7, 7 
868, 7, 7 
38743, 7, 7 
52113, 7, 7 
51141, 7, 7 
58885, 7, 7 
3249, 7, 7 
41099, 7, 7 
4303, 7, 7 
24742, 7, 7 
30154, 7, 7 
26778, 7, 7 
21672, 7, 7 
57405, 7, 7 
18142, 7, 7 
40729, 7, 7 
42292, 7, 7 
56393, 7, 7 
4907, 7, 7 
23798, 7, 7 
56931, 7, 7 
24984, 7, 7 
56233, 7, 7 
4266, 7, 7 
44737, 7, 7 
51204, 7, 7 
33964, 7, 7 
34142, 7, 7 
54925, 7, 7 
7730, 7, 7 
53213, 7, 7 
483, 7, 7 
2018, 7, 7 
12364, 7, 7 
25125, 7, 7 
11703, 7, 7 
36283, 7, 7 
57337, 7, 7 
6487, 7, 7 
23021, 7, 7 
8114, 7, 7 
54732, 7, 7 
4211, 7, 7 
40506, 7, 7 
22497, 7, 7 
11254, 7, 7 
4977, 7, 7 
42831, 7, 7 
31927, 7, 7 
41520, 7, 7 
15737, 7, 7 
35636, 7, 7 
38964, 7, 7 
962, 7, 7 
16138, 7, 7 
39254, 7, 7 
48095, 7, 7 
23164, 7, 7 
33356, 7, 7 
27302, 7, 7 
43926, 7, 7 
18736, 7, 7 
24727, 7, 7 
20977, 7, 7 
30260, 7, 7 
10231, 7, 7 
45691, 7, 7 
47806, 7, 7 
18844, 7, 7 
39088, 7, 7 
57372, 7, 7 
5496, 7, 7 
8286, 7, 7 
13149, 7, 7 
51634, 7, 7 
57235, 7, 7 
39580, 7, 7 
34445, 7, 7 
24503, 7, 7 
46888, 7, 7 
40794, 7, 7 
13000, 7, 7 
33362, 7, 7 
6696, 7, 7 
55971, 7, 7 
56769, 7, 7 
6835, 7, 7 
22941, 7, 7 
54099, 7, 7 
57367, 7, 7 
41779, 7, 7 
54971, 7, 7 
31957, 7, 7 
40742, 7, 7 
3556, 7, 7 
50440, 7, 7 
57431, 7, 7 
30357, 7, 7 
44588, 7, 7 
25639, 7, 7 
16264, 7, 7 
45489, 7, 7 
12841, 7, 7 
17419, 7, 7 
38506, 7, 7 
13755, 7, 7 
21412, 7, 7 
37999, 7, 7 
58455, 7, 7 
19039, 7, 7 
7236, 7, 7 
21478, 7, 7 
20558, 7, 7 
33656, 7, 7 
56392, 7, 7 
21816, 7, 7 
19409, 7, 7 
59746, 7, 7 
53113, 7, 7 
20398, 7, 7 
47061, 7, 7 
22613, 7, 7 
22667, 7, 7 
56534, 7, 7 
19534, 7, 7 
35196, 7, 7 
30722, 7, 7 
59246, 7, 7 
6623, 7, 7 
35919, 7, 7 
42592, 7, 7 
40311, 7, 7 
36472, 7, 7 
25525, 7, 7 
27498, 7, 7 
22826, 7, 7 
7992, 7, 7 
44064, 7, 7 
44516, 7, 7 
18191, 7, 7 
52606, 7, 7 
10510, 7, 7 
43222, 7, 7 
57549, 7, 7 
3428, 7, 7 
26147, 8, 8 
55430, 8, 8 
32774, 8, 8 
49990, 8, 8 
52292, 8, 8 
15595, 8, 8 
29665, 8, 8 
17021, 8, 8 
21408, 8, 8 
3959, 8, 8 
1214, 8, 8 
31915, 8, 8 
12974, 8, 8 
50900, 8, 8 
8686, 8, 8 
1434, 8, 8 
3338, 8, 8 
37608, 8, 8 
54749, 8, 8 
53848, 8, 8 
20559, 8, 8 
58394, 8, 8 
51313, 8, 8 
15941, 8, 8 
13065, 8, 8 
14791, 8, 8 
45737, 8, 8 
41441, 8, 8 
21520, 8, 8 
25647, 8, 8 
6041, 8, 8 
36473, 8, 8 
23376, 8, 8 
758, 8, 8 
45116, 8, 8 
20657, 8, 8 
56026, 8, 8 
53285, 8, 8 
12073, 8, 8 
37768, 8, 8 
5775, 8, 8 
7405, 8, 8 
36219, 8, 8 
2026, 8, 8 
42453, 8, 8 
47008, 8, 8 
47550, 8, 8 
4384, 8, 8 
49453, 8, 8 
59128, 8, 8 
22261, 8, 8 
25843, 8, 8 
708, 8, 8 
53115, 8, 8 
42724, 8, 8 
22324, 8, 8 
23582, 8, 8 
25276, 8, 8 
14993, 8, 8 
37952, 8, 8 
8359, 8, 8 
30239, 8, 8 
43793, 8, 8 
545, 8, 8 
6942, 8, 8 
11843, 8, 8 
47163, 8, 8 
33771, 8, 8 
16897, 8, 8 
23890, 8, 8 
53400, 8, 8 
50035, 8, 8 
48509, 8, 8 
59403, 8, 8 
27513, 8, 8 
4419, 8, 8 
28710, 8, 8 
23109, 8, 8 
58849, 8, 8 
12255, 8, 8 
43464, 8, 8 
1790, 8, 8 
32516, 8, 8 
56952, 8, 8 
20859, 8, 8 
49052, 8, 8 
43334, 8, 8 
44944, 8, 8 
47857, 8, 8 
23092, 8, 8 
18012, 8, 8 
39167, 8, 8 
56145, 8, 8 
11890, 8, 8 
19079, 8, 8 
36179, 8, 8 
53011, 8, 8 
55650, 8, 8 
47359, 8, 8 
40274, 8, 8 
51266, 8, 8 
37539, 8, 8 
38623, 8, 8 
58762, 8, 8 
54120, 8, 8 
5042, 8, 8 
33997, 8, 8 
39575, 8, 8 
48588, 8, 8 
7924, 8, 8 
57602, 8, 8 
33890, 8, 8 
59309, 8, 8 
23316, 8, 8 
5548, 8, 8 
10515, 8, 8 
32874, 8, 8 
8782, 8, 8 
38063, 8, 8 
1914, 8, 8 
1279, 8, 8 
5680, 8, 8 
49502, 8, 8 
3616, 8, 8 
11611, 8, 8 
6659, 8, 8 
56716, 8, 8 
18317, 8, 8 
36299, 8, 8 
9057, 8, 8 
16797, 8, 8 
11704, 8, 8 
16820, 8, 8 
15343, 8, 8 
3762, 8, 8 
17112, 8, 8 
32471, 8, 8 
42941, 8, 8 
23848, 8, 8 
56872, 8, 8 
35323, 8, 8 
19570, 8, 8 
49051, 8, 8 
7228, 8, 8 
35847, 8, 8 
53997, 8, 8 
41393, 8, 8 
13626, 8, 8 
42388, 8, 8 
1856, 8, 8 
46285, 8, 8 
59505, 8, 8 
13447, 8, 8 
56647, 8, 8 
11724, 8, 8 
36696, 8, 8 
49176, 8, 8 
29387, 8, 8 
44437, 8, 8 
38912, 8, 8 
1964, 8, 8 
36320, 8, 8 
21486, 8, 8 
2768, 8, 8 
57800, 8, 8 
41758, 8, 8 
20364, 8, 8 
21613, 8, 8 
32226, 8, 8 
12777, 8, 8 
30523, 8, 8 
45738, 8, 8 
7607, 8, 8 
30203, 8, 8 
22703, 8, 8 
27030, 8, 8 
20621, 8, 8 
18523, 8, 8 
34663, 8, 8 
40758, 8, 8 
24108, 8, 8 
13423, 8, 8 
43109, 8, 1 
13917, 8, 8 
17743, 8, 8 
42299, 8, 8 
44270, 8, 8 
50626, 8, 8 
58752, 8, 8 
6199, 8, 8 
54550, 8, 8 
16145, 8, 8 
31091, 8, 8 
33755, 8, 8 
27286, 8, 8 
3029, 8, 8 
39926, 8, 8 
137, 8, 8 
46998, 8, 8 
13518, 8, 8 
18138, 9, 9 
56257, 9, 9 
1875, 9, 9 
51185, 9, 9 
49272, 9, 9 
27953, 9, 9 
13437, 9, 9 
41295, 9, 9 
23016, 9, 9 
52462, 9, 9 
2640, 9, 9 
7416, 9, 9 
16253, 9, 9 
32177, 9, 9 
53010, 9, 9 
7529, 9, 9 
45007, 9, 9 
36402, 9, 9 
41334, 9, 9 
12646, 9, 9 
22299, 9, 9 
51713, 9, 9 
1751, 9, 9 
11668, 9, 9 
39718, 9, 9 
58921, 9, 9 
46444, 9, 9 
424, 9, 9 
54874, 9, 9 
18859, 9, 9 
4932, 9, 9 
22967, 9, 9 
45071, 9, 9 
57452, 9, 9 
52846, 9, 9 
24553, 9, 9 
26223, 9, 9 
45123, 9, 9 
31939, 9, 9 
27904, 9, 9 
40997, 9, 9 
11909, 9, 9 
14082, 9, 9 
6238, 9, 9 
6379, 9, 9 
7541, 9, 9 
59131, 9, 9 
11074, 9, 9 
43237, 9, 9 
29281, 9, 9 
16808, 9, 9 
37541, 9, 9 
26558, 9, 9 
22243, 9, 9 
8592, 9, 9 
28677, 9, 9 
4085, 9, 9 
51168, 9, 9 
24821, 9, 9 
47126, 9, 9 
54743, 9, 9 
13557, 9, 9 
25298, 9, 9 
59514, 9, 9 
2006, 9, 9 
46353, 9, 9 
34975, 9, 9 
21718, 9, 9 
36930, 9, 9 
39234, 9, 9 
10906, 9, 9 
10249, 9, 9 
12535, 9, 9 
52180, 9, 9 
16829, 9, 9 
26233, 9, 9 
2643, 9, 9 
27710, 9, 9 
28530, 9, 9 
32491, 9, 9 
14120, 9, 9 
27004, 9, 9 
17537, 9, 9 
28308, 9, 9 
33130, 9, 9 
55815, 9, 9 
45142, 9, 9 
49663, 9, 9 
18552, 9, 9 
19766, 9, 9 
59814, 9, 9 
21423, 9, 9 
55849, 9, 9 
16621, 9, 9 
29865, 9, 9 
22165, 9, 9 
50515, 9, 9 
26512, 9, 9 
58263, 9, 9 
58169, 9, 9 
31573, 9, 9 
33156, 9, 9 
6234, 9, 9 
520, 9, 9 
18387, 9, 9 
37150, 9, 9 
26833, 9, 9 
13717, 9, 9 
13130, 9, 9 
41903, 9, 9 
45864, 9, 9 
36510, 9, 9 
16561, 9, 9 
36666, 9, 9 
38247, 9, 9 
35603, 9, 9 
34292, 9, 9 
5212, 9, 9 
13949, 9, 9 
32648, 9, 9 
3818, 9, 9 
54860, 9, 9 
5589, 9, 9 
4678, 9, 9 
11208, 9, 9 
46490, 9, 9 
26806, 9, 9 
5229, 9, 9 
4065, 9, 9 
24902, 9, 9 
29710, 9, 9 
20667, 9, 9 
43693, 9, 9 
21859, 9, 9 
12825, 9, 9 
1826, 9, 9 
36777, 9, 9 
11762, 9, 9 
51132, 9, 9 
20290, 9, 9 
23102, 9, 9 
9673, 9, 9 
16280, 9, 9 
31141, 9, 9 
42963, 9, 9 
28422, 9, 9 
5992, 9, 9 
2795, 9, 9 
49565, 9, 9 
49710, 9, 9 
44534, 9, 9 
33822, 9, 9 
29878, 9, 9 
32351, 9, 9 
19024, 9, 9 
13072, 9, 9 
43146, 9, 9 
48584, 9, 9 
56041, 9, 9 
49740, 9, 9 
51985, 9, 9 
27515, 9, 9 
34892, 9, 9 
28676, 9, 9 
8220, 9, 9 
11150, 9, 9 
44559, 9, 9 
14208, 9, 9 
1462, 9, 9 
14151, 9, 9 
22684, 9, 9 
13936, 9, 9 
21192, 9, 9 
51812, 9, 9 
30135, 9, 9 
50882, 9, 9 
29031, 9, 9 
42048, 9, 9 
17858, 9, 9 
12389, 9, 9 
29778, 9, 9 
3598, 9, 9 
59634, 9, 9 
30698, 9, 9 
55468, 9, 9 
44071, 9, 9 
54081, 9, 9 
16588, 9, 9 
11633, 9, 9 
10516, 9, 9 
50186, 9, 9 
25589, 9, 9 
50519, 9, 9 
974, 9, 9 
11903, 9, 9 
33187, 9, 9 
32249, 9, 9 
7733, 9, 9 
5008, 9, 9 
32403, 9, 9 
