id, true label, predicted label 
2352, 0, 0 
38157, 0, 0 
49471, 0, 0 
24081, 0, 0 
29564, 0, 0 
57882, 0, 0 
19646, 0, 0 
56318, 0, 0 
12140, 0, 0 
58510, 0, 0 
46273, 0, 0 
5563, 0, 0 
7062, 0, 0 
6441, 0, 0 
31808, 0, 0 
6832, 0, 0 
8158, 0, 0 
28667, 0, 0 
22440, 0, 0 
56857, 0, 0 
21909, 0, 0 
42010, 0, 0 
206, 0, 0 
16323, 0, 0 
52409, 0, 0 
3964, 0, 0 
49218, 0, 0 
13483, 0, 0 
29934, 0, 0 
52294, 0, 0 
22436, 0, 0 
7466, 0, 0 
28041, 0, 0 
27492, 0, 0 
31716, 0, 0 
3131, 0, 0 
1029, 0, 0 
29614, 0, 0 
9342, 0, 0 
30651, 0, 0 
41211, 0, 0 
15946, 0, 0 
42623, 0, 0 
43367, 0, 0 
30578, 0, 0 
29405, 0, 0 
44614, 0, 0 
30555, 0, 0 
12723, 0, 0 
49528, 0, 0 
36937, 0, 0 
14965, 0, 0 
48059, 0, 0 
23009, 0, 0 
11091, 0, 0 
21954, 0, 0 
52809, 0, 0 
7471, 0, 0 
22208, 0, 0 
13738, 0, 0 
55682, 0, 0 
55622, 0, 0 
35720, 0, 0 
5083, 0, 0 
2310, 0, 0 
22657, 0, 0 
46826, 0, 0 
35525, 0, 0 
8533, 0, 0 
35971, 0, 0 
31625, 0, 0 
37059, 0, 0 
18412, 0, 0 
40303, 0, 0 
38749, 0, 0 
12764, 0, 0 
53957, 0, 0 
55576, 0, 0 
3479, 0, 0 
57659, 0, 0 
15325, 0, 0 
40915, 0, 0 
59869, 0, 0 
949, 0, 0 
56397, 0, 0 
16244, 0, 0 
39897, 0, 0 
6326, 0, 0 
45083, 0, 0 
44471, 0, 0 
26007, 0, 0 
40336, 0, 0 
47247, 0, 0 
14890, 0, 0 
47271, 0, 0 
41987, 0, 0 
55227, 0, 0 
59296, 0, 0 
283, 0, 0 
28385, 0, 0 
26980, 0, 0 
55302, 0, 0 
31043, 0, 0 
17095, 0, 0 
26256, 0, 0 
16777, 0, 0 
31180, 0, 0 
3829, 0, 0 
31445, 0, 0 
42275, 0, 0 
21789, 0, 0 
16595, 0, 0 
9699, 0, 0 
26761, 0, 0 
19732, 0, 0 
35217, 0, 0 
41490, 0, 0 
41374, 0, 0 
47150, 0, 0 
7515, 0, 0 
45939, 0, 0 
35740, 0, 0 
45617, 0, 0 
34586, 0, 0 
52114, 0, 0 
39483, 0, 0 
17003, 0, 0 
32951, 0, 0 
11754, 0, 0 
47619, 0, 0 
12219, 0, 0 
43074, 0, 0 
6422, 0, 0 
27865, 0, 0 
19542, 0, 0 
55177, 0, 0 
7753, 0, 0 
36351, 0, 0 
58726, 0, 0 
10861, 0, 0 
3698, 0, 0 
8247, 0, 0 
41353, 0, 0 
36842, 0, 0 
17871, 0, 0 
31321, 0, 0 
22453, 0, 0 
39376, 0, 0 
5468, 0, 0 
22787, 0, 0 
9222, 0, 0 
45476, 0, 0 
44766, 0, 0 
50586, 0, 0 
47344, 0, 0 
22658, 0, 0 
14518, 0, 0 
25456, 0, 0 
9877, 0, 0 
29074, 0, 0 
54433, 0, 0 
3248, 0, 0 
34730, 0, 0 
12926, 0, 0 
5961, 0, 0 
35857, 0, 0 
249, 0, 0 
46975, 0, 0 
12869, 0, 0 
4108, 0, 0 
45952, 0, 0 
13075, 0, 0 
3906, 0, 0 
43266, 0, 0 
7925, 0, 0 
9523, 0, 0 
18936, 0, 0 
11231, 0, 0 
35063, 0, 0 
48532, 0, 0 
56347, 0, 0 
29420, 0, 0 
12670, 0, 0 
13467, 0, 0 
40563, 0, 0 
8545, 0, 0 
12456, 0, 0 
57091, 0, 0 
42038, 0, 0 
58594, 0, 0 
2245, 0, 0 
25714, 0, 0 
7373, 0, 0 
14148, 0, 0 
11993, 0, 0 
59353, 0, 0 
54642, 0, 0 
16501, 0, 0 
39326, 0, 0 
22429, 0, 0 
59033, 1, 1 
54784, 1, 1 
13154, 1, 1 
5933, 1, 1 
9277, 1, 1 
37237, 1, 1 
31427, 1, 1 
11975, 1, 1 
31920, 1, 1 
21070, 1, 1 
42819, 1, 1 
44994, 1, 1 
33441, 1, 1 
16665, 1, 1 
32365, 1, 1 
23505, 1, 1 
5483, 1, 1 
29522, 1, 1 
51136, 1, 1 
5355, 1, 1 
10027, 1, 1 
30364, 1, 1 
1243, 1, 1 
54384, 1, 1 
14169, 1, 1 
1375, 1, 1 
43085, 1, 1 
23973, 1, 1 
42578, 1, 1 
16691, 1, 1 
5090, 1, 1 
52088, 1, 1 
12394, 1, 1 
40147, 1, 1 
49145, 1, 1 
45556, 1, 1 
4979, 1, 1 
31990, 1, 1 
51876, 1, 1 
28094, 1, 1 
44047, 1, 1 
49068, 1, 1 
37972, 1, 1 
51149, 1, 1 
40399, 1, 1 
34679, 1, 1 
39797, 1, 1 
46865, 1, 1 
40196, 1, 1 
35829, 1, 1 
35386, 1, 1 
20332, 1, 1 
52291, 1, 1 
39857, 1, 1 
31945, 1, 1 
56902, 1, 1 
9884, 1, 1 
34199, 1, 1 
57973, 1, 1 
23037, 1, 1 
55173, 1, 1 
31012, 1, 1 
16224, 1, 1 
37014, 1, 1 
50313, 1, 1 
33508, 1, 1 
18270, 1, 1 
27276, 1, 1 
38196, 1, 1 
25307, 1, 1 
45926, 1, 1 
16233, 1, 1 
14293, 1, 1 
27684, 1, 1 
16307, 1, 1 
10362, 1, 1 
2260, 1, 1 
26096, 1, 1 
4561, 1, 1 
26537, 1, 1 
38455, 1, 1 
51801, 1, 1 
3412, 1, 1 
24729, 1, 1 
29968, 1, 1 
19289, 1, 1 
32543, 1, 1 
22785, 1, 1 
59984, 1, 1 
6885, 1, 1 
56367, 1, 1 
12166, 1, 1 
42380, 1, 1 
47977, 1, 1 
49359, 1, 1 
30587, 1, 1 
37936, 1, 1 
46780, 1, 1 
29416, 1, 1 
41744, 1, 1 
36239, 1, 1 
3345, 1, 1 
2717, 1, 1 
1910, 1, 1 
8423, 1, 1 
25227, 1, 1 
55719, 1, 1 
32296, 1, 1 
6951, 1, 1 
51833, 1, 1 
19394, 1, 1 
11522, 1, 1 
23142, 1, 1 
20393, 1, 1 
124, 1, 1 
20340, 1, 1 
12399, 1, 1 
41392, 1, 1 
28223, 1, 1 
25885, 1, 1 
32019, 1, 1 
36117, 1, 1 
45221, 1, 1 
4405, 1, 1 
12705, 1, 1 
47243, 1, 1 
35699, 1, 1 
21168, 1, 1 
27531, 1, 1 
36333, 1, 1 
9804, 1, 1 
39757, 1, 1 
33861, 1, 1 
27836, 1, 1 
43267, 1, 1 
8162, 1, 1 
36933, 1, 1 
30068, 1, 1 
41739, 1, 1 
7971, 1, 1 
41195, 1, 1 
26487, 1, 1 
50931, 1, 1 
34612, 1, 1 
16779, 1, 1 
57749, 1, 1 
45032, 1, 1 
27207, 1, 1 
48543, 1, 1 
6851, 1, 1 
16021, 1, 1 
40568, 1, 1 
5749, 1, 1 
32392, 1, 1 
9256, 1, 1 
26167, 1, 1 
21568, 1, 1 
51369, 1, 1 
31019, 1, 1 
49198, 1, 1 
34638, 1, 1 
7532, 1, 1 
42015, 1, 1 
45996, 1, 1 
31134, 1, 2 
17759, 1, 1 
52967, 1, 1 
11404, 1, 1 
20536, 1, 1 
33183, 1, 1 
22916, 1, 1 
475, 1, 1 
56283, 1, 1 
47004, 1, 1 
30963, 1, 1 
42974, 1, 1 
11809, 1, 1 
24102, 1, 1 
14353, 1, 1 
38263, 1, 1 
3551, 1, 1 
25899, 1, 1 
56226, 1, 1 
15677, 1, 1 
40615, 1, 1 
24080, 1, 1 
28646, 1, 1 
55175, 1, 1 
41607, 1, 1 
48454, 1, 1 
28292, 1, 1 
15578, 1, 1 
34077, 1, 1 
2767, 1, 1 
28019, 1, 1 
40744, 1, 1 
2716, 1, 1 
38039, 1, 1 
52205, 1, 1 
55939, 1, 1 
13148, 2, 2 
38839, 2, 2 
34475, 2, 2 
34917, 2, 2 
22554, 2, 2 
37941, 2, 2 
19028, 2, 2 
53367, 2, 2 
27761, 2, 2 
14125, 2, 2 
28872, 2, 2 
50449, 2, 2 
56993, 2, 2 
12263, 2, 2 
53377, 2, 2 
53284, 2, 2 
36064, 2, 2 
35035, 2, 2 
47531, 2, 2 
30369, 2, 2 
50581, 2, 2 
50695, 2, 2 
39161, 2, 2 
3304, 2, 2 
30951, 2, 2 
5914, 2, 2 
22357, 2, 2 
1397, 2, 2 
3329, 2, 2 
54545, 2, 2 
34558, 2, 2 
28336, 2, 2 
17089, 2, 2 
41301, 2, 2 
30349, 2, 2 
3341, 2, 2 
4851, 2, 2 
31281, 2, 2 
56282, 2, 2 
4080, 2, 2 
21436, 2, 2 
34217, 2, 2 
4442, 2, 2 
34675, 2, 2 
53245, 2, 2 
6628, 2, 2 
34479, 2, 2 
6805, 2, 2 
1602, 2, 2 
32779, 2, 2 
55157, 2, 2 
49834, 2, 2 
17078, 2, 2 
36775, 2, 2 
43391, 2, 2 
31002, 2, 2 
30772, 2, 2 
30211, 2, 2 
13914, 2, 2 
49181, 2, 2 
20930, 2, 2 
45662, 2, 2 
17805, 2, 2 
673, 2, 2 
43996, 2, 2 
13198, 2, 2 
23355, 2, 2 
46593, 2, 2 
43885, 2, 2 
53121, 2, 2 
51073, 2, 2 
7344, 2, 2 
57606, 2, 2 
53500, 2, 2 
38195, 2, 2 
40369, 2, 2 
16033, 2, 2 
23335, 2, 2 
11081, 2, 2 
43850, 2, 2 
57262, 2, 2 
43649, 2, 2 
7870, 2, 2 
1058, 2, 2 
10072, 2, 2 
54768, 2, 2 
11286, 2, 2 
3112, 2, 2 
24844, 2, 2 
33906, 2, 2 
54306, 2, 2 
19847, 2, 2 
8097, 2, 2 
18224, 2, 2 
26164, 2, 2 
58032, 2, 2 
37296, 2, 2 
56508, 2, 2 
58235, 2, 2 
33160, 2, 2 
45498, 2, 2 
53901, 2, 2 
44475, 2, 2 
38288, 2, 2 
54973, 2, 2 
24331, 2, 2 
40569, 2, 2 
59579, 2, 2 
46011, 2, 2 
16408, 2, 2 
27451, 2, 2 
39470, 2, 2 
30810, 2, 2 
58254, 2, 2 
19132, 2, 2 
47448, 2, 2 
36979, 2, 2 
54128, 2, 2 
22124, 2, 2 
43590, 2, 2 
12404, 2, 2 
14267, 2, 2 
8939, 2, 2 
3224, 2, 2 
5656, 2, 2 
40107, 2, 2 
43220, 2, 2 
9211, 2, 2 
4646, 2, 2 
7431, 2, 2 
51399, 2, 2 
59231, 2, 2 
22083, 2, 2 
8858, 2, 2 
24198, 2, 2 
1140, 2, 2 
23194, 2, 2 
27150, 2, 2 
17992, 2, 2 
48527, 2, 2 
19084, 2, 2 
23040, 2, 2 
11774, 2, 2 
3647, 2, 2 
32438, 2, 2 
15748, 2, 2 
8552, 2, 2 
26434, 2, 2 
4716, 2, 2 
9360, 2, 2 
58019, 2, 2 
14797, 2, 2 
49264, 2, 2 
26329, 2, 2 
35599, 2, 2 
30492, 2, 2 
45714, 2, 2 
16176, 2, 2 
48748, 2, 2 
14771, 2, 2 
23001, 2, 2 
36568, 2, 2 
20695, 2, 2 
47231, 2, 2 
31492, 2, 2 
17880, 2, 2 
27258, 2, 2 
31681, 2, 2 
49041, 2, 2 
47012, 2, 2 
5258, 2, 2 
8843, 2, 2 
42717, 2, 2 
31823, 2, 2 
43211, 2, 2 
26788, 2, 2 
15205, 2, 2 
15736, 2, 2 
35701, 2, 2 
35802, 2, 2 
2802, 2, 2 
31873, 2, 2 
6627, 2, 2 
42309, 2, 2 
5509, 2, 2 
47155, 2, 2 
1299, 2, 2 
42991, 2, 2 
25136, 2, 2 
1614, 2, 2 
43105, 2, 2 
43191, 2, 2 
44425, 2, 2 
34532, 2, 2 
10785, 2, 2 
50691, 2, 2 
58126, 2, 2 
48109, 2, 2 
3305, 2, 2 
18634, 2, 2 
26209, 3, 3 
2883, 3, 3 
29763, 3, 3 
13134, 3, 3 
4823, 3, 3 
36899, 3, 3 
2531, 3, 3 
17328, 3, 3 
28031, 3, 3 
20842, 3, 3 
47802, 3, 3 
49589, 3, 3 
18915, 3, 3 
19442, 3, 3 
38109, 3, 3 
3756, 3, 3 
3815, 3, 3 
30258, 3, 3 
875, 3, 3 
43517, 3, 3 
2350, 3, 3 
48065, 3, 3 
11481, 3, 3 
45328, 3, 3 
28626, 3, 3 
46932, 3, 3 
9053, 3, 3 
5812, 3, 3 
18001, 3, 3 
58602, 3, 3 
45814, 3, 3 
21690, 3, 3 
9680, 3, 3 
46548, 3, 3 
31811, 3, 3 
52464, 3, 3 
40490, 3, 3 
52539, 3, 3 
16125, 3, 3 
46506, 3, 3 
7569, 3, 3 
40185, 3, 3 
18827, 3, 3 
44416, 3, 3 
40205, 3, 3 
39127, 3, 3 
49435, 3, 3 
16510, 3, 3 
18453, 3, 3 
58711, 3, 3 
18249, 3, 3 
55550, 3, 3 
15760, 3, 3 
17207, 3, 3 
50007, 3, 3 
47514, 3, 3 
19014, 3, 3 
22730, 3, 3 
12152, 3, 3 
45801, 3, 3 
56925, 3, 3 
38990, 3, 3 
27795, 3, 3 
45783, 3, 3 
57886, 3, 3 
54996, 3, 3 
11169, 3, 3 
51522, 3, 3 
28580, 3, 3 
28693, 3, 3 
51245, 3, 3 
9443, 3, 3 
49814, 3, 3 
39099, 3, 3 
21505, 3, 3 
9553, 3, 3 
7225, 3, 3 
49560, 3, 3 
41632, 3, 3 
23425, 3, 3 
13250, 3, 3 
55104, 3, 3 
57967, 3, 3 
10730, 3, 3 
7415, 3, 3 
17324, 3, 3 
52771, 3, 3 
31254, 3, 3 
21154, 3, 3 
45619, 3, 3 
56657, 3, 3 
9319, 3, 3 
149, 3, 3 
43204, 3, 3 
56697, 3, 3 
56492, 3, 3 
28716, 3, 3 
41436, 3, 3 
33049, 3, 3 
33911, 3, 3 
26284, 3, 3 
3264, 3, 3 
49091, 3, 3 
31720, 3, 3 
26419, 3, 3 
43235, 3, 3 
47123, 3, 3 
32827, 3, 3 
14624, 3, 3 
14738, 3, 3 
18268, 3, 3 
9153, 3, 3 
18299, 3, 3 
50312, 3, 3 
4595, 3, 3 
57172, 3, 3 
39349, 3, 3 
25480, 3, 3 
45275, 3, 3 
50975, 3, 3 
13516, 3, 3 
58163, 3, 3 
2232, 3, 3 
26694, 3, 3 
48163, 3, 3 
5193, 3, 3 
20285, 3, 3 
4736, 3, 3 
44303, 3, 3 
37373, 3, 3 
5717, 3, 3 
40914, 3, 3 
31564, 3, 3 
28256, 3, 3 
9355, 3, 3 
15968, 3, 3 
52041, 3, 3 
54797, 3, 3 
9779, 3, 3 
55999, 3, 3 
10116, 3, 3 
58278, 3, 3 
34525, 3, 3 
35801, 3, 3 
37383, 3, 3 
27420, 3, 3 
15816, 3, 3 
19758, 3, 3 
14303, 3, 3 
5923, 3, 3 
38565, 3, 3 
998, 3, 3 
33694, 3, 3 
34018, 3, 3 
9302, 3, 3 
30400, 3, 3 
43563, 3, 3 
14786, 3, 3 
52661, 3, 3 
29602, 3, 3 
14236, 3, 3 
4121, 3, 3 
54704, 3, 3 
30226, 3, 3 
31582, 3, 3 
40811, 3, 3 
9411, 3, 3 
8163, 3, 3 
50955, 3, 3 
17088, 3, 3 
46689, 3, 3 
34026, 3, 3 
38174, 3, 3 
36337, 3, 3 
6711, 3, 3 
38368, 3, 3 
6825, 3, 3 
48139, 3, 3 
29185, 3, 3 
48311, 3, 3 
17496, 3, 3 
54730, 3, 3 
26739, 3, 3 
27212, 3, 3 
50713, 3, 3 
45911, 3, 3 
14025, 3, 3 
23076, 3, 3 
46854, 3, 3 
16587, 3, 3 
23649, 3, 3 
10099, 3, 3 
33609, 3, 3 
20166, 3, 3 
3614, 3, 3 
52287, 3, 3 
54304, 3, 3 
25996, 3, 3 
20378, 3, 3 
29800, 3, 3 
18578, 4, 4 
9465, 4, 4 
38855, 4, 4 
37294, 4, 4 
11744, 4, 4 
18905, 4, 4 
9, 4, 4 
45981, 4, 4 
29218, 4, 4 
33650, 4, 4 
31448, 4, 4 
19936, 4, 4 
92, 4, 4 
21246, 4, 4 
47413, 4, 4 
56146, 4, 4 
57051, 4, 4 
39525, 4, 4 
17299, 4, 4 
44905, 4, 4 
585, 4, 4 
48399, 4, 4 
34093, 4, 4 
16387, 4, 4 
43275, 4, 4 
29631, 4, 4 
3946, 4, 4 
4172, 4, 4 
54813, 4, 4 
12291, 4, 4 
8634, 4, 4 
36384, 4, 4 
31159, 4, 4 
53873, 4, 4 
19401, 4, 4 
32628, 4, 4 
55605, 4, 4 
13848, 4, 4 
30231, 4, 4 
52414, 4, 4 
12460, 4, 4 
49712, 4, 4 
59674, 4, 4 
25550, 4, 4 
57389, 4, 4 
31574, 4, 4 
9781, 4, 4 
30588, 4, 4 
19983, 4, 4 
34497, 4, 4 
23409, 4, 4 
59144, 4, 4 
17406, 4, 4 
56808, 4, 4 
44668, 4, 4 
53731, 4, 4 
19233, 4, 4 
16593, 4, 4 
43231, 4, 4 
12396, 4, 4 
43929, 4, 4 
18867, 4, 4 
19564, 4, 4 
10870, 4, 4 
894, 4, 4 
51723, 4, 4 
11468, 4, 4 
47089, 4, 4 
25380, 4, 4 
7152, 4, 4 
8270, 4, 4 
52973, 4, 4 
3738, 4, 4 
33320, 4, 4 
12618, 4, 4 
54668, 4, 4 
40224, 4, 4 
45860, 4, 4 
57841, 4, 4 
42330, 4, 4 
18438, 4, 4 
40169, 4, 4 
30745, 4, 4 
45048, 4, 4 
38616, 4, 4 
54861, 4, 4 
9172, 4, 4 
48596, 4, 4 
53902, 4, 4 
34537, 4, 4 
48763, 4, 4 
15613, 4, 4 
58416, 4, 4 
3071, 4, 4 
25470, 4, 4 
38622, 4, 4 
34994, 4, 4 
52293, 4, 4 
22402, 4, 4 
20303, 4, 4 
24894, 4, 4 
47070, 4, 4 
53078, 4, 4 
21830, 4, 4 
56142, 4, 4 
1379, 4, 4 
16856, 4, 4 
50879, 4, 4 
30593, 4, 4 
7863, 4, 4 
48786, 4, 4 
35964, 4, 4 
855, 4, 4 
9704, 4, 4 
57937, 4, 4 
5091, 4, 4 
56072, 4, 4 
38938, 4, 4 
23837, 4, 4 
46564, 4, 4 
3686, 4, 4 
12955, 4, 4 
32108, 4, 4 
34572, 4, 4 
55280, 4, 4 
12070, 4, 4 
45137, 4, 4 
40225, 4, 4 
37339, 4, 4 
7779, 4, 4 
37683, 4, 4 
34781, 4, 4 
13766, 4, 4 
53528, 4, 4 
19281, 4, 4 
14650, 4, 4 
59501, 4, 4 
20183, 4, 4 
52876, 4, 4 
11627, 4, 4 
14947, 4, 4 
34279, 4, 4 
17633, 4, 4 
48595, 4, 4 
10433, 4, 4 
8995, 4, 4 
59879, 4, 4 
36279, 4, 4 
3052, 4, 4 
15100, 4, 4 
4564, 4, 4 
43636, 4, 4 
55658, 4, 4 
31419, 4, 4 
24530, 4, 4 
49211, 4, 4 
38236, 4, 4 
41298, 4, 4 
47691, 4, 4 
25875, 4, 4 
55427, 4, 4 
58482, 4, 4 
5198, 4, 4 
55073, 4, 4 
21776, 4, 4 
22394, 4, 4 
11424, 4, 4 
19521, 4, 4 
19666, 4, 4 
27364, 4, 4 
58420, 4, 4 
13271, 4, 4 
3945, 4, 4 
55294, 4, 4 
28128, 4, 4 
23979, 4, 4 
29820, 4, 4 
19138, 4, 4 
2546, 4, 4 
15376, 4, 4 
31453, 4, 4 
52007, 4, 4 
24607, 4, 4 
52642, 4, 4 
39723, 4, 4 
9746, 4, 4 
749, 4, 4 
33889, 4, 4 
41482, 4, 4 
4796, 4, 4 
35227, 4, 4 
21235, 4, 4 
58433, 4, 4 
17357, 4, 4 
43291, 4, 4 
56184, 4, 4 
3548, 4, 4 
39101, 4, 4 
53925, 4, 4 
1094, 4, 4 
45512, 5, 5 
12341, 5, 5 
34868, 5, 5 
915, 5, 5 
26206, 5, 5 
4820, 5, 5 
43432, 5, 5 
12588, 5, 5 
7739, 5, 5 
44976, 5, 5 
20359, 5, 5 
15464, 5, 5 
29572, 5, 5 
19638, 5, 5 
4327, 5, 5 
11182, 5, 5 
3467, 5, 5 
50409, 5, 5 
19301, 5, 5 
47503, 5, 5 
24149, 5, 5 
27296, 5, 5 
31013, 5, 5 
18254, 5, 5 
41933, 5, 5 
10451, 5, 5 
15726, 5, 5 
10894, 5, 5 
7419, 5, 5 
49241, 5, 5 
44810, 5, 5 
14534, 5, 5 
21124, 5, 5 
29685, 5, 5 
16129, 5, 5 
31099, 5, 5 
9462, 5, 5 
35267, 5, 5 
35567, 5, 5 
10434, 5, 5 
42756, 5, 5 
34877, 5, 5 
51764, 5, 5 
55261, 5, 5 
53978, 5, 5 
45924, 5, 5 
31472, 5, 5 
56200, 5, 5 
54902, 5, 5 
41798, 5, 5 
44329, 5, 5 
57234, 5, 5 
34065, 5, 5 
4728, 5, 5 
10665, 5, 5 
26131, 5, 5 
15041, 5, 5 
26484, 5, 5 
13800, 5, 5 
48966, 5, 5 
48408, 5, 5 
37341, 5, 5 
49455, 5, 5 
19996, 5, 5 
13262, 5, 5 
22101, 5, 5 
50690, 5, 5 
8521, 5, 5 
3301, 5, 5 
24908, 5, 5 
16737, 5, 5 
29804, 5, 5 
54639, 5, 5 
21609, 5, 5 
8731, 5, 5 
58190, 5, 5 
47622, 5, 5 
22541, 5, 5 
10798, 5, 5 
33713, 5, 5 
24107, 5, 5 
41023, 5, 5 
36642, 5, 5 
41314, 5, 5 
50739, 5, 5 
40253, 5, 5 
47846, 5, 5 
2674, 5, 5 
10030, 5, 5 
31495, 5, 5 
48705, 5, 5 
12572, 5, 5 
32961, 5, 5 
38610, 5, 5 
19578, 5, 5 
23920, 5, 5 
35906, 5, 5 
24077, 5, 5 
31435, 5, 5 
40902, 5, 5 
2329, 5, 5 
45003, 5, 5 
17495, 5, 5 
25508, 5, 5 
44621, 5, 5 
16017, 5, 5 
59329, 5, 5 
55839, 5, 5 
40255, 5, 5 
23763, 5, 5 
37864, 5, 5 
502, 5, 5 
4601, 5, 5 
3832, 5, 5 
19469, 5, 5 
44235, 5, 5 
59473, 5, 5 
54839, 5, 5 
12637, 5, 5 
33324, 5, 5 
11410, 5, 5 
24903, 5, 5 
4845, 5, 5 
21059, 5, 5 
37726, 5, 5 
19364, 5, 5 
50138, 5, 5 
40674, 5, 5 
9205, 5, 5 
55225, 5, 5 
23827, 5, 5 
23825, 5, 5 
5606, 5, 5 
26727, 5, 5 
21927, 5, 5 
46476, 5, 5 
47915, 5, 5 
27009, 5, 5 
14318, 5, 5 
28271, 5, 5 
5776, 5, 5 
54091, 5, 5 
1433, 5, 5 
41032, 5, 5 
21079, 5, 5 
47641, 5, 5 
15949, 5, 5 
48424, 5, 5 
29268, 5, 5 
35390, 5, 5 
2282, 5, 5 
39945, 5, 5 
15481, 5, 5 
32141, 5, 5 
1867, 5, 5 
3988, 5, 5 
1356, 5, 5 
11839, 5, 5 
20342, 5, 5 
35545, 5, 5 
49655, 5, 5 
25356, 5, 5 
31335, 5, 5 
28596, 5, 5 
48161, 5, 5 
7967, 5, 5 
12229, 5, 5 
50959, 5, 5 
14672, 5, 5 
7270, 5, 5 
5872, 5, 5 
912, 5, 5 
22686, 5, 5 
8414, 5, 5 
21661, 5, 5 
43409, 5, 5 
33511, 5, 5 
3453, 5, 5 
56843, 5, 5 
6569, 5, 5 
4695, 5, 5 
52264, 5, 5 
8421, 5, 5 
474, 5, 5 
57821, 5, 5 
13253, 5, 5 
57231, 5, 5 
9326, 5, 5 
38360, 5, 5 
56587, 5, 5 
47284, 5, 5 
15371, 5, 5 
53826, 5, 5 
24043, 5, 5 
44773, 5, 5 
10255, 5, 5 
26876, 5, 5 
1490, 5, 5 
28478, 5, 5 
12210, 5, 5 
52844, 6, 6 
20288, 6, 6 
17589, 6, 6 
12552, 6, 6 
17023, 6, 6 
9094, 6, 6 
17309, 6, 6 
6474, 6, 6 
24622, 6, 6 
41170, 6, 6 
47265, 6, 6 
56632, 6, 6 
57313, 6, 6 
58251, 6, 6 
9000, 6, 6 
11497, 6, 6 
8140, 6, 6 
26988, 6, 6 
38156, 6, 6 
44346, 6, 6 
1802, 6, 6 
26958, 6, 6 
41782, 6, 6 
44635, 6, 6 
58041, 6, 6 
19964, 6, 6 
33154, 6, 6 
55827, 6, 6 
24411, 6, 6 
25505, 6, 6 
25680, 6, 6 
49337, 6, 6 
39406, 6, 6 
19066, 6, 6 
17273, 6, 6 
57260, 6, 6 
31705, 6, 6 
25999, 6, 6 
4800, 6, 6 
14347, 6, 6 
53198, 6, 6 
41198, 6, 6 
36294, 6, 6 
32464, 6, 6 
48199, 6, 6 
50280, 6, 6 
28415, 6, 6 
19986, 6, 6 
19754, 6, 6 
58043, 6, 6 
45984, 6, 6 
12834, 6, 6 
26657, 6, 6 
4231, 6, 6 
12199, 6, 6 
6721, 6, 6 
9593, 6, 6 
32942, 6, 6 
24685, 6, 6 
56035, 6, 6 
28438, 6, 6 
40917, 6, 6 
25614, 6, 6 
13210, 6, 6 
40771, 6, 6 
50160, 6, 6 
33886, 6, 6 
41547, 6, 6 
23258, 6, 6 
47705, 6, 6 
17829, 6, 6 
5365, 6, 6 
3046, 6, 6 
9946, 6, 6 
30820, 6, 6 
19331, 6, 6 
47824, 6, 6 
45262, 6, 6 
42685, 6, 6 
25141, 6, 6 
21781, 6, 6 
53007, 6, 6 
52645, 6, 6 
41172, 6, 6 
40907, 6, 6 
37282, 6, 6 
11932, 6, 6 
13511, 6, 6 
51219, 6, 6 
41089, 6, 6 
48744, 6, 6 
28497, 6, 6 
46383, 6, 6 
34174, 6, 6 
51179, 6, 6 
7829, 6, 6 
58669, 6, 6 
31619, 6, 6 
3947, 6, 6 
46825, 6, 6 
24474, 6, 6 
30230, 6, 6 
3932, 6, 6 
977, 6, 6 
3615, 6, 6 
14101, 6, 6 
48239, 6, 6 
57656, 6, 6 
30971, 6, 6 
15447, 6, 6 
28333, 6, 6 
46804, 6, 6 
30518, 6, 6 
38379, 6, 6 
6131, 6, 6 
13, 6, 6 
27624, 6, 6 
31586, 6, 6 
43396, 6, 6 
23983, 6, 6 
16070, 6, 6 
59431, 6, 6 
28255, 6, 6 
22142, 6, 6 
26092, 6, 6 
11128, 6, 6 
52141, 6, 6 
52275, 6, 6 
36343, 6, 6 
16575, 6, 6 
44318, 6, 6 
38511, 6, 6 
36523, 6, 6 
19002, 6, 6 
50241, 6, 6 
5993, 6, 6 
59981, 6, 6 
44932, 6, 6 
36905, 6, 6 
36070, 6, 6 
33601, 6, 6 
53677, 6, 6 
52426, 6, 6 
30063, 6, 6 
33629, 6, 6 
42541, 6, 6 
21961, 6, 6 
7661, 6, 6 
23707, 6, 6 
51233, 6, 6 
6157, 6, 6 
54959, 6, 6 
35452, 6, 6 
10108, 6, 6 
14524, 6, 6 
53775, 6, 6 
21599, 6, 6 
45338, 6, 6 
331, 6, 6 
25241, 6, 6 
56549, 6, 6 
13170, 6, 6 
43767, 6, 6 
37477, 6, 6 
55134, 6, 6 
46189, 6, 6 
15706, 6, 6 
14801, 6, 6 
34741, 6, 6 
7503, 6, 6 
29813, 6, 6 
8312, 6, 6 
49828, 6, 6 
12975, 6, 6 
50418, 6, 6 
47636, 6, 6 
14661, 6, 6 
38659, 6, 6 
25204, 6, 6 
23558, 6, 6 
2662, 6, 6 
14848, 6, 6 
5996, 6, 6 
53900, 6, 6 
25673, 6, 6 
30338, 6, 6 
36254, 6, 6 
27943, 6, 6 
21832, 6, 6 
28549, 6, 6 
1257, 6, 6 
36175, 6, 6 
27268, 6, 6 
9042, 6, 6 
261, 6, 6 
55255, 6, 6 
32782, 6, 6 
27449, 6, 6 
53581, 6, 6 
7549, 6, 6 
16852, 7, 7 
40165, 7, 7 
18910, 7, 7 
17359, 7, 7 
16379, 7, 7 
41779, 7, 7 
27302, 7, 7 
23360, 7, 7 
45652, 7, 7 
19978, 7, 7 
16836, 7, 7 
33836, 7, 7 
4545, 7, 7 
18408, 7, 7 
50942, 7, 7 
49615, 7, 7 
29325, 7, 7 
33384, 7, 7 
15086, 7, 7 
22171, 7, 7 
51023, 7, 7 
59526, 7, 7 
19511, 7, 7 
29, 7, 7 
30310, 7, 7 
50655, 7, 7 
25500, 7, 7 
36334, 7, 7 
59003, 7, 7 
35150, 7, 7 
59068, 7, 7 
44914, 7, 7 
56233, 7, 7 
40430, 7, 7 
44080, 7, 7 
29983, 7, 7 
41232, 7, 7 
29762, 7, 7 
32282, 7, 7 
3640, 7, 7 
33612, 7, 7 
32687, 7, 7 
28421, 7, 7 
38437, 7, 7 
52960, 7, 7 
54365, 7, 7 
43089, 7, 7 
26709, 7, 9 
1338, 7, 7 
2575, 7, 7 
25058, 7, 7 
46832, 7, 7 
44353, 7, 7 
56534, 7, 7 
18086, 7, 7 
22527, 7, 7 
11235, 7, 7 
54871, 7, 7 
8559, 7, 7 
17343, 7, 7 
7770, 7, 7 
14684, 7, 7 
7644, 7, 7 
53274, 7, 7 
34609, 7, 7 
17800, 7, 7 
12364, 7, 7 
29491, 7, 7 
49980, 7, 7 
1789, 7, 7 
36758, 7, 7 
29984, 7, 7 
55553, 7, 7 
52110, 7, 7 
29373, 7, 7 
47844, 7, 7 
3428, 7, 7 
21672, 7, 7 
9429, 7, 7 
2297, 7, 7 
51568, 7, 7 
38186, 7, 7 
51279, 7, 7 
6866, 7, 7 
50877, 7, 7 
42354, 7, 7 
30501, 7, 7 
6953, 7, 7 
8866, 7, 7 
11687, 7, 7 
23767, 7, 7 
34233, 7, 7 
32626, 7, 7 
16623, 7, 7 
5422, 7, 7 
36136, 7, 7 
9768, 7, 7 
57292, 7, 7 
37775, 7, 7 
15801, 7, 7 
34344, 7, 7 
27453, 7, 7 
45811, 7, 7 
32538, 7, 7 
44623, 7, 7 
53415, 7, 7 
31812, 7, 7 
10590, 7, 7 
33062, 7, 7 
28205, 7, 7 
55147, 7, 7 
9077, 7, 7 
12292, 7, 7 
22401, 7, 7 
17917, 7, 7 
20273, 7, 7 
11525, 7, 7 
17440, 7, 7 
3116, 7, 7 
57134, 7, 7 
59682, 7, 7 
13131, 7, 7 
46851, 7, 7 
928, 7, 7 
13382, 7, 7 
53779, 7, 7 
39345, 7, 7 
48080, 7, 7 
15952, 7, 7 
22167, 7, 7 
11421, 7, 7 
6597, 7, 7 
18691, 7, 7 
52787, 7, 7 
22759, 7, 7 
31176, 7, 7 
26304, 7, 7 
34445, 7, 7 
22588, 7, 7 
37999, 7, 7 
17696, 7, 7 
38586, 7, 7 
26151, 7, 7 
58681, 7, 7 
43361, 7, 7 
1772, 7, 7 
26528, 7, 7 
54721, 7, 7 
20996, 7, 7 
44178, 7, 7 
30657, 7, 7 
58393, 7, 7 
44853, 7, 7 
48852, 7, 7 
31207, 7, 7 
12649, 7, 7 
31730, 7, 7 
41871, 7, 7 
2014, 7, 7 
13319, 7, 7 
47536, 7, 7 
33639, 7, 7 
2995, 7, 7 
6740, 7, 7 
51068, 7, 7 
25979, 7, 7 
632, 7, 7 
20501, 7, 7 
38255, 7, 7 
14891, 7, 7 
47170, 7, 7 
56895, 7, 7 
41244, 7, 7 
17117, 7, 7 
38220, 7, 7 
7352, 7, 7 
2576, 7, 7 
56601, 7, 7 
52196, 7, 7 
13469, 7, 7 
6358, 7, 7 
14540, 7, 7 
56359, 7, 7 
5968, 7, 7 
53227, 7, 7 
13180, 7, 7 
28723, 7, 7 
31160, 7, 7 
56915, 7, 7 
8655, 7, 7 
6315, 7, 7 
301, 7, 7 
18257, 7, 7 
59724, 7, 7 
23021, 7, 7 
54477, 7, 7 
59198, 7, 7 
42163, 7, 7 
44059, 7, 7 
17053, 7, 7 
13979, 8, 8 
1404, 8, 8 
6534, 8, 8 
3027, 8, 8 
9079, 8, 8 
52533, 8, 8 
22966, 8, 8 
29026, 8, 8 
4006, 8, 8 
6744, 8, 8 
48855, 8, 8 
57019, 8, 8 
57696, 8, 8 
57038, 8, 8 
58195, 8, 8 
38596, 8, 8 
55163, 8, 8 
22808, 8, 8 
43580, 8, 8 
28931, 8, 8 
52808, 8, 8 
16432, 8, 8 
29545, 8, 8 
11506, 8, 8 
43099, 8, 8 
5557, 8, 8 
46758, 8, 8 
13960, 8, 8 
15956, 8, 8 
15738, 8, 8 
55107, 8, 8 
33810, 8, 8 
14872, 8, 8 
12630, 8, 8 
49744, 8, 8 
41359, 8, 8 
50790, 8, 8 
56842, 8, 8 
54192, 8, 8 
19371, 8, 8 
11923, 8, 8 
48149, 8, 8 
17407, 8, 8 
14382, 8, 8 
6199, 8, 8 
46982, 8, 8 
17060, 8, 8 
37460, 8, 8 
44267, 8, 8 
28475, 8, 8 
3570, 8, 8 
3931, 8, 8 
22849, 8, 8 
23750, 8, 8 
23964, 8, 8 
53848, 8, 8 
28233, 8, 8 
47144, 8, 8 
3513, 8, 8 
14380, 8, 8 
38476, 8, 8 
19603, 8, 8 
42478, 8, 8 
37617, 8, 8 
52485, 8, 8 
57666, 8, 8 
13626, 8, 8 
16246, 8, 8 
1519, 8, 8 
39068, 8, 8 
4258, 8, 8 
45877, 8, 8 
37644, 8, 8 
17128, 8, 8 
25592, 8, 8 
53721, 8, 8 
6240, 8, 8 
46226, 8, 8 
2030, 8, 8 
34042, 8, 8 
53417, 8, 8 
53508, 8, 8 
30568, 8, 8 
32641, 8, 8 
52292, 8, 8 
16798, 8, 8 
26003, 8, 8 
58305, 8, 8 
49851, 8, 8 
35353, 8, 8 
41118, 8, 8 
35300, 8, 8 
19455, 8, 8 
19224, 8, 8 
15861, 8, 8 
38069, 8, 8 
18685, 8, 8 
54054, 8, 8 
37721, 8, 8 
36137, 8, 8 
6962, 8, 8 
10499, 8, 8 
44739, 8, 8 
39951, 8, 8 
59123, 8, 8 
45249, 8, 8 
18623, 8, 8 
27608, 8, 8 
41106, 8, 8 
13095, 8, 8 
36034, 8, 8 
25207, 8, 8 
51302, 8, 8 
20858, 8, 8 
47964, 8, 8 
11836, 8, 8 
34304, 8, 8 
51244, 8, 8 
58131, 8, 8 
14614, 8, 8 
3959, 8, 8 
26085, 8, 8 
47154, 8, 8 
23848, 8, 8 
5034, 8, 8 
13189, 8, 8 
57737, 8, 8 
47309, 8, 8 
59649, 8, 8 
39071, 8, 8 
300, 8, 8 
4677, 8, 8 
29700, 8, 8 
34243, 8, 8 
13578, 8, 8 
50707, 8, 8 
56085, 8, 8 
19538, 8, 8 
55761, 8, 8 
51163, 8, 8 
24760, 8, 8 
7645, 8, 8 
27568, 8, 8 
42299, 8, 8 
45270, 8, 8 
23631, 8, 8 
34770, 8, 8 
58888, 8, 8 
34500, 8, 8 
51223, 8, 8 
31816, 8, 8 
26743, 8, 8 
18205, 8, 8 
49630, 8, 8 
24925, 8, 8 
34594, 8, 8 
53006, 8, 8 
44997, 8, 8 
56093, 8, 8 
36121, 8, 8 
17302, 8, 8 
16750, 8, 8 
5200, 8, 8 
43894, 8, 8 
46988, 8, 8 
13365, 8, 8 
14413, 8, 8 
24852, 8, 8 
7540, 8, 8 
57062, 8, 8 
8285, 8, 8 
31486, 8, 8 
46237, 8, 8 
42941, 8, 8 
43511, 8, 8 
5389, 8, 8 
15645, 8, 8 
29886, 8, 8 
17818, 8, 8 
13103, 8, 8 
27399, 8, 8 
11288, 8, 8 
34635, 8, 8 
3891, 8, 8 
45849, 8, 8 
40467, 8, 8 
25527, 8, 8 
57324, 8, 8 
32935, 8, 8 
1745, 8, 8 
40472, 8, 8 
37319, 8, 8 
54243, 8, 8 
25851, 8, 8 
33038, 8, 8 
40737, 8, 8 
58573, 8, 8 
14830, 8, 8 
12369, 8, 8 
48092, 8, 8 
50458, 9, 9 
35475, 9, 9 
51020, 9, 9 
58961, 9, 9 
22523, 9, 9 
30096, 9, 9 
3745, 9, 9 
14324, 9, 9 
58363, 9, 9 
40330, 9, 9 
53915, 9, 9 
53841, 9, 9 
47662, 9, 9 
24211, 9, 9 
3310, 9, 9 
31057, 9, 9 
11773, 9, 9 
35641, 9, 9 
51140, 9, 9 
35245, 9, 9 
54993, 9, 9 
47244, 9, 9 
24991, 9, 9 
13356, 9, 9 
32429, 9, 9 
40854, 9, 9 
48758, 9, 9 
53238, 9, 9 
54738, 9, 9 
12443, 9, 9 
24246, 9, 9 
39754, 9, 9 
29009, 9, 9 
38048, 9, 9 
1912, 9, 9 
31987, 9, 9 
7773, 9, 9 
10819, 9, 9 
46784, 9, 9 
5860, 9, 9 
2364, 9, 9 
18193, 9, 9 
51145, 9, 9 
29472, 9, 9 
16727, 9, 9 
36988, 9, 9 
34878, 9, 9 
58284, 9, 9 
16421, 9, 9 
50217, 9, 9 
29846, 9, 9 
20434, 9, 9 
25248, 9, 9 
47645, 9, 9 
53895, 9, 9 
19315, 9, 9 
41645, 9, 9 
34339, 9, 9 
55599, 9, 9 
18694, 9, 9 
41326, 9, 9 
30698, 9, 9 
34954, 9, 9 
37009, 9, 9 
35004, 9, 9 
42246, 9, 9 
31919, 9, 9 
20734, 9, 9 
47918, 9, 7 
24967, 9, 9 
37206, 9, 9 
8620, 9, 9 
1272, 9, 9 
41599, 9, 9 
37553, 9, 9 
45322, 9, 9 
44992, 9, 9 
50145, 9, 9 
45944, 9, 9 
37541, 9, 9 
26276, 9, 9 
29953, 9, 9 
45980, 9, 9 
1459, 9, 9 
29905, 9, 9 
25624, 9, 9 
20811, 9, 9 
56681, 9, 9 
10387, 9, 9 
1591, 9, 9 
12563, 9, 9 
59191, 9, 9 
22061, 9, 9 
28368, 9, 9 
40297, 9, 9 
4315, 9, 9 
34258, 9, 9 
2371, 9, 9 
44825, 9, 9 
17793, 9, 9 
37534, 9, 9 
32457, 9, 9 
20667, 9, 9 
20112, 9, 9 
55859, 9, 9 
26428, 9, 9 
31018, 9, 9 
22078, 9, 9 
31004, 9, 9 
26764, 9, 9 
28183, 9, 9 
6294, 9, 9 
37779, 9, 9 
23945, 9, 9 
18959, 9, 9 
24556, 9, 9 
53645, 9, 9 
30562, 9, 9 
53505, 9, 9 
39576, 9, 9 
43114, 9, 9 
58013, 9, 9 
50752, 9, 9 
23480, 9, 9 
3696, 9, 7 
29973, 9, 9 
50578, 9, 9 
9950, 9, 9 
14982, 9, 9 
17190, 9, 9 
59782, 9, 9 
17234, 9, 9 
5898, 9, 9 
22332, 9, 9 
49335, 9, 9 
5746, 9, 9 
36029, 9, 9 
51945, 9, 9 
932, 9, 9 
30003, 9, 9 
28665, 9, 9 
58761, 9, 9 
50445, 9, 9 
45925, 9, 9 
35024, 9, 9 
26380, 9, 9 
16117, 9, 9 
44962, 9, 9 
23976, 9, 9 
27565, 9, 9 
20763, 9, 9 
19387, 9, 9 
44423, 9, 9 
14459, 9, 9 
21162, 9, 9 
52055, 9, 9 
4544, 9, 9 
9176, 9, 9 
23090, 9, 9 
58641, 9, 9 
47813, 9, 9 
4025, 9, 9 
10166, 9, 9 
33443, 9, 9 
42437, 9, 9 
33531, 9, 9 
53810, 9, 9 
10055, 9, 9 
24197, 9, 9 
33764, 9, 9 
4206, 9, 9 
43873, 9, 9 
42152, 9, 9 
25215, 9, 9 
53561, 9, 9 
56166, 9, 9 
45450, 9, 9 
12852, 9, 9 
56237, 9, 9 
6084, 9, 9 
25801, 9, 9 
50119, 9, 9 
32504, 9, 9 
550, 9, 9 
53845, 9, 9 
7148, 9, 9 
46929, 9, 9 
15670, 9, 9 
29821, 9, 9 
38005, 9, 9 
36004, 9, 9 
4555, 9, 9 
26278, 9, 9 
23275, 9, 9 
9290, 9, 9 
44851, 9, 9 
55636, 9, 9 
31693, 9, 9 
1720, 9, 9 
33246, 9, 9 
