id, true label, predicted label 
23579, 0, 0 
3367, 0, 0 
59805, 0, 0 
53212, 0, 0 
32541, 0, 0 
582, 0, 0 
51865, 0, 0 
27050, 0, 0 
30871, 0, 0 
5228, 0, 0 
7981, 0, 0 
39309, 0, 0 
36269, 0, 0 
13030, 0, 0 
3709, 0, 0 
41756, 0, 0 
36848, 0, 0 
48227, 0, 0 
43960, 0, 0 
1000, 0, 0 
2525, 0, 0 
27407, 0, 0 
6708, 0, 0 
5978, 0, 0 
53533, 0, 0 
5884, 0, 0 
46183, 0, 0 
24640, 0, 0 
5285, 0, 0 
58866, 0, 0 
53916, 0, 0 
30275, 0, 0 
25914, 0, 0 
50353, 0, 0 
45908, 0, 0 
32274, 0, 0 
22710, 0, 0 
1359, 0, 0 
23289, 0, 0 
54764, 0, 0 
55297, 0, 0 
27931, 0, 0 
5469, 0, 0 
21372, 0, 0 
7451, 0, 0 
4316, 0, 0 
59952, 0, 0 
34904, 0, 0 
38599, 0, 0 
39279, 0, 0 
6791, 0, 0 
435, 0, 0 
50511, 0, 0 
872, 0, 0 
7566, 0, 0 
58396, 0, 0 
1310, 0, 0 
50909, 0, 0 
31195, 0, 0 
8253, 0, 0 
7183, 0, 0 
58594, 0, 0 
38590, 0, 0 
18543, 0, 0 
49894, 0, 0 
17200, 0, 0 
21191, 0, 0 
40820, 0, 0 
41259, 0, 0 
54685, 0, 0 
47513, 0, 0 
9874, 0, 0 
36251, 0, 0 
42483, 0, 0 
36241, 0, 0 
5938, 0, 0 
38993, 0, 0 
33172, 0, 0 
58229, 0, 0 
45189, 0, 0 
55115, 0, 0 
19682, 0, 0 
9003, 0, 0 
54597, 0, 0 
25626, 0, 0 
24952, 0, 0 
6446, 0, 0 
45422, 0, 0 
58784, 0, 0 
5074, 0, 0 
42771, 0, 0 
9688, 0, 0 
19203, 0, 0 
15046, 0, 0 
45608, 0, 0 
47069, 0, 0 
29515, 0, 0 
1796, 0, 0 
34999, 0, 0 
5096, 0, 0 
32723, 0, 0 
34440, 0, 0 
18921, 0, 0 
54502, 0, 0 
12421, 0, 0 
21848, 0, 0 
26338, 0, 0 
39746, 0, 0 
216, 0, 0 
33687, 0, 0 
40611, 0, 0 
14161, 0, 0 
31716, 0, 0 
10861, 0, 0 
35107, 0, 0 
14148, 0, 0 
3673, 0, 0 
38893, 0, 0 
18412, 0, 0 
37697, 0, 0 
35708, 0, 0 
2806, 0, 0 
15017, 0, 0 
30220, 0, 0 
49835, 0, 0 
51925, 0, 0 
54421, 0, 0 
7707, 0, 0 
17549, 0, 0 
46905, 0, 0 
50407, 0, 0 
49601, 0, 0 
965, 0, 0 
57601, 0, 0 
26298, 0, 0 
54817, 0, 0 
27893, 0, 0 
45218, 0, 0 
26241, 0, 0 
23940, 0, 0 
42579, 0, 0 
26620, 0, 0 
36948, 0, 0 
15828, 0, 0 
54012, 0, 0 
4686, 0, 0 
16227, 0, 0 
48574, 0, 0 
26260, 0, 0 
40390, 0, 0 
35823, 0, 0 
41810, 0, 0 
42720, 0, 0 
818, 0, 0 
18837, 0, 0 
26836, 0, 0 
22040, 0, 0 
13816, 0, 0 
4985, 0, 0 
26339, 0, 0 
451, 0, 0 
21403, 0, 0 
47482, 0, 0 
24777, 0, 0 
51299, 0, 0 
8863, 0, 0 
23095, 0, 0 
8093, 0, 0 
49310, 0, 0 
38162, 0, 0 
3691, 0, 0 
3809, 0, 0 
1645, 0, 0 
34586, 0, 0 
21526, 0, 0 
38686, 0, 0 
47263, 0, 0 
39570, 0, 0 
51017, 0, 0 
38693, 0, 0 
58376, 0, 0 
17709, 0, 0 
36621, 0, 0 
34057, 0, 0 
3309, 0, 0 
39848, 0, 0 
11003, 0, 0 
1137, 0, 0 
17611, 0, 0 
2257, 0, 0 
57390, 0, 0 
21635, 0, 0 
35074, 0, 0 
53401, 0, 0 
9857, 0, 0 
43913, 0, 0 
24537, 0, 0 
23536, 0, 0 
19664, 0, 0 
36692, 0, 0 
23931, 1, 1 
5516, 1, 1 
780, 1, 1 
16262, 1, 1 
2162, 1, 1 
24721, 1, 1 
52731, 1, 1 
13748, 1, 1 
44622, 1, 1 
52002, 1, 1 
2530, 1, 1 
50855, 1, 1 
30684, 1, 1 
52562, 1, 1 
44829, 1, 1 
16983, 1, 1 
58891, 1, 1 
30809, 1, 1 
1463, 1, 1 
6665, 1, 1 
41959, 1, 1 
31570, 1, 1 
31377, 1, 1 
3321, 1, 1 
56633, 1, 1 
17477, 1, 1 
37719, 1, 1 
29451, 1, 1 
16546, 1, 1 
43344, 1, 1 
53891, 1, 1 
54775, 1, 1 
49899, 1, 1 
39159, 1, 1 
19671, 1, 1 
29098, 1, 1 
30043, 1, 1 
32224, 1, 1 
13392, 1, 1 
50667, 1, 1 
53904, 1, 1 
59230, 1, 1 
54580, 1, 1 
44886, 1, 1 
47697, 1, 1 
53805, 1, 1 
31526, 1, 1 
26531, 1, 1 
25473, 1, 1 
39288, 1, 1 
10982, 1, 1 
36257, 1, 1 
42268, 1, 1 
52032, 1, 1 
27018, 1, 1 
44627, 1, 1 
27354, 1, 1 
11291, 1, 1 
58207, 1, 1 
43879, 1, 1 
55150, 1, 1 
4553, 1, 1 
20888, 1, 1 
30550, 1, 1 
28836, 1, 1 
11855, 1, 1 
26118, 1, 1 
34667, 1, 1 
15361, 1, 1 
35698, 1, 1 
8382, 1, 1 
14169, 1, 1 
45438, 1, 1 
4676, 1, 1 
12367, 1, 1 
4872, 1, 1 
56189, 1, 1 
14228, 1, 1 
6985, 1, 1 
4412, 1, 1 
20135, 1, 1 
34617, 1, 1 
49787, 1, 1 
12987, 1, 1 
56000, 1, 1 
23348, 1, 1 
2767, 1, 1 
21908, 1, 1 
9474, 1, 1 
25057, 1, 1 
25805, 1, 1 
835, 1, 1 
37618, 1, 1 
45861, 1, 1 
58486, 1, 1 
42765, 1, 1 
15809, 1, 1 
53539, 1, 1 
10712, 1, 1 
1081, 1, 1 
8625, 1, 1 
33577, 1, 1 
54239, 1, 1 
18647, 1, 1 
24782, 1, 1 
48306, 1, 1 
57517, 1, 1 
41750, 1, 1 
7429, 1, 1 
52368, 1, 1 
15964, 1, 1 
43684, 1, 1 
33965, 1, 1 
20787, 1, 1 
34426, 1, 1 
35587, 1, 1 
44089, 1, 1 
18226, 1, 1 
25569, 1, 1 
51426, 1, 1 
17043, 1, 1 
8348, 1, 1 
12811, 1, 1 
55127, 1, 1 
45690, 1, 1 
28300, 1, 1 
40220, 1, 1 
29285, 1, 1 
39957, 1, 1 
34566, 1, 1 
7837, 1, 1 
22848, 1, 1 
42932, 1, 1 
6262, 1, 1 
59247, 1, 1 
36117, 1, 1 
47551, 1, 1 
54019, 1, 1 
11954, 1, 1 
14353, 1, 1 
41209, 1, 1 
38499, 1, 1 
2645, 1, 1 
33458, 1, 1 
33343, 1, 1 
23703, 1, 1 
54023, 1, 1 
13201, 1, 1 
18095, 1, 1 
52693, 1, 1 
33480, 1, 1 
16835, 1, 1 
43808, 1, 1 
20046, 1, 1 
57631, 1, 1 
22168, 1, 1 
25704, 1, 1 
17782, 1, 1 
29040, 1, 1 
27242, 1, 1 
1155, 1, 1 
8985, 1, 1 
394, 1, 1 
9584, 1, 1 
55267, 1, 1 
11995, 1, 1 
31478, 1, 1 
40273, 1, 1 
47790, 1, 1 
18182, 1, 1 
4585, 1, 1 
8053, 1, 1 
2762, 1, 1 
18282, 1, 1 
29909, 1, 1 
31966, 1, 1 
27329, 1, 1 
30749, 1, 1 
29265, 1, 1 
2552, 1, 1 
7324, 1, 1 
15073, 1, 1 
39699, 1, 1 
37196, 1, 1 
13840, 1, 1 
39622, 1, 1 
5149, 1, 1 
36669, 1, 1 
50827, 1, 1 
47735, 1, 1 
33741, 1, 1 
43595, 1, 1 
28038, 1, 1 
56435, 1, 1 
28292, 1, 1 
29320, 1, 1 
5012, 1, 1 
9331, 1, 1 
15428, 1, 1 
16914, 1, 1 
23503, 2, 2 
52142, 2, 2 
38409, 2, 2 
530, 2, 2 
31873, 2, 2 
38935, 2, 2 
58441, 2, 2 
13022, 2, 2 
55504, 2, 2 
39726, 2, 2 
10931, 2, 2 
51435, 2, 2 
49875, 2, 2 
12954, 2, 2 
33698, 2, 2 
53237, 2, 2 
18845, 2, 2 
49231, 2, 2 
55070, 2, 2 
15680, 2, 2 
29717, 2, 2 
3679, 2, 2 
40461, 2, 2 
6628, 2, 2 
30122, 2, 2 
20624, 2, 2 
18198, 2, 2 
51418, 2, 2 
49369, 2, 2 
15712, 2, 2 
17431, 2, 2 
11242, 2, 2 
16089, 2, 2 
31638, 2, 2 
51608, 2, 2 
44490, 2, 2 
30503, 2, 2 
27113, 2, 2 
58314, 2, 2 
19468, 2, 2 
3564, 2, 2 
36147, 2, 2 
11380, 2, 2 
378, 2, 2 
48881, 2, 2 
18927, 2, 2 
23846, 2, 2 
55137, 2, 2 
34614, 2, 2 
52602, 2, 2 
33334, 2, 2 
43852, 2, 2 
25437, 2, 2 
26121, 2, 2 
12906, 2, 2 
16576, 2, 2 
20959, 2, 2 
15295, 2, 2 
51673, 2, 2 
8102, 2, 2 
40536, 2, 2 
41651, 2, 2 
29619, 2, 2 
11017, 2, 2 
32361, 2, 2 
39572, 2, 2 
36077, 2, 2 
50251, 2, 2 
25974, 2, 2 
46997, 2, 2 
22558, 2, 2 
5357, 2, 2 
36936, 2, 2 
45306, 2, 2 
38427, 2, 2 
12366, 2, 2 
26751, 2, 2 
11344, 2, 2 
18224, 2, 2 
43789, 2, 2 
3077, 2, 2 
59970, 2, 2 
48029, 2, 2 
35373, 2, 2 
45085, 2, 2 
53790, 2, 2 
55202, 2, 2 
18215, 2, 2 
21251, 2, 2 
16482, 2, 2 
49247, 2, 2 
53303, 2, 2 
50568, 2, 2 
8564, 2, 2 
12784, 2, 2 
54355, 2, 2 
15030, 2, 2 
8834, 2, 2 
29351, 2, 2 
30429, 2, 2 
28958, 2, 2 
36965, 2, 2 
48277, 2, 2 
28293, 2, 2 
27464, 2, 2 
2085, 2, 2 
7612, 2, 2 
21804, 2, 2 
42413, 2, 2 
32845, 2, 2 
54541, 2, 2 
22726, 2, 2 
46951, 2, 2 
14429, 2, 2 
57815, 2, 2 
17566, 2, 2 
1900, 2, 2 
76, 2, 2 
24844, 2, 2 
51212, 2, 2 
24728, 2, 2 
24226, 2, 2 
15093, 2, 2 
16057, 2, 2 
33680, 2, 2 
55816, 2, 2 
9087, 2, 2 
47226, 2, 2 
47804, 2, 2 
56403, 2, 2 
25329, 2, 2 
28052, 2, 2 
7983, 2, 2 
54674, 2, 2 
10687, 2, 2 
39582, 2, 2 
5481, 2, 2 
43871, 2, 2 
26468, 2, 2 
21254, 2, 2 
199, 2, 2 
17555, 2, 2 
59456, 2, 2 
59797, 2, 2 
57799, 2, 2 
35220, 2, 2 
54315, 2, 2 
17786, 2, 2 
6126, 2, 2 
27122, 2, 2 
33120, 2, 2 
15642, 2, 2 
13972, 2, 2 
6080, 2, 2 
57928, 2, 2 
49642, 2, 2 
20612, 2, 2 
6515, 2, 2 
19154, 2, 2 
46708, 2, 2 
2648, 2, 2 
20454, 2, 2 
35167, 2, 2 
15016, 2, 2 
27188, 2, 2 
11503, 2, 2 
51399, 2, 2 
36901, 2, 2 
22070, 2, 2 
20742, 2, 2 
53984, 2, 2 
47228, 2, 2 
11106, 2, 2 
12916, 2, 2 
39772, 2, 2 
30420, 2, 2 
49363, 2, 2 
43351, 2, 2 
42891, 2, 2 
47515, 2, 2 
7823, 2, 2 
52784, 2, 2 
30570, 2, 2 
40203, 2, 2 
36833, 2, 2 
36120, 2, 2 
46250, 2, 2 
49434, 2, 2 
14392, 2, 2 
14569, 2, 2 
23718, 2, 2 
54837, 2, 2 
6038, 2, 2 
25020, 2, 2 
54854, 2, 2 
10657, 2, 2 
47686, 2, 2 
15799, 2, 2 
23776, 2, 2 
24182, 2, 2 
58812, 3, 3 
41632, 3, 3 
10760, 3, 3 
39961, 3, 3 
7721, 3, 3 
56197, 3, 3 
41385, 3, 3 
10518, 3, 3 
86, 3, 3 
41283, 3, 3 
23490, 3, 3 
40121, 3, 3 
46634, 3, 3 
54858, 3, 3 
58612, 3, 3 
29765, 3, 3 
13221, 3, 3 
54859, 3, 3 
51717, 3, 3 
10830, 3, 3 
27173, 3, 3 
11708, 3, 3 
3815, 3, 3 
41007, 3, 3 
27486, 3, 3 
20606, 3, 3 
34646, 3, 3 
17355, 3, 3 
8663, 3, 3 
2149, 3, 3 
10676, 3, 3 
35422, 3, 3 
4881, 3, 3 
44397, 3, 3 
15534, 3, 3 
50253, 3, 3 
47781, 3, 3 
25820, 3, 3 
1559, 3, 3 
30048, 3, 3 
47481, 3, 3 
39768, 3, 3 
58955, 3, 3 
51915, 3, 3 
9380, 3, 3 
26307, 3, 3 
5354, 3, 3 
18895, 3, 3 
37397, 3, 3 
33029, 3, 3 
21606, 3, 3 
29042, 3, 3 
1178, 3, 3 
26548, 3, 3 
10125, 3, 3 
29023, 3, 3 
20561, 3, 3 
8882, 3, 3 
14624, 3, 3 
25688, 3, 3 
58173, 3, 3 
40520, 3, 3 
40618, 3, 3 
27540, 3, 3 
1611, 3, 3 
24299, 3, 3 
39469, 3, 3 
20099, 3, 3 
55866, 3, 3 
9230, 3, 3 
46068, 3, 3 
8406, 3, 3 
15335, 3, 3 
12490, 3, 3 
44848, 3, 3 
26187, 3, 3 
5738, 3, 3 
25671, 3, 3 
32495, 3, 3 
57194, 3, 3 
15630, 3, 3 
8786, 3, 3 
19883, 3, 3 
20553, 3, 3 
52027, 3, 3 
32319, 3, 3 
46184, 3, 3 
19465, 3, 3 
29398, 3, 3 
12924, 3, 3 
57932, 3, 3 
29636, 3, 3 
17333, 3, 3 
54845, 3, 3 
27828, 3, 3 
20565, 3, 3 
40904, 3, 3 
31311, 3, 3 
8241, 3, 3 
51153, 3, 3 
7, 3, 3 
18785, 3, 3 
15647, 3, 3 
55893, 3, 3 
34873, 3, 3 
21866, 3, 3 
26291, 3, 3 
10757, 3, 3 
4595, 3, 3 
4583, 3, 3 
19302, 3, 3 
18955, 3, 3 
55998, 3, 3 
41740, 3, 3 
56164, 3, 3 
29158, 3, 3 
38193, 3, 3 
43466, 3, 3 
58237, 3, 3 
21150, 3, 3 
31913, 3, 3 
58822, 3, 3 
7800, 3, 3 
22567, 3, 3 
34805, 3, 3 
22415, 3, 3 
26053, 3, 3 
1432, 3, 3 
50611, 3, 3 
32944, 3, 3 
58758, 3, 3 
32017, 3, 3 
43224, 3, 3 
46454, 3, 3 
4510, 3, 3 
15010, 3, 3 
6658, 3, 9 
51640, 3, 3 
50361, 3, 3 
38167, 3, 3 
4868, 3, 3 
39290, 3, 3 
22058, 3, 3 
9268, 3, 3 
10734, 3, 3 
45814, 3, 3 
50286, 3, 3 
14789, 3, 3 
17000, 3, 3 
36180, 3, 3 
59964, 3, 3 
16386, 3, 3 
54898, 3, 3 
39384, 3, 3 
45990, 3, 3 
3591, 3, 3 
37013, 3, 3 
12750, 3, 3 
15227, 3, 3 
37478, 3, 3 
47975, 3, 3 
46563, 3, 3 
17467, 3, 3 
18030, 3, 3 
59860, 3, 3 
28916, 3, 3 
28693, 3, 3 
12333, 3, 3 
29246, 3, 3 
52972, 3, 3 
40385, 3, 3 
5252, 3, 3 
4101, 3, 3 
18920, 3, 3 
6106, 3, 3 
50067, 3, 3 
31183, 3, 3 
49627, 3, 3 
8709, 3, 3 
44630, 3, 3 
41565, 3, 3 
19368, 3, 3 
54782, 3, 3 
26975, 3, 3 
8395, 3, 3 
48806, 3, 3 
2960, 3, 3 
3812, 3, 3 
27755, 3, 3 
9679, 3, 3 
21209, 3, 3 
26625, 3, 3 
27701, 3, 3 
15003, 3, 3 
48932, 3, 3 
34740, 3, 3 
51909, 3, 3 
44540, 3, 3 
10872, 3, 3 
54126, 3, 3 
18121, 4, 4 
53888, 4, 4 
10269, 4, 4 
38132, 4, 4 
53519, 4, 4 
35879, 4, 4 
58390, 4, 4 
35583, 4, 4 
28096, 4, 4 
8553, 4, 4 
53205, 4, 4 
46431, 4, 4 
58436, 4, 4 
58218, 4, 4 
14241, 4, 4 
9566, 4, 4 
49700, 4, 4 
16680, 4, 4 
22535, 4, 4 
4417, 4, 4 
41206, 4, 4 
4498, 4, 4 
14939, 4, 4 
34015, 4, 4 
10845, 4, 4 
41846, 4, 4 
30861, 4, 4 
21304, 4, 4 
37496, 4, 4 
49417, 4, 4 
5401, 4, 4 
39543, 4, 4 
46052, 4, 4 
39324, 4, 4 
54455, 4, 4 
36151, 4, 4 
47569, 4, 4 
39875, 4, 4 
4197, 4, 4 
29818, 4, 4 
13385, 4, 4 
15184, 4, 4 
10594, 4, 4 
39563, 4, 4 
40094, 4, 4 
35152, 4, 4 
20894, 4, 4 
46245, 4, 4 
44464, 4, 4 
36676, 4, 4 
35078, 4, 4 
18200, 4, 4 
48903, 4, 4 
34389, 4, 4 
40671, 4, 4 
35866, 4, 4 
18604, 4, 4 
48015, 4, 4 
8887, 4, 4 
12418, 4, 4 
22161, 4, 4 
54197, 4, 4 
58630, 4, 4 
21858, 4, 4 
17057, 4, 4 
25653, 4, 4 
46613, 4, 4 
30464, 4, 4 
22774, 4, 4 
15668, 4, 4 
12867, 4, 4 
14175, 4, 4 
9148, 4, 4 
4633, 4, 4 
31458, 4, 4 
55328, 4, 4 
49629, 4, 4 
12075, 4, 4 
21922, 4, 4 
11005, 4, 4 
47198, 4, 4 
39522, 4, 4 
27555, 4, 4 
50948, 4, 4 
1030, 4, 4 
18501, 4, 4 
31029, 4, 4 
22480, 4, 4 
40066, 4, 4 
34406, 4, 4 
29418, 4, 4 
55141, 4, 4 
30272, 4, 4 
58279, 4, 4 
1604, 4, 9 
9585, 4, 4 
12749, 4, 4 
18636, 4, 4 
8037, 4, 4 
34468, 4, 4 
57126, 4, 4 
50889, 4, 4 
39058, 4, 4 
56743, 4, 4 
44771, 4, 4 
55340, 4, 4 
39551, 4, 4 
647, 4, 4 
51351, 4, 4 
6189, 4, 4 
2439, 4, 4 
45670, 4, 4 
57127, 4, 4 
44535, 4, 4 
59879, 4, 4 
16706, 4, 4 
28615, 4, 4 
23878, 4, 4 
25811, 4, 4 
5313, 4, 4 
49722, 4, 4 
25826, 4, 4 
58003, 4, 4 
2896, 4, 4 
23618, 4, 4 
44689, 4, 4 
48487, 4, 4 
39486, 4, 4 
32442, 4, 4 
139, 4, 4 
4782, 4, 4 
27713, 4, 4 
43621, 4, 4 
23201, 4, 4 
20447, 4, 4 
48970, 4, 4 
26588, 4, 4 
48418, 4, 4 
3340, 4, 4 
18026, 4, 4 
29631, 4, 4 
41298, 4, 4 
14695, 4, 4 
25334, 4, 4 
3183, 4, 4 
49707, 4, 4 
21828, 4, 4 
222, 4, 4 
18637, 4, 4 
11131, 4, 4 
41373, 4, 4 
43709, 4, 4 
42766, 4, 4 
1440, 4, 4 
12969, 4, 4 
53411, 4, 4 
24192, 4, 4 
13981, 4, 4 
46234, 4, 4 
28907, 4, 4 
14440, 4, 4 
57857, 4, 4 
10829, 4, 4 
27782, 4, 4 
25170, 4, 4 
21517, 4, 4 
59042, 4, 4 
1004, 4, 4 
2034, 4, 4 
27141, 4, 4 
7579, 4, 4 
4439, 4, 4 
10013, 4, 4 
17736, 4, 4 
7843, 4, 4 
9375, 4, 4 
1187, 4, 4 
19794, 4, 4 
36634, 4, 4 
58482, 4, 4 
41925, 4, 4 
1827, 4, 4 
14349, 4, 4 
37000, 4, 4 
54473, 4, 4 
6546, 4, 4 
51049, 4, 4 
31598, 4, 4 
49341, 4, 4 
12538, 4, 4 
30552, 4, 4 
28800, 4, 4 
17733, 4, 4 
38737, 4, 4 
48754, 4, 4 
25831, 4, 4 
23896, 4, 4 
19853, 4, 4 
54634, 4, 4 
12343, 4, 4 
9419, 5, 5 
44006, 5, 5 
17504, 5, 5 
32671, 5, 5 
36896, 5, 5 
47, 5, 5 
40207, 5, 5 
28637, 5, 5 
11631, 5, 5 
5991, 5, 5 
5066, 5, 5 
39065, 5, 5 
19077, 5, 5 
49348, 5, 5 
13699, 5, 5 
48533, 5, 5 
48004, 5, 5 
17739, 5, 5 
54862, 5, 5 
49686, 5, 5 
266, 5, 5 
22426, 5, 5 
53796, 5, 5 
56054, 5, 5 
37364, 5, 5 
53120, 5, 5 
27100, 5, 5 
4015, 5, 5 
42572, 5, 5 
53968, 5, 5 
4247, 5, 5 
55322, 5, 5 
2120, 5, 5 
30980, 5, 5 
19870, 5, 5 
805, 5, 5 
53812, 5, 5 
54260, 5, 5 
55672, 5, 5 
6852, 5, 5 
53795, 5, 5 
21115, 5, 5 
9384, 5, 5 
7482, 5, 5 
7842, 5, 5 
12181, 5, 5 
49107, 5, 5 
26398, 5, 5 
39493, 5, 5 
17583, 5, 5 
5158, 5, 5 
52683, 5, 5 
49048, 5, 5 
42827, 5, 5 
30961, 5, 5 
33811, 5, 5 
37842, 5, 5 
3535, 5, 5 
56748, 5, 5 
59346, 5, 5 
19487, 5, 5 
56999, 5, 5 
57345, 5, 5 
12449, 5, 5 
32217, 5, 5 
10764, 5, 5 
53122, 5, 5 
36579, 5, 5 
52192, 5, 5 
42935, 5, 5 
49100, 5, 5 
33365, 5, 5 
53466, 5, 5 
20186, 5, 5 
55712, 5, 5 
516, 5, 5 
24283, 5, 5 
13659, 5, 5 
7321, 5, 5 
48230, 5, 5 
39085, 5, 5 
9565, 5, 5 
34478, 5, 5 
56571, 5, 5 
36482, 5, 5 
3801, 5, 5 
16844, 5, 5 
1222, 5, 5 
41673, 5, 5 
34843, 5, 5 
33448, 5, 5 
45924, 5, 5 
50800, 5, 5 
12146, 5, 5 
18879, 5, 5 
7444, 5, 5 
28175, 5, 5 
22205, 5, 5 
35151, 5, 5 
33352, 5, 5 
29049, 5, 5 
33324, 5, 5 
33825, 5, 5 
30216, 5, 5 
32987, 5, 5 
58312, 5, 5 
39427, 5, 5 
27421, 5, 5 
43587, 5, 5 
47314, 5, 5 
38610, 5, 5 
44845, 5, 5 
24117, 5, 5 
4424, 5, 5 
3860, 5, 5 
42517, 5, 5 
26331, 5, 5 
17094, 5, 5 
13940, 5, 5 
1245, 5, 5 
13185, 5, 5 
42414, 5, 5 
24043, 5, 5 
40432, 5, 5 
26896, 5, 5 
13829, 5, 5 
45582, 5, 5 
52284, 5, 5 
9236, 5, 5 
58428, 5, 5 
9207, 5, 5 
56939, 5, 5 
751, 5, 5 
17981, 5, 5 
13234, 5, 5 
34400, 5, 5 
35062, 5, 5 
19589, 5, 5 
31335, 5, 5 
376, 5, 5 
18151, 5, 5 
21227, 5, 5 
9397, 5, 5 
33993, 5, 5 
54932, 5, 5 
8975, 5, 5 
24730, 5, 5 
33220, 5, 5 
56032, 5, 5 
15676, 5, 5 
3356, 5, 5 
42680, 5, 5 
30262, 5, 5 
16819, 5, 5 
10653, 5, 5 
15873, 5, 5 
33502, 5, 5 
51950, 5, 5 
27942, 5, 5 
39230, 5, 5 
42049, 5, 5 
13502, 5, 5 
3681, 5, 5 
22973, 5, 5 
14713, 5, 5 
8744, 5, 5 
18495, 5, 5 
59546, 5, 5 
12540, 5, 5 
14737, 5, 5 
27117, 5, 5 
41486, 5, 5 
38708, 5, 5 
37006, 5, 5 
36193, 5, 5 
6112, 5, 5 
53413, 5, 5 
17665, 5, 5 
47256, 5, 5 
34952, 5, 5 
13747, 5, 5 
34365, 5, 5 
56371, 5, 5 
23209, 5, 5 
32954, 5, 5 
19590, 5, 5 
54002, 5, 5 
12519, 5, 5 
26976, 5, 5 
36939, 5, 5 
11410, 5, 5 
11935, 5, 5 
15069, 5, 5 
43680, 5, 5 
56277, 5, 5 
43412, 5, 5 
17543, 5, 5 
18418, 5, 5 
55442, 5, 5 
55685, 5, 5 
8149, 6, 6 
56342, 6, 6 
16102, 6, 6 
29226, 6, 6 
17980, 6, 6 
27204, 6, 6 
21605, 6, 6 
26392, 6, 6 
52338, 6, 6 
29255, 6, 6 
19331, 6, 6 
38703, 6, 6 
3364, 6, 6 
45010, 6, 6 
49403, 6, 6 
21538, 6, 6 
7957, 6, 6 
49769, 6, 6 
40771, 6, 6 
17626, 6, 6 
47026, 6, 6 
19496, 6, 6 
35411, 6, 6 
58900, 6, 6 
311, 6, 6 
32522, 6, 6 
18848, 6, 6 
1456, 6, 6 
36278, 6, 6 
38721, 6, 6 
55289, 6, 6 
16653, 6, 6 
43673, 6, 6 
4531, 6, 6 
19135, 6, 6 
41814, 6, 6 
57959, 6, 6 
54929, 6, 6 
27303, 6, 6 
50076, 6, 6 
4770, 6, 6 
44989, 6, 6 
1637, 6, 6 
5290, 6, 6 
15448, 6, 6 
47492, 6, 6 
37236, 6, 6 
14784, 6, 6 
18849, 6, 6 
49109, 6, 6 
30295, 6, 6 
35213, 6, 6 
43679, 6, 6 
56981, 6, 6 
46390, 6, 6 
43940, 6, 6 
5948, 6, 6 
47006, 6, 6 
3330, 6, 6 
34247, 6, 6 
41963, 6, 6 
37801, 6, 6 
2741, 6, 6 
44082, 6, 6 
20087, 6, 6 
2967, 6, 6 
5273, 6, 6 
25193, 6, 6 
22615, 6, 6 
14248, 6, 6 
12220, 6, 6 
38659, 6, 6 
27208, 6, 6 
14186, 6, 6 
41400, 6, 6 
10855, 6, 6 
13964, 6, 6 
6392, 6, 6 
48945, 6, 6 
54425, 6, 6 
4572, 6, 6 
8146, 6, 6 
48152, 6, 6 
59217, 6, 6 
34741, 6, 6 
49233, 6, 6 
7504, 6, 6 
35055, 6, 6 
32623, 6, 6 
27559, 6, 6 
36810, 6, 6 
506, 6, 6 
21684, 6, 6 
4857, 6, 6 
13941, 6, 6 
13832, 6, 6 
24423, 6, 6 
29507, 6, 6 
4882, 6, 6 
5846, 6, 6 
17287, 6, 6 
367, 6, 6 
37336, 6, 6 
3139, 6, 6 
19805, 6, 6 
49624, 6, 6 
6246, 6, 6 
7684, 6, 6 
25297, 6, 6 
56747, 6, 6 
29217, 6, 6 
23019, 6, 6 
7109, 6, 6 
18704, 6, 6 
7379, 6, 6 
8478, 6, 6 
23900, 6, 6 
48430, 6, 6 
56809, 6, 6 
52551, 6, 6 
32694, 6, 6 
35795, 6, 6 
59981, 6, 6 
34654, 6, 6 
59284, 6, 6 
6031, 6, 6 
21599, 6, 6 
27090, 6, 6 
5039, 6, 6 
51438, 6, 6 
3454, 6, 6 
47778, 6, 6 
44189, 6, 6 
28085, 6, 6 
9341, 6, 6 
27086, 6, 6 
34285, 6, 6 
14963, 6, 6 
6720, 6, 6 
43752, 6, 6 
42996, 6, 6 
18956, 6, 6 
59292, 6, 6 
3520, 6, 6 
49626, 6, 6 
2590, 6, 6 
48760, 6, 6 
32752, 6, 6 
23075, 6, 6 
5485, 6, 6 
48692, 6, 6 
30812, 6, 6 
14178, 6, 6 
56115, 6, 6 
32839, 6, 6 
10463, 6, 6 
24622, 6, 6 
3335, 6, 6 
46177, 6, 6 
12959, 6, 6 
22698, 6, 6 
49802, 6, 6 
38444, 6, 6 
42405, 6, 6 
50039, 6, 6 
13318, 6, 6 
50160, 6, 6 
25010, 6, 6 
23628, 6, 6 
12199, 6, 6 
39098, 6, 6 
47943, 6, 6 
27491, 6, 6 
22257, 6, 6 
59877, 6, 6 
13780, 6, 6 
841, 6, 6 
38371, 6, 6 
6257, 6, 6 
5935, 6, 6 
10950, 6, 6 
47524, 6, 6 
23907, 6, 6 
54032, 6, 6 
630, 6, 6 
19678, 6, 6 
50856, 6, 6 
56211, 6, 6 
28326, 6, 6 
6090, 6, 6 
43154, 6, 6 
6024, 6, 6 
12489, 6, 6 
43742, 6, 6 
40927, 6, 6 
3097, 6, 6 
43518, 6, 6 
55590, 6, 6 
58404, 6, 6 
41995, 6, 6 
14832, 7, 7 
5786, 7, 7 
59843, 7, 7 
49980, 7, 7 
27574, 7, 7 
59348, 7, 7 
50047, 7, 7 
31799, 7, 7 
35416, 7, 7 
59412, 7, 7 
35371, 7, 7 
58524, 7, 7 
45637, 7, 7 
38517, 7, 7 
39497, 7, 7 
31792, 7, 7 
28429, 7, 7 
44868, 7, 7 
32432, 7, 7 
4571, 7, 7 
50278, 7, 7 
57044, 7, 7 
21043, 7, 7 
1054, 7, 7 
9665, 7, 7 
23708, 7, 7 
29324, 7, 7 
51829, 7, 7 
4604, 7, 7 
288, 7, 7 
27005, 7, 7 
16205, 7, 7 
25862, 7, 7 
32542, 7, 7 
32626, 7, 7 
56841, 7, 7 
37203, 7, 7 
46349, 7, 7 
45776, 7, 7 
9429, 7, 7 
2986, 7, 7 
35150, 7, 7 
45535, 7, 7 
39254, 7, 7 
3782, 7, 7 
50392, 7, 7 
53234, 7, 7 
36134, 7, 7 
3463, 7, 7 
46429, 7, 7 
17420, 7, 7 
17282, 7, 7 
5946, 7, 7 
340, 7, 7 
21603, 7, 7 
43598, 7, 7 
2055, 7, 7 
12724, 7, 7 
32159, 7, 7 
33525, 7, 7 
47511, 7, 7 
39586, 7, 7 
46361, 7, 7 
55276, 7, 7 
21501, 7, 7 
32604, 7, 7 
25095, 7, 7 
36823, 7, 7 
25561, 7, 7 
42798, 7, 7 
8718, 7, 7 
33455, 7, 7 
10019, 7, 7 
17340, 7, 7 
37971, 7, 7 
7795, 7, 7 
39835, 7, 7 
18816, 7, 7 
34353, 7, 7 
18289, 7, 7 
49933, 7, 7 
44865, 7, 7 
31879, 7, 7 
41131, 7, 7 
23000, 7, 7 
28447, 7, 7 
6375, 7, 7 
5784, 7, 7 
15331, 7, 7 
16848, 7, 7 
43352, 7, 7 
56285, 7, 7 
43075, 7, 7 
50305, 7, 7 
50579, 7, 7 
51043, 7, 7 
20385, 7, 7 
44717, 7, 7 
1306, 7, 7 
37147, 7, 7 
22608, 7, 7 
16143, 7, 7 
18871, 7, 7 
50359, 7, 7 
59056, 7, 7 
54536, 7, 7 
58885, 7, 7 
49361, 7, 7 
31725, 7, 7 
40067, 7, 7 
40729, 7, 7 
6696, 7, 7 
16986, 7, 7 
53779, 7, 7 
54555, 7, 7 
31964, 7, 7 
39752, 7, 7 
13000, 7, 7 
4372, 7, 7 
43860, 7, 7 
58676, 7, 7 
52436, 7, 7 
6054, 7, 7 
38243, 7, 7 
12395, 7, 7 
58648, 7, 7 
58299, 7, 7 
1619, 7, 7 
52732, 7, 7 
5723, 7, 7 
26063, 7, 7 
23534, 7, 7 
969, 7, 7 
59279, 7, 7 
20223, 7, 7 
26529, 7, 7 
52736, 7, 7 
55689, 7, 7 
38422, 7, 7 
48889, 7, 7 
9343, 7, 7 
17350, 7, 7 
30462, 7, 7 
686, 7, 7 
18843, 7, 7 
10828, 7, 7 
10487, 7, 7 
33851, 7, 7 
2142, 7, 7 
34088, 7, 7 
53855, 7, 7 
16966, 7, 7 
55426, 7, 7 
24443, 7, 7 
59664, 7, 7 
28417, 7, 7 
24022, 7, 7 
13802, 7, 7 
27507, 7, 7 
44015, 7, 7 
40794, 7, 7 
58574, 7, 7 
16304, 7, 7 
57071, 7, 7 
11125, 7, 7 
7197, 7, 7 
33280, 7, 7 
4358, 7, 7 
5778, 7, 7 
11829, 7, 7 
14961, 7, 7 
36603, 7, 7 
48501, 7, 7 
42593, 7, 7 
46799, 7, 7 
2576, 7, 7 
24907, 7, 7 
30165, 7, 7 
13064, 7, 7 
46081, 7, 7 
39316, 7, 7 
15086, 7, 7 
7605, 7, 7 
23704, 7, 7 
57652, 7, 7 
20588, 7, 7 
40214, 7, 7 
50483, 7, 7 
27647, 7, 7 
52321, 7, 7 
15513, 7, 7 
12439, 7, 7 
14999, 7, 7 
12273, 7, 7 
1525, 7, 7 
22167, 7, 7 
50254, 7, 7 
20504, 7, 7 
51358, 7, 7 
28421, 7, 7 
32722, 8, 8 
21650, 8, 8 
45647, 8, 8 
10482, 8, 8 
49176, 8, 8 
19928, 8, 8 
26660, 8, 8 
23890, 8, 8 
39091, 8, 8 
9925, 8, 8 
4176, 8, 8 
45737, 8, 8 
31080, 8, 8 
3501, 8, 8 
2940, 8, 8 
26569, 8, 8 
38249, 8, 8 
40942, 8, 8 
31355, 8, 8 
7026, 8, 8 
49804, 8, 8 
4873, 8, 8 
12522, 8, 8 
35526, 8, 8 
29139, 8, 8 
47484, 8, 8 
11546, 8, 8 
53979, 8, 8 
53028, 8, 8 
58636, 8, 8 
10973, 8, 8 
53110, 8, 8 
9611, 8, 8 
36708, 8, 8 
14406, 8, 8 
10927, 8, 8 
7871, 8, 8 
9811, 8, 8 
46658, 8, 8 
26257, 8, 8 
21125, 8, 8 
29259, 8, 8 
41481, 8, 8 
19792, 8, 8 
37184, 8, 8 
45027, 8, 8 
28699, 8, 8 
44310, 8, 8 
27596, 8, 8 
55852, 8, 8 
13990, 8, 8 
23161, 8, 8 
20592, 8, 8 
38849, 8, 8 
53286, 8, 8 
33447, 8, 8 
11858, 8, 8 
15248, 8, 8 
7076, 8, 8 
48375, 8, 8 
15623, 8, 8 
37094, 8, 8 
37735, 8, 8 
25418, 8, 8 
9309, 8, 8 
21778, 8, 8 
31329, 8, 8 
33827, 8, 8 
9134, 8, 8 
15247, 8, 8 
4448, 8, 8 
18114, 8, 8 
21399, 8, 8 
25976, 8, 8 
29979, 8, 8 
12073, 8, 8 
5055, 8, 8 
39653, 8, 8 
57955, 8, 8 
34524, 8, 8 
44875, 8, 8 
20107, 8, 8 
20666, 8, 8 
6622, 8, 8 
52218, 8, 8 
7151, 8, 8 
13171, 8, 8 
24026, 8, 8 
3446, 8, 8 
6788, 8, 8 
34719, 8, 8 
5338, 8, 8 
47886, 8, 8 
4052, 8, 8 
58273, 8, 8 
3976, 8, 8 
48503, 8, 8 
19826, 8, 8 
52091, 8, 8 
19455, 8, 8 
45207, 8, 8 
33533, 8, 8 
34766, 8, 8 
19000, 8, 8 
28307, 8, 8 
45679, 8, 8 
6506, 8, 8 
52905, 8, 8 
18835, 8, 8 
52090, 8, 8 
6203, 8, 8 
52483, 8, 8 
38956, 8, 8 
14913, 8, 8 
50555, 8, 8 
37768, 8, 8 
37198, 8, 8 
18740, 8, 8 
36696, 8, 8 
37962, 8, 8 
27072, 8, 8 
4909, 8, 8 
49487, 8, 8 
23804, 8, 8 
8313, 8, 8 
56872, 8, 8 
32468, 8, 8 
55706, 8, 8 
42724, 8, 8 
37122, 8, 8 
40110, 8, 8 
49201, 8, 8 
32864, 8, 8 
18373, 8, 8 
10663, 8, 8 
35997, 8, 8 
14648, 8, 8 
48544, 8, 8 
43755, 8, 8 
47567, 8, 8 
40192, 8, 8 
10395, 8, 8 
18433, 8, 8 
26248, 8, 8 
24112, 8, 8 
42682, 8, 8 
59568, 8, 8 
50363, 8, 8 
19267, 8, 8 
10513, 8, 8 
57355, 8, 8 
52862, 8, 8 
34567, 8, 8 
4853, 8, 8 
22773, 8, 8 
12378, 8, 8 
55557, 8, 8 
1783, 8, 8 
4860, 8, 8 
27616, 8, 8 
36834, 8, 8 
39609, 8, 8 
22289, 8, 8 
30519, 8, 8 
615, 8, 8 
1621, 8, 8 
53605, 8, 8 
50512, 8, 8 
43907, 8, 8 
10619, 8, 8 
53271, 8, 8 
8701, 8, 8 
54346, 8, 8 
35072, 8, 8 
26661, 8, 8 
37030, 8, 8 
54190, 8, 8 
17197, 8, 8 
23414, 8, 8 
6072, 8, 8 
33570, 8, 8 
49618, 8, 8 
43524, 8, 8 
49064, 8, 8 
49095, 8, 8 
45877, 8, 8 
48160, 8, 8 
3825, 8, 8 
7750, 8, 8 
15739, 8, 8 
9650, 8, 8 
44115, 8, 8 
42470, 8, 8 
16036, 8, 8 
22136, 8, 8 
5894, 8, 8 
56295, 8, 8 
85, 8, 8 
58446, 8, 8 
31306, 8, 8 
36370, 9, 9 
6999, 9, 9 
53349, 9, 9 
10706, 9, 9 
47178, 9, 9 
5572, 9, 9 
46721, 9, 9 
56742, 9, 9 
30942, 9, 9 
56527, 9, 9 
53070, 9, 9 
19387, 9, 9 
15117, 9, 9 
48530, 9, 9 
36863, 9, 9 
3998, 9, 9 
55224, 9, 9 
35080, 9, 9 
24701, 9, 9 
1875, 9, 9 
50445, 9, 9 
22762, 9, 9 
51140, 9, 9 
22772, 9, 9 
59024, 9, 9 
3653, 9, 9 
1850, 9, 9 
39895, 9, 9 
19109, 9, 9 
20026, 9, 9 
8155, 9, 9 
10516, 9, 9 
2553, 9, 9 
59385, 9, 9 
6518, 9, 9 
374, 9, 9 
56092, 9, 9 
53853, 9, 9 
58838, 9, 9 
20571, 9, 9 
17978, 9, 9 
33329, 9, 9 
43419, 9, 9 
27605, 9, 9 
12175, 9, 9 
10198, 9, 9 
35694, 9, 9 
15253, 9, 9 
54592, 9, 9 
39822, 9, 9 
43259, 9, 9 
20841, 9, 9 
4244, 9, 9 
50436, 9, 9 
25376, 9, 9 
4547, 9, 9 
23467, 9, 9 
14222, 9, 9 
50177, 9, 9 
45603, 9, 9 
39319, 9, 9 
57219, 9, 9 
9889, 9, 9 
41403, 9, 9 
37247, 9, 9 
30756, 9, 9 
56292, 9, 9 
7518, 9, 9 
44926, 9, 9 
25263, 9, 9 
34280, 9, 9 
8514, 9, 9 
10232, 9, 9 
56494, 9, 9 
16570, 9, 9 
44641, 9, 9 
26259, 9, 9 
17702, 9, 9 
14208, 9, 9 
31115, 9, 9 
12431, 9, 9 
55364, 9, 9 
21987, 9, 9 
53683, 9, 9 
23743, 9, 9 
42838, 9, 9 
57729, 9, 9 
35059, 9, 9 
39998, 9, 9 
51827, 9, 9 
42222, 9, 9 
26527, 9, 9 
36771, 9, 9 
51783, 9, 9 
31130, 9, 9 
27016, 9, 9 
7407, 9, 9 
17831, 9, 9 
7155, 9, 9 
5607, 9, 9 
44402, 9, 9 
51632, 9, 9 
16477, 9, 9 
44429, 9, 9 
7822, 9, 9 
51644, 9, 9 
57100, 9, 9 
1250, 9, 9 
1560, 9, 9 
40028, 9, 9 
7110, 9, 9 
10043, 9, 9 
13871, 9, 9 
33422, 9, 9 
8671, 9, 9 
53442, 9, 9 
23266, 9, 9 
46146, 9, 9 
45352, 9, 7 
6717, 9, 9 
16342, 9, 9 
23166, 9, 9 
42124, 9, 9 
59927, 9, 9 
9949, 9, 9 
44854, 9, 9 
15167, 9, 9 
58968, 9, 9 
13851, 9, 9 
31312, 9, 9 
19577, 9, 9 
43845, 9, 9 
27908, 9, 9 
21277, 9, 9 
45944, 9, 9 
1274, 9, 9 
46907, 9, 9 
36392, 9, 9 
8329, 9, 9 
22824, 9, 9 
28047, 9, 9 
319, 9, 9 
50784, 9, 9 
23512, 9, 9 
17656, 9, 9 
40753, 9, 9 
33974, 9, 9 
29502, 9, 9 
10529, 9, 9 
40215, 9, 9 
28239, 9, 9 
37754, 9, 9 
21317, 9, 9 
52883, 9, 9 
23807, 9, 9 
3084, 9, 9 
46569, 9, 9 
35084, 9, 9 
48330, 9, 9 
10428, 9, 9 
14680, 9, 9 
38995, 9, 9 
423, 9, 9 
32249, 9, 9 
41395, 9, 9 
6036, 9, 9 
29349, 9, 9 
41684, 9, 9 
19120, 9, 9 
42882, 9, 9 
50947, 9, 9 
2712, 9, 9 
32433, 9, 9 
21297, 9, 9 
12846, 9, 9 
40391, 9, 9 
14336, 9, 9 
54321, 9, 9 
55007, 9, 9 
46168, 9, 9 
32821, 9, 9 
32366, 9, 9 
31295, 9, 9 
37326, 9, 9 
54064, 9, 9 
26215, 9, 9 
47588, 9, 9 
42946, 9, 9 
45086, 9, 9 
29846, 9, 9 
28574, 9, 9 
24596, 9, 9 
33226, 9, 9 
33256, 9, 9 
3867, 9, 9 
4315, 9, 9 
4912, 9, 9 
51812, 9, 9 
50798, 9, 9 
36860, 9, 9 
