id, true label, predicted label 
11754, 0, 0 
48267, 0, 0 
28840, 0, 0 
38559, 0, 0 
4556, 0, 0 
9823, 0, 0 
21521, 0, 0 
6757, 0, 0 
23940, 0, 0 
1454, 0, 0 
997, 0, 0 
10407, 0, 0 
5883, 0, 0 
10010, 0, 0 
28647, 0, 0 
31476, 0, 0 
55664, 0, 0 
2526, 0, 0 
39874, 0, 0 
33665, 0, 0 
52599, 0, 0 
1664, 0, 0 
3198, 0, 0 
53354, 0, 0 
39890, 0, 0 
29570, 0, 0 
2955, 0, 0 
53502, 0, 0 
59372, 0, 0 
20012, 0, 0 
8812, 0, 0 
22046, 0, 0 
2904, 0, 0 
52696, 0, 0 
56353, 0, 0 
32459, 0, 0 
3259, 0, 0 
41810, 0, 0 
15142, 0, 0 
50539, 0, 0 
42444, 0, 0 
29805, 0, 0 
23579, 0, 0 
27305, 0, 0 
44844, 0, 0 
36894, 0, 0 
17709, 0, 0 
51533, 0, 0 
37642, 0, 0 
38523, 0, 0 
2806, 0, 0 
15311, 0, 0 
30240, 0, 0 
13872, 0, 0 
14319, 0, 0 
23521, 0, 0 
50036, 0, 0 
27628, 0, 0 
19612, 0, 0 
6648, 0, 0 
22144, 0, 0 
46391, 0, 0 
26843, 0, 0 
46603, 0, 0 
56801, 0, 0 
56530, 0, 0 
19822, 0, 0 
46661, 0, 0 
18319, 0, 0 
36277, 0, 0 
48638, 0, 0 
15330, 0, 0 
18599, 0, 0 
3247, 0, 0 
55354, 0, 0 
359, 0, 0 
20321, 0, 0 
52429, 0, 0 
4496, 0, 0 
26853, 0, 0 
41108, 0, 0 
1876, 0, 0 
23305, 0, 0 
4265, 0, 0 
36519, 0, 0 
10938, 0, 0 
46723, 0, 0 
7932, 0, 0 
14518, 0, 0 
28274, 0, 0 
21029, 0, 0 
48268, 0, 0 
34440, 0, 0 
47812, 0, 0 
30586, 0, 0 
53299, 0, 0 
4852, 0, 0 
23093, 0, 0 
54272, 0, 0 
48187, 0, 0 
38540, 0, 0 
59536, 0, 0 
25214, 0, 0 
51623, 0, 0 
40922, 0, 0 
22375, 0, 0 
5583, 0, 0 
52036, 0, 0 
22640, 0, 0 
25181, 0, 0 
9530, 0, 0 
36667, 0, 0 
3882, 0, 0 
39956, 0, 0 
41729, 0, 0 
38110, 0, 0 
25278, 0, 0 
50638, 0, 0 
41291, 0, 0 
2310, 0, 0 
59653, 0, 0 
13117, 0, 0 
7052, 0, 0 
943, 0, 0 
2101, 0, 0 
58256, 0, 0 
36564, 0, 0 
6823, 0, 0 
524, 0, 0 
1904, 0, 0 
31969, 0, 0 
3016, 0, 0 
59078, 0, 0 
7597, 0, 0 
54808, 0, 0 
11036, 0, 0 
48960, 0, 0 
7669, 0, 0 
20175, 0, 0 
31466, 0, 0 
22634, 0, 0 
32621, 0, 0 
12926, 0, 0 
49171, 0, 0 
22152, 0, 0 
46740, 0, 0 
12011, 0, 0 
31904, 0, 0 
11462, 0, 0 
54089, 0, 0 
58350, 0, 0 
38025, 0, 0 
41406, 0, 0 
34699, 0, 0 
44130, 0, 0 
47820, 0, 0 
1018, 0, 0 
4539, 0, 0 
54728, 0, 0 
21735, 0, 0 
303, 0, 0 
46604, 0, 0 
34989, 0, 0 
30929, 0, 0 
25408, 0, 0 
47480, 0, 0 
25039, 0, 0 
31095, 0, 0 
21199, 0, 0 
22787, 0, 0 
55593, 0, 0 
6245, 0, 0 
32009, 0, 0 
33464, 0, 0 
47976, 0, 0 
46860, 0, 0 
5268, 0, 0 
53924, 0, 0 
55246, 0, 0 
15120, 0, 0 
40218, 0, 0 
33345, 0, 0 
19689, 0, 0 
47419, 0, 0 
15779, 0, 0 
13769, 0, 0 
35982, 0, 0 
44704, 0, 0 
21576, 0, 0 
47860, 0, 0 
33087, 0, 0 
39801, 0, 0 
3376, 0, 0 
2373, 0, 0 
29490, 0, 0 
43834, 0, 0 
9269, 0, 0 
41534, 0, 0 
10352, 0, 0 
6737, 0, 0 
2086, 1, 1 
8984, 1, 1 
33416, 1, 1 
47291, 1, 1 
57412, 1, 1 
39533, 1, 1 
15789, 1, 1 
31966, 1, 1 
35621, 1, 1 
29811, 1, 1 
51468, 1, 1 
35990, 1, 1 
28622, 1, 1 
21751, 1, 1 
12878, 1, 1 
55523, 1, 1 
46158, 1, 1 
23656, 1, 1 
30607, 1, 1 
70, 1, 1 
12056, 1, 1 
24918, 1, 1 
20802, 1, 1 
31348, 1, 1 
25805, 1, 1 
47969, 1, 1 
47776, 1, 1 
3878, 1, 1 
52317, 1, 1 
59688, 1, 1 
22476, 1, 1 
10601, 1, 1 
44288, 1, 1 
47350, 1, 1 
18393, 1, 1 
28387, 1, 1 
30366, 1, 1 
32332, 1, 1 
59041, 1, 1 
72, 1, 1 
1052, 1, 1 
22639, 1, 1 
21364, 1, 1 
9173, 1, 1 
59074, 1, 1 
7951, 1, 1 
12508, 1, 1 
27933, 1, 1 
45253, 1, 1 
39957, 1, 1 
16076, 1, 1 
1181, 1, 1 
56367, 1, 1 
27746, 1, 1 
19749, 1, 1 
19421, 1, 1 
42506, 1, 1 
46275, 1, 1 
42189, 1, 1 
48805, 1, 1 
36356, 1, 1 
57684, 1, 1 
11069, 1, 1 
1815, 1, 1 
9299, 1, 1 
16287, 1, 1 
36117, 1, 1 
15763, 1, 1 
46518, 1, 1 
31529, 1, 1 
24811, 1, 1 
24707, 1, 1 
10458, 1, 1 
15252, 1, 1 
15555, 1, 1 
45651, 1, 1 
30305, 1, 1 
30898, 1, 1 
57780, 1, 1 
39805, 1, 1 
18830, 1, 1 
31556, 1, 1 
56071, 1, 1 
36794, 1, 1 
38591, 1, 1 
42849, 1, 1 
17058, 1, 1 
28964, 1, 1 
35595, 1, 1 
39849, 1, 1 
28367, 1, 1 
30592, 1, 1 
30901, 1, 1 
20263, 1, 1 
6003, 1, 1 
12805, 1, 1 
47333, 1, 1 
46407, 1, 1 
33924, 1, 1 
10638, 1, 1 
29587, 1, 1 
49473, 1, 1 
53594, 1, 1 
10048, 1, 1 
51483, 1, 1 
5963, 1, 1 
23749, 1, 1 
31663, 1, 1 
14498, 1, 1 
33781, 1, 1 
37674, 1, 1 
38226, 1, 1 
1118, 1, 1 
31122, 1, 1 
38724, 1, 1 
22700, 1, 1 
21958, 1, 1 
33902, 1, 1 
39012, 1, 1 
24227, 1, 1 
37939, 1, 1 
43933, 1, 1 
56117, 1, 1 
58689, 1, 1 
14612, 1, 1 
56980, 1, 1 
19090, 1, 1 
38666, 1, 1 
24070, 1, 1 
12746, 1, 1 
15713, 1, 1 
1627, 1, 1 
9423, 1, 1 
43128, 1, 1 
2932, 1, 1 
28878, 1, 1 
22671, 1, 1 
42371, 1, 1 
29849, 1, 1 
33741, 1, 1 
7169, 1, 1 
535, 1, 1 
18196, 1, 1 
55939, 1, 1 
58260, 1, 1 
32335, 1, 1 
55067, 1, 1 
4066, 1, 1 
43813, 1, 1 
42518, 1, 1 
10926, 1, 1 
6, 1, 1 
30068, 1, 1 
48481, 1, 1 
7837, 1, 1 
11278, 1, 1 
41332, 1, 1 
29215, 1, 1 
17637, 1, 1 
27300, 1, 1 
53896, 1, 1 
24, 1, 1 
23245, 1, 1 
52780, 1, 1 
57749, 1, 1 
53593, 1, 1 
29715, 1, 1 
57303, 1, 1 
37225, 1, 1 
55768, 1, 1 
35345, 1, 1 
14834, 1, 1 
18226, 1, 1 
30616, 1, 1 
21771, 1, 1 
59414, 1, 1 
17907, 1, 1 
23604, 1, 1 
37869, 1, 1 
13154, 1, 1 
50194, 1, 1 
42194, 1, 1 
26390, 1, 1 
49359, 1, 1 
39819, 1, 1 
7007, 1, 1 
12383, 1, 1 
30920, 1, 1 
25876, 1, 1 
14849, 1, 1 
5494, 1, 1 
5235, 1, 1 
45032, 1, 1 
44770, 1, 1 
7402, 1, 1 
30486, 1, 1 
27474, 1, 1 
6209, 1, 1 
1936, 1, 1 
33191, 1, 1 
13275, 2, 2 
12135, 2, 2 
33210, 2, 2 
23994, 2, 2 
55589, 2, 2 
16902, 2, 2 
29735, 2, 2 
30724, 2, 2 
22124, 2, 2 
55969, 2, 2 
55862, 2, 2 
56643, 2, 2 
52152, 2, 2 
44401, 2, 2 
16328, 2, 2 
23975, 2, 2 
360, 2, 2 
39420, 2, 2 
4999, 2, 2 
5095, 2, 2 
41579, 2, 2 
59030, 2, 2 
53637, 2, 2 
22990, 2, 2 
19402, 2, 2 
642, 2, 2 
8591, 2, 2 
33620, 2, 2 
13100, 2, 2 
814, 2, 2 
3006, 2, 2 
55069, 2, 2 
57130, 2, 2 
37630, 2, 2 
5733, 2, 2 
35090, 2, 2 
2979, 2, 2 
56917, 2, 2 
21713, 2, 2 
22901, 2, 2 
22930, 2, 2 
6478, 2, 2 
48231, 2, 2 
52453, 2, 2 
26201, 2, 2 
29247, 2, 2 
41965, 2, 2 
13693, 2, 2 
50334, 2, 2 
37918, 2, 2 
1711, 2, 2 
35106, 2, 2 
2450, 2, 2 
11601, 2, 2 
39146, 2, 2 
28095, 2, 2 
48107, 2, 2 
34228, 2, 2 
23846, 2, 2 
31233, 2, 2 
52956, 2, 2 
8460, 2, 2 
43768, 2, 2 
26794, 2, 2 
45867, 2, 2 
37491, 2, 2 
48640, 2, 2 
23028, 2, 2 
47782, 2, 2 
29612, 2, 2 
13257, 2, 2 
55033, 2, 2 
39545, 2, 2 
45319, 2, 2 
57930, 2, 2 
21303, 2, 2 
17884, 2, 2 
45206, 2, 2 
7395, 2, 2 
52839, 2, 2 
43391, 2, 2 
59390, 2, 2 
13919, 2, 2 
36949, 2, 2 
59985, 2, 2 
12404, 2, 2 
44098, 2, 2 
36553, 2, 2 
32780, 2, 2 
53825, 2, 2 
11346, 2, 2 
18850, 2, 2 
693, 2, 2 
37258, 2, 2 
161, 2, 2 
7920, 2, 2 
32418, 2, 2 
27834, 2, 2 
45055, 2, 2 
16142, 2, 2 
52802, 2, 2 
13015, 2, 2 
33540, 2, 2 
30810, 2, 2 
47965, 2, 2 
32695, 2, 2 
41234, 2, 2 
32065, 2, 2 
8473, 2, 2 
19084, 2, 2 
29734, 2, 2 
11106, 2, 2 
28537, 2, 2 
7776, 2, 2 
20882, 2, 2 
14763, 2, 2 
19939, 2, 2 
7983, 2, 2 
56154, 2, 2 
16627, 2, 2 
52501, 2, 2 
45099, 2, 2 
6755, 2, 2 
24321, 2, 2 
19903, 2, 2 
4819, 2, 2 
32640, 2, 2 
45904, 2, 2 
5307, 2, 2 
551, 2, 2 
48191, 2, 2 
41541, 2, 2 
42622, 2, 2 
34131, 2, 2 
43191, 2, 2 
22606, 2, 2 
48277, 2, 2 
4915, 2, 2 
50496, 2, 2 
3659, 2, 2 
41516, 2, 2 
35091, 2, 2 
56824, 2, 2 
27883, 2, 2 
44334, 2, 2 
43486, 2, 2 
57153, 2, 2 
18040, 2, 2 
14694, 2, 2 
5314, 2, 2 
44492, 2, 2 
39879, 2, 2 
7555, 2, 2 
22203, 2, 2 
5638, 2, 2 
48034, 2, 2 
33047, 2, 2 
30880, 2, 2 
50290, 2, 2 
34558, 2, 2 
43122, 2, 2 
52011, 2, 2 
17439, 2, 2 
33180, 2, 2 
30078, 2, 2 
53390, 2, 2 
56993, 2, 2 
54768, 2, 2 
48899, 2, 2 
19423, 2, 2 
30055, 2, 2 
8707, 2, 2 
16109, 2, 2 
44377, 2, 2 
12461, 2, 2 
37941, 2, 2 
7265, 2, 2 
17763, 2, 2 
59597, 2, 2 
16024, 2, 2 
10321, 2, 2 
10228, 2, 2 
57649, 2, 2 
25920, 2, 2 
40289, 2, 2 
7259, 2, 2 
17173, 2, 2 
33463, 2, 2 
18613, 2, 2 
10999, 2, 2 
52953, 2, 2 
46940, 2, 2 
2017, 2, 2 
32590, 2, 2 
53926, 2, 2 
4986, 2, 2 
42496, 2, 2 
51399, 2, 2 
45362, 2, 2 
17895, 2, 2 
33049, 3, 3 
8169, 3, 3 
26561, 3, 3 
6420, 3, 3 
42476, 3, 3 
32811, 3, 3 
27534, 3, 3 
29936, 3, 3 
22459, 3, 3 
45836, 3, 3 
47838, 3, 3 
38241, 3, 3 
37625, 3, 3 
11075, 3, 3 
56245, 3, 3 
18612, 3, 3 
45419, 3, 3 
11138, 3, 3 
11979, 3, 3 
10137, 3, 3 
33421, 3, 3 
12483, 3, 3 
7613, 3, 3 
34967, 3, 3 
56324, 3, 3 
5127, 3, 3 
37085, 3, 3 
17421, 3, 3 
20023, 3, 3 
14856, 3, 3 
50892, 3, 3 
50214, 3, 3 
55715, 3, 3 
2481, 3, 3 
47678, 3, 3 
33407, 3, 3 
6342, 3, 3 
5967, 3, 3 
39678, 3, 3 
28709, 3, 3 
51401, 3, 3 
52563, 3, 3 
18587, 3, 3 
54707, 3, 3 
14488, 3, 3 
34387, 3, 3 
43417, 3, 3 
58324, 3, 3 
57625, 3, 3 
13353, 3, 3 
29146, 3, 3 
3995, 3, 3 
27640, 3, 3 
56754, 3, 3 
47481, 3, 3 
16489, 3, 3 
11554, 3, 3 
35376, 3, 3 
20222, 3, 3 
11544, 3, 3 
57264, 3, 3 
18739, 3, 3 
13736, 3, 3 
33745, 3, 3 
26671, 3, 3 
25882, 3, 3 
11813, 3, 3 
41343, 3, 3 
29785, 3, 3 
20697, 3, 3 
15847, 3, 3 
3683, 3, 3 
25855, 3, 3 
21156, 3, 3 
13831, 3, 3 
42678, 3, 3 
26824, 3, 3 
24867, 3, 3 
13713, 3, 3 
15245, 3, 3 
55485, 3, 3 
26433, 3, 3 
52385, 3, 3 
24969, 3, 3 
22003, 3, 3 
34684, 3, 3 
8941, 3, 3 
50201, 3, 3 
17355, 3, 3 
33000, 3, 3 
28299, 3, 3 
23287, 3, 3 
58881, 3, 3 
29800, 3, 3 
57399, 3, 3 
46681, 3, 3 
26554, 3, 3 
1594, 3, 3 
23759, 3, 3 
3047, 3, 3 
7618, 3, 3 
33532, 3, 3 
10470, 3, 3 
51085, 3, 3 
15486, 3, 3 
39884, 3, 3 
55461, 3, 3 
8236, 3, 3 
39081, 3, 3 
43474, 3, 3 
42199, 3, 3 
45850, 3, 3 
14026, 3, 3 
4506, 3, 3 
59550, 3, 3 
3997, 3, 3 
30379, 3, 3 
31347, 3, 3 
50936, 3, 3 
3201, 3, 3 
13293, 3, 3 
32398, 3, 3 
3523, 3, 3 
1055, 3, 3 
1529, 3, 3 
30673, 3, 3 
30136, 3, 3 
45814, 3, 3 
29073, 3, 3 
21007, 3, 3 
15947, 3, 3 
39061, 3, 3 
37478, 3, 3 
53158, 3, 3 
11441, 3, 3 
23053, 3, 3 
49135, 3, 3 
46279, 3, 3 
44543, 3, 3 
40257, 3, 3 
11114, 3, 3 
30650, 3, 3 
54568, 3, 3 
58747, 3, 3 
20147, 3, 3 
13109, 3, 3 
22000, 3, 3 
24770, 3, 3 
51030, 3, 3 
40166, 3, 3 
50726, 3, 3 
49864, 3, 3 
54402, 3, 3 
16366, 3, 3 
10585, 3, 3 
39909, 3, 3 
10734, 3, 3 
36357, 3, 3 
43132, 3, 3 
28224, 3, 3 
55104, 3, 3 
8551, 3, 3 
21866, 3, 3 
46563, 3, 3 
52287, 3, 3 
31897, 3, 3 
6784, 3, 3 
41765, 3, 3 
29506, 3, 3 
9696, 3, 3 
25552, 3, 3 
17632, 3, 3 
58084, 3, 3 
11042, 3, 3 
8184, 3, 3 
56337, 3, 3 
9797, 3, 3 
34461, 3, 3 
36592, 3, 3 
29763, 3, 3 
12998, 3, 3 
27167, 3, 3 
39741, 3, 3 
35876, 3, 3 
6016, 3, 3 
9183, 3, 3 
9080, 3, 3 
27022, 3, 3 
23897, 3, 3 
31735, 3, 3 
42807, 3, 3 
28955, 3, 3 
23281, 3, 3 
3591, 3, 3 
59678, 3, 3 
56738, 3, 3 
11011, 3, 3 
3793, 3, 3 
12451, 3, 3 
49654, 3, 3 
37767, 4, 4 
29141, 4, 4 
42638, 4, 4 
2983, 4, 4 
26365, 4, 4 
17218, 4, 4 
36641, 4, 4 
1271, 4, 4 
19922, 4, 4 
28237, 4, 4 
12098, 4, 4 
2458, 4, 4 
58805, 4, 4 
15942, 4, 4 
22677, 4, 4 
17357, 4, 4 
9046, 4, 4 
606, 4, 4 
2003, 4, 4 
26035, 4, 4 
29879, 4, 4 
10018, 4, 4 
55736, 4, 4 
59780, 4, 4 
26506, 4, 4 
1164, 4, 4 
29542, 4, 4 
10899, 4, 4 
57709, 4, 4 
52402, 4, 4 
17857, 4, 4 
59451, 4, 4 
59139, 4, 4 
51515, 4, 4 
37087, 4, 4 
40392, 4, 4 
25616, 4, 4 
18297, 4, 4 
6810, 4, 4 
56705, 4, 4 
10768, 4, 4 
2294, 4, 4 
3239, 4, 4 
36877, 4, 4 
7974, 4, 4 
8061, 4, 4 
19026, 4, 4 
25197, 4, 4 
11627, 4, 4 
48103, 4, 4 
46716, 4, 4 
37410, 4, 4 
13073, 4, 4 
44860, 4, 4 
28942, 4, 4 
49982, 4, 4 
4336, 4, 4 
896, 4, 4 
43947, 4, 4 
6890, 4, 4 
58478, 4, 4 
3350, 4, 4 
6729, 4, 4 
55552, 4, 4 
49211, 4, 4 
45339, 4, 4 
57779, 4, 4 
35534, 4, 4 
18501, 4, 4 
34357, 4, 4 
16578, 4, 4 
20208, 4, 4 
22518, 4, 4 
3092, 4, 4 
52919, 4, 4 
26653, 4, 4 
55654, 4, 4 
45394, 4, 4 
21163, 4, 4 
36279, 4, 4 
40680, 4, 4 
1973, 4, 4 
24713, 4, 4 
29075, 4, 4 
28008, 4, 4 
6733, 4, 4 
48961, 4, 4 
15100, 4, 4 
52277, 4, 4 
43516, 4, 4 
25279, 4, 4 
37144, 4, 4 
27738, 4, 4 
53760, 4, 4 
15011, 4, 4 
35964, 4, 4 
45137, 4, 4 
51155, 4, 4 
53693, 4, 4 
20972, 4, 4 
22064, 4, 4 
25772, 4, 4 
45773, 4, 4 
21490, 4, 4 
8775, 4, 4 
8011, 4, 4 
52155, 4, 4 
30792, 4, 4 
53476, 4, 4 
9375, 4, 4 
5331, 4, 4 
2686, 4, 4 
17769, 4, 4 
33306, 4, 4 
26599, 4, 4 
19819, 4, 4 
47701, 4, 4 
28464, 4, 4 
34035, 4, 4 
25056, 4, 4 
40835, 4, 4 
6990, 4, 4 
1099, 4, 4 
44068, 4, 4 
9353, 4, 4 
26166, 4, 4 
31660, 4, 4 
27617, 4, 4 
16443, 4, 4 
47571, 4, 4 
35003, 4, 4 
46097, 4, 4 
20211, 4, 4 
18601, 4, 4 
16314, 4, 4 
43452, 4, 4 
37264, 4, 4 
23272, 4, 4 
46995, 4, 4 
45538, 4, 4 
45611, 4, 4 
16969, 4, 4 
6608, 4, 4 
47092, 4, 4 
32719, 4, 4 
28327, 4, 4 
38891, 4, 4 
35259, 4, 4 
54998, 4, 4 
9410, 4, 4 
11567, 4, 4 
14739, 4, 4 
38668, 4, 4 
22602, 4, 4 
16526, 4, 4 
28669, 4, 4 
16571, 4, 4 
56808, 4, 4 
29123, 4, 4 
36706, 4, 4 
12972, 4, 4 
41455, 4, 4 
51579, 4, 4 
49341, 4, 4 
48068, 4, 4 
52958, 4, 4 
7864, 4, 4 
12830, 4, 4 
32813, 4, 4 
7090, 4, 4 
47695, 4, 4 
37530, 4, 4 
29258, 4, 4 
24511, 4, 4 
57375, 4, 4 
22161, 4, 4 
35813, 4, 4 
26235, 4, 4 
53739, 4, 4 
10013, 4, 4 
34752, 4, 4 
36597, 4, 4 
29046, 4, 4 
22098, 4, 4 
16448, 4, 4 
29207, 4, 4 
38336, 4, 4 
59614, 4, 4 
10467, 4, 4 
42995, 4, 4 
8208, 4, 4 
40343, 4, 4 
44842, 4, 4 
34144, 4, 4 
48835, 4, 4 
40495, 4, 4 
33011, 4, 4 
40992, 4, 4 
31858, 4, 4 
43219, 4, 4 
22038, 5, 5 
32875, 5, 5 
22431, 5, 5 
55739, 5, 5 
44253, 5, 5 
24854, 5, 5 
47104, 5, 5 
36556, 5, 5 
24332, 5, 5 
17468, 5, 5 
10653, 5, 5 
42572, 5, 5 
53920, 5, 5 
12470, 5, 5 
21225, 5, 5 
45118, 5, 5 
29156, 5, 5 
59670, 5, 5 
23858, 5, 5 
56249, 5, 5 
58145, 5, 5 
21329, 5, 5 
58175, 5, 5 
5771, 5, 5 
10884, 5, 5 
41063, 5, 5 
7802, 5, 5 
40172, 5, 5 
8927, 5, 5 
44390, 5, 5 
59553, 5, 5 
22102, 5, 5 
27009, 5, 5 
42850, 5, 5 
10764, 5, 5 
20793, 5, 5 
7740, 5, 5 
31644, 5, 5 
19775, 5, 5 
23438, 5, 5 
778, 5, 5 
27253, 5, 5 
45808, 5, 5 
27727, 5, 5 
49141, 5, 5 
50202, 5, 5 
33220, 5, 5 
39526, 5, 5 
45547, 5, 5 
24995, 5, 5 
4443, 5, 5 
15144, 5, 5 
10051, 5, 5 
22983, 5, 5 
13681, 5, 5 
31499, 5, 5 
37567, 5, 5 
23655, 5, 5 
32585, 5, 5 
463, 5, 5 
59482, 5, 5 
46805, 5, 5 
17400, 5, 5 
22073, 5, 5 
36609, 5, 5 
3170, 5, 5 
2674, 5, 5 
14171, 5, 5 
44783, 5, 5 
50778, 5, 5 
4194, 5, 5 
48469, 5, 5 
10386, 5, 5 
18829, 5, 5 
41957, 5, 5 
41278, 5, 5 
33033, 5, 5 
19996, 5, 5 
15698, 5, 5 
22033, 5, 5 
5452, 5, 5 
22393, 5, 5 
25357, 5, 5 
16682, 5, 5 
38830, 5, 5 
35287, 5, 5 
42337, 5, 5 
7480, 5, 5 
51821, 5, 5 
57662, 5, 5 
30410, 5, 5 
16276, 5, 5 
53024, 5, 5 
59574, 5, 5 
23424, 5, 5 
25669, 5, 5 
31069, 5, 5 
35702, 5, 5 
48132, 5, 5 
55909, 5, 5 
11963, 5, 5 
52507, 5, 5 
38564, 5, 5 
9368, 5, 5 
7481, 5, 5 
56108, 5, 5 
59311, 5, 5 
2478, 5, 5 
38798, 5, 5 
42652, 5, 5 
3289, 5, 5 
17099, 5, 5 
28952, 5, 5 
43175, 5, 5 
5164, 5, 5 
7670, 5, 5 
28491, 5, 5 
51950, 5, 5 
6086, 5, 5 
38708, 5, 5 
18080, 5, 5 
55287, 5, 5 
32354, 5, 5 
24579, 5, 5 
52170, 5, 5 
14486, 5, 5 
25295, 5, 5 
23332, 5, 5 
19839, 5, 5 
34159, 5, 5 
9124, 5, 5 
38285, 5, 5 
36800, 5, 5 
6680, 5, 5 
30456, 5, 5 
16092, 5, 5 
38656, 5, 5 
43221, 5, 5 
12476, 5, 5 
28770, 5, 5 
921, 5, 5 
19279, 5, 5 
41938, 5, 5 
13404, 5, 5 
46544, 5, 5 
2620, 5, 5 
37465, 5, 5 
31976, 5, 5 
59368, 5, 5 
49957, 5, 5 
20034, 5, 5 
42141, 5, 5 
31999, 5, 5 
3385, 5, 5 
28080, 5, 5 
37698, 5, 5 
53572, 5, 5 
34039, 5, 5 
34755, 5, 5 
32254, 5, 5 
19741, 5, 5 
25622, 5, 5 
16862, 5, 5 
20799, 5, 5 
33235, 5, 5 
30761, 5, 5 
43503, 5, 5 
36332, 5, 5 
7368, 5, 5 
34882, 5, 5 
25259, 5, 5 
18929, 5, 5 
53802, 5, 5 
57848, 5, 5 
22887, 5, 5 
48078, 5, 5 
23825, 5, 5 
21371, 5, 5 
39972, 5, 5 
47146, 5, 5 
47951, 5, 5 
46418, 5, 5 
10401, 5, 5 
50332, 5, 5 
55060, 5, 5 
48576, 5, 5 
26868, 5, 5 
53638, 5, 5 
6324, 5, 5 
57789, 5, 5 
12862, 5, 5 
48687, 5, 5 
3275, 5, 5 
43111, 5, 5 
537, 5, 5 
2165, 5, 5 
45872, 5, 5 
53794, 5, 5 
4728, 5, 5 
47934, 5, 5 
1844, 6, 6 
42481, 6, 6 
11427, 6, 6 
25076, 6, 6 
14136, 6, 6 
41477, 6, 6 
36769, 6, 6 
59775, 6, 6 
35750, 6, 6 
57347, 6, 6 
41323, 6, 6 
20663, 6, 6 
37230, 6, 6 
1835, 6, 6 
2638, 6, 6 
40433, 6, 6 
52571, 6, 6 
29136, 6, 6 
45856, 6, 6 
35322, 6, 6 
38152, 6, 6 
15831, 6, 6 
23533, 6, 6 
36866, 6, 6 
8947, 6, 6 
48086, 6, 6 
26372, 6, 6 
10375, 6, 6 
22006, 6, 6 
13759, 6, 6 
7015, 6, 6 
12090, 6, 6 
12552, 6, 6 
58997, 6, 6 
16064, 6, 6 
34791, 6, 6 
51370, 6, 6 
58443, 6, 6 
55255, 6, 6 
21332, 6, 6 
25241, 6, 6 
36144, 6, 6 
44498, 6, 6 
50469, 6, 6 
1398, 6, 6 
36049, 6, 6 
55626, 6, 6 
16788, 6, 6 
22009, 6, 6 
18376, 6, 6 
26016, 6, 6 
35734, 6, 6 
1768, 6, 6 
43572, 6, 6 
50146, 6, 6 
52076, 6, 6 
50039, 6, 6 
48427, 6, 6 
28435, 6, 6 
26227, 6, 6 
12359, 6, 6 
12283, 6, 6 
59758, 6, 6 
1266, 6, 6 
11964, 6, 6 
47916, 6, 6 
33886, 6, 6 
9917, 6, 6 
13845, 6, 6 
51139, 6, 6 
41508, 6, 6 
13, 6, 6 
29147, 6, 6 
9233, 6, 6 
19363, 6, 6 
12834, 6, 6 
50059, 6, 6 
7544, 6, 6 
57089, 6, 6 
41572, 6, 6 
17589, 6, 6 
50870, 6, 6 
32994, 6, 6 
14660, 6, 6 
2898, 6, 6 
14570, 6, 6 
18821, 6, 6 
46536, 6, 6 
54661, 6, 6 
51220, 6, 6 
11189, 6, 6 
23654, 6, 6 
20916, 6, 6 
15634, 6, 6 
37535, 6, 6 
19002, 6, 6 
658, 6, 6 
31619, 6, 6 
44909, 6, 6 
50843, 6, 6 
50402, 6, 6 
6373, 6, 6 
48156, 6, 6 
46167, 6, 6 
41500, 6, 6 
58522, 6, 6 
54332, 6, 6 
13809, 6, 6 
58246, 6, 6 
58592, 6, 6 
16560, 6, 6 
2757, 6, 6 
299, 6, 6 
14377, 6, 6 
52518, 6, 6 
15084, 6, 6 
2741, 6, 6 
42361, 6, 6 
55520, 6, 6 
49659, 6, 6 
59693, 6, 6 
3451, 6, 6 
38471, 6, 6 
20173, 6, 6 
44189, 6, 6 
35714, 6, 6 
49418, 6, 6 
4214, 6, 6 
44690, 6, 6 
15061, 6, 6 
24266, 6, 6 
2196, 6, 6 
27556, 6, 6 
759, 6, 6 
37476, 6, 6 
57140, 6, 6 
5600, 6, 6 
36002, 6, 6 
49484, 6, 6 
7434, 6, 6 
59470, 6, 6 
25345, 6, 6 
4923, 6, 6 
7202, 6, 6 
54618, 6, 6 
34628, 6, 6 
51480, 6, 6 
7086, 6, 6 
23223, 6, 6 
31303, 6, 6 
10671, 6, 6 
37401, 6, 6 
23758, 6, 6 
56130, 6, 6 
38876, 6, 6 
53540, 6, 6 
48437, 6, 6 
13881, 6, 6 
23720, 6, 6 
59251, 6, 6 
13101, 6, 6 
21368, 6, 6 
41912, 6, 6 
39278, 6, 6 
18849, 6, 6 
37018, 6, 6 
24486, 6, 6 
7385, 6, 6 
47932, 6, 6 
28898, 6, 6 
26670, 6, 6 
36293, 6, 6 
33006, 6, 6 
46558, 6, 6 
10218, 6, 6 
44655, 6, 6 
49328, 6, 6 
42395, 6, 6 
39154, 6, 6 
30518, 6, 6 
31203, 6, 6 
56177, 6, 6 
52584, 6, 6 
38491, 6, 6 
39130, 6, 6 
27887, 6, 6 
12528, 6, 6 
2293, 6, 6 
38584, 6, 6 
30716, 6, 6 
35791, 6, 6 
54211, 6, 6 
50618, 6, 6 
31705, 6, 6 
23256, 6, 6 
39221, 6, 6 
56144, 6, 6 
52957, 6, 6 
52426, 6, 6 
31856, 6, 6 
24409, 7, 7 
18950, 7, 7 
17086, 7, 7 
10708, 7, 7 
8123, 7, 7 
15127, 7, 7 
19344, 7, 7 
51322, 7, 7 
23051, 7, 7 
39107, 7, 7 
43390, 7, 7 
15531, 7, 7 
58455, 7, 7 
39261, 7, 7 
2950, 7, 7 
50162, 7, 7 
44080, 7, 7 
53171, 7, 7 
19023, 7, 7 
31964, 7, 7 
17483, 7, 7 
13416, 7, 7 
50874, 7, 7 
25522, 7, 7 
47809, 7, 7 
14231, 7, 7 
24702, 7, 7 
42544, 7, 7 
45310, 7, 7 
30118, 7, 7 
1639, 7, 7 
41892, 7, 7 
34434, 7, 7 
42094, 7, 7 
33062, 7, 7 
12979, 7, 7 
38598, 7, 7 
46906, 7, 7 
4432, 7, 7 
40603, 7, 7 
10640, 7, 7 
32589, 7, 7 
5496, 7, 7 
24700, 7, 7 
34501, 7, 7 
50664, 7, 7 
46618, 7, 7 
4528, 7, 7 
31207, 7, 7 
15976, 7, 7 
19842, 7, 7 
32327, 7, 7 
35469, 7, 7 
16696, 7, 7 
43089, 7, 7 
42281, 7, 7 
11119, 7, 7 
54734, 7, 7 
24599, 7, 7 
37420, 7, 7 
37694, 7, 7 
21462, 7, 7 
14983, 7, 7 
11553, 7, 7 
44971, 7, 7 
2027, 7, 7 
27554, 7, 7 
7418, 7, 7 
19809, 7, 7 
37064, 7, 7 
36967, 7, 7 
38349, 7, 7 
57350, 7, 7 
384, 7, 7 
40557, 7, 7 
48923, 7, 7 
50627, 7, 7 
58671, 7, 7 
39659, 7, 7 
28990, 7, 7 
13767, 7, 7 
24568, 7, 7 
47487, 7, 7 
49372, 7, 7 
33736, 7, 7 
11650, 7, 7 
7113, 7, 7 
48247, 7, 7 
59953, 7, 7 
54114, 7, 7 
26916, 7, 7 
34142, 7, 7 
9343, 7, 7 
32195, 7, 7 
37107, 7, 7 
36105, 7, 7 
18269, 7, 7 
58925, 7, 7 
51825, 7, 7 
33104, 7, 7 
9224, 7, 7 
22134, 7, 7 
26969, 7, 7 
56555, 7, 7 
16100, 7, 7 
29516, 7, 7 
4680, 7, 7 
30307, 7, 7 
29, 7, 7 
14138, 7, 7 
5565, 7, 7 
30941, 7, 7 
8044, 7, 7 
52261, 7, 7 
57692, 7, 7 
38913, 7, 7 
42, 7, 7 
11266, 7, 7 
40681, 7, 7 
8196, 7, 7 
42269, 7, 7 
53431, 7, 7 
36554, 7, 7 
15243, 7, 7 
26734, 7, 7 
45428, 7, 7 
34609, 7, 7 
31991, 7, 7 
22781, 7, 7 
49063, 7, 7 
6881, 7, 7 
55842, 7, 7 
3522, 7, 7 
41496, 7, 7 
2673, 7, 7 
48593, 7, 7 
12126, 7, 7 
27543, 7, 7 
9878, 7, 7 
47149, 7, 7 
17306, 7, 7 
30513, 7, 7 
52110, 7, 7 
21429, 7, 7 
24682, 7, 7 
40891, 7, 7 
39133, 7, 7 
37784, 7, 7 
26742, 7, 7 
47906, 7, 7 
44212, 7, 7 
52524, 7, 7 
20980, 7, 7 
53210, 7, 7 
7769, 7, 7 
15953, 7, 7 
9445, 7, 7 
39769, 7, 7 
46737, 7, 7 
14201, 7, 7 
32470, 7, 7 
6675, 7, 7 
36498, 7, 7 
49584, 7, 7 
4332, 7, 7 
27758, 7, 7 
25299, 7, 7 
28621, 7, 7 
20552, 7, 7 
51537, 7, 7 
11689, 7, 7 
10086, 7, 7 
32945, 7, 7 
19434, 7, 7 
13794, 7, 7 
24434, 7, 7 
4296, 7, 7 
21083, 7, 7 
103, 7, 7 
30245, 7, 7 
47266, 7, 7 
50721, 7, 7 
47829, 7, 7 
8804, 7, 7 
55750, 7, 7 
4395, 7, 7 
34055, 7, 7 
58606, 7, 7 
18346, 7, 7 
22336, 7, 7 
21463, 7, 7 
25355, 7, 7 
17373, 7, 7 
21587, 7, 7 
45937, 7, 7 
52484, 7, 7 
47698, 7, 7 
5264, 7, 7 
59745, 7, 7 
31319, 7, 7 
17818, 8, 8 
11546, 8, 8 
26028, 8, 8 
31656, 8, 8 
36221, 8, 8 
14893, 8, 8 
10592, 8, 8 
33490, 8, 8 
16340, 8, 8 
25195, 8, 8 
4745, 8, 8 
45678, 8, 8 
31333, 8, 8 
27579, 8, 8 
12099, 8, 8 
17084, 8, 8 
6957, 8, 8 
35733, 8, 8 
41431, 8, 8 
14014, 8, 8 
47861, 8, 8 
17952, 8, 8 
16688, 8, 8 
27733, 8, 8 
34929, 8, 8 
50996, 8, 8 
16994, 8, 8 
2768, 8, 8 
32502, 8, 8 
54950, 8, 8 
3293, 8, 8 
46320, 8, 8 
44616, 8, 8 
19864, 8, 8 
31726, 8, 8 
49439, 8, 8 
51058, 8, 8 
50524, 8, 8 
3163, 8, 8 
47753, 8, 8 
44631, 8, 8 
15645, 8, 8 
53663, 8, 8 
20102, 8, 8 
12163, 8, 8 
3866, 8, 8 
31292, 8, 8 
44597, 8, 8 
55015, 8, 8 
7519, 8, 8 
36320, 8, 8 
38544, 8, 8 
1045, 8, 8 
23081, 8, 8 
571, 8, 8 
47331, 8, 8 
4434, 8, 8 
50180, 8, 8 
6508, 8, 8 
38967, 8, 8 
30654, 8, 8 
5409, 8, 8 
37316, 8, 8 
28241, 8, 8 
9918, 8, 8 
761, 8, 8 
8300, 8, 8 
57434, 8, 8 
26373, 8, 8 
26908, 8, 8 
58302, 8, 8 
44676, 8, 8 
55852, 8, 8 
9611, 8, 8 
27294, 8, 8 
31655, 8, 8 
2678, 8, 8 
33771, 8, 8 
36210, 8, 8 
43018, 8, 8 
55491, 8, 8 
27599, 8, 8 
23831, 8, 8 
5537, 8, 8 
27418, 8, 8 
22079, 8, 8 
49824, 8, 8 
54136, 8, 8 
14908, 8, 8 
13795, 8, 8 
1247, 8, 8 
42778, 8, 8 
48428, 8, 8 
29198, 8, 8 
13118, 8, 8 
24677, 8, 8 
6503, 8, 8 
14406, 8, 8 
45270, 8, 8 
10856, 8, 8 
20906, 8, 8 
31832, 8, 8 
17290, 8, 8 
33810, 8, 8 
5661, 8, 8 
14640, 8, 8 
47747, 8, 8 
23573, 8, 8 
6703, 8, 8 
925, 8, 8 
59764, 8, 8 
26948, 8, 8 
44069, 8, 8 
40942, 8, 8 
12958, 8, 8 
52612, 8, 8 
39109, 8, 8 
19000, 8, 8 
16036, 8, 8 
36651, 8, 8 
13281, 8, 8 
42241, 8, 8 
44173, 8, 8 
30067, 8, 8 
45918, 8, 8 
46658, 8, 8 
42365, 8, 8 
15724, 8, 8 
13189, 8, 8 
16373, 8, 8 
34437, 8, 8 
47359, 8, 8 
39141, 8, 8 
14189, 8, 8 
12557, 8, 8 
5163, 8, 8 
38596, 8, 8 
4448, 8, 8 
17894, 8, 8 
48312, 8, 8 
48711, 8, 8 
47484, 8, 8 
38734, 8, 8 
32948, 8, 8 
27994, 8, 8 
3114, 8, 8 
25796, 8, 8 
27027, 8, 8 
10927, 8, 8 
49887, 8, 8 
45351, 8, 8 
48028, 8, 8 
14648, 8, 8 
18595, 8, 8 
30703, 8, 8 
38539, 8, 8 
34663, 8, 8 
10447, 8, 8 
57060, 8, 8 
792, 8, 8 
36275, 8, 8 
30545, 8, 8 
9364, 8, 8 
16870, 8, 8 
10817, 8, 8 
25546, 8, 8 
57054, 8, 8 
37202, 8, 8 
26496, 8, 8 
22810, 8, 8 
39994, 8, 8 
3073, 8, 8 
32468, 8, 8 
7512, 8, 8 
265, 8, 8 
41592, 8, 8 
17950, 8, 8 
1453, 8, 8 
13554, 8, 8 
26611, 8, 8 
17803, 8, 8 
40579, 8, 8 
14093, 8, 8 
17700, 8, 8 
52901, 8, 8 
52250, 8, 8 
7979, 8, 8 
13951, 8, 8 
9873, 8, 8 
33150, 8, 8 
51459, 8, 8 
20580, 8, 8 
51747, 8, 8 
9008, 8, 8 
14690, 8, 8 
29192, 8, 8 
15056, 8, 8 
56284, 8, 8 
47176, 8, 8 
45859, 8, 8 
6460, 9, 9 
54766, 9, 9 
32451, 9, 9 
34321, 9, 9 
38020, 9, 9 
26609, 9, 9 
7252, 9, 9 
19147, 9, 9 
11527, 9, 9 
6520, 9, 9 
30712, 9, 9 
16681, 9, 9 
29369, 9, 9 
20546, 9, 9 
24566, 9, 9 
57444, 9, 9 
5503, 9, 9 
45980, 9, 9 
30735, 9, 9 
48257, 9, 9 
46929, 9, 9 
7680, 9, 9 
33443, 9, 9 
11814, 9, 9 
49204, 9, 9 
41065, 9, 9 
59458, 9, 9 
50245, 9, 9 
17692, 9, 9 
36757, 9, 9 
35118, 9, 9 
13247, 9, 9 
21631, 9, 9 
54601, 9, 9 
43138, 9, 9 
40458, 9, 9 
41270, 9, 9 
5219, 9, 9 
52577, 9, 9 
25801, 9, 9 
45654, 9, 9 
47933, 9, 9 
8514, 9, 9 
29137, 9, 9 
44769, 9, 9 
22078, 9, 9 
16035, 9, 9 
44129, 9, 9 
48171, 9, 9 
48924, 9, 9 
9827, 9, 9 
52341, 9, 9 
37498, 9, 9 
57452, 9, 9 
49740, 9, 9 
31693, 9, 9 
4627, 9, 9 
45461, 9, 9 
58792, 9, 9 
49547, 9, 9 
52328, 9, 9 
53238, 9, 9 
6886, 9, 9 
46909, 9, 9 
7492, 9, 9 
35016, 9, 9 
19743, 9, 9 
35763, 9, 9 
16253, 9, 9 
28197, 9, 9 
51716, 9, 9 
45323, 9, 9 
54955, 9, 9 
8287, 9, 9 
51095, 9, 9 
32552, 9, 9 
21957, 9, 9 
46423, 9, 9 
1005, 9, 9 
29110, 9, 9 
13461, 9, 9 
1352, 9, 3 
16421, 9, 9 
15741, 9, 9 
42668, 9, 9 
980, 9, 9 
45575, 9, 9 
30977, 9, 9 
26906, 9, 9 
18552, 9, 9 
25478, 9, 9 
8005, 9, 9 
48344, 9, 9 
11474, 9, 9 
42993, 9, 9 
44547, 9, 9 
20676, 9, 9 
28416, 9, 9 
34790, 9, 9 
15609, 9, 9 
57895, 9, 9 
56996, 9, 9 
30778, 9, 9 
52355, 9, 9 
19629, 9, 9 
24949, 9, 9 
44234, 9, 9 
34834, 9, 9 
23111, 9, 9 
33286, 9, 9 
10621, 9, 9 
43385, 9, 9 
1194, 9, 9 
1036, 9, 9 
11385, 9, 9 
57259, 9, 9 
56487, 9, 9 
33756, 9, 9 
15498, 9, 9 
25810, 9, 9 
18944, 9, 9 
18842, 9, 9 
48968, 9, 9 
35387, 9, 9 
27848, 9, 9 
1728, 9, 9 
40857, 9, 9 
46008, 9, 9 
51455, 9, 9 
17167, 9, 9 
5892, 9, 9 
10681, 9, 9 
31094, 9, 9 
23090, 9, 9 
17529, 9, 9 
16731, 9, 9 
2321, 9, 9 
54571, 9, 9 
54311, 9, 9 
7208, 9, 9 
5063, 9, 9 
50515, 9, 9 
20138, 9, 9 
26845, 9, 9 
31261, 9, 9 
17698, 9, 9 
48159, 9, 9 
48130, 9, 9 
56486, 9, 9 
18057, 9, 9 
54713, 9, 9 
17235, 9, 9 
525, 9, 9 
24459, 9, 9 
10819, 9, 9 
46316, 9, 9 
24337, 9, 9 
38205, 9, 9 
54627, 9, 9 
33682, 9, 9 
24916, 9, 9 
641, 9, 9 
14247, 9, 9 
3519, 9, 9 
19560, 9, 9 
4901, 9, 9 
49121, 9, 9 
21277, 9, 9 
13997, 9, 9 
16522, 9, 9 
15972, 9, 9 
30469, 9, 9 
41483, 9, 9 
5943, 9, 9 
14239, 9, 9 
25865, 9, 9 
13111, 9, 9 
43405, 9, 9 
2989, 9, 9 
35358, 9, 9 
22433, 9, 9 
14743, 9, 9 
53216, 9, 9 
37593, 9, 9 
47165, 9, 9 
56896, 9, 9 
47755, 9, 9 
34489, 9, 9 
44586, 9, 9 
13763, 9, 9 
3083, 9, 9 
52286, 9, 9 
48429, 9, 9 
19315, 9, 9 
14146, 9, 9 
45632, 9, 9 
58159, 9, 9 
12006, 9, 9 
32260, 9, 9 
53349, 9, 9 
