id, true label, predicted label 
30992, 0, 0 
53403, 0, 0 
16031, 0, 0 
8894, 0, 0 
57359, 0, 0 
30923, 0, 0 
44161, 0, 0 
49583, 0, 0 
47626, 0, 0 
54865, 0, 0 
56556, 0, 0 
55302, 0, 0 
59497, 0, 0 
51301, 0, 0 
35282, 0, 0 
23044, 0, 0 
869, 0, 0 
40479, 0, 0 
29394, 0, 0 
41350, 0, 0 
11846, 0, 0 
21028, 0, 0 
42224, 0, 0 
53788, 0, 0 
23277, 0, 0 
10242, 0, 0 
11791, 0, 0 
22744, 0, 0 
55503, 0, 0 
54209, 0, 0 
26027, 0, 0 
46917, 0, 0 
22637, 0, 0 
58247, 0, 0 
33669, 0, 0 
47150, 0, 0 
29562, 0, 0 
25399, 0, 0 
21800, 0, 0 
14752, 0, 0 
29456, 0, 0 
8046, 0, 0 
49953, 0, 0 
54475, 0, 0 
4756, 0, 0 
46963, 0, 0 
23589, 0, 0 
712, 0, 0 
1040, 0, 0 
7687, 0, 0 
44917, 0, 0 
57645, 0, 0 
58396, 0, 0 
34097, 0, 0 
53928, 0, 0 
21635, 0, 0 
58102, 0, 0 
59272, 0, 0 
50424, 0, 0 
28946, 0, 0 
34394, 0, 0 
7373, 0, 0 
15910, 0, 0 
51490, 0, 0 
43549, 0, 0 
32427, 0, 0 
41877, 0, 0 
56533, 0, 0 
11187, 0, 0 
21628, 0, 0 
12584, 0, 0 
26501, 0, 0 
58256, 0, 0 
15492, 0, 0 
24268, 0, 0 
49224, 0, 0 
50435, 0, 0 
27407, 0, 0 
57542, 0, 0 
18989, 0, 0 
42752, 0, 0 
31082, 0, 0 
29283, 0, 0 
59337, 0, 0 
662, 0, 0 
50344, 0, 0 
7830, 0, 0 
43367, 0, 0 
13730, 0, 0 
18424, 0, 0 
9523, 0, 0 
45975, 0, 0 
22603, 0, 0 
39050, 0, 0 
40389, 0, 0 
44023, 0, 0 
3943, 0, 0 
10975, 0, 0 
20934, 0, 0 
29937, 0, 0 
19104, 0, 0 
59267, 0, 0 
58560, 0, 0 
22111, 0, 0 
26389, 0, 0 
9451, 0, 0 
5881, 0, 0 
27307, 0, 0 
51024, 0, 0 
7025, 0, 0 
18712, 0, 0 
1000, 0, 0 
10645, 0, 0 
35294, 0, 0 
14393, 0, 0 
48830, 0, 0 
9131, 0, 0 
57558, 0, 0 
50256, 0, 0 
54982, 0, 0 
5368, 0, 0 
6917, 0, 0 
927, 0, 0 
17932, 0, 0 
28628, 0, 0 
44619, 0, 0 
7466, 0, 0 
38873, 0, 0 
38042, 0, 0 
12119, 0, 0 
13206, 0, 0 
49185, 0, 0 
36312, 0, 0 
23124, 0, 0 
2642, 0, 0 
35400, 0, 0 
45596, 0, 0 
5393, 0, 0 
20225, 0, 0 
45942, 0, 0 
7055, 0, 0 
36788, 0, 0 
12259, 0, 0 
6045, 0, 0 
50566, 0, 0 
7037, 0, 0 
39811, 0, 0 
1015, 0, 0 
39960, 0, 0 
27550, 0, 0 
42915, 0, 0 
43011, 0, 0 
3106, 0, 0 
48677, 0, 0 
4607, 0, 0 
4870, 0, 0 
19669, 0, 0 
30496, 0, 0 
28510, 0, 0 
16543, 0, 0 
11045, 0, 0 
9753, 0, 0 
526, 0, 0 
293, 0, 0 
12555, 0, 0 
55911, 0, 0 
51546, 0, 0 
10840, 0, 0 
53937, 0, 0 
33723, 0, 0 
23606, 0, 0 
47087, 0, 0 
9806, 0, 0 
57907, 0, 0 
47704, 0, 0 
17293, 0, 0 
23305, 0, 0 
18563, 0, 0 
45905, 0, 0 
40844, 0, 0 
17930, 0, 0 
57962, 0, 0 
6923, 0, 0 
15965, 0, 0 
19072, 0, 0 
39992, 0, 0 
46328, 0, 0 
57296, 0, 0 
24858, 0, 0 
2327, 0, 0 
35056, 0, 0 
24151, 0, 0 
57685, 0, 0 
56801, 0, 0 
4653, 0, 0 
13896, 0, 0 
38722, 0, 0 
28002, 0, 0 
34054, 0, 0 
22043, 0, 0 
25189, 1, 1 
26070, 1, 1 
20461, 1, 1 
45495, 1, 1 
1192, 1, 1 
29603, 1, 1 
21794, 1, 1 
2599, 1, 1 
5681, 1, 1 
8185, 1, 1 
23303, 1, 1 
24710, 1, 1 
44627, 1, 1 
58745, 1, 1 
52002, 1, 1 
36943, 1, 1 
15224, 1, 1 
51836, 1, 1 
45471, 1, 1 
26687, 1, 1 
38464, 1, 1 
54968, 1, 1 
19782, 1, 1 
43849, 1, 1 
52088, 1, 1 
33725, 1, 1 
9895, 1, 1 
618, 1, 1 
40097, 1, 1 
23444, 1, 1 
15044, 1, 1 
23703, 1, 1 
45029, 1, 1 
55567, 1, 1 
48226, 1, 1 
13266, 1, 1 
43829, 1, 1 
58597, 1, 1 
28862, 1, 1 
16636, 1, 1 
10627, 1, 1 
58368, 1, 1 
55832, 1, 1 
1710, 1, 1 
21829, 1, 1 
43214, 1, 1 
52990, 1, 1 
14408, 1, 1 
18792, 1, 1 
905, 1, 1 
59645, 1, 1 
11405, 1, 1 
21568, 1, 1 
33508, 1, 1 
15293, 1, 1 
4944, 1, 1 
24771, 1, 1 
11178, 1, 1 
31787, 1, 1 
37579, 1, 1 
49008, 1, 1 
39057, 1, 1 
11200, 1, 1 
26780, 1, 1 
43984, 1, 1 
8464, 1, 1 
39652, 1, 1 
9354, 1, 1 
19614, 1, 1 
18050, 1, 1 
2730, 1, 1 
34826, 1, 1 
22582, 1, 1 
13107, 1, 1 
56384, 1, 1 
7205, 1, 1 
56221, 1, 1 
18482, 1, 1 
11901, 1, 1 
16722, 1, 1 
49380, 1, 1 
17711, 1, 1 
3851, 1, 1 
44136, 1, 1 
23612, 1, 1 
28837, 1, 1 
7185, 1, 1 
39268, 1, 1 
10376, 1, 1 
40826, 1, 1 
47268, 1, 1 
52569, 1, 1 
42098, 1, 1 
27665, 1, 1 
15473, 1, 1 
22828, 1, 1 
58830, 1, 1 
33243, 1, 1 
52965, 1, 1 
47224, 1, 1 
18074, 1, 1 
4486, 1, 1 
36786, 1, 1 
17090, 1, 1 
53001, 1, 1 
10416, 1, 1 
5930, 1, 1 
41823, 1, 1 
53816, 1, 1 
51432, 1, 1 
26726, 1, 1 
6122, 1, 1 
42546, 1, 1 
47960, 1, 1 
47982, 1, 1 
9017, 1, 1 
20898, 1, 1 
40796, 1, 1 
4865, 1, 1 
45385, 1, 1 
43910, 1, 1 
34512, 1, 1 
52562, 1, 1 
56149, 1, 1 
11607, 1, 1 
28925, 1, 1 
58486, 1, 1 
28557, 1, 1 
46006, 1, 1 
19346, 1, 1 
16381, 1, 1 
23532, 1, 1 
30512, 1, 1 
43714, 1, 1 
48074, 1, 1 
53371, 1, 1 
18095, 1, 1 
19099, 1, 1 
38526, 1, 1 
49787, 1, 1 
49042, 1, 1 
35069, 1, 1 
49134, 1, 1 
28901, 1, 1 
21594, 1, 1 
40954, 1, 1 
17331, 1, 1 
16694, 1, 1 
290, 1, 1 
12952, 1, 1 
54380, 1, 1 
51895, 1, 1 
56656, 1, 1 
42666, 1, 1 
40615, 1, 1 
53168, 1, 1 
35313, 1, 1 
12807, 1, 1 
53791, 1, 1 
8574, 1, 1 
46499, 1, 1 
51710, 1, 1 
55214, 1, 1 
20563, 1, 1 
16691, 1, 1 
47187, 1, 1 
34990, 1, 1 
5225, 1, 1 
39352, 1, 1 
46213, 1, 1 
10783, 1, 1 
31081, 1, 1 
18070, 1, 1 
18258, 1, 1 
5494, 1, 1 
9474, 1, 1 
31908, 1, 1 
52143, 1, 1 
9693, 1, 1 
40908, 1, 1 
23931, 1, 1 
8689, 1, 1 
57303, 1, 1 
8445, 1, 1 
49768, 1, 1 
52489, 1, 1 
54293, 1, 1 
35565, 1, 1 
7410, 1, 1 
36315, 1, 1 
3971, 1, 1 
6186, 1, 1 
9013, 1, 1 
4766, 1, 1 
39007, 1, 1 
36908, 1, 1 
45331, 1, 1 
42015, 1, 1 
13974, 1, 1 
48592, 1, 1 
28786, 2, 2 
25089, 2, 2 
1048, 2, 2 
57726, 2, 2 
32985, 2, 2 
7139, 2, 2 
29624, 2, 2 
20967, 2, 2 
52152, 2, 2 
43257, 2, 2 
26329, 2, 2 
54709, 2, 2 
1188, 2, 2 
42301, 2, 2 
34484, 2, 2 
39853, 2, 2 
10945, 2, 2 
8591, 2, 2 
49191, 2, 2 
17482, 2, 2 
56569, 2, 2 
41841, 2, 2 
30951, 2, 2 
25029, 2, 2 
24321, 2, 2 
24862, 2, 2 
23319, 2, 2 
33168, 2, 2 
23020, 2, 2 
26447, 2, 2 
35014, 2, 2 
12422, 2, 2 
7594, 2, 2 
52512, 2, 2 
7170, 2, 2 
44247, 2, 2 
17489, 2, 2 
21668, 2, 2 
52400, 2, 2 
34405, 2, 2 
54794, 2, 2 
43964, 2, 2 
253, 2, 2 
59122, 2, 2 
16328, 2, 2 
2085, 2, 2 
55972, 2, 2 
9383, 2, 2 
58215, 2, 2 
3578, 2, 2 
42805, 2, 2 
42814, 2, 2 
57331, 2, 2 
12161, 2, 2 
38330, 2, 2 
46044, 2, 2 
27587, 2, 2 
8201, 2, 2 
7177, 2, 2 
52835, 2, 2 
49101, 2, 2 
50315, 2, 2 
12911, 2, 2 
39970, 2, 2 
13015, 2, 2 
48531, 2, 2 
56917, 2, 2 
49775, 2, 2 
34326, 2, 2 
30353, 2, 2 
10699, 2, 2 
48698, 2, 2 
42926, 2, 2 
171, 2, 2 
6861, 2, 2 
39470, 2, 2 
16176, 2, 2 
37234, 2, 2 
19031, 2, 2 
23216, 2, 2 
53218, 2, 2 
20493, 2, 2 
47101, 2, 2 
58388, 2, 2 
39959, 2, 2 
37696, 2, 2 
20748, 2, 2 
10949, 2, 2 
49834, 2, 2 
13837, 2, 2 
20265, 2, 2 
50196, 2, 2 
23561, 2, 2 
35410, 2, 2 
16627, 2, 2 
24520, 2, 2 
30477, 2, 2 
27643, 2, 2 
6637, 2, 2 
9031, 2, 2 
51151, 2, 2 
12608, 2, 2 
27181, 2, 2 
11339, 2, 2 
22203, 2, 2 
27232, 2, 2 
30832, 2, 2 
15905, 2, 2 
11600, 2, 2 
17836, 2, 2 
18215, 2, 2 
43317, 2, 2 
57573, 2, 2 
27252, 2, 2 
13928, 2, 2 
21164, 2, 2 
20042, 2, 2 
59831, 2, 2 
45251, 2, 2 
37545, 2, 2 
52109, 2, 2 
33160, 2, 2 
42936, 2, 2 
45130, 2, 2 
8960, 2, 2 
44847, 2, 2 
14835, 2, 2 
45332, 2, 2 
23106, 2, 2 
24012, 2, 2 
58044, 2, 2 
39794, 2, 2 
42341, 2, 2 
59597, 2, 2 
25700, 2, 2 
45348, 2, 2 
22861, 2, 2 
18567, 2, 2 
12875, 2, 2 
41105, 2, 2 
38530, 2, 2 
24557, 2, 2 
4610, 2, 2 
38785, 2, 2 
10583, 2, 2 
11436, 2, 2 
45998, 2, 2 
32650, 2, 2 
9569, 2, 2 
44784, 2, 2 
41985, 2, 2 
3381, 2, 2 
15475, 2, 2 
11576, 2, 2 
58811, 2, 2 
14005, 2, 2 
17480, 2, 2 
24517, 2, 2 
18231, 2, 2 
28795, 2, 2 
14230, 2, 2 
16027, 2, 2 
39669, 2, 2 
5306, 2, 2 
37084, 2, 2 
56403, 2, 2 
31096, 2, 2 
35529, 2, 2 
35137, 2, 2 
15994, 2, 2 
22188, 2, 2 
21959, 2, 2 
36901, 2, 2 
19891, 2, 2 
14124, 2, 2 
53837, 2, 2 
16327, 2, 2 
36006, 2, 2 
50096, 2, 2 
47132, 2, 2 
38288, 2, 2 
20783, 2, 2 
45287, 2, 2 
25717, 2, 2 
44502, 2, 2 
55545, 2, 2 
55589, 2, 2 
38770, 2, 2 
29004, 2, 2 
23652, 2, 2 
15040, 2, 2 
12931, 2, 2 
23776, 2, 2 
27641, 2, 2 
16033, 2, 2 
57130, 2, 2 
44415, 2, 2 
53033, 2, 2 
53322, 2, 2 
49917, 2, 2 
10093, 3, 3 
50260, 3, 3 
57584, 3, 3 
35954, 3, 3 
57909, 3, 3 
41507, 3, 3 
6592, 3, 3 
12416, 3, 3 
38565, 3, 3 
7915, 3, 3 
13221, 3, 3 
38670, 3, 3 
32847, 3, 3 
35346, 3, 3 
33772, 3, 3 
857, 3, 3 
48628, 3, 3 
2871, 3, 3 
11232, 3, 3 
1357, 3, 3 
6904, 3, 3 
8672, 3, 3 
12151, 3, 3 
53740, 3, 3 
9278, 3, 3 
12780, 3, 3 
57004, 3, 3 
31988, 3, 3 
8406, 3, 3 
48521, 3, 3 
41513, 3, 3 
43562, 3, 7 
8230, 3, 3 
45005, 3, 3 
57801, 3, 3 
44004, 3, 3 
840, 3, 3 
28515, 3, 3 
38752, 3, 3 
54898, 3, 3 
30284, 3, 3 
29427, 3, 3 
57264, 3, 3 
24524, 3, 3 
10, 3, 3 
50680, 3, 3 
22835, 3, 3 
17966, 3, 3 
22318, 3, 3 
12109, 3, 3 
50688, 3, 3 
9637, 3, 3 
30644, 3, 3 
7, 3, 3 
19307, 3, 3 
30591, 3, 3 
26267, 3, 3 
51763, 3, 3 
6440, 3, 3 
41704, 3, 3 
39349, 3, 3 
12307, 3, 3 
32944, 3, 3 
14738, 3, 3 
1317, 3, 3 
4199, 3, 3 
33507, 3, 3 
32610, 3, 3 
51376, 3, 3 
46306, 3, 3 
31269, 3, 3 
17820, 3, 3 
26909, 3, 3 
25078, 3, 3 
24931, 3, 3 
35180, 3, 3 
18765, 3, 3 
33276, 3, 3 
55144, 3, 3 
28841, 3, 3 
31428, 3, 3 
45801, 3, 3 
52785, 3, 3 
26998, 3, 3 
48788, 3, 3 
55640, 3, 3 
30793, 3, 3 
20192, 3, 3 
38129, 3, 3 
1021, 3, 3 
9913, 3, 3 
19338, 3, 3 
30105, 3, 3 
3047, 3, 3 
30574, 3, 3 
53671, 3, 3 
44630, 3, 3 
3358, 3, 3 
52116, 3, 3 
3835, 3, 3 
18280, 3, 3 
50658, 3, 3 
49, 3, 3 
19803, 3, 3 
34552, 3, 3 
37566, 3, 3 
20626, 3, 3 
46979, 3, 3 
2469, 3, 3 
50470, 3, 3 
6317, 3, 3 
43509, 3, 3 
13448, 3, 3 
26399, 3, 3 
30093, 3, 3 
24119, 3, 3 
20362, 3, 3 
20937, 3, 3 
43417, 3, 3 
44671, 3, 3 
47367, 3, 3 
21596, 3, 3 
1862, 3, 3 
3320, 3, 3 
48868, 3, 3 
3576, 3, 3 
47620, 3, 3 
55726, 3, 3 
10921, 3, 3 
28561, 3, 3 
9253, 3, 3 
11797, 3, 3 
12345, 3, 3 
40384, 3, 3 
58149, 3, 3 
20329, 3, 3 
29249, 3, 3 
6651, 3, 3 
9078, 3, 3 
42303, 3, 3 
55874, 3, 3 
59883, 3, 3 
12933, 3, 3 
14025, 3, 3 
46566, 3, 3 
37991, 3, 3 
54088, 3, 3 
15945, 3, 3 
52700, 3, 3 
4262, 3, 3 
33028, 3, 3 
32790, 3, 3 
27573, 3, 3 
35434, 3, 3 
32013, 3, 3 
59660, 3, 3 
11714, 3, 3 
56305, 3, 3 
31724, 3, 3 
2796, 3, 3 
7980, 3, 3 
51987, 3, 3 
1119, 3, 3 
15007, 3, 3 
27670, 3, 3 
5207, 3, 3 
57765, 3, 3 
50529, 3, 3 
4196, 3, 3 
24783, 3, 3 
16407, 3, 3 
16732, 3, 3 
20423, 3, 3 
17734, 3, 3 
6662, 3, 3 
59408, 3, 3 
27527, 3, 3 
8014, 3, 3 
9294, 3, 3 
54772, 3, 3 
41229, 3, 3 
42565, 3, 3 
44504, 3, 3 
51768, 3, 3 
53262, 3, 3 
32025, 3, 3 
58048, 3, 3 
35563, 3, 3 
12729, 3, 3 
43067, 3, 3 
35491, 3, 3 
11619, 3, 3 
46918, 3, 3 
23119, 3, 3 
6711, 3, 3 
36076, 3, 3 
10677, 3, 3 
18727, 3, 3 
27691, 3, 3 
17911, 3, 3 
25644, 4, 4 
56793, 4, 4 
9980, 4, 4 
9940, 4, 4 
13263, 4, 4 
36279, 4, 4 
4178, 4, 4 
34346, 4, 4 
25053, 4, 4 
28700, 4, 4 
48410, 4, 4 
4567, 4, 4 
38922, 4, 4 
11303, 4, 4 
55427, 4, 4 
29228, 4, 4 
10460, 4, 4 
48970, 4, 4 
43612, 4, 4 
40495, 4, 4 
46257, 4, 4 
16542, 4, 4 
36017, 4, 4 
25162, 4, 4 
29818, 4, 4 
3957, 4, 4 
38498, 4, 4 
59401, 4, 4 
53768, 4, 4 
46164, 4, 4 
28492, 4, 4 
24506, 4, 4 
9216, 4, 4 
49162, 4, 4 
36171, 4, 4 
9931, 4, 4 
1628, 4, 4 
50182, 4, 4 
48890, 4, 4 
6556, 4, 4 
18745, 4, 4 
56376, 4, 4 
20650, 4, 4 
56659, 4, 4 
48402, 4, 4 
46922, 4, 4 
23474, 4, 4 
48056, 4, 4 
18145, 4, 4 
32188, 4, 4 
9547, 4, 4 
49092, 4, 4 
37447, 4, 4 
34744, 4, 4 
13241, 4, 4 
717, 4, 4 
29166, 4, 4 
8943, 4, 4 
19922, 4, 4 
14064, 4, 4 
36977, 4, 4 
9109, 4, 4 
2665, 4, 4 
1508, 4, 4 
45214, 4, 4 
59881, 4, 4 
37366, 4, 4 
28615, 4, 4 
46757, 4, 4 
22085, 4, 4 
5356, 4, 4 
56596, 4, 4 
30361, 4, 4 
9139, 4, 4 
1008, 4, 4 
11040, 4, 4 
13340, 4, 4 
12969, 4, 4 
19621, 4, 4 
29141, 4, 4 
25056, 4, 4 
15916, 4, 4 
51780, 4, 4 
14257, 4, 4 
28942, 4, 4 
1738, 4, 4 
23083, 4, 4 
51098, 4, 4 
47771, 4, 4 
44584, 4, 4 
56280, 4, 4 
3203, 4, 4 
29196, 4, 4 
51383, 4, 4 
12075, 4, 4 
31324, 4, 4 
47086, 4, 4 
53295, 4, 4 
53278, 4, 4 
40910, 4, 4 
18596, 4, 4 
57343, 4, 4 
25635, 4, 4 
27315, 4, 4 
14957, 4, 4 
9436, 4, 4 
45394, 4, 4 
48754, 4, 4 
49005, 4, 4 
39563, 4, 4 
46401, 4, 4 
49309, 4, 4 
16450, 4, 4 
16706, 4, 4 
52165, 4, 4 
45936, 4, 4 
58984, 4, 4 
34027, 4, 4 
14241, 4, 4 
54911, 4, 4 
9984, 4, 4 
32049, 4, 4 
53411, 4, 4 
38132, 4, 4 
30795, 4, 4 
27365, 4, 4 
605, 4, 4 
8622, 4, 4 
54410, 4, 4 
3484, 4, 4 
22670, 4, 4 
51028, 4, 4 
31717, 4, 4 
36428, 4, 4 
29739, 4, 4 
47068, 4, 4 
25471, 4, 4 
3978, 4, 4 
21431, 4, 4 
29444, 4, 4 
14067, 4, 4 
39636, 4, 4 
54588, 4, 4 
58209, 4, 4 
2596, 4, 4 
16578, 4, 4 
48690, 4, 4 
58531, 4, 4 
19813, 4, 4 
40702, 4, 4 
27097, 4, 4 
11408, 4, 4 
48282, 4, 4 
26246, 4, 4 
9976, 4, 4 
50564, 4, 4 
37516, 4, 4 
36932, 4, 4 
37410, 4, 4 
59799, 4, 4 
1541, 4, 4 
52985, 4, 4 
21875, 4, 4 
53134, 4, 4 
27939, 4, 4 
30367, 4, 4 
32917, 4, 4 
8695, 4, 4 
26890, 4, 4 
14927, 4, 4 
35095, 4, 4 
24894, 4, 4 
22865, 4, 4 
19192, 4, 4 
36228, 4, 4 
10923, 4, 4 
52631, 4, 4 
44937, 4, 4 
43983, 4, 4 
34988, 4, 4 
10172, 4, 4 
12192, 4, 4 
38919, 4, 4 
33106, 4, 4 
17141, 4, 4 
14207, 4, 4 
57845, 4, 4 
47368, 4, 4 
36384, 4, 4 
52087, 4, 4 
48653, 4, 4 
50486, 4, 4 
481, 4, 4 
29339, 4, 4 
44594, 4, 4 
14578, 4, 4 
8875, 4, 4 
33125, 4, 4 
19952, 4, 4 
40081, 4, 4 
50430, 5, 5 
20564, 5, 5 
15206, 5, 5 
40346, 5, 5 
9368, 5, 5 
28951, 5, 5 
11136, 5, 5 
36939, 5, 5 
58547, 5, 5 
40868, 5, 5 
56363, 5, 5 
32445, 5, 5 
49558, 5, 5 
30499, 5, 5 
47972, 5, 5 
35247, 5, 5 
9344, 5, 5 
12540, 5, 5 
28057, 5, 5 
29307, 5, 5 
50166, 5, 5 
40194, 5, 5 
22302, 5, 5 
38345, 5, 5 
22846, 5, 5 
43568, 5, 5 
13276, 5, 5 
56036, 5, 5 
13862, 5, 5 
27500, 5, 5 
23651, 5, 5 
28874, 5, 5 
14251, 5, 5 
12804, 5, 5 
25967, 5, 5 
52170, 5, 5 
4728, 5, 5 
23632, 5, 5 
53947, 5, 5 
50017, 5, 5 
36556, 5, 5 
15812, 5, 5 
7820, 5, 5 
6772, 5, 5 
25384, 5, 5 
36900, 5, 5 
47021, 5, 5 
40963, 5, 5 
17608, 5, 5 
21563, 5, 5 
44262, 5, 5 
22255, 5, 5 
25762, 5, 5 
5947, 5, 5 
33993, 5, 5 
33495, 5, 5 
37114, 5, 5 
32026, 5, 5 
58894, 5, 5 
38252, 5, 5 
970, 5, 5 
44501, 5, 5 
53433, 5, 5 
38719, 5, 5 
48374, 5, 5 
21184, 5, 5 
54491, 5, 5 
15830, 5, 5 
21583, 5, 5 
41186, 5, 5 
16573, 5, 5 
52458, 5, 5 
58439, 5, 5 
16733, 5, 5 
6217, 5, 5 
13517, 5, 5 
28116, 5, 5 
6195, 5, 5 
32902, 5, 5 
37056, 5, 5 
1514, 5, 5 
37749, 5, 5 
26229, 5, 5 
23690, 5, 5 
48774, 5, 5 
25177, 5, 5 
53275, 5, 5 
6840, 5, 5 
59701, 5, 5 
3669, 5, 5 
2554, 5, 5 
9326, 5, 5 
20101, 5, 5 
6980, 5, 5 
50202, 5, 5 
42390, 5, 5 
51367, 5, 5 
53172, 5, 5 
29006, 5, 5 
18189, 5, 5 
23191, 5, 5 
14489, 5, 5 
27557, 5, 5 
50939, 5, 5 
37086, 5, 5 
40041, 5, 5 
19506, 5, 5 
1509, 5, 5 
44804, 5, 5 
55212, 5, 5 
59338, 5, 5 
45175, 5, 5 
56586, 5, 5 
37507, 5, 5 
11928, 5, 5 
29058, 5, 5 
16655, 5, 5 
49652, 5, 5 
5423, 5, 5 
31820, 5, 5 
51137, 5, 5 
39271, 5, 5 
3681, 5, 5 
29457, 5, 5 
57793, 5, 5 
3356, 5, 5 
55718, 5, 5 
6180, 5, 5 
50734, 5, 5 
48113, 5, 5 
9581, 5, 5 
47251, 5, 5 
17494, 5, 5 
3860, 5, 5 
46667, 5, 5 
44647, 5, 5 
17097, 5, 5 
47256, 5, 5 
53152, 5, 5 
43651, 5, 5 
29977, 5, 5 
4413, 5, 5 
23508, 5, 5 
2131, 5, 5 
56309, 5, 5 
53292, 5, 5 
2461, 5, 5 
3118, 5, 5 
43540, 5, 5 
778, 5, 5 
6786, 5, 5 
22679, 5, 5 
7081, 5, 5 
29787, 5, 5 
48367, 5, 5 
27193, 5, 5 
33033, 5, 5 
10056, 5, 5 
31499, 5, 5 
49038, 5, 5 
18696, 5, 5 
21873, 5, 5 
239, 5, 5 
47768, 5, 5 
15238, 5, 5 
1824, 5, 5 
18594, 5, 5 
58357, 5, 5 
29157, 5, 5 
30448, 5, 5 
2566, 5, 5 
24887, 5, 5 
48606, 5, 5 
24408, 5, 5 
59906, 5, 5 
41522, 5, 5 
16908, 5, 5 
14096, 5, 5 
55795, 5, 5 
1993, 5, 5 
11500, 5, 5 
28717, 5, 5 
3126, 5, 5 
14006, 5, 5 
22268, 5, 5 
59635, 5, 5 
52739, 5, 5 
11265, 5, 5 
26466, 5, 5 
6200, 5, 5 
35224, 5, 5 
610, 5, 5 
12695, 5, 5 
39176, 5, 5 
44508, 5, 5 
30061, 5, 5 
26363, 5, 5 
45567, 5, 5 
58970, 5, 5 
12003, 5, 5 
536, 6, 6 
7700, 6, 6 
9409, 6, 6 
3861, 6, 6 
44330, 6, 6 
25297, 6, 6 
39043, 6, 6 
58329, 6, 6 
15780, 6, 6 
12905, 6, 6 
25636, 6, 6 
16667, 6, 6 
35687, 6, 6 
46670, 6, 6 
9961, 6, 6 
15417, 6, 6 
17176, 6, 6 
49305, 6, 6 
11289, 6, 6 
15960, 6, 6 
7598, 6, 6 
32455, 6, 6 
8004, 6, 6 
8224, 6, 6 
10836, 6, 6 
27504, 6, 6 
32692, 6, 6 
12216, 6, 6 
57514, 6, 6 
15908, 6, 6 
256, 6, 6 
23415, 6, 6 
28883, 6, 6 
10213, 6, 6 
32240, 6, 6 
27355, 6, 6 
11730, 6, 6 
59251, 6, 6 
8347, 6, 6 
6657, 6, 6 
49970, 6, 6 
53406, 6, 6 
48032, 6, 6 
33548, 6, 6 
43594, 6, 6 
43800, 6, 6 
47807, 6, 6 
35238, 6, 6 
15708, 6, 6 
53106, 6, 6 
10790, 6, 6 
45395, 6, 6 
42541, 6, 6 
18907, 6, 6 
13067, 6, 6 
57275, 6, 6 
15620, 6, 6 
54113, 6, 6 
13035, 6, 6 
42066, 6, 6 
31612, 6, 6 
52420, 6, 6 
46682, 6, 6 
50146, 6, 6 
15797, 6, 6 
19062, 6, 6 
50856, 6, 6 
4702, 6, 6 
15674, 6, 6 
57409, 6, 6 
21844, 6, 6 
25141, 6, 6 
27369, 6, 6 
13759, 6, 6 
6355, 6, 6 
36578, 6, 6 
34247, 6, 6 
54370, 6, 6 
18154, 6, 6 
21234, 6, 6 
49510, 6, 6 
43940, 6, 6 
48958, 6, 6 
41268, 6, 6 
18262, 6, 6 
38555, 6, 6 
15527, 6, 6 
39292, 6, 6 
50132, 6, 6 
30142, 6, 6 
55382, 6, 6 
5040, 6, 6 
892, 6, 6 
48005, 6, 6 
7718, 6, 6 
13261, 6, 6 
32734, 6, 6 
29295, 6, 6 
25977, 6, 6 
17382, 6, 6 
13546, 6, 6 
55274, 6, 6 
51528, 6, 6 
40137, 6, 6 
12177, 6, 6 
54994, 6, 6 
46735, 6, 6 
42978, 6, 6 
44984, 6, 6 
8105, 6, 6 
24441, 6, 6 
6265, 6, 6 
30956, 6, 6 
18292, 6, 6 
24380, 6, 6 
3364, 6, 6 
23049, 6, 6 
7126, 6, 6 
46704, 6, 6 
57143, 6, 6 
51096, 6, 6 
50093, 6, 6 
17524, 6, 6 
16002, 6, 6 
24266, 6, 6 
52516, 6, 6 
24224, 6, 6 
2474, 6, 6 
22035, 6, 6 
13941, 6, 6 
46559, 6, 6 
21205, 6, 6 
24754, 6, 6 
39883, 6, 6 
39067, 6, 6 
20291, 6, 6 
43694, 6, 6 
16538, 6, 6 
38578, 6, 6 
20416, 6, 6 
25771, 6, 6 
54067, 6, 6 
35213, 6, 6 
7095, 6, 6 
3330, 6, 6 
22940, 6, 6 
50741, 6, 6 
36703, 6, 6 
54425, 6, 6 
66, 6, 6 
23593, 6, 6 
31368, 6, 6 
17876, 6, 6 
6571, 6, 6 
32783, 6, 6 
22257, 6, 6 
48772, 6, 6 
39, 6, 6 
52125, 6, 6 
6982, 6, 6 
36881, 6, 6 
33794, 6, 6 
3451, 6, 6 
30157, 6, 6 
21961, 6, 6 
44238, 6, 6 
11849, 6, 6 
14300, 6, 6 
13226, 6, 6 
37091, 6, 6 
39137, 6, 6 
54363, 6, 6 
38306, 6, 6 
28549, 6, 6 
2785, 6, 6 
25135, 6, 6 
57012, 6, 6 
44218, 6, 6 
48359, 6, 6 
51676, 6, 6 
26735, 6, 6 
7759, 6, 6 
8312, 6, 6 
50666, 6, 6 
37121, 6, 6 
20323, 6, 6 
16768, 6, 6 
53198, 6, 6 
10813, 6, 6 
28333, 6, 6 
45664, 6, 6 
59531, 6, 6 
57213, 6, 6 
1494, 6, 6 
29507, 6, 6 
3115, 6, 6 
49153, 6, 6 
36254, 6, 6 
11307, 6, 6 
16684, 6, 6 
11076, 7, 7 
53866, 7, 7 
31330, 7, 7 
45533, 7, 7 
52166, 7, 7 
8361, 7, 7 
30001, 7, 7 
52497, 7, 7 
7931, 7, 7 
18736, 7, 7 
27853, 7, 7 
3531, 7, 7 
18020, 7, 7 
36613, 7, 7 
26374, 7, 7 
9224, 7, 7 
47061, 7, 7 
562, 7, 7 
51080, 7, 7 
9665, 7, 7 
34265, 7, 7 
4945, 7, 7 
20707, 7, 7 
9307, 7, 7 
44787, 7, 7 
27546, 7, 7 
24236, 7, 7 
34618, 7, 7 
41297, 7, 7 
42265, 7, 7 
20971, 7, 7 
46618, 7, 7 
59561, 7, 7 
57063, 7, 7 
18825, 7, 7 
7362, 7, 7 
44417, 7, 7 
49415, 7, 7 
17069, 7, 7 
22497, 7, 7 
59468, 7, 7 
37288, 7, 7 
44912, 7, 7 
49320, 7, 7 
19172, 7, 7 
38220, 7, 7 
34899, 7, 7 
42057, 7, 7 
55171, 7, 7 
8144, 7, 7 
34774, 7, 7 
29799, 7, 7 
54759, 7, 7 
52302, 7, 7 
868, 7, 7 
52339, 7, 7 
15856, 7, 7 
44971, 7, 7 
49174, 7, 7 
19259, 7, 7 
57540, 7, 7 
7174, 7, 7 
16369, 7, 7 
49053, 7, 7 
12774, 7, 7 
39107, 7, 7 
26568, 7, 7 
11623, 7, 7 
23140, 7, 7 
4876, 7, 7 
3349, 7, 7 
54186, 7, 7 
49812, 7, 7 
57751, 7, 7 
49257, 7, 7 
53635, 7, 7 
29931, 7, 7 
29117, 7, 7 
786, 7, 7 
56798, 7, 7 
36150, 7, 7 
4680, 7, 7 
38794, 7, 7 
32728, 7, 7 
49523, 7, 7 
11894, 7, 7 
1639, 7, 7 
6221, 7, 7 
41584, 7, 7 
48914, 7, 7 
48100, 7, 7 
12143, 7, 7 
55374, 7, 7 
29509, 7, 7 
56356, 7, 7 
3790, 7, 7 
4330, 7, 7 
42606, 7, 7 
17557, 7, 7 
39401, 7, 7 
48416, 7, 7 
57429, 7, 7 
40505, 7, 7 
36404, 7, 7 
16049, 7, 7 
49709, 7, 7 
38210, 7, 7 
56418, 7, 7 
10969, 7, 7 
3426, 7, 7 
52736, 7, 7 
37900, 7, 7 
11185, 7, 7 
12806, 7, 7 
34160, 7, 7 
48952, 7, 7 
42733, 7, 7 
13391, 7, 7 
32853, 7, 7 
20273, 7, 7 
38954, 7, 7 
46565, 7, 7 
48422, 7, 7 
39672, 7, 7 
3868, 7, 7 
25009, 7, 7 
45159, 7, 7 
24723, 7, 7 
11664, 7, 7 
28885, 7, 7 
58042, 7, 7 
35580, 7, 7 
22181, 7, 7 
45600, 7, 7 
5652, 7, 7 
48969, 7, 7 
30433, 7, 7 
59560, 7, 7 
18309, 7, 7 
13975, 7, 7 
16383, 7, 7 
28012, 7, 7 
42466, 7, 7 
58167, 7, 7 
16288, 7, 7 
11919, 7, 7 
41919, 7, 7 
45361, 7, 7 
40510, 7, 7 
26041, 7, 7 
29689, 7, 7 
3206, 7, 7 
39821, 7, 7 
4647, 7, 7 
54761, 7, 7 
28990, 7, 7 
6688, 7, 7 
45592, 7, 7 
26097, 7, 7 
17789, 7, 7 
32289, 7, 7 
50037, 7, 7 
34142, 7, 7 
20720, 7, 7 
25126, 7, 7 
7754, 7, 7 
50359, 7, 7 
28575, 7, 7 
52779, 7, 7 
14926, 7, 7 
38282, 7, 7 
384, 7, 7 
14814, 7, 7 
59048, 7, 7 
53523, 7, 7 
39358, 7, 7 
17813, 7, 7 
37753, 7, 7 
7644, 7, 7 
31542, 7, 7 
1946, 7, 7 
23607, 7, 7 
56769, 7, 7 
21236, 7, 7 
32145, 7, 7 
22109, 7, 7 
34982, 7, 7 
22279, 7, 7 
17109, 7, 7 
8143, 7, 7 
8302, 7, 7 
49818, 7, 7 
5422, 7, 7 
7001, 7, 7 
45170, 7, 7 
25200, 7, 7 
7380, 7, 7 
13410, 7, 7 
48259, 7, 7 
48098, 7, 7 
8501, 8, 8 
23729, 8, 8 
12054, 8, 8 
40245, 8, 8 
14782, 8, 8 
40893, 8, 8 
708, 8, 8 
54056, 8, 8 
58776, 8, 8 
5460, 8, 8 
36648, 8, 8 
27008, 8, 8 
34763, 8, 8 
532, 8, 8 
2951, 8, 8 
48773, 8, 8 
22543, 8, 8 
59423, 8, 8 
2901, 8, 8 
29700, 8, 8 
31738, 8, 8 
29381, 8, 8 
34722, 8, 8 
28710, 8, 8 
59495, 8, 8 
8285, 8, 8 
52722, 8, 8 
47463, 8, 8 
4862, 8, 8 
7681, 8, 8 
11351, 8, 8 
15436, 8, 8 
22290, 8, 8 
54346, 8, 8 
45458, 8, 8 
39187, 8, 8 
17957, 8, 8 
20035, 8, 8 
10856, 8, 8 
22532, 8, 8 
27973, 8, 8 
48552, 8, 8 
27636, 8, 8 
34574, 8, 8 
45168, 8, 8 
46399, 8, 8 
36114, 8, 8 
48668, 8, 8 
5299, 8, 8 
2672, 8, 8 
17290, 8, 8 
37608, 8, 8 
16486, 8, 8 
48495, 8, 8 
54394, 8, 8 
31259, 8, 8 
32147, 8, 8 
13424, 8, 8 
29691, 8, 8 
34901, 8, 8 
24806, 8, 8 
1267, 8, 8 
25018, 8, 8 
4282, 8, 8 
22810, 8, 8 
57217, 8, 8 
43788, 8, 8 
56428, 8, 8 
52401, 8, 8 
1657, 8, 8 
12619, 8, 8 
23669, 8, 8 
41831, 8, 8 
5894, 8, 8 
43958, 8, 8 
31540, 8, 8 
33678, 8, 8 
32733, 8, 8 
51411, 8, 8 
44024, 8, 8 
9769, 8, 8 
11950, 8, 8 
48824, 8, 8 
19242, 8, 8 
24925, 8, 8 
24691, 8, 8 
8485, 8, 8 
37962, 8, 8 
14779, 8, 8 
1016, 8, 8 
34154, 8, 8 
3446, 8, 8 
59936, 8, 8 
3425, 8, 8 
6512, 8, 8 
33827, 8, 8 
3338, 8, 8 
18774, 8, 8 
20106, 8, 8 
26952, 8, 8 
40295, 8, 8 
20690, 8, 8 
14665, 8, 8 
14808, 8, 8 
54117, 8, 8 
11908, 8, 8 
24048, 8, 8 
51665, 8, 8 
3211, 8, 8 
21520, 8, 8 
4797, 8, 8 
51878, 8, 8 
24791, 8, 8 
46827, 8, 8 
47967, 8, 8 
43522, 8, 8 
13605, 8, 8 
8118, 8, 8 
3766, 8, 8 
12899, 8, 8 
35576, 8, 8 
25275, 8, 8 
56286, 8, 8 
40856, 8, 8 
28739, 8, 8 
55555, 8, 8 
885, 8, 8 
27072, 8, 8 
19595, 8, 8 
30703, 8, 8 
31103, 8, 8 
58674, 8, 8 
24598, 8, 8 
53520, 8, 8 
42868, 8, 8 
34414, 8, 8 
30467, 8, 8 
18130, 8, 8 
14697, 8, 8 
46110, 8, 8 
18577, 8, 8 
40665, 8, 8 
58951, 8, 8 
7979, 8, 8 
29729, 8, 8 
43215, 8, 8 
48160, 8, 8 
56296, 8, 8 
45156, 8, 8 
7871, 8, 8 
54712, 8, 8 
58709, 8, 8 
53082, 8, 8 
9154, 8, 8 
29198, 8, 8 
39005, 8, 8 
3082, 8, 8 
9982, 8, 8 
52430, 8, 8 
8584, 8, 8 
51244, 8, 8 
21711, 8, 8 
26935, 8, 8 
36747, 8, 8 
55761, 8, 8 
15033, 8, 8 
5248, 8, 8 
15247, 8, 8 
22439, 8, 8 
43724, 8, 8 
35005, 8, 8 
41200, 8, 8 
28887, 8, 8 
25568, 8, 8 
18373, 8, 8 
55853, 8, 8 
16972, 8, 8 
20640, 8, 8 
55959, 8, 8 
8951, 8, 8 
9501, 8, 8 
46346, 8, 8 
16432, 8, 8 
33481, 8, 8 
42096, 8, 8 
7606, 8, 8 
35501, 8, 8 
7891, 8, 8 
12353, 8, 8 
36582, 8, 8 
22913, 8, 8 
50302, 8, 8 
36219, 8, 8 
55706, 8, 8 
265, 8, 8 
11331, 8, 8 
12623, 8, 8 
34540, 8, 8 
33150, 8, 8 
19540, 8, 8 
13949, 9, 9 
2795, 9, 9 
7742, 9, 9 
44285, 9, 9 
2924, 9, 9 
17166, 9, 9 
10597, 9, 9 
49262, 9, 9 
38795, 9, 9 
43661, 9, 9 
11196, 9, 9 
19914, 9, 9 
35894, 9, 9 
56178, 9, 9 
41254, 9, 9 
16477, 9, 9 
6272, 9, 9 
51592, 9, 9 
18377, 9, 9 
15413, 9, 9 
57449, 9, 9 
45415, 9, 9 
52948, 9, 9 
40065, 9, 9 
1683, 9, 9 
27387, 9, 9 
41827, 9, 9 
40753, 9, 9 
20111, 9, 9 
43667, 9, 9 
22243, 9, 9 
41251, 9, 9 
48577, 9, 9 
42129, 9, 9 
6334, 9, 9 
34476, 9, 9 
13439, 9, 9 
53044, 9, 9 
22684, 9, 9 
53437, 9, 9 
25493, 9, 9 
5454, 9, 9 
56199, 9, 9 
13530, 9, 9 
19567, 9, 9 
25909, 9, 9 
26833, 9, 9 
58004, 9, 9 
4456, 9, 9 
43453, 9, 9 
35016, 9, 9 
13465, 9, 9 
31225, 9, 9 
20571, 9, 9 
37737, 9, 9 
9394, 9, 9 
37333, 9, 9 
35641, 9, 9 
10109, 9, 9 
1352, 9, 9 
58274, 9, 9 
44534, 9, 9 
51036, 9, 9 
10929, 9, 9 
9167, 9, 9 
18241, 9, 9 
16808, 9, 9 
47783, 9, 9 
22875, 9, 9 
54599, 9, 9 
6285, 9, 9 
26663, 9, 9 
12629, 9, 9 
36013, 9, 9 
43611, 9, 9 
41483, 9, 9 
41162, 9, 9 
16476, 9, 9 
16992, 9, 9 
12203, 9, 9 
56807, 9, 9 
41114, 9, 9 
3566, 9, 9 
3770, 9, 9 
37879, 9, 9 
29154, 9, 9 
36203, 9, 9 
9998, 9, 9 
23314, 9, 9 
7773, 9, 9 
47664, 9, 9 
31573, 9, 9 
47178, 9, 9 
11313, 9, 9 
11897, 9, 9 
52845, 9, 9 
54520, 9, 9 
41422, 9, 9 
46298, 9, 9 
54334, 9, 9 
24704, 9, 9 
800, 9, 9 
14332, 9, 9 
30636, 9, 9 
41295, 9, 9 
29332, 9, 9 
601, 9, 9 
24927, 9, 9 
4, 9, 9 
21091, 9, 9 
5645, 9, 9 
50163, 9, 9 
54702, 9, 9 
550, 9, 9 
16388, 9, 9 
32251, 9, 9 
26336, 9, 9 
10539, 9, 9 
11293, 9, 9 
56156, 9, 9 
36007, 9, 9 
48159, 9, 9 
21423, 9, 9 
17824, 9, 9 
35384, 9, 9 
30138, 9, 9 
22340, 9, 9 
21516, 9, 9 
14950, 9, 9 
28422, 9, 9 
49793, 9, 9 
58401, 9, 9 
30453, 9, 9 
43864, 9, 9 
55730, 9, 9 
19814, 9, 9 
38704, 9, 9 
44982, 9, 9 
29234, 9, 9 
35996, 9, 9 
26525, 9, 9 
59890, 9, 9 
37748, 9, 9 
2934, 9, 9 
43120, 9, 9 
35715, 9, 9 
13270, 9, 9 
35735, 9, 9 
53317, 9, 9 
24983, 9, 9 
24482, 9, 9 
18562, 9, 9 
2199, 9, 9 
13323, 9, 9 
49112, 9, 9 
42426, 9, 9 
16173, 9, 9 
44083, 9, 9 
14681, 9, 9 
56443, 9, 9 
36349, 9, 9 
44586, 9, 9 
40984, 9, 9 
38673, 9, 9 
24817, 9, 9 
20925, 9, 9 
42086, 9, 9 
25655, 9, 9 
19748, 9, 9 
37009, 9, 9 
54546, 9, 9 
7529, 9, 9 
52800, 9, 9 
33599, 9, 9 
7098, 9, 9 
24082, 9, 9 
47703, 9, 9 
51812, 9, 9 
25044, 9, 9 
12825, 9, 9 
22165, 9, 9 
41734, 9, 9 
36369, 9, 9 
15117, 9, 9 
19730, 9, 9 
45879, 9, 9 
46020, 9, 9 
22359, 9, 9 
58696, 9, 9 
8971, 9, 9 
17119, 9, 9 
1748, 9, 9 
32016, 9, 9 
8393, 9, 9 
36181, 9, 9 
8439, 9, 9 
53623, 9, 9 
19185, 9, 9 
47679, 9, 9 
56157, 9, 9 
