id, true label, predicted label 
15060, 0, 0 
25529, 0, 0 
3534, 0, 0 
30220, 0, 0 
29809, 0, 0 
13164, 0, 0 
34073, 0, 0 
59433, 0, 0 
41027, 0, 0 
7254, 0, 0 
41259, 0, 0 
48716, 0, 0 
5585, 0, 0 
35039, 0, 0 
48274, 0, 0 
53959, 0, 0 
18464, 0, 0 
49011, 0, 0 
5228, 0, 0 
32574, 0, 0 
51303, 0, 0 
28671, 0, 0 
5498, 0, 0 
24537, 0, 0 
22832, 0, 0 
3429, 0, 0 
11541, 0, 0 
52470, 0, 0 
38605, 0, 0 
51210, 0, 0 
17025, 0, 0 
56929, 0, 0 
38123, 0, 0 
4656, 0, 0 
45942, 0, 0 
2919, 0, 0 
41341, 0, 0 
19225, 0, 0 
50208, 0, 0 
3881, 0, 0 
33149, 0, 0 
39119, 0, 0 
10700, 0, 0 
39898, 0, 0 
44826, 0, 0 
39474, 0, 0 
30163, 0, 0 
37432, 0, 0 
44029, 0, 0 
53632, 0, 0 
8385, 0, 0 
12239, 0, 0 
51618, 0, 0 
51533, 0, 0 
39623, 0, 0 
58560, 0, 0 
55830, 0, 0 
34731, 0, 0 
36351, 0, 0 
30363, 0, 0 
25839, 0, 0 
54303, 0, 0 
23104, 0, 0 
40303, 0, 0 
41647, 0, 0 
52161, 0, 0 
35063, 0, 0 
28816, 0, 0 
6857, 0, 0 
13238, 0, 0 
44127, 0, 0 
51466, 0, 0 
52021, 0, 0 
48963, 0, 0 
43443, 0, 0 
45701, 0, 0 
28186, 0, 0 
45853, 0, 0 
55275, 0, 0 
56573, 0, 0 
2944, 0, 0 
12785, 0, 0 
59497, 0, 0 
26210, 0, 0 
5268, 0, 0 
52126, 0, 0 
35896, 0, 0 
24698, 0, 0 
55481, 0, 0 
13211, 0, 0 
42915, 0, 0 
56968, 0, 0 
2736, 0, 0 
23013, 0, 0 
28818, 0, 0 
26366, 0, 0 
4343, 0, 0 
38364, 0, 0 
57120, 0, 0 
10204, 0, 0 
29713, 0, 0 
55873, 0, 0 
11584, 0, 0 
33673, 0, 0 
20928, 0, 0 
2396, 0, 0 
48168, 0, 0 
40312, 0, 0 
33003, 0, 0 
46332, 0, 0 
58599, 0, 0 
55727, 0, 0 
55679, 0, 0 
50909, 0, 0 
2539, 0, 0 
38993, 0, 0 
26103, 0, 0 
46412, 0, 0 
17200, 0, 0 
22270, 0, 0 
12184, 0, 0 
29706, 0, 0 
57887, 0, 0 
47716, 0, 0 
34708, 0, 0 
45061, 0, 0 
4981, 0, 0 
42180, 0, 0 
37937, 0, 0 
28041, 0, 0 
53077, 0, 0 
55242, 0, 0 
296, 0, 0 
52508, 0, 0 
59175, 0, 0 
9666, 0, 0 
44121, 0, 0 
38914, 0, 0 
41789, 0, 0 
56570, 0, 0 
22441, 0, 0 
4756, 0, 0 
15017, 0, 0 
33293, 0, 0 
59244, 0, 0 
7499, 0, 0 
3529, 0, 0 
52185, 0, 0 
46014, 0, 0 
8349, 0, 0 
30119, 0, 0 
19974, 0, 0 
48631, 0, 0 
5886, 0, 0 
41100, 0, 0 
9459, 0, 0 
23293, 0, 0 
57359, 0, 0 
51992, 0, 0 
15777, 0, 0 
59051, 0, 0 
55582, 0, 0 
54514, 0, 0 
35449, 0, 0 
42487, 0, 0 
11969, 0, 0 
29562, 0, 0 
3337, 0, 0 
49675, 0, 0 
40859, 0, 0 
668, 0, 0 
28973, 0, 0 
39817, 0, 0 
1049, 0, 0 
1678, 0, 0 
4642, 0, 0 
20371, 0, 0 
29873, 0, 0 
48807, 0, 0 
43309, 0, 0 
32162, 0, 0 
55056, 0, 0 
42324, 0, 0 
22429, 0, 0 
23541, 0, 0 
5196, 0, 0 
10531, 0, 0 
2435, 0, 0 
50042, 0, 0 
37559, 0, 0 
54121, 0, 0 
56801, 0, 0 
45402, 0, 0 
15028, 0, 0 
37787, 0, 0 
17585, 0, 0 
22816, 0, 0 
5007, 0, 0 
10221, 0, 0 
29570, 0, 0 
59074, 1, 1 
50498, 1, 1 
45650, 1, 1 
50993, 1, 1 
3155, 1, 1 
34337, 1, 1 
4149, 1, 1 
20506, 1, 1 
59102, 1, 1 
5814, 1, 1 
32482, 1, 1 
39007, 1, 1 
21101, 1, 1 
50632, 1, 1 
22748, 1, 1 
59994, 1, 1 
45683, 1, 1 
3850, 1, 1 
19150, 1, 1 
49667, 1, 1 
41392, 1, 1 
33924, 1, 1 
55150, 1, 1 
22538, 1, 1 
29030, 1, 1 
58557, 1, 1 
40848, 1, 1 
29087, 1, 1 
43297, 1, 1 
22899, 1, 1 
32486, 1, 1 
23788, 1, 1 
43905, 1, 1 
11975, 1, 1 
11606, 1, 1 
45253, 1, 1 
26745, 1, 1 
57722, 1, 1 
13154, 1, 1 
22475, 1, 1 
3487, 1, 1 
42424, 1, 1 
25264, 1, 1 
53792, 1, 1 
38226, 1, 1 
26238, 1, 1 
8258, 1, 1 
8550, 1, 1 
30031, 1, 1 
2505, 1, 1 
57516, 1, 1 
13625, 1, 1 
23647, 1, 1 
46936, 1, 1 
31250, 1, 1 
42537, 1, 1 
8445, 1, 1 
57775, 1, 1 
20135, 1, 1 
20643, 1, 1 
38684, 1, 1 
46893, 1, 1 
710, 1, 1 
9133, 1, 1 
38196, 1, 1 
38305, 1, 1 
25779, 1, 1 
50453, 1, 1 
23660, 1, 1 
15557, 1, 1 
5439, 1, 1 
8083, 1, 1 
12221, 1, 1 
7668, 1, 1 
23886, 1, 1 
30158, 1, 1 
2495, 1, 1 
41518, 1, 1 
39984, 1, 1 
8992, 1, 1 
44136, 1, 1 
40294, 1, 1 
54223, 1, 1 
17775, 1, 1 
8970, 1, 1 
43336, 1, 1 
26070, 1, 1 
29615, 1, 1 
15999, 1, 1 
39637, 1, 1 
6609, 1, 1 
50356, 1, 1 
18207, 1, 1 
32765, 1, 1 
58561, 1, 1 
31679, 1, 1 
16447, 1, 1 
6083, 1, 1 
7240, 1, 1 
20279, 1, 1 
55397, 1, 1 
53273, 1, 1 
50051, 1, 1 
43779, 1, 1 
54380, 1, 1 
38831, 1, 1 
27136, 1, 1 
11229, 1, 1 
46915, 1, 1 
51895, 1, 1 
10378, 1, 1 
42000, 1, 1 
4152, 1, 1 
28557, 1, 1 
15265, 1, 1 
36045, 1, 1 
16236, 1, 1 
10152, 1, 1 
30140, 1, 1 
19289, 1, 1 
20798, 1, 1 
23505, 1, 1 
30214, 1, 1 
8903, 1, 1 
113, 1, 1 
7022, 1, 1 
16278, 1, 1 
32038, 1, 1 
9264, 1, 1 
21791, 1, 1 
41554, 1, 1 
10266, 1, 1 
22972, 1, 1 
54886, 1, 1 
53180, 1, 1 
40664, 1, 1 
20852, 1, 1 
1252, 1, 1 
35329, 1, 1 
35396, 1, 1 
38840, 1, 1 
8678, 1, 1 
16904, 1, 1 
17662, 1, 1 
7116, 1, 1 
51813, 1, 1 
22065, 1, 1 
12883, 1, 1 
41011, 1, 1 
21465, 1, 1 
34017, 1, 1 
22095, 1, 1 
27558, 1, 1 
39936, 1, 1 
57192, 1, 1 
28569, 1, 1 
50207, 1, 1 
13855, 1, 1 
23970, 1, 1 
21908, 1, 1 
46542, 1, 1 
50667, 1, 1 
55232, 1, 1 
10268, 1, 1 
42888, 1, 1 
4248, 1, 1 
205, 1, 1 
33826, 1, 1 
7729, 1, 1 
27025, 1, 1 
10834, 1, 1 
37285, 1, 1 
42276, 1, 1 
5903, 1, 1 
28000, 1, 1 
55031, 1, 1 
52963, 1, 1 
41150, 1, 1 
55710, 1, 1 
41386, 1, 1 
2937, 1, 1 
7558, 1, 1 
57305, 1, 1 
4013, 1, 1 
14561, 1, 1 
47875, 1, 1 
31685, 1, 1 
20678, 1, 1 
5570, 1, 1 
46583, 1, 1 
11236, 1, 1 
14312, 1, 1 
23302, 1, 1 
40682, 1, 1 
15397, 1, 1 
21709, 1, 1 
47213, 1, 1 
40069, 1, 1 
37897, 1, 1 
23003, 1, 1 
19606, 2, 2 
52677, 2, 2 
30872, 2, 2 
16007, 2, 2 
26201, 2, 2 
48899, 2, 2 
59824, 2, 2 
33233, 2, 2 
43794, 2, 2 
24182, 2, 2 
54033, 2, 2 
37904, 2, 2 
20497, 2, 2 
17821, 2, 2 
41541, 2, 2 
19031, 2, 2 
13198, 2, 2 
38800, 2, 2 
25991, 2, 2 
39739, 2, 2 
24331, 2, 2 
8102, 2, 2 
43850, 2, 2 
58254, 2, 2 
33088, 2, 2 
26355, 2, 2 
46727, 2, 2 
25787, 2, 2 
47270, 2, 2 
39545, 2, 2 
38793, 2, 2 
1299, 2, 2 
49993, 2, 2 
19324, 2, 2 
33680, 2, 2 
47409, 2, 2 
50229, 2, 2 
49285, 2, 2 
58032, 2, 2 
3826, 2, 2 
14694, 2, 2 
38040, 2, 2 
56223, 2, 2 
36813, 2, 2 
27374, 2, 2 
4241, 2, 2 
58533, 2, 2 
23481, 2, 2 
47321, 2, 2 
7375, 2, 2 
50449, 2, 2 
664, 2, 2 
35011, 2, 2 
187, 2, 2 
18803, 2, 2 
49582, 2, 2 
6125, 2, 2 
49605, 2, 2 
19115, 2, 2 
190, 2, 2 
50452, 2, 2 
32856, 2, 2 
23268, 2, 2 
15887, 2, 2 
17263, 2, 2 
3199, 2, 2 
18290, 2, 2 
50495, 2, 2 
41900, 2, 2 
19524, 2, 2 
53013, 2, 2 
8749, 2, 2 
12608, 2, 2 
14121, 2, 2 
59053, 2, 2 
18662, 2, 2 
15055, 2, 2 
36355, 2, 2 
35510, 2, 2 
41860, 2, 2 
34217, 2, 2 
47924, 2, 2 
2280, 2, 2 
21557, 2, 2 
18198, 2, 2 
7633, 2, 2 
17973, 2, 2 
2887, 2, 2 
29741, 2, 2 
19028, 2, 2 
58512, 2, 2 
42443, 2, 2 
27434, 2, 2 
555, 2, 2 
40289, 2, 2 
47036, 2, 2 
19245, 2, 2 
25526, 2, 2 
22115, 2, 2 
58502, 2, 2 
11700, 2, 2 
25838, 2, 2 
45387, 2, 2 
55129, 2, 2 
35023, 2, 2 
6992, 2, 2 
24381, 2, 2 
18017, 2, 2 
35779, 2, 2 
42280, 2, 2 
21435, 2, 2 
20239, 2, 2 
49778, 2, 2 
26325, 2, 2 
6063, 2, 2 
58019, 2, 2 
49580, 2, 2 
6764, 2, 2 
14174, 2, 2 
24035, 2, 2 
55391, 2, 2 
19502, 2, 2 
50218, 2, 2 
36335, 2, 2 
17137, 2, 2 
59093, 2, 2 
22751, 2, 2 
51541, 2, 2 
12461, 2, 2 
58114, 2, 2 
51682, 2, 2 
29720, 2, 2 
16, 2, 2 
24836, 2, 2 
33821, 2, 2 
15228, 2, 2 
11449, 2, 2 
25570, 2, 2 
30762, 2, 2 
8939, 2, 2 
13535, 2, 2 
24517, 2, 2 
39673, 2, 2 
21674, 2, 2 
32606, 2, 2 
6919, 2, 2 
4880, 2, 2 
1397, 2, 2 
34831, 2, 2 
39644, 2, 2 
53473, 2, 2 
27113, 2, 2 
44371, 2, 2 
24724, 2, 2 
23335, 2, 2 
39488, 2, 2 
41256, 2, 2 
55545, 2, 2 
16196, 2, 2 
35076, 2, 2 
41841, 2, 2 
10502, 2, 2 
27384, 2, 2 
53430, 2, 2 
43312, 2, 2 
15466, 2, 2 
52207, 2, 2 
50546, 2, 2 
33695, 2, 2 
43184, 2, 2 
2601, 2, 2 
3362, 2, 2 
44657, 2, 2 
29611, 2, 2 
48158, 2, 2 
11727, 2, 2 
22124, 2, 2 
44565, 2, 2 
52782, 2, 2 
54110, 2, 2 
44302, 2, 2 
5914, 2, 2 
44502, 2, 2 
432, 2, 2 
45825, 2, 2 
37418, 2, 2 
12372, 2, 2 
40740, 2, 2 
25309, 2, 2 
2879, 2, 2 
16989, 2, 2 
23916, 2, 2 
53089, 2, 2 
21073, 2, 2 
13139, 2, 2 
51216, 2, 2 
10805, 2, 2 
22457, 2, 2 
14776, 2, 2 
47530, 2, 2 
36623, 3, 3 
57651, 3, 3 
16013, 3, 3 
29701, 3, 3 
32588, 3, 3 
50679, 3, 3 
12225, 3, 3 
53283, 3, 3 
15139, 3, 3 
5987, 3, 3 
12498, 3, 3 
36604, 3, 3 
56974, 3, 3 
27691, 3, 3 
43537, 3, 3 
21328, 3, 3 
26149, 3, 3 
21007, 3, 3 
49054, 3, 3 
53084, 3, 3 
37035, 3, 3 
58449, 3, 3 
58048, 3, 3 
31311, 3, 3 
29013, 3, 3 
3472, 3, 3 
21643, 3, 3 
5080, 3, 3 
1144, 3, 3 
18069, 3, 3 
47979, 3, 3 
28983, 3, 3 
57739, 3, 3 
2834, 3, 3 
1863, 3, 3 
54531, 3, 3 
15496, 3, 3 
9759, 3, 3 
55758, 3, 3 
41781, 3, 3 
34645, 3, 3 
50885, 3, 3 
48922, 3, 3 
21980, 3, 3 
49589, 3, 3 
2567, 3, 3 
24218, 3, 3 
21001, 3, 3 
12983, 3, 3 
3687, 3, 3 
39814, 3, 3 
3491, 3, 3 
12709, 3, 3 
45644, 3, 3 
16125, 3, 3 
14184, 3, 3 
50210, 3, 3 
37197, 3, 3 
39415, 3, 3 
18079, 3, 3 
55923, 3, 3 
45848, 3, 3 
53560, 3, 3 
30284, 3, 3 
45809, 3, 3 
40639, 3, 3 
53039, 3, 3 
45474, 3, 3 
42545, 3, 3 
28653, 3, 3 
32581, 3, 3 
1474, 3, 3 
27553, 3, 3 
14283, 3, 3 
35317, 3, 3 
2469, 3, 3 
51890, 3, 3 
26013, 3, 3 
15210, 3, 3 
50148, 3, 3 
52940, 3, 3 
41015, 3, 3 
55926, 3, 3 
30793, 3, 3 
46702, 3, 3 
33223, 3, 3 
59398, 3, 3 
13706, 3, 3 
21939, 3, 3 
11053, 3, 3 
27988, 3, 3 
34832, 3, 3 
13221, 3, 3 
18915, 3, 3 
58336, 3, 3 
49859, 3, 3 
7635, 3, 3 
46621, 3, 3 
9868, 3, 3 
12333, 3, 3 
44478, 3, 3 
49985, 3, 3 
26399, 3, 3 
42024, 3, 3 
47461, 3, 3 
56321, 3, 3 
47510, 3, 3 
53815, 3, 3 
36132, 3, 3 
3740, 3, 3 
55966, 3, 3 
27480, 3, 3 
9516, 3, 3 
24307, 3, 3 
42140, 3, 3 
57781, 3, 3 
22996, 3, 3 
57598, 3, 3 
13353, 3, 3 
43140, 3, 3 
8115, 3, 3 
43619, 3, 3 
58278, 3, 3 
15332, 3, 3 
26662, 3, 3 
13704, 3, 3 
31868, 3, 3 
19950, 3, 3 
14447, 3, 3 
8923, 3, 3 
40914, 3, 3 
11221, 3, 3 
55864, 3, 3 
24789, 3, 3 
111, 3, 3 
12924, 3, 3 
42565, 3, 3 
44764, 3, 3 
37293, 3, 3 
10993, 3, 3 
53332, 3, 3 
34607, 3, 3 
26866, 3, 3 
56260, 3, 3 
22322, 3, 3 
23563, 3, 3 
54001, 3, 3 
36802, 3, 3 
40926, 3, 3 
29353, 3, 3 
37730, 3, 3 
31345, 3, 3 
3291, 3, 3 
1829, 3, 3 
5011, 3, 3 
33400, 3, 3 
4552, 3, 3 
17085, 3, 3 
43991, 3, 3 
17766, 3, 3 
6894, 3, 3 
8455, 3, 3 
49222, 3, 3 
24281, 3, 3 
42212, 3, 3 
8048, 3, 3 
2029, 3, 3 
12593, 3, 3 
6584, 3, 3 
38687, 3, 3 
45946, 3, 3 
7288, 3, 3 
48396, 3, 3 
38445, 3, 3 
18727, 3, 3 
30229, 3, 3 
12617, 3, 3 
57172, 3, 3 
57974, 3, 3 
10369, 3, 3 
49435, 3, 3 
13445, 3, 3 
45656, 3, 3 
33399, 3, 3 
20023, 3, 3 
5967, 3, 3 
57171, 3, 3 
31157, 3, 3 
752, 3, 3 
46506, 3, 3 
28913, 3, 3 
57472, 3, 3 
49080, 3, 3 
47992, 3, 3 
21447, 3, 3 
35944, 3, 3 
55377, 3, 3 
14577, 3, 3 
26008, 3, 3 
34145, 3, 3 
50411, 4, 4 
34733, 4, 4 
58764, 4, 4 
4540, 4, 4 
53134, 4, 4 
18101, 4, 4 
54359, 4, 4 
27555, 4, 4 
56072, 4, 4 
18245, 4, 4 
14592, 4, 4 
16566, 4, 4 
3092, 4, 4 
59931, 4, 4 
5631, 4, 4 
30933, 4, 4 
35179, 4, 4 
26769, 4, 4 
20447, 4, 4 
17182, 4, 4 
27056, 4, 4 
40523, 4, 4 
36962, 4, 4 
22472, 4, 4 
58545, 4, 4 
34067, 4, 4 
56094, 4, 4 
2323, 4, 4 
46754, 4, 4 
26172, 4, 4 
24019, 4, 4 
1261, 4, 4 
44877, 4, 4 
59657, 4, 4 
24052, 4, 4 
29631, 4, 4 
4336, 4, 4 
26367, 4, 4 
28747, 4, 4 
57111, 4, 4 
17390, 4, 4 
33346, 4, 4 
16009, 4, 4 
5835, 4, 4 
49940, 4, 4 
59261, 4, 4 
39287, 4, 4 
33702, 4, 4 
58496, 4, 4 
13418, 4, 4 
47532, 4, 4 
44037, 4, 4 
53768, 4, 4 
35142, 4, 4 
4798, 4, 4 
53141, 4, 4 
11767, 4, 4 
17922, 4, 4 
5796, 4, 4 
15078, 4, 4 
10899, 4, 4 
12973, 4, 4 
26269, 4, 4 
37487, 4, 4 
25656, 4, 4 
3738, 4, 4 
47665, 4, 4 
49005, 4, 4 
43881, 4, 4 
18420, 4, 4 
43073, 4, 4 
7919, 4, 4 
51838, 4, 4 
39186, 4, 4 
54814, 4, 4 
18031, 4, 4 
22580, 4, 4 
58003, 4, 4 
19608, 4, 4 
21430, 4, 4 
4796, 4, 4 
42233, 4, 4 
6532, 4, 4 
53883, 4, 4 
48084, 4, 4 
14538, 4, 4 
29792, 4, 4 
29046, 4, 4 
46164, 4, 4 
7489, 4, 4 
54657, 4, 4 
6336, 4, 4 
57328, 4, 4 
11369, 4, 4 
35254, 4, 4 
2808, 4, 4 
52580, 4, 4 
45565, 4, 4 
20172, 4, 4 
40187, 4, 4 
24653, 4, 4 
32015, 4, 4 
54427, 4, 4 
30888, 4, 4 
53052, 4, 4 
34138, 4, 4 
44155, 4, 4 
20972, 4, 4 
36151, 4, 4 
7826, 4, 4 
40094, 4, 4 
292, 4, 4 
15686, 4, 4 
49206, 4, 4 
2520, 4, 4 
30113, 4, 4 
31126, 4, 4 
50188, 4, 4 
8101, 4, 4 
59943, 4, 4 
29866, 4, 4 
30458, 4, 4 
45330, 4, 4 
15682, 4, 4 
45299, 4, 4 
19138, 4, 4 
38891, 4, 4 
15274, 4, 4 
5590, 4, 4 
27695, 4, 4 
48327, 4, 4 
30272, 4, 4 
1006, 4, 4 
11690, 4, 4 
10870, 4, 4 
59900, 4, 4 
4132, 4, 4 
115, 4, 4 
35716, 4, 4 
46993, 4, 4 
21746, 4, 4 
13183, 4, 4 
48467, 4, 4 
1767, 4, 4 
8587, 4, 4 
3973, 4, 4 
8243, 4, 4 
24514, 4, 4 
59401, 4, 4 
55552, 4, 4 
20835, 4, 4 
12055, 4, 4 
26281, 4, 4 
48399, 4, 4 
48314, 4, 4 
51921, 4, 4 
4890, 4, 4 
11073, 4, 4 
55529, 4, 4 
2772, 4, 4 
4593, 4, 4 
39551, 4, 4 
45681, 4, 4 
10060, 4, 4 
25396, 4, 4 
35866, 4, 4 
21490, 4, 4 
51449, 4, 4 
30234, 4, 4 
38710, 4, 4 
22233, 4, 4 
28008, 4, 4 
11153, 4, 4 
17511, 4, 4 
23713, 4, 4 
46104, 4, 4 
1827, 4, 4 
13664, 4, 4 
39080, 4, 4 
24894, 4, 4 
20726, 4, 4 
24604, 4, 4 
24527, 4, 4 
50694, 4, 4 
2256, 4, 4 
48953, 4, 4 
26992, 4, 4 
16313, 4, 4 
48669, 4, 4 
23692, 4, 4 
18551, 4, 4 
9465, 4, 4 
11913, 4, 4 
14739, 4, 4 
48646, 4, 4 
4438, 4, 4 
56671, 4, 4 
25616, 4, 4 
11740, 4, 4 
40677, 4, 4 
40172, 5, 5 
55489, 5, 5 
37375, 5, 5 
29977, 5, 5 
39409, 5, 5 
20109, 5, 5 
23065, 5, 5 
41402, 5, 5 
27996, 5, 5 
50759, 5, 5 
53015, 5, 5 
50615, 5, 5 
54507, 5, 5 
6217, 5, 5 
39502, 5, 5 
58948, 5, 5 
25678, 5, 5 
24608, 5, 5 
51433, 5, 5 
21455, 5, 5 
14471, 5, 5 
26024, 5, 5 
11141, 5, 5 
6848, 5, 5 
59584, 5, 5 
2900, 5, 5 
11935, 5, 5 
26240, 5, 5 
37226, 5, 5 
22517, 5, 5 
15771, 5, 5 
23630, 5, 5 
50533, 5, 5 
36850, 5, 5 
15918, 5, 5 
49825, 5, 5 
3275, 5, 5 
11505, 5, 5 
44494, 5, 5 
17747, 5, 5 
55010, 5, 5 
49684, 5, 5 
56262, 5, 5 
16213, 5, 5 
57168, 5, 5 
52769, 5, 5 
53741, 5, 5 
1406, 5, 5 
19301, 5, 5 
23508, 5, 5 
49668, 5, 5 
56185, 5, 5 
37117, 5, 5 
30983, 5, 5 
10146, 5, 5 
23392, 5, 5 
3216, 5, 5 
28280, 5, 5 
6451, 5, 5 
14435, 5, 5 
55886, 5, 5 
39562, 5, 5 
3137, 5, 5 
47339, 5, 5 
39910, 5, 5 
2605, 5, 5 
46369, 5, 5 
11324, 5, 5 
15873, 5, 5 
22393, 5, 5 
46312, 5, 5 
18234, 5, 5 
53751, 5, 5 
51794, 5, 5 
32582, 5, 5 
29890, 5, 5 
8623, 5, 5 
43397, 5, 5 
52686, 5, 5 
34888, 5, 5 
19186, 5, 5 
11270, 5, 5 
53268, 5, 5 
43799, 5, 5 
34478, 5, 5 
29038, 5, 5 
39923, 5, 5 
35228, 5, 5 
30615, 5, 5 
7044, 5, 5 
12569, 5, 5 
50142, 5, 5 
8835, 5, 5 
33245, 5, 5 
27224, 5, 5 
16120, 5, 5 
58834, 5, 5 
20374, 5, 5 
48905, 5, 5 
56024, 5, 5 
42935, 5, 5 
26814, 5, 5 
34711, 5, 5 
17219, 5, 5 
51731, 5, 5 
38708, 5, 5 
7998, 5, 5 
38608, 5, 5 
32060, 5, 5 
417, 5, 5 
13120, 5, 5 
4695, 5, 5 
43937, 5, 5 
15178, 5, 5 
8986, 5, 5 
51639, 5, 5 
12962, 5, 5 
59662, 5, 5 
504, 5, 5 
8010, 5, 5 
40021, 5, 5 
10954, 5, 5 
21206, 5, 5 
51646, 5, 5 
27100, 5, 5 
29253, 5, 5 
1575, 5, 5 
21058, 5, 5 
48606, 5, 5 
10566, 5, 5 
35420, 5, 5 
4397, 5, 5 
45512, 5, 5 
9160, 5, 5 
43262, 5, 5 
33537, 5, 5 
37472, 5, 5 
42407, 5, 5 
59810, 5, 5 
24332, 5, 5 
4057, 5, 5 
6782, 5, 5 
56695, 5, 5 
30448, 5, 5 
15488, 5, 5 
21754, 5, 5 
53942, 5, 5 
9344, 5, 5 
15886, 5, 5 
4801, 5, 5 
1592, 5, 5 
14839, 5, 5 
23146, 5, 5 
4376, 5, 5 
17567, 5, 5 
2993, 5, 5 
4004, 5, 5 
28178, 5, 5 
14444, 5, 5 
1206, 5, 5 
40966, 5, 5 
37680, 5, 5 
3271, 5, 5 
55460, 5, 5 
50223, 5, 5 
59430, 5, 5 
13991, 5, 5 
55818, 5, 5 
28865, 5, 5 
9587, 5, 5 
47348, 5, 5 
9814, 5, 5 
2395, 5, 5 
51157, 5, 5 
8668, 5, 5 
24490, 5, 5 
610, 5, 5 
16737, 5, 5 
44642, 5, 5 
35738, 5, 5 
14006, 5, 5 
54053, 5, 5 
23903, 5, 5 
51498, 5, 5 
10397, 5, 5 
12548, 5, 5 
57234, 5, 5 
9462, 5, 5 
36303, 5, 5 
32277, 5, 5 
44634, 5, 5 
52474, 5, 5 
921, 5, 5 
40759, 5, 5 
33575, 5, 5 
57330, 5, 5 
15528, 5, 5 
26413, 5, 5 
55958, 5, 5 
46890, 5, 5 
30727, 6, 6 
41201, 6, 6 
54847, 6, 6 
21941, 6, 6 
46003, 6, 6 
51514, 6, 6 
5231, 6, 6 
42475, 6, 6 
38045, 6, 6 
34624, 6, 6 
24201, 6, 6 
33886, 6, 6 
25608, 6, 6 
30518, 6, 6 
16726, 6, 6 
24475, 6, 6 
51446, 6, 6 
29327, 6, 6 
30507, 6, 6 
29774, 6, 6 
7049, 6, 6 
20701, 6, 6 
13303, 6, 6 
13020, 6, 6 
18670, 6, 6 
43431, 6, 6 
42080, 6, 6 
44218, 6, 6 
32631, 6, 6 
31948, 6, 6 
44315, 6, 6 
11680, 6, 6 
34791, 6, 6 
44843, 6, 6 
31646, 6, 6 
3726, 6, 6 
25572, 6, 6 
51378, 6, 6 
41654, 6, 6 
52820, 6, 6 
13261, 6, 6 
55900, 6, 6 
19062, 6, 6 
43225, 6, 6 
21214, 6, 6 
38761, 6, 6 
48632, 6, 6 
31037, 6, 6 
54067, 6, 6 
50294, 6, 6 
49456, 6, 6 
23915, 6, 6 
46526, 6, 6 
6343, 6, 6 
24832, 6, 6 
3058, 6, 6 
36637, 6, 6 
56840, 6, 6 
50275, 6, 6 
22982, 6, 6 
34433, 6, 6 
52472, 6, 6 
51139, 6, 6 
45935, 6, 6 
10754, 6, 6 
24257, 6, 6 
10816, 6, 6 
40036, 6, 6 
25068, 6, 6 
28698, 6, 6 
841, 6, 6 
15145, 6, 6 
43569, 6, 6 
38347, 6, 6 
25541, 6, 6 
55390, 6, 6 
9926, 6, 6 
27757, 6, 6 
13046, 6, 6 
49043, 6, 6 
23358, 6, 6 
51700, 6, 6 
25374, 6, 6 
19356, 6, 6 
41711, 6, 6 
35181, 6, 6 
22803, 6, 6 
59181, 6, 6 
34700, 6, 6 
46994, 6, 6 
5018, 6, 6 
30820, 6, 6 
28768, 6, 6 
3774, 6, 6 
5141, 6, 6 
7452, 6, 6 
37028, 6, 6 
18220, 6, 6 
50135, 6, 6 
42075, 6, 6 
42498, 6, 6 
7401, 6, 6 
31411, 6, 6 
51857, 6, 6 
50289, 6, 6 
54224, 6, 6 
28590, 6, 6 
8121, 6, 6 
47794, 6, 6 
261, 6, 6 
57719, 6, 6 
1918, 6, 6 
4430, 6, 6 
1318, 6, 6 
2138, 6, 6 
25337, 6, 6 
5329, 6, 6 
18702, 6, 6 
30911, 6, 6 
11610, 6, 6 
29136, 6, 6 
23963, 6, 6 
1869, 6, 6 
58370, 6, 6 
19277, 6, 6 
58246, 6, 6 
28805, 6, 6 
18605, 6, 6 
8860, 6, 6 
56963, 6, 6 
12673, 6, 6 
27405, 6, 6 
12735, 6, 6 
24673, 6, 6 
29317, 6, 6 
18096, 6, 6 
17287, 6, 6 
22681, 6, 6 
4841, 6, 6 
26796, 6, 6 
40754, 6, 6 
14265, 6, 6 
55977, 6, 6 
19481, 6, 6 
28127, 6, 6 
6387, 6, 6 
8940, 6, 6 
56568, 6, 6 
26497, 6, 6 
9239, 6, 6 
32701, 6, 6 
21772, 6, 6 
19384, 6, 6 
2923, 6, 6 
45863, 6, 6 
37177, 6, 6 
46669, 6, 6 
19799, 6, 6 
18154, 6, 6 
42541, 6, 6 
1224, 6, 6 
26931, 6, 6 
45713, 6, 6 
11866, 6, 6 
32325, 6, 6 
21103, 6, 6 
31714, 6, 6 
55162, 6, 6 
49879, 6, 6 
46991, 6, 6 
59531, 6, 6 
14159, 6, 6 
48744, 6, 6 
49448, 6, 6 
45614, 6, 6 
44102, 6, 6 
37018, 6, 6 
23687, 6, 6 
50076, 6, 6 
39273, 6, 6 
10968, 6, 6 
22240, 6, 6 
32833, 6, 6 
53754, 6, 6 
39455, 6, 6 
13010, 6, 6 
35322, 6, 6 
55645, 6, 6 
51293, 6, 6 
973, 6, 6 
29981, 6, 6 
58430, 6, 6 
57783, 6, 6 
57143, 6, 6 
43605, 6, 6 
39356, 6, 6 
57253, 6, 6 
56718, 6, 6 
35616, 6, 6 
54621, 6, 6 
32738, 7, 7 
10086, 7, 7 
8629, 7, 7 
54792, 7, 7 
14718, 7, 7 
40436, 7, 7 
49866, 7, 7 
59740, 7, 7 
42283, 7, 7 
13710, 7, 7 
11370, 7, 7 
58725, 7, 7 
10297, 7, 7 
15737, 7, 7 
18557, 7, 7 
36713, 7, 7 
17809, 7, 7 
49818, 7, 7 
57044, 7, 7 
59894, 7, 7 
45040, 7, 7 
6824, 7, 7 
30541, 7, 7 
58977, 7, 7 
31187, 7, 7 
25597, 7, 7 
43898, 7, 7 
11510, 7, 7 
24477, 7, 7 
1770, 7, 7 
13644, 7, 7 
24571, 7, 7 
6507, 7, 7 
1001, 7, 7 
28852, 7, 7 
11703, 7, 7 
40837, 7, 7 
50708, 7, 7 
21603, 7, 7 
5422, 7, 7 
44062, 7, 7 
12373, 7, 7 
11254, 7, 7 
48080, 7, 7 
5280, 7, 7 
4899, 7, 7 
49806, 7, 7 
58571, 7, 7 
24041, 7, 7 
29919, 7, 7 
56272, 7, 7 
52199, 7, 7 
8186, 7, 7 
27203, 7, 7 
44387, 7, 7 
7568, 7, 7 
24259, 7, 7 
48909, 7, 7 
10744, 7, 7 
55486, 7, 7 
5897, 7, 7 
50822, 7, 7 
33153, 7, 7 
44160, 7, 7 
33834, 7, 7 
10457, 7, 7 
15062, 7, 7 
48422, 7, 7 
30952, 7, 7 
32327, 7, 7 
31804, 7, 7 
47286, 7, 7 
10170, 7, 7 
32980, 7, 7 
35446, 7, 7 
44562, 7, 7 
53159, 7, 7 
31527, 7, 7 
4964, 7, 7 
41496, 7, 7 
30672, 7, 7 
8167, 7, 7 
39316, 7, 7 
55724, 7, 7 
13000, 7, 7 
4273, 7, 7 
59839, 7, 7 
54155, 7, 7 
46473, 7, 7 
13205, 7, 7 
1899, 7, 7 
38916, 7, 7 
17659, 7, 7 
23978, 7, 7 
25300, 7, 7 
55802, 7, 7 
43178, 7, 7 
5786, 7, 7 
31239, 7, 7 
13064, 7, 7 
57098, 7, 7 
123, 7, 7 
38178, 7, 7 
57325, 7, 7 
58393, 7, 7 
2048, 7, 7 
9426, 7, 7 
9143, 7, 7 
59739, 7, 7 
36140, 7, 7 
54118, 7, 7 
21732, 7, 7 
11821, 7, 7 
45285, 7, 7 
57600, 7, 7 
20909, 7, 7 
17963, 7, 7 
6666, 7, 7 
52436, 7, 7 
995, 7, 7 
20766, 7, 7 
13053, 7, 7 
3252, 7, 7 
38468, 7, 7 
27756, 7, 7 
32289, 7, 7 
44787, 7, 7 
58778, 7, 7 
8217, 7, 7 
25439, 7, 7 
37212, 7, 7 
10727, 7, 7 
18358, 7, 7 
35555, 7, 7 
50923, 7, 7 
1381, 7, 7 
55189, 7, 7 
44795, 7, 7 
50392, 7, 7 
51043, 7, 7 
29900, 7, 7 
30532, 7, 7 
13802, 7, 7 
9882, 7, 7 
49372, 7, 7 
91, 7, 7 
28563, 7, 7 
26026, 7, 7 
39401, 7, 7 
10302, 7, 7 
13166, 7, 7 
51011, 7, 7 
14999, 7, 7 
9767, 7, 7 
55882, 7, 7 
46274, 7, 7 
38763, 7, 7 
9992, 7, 7 
16162, 7, 7 
11733, 7, 7 
53003, 7, 7 
16843, 7, 7 
384, 7, 7 
3498, 7, 7 
17513, 7, 7 
18910, 7, 7 
21258, 7, 7 
14741, 7, 7 
14242, 7, 7 
33543, 7, 7 
50732, 7, 7 
9843, 7, 7 
50884, 7, 7 
5784, 7, 7 
36876, 7, 7 
28053, 7, 7 
11838, 7, 7 
9768, 7, 7 
9911, 7, 7 
18736, 7, 7 
49980, 7, 7 
1335, 7, 7 
4372, 7, 7 
4897, 7, 7 
22527, 7, 7 
4680, 7, 7 
50440, 7, 7 
19187, 7, 7 
50360, 7, 7 
49958, 7, 7 
22481, 7, 7 
11686, 7, 7 
45114, 7, 7 
39676, 7, 7 
35645, 7, 7 
33171, 7, 7 
55205, 7, 7 
30109, 7, 7 
30008, 7, 7 
37508, 7, 7 
22543, 8, 8 
34787, 8, 8 
42923, 8, 8 
58787, 8, 8 
43335, 8, 8 
2117, 8, 8 
7439, 8, 8 
5263, 8, 8 
19725, 8, 8 
9970, 8, 8 
300, 8, 8 
55619, 8, 8 
7763, 8, 8 
35230, 8, 8 
24223, 8, 8 
53285, 8, 8 
44007, 8, 8 
6943, 8, 8 
21943, 8, 8 
6788, 8, 8 
17270, 8, 8 
32962, 8, 8 
55221, 8, 8 
28902, 8, 8 
50660, 8, 8 
34040, 8, 8 
54295, 8, 8 
57042, 8, 8 
17364, 8, 8 
57736, 8, 8 
12944, 8, 8 
50268, 8, 8 
38581, 8, 8 
14477, 8, 8 
16274, 8, 8 
25179, 8, 8 
52783, 8, 8 
20336, 8, 8 
34819, 8, 8 
3082, 8, 8 
30467, 8, 8 
54337, 8, 8 
44442, 8, 8 
47726, 8, 8 
1223, 8, 8 
40737, 8, 8 
32467, 8, 8 
43930, 8, 8 
10797, 8, 8 
59294, 8, 8 
21659, 8, 8 
137, 8, 8 
10611, 8, 8 
58011, 8, 8 
56296, 8, 8 
58827, 8, 8 
27323, 8, 8 
15919, 8, 8 
50607, 8, 8 
56313, 8, 8 
46175, 8, 8 
33895, 8, 8 
15595, 8, 8 
38271, 8, 8 
47212, 8, 8 
29745, 8, 8 
49414, 8, 8 
50745, 8, 8 
19951, 8, 8 
15963, 8, 8 
3918, 8, 8 
23843, 8, 8 
54725, 8, 8 
24533, 8, 8 
2577, 8, 8 
40417, 8, 8 
37685, 8, 8 
11365, 8, 8 
29627, 8, 8 
29680, 8, 8 
13189, 8, 8 
30584, 8, 8 
245, 8, 8 
44272, 8, 8 
31486, 8, 8 
36320, 8, 8 
13447, 8, 8 
38979, 8, 8 
29132, 8, 8 
53653, 8, 8 
14826, 8, 8 
16044, 8, 8 
25731, 8, 8 
26003, 8, 8 
53864, 8, 8 
35521, 8, 8 
5055, 8, 8 
56985, 8, 8 
56255, 8, 8 
29656, 8, 8 
15236, 8, 8 
41441, 8, 8 
11239, 8, 8 
26515, 8, 8 
1439, 8, 8 
45988, 8, 8 
38841, 8, 8 
13849, 8, 8 
45639, 8, 8 
26720, 8, 8 
59711, 8, 8 
3730, 8, 8 
42656, 8, 8 
35129, 8, 8 
6493, 8, 8 
47116, 8, 8 
7151, 8, 8 
12943, 8, 8 
12586, 8, 8 
51008, 8, 8 
37184, 8, 8 
57316, 8, 8 
54006, 8, 8 
41578, 8, 8 
58305, 8, 8 
38510, 8, 8 
58358, 8, 8 
34785, 8, 8 
47582, 8, 8 
18433, 8, 8 
46399, 8, 8 
56887, 8, 8 
48002, 8, 8 
48140, 8, 8 
30777, 8, 8 
56907, 8, 8 
32509, 8, 8 
7101, 8, 8 
25149, 8, 8 
40275, 8, 8 
1254, 8, 8 
58220, 8, 8 
35783, 8, 8 
41504, 8, 8 
53161, 8, 8 
22175, 8, 8 
32261, 8, 8 
42397, 8, 8 
25976, 8, 8 
54163, 8, 8 
197, 8, 8 
18690, 8, 8 
14170, 8, 8 
53071, 8, 8 
7712, 8, 8 
15501, 8, 8 
3759, 8, 8 
17889, 8, 8 
43558, 8, 8 
3086, 8, 8 
44866, 8, 8 
19242, 8, 8 
33387, 8, 8 
56891, 8, 8 
22274, 8, 8 
29276, 8, 8 
21962, 8, 8 
8645, 8, 8 
50176, 8, 8 
11478, 8, 8 
16773, 8, 8 
45249, 8, 8 
24396, 8, 8 
1045, 8, 8 
35295, 8, 8 
17362, 8, 8 
29877, 8, 8 
44484, 8, 8 
37539, 8, 8 
29194, 8, 8 
23092, 8, 8 
7405, 8, 8 
12513, 8, 8 
11923, 8, 8 
54594, 8, 8 
33820, 8, 8 
46395, 8, 8 
7851, 8, 8 
12960, 8, 8 
14020, 8, 8 
4834, 8, 8 
15772, 8, 8 
18795, 8, 8 
58860, 8, 8 
2150, 8, 8 
45356, 8, 8 
20062, 8, 8 
4434, 8, 8 
3688, 8, 8 
40953, 8, 8 
19914, 9, 9 
16854, 9, 9 
11820, 9, 9 
58717, 9, 9 
22174, 9, 9 
16580, 9, 9 
39713, 9, 9 
58639, 9, 9 
24263, 9, 9 
42035, 9, 9 
57274, 9, 9 
10529, 9, 9 
16570, 9, 9 
13414, 9, 9 
24553, 9, 9 
30551, 9, 9 
38625, 9, 9 
16201, 9, 9 
40391, 9, 9 
11773, 9, 9 
54244, 9, 9 
10839, 9, 9 
48548, 9, 9 
5320, 9, 9 
41503, 9, 9 
41008, 9, 9 
27863, 9, 9 
37474, 9, 9 
3348, 9, 9 
15018, 9, 9 
5672, 9, 9 
59486, 9, 9 
9448, 9, 9 
3076, 9, 9 
529, 9, 9 
52341, 9, 9 
2321, 9, 9 
21297, 9, 9 
10706, 9, 9 
35024, 9, 9 
36510, 9, 9 
42946, 9, 9 
20159, 9, 9 
5860, 9, 9 
6084, 9, 9 
26405, 9, 9 
50544, 9, 9 
27731, 9, 9 
48265, 9, 9 
58366, 9, 9 
4936, 9, 9 
37391, 9, 9 
44947, 9, 9 
18350, 9, 9 
7690, 9, 9 
54031, 9, 9 
1355, 9, 9 
54520, 9, 9 
6155, 9, 9 
51985, 9, 9 
25277, 9, 9 
10292, 9, 9 
27779, 9, 9 
7269, 9, 9 
7087, 9, 9 
4932, 9, 9 
55711, 9, 9 
51527, 9, 9 
42924, 9, 9 
30144, 9, 9 
22433, 9, 9 
3704, 9, 9 
55938, 9, 9 
27066, 9, 9 
54334, 9, 9 
43210, 9, 9 
27016, 9, 9 
27533, 9, 9 
24998, 9, 9 
12301, 9, 9 
55642, 9, 9 
59761, 9, 9 
12669, 9, 9 
30598, 9, 9 
33360, 9, 9 
5658, 9, 9 
24891, 9, 9 
41771, 9, 9 
4630, 9, 9 
6073, 9, 9 
5999, 9, 9 
46645, 9, 9 
11206, 9, 9 
37162, 9, 9 
38154, 9, 9 
23771, 9, 9 
17377, 9, 9 
40531, 9, 9 
20264, 9, 9 
3104, 9, 9 
11557, 9, 9 
48182, 9, 9 
36249, 9, 9 
14816, 9, 9 
54382, 9, 9 
52462, 9, 9 
15654, 9, 9 
16877, 9, 9 
4095, 9, 9 
13032, 9, 9 
3636, 9, 9 
45174, 9, 9 
51574, 9, 9 
54766, 9, 9 
17346, 9, 9 
50710, 9, 9 
2299, 9, 9 
17147, 9, 9 
22340, 9, 9 
35755, 9, 9 
37748, 9, 9 
10219, 9, 9 
56431, 9, 9 
11668, 9, 9 
50701, 9, 9 
10232, 9, 9 
29938, 9, 9 
42360, 9, 9 
10449, 9, 9 
6934, 9, 9 
30922, 9, 9 
15653, 9, 9 
8902, 9, 9 
51318, 9, 9 
35283, 9, 9 
9481, 9, 9 
19085, 9, 9 
53151, 9, 9 
8329, 9, 9 
50248, 9, 9 
31215, 9, 9 
24489, 9, 9 
39172, 9, 9 
35715, 9, 9 
29349, 9, 9 
28448, 9, 9 
42173, 9, 9 
15745, 9, 9 
57239, 9, 9 
9114, 9, 9 
44429, 9, 9 
35672, 9, 9 
18917, 9, 9 
57636, 9, 9 
47885, 9, 9 
41395, 9, 9 
34903, 9, 9 
25212, 9, 9 
58242, 9, 9 
54517, 9, 9 
13742, 9, 9 
38747, 9, 9 
59325, 9, 9 
31803, 9, 9 
22501, 9, 9 
54538, 9, 9 
29111, 9, 9 
40477, 9, 9 
56257, 9, 9 
5806, 9, 9 
21869, 9, 9 
24285, 9, 9 
21032, 9, 9 
31841, 9, 9 
47617, 9, 9 
9555, 9, 9 
53369, 9, 9 
51577, 9, 9 
27732, 9, 9 
59079, 9, 9 
18131, 9, 9 
5964, 9, 9 
25478, 9, 9 
45007, 9, 9 
56090, 9, 9 
49096, 9, 9 
27237, 9, 9 
37867, 9, 9 
1142, 9, 9 
32594, 9, 9 
27774, 9, 9 
47659, 9, 9 
18738, 9, 9 
51036, 9, 9 
25233, 9, 9 
18475, 9, 9 
19860, 9, 9 
35503, 9, 9 
58132, 9, 9 
17234, 9, 9 
