id, true label, predicted label 
6146, 0, 0 
47639, 0, 0 
11133, 0, 0 
38412, 0, 0 
24846, 0, 0 
50629, 0, 0 
35067, 0, 0 
57757, 0, 0 
3016, 0, 0 
7371, 0, 0 
19899, 0, 0 
45112, 0, 0 
34619, 0, 0 
19664, 0, 0 
35800, 0, 0 
8355, 0, 0 
12351, 0, 0 
17725, 0, 0 
45083, 0, 0 
53916, 0, 0 
4629, 0, 0 
15965, 0, 0 
25325, 0, 0 
4002, 0, 0 
53685, 0, 0 
7127, 0, 0 
30586, 0, 0 
47488, 0, 0 
16326, 0, 0 
49750, 0, 0 
5327, 0, 0 
53118, 0, 0 
55048, 0, 0 
21242, 0, 0 
48661, 0, 0 
16354, 0, 0 
577, 0, 0 
52639, 0, 0 
20321, 0, 0 
51980, 0, 0 
30363, 0, 0 
25065, 0, 0 
26258, 0, 0 
35663, 0, 0 
57707, 0, 0 
43827, 0, 0 
41187, 0, 0 
38055, 0, 0 
46617, 0, 0 
2253, 0, 0 
10069, 0, 0 
41077, 0, 0 
10195, 0, 0 
1078, 0, 0 
12690, 0, 0 
54836, 0, 0 
53894, 0, 0 
51215, 0, 0 
43258, 0, 0 
15119, 0, 0 
39360, 0, 0 
32568, 0, 0 
50101, 0, 0 
19399, 0, 0 
19480, 0, 0 
20369, 0, 0 
2624, 0, 0 
55907, 0, 0 
47172, 0, 0 
32221, 0, 0 
57395, 0, 0 
26457, 0, 0 
4279, 0, 0 
51546, 0, 0 
51831, 0, 0 
27659, 0, 0 
43778, 0, 0 
17881, 0, 0 
57092, 0, 0 
18832, 0, 0 
1102, 0, 0 
13521, 0, 0 
13135, 0, 0 
7451, 0, 0 
30163, 0, 0 
8113, 0, 0 
41320, 0, 0 
40565, 0, 0 
9322, 0, 0 
3410, 0, 0 
46010, 0, 0 
29044, 0, 0 
14589, 0, 0 
50444, 0, 0 
1137, 0, 0 
44838, 0, 0 
36519, 0, 0 
20877, 0, 0 
56137, 0, 0 
27484, 0, 0 
23809, 0, 0 
59197, 0, 0 
8961, 0, 0 
43418, 0, 0 
49463, 0, 0 
36143, 0, 0 
3568, 0, 0 
59433, 0, 0 
26300, 0, 0 
44826, 0, 0 
54685, 0, 0 
45066, 0, 0 
56450, 0, 0 
25167, 0, 0 
58408, 0, 0 
17122, 0, 0 
3734, 0, 0 
997, 0, 0 
31505, 0, 0 
46479, 0, 0 
47372, 0, 0 
48532, 0, 0 
22596, 0, 0 
18253, 0, 0 
40418, 0, 0 
14877, 0, 0 
35823, 0, 0 
12555, 0, 0 
46041, 0, 0 
49601, 0, 0 
56005, 0, 0 
19376, 0, 0 
5622, 0, 0 
57494, 0, 0 
18113, 0, 0 
34555, 0, 0 
30871, 0, 0 
12140, 0, 0 
55873, 0, 0 
28002, 0, 0 
32746, 0, 0 
50070, 0, 0 
37937, 0, 0 
1532, 0, 0 
54873, 0, 0 
57586, 0, 0 
26620, 0, 0 
7254, 0, 0 
2642, 0, 0 
18471, 0, 0 
21766, 0, 0 
12653, 0, 0 
5298, 0, 0 
36617, 0, 0 
37079, 0, 0 
34586, 0, 0 
27322, 0, 0 
54703, 0, 0 
15582, 0, 0 
46446, 0, 0 
2009, 0, 0 
36569, 0, 0 
57120, 0, 0 
38364, 0, 0 
20602, 0, 0 
22706, 0, 0 
32557, 0, 0 
42157, 0, 0 
10705, 0, 0 
58809, 0, 0 
18093, 0, 0 
30149, 0, 0 
53429, 0, 0 
39606, 0, 0 
13918, 0, 0 
32880, 0, 0 
59165, 0, 0 
42835, 0, 0 
20727, 0, 0 
47599, 0, 0 
56129, 0, 0 
13371, 0, 0 
34084, 0, 0 
11636, 0, 0 
37047, 0, 0 
9985, 0, 0 
24896, 0, 0 
14137, 0, 0 
47275, 0, 0 
58861, 0, 0 
59418, 0, 0 
8172, 0, 0 
56415, 0, 0 
35620, 0, 0 
51917, 0, 0 
51464, 0, 0 
39975, 0, 0 
26623, 0, 0 
31497, 0, 0 
42637, 0, 0 
31640, 1, 1 
18987, 1, 1 
52867, 1, 1 
57749, 1, 1 
33467, 1, 1 
47338, 1, 1 
53930, 1, 1 
28223, 1, 1 
36682, 1, 1 
11968, 1, 1 
45893, 1, 1 
57816, 1, 1 
15451, 1, 1 
16228, 1, 1 
33613, 1, 1 
47969, 1, 1 
55567, 1, 1 
25704, 1, 1 
7806, 1, 1 
49927, 1, 1 
41888, 1, 1 
32773, 1, 1 
36382, 1, 1 
1658, 1, 1 
2654, 1, 1 
24800, 1, 1 
45186, 1, 1 
22931, 1, 1 
40861, 1, 1 
48044, 1, 1 
38860, 1, 1 
13140, 1, 1 
29242, 1, 1 
26780, 1, 1 
17130, 1, 1 
27746, 1, 1 
12060, 1, 1 
42393, 1, 1 
17605, 1, 1 
51067, 1, 1 
38039, 1, 1 
59199, 1, 1 
55222, 1, 1 
49002, 1, 4 
53484, 1, 1 
13630, 1, 1 
24711, 1, 1 
17618, 1, 1 
19880, 1, 1 
24970, 1, 1 
6985, 1, 1 
10006, 1, 1 
50661, 1, 1 
50914, 1, 1 
12399, 1, 1 
49972, 1, 1 
54388, 1, 1 
34493, 1, 1 
12704, 1, 1 
20459, 1, 1 
34359, 1, 1 
33113, 1, 1 
46930, 1, 1 
26687, 1, 1 
3380, 1, 1 
39622, 1, 1 
18421, 1, 1 
33175, 1, 1 
53667, 1, 1 
27396, 1, 1 
36995, 1, 1 
11622, 1, 1 
17834, 1, 1 
56336, 1, 1 
49697, 1, 1 
16203, 1, 1 
23444, 1, 1 
12499, 1, 1 
51833, 1, 1 
11917, 1, 1 
6682, 1, 1 
47935, 1, 1 
58591, 1, 1 
821, 1, 1 
7253, 1, 1 
24352, 1, 1 
26939, 1, 1 
6613, 1, 1 
47977, 1, 1 
57673, 1, 1 
54664, 1, 1 
31019, 1, 1 
15940, 1, 1 
1910, 1, 1 
43286, 1, 1 
11093, 1, 1 
52693, 1, 1 
11362, 1, 1 
56882, 1, 1 
14327, 1, 1 
26072, 1, 1 
57418, 1, 1 
21744, 1, 1 
11143, 1, 1 
56575, 1, 1 
48697, 1, 1 
36851, 1, 1 
835, 1, 1 
56910, 1, 1 
27629, 1, 1 
2197, 1, 1 
43927, 1, 1 
59036, 1, 1 
52254, 1, 1 
54380, 1, 1 
22788, 1, 1 
15397, 1, 1 
26175, 1, 1 
17664, 1, 1 
16458, 1, 1 
1601, 1, 1 
4069, 1, 1 
3197, 1, 1 
51784, 1, 1 
46267, 1, 1 
54786, 1, 1 
9457, 1, 1 
52309, 1, 1 
53891, 1, 1 
4577, 1, 1 
27751, 1, 1 
52569, 1, 1 
1607, 1, 1 
50577, 1, 1 
2762, 1, 1 
17262, 1, 1 
56071, 1, 1 
26444, 1, 1 
22502, 1, 1 
28906, 1, 1 
58600, 1, 1 
16110, 1, 1 
22004, 1, 1 
6785, 1, 1 
41524, 1, 1 
53041, 1, 1 
8781, 1, 1 
8891, 1, 1 
37061, 1, 1 
19918, 1, 1 
16278, 1, 1 
40098, 1, 1 
48513, 1, 1 
58806, 1, 1 
7421, 1, 1 
33370, 1, 1 
31537, 1, 1 
41694, 1, 1 
41750, 1, 1 
36933, 1, 1 
14234, 1, 1 
27242, 1, 1 
24366, 1, 1 
10897, 1, 1 
31348, 1, 1 
51949, 1, 1 
47194, 1, 1 
29057, 1, 1 
27657, 1, 1 
40790, 1, 1 
52654, 1, 1 
21031, 1, 1 
43297, 1, 1 
39173, 1, 1 
46089, 1, 1 
9012, 1, 1 
53383, 1, 1 
42911, 1, 1 
39782, 1, 1 
3714, 1, 1 
1945, 1, 1 
39843, 1, 1 
54123, 1, 1 
27142, 1, 1 
18880, 1, 1 
48993, 1, 1 
48908, 1, 1 
618, 1, 1 
13950, 1, 1 
11445, 1, 1 
39152, 1, 1 
39541, 1, 1 
1527, 1, 1 
10624, 1, 1 
34241, 1, 1 
35357, 1, 1 
44677, 1, 1 
45277, 1, 1 
50907, 1, 1 
43444, 1, 1 
48549, 2, 2 
25571, 2, 2 
17266, 2, 2 
39979, 2, 2 
57455, 2, 2 
32288, 2, 2 
17805, 2, 2 
51530, 2, 2 
38815, 2, 2 
21493, 2, 2 
47012, 2, 2 
25437, 2, 2 
8490, 2, 2 
17697, 2, 2 
53639, 2, 2 
20442, 2, 2 
3672, 2, 2 
50546, 2, 2 
14429, 2, 2 
9964, 2, 2 
19444, 2, 2 
3741, 2, 2 
14005, 2, 2 
9625, 2, 2 
3142, 2, 2 
52975, 2, 2 
29734, 2, 2 
51869, 2, 2 
59757, 2, 2 
28135, 2, 2 
16124, 2, 2 
11449, 2, 2 
3660, 2, 2 
2402, 2, 2 
36875, 2, 2 
33547, 2, 2 
40597, 2, 2 
43407, 2, 2 
36781, 2, 2 
26164, 2, 2 
3329, 2, 2 
8886, 2, 2 
49098, 2, 2 
32579, 2, 2 
3886, 2, 2 
45464, 2, 2 
38078, 2, 2 
12481, 2, 2 
37570, 2, 2 
49790, 2, 2 
9377, 2, 2 
55545, 2, 2 
20739, 2, 2 
10127, 2, 2 
29611, 2, 2 
12385, 2, 2 
6540, 2, 2 
47658, 2, 2 
38326, 2, 2 
15475, 2, 2 
1301, 2, 2 
41860, 2, 2 
12234, 2, 2 
31150, 2, 2 
27385, 2, 2 
548, 2, 2 
59396, 2, 2 
57658, 2, 2 
16309, 2, 2 
49411, 2, 2 
30530, 2, 2 
35885, 2, 2 
40607, 2, 2 
7897, 2, 2 
30640, 2, 2 
12916, 2, 2 
26635, 2, 2 
13820, 2, 2 
49028, 2, 2 
28268, 2, 2 
45484, 2, 2 
47155, 2, 2 
15270, 2, 2 
29619, 2, 2 
50563, 2, 2 
54315, 2, 2 
4451, 2, 2 
18864, 2, 2 
45287, 2, 2 
24623, 2, 2 
42891, 2, 2 
45885, 2, 2 
15263, 2, 2 
18040, 2, 2 
47142, 2, 2 
3659, 2, 2 
41260, 2, 2 
40498, 2, 2 
27311, 2, 2 
19028, 2, 2 
7719, 2, 2 
55525, 2, 2 
18077, 2, 2 
18216, 2, 2 
29930, 2, 2 
3078, 2, 2 
7223, 2, 2 
35670, 2, 2 
36858, 2, 2 
56612, 2, 2 
14962, 2, 2 
59833, 2, 2 
13667, 2, 2 
18236, 2, 2 
10766, 2, 2 
55373, 2, 2 
59007, 2, 2 
35489, 2, 2 
26782, 2, 2 
56079, 2, 2 
28577, 2, 2 
10072, 2, 2 
37766, 2, 2 
20993, 2, 2 
28112, 2, 2 
56282, 2, 2 
5528, 2, 2 
28998, 2, 2 
11655, 2, 2 
14378, 2, 2 
35445, 2, 2 
317, 2, 2 
51517, 2, 2 
5480, 2, 2 
39002, 2, 2 
25548, 2, 2 
36624, 2, 2 
47603, 2, 2 
1888, 2, 2 
44490, 2, 2 
1262, 2, 2 
55912, 2, 2 
44797, 2, 2 
36942, 2, 2 
58317, 2, 2 
57338, 2, 2 
21674, 2, 2 
51959, 2, 2 
59824, 2, 2 
31634, 2, 2 
40037, 2, 2 
37696, 2, 2 
49434, 2, 2 
11795, 2, 2 
18255, 2, 2 
8749, 2, 2 
21773, 2, 2 
31802, 2, 2 
35494, 2, 2 
22062, 2, 2 
52358, 2, 2 
17841, 2, 2 
20655, 2, 2 
18356, 2, 2 
55326, 2, 2 
9583, 2, 2 
38618, 2, 2 
29085, 2, 2 
22900, 2, 2 
25551, 2, 2 
11621, 2, 2 
58182, 2, 2 
1330, 2, 2 
18643, 2, 2 
43292, 2, 2 
57139, 2, 2 
49907, 2, 2 
51642, 2, 2 
4230, 2, 2 
15902, 2, 2 
47759, 2, 2 
19152, 2, 2 
40129, 2, 2 
7259, 2, 2 
21798, 2, 2 
48332, 2, 2 
43172, 2, 2 
24570, 2, 2 
14446, 2, 2 
4662, 2, 2 
4187, 2, 2 
58710, 2, 2 
1264, 2, 2 
30487, 2, 2 
44260, 2, 2 
59556, 2, 2 
59004, 2, 2 
46830, 2, 2 
4182, 2, 2 
24751, 2, 2 
4917, 3, 3 
46187, 3, 3 
59001, 3, 3 
34712, 3, 3 
33786, 3, 3 
32203, 3, 3 
41653, 3, 3 
13519, 3, 3 
57660, 3, 3 
18225, 3, 3 
54191, 3, 3 
49981, 3, 3 
55038, 3, 3 
21381, 3, 3 
49404, 3, 3 
6415, 3, 3 
39566, 3, 3 
9953, 3, 3 
12895, 3, 3 
16190, 3, 3 
54530, 3, 3 
38485, 3, 3 
12544, 3, 3 
45554, 3, 3 
41624, 3, 3 
37266, 3, 3 
17491, 3, 3 
10887, 3, 3 
49149, 3, 3 
34219, 3, 3 
15342, 3, 3 
45508, 3, 3 
3220, 3, 3 
11467, 3, 3 
24651, 3, 3 
34293, 3, 3 
29610, 3, 3 
8606, 3, 3 
15717, 3, 3 
361, 3, 3 
54413, 3, 3 
9443, 3, 3 
28132, 3, 3 
23287, 3, 3 
22315, 3, 3 
6595, 3, 3 
55474, 3, 3 
51561, 3, 3 
52828, 3, 3 
45636, 3, 3 
43739, 3, 3 
42391, 3, 3 
49431, 3, 3 
56875, 3, 3 
18522, 3, 3 
19425, 3, 3 
48788, 3, 3 
46854, 3, 3 
35434, 3, 3 
45850, 3, 3 
12338, 3, 3 
875, 3, 3 
29642, 3, 3 
11197, 3, 3 
18426, 3, 3 
36409, 3, 3 
42201, 3, 3 
56207, 3, 3 
27701, 3, 3 
2092, 3, 3 
38989, 3, 3 
59725, 3, 3 
2529, 3, 3 
28193, 3, 3 
32691, 3, 3 
50726, 3, 3 
6106, 3, 3 
25645, 3, 3 
36740, 3, 3 
17997, 3, 3 
31788, 3, 3 
15990, 3, 3 
46138, 3, 3 
54126, 3, 3 
55151, 3, 3 
48998, 3, 3 
28441, 3, 3 
55194, 3, 3 
53084, 3, 3 
53975, 3, 3 
18059, 3, 3 
29289, 3, 3 
8246, 3, 3 
45407, 3, 3 
43373, 3, 3 
54849, 3, 3 
9932, 3, 3 
56047, 3, 3 
34048, 3, 3 
49006, 3, 3 
42117, 3, 3 
14383, 3, 3 
48682, 3, 3 
44303, 3, 3 
52940, 3, 3 
30650, 3, 3 
53493, 3, 3 
8888, 3, 3 
58602, 3, 3 
35173, 3, 3 
27047, 3, 3 
52371, 3, 3 
59307, 3, 3 
20538, 3, 3 
55378, 3, 3 
19335, 3, 3 
42605, 3, 3 
58067, 3, 3 
3571, 3, 3 
36216, 3, 3 
47424, 3, 3 
25431, 3, 3 
11232, 3, 3 
20377, 3, 3 
43198, 3, 3 
56260, 3, 3 
31269, 3, 3 
557, 3, 3 
11039, 3, 3 
35914, 3, 3 
3521, 3, 3 
39317, 3, 3 
58086, 3, 3 
39820, 3, 3 
56585, 3, 3 
56073, 3, 3 
1119, 3, 3 
17333, 3, 3 
7283, 3, 3 
22643, 3, 3 
1938, 3, 3 
18770, 3, 3 
6651, 3, 3 
41299, 3, 3 
50671, 3, 3 
28137, 3, 3 
29304, 3, 3 
25296, 3, 3 
11002, 3, 3 
9621, 3, 3 
39909, 3, 3 
15651, 3, 3 
37468, 3, 3 
26187, 3, 3 
16375, 3, 3 
34710, 3, 3 
17967, 3, 3 
50964, 3, 3 
15889, 3, 3 
57804, 3, 3 
4792, 3, 3 
37765, 3, 3 
21714, 3, 3 
574, 3, 3 
5160, 3, 3 
18380, 3, 3 
59119, 3, 3 
4121, 3, 3 
8052, 3, 3 
15656, 3, 3 
51268, 3, 3 
8475, 3, 3 
38239, 3, 3 
57893, 3, 3 
11693, 3, 3 
2726, 3, 3 
20096, 3, 3 
36427, 3, 3 
30571, 3, 3 
6282, 3, 3 
51816, 3, 3 
20790, 3, 3 
55579, 3, 3 
6856, 3, 3 
7881, 3, 3 
3422, 3, 3 
8099, 3, 3 
27135, 3, 3 
47287, 3, 3 
32087, 3, 3 
37746, 3, 3 
53241, 3, 3 
21861, 3, 3 
37443, 3, 3 
19548, 3, 3 
7878, 3, 3 
35610, 3, 3 
49312, 3, 3 
36705, 3, 3 
5186, 3, 3 
39298, 4, 4 
37251, 4, 4 
8534, 4, 4 
35822, 4, 4 
37171, 4, 4 
5265, 4, 4 
46577, 4, 4 
28304, 4, 4 
31121, 4, 4 
369, 4, 4 
46357, 4, 4 
12788, 4, 4 
35227, 4, 4 
10196, 4, 4 
18751, 4, 4 
16399, 4, 4 
5863, 4, 4 
34949, 4, 4 
30875, 4, 4 
12827, 4, 4 
36634, 4, 4 
17198, 4, 4 
12418, 4, 4 
51221, 4, 4 
37645, 4, 4 
44521, 4, 4 
11124, 4, 4 
52279, 4, 4 
1099, 4, 4 
23299, 4, 4 
48103, 4, 4 
29941, 4, 4 
36733, 4, 4 
59881, 4, 4 
24295, 4, 4 
56595, 4, 4 
35183, 4, 4 
20399, 4, 4 
29631, 4, 4 
31563, 4, 4 
21480, 4, 4 
18823, 4, 4 
40224, 4, 4 
22409, 4, 4 
9025, 4, 4 
7487, 4, 4 
2922, 4, 4 
52852, 4, 4 
56143, 4, 4 
24668, 4, 4 
43621, 4, 4 
55490, 4, 4 
20379, 4, 4 
23486, 4, 4 
52838, 4, 4 
35098, 4, 4 
37975, 4, 4 
42300, 4, 4 
40234, 4, 4 
31501, 4, 4 
37302, 4, 4 
15891, 4, 4 
21936, 4, 4 
53622, 4, 4 
54814, 4, 4 
27689, 4, 4 
47521, 4, 4 
14047, 4, 4 
50319, 4, 4 
25162, 4, 4 
12384, 4, 4 
56951, 4, 4 
29372, 4, 4 
4473, 4, 4 
677, 4, 4 
22933, 4, 4 
28976, 4, 4 
23618, 4, 4 
7677, 4, 4 
55532, 4, 4 
11434, 4, 4 
35472, 4, 4 
39078, 4, 4 
35665, 4, 4 
34947, 4, 4 
38957, 4, 4 
13340, 4, 4 
59367, 4, 4 
24719, 4, 4 
39738, 4, 4 
3399, 4, 4 
22495, 4, 4 
35951, 4, 4 
37712, 4, 4 
14621, 4, 4 
12820, 4, 4 
48608, 4, 4 
54563, 4, 4 
5703, 4, 4 
35263, 4, 4 
15218, 4, 4 
49274, 4, 4 
43231, 4, 4 
59312, 4, 4 
40548, 4, 4 
4097, 4, 4 
38997, 4, 4 
28089, 4, 4 
38716, 4, 4 
9216, 4, 4 
12795, 4, 4 
13861, 4, 4 
40379, 4, 4 
25791, 4, 4 
42018, 4, 4 
3092, 4, 4 
43481, 4, 4 
44668, 4, 4 
3477, 4, 4 
10888, 4, 4 
38777, 4, 4 
5590, 4, 4 
847, 4, 4 
23406, 4, 4 
57950, 4, 4 
18596, 4, 4 
55303, 4, 4 
31858, 4, 4 
24941, 4, 4 
14703, 4, 4 
58432, 4, 4 
45009, 4, 4 
23685, 4, 4 
10212, 4, 4 
1379, 4, 4 
58956, 4, 4 
5613, 4, 4 
28599, 4, 4 
32911, 4, 4 
51693, 4, 4 
50587, 4, 4 
23781, 4, 4 
19998, 4, 4 
57585, 4, 4 
50299, 4, 4 
55549, 4, 4 
24161, 4, 4 
57123, 4, 4 
37395, 4, 4 
14781, 4, 4 
25772, 4, 4 
26456, 4, 4 
17730, 4, 4 
17276, 4, 4 
2819, 4, 4 
11598, 4, 4 
21655, 4, 4 
54422, 4, 4 
44712, 4, 4 
11578, 4, 4 
21296, 4, 4 
31102, 4, 4 
46503, 4, 4 
46798, 4, 4 
56886, 4, 4 
48520, 4, 4 
44885, 4, 4 
11955, 4, 4 
50819, 4, 4 
45916, 4, 4 
59268, 4, 4 
11227, 4, 4 
35254, 4, 4 
3475, 4, 4 
11967, 4, 4 
8925, 4, 4 
25938, 4, 4 
20665, 4, 4 
4274, 4, 4 
40130, 4, 4 
20040, 4, 4 
39809, 4, 4 
7464, 4, 4 
19521, 4, 4 
24437, 4, 4 
6761, 4, 4 
19418, 4, 4 
25334, 4, 4 
3611, 4, 4 
59087, 4, 4 
53163, 4, 4 
3837, 4, 4 
27433, 4, 4 
49754, 4, 4 
53873, 4, 4 
24084, 4, 4 
35141, 4, 4 
42793, 4, 4 
1840, 4, 4 
43239, 4, 4 
48983, 5, 5 
36480, 5, 5 
32915, 5, 5 
44793, 5, 5 
40227, 5, 5 
57821, 5, 5 
28395, 5, 5 
58653, 5, 5 
31013, 5, 5 
1442, 5, 5 
48533, 5, 5 
50420, 5, 5 
41673, 5, 5 
47737, 5, 5 
14376, 5, 5 
47494, 5, 5 
36303, 5, 5 
44907, 5, 5 
335, 5, 5 
37567, 5, 5 
21519, 5, 5 
43937, 5, 5 
40824, 5, 5 
924, 5, 5 
36602, 5, 5 
55639, 5, 5 
15041, 5, 5 
13394, 5, 5 
8252, 5, 5 
39526, 5, 5 
8103, 5, 5 
5719, 5, 5 
18090, 5, 5 
9171, 5, 5 
31424, 5, 5 
5653, 5, 5 
15337, 5, 5 
39958, 5, 5 
55010, 5, 5 
42984, 5, 5 
7279, 5, 5 
25468, 5, 5 
16357, 5, 5 
57369, 5, 5 
9384, 5, 5 
52170, 5, 5 
35046, 5, 5 
54289, 5, 5 
15365, 5, 5 
37574, 5, 5 
50926, 5, 5 
1087, 5, 5 
30797, 5, 5 
45897, 5, 5 
16356, 5, 5 
19083, 5, 5 
13305, 5, 5 
36153, 5, 5 
6735, 5, 5 
53356, 5, 5 
12289, 5, 5 
38250, 5, 5 
32445, 5, 5 
23633, 5, 5 
43799, 5, 5 
33748, 5, 5 
26857, 5, 5 
55060, 5, 5 
59064, 5, 5 
15949, 5, 5 
35, 5, 5 
44916, 5, 5 
58403, 5, 5 
24439, 5, 5 
42652, 5, 5 
46805, 5, 5 
10831, 5, 5 
17544, 5, 5 
47832, 5, 5 
39625, 5, 5 
10656, 5, 5 
46901, 5, 5 
58948, 5, 5 
39965, 5, 5 
55184, 5, 5 
34843, 5, 5 
25623, 5, 5 
45118, 5, 5 
40393, 5, 5 
37983, 5, 5 
3752, 5, 5 
45991, 5, 5 
44625, 5, 5 
396, 5, 5 
43357, 5, 5 
31301, 5, 5 
29912, 5, 5 
48078, 5, 5 
51792, 5, 5 
20601, 5, 5 
18696, 5, 5 
18929, 5, 5 
24559, 5, 5 
11609, 5, 5 
11695, 5, 5 
55908, 5, 5 
14599, 5, 5 
54281, 5, 5 
56476, 5, 5 
49428, 5, 5 
19852, 5, 5 
55161, 5, 5 
38902, 5, 5 
37070, 5, 5 
39780, 5, 5 
38090, 5, 5 
15178, 5, 5 
28654, 5, 5 
2727, 5, 5 
55349, 5, 5 
46759, 5, 5 
8521, 5, 5 
12688, 5, 5 
28720, 5, 5 
55388, 5, 5 
45987, 5, 5 
23455, 5, 5 
49922, 5, 5 
7047, 5, 5 
31022, 5, 5 
54063, 5, 5 
26411, 5, 5 
35397, 5, 5 
55591, 5, 5 
132, 5, 5 
26655, 5, 5 
55389, 5, 5 
44819, 5, 5 
8819, 5, 5 
51659, 5, 5 
59609, 5, 5 
30046, 5, 5 
17385, 5, 5 
24660, 5, 5 
39964, 5, 5 
15969, 5, 5 
37699, 5, 5 
20199, 5, 5 
8479, 5, 5 
43199, 5, 5 
20120, 5, 5 
32023, 5, 5 
36452, 5, 5 
22686, 5, 5 
33511, 5, 5 
11, 5, 5 
3832, 5, 5 
30396, 5, 5 
38254, 5, 5 
23377, 5, 5 
47414, 5, 5 
31222, 5, 5 
16993, 5, 5 
7444, 5, 5 
31253, 5, 5 
10804, 5, 5 
11492, 5, 5 
12110, 5, 5 
20837, 5, 5 
28748, 5, 5 
26621, 5, 5 
10146, 5, 5 
58375, 5, 5 
33733, 5, 5 
48004, 5, 5 
38759, 5, 5 
12083, 5, 5 
45629, 5, 5 
2780, 5, 5 
19862, 5, 5 
50507, 5, 5 
39103, 5, 5 
29842, 5, 5 
54970, 5, 5 
45582, 5, 5 
18594, 5, 5 
36989, 5, 5 
39274, 5, 5 
19717, 5, 5 
28375, 5, 5 
8173, 5, 5 
24335, 5, 5 
22802, 5, 5 
376, 5, 5 
44634, 5, 5 
1420, 5, 5 
9958, 5, 5 
46365, 5, 5 
11356, 5, 5 
59960, 5, 5 
59463, 6, 6 
2880, 6, 6 
57456, 6, 6 
5956, 6, 6 
10996, 6, 6 
57807, 6, 6 
34492, 6, 6 
46229, 6, 6 
3947, 6, 6 
52820, 6, 6 
33076, 6, 6 
30526, 6, 6 
53320, 6, 6 
15951, 6, 6 
21762, 6, 6 
46120, 6, 6 
58724, 6, 6 
28644, 6, 6 
45479, 6, 6 
33887, 6, 6 
54621, 6, 6 
46735, 6, 6 
1337, 6, 6 
12023, 6, 6 
27438, 6, 6 
54583, 6, 6 
51661, 6, 6 
33794, 6, 6 
49802, 6, 6 
9305, 6, 6 
3650, 6, 6 
28966, 6, 6 
18672, 6, 6 
27268, 6, 6 
6909, 6, 6 
3363, 6, 6 
31363, 6, 6 
57764, 6, 6 
13351, 6, 6 
33735, 6, 6 
53153, 6, 6 
9785, 6, 6 
32325, 6, 6 
4402, 6, 6 
35883, 6, 6 
42475, 6, 6 
24739, 6, 6 
2178, 6, 6 
16739, 6, 6 
54345, 6, 6 
40072, 6, 6 
59892, 6, 6 
38214, 6, 6 
22277, 6, 6 
33790, 6, 6 
29362, 6, 6 
6452, 6, 6 
50266, 6, 6 
56130, 6, 6 
47564, 6, 6 
43592, 6, 6 
18303, 6, 6 
21345, 6, 6 
28680, 6, 6 
40564, 6, 6 
27217, 6, 6 
53331, 6, 6 
23697, 6, 6 
6239, 6, 6 
39630, 6, 6 
40394, 6, 6 
23893, 6, 6 
14909, 6, 6 
20896, 6, 6 
33879, 6, 6 
32230, 6, 6 
46511, 6, 6 
32118, 6, 6 
36966, 6, 6 
32817, 6, 6 
4112, 6, 6 
35817, 6, 6 
7661, 6, 6 
55066, 6, 6 
15269, 6, 6 
31856, 6, 6 
22424, 6, 6 
5566, 6, 6 
25684, 6, 6 
23233, 6, 6 
38022, 6, 6 
10534, 6, 6 
53220, 6, 6 
55162, 6, 6 
17176, 6, 6 
15043, 6, 6 
54788, 6, 6 
1784, 6, 6 
49344, 6, 6 
47418, 6, 6 
58352, 6, 6 
2607, 6, 6 
20948, 6, 6 
10617, 6, 6 
19881, 6, 6 
26382, 6, 6 
3577, 6, 6 
51378, 6, 6 
48437, 6, 6 
38661, 6, 6 
36637, 6, 6 
51628, 6, 6 
37973, 6, 6 
49915, 6, 6 
10484, 6, 6 
27320, 6, 6 
26482, 6, 6 
22091, 6, 6 
19037, 6, 6 
50741, 6, 6 
42667, 6, 6 
16747, 6, 6 
29966, 6, 6 
55670, 6, 6 
15797, 6, 6 
19523, 6, 6 
8911, 6, 6 
41974, 6, 6 
41452, 6, 6 
9187, 6, 6 
38796, 6, 6 
24611, 6, 6 
47014, 6, 6 
39318, 6, 6 
12354, 6, 6 
15870, 6, 6 
4059, 6, 6 
7206, 6, 6 
36866, 6, 6 
9719, 6, 6 
5290, 6, 6 
17079, 6, 6 
52678, 6, 6 
45113, 6, 6 
151, 6, 6 
47006, 6, 6 
9016, 6, 6 
27796, 6, 6 
23075, 6, 6 
30157, 6, 6 
9659, 6, 6 
16728, 6, 6 
28830, 6, 6 
40541, 6, 6 
34765, 6, 6 
20383, 6, 6 
35206, 6, 6 
21538, 6, 6 
47214, 6, 6 
27156, 6, 6 
6705, 6, 6 
45630, 6, 6 
55720, 6, 6 
26119, 6, 6 
33116, 6, 6 
33305, 6, 6 
42089, 6, 6 
56964, 6, 6 
42571, 6, 6 
46482, 6, 6 
21585, 6, 6 
34360, 6, 6 
13912, 6, 6 
40526, 6, 6 
37050, 6, 6 
59217, 6, 6 
49418, 6, 6 
16583, 6, 6 
5517, 6, 6 
13220, 6, 6 
56885, 6, 6 
34578, 6, 6 
33379, 6, 6 
21331, 6, 6 
47430, 6, 6 
54255, 6, 6 
5524, 6, 6 
14071, 6, 6 
21061, 6, 6 
27208, 6, 6 
37044, 6, 6 
56455, 6, 6 
27134, 6, 6 
48994, 6, 6 
21081, 6, 6 
28591, 6, 6 
34260, 6, 6 
21234, 6, 6 
42694, 6, 6 
35419, 6, 6 
12065, 7, 7 
37146, 7, 7 
49458, 7, 7 
3805, 7, 7 
36041, 7, 7 
4785, 7, 7 
44663, 7, 7 
41601, 7, 7 
48450, 7, 7 
16687, 7, 7 
38076, 7, 7 
483, 7, 7 
29509, 7, 7 
58205, 7, 7 
47015, 7, 7 
7494, 7, 7 
42430, 7, 7 
43378, 7, 7 
44943, 7, 7 
19057, 7, 7 
42290, 7, 7 
11204, 7, 7 
51389, 7, 7 
22534, 7, 7 
27912, 7, 7 
47303, 7, 7 
51636, 7, 7 
21843, 7, 7 
42800, 7, 7 
46341, 7, 7 
59626, 7, 7 
9644, 7, 7 
5650, 7, 7 
57074, 7, 7 
730, 7, 7 
14287, 7, 7 
43190, 7, 7 
35512, 7, 7 
36012, 7, 7 
50620, 7, 7 
8556, 7, 7 
18873, 7, 7 
52937, 7, 7 
18449, 7, 7 
34600, 7, 7 
51879, 7, 7 
44914, 7, 7 
25926, 7, 7 
31996, 7, 7 
24727, 7, 7 
148, 7, 9 
29373, 7, 7 
52256, 7, 7 
14288, 7, 7 
43725, 7, 7 
35839, 7, 7 
53614, 7, 7 
38794, 7, 7 
18502, 7, 7 
33618, 7, 7 
59304, 7, 7 
34435, 7, 7 
21322, 7, 7 
47337, 7, 7 
33104, 7, 7 
59082, 7, 7 
51941, 7, 7 
40323, 7, 7 
43496, 7, 7 
11350, 7, 7 
41062, 7, 4 
44387, 7, 7 
13561, 7, 7 
39586, 7, 7 
27574, 7, 7 
40795, 7, 7 
4869, 7, 7 
18597, 7, 7 
33660, 7, 7 
55216, 7, 7 
40916, 7, 7 
38621, 7, 7 
103, 7, 7 
49415, 7, 7 
56066, 7, 7 
27827, 7, 7 
37203, 7, 7 
48712, 7, 7 
4317, 7, 7 
37876, 7, 7 
38607, 7, 7 
34835, 7, 7 
42211, 7, 7 
22608, 7, 7 
57541, 7, 7 
56798, 7, 7 
24652, 7, 7 
13027, 7, 7 
31460, 7, 7 
49531, 7, 7 
17017, 7, 7 
38246, 7, 7 
48878, 7, 7 
18793, 7, 7 
51704, 7, 7 
1933, 7, 7 
9274, 7, 7 
23141, 7, 7 
47203, 7, 7 
37853, 7, 7 
12390, 7, 7 
8741, 7, 7 
49877, 7, 7 
48473, 7, 7 
21464, 7, 7 
56756, 7, 7 
17719, 7, 7 
3469, 7, 7 
46697, 7, 7 
56438, 7, 7 
12439, 7, 7 
54561, 7, 7 
35978, 7, 7 
54099, 7, 7 
50359, 7, 7 
29689, 7, 7 
46686, 7, 7 
56542, 7, 7 
47206, 7, 7 
16319, 7, 7 
26423, 7, 7 
36230, 7, 7 
37784, 7, 7 
21222, 7, 7 
38994, 7, 7 
41844, 7, 7 
11786, 7, 7 
28529, 7, 7 
15113, 7, 7 
45466, 7, 7 
20273, 7, 7 
38964, 7, 7 
5596, 7, 7 
11399, 7, 7 
1043, 7, 7 
44795, 7, 7 
26088, 7, 7 
30188, 7, 7 
23140, 7, 7 
45045, 7, 7 
36796, 7, 7 
4472, 7, 7 
54558, 7, 7 
21063, 7, 7 
46462, 7, 7 
46132, 7, 7 
56500, 7, 7 
9992, 7, 7 
34149, 7, 7 
57215, 7, 7 
41232, 7, 7 
50894, 7, 7 
7534, 7, 7 
38117, 7, 7 
12471, 7, 7 
25161, 7, 7 
40165, 7, 7 
42403, 7, 7 
43160, 7, 7 
43471, 7, 7 
36730, 7, 7 
19448, 7, 7 
34265, 7, 7 
31560, 7, 7 
13802, 7, 7 
37947, 7, 7 
51193, 7, 7 
52528, 7, 7 
39826, 7, 7 
42418, 7, 7 
35580, 7, 7 
42573, 7, 7 
28897, 7, 7 
31398, 7, 7 
12511, 7, 7 
25554, 7, 7 
50351, 7, 7 
36512, 7, 7 
47399, 7, 7 
377, 7, 7 
18556, 7, 7 
36134, 7, 7 
38550, 7, 7 
34278, 7, 7 
24830, 7, 7 
46605, 7, 7 
2348, 7, 7 
45844, 7, 7 
57723, 7, 7 
28399, 7, 7 
30374, 8, 8 
13549, 8, 8 
8951, 8, 8 
45896, 8, 8 
41124, 8, 8 
20725, 8, 8 
6417, 8, 8 
51785, 8, 8 
35339, 8, 8 
14304, 8, 8 
45653, 8, 8 
18945, 8, 8 
37952, 8, 8 
1943, 8, 8 
28348, 8, 8 
2810, 8, 8 
3251, 8, 8 
27386, 8, 8 
39149, 8, 8 
54495, 8, 8 
56194, 8, 8 
54394, 8, 8 
19725, 8, 8 
36828, 8, 8 
46753, 8, 8 
10901, 8, 8 
40381, 8, 8 
50626, 8, 8 
18378, 8, 8 
46758, 8, 8 
6275, 8, 8 
59565, 8, 8 
22532, 8, 8 
50711, 8, 8 
10733, 8, 8 
5661, 8, 8 
13016, 8, 8 
26244, 8, 8 
1773, 8, 8 
54387, 8, 8 
16263, 8, 8 
32468, 8, 8 
31380, 8, 8 
10628, 8, 8 
13605, 8, 8 
7539, 8, 8 
46789, 8, 8 
29995, 8, 8 
10426, 8, 8 
57212, 8, 8 
12534, 8, 8 
42442, 8, 8 
6437, 8, 8 
9537, 8, 8 
29782, 8, 8 
45249, 8, 8 
12400, 8, 8 
33270, 8, 8 
40571, 8, 8 
23092, 8, 8 
571, 8, 8 
42679, 8, 8 
55852, 8, 8 
46756, 8, 8 
24909, 8, 8 
56544, 8, 8 
48003, 8, 8 
54684, 8, 8 
51128, 8, 8 
32453, 8, 8 
24587, 8, 8 
12190, 8, 8 
25986, 8, 8 
58138, 8, 8 
5087, 8, 8 
26373, 8, 8 
24720, 8, 8 
16145, 8, 8 
27372, 8, 8 
45874, 8, 8 
55853, 8, 8 
23631, 8, 8 
26952, 8, 8 
43321, 8, 8 
5346, 8, 8 
58070, 8, 8 
17128, 8, 8 
18214, 8, 8 
36565, 8, 8 
45859, 8, 8 
38271, 8, 8 
36754, 8, 8 
19367, 8, 8 
28581, 8, 8 
57602, 8, 8 
15691, 8, 8 
37039, 8, 8 
35096, 8, 8 
56891, 8, 8 
51459, 8, 8 
26616, 8, 8 
439, 8, 8 
26996, 8, 8 
22123, 8, 8 
17527, 8, 8 
15739, 8, 8 
46018, 8, 8 
53686, 8, 8 
53672, 8, 8 
56180, 8, 8 
20107, 8, 8 
45122, 8, 8 
24889, 8, 8 
5597, 8, 8 
58508, 8, 8 
19783, 8, 8 
36387, 8, 8 
17804, 8, 8 
6697, 8, 8 
43647, 8, 8 
28989, 8, 8 
36096, 8, 8 
52901, 8, 8 
23964, 8, 8 
48552, 8, 8 
29132, 8, 8 
51715, 8, 8 
20919, 8, 8 
13004, 8, 8 
2013, 8, 8 
33636, 8, 8 
39070, 8, 8 
19540, 8, 8 
8008, 8, 8 
47892, 8, 8 
56170, 8, 8 
53508, 8, 8 
50008, 8, 8 
602, 8, 8 
54226, 8, 8 
33771, 8, 8 
50707, 8, 8 
46154, 8, 8 
27729, 8, 8 
50459, 8, 8 
15158, 8, 8 
16486, 8, 8 
25592, 8, 8 
35242, 8, 8 
348, 8, 8 
36529, 8, 8 
59568, 8, 8 
32102, 8, 8 
7231, 8, 8 
14872, 8, 8 
14396, 8, 8 
39322, 8, 8 
34382, 8, 8 
41873, 8, 8 
26496, 8, 8 
37363, 8, 8 
46223, 8, 8 
51330, 8, 8 
30019, 8, 8 
12513, 8, 8 
26028, 8, 8 
49661, 8, 8 
56866, 8, 8 
25275, 8, 8 
2285, 8, 8 
19079, 8, 8 
37032, 8, 8 
2958, 8, 8 
18338, 8, 8 
22118, 8, 8 
53513, 8, 8 
24558, 8, 8 
50871, 8, 8 
9088, 8, 8 
6006, 8, 8 
38386, 8, 8 
34020, 8, 8 
22755, 8, 8 
14020, 8, 8 
6390, 8, 8 
13899, 8, 8 
44203, 8, 8 
15458, 8, 8 
3119, 8, 8 
2002, 8, 8 
51948, 8, 8 
10021, 8, 8 
756, 8, 8 
46767, 8, 8 
42218, 8, 8 
27418, 8, 8 
37949, 8, 8 
27177, 8, 8 
5476, 8, 8 
14362, 8, 8 
33358, 9, 9 
23838, 9, 9 
18755, 9, 9 
12029, 9, 9 
51592, 9, 9 
57267, 9, 9 
55938, 9, 9 
4456, 9, 9 
40809, 9, 9 
267, 9, 9 
53045, 9, 9 
13028, 9, 9 
9950, 9, 9 
30735, 9, 9 
28674, 9, 9 
17152, 9, 9 
7742, 9, 9 
9346, 9, 9 
21631, 9, 9 
35002, 9, 9 
24413, 9, 9 
12535, 9, 9 
26278, 9, 9 
43259, 9, 9 
13289, 9, 9 
52230, 9, 9 
43863, 9, 9 
27615, 9, 9 
55007, 9, 9 
51165, 9, 9 
14442, 9, 9 
11208, 9, 9 
51248, 9, 4 
19030, 9, 9 
58088, 9, 9 
15837, 9, 9 
14254, 9, 9 
35789, 9, 9 
48964, 9, 9 
58792, 9, 9 
3704, 9, 9 
14680, 9, 9 
56401, 9, 9 
39425, 9, 7 
47813, 9, 9 
17296, 9, 9 
37654, 9, 9 
50851, 9, 9 
34753, 9, 9 
44641, 9, 9 
40371, 9, 9 
17958, 9, 9 
42802, 9, 9 
53442, 9, 9 
39795, 9, 9 
47257, 9, 9 
26885, 9, 9 
7070, 9, 9 
18296, 9, 9 
41219, 9, 9 
22521, 9, 9 
6121, 9, 9 
51552, 9, 9 
31700, 9, 9 
28149, 9, 9 
11474, 9, 9 
50102, 9, 9 
28330, 9, 9 
10576, 9, 9 
39973, 9, 9 
33682, 9, 9 
45244, 9, 9 
38519, 9, 9 
27277, 9, 9 
18738, 9, 9 
52355, 9, 9 
39895, 9, 9 
20457, 9, 9 
33212, 9, 9 
29286, 9, 9 
41178, 9, 9 
25865, 9, 9 
48713, 9, 9 
6518, 9, 9 
29536, 9, 9 
14816, 9, 9 
42129, 9, 9 
57259, 9, 9 
27037, 9, 9 
48603, 9, 9 
52883, 9, 9 
8721, 9, 9 
16731, 9, 9 
7702, 9, 9 
35755, 9, 9 
55702, 9, 9 
428, 9, 9 
46362, 9, 9 
2643, 9, 9 
21571, 9, 9 
9708, 9, 9 
22081, 9, 9 
47237, 9, 9 
32066, 9, 9 
24061, 9, 9 
55013, 9, 9 
55265, 9, 9 
40977, 9, 9 
7886, 9, 9 
19971, 9, 9 
46263, 9, 9 
59258, 9, 9 
26005, 9, 9 
34903, 9, 9 
10028, 9, 9 
38813, 9, 9 
43282, 9, 9 
54601, 9, 9 
55370, 9, 9 
16185, 9, 9 
51807, 9, 9 
621, 9, 9 
56486, 9, 9 
37247, 9, 9 
13936, 9, 9 
6634, 9, 9 
56238, 9, 9 
12840, 9, 9 
36464, 9, 9 
33762, 9, 9 
11633, 9, 9 
56408, 9, 9 
31876, 9, 9 
4627, 9, 9 
20159, 9, 9 
1555, 9, 9 
45654, 9, 9 
59371, 9, 9 
59835, 9, 9 
12280, 9, 9 
3588, 9, 9 
28984, 9, 9 
55224, 9, 9 
15146, 9, 9 
10944, 9, 9 
23061, 9, 9 
7676, 9, 9 
33976, 9, 9 
21172, 9, 9 
13996, 9, 9 
6787, 9, 9 
41155, 9, 9 
51239, 9, 9 
55295, 9, 9 
33483, 9, 9 
10382, 9, 9 
15302, 9, 9 
54548, 9, 9 
18680, 9, 9 
21510, 9, 9 
56431, 9, 9 
59594, 9, 9 
55884, 9, 9 
36945, 9, 9 
53044, 9, 9 
57452, 9, 9 
16170, 9, 9 
46870, 9, 9 
46161, 9, 9 
32443, 9, 9 
28215, 9, 9 
1962, 9, 9 
33855, 9, 9 
59899, 9, 9 
16992, 9, 9 
471, 9, 9 
33336, 9, 9 
18437, 9, 9 
7110, 9, 9 
37534, 9, 9 
9642, 9, 9 
53821, 9, 9 
16934, 9, 9 
41942, 9, 9 
33021, 9, 9 
16702, 9, 9 
36456, 9, 9 
44962, 9, 9 
30750, 9, 9 
48072, 9, 9 
38233, 9, 9 
24566, 9, 9 
26861, 9, 9 
31244, 9, 9 
16149, 9, 9 
33286, 9, 9 
40499, 9, 9 
43034, 9, 9 
7541, 9, 9 
11199, 9, 9 
