id, true label, predicted label 
8369, 0, 0 
27484, 0, 0 
40418, 0, 0 
9422, 0, 0 
5144, 0, 0 
17693, 0, 0 
59450, 0, 0 
54943, 0, 0 
36107, 0, 0 
58694, 0, 0 
10323, 0, 0 
8272, 0, 0 
49224, 0, 0 
58523, 0, 0 
9032, 0, 0 
15191, 0, 0 
28323, 0, 0 
3396, 0, 0 
24510, 0, 0 
37642, 0, 0 
3067, 0, 0 
5203, 0, 0 
16619, 0, 0 
662, 0, 0 
30300, 0, 0 
19171, 0, 0 
4344, 0, 0 
12259, 0, 0 
13005, 0, 0 
22832, 0, 0 
52428, 0, 0 
28835, 0, 0 
12741, 0, 0 
57629, 0, 0 
46560, 0, 0 
58609, 0, 0 
53788, 0, 0 
48677, 0, 0 
20161, 0, 0 
2084, 0, 0 
48715, 0, 0 
53734, 0, 0 
50876, 0, 0 
2245, 0, 0 
59847, 0, 0 
50197, 0, 0 
19902, 0, 0 
4027, 0, 0 
19581, 0, 0 
5275, 0, 0 
36564, 0, 0 
9101, 0, 0 
47422, 0, 0 
1532, 0, 0 
48963, 0, 0 
4496, 0, 0 
14356, 0, 0 
5244, 0, 0 
57682, 0, 0 
35943, 0, 0 
59541, 0, 0 
5514, 0, 0 
22245, 0, 0 
31043, 0, 0 
13206, 0, 0 
22938, 0, 0 
50344, 0, 0 
22265, 0, 0 
29515, 0, 0 
33464, 0, 0 
58617, 0, 0 
15910, 0, 0 
56941, 0, 0 
2736, 0, 0 
52105, 0, 0 
23627, 0, 0 
55177, 0, 0 
10564, 0, 0 
22744, 0, 0 
57356, 0, 0 
50643, 0, 0 
49459, 0, 0 
20747, 0, 0 
4145, 0, 0 
23753, 0, 0 
52028, 0, 0 
24024, 0, 0 
5052, 0, 0 
14518, 0, 0 
58247, 0, 0 
54832, 0, 0 
3328, 0, 0 
14393, 0, 0 
3391, 0, 0 
23882, 0, 0 
16905, 0, 0 
5330, 0, 0 
41999, 0, 0 
56259, 0, 0 
31683, 0, 0 
38874, 0, 0 
44445, 0, 0 
47867, 0, 0 
46439, 0, 0 
38579, 0, 0 
18836, 0, 0 
25497, 0, 0 
25304, 0, 0 
5886, 0, 0 
23616, 0, 0 
49713, 0, 0 
33983, 0, 0 
30828, 0, 0 
42980, 0, 0 
48574, 0, 0 
7466, 0, 0 
37787, 0, 0 
25932, 0, 0 
39890, 0, 0 
17726, 0, 0 
52629, 0, 0 
44268, 0, 0 
51265, 0, 0 
10542, 0, 0 
49310, 0, 0 
29578, 0, 0 
49244, 0, 0 
6245, 0, 0 
46571, 0, 0 
23589, 0, 0 
29414, 0, 0 
30370, 0, 0 
49561, 0, 0 
51290, 0, 0 
52613, 0, 0 
26836, 0, 0 
39376, 0, 0 
45722, 0, 0 
47139, 0, 0 
33947, 0, 0 
21279, 0, 0 
9047, 0, 0 
24388, 0, 0 
16606, 0, 0 
54474, 0, 0 
18658, 0, 0 
21721, 0, 0 
21260, 0, 0 
54997, 0, 0 
11694, 0, 0 
53360, 0, 0 
33739, 0, 0 
42270, 0, 0 
58457, 0, 0 
54922, 0, 0 
31288, 0, 0 
45152, 0, 0 
464, 0, 0 
59696, 0, 0 
26055, 0, 0 
2473, 0, 0 
57298, 0, 0 
14557, 0, 0 
14991, 0, 0 
16642, 0, 0 
49853, 0, 0 
43443, 0, 0 
34508, 0, 0 
29564, 0, 0 
29388, 0, 0 
19787, 0, 0 
28151, 0, 0 
27735, 0, 0 
36290, 0, 0 
22008, 0, 0 
2528, 0, 0 
46535, 0, 0 
16903, 0, 0 
50061, 0, 0 
39263, 0, 0 
7710, 0, 0 
20713, 0, 0 
13685, 0, 0 
37554, 0, 0 
50281, 0, 0 
47470, 0, 0 
18171, 0, 0 
39346, 0, 0 
58229, 0, 0 
32846, 0, 0 
5888, 0, 0 
51789, 0, 0 
49471, 0, 0 
59272, 0, 0 
11071, 0, 0 
27900, 0, 0 
19156, 0, 0 
48439, 0, 0 
17049, 0, 0 
50379, 0, 0 
56728, 1, 1 
56278, 1, 1 
18899, 1, 1 
42834, 1, 1 
45537, 1, 1 
2177, 1, 1 
42406, 1, 1 
19394, 1, 1 
4807, 1, 1 
5708, 1, 1 
58322, 1, 1 
49964, 1, 1 
52537, 1, 1 
7330, 1, 1 
16562, 1, 1 
16483, 1, 1 
25989, 1, 1 
52088, 1, 1 
23037, 1, 1 
43118, 1, 1 
29957, 1, 1 
50493, 1, 1 
34083, 1, 1 
27831, 1, 1 
33166, 1, 1 
4569, 1, 1 
22349, 1, 1 
23984, 1, 1 
22247, 1, 1 
59827, 1, 1 
43595, 1, 1 
33634, 1, 1 
9599, 1, 1 
54886, 1, 1 
48831, 1, 1 
26951, 1, 1 
47373, 1, 1 
16228, 1, 1 
29927, 1, 1 
5262, 1, 1 
53187, 1, 1 
56020, 1, 1 
14098, 1, 1 
38357, 1, 1 
36738, 1, 1 
45075, 1, 1 
50928, 1, 1 
15722, 1, 1 
18016, 1, 1 
17856, 1, 1 
56744, 1, 1 
19176, 1, 1 
40315, 1, 1 
22427, 1, 1 
12388, 1, 1 
10863, 1, 1 
11702, 1, 1 
40561, 1, 1 
28893, 1, 1 
1002, 1, 1 
58266, 1, 1 
9735, 1, 1 
18761, 1, 1 
12394, 1, 1 
17538, 1, 1 
12241, 1, 1 
11793, 1, 1 
15266, 1, 1 
42176, 1, 1 
25857, 1, 1 
33418, 1, 1 
26617, 1, 1 
53160, 1, 1 
9072, 1, 1 
42175, 1, 1 
33675, 1, 1 
21364, 1, 1 
28906, 1, 1 
40918, 1, 1 
10345, 1, 1 
35508, 1, 1 
14310, 1, 1 
17846, 1, 1 
8070, 1, 1 
7303, 1, 1 
41055, 1, 1 
40696, 1, 1 
57095, 1, 1 
49292, 1, 1 
57997, 1, 1 
56471, 1, 1 
31930, 1, 1 
27262, 1, 1 
31307, 1, 1 
54079, 1, 1 
48513, 1, 1 
17669, 1, 1 
18163, 1, 1 
50261, 1, 1 
33069, 1, 1 
6926, 1, 1 
16385, 1, 1 
53004, 1, 1 
34412, 1, 1 
15557, 1, 1 
27978, 1, 1 
31534, 1, 1 
5189, 1, 1 
9775, 1, 1 
43003, 1, 1 
34826, 1, 1 
15789, 1, 1 
25202, 1, 1 
57613, 1, 1 
52234, 1, 1 
32986, 1, 1 
6366, 1, 1 
31537, 1, 1 
28862, 1, 1 
16932, 1, 1 
17806, 1, 1 
3725, 1, 1 
11050, 1, 1 
29679, 1, 1 
24710, 1, 1 
11715, 1, 1 
32482, 1, 1 
37482, 1, 1 
10713, 1, 1 
77, 1, 1 
8543, 1, 1 
49210, 1, 1 
16211, 1, 1 
10268, 1, 1 
47875, 1, 1 
33648, 1, 1 
10947, 1, 1 
34402, 1, 1 
7402, 1, 1 
1095, 1, 1 
1936, 1, 1 
16907, 1, 1 
55594, 1, 1 
41888, 1, 1 
21765, 1, 1 
31017, 1, 1 
59289, 1, 1 
43570, 1, 1 
56333, 1, 1 
23703, 1, 1 
19651, 1, 1 
12671, 1, 1 
45499, 1, 1 
50842, 1, 1 
32295, 1, 1 
6575, 1, 1 
33231, 1, 1 
31019, 1, 1 
35396, 1, 1 
1080, 1, 1 
20018, 1, 1 
57948, 1, 1 
20659, 1, 1 
21054, 1, 1 
5635, 1, 1 
7696, 1, 1 
54388, 1, 1 
46954, 1, 1 
27558, 1, 1 
31366, 1, 1 
8704, 1, 1 
8984, 1, 1 
21068, 1, 1 
53930, 1, 1 
39367, 1, 1 
12356, 1, 1 
45302, 1, 1 
26667, 1, 1 
13967, 1, 1 
9525, 1, 1 
48184, 1, 1 
57272, 1, 1 
19411, 1, 1 
36626, 1, 1 
2776, 1, 1 
56955, 1, 1 
47041, 1, 1 
44633, 1, 1 
25853, 1, 1 
27665, 1, 1 
315, 1, 1 
36273, 1, 1 
23204, 1, 1 
4300, 1, 1 
12909, 1, 1 
43933, 1, 1 
38097, 1, 1 
30628, 1, 1 
6277, 1, 1 
14859, 1, 1 
22177, 2, 2 
12254, 2, 2 
10347, 2, 2 
52647, 2, 2 
35269, 2, 2 
19097, 2, 2 
40617, 2, 2 
44492, 2, 2 
57964, 2, 2 
3077, 2, 2 
51957, 2, 2 
46115, 2, 2 
16018, 2, 2 
23481, 2, 2 
45096, 2, 2 
14569, 2, 2 
20847, 2, 2 
2626, 2, 2 
25827, 2, 2 
7500, 2, 2 
46163, 2, 2 
18110, 2, 2 
12551, 2, 2 
38401, 2, 2 
26782, 2, 2 
42138, 2, 2 
47306, 2, 2 
22864, 2, 2 
59831, 2, 2 
18566, 2, 2 
55507, 2, 2 
18864, 2, 2 
14861, 2, 2 
54297, 2, 2 
33088, 2, 2 
20520, 2, 2 
3902, 2, 2 
1124, 2, 2 
5480, 2, 2 
22047, 2, 2 
3833, 2, 2 
45648, 2, 2 
15510, 2, 2 
22249, 2, 2 
12517, 2, 2 
58172, 2, 2 
55862, 2, 2 
178, 2, 2 
52784, 2, 2 
32170, 2, 2 
19926, 2, 2 
20493, 2, 2 
8573, 2, 2 
31635, 2, 2 
31634, 2, 2 
34136, 2, 2 
27869, 2, 2 
37568, 2, 2 
26357, 2, 2 
32792, 2, 2 
4005, 2, 2 
58267, 2, 2 
17489, 2, 2 
14836, 2, 2 
12093, 2, 2 
48231, 2, 2 
4777, 2, 2 
20441, 2, 2 
40788, 2, 2 
59061, 2, 2 
59807, 2, 2 
28282, 2, 2 
7790, 2, 2 
29085, 2, 2 
26093, 2, 2 
9912, 2, 2 
58317, 2, 2 
10673, 2, 2 
44229, 2, 2 
40366, 2, 2 
59045, 2, 2 
22284, 2, 2 
22701, 2, 2 
58103, 2, 2 
12954, 2, 2 
47499, 2, 2 
17851, 2, 2 
39216, 2, 2 
13434, 2, 2 
38339, 2, 2 
17263, 2, 2 
33686, 2, 2 
43994, 2, 2 
41216, 2, 2 
53571, 2, 2 
30794, 2, 2 
3333, 2, 2 
39343, 2, 2 
38094, 2, 2 
48178, 2, 2 
38381, 2, 2 
4714, 2, 2 
52370, 2, 2 
41427, 2, 2 
18526, 2, 2 
2354, 2, 2 
48946, 2, 2 
31905, 2, 2 
14551, 2, 2 
18361, 2, 2 
38148, 2, 2 
385, 2, 2 
22115, 2, 2 
29449, 2, 2 
23975, 2, 2 
42532, 2, 2 
8212, 2, 2 
2078, 2, 2 
29050, 2, 2 
39249, 2, 2 
25147, 2, 2 
38753, 2, 2 
13490, 2, 2 
5744, 2, 2 
36593, 2, 2 
54457, 2, 2 
20862, 2, 2 
8078, 2, 2 
56040, 2, 2 
17374, 2, 2 
59355, 2, 2 
47142, 2, 2 
30889, 2, 2 
8977, 2, 2 
47290, 2, 2 
5306, 2, 2 
26932, 2, 2 
19854, 2, 2 
4401, 2, 2 
43683, 2, 2 
19505, 2, 2 
20100, 2, 2 
55188, 2, 2 
27598, 2, 2 
20375, 2, 2 
15067, 2, 2 
7929, 2, 2 
45133, 2, 2 
2309, 2, 2 
26164, 2, 2 
58287, 2, 2 
6805, 2, 2 
21147, 2, 2 
43632, 2, 2 
907, 2, 2 
57307, 2, 2 
35076, 2, 2 
52400, 2, 2 
4518, 2, 2 
3134, 2, 2 
48211, 2, 2 
12621, 2, 2 
33342, 2, 2 
6860, 2, 2 
7223, 2, 2 
53709, 2, 2 
16198, 2, 2 
28126, 2, 2 
39930, 2, 2 
12474, 2, 2 
18003, 2, 2 
26821, 2, 2 
35571, 2, 2 
23894, 2, 2 
673, 2, 2 
57377, 2, 2 
6937, 2, 2 
49106, 2, 2 
13585, 2, 2 
25139, 2, 2 
27347, 2, 2 
58476, 2, 2 
7153, 2, 2 
37347, 2, 2 
16123, 2, 2 
11738, 2, 2 
46239, 2, 2 
28389, 2, 2 
44707, 2, 2 
7337, 2, 2 
53835, 2, 2 
29000, 2, 2 
13455, 2, 2 
16707, 2, 2 
21760, 2, 2 
52373, 2, 2 
36112, 2, 2 
30925, 2, 2 
59991, 2, 2 
54951, 2, 2 
17116, 3, 3 
31538, 3, 3 
13615, 3, 3 
44397, 3, 3 
10155, 3, 3 
23425, 3, 3 
52590, 3, 3 
32663, 3, 3 
49080, 3, 3 
12124, 3, 3 
10666, 3, 3 
36406, 3, 3 
13703, 3, 3 
15630, 3, 3 
25174, 3, 3 
53711, 3, 3 
57533, 3, 3 
40247, 3, 3 
26412, 3, 3 
47245, 3, 3 
14028, 3, 3 
30642, 3, 3 
35522, 3, 3 
8012, 3, 7 
19116, 3, 3 
12702, 3, 3 
52455, 3, 3 
19708, 3, 3 
39617, 3, 3 
44439, 3, 3 
22835, 3, 3 
52891, 3, 3 
34026, 3, 3 
11075, 3, 3 
26929, 3, 3 
12602, 3, 3 
42056, 3, 3 
24672, 3, 3 
50892, 3, 3 
19075, 3, 3 
17105, 3, 3 
36575, 3, 3 
55353, 3, 3 
17593, 3, 3 
32444, 3, 3 
10390, 3, 3 
38602, 3, 3 
31395, 3, 3 
56624, 3, 3 
35954, 3, 3 
52679, 3, 3 
29246, 3, 3 
30740, 3, 3 
35986, 3, 3 
9511, 3, 3 
14863, 3, 3 
18299, 3, 3 
54531, 3, 3 
30984, 3, 3 
33029, 3, 3 
26081, 3, 3 
10402, 3, 3 
3938, 3, 3 
24747, 3, 3 
54258, 3, 3 
17274, 3, 3 
12709, 3, 3 
44174, 3, 3 
42097, 3, 3 
37188, 3, 3 
39768, 3, 3 
35379, 3, 3 
4583, 3, 3 
21144, 3, 3 
27741, 3, 3 
39108, 3, 3 
12377, 3, 3 
35498, 3, 3 
46971, 3, 3 
6182, 3, 3 
9180, 3, 3 
51173, 3, 3 
36119, 3, 3 
10031, 3, 3 
26123, 3, 3 
1486, 3, 3 
27167, 3, 3 
38283, 3, 3 
15486, 3, 3 
28485, 3, 3 
51635, 3, 3 
32588, 3, 3 
45732, 3, 3 
57932, 3, 3 
3402, 3, 3 
24333, 3, 3 
43474, 3, 3 
4956, 3, 3 
59699, 3, 3 
14566, 3, 3 
30793, 3, 3 
59014, 3, 3 
45946, 3, 3 
6309, 3, 3 
57897, 3, 3 
54001, 3, 3 
46902, 3, 3 
17526, 3, 3 
18225, 3, 3 
37186, 3, 3 
50554, 3, 3 
17471, 3, 3 
24373, 3, 3 
33875, 3, 3 
6450, 3, 3 
19921, 3, 3 
39325, 3, 3 
56585, 3, 3 
12345, 3, 3 
45601, 3, 3 
20670, 3, 3 
24870, 3, 3 
40068, 3, 3 
45707, 3, 3 
58822, 3, 3 
59322, 3, 3 
25586, 3, 3 
41010, 3, 3 
55249, 3, 3 
51421, 3, 3 
51640, 3, 3 
48626, 3, 3 
48396, 3, 3 
31217, 3, 3 
14514, 3, 3 
55527, 3, 3 
59436, 3, 3 
500, 3, 2 
20259, 3, 3 
33969, 3, 3 
361, 3, 3 
55283, 3, 3 
18812, 3, 3 
5710, 3, 3 
34390, 3, 3 
45764, 3, 3 
36525, 3, 3 
25346, 3, 3 
15045, 3, 3 
7966, 3, 3 
49913, 3, 3 
49791, 3, 3 
32984, 3, 3 
45990, 3, 3 
9617, 3, 3 
49149, 3, 3 
37789, 3, 3 
2568, 3, 3 
26419, 3, 3 
11037, 3, 3 
57300, 3, 3 
4552, 3, 3 
46157, 3, 3 
14803, 3, 3 
44709, 3, 3 
37454, 3, 3 
2564, 3, 3 
49985, 3, 3 
42908, 3, 3 
16774, 3, 3 
44435, 3, 3 
23419, 3, 3 
33054, 3, 3 
40490, 3, 3 
33371, 3, 3 
42441, 3, 3 
41632, 3, 3 
16229, 3, 3 
27279, 3, 3 
50824, 3, 3 
56721, 3, 3 
58465, 3, 3 
27060, 3, 3 
44350, 3, 3 
17911, 3, 3 
7, 3, 3 
14166, 3, 3 
9620, 3, 3 
14115, 3, 3 
9879, 3, 3 
14030, 3, 3 
53084, 3, 3 
27803, 3, 3 
13445, 3, 3 
33161, 3, 3 
37042, 3, 3 
546, 3, 3 
46126, 3, 3 
46425, 3, 3 
59471, 3, 3 
16600, 4, 4 
25479, 4, 4 
41981, 4, 4 
31484, 4, 4 
5639, 4, 4 
46843, 4, 4 
57422, 4, 4 
6804, 4, 4 
29792, 4, 4 
38630, 4, 4 
12969, 4, 4 
32851, 4, 4 
7343, 4, 4 
24274, 4, 4 
8673, 4, 4 
39607, 4, 4 
38855, 4, 4 
35884, 4, 4 
30846, 4, 4 
27948, 4, 4 
36597, 4, 4 
58066, 4, 4 
1818, 4, 4 
24472, 4, 4 
37176, 4, 4 
56550, 4, 4 
32466, 4, 4 
10888, 4, 4 
48608, 4, 4 
37961, 4, 4 
31598, 4, 4 
30637, 4, 4 
23896, 4, 4 
682, 4, 4 
37171, 4, 4 
11126, 4, 4 
59259, 4, 4 
47121, 4, 4 
29207, 4, 4 
19700, 4, 4 
14426, 4, 4 
4959, 4, 4 
46716, 4, 4 
1604, 4, 9 
12247, 4, 4 
54668, 4, 4 
13564, 4, 4 
3694, 4, 4 
59727, 4, 4 
26293, 4, 4 
43275, 4, 4 
53449, 4, 4 
10313, 4, 4 
31965, 4, 4 
58211, 4, 4 
7863, 4, 4 
18961, 4, 4 
16389, 4, 4 
4055, 4, 4 
564, 4, 4 
44798, 4, 4 
6596, 4, 4 
22968, 4, 4 
46622, 4, 4 
29794, 4, 4 
10670, 4, 4 
27686, 4, 4 
39894, 4, 4 
59386, 4, 4 
53362, 4, 4 
15563, 4, 4 
58813, 4, 4 
20956, 4, 4 
5792, 4, 4 
28363, 4, 4 
21480, 4, 4 
28128, 4, 4 
22138, 4, 4 
14067, 4, 4 
7227, 4, 4 
58514, 4, 4 
35152, 4, 4 
32513, 4, 4 
59943, 4, 4 
36092, 4, 4 
41342, 4, 4 
53459, 4, 4 
28705, 4, 4 
48216, 4, 4 
34953, 4, 4 
5450, 4, 4 
47779, 4, 4 
56268, 4, 4 
21797, 4, 4 
28823, 4, 4 
13451, 4, 4 
44956, 4, 4 
38147, 4, 4 
54637, 4, 4 
3877, 4, 4 
40719, 4, 4 
46415, 4, 4 
1928, 4, 4 
50846, 4, 4 
59933, 4, 4 
20063, 4, 4 
15479, 4, 4 
11044, 4, 4 
25558, 4, 4 
33322, 4, 4 
4829, 4, 4 
55585, 4, 4 
541, 4, 4 
44761, 4, 4 
40946, 4, 4 
59401, 4, 4 
53850, 4, 4 
15822, 4, 4 
48728, 4, 4 
21490, 4, 4 
19827, 4, 4 
8278, 4, 4 
13223, 4, 4 
13683, 4, 4 
6312, 4, 4 
7036, 4, 4 
51549, 4, 4 
49850, 4, 4 
35227, 4, 4 
16929, 4, 4 
1979, 4, 4 
43740, 4, 4 
14194, 4, 4 
22295, 4, 4 
8495, 4, 4 
7502, 4, 4 
57538, 4, 4 
33994, 4, 4 
38524, 4, 4 
42779, 4, 4 
44942, 4, 4 
50471, 4, 4 
49982, 4, 4 
43009, 4, 4 
44983, 4, 4 
55087, 4, 4 
34571, 4, 4 
17744, 4, 4 
39690, 4, 4 
10594, 4, 4 
9431, 4, 4 
164, 4, 4 
6714, 4, 4 
569, 4, 4 
37603, 4, 4 
42357, 4, 4 
56080, 4, 4 
32917, 4, 4 
51449, 4, 4 
36190, 4, 4 
11369, 4, 4 
55285, 4, 4 
19044, 4, 4 
28610, 4, 4 
57002, 4, 4 
56827, 4, 4 
34683, 4, 4 
44027, 4, 4 
30725, 4, 4 
14785, 4, 4 
2686, 4, 4 
57123, 4, 4 
3056, 4, 4 
797, 4, 4 
14496, 4, 4 
38583, 4, 4 
40573, 4, 4 
1345, 4, 4 
24713, 4, 4 
24298, 4, 4 
33872, 4, 4 
10172, 4, 4 
41915, 4, 4 
26106, 4, 4 
25925, 4, 4 
5734, 4, 4 
56676, 4, 4 
48373, 4, 4 
22747, 4, 4 
6220, 4, 4 
52979, 4, 4 
56516, 4, 4 
24668, 4, 4 
38515, 4, 4 
41293, 4, 4 
8875, 4, 4 
481, 4, 4 
59931, 4, 4 
11148, 4, 4 
57687, 4, 4 
3285, 5, 5 
38414, 5, 5 
45166, 5, 5 
13165, 5, 5 
31158, 5, 5 
21963, 5, 5 
51692, 5, 5 
1276, 5, 5 
42705, 5, 5 
55908, 5, 5 
24173, 5, 5 
5363, 5, 5 
5240, 5, 5 
26112, 5, 5 
45134, 5, 5 
722, 5, 5 
27291, 5, 5 
46522, 5, 5 
37817, 5, 5 
2605, 5, 5 
50460, 5, 5 
19533, 5, 5 
4327, 5, 5 
58141, 5, 5 
49728, 5, 5 
30351, 5, 5 
13262, 5, 5 
54465, 5, 5 
14180, 5, 5 
57293, 5, 5 
2268, 5, 5 
28504, 5, 5 
45011, 5, 5 
36487, 5, 5 
15886, 5, 5 
29748, 5, 5 
55389, 5, 5 
45616, 5, 5 
35224, 5, 5 
18511, 5, 5 
46990, 5, 5 
57156, 5, 5 
56063, 5, 5 
46675, 5, 5 
28777, 5, 5 
34811, 5, 5 
22821, 5, 5 
55099, 5, 5 
31472, 5, 5 
18123, 5, 5 
55403, 5, 5 
24630, 5, 5 
31650, 5, 5 
21157, 5, 5 
53069, 5, 5 
50430, 5, 5 
2948, 5, 5 
21397, 5, 5 
25675, 5, 5 
32748, 5, 5 
4590, 5, 5 
59563, 5, 5 
2037, 5, 5 
3682, 5, 5 
11456, 5, 5 
26017, 5, 5 
28918, 5, 5 
30030, 5, 5 
4119, 5, 5 
49892, 5, 5 
55894, 5, 5 
145, 5, 5 
24323, 5, 5 
328, 5, 5 
51130, 5, 5 
46149, 5, 5 
4562, 5, 5 
41533, 5, 5 
34817, 5, 5 
34473, 5, 5 
12110, 5, 5 
22736, 5, 5 
44147, 5, 5 
44235, 5, 5 
54581, 5, 5 
11375, 5, 5 
30817, 5, 5 
50983, 5, 5 
55739, 5, 5 
33602, 5, 5 
4495, 5, 5 
26842, 5, 5 
25423, 5, 5 
39436, 5, 5 
1615, 5, 5 
22470, 5, 5 
47412, 5, 5 
4397, 5, 5 
3188, 5, 5 
42863, 5, 5 
15444, 5, 5 
12574, 5, 5 
30042, 5, 5 
3558, 5, 5 
42631, 5, 5 
41370, 5, 5 
29293, 5, 5 
9352, 5, 5 
54828, 5, 5 
43568, 5, 5 
10742, 5, 5 
58790, 5, 5 
24730, 5, 5 
20799, 5, 5 
40008, 5, 5 
42687, 5, 5 
55878, 5, 5 
6290, 5, 5 
59609, 5, 5 
8103, 5, 5 
23920, 5, 5 
27431, 5, 5 
7276, 5, 5 
48812, 5, 5 
37069, 5, 5 
45886, 5, 5 
24490, 5, 5 
21365, 5, 5 
51039, 5, 5 
43603, 5, 5 
23438, 5, 5 
7840, 5, 5 
24666, 5, 5 
24765, 5, 5 
19746, 5, 5 
26590, 5, 5 
50399, 5, 5 
59136, 5, 5 
26236, 5, 5 
31352, 5, 5 
43218, 5, 5 
37929, 5, 5 
27727, 5, 5 
4786, 5, 5 
42850, 5, 5 
40731, 5, 5 
36804, 5, 5 
21734, 5, 5 
2968, 5, 5 
2527, 5, 5 
30482, 5, 5 
41970, 5, 5 
3433, 5, 5 
35608, 5, 5 
33713, 5, 5 
4424, 5, 5 
7967, 5, 5 
51989, 5, 5 
47107, 5, 5 
10777, 5, 5 
24819, 5, 5 
28596, 5, 5 
22073, 5, 5 
38113, 5, 5 
51380, 5, 5 
5378, 5, 5 
35369, 5, 5 
15892, 5, 5 
28097, 5, 5 
27378, 5, 5 
1970, 5, 5 
23808, 5, 5 
44976, 5, 5 
48489, 5, 5 
14994, 5, 5 
46102, 5, 5 
23690, 5, 5 
15720, 5, 5 
52870, 5, 5 
51027, 5, 5 
41949, 5, 5 
39335, 5, 5 
14428, 5, 5 
17981, 5, 5 
30853, 5, 5 
7346, 5, 5 
32870, 5, 5 
20922, 5, 5 
49794, 5, 5 
9344, 5, 5 
51444, 5, 5 
36060, 5, 5 
51367, 5, 5 
22680, 5, 5 
38959, 5, 5 
35933, 5, 5 
47366, 5, 5 
27941, 5, 5 
25508, 5, 5 
1721, 5, 5 
30045, 6, 6 
6281, 6, 6 
15733, 6, 6 
52263, 6, 6 
6727, 6, 6 
16894, 6, 6 
39515, 6, 6 
47738, 6, 6 
46580, 6, 6 
21599, 6, 6 
16452, 6, 6 
9338, 6, 6 
49178, 6, 6 
6551, 6, 6 
5141, 6, 6 
24179, 6, 6 
44204, 6, 6 
2741, 6, 6 
44336, 6, 6 
20494, 6, 6 
4886, 6, 6 
28702, 6, 6 
36893, 6, 6 
10089, 6, 6 
36838, 6, 6 
45750, 6, 6 
59679, 6, 6 
2156, 6, 6 
13, 6, 6 
15727, 6, 6 
49049, 6, 6 
39188, 6, 6 
43251, 6, 6 
54255, 6, 6 
30518, 6, 6 
7289, 6, 6 
46177, 6, 6 
43359, 6, 6 
20663, 6, 6 
7577, 6, 6 
28967, 6, 6 
14232, 6, 6 
54646, 6, 6 
29891, 6, 6 
56385, 6, 6 
56144, 6, 6 
35753, 6, 6 
58554, 6, 6 
6635, 6, 6 
17426, 6, 6 
23922, 6, 6 
44355, 6, 6 
55154, 6, 6 
54403, 6, 6 
40609, 6, 6 
5561, 6, 6 
4402, 6, 6 
12939, 6, 6 
52620, 6, 6 
30563, 6, 6 
10671, 6, 6 
52502, 6, 6 
33058, 6, 6 
35284, 6, 6 
31294, 6, 6 
5451, 6, 6 
2504, 6, 6 
10591, 6, 6 
8001, 6, 6 
25358, 6, 6 
59073, 6, 6 
17524, 6, 6 
5682, 6, 6 
30916, 6, 6 
46421, 6, 6 
24237, 6, 6 
51607, 6, 6 
50934, 6, 6 
3757, 6, 6 
52297, 6, 6 
49139, 6, 6 
2573, 6, 6 
39934, 6, 6 
1918, 6, 6 
39226, 6, 6 
14051, 6, 6 
8481, 6, 6 
56811, 6, 6 
16560, 6, 6 
31797, 6, 6 
19062, 6, 6 
23628, 6, 6 
57463, 6, 6 
16736, 6, 6 
42978, 6, 6 
46903, 6, 6 
32140, 6, 6 
4673, 6, 6 
34456, 6, 6 
59567, 6, 6 
52908, 6, 6 
5671, 6, 6 
21585, 6, 6 
59509, 6, 6 
51089, 6, 6 
846, 6, 6 
21434, 6, 6 
25165, 6, 6 
11759, 6, 6 
49293, 6, 6 
16648, 6, 6 
30023, 6, 6 
31516, 6, 6 
10786, 6, 6 
47864, 6, 6 
18608, 6, 6 
23558, 6, 6 
19562, 6, 6 
55390, 6, 6 
23247, 6, 6 
44463, 6, 6 
15220, 6, 6 
8726, 6, 6 
25834, 6, 6 
28943, 6, 6 
26071, 6, 6 
7684, 6, 6 
45225, 6, 6 
32592, 6, 6 
5632, 6, 6 
57770, 6, 6 
36826, 6, 6 
47404, 6, 6 
28805, 6, 6 
36792, 6, 6 
31212, 6, 6 
1886, 6, 6 
4827, 6, 6 
41408, 6, 6 
10076, 6, 6 
27428, 6, 6 
17168, 6, 6 
23898, 6, 6 
44319, 6, 6 
44287, 6, 6 
51755, 6, 6 
19532, 6, 6 
38371, 6, 6 
39394, 6, 6 
13389, 6, 6 
54490, 6, 6 
2113, 6, 6 
54518, 6, 6 
18271, 6, 6 
45935, 6, 6 
27769, 6, 6 
31152, 6, 6 
46390, 6, 6 
16616, 6, 6 
23893, 6, 6 
2061, 6, 6 
48359, 6, 6 
41636, 6, 6 
2259, 6, 6 
8881, 6, 6 
49597, 6, 6 
1557, 6, 6 
11401, 6, 6 
37442, 6, 6 
39177, 6, 6 
19788, 6, 6 
36574, 6, 6 
52412, 6, 6 
16131, 6, 6 
6013, 6, 6 
55039, 6, 6 
42022, 6, 6 
323, 6, 6 
12606, 6, 6 
16002, 6, 6 
8947, 6, 6 
34336, 6, 6 
28507, 6, 6 
28382, 6, 6 
51354, 6, 6 
29272, 6, 6 
13828, 6, 6 
19681, 6, 6 
12902, 6, 6 
50108, 6, 6 
55615, 6, 6 
54032, 6, 6 
49900, 6, 6 
155, 6, 6 
14610, 6, 6 
45846, 6, 6 
56899, 6, 6 
28644, 6, 6 
38661, 6, 6 
37028, 6, 6 
43645, 7, 7 
21666, 7, 7 
1153, 7, 7 
12863, 7, 7 
21405, 7, 7 
13571, 7, 7 
17798, 7, 7 
24140, 7, 7 
39047, 7, 7 
44849, 7, 7 
49799, 7, 7 
57556, 7, 7 
1547, 7, 7 
17017, 7, 7 
16986, 7, 7 
26933, 7, 7 
45844, 7, 7 
41496, 7, 7 
32584, 7, 7 
53368, 7, 7 
48100, 7, 7 
25610, 7, 7 
42784, 7, 7 
4317, 7, 7 
8214, 7, 7 
1608, 7, 7 
3641, 7, 7 
38144, 7, 7 
35150, 7, 7 
29423, 7, 7 
5769, 7, 7 
45446, 7, 7 
6675, 7, 7 
3840, 7, 7 
15953, 7, 7 
47604, 7, 7 
8798, 7, 7 
9724, 7, 7 
16630, 7, 7 
13867, 7, 7 
33315, 7, 7 
27184, 7, 7 
44734, 7, 7 
38758, 7, 7 
57884, 7, 7 
38913, 7, 7 
29432, 7, 7 
39524, 7, 7 
18173, 7, 7 
20566, 7, 7 
39387, 7, 7 
24561, 7, 7 
41479, 7, 7 
4528, 7, 7 
50037, 7, 7 
23698, 7, 7 
11274, 7, 7 
22239, 7, 7 
2929, 7, 7 
40916, 7, 7 
41692, 7, 7 
46945, 7, 7 
52256, 7, 7 
48575, 7, 7 
1618, 7, 7 
57323, 7, 7 
42200, 7, 7 
55476, 7, 7 
26423, 7, 7 
42363, 7, 7 
20909, 7, 7 
6485, 7, 7 
9429, 7, 7 
37041, 7, 7 
21095, 7, 7 
41232, 7, 7 
57718, 7, 7 
14506, 7, 7 
36307, 7, 7 
21871, 7, 7 
370, 7, 7 
16672, 7, 7 
11898, 7, 7 
17649, 7, 7 
26967, 7, 7 
49187, 7, 7 
8516, 7, 7 
46171, 7, 7 
48889, 7, 7 
6914, 7, 7 
158, 7, 7 
51113, 7, 7 
27516, 7, 7 
7994, 7, 7 
44805, 7, 7 
32028, 7, 7 
18402, 7, 7 
42163, 7, 7 
12478, 7, 7 
31742, 7, 7 
41024, 7, 7 
50668, 7, 7 
28447, 7, 7 
47160, 7, 7 
26218, 7, 7 
47071, 7, 7 
1523, 7, 7 
16852, 7, 7 
38282, 7, 7 
54792, 7, 7 
55189, 7, 7 
4661, 7, 7 
56841, 7, 7 
16337, 7, 7 
3531, 7, 7 
19580, 7, 7 
7686, 7, 7 
13834, 7, 7 
14197, 7, 7 
42011, 7, 7 
21700, 7, 7 
59204, 7, 7 
40500, 7, 7 
16882, 7, 7 
2348, 7, 7 
11020, 7, 7 
52786, 7, 7 
23149, 7, 7 
35790, 7, 7 
4809, 7, 7 
21050, 7, 7 
25308, 7, 7 
26417, 7, 7 
39314, 7, 7 
28885, 7, 7 
1451, 7, 7 
18950, 7, 7 
24568, 7, 7 
31690, 7, 7 
15597, 7, 7 
12678, 7, 7 
8361, 7, 7 
54497, 7, 7 
505, 7, 7 
33037, 7, 7 
2650, 7, 7 
5986, 7, 7 
29238, 7, 7 
9494, 7, 7 
18204, 7, 7 
17683, 7, 7 
38650, 7, 7 
30188, 7, 7 
42997, 7, 7 
38794, 7, 7 
39276, 7, 7 
29920, 7, 7 
52750, 7, 7 
24675, 7, 7 
14718, 7, 7 
48271, 7, 7 
15327, 7, 7 
11831, 7, 7 
35032, 7, 7 
25897, 7, 7 
58453, 7, 7 
31899, 7, 7 
47800, 7, 7 
14871, 7, 7 
51829, 7, 7 
8849, 7, 7 
51203, 7, 7 
10253, 7, 7 
43089, 7, 7 
20004, 7, 7 
43774, 7, 7 
15113, 7, 7 
6525, 7, 7 
31003, 7, 7 
32252, 7, 7 
13756, 7, 7 
24599, 7, 7 
52879, 7, 7 
12835, 7, 7 
11829, 7, 7 
14898, 7, 7 
52217, 7, 7 
8913, 7, 7 
2865, 7, 7 
47439, 7, 7 
26705, 7, 7 
3718, 7, 7 
38857, 7, 7 
39535, 7, 7 
9669, 7, 7 
54663, 7, 7 
43898, 7, 7 
46832, 7, 7 
624, 7, 7 
26021, 7, 7 
40022, 8, 8 
1025, 8, 8 
22617, 8, 8 
51968, 8, 8 
31306, 8, 8 
1141, 8, 8 
12378, 8, 8 
10486, 8, 8 
18811, 8, 8 
41124, 8, 8 
23865, 8, 8 
53071, 8, 8 
13258, 8, 8 
34034, 8, 8 
7184, 8, 8 
52884, 8, 8 
45286, 8, 8 
18618, 8, 8 
45918, 8, 8 
7607, 8, 8 
55405, 8, 8 
10866, 8, 8 
33089, 8, 8 
3148, 8, 8 
57121, 8, 8 
26762, 8, 8 
7329, 8, 8 
34322, 8, 8 
25951, 8, 8 
47903, 8, 8 
40295, 8, 8 
39609, 8, 8 
20062, 8, 8 
55128, 8, 8 
26852, 8, 8 
26003, 8, 8 
7000, 8, 8 
11469, 8, 8 
29342, 8, 8 
15408, 8, 8 
32110, 8, 8 
7034, 8, 8 
627, 8, 8 
30785, 8, 8 
18994, 8, 8 
56430, 8, 8 
17361, 8, 8 
7453, 8, 8 
49439, 8, 8 
16517, 8, 8 
13554, 8, 8 
45971, 8, 8 
17121, 8, 8 
52722, 8, 8 
2444, 8, 8 
49618, 8, 8 
20873, 8, 8 
44654, 8, 8 
51207, 8, 8 
17999, 8, 8 
18012, 8, 8 
50015, 8, 8 
31292, 8, 8 
20387, 8, 8 
59581, 8, 8 
24110, 8, 8 
2972, 8, 8 
52954, 8, 8 
25583, 8, 8 
55192, 8, 8 
52980, 8, 8 
14385, 8, 8 
14665, 8, 8 
31656, 8, 8 
17289, 8, 8 
53203, 8, 8 
35307, 8, 8 
48684, 8, 8 
8327, 8, 8 
21925, 8, 8 
35017, 8, 8 
57481, 8, 8 
25568, 8, 8 
4967, 8, 8 
15115, 8, 8 
47723, 8, 8 
20204, 8, 8 
1344, 8, 8 
33278, 8, 8 
3225, 8, 8 
1120, 8, 8 
53672, 8, 8 
18835, 8, 8 
36179, 8, 8 
39142, 8, 8 
58273, 8, 8 
18335, 8, 8 
51665, 8, 8 
45988, 8, 8 
49715, 8, 8 
27579, 8, 8 
17056, 8, 8 
31091, 8, 8 
33570, 8, 8 
6242, 8, 8 
50238, 8, 8 
37685, 8, 8 
58643, 8, 8 
29634, 8, 8 
35559, 8, 8 
10572, 8, 8 
54990, 8, 8 
49377, 8, 8 
53099, 8, 8 
5183, 8, 8 
52050, 8, 8 
15406, 8, 8 
20986, 8, 8 
46504, 8, 8 
38866, 8, 8 
54626, 8, 8 
22438, 8, 9 
32935, 8, 8 
6503, 8, 8 
51510, 8, 8 
19603, 8, 8 
53648, 8, 8 
54093, 8, 8 
23805, 8, 8 
4684, 8, 8 
9900, 8, 8 
1783, 8, 8 
21913, 8, 8 
53872, 8, 8 
48206, 8, 8 
42331, 8, 8 
13639, 8, 8 
54645, 8, 8 
48555, 8, 8 
45117, 8, 9 
44974, 8, 8 
28871, 8, 8 
48875, 8, 8 
45156, 8, 8 
7151, 8, 8 
10126, 8, 8 
17937, 8, 8 
50172, 8, 8 
23063, 8, 8 
15911, 8, 8 
12974, 8, 8 
39948, 8, 8 
26804, 8, 8 
38119, 8, 8 
28712, 8, 8 
4052, 8, 8 
41679, 8, 8 
2070, 8, 8 
59485, 8, 8 
5119, 8, 8 
41505, 8, 8 
34763, 8, 8 
47463, 8, 8 
9112, 8, 8 
34594, 8, 8 
37431, 8, 8 
8536, 8, 8 
26971, 8, 8 
31182, 8, 8 
47152, 8, 5 
24889, 8, 8 
46794, 8, 8 
29259, 8, 8 
17499, 8, 8 
35042, 8, 8 
4383, 8, 8 
4036, 8, 8 
55234, 8, 8 
57212, 8, 8 
31630, 8, 8 
20405, 8, 8 
5043, 8, 8 
33579, 8, 8 
25556, 8, 8 
52283, 8, 8 
34820, 8, 8 
44041, 8, 8 
12616, 8, 8 
42540, 8, 8 
32404, 8, 8 
10490, 8, 8 
44929, 8, 8 
4448, 8, 8 
47309, 8, 8 
9749, 8, 8 
39238, 8, 8 
19889, 8, 8 
39915, 8, 8 
23817, 8, 8 
19605, 8, 8 
38183, 9, 9 
8409, 9, 9 
24566, 9, 9 
23748, 9, 9 
37611, 9, 9 
37046, 9, 9 
34419, 9, 9 
10292, 9, 9 
30205, 9, 9 
49030, 9, 9 
39942, 9, 9 
53882, 9, 9 
33862, 9, 9 
43385, 9, 9 
3302, 9, 9 
53386, 9, 9 
29201, 9, 9 
39718, 9, 9 
23224, 9, 9 
16799, 9, 9 
49740, 9, 9 
56896, 9, 9 
45415, 9, 9 
3284, 9, 9 
41058, 9, 9 
16480, 9, 9 
30850, 9, 9 
19616, 9, 9 
32491, 9, 9 
12096, 9, 9 
41084, 9, 9 
26462, 9, 9 
23170, 9, 9 
12127, 9, 9 
40102, 9, 9 
13949, 9, 9 
25761, 9, 9 
13668, 9, 9 
51281, 9, 9 
1459, 9, 9 
42376, 9, 9 
48775, 9, 9 
40167, 9, 9 
35693, 9, 9 
16673, 9, 9 
53845, 9, 9 
57421, 9, 9 
20571, 9, 9 
8558, 9, 9 
52843, 9, 9 
45575, 9, 9 
39319, 9, 9 
35524, 9, 9 
6769, 9, 9 
26566, 9, 9 
27611, 9, 9 
25371, 9, 9 
3998, 9, 4 
8837, 9, 9 
41855, 9, 9 
172, 9, 9 
13194, 9, 9 
46973, 9, 9 
48222, 9, 9 
26806, 9, 9 
15414, 9, 9 
11103, 9, 9 
49983, 9, 9 
53841, 9, 9 
37357, 9, 9 
24263, 9, 9 
17689, 9, 9 
23732, 9, 9 
11745, 9, 9 
38905, 9, 9 
9827, 9, 9 
59973, 9, 9 
1370, 9, 9 
22340, 9, 9 
20692, 9, 9 
33156, 9, 9 
3773, 9, 9 
41377, 9, 9 
641, 9, 9 
5746, 9, 9 
46373, 9, 9 
35593, 9, 9 
50285, 9, 9 
55938, 9, 9 
27626, 9, 9 
5532, 9, 9 
20997, 9, 9 
36102, 9, 9 
13573, 9, 9 
53349, 9, 9 
29400, 9, 9 
56774, 9, 9 
28530, 9, 9 
27370, 9, 9 
31744, 9, 9 
59455, 9, 9 
36832, 9, 9 
10761, 9, 9 
57880, 9, 9 
33155, 9, 9 
4568, 9, 9 
26042, 9, 9 
19781, 9, 9 
49833, 9, 9 
56443, 9, 9 
44778, 9, 9 
16020, 9, 9 
30629, 9, 9 
40656, 9, 9 
17723, 9, 9 
20689, 9, 9 
15553, 9, 9 
37641, 9, 9 
22540, 9, 9 
10094, 9, 9 
5402, 9, 9 
29552, 9, 9 
4127, 9, 9 
22485, 9, 9 
42728, 9, 9 
19113, 9, 9 
48882, 9, 9 
53976, 9, 9 
15912, 9, 9 
25472, 9, 9 
47933, 9, 9 
46148, 9, 9 
3927, 9, 9 
3519, 9, 9 
27780, 9, 9 
47332, 9, 9 
41905, 9, 9 
33610, 9, 9 
52356, 9, 9 
28538, 9, 9 
4916, 9, 9 
2221, 9, 9 
43611, 9, 9 
13768, 9, 9 
22795, 9, 9 
39418, 9, 9 
27605, 9, 9 
1177, 9, 9 
24991, 9, 9 
11367, 9, 9 
7545, 9, 9 
34764, 9, 9 
44043, 9, 9 
4606, 9, 9 
46179, 9, 9 
28928, 9, 9 
1643, 9, 9 
19971, 9, 9 
32816, 9, 9 
1005, 9, 9 
53778, 9, 9 
52311, 9, 9 
57728, 9, 9 
29821, 9, 9 
22501, 9, 9 
42385, 9, 9 
53735, 9, 9 
47894, 9, 9 
59109, 9, 9 
7853, 9, 9 
50358, 9, 9 
30446, 9, 9 
36172, 9, 9 
36777, 9, 9 
29565, 9, 9 
11762, 9, 9 
441, 9, 9 
23838, 9, 9 
29660, 9, 9 
8971, 9, 9 
17793, 9, 9 
24210, 9, 9 
35016, 9, 9 
9968, 9, 9 
32959, 9, 9 
47874, 9, 9 
7904, 9, 9 
52138, 9, 9 
48347, 9, 9 
55435, 9, 9 
11368, 9, 9 
43094, 9, 9 
40522, 9, 9 
34603, 9, 9 
38768, 9, 9 
29165, 9, 9 
25044, 9, 9 
38204, 9, 9 
42059, 9, 9 
8363, 9, 9 
